time,n_A+p,n_B,n_AB
0,0.449,0.551,0.000
500,0.358,0.488,0.154
1000,0.312,0.469,0.220
1500,0.331,0.428,0.241
2000,0.333,0.384,0.283
2500,0.323,0.411,0.267
3000,0.314,0.379,0.307
3500,0.306,0.368,0.326
4000,0.330,0.375,0.295
4500,0.365,0.342,0.293
5000,0.354,0.344,0.301
5500,0.374,0.326,0.300
6000,0.359,0.335,0.306
6500,0.318,0.339,0.343
7000,0.316,0.336,0.348
7500,0.313,0.358,0.330
8000,0.280,0.372,0.348
8500,0.270,0.390,0.340
9000,0.272,0.390,0.338
9500,0.293,0.373,0.334
10000,0.299,0.375,0.326
10500,0.308,0.349,0.342
11000,0.305,0.352,0.342
11500,0.302,0.351,0.346
12000,0.307,0.335,0.358
12500,0.302,0.319,0.379
13000,0.295,0.303,0.401
13500,0.294,0.316,0.390
14000,0.321,0.306,0.373
14500,0.296,0.338,0.366
15000,0.294,0.337,0.369
15500,0.285,0.355,0.360
16000,0.287,0.352,0.361
16500,0.294,0.331,0.375
17000,0.275,0.360,0.366
17500,0.273,0.355,0.372
18000,0.270,0.344,0.386
18500,0.278,0.323,0.399
19000,0.282,0.330,0.388
19500,0.280,0.315,0.406
20000,0.303,0.320,0.377
20500,0.304,0.308,0.387
21000,0.295,0.338,0.367
21500,0.317,0.324,0.360
22000,0.311,0.316,0.374
22500,0.304,0.314,0.382
23000,0.290,0.319,0.391
23500,0.279,0.308,0.413
24000,0.268,0.338,0.394
24500,0.271,0.340,0.389
25000,0.301,0.332,0.367
25500,0.279,0.346,0.375
26000,0.292,0.341,0.367
26500,0.304,0.336,0.360
27000,0.303,0.323,0.374
27500,0.300,0.314,0.386
28000,0.282,0.314,0.404
28500,0.277,0.308,0.415
29000,0.269,0.314,0.418
29500,0.281,0.283,0.436
30000,0.279,0.300,0.421
30500,0.268,0.322,0.411
31000,0.266,0.318,0.417
31500,0.280,0.330,0.390
32000,0.287,0.312,0.401
32500,0.287,0.305,0.408
33000,0.308,0.303,0.388
33500,0.353,0.282,0.365
34000,0.353,0.278,0.369
34500,0.365,0.254,0.381
35000,0.369,0.255,0.376
35500,0.363,0.251,0.386
36000,0.370,0.263,0.368
36500,0.345,0.272,0.383
37000,0.342,0.296,0.362
37500,0.345,0.292,0.363
38000,0.346,0.316,0.338
38500,0.315,0.319,0.367
39000,0.286,0.326,0.388
39500,0.284,0.325,0.391
40000,0.254,0.366,0.380
40500,0.257,0.365,0.378
41000,0.268,0.366,0.367
41500,0.257,0.381,0.362
42000,0.270,0.346,0.384
42500,0.258,0.345,0.396
43000,0.266,0.329,0.406
43500,0.291,0.313,0.396
44000,0.259,0.313,0.428
44500,0.263,0.337,0.400
45000,0.253,0.353,0.393
45500,0.271,0.320,0.410
46000,0.247,0.313,0.440
46500,0.264,0.326,0.411
47000,0.246,0.335,0.419
47500,0.261,0.335,0.403
48000,0.265,0.314,0.422
48500,0.277,0.306,0.417
49000,0.293,0.295,0.412
49500,0.297,0.316,0.387
50000,0.303,0.332,0.365
50500,0.277,0.344,0.379
51000,0.267,0.328,0.406
51500,0.276,0.316,0.409
52000,0.276,0.320,0.404
52500,0.229,0.316,0.456
53000,0.238,0.342,0.420
53500,0.226,0.341,0.433
54000,0.234,0.350,0.416
54500,0.249,0.330,0.421
55000,0.249,0.360,0.391
55500,0.242,0.361,0.397
56000,0.227,0.368,0.406
56500,0.236,0.365,0.399
57000,0.237,0.381,0.382
57500,0.223,0.367,0.411
58000,0.208,0.378,0.414
58500,0.220,0.365,0.416
59000,0.245,0.352,0.402
59500,0.258,0.342,0.399
60000,0.255,0.380,0.365
60500,0.239,0.368,0.393
61000,0.243,0.364,0.393
61500,0.242,0.374,0.384
62000,0.261,0.354,0.384
62500,0.253,0.342,0.404
63000,0.231,0.377,0.392
63500,0.221,0.366,0.414
64000,0.211,0.368,0.421
64500,0.208,0.375,0.417
65000,0.221,0.377,0.402
65500,0.228,0.363,0.410
66000,0.232,0.386,0.382
66500,0.218,0.375,0.408
67000,0.236,0.354,0.410
67500,0.223,0.370,0.408
68000,0.221,0.375,0.404
68500,0.217,0.365,0.419
69000,0.207,0.369,0.424
69500,0.223,0.371,0.407
70000,0.190,0.378,0.432
70500,0.169,0.407,0.425
71000,0.161,0.409,0.430
71500,0.168,0.453,0.380
72000,0.164,0.438,0.397
72500,0.179,0.410,0.412
73000,0.194,0.413,0.393
73500,0.204,0.421,0.375
74000,0.201,0.437,0.362
74500,0.196,0.442,0.362
75000,0.169,0.462,0.370
75500,0.186,0.436,0.378
76000,0.165,0.432,0.402
76500,0.185,0.439,0.376
77000,0.186,0.432,0.382
77500,0.177,0.448,0.375
78000,0.165,0.457,0.378
78500,0.172,0.459,0.370
79000,0.180,0.439,0.381
79500,0.183,0.433,0.384
80000,0.178,0.464,0.359
80500,0.174,0.422,0.404
81000,0.159,0.419,0.422
81500,0.162,0.419,0.419
82000,0.199,0.418,0.383
82500,0.220,0.397,0.383
83000,0.208,0.371,0.421
83500,0.195,0.390,0.415
84000,0.188,0.397,0.415
84500,0.180,0.429,0.391
85000,0.199,0.380,0.421
85500,0.217,0.363,0.421
86000,0.209,0.363,0.428
86500,0.235,0.358,0.408
87000,0.230,0.382,0.388
87500,0.213,0.404,0.382
88000,0.207,0.406,0.387
88500,0.194,0.384,0.422
89000,0.195,0.356,0.448
89500,0.193,0.372,0.435
90000,0.196,0.401,0.402
90500,0.190,0.393,0.417
91000,0.170,0.440,0.390
91500,0.166,0.447,0.386
92000,0.172,0.420,0.409
92500,0.157,0.429,0.414
93000,0.177,0.418,0.406
93500,0.190,0.409,0.401
94000,0.199,0.384,0.417
94500,0.197,0.415,0.388
95000,0.220,0.424,0.356
95500,0.213,0.421,0.366
96000,0.204,0.399,0.396
96500,0.198,0.412,0.390
97000,0.196,0.395,0.409
97500,0.218,0.374,0.409
98000,0.202,0.386,0.412
98500,0.199,0.361,0.440
99000,0.181,0.378,0.441
99500,0.180,0.379,0.441
100000,0.187,0.404,0.409
100500,0.186,0.399,0.415
101000,0.191,0.374,0.435
101500,0.199,0.364,0.437
102000,0.230,0.359,0.412
102500,0.216,0.372,0.413
103000,0.235,0.359,0.407
103500,0.234,0.344,0.422
104000,0.230,0.343,0.427
104500,0.264,0.290,0.446
105000,0.252,0.303,0.444
105500,0.275,0.287,0.438
106000,0.325,0.285,0.390
106500,0.320,0.284,0.396
107000,0.316,0.302,0.382
107500,0.286,0.313,0.401
108000,0.287,0.288,0.425
108500,0.301,0.281,0.418
109000,0.300,0.289,0.411
109500,0.298,0.301,0.400
110000,0.295,0.297,0.408
110500,0.297,0.269,0.434
111000,0.306,0.276,0.418
111500,0.278,0.288,0.434
112000,0.290,0.317,0.393
112500,0.303,0.302,0.394
113000,0.296,0.306,0.397
113500,0.293,0.305,0.401
114000,0.276,0.293,0.431
114500,0.264,0.292,0.444
115000,0.275,0.303,0.422
115500,0.268,0.324,0.409
116000,0.235,0.338,0.427
116500,0.219,0.360,0.422
117000,0.224,0.368,0.409
117500,0.216,0.349,0.435
118000,0.218,0.352,0.430
118500,0.213,0.378,0.409
119000,0.196,0.396,0.408
119500,0.217,0.381,0.402
120000,0.246,0.346,0.408
120500,0.278,0.330,0.392
121000,0.251,0.333,0.416
121500,0.285,0.314,0.401
122000,0.293,0.313,0.394
122500,0.322,0.278,0.400
123000,0.334,0.272,0.394
123500,0.306,0.284,0.410
124000,0.306,0.282,0.412
124500,0.291,0.313,0.396
125000,0.288,0.312,0.400
125500,0.253,0.340,0.407
126000,0.249,0.332,0.419
126500,0.227,0.350,0.423
127000,0.222,0.358,0.421
127500,0.221,0.349,0.430
128000,0.274,0.309,0.417
128500,0.259,0.308,0.432
129000,0.227,0.320,0.454
129500,0.244,0.320,0.436
130000,0.223,0.336,0.441
130500,0.239,0.303,0.458
131000,0.233,0.325,0.442
131500,0.223,0.336,0.441
132000,0.248,0.323,0.429
132500,0.270,0.306,0.424
133000,0.279,0.298,0.423
133500,0.268,0.325,0.408
134000,0.266,0.307,0.427
134500,0.252,0.335,0.413
135000,0.244,0.323,0.433
135500,0.250,0.321,0.429
136000,0.255,0.328,0.417
136500,0.259,0.312,0.429
137000,0.292,0.301,0.407
137500,0.258,0.338,0.403
138000,0.264,0.333,0.403
138500,0.251,0.317,0.432
139000,0.248,0.345,0.407
139500,0.248,0.324,0.428
140000,0.259,0.311,0.430
140500,0.245,0.320,0.435
141000,0.244,0.321,0.435
141500,0.240,0.336,0.424
142000,0.236,0.327,0.437
142500,0.258,0.320,0.422
143000,0.247,0.345,0.408
143500,0.234,0.344,0.422
144000,0.215,0.359,0.427
144500,0.204,0.354,0.441
145000,0.186,0.395,0.419
145500,0.198,0.409,0.393
146000,0.190,0.382,0.428
146500,0.225,0.366,0.410
147000,0.203,0.348,0.448
147500,0.241,0.344,0.415
148000,0.254,0.321,0.425
148500,0.269,0.309,0.422
149000,0.274,0.328,0.398
149500,0.305,0.284,0.411
150000,0.289,0.302,0.409
150500,0.296,0.282,0.422
151000,0.313,0.284,0.403
151500,0.315,0.280,0.406
152000,0.311,0.259,0.430
152500,0.293,0.275,0.432
153000,0.311,0.269,0.421
153500,0.291,0.283,0.426
154000,0.314,0.242,0.444
154500,0.333,0.233,0.434
155000,0.338,0.239,0.423
155500,0.339,0.248,0.413
156000,0.362,0.212,0.426
156500,0.352,0.232,0.416
157000,0.346,0.225,0.429
157500,0.317,0.232,0.451
158000,0.356,0.220,0.424
158500,0.379,0.239,0.382
159000,0.385,0.239,0.376
159500,0.363,0.258,0.379
160000,0.330,0.272,0.398
160500,0.308,0.273,0.419
161000,0.308,0.286,0.406
161500,0.301,0.281,0.418
162000,0.287,0.279,0.434
162500,0.287,0.289,0.424
163000,0.272,0.308,0.420
163500,0.275,0.302,0.423
164000,0.282,0.285,0.433
164500,0.278,0.299,0.423
165000,0.280,0.302,0.418
165500,0.282,0.296,0.422
166000,0.263,0.287,0.450
166500,0.290,0.277,0.433
167000,0.270,0.283,0.447
167500,0.254,0.301,0.444
168000,0.249,0.290,0.461
168500,0.248,0.292,0.460
169000,0.255,0.281,0.464
169500,0.271,0.267,0.463
170000,0.252,0.300,0.447
170500,0.270,0.305,0.425
171000,0.279,0.279,0.442
171500,0.278,0.273,0.449
172000,0.285,0.295,0.420
172500,0.288,0.272,0.440
173000,0.281,0.312,0.408
173500,0.283,0.283,0.434
174000,0.283,0.252,0.465
174500,0.275,0.267,0.459
175000,0.251,0.311,0.438
175500,0.229,0.302,0.469
176000,0.200,0.299,0.501
176500,0.231,0.292,0.477
177000,0.297,0.271,0.432
177500,0.296,0.247,0.457
178000,0.327,0.250,0.423
178500,0.317,0.234,0.449
179000,0.291,0.242,0.467
179500,0.281,0.264,0.456
180000,0.307,0.281,0.412
180500,0.297,0.280,0.423
181000,0.320,0.245,0.435
181500,0.330,0.243,0.427
182000,0.311,0.263,0.427
182500,0.302,0.288,0.410
183000,0.274,0.271,0.456
183500,0.264,0.294,0.442
184000,0.306,0.264,0.430
184500,0.316,0.255,0.429
185000,0.320,0.265,0.416
185500,0.300,0.247,0.453
186000,0.307,0.252,0.440
186500,0.328,0.271,0.401
187000,0.306,0.286,0.408
187500,0.326,0.259,0.415
188000,0.352,0.245,0.402
188500,0.330,0.245,0.425
189000,0.300,0.246,0.454
189500,0.302,0.259,0.438
190000,0.326,0.222,0.453
190500,0.313,0.253,0.434
191000,0.327,0.263,0.411
191500,0.330,0.245,0.425
192000,0.305,0.267,0.428
192500,0.299,0.251,0.449
193000,0.278,0.272,0.450
193500,0.271,0.257,0.472
194000,0.250,0.287,0.463
194500,0.245,0.281,0.474
195000,0.240,0.296,0.464
195500,0.226,0.320,0.455
196000,0.205,0.322,0.473
196500,0.183,0.360,0.458
197000,0.173,0.375,0.453
197500,0.168,0.377,0.456
198000,0.187,0.347,0.466
198500,0.224,0.346,0.430
199000,0.220,0.361,0.420
199500,0.198,0.377,0.425
200000,0.200,0.350,0.449
200500,0.201,0.345,0.454
201000,0.229,0.352,0.419
201500,0.221,0.369,0.411
202000,0.221,0.361,0.419
202500,0.229,0.358,0.414
203000,0.253,0.337,0.410
203500,0.269,0.311,0.421
204000,0.251,0.299,0.449
204500,0.253,0.305,0.441
205000,0.264,0.309,0.427
205500,0.274,0.296,0.430
206000,0.263,0.326,0.412
206500,0.289,0.317,0.394
207000,0.295,0.288,0.417
207500,0.283,0.295,0.422
208000,0.277,0.297,0.426
208500,0.272,0.292,0.436
209000,0.261,0.297,0.441
209500,0.281,0.291,0.428
210000,0.289,0.303,0.408
210500,0.271,0.319,0.411
211000,0.284,0.335,0.381
211500,0.274,0.326,0.400
212000,0.267,0.345,0.388
212500,0.251,0.331,0.418
213000,0.253,0.328,0.419
213500,0.288,0.311,0.401
214000,0.282,0.282,0.436
214500,0.290,0.275,0.435
215000,0.291,0.294,0.415
215500,0.248,0.287,0.465
216000,0.253,0.317,0.430
216500,0.253,0.311,0.436
217000,0.260,0.334,0.406
217500,0.259,0.295,0.445
218000,0.271,0.311,0.419
218500,0.264,0.288,0.448
219000,0.263,0.283,0.455
219500,0.263,0.254,0.483
220000,0.272,0.287,0.441
220500,0.276,0.280,0.444
221000,0.281,0.286,0.433
221500,0.283,0.279,0.438
222000,0.256,0.305,0.438
222500,0.284,0.304,0.412
223000,0.258,0.330,0.412
223500,0.253,0.318,0.429
224000,0.264,0.305,0.431
224500,0.229,0.326,0.445
225000,0.243,0.328,0.429
225500,0.263,0.349,0.388
226000,0.250,0.346,0.403
226500,0.225,0.353,0.422
227000,0.226,0.365,0.410
227500,0.229,0.356,0.415
228000,0.238,0.351,0.411
228500,0.234,0.327,0.439
229000,0.245,0.309,0.445
229500,0.286,0.301,0.413
230000,0.266,0.309,0.425
230500,0.292,0.293,0.415
231000,0.304,0.301,0.394
231500,0.283,0.305,0.412
232000,0.264,0.293,0.443
232500,0.254,0.284,0.462
233000,0.287,0.296,0.417
233500,0.286,0.290,0.424
234000,0.299,0.260,0.440
234500,0.308,0.263,0.429
235000,0.362,0.257,0.381
235500,0.355,0.244,0.400
236000,0.355,0.227,0.418
236500,0.394,0.213,0.392
237000,0.420,0.197,0.383
237500,0.448,0.197,0.354
238000,0.417,0.211,0.372
238500,0.412,0.209,0.379
239000,0.421,0.186,0.393
239500,0.387,0.213,0.399
240000,0.384,0.239,0.377
240500,0.354,0.258,0.387
241000,0.334,0.225,0.441
241500,0.353,0.221,0.426
242000,0.349,0.247,0.403
242500,0.385,0.233,0.382
243000,0.366,0.218,0.417
243500,0.355,0.231,0.414
244000,0.368,0.208,0.424
244500,0.366,0.205,0.429
245000,0.360,0.210,0.430
245500,0.365,0.198,0.437
246000,0.399,0.201,0.399
246500,0.413,0.197,0.390
247000,0.412,0.196,0.392
247500,0.434,0.183,0.383
248000,0.425,0.196,0.379
248500,0.406,0.197,0.397
249000,0.417,0.196,0.387
249500,0.351,0.215,0.434
250000,0.367,0.202,0.431
250500,0.354,0.210,0.435
251000,0.361,0.216,0.424
251500,0.364,0.212,0.424
252000,0.355,0.216,0.429
252500,0.361,0.228,0.412
253000,0.333,0.265,0.402
253500,0.296,0.279,0.425
254000,0.300,0.267,0.433
254500,0.275,0.260,0.465
255000,0.267,0.256,0.477
255500,0.295,0.254,0.450
256000,0.293,0.257,0.449
256500,0.308,0.259,0.432
257000,0.308,0.266,0.426
257500,0.284,0.278,0.438
258000,0.268,0.277,0.456
258500,0.320,0.282,0.398
259000,0.287,0.275,0.438
259500,0.285,0.289,0.426
260000,0.290,0.254,0.456
260500,0.337,0.250,0.413
261000,0.332,0.239,0.429
261500,0.338,0.226,0.436
262000,0.379,0.200,0.421
262500,0.374,0.206,0.420
263000,0.354,0.212,0.433
263500,0.348,0.224,0.428
264000,0.325,0.237,0.438
264500,0.299,0.267,0.434
265000,0.292,0.254,0.454
265500,0.277,0.263,0.461
266000,0.272,0.250,0.478
266500,0.304,0.260,0.435
267000,0.318,0.238,0.444
267500,0.335,0.215,0.450
268000,0.336,0.203,0.461
268500,0.325,0.213,0.462
269000,0.339,0.212,0.448
269500,0.351,0.198,0.450
270000,0.376,0.200,0.424
270500,0.352,0.226,0.422
271000,0.361,0.208,0.431
271500,0.314,0.226,0.461
272000,0.306,0.213,0.480
272500,0.291,0.248,0.461
273000,0.314,0.212,0.474
273500,0.335,0.192,0.473
274000,0.358,0.192,0.450
274500,0.334,0.192,0.474
275000,0.350,0.210,0.439
275500,0.340,0.195,0.465
276000,0.330,0.219,0.451
276500,0.313,0.228,0.460
277000,0.268,0.295,0.437
277500,0.258,0.311,0.431
278000,0.248,0.329,0.423
278500,0.239,0.324,0.437
279000,0.259,0.289,0.451
279500,0.271,0.270,0.460
280000,0.271,0.285,0.444
280500,0.286,0.253,0.461
281000,0.295,0.234,0.471
281500,0.303,0.227,0.470
282000,0.293,0.236,0.471
282500,0.268,0.271,0.462
283000,0.275,0.270,0.456
283500,0.256,0.258,0.485
284000,0.260,0.276,0.464
284500,0.261,0.303,0.435
285000,0.257,0.271,0.472
285500,0.283,0.267,0.450
286000,0.299,0.239,0.462
286500,0.287,0.252,0.461
287000,0.311,0.215,0.475
287500,0.330,0.217,0.454
288000,0.335,0.219,0.446
288500,0.322,0.219,0.460
289000,0.341,0.236,0.423
289500,0.344,0.233,0.423
290000,0.333,0.239,0.428
290500,0.312,0.218,0.471
291000,0.337,0.194,0.469
291500,0.333,0.192,0.475
292000,0.317,0.161,0.522
292500,0.349,0.182,0.469
293000,0.339,0.180,0.481
293500,0.370,0.206,0.424
294000,0.360,0.200,0.440
294500,0.390,0.189,0.421
295000,0.353,0.197,0.449
295500,0.352,0.193,0.455
296000,0.341,0.216,0.443
296500,0.314,0.205,0.481
297000,0.285,0.203,0.512
297500,0.275,0.211,0.514
298000,0.315,0.198,0.487
298500,0.330,0.222,0.448
299000,0.343,0.197,0.460
299500,0.355,0.196,0.448
300000,0.340,0.213,0.446
300500,0.338,0.205,0.457
301000,0.373,0.199,0.428
301500,0.344,0.205,0.450
302000,0.347,0.199,0.454
302500,0.368,0.188,0.444
303000,0.401,0.171,0.428
303500,0.394,0.172,0.434
304000,0.377,0.176,0.447
304500,0.381,0.172,0.447
305000,0.389,0.184,0.427
305500,0.360,0.200,0.440
306000,0.341,0.212,0.446
306500,0.305,0.269,0.426
307000,0.282,0.275,0.443
307500,0.332,0.243,0.425
308000,0.315,0.239,0.446
308500,0.356,0.217,0.427
309000,0.321,0.226,0.454
309500,0.305,0.241,0.454
310000,0.306,0.238,0.456
310500,0.300,0.236,0.464
311000,0.289,0.263,0.448
311500,0.257,0.297,0.445
312000,0.246,0.297,0.457
312500,0.217,0.329,0.455
313000,0.238,0.295,0.467
313500,0.224,0.304,0.472
314000,0.221,0.318,0.462
314500,0.228,0.342,0.430
315000,0.224,0.368,0.409
315500,0.220,0.335,0.445
316000,0.205,0.316,0.479
316500,0.213,0.312,0.475
317000,0.235,0.320,0.445
317500,0.213,0.311,0.476
318000,0.199,0.303,0.497
318500,0.235,0.277,0.488
319000,0.227,0.268,0.506
319500,0.239,0.266,0.495
320000,0.253,0.240,0.507
320500,0.275,0.233,0.492
321000,0.265,0.233,0.503
321500,0.264,0.254,0.482
322000,0.266,0.274,0.461
322500,0.283,0.250,0.467
323000,0.257,0.274,0.469
323500,0.259,0.283,0.458
324000,0.256,0.273,0.471
324500,0.238,0.295,0.467
325000,0.224,0.308,0.468
325500,0.209,0.330,0.461
326000,0.224,0.338,0.438
326500,0.227,0.322,0.451
327000,0.209,0.338,0.453
327500,0.252,0.305,0.442
328000,0.272,0.307,0.421
328500,0.242,0.315,0.443
329000,0.227,0.342,0.431
329500,0.239,0.351,0.410
330000,0.238,0.364,0.398
330500,0.199,0.399,0.401
331000,0.181,0.393,0.426
331500,0.204,0.373,0.423
332000,0.210,0.365,0.425
332500,0.229,0.339,0.432
333000,0.248,0.307,0.444
333500,0.264,0.282,0.455
334000,0.265,0.309,0.426
334500,0.261,0.308,0.430
335000,0.309,0.274,0.417
335500,0.270,0.282,0.448
336000,0.282,0.281,0.437
336500,0.250,0.274,0.476
337000,0.256,0.273,0.471
337500,0.293,0.258,0.448
338000,0.295,0.272,0.433
338500,0.282,0.268,0.450
339000,0.283,0.237,0.480
339500,0.299,0.225,0.476
340000,0.294,0.265,0.441
340500,0.264,0.272,0.465
341000,0.263,0.305,0.432
341500,0.260,0.309,0.430
342000,0.265,0.311,0.425
342500,0.249,0.346,0.404
343000,0.219,0.314,0.468
343500,0.228,0.312,0.461
344000,0.225,0.325,0.450
344500,0.247,0.307,0.445
345000,0.234,0.303,0.463
345500,0.261,0.292,0.446
346000,0.254,0.300,0.445
346500,0.255,0.292,0.453
347000,0.260,0.287,0.453
347500,0.266,0.305,0.429
348000,0.227,0.324,0.449
348500,0.224,0.327,0.449
349000,0.223,0.295,0.482
349500,0.233,0.303,0.464
350000,0.245,0.281,0.474
350500,0.265,0.285,0.450
351000,0.248,0.287,0.465
351500,0.241,0.292,0.467
352000,0.274,0.277,0.449
352500,0.286,0.265,0.449
353000,0.270,0.281,0.449
353500,0.254,0.321,0.425
354000,0.249,0.291,0.460
354500,0.252,0.264,0.484
355000,0.244,0.270,0.486
355500,0.266,0.265,0.470
356000,0.283,0.289,0.428
356500,0.255,0.306,0.438
357000,0.255,0.297,0.447
357500,0.261,0.279,0.460
358000,0.249,0.283,0.468
358500,0.242,0.287,0.471
359000,0.229,0.281,0.490
359500,0.263,0.270,0.468
360000,0.247,0.263,0.490
360500,0.274,0.271,0.456
361000,0.244,0.283,0.473
361500,0.241,0.291,0.468
362000,0.253,0.295,0.451
362500,0.258,0.283,0.459
363000,0.276,0.266,0.459
363500,0.286,0.271,0.443
364000,0.285,0.280,0.435
364500,0.288,0.287,0.425
365000,0.268,0.283,0.449
365500,0.259,0.274,0.467
366000,0.258,0.261,0.480
366500,0.247,0.260,0.492
367000,0.268,0.267,0.466
367500,0.256,0.259,0.484
368000,0.245,0.259,0.495
368500,0.316,0.237,0.447
369000,0.313,0.228,0.460
369500,0.319,0.235,0.446
370000,0.345,0.235,0.420
370500,0.363,0.234,0.403
371000,0.358,0.249,0.393
371500,0.350,0.244,0.406
372000,0.340,0.246,0.414
372500,0.319,0.227,0.455
373000,0.320,0.234,0.446
373500,0.302,0.240,0.458
374000,0.281,0.261,0.458
374500,0.280,0.269,0.451
375000,0.280,0.306,0.414
375500,0.270,0.328,0.402
376000,0.267,0.327,0.407
376500,0.246,0.346,0.408
377000,0.246,0.314,0.440
377500,0.250,0.311,0.439
378000,0.237,0.324,0.439
378500,0.240,0.303,0.457
379000,0.231,0.318,0.451
379500,0.217,0.343,0.440
380000,0.202,0.356,0.441
380500,0.228,0.328,0.444
381000,0.203,0.370,0.427
381500,0.201,0.377,0.422
382000,0.211,0.336,0.453
382500,0.211,0.322,0.467
383000,0.217,0.322,0.462
383500,0.199,0.340,0.461
384000,0.205,0.343,0.451
384500,0.181,0.382,0.437
385000,0.169,0.374,0.458
385500,0.179,0.378,0.443
386000,0.200,0.378,0.422
386500,0.222,0.333,0.445
387000,0.233,0.313,0.455
387500,0.230,0.353,0.417
388000,0.192,0.380,0.428
388500,0.178,0.383,0.439
389000,0.185,0.416,0.399
389500,0.184,0.415,0.401
390000,0.165,0.447,0.387
390500,0.182,0.429,0.389
391000,0.165,0.416,0.419
391500,0.177,0.417,0.407
392000,0.187,0.420,0.393
392500,0.178,0.395,0.427
393000,0.182,0.404,0.414
393500,0.183,0.400,0.417
394000,0.166,0.415,0.419
394500,0.170,0.381,0.449
395000,0.176,0.393,0.431
395500,0.166,0.403,0.430
396000,0.190,0.367,0.443
396500,0.178,0.395,0.427
397000,0.194,0.419,0.387
397500,0.176,0.412,0.413
398000,0.200,0.374,0.426
398500,0.193,0.377,0.430
399000,0.178,0.384,0.438
399500,0.176,0.392,0.432
400000,0.180,0.363,0.458
400500,0.194,0.379,0.427
401000,0.200,0.364,0.436
401500,0.179,0.381,0.440
402000,0.224,0.350,0.426
402500,0.220,0.366,0.415
403000,0.202,0.372,0.426
403500,0.220,0.338,0.442
404000,0.196,0.360,0.444
404500,0.204,0.360,0.436
405000,0.218,0.364,0.419
405500,0.224,0.328,0.448
406000,0.243,0.296,0.461
406500,0.255,0.274,0.471
407000,0.259,0.284,0.457
407500,0.274,0.272,0.455
408000,0.276,0.252,0.472
408500,0.259,0.278,0.463
409000,0.268,0.272,0.461
409500,0.247,0.271,0.482
410000,0.230,0.292,0.478
410500,0.243,0.309,0.447
411000,0.265,0.322,0.414
411500,0.255,0.317,0.428
412000,0.244,0.312,0.444
412500,0.227,0.338,0.435
413000,0.232,0.332,0.436
413500,0.234,0.321,0.445
414000,0.215,0.333,0.453
414500,0.231,0.340,0.429
415000,0.210,0.359,0.431
415500,0.191,0.362,0.447
416000,0.183,0.366,0.451
416500,0.206,0.348,0.445
417000,0.197,0.358,0.445
417500,0.186,0.380,0.434
418000,0.168,0.399,0.433
418500,0.162,0.389,0.448
419000,0.185,0.390,0.425
419500,0.202,0.383,0.415
420000,0.198,0.395,0.407
420500,0.212,0.363,0.425
421000,0.213,0.369,0.418
421500,0.213,0.360,0.427
422000,0.225,0.361,0.415
422500,0.207,0.367,0.426
423000,0.187,0.354,0.459
423500,0.200,0.344,0.456
424000,0.199,0.353,0.447
424500,0.220,0.345,0.435
425000,0.232,0.315,0.454
425500,0.242,0.318,0.440
426000,0.260,0.293,0.446
426500,0.267,0.287,0.446
427000,0.250,0.297,0.453
427500,0.255,0.302,0.442
428000,0.252,0.292,0.456
428500,0.266,0.309,0.425
429000,0.250,0.301,0.448
429500,0.242,0.318,0.440
430000,0.231,0.326,0.443
430500,0.223,0.314,0.464
431000,0.189,0.361,0.450
431500,0.191,0.330,0.479
432000,0.201,0.333,0.466
432500,0.207,0.337,0.456
433000,0.219,0.331,0.450
433500,0.235,0.316,0.449
434000,0.219,0.303,0.478
434500,0.220,0.305,0.475
435000,0.217,0.304,0.479
435500,0.225,0.312,0.464
436000,0.245,0.301,0.454
436500,0.268,0.272,0.461
437000,0.261,0.268,0.471
437500,0.230,0.266,0.505
438000,0.225,0.275,0.501
438500,0.265,0.246,0.489
439000,0.273,0.259,0.468
439500,0.279,0.258,0.463
440000,0.283,0.238,0.479
440500,0.299,0.244,0.457
441000,0.277,0.278,0.445
441500,0.281,0.264,0.456
442000,0.286,0.258,0.456
442500,0.299,0.257,0.443
443000,0.274,0.254,0.472
443500,0.279,0.232,0.489
444000,0.259,0.259,0.481
444500,0.248,0.289,0.463
445000,0.230,0.306,0.464
445500,0.231,0.289,0.480
446000,0.235,0.301,0.464
446500,0.259,0.265,0.476
447000,0.281,0.257,0.462
447500,0.270,0.291,0.439
448000,0.256,0.288,0.456
448500,0.249,0.286,0.465
449000,0.270,0.275,0.456
449500,0.257,0.286,0.457
450000,0.300,0.272,0.428
450500,0.301,0.232,0.467
451000,0.325,0.225,0.450
451500,0.325,0.236,0.439
452000,0.327,0.231,0.442
452500,0.307,0.227,0.466
453000,0.299,0.212,0.488
453500,0.300,0.219,0.481
454000,0.292,0.244,0.464
454500,0.296,0.243,0.461
455000,0.284,0.248,0.468
455500,0.269,0.254,0.477
456000,0.249,0.280,0.471
456500,0.239,0.318,0.443
457000,0.244,0.324,0.432
457500,0.217,0.346,0.437
458000,0.213,0.338,0.448
458500,0.227,0.331,0.442
459000,0.225,0.323,0.453
459500,0.215,0.316,0.470
460000,0.205,0.289,0.506
460500,0.233,0.280,0.487
461000,0.230,0.286,0.484
461500,0.240,0.280,0.480
462000,0.222,0.333,0.445
462500,0.227,0.319,0.455
463000,0.205,0.334,0.461
463500,0.195,0.356,0.448
464000,0.183,0.325,0.492
464500,0.191,0.320,0.489
465000,0.197,0.335,0.468
465500,0.222,0.332,0.446
466000,0.201,0.330,0.469
466500,0.228,0.309,0.463
467000,0.253,0.306,0.440
467500,0.250,0.305,0.444
468000,0.252,0.297,0.450
468500,0.225,0.327,0.448
469000,0.215,0.320,0.466
469500,0.223,0.280,0.497
470000,0.234,0.311,0.456
470500,0.236,0.317,0.447
471000,0.236,0.306,0.458
471500,0.256,0.296,0.447
472000,0.278,0.273,0.449
472500,0.281,0.275,0.444
473000,0.267,0.278,0.456
473500,0.239,0.319,0.442
474000,0.246,0.336,0.418
474500,0.224,0.349,0.427
475000,0.227,0.332,0.441
475500,0.240,0.328,0.432
476000,0.210,0.318,0.472
476500,0.222,0.326,0.453
477000,0.212,0.345,0.442
477500,0.202,0.353,0.444
478000,0.193,0.361,0.446
478500,0.207,0.347,0.445
479000,0.218,0.365,0.418
479500,0.226,0.353,0.421
480000,0.219,0.384,0.397
480500,0.229,0.349,0.422
481000,0.242,0.342,0.416
481500,0.252,0.326,0.422
482000,0.238,0.304,0.458
482500,0.234,0.317,0.449
483000,0.243,0.330,0.427
483500,0.247,0.315,0.438
484000,0.250,0.315,0.435
484500,0.239,0.318,0.443
485000,0.259,0.322,0.419
485500,0.246,0.325,0.429
486000,0.255,0.300,0.444
486500,0.288,0.284,0.428
487000,0.267,0.304,0.429
487500,0.254,0.282,0.464
488000,0.253,0.292,0.455
488500,0.256,0.279,0.465
489000,0.259,0.286,0.455
489500,0.251,0.302,0.446
490000,0.258,0.298,0.443
490500,0.242,0.274,0.484
491000,0.232,0.288,0.480
491500,0.243,0.325,0.432
492000,0.231,0.348,0.421
492500,0.208,0.334,0.458
493000,0.227,0.356,0.417
493500,0.252,0.345,0.402
494000,0.226,0.340,0.434
494500,0.231,0.351,0.418
495000,0.225,0.344,0.431
495500,0.244,0.334,0.422
496000,0.231,0.343,0.426
496500,0.225,0.326,0.449
497000,0.225,0.299,0.476
497500,0.247,0.282,0.471
498000,0.259,0.285,0.456
498500,0.295,0.273,0.432
499000,0.295,0.305,0.399
499500,0.273,0.286,0.441
500000,0.257,0.311,0.432
500500,0.245,0.300,0.455
501000,0.251,0.296,0.453
501500,0.251,0.277,0.472
502000,0.274,0.250,0.476
502500,0.286,0.269,0.445
503000,0.271,0.245,0.484
503500,0.276,0.238,0.486
504000,0.258,0.250,0.491
504500,0.284,0.240,0.476
505000,0.293,0.245,0.462
505500,0.306,0.249,0.444
506000,0.309,0.232,0.459
506500,0.297,0.224,0.479
507000,0.278,0.240,0.482
507500,0.274,0.237,0.489
508000,0.267,0.234,0.499
508500,0.240,0.255,0.505
509000,0.264,0.248,0.488
509500,0.285,0.230,0.485
510000,0.288,0.254,0.458
510500,0.281,0.255,0.464
511000,0.261,0.285,0.454
511500,0.256,0.278,0.466
512000,0.243,0.298,0.459
512500,0.269,0.296,0.435
513000,0.279,0.282,0.439
513500,0.287,0.267,0.446
514000,0.270,0.250,0.480
514500,0.279,0.229,0.492
515000,0.294,0.229,0.477
515500,0.297,0.240,0.463
516000,0.330,0.209,0.461
516500,0.350,0.188,0.462
517000,0.318,0.225,0.458
517500,0.332,0.219,0.449
518000,0.322,0.241,0.437
518500,0.296,0.257,0.446
519000,0.311,0.248,0.441
519500,0.317,0.242,0.441
520000,0.315,0.242,0.443
520500,0.301,0.278,0.421
521000,0.301,0.269,0.430
521500,0.272,0.261,0.467
522000,0.290,0.270,0.440
522500,0.303,0.243,0.454
523000,0.314,0.242,0.444
523500,0.303,0.254,0.442
524000,0.338,0.239,0.423
524500,0.359,0.219,0.423
525000,0.369,0.209,0.422
525500,0.334,0.227,0.439
526000,0.302,0.261,0.436
526500,0.306,0.274,0.420
527000,0.319,0.266,0.416
527500,0.315,0.270,0.416
528000,0.334,0.273,0.393
528500,0.331,0.265,0.404
529000,0.303,0.252,0.444
529500,0.247,0.315,0.438
530000,0.228,0.314,0.459
530500,0.247,0.328,0.425
531000,0.240,0.318,0.442
531500,0.254,0.324,0.422
532000,0.240,0.294,0.466
532500,0.261,0.274,0.465
533000,0.282,0.279,0.439
533500,0.283,0.274,0.443
534000,0.273,0.292,0.435
534500,0.280,0.300,0.420
535000,0.256,0.314,0.430
535500,0.240,0.311,0.449
536000,0.245,0.294,0.461
536500,0.247,0.304,0.448
537000,0.239,0.333,0.428
537500,0.225,0.348,0.427
538000,0.242,0.334,0.424
538500,0.241,0.344,0.415
539000,0.261,0.344,0.394
539500,0.252,0.306,0.441
540000,0.252,0.329,0.419
540500,0.270,0.311,0.420
541000,0.290,0.278,0.432
541500,0.322,0.248,0.430
542000,0.333,0.238,0.429
542500,0.314,0.236,0.450
543000,0.286,0.258,0.456
543500,0.281,0.245,0.474
544000,0.275,0.245,0.480
544500,0.287,0.243,0.470
545000,0.299,0.264,0.437
545500,0.281,0.259,0.460
546000,0.266,0.297,0.437
546500,0.256,0.307,0.436
547000,0.260,0.308,0.431
547500,0.269,0.300,0.431
548000,0.256,0.281,0.463
548500,0.277,0.274,0.449
549000,0.273,0.276,0.451
549500,0.301,0.267,0.432
550000,0.297,0.248,0.455
550500,0.326,0.242,0.432
551000,0.307,0.257,0.435
551500,0.289,0.283,0.428
552000,0.260,0.288,0.451
552500,0.275,0.298,0.427
553000,0.267,0.288,0.445
553500,0.289,0.271,0.440
554000,0.286,0.277,0.437
554500,0.283,0.266,0.451
555000,0.318,0.227,0.456
555500,0.335,0.234,0.431
556000,0.343,0.198,0.459
556500,0.328,0.216,0.457
557000,0.337,0.224,0.439
557500,0.354,0.217,0.429
558000,0.338,0.244,0.418
558500,0.328,0.233,0.439
559000,0.337,0.233,0.430
559500,0.307,0.274,0.419
560000,0.291,0.280,0.429
560500,0.271,0.263,0.467
561000,0.274,0.252,0.474
561500,0.275,0.255,0.470
562000,0.281,0.263,0.457
562500,0.274,0.268,0.459
563000,0.300,0.263,0.437
563500,0.296,0.264,0.440
564000,0.299,0.270,0.431
564500,0.296,0.240,0.464
565000,0.320,0.245,0.435
565500,0.326,0.229,0.445
566000,0.351,0.208,0.440
566500,0.338,0.212,0.449
567000,0.331,0.224,0.445
567500,0.349,0.215,0.436
568000,0.369,0.223,0.409
568500,0.383,0.217,0.400
569000,0.392,0.199,0.409
569500,0.401,0.198,0.400
570000,0.376,0.194,0.430
570500,0.406,0.184,0.411
571000,0.418,0.184,0.398
571500,0.401,0.187,0.412
572000,0.356,0.205,0.438
572500,0.337,0.234,0.429
573000,0.309,0.234,0.457
573500,0.290,0.258,0.451
574000,0.284,0.272,0.444
574500,0.301,0.245,0.454
575000,0.314,0.226,0.461
575500,0.286,0.227,0.487
576000,0.290,0.229,0.481
576500,0.302,0.240,0.458
577000,0.278,0.246,0.476
577500,0.273,0.283,0.444
578000,0.283,0.276,0.441
578500,0.298,0.268,0.434
579000,0.296,0.270,0.434
579500,0.315,0.254,0.431
580000,0.294,0.235,0.471
580500,0.298,0.232,0.470
581000,0.302,0.226,0.472
581500,0.280,0.250,0.470
582000,0.263,0.271,0.467
582500,0.251,0.280,0.469
583000,0.255,0.281,0.464
583500,0.246,0.271,0.483
584000,0.238,0.268,0.494
584500,0.288,0.242,0.470
585000,0.295,0.254,0.450
585500,0.297,0.256,0.446
586000,0.276,0.238,0.486
586500,0.298,0.233,0.469
587000,0.319,0.224,0.458
587500,0.341,0.232,0.427
588000,0.342,0.229,0.429
588500,0.321,0.250,0.429
589000,0.321,0.241,0.438
589500,0.309,0.241,0.449
590000,0.313,0.248,0.439
590500,0.316,0.242,0.442
591000,0.315,0.242,0.443
591500,0.293,0.245,0.462
592000,0.332,0.226,0.442
592500,0.341,0.221,0.438
593000,0.350,0.234,0.416
593500,0.348,0.217,0.435
594000,0.345,0.219,0.436
594500,0.368,0.229,0.403
595000,0.351,0.206,0.442
595500,0.340,0.205,0.455
596000,0.353,0.187,0.460
596500,0.323,0.215,0.463
597000,0.324,0.212,0.464
597500,0.334,0.213,0.453
598000,0.279,0.239,0.482
598500,0.298,0.246,0.456
599000,0.312,0.247,0.441
599500,0.319,0.242,0.439
600000,0.307,0.249,0.443
600500,0.281,0.280,0.439
601000,0.283,0.298,0.419
601500,0.275,0.292,0.433
602000,0.272,0.308,0.420
602500,0.259,0.279,0.462
603000,0.265,0.270,0.466
603500,0.284,0.255,0.461
604000,0.254,0.306,0.439
604500,0.249,0.297,0.454
605000,0.256,0.296,0.447
605500,0.291,0.283,0.426
606000,0.263,0.299,0.438
606500,0.269,0.290,0.441
607000,0.265,0.265,0.471
607500,0.253,0.278,0.469
608000,0.278,0.268,0.455
608500,0.286,0.234,0.480
609000,0.295,0.230,0.475
609500,0.290,0.232,0.478
610000,0.297,0.210,0.492
610500,0.273,0.235,0.492
611000,0.259,0.272,0.469
611500,0.246,0.266,0.488
612000,0.257,0.265,0.478
612500,0.242,0.292,0.466
613000,0.242,0.297,0.461
613500,0.243,0.295,0.462
614000,0.256,0.284,0.460
614500,0.271,0.278,0.451
615000,0.275,0.283,0.442
615500,0.257,0.268,0.475
616000,0.254,0.285,0.461
616500,0.230,0.269,0.502
617000,0.221,0.248,0.531
617500,0.229,0.277,0.494
618000,0.263,0.273,0.465
618500,0.251,0.277,0.472
619000,0.273,0.266,0.462
619500,0.281,0.266,0.454
620000,0.272,0.276,0.453
620500,0.279,0.246,0.475
621000,0.268,0.240,0.492
621500,0.280,0.247,0.473
622000,0.251,0.264,0.485
622500,0.279,0.271,0.450
623000,0.288,0.265,0.447
623500,0.298,0.230,0.472
624000,0.294,0.234,0.472
624500,0.309,0.231,0.460
625000,0.292,0.253,0.455
625500,0.278,0.274,0.448
626000,0.280,0.251,0.469
626500,0.283,0.260,0.457
627000,0.302,0.233,0.465
627500,0.296,0.252,0.451
628000,0.291,0.234,0.475
628500,0.300,0.239,0.461
629000,0.275,0.266,0.460
629500,0.261,0.274,0.465
630000,0.304,0.249,0.446
630500,0.282,0.256,0.462
631000,0.289,0.268,0.443
631500,0.266,0.292,0.442
632000,0.248,0.281,0.471
632500,0.248,0.292,0.460
633000,0.265,0.270,0.466
633500,0.252,0.293,0.455
634000,0.258,0.268,0.474
634500,0.254,0.255,0.490
635000,0.265,0.228,0.508
635500,0.260,0.253,0.486
636000,0.269,0.247,0.484
636500,0.258,0.255,0.486
637000,0.266,0.256,0.478
637500,0.301,0.240,0.459
638000,0.341,0.199,0.460
638500,0.361,0.220,0.420
639000,0.353,0.223,0.424
639500,0.344,0.219,0.437
640000,0.355,0.198,0.446
640500,0.342,0.187,0.471
641000,0.359,0.191,0.450
641500,0.370,0.163,0.467
642000,0.372,0.161,0.467
642500,0.377,0.168,0.456
643000,0.398,0.185,0.417
643500,0.358,0.191,0.451
644000,0.347,0.213,0.439
644500,0.362,0.183,0.456
645000,0.365,0.176,0.460
645500,0.354,0.215,0.431
646000,0.317,0.208,0.475
646500,0.319,0.216,0.466
647000,0.335,0.220,0.445
647500,0.353,0.193,0.454
648000,0.339,0.198,0.463
648500,0.372,0.188,0.440
649000,0.355,0.185,0.460
649500,0.356,0.205,0.438
650000,0.388,0.190,0.422
650500,0.344,0.216,0.440
651000,0.335,0.217,0.448
651500,0.348,0.184,0.468
652000,0.344,0.191,0.465
652500,0.348,0.194,0.458
653000,0.348,0.209,0.442
653500,0.360,0.191,0.449
654000,0.341,0.217,0.442
654500,0.349,0.200,0.450
655000,0.374,0.179,0.447
655500,0.385,0.170,0.445
656000,0.384,0.175,0.441
656500,0.414,0.141,0.445
657000,0.396,0.143,0.461
657500,0.395,0.146,0.459
658000,0.378,0.143,0.479
658500,0.368,0.154,0.478
659000,0.389,0.153,0.458
659500,0.361,0.191,0.448
660000,0.331,0.207,0.462
660500,0.344,0.197,0.459
661000,0.345,0.191,0.464
661500,0.333,0.194,0.473
662000,0.302,0.195,0.503
662500,0.332,0.215,0.454
663000,0.288,0.270,0.442
663500,0.282,0.276,0.442
664000,0.286,0.270,0.444
664500,0.259,0.251,0.489
665000,0.314,0.202,0.484
665500,0.354,0.179,0.467
666000,0.348,0.184,0.468
666500,0.364,0.182,0.455
667000,0.351,0.182,0.467
667500,0.379,0.175,0.446
668000,0.333,0.198,0.469
668500,0.359,0.185,0.457
669000,0.368,0.165,0.467
669500,0.381,0.157,0.462
670000,0.389,0.153,0.458
670500,0.365,0.191,0.444
671000,0.390,0.184,0.426
671500,0.382,0.200,0.418
672000,0.395,0.176,0.429
672500,0.406,0.172,0.423
673000,0.404,0.158,0.437
673500,0.374,0.173,0.454
674000,0.370,0.164,0.466
674500,0.390,0.159,0.450
675000,0.375,0.168,0.458
675500,0.362,0.175,0.464
676000,0.370,0.170,0.461
676500,0.354,0.171,0.475
677000,0.350,0.181,0.469
677500,0.346,0.185,0.469
678000,0.370,0.172,0.459
678500,0.369,0.208,0.423
679000,0.350,0.222,0.428
679500,0.362,0.196,0.442
680000,0.331,0.245,0.424
680500,0.312,0.261,0.427
681000,0.313,0.253,0.434
681500,0.302,0.252,0.445
682000,0.284,0.256,0.460
682500,0.268,0.255,0.477
683000,0.263,0.275,0.463
683500,0.276,0.269,0.456
684000,0.254,0.268,0.478
684500,0.302,0.240,0.458
685000,0.281,0.258,0.461
685500,0.261,0.247,0.491
686000,0.253,0.265,0.482
686500,0.314,0.222,0.465
687000,0.306,0.221,0.473
687500,0.324,0.207,0.469
688000,0.349,0.186,0.465
688500,0.382,0.174,0.444
689000,0.389,0.184,0.427
689500,0.385,0.180,0.435
690000,0.410,0.165,0.425
690500,0.408,0.162,0.430
691000,0.413,0.161,0.426
691500,0.424,0.133,0.443
692000,0.412,0.162,0.426
692500,0.402,0.169,0.429
693000,0.366,0.183,0.451
693500,0.407,0.155,0.438
694000,0.418,0.157,0.425
694500,0.431,0.151,0.418
695000,0.424,0.154,0.422
695500,0.398,0.165,0.436
696000,0.391,0.168,0.441
696500,0.413,0.162,0.425
697000,0.413,0.173,0.415
697500,0.390,0.173,0.437
698000,0.391,0.194,0.415
698500,0.417,0.175,0.409
699000,0.434,0.186,0.380
699500,0.412,0.172,0.417
700000,0.404,0.191,0.404
700500,0.376,0.212,0.412
701000,0.355,0.240,0.404
701500,0.350,0.261,0.388
702000,0.346,0.248,0.406
702500,0.354,0.239,0.407
703000,0.300,0.250,0.449
703500,0.277,0.250,0.473
704000,0.283,0.253,0.464
704500,0.298,0.256,0.445
705000,0.308,0.211,0.480
705500,0.308,0.220,0.472
706000,0.283,0.226,0.491
706500,0.266,0.267,0.468
707000,0.244,0.290,0.466
707500,0.268,0.320,0.413
708000,0.258,0.303,0.438
708500,0.236,0.283,0.481
709000,0.203,0.313,0.484
709500,0.228,0.311,0.462
710000,0.222,0.289,0.489
710500,0.226,0.281,0.493
711000,0.213,0.328,0.459
711500,0.221,0.321,0.459
712000,0.220,0.306,0.474
712500,0.247,0.305,0.447
713000,0.252,0.314,0.434
713500,0.225,0.322,0.454
714000,0.216,0.316,0.469
714500,0.212,0.337,0.450
715000,0.260,0.304,0.435
715500,0.254,0.289,0.457
716000,0.252,0.294,0.454
716500,0.263,0.271,0.467
717000,0.265,0.250,0.485
717500,0.278,0.257,0.465
718000,0.299,0.254,0.446
718500,0.261,0.303,0.435
719000,0.267,0.255,0.478
719500,0.281,0.257,0.462
720000,0.259,0.256,0.484
720500,0.326,0.245,0.429
721000,0.285,0.234,0.481
721500,0.299,0.243,0.458
722000,0.295,0.261,0.443
722500,0.295,0.229,0.476
723000,0.299,0.230,0.471
723500,0.270,0.269,0.462
724000,0.294,0.265,0.441
724500,0.279,0.250,0.471
725000,0.292,0.227,0.481
725500,0.231,0.302,0.467
726000,0.255,0.286,0.459
726500,0.242,0.307,0.450
727000,0.248,0.303,0.448
727500,0.222,0.306,0.472
728000,0.208,0.315,0.477
728500,0.221,0.298,0.481
729000,0.242,0.299,0.459
729500,0.270,0.311,0.420
730000,0.250,0.275,0.475
730500,0.248,0.292,0.460
731000,0.252,0.260,0.487
731500,0.265,0.255,0.480
732000,0.257,0.271,0.472
732500,0.245,0.292,0.463
733000,0.246,0.287,0.467
733500,0.283,0.267,0.450
734000,0.277,0.258,0.465
734500,0.247,0.250,0.503
735000,0.269,0.248,0.483
735500,0.282,0.273,0.445
736000,0.286,0.272,0.442
736500,0.306,0.266,0.428
737000,0.277,0.259,0.464
737500,0.252,0.279,0.469
738000,0.235,0.284,0.481
738500,0.216,0.297,0.487
739000,0.217,0.291,0.492
739500,0.224,0.318,0.459
740000,0.202,0.311,0.487
740500,0.223,0.326,0.451
741000,0.224,0.314,0.463
741500,0.199,0.323,0.478
742000,0.210,0.312,0.478
742500,0.210,0.294,0.495
743000,0.211,0.304,0.484
743500,0.219,0.321,0.461
744000,0.223,0.297,0.480
744500,0.203,0.331,0.466
745000,0.206,0.333,0.461
745500,0.246,0.305,0.448
746000,0.228,0.325,0.447
746500,0.216,0.322,0.463
747000,0.226,0.311,0.464
747500,0.219,0.285,0.496
748000,0.243,0.269,0.488
748500,0.291,0.261,0.447
749000,0.277,0.282,0.441
749500,0.285,0.269,0.446
750000,0.265,0.284,0.451
750500,0.255,0.286,0.459
751000,0.256,0.289,0.455
751500,0.236,0.303,0.461
752000,0.227,0.313,0.461
752500,0.234,0.295,0.471
753000,0.230,0.299,0.471
753500,0.212,0.285,0.503
754000,0.231,0.296,0.473
754500,0.199,0.335,0.466
755000,0.192,0.347,0.461
755500,0.187,0.347,0.466
756000,0.209,0.324,0.467
756500,0.194,0.320,0.486
757000,0.176,0.325,0.499
757500,0.215,0.324,0.462
758000,0.230,0.347,0.423
758500,0.223,0.365,0.413
759000,0.209,0.365,0.426
759500,0.200,0.363,0.437
760000,0.191,0.389,0.420
760500,0.183,0.404,0.413
761000,0.181,0.384,0.435
761500,0.193,0.379,0.428
762000,0.242,0.300,0.458
762500,0.235,0.269,0.496
763000,0.269,0.266,0.466
763500,0.274,0.267,0.460
764000,0.252,0.275,0.473
764500,0.288,0.250,0.462
765000,0.267,0.250,0.483
765500,0.316,0.242,0.442
766000,0.331,0.217,0.453
766500,0.340,0.218,0.442
767000,0.325,0.224,0.451
767500,0.330,0.206,0.464
768000,0.289,0.225,0.486
768500,0.279,0.260,0.461
769000,0.270,0.254,0.476
769500,0.257,0.289,0.454
770000,0.295,0.248,0.457
770500,0.261,0.228,0.511
771000,0.266,0.252,0.482
771500,0.258,0.256,0.485
772000,0.254,0.281,0.465
772500,0.235,0.308,0.457
773000,0.251,0.289,0.460
773500,0.256,0.276,0.468
774000,0.230,0.291,0.479
774500,0.240,0.287,0.473
775000,0.248,0.259,0.492
775500,0.254,0.267,0.479
776000,0.238,0.257,0.505
776500,0.248,0.273,0.479
777000,0.286,0.248,0.466
777500,0.289,0.254,0.457
778000,0.315,0.230,0.456
778500,0.320,0.252,0.428
779000,0.308,0.234,0.458
779500,0.329,0.226,0.445
780000,0.313,0.234,0.454
780500,0.302,0.251,0.446
781000,0.320,0.209,0.471
781500,0.280,0.263,0.458
782000,0.285,0.244,0.471
782500,0.297,0.241,0.462
783000,0.287,0.241,0.472
783500,0.286,0.224,0.490
784000,0.283,0.244,0.473
784500,0.292,0.206,0.502
785000,0.335,0.201,0.464
785500,0.371,0.199,0.430
786000,0.371,0.194,0.435
786500,0.400,0.165,0.434
787000,0.368,0.197,0.435
787500,0.361,0.195,0.444
788000,0.352,0.228,0.420
788500,0.349,0.223,0.428
789000,0.344,0.226,0.430
789500,0.331,0.207,0.462
790000,0.315,0.208,0.477
790500,0.323,0.203,0.474
791000,0.335,0.211,0.454
791500,0.322,0.196,0.482
792000,0.312,0.208,0.480
792500,0.321,0.216,0.464
793000,0.329,0.218,0.454
793500,0.322,0.193,0.485
794000,0.343,0.196,0.461
794500,0.325,0.202,0.473
795000,0.282,0.242,0.476
795500,0.292,0.242,0.466
796000,0.303,0.213,0.483
796500,0.292,0.219,0.489
797000,0.278,0.261,0.461
797500,0.269,0.248,0.483
798000,0.268,0.238,0.494
798500,0.239,0.274,0.487
799000,0.243,0.285,0.472
799500,0.235,0.270,0.495
800000,0.243,0.267,0.490
800500,0.236,0.277,0.487
801000,0.251,0.284,0.465
801500,0.241,0.280,0.479
802000,0.256,0.266,0.478
802500,0.284,0.247,0.469
803000,0.287,0.220,0.493
803500,0.277,0.264,0.460
804000,0.282,0.278,0.440
804500,0.276,0.267,0.458
805000,0.273,0.281,0.446
805500,0.260,0.283,0.457
806000,0.264,0.283,0.454
806500,0.231,0.316,0.454
807000,0.236,0.301,0.463
807500,0.249,0.302,0.448
808000,0.245,0.304,0.450
808500,0.244,0.297,0.459
809000,0.246,0.301,0.453
809500,0.245,0.317,0.438
810000,0.225,0.298,0.477
810500,0.232,0.317,0.451
811000,0.224,0.358,0.419
811500,0.218,0.332,0.450
812000,0.208,0.335,0.457
812500,0.215,0.340,0.445
813000,0.210,0.348,0.441
813500,0.242,0.298,0.460
814000,0.223,0.288,0.489
814500,0.191,0.303,0.506
815000,0.199,0.317,0.484
815500,0.195,0.339,0.466
816000,0.187,0.346,0.467
816500,0.196,0.325,0.479
817000,0.218,0.317,0.466
817500,0.231,0.325,0.444
818000,0.215,0.319,0.467
818500,0.225,0.298,0.477
819000,0.245,0.287,0.468
819500,0.288,0.278,0.434
820000,0.285,0.259,0.456
820500,0.290,0.257,0.453
821000,0.269,0.268,0.464
821500,0.266,0.253,0.481
822000,0.249,0.251,0.499
822500,0.245,0.270,0.485
823000,0.242,0.266,0.492
823500,0.237,0.264,0.499
824000,0.244,0.260,0.495
824500,0.263,0.256,0.481
825000,0.258,0.261,0.480
825500,0.261,0.258,0.480
826000,0.256,0.275,0.469
826500,0.259,0.278,0.463
827000,0.255,0.275,0.470
827500,0.239,0.286,0.475
828000,0.259,0.281,0.460
828500,0.283,0.236,0.481
829000,0.274,0.226,0.501
829500,0.290,0.235,0.475
830000,0.283,0.226,0.491
830500,0.288,0.222,0.490
831000,0.279,0.250,0.471
831500,0.263,0.263,0.475
832000,0.300,0.259,0.440
832500,0.255,0.248,0.496
833000,0.254,0.246,0.499
833500,0.302,0.248,0.449
834000,0.284,0.299,0.417
834500,0.280,0.264,0.457
835000,0.271,0.283,0.446
835500,0.257,0.291,0.451
836000,0.276,0.290,0.434
836500,0.278,0.308,0.414
837000,0.254,0.302,0.443
837500,0.287,0.267,0.446
838000,0.268,0.269,0.464
838500,0.295,0.250,0.455
839000,0.322,0.218,0.461
839500,0.330,0.233,0.437
840000,0.321,0.230,0.449
840500,0.342,0.208,0.449
841000,0.348,0.183,0.469
841500,0.340,0.187,0.473
842000,0.344,0.194,0.462
842500,0.345,0.186,0.469
843000,0.337,0.208,0.455
843500,0.325,0.205,0.470
844000,0.308,0.204,0.487
844500,0.289,0.247,0.464
845000,0.290,0.244,0.466
845500,0.299,0.245,0.456
846000,0.279,0.268,0.454
846500,0.295,0.260,0.444
847000,0.305,0.255,0.439
847500,0.311,0.241,0.448
848000,0.362,0.213,0.425
848500,0.340,0.223,0.437
849000,0.322,0.217,0.462
849500,0.348,0.213,0.438
850000,0.344,0.232,0.424
850500,0.344,0.228,0.428
851000,0.354,0.234,0.412
851500,0.368,0.217,0.416
852000,0.354,0.221,0.425
852500,0.332,0.209,0.459
853000,0.334,0.218,0.448
853500,0.311,0.211,0.478
854000,0.304,0.212,0.483
854500,0.291,0.228,0.481
855000,0.281,0.241,0.478
855500,0.304,0.227,0.469
856000,0.282,0.225,0.493
856500,0.312,0.213,0.475
857000,0.292,0.241,0.467
857500,0.298,0.254,0.447
858000,0.277,0.257,0.466
858500,0.278,0.265,0.458
859000,0.297,0.236,0.467
859500,0.277,0.246,0.477
860000,0.289,0.243,0.468
860500,0.290,0.249,0.461
861000,0.290,0.253,0.457
861500,0.294,0.223,0.483
862000,0.297,0.225,0.478
862500,0.332,0.191,0.477
863000,0.327,0.180,0.493
863500,0.331,0.236,0.433
864000,0.351,0.207,0.441
864500,0.354,0.202,0.443
865000,0.324,0.199,0.477
865500,0.342,0.190,0.468
866000,0.296,0.228,0.476
866500,0.279,0.246,0.475
867000,0.276,0.243,0.481
867500,0.277,0.273,0.450
868000,0.276,0.250,0.474
868500,0.312,0.211,0.477
869000,0.301,0.209,0.489
869500,0.289,0.244,0.467
870000,0.285,0.248,0.467
870500,0.302,0.242,0.456
871000,0.285,0.236,0.479
871500,0.279,0.243,0.478
872000,0.293,0.246,0.461
872500,0.291,0.238,0.471
873000,0.302,0.252,0.445
873500,0.292,0.263,0.445
874000,0.298,0.251,0.450
874500,0.294,0.250,0.456
875000,0.287,0.244,0.469
875500,0.287,0.252,0.461
876000,0.302,0.229,0.469
876500,0.320,0.224,0.457
877000,0.309,0.236,0.455
877500,0.289,0.246,0.465
878000,0.298,0.268,0.434
878500,0.276,0.251,0.473
879000,0.261,0.241,0.497
879500,0.285,0.246,0.469
880000,0.297,0.277,0.426
880500,0.304,0.259,0.436
881000,0.287,0.247,0.466
881500,0.265,0.271,0.465
882000,0.302,0.232,0.466
882500,0.317,0.228,0.456
883000,0.313,0.234,0.454
883500,0.292,0.269,0.439
884000,0.283,0.299,0.418
884500,0.296,0.277,0.427
885000,0.301,0.272,0.427
885500,0.280,0.269,0.451
886000,0.258,0.280,0.462
886500,0.271,0.268,0.462
887000,0.274,0.276,0.450
887500,0.280,0.268,0.453
888000,0.261,0.301,0.437
888500,0.303,0.284,0.413
889000,0.351,0.269,0.380
889500,0.370,0.241,0.389
890000,0.363,0.221,0.417
890500,0.332,0.225,0.443
891000,0.319,0.230,0.451
891500,0.326,0.204,0.470
892000,0.308,0.233,0.459
892500,0.290,0.217,0.493
893000,0.291,0.235,0.474
893500,0.296,0.204,0.499
894000,0.304,0.227,0.469
894500,0.287,0.222,0.491
895000,0.295,0.211,0.493
895500,0.288,0.235,0.477
896000,0.274,0.239,0.487
896500,0.266,0.257,0.477
897000,0.287,0.246,0.467
897500,0.277,0.248,0.475
898000,0.272,0.267,0.462
898500,0.252,0.271,0.477
899000,0.270,0.309,0.421
899500,0.245,0.304,0.450
900000,0.242,0.333,0.425
900500,0.237,0.335,0.428
901000,0.211,0.348,0.440
901500,0.224,0.294,0.482
902000,0.209,0.323,0.468
902500,0.215,0.344,0.441
903000,0.226,0.335,0.439
903500,0.233,0.340,0.427
904000,0.245,0.309,0.445
904500,0.250,0.298,0.451
905000,0.257,0.317,0.426
905500,0.259,0.323,0.418
906000,0.271,0.292,0.437
906500,0.269,0.291,0.440
907000,0.265,0.274,0.462
907500,0.250,0.283,0.467
908000,0.251,0.286,0.463
908500,0.275,0.288,0.437
909000,0.289,0.281,0.430
909500,0.298,0.267,0.435
910000,0.293,0.257,0.449
910500,0.314,0.254,0.432
911000,0.318,0.247,0.435
911500,0.287,0.279,0.434
912000,0.301,0.257,0.441
912500,0.312,0.261,0.427
913000,0.264,0.303,0.433
913500,0.237,0.339,0.424
914000,0.258,0.315,0.427
914500,0.265,0.301,0.434
915000,0.261,0.303,0.435
915500,0.245,0.300,0.455
916000,0.253,0.306,0.440
916500,0.245,0.302,0.453
917000,0.234,0.309,0.457
917500,0.219,0.342,0.439
918000,0.202,0.351,0.446
918500,0.211,0.366,0.423
919000,0.206,0.351,0.442
919500,0.207,0.343,0.449
920000,0.198,0.337,0.465
920500,0.219,0.340,0.441
921000,0.224,0.328,0.448
921500,0.217,0.339,0.444
922000,0.226,0.318,0.457
922500,0.198,0.367,0.435
923000,0.197,0.362,0.441
923500,0.192,0.349,0.459
924000,0.197,0.370,0.433
924500,0.208,0.359,0.433
925000,0.198,0.354,0.447
925500,0.226,0.319,0.456
926000,0.251,0.306,0.442
926500,0.252,0.295,0.453
927000,0.278,0.280,0.442
927500,0.271,0.258,0.471
928000,0.300,0.231,0.469
928500,0.298,0.272,0.430
929000,0.314,0.252,0.434
929500,0.342,0.241,0.417
930000,0.349,0.222,0.429
930500,0.335,0.236,0.429
931000,0.322,0.236,0.442
931500,0.293,0.251,0.456
932000,0.279,0.254,0.467
932500,0.300,0.238,0.462
933000,0.289,0.246,0.465
933500,0.291,0.237,0.472
934000,0.291,0.229,0.480
934500,0.305,0.220,0.475
935000,0.301,0.205,0.493
935500,0.283,0.226,0.491
936000,0.311,0.196,0.493
936500,0.301,0.222,0.477
937000,0.317,0.208,0.475
937500,0.313,0.208,0.479
938000,0.300,0.209,0.490
938500,0.341,0.196,0.463
939000,0.339,0.204,0.457
939500,0.343,0.203,0.454
940000,0.373,0.183,0.444
940500,0.417,0.177,0.407
941000,0.401,0.166,0.432
941500,0.384,0.173,0.443
942000,0.380,0.179,0.441
942500,0.388,0.163,0.448
943000,0.368,0.187,0.445
943500,0.364,0.207,0.429
944000,0.355,0.252,0.392
944500,0.341,0.252,0.407
945000,0.345,0.248,0.407
945500,0.346,0.231,0.423
946000,0.347,0.244,0.409
946500,0.344,0.251,0.404
947000,0.339,0.237,0.424
947500,0.303,0.228,0.469
948000,0.293,0.225,0.482
948500,0.306,0.228,0.466
949000,0.306,0.232,0.462
949500,0.296,0.264,0.440
950000,0.288,0.268,0.444
950500,0.293,0.227,0.480
951000,0.307,0.217,0.476
951500,0.312,0.218,0.471
952000,0.298,0.243,0.459
952500,0.277,0.264,0.460
953000,0.290,0.255,0.455
953500,0.291,0.255,0.454
954000,0.254,0.301,0.444
954500,0.249,0.307,0.443
955000,0.253,0.296,0.450
955500,0.270,0.284,0.446
956000,0.270,0.282,0.448
956500,0.248,0.305,0.446
957000,0.238,0.290,0.472
957500,0.254,0.289,0.457
958000,0.260,0.254,0.485
958500,0.287,0.268,0.445
959000,0.301,0.257,0.441
959500,0.276,0.265,0.460
960000,0.287,0.248,0.465
960500,0.307,0.231,0.462
961000,0.297,0.251,0.451
961500,0.340,0.213,0.446
962000,0.327,0.203,0.470
962500,0.392,0.183,0.425
963000,0.367,0.202,0.431
963500,0.344,0.193,0.463
964000,0.352,0.176,0.472
964500,0.356,0.186,0.458
965000,0.375,0.178,0.447
965500,0.342,0.193,0.465
966000,0.351,0.187,0.462
966500,0.326,0.203,0.471
967000,0.315,0.226,0.460
967500,0.328,0.194,0.478
968000,0.293,0.198,0.509
968500,0.305,0.201,0.493
969000,0.325,0.189,0.486
969500,0.313,0.203,0.484
970000,0.313,0.193,0.494
970500,0.311,0.204,0.485
971000,0.360,0.198,0.442
971500,0.327,0.187,0.486
972000,0.307,0.193,0.499
972500,0.309,0.187,0.504
973000,0.346,0.185,0.469
973500,0.327,0.170,0.504
974000,0.288,0.212,0.499
974500,0.322,0.230,0.448
975000,0.308,0.224,0.468
975500,0.314,0.253,0.433
976000,0.314,0.248,0.438
976500,0.301,0.256,0.442
977000,0.264,0.261,0.475
977500,0.269,0.242,0.489
978000,0.299,0.245,0.456
978500,0.281,0.238,0.481
979000,0.265,0.284,0.451
979500,0.268,0.251,0.481
980000,0.293,0.219,0.488
980500,0.296,0.209,0.494
981000,0.317,0.181,0.503
981500,0.298,0.202,0.499
982000,0.307,0.199,0.493
982500,0.341,0.181,0.478
983000,0.398,0.162,0.439
983500,0.368,0.165,0.467
984000,0.351,0.190,0.459
984500,0.299,0.224,0.477
985000,0.309,0.217,0.474
985500,0.282,0.260,0.458
986000,0.311,0.244,0.445
986500,0.287,0.248,0.465
987000,0.290,0.225,0.485
987500,0.308,0.219,0.473
988000,0.288,0.248,0.464
988500,0.316,0.227,0.458
989000,0.313,0.221,0.467
989500,0.326,0.215,0.460
990000,0.283,0.225,0.492
990500,0.308,0.228,0.464
991000,0.304,0.235,0.461
991500,0.281,0.228,0.491
992000,0.271,0.245,0.484
992500,0.251,0.272,0.477
993000,0.255,0.288,0.457
993500,0.254,0.295,0.450
994000,0.275,0.312,0.414
994500,0.281,0.282,0.437
995000,0.268,0.276,0.457
995500,0.257,0.264,0.479
996000,0.273,0.235,0.492
996500,0.275,0.249,0.476
997000,0.290,0.216,0.494
997500,0.283,0.226,0.491
998000,0.260,0.238,0.502
998500,0.264,0.239,0.497
999000,0.256,0.238,0.506
999500,0.306,0.212,0.481
1000000,0.301,0.222,0.477
