time,n_A+p,n_B,n_AB
100,0.403,0.508,0.089
200,0.388,0.495,0.116
300,0.377,0.494,0.129
400,0.370,0.479,0.151
500,0.356,0.474,0.170
600,0.351,0.461,0.188
700,0.342,0.463,0.195
800,0.338,0.444,0.218
900,0.334,0.441,0.225
1000,0.331,0.446,0.223
1100,0.325,0.449,0.226
1200,0.315,0.444,0.241
1300,0.317,0.450,0.233
1400,0.316,0.443,0.241
1500,0.325,0.445,0.230
1600,0.322,0.438,0.240
1700,0.318,0.446,0.236
1800,0.317,0.441,0.242
1900,0.320,0.429,0.251
2000,0.320,0.428,0.252
2100,0.319,0.426,0.255
2200,0.319,0.424,0.257
2300,0.309,0.425,0.266
2400,0.297,0.419,0.284
2500,0.304,0.401,0.294
2600,0.313,0.402,0.285
2700,0.308,0.404,0.287
2800,0.308,0.417,0.275
2900,0.315,0.402,0.283
3000,0.312,0.399,0.289
3100,0.309,0.398,0.292
3200,0.304,0.389,0.306
3300,0.309,0.389,0.301
3400,0.306,0.382,0.312
3500,0.296,0.378,0.326
3600,0.293,0.383,0.324
3700,0.289,0.391,0.320
3800,0.294,0.369,0.337
3900,0.293,0.375,0.332
4000,0.297,0.366,0.337
4100,0.293,0.368,0.339
4200,0.300,0.369,0.331
4300,0.300,0.358,0.342
4400,0.307,0.355,0.337
4500,0.319,0.376,0.305
4600,0.318,0.368,0.315
4700,0.318,0.365,0.318
4800,0.318,0.349,0.333
4900,0.305,0.355,0.339
5000,0.303,0.373,0.324
5100,0.293,0.364,0.343
5200,0.288,0.369,0.343
5300,0.288,0.378,0.334
5400,0.296,0.365,0.339
5500,0.297,0.367,0.336
5600,0.299,0.375,0.326
5700,0.282,0.372,0.346
5800,0.284,0.374,0.342
5900,0.294,0.381,0.325
6000,0.283,0.380,0.337
6100,0.285,0.372,0.343
6200,0.284,0.380,0.336
6300,0.289,0.376,0.335
6400,0.291,0.385,0.324
6500,0.296,0.375,0.329
6600,0.296,0.375,0.329
6700,0.302,0.370,0.328
6800,0.306,0.361,0.333
6900,0.301,0.366,0.333
7000,0.305,0.353,0.341
7100,0.313,0.350,0.337
7200,0.323,0.358,0.320
7300,0.312,0.344,0.344
7400,0.300,0.344,0.355
7500,0.300,0.340,0.360
7600,0.299,0.344,0.356
7700,0.303,0.340,0.356
7800,0.299,0.341,0.360
7900,0.300,0.338,0.362
8000,0.291,0.326,0.383
8100,0.293,0.331,0.376
8200,0.288,0.333,0.379
8300,0.285,0.340,0.375
8400,0.285,0.341,0.374
8500,0.280,0.345,0.375
8600,0.283,0.351,0.366
8700,0.291,0.348,0.361
8800,0.290,0.349,0.361
8900,0.287,0.350,0.363
9000,0.288,0.346,0.366
9100,0.295,0.358,0.347
9200,0.297,0.367,0.336
9300,0.299,0.360,0.341
9400,0.296,0.349,0.354
9500,0.303,0.353,0.343
9600,0.306,0.350,0.343
9700,0.294,0.349,0.356
9800,0.294,0.347,0.359
9900,0.297,0.338,0.365
10000,0.298,0.337,0.365
10100,0.298,0.334,0.368
10200,0.299,0.336,0.365
10300,0.298,0.316,0.386
10400,0.294,0.329,0.377
10500,0.291,0.332,0.377
10600,0.295,0.324,0.381
10700,0.288,0.326,0.386
10800,0.281,0.335,0.384
10900,0.286,0.347,0.367
11000,0.283,0.358,0.360
11100,0.276,0.363,0.362
11200,0.285,0.360,0.355
11300,0.286,0.348,0.366
11400,0.284,0.344,0.372
11500,0.279,0.350,0.371
11600,0.283,0.351,0.366
11700,0.279,0.342,0.379
11800,0.289,0.351,0.360
11900,0.287,0.339,0.374
12000,0.289,0.349,0.362
12100,0.280,0.353,0.367
12200,0.291,0.339,0.370
12300,0.294,0.332,0.374
12400,0.290,0.336,0.374
12500,0.287,0.326,0.387
12600,0.285,0.337,0.378
12700,0.285,0.337,0.378
12800,0.282,0.337,0.381
12900,0.290,0.337,0.373
13000,0.287,0.334,0.379
13100,0.288,0.332,0.380
13200,0.293,0.333,0.374
13300,0.290,0.334,0.376
13400,0.287,0.338,0.375
13500,0.288,0.335,0.377
13600,0.282,0.339,0.379
13700,0.285,0.338,0.377
13800,0.278,0.344,0.378
13900,0.268,0.348,0.384
14000,0.268,0.346,0.386
14100,0.271,0.342,0.387
14200,0.279,0.343,0.378
14300,0.265,0.352,0.383
14400,0.260,0.355,0.384
14500,0.250,0.348,0.401
14600,0.250,0.354,0.395
14700,0.244,0.347,0.409
14800,0.253,0.349,0.397
14900,0.255,0.346,0.398
15000,0.258,0.341,0.400
15100,0.249,0.329,0.422
15200,0.254,0.335,0.411
15300,0.271,0.337,0.392
15400,0.263,0.339,0.398
15500,0.268,0.335,0.397
15600,0.269,0.324,0.408
15700,0.273,0.313,0.415
15800,0.263,0.317,0.421
15900,0.256,0.319,0.425
16000,0.259,0.320,0.421
16100,0.257,0.316,0.427
16200,0.265,0.320,0.416
16300,0.261,0.326,0.413
16400,0.260,0.325,0.415
16500,0.261,0.334,0.404
16600,0.265,0.322,0.414
16700,0.258,0.318,0.424
16800,0.264,0.315,0.422
16900,0.254,0.313,0.433
17000,0.260,0.313,0.427
17100,0.244,0.319,0.437
17200,0.242,0.316,0.442
17300,0.240,0.315,0.445
17400,0.257,0.316,0.427
17500,0.264,0.316,0.421
17600,0.271,0.312,0.418
17700,0.261,0.299,0.439
17800,0.252,0.309,0.438
17900,0.259,0.311,0.430
18000,0.265,0.319,0.417
18100,0.272,0.314,0.415
18200,0.277,0.312,0.412
18300,0.294,0.299,0.407
18400,0.308,0.299,0.392
18500,0.321,0.280,0.399
18600,0.300,0.276,0.424
18700,0.290,0.281,0.429
18800,0.300,0.278,0.422
18900,0.290,0.290,0.420
19000,0.273,0.293,0.434
19100,0.271,0.288,0.441
19200,0.278,0.294,0.428
19300,0.289,0.299,0.412
19400,0.297,0.298,0.404
19500,0.296,0.290,0.414
19600,0.288,0.290,0.422
19700,0.278,0.287,0.435
19800,0.296,0.286,0.418
19900,0.288,0.280,0.432
20000,0.286,0.278,0.436
20100,0.277,0.285,0.438
20200,0.294,0.291,0.415
20300,0.290,0.290,0.420
20400,0.283,0.282,0.435
20500,0.299,0.276,0.425
20600,0.295,0.275,0.430
20700,0.293,0.272,0.435
20800,0.301,0.263,0.436
20900,0.298,0.267,0.435
21000,0.314,0.278,0.409
21100,0.302,0.276,0.422
21200,0.298,0.283,0.419
21300,0.292,0.290,0.418
21400,0.300,0.281,0.419
21500,0.305,0.286,0.409
21600,0.307,0.287,0.406
21700,0.294,0.293,0.413
21800,0.298,0.293,0.409
21900,0.296,0.299,0.404
22000,0.286,0.296,0.418
22100,0.276,0.302,0.422
22200,0.291,0.308,0.400
22300,0.294,0.311,0.395
22400,0.290,0.301,0.409
22500,0.286,0.304,0.410
22600,0.286,0.306,0.408
22700,0.278,0.309,0.413
22800,0.280,0.305,0.415
22900,0.286,0.302,0.412
23000,0.293,0.302,0.404
23100,0.295,0.301,0.403
23200,0.298,0.294,0.408
23300,0.297,0.282,0.421
23400,0.290,0.288,0.422
23500,0.279,0.289,0.432
23600,0.289,0.306,0.404
23700,0.289,0.306,0.404
23800,0.283,0.309,0.408
23900,0.282,0.296,0.422
24000,0.297,0.295,0.408
24100,0.299,0.289,0.412
24200,0.307,0.289,0.403
24300,0.305,0.287,0.408
24400,0.292,0.291,0.417
24500,0.291,0.293,0.416
24600,0.284,0.292,0.424
24700,0.291,0.300,0.409
24800,0.289,0.295,0.416
24900,0.293,0.290,0.417
25000,0.286,0.300,0.414
25100,0.290,0.301,0.409
25200,0.280,0.302,0.418
25300,0.271,0.311,0.419
25400,0.259,0.317,0.424
25500,0.254,0.323,0.423
25600,0.260,0.317,0.423
25700,0.259,0.315,0.426
25800,0.264,0.306,0.430
25900,0.252,0.300,0.447
26000,0.273,0.305,0.422
26100,0.272,0.307,0.421
26200,0.294,0.304,0.401
26300,0.289,0.313,0.398
26400,0.288,0.307,0.404
26500,0.291,0.298,0.411
26600,0.286,0.295,0.419
26700,0.288,0.297,0.415
26800,0.291,0.297,0.412
26900,0.287,0.301,0.412
27000,0.291,0.298,0.411
27100,0.309,0.292,0.398
27200,0.316,0.295,0.389
27300,0.326,0.280,0.394
27400,0.326,0.280,0.394
27500,0.324,0.272,0.404
27600,0.334,0.259,0.407
27700,0.333,0.255,0.412
27800,0.333,0.265,0.402
27900,0.336,0.260,0.403
28000,0.333,0.269,0.398
28100,0.331,0.268,0.401
28200,0.319,0.276,0.406
28300,0.322,0.279,0.399
28400,0.324,0.280,0.396
28500,0.344,0.276,0.380
28600,0.347,0.269,0.384
28700,0.353,0.259,0.387
28800,0.359,0.256,0.385
28900,0.356,0.252,0.391
29000,0.354,0.258,0.387
29100,0.353,0.257,0.389
29200,0.361,0.260,0.379
29300,0.360,0.259,0.381
29400,0.354,0.253,0.392
29500,0.351,0.247,0.401
29600,0.363,0.254,0.383
29700,0.361,0.256,0.383
29800,0.365,0.251,0.384
29900,0.367,0.245,0.388
30000,0.359,0.244,0.397
30100,0.354,0.239,0.407
30200,0.360,0.246,0.394
30300,0.353,0.251,0.395
30400,0.356,0.249,0.394
30500,0.349,0.253,0.397
30600,0.356,0.252,0.391
30700,0.355,0.249,0.395
30800,0.368,0.235,0.397
30900,0.374,0.243,0.383
31000,0.377,0.246,0.377
31100,0.372,0.261,0.367
31200,0.364,0.274,0.363
31300,0.367,0.264,0.370
31400,0.370,0.265,0.366
31500,0.365,0.263,0.373
31600,0.376,0.254,0.370
31700,0.370,0.255,0.375
31800,0.366,0.248,0.386
31900,0.358,0.255,0.387
32000,0.347,0.258,0.394
32100,0.349,0.268,0.383
32200,0.351,0.258,0.390
32300,0.358,0.251,0.391
32400,0.353,0.250,0.396
32500,0.347,0.254,0.398
32600,0.349,0.265,0.386
32700,0.347,0.273,0.380
32800,0.333,0.274,0.393
32900,0.327,0.282,0.391
33000,0.325,0.284,0.391
33100,0.317,0.289,0.394
33200,0.314,0.297,0.389
33300,0.305,0.303,0.391
33400,0.300,0.306,0.393
33500,0.298,0.309,0.392
33600,0.298,0.305,0.396
33700,0.300,0.315,0.385
33800,0.301,0.311,0.388
33900,0.301,0.311,0.388
34000,0.302,0.309,0.388
34100,0.304,0.313,0.383
34200,0.296,0.315,0.389
34300,0.294,0.315,0.391
34400,0.292,0.311,0.397
34500,0.295,0.299,0.406
34600,0.293,0.306,0.400
34700,0.300,0.298,0.401
34800,0.304,0.303,0.392
34900,0.301,0.308,0.390
35000,0.299,0.318,0.383
35100,0.285,0.304,0.411
35200,0.282,0.324,0.394
35300,0.283,0.323,0.394
35400,0.281,0.327,0.392
35500,0.282,0.328,0.390
35600,0.282,0.328,0.390
35700,0.284,0.323,0.393
35800,0.292,0.319,0.389
35900,0.284,0.323,0.393
36000,0.284,0.315,0.401
36100,0.276,0.320,0.404
36200,0.272,0.323,0.406
36300,0.285,0.314,0.401
36400,0.280,0.306,0.414
36500,0.278,0.312,0.411
36600,0.271,0.307,0.422
36700,0.274,0.311,0.416
36800,0.277,0.291,0.432
36900,0.278,0.299,0.423
37000,0.278,0.297,0.425
37100,0.276,0.307,0.417
37200,0.275,0.302,0.423
37300,0.277,0.298,0.425
37400,0.281,0.307,0.412
37500,0.279,0.307,0.414
37600,0.277,0.314,0.410
37700,0.289,0.317,0.394
37800,0.295,0.308,0.396
37900,0.290,0.314,0.396
38000,0.293,0.315,0.392
38100,0.287,0.322,0.391
38200,0.276,0.309,0.415
38300,0.285,0.311,0.404
38400,0.280,0.305,0.415
38500,0.288,0.305,0.407
38600,0.284,0.306,0.410
38700,0.285,0.307,0.408
38800,0.281,0.320,0.399
38900,0.280,0.325,0.395
39000,0.282,0.325,0.393
39100,0.272,0.329,0.399
39200,0.263,0.340,0.397
39300,0.258,0.347,0.394
39400,0.255,0.354,0.390
39500,0.251,0.340,0.409
39600,0.257,0.331,0.412
39700,0.261,0.331,0.408
39800,0.260,0.328,0.412
39900,0.254,0.326,0.420
40000,0.266,0.333,0.401
40100,0.270,0.307,0.423
40200,0.270,0.302,0.428
40300,0.276,0.290,0.434
40400,0.279,0.295,0.426
40500,0.283,0.300,0.417
40600,0.289,0.299,0.412
40700,0.287,0.294,0.419
40800,0.283,0.291,0.426
40900,0.287,0.293,0.420
41000,0.292,0.289,0.419
41100,0.287,0.283,0.430
41200,0.288,0.288,0.424
41300,0.291,0.277,0.432
41400,0.284,0.281,0.435
41500,0.290,0.289,0.421
41600,0.277,0.286,0.437
41700,0.288,0.292,0.420
41800,0.286,0.294,0.420
41900,0.285,0.293,0.422
42000,0.291,0.296,0.413
42100,0.303,0.301,0.395
42200,0.299,0.299,0.401
42300,0.299,0.301,0.399
42400,0.298,0.300,0.401
42500,0.299,0.294,0.407
42600,0.291,0.297,0.412
42700,0.287,0.297,0.416
42800,0.275,0.302,0.423
42900,0.288,0.294,0.418
43000,0.277,0.279,0.444
43100,0.289,0.295,0.416
43200,0.286,0.293,0.421
43300,0.286,0.301,0.413
43400,0.276,0.298,0.426
43500,0.277,0.309,0.414
43600,0.272,0.307,0.421
43700,0.275,0.304,0.421
43800,0.272,0.300,0.428
43900,0.283,0.298,0.419
44000,0.273,0.298,0.429
44100,0.286,0.300,0.414
44200,0.278,0.280,0.442
44300,0.277,0.281,0.442
44400,0.276,0.282,0.442
44500,0.268,0.287,0.445
44600,0.281,0.288,0.431
44700,0.282,0.290,0.428
44800,0.278,0.281,0.441
44900,0.281,0.293,0.426
45000,0.274,0.293,0.433
45100,0.283,0.304,0.413
45200,0.281,0.301,0.418
45300,0.282,0.292,0.426
45400,0.287,0.297,0.416
45500,0.281,0.304,0.415
45600,0.278,0.304,0.418
45700,0.272,0.308,0.420
45800,0.265,0.321,0.415
45900,0.257,0.326,0.417
46000,0.259,0.331,0.410
46100,0.260,0.333,0.407
46200,0.258,0.332,0.410
46300,0.261,0.334,0.404
46400,0.266,0.335,0.399
46500,0.247,0.347,0.406
46600,0.250,0.352,0.397
46700,0.251,0.354,0.394
46800,0.237,0.345,0.418
46900,0.248,0.343,0.409
47000,0.252,0.350,0.397
47100,0.246,0.356,0.397
47200,0.246,0.348,0.406
47300,0.251,0.344,0.404
47400,0.250,0.346,0.403
47500,0.250,0.347,0.402
47600,0.254,0.342,0.403
47700,0.243,0.341,0.416
47800,0.252,0.342,0.406
47900,0.253,0.352,0.394
48000,0.231,0.360,0.410
48100,0.231,0.358,0.412
48200,0.234,0.348,0.418
48300,0.239,0.375,0.386
48400,0.237,0.382,0.381
48500,0.236,0.393,0.371
48600,0.238,0.386,0.376
48700,0.241,0.385,0.374
48800,0.244,0.383,0.373
48900,0.247,0.387,0.366
49000,0.251,0.375,0.374
49100,0.251,0.372,0.377
49200,0.254,0.369,0.377
49300,0.249,0.375,0.376
49400,0.256,0.371,0.373
49500,0.251,0.376,0.373
49600,0.243,0.383,0.374
49700,0.243,0.382,0.375
49800,0.235,0.378,0.387
49900,0.234,0.376,0.390
50000,0.244,0.367,0.389
50100,0.234,0.373,0.393
50200,0.233,0.370,0.397
50300,0.227,0.376,0.397
50400,0.223,0.383,0.394
50500,0.215,0.368,0.418
50600,0.224,0.368,0.409
50700,0.227,0.373,0.400
50800,0.225,0.360,0.416
50900,0.228,0.371,0.401
51000,0.234,0.360,0.407
51100,0.241,0.369,0.390
51200,0.248,0.358,0.394
51300,0.249,0.348,0.402
51400,0.255,0.331,0.414
51500,0.263,0.333,0.404
51600,0.268,0.346,0.386
51700,0.269,0.353,0.378
51800,0.280,0.358,0.363
51900,0.284,0.361,0.355
52000,0.288,0.350,0.362
52100,0.284,0.326,0.390
52200,0.280,0.315,0.406
52300,0.272,0.306,0.422
52400,0.272,0.311,0.418
52500,0.284,0.306,0.410
52600,0.281,0.309,0.410
52700,0.306,0.319,0.375
52800,0.306,0.317,0.377
52900,0.302,0.305,0.392
53000,0.306,0.295,0.398
53100,0.313,0.287,0.400
53200,0.303,0.285,0.412
53300,0.297,0.280,0.423
53400,0.302,0.284,0.414
53500,0.298,0.285,0.417
53600,0.293,0.284,0.423
53700,0.289,0.291,0.420
53800,0.295,0.298,0.407
53900,0.295,0.297,0.408
54000,0.289,0.304,0.407
54100,0.297,0.293,0.410
54200,0.301,0.294,0.404
54300,0.300,0.295,0.404
54400,0.301,0.302,0.396
54500,0.293,0.302,0.404
54600,0.299,0.296,0.404
54700,0.300,0.297,0.402
54800,0.292,0.297,0.411
54900,0.303,0.292,0.404
55000,0.313,0.296,0.391
55100,0.324,0.277,0.399
55200,0.314,0.274,0.413
55300,0.303,0.279,0.418
55400,0.287,0.271,0.442
55500,0.292,0.275,0.433
55600,0.309,0.279,0.412
55700,0.307,0.264,0.429
55800,0.295,0.259,0.445
55900,0.292,0.264,0.444
56000,0.296,0.276,0.428
56100,0.289,0.269,0.442
56200,0.292,0.279,0.429
56300,0.289,0.269,0.442
56400,0.296,0.270,0.434
56500,0.297,0.268,0.435
56600,0.307,0.266,0.427
56700,0.308,0.266,0.426
56800,0.301,0.257,0.441
56900,0.293,0.255,0.451
57000,0.302,0.253,0.444
57100,0.301,0.242,0.457
57200,0.299,0.242,0.459
57300,0.289,0.245,0.466
57400,0.299,0.261,0.439
57500,0.295,0.272,0.433
57600,0.309,0.257,0.433
57700,0.314,0.247,0.439
57800,0.309,0.247,0.443
57900,0.299,0.250,0.450
58000,0.286,0.244,0.470
58100,0.290,0.244,0.466
58200,0.294,0.237,0.469
58300,0.300,0.240,0.460
58400,0.313,0.251,0.436
58500,0.309,0.240,0.450
58600,0.299,0.250,0.450
58700,0.290,0.256,0.454
58800,0.289,0.266,0.445
58900,0.293,0.257,0.449
59000,0.290,0.256,0.454
59100,0.288,0.260,0.451
59200,0.288,0.270,0.442
59300,0.293,0.277,0.430
59400,0.297,0.274,0.429
59500,0.298,0.266,0.436
59600,0.305,0.266,0.429
59700,0.303,0.264,0.433
59800,0.302,0.257,0.440
59900,0.292,0.261,0.446
60000,0.287,0.260,0.453
60100,0.281,0.266,0.454
60200,0.267,0.284,0.449
60300,0.270,0.282,0.448
60400,0.286,0.286,0.428
60500,0.275,0.273,0.453
60600,0.275,0.270,0.456
60700,0.286,0.274,0.440
60800,0.285,0.280,0.435
60900,0.288,0.279,0.433
61000,0.288,0.282,0.430
61100,0.292,0.278,0.430
61200,0.284,0.283,0.433
61300,0.272,0.279,0.449
61400,0.269,0.275,0.457
61500,0.268,0.278,0.455
61600,0.258,0.279,0.463
61700,0.260,0.284,0.456
61800,0.251,0.290,0.459
61900,0.241,0.286,0.473
62000,0.248,0.290,0.462
62100,0.260,0.286,0.454
62200,0.254,0.287,0.459
62300,0.251,0.286,0.463
62400,0.261,0.289,0.449
62500,0.254,0.294,0.451
62600,0.255,0.290,0.455
62700,0.266,0.280,0.455
62800,0.273,0.279,0.448
62900,0.255,0.278,0.467
63000,0.266,0.282,0.453
63100,0.259,0.285,0.456
63200,0.261,0.286,0.453
63300,0.257,0.294,0.448
63400,0.252,0.299,0.448
63500,0.249,0.299,0.451
63600,0.239,0.319,0.442
63700,0.237,0.326,0.437
63800,0.242,0.326,0.432
63900,0.246,0.322,0.432
64000,0.251,0.317,0.432
64100,0.246,0.339,0.415
64200,0.239,0.334,0.427
64300,0.234,0.328,0.438
64400,0.237,0.320,0.443
64500,0.227,0.327,0.446
64600,0.238,0.309,0.453
64700,0.237,0.319,0.444
64800,0.248,0.306,0.445
64900,0.235,0.318,0.447
65000,0.242,0.321,0.437
65100,0.242,0.323,0.435
65200,0.235,0.320,0.445
65300,0.243,0.330,0.427
65400,0.232,0.341,0.427
65500,0.232,0.327,0.441
65600,0.231,0.343,0.426
65700,0.234,0.337,0.429
65800,0.230,0.347,0.423
65900,0.234,0.349,0.417
66000,0.230,0.346,0.424
66100,0.244,0.355,0.400
66200,0.250,0.344,0.406
66300,0.241,0.346,0.413
66400,0.239,0.365,0.396
66500,0.237,0.363,0.400
66600,0.235,0.356,0.409
66700,0.244,0.355,0.400
66800,0.232,0.358,0.411
66900,0.231,0.362,0.408
67000,0.229,0.371,0.400
67100,0.226,0.360,0.415
67200,0.223,0.364,0.414
67300,0.227,0.369,0.404
67400,0.221,0.361,0.419
67500,0.224,0.361,0.416
67600,0.237,0.360,0.403
67700,0.228,0.361,0.412
67800,0.226,0.363,0.412
67900,0.225,0.355,0.420
68000,0.230,0.347,0.423
68100,0.247,0.335,0.418
68200,0.239,0.349,0.412
68300,0.246,0.355,0.398
68400,0.247,0.361,0.392
68500,0.238,0.356,0.406
68600,0.232,0.350,0.418
68700,0.230,0.352,0.418
68800,0.226,0.350,0.424
68900,0.222,0.361,0.418
69000,0.217,0.361,0.423
69100,0.232,0.346,0.422
69200,0.227,0.341,0.432
69300,0.225,0.344,0.431
69400,0.213,0.352,0.434
69500,0.219,0.340,0.441
69600,0.219,0.356,0.425
69700,0.216,0.354,0.430
69800,0.209,0.356,0.434
69900,0.208,0.353,0.438
70000,0.206,0.362,0.432
70100,0.208,0.369,0.423
70200,0.205,0.366,0.429
70300,0.213,0.367,0.420
70400,0.220,0.353,0.427
70500,0.217,0.346,0.437
70600,0.225,0.343,0.432
70700,0.233,0.341,0.426
70800,0.227,0.337,0.436
70900,0.225,0.333,0.442
71000,0.233,0.333,0.434
71100,0.225,0.330,0.445
71200,0.228,0.331,0.441
71300,0.225,0.348,0.427
71400,0.221,0.350,0.429
71500,0.227,0.353,0.420
71600,0.233,0.362,0.406
71700,0.236,0.358,0.407
71800,0.229,0.353,0.418
71900,0.232,0.355,0.413
72000,0.237,0.354,0.409
72100,0.233,0.361,0.407
72200,0.222,0.360,0.419
72300,0.212,0.347,0.440
72400,0.216,0.335,0.449
72500,0.215,0.330,0.456
72600,0.228,0.317,0.456
72700,0.232,0.329,0.439
72800,0.227,0.334,0.439
72900,0.225,0.333,0.442
73000,0.233,0.314,0.454
73100,0.238,0.326,0.436
73200,0.233,0.327,0.440
73300,0.245,0.326,0.429
73400,0.243,0.326,0.431
73500,0.237,0.327,0.436
73600,0.233,0.329,0.438
73700,0.230,0.331,0.439
73800,0.237,0.339,0.424
73900,0.235,0.324,0.441
74000,0.243,0.324,0.433
74100,0.258,0.322,0.420
74200,0.258,0.321,0.421
74300,0.267,0.332,0.401
74400,0.265,0.332,0.403
74500,0.247,0.326,0.427
74600,0.243,0.323,0.434
74700,0.243,0.313,0.444
74800,0.243,0.314,0.443
74900,0.251,0.309,0.439
75000,0.241,0.311,0.448
75100,0.247,0.309,0.443
75200,0.250,0.304,0.445
75300,0.243,0.311,0.446
75400,0.236,0.319,0.445
75500,0.232,0.308,0.460
75600,0.233,0.309,0.458
75700,0.240,0.302,0.458
75800,0.235,0.293,0.472
75900,0.242,0.289,0.469
76000,0.252,0.280,0.468
76100,0.256,0.284,0.460
76200,0.243,0.279,0.478
76300,0.250,0.274,0.476
76400,0.264,0.266,0.471
76500,0.255,0.265,0.480
76600,0.254,0.269,0.477
76700,0.272,0.265,0.464
76800,0.286,0.261,0.453
76900,0.290,0.269,0.441
77000,0.287,0.270,0.443
77100,0.279,0.275,0.446
77200,0.269,0.283,0.448
77300,0.252,0.286,0.462
77400,0.259,0.274,0.467
77500,0.260,0.288,0.451
77600,0.276,0.286,0.438
77700,0.278,0.284,0.438
77800,0.277,0.284,0.439
77900,0.273,0.288,0.439
78000,0.271,0.291,0.438
78100,0.266,0.291,0.443
78200,0.268,0.286,0.446
78300,0.272,0.285,0.443
78400,0.273,0.288,0.439
78500,0.280,0.295,0.425
78600,0.278,0.278,0.444
78700,0.272,0.275,0.454
78800,0.270,0.259,0.471
78900,0.284,0.268,0.448
79000,0.284,0.271,0.445
79100,0.282,0.276,0.442
79200,0.284,0.275,0.441
79300,0.287,0.270,0.443
79400,0.287,0.270,0.443
79500,0.280,0.259,0.461
79600,0.274,0.240,0.486
79700,0.276,0.244,0.480
79800,0.268,0.264,0.469
79900,0.279,0.270,0.451
80000,0.279,0.273,0.448
80100,0.279,0.277,0.444
80200,0.271,0.272,0.458
80300,0.269,0.260,0.471
80400,0.274,0.263,0.464
80500,0.264,0.272,0.465
80600,0.265,0.265,0.471
80700,0.258,0.277,0.465
80800,0.249,0.281,0.470
80900,0.264,0.281,0.456
81000,0.268,0.282,0.450
81100,0.268,0.279,0.454
81200,0.271,0.283,0.446
81300,0.264,0.277,0.460
81400,0.252,0.280,0.468
81500,0.263,0.276,0.462
81600,0.275,0.271,0.455
81700,0.267,0.277,0.457
81800,0.261,0.274,0.465
81900,0.273,0.275,0.453
82000,0.280,0.270,0.450
82100,0.275,0.273,0.453
82200,0.282,0.273,0.445
82300,0.278,0.259,0.463
82400,0.291,0.250,0.459
82500,0.282,0.248,0.470
82600,0.303,0.261,0.435
82700,0.309,0.245,0.445
82800,0.314,0.238,0.448
82900,0.305,0.230,0.465
83000,0.305,0.233,0.462
83100,0.309,0.227,0.464
83200,0.306,0.236,0.458
83300,0.307,0.238,0.455
83400,0.305,0.237,0.458
83500,0.304,0.253,0.442
83600,0.317,0.260,0.423
83700,0.318,0.253,0.429
83800,0.314,0.258,0.428
83900,0.315,0.256,0.429
84000,0.317,0.257,0.426
84100,0.290,0.255,0.455
84200,0.296,0.257,0.446
84300,0.317,0.264,0.420
84400,0.308,0.261,0.430
84500,0.317,0.272,0.412
84600,0.302,0.275,0.423
84700,0.303,0.288,0.409
84800,0.318,0.281,0.401
84900,0.289,0.284,0.427
85000,0.294,0.292,0.414
85100,0.300,0.287,0.413
85200,0.303,0.286,0.411
85300,0.297,0.290,0.413
85400,0.295,0.298,0.407
85500,0.297,0.283,0.420
85600,0.293,0.288,0.419
85700,0.302,0.283,0.415
85800,0.304,0.275,0.421
85900,0.305,0.269,0.426
86000,0.301,0.270,0.429
86100,0.316,0.277,0.408
86200,0.318,0.276,0.407
86300,0.307,0.272,0.421
86400,0.306,0.266,0.428
86500,0.308,0.268,0.424
86600,0.300,0.265,0.435
86700,0.303,0.265,0.432
86800,0.307,0.256,0.436
86900,0.305,0.244,0.450
87000,0.309,0.249,0.441
87100,0.323,0.250,0.427
87200,0.322,0.250,0.428
87300,0.328,0.238,0.434
87400,0.323,0.234,0.443
87500,0.328,0.230,0.442
87600,0.346,0.235,0.419
87700,0.338,0.229,0.433
87800,0.337,0.223,0.440
87900,0.334,0.222,0.444
88000,0.311,0.224,0.466
88100,0.326,0.218,0.457
88200,0.329,0.225,0.446
88300,0.353,0.231,0.416
88400,0.342,0.225,0.433
88500,0.342,0.228,0.430
88600,0.336,0.252,0.412
88700,0.323,0.252,0.425
88800,0.322,0.260,0.418
88900,0.322,0.261,0.417
89000,0.319,0.263,0.419
89100,0.323,0.257,0.420
89200,0.326,0.253,0.421
89300,0.304,0.244,0.451
89400,0.307,0.249,0.443
89500,0.314,0.247,0.439
89600,0.305,0.248,0.446
89700,0.298,0.261,0.440
89800,0.304,0.271,0.425
89900,0.296,0.265,0.439
90000,0.299,0.261,0.439
90100,0.293,0.270,0.437
90200,0.296,0.281,0.423
90300,0.294,0.272,0.434
90400,0.307,0.269,0.424
90500,0.305,0.274,0.421
90600,0.299,0.266,0.435
90700,0.289,0.264,0.447
90800,0.294,0.251,0.455
90900,0.287,0.249,0.464
91000,0.289,0.250,0.461
91100,0.294,0.251,0.455
91200,0.285,0.253,0.462
91300,0.290,0.257,0.453
91400,0.286,0.264,0.450
91500,0.283,0.253,0.464
91600,0.271,0.258,0.471
91700,0.278,0.257,0.465
91800,0.284,0.254,0.462
91900,0.284,0.252,0.464
92000,0.285,0.257,0.458
92100,0.283,0.260,0.457
92200,0.277,0.273,0.450
92300,0.287,0.289,0.424
92400,0.275,0.303,0.422
92500,0.272,0.286,0.442
92600,0.274,0.283,0.443
92700,0.279,0.274,0.447
92800,0.282,0.281,0.437
92900,0.278,0.284,0.438
93000,0.272,0.279,0.449
93100,0.265,0.274,0.462
93200,0.271,0.270,0.460
93300,0.264,0.257,0.479
93400,0.270,0.269,0.462
93500,0.265,0.279,0.457
93600,0.273,0.268,0.460
93700,0.283,0.286,0.431
93800,0.290,0.280,0.430
93900,0.284,0.284,0.432
94000,0.282,0.286,0.432
94100,0.293,0.273,0.434
94200,0.283,0.275,0.442
94300,0.286,0.277,0.437
94400,0.300,0.271,0.429
94500,0.306,0.270,0.424
94600,0.306,0.270,0.424
94700,0.298,0.277,0.425
94800,0.297,0.266,0.437
94900,0.300,0.272,0.428
95000,0.291,0.269,0.440
95100,0.298,0.271,0.431
95200,0.295,0.283,0.422
95300,0.290,0.278,0.432
95400,0.288,0.284,0.428
95500,0.285,0.288,0.427
95600,0.287,0.290,0.423
95700,0.293,0.281,0.426
95800,0.301,0.273,0.426
95900,0.298,0.273,0.429
96000,0.294,0.265,0.441
96100,0.293,0.287,0.420
96200,0.300,0.268,0.432
96300,0.301,0.279,0.420
96400,0.290,0.281,0.429
96500,0.296,0.286,0.418
96600,0.297,0.281,0.422
96700,0.295,0.287,0.418
96800,0.296,0.285,0.419
96900,0.304,0.290,0.406
97000,0.300,0.297,0.402
97100,0.281,0.289,0.430
97200,0.280,0.293,0.427
97300,0.273,0.300,0.427
97400,0.276,0.298,0.426
97500,0.268,0.297,0.435
97600,0.271,0.298,0.431
97700,0.271,0.290,0.439
97800,0.291,0.295,0.414
97900,0.287,0.300,0.413
98000,0.282,0.302,0.416
98100,0.282,0.315,0.403
98200,0.289,0.315,0.396
98300,0.285,0.309,0.406
98400,0.276,0.309,0.415
98500,0.281,0.314,0.406
98600,0.284,0.306,0.410
98700,0.277,0.318,0.406
98800,0.281,0.304,0.415
98900,0.284,0.321,0.395
99000,0.283,0.319,0.398
99100,0.279,0.317,0.404
99200,0.271,0.323,0.407
99300,0.263,0.313,0.425
99400,0.261,0.306,0.432
99500,0.259,0.313,0.428
99600,0.256,0.321,0.423
99700,0.247,0.329,0.424
99800,0.244,0.335,0.421
99900,0.248,0.312,0.440
100000,0.257,0.305,0.437
