time,n_A+p,n_B,n_AB
500,0.050,0.821,0.129
1000,0.050,0.627,0.323
1500,0.050,0.529,0.421
2000,0.054,0.413,0.533
2500,0.054,0.410,0.536
3000,0.060,0.365,0.575
3500,0.074,0.340,0.586
4000,0.072,0.394,0.534
4500,0.071,0.367,0.562
5000,0.061,0.332,0.607
5500,0.070,0.362,0.568
6000,0.058,0.420,0.522
6500,0.057,0.433,0.510
7000,0.061,0.339,0.600
7500,0.094,0.312,0.594
8000,0.106,0.251,0.643
8500,0.177,0.159,0.664
9000,0.243,0.087,0.670
9500,0.409,0.026,0.565
10000,0.626,0.002,0.372
10500,0.718,0.000,0.282
11000,0.722,0.000,0.278
11500,0.790,0.000,0.210
12000,0.779,0.000,0.221
12500,0.733,0.000,0.267
13000,0.729,0.000,0.271
13500,0.727,0.000,0.273
14000,0.754,0.000,0.246
14500,0.794,0.000,0.206
15000,0.767,0.000,0.233
15500,0.826,0.000,0.174
16000,0.841,0.000,0.159
16500,0.840,0.000,0.160
17000,0.832,0.000,0.168
17500,0.866,0.000,0.134
18000,0.902,0.000,0.098
18500,0.928,0.000,0.072
19000,0.924,0.000,0.076
19500,0.927,0.000,0.073
20000,0.957,0.000,0.043
20500,0.925,0.000,0.075
21000,0.893,0.000,0.107
21500,0.842,0.000,0.158
22000,0.862,0.000,0.138
22500,0.830,0.000,0.170
23000,0.866,0.000,0.134
23500,0.841,0.000,0.159
24000,0.853,0.000,0.147
24500,0.878,0.000,0.122
25000,0.859,0.000,0.141
25500,0.906,0.000,0.094
26000,0.873,0.000,0.127
26500,0.864,0.000,0.136
27000,0.889,0.000,0.111
27500,0.853,0.000,0.147
28000,0.876,0.000,0.124
28500,0.861,0.000,0.139
29000,0.895,0.000,0.105
29500,0.871,0.000,0.129
30000,0.899,0.000,0.101
30500,0.911,0.000,0.089
31000,0.850,0.000,0.150
31500,0.834,0.000,0.166
32000,0.854,0.000,0.146
32500,0.873,0.000,0.127
33000,0.920,0.000,0.080
33500,0.895,0.000,0.105
34000,0.916,0.000,0.084
34500,0.921,0.000,0.079
35000,0.937,0.000,0.063
35500,0.962,0.000,0.038
36000,0.981,0.000,0.019
36500,0.980,0.000,0.020
37000,0.970,0.000,0.030
37500,0.965,0.000,0.035
38000,0.980,0.000,0.020
38500,0.982,0.000,0.018
39000,0.950,0.000,0.050
39500,0.941,0.000,0.059
40000,0.947,0.000,0.053
40500,0.965,0.000,0.035
41000,0.924,0.000,0.076
41500,0.932,0.000,0.068
42000,0.948,0.000,0.052
42500,0.922,0.000,0.078
43000,0.908,0.000,0.092
43500,0.895,0.000,0.105
44000,0.893,0.000,0.107
44500,0.908,0.000,0.092
45000,0.898,0.000,0.102
45500,0.952,0.000,0.048
46000,0.981,0.000,0.019
46500,0.993,0.000,0.007
47000,0.986,0.000,0.014
47500,0.997,0.000,0.003
48000,0.999,0.000,0.001
48500,1.000,0.000,0.000
