time,n_A+p,n_B,n_AB
500,0.080,0.904,0.016
1000,0.081,0.887,0.032
1500,0.080,0.869,0.051
2000,0.081,0.858,0.061
2500,0.081,0.844,0.076
3000,0.082,0.823,0.096
3500,0.084,0.804,0.112
4000,0.085,0.793,0.122
4500,0.086,0.780,0.134
5000,0.085,0.767,0.148
5500,0.086,0.755,0.158
6000,0.087,0.744,0.168
6500,0.089,0.735,0.176
7000,0.093,0.726,0.181
7500,0.100,0.700,0.201
8000,0.101,0.684,0.215
8500,0.106,0.683,0.210
9000,0.110,0.671,0.219
9500,0.110,0.662,0.228
10000,0.114,0.649,0.237
10500,0.121,0.635,0.243
11000,0.125,0.625,0.250
11500,0.124,0.609,0.267
12000,0.132,0.601,0.267
12500,0.136,0.590,0.275
13000,0.141,0.585,0.274
13500,0.143,0.577,0.280
14000,0.144,0.557,0.298
14500,0.147,0.551,0.302
15000,0.147,0.543,0.309
15500,0.158,0.537,0.305
16000,0.164,0.541,0.295
16500,0.165,0.528,0.307
17000,0.172,0.518,0.309
17500,0.181,0.505,0.314
18000,0.182,0.497,0.321
18500,0.183,0.493,0.324
19000,0.187,0.477,0.335
19500,0.187,0.469,0.343
20000,0.196,0.459,0.346
20500,0.203,0.445,0.351
21000,0.207,0.442,0.352
21500,0.216,0.440,0.344
22000,0.219,0.440,0.341
22500,0.220,0.427,0.353
23000,0.214,0.424,0.362
23500,0.222,0.418,0.360
24000,0.227,0.405,0.368
24500,0.226,0.394,0.381
25000,0.226,0.377,0.397
25500,0.230,0.372,0.398
26000,0.237,0.368,0.394
26500,0.247,0.345,0.407
27000,0.247,0.344,0.408
27500,0.257,0.345,0.398
28000,0.268,0.338,0.394
28500,0.267,0.345,0.388
29000,0.262,0.343,0.396
29500,0.268,0.339,0.393
30000,0.283,0.330,0.387
30500,0.284,0.317,0.399
31000,0.290,0.315,0.395
31500,0.292,0.309,0.398
32000,0.295,0.312,0.393
32500,0.306,0.308,0.386
33000,0.315,0.301,0.384
33500,0.326,0.292,0.382
34000,0.322,0.286,0.393
34500,0.332,0.273,0.395
35000,0.338,0.271,0.391
35500,0.344,0.271,0.384
36000,0.359,0.262,0.379
36500,0.360,0.256,0.384
37000,0.368,0.244,0.388
37500,0.377,0.240,0.383
38000,0.380,0.229,0.391
38500,0.395,0.217,0.388
39000,0.405,0.210,0.385
39500,0.409,0.202,0.389
40000,0.427,0.204,0.369
40500,0.444,0.198,0.359
41000,0.437,0.193,0.370
41500,0.446,0.188,0.366
42000,0.457,0.172,0.371
42500,0.454,0.168,0.378
43000,0.455,0.164,0.381
43500,0.462,0.167,0.372
44000,0.465,0.172,0.363
44500,0.465,0.169,0.367
45000,0.458,0.159,0.383
45500,0.460,0.159,0.381
46000,0.461,0.162,0.377
46500,0.457,0.156,0.387
47000,0.453,0.151,0.396
47500,0.468,0.154,0.378
48000,0.471,0.147,0.382
48500,0.476,0.139,0.385
49000,0.478,0.143,0.379
49500,0.490,0.143,0.366
50000,0.484,0.141,0.376
50500,0.485,0.138,0.377
51000,0.490,0.139,0.371
51500,0.495,0.138,0.367
52000,0.497,0.138,0.365
52500,0.503,0.137,0.360
53000,0.512,0.141,0.347
53500,0.519,0.126,0.355
54000,0.513,0.118,0.369
54500,0.526,0.120,0.353
55000,0.527,0.121,0.351
55500,0.531,0.115,0.354
56000,0.538,0.117,0.344
56500,0.548,0.110,0.342
57000,0.547,0.100,0.353
57500,0.557,0.102,0.341
58000,0.570,0.104,0.327
58500,0.573,0.102,0.326
59000,0.581,0.094,0.325
59500,0.582,0.096,0.323
60000,0.590,0.097,0.314
60500,0.589,0.090,0.321
61000,0.597,0.087,0.317
61500,0.594,0.084,0.322
62000,0.603,0.089,0.308
62500,0.597,0.095,0.309
63000,0.594,0.097,0.309
63500,0.598,0.092,0.310
64000,0.599,0.088,0.312
64500,0.604,0.084,0.312
65000,0.617,0.080,0.303
65500,0.615,0.078,0.307
66000,0.630,0.076,0.293
66500,0.625,0.071,0.304
67000,0.627,0.067,0.306
67500,0.631,0.066,0.303
68000,0.645,0.062,0.292
68500,0.660,0.059,0.280
69000,0.674,0.053,0.272
69500,0.681,0.054,0.264
70000,0.681,0.055,0.264
70500,0.679,0.050,0.271
71000,0.667,0.047,0.286
71500,0.678,0.050,0.272
72000,0.689,0.043,0.268
72500,0.702,0.040,0.258
73000,0.703,0.042,0.255
73500,0.706,0.039,0.255
74000,0.710,0.040,0.251
74500,0.711,0.038,0.251
75000,0.720,0.034,0.247
75500,0.722,0.032,0.246
76000,0.733,0.031,0.236
76500,0.740,0.032,0.228
77000,0.744,0.030,0.226
77500,0.755,0.027,0.218
78000,0.762,0.025,0.212
78500,0.769,0.028,0.203
79000,0.774,0.026,0.200
79500,0.780,0.025,0.194
80000,0.784,0.025,0.190
80500,0.790,0.023,0.187
81000,0.791,0.021,0.187
81500,0.793,0.019,0.187
82000,0.799,0.021,0.180
82500,0.800,0.021,0.178
83000,0.809,0.020,0.171
83500,0.810,0.019,0.170
84000,0.807,0.015,0.178
84500,0.816,0.013,0.171
85000,0.826,0.014,0.160
85500,0.822,0.013,0.165
86000,0.828,0.009,0.163
86500,0.840,0.010,0.150
87000,0.848,0.008,0.144
87500,0.850,0.006,0.144
88000,0.852,0.005,0.143
88500,0.860,0.006,0.134
89000,0.868,0.007,0.125
89500,0.870,0.006,0.123
90000,0.879,0.007,0.114
90500,0.886,0.005,0.108
91000,0.884,0.009,0.107
91500,0.892,0.008,0.100
92000,0.885,0.009,0.105
92500,0.889,0.007,0.104
93000,0.897,0.006,0.096
93500,0.901,0.006,0.093
94000,0.902,0.005,0.093
94500,0.910,0.004,0.086
95000,0.915,0.004,0.081
95500,0.920,0.003,0.077
96000,0.923,0.003,0.074
96500,0.926,0.003,0.071
97000,0.929,0.003,0.068
97500,0.930,0.002,0.068
98000,0.932,0.001,0.067
98500,0.933,0.002,0.065
99000,0.933,0.002,0.065
99500,0.936,0.001,0.063
100000,0.933,0.001,0.066
100500,0.940,0.001,0.060
101000,0.941,0.001,0.059
101500,0.939,0.000,0.061
102000,0.938,0.001,0.062
102500,0.941,0.001,0.059
103000,0.948,0.001,0.052
103500,0.948,0.000,0.052
104000,0.955,0.000,0.045
104500,0.959,0.000,0.041
105000,0.959,0.000,0.041
105500,0.961,0.000,0.039
106000,0.961,0.000,0.039
106500,0.963,0.000,0.037
107000,0.967,0.000,0.033
107500,0.970,0.000,0.030
108000,0.970,0.000,0.030
108500,0.973,0.000,0.027
109000,0.973,0.000,0.027
109500,0.972,0.000,0.028
110000,0.969,0.000,0.031
110500,0.968,0.000,0.032
111000,0.968,0.000,0.032
111500,0.971,0.000,0.029
112000,0.972,0.000,0.028
112500,0.970,0.000,0.030
113000,0.970,0.000,0.030
113500,0.972,0.000,0.028
114000,0.973,0.000,0.027
114500,0.973,0.000,0.027
115000,0.974,0.000,0.026
115500,0.973,0.000,0.027
116000,0.973,0.000,0.027
116500,0.972,0.000,0.028
117000,0.970,0.000,0.030
117500,0.968,0.000,0.032
118000,0.968,0.000,0.032
118500,0.966,0.000,0.034
119000,0.964,0.000,0.036
119500,0.969,0.000,0.031
120000,0.967,0.000,0.033
120500,0.969,0.000,0.031
121000,0.967,0.000,0.033
121500,0.968,0.001,0.032
122000,0.970,0.000,0.030
122500,0.969,0.000,0.031
123000,0.969,0.000,0.031
123500,0.971,0.000,0.029
124000,0.971,0.000,0.029
124500,0.975,0.000,0.025
125000,0.979,0.000,0.021
125500,0.979,0.000,0.021
126000,0.975,0.000,0.025
126500,0.975,0.000,0.025
127000,0.976,0.001,0.023
127500,0.975,0.001,0.024
128000,0.975,0.001,0.024
128500,0.974,0.001,0.025
129000,0.973,0.001,0.026
129500,0.972,0.001,0.027
130000,0.969,0.001,0.030
130500,0.972,0.001,0.027
131000,0.973,0.001,0.027
131500,0.973,0.000,0.027
132000,0.972,0.000,0.028
132500,0.973,0.000,0.027
133000,0.976,0.001,0.023
133500,0.976,0.001,0.023
134000,0.977,0.001,0.022
134500,0.978,0.001,0.021
135000,0.977,0.001,0.022
135500,0.978,0.001,0.022
136000,0.979,0.000,0.021
136500,0.980,0.000,0.020
137000,0.980,0.000,0.020
137500,0.983,0.000,0.017
138000,0.983,0.000,0.017
138500,0.984,0.000,0.016
139000,0.984,0.000,0.016
139500,0.986,0.000,0.014
140000,0.988,0.000,0.012
140500,0.988,0.000,0.012
141000,0.989,0.000,0.011
141500,0.990,0.000,0.010
142000,0.990,0.000,0.010
142500,0.990,0.000,0.010
143000,0.993,0.000,0.007
143500,0.991,0.000,0.009
144000,0.992,0.000,0.008
144500,0.993,0.000,0.007
145000,0.994,0.000,0.006
145500,0.995,0.000,0.005
146000,0.996,0.000,0.004
146500,0.996,0.000,0.004
147000,0.996,0.000,0.004
147500,0.996,0.000,0.004
148000,0.997,0.000,0.003
148500,0.996,0.000,0.004
149000,0.996,0.000,0.004
149500,0.996,0.000,0.004
150000,0.996,0.000,0.004
150500,0.996,0.000,0.004
151000,0.997,0.000,0.003
151500,0.996,0.000,0.004
152000,0.996,0.000,0.004
152500,0.997,0.000,0.003
153000,0.997,0.000,0.003
153500,0.997,0.000,0.003
154000,0.998,0.000,0.002
154500,0.999,0.000,0.001
155000,0.999,0.000,0.001
155500,0.999,0.000,0.001
156000,0.999,0.000,0.001
156500,1.000,0.000,0.000
157000,1.000,0.000,0.000
157500,1.000,0.000,0.000
158000,1.000,0.000,0.000
158500,1.000,0.000,0.000
159000,1.000,0.000,0.000
159500,1.000,0.000,0.000
160000,0.998,0.000,0.002
160500,0.999,0.000,0.001
161000,1.000,0.000,0.000
161500,1.000,0.000,0.000
162000,1.000,0.000,0.000
