time,n_A+p,n_B,n_AB
500,0.030,0.945,0.025
1000,0.030,0.941,0.029
1500,0.030,0.919,0.051
2000,0.030,0.905,0.065
2500,0.030,0.915,0.055
3000,0.030,0.913,0.057
3500,0.030,0.903,0.067
4000,0.030,0.897,0.073
4500,0.030,0.914,0.056
5000,0.030,0.919,0.050
5500,0.030,0.899,0.071
6000,0.030,0.908,0.062
6500,0.030,0.887,0.083
7000,0.030,0.893,0.077
7500,0.030,0.906,0.064
8000,0.030,0.894,0.076
8500,0.030,0.902,0.068
9000,0.030,0.918,0.051
9500,0.030,0.912,0.057
10000,0.030,0.914,0.056
10500,0.030,0.915,0.054
11000,0.030,0.913,0.057
11500,0.030,0.897,0.073
12000,0.030,0.894,0.076
12500,0.030,0.909,0.061
13000,0.030,0.895,0.075
13500,0.030,0.884,0.086
14000,0.030,0.896,0.074
14500,0.030,0.905,0.065
15000,0.030,0.896,0.074
15500,0.030,0.889,0.081
16000,0.030,0.918,0.051
16500,0.030,0.925,0.044
17000,0.030,0.913,0.056
17500,0.030,0.907,0.062
18000,0.030,0.910,0.060
18500,0.030,0.913,0.056
19000,0.030,0.919,0.051
19500,0.030,0.912,0.057
20000,0.030,0.915,0.055
20500,0.030,0.906,0.064
21000,0.030,0.916,0.054
21500,0.030,0.911,0.058
22000,0.030,0.900,0.070
22500,0.030,0.923,0.046
23000,0.030,0.900,0.070
23500,0.030,0.893,0.077
24000,0.030,0.896,0.074
24500,0.030,0.891,0.079
25000,0.030,0.908,0.061
25500,0.030,0.915,0.055
26000,0.030,0.914,0.056
26500,0.030,0.904,0.066
27000,0.030,0.875,0.095
27500,0.030,0.903,0.067
28000,0.030,0.879,0.091
28500,0.030,0.873,0.097
29000,0.030,0.888,0.082
29500,0.030,0.894,0.076
30000,0.030,0.881,0.089
30500,0.030,0.921,0.048
31000,0.030,0.908,0.061
31500,0.030,0.910,0.060
32000,0.030,0.887,0.083
32500,0.030,0.887,0.083
33000,0.030,0.888,0.082
33500,0.030,0.909,0.061
34000,0.030,0.917,0.052
34500,0.030,0.921,0.048
35000,0.030,0.915,0.054
35500,0.030,0.895,0.075
36000,0.030,0.874,0.096
36500,0.030,0.912,0.058
37000,0.030,0.907,0.062
37500,0.030,0.918,0.051
38000,0.030,0.893,0.077
38500,0.030,0.904,0.066
39000,0.030,0.913,0.057
39500,0.030,0.917,0.052
40000,0.030,0.897,0.073
40500,0.030,0.909,0.061
41000,0.030,0.931,0.039
41500,0.030,0.927,0.042
42000,0.030,0.919,0.050
42500,0.030,0.906,0.064
43000,0.030,0.895,0.075
43500,0.030,0.902,0.068
44000,0.030,0.897,0.073
44500,0.030,0.904,0.066
45000,0.030,0.928,0.042
45500,0.030,0.936,0.034
46000,0.030,0.914,0.056
46500,0.030,0.905,0.065
47000,0.030,0.890,0.080
47500,0.030,0.883,0.087
48000,0.030,0.920,0.049
48500,0.030,0.922,0.048
49000,0.030,0.910,0.060
49500,0.030,0.907,0.062
50000,0.030,0.882,0.088
50500,0.030,0.905,0.065
51000,0.030,0.908,0.062
51500,0.030,0.906,0.064
52000,0.030,0.923,0.046
52500,0.030,0.915,0.055
53000,0.030,0.913,0.056
53500,0.030,0.912,0.057
54000,0.030,0.924,0.046
54500,0.030,0.898,0.072
55000,0.030,0.907,0.063
55500,0.030,0.896,0.074
56000,0.030,0.917,0.053
56500,0.030,0.925,0.045
57000,0.030,0.925,0.045
57500,0.030,0.931,0.038
58000,0.030,0.934,0.035
58500,0.030,0.918,0.051
59000,0.030,0.887,0.083
59500,0.030,0.898,0.072
60000,0.030,0.910,0.059
60500,0.030,0.914,0.056
61000,0.030,0.901,0.069
61500,0.030,0.904,0.066
62000,0.030,0.915,0.055
62500,0.030,0.895,0.075
63000,0.030,0.911,0.058
63500,0.030,0.920,0.050
64000,0.030,0.935,0.034
64500,0.030,0.914,0.056
65000,0.030,0.899,0.071
65500,0.030,0.905,0.065
66000,0.030,0.918,0.051
66500,0.030,0.913,0.057
67000,0.030,0.912,0.057
67500,0.030,0.922,0.048
68000,0.030,0.921,0.048
68500,0.030,0.933,0.037
69000,0.030,0.930,0.039
69500,0.030,0.896,0.074
70000,0.030,0.885,0.085
70500,0.030,0.892,0.078
71000,0.030,0.896,0.074
71500,0.030,0.890,0.080
72000,0.030,0.890,0.080
72500,0.030,0.908,0.061
73000,0.030,0.918,0.052
73500,0.030,0.891,0.079
74000,0.030,0.889,0.081
74500,0.030,0.911,0.058
75000,0.030,0.904,0.066
75500,0.030,0.906,0.064
76000,0.030,0.910,0.059
76500,0.030,0.886,0.084
77000,0.030,0.888,0.082
77500,0.030,0.921,0.048
78000,0.030,0.898,0.072
78500,0.030,0.900,0.070
79000,0.030,0.910,0.060
79500,0.030,0.921,0.048
80000,0.030,0.925,0.045
80500,0.030,0.908,0.062
81000,0.030,0.923,0.047
81500,0.030,0.929,0.040
82000,0.030,0.915,0.055
82500,0.030,0.932,0.037
83000,0.030,0.911,0.058
83500,0.030,0.904,0.066
84000,0.030,0.898,0.072
84500,0.030,0.894,0.076
85000,0.030,0.877,0.093
85500,0.030,0.892,0.078
86000,0.030,0.888,0.082
86500,0.030,0.903,0.067
87000,0.030,0.887,0.083
87500,0.030,0.893,0.077
88000,0.030,0.909,0.061
88500,0.030,0.896,0.074
89000,0.030,0.929,0.040
89500,0.030,0.931,0.039
90000,0.030,0.919,0.051
90500,0.030,0.907,0.062
91000,0.030,0.905,0.065
91500,0.030,0.912,0.057
92000,0.030,0.900,0.070
92500,0.030,0.922,0.047
93000,0.030,0.895,0.075
93500,0.030,0.911,0.058
94000,0.030,0.913,0.056
94500,0.030,0.883,0.087
95000,0.030,0.876,0.094
95500,0.030,0.889,0.081
96000,0.030,0.896,0.074
96500,0.030,0.900,0.070
97000,0.030,0.886,0.084
97500,0.030,0.931,0.039
98000,0.030,0.925,0.044
98500,0.030,0.914,0.055
99000,0.030,0.902,0.068
99500,0.030,0.889,0.081
100000,0.030,0.876,0.094
100500,0.030,0.913,0.056
101000,0.030,0.914,0.055
101500,0.030,0.920,0.050
102000,0.030,0.925,0.044
102500,0.030,0.900,0.070
103000,0.030,0.908,0.062
103500,0.030,0.920,0.050
104000,0.030,0.923,0.046
104500,0.030,0.925,0.044
105000,0.030,0.927,0.042
105500,0.030,0.917,0.053
106000,0.030,0.932,0.038
106500,0.030,0.941,0.029
107000,0.030,0.906,0.064
107500,0.030,0.890,0.080
108000,0.030,0.891,0.079
108500,0.030,0.885,0.085
109000,0.030,0.888,0.082
109500,0.030,0.905,0.065
110000,0.030,0.906,0.064
110500,0.030,0.921,0.049
111000,0.030,0.911,0.058
111500,0.030,0.896,0.074
112000,0.030,0.903,0.067
112500,0.030,0.892,0.078
113000,0.030,0.897,0.073
113500,0.030,0.902,0.068
114000,0.030,0.881,0.089
114500,0.030,0.907,0.062
115000,0.030,0.907,0.062
115500,0.030,0.904,0.066
116000,0.030,0.886,0.084
116500,0.030,0.884,0.086
117000,0.030,0.877,0.093
117500,0.030,0.890,0.080
118000,0.030,0.908,0.061
118500,0.030,0.912,0.058
119000,0.030,0.904,0.066
119500,0.030,0.920,0.050
120000,0.030,0.915,0.055
120500,0.030,0.900,0.070
121000,0.030,0.906,0.064
121500,0.030,0.900,0.070
122000,0.030,0.899,0.071
122500,0.030,0.893,0.077
123000,0.030,0.904,0.066
123500,0.030,0.904,0.066
124000,0.030,0.908,0.062
124500,0.030,0.896,0.074
125000,0.030,0.896,0.074
125500,0.030,0.894,0.076
126000,0.030,0.894,0.076
126500,0.030,0.888,0.082
127000,0.030,0.886,0.084
127500,0.030,0.894,0.076
128000,0.030,0.880,0.090
128500,0.030,0.886,0.084
129000,0.030,0.881,0.089
129500,0.030,0.898,0.072
130000,0.030,0.890,0.080
130500,0.030,0.884,0.086
131000,0.030,0.906,0.064
131500,0.030,0.915,0.055
132000,0.030,0.899,0.071
132500,0.030,0.911,0.058
133000,0.030,0.915,0.055
133500,0.030,0.891,0.079
134000,0.030,0.926,0.043
134500,0.030,0.891,0.079
135000,0.030,0.912,0.058
135500,0.030,0.928,0.041
136000,0.030,0.908,0.062
136500,0.030,0.911,0.059
137000,0.030,0.898,0.072
137500,0.030,0.903,0.067
138000,0.030,0.910,0.059
138500,0.030,0.898,0.072
139000,0.030,0.897,0.073
139500,0.030,0.911,0.059
140000,0.030,0.899,0.071
140500,0.030,0.897,0.073
141000,0.030,0.889,0.081
141500,0.030,0.904,0.066
142000,0.030,0.917,0.053
142500,0.030,0.887,0.083
143000,0.030,0.899,0.071
143500,0.030,0.907,0.063
144000,0.030,0.902,0.068
144500,0.030,0.913,0.056
145000,0.030,0.905,0.065
145500,0.030,0.908,0.062
146000,0.030,0.906,0.064
146500,0.030,0.926,0.043
147000,0.030,0.903,0.067
147500,0.030,0.916,0.053
148000,0.030,0.904,0.066
148500,0.030,0.920,0.050
149000,0.030,0.898,0.072
149500,0.030,0.902,0.068
150000,0.030,0.902,0.068
150500,0.030,0.916,0.053
151000,0.030,0.913,0.057
151500,0.030,0.922,0.047
152000,0.030,0.902,0.068
152500,0.030,0.889,0.081
153000,0.030,0.910,0.060
153500,0.030,0.900,0.070
154000,0.030,0.909,0.061
154500,0.030,0.915,0.055
155000,0.030,0.906,0.064
155500,0.030,0.931,0.039
156000,0.030,0.924,0.046
156500,0.030,0.908,0.061
157000,0.030,0.861,0.109
157500,0.030,0.861,0.109
158000,0.030,0.899,0.071
158500,0.030,0.890,0.080
159000,0.030,0.890,0.080
159500,0.030,0.907,0.062
160000,0.030,0.910,0.059
160500,0.030,0.910,0.059
161000,0.030,0.916,0.053
161500,0.030,0.913,0.057
162000,0.030,0.917,0.053
162500,0.030,0.919,0.050
163000,0.030,0.925,0.044
163500,0.030,0.923,0.046
164000,0.030,0.888,0.082
164500,0.030,0.905,0.065
165000,0.030,0.904,0.066
165500,0.030,0.911,0.059
166000,0.030,0.911,0.058
166500,0.030,0.906,0.064
167000,0.030,0.917,0.053
167500,0.030,0.916,0.054
168000,0.030,0.905,0.065
168500,0.030,0.890,0.080
169000,0.030,0.900,0.070
169500,0.030,0.903,0.067
170000,0.030,0.899,0.071
170500,0.030,0.905,0.065
171000,0.030,0.874,0.096
171500,0.030,0.866,0.104
172000,0.030,0.899,0.071
172500,0.030,0.908,0.061
173000,0.030,0.923,0.046
173500,0.030,0.916,0.053
174000,0.030,0.908,0.061
174500,0.030,0.910,0.060
175000,0.030,0.927,0.042
175500,0.030,0.908,0.061
176000,0.030,0.893,0.077
176500,0.030,0.900,0.070
177000,0.030,0.916,0.054
177500,0.030,0.901,0.069
178000,0.030,0.882,0.088
178500,0.030,0.897,0.073
179000,0.030,0.919,0.051
179500,0.030,0.912,0.058
180000,0.030,0.923,0.047
180500,0.030,0.938,0.032
181000,0.030,0.925,0.044
181500,0.030,0.908,0.061
182000,0.030,0.913,0.057
182500,0.030,0.924,0.046
183000,0.030,0.910,0.059
183500,0.030,0.912,0.058
184000,0.030,0.898,0.072
184500,0.030,0.896,0.074
185000,0.030,0.887,0.083
185500,0.030,0.891,0.079
186000,0.030,0.899,0.071
186500,0.030,0.886,0.084
187000,0.030,0.898,0.072
187500,0.030,0.891,0.079
188000,0.030,0.886,0.084
188500,0.030,0.895,0.075
189000,0.030,0.919,0.050
189500,0.030,0.913,0.057
190000,0.030,0.919,0.050
190500,0.030,0.889,0.081
191000,0.030,0.913,0.057
191500,0.030,0.895,0.075
192000,0.030,0.910,0.059
192500,0.030,0.883,0.087
193000,0.030,0.896,0.074
193500,0.030,0.910,0.060
194000,0.030,0.926,0.044
194500,0.030,0.924,0.045
195000,0.030,0.931,0.039
195500,0.030,0.919,0.051
196000,0.030,0.917,0.052
196500,0.030,0.902,0.068
197000,0.030,0.908,0.062
197500,0.030,0.900,0.070
198000,0.030,0.904,0.066
198500,0.030,0.908,0.061
199000,0.030,0.907,0.062
199500,0.030,0.901,0.069
200000,0.030,0.897,0.073
200500,0.030,0.913,0.056
201000,0.030,0.925,0.045
201500,0.030,0.893,0.077
202000,0.030,0.902,0.068
202500,0.030,0.909,0.061
203000,0.030,0.917,0.053
203500,0.030,0.913,0.057
204000,0.030,0.905,0.065
204500,0.030,0.912,0.058
205000,0.030,0.917,0.053
205500,0.030,0.876,0.094
206000,0.030,0.880,0.090
206500,0.030,0.894,0.076
207000,0.030,0.900,0.070
207500,0.030,0.909,0.060
208000,0.030,0.920,0.049
208500,0.030,0.916,0.054
209000,0.030,0.920,0.050
209500,0.030,0.926,0.043
210000,0.030,0.928,0.042
210500,0.030,0.927,0.042
211000,0.030,0.891,0.079
211500,0.030,0.920,0.050
212000,0.030,0.911,0.059
212500,0.030,0.892,0.078
213000,0.030,0.897,0.073
213500,0.030,0.912,0.057
214000,0.030,0.924,0.046
214500,0.030,0.910,0.059
215000,0.030,0.894,0.076
215500,0.030,0.874,0.096
216000,0.030,0.871,0.099
216500,0.030,0.858,0.112
217000,0.030,0.880,0.090
217500,0.030,0.910,0.059
218000,0.030,0.916,0.053
218500,0.030,0.914,0.056
219000,0.030,0.900,0.070
219500,0.030,0.906,0.064
220000,0.030,0.905,0.065
220500,0.030,0.898,0.072
221000,0.030,0.880,0.090
221500,0.030,0.883,0.087
222000,0.030,0.885,0.085
222500,0.030,0.886,0.084
223000,0.030,0.896,0.074
223500,0.030,0.911,0.058
224000,0.030,0.874,0.096
224500,0.030,0.873,0.097
225000,0.030,0.882,0.088
225500,0.030,0.882,0.088
226000,0.030,0.900,0.070
226500,0.030,0.904,0.066
227000,0.030,0.893,0.077
227500,0.030,0.886,0.084
228000,0.030,0.897,0.073
228500,0.030,0.916,0.053
229000,0.030,0.905,0.065
229500,0.030,0.915,0.055
230000,0.030,0.919,0.050
230500,0.030,0.899,0.071
231000,0.030,0.906,0.064
231500,0.030,0.922,0.047
232000,0.030,0.908,0.061
232500,0.030,0.900,0.070
233000,0.030,0.901,0.069
233500,0.030,0.915,0.054
234000,0.030,0.886,0.084
234500,0.030,0.875,0.095
235000,0.030,0.876,0.094
235500,0.030,0.892,0.078
236000,0.030,0.895,0.075
236500,0.030,0.883,0.087
237000,0.030,0.876,0.094
237500,0.030,0.898,0.072
238000,0.030,0.870,0.100
238500,0.030,0.891,0.079
239000,0.030,0.892,0.078
239500,0.030,0.864,0.106
240000,0.030,0.853,0.117
240500,0.030,0.897,0.073
241000,0.030,0.878,0.092
241500,0.030,0.902,0.068
242000,0.030,0.908,0.062
242500,0.030,0.897,0.073
243000,0.030,0.893,0.077
243500,0.030,0.885,0.085
244000,0.030,0.894,0.076
244500,0.030,0.894,0.076
245000,0.030,0.905,0.065
245500,0.030,0.890,0.080
246000,0.030,0.895,0.075
246500,0.030,0.917,0.053
247000,0.030,0.915,0.055
247500,0.030,0.913,0.057
248000,0.030,0.908,0.061
248500,0.030,0.912,0.058
249000,0.030,0.901,0.069
249500,0.030,0.912,0.057
250000,0.030,0.911,0.058
250500,0.030,0.906,0.064
251000,0.030,0.888,0.082
251500,0.030,0.898,0.072
252000,0.030,0.910,0.059
252500,0.030,0.913,0.056
253000,0.030,0.885,0.085
253500,0.030,0.871,0.099
254000,0.030,0.899,0.071
254500,0.030,0.911,0.059
255000,0.030,0.933,0.037
255500,0.030,0.925,0.044
256000,0.030,0.923,0.046
256500,0.030,0.915,0.054
257000,0.030,0.912,0.058
257500,0.030,0.922,0.047
258000,0.030,0.919,0.051
258500,0.030,0.901,0.069
259000,0.030,0.912,0.057
259500,0.030,0.924,0.045
260000,0.030,0.922,0.047
260500,0.030,0.916,0.054
261000,0.030,0.923,0.047
261500,0.030,0.910,0.060
262000,0.030,0.900,0.070
262500,0.030,0.908,0.061
263000,0.030,0.893,0.077
263500,0.030,0.922,0.048
264000,0.030,0.893,0.077
264500,0.030,0.917,0.052
265000,0.030,0.928,0.041
265500,0.030,0.925,0.044
266000,0.030,0.920,0.049
266500,0.030,0.933,0.037
267000,0.030,0.918,0.052
267500,0.030,0.902,0.068
268000,0.030,0.902,0.068
268500,0.030,0.895,0.075
269000,0.030,0.891,0.079
269500,0.030,0.899,0.071
270000,0.030,0.882,0.088
270500,0.030,0.881,0.089
271000,0.030,0.895,0.075
271500,0.030,0.893,0.077
272000,0.030,0.887,0.083
272500,0.030,0.848,0.122
273000,0.030,0.864,0.106
273500,0.030,0.889,0.081
274000,0.030,0.895,0.075
274500,0.030,0.899,0.071
275000,0.030,0.904,0.066
275500,0.030,0.899,0.071
276000,0.030,0.907,0.062
276500,0.030,0.907,0.062
277000,0.030,0.893,0.077
277500,0.030,0.913,0.057
278000,0.030,0.901,0.069
278500,0.030,0.894,0.076
279000,0.030,0.918,0.052
279500,0.030,0.913,0.057
280000,0.030,0.910,0.059
280500,0.030,0.921,0.048
281000,0.030,0.897,0.073
281500,0.030,0.899,0.071
282000,0.030,0.903,0.067
282500,0.030,0.896,0.074
283000,0.030,0.891,0.079
283500,0.030,0.886,0.084
284000,0.030,0.895,0.075
284500,0.030,0.904,0.066
285000,0.030,0.912,0.058
285500,0.030,0.902,0.068
286000,0.030,0.921,0.048
286500,0.030,0.913,0.056
287000,0.030,0.903,0.067
287500,0.030,0.907,0.062
288000,0.030,0.922,0.047
288500,0.030,0.916,0.053
289000,0.030,0.895,0.075
289500,0.030,0.920,0.049
290000,0.030,0.881,0.089
290500,0.030,0.879,0.091
291000,0.030,0.871,0.099
291500,0.030,0.896,0.074
292000,0.030,0.901,0.069
292500,0.030,0.914,0.056
293000,0.030,0.896,0.074
293500,0.030,0.903,0.067
294000,0.030,0.895,0.075
294500,0.030,0.913,0.056
295000,0.030,0.882,0.088
295500,0.030,0.892,0.078
296000,0.030,0.914,0.056
296500,0.030,0.913,0.056
297000,0.030,0.918,0.052
297500,0.030,0.898,0.072
298000,0.030,0.886,0.084
298500,0.030,0.896,0.074
299000,0.030,0.898,0.072
299500,0.030,0.905,0.065
300000,0.030,0.898,0.072
300500,0.030,0.920,0.050
301000,0.030,0.911,0.058
301500,0.030,0.918,0.052
302000,0.030,0.904,0.066
302500,0.030,0.927,0.042
303000,0.030,0.925,0.045
303500,0.030,0.928,0.042
304000,0.030,0.916,0.054
304500,0.030,0.900,0.070
305000,0.030,0.908,0.061
305500,0.030,0.913,0.057
306000,0.030,0.893,0.077
306500,0.030,0.932,0.037
307000,0.030,0.928,0.042
307500,0.030,0.916,0.053
308000,0.030,0.913,0.056
308500,0.030,0.917,0.053
309000,0.030,0.938,0.032
309500,0.030,0.932,0.037
310000,0.030,0.924,0.046
310500,0.030,0.901,0.069
311000,0.030,0.899,0.071
311500,0.030,0.908,0.062
312000,0.030,0.900,0.070
312500,0.030,0.922,0.048
313000,0.030,0.921,0.049
313500,0.030,0.897,0.073
314000,0.030,0.923,0.046
314500,0.030,0.907,0.062
315000,0.030,0.911,0.058
315500,0.030,0.900,0.070
316000,0.030,0.896,0.074
316500,0.030,0.899,0.071
317000,0.030,0.904,0.066
317500,0.030,0.905,0.065
318000,0.030,0.879,0.091
318500,0.030,0.897,0.073
319000,0.030,0.914,0.055
319500,0.030,0.919,0.051
320000,0.030,0.913,0.056
320500,0.030,0.926,0.044
321000,0.030,0.921,0.049
321500,0.030,0.933,0.036
322000,0.030,0.913,0.057
322500,0.030,0.919,0.050
323000,0.030,0.902,0.068
323500,0.030,0.904,0.066
324000,0.030,0.898,0.072
324500,0.030,0.897,0.073
325000,0.030,0.909,0.061
325500,0.030,0.915,0.055
326000,0.030,0.917,0.053
326500,0.030,0.903,0.067
327000,0.030,0.925,0.045
327500,0.030,0.903,0.067
328000,0.030,0.901,0.069
328500,0.030,0.904,0.066
329000,0.030,0.870,0.100
329500,0.030,0.916,0.053
330000,0.030,0.916,0.054
330500,0.030,0.915,0.054
331000,0.030,0.903,0.067
331500,0.030,0.913,0.057
332000,0.030,0.889,0.081
332500,0.030,0.901,0.069
333000,0.030,0.912,0.057
333500,0.030,0.892,0.078
334000,0.030,0.886,0.084
334500,0.030,0.904,0.066
335000,0.030,0.882,0.088
335500,0.030,0.892,0.078
336000,0.030,0.903,0.067
336500,0.030,0.903,0.067
337000,0.030,0.902,0.068
337500,0.030,0.898,0.072
338000,0.030,0.907,0.062
338500,0.030,0.911,0.058
339000,0.030,0.907,0.062
339500,0.030,0.912,0.057
340000,0.030,0.906,0.064
340500,0.030,0.914,0.056
341000,0.030,0.898,0.072
341500,0.030,0.925,0.045
342000,0.030,0.897,0.073
342500,0.030,0.913,0.056
343000,0.030,0.903,0.067
343500,0.030,0.895,0.075
344000,0.030,0.925,0.044
344500,0.030,0.904,0.066
345000,0.030,0.897,0.073
345500,0.030,0.907,0.063
346000,0.030,0.905,0.065
346500,0.030,0.910,0.060
347000,0.030,0.916,0.053
347500,0.030,0.931,0.039
348000,0.030,0.889,0.081
348500,0.030,0.907,0.062
349000,0.030,0.882,0.088
349500,0.030,0.859,0.111
350000,0.030,0.891,0.079
350500,0.030,0.932,0.038
351000,0.030,0.909,0.061
351500,0.030,0.906,0.064
352000,0.030,0.903,0.067
352500,0.030,0.908,0.061
353000,0.030,0.912,0.057
353500,0.030,0.931,0.038
354000,0.030,0.933,0.037
354500,0.030,0.924,0.045
355000,0.030,0.931,0.039
355500,0.030,0.923,0.047
356000,0.030,0.915,0.055
356500,0.030,0.915,0.055
357000,0.030,0.910,0.059
357500,0.030,0.906,0.064
358000,0.030,0.914,0.056
358500,0.030,0.892,0.078
359000,0.030,0.895,0.075
359500,0.030,0.912,0.058
360000,0.030,0.903,0.067
360500,0.030,0.900,0.070
361000,0.030,0.885,0.085
361500,0.030,0.912,0.057
362000,0.030,0.918,0.052
362500,0.030,0.915,0.054
363000,0.030,0.921,0.049
363500,0.030,0.916,0.053
364000,0.030,0.907,0.063
364500,0.030,0.903,0.067
365000,0.030,0.912,0.057
365500,0.030,0.923,0.046
366000,0.030,0.934,0.036
366500,0.030,0.901,0.069
367000,0.030,0.902,0.068
367500,0.030,0.914,0.056
368000,0.030,0.889,0.081
368500,0.030,0.903,0.067
369000,0.030,0.880,0.090
369500,0.030,0.883,0.087
370000,0.030,0.874,0.096
370500,0.030,0.897,0.073
371000,0.030,0.901,0.069
371500,0.030,0.919,0.050
372000,0.030,0.906,0.064
372500,0.030,0.899,0.071
373000,0.030,0.916,0.054
373500,0.030,0.926,0.043
374000,0.030,0.907,0.062
374500,0.030,0.904,0.066
375000,0.030,0.896,0.074
375500,0.030,0.911,0.058
376000,0.030,0.914,0.056
376500,0.030,0.920,0.049
377000,0.030,0.909,0.061
377500,0.030,0.902,0.068
378000,0.030,0.916,0.053
378500,0.030,0.918,0.051
379000,0.030,0.909,0.060
379500,0.030,0.907,0.063
380000,0.030,0.931,0.038
380500,0.030,0.913,0.057
381000,0.030,0.899,0.071
381500,0.030,0.917,0.053
382000,0.030,0.881,0.089
382500,0.030,0.867,0.103
383000,0.030,0.902,0.068
383500,0.030,0.878,0.092
384000,0.030,0.890,0.080
384500,0.030,0.904,0.066
385000,0.030,0.902,0.068
385500,0.030,0.922,0.047
386000,0.030,0.914,0.056
386500,0.030,0.916,0.054
387000,0.030,0.899,0.071
387500,0.030,0.891,0.079
388000,0.030,0.908,0.061
388500,0.030,0.912,0.058
389000,0.030,0.904,0.066
389500,0.030,0.914,0.055
390000,0.030,0.892,0.078
390500,0.030,0.884,0.086
391000,0.030,0.895,0.075
391500,0.030,0.902,0.068
392000,0.030,0.912,0.057
392500,0.030,0.917,0.053
393000,0.030,0.907,0.063
393500,0.030,0.893,0.077
394000,0.030,0.871,0.099
394500,0.030,0.882,0.088
395000,0.030,0.891,0.079
395500,0.030,0.908,0.062
396000,0.030,0.917,0.052
396500,0.030,0.897,0.073
397000,0.030,0.902,0.068
397500,0.030,0.929,0.040
398000,0.030,0.913,0.056
398500,0.030,0.915,0.055
399000,0.030,0.923,0.047
399500,0.030,0.923,0.046
400000,0.030,0.927,0.042
400500,0.030,0.919,0.051
401000,0.030,0.924,0.046
401500,0.030,0.923,0.046
402000,0.030,0.929,0.040
402500,0.030,0.938,0.032
403000,0.030,0.919,0.051
403500,0.030,0.909,0.061
404000,0.030,0.911,0.059
404500,0.030,0.888,0.082
405000,0.030,0.910,0.059
405500,0.030,0.910,0.060
406000,0.030,0.887,0.083
406500,0.030,0.905,0.065
407000,0.030,0.905,0.065
407500,0.030,0.921,0.049
408000,0.030,0.927,0.043
408500,0.030,0.919,0.050
409000,0.030,0.918,0.051
409500,0.030,0.915,0.055
410000,0.030,0.912,0.057
410500,0.030,0.896,0.074
411000,0.030,0.877,0.093
411500,0.030,0.917,0.053
412000,0.030,0.900,0.070
412500,0.030,0.893,0.077
413000,0.030,0.901,0.069
413500,0.030,0.908,0.061
414000,0.030,0.894,0.076
414500,0.030,0.918,0.052
415000,0.030,0.898,0.072
415500,0.030,0.906,0.064
416000,0.030,0.917,0.053
416500,0.030,0.920,0.049
417000,0.030,0.904,0.066
417500,0.030,0.889,0.081
418000,0.030,0.896,0.074
418500,0.030,0.931,0.039
419000,0.030,0.913,0.057
419500,0.030,0.916,0.054
420000,0.030,0.915,0.054
420500,0.030,0.899,0.071
421000,0.030,0.902,0.068
421500,0.030,0.936,0.034
422000,0.030,0.922,0.047
422500,0.030,0.882,0.088
423000,0.030,0.907,0.062
423500,0.030,0.915,0.054
424000,0.030,0.891,0.079
424500,0.030,0.876,0.094
425000,0.030,0.872,0.098
425500,0.030,0.874,0.096
426000,0.030,0.893,0.077
426500,0.030,0.927,0.043
427000,0.030,0.917,0.053
427500,0.030,0.901,0.069
428000,0.030,0.910,0.059
428500,0.030,0.931,0.039
429000,0.030,0.922,0.047
429500,0.030,0.910,0.059
430000,0.030,0.895,0.075
430500,0.030,0.890,0.080
431000,0.030,0.897,0.073
431500,0.030,0.881,0.089
432000,0.030,0.870,0.100
432500,0.030,0.887,0.083
433000,0.030,0.908,0.062
433500,0.030,0.897,0.073
434000,0.030,0.894,0.076
434500,0.030,0.884,0.086
435000,0.030,0.881,0.089
435500,0.030,0.910,0.060
436000,0.030,0.909,0.060
436500,0.030,0.899,0.071
437000,0.030,0.885,0.085
437500,0.030,0.914,0.055
438000,0.030,0.890,0.080
438500,0.030,0.920,0.050
439000,0.030,0.922,0.048
439500,0.030,0.926,0.043
440000,0.030,0.914,0.055
440500,0.030,0.896,0.074
441000,0.030,0.893,0.077
441500,0.030,0.910,0.059
442000,0.030,0.902,0.068
442500,0.030,0.899,0.071
443000,0.030,0.903,0.067
443500,0.030,0.921,0.049
444000,0.030,0.935,0.035
444500,0.030,0.911,0.058
445000,0.030,0.905,0.065
445500,0.030,0.921,0.049
446000,0.030,0.909,0.060
446500,0.030,0.913,0.056
447000,0.030,0.908,0.062
447500,0.030,0.904,0.066
448000,0.030,0.911,0.059
448500,0.030,0.911,0.058
449000,0.030,0.893,0.077
449500,0.030,0.909,0.060
450000,0.030,0.913,0.056
450500,0.030,0.895,0.075
451000,0.030,0.898,0.072
451500,0.030,0.900,0.070
452000,0.030,0.883,0.087
452500,0.030,0.908,0.061
453000,0.030,0.896,0.074
453500,0.030,0.876,0.094
454000,0.030,0.925,0.044
454500,0.030,0.927,0.042
455000,0.030,0.909,0.060
455500,0.030,0.901,0.069
456000,0.030,0.913,0.057
456500,0.030,0.912,0.058
457000,0.030,0.921,0.048
457500,0.030,0.929,0.040
458000,0.030,0.916,0.053
458500,0.030,0.919,0.051
459000,0.030,0.921,0.049
459500,0.030,0.933,0.036
460000,0.030,0.916,0.053
460500,0.030,0.916,0.054
461000,0.030,0.907,0.062
461500,0.030,0.910,0.059
462000,0.030,0.885,0.085
462500,0.030,0.887,0.083
463000,0.030,0.898,0.072
463500,0.030,0.904,0.066
464000,0.030,0.908,0.062
464500,0.030,0.885,0.085
465000,0.030,0.906,0.064
465500,0.030,0.899,0.071
466000,0.030,0.876,0.094
466500,0.030,0.896,0.074
467000,0.030,0.906,0.064
467500,0.030,0.905,0.065
468000,0.030,0.921,0.049
468500,0.030,0.894,0.076
469000,0.030,0.885,0.085
469500,0.030,0.887,0.083
470000,0.030,0.896,0.074
470500,0.030,0.919,0.050
471000,0.030,0.925,0.044
471500,0.030,0.910,0.059
472000,0.030,0.936,0.033
472500,0.030,0.940,0.030
473000,0.030,0.920,0.050
473500,0.030,0.926,0.043
474000,0.030,0.903,0.067
474500,0.030,0.909,0.061
475000,0.030,0.929,0.041
475500,0.030,0.904,0.066
476000,0.030,0.931,0.039
476500,0.030,0.920,0.050
477000,0.030,0.914,0.055
477500,0.030,0.869,0.101
478000,0.030,0.884,0.086
478500,0.030,0.889,0.081
479000,0.030,0.892,0.078
479500,0.030,0.890,0.080
480000,0.030,0.898,0.072
480500,0.030,0.890,0.080
481000,0.030,0.893,0.077
481500,0.030,0.904,0.066
482000,0.030,0.903,0.067
482500,0.030,0.914,0.055
483000,0.030,0.912,0.058
483500,0.030,0.891,0.079
484000,0.030,0.871,0.099
484500,0.030,0.882,0.088
485000,0.030,0.899,0.071
485500,0.030,0.901,0.069
486000,0.030,0.908,0.061
486500,0.030,0.926,0.044
487000,0.030,0.920,0.050
487500,0.030,0.915,0.054
488000,0.030,0.884,0.086
488500,0.030,0.902,0.068
489000,0.030,0.891,0.079
489500,0.030,0.888,0.082
490000,0.030,0.916,0.054
490500,0.030,0.912,0.057
491000,0.030,0.910,0.060
491500,0.030,0.930,0.040
492000,0.030,0.939,0.031
492500,0.030,0.929,0.041
493000,0.030,0.935,0.035
493500,0.030,0.925,0.044
494000,0.030,0.938,0.032
494500,0.030,0.915,0.055
495000,0.030,0.877,0.093
495500,0.030,0.892,0.078
496000,0.030,0.906,0.064
496500,0.030,0.911,0.058
497000,0.030,0.929,0.040
497500,0.030,0.908,0.061
498000,0.030,0.915,0.055
498500,0.030,0.908,0.062
499000,0.030,0.904,0.066
499500,0.030,0.904,0.066
500000,0.030,0.900,0.070
500500,0.030,0.876,0.094
501000,0.030,0.909,0.060
501500,0.030,0.896,0.074
502000,0.030,0.913,0.057
502500,0.030,0.901,0.069
503000,0.030,0.903,0.067
503500,0.030,0.918,0.051
504000,0.030,0.913,0.057
504500,0.030,0.911,0.058
505000,0.030,0.899,0.071
505500,0.030,0.906,0.064
506000,0.030,0.913,0.057
506500,0.030,0.897,0.073
507000,0.030,0.921,0.048
507500,0.030,0.920,0.050
508000,0.030,0.906,0.064
508500,0.030,0.925,0.045
509000,0.030,0.926,0.044
509500,0.030,0.911,0.059
510000,0.030,0.935,0.034
510500,0.030,0.921,0.049
511000,0.030,0.905,0.065
511500,0.030,0.872,0.098
512000,0.030,0.893,0.077
512500,0.030,0.908,0.062
513000,0.030,0.920,0.049
513500,0.030,0.913,0.057
514000,0.030,0.925,0.045
514500,0.030,0.928,0.041
515000,0.030,0.910,0.060
515500,0.030,0.903,0.067
516000,0.030,0.914,0.055
516500,0.030,0.913,0.057
517000,0.030,0.902,0.068
517500,0.030,0.898,0.072
518000,0.030,0.909,0.061
518500,0.030,0.902,0.068
519000,0.030,0.909,0.061
519500,0.030,0.900,0.070
520000,0.030,0.909,0.060
520500,0.030,0.911,0.059
521000,0.030,0.900,0.070
521500,0.030,0.910,0.059
522000,0.030,0.915,0.055
522500,0.030,0.911,0.058
523000,0.030,0.906,0.064
523500,0.030,0.893,0.077
524000,0.030,0.921,0.048
524500,0.030,0.910,0.060
525000,0.030,0.889,0.081
525500,0.030,0.878,0.092
526000,0.030,0.877,0.093
526500,0.030,0.905,0.065
527000,0.030,0.903,0.067
527500,0.030,0.915,0.054
528000,0.030,0.881,0.089
528500,0.030,0.900,0.070
529000,0.030,0.897,0.073
529500,0.030,0.907,0.063
530000,0.030,0.900,0.070
530500,0.030,0.908,0.062
531000,0.030,0.919,0.050
531500,0.030,0.894,0.076
532000,0.030,0.898,0.072
532500,0.030,0.912,0.058
533000,0.030,0.920,0.050
533500,0.030,0.891,0.079
534000,0.030,0.911,0.059
534500,0.030,0.904,0.066
535000,0.030,0.927,0.042
535500,0.030,0.922,0.048
536000,0.030,0.901,0.069
536500,0.030,0.908,0.061
537000,0.030,0.921,0.049
537500,0.030,0.898,0.072
538000,0.030,0.894,0.076
538500,0.030,0.895,0.075
539000,0.030,0.914,0.056
539500,0.030,0.893,0.077
540000,0.030,0.904,0.066
540500,0.030,0.899,0.071
541000,0.030,0.899,0.071
541500,0.030,0.919,0.051
542000,0.030,0.931,0.039
542500,0.030,0.906,0.064
543000,0.030,0.928,0.042
543500,0.030,0.905,0.065
544000,0.030,0.863,0.107
544500,0.030,0.918,0.051
545000,0.030,0.914,0.056
545500,0.030,0.913,0.056
546000,0.030,0.909,0.060
546500,0.030,0.927,0.043
547000,0.030,0.926,0.043
547500,0.030,0.928,0.041
548000,0.030,0.911,0.058
548500,0.030,0.910,0.059
549000,0.030,0.909,0.061
549500,0.030,0.906,0.064
550000,0.030,0.912,0.058
550500,0.030,0.920,0.050
551000,0.030,0.908,0.062
551500,0.030,0.902,0.068
552000,0.030,0.923,0.047
552500,0.030,0.911,0.059
553000,0.030,0.936,0.033
553500,0.030,0.922,0.048
554000,0.030,0.903,0.067
554500,0.030,0.914,0.055
555000,0.030,0.919,0.050
555500,0.030,0.923,0.046
556000,0.030,0.908,0.062
556500,0.030,0.903,0.067
557000,0.030,0.913,0.056
557500,0.030,0.910,0.059
558000,0.030,0.921,0.049
558500,0.030,0.914,0.056
559000,0.030,0.919,0.051
559500,0.030,0.914,0.056
560000,0.030,0.904,0.066
560500,0.030,0.915,0.055
561000,0.030,0.929,0.041
561500,0.030,0.911,0.058
562000,0.030,0.918,0.051
562500,0.030,0.913,0.056
563000,0.030,0.912,0.058
563500,0.030,0.911,0.059
564000,0.030,0.879,0.091
564500,0.030,0.907,0.062
565000,0.030,0.905,0.065
565500,0.030,0.907,0.063
566000,0.030,0.884,0.086
566500,0.030,0.898,0.072
567000,0.030,0.906,0.064
567500,0.030,0.897,0.073
568000,0.030,0.892,0.078
568500,0.030,0.895,0.075
569000,0.030,0.907,0.062
569500,0.030,0.887,0.083
570000,0.030,0.912,0.057
570500,0.030,0.908,0.061
571000,0.030,0.876,0.094
571500,0.030,0.906,0.064
572000,0.030,0.909,0.061
572500,0.030,0.911,0.059
573000,0.030,0.895,0.075
573500,0.030,0.891,0.079
574000,0.030,0.894,0.076
574500,0.030,0.913,0.057
575000,0.030,0.910,0.060
575500,0.030,0.887,0.083
576000,0.030,0.905,0.065
576500,0.030,0.906,0.064
577000,0.030,0.921,0.049
577500,0.030,0.901,0.069
578000,0.030,0.919,0.050
578500,0.030,0.926,0.044
579000,0.030,0.917,0.052
579500,0.030,0.913,0.057
580000,0.030,0.916,0.054
580500,0.030,0.908,0.061
581000,0.030,0.915,0.055
581500,0.030,0.906,0.064
582000,0.030,0.898,0.072
582500,0.030,0.901,0.069
583000,0.030,0.909,0.061
583500,0.030,0.899,0.071
584000,0.030,0.909,0.060
584500,0.030,0.912,0.058
585000,0.030,0.913,0.057
585500,0.030,0.911,0.059
586000,0.030,0.922,0.047
586500,0.030,0.921,0.049
587000,0.030,0.912,0.058
587500,0.030,0.928,0.042
588000,0.030,0.922,0.048
588500,0.030,0.922,0.047
589000,0.030,0.894,0.076
589500,0.030,0.912,0.057
590000,0.030,0.920,0.049
590500,0.030,0.912,0.058
591000,0.030,0.902,0.068
591500,0.030,0.896,0.074
592000,0.030,0.893,0.077
592500,0.030,0.915,0.054
593000,0.030,0.916,0.054
593500,0.030,0.905,0.065
594000,0.030,0.915,0.054
594500,0.030,0.908,0.061
595000,0.030,0.922,0.048
595500,0.030,0.915,0.054
596000,0.030,0.917,0.053
596500,0.030,0.919,0.050
597000,0.030,0.924,0.046
597500,0.030,0.916,0.053
598000,0.030,0.900,0.070
598500,0.030,0.894,0.076
599000,0.030,0.913,0.056
599500,0.030,0.930,0.040
600000,0.030,0.907,0.063
600500,0.030,0.903,0.067
601000,0.030,0.921,0.048
601500,0.030,0.910,0.059
602000,0.030,0.901,0.069
602500,0.030,0.891,0.079
603000,0.030,0.885,0.085
603500,0.030,0.897,0.073
604000,0.030,0.897,0.073
604500,0.030,0.899,0.071
605000,0.030,0.908,0.061
605500,0.030,0.890,0.080
606000,0.030,0.902,0.068
606500,0.030,0.914,0.056
607000,0.030,0.912,0.058
607500,0.030,0.926,0.043
608000,0.030,0.924,0.046
608500,0.030,0.915,0.054
609000,0.030,0.927,0.042
609500,0.030,0.934,0.035
610000,0.030,0.930,0.040
610500,0.030,0.930,0.039
611000,0.030,0.924,0.046
611500,0.030,0.930,0.039
612000,0.030,0.903,0.067
612500,0.030,0.883,0.087
613000,0.030,0.897,0.073
613500,0.030,0.878,0.092
614000,0.030,0.896,0.074
614500,0.030,0.913,0.057
615000,0.030,0.917,0.052
615500,0.030,0.905,0.065
616000,0.030,0.915,0.054
616500,0.030,0.914,0.056
617000,0.030,0.887,0.083
617500,0.030,0.903,0.067
618000,0.030,0.911,0.058
618500,0.030,0.903,0.067
619000,0.030,0.875,0.095
619500,0.030,0.883,0.087
620000,0.030,0.900,0.070
620500,0.030,0.894,0.076
621000,0.030,0.913,0.056
621500,0.030,0.906,0.064
622000,0.030,0.899,0.071
622500,0.030,0.915,0.055
623000,0.030,0.928,0.042
623500,0.030,0.940,0.030
624000,0.030,0.940,0.030
624500,0.030,0.902,0.068
625000,0.030,0.888,0.082
625500,0.030,0.889,0.081
626000,0.030,0.897,0.073
626500,0.030,0.902,0.068
627000,0.030,0.907,0.063
627500,0.030,0.902,0.068
628000,0.030,0.887,0.083
628500,0.030,0.871,0.099
629000,0.030,0.894,0.076
629500,0.030,0.893,0.077
630000,0.030,0.906,0.064
630500,0.030,0.910,0.060
631000,0.030,0.909,0.060
631500,0.030,0.918,0.051
632000,0.030,0.910,0.060
632500,0.030,0.920,0.049
633000,0.030,0.913,0.056
633500,0.030,0.926,0.043
634000,0.030,0.902,0.068
634500,0.030,0.885,0.085
635000,0.030,0.912,0.058
635500,0.030,0.910,0.059
636000,0.030,0.911,0.058
636500,0.030,0.895,0.075
637000,0.030,0.887,0.083
637500,0.030,0.909,0.061
638000,0.030,0.903,0.067
638500,0.030,0.918,0.052
639000,0.030,0.917,0.052
639500,0.030,0.927,0.042
640000,0.030,0.924,0.046
640500,0.030,0.915,0.054
641000,0.030,0.920,0.049
641500,0.030,0.911,0.058
642000,0.030,0.907,0.063
642500,0.030,0.896,0.074
643000,0.030,0.897,0.073
643500,0.030,0.901,0.069
644000,0.030,0.897,0.073
644500,0.030,0.920,0.050
645000,0.030,0.920,0.049
645500,0.030,0.909,0.061
646000,0.030,0.921,0.049
646500,0.030,0.908,0.062
647000,0.030,0.907,0.063
647500,0.030,0.895,0.075
648000,0.030,0.906,0.064
648500,0.030,0.888,0.082
649000,0.030,0.901,0.069
649500,0.030,0.886,0.084
650000,0.030,0.901,0.069
650500,0.030,0.900,0.070
651000,0.030,0.895,0.075
651500,0.030,0.914,0.055
652000,0.030,0.916,0.054
652500,0.030,0.913,0.056
653000,0.030,0.924,0.046
653500,0.030,0.910,0.060
654000,0.030,0.914,0.056
654500,0.030,0.904,0.066
655000,0.030,0.898,0.072
655500,0.030,0.913,0.056
656000,0.030,0.901,0.069
656500,0.030,0.916,0.053
657000,0.030,0.921,0.048
657500,0.030,0.899,0.071
658000,0.030,0.887,0.083
658500,0.030,0.866,0.104
659000,0.030,0.883,0.087
659500,0.030,0.899,0.071
660000,0.030,0.916,0.054
660500,0.030,0.890,0.080
661000,0.030,0.915,0.054
661500,0.030,0.916,0.054
662000,0.030,0.924,0.046
662500,0.030,0.924,0.045
663000,0.030,0.899,0.071
663500,0.030,0.874,0.096
664000,0.030,0.888,0.082
664500,0.030,0.916,0.053
665000,0.030,0.918,0.052
665500,0.030,0.909,0.061
666000,0.030,0.941,0.029
666500,0.030,0.924,0.045
667000,0.030,0.899,0.071
667500,0.030,0.895,0.075
668000,0.030,0.881,0.089
668500,0.030,0.896,0.074
669000,0.030,0.891,0.079
669500,0.030,0.905,0.065
670000,0.030,0.894,0.076
670500,0.030,0.881,0.089
671000,0.030,0.902,0.068
671500,0.030,0.902,0.068
672000,0.030,0.888,0.082
672500,0.030,0.885,0.085
673000,0.030,0.893,0.077
673500,0.030,0.928,0.042
674000,0.030,0.915,0.055
674500,0.030,0.918,0.052
675000,0.030,0.916,0.053
675500,0.030,0.898,0.072
676000,0.030,0.892,0.078
676500,0.030,0.916,0.053
677000,0.030,0.893,0.077
677500,0.030,0.903,0.067
678000,0.030,0.919,0.050
678500,0.030,0.902,0.068
679000,0.030,0.901,0.069
679500,0.030,0.911,0.059
680000,0.030,0.888,0.082
680500,0.030,0.907,0.063
681000,0.030,0.910,0.060
681500,0.030,0.914,0.056
682000,0.030,0.905,0.065
682500,0.030,0.902,0.068
683000,0.030,0.920,0.049
683500,0.030,0.923,0.047
684000,0.030,0.906,0.064
684500,0.030,0.914,0.055
685000,0.030,0.926,0.043
685500,0.030,0.909,0.061
686000,0.030,0.915,0.055
686500,0.030,0.893,0.077
687000,0.030,0.886,0.084
687500,0.030,0.875,0.095
688000,0.030,0.873,0.097
688500,0.030,0.880,0.090
689000,0.030,0.891,0.079
689500,0.030,0.914,0.055
690000,0.030,0.906,0.064
690500,0.030,0.898,0.072
691000,0.030,0.887,0.083
691500,0.030,0.910,0.060
692000,0.030,0.911,0.058
692500,0.030,0.897,0.073
693000,0.030,0.911,0.058
693500,0.030,0.919,0.050
694000,0.030,0.913,0.057
694500,0.030,0.909,0.060
695000,0.030,0.910,0.060
695500,0.030,0.912,0.058
696000,0.030,0.925,0.044
696500,0.030,0.898,0.072
697000,0.030,0.918,0.051
697500,0.030,0.913,0.057
698000,0.030,0.899,0.071
698500,0.030,0.917,0.052
699000,0.030,0.922,0.047
699500,0.030,0.924,0.045
700000,0.030,0.899,0.071
700500,0.030,0.896,0.074
701000,0.030,0.895,0.075
701500,0.030,0.919,0.051
702000,0.030,0.908,0.061
702500,0.030,0.902,0.068
703000,0.030,0.896,0.074
703500,0.030,0.893,0.077
704000,0.030,0.896,0.074
704500,0.030,0.901,0.069
705000,0.030,0.916,0.054
705500,0.030,0.915,0.054
706000,0.030,0.901,0.069
706500,0.030,0.894,0.076
707000,0.030,0.914,0.056
707500,0.030,0.930,0.040
708000,0.030,0.909,0.060
708500,0.030,0.909,0.060
709000,0.030,0.891,0.079
709500,0.030,0.884,0.086
710000,0.030,0.882,0.088
710500,0.030,0.872,0.098
711000,0.030,0.875,0.095
711500,0.030,0.889,0.081
712000,0.030,0.898,0.072
712500,0.030,0.899,0.071
713000,0.030,0.903,0.067
713500,0.030,0.897,0.073
714000,0.030,0.901,0.069
714500,0.030,0.931,0.039
715000,0.030,0.914,0.056
715500,0.030,0.884,0.086
716000,0.030,0.904,0.066
716500,0.030,0.914,0.055
717000,0.030,0.909,0.060
717500,0.030,0.922,0.047
718000,0.030,0.911,0.059
718500,0.030,0.905,0.065
719000,0.030,0.904,0.066
719500,0.030,0.918,0.051
720000,0.030,0.910,0.059
720500,0.030,0.909,0.061
721000,0.030,0.909,0.061
721500,0.030,0.933,0.036
722000,0.030,0.905,0.065
722500,0.030,0.906,0.064
723000,0.030,0.912,0.057
723500,0.030,0.916,0.053
724000,0.030,0.918,0.051
724500,0.030,0.932,0.037
725000,0.030,0.936,0.034
725500,0.030,0.917,0.052
726000,0.030,0.916,0.054
726500,0.030,0.903,0.067
727000,0.030,0.888,0.082
727500,0.030,0.892,0.078
728000,0.030,0.913,0.057
728500,0.030,0.916,0.053
729000,0.030,0.923,0.047
729500,0.030,0.923,0.047
730000,0.030,0.908,0.061
730500,0.030,0.907,0.062
731000,0.030,0.893,0.077
731500,0.030,0.892,0.078
732000,0.030,0.913,0.056
732500,0.030,0.909,0.061
733000,0.030,0.905,0.065
733500,0.030,0.923,0.047
734000,0.030,0.898,0.072
734500,0.030,0.884,0.086
735000,0.030,0.883,0.087
735500,0.030,0.902,0.068
736000,0.030,0.891,0.079
736500,0.030,0.891,0.079
737000,0.030,0.888,0.082
737500,0.030,0.871,0.099
738000,0.030,0.865,0.105
738500,0.030,0.856,0.114
739000,0.030,0.898,0.072
739500,0.030,0.899,0.071
740000,0.030,0.911,0.059
740500,0.030,0.920,0.050
741000,0.030,0.922,0.047
741500,0.030,0.906,0.064
742000,0.030,0.900,0.070
742500,0.030,0.893,0.077
743000,0.030,0.872,0.098
743500,0.030,0.872,0.098
744000,0.030,0.910,0.059
744500,0.030,0.907,0.063
745000,0.030,0.896,0.074
745500,0.030,0.909,0.061
746000,0.030,0.894,0.076
746500,0.030,0.906,0.064
747000,0.030,0.917,0.053
747500,0.030,0.916,0.054
748000,0.030,0.889,0.081
748500,0.030,0.888,0.082
749000,0.030,0.886,0.084
749500,0.030,0.920,0.049
750000,0.030,0.912,0.058
750500,0.030,0.914,0.056
751000,0.030,0.906,0.064
751500,0.030,0.902,0.068
752000,0.030,0.900,0.070
752500,0.030,0.903,0.067
753000,0.030,0.912,0.058
753500,0.030,0.917,0.053
754000,0.030,0.890,0.080
754500,0.030,0.913,0.057
755000,0.030,0.913,0.056
755500,0.030,0.913,0.056
756000,0.030,0.873,0.097
756500,0.030,0.852,0.118
757000,0.030,0.877,0.093
757500,0.030,0.900,0.070
758000,0.030,0.919,0.050
758500,0.030,0.897,0.073
759000,0.030,0.922,0.048
759500,0.030,0.900,0.070
760000,0.030,0.907,0.062
760500,0.030,0.907,0.062
761000,0.030,0.877,0.093
761500,0.030,0.895,0.075
762000,0.030,0.895,0.075
762500,0.030,0.900,0.070
763000,0.030,0.891,0.079
763500,0.030,0.908,0.061
764000,0.030,0.914,0.056
764500,0.030,0.932,0.038
765000,0.030,0.924,0.045
765500,0.030,0.910,0.059
766000,0.030,0.918,0.052
766500,0.030,0.913,0.056
767000,0.030,0.914,0.055
767500,0.030,0.880,0.090
768000,0.030,0.878,0.092
768500,0.030,0.900,0.070
769000,0.030,0.887,0.083
769500,0.030,0.871,0.099
770000,0.030,0.908,0.062
770500,0.030,0.923,0.047
771000,0.030,0.927,0.042
771500,0.030,0.925,0.044
772000,0.030,0.895,0.075
772500,0.030,0.924,0.046
773000,0.030,0.912,0.057
773500,0.030,0.939,0.031
774000,0.030,0.922,0.047
774500,0.030,0.924,0.045
775000,0.030,0.922,0.048
775500,0.030,0.919,0.051
776000,0.030,0.917,0.053
776500,0.030,0.918,0.052
777000,0.030,0.926,0.044
777500,0.030,0.913,0.057
778000,0.030,0.913,0.056
778500,0.030,0.919,0.050
779000,0.030,0.908,0.062
779500,0.030,0.888,0.082
780000,0.030,0.877,0.093
780500,0.030,0.890,0.080
781000,0.030,0.882,0.088
781500,0.030,0.888,0.082
782000,0.030,0.881,0.089
782500,0.030,0.902,0.068
783000,0.030,0.917,0.052
783500,0.030,0.900,0.070
784000,0.030,0.865,0.105
784500,0.030,0.888,0.082
785000,0.030,0.906,0.064
785500,0.030,0.888,0.082
786000,0.030,0.892,0.078
786500,0.030,0.882,0.088
787000,0.030,0.905,0.065
787500,0.030,0.904,0.066
788000,0.030,0.912,0.058
788500,0.030,0.899,0.071
789000,0.030,0.892,0.078
789500,0.030,0.920,0.049
790000,0.030,0.900,0.070
790500,0.030,0.908,0.062
791000,0.030,0.900,0.070
791500,0.030,0.922,0.047
792000,0.030,0.906,0.064
792500,0.030,0.900,0.070
793000,0.030,0.904,0.066
793500,0.030,0.902,0.068
794000,0.030,0.909,0.060
794500,0.030,0.924,0.046
795000,0.030,0.899,0.071
795500,0.030,0.903,0.067
796000,0.030,0.901,0.069
796500,0.030,0.890,0.080
797000,0.030,0.891,0.079
797500,0.030,0.881,0.089
798000,0.030,0.902,0.068
798500,0.030,0.879,0.091
799000,0.030,0.886,0.084
799500,0.030,0.898,0.072
800000,0.030,0.889,0.081
800500,0.030,0.899,0.071
801000,0.030,0.895,0.075
801500,0.030,0.901,0.069
802000,0.030,0.897,0.073
802500,0.030,0.905,0.065
803000,0.030,0.898,0.072
803500,0.030,0.895,0.075
804000,0.030,0.885,0.085
804500,0.030,0.905,0.065
805000,0.030,0.915,0.054
805500,0.030,0.912,0.057
806000,0.030,0.913,0.056
806500,0.030,0.920,0.049
807000,0.030,0.904,0.066
807500,0.030,0.894,0.076
808000,0.030,0.917,0.053
808500,0.030,0.918,0.051
809000,0.030,0.911,0.058
809500,0.030,0.907,0.063
810000,0.030,0.894,0.076
810500,0.030,0.916,0.054
811000,0.030,0.902,0.068
811500,0.030,0.903,0.067
812000,0.030,0.901,0.069
812500,0.030,0.887,0.083
813000,0.030,0.914,0.056
813500,0.030,0.870,0.100
814000,0.030,0.895,0.075
814500,0.030,0.890,0.080
815000,0.030,0.883,0.087
815500,0.030,0.902,0.068
816000,0.030,0.908,0.062
816500,0.030,0.897,0.073
817000,0.030,0.894,0.076
817500,0.030,0.885,0.085
818000,0.030,0.873,0.097
818500,0.030,0.888,0.082
819000,0.030,0.906,0.064
819500,0.030,0.917,0.053
820000,0.030,0.892,0.078
820500,0.030,0.892,0.078
821000,0.030,0.868,0.102
821500,0.030,0.877,0.093
822000,0.030,0.889,0.081
822500,0.030,0.885,0.085
823000,0.030,0.888,0.082
823500,0.030,0.880,0.090
824000,0.030,0.883,0.087
824500,0.030,0.902,0.068
825000,0.030,0.902,0.068
825500,0.030,0.902,0.068
826000,0.030,0.920,0.050
826500,0.030,0.893,0.077
827000,0.030,0.888,0.082
827500,0.030,0.900,0.070
828000,0.030,0.938,0.032
828500,0.030,0.920,0.049
829000,0.030,0.927,0.042
829500,0.030,0.910,0.060
830000,0.030,0.887,0.083
830500,0.030,0.893,0.077
831000,0.030,0.902,0.068
831500,0.030,0.893,0.077
832000,0.030,0.906,0.064
832500,0.030,0.900,0.070
833000,0.030,0.915,0.055
833500,0.030,0.916,0.054
834000,0.030,0.922,0.047
834500,0.030,0.897,0.073
835000,0.030,0.913,0.056
835500,0.030,0.905,0.065
836000,0.030,0.901,0.069
836500,0.030,0.894,0.076
837000,0.030,0.901,0.069
837500,0.030,0.912,0.058
838000,0.030,0.911,0.059
838500,0.030,0.907,0.062
839000,0.030,0.906,0.064
839500,0.030,0.922,0.047
840000,0.030,0.926,0.043
840500,0.030,0.923,0.047
841000,0.030,0.917,0.053
841500,0.030,0.917,0.053
842000,0.030,0.924,0.045
842500,0.030,0.903,0.067
843000,0.030,0.920,0.049
843500,0.030,0.919,0.050
844000,0.030,0.919,0.050
844500,0.030,0.910,0.059
845000,0.030,0.919,0.051
845500,0.030,0.917,0.053
846000,0.030,0.912,0.058
846500,0.030,0.915,0.055
847000,0.030,0.912,0.057
847500,0.030,0.905,0.065
848000,0.030,0.909,0.060
848500,0.030,0.908,0.061
849000,0.030,0.913,0.056
849500,0.030,0.891,0.079
850000,0.030,0.889,0.081
850500,0.030,0.886,0.084
851000,0.030,0.911,0.059
851500,0.030,0.895,0.075
852000,0.030,0.889,0.081
852500,0.030,0.903,0.067
853000,0.030,0.907,0.062
853500,0.030,0.920,0.049
854000,0.030,0.924,0.045
854500,0.030,0.892,0.078
855000,0.030,0.894,0.076
855500,0.030,0.892,0.078
856000,0.030,0.918,0.051
856500,0.030,0.922,0.048
857000,0.030,0.898,0.072
857500,0.030,0.887,0.083
858000,0.030,0.889,0.081
858500,0.030,0.907,0.063
859000,0.030,0.896,0.074
859500,0.030,0.900,0.070
860000,0.030,0.903,0.067
860500,0.030,0.912,0.057
861000,0.030,0.915,0.054
861500,0.030,0.923,0.047
862000,0.030,0.916,0.054
862500,0.030,0.902,0.068
863000,0.030,0.883,0.087
863500,0.030,0.922,0.048
864000,0.030,0.915,0.054
864500,0.030,0.913,0.057
865000,0.030,0.936,0.033
865500,0.030,0.895,0.075
866000,0.030,0.896,0.074
866500,0.030,0.899,0.071
867000,0.030,0.883,0.087
867500,0.030,0.871,0.099
868000,0.030,0.887,0.083
868500,0.030,0.900,0.070
869000,0.030,0.927,0.042
869500,0.030,0.896,0.074
870000,0.030,0.893,0.077
870500,0.030,0.898,0.072
871000,0.030,0.912,0.058
871500,0.030,0.903,0.067
872000,0.030,0.904,0.066
872500,0.030,0.906,0.064
873000,0.030,0.892,0.078
873500,0.030,0.893,0.077
874000,0.030,0.911,0.059
874500,0.030,0.875,0.095
875000,0.030,0.869,0.101
875500,0.030,0.876,0.094
876000,0.030,0.892,0.078
876500,0.030,0.918,0.051
877000,0.030,0.901,0.069
877500,0.030,0.902,0.068
878000,0.030,0.908,0.062
878500,0.030,0.892,0.078
879000,0.030,0.899,0.071
879500,0.030,0.914,0.055
880000,0.030,0.919,0.051
880500,0.030,0.906,0.064
881000,0.030,0.911,0.059
881500,0.030,0.912,0.058
882000,0.030,0.925,0.045
882500,0.030,0.894,0.076
883000,0.030,0.910,0.059
883500,0.030,0.913,0.057
884000,0.030,0.926,0.043
884500,0.030,0.905,0.065
885000,0.030,0.891,0.079
885500,0.030,0.905,0.065
886000,0.030,0.907,0.062
886500,0.030,0.904,0.066
887000,0.030,0.908,0.061
887500,0.030,0.892,0.078
888000,0.030,0.894,0.076
888500,0.030,0.922,0.047
889000,0.030,0.907,0.063
889500,0.030,0.924,0.046
890000,0.030,0.906,0.064
890500,0.030,0.906,0.064
891000,0.030,0.915,0.055
891500,0.030,0.910,0.060
892000,0.030,0.917,0.053
892500,0.030,0.914,0.055
893000,0.030,0.919,0.050
893500,0.030,0.912,0.057
894000,0.030,0.916,0.053
894500,0.030,0.895,0.075
895000,0.030,0.895,0.075
895500,0.030,0.916,0.053
896000,0.030,0.926,0.044
896500,0.030,0.930,0.040
897000,0.030,0.934,0.035
897500,0.030,0.911,0.059
898000,0.030,0.886,0.084
898500,0.030,0.888,0.082
899000,0.030,0.891,0.079
899500,0.030,0.890,0.080
900000,0.030,0.896,0.074
900500,0.030,0.918,0.052
901000,0.030,0.914,0.055
901500,0.030,0.902,0.068
902000,0.030,0.893,0.077
902500,0.030,0.893,0.077
903000,0.030,0.896,0.074
903500,0.030,0.920,0.050
904000,0.030,0.922,0.048
904500,0.030,0.900,0.070
905000,0.030,0.871,0.099
905500,0.030,0.881,0.089
906000,0.030,0.892,0.078
906500,0.030,0.915,0.054
907000,0.030,0.903,0.067
907500,0.030,0.907,0.063
908000,0.030,0.868,0.102
908500,0.030,0.864,0.106
909000,0.030,0.865,0.105
909500,0.030,0.885,0.085
910000,0.030,0.890,0.080
910500,0.030,0.888,0.082
911000,0.030,0.890,0.080
911500,0.030,0.897,0.073
912000,0.030,0.901,0.069
912500,0.030,0.907,0.062
913000,0.030,0.897,0.073
913500,0.030,0.912,0.057
914000,0.030,0.930,0.040
914500,0.030,0.906,0.064
915000,0.030,0.906,0.064
915500,0.030,0.907,0.063
916000,0.030,0.900,0.070
916500,0.030,0.911,0.059
917000,0.030,0.917,0.052
917500,0.030,0.903,0.067
918000,0.030,0.901,0.069
918500,0.030,0.901,0.069
919000,0.030,0.884,0.086
919500,0.030,0.894,0.076
920000,0.030,0.884,0.086
920500,0.030,0.900,0.070
921000,0.030,0.901,0.069
921500,0.030,0.902,0.068
922000,0.030,0.902,0.068
922500,0.030,0.901,0.069
923000,0.030,0.903,0.067
923500,0.030,0.905,0.065
924000,0.030,0.915,0.055
924500,0.030,0.910,0.059
925000,0.030,0.910,0.059
925500,0.030,0.909,0.060
926000,0.030,0.921,0.048
926500,0.030,0.903,0.067
927000,0.030,0.907,0.062
927500,0.030,0.915,0.054
928000,0.030,0.923,0.047
928500,0.030,0.923,0.046
929000,0.030,0.920,0.050
929500,0.030,0.916,0.053
930000,0.030,0.931,0.038
930500,0.030,0.931,0.038
931000,0.030,0.927,0.043
931500,0.030,0.930,0.039
932000,0.030,0.930,0.040
932500,0.030,0.934,0.035
933000,0.030,0.901,0.069
933500,0.030,0.890,0.080
934000,0.030,0.905,0.065
934500,0.030,0.918,0.052
935000,0.030,0.913,0.056
935500,0.030,0.926,0.044
936000,0.030,0.924,0.045
936500,0.030,0.921,0.049
937000,0.030,0.917,0.052
937500,0.030,0.884,0.086
938000,0.030,0.889,0.081
938500,0.030,0.893,0.077
939000,0.030,0.900,0.070
939500,0.030,0.864,0.106
940000,0.030,0.875,0.095
940500,0.030,0.879,0.091
941000,0.030,0.886,0.084
941500,0.030,0.874,0.096
942000,0.030,0.904,0.066
942500,0.030,0.894,0.076
943000,0.030,0.899,0.071
943500,0.030,0.915,0.055
944000,0.030,0.916,0.053
944500,0.030,0.920,0.049
945000,0.030,0.916,0.053
945500,0.030,0.927,0.043
946000,0.030,0.927,0.043
946500,0.030,0.941,0.029
947000,0.030,0.941,0.029
947500,0.030,0.938,0.032
948000,0.030,0.922,0.048
948500,0.030,0.913,0.056
949000,0.030,0.911,0.058
949500,0.030,0.908,0.061
950000,0.030,0.906,0.064
950500,0.030,0.908,0.061
951000,0.030,0.895,0.075
951500,0.030,0.912,0.058
952000,0.030,0.903,0.067
952500,0.030,0.900,0.070
953000,0.030,0.921,0.048
953500,0.030,0.894,0.076
954000,0.030,0.905,0.065
954500,0.030,0.912,0.058
955000,0.030,0.908,0.062
955500,0.030,0.913,0.056
956000,0.030,0.887,0.083
956500,0.030,0.899,0.071
957000,0.030,0.872,0.098
957500,0.030,0.902,0.068
958000,0.030,0.910,0.059
958500,0.030,0.902,0.068
959000,0.030,0.894,0.076
959500,0.030,0.903,0.067
960000,0.030,0.886,0.084
960500,0.030,0.875,0.095
961000,0.030,0.889,0.081
961500,0.030,0.910,0.060
962000,0.030,0.919,0.051
962500,0.030,0.913,0.056
963000,0.030,0.913,0.056
963500,0.030,0.875,0.095
964000,0.030,0.875,0.095
964500,0.030,0.861,0.109
965000,0.030,0.882,0.088
965500,0.030,0.894,0.076
966000,0.030,0.913,0.056
966500,0.030,0.904,0.066
967000,0.030,0.911,0.058
967500,0.030,0.897,0.073
968000,0.030,0.916,0.054
968500,0.030,0.879,0.091
969000,0.030,0.914,0.056
969500,0.030,0.912,0.058
970000,0.030,0.903,0.067
970500,0.030,0.908,0.062
971000,0.030,0.902,0.068
971500,0.030,0.903,0.067
972000,0.030,0.878,0.092
972500,0.030,0.870,0.100
973000,0.030,0.894,0.076
973500,0.030,0.907,0.062
974000,0.030,0.897,0.073
974500,0.030,0.886,0.084
975000,0.030,0.885,0.085
975500,0.030,0.910,0.060
976000,0.030,0.883,0.087
976500,0.030,0.909,0.060
977000,0.030,0.924,0.045
977500,0.030,0.894,0.076
978000,0.030,0.877,0.093
978500,0.030,0.911,0.058
979000,0.030,0.900,0.070
979500,0.030,0.911,0.059
980000,0.030,0.890,0.080
980500,0.030,0.899,0.071
981000,0.030,0.919,0.050
981500,0.030,0.907,0.062
982000,0.030,0.907,0.063
982500,0.030,0.917,0.053
983000,0.030,0.913,0.056
983500,0.030,0.924,0.045
984000,0.030,0.920,0.050
984500,0.030,0.901,0.069
985000,0.030,0.940,0.030
985500,0.030,0.919,0.051
986000,0.030,0.913,0.056
986500,0.030,0.882,0.088
987000,0.030,0.891,0.079
987500,0.030,0.910,0.059
988000,0.030,0.897,0.073
988500,0.030,0.907,0.063
989000,0.030,0.904,0.066
989500,0.030,0.907,0.063
990000,0.030,0.913,0.057
990500,0.030,0.913,0.056
991000,0.030,0.911,0.059
991500,0.030,0.910,0.060
992000,0.030,0.906,0.064
992500,0.030,0.921,0.048
993000,0.030,0.912,0.057
993500,0.030,0.909,0.060
994000,0.030,0.894,0.076
994500,0.030,0.902,0.068
995000,0.030,0.903,0.067
995500,0.030,0.898,0.072
996000,0.030,0.905,0.065
996500,0.030,0.905,0.065
997000,0.030,0.903,0.067
997500,0.030,0.897,0.073
998000,0.030,0.885,0.085
998500,0.030,0.869,0.101
999000,0.030,0.906,0.064
999500,0.030,0.912,0.058
1000000,0.030,0.915,0.054
