time,n_A+p,n_B,n_AB
0,0.030,0.970,0.000
500,0.030,0.941,0.029
1000,0.030,0.916,0.054
1500,0.030,0.868,0.102
2000,0.031,0.752,0.217
2500,0.031,0.683,0.285
3000,0.031,0.726,0.243
3500,0.037,0.688,0.275
4000,0.033,0.690,0.277
4500,0.033,0.703,0.264
5000,0.036,0.679,0.285
5500,0.034,0.629,0.336
6000,0.038,0.595,0.367
6500,0.033,0.647,0.320
7000,0.034,0.695,0.271
7500,0.034,0.662,0.304
8000,0.030,0.708,0.262
8500,0.034,0.673,0.293
9000,0.032,0.668,0.300
9500,0.033,0.621,0.346
10000,0.036,0.577,0.387
10500,0.040,0.625,0.335
11000,0.034,0.612,0.354
11500,0.038,0.616,0.346
12000,0.036,0.608,0.356
12500,0.031,0.616,0.353
13000,0.031,0.630,0.338
13500,0.034,0.625,0.342
14000,0.038,0.601,0.361
14500,0.036,0.616,0.348
15000,0.038,0.615,0.347
15500,0.033,0.616,0.351
16000,0.037,0.573,0.390
16500,0.048,0.456,0.495
17000,0.042,0.498,0.460
17500,0.040,0.487,0.473
18000,0.044,0.492,0.463
18500,0.045,0.527,0.428
19000,0.045,0.427,0.528
19500,0.049,0.414,0.537
20000,0.044,0.470,0.487
20500,0.050,0.501,0.449
21000,0.047,0.455,0.499
21500,0.048,0.464,0.487
22000,0.045,0.462,0.492
22500,0.040,0.500,0.460
23000,0.040,0.491,0.470
23500,0.044,0.475,0.481
24000,0.042,0.476,0.482
24500,0.042,0.474,0.483
25000,0.055,0.451,0.495
25500,0.045,0.460,0.495
26000,0.055,0.410,0.535
26500,0.060,0.369,0.571
27000,0.048,0.429,0.523
27500,0.043,0.469,0.488
28000,0.044,0.501,0.455
28500,0.044,0.488,0.467
29000,0.043,0.494,0.463
29500,0.042,0.524,0.434
30000,0.044,0.512,0.444
30500,0.043,0.530,0.427
31000,0.043,0.571,0.386
31500,0.036,0.610,0.354
32000,0.042,0.617,0.341
32500,0.040,0.548,0.412
33000,0.044,0.579,0.378
33500,0.044,0.595,0.361
34000,0.046,0.559,0.395
34500,0.051,0.604,0.345
35000,0.043,0.609,0.347
35500,0.041,0.562,0.397
36000,0.038,0.545,0.417
36500,0.039,0.538,0.423
37000,0.042,0.538,0.419
37500,0.046,0.539,0.415
38000,0.047,0.498,0.455
38500,0.048,0.480,0.472
39000,0.051,0.467,0.482
39500,0.050,0.416,0.534
40000,0.041,0.439,0.520
40500,0.054,0.458,0.489
41000,0.051,0.445,0.503
41500,0.051,0.388,0.561
42000,0.056,0.368,0.576
42500,0.064,0.370,0.566
43000,0.058,0.413,0.529
43500,0.051,0.478,0.470
44000,0.044,0.452,0.504
44500,0.044,0.492,0.464
45000,0.038,0.548,0.414
45500,0.037,0.547,0.416
46000,0.035,0.566,0.399
46500,0.045,0.595,0.360
47000,0.041,0.566,0.392
47500,0.040,0.589,0.371
48000,0.038,0.510,0.452
48500,0.039,0.498,0.463
49000,0.044,0.462,0.494
49500,0.040,0.492,0.467
50000,0.038,0.543,0.419
50500,0.035,0.508,0.457
51000,0.037,0.495,0.467
51500,0.037,0.517,0.446
52000,0.037,0.534,0.428
52500,0.034,0.607,0.359
53000,0.034,0.600,0.367
53500,0.036,0.626,0.338
54000,0.041,0.555,0.404
54500,0.042,0.464,0.493
55000,0.047,0.422,0.531
55500,0.053,0.448,0.499
56000,0.051,0.469,0.480
56500,0.064,0.435,0.501
57000,0.074,0.358,0.568
57500,0.094,0.342,0.563
58000,0.088,0.342,0.570
58500,0.077,0.367,0.555
59000,0.054,0.402,0.545
59500,0.049,0.444,0.508
60000,0.043,0.483,0.474
60500,0.040,0.480,0.480
61000,0.041,0.544,0.416
61500,0.038,0.537,0.425
62000,0.041,0.541,0.419
62500,0.046,0.561,0.393
63000,0.042,0.553,0.405
63500,0.041,0.583,0.375
64000,0.042,0.570,0.388
64500,0.042,0.559,0.399
65000,0.038,0.545,0.416
65500,0.041,0.541,0.417
66000,0.037,0.570,0.393
66500,0.048,0.538,0.413
67000,0.048,0.467,0.485
67500,0.044,0.524,0.432
68000,0.044,0.526,0.430
68500,0.047,0.504,0.449
69000,0.043,0.504,0.453
69500,0.042,0.530,0.427
70000,0.038,0.541,0.420
70500,0.039,0.539,0.422
71000,0.041,0.550,0.409
71500,0.045,0.559,0.396
72000,0.040,0.560,0.400
72500,0.041,0.572,0.387
73000,0.042,0.532,0.425
73500,0.038,0.577,0.385
74000,0.042,0.511,0.446
74500,0.045,0.481,0.474
75000,0.038,0.513,0.449
75500,0.034,0.505,0.461
76000,0.042,0.470,0.487
76500,0.036,0.586,0.378
77000,0.040,0.507,0.453
77500,0.042,0.533,0.425
78000,0.042,0.554,0.405
78500,0.040,0.536,0.424
79000,0.034,0.541,0.425
79500,0.034,0.566,0.400
80000,0.041,0.549,0.410
80500,0.038,0.499,0.463
81000,0.044,0.488,0.469
81500,0.040,0.465,0.495
82000,0.041,0.481,0.478
82500,0.041,0.451,0.508
83000,0.047,0.477,0.477
83500,0.048,0.459,0.494
84000,0.058,0.497,0.445
84500,0.049,0.481,0.470
85000,0.048,0.474,0.478
85500,0.055,0.420,0.525
86000,0.047,0.515,0.438
86500,0.048,0.502,0.449
87000,0.042,0.537,0.420
87500,0.047,0.462,0.491
88000,0.047,0.459,0.494
88500,0.048,0.452,0.501
89000,0.054,0.523,0.424
89500,0.044,0.484,0.471
90000,0.047,0.442,0.511
90500,0.046,0.501,0.453
91000,0.045,0.524,0.431
91500,0.039,0.567,0.394
92000,0.037,0.605,0.357
92500,0.035,0.605,0.360
93000,0.039,0.577,0.384
93500,0.040,0.587,0.373
94000,0.037,0.580,0.382
94500,0.036,0.572,0.393
95000,0.036,0.569,0.395
95500,0.043,0.482,0.475
96000,0.038,0.544,0.418
96500,0.035,0.573,0.392
97000,0.041,0.615,0.344
97500,0.044,0.546,0.410
98000,0.040,0.502,0.458
98500,0.046,0.494,0.460
99000,0.054,0.445,0.501
99500,0.052,0.492,0.455
100000,0.047,0.474,0.480
100500,0.049,0.468,0.483
101000,0.044,0.523,0.432
101500,0.040,0.508,0.452
102000,0.046,0.437,0.517
102500,0.056,0.451,0.493
103000,0.047,0.473,0.480
103500,0.043,0.535,0.422
104000,0.037,0.600,0.363
104500,0.033,0.655,0.311
105000,0.033,0.634,0.334
105500,0.035,0.575,0.391
106000,0.039,0.573,0.388
106500,0.034,0.607,0.359
107000,0.040,0.557,0.403
107500,0.037,0.576,0.386
108000,0.035,0.506,0.459
108500,0.039,0.480,0.481
109000,0.052,0.471,0.477
109500,0.047,0.402,0.552
110000,0.051,0.460,0.488
110500,0.049,0.473,0.478
111000,0.047,0.462,0.491
111500,0.048,0.466,0.486
112000,0.045,0.500,0.455
112500,0.047,0.541,0.413
113000,0.041,0.568,0.391
113500,0.037,0.608,0.354
114000,0.037,0.653,0.310
114500,0.035,0.631,0.334
115000,0.035,0.629,0.336
115500,0.036,0.643,0.321
116000,0.034,0.669,0.296
116500,0.034,0.651,0.314
117000,0.037,0.600,0.363
117500,0.039,0.593,0.368
118000,0.037,0.644,0.319
118500,0.037,0.620,0.343
119000,0.036,0.590,0.374
119500,0.040,0.579,0.381
120000,0.039,0.595,0.366
120500,0.034,0.571,0.395
121000,0.036,0.622,0.342
121500,0.038,0.570,0.392
122000,0.039,0.579,0.382
122500,0.040,0.551,0.409
123000,0.037,0.502,0.461
123500,0.045,0.516,0.439
124000,0.040,0.525,0.435
124500,0.037,0.554,0.409
125000,0.038,0.531,0.430
125500,0.039,0.586,0.375
126000,0.038,0.563,0.398
126500,0.037,0.583,0.381
127000,0.038,0.593,0.370
127500,0.035,0.618,0.347
128000,0.037,0.592,0.371
128500,0.038,0.552,0.410
129000,0.037,0.583,0.380
129500,0.038,0.641,0.321
130000,0.038,0.595,0.367
130500,0.036,0.549,0.416
131000,0.035,0.596,0.369
131500,0.038,0.593,0.370
132000,0.037,0.619,0.345
132500,0.038,0.595,0.367
133000,0.038,0.556,0.406
133500,0.039,0.567,0.394
134000,0.038,0.549,0.413
134500,0.041,0.569,0.390
135000,0.038,0.613,0.349
135500,0.037,0.569,0.394
136000,0.034,0.572,0.394
136500,0.037,0.472,0.491
137000,0.047,0.486,0.467
137500,0.045,0.459,0.495
138000,0.041,0.537,0.423
138500,0.040,0.502,0.458
139000,0.043,0.515,0.442
139500,0.043,0.532,0.425
140000,0.042,0.533,0.425
140500,0.044,0.520,0.436
141000,0.041,0.505,0.454
141500,0.040,0.529,0.432
142000,0.044,0.520,0.437
142500,0.044,0.479,0.477
143000,0.042,0.528,0.430
143500,0.037,0.570,0.392
144000,0.038,0.594,0.368
144500,0.039,0.558,0.403
145000,0.037,0.522,0.441
145500,0.036,0.523,0.441
146000,0.034,0.512,0.453
146500,0.038,0.508,0.453
147000,0.041,0.475,0.484
147500,0.045,0.467,0.488
148000,0.038,0.484,0.478
148500,0.036,0.481,0.483
149000,0.056,0.510,0.434
149500,0.050,0.464,0.485
150000,0.058,0.475,0.467
150500,0.049,0.508,0.442
151000,0.043,0.522,0.435
151500,0.045,0.495,0.460
152000,0.044,0.517,0.439
152500,0.042,0.543,0.415
153000,0.040,0.552,0.408
153500,0.044,0.533,0.424
154000,0.045,0.537,0.418
154500,0.044,0.555,0.401
155000,0.037,0.573,0.389
155500,0.038,0.554,0.408
156000,0.035,0.595,0.370
156500,0.041,0.545,0.414
157000,0.042,0.544,0.414
157500,0.043,0.537,0.420
158000,0.042,0.517,0.441
158500,0.037,0.548,0.414
159000,0.038,0.555,0.406
159500,0.041,0.552,0.407
160000,0.036,0.529,0.435
160500,0.037,0.512,0.451
161000,0.039,0.504,0.457
161500,0.043,0.490,0.467
162000,0.038,0.545,0.417
162500,0.033,0.575,0.392
163000,0.037,0.608,0.355
163500,0.034,0.577,0.389
164000,0.033,0.611,0.357
164500,0.035,0.659,0.306
165000,0.033,0.680,0.287
165500,0.034,0.652,0.314
166000,0.037,0.601,0.361
166500,0.037,0.599,0.364
167000,0.040,0.544,0.417
167500,0.037,0.512,0.451
168000,0.040,0.532,0.428
168500,0.037,0.537,0.425
169000,0.038,0.580,0.382
169500,0.038,0.575,0.388
170000,0.035,0.642,0.323
170500,0.038,0.622,0.341
171000,0.038,0.567,0.395
171500,0.039,0.537,0.424
172000,0.041,0.573,0.386
172500,0.043,0.591,0.366
173000,0.038,0.624,0.338
173500,0.040,0.611,0.349
174000,0.038,0.599,0.363
174500,0.037,0.632,0.331
175000,0.037,0.660,0.303
175500,0.037,0.630,0.333
176000,0.035,0.609,0.356
176500,0.040,0.587,0.373
177000,0.037,0.627,0.336
177500,0.036,0.580,0.384
178000,0.037,0.629,0.335
178500,0.038,0.643,0.320
179000,0.036,0.618,0.346
179500,0.037,0.632,0.331
180000,0.038,0.656,0.306
180500,0.036,0.703,0.261
181000,0.035,0.700,0.265
181500,0.034,0.688,0.278
182000,0.035,0.595,0.370
182500,0.037,0.602,0.361
183000,0.037,0.605,0.359
183500,0.034,0.610,0.356
184000,0.035,0.651,0.314
184500,0.033,0.655,0.312
185000,0.034,0.558,0.408
185500,0.043,0.502,0.455
186000,0.044,0.530,0.425
186500,0.036,0.569,0.396
187000,0.038,0.586,0.376
187500,0.038,0.650,0.313
188000,0.039,0.595,0.366
188500,0.038,0.559,0.403
189000,0.034,0.623,0.343
189500,0.034,0.602,0.363
190000,0.036,0.587,0.377
190500,0.033,0.580,0.387
191000,0.038,0.587,0.375
191500,0.038,0.583,0.380
192000,0.039,0.611,0.350
192500,0.041,0.601,0.357
193000,0.036,0.609,0.355
193500,0.034,0.644,0.322
194000,0.037,0.598,0.364
194500,0.034,0.631,0.335
195000,0.037,0.610,0.353
195500,0.034,0.588,0.377
196000,0.037,0.566,0.397
196500,0.037,0.602,0.361
197000,0.035,0.647,0.318
197500,0.033,0.647,0.320
198000,0.037,0.619,0.345
198500,0.031,0.575,0.393
199000,0.033,0.645,0.322
199500,0.033,0.557,0.410
200000,0.034,0.580,0.386
200500,0.034,0.610,0.356
201000,0.034,0.587,0.379
201500,0.037,0.579,0.384
202000,0.034,0.593,0.373
202500,0.035,0.558,0.407
203000,0.033,0.599,0.368
203500,0.033,0.627,0.339
204000,0.035,0.658,0.307
204500,0.031,0.622,0.346
205000,0.034,0.562,0.403
205500,0.041,0.552,0.407
206000,0.045,0.498,0.457
206500,0.038,0.503,0.458
207000,0.041,0.544,0.416
207500,0.037,0.596,0.367
208000,0.035,0.607,0.358
208500,0.034,0.563,0.402
209000,0.034,0.603,0.363
209500,0.039,0.594,0.367
210000,0.035,0.633,0.332
210500,0.036,0.585,0.379
211000,0.036,0.563,0.400
211500,0.040,0.529,0.431
212000,0.038,0.572,0.389
212500,0.037,0.591,0.372
213000,0.038,0.582,0.380
213500,0.037,0.620,0.343
214000,0.034,0.626,0.339
214500,0.033,0.654,0.313
215000,0.034,0.569,0.397
215500,0.040,0.542,0.418
216000,0.040,0.548,0.412
216500,0.035,0.561,0.405
217000,0.037,0.607,0.356
217500,0.041,0.597,0.362
218000,0.040,0.588,0.371
218500,0.038,0.598,0.364
219000,0.036,0.601,0.363
219500,0.037,0.688,0.275
220000,0.037,0.674,0.289
220500,0.034,0.634,0.332
221000,0.035,0.666,0.299
221500,0.036,0.615,0.349
222000,0.034,0.631,0.335
222500,0.035,0.689,0.276
223000,0.034,0.692,0.274
223500,0.032,0.720,0.248
224000,0.032,0.704,0.264
224500,0.035,0.691,0.274
225000,0.035,0.637,0.328
225500,0.033,0.608,0.359
226000,0.037,0.594,0.369
226500,0.050,0.552,0.398
227000,0.042,0.502,0.456
227500,0.047,0.516,0.437
228000,0.043,0.623,0.334
228500,0.038,0.628,0.334
229000,0.036,0.572,0.392
229500,0.047,0.544,0.409
230000,0.040,0.533,0.427
230500,0.041,0.542,0.417
231000,0.040,0.575,0.385
231500,0.037,0.562,0.402
232000,0.037,0.564,0.399
232500,0.035,0.593,0.372
233000,0.037,0.552,0.410
233500,0.042,0.475,0.483
234000,0.040,0.527,0.432
234500,0.042,0.541,0.417
235000,0.039,0.514,0.447
235500,0.041,0.510,0.448
236000,0.047,0.572,0.382
236500,0.042,0.527,0.431
237000,0.042,0.537,0.420
237500,0.041,0.506,0.452
238000,0.037,0.508,0.456
238500,0.038,0.542,0.420
239000,0.040,0.531,0.429
239500,0.039,0.556,0.405
240000,0.034,0.576,0.389
240500,0.036,0.579,0.385
241000,0.036,0.608,0.356
241500,0.038,0.569,0.393
242000,0.041,0.585,0.374
242500,0.038,0.583,0.379
243000,0.039,0.570,0.391
243500,0.034,0.572,0.393
244000,0.044,0.570,0.386
244500,0.037,0.622,0.341
245000,0.040,0.620,0.340
245500,0.036,0.591,0.373
246000,0.036,0.598,0.366
246500,0.037,0.608,0.355
247000,0.037,0.590,0.374
247500,0.036,0.601,0.363
248000,0.036,0.607,0.357
248500,0.039,0.633,0.328
249000,0.036,0.597,0.367
249500,0.036,0.537,0.427
250000,0.035,0.576,0.389
250500,0.036,0.569,0.395
251000,0.037,0.598,0.364
251500,0.037,0.607,0.356
252000,0.038,0.570,0.392
252500,0.035,0.582,0.383
253000,0.037,0.568,0.395
253500,0.037,0.535,0.428
254000,0.043,0.541,0.416
254500,0.046,0.504,0.450
255000,0.041,0.532,0.427
255500,0.040,0.536,0.424
256000,0.038,0.494,0.467
256500,0.036,0.539,0.425
257000,0.043,0.529,0.428
257500,0.040,0.537,0.423
258000,0.036,0.597,0.367
258500,0.036,0.498,0.467
259000,0.040,0.507,0.453
259500,0.041,0.524,0.434
260000,0.039,0.541,0.420
260500,0.045,0.494,0.461
261000,0.048,0.459,0.494
261500,0.042,0.481,0.477
262000,0.040,0.510,0.451
262500,0.045,0.491,0.464
263000,0.040,0.478,0.483
263500,0.050,0.450,0.500
264000,0.045,0.432,0.522
264500,0.048,0.434,0.518
265000,0.047,0.428,0.526
265500,0.046,0.430,0.524
266000,0.040,0.473,0.487
266500,0.038,0.509,0.453
267000,0.041,0.531,0.428
267500,0.038,0.523,0.439
268000,0.037,0.514,0.449
268500,0.047,0.511,0.442
269000,0.046,0.527,0.427
269500,0.042,0.542,0.416
270000,0.039,0.534,0.427
270500,0.044,0.496,0.460
271000,0.040,0.533,0.427
271500,0.050,0.506,0.444
272000,0.049,0.521,0.430
272500,0.047,0.464,0.489
273000,0.053,0.428,0.519
273500,0.052,0.431,0.517
274000,0.044,0.449,0.507
274500,0.042,0.472,0.485
275000,0.040,0.495,0.466
275500,0.045,0.534,0.420
276000,0.042,0.513,0.445
276500,0.043,0.497,0.460
277000,0.038,0.518,0.444
277500,0.040,0.575,0.386
278000,0.046,0.502,0.452
278500,0.048,0.506,0.445
279000,0.054,0.485,0.461
279500,0.045,0.466,0.490
280000,0.036,0.524,0.440
280500,0.037,0.558,0.405
281000,0.034,0.561,0.405
281500,0.040,0.602,0.358
282000,0.039,0.509,0.452
282500,0.039,0.547,0.414
283000,0.036,0.554,0.410
283500,0.038,0.501,0.462
284000,0.038,0.460,0.502
284500,0.038,0.483,0.479
285000,0.044,0.542,0.414
285500,0.042,0.506,0.452
286000,0.045,0.498,0.457
286500,0.042,0.490,0.467
287000,0.037,0.529,0.434
287500,0.037,0.538,0.424
288000,0.040,0.586,0.374
288500,0.040,0.604,0.357
289000,0.036,0.613,0.351
289500,0.036,0.537,0.427
290000,0.039,0.575,0.386
290500,0.036,0.566,0.399
291000,0.034,0.571,0.395
291500,0.038,0.589,0.373
292000,0.041,0.554,0.406
292500,0.041,0.529,0.430
293000,0.042,0.541,0.417
293500,0.047,0.507,0.446
294000,0.047,0.512,0.441
294500,0.040,0.541,0.420
295000,0.045,0.471,0.483
295500,0.045,0.459,0.496
296000,0.039,0.510,0.451
296500,0.038,0.523,0.439
297000,0.037,0.522,0.441
297500,0.043,0.494,0.463
298000,0.044,0.516,0.440
298500,0.038,0.565,0.397
299000,0.042,0.623,0.335
299500,0.034,0.629,0.338
300000,0.038,0.597,0.366
300500,0.038,0.651,0.311
301000,0.038,0.629,0.333
301500,0.036,0.661,0.303
302000,0.032,0.655,0.313
302500,0.034,0.625,0.341
303000,0.033,0.561,0.406
303500,0.037,0.553,0.410
304000,0.041,0.517,0.441
304500,0.048,0.536,0.416
305000,0.053,0.527,0.420
305500,0.051,0.534,0.416
306000,0.049,0.579,0.371
306500,0.041,0.529,0.430
307000,0.046,0.529,0.425
307500,0.044,0.548,0.409
308000,0.048,0.531,0.421
308500,0.041,0.533,0.427
309000,0.038,0.588,0.374
309500,0.040,0.540,0.420
310000,0.041,0.508,0.451
310500,0.045,0.551,0.404
311000,0.045,0.498,0.456
311500,0.038,0.530,0.432
312000,0.041,0.540,0.420
312500,0.047,0.487,0.466
313000,0.041,0.531,0.428
313500,0.034,0.587,0.380
314000,0.037,0.587,0.376
314500,0.036,0.626,0.338
315000,0.035,0.578,0.387
315500,0.038,0.588,0.374
316000,0.039,0.580,0.381
316500,0.037,0.552,0.412
317000,0.036,0.607,0.357
317500,0.039,0.604,0.357
318000,0.033,0.619,0.347
318500,0.035,0.553,0.412
319000,0.035,0.600,0.366
319500,0.036,0.640,0.324
320000,0.034,0.609,0.357
320500,0.037,0.611,0.352
321000,0.038,0.577,0.385
321500,0.037,0.564,0.399
322000,0.044,0.534,0.423
322500,0.037,0.541,0.422
323000,0.042,0.503,0.455
323500,0.041,0.502,0.456
324000,0.036,0.588,0.376
324500,0.036,0.604,0.360
325000,0.038,0.613,0.349
325500,0.043,0.574,0.383
326000,0.042,0.526,0.431
326500,0.044,0.580,0.377
327000,0.047,0.584,0.370
327500,0.043,0.572,0.385
328000,0.042,0.600,0.357
328500,0.047,0.531,0.423
329000,0.042,0.517,0.441
329500,0.040,0.474,0.486
330000,0.049,0.431,0.520
330500,0.051,0.459,0.491
331000,0.043,0.529,0.428
331500,0.044,0.522,0.435
332000,0.040,0.613,0.347
332500,0.038,0.583,0.378
333000,0.039,0.602,0.359
333500,0.038,0.592,0.370
334000,0.039,0.583,0.378
334500,0.038,0.561,0.402
335000,0.037,0.601,0.362
335500,0.035,0.555,0.410
336000,0.040,0.586,0.374
336500,0.041,0.534,0.424
337000,0.042,0.534,0.424
337500,0.045,0.502,0.452
338000,0.040,0.537,0.424
338500,0.038,0.558,0.404
339000,0.037,0.580,0.383
339500,0.037,0.585,0.378
340000,0.036,0.607,0.358
340500,0.037,0.605,0.357
341000,0.033,0.600,0.367
341500,0.033,0.611,0.356
342000,0.034,0.616,0.350
342500,0.034,0.594,0.371
343000,0.036,0.606,0.358
343500,0.033,0.626,0.341
344000,0.031,0.602,0.367
344500,0.037,0.538,0.424
345000,0.034,0.598,0.368
345500,0.038,0.591,0.371
346000,0.033,0.596,0.371
346500,0.034,0.618,0.348
347000,0.035,0.625,0.341
347500,0.033,0.544,0.423
348000,0.036,0.561,0.404
348500,0.034,0.493,0.473
349000,0.041,0.499,0.459
349500,0.041,0.524,0.434
350000,0.036,0.572,0.393
350500,0.034,0.556,0.410
351000,0.039,0.595,0.366
351500,0.037,0.591,0.372
352000,0.040,0.574,0.386
352500,0.047,0.520,0.432
353000,0.044,0.514,0.442
353500,0.034,0.540,0.425
354000,0.035,0.593,0.372
354500,0.037,0.541,0.423
355000,0.034,0.544,0.421
355500,0.033,0.564,0.403
356000,0.034,0.612,0.354
356500,0.032,0.609,0.359
357000,0.034,0.620,0.346
357500,0.036,0.587,0.378
358000,0.033,0.591,0.375
358500,0.033,0.583,0.384
359000,0.034,0.555,0.411
359500,0.036,0.584,0.380
360000,0.037,0.583,0.380
360500,0.038,0.608,0.354
361000,0.037,0.572,0.391
361500,0.041,0.569,0.390
362000,0.042,0.562,0.396
362500,0.043,0.561,0.396
363000,0.040,0.614,0.346
363500,0.042,0.581,0.377
364000,0.040,0.611,0.349
364500,0.042,0.556,0.402
365000,0.041,0.563,0.396
365500,0.040,0.541,0.420
366000,0.045,0.506,0.449
366500,0.041,0.605,0.354
367000,0.037,0.600,0.363
367500,0.035,0.604,0.361
368000,0.034,0.602,0.363
368500,0.041,0.522,0.437
369000,0.036,0.573,0.392
369500,0.036,0.544,0.421
370000,0.039,0.527,0.434
370500,0.044,0.489,0.467
371000,0.044,0.472,0.484
371500,0.040,0.481,0.478
372000,0.047,0.491,0.462
372500,0.044,0.477,0.479
373000,0.043,0.531,0.426
373500,0.038,0.489,0.473
374000,0.042,0.515,0.443
374500,0.044,0.461,0.495
375000,0.041,0.548,0.410
375500,0.041,0.584,0.375
376000,0.036,0.573,0.392
376500,0.034,0.545,0.421
377000,0.032,0.623,0.345
377500,0.035,0.632,0.334
378000,0.036,0.648,0.316
378500,0.041,0.605,0.354
379000,0.041,0.600,0.359
379500,0.037,0.591,0.371
380000,0.039,0.626,0.335
380500,0.035,0.636,0.329
381000,0.037,0.651,0.313
381500,0.037,0.668,0.295
382000,0.037,0.657,0.307
382500,0.038,0.595,0.367
383000,0.034,0.595,0.371
383500,0.036,0.626,0.338
384000,0.040,0.597,0.364
384500,0.038,0.608,0.353
385000,0.042,0.595,0.363
385500,0.036,0.591,0.374
386000,0.038,0.600,0.361
386500,0.037,0.583,0.381
387000,0.034,0.619,0.347
387500,0.039,0.577,0.384
388000,0.041,0.581,0.377
388500,0.039,0.603,0.358
389000,0.041,0.549,0.410
389500,0.036,0.634,0.329
390000,0.033,0.683,0.283
390500,0.038,0.635,0.327
391000,0.038,0.672,0.290
391500,0.037,0.587,0.376
392000,0.036,0.569,0.396
392500,0.036,0.605,0.359
393000,0.035,0.580,0.385
393500,0.032,0.570,0.398
394000,0.034,0.577,0.389
394500,0.033,0.614,0.354
395000,0.033,0.559,0.408
395500,0.034,0.601,0.366
396000,0.036,0.560,0.405
396500,0.033,0.615,0.352
397000,0.034,0.619,0.347
397500,0.037,0.566,0.397
398000,0.036,0.622,0.342
398500,0.036,0.526,0.438
399000,0.037,0.546,0.417
399500,0.036,0.551,0.414
400000,0.045,0.469,0.486
400500,0.038,0.487,0.474
401000,0.045,0.451,0.505
401500,0.051,0.452,0.497
402000,0.044,0.449,0.506
402500,0.043,0.507,0.450
403000,0.047,0.417,0.536
403500,0.055,0.373,0.573
404000,0.063,0.340,0.597
404500,0.058,0.387,0.555
405000,0.062,0.405,0.533
405500,0.056,0.444,0.500
406000,0.048,0.471,0.481
406500,0.045,0.495,0.460
407000,0.042,0.434,0.524
407500,0.038,0.508,0.453
408000,0.045,0.488,0.467
408500,0.058,0.464,0.478
409000,0.049,0.438,0.513
409500,0.047,0.428,0.526
410000,0.047,0.448,0.505
410500,0.045,0.439,0.516
411000,0.050,0.459,0.491
411500,0.051,0.425,0.524
412000,0.057,0.427,0.516
412500,0.054,0.460,0.486
413000,0.051,0.492,0.457
413500,0.048,0.498,0.455
414000,0.044,0.477,0.479
414500,0.042,0.404,0.554
415000,0.044,0.455,0.501
415500,0.039,0.421,0.540
416000,0.056,0.405,0.540
416500,0.047,0.409,0.544
417000,0.052,0.434,0.513
417500,0.044,0.496,0.460
418000,0.044,0.499,0.456
418500,0.041,0.532,0.427
419000,0.041,0.494,0.466
419500,0.039,0.439,0.522
420000,0.057,0.408,0.535
420500,0.053,0.381,0.566
421000,0.052,0.359,0.589
421500,0.047,0.434,0.519
422000,0.046,0.449,0.505
422500,0.044,0.526,0.430
423000,0.038,0.537,0.425
423500,0.038,0.553,0.409
424000,0.044,0.569,0.388
424500,0.041,0.537,0.423
425000,0.036,0.544,0.420
425500,0.036,0.552,0.413
426000,0.034,0.506,0.460
426500,0.033,0.588,0.378
427000,0.033,0.621,0.346
427500,0.035,0.621,0.344
428000,0.036,0.649,0.315
428500,0.037,0.669,0.294
429000,0.036,0.676,0.288
429500,0.034,0.651,0.315
430000,0.033,0.651,0.316
430500,0.033,0.662,0.305
431000,0.034,0.634,0.332
431500,0.032,0.636,0.332
432000,0.031,0.640,0.329
432500,0.034,0.625,0.341
433000,0.038,0.633,0.329
433500,0.037,0.690,0.274
434000,0.032,0.663,0.305
434500,0.037,0.645,0.318
435000,0.035,0.662,0.303
435500,0.032,0.635,0.333
436000,0.034,0.630,0.336
436500,0.031,0.650,0.319
437000,0.034,0.637,0.329
437500,0.033,0.636,0.331
438000,0.033,0.607,0.360
438500,0.033,0.687,0.281
439000,0.033,0.687,0.280
439500,0.032,0.661,0.307
440000,0.030,0.686,0.283
440500,0.031,0.643,0.327
441000,0.030,0.660,0.310
441500,0.033,0.605,0.362
442000,0.034,0.665,0.302
442500,0.031,0.662,0.307
443000,0.032,0.716,0.252
443500,0.030,0.714,0.256
444000,0.031,0.672,0.297
444500,0.038,0.588,0.374
445000,0.037,0.640,0.323
445500,0.037,0.651,0.313
446000,0.039,0.620,0.341
446500,0.044,0.487,0.469
447000,0.049,0.455,0.497
447500,0.049,0.494,0.456
448000,0.038,0.562,0.399
448500,0.036,0.604,0.361
449000,0.037,0.571,0.392
449500,0.036,0.603,0.361
450000,0.037,0.613,0.350
450500,0.037,0.576,0.387
451000,0.036,0.594,0.370
451500,0.037,0.613,0.350
452000,0.038,0.615,0.347
452500,0.038,0.625,0.338
453000,0.036,0.622,0.343
453500,0.034,0.616,0.350
454000,0.033,0.639,0.328
454500,0.044,0.581,0.375
455000,0.035,0.586,0.379
455500,0.039,0.530,0.431
456000,0.037,0.531,0.432
456500,0.036,0.549,0.415
457000,0.042,0.559,0.398
457500,0.039,0.599,0.362
458000,0.038,0.626,0.336
458500,0.041,0.565,0.393
459000,0.040,0.558,0.403
459500,0.037,0.561,0.402
460000,0.043,0.557,0.400
460500,0.047,0.513,0.441
461000,0.041,0.531,0.428
461500,0.041,0.552,0.406
462000,0.038,0.552,0.410
462500,0.039,0.558,0.403
463000,0.036,0.561,0.403
463500,0.036,0.547,0.417
464000,0.033,0.509,0.458
464500,0.034,0.508,0.458
465000,0.034,0.561,0.405
465500,0.039,0.565,0.396
466000,0.041,0.580,0.379
466500,0.037,0.580,0.383
467000,0.036,0.590,0.374
467500,0.040,0.639,0.321
468000,0.034,0.583,0.382
468500,0.038,0.595,0.367
469000,0.041,0.572,0.387
469500,0.035,0.562,0.403
470000,0.036,0.559,0.405
470500,0.036,0.559,0.406
471000,0.040,0.538,0.422
471500,0.034,0.608,0.358
472000,0.035,0.598,0.367
472500,0.037,0.595,0.368
473000,0.033,0.575,0.392
473500,0.034,0.618,0.348
474000,0.037,0.560,0.403
474500,0.036,0.531,0.434
475000,0.036,0.538,0.426
475500,0.034,0.566,0.400
476000,0.034,0.619,0.347
476500,0.034,0.631,0.335
477000,0.034,0.645,0.321
477500,0.034,0.692,0.274
478000,0.033,0.674,0.293
478500,0.033,0.597,0.370
479000,0.036,0.572,0.392
479500,0.036,0.512,0.452
480000,0.034,0.508,0.459
480500,0.040,0.482,0.478
481000,0.038,0.466,0.495
481500,0.042,0.458,0.500
482000,0.035,0.527,0.438
482500,0.033,0.558,0.409
483000,0.034,0.579,0.388
483500,0.032,0.585,0.383
484000,0.033,0.600,0.367
484500,0.033,0.648,0.319
485000,0.031,0.642,0.327
485500,0.033,0.568,0.399
486000,0.032,0.553,0.415
486500,0.038,0.544,0.417
487000,0.037,0.528,0.435
487500,0.035,0.604,0.361
488000,0.035,0.589,0.376
488500,0.036,0.559,0.405
489000,0.036,0.531,0.434
489500,0.033,0.511,0.456
490000,0.036,0.489,0.475
490500,0.034,0.547,0.419
491000,0.041,0.510,0.449
491500,0.042,0.491,0.466
492000,0.035,0.506,0.459
492500,0.044,0.531,0.424
493000,0.045,0.531,0.424
493500,0.038,0.487,0.476
494000,0.036,0.582,0.382
494500,0.037,0.520,0.443
495000,0.042,0.535,0.423
495500,0.035,0.543,0.422
496000,0.038,0.519,0.444
496500,0.042,0.523,0.434
497000,0.042,0.515,0.443
497500,0.047,0.505,0.448
498000,0.049,0.460,0.491
498500,0.062,0.402,0.536
499000,0.059,0.431,0.510
499500,0.052,0.503,0.445
500000,0.050,0.565,0.385
500500,0.045,0.540,0.414
501000,0.042,0.563,0.394
501500,0.041,0.569,0.391
502000,0.043,0.501,0.456
502500,0.046,0.469,0.485
503000,0.045,0.519,0.436
503500,0.051,0.552,0.397
504000,0.051,0.517,0.432
504500,0.054,0.477,0.470
505000,0.047,0.464,0.489
505500,0.049,0.498,0.453
506000,0.049,0.449,0.502
506500,0.051,0.416,0.534
507000,0.053,0.451,0.497
507500,0.052,0.384,0.564
508000,0.058,0.381,0.562
508500,0.062,0.384,0.554
509000,0.057,0.395,0.548
509500,0.059,0.424,0.516
510000,0.051,0.467,0.482
510500,0.055,0.402,0.543
511000,0.048,0.400,0.551
511500,0.046,0.461,0.493
512000,0.045,0.485,0.469
512500,0.044,0.541,0.414
513000,0.040,0.547,0.414
513500,0.037,0.612,0.351
514000,0.036,0.665,0.299
514500,0.036,0.640,0.325
515000,0.034,0.627,0.339
515500,0.034,0.584,0.382
516000,0.038,0.612,0.350
516500,0.034,0.611,0.355
517000,0.037,0.519,0.444
517500,0.037,0.491,0.473
518000,0.045,0.481,0.474
518500,0.038,0.475,0.487
519000,0.043,0.480,0.477
519500,0.041,0.526,0.434
520000,0.039,0.536,0.425
520500,0.042,0.554,0.405
521000,0.035,0.551,0.414
521500,0.036,0.509,0.456
522000,0.037,0.463,0.501
522500,0.041,0.531,0.428
523000,0.047,0.488,0.465
523500,0.044,0.486,0.470
524000,0.048,0.489,0.463
524500,0.042,0.536,0.423
525000,0.040,0.600,0.361
525500,0.038,0.608,0.354
526000,0.039,0.609,0.352
526500,0.040,0.619,0.342
527000,0.041,0.563,0.396
527500,0.052,0.481,0.467
528000,0.048,0.492,0.460
528500,0.044,0.490,0.466
529000,0.039,0.520,0.441
529500,0.041,0.586,0.373
530000,0.043,0.481,0.476
530500,0.044,0.487,0.469
531000,0.040,0.544,0.416
531500,0.041,0.511,0.448
532000,0.047,0.490,0.464
532500,0.048,0.431,0.522
533000,0.038,0.478,0.483
533500,0.038,0.516,0.446
534000,0.037,0.529,0.435
534500,0.041,0.504,0.455
535000,0.044,0.492,0.464
535500,0.046,0.497,0.457
536000,0.043,0.483,0.474
536500,0.041,0.488,0.471
537000,0.042,0.497,0.460
537500,0.040,0.532,0.428
538000,0.044,0.542,0.414
538500,0.045,0.505,0.451
539000,0.047,0.476,0.477
539500,0.056,0.479,0.465
540000,0.045,0.490,0.465
540500,0.044,0.517,0.439
541000,0.038,0.471,0.490
541500,0.037,0.495,0.469
542000,0.043,0.469,0.488
542500,0.040,0.467,0.494
543000,0.047,0.490,0.463
543500,0.045,0.505,0.450
544000,0.041,0.515,0.444
544500,0.041,0.579,0.381
545000,0.036,0.581,0.384
545500,0.037,0.510,0.453
546000,0.037,0.554,0.410
546500,0.036,0.559,0.405
547000,0.039,0.514,0.447
547500,0.042,0.579,0.379
548000,0.037,0.552,0.410
548500,0.037,0.521,0.442
549000,0.038,0.534,0.428
549500,0.040,0.540,0.420
550000,0.039,0.547,0.414
550500,0.035,0.572,0.393
551000,0.036,0.603,0.361
551500,0.042,0.532,0.425
552000,0.041,0.544,0.415
552500,0.040,0.544,0.416
553000,0.041,0.538,0.421
553500,0.038,0.516,0.446
554000,0.045,0.522,0.432
554500,0.038,0.510,0.452
555000,0.043,0.474,0.483
555500,0.037,0.456,0.507
556000,0.038,0.509,0.452
556500,0.036,0.584,0.380
557000,0.036,0.619,0.345
557500,0.034,0.652,0.314
558000,0.036,0.623,0.341
558500,0.040,0.600,0.360
559000,0.040,0.592,0.368
559500,0.037,0.520,0.444
560000,0.048,0.541,0.411
560500,0.036,0.529,0.435
561000,0.038,0.495,0.467
561500,0.036,0.538,0.427
562000,0.038,0.556,0.406
562500,0.043,0.527,0.430
563000,0.045,0.510,0.445
563500,0.041,0.577,0.382
564000,0.037,0.544,0.419
564500,0.041,0.533,0.427
565000,0.038,0.524,0.438
565500,0.034,0.519,0.448
566000,0.049,0.484,0.467
566500,0.045,0.505,0.450
567000,0.041,0.542,0.417
567500,0.038,0.502,0.460
568000,0.037,0.477,0.486
568500,0.039,0.548,0.413
569000,0.039,0.506,0.455
569500,0.036,0.552,0.412
570000,0.041,0.587,0.372
570500,0.037,0.568,0.395
571000,0.039,0.569,0.392
571500,0.039,0.515,0.446
572000,0.039,0.558,0.403
572500,0.039,0.567,0.394
573000,0.040,0.537,0.423
573500,0.040,0.561,0.399
574000,0.038,0.539,0.423
574500,0.041,0.527,0.431
575000,0.034,0.559,0.407
575500,0.032,0.598,0.370
576000,0.036,0.620,0.343
576500,0.034,0.650,0.316
577000,0.034,0.655,0.311
577500,0.031,0.640,0.329
578000,0.035,0.640,0.325
578500,0.038,0.640,0.322
579000,0.036,0.570,0.394
579500,0.037,0.604,0.360
580000,0.036,0.658,0.306
580500,0.038,0.626,0.336
581000,0.036,0.602,0.363
581500,0.035,0.573,0.392
582000,0.041,0.573,0.386
582500,0.041,0.570,0.389
583000,0.038,0.591,0.371
583500,0.042,0.564,0.393
584000,0.045,0.579,0.377
584500,0.041,0.591,0.368
585000,0.038,0.595,0.366
585500,0.035,0.630,0.335
586000,0.034,0.623,0.343
586500,0.034,0.651,0.315
587000,0.042,0.611,0.346
587500,0.040,0.593,0.367
588000,0.037,0.572,0.392
588500,0.036,0.554,0.410
589000,0.035,0.612,0.353
589500,0.034,0.637,0.329
590000,0.032,0.662,0.306
590500,0.034,0.725,0.242
591000,0.033,0.686,0.281
591500,0.034,0.703,0.263
592000,0.036,0.680,0.284
592500,0.034,0.694,0.272
593000,0.037,0.644,0.320
593500,0.037,0.669,0.295
594000,0.033,0.616,0.350
594500,0.038,0.605,0.357
595000,0.039,0.657,0.304
595500,0.034,0.659,0.307
596000,0.037,0.683,0.279
596500,0.035,0.678,0.287
597000,0.038,0.617,0.345
597500,0.039,0.602,0.359
598000,0.035,0.616,0.349
598500,0.034,0.558,0.407
599000,0.034,0.625,0.341
599500,0.033,0.640,0.327
600000,0.033,0.669,0.298
600500,0.033,0.675,0.292
601000,0.037,0.646,0.317
601500,0.034,0.655,0.311
602000,0.036,0.675,0.289
602500,0.035,0.647,0.318
603000,0.035,0.595,0.370
603500,0.041,0.523,0.435
604000,0.047,0.514,0.439
604500,0.041,0.535,0.424
605000,0.041,0.581,0.378
605500,0.034,0.607,0.359
606000,0.034,0.599,0.367
606500,0.035,0.618,0.347
607000,0.039,0.627,0.334
607500,0.037,0.607,0.356
608000,0.037,0.556,0.407
608500,0.038,0.547,0.414
609000,0.035,0.602,0.363
609500,0.037,0.608,0.355
610000,0.034,0.616,0.349
610500,0.033,0.576,0.392
611000,0.035,0.556,0.409
611500,0.038,0.604,0.359
612000,0.040,0.580,0.380
612500,0.041,0.554,0.405
613000,0.041,0.552,0.407
613500,0.037,0.557,0.406
614000,0.036,0.538,0.426
614500,0.046,0.497,0.458
615000,0.037,0.527,0.436
615500,0.034,0.533,0.432
616000,0.038,0.548,0.414
616500,0.036,0.533,0.431
617000,0.041,0.540,0.420
617500,0.042,0.538,0.420
618000,0.038,0.580,0.381
618500,0.040,0.585,0.375
619000,0.037,0.579,0.384
619500,0.053,0.493,0.454
620000,0.045,0.494,0.461
620500,0.042,0.502,0.455
621000,0.050,0.495,0.455
621500,0.041,0.524,0.434
622000,0.045,0.506,0.449
622500,0.043,0.511,0.446
623000,0.048,0.419,0.534
623500,0.047,0.428,0.524
624000,0.054,0.393,0.553
624500,0.056,0.362,0.582
625000,0.072,0.331,0.597
625500,0.094,0.276,0.629
626000,0.125,0.261,0.614
626500,0.158,0.237,0.605
627000,0.152,0.200,0.648
627500,0.168,0.182,0.650
628000,0.188,0.163,0.649
628500,0.244,0.143,0.614
629000,0.281,0.118,0.601
629500,0.339,0.102,0.559
630000,0.408,0.091,0.501
630500,0.452,0.075,0.473
631000,0.492,0.060,0.448
631500,0.572,0.054,0.374
632000,0.622,0.039,0.339
632500,0.670,0.034,0.296
633000,0.688,0.030,0.282
633500,0.702,0.025,0.273
634000,0.768,0.020,0.211
634500,0.760,0.019,0.221
635000,0.707,0.019,0.275
635500,0.751,0.019,0.231
636000,0.829,0.014,0.157
636500,0.841,0.015,0.145
637000,0.832,0.013,0.155
637500,0.807,0.011,0.182
638000,0.827,0.010,0.163
638500,0.864,0.009,0.127
639000,0.859,0.009,0.132
639500,0.862,0.008,0.130
640000,0.899,0.008,0.093
640500,0.927,0.008,0.065
641000,0.930,0.006,0.064
641500,0.946,0.005,0.049
642000,0.956,0.005,0.038
642500,0.955,0.005,0.040
643000,0.962,0.005,0.034
643500,0.955,0.003,0.042
644000,0.964,0.003,0.033
644500,0.969,0.003,0.028
645000,0.971,0.003,0.026
645500,0.976,0.003,0.021
646000,0.974,0.003,0.023
646500,0.976,0.003,0.021
647000,0.976,0.003,0.021
647500,0.977,0.003,0.020
648000,0.978,0.003,0.019
648500,0.978,0.003,0.018
649000,0.980,0.003,0.016
649500,0.981,0.003,0.015
650000,0.983,0.003,0.014
650500,0.984,0.003,0.013
651000,0.986,0.002,0.012
651500,0.986,0.002,0.012
652000,0.987,0.002,0.010
652500,0.991,0.002,0.007
653000,0.991,0.002,0.007
653500,0.991,0.002,0.006
654000,0.992,0.002,0.006
654500,0.992,0.002,0.006
655000,0.992,0.002,0.005
655500,0.992,0.002,0.005
656000,0.993,0.002,0.005
656500,0.993,0.002,0.005
657000,0.994,0.002,0.004
657500,0.995,0.002,0.003
658000,0.995,0.002,0.003
658500,0.995,0.002,0.003
659000,0.995,0.002,0.003
659500,0.995,0.002,0.003
660000,0.995,0.002,0.003
660500,0.995,0.002,0.003
661000,0.995,0.002,0.003
661500,0.995,0.002,0.002
662000,0.995,0.002,0.002
662500,0.995,0.002,0.002
663000,0.995,0.002,0.002
663500,0.995,0.002,0.002
664000,0.995,0.002,0.002
664500,0.995,0.002,0.003
665000,0.996,0.002,0.002
665500,0.996,0.002,0.002
666000,0.996,0.002,0.002
666500,0.996,0.002,0.002
667000,0.996,0.002,0.002
667500,0.996,0.002,0.002
668000,0.996,0.002,0.002
668500,0.996,0.002,0.002
669000,0.996,0.002,0.002
669500,0.997,0.002,0.002
670000,0.997,0.002,0.002
670500,0.997,0.002,0.002
671000,0.997,0.002,0.002
671500,0.997,0.002,0.002
672000,0.997,0.002,0.002
672500,0.997,0.002,0.002
673000,0.997,0.002,0.002
673500,0.997,0.002,0.002
674000,0.997,0.002,0.002
674500,0.997,0.002,0.002
675000,0.997,0.002,0.002
675500,0.997,0.002,0.002
676000,0.997,0.002,0.002
676500,0.997,0.002,0.002
677000,0.997,0.002,0.002
677500,0.997,0.002,0.001
678000,0.997,0.002,0.001
678500,0.997,0.002,0.001
679000,0.997,0.002,0.001
679500,0.997,0.002,0.001
680000,0.997,0.002,0.001
680500,0.997,0.002,0.001
681000,0.997,0.002,0.001
681500,0.997,0.002,0.001
682000,0.997,0.002,0.001
682500,0.997,0.002,0.001
683000,0.997,0.002,0.001
683500,0.997,0.002,0.001
684000,0.997,0.002,0.001
684500,0.997,0.002,0.001
685000,0.997,0.002,0.001
685500,0.997,0.002,0.001
686000,0.997,0.002,0.001
686500,0.997,0.002,0.001
687000,0.997,0.002,0.001
687500,0.997,0.002,0.001
688000,0.997,0.002,0.001
688500,0.997,0.002,0.001
689000,0.997,0.002,0.001
689500,0.997,0.002,0.001
690000,0.997,0.002,0.001
690500,0.997,0.002,0.001
691000,0.997,0.002,0.001
691500,0.997,0.002,0.001
692000,0.997,0.002,0.001
692500,0.997,0.002,0.001
693000,0.997,0.002,0.001
693500,0.997,0.002,0.001
694000,0.997,0.002,0.001
694500,0.997,0.002,0.001
695000,0.997,0.002,0.001
695500,0.997,0.002,0.001
696000,0.997,0.002,0.001
696500,0.997,0.002,0.001
697000,0.997,0.002,0.001
697500,0.997,0.002,0.001
698000,0.997,0.002,0.001
698500,0.997,0.002,0.001
699000,0.997,0.002,0.001
699500,0.997,0.002,0.001
700000,0.997,0.002,0.001
700500,0.997,0.002,0.001
701000,0.997,0.002,0.001
701500,0.997,0.002,0.001
702000,0.997,0.002,0.001
702500,0.997,0.002,0.001
703000,0.997,0.002,0.001
703500,0.997,0.002,0.001
704000,0.997,0.002,0.001
704500,0.997,0.002,0.001
705000,0.997,0.002,0.001
705500,0.997,0.002,0.001
706000,0.997,0.002,0.001
706500,0.997,0.002,0.001
707000,0.997,0.002,0.001
707500,0.997,0.002,0.001
708000,0.997,0.002,0.001
708500,0.997,0.002,0.001
709000,0.997,0.002,0.001
709500,0.997,0.002,0.001
710000,0.997,0.002,0.001
710500,0.997,0.002,0.001
711000,0.997,0.002,0.001
711500,0.997,0.002,0.001
712000,0.997,0.002,0.001
712500,0.997,0.002,0.001
713000,0.997,0.002,0.001
713500,0.997,0.002,0.001
714000,0.997,0.002,0.001
714500,0.997,0.002,0.001
715000,0.997,0.002,0.001
715500,0.997,0.002,0.001
716000,0.997,0.002,0.001
716500,0.998,0.002,0.001
717000,0.998,0.002,0.001
717500,0.998,0.002,0.001
718000,0.998,0.002,0.001
718500,0.998,0.002,0.001
719000,0.998,0.002,0.001
719500,0.998,0.002,0.001
720000,0.998,0.002,0.001
720500,0.998,0.002,0.001
721000,0.998,0.002,0.001
721500,0.998,0.002,0.001
722000,0.998,0.002,0.001
722500,0.998,0.002,0.001
723000,0.998,0.002,0.001
723500,0.998,0.002,0.001
724000,0.998,0.002,0.001
724500,0.998,0.002,0.001
725000,0.998,0.002,0.001
725500,0.998,0.002,0.001
726000,0.998,0.002,0.001
726500,0.998,0.002,0.001
727000,0.998,0.002,0.001
727500,0.998,0.002,0.001
728000,0.998,0.002,0.001
728500,0.998,0.002,0.001
729000,0.998,0.002,0.001
729500,0.998,0.002,0.001
730000,0.998,0.002,0.001
730500,0.998,0.002,0.001
731000,0.998,0.002,0.001
731500,0.998,0.002,0.001
732000,0.998,0.002,0.001
732500,0.998,0.002,0.001
733000,0.998,0.002,0.001
733500,0.998,0.002,0.000
734000,0.998,0.002,0.000
734500,0.998,0.002,0.000
735000,0.998,0.002,0.000
735500,0.998,0.002,0.000
736000,0.998,0.002,0.000
736500,0.998,0.002,0.000
737000,0.998,0.002,0.000
737500,0.998,0.002,0.000
738000,0.998,0.002,0.000
738500,0.998,0.002,0.000
739000,0.998,0.002,0.000
739500,0.998,0.002,0.000
740000,0.998,0.002,0.000
740500,0.998,0.002,0.000
741000,0.998,0.002,0.000
741500,0.998,0.002,0.000
742000,0.998,0.002,0.000
742500,0.998,0.002,0.000
743000,0.998,0.002,0.000
743500,0.998,0.002,0.000
744000,0.998,0.002,0.000
744500,0.998,0.002,0.000
745000,0.998,0.002,0.000
745500,0.998,0.002,0.000
746000,0.998,0.002,0.000
746500,0.998,0.001,0.001
747000,0.998,0.001,0.001
747500,0.998,0.001,0.001
748000,0.998,0.001,0.001
748500,0.998,0.001,0.001
749000,0.998,0.001,0.001
749500,0.998,0.001,0.001
750000,0.998,0.001,0.001
750500,0.998,0.001,0.001
751000,0.998,0.001,0.001
751500,0.998,0.001,0.001
752000,0.998,0.001,0.001
752500,0.998,0.001,0.001
753000,0.998,0.001,0.001
753500,0.999,0.001,0.000
754000,0.999,0.001,0.000
754500,0.999,0.001,0.001
755000,0.999,0.001,0.001
755500,0.999,0.001,0.001
756000,0.999,0.001,0.001
756500,0.999,0.001,0.001
757000,0.999,0.001,0.001
757500,0.999,0.001,0.001
758000,0.999,0.001,0.001
758500,0.999,0.001,0.001
759000,0.999,0.001,0.001
759500,0.999,0.001,0.000
760000,0.999,0.001,0.000
760500,0.999,0.001,0.000
761000,0.999,0.001,0.000
761500,0.999,0.001,0.000
762000,0.999,0.001,0.000
762500,0.999,0.001,0.000
763000,0.999,0.001,0.000
763500,0.999,0.001,0.000
764000,0.999,0.001,0.000
764500,0.999,0.001,0.000
765000,0.999,0.001,0.000
765500,0.999,0.001,0.000
766000,0.999,0.001,0.000
766500,0.999,0.001,0.000
767000,0.999,0.001,0.000
767500,0.999,0.001,0.000
768000,0.999,0.001,0.000
768500,0.999,0.001,0.000
769000,0.999,0.001,0.000
769500,0.999,0.001,0.000
770000,0.999,0.001,0.000
770500,0.999,0.001,0.000
771000,0.999,0.001,0.000
771500,0.999,0.001,0.000
772000,0.999,0.001,0.000
772500,0.999,0.001,0.000
773000,0.999,0.001,0.000
773500,0.999,0.001,0.000
774000,0.999,0.001,0.000
774500,0.999,0.001,0.000
775000,0.999,0.001,0.000
775500,0.999,0.001,0.000
776000,0.999,0.001,0.000
776500,0.999,0.001,0.000
777000,0.999,0.001,0.000
777500,0.999,0.001,0.000
778000,0.999,0.001,0.000
778500,0.999,0.001,0.000
779000,0.999,0.001,0.000
779500,0.999,0.001,0.000
780000,0.999,0.001,0.000
780500,0.999,0.001,0.000
781000,0.999,0.001,0.000
781500,0.999,0.001,0.000
782000,0.999,0.001,0.000
782500,0.999,0.001,0.000
783000,0.999,0.001,0.000
783500,0.999,0.001,0.000
784000,0.999,0.001,0.000
784500,0.999,0.001,0.000
785000,0.999,0.001,0.000
785500,0.999,0.001,0.000
786000,0.999,0.001,0.000
786500,0.999,0.001,0.000
787000,0.999,0.001,0.000
787500,0.999,0.001,0.000
788000,0.999,0.001,0.000
788500,0.999,0.001,0.000
789000,0.999,0.001,0.000
789500,0.999,0.001,0.000
790000,0.999,0.001,0.000
790500,0.999,0.001,0.000
791000,0.999,0.001,0.000
791500,0.999,0.001,0.000
792000,0.999,0.001,0.000
792500,0.999,0.001,0.000
793000,0.999,0.001,0.000
793500,0.999,0.001,0.000
794000,0.999,0.001,0.000
794500,0.999,0.001,0.000
795000,0.999,0.001,0.000
795500,0.999,0.001,0.000
796000,0.999,0.001,0.000
796500,0.999,0.001,0.000
797000,0.999,0.001,0.000
797500,0.999,0.001,0.000
798000,0.999,0.001,0.000
798500,0.999,0.001,0.000
799000,0.999,0.001,0.000
799500,0.999,0.001,0.000
800000,0.999,0.001,0.000
800500,0.999,0.001,0.000
801000,0.999,0.001,0.000
801500,0.999,0.001,0.000
802000,0.999,0.001,0.000
802500,0.999,0.001,0.000
803000,0.999,0.001,0.000
803500,0.999,0.001,0.000
