time,n_A+p,n_B,n_AB
100,0.030,0.966,0.004
200,0.030,0.961,0.009
300,0.030,0.957,0.013
400,0.030,0.952,0.018
500,0.030,0.947,0.023
600,0.030,0.950,0.020
700,0.030,0.952,0.018
800,0.030,0.945,0.025
900,0.030,0.944,0.026
1000,0.030,0.943,0.027
1100,0.030,0.939,0.031
1200,0.030,0.944,0.026
1300,0.030,0.940,0.030
1400,0.030,0.936,0.034
1500,0.030,0.925,0.045
1600,0.030,0.923,0.047
1700,0.030,0.928,0.042
1800,0.030,0.925,0.045
1900,0.030,0.923,0.047
2000,0.031,0.921,0.048
2100,0.031,0.922,0.047
2200,0.031,0.919,0.050
2300,0.031,0.922,0.047
2400,0.031,0.921,0.048
2500,0.033,0.919,0.048
2600,0.032,0.914,0.054
2700,0.032,0.903,0.065
2800,0.031,0.897,0.072
2900,0.031,0.896,0.073
3000,0.031,0.895,0.074
3100,0.031,0.892,0.077
3200,0.033,0.887,0.080
3300,0.034,0.887,0.079
3400,0.034,0.884,0.082
3500,0.036,0.879,0.085
3600,0.035,0.870,0.095
3700,0.033,0.877,0.090
3800,0.033,0.871,0.096
3900,0.032,0.873,0.095
4000,0.032,0.866,0.102
4100,0.032,0.865,0.103
4200,0.032,0.861,0.107
4300,0.034,0.855,0.111
4400,0.034,0.855,0.111
4500,0.034,0.859,0.107
4600,0.035,0.845,0.120
4700,0.038,0.846,0.116
4800,0.038,0.826,0.136
4900,0.040,0.831,0.129
5000,0.043,0.837,0.120
5100,0.042,0.838,0.120
5200,0.040,0.829,0.131
5300,0.040,0.826,0.134
5400,0.039,0.818,0.143
5500,0.039,0.817,0.144
5600,0.040,0.813,0.147
5700,0.039,0.820,0.141
5800,0.039,0.811,0.150
5900,0.038,0.818,0.144
6000,0.036,0.819,0.145
6100,0.036,0.818,0.146
6200,0.034,0.810,0.156
6300,0.033,0.817,0.150
6400,0.031,0.817,0.152
6500,0.031,0.818,0.151
6600,0.031,0.812,0.157
6700,0.031,0.813,0.156
6800,0.031,0.814,0.155
6900,0.030,0.820,0.150
7000,0.030,0.816,0.154
7100,0.031,0.817,0.152
7200,0.031,0.818,0.151
7300,0.033,0.826,0.141
7400,0.032,0.826,0.142
7500,0.032,0.823,0.145
7600,0.032,0.833,0.135
7700,0.033,0.829,0.138
7800,0.035,0.823,0.142
7900,0.037,0.824,0.139
8000,0.037,0.824,0.139
8100,0.039,0.828,0.133
8200,0.039,0.830,0.131
8300,0.034,0.830,0.136
8400,0.034,0.818,0.148
8500,0.033,0.807,0.160
8600,0.034,0.804,0.162
8700,0.032,0.804,0.164
8800,0.032,0.808,0.160
8900,0.032,0.816,0.152
9000,0.034,0.815,0.151
9100,0.034,0.816,0.150
9200,0.034,0.823,0.143
9300,0.034,0.824,0.142
9400,0.035,0.813,0.152
9500,0.035,0.811,0.154
9600,0.034,0.815,0.151
9700,0.033,0.811,0.156
9800,0.033,0.812,0.155
9900,0.033,0.818,0.149
10000,0.033,0.814,0.153
10100,0.033,0.814,0.153
10200,0.033,0.803,0.164
10300,0.033,0.808,0.159
10400,0.035,0.803,0.162
10500,0.033,0.806,0.161
10600,0.033,0.805,0.162
10700,0.033,0.814,0.153
10800,0.032,0.816,0.152
10900,0.033,0.806,0.161
11000,0.035,0.809,0.156
11100,0.035,0.802,0.163
11200,0.035,0.804,0.161
11300,0.038,0.798,0.164
11400,0.039,0.794,0.167
11500,0.040,0.782,0.178
11600,0.040,0.789,0.171
11700,0.039,0.793,0.168
11800,0.038,0.800,0.162
11900,0.037,0.806,0.157
12000,0.035,0.803,0.162
12100,0.039,0.806,0.155
12200,0.037,0.793,0.170
12300,0.037,0.784,0.179
12400,0.037,0.778,0.185
12500,0.036,0.761,0.203
12600,0.037,0.760,0.203
12700,0.039,0.758,0.203
12800,0.046,0.756,0.198
12900,0.046,0.759,0.195
13000,0.048,0.750,0.202
13100,0.048,0.759,0.193
13200,0.047,0.753,0.200
13300,0.050,0.752,0.198
13400,0.051,0.749,0.200
13500,0.050,0.747,0.203
13600,0.048,0.750,0.202
13700,0.045,0.753,0.202
13800,0.045,0.737,0.218
13900,0.049,0.745,0.206
14000,0.050,0.749,0.201
14100,0.048,0.758,0.194
14200,0.045,0.752,0.203
14300,0.045,0.761,0.194
14400,0.045,0.762,0.193
14500,0.045,0.757,0.198
14600,0.046,0.759,0.195
14700,0.047,0.758,0.195
14800,0.044,0.755,0.201
14900,0.040,0.762,0.198
15000,0.041,0.754,0.205
15100,0.040,0.746,0.214
15200,0.039,0.737,0.224
15300,0.039,0.732,0.229
15400,0.037,0.716,0.247
15500,0.037,0.717,0.246
15600,0.040,0.709,0.251
15700,0.042,0.706,0.252
15800,0.046,0.714,0.240
15900,0.053,0.717,0.230
16000,0.052,0.721,0.227
16100,0.051,0.731,0.218
16200,0.050,0.705,0.245
16300,0.048,0.694,0.258
16400,0.046,0.698,0.256
16500,0.049,0.691,0.260
16600,0.050,0.681,0.269
16700,0.052,0.680,0.268
16800,0.053,0.680,0.267
16900,0.055,0.670,0.275
17000,0.051,0.684,0.265
17100,0.052,0.688,0.260
17200,0.050,0.707,0.243
17300,0.054,0.714,0.232
17400,0.052,0.709,0.239
17500,0.057,0.708,0.235
17600,0.053,0.713,0.234
17700,0.057,0.717,0.226
17800,0.059,0.718,0.223
17900,0.055,0.716,0.229
18000,0.052,0.707,0.241
18100,0.054,0.716,0.230
18200,0.048,0.721,0.231
18300,0.047,0.703,0.250
18400,0.049,0.707,0.244
18500,0.052,0.702,0.246
18600,0.051,0.715,0.234
18700,0.047,0.713,0.240
18800,0.050,0.707,0.243
18900,0.047,0.713,0.240
19000,0.050,0.701,0.249
19100,0.050,0.695,0.255
19200,0.052,0.698,0.250
19300,0.053,0.698,0.249
19400,0.057,0.700,0.243
19500,0.056,0.708,0.236
19600,0.051,0.701,0.248
19700,0.052,0.714,0.234
19800,0.055,0.728,0.217
19900,0.054,0.730,0.216
20000,0.055,0.731,0.214
20100,0.050,0.726,0.224
20200,0.051,0.709,0.240
20300,0.047,0.720,0.233
20400,0.047,0.719,0.234
20500,0.045,0.716,0.239
20600,0.044,0.713,0.243
20700,0.040,0.721,0.239
20800,0.042,0.729,0.229
20900,0.041,0.737,0.222
21000,0.044,0.735,0.221
21100,0.041,0.738,0.221
21200,0.042,0.741,0.217
21300,0.039,0.743,0.218
21400,0.039,0.744,0.217
21500,0.038,0.752,0.210
21600,0.040,0.753,0.207
21700,0.039,0.753,0.208
21800,0.037,0.756,0.207
21900,0.038,0.761,0.201
22000,0.038,0.773,0.189
22100,0.040,0.787,0.173
22200,0.040,0.773,0.187
22300,0.038,0.790,0.172
22400,0.038,0.784,0.178
22500,0.037,0.781,0.182
22600,0.039,0.775,0.186
22700,0.038,0.776,0.186
22800,0.037,0.781,0.182
22900,0.039,0.776,0.185
23000,0.041,0.760,0.199
23100,0.045,0.763,0.192
23200,0.042,0.766,0.192
23300,0.041,0.769,0.190
23400,0.040,0.773,0.187
23500,0.043,0.776,0.181
23600,0.043,0.778,0.179
23700,0.043,0.775,0.182
23800,0.044,0.768,0.188
23900,0.040,0.765,0.195
24000,0.038,0.757,0.205
24100,0.037,0.758,0.205
24200,0.040,0.758,0.202
24300,0.039,0.753,0.208
24400,0.039,0.751,0.210
24500,0.041,0.745,0.214
24600,0.042,0.761,0.197
24700,0.041,0.766,0.193
24800,0.041,0.760,0.199
24900,0.039,0.752,0.209
25000,0.038,0.747,0.215
25100,0.042,0.740,0.218
25200,0.044,0.726,0.230
25300,0.045,0.729,0.226
25400,0.051,0.741,0.208
25500,0.051,0.722,0.227
25600,0.050,0.717,0.233
25700,0.051,0.713,0.236
25800,0.049,0.718,0.233
25900,0.050,0.704,0.246
26000,0.047,0.707,0.246
26100,0.052,0.710,0.238
26200,0.050,0.698,0.252
26300,0.051,0.687,0.262
26400,0.052,0.688,0.260
26500,0.051,0.687,0.262
26600,0.049,0.673,0.278
26700,0.048,0.665,0.287
26800,0.050,0.671,0.279
26900,0.051,0.660,0.289
27000,0.054,0.660,0.286
27100,0.053,0.667,0.280
27200,0.052,0.677,0.271
27300,0.052,0.667,0.281
27400,0.053,0.672,0.275
27500,0.052,0.679,0.269
27600,0.052,0.683,0.265
27700,0.049,0.674,0.277
27800,0.048,0.646,0.306
27900,0.050,0.657,0.293
28000,0.053,0.679,0.268
28100,0.052,0.677,0.271
28200,0.052,0.687,0.261
28300,0.049,0.679,0.272
28400,0.049,0.689,0.262
28500,0.047,0.687,0.266
28600,0.049,0.690,0.261
28700,0.052,0.698,0.250
28800,0.047,0.702,0.251
28900,0.046,0.705,0.249
29000,0.046,0.709,0.245
29100,0.048,0.699,0.253
29200,0.046,0.699,0.255
29300,0.043,0.711,0.246
29400,0.043,0.709,0.248
29500,0.042,0.703,0.255
29600,0.038,0.694,0.268
29700,0.039,0.704,0.257
29800,0.038,0.709,0.253
29900,0.040,0.724,0.236
30000,0.041,0.726,0.233
30100,0.046,0.725,0.229
30200,0.047,0.722,0.231
30300,0.043,0.708,0.249
30400,0.043,0.713,0.244
30500,0.046,0.714,0.240
30600,0.048,0.705,0.247
30700,0.047,0.706,0.247
30800,0.048,0.711,0.241
30900,0.046,0.704,0.250
31000,0.045,0.701,0.254
31100,0.047,0.692,0.261
31200,0.046,0.693,0.261
31300,0.044,0.694,0.262
31400,0.042,0.692,0.266
31500,0.043,0.682,0.275
31600,0.051,0.689,0.260
31700,0.054,0.684,0.262
31800,0.052,0.678,0.270
31900,0.049,0.693,0.258
32000,0.048,0.676,0.276
32100,0.049,0.659,0.292
32200,0.048,0.663,0.289
32300,0.045,0.664,0.291
32400,0.045,0.673,0.282
32500,0.053,0.696,0.251
32600,0.054,0.697,0.249
32700,0.052,0.706,0.242
32800,0.049,0.710,0.241
32900,0.046,0.693,0.261
33000,0.047,0.697,0.256
33100,0.051,0.710,0.239
33200,0.049,0.706,0.245
33300,0.046,0.716,0.238
33400,0.052,0.717,0.231
33500,0.051,0.712,0.237
33600,0.051,0.724,0.225
33700,0.049,0.715,0.236
33800,0.051,0.703,0.246
33900,0.051,0.708,0.241
34000,0.050,0.700,0.250
34100,0.055,0.707,0.238
34200,0.053,0.710,0.237
34300,0.054,0.715,0.231
34400,0.052,0.709,0.239
34500,0.050,0.701,0.249
34600,0.048,0.707,0.245
34700,0.044,0.712,0.244
34800,0.046,0.720,0.234
34900,0.044,0.721,0.235
35000,0.042,0.729,0.229
35100,0.042,0.736,0.222
35200,0.046,0.727,0.227
35300,0.050,0.723,0.227
35400,0.047,0.733,0.220
35500,0.045,0.738,0.217
35600,0.045,0.741,0.214
35700,0.048,0.746,0.206
35800,0.052,0.748,0.200
35900,0.050,0.744,0.206
36000,0.050,0.734,0.216
36100,0.051,0.747,0.202
36200,0.045,0.749,0.206
36300,0.043,0.740,0.217
36400,0.043,0.727,0.230
36500,0.042,0.726,0.232
36600,0.044,0.725,0.231
36700,0.045,0.721,0.234
36800,0.047,0.719,0.234
36900,0.048,0.704,0.248
37000,0.043,0.716,0.241
37100,0.048,0.727,0.225
37200,0.046,0.721,0.233
37300,0.045,0.722,0.233
37400,0.046,0.727,0.227
37500,0.043,0.723,0.234
37600,0.050,0.725,0.225
37700,0.050,0.722,0.228
37800,0.054,0.720,0.226
37900,0.055,0.731,0.214
38000,0.055,0.719,0.226
38100,0.054,0.723,0.223
38200,0.049,0.717,0.234
38300,0.048,0.715,0.237
38400,0.054,0.723,0.223
38500,0.058,0.730,0.212
38600,0.058,0.726,0.216
38700,0.055,0.719,0.226
38800,0.055,0.716,0.229
38900,0.054,0.719,0.227
39000,0.052,0.714,0.234
39100,0.056,0.721,0.223
39200,0.054,0.718,0.228
39300,0.048,0.727,0.225
39400,0.051,0.723,0.226
39500,0.048,0.746,0.206
39600,0.047,0.748,0.205
39700,0.048,0.758,0.194
39800,0.049,0.756,0.195
39900,0.047,0.743,0.210
40000,0.045,0.740,0.215
40100,0.046,0.743,0.211
40200,0.044,0.754,0.202
40300,0.045,0.750,0.205
40400,0.047,0.742,0.211
40500,0.050,0.744,0.206
40600,0.046,0.743,0.211
40700,0.046,0.744,0.210
40800,0.044,0.742,0.214
40900,0.048,0.747,0.205
41000,0.050,0.741,0.209
41100,0.052,0.737,0.211
41200,0.050,0.730,0.220
41300,0.050,0.736,0.214
41400,0.045,0.733,0.222
41500,0.041,0.738,0.221
41600,0.037,0.741,0.222
41700,0.037,0.742,0.221
41800,0.036,0.743,0.221
41900,0.038,0.739,0.223
42000,0.034,0.751,0.215
42100,0.035,0.752,0.213
42200,0.036,0.743,0.221
42300,0.042,0.750,0.208
42400,0.045,0.748,0.207
42500,0.045,0.754,0.201
42600,0.044,0.761,0.195
42700,0.044,0.753,0.203
42800,0.046,0.754,0.200
42900,0.046,0.758,0.196
43000,0.045,0.757,0.198
43100,0.046,0.756,0.198
43200,0.044,0.745,0.211
43300,0.044,0.743,0.213
43400,0.042,0.742,0.216
43500,0.040,0.751,0.209
43600,0.039,0.746,0.215
43700,0.038,0.752,0.210
43800,0.039,0.747,0.214
43900,0.039,0.747,0.214
44000,0.038,0.754,0.208
44100,0.042,0.759,0.199
44200,0.045,0.757,0.198
44300,0.046,0.753,0.201
44400,0.053,0.748,0.199
44500,0.055,0.751,0.194
44600,0.056,0.747,0.197
44700,0.054,0.744,0.202
44800,0.054,0.749,0.197
44900,0.052,0.759,0.189
45000,0.054,0.744,0.202
45100,0.054,0.739,0.207
45200,0.052,0.751,0.197
45300,0.047,0.760,0.193
45400,0.047,0.759,0.194
45500,0.046,0.756,0.198
45600,0.049,0.758,0.193
45700,0.050,0.744,0.206
45800,0.050,0.747,0.203
45900,0.050,0.728,0.222
46000,0.049,0.721,0.230
46100,0.049,0.720,0.231
46200,0.048,0.726,0.226
46300,0.047,0.728,0.225
46400,0.043,0.730,0.227
46500,0.045,0.737,0.218
46600,0.044,0.747,0.209
46700,0.045,0.746,0.209
46800,0.043,0.745,0.212
46900,0.041,0.738,0.221
47000,0.042,0.744,0.214
47100,0.045,0.752,0.203
47200,0.042,0.748,0.210
47300,0.045,0.754,0.201
47400,0.043,0.736,0.221
47500,0.042,0.748,0.210
47600,0.040,0.735,0.225
47700,0.037,0.727,0.236
47800,0.038,0.727,0.235
47900,0.037,0.732,0.231
48000,0.035,0.731,0.234
48100,0.036,0.748,0.216
48200,0.041,0.756,0.203
48300,0.042,0.768,0.190
48400,0.044,0.768,0.188
48500,0.043,0.777,0.180
48600,0.043,0.767,0.190
48700,0.045,0.774,0.181
48800,0.045,0.773,0.182
48900,0.046,0.776,0.178
49000,0.047,0.751,0.202
49100,0.045,0.749,0.206
49200,0.048,0.753,0.199
49300,0.047,0.760,0.193
49400,0.048,0.747,0.205
49500,0.046,0.749,0.205
49600,0.045,0.748,0.207
49700,0.043,0.743,0.214
49800,0.050,0.730,0.220
49900,0.048,0.723,0.229
50000,0.050,0.723,0.227
50100,0.046,0.717,0.237
50200,0.051,0.716,0.233
50300,0.050,0.726,0.224
50400,0.048,0.727,0.225
50500,0.050,0.726,0.224
50600,0.051,0.719,0.230
50700,0.051,0.721,0.228
50800,0.050,0.727,0.223
50900,0.054,0.736,0.210
51000,0.050,0.744,0.206
51100,0.050,0.734,0.216
51200,0.050,0.736,0.214
51300,0.047,0.733,0.220
51400,0.046,0.738,0.216
51500,0.045,0.734,0.221
51600,0.044,0.727,0.229
51700,0.046,0.735,0.219
51800,0.046,0.734,0.220
51900,0.049,0.736,0.215
52000,0.050,0.739,0.211
52100,0.048,0.747,0.205
52200,0.045,0.752,0.203
52300,0.046,0.755,0.199
52400,0.057,0.744,0.199
52500,0.050,0.749,0.201
52600,0.050,0.745,0.205
52700,0.048,0.734,0.218
52800,0.051,0.725,0.224
52900,0.045,0.730,0.225
53000,0.044,0.732,0.224
53100,0.044,0.738,0.218
53200,0.048,0.734,0.218
53300,0.050,0.717,0.233
53400,0.051,0.718,0.231
53500,0.055,0.708,0.237
53600,0.052,0.700,0.248
53700,0.051,0.712,0.237
53800,0.052,0.723,0.225
53900,0.047,0.711,0.242
54000,0.047,0.709,0.244
54100,0.046,0.704,0.250
54200,0.050,0.705,0.245
54300,0.050,0.711,0.239
54400,0.052,0.724,0.224
54500,0.046,0.727,0.227
54600,0.043,0.725,0.232
54700,0.042,0.729,0.229
54800,0.041,0.733,0.226
54900,0.039,0.714,0.247
55000,0.043,0.718,0.239
55100,0.046,0.716,0.238
55200,0.047,0.715,0.238
55300,0.046,0.716,0.238
55400,0.046,0.700,0.254
55500,0.044,0.713,0.243
55600,0.039,0.712,0.249
55700,0.043,0.712,0.245
55800,0.043,0.716,0.241
55900,0.046,0.719,0.235
56000,0.045,0.722,0.233
56100,0.042,0.725,0.233
56200,0.041,0.726,0.233
56300,0.044,0.723,0.233
56400,0.043,0.738,0.219
56500,0.041,0.745,0.214
56600,0.040,0.747,0.213
56700,0.041,0.751,0.208
56800,0.043,0.757,0.200
56900,0.046,0.758,0.196
57000,0.045,0.748,0.207
57100,0.049,0.743,0.208
57200,0.050,0.744,0.206
57300,0.049,0.739,0.212
57400,0.046,0.740,0.214
57500,0.046,0.734,0.220
57600,0.046,0.742,0.212
57700,0.043,0.740,0.217
57800,0.046,0.738,0.216
57900,0.047,0.724,0.229
58000,0.049,0.734,0.217
58100,0.049,0.727,0.224
58200,0.046,0.726,0.228
58300,0.044,0.719,0.237
58400,0.042,0.712,0.246
58500,0.046,0.706,0.248
58600,0.049,0.708,0.243
58700,0.053,0.705,0.242
58800,0.052,0.718,0.230
58900,0.050,0.712,0.238
59000,0.052,0.714,0.234
59100,0.050,0.713,0.237
59200,0.050,0.694,0.256
59300,0.051,0.693,0.256
59400,0.051,0.706,0.243
59500,0.050,0.704,0.246
59600,0.050,0.705,0.245
59700,0.053,0.711,0.236
59800,0.050,0.712,0.238
59900,0.055,0.711,0.234
60000,0.052,0.710,0.238
60100,0.053,0.704,0.243
60200,0.052,0.697,0.251
60300,0.050,0.715,0.235
60400,0.047,0.724,0.229
60500,0.047,0.717,0.236
60600,0.048,0.710,0.242
60700,0.050,0.719,0.231
60800,0.048,0.712,0.240
60900,0.050,0.709,0.241
61000,0.048,0.720,0.232
61100,0.049,0.730,0.221
61200,0.045,0.722,0.233
61300,0.047,0.731,0.222
61400,0.049,0.734,0.217
61500,0.047,0.731,0.222
61600,0.045,0.725,0.230
61700,0.042,0.724,0.234
61800,0.040,0.727,0.233
61900,0.037,0.718,0.245
62000,0.038,0.716,0.246
62100,0.037,0.711,0.252
62200,0.041,0.704,0.255
62300,0.040,0.711,0.249
62400,0.041,0.723,0.236
62500,0.041,0.724,0.235
62600,0.043,0.728,0.229
62700,0.042,0.733,0.225
62800,0.042,0.727,0.231
62900,0.039,0.716,0.245
63000,0.039,0.720,0.241
63100,0.045,0.724,0.231
63200,0.046,0.734,0.220
63300,0.043,0.730,0.227
63400,0.045,0.738,0.217
63500,0.048,0.738,0.214
63600,0.050,0.722,0.228
63700,0.052,0.732,0.216
63800,0.048,0.738,0.214
63900,0.053,0.740,0.207
64000,0.055,0.744,0.201
64100,0.054,0.739,0.207
64200,0.052,0.731,0.217
64300,0.054,0.737,0.209
64400,0.052,0.749,0.199
64500,0.049,0.733,0.218
64600,0.051,0.739,0.210
64700,0.052,0.746,0.202
64800,0.049,0.746,0.205
64900,0.049,0.748,0.203
65000,0.048,0.743,0.209
65100,0.050,0.733,0.217
65200,0.049,0.733,0.218
65300,0.047,0.728,0.225
65400,0.050,0.745,0.205
65500,0.048,0.743,0.209
65600,0.047,0.727,0.226
65700,0.050,0.716,0.234
65800,0.048,0.721,0.231
65900,0.051,0.726,0.223
66000,0.053,0.725,0.222
66100,0.050,0.720,0.230
66200,0.046,0.722,0.232
66300,0.050,0.725,0.225
66400,0.048,0.712,0.240
66500,0.048,0.700,0.252
66600,0.046,0.698,0.256
66700,0.045,0.697,0.258
66800,0.046,0.704,0.250
66900,0.047,0.711,0.242
67000,0.047,0.700,0.253
67100,0.046,0.693,0.261
67200,0.044,0.692,0.264
67300,0.049,0.698,0.253
67400,0.050,0.702,0.248
67500,0.056,0.706,0.238
67600,0.058,0.708,0.234
67700,0.057,0.719,0.224
67800,0.055,0.721,0.224
67900,0.057,0.714,0.229
68000,0.059,0.710,0.231
68100,0.057,0.708,0.235
68200,0.062,0.710,0.228
68300,0.058,0.723,0.219
68400,0.054,0.729,0.217
68500,0.052,0.737,0.211
68600,0.051,0.746,0.203
68700,0.051,0.756,0.193
68800,0.051,0.752,0.197
68900,0.050,0.751,0.199
69000,0.049,0.761,0.190
69100,0.051,0.753,0.196
69200,0.045,0.754,0.201
69300,0.052,0.755,0.193
69400,0.058,0.751,0.191
69500,0.060,0.742,0.198
69600,0.054,0.742,0.204
69700,0.052,0.744,0.204
69800,0.059,0.754,0.187
69900,0.054,0.763,0.183
70000,0.051,0.761,0.188
70100,0.047,0.764,0.189
70200,0.047,0.757,0.196
70300,0.046,0.751,0.203
70400,0.044,0.752,0.204
70500,0.047,0.747,0.206
70600,0.045,0.753,0.202
70700,0.045,0.756,0.199
70800,0.043,0.736,0.221
70900,0.041,0.739,0.220
71000,0.040,0.730,0.230
71100,0.039,0.751,0.210
71200,0.037,0.754,0.209
71300,0.039,0.762,0.199
71400,0.038,0.757,0.205
71500,0.038,0.770,0.192
71600,0.036,0.772,0.192
71700,0.038,0.774,0.188
71800,0.037,0.785,0.178
71900,0.037,0.778,0.185
72000,0.037,0.782,0.181
72100,0.036,0.780,0.184
72200,0.035,0.791,0.174
72300,0.035,0.798,0.167
72400,0.037,0.795,0.168
72500,0.042,0.792,0.166
72600,0.043,0.796,0.161
72700,0.041,0.793,0.166
72800,0.043,0.793,0.164
72900,0.045,0.788,0.167
73000,0.046,0.778,0.176
73100,0.042,0.781,0.177
73200,0.042,0.781,0.177
73300,0.041,0.782,0.177
73400,0.040,0.779,0.181
73500,0.039,0.773,0.188
73600,0.039,0.778,0.183
73700,0.040,0.774,0.186
73800,0.043,0.775,0.182
73900,0.042,0.788,0.170
74000,0.042,0.775,0.183
74100,0.043,0.771,0.186
74200,0.041,0.773,0.186
74300,0.039,0.779,0.182
74400,0.037,0.780,0.183
74500,0.035,0.767,0.198
74600,0.034,0.765,0.201
74700,0.034,0.764,0.202
74800,0.036,0.768,0.196
74900,0.036,0.766,0.198
75000,0.037,0.766,0.197
75100,0.037,0.768,0.195
75200,0.038,0.777,0.185
75300,0.035,0.777,0.188
75400,0.037,0.777,0.186
75500,0.037,0.774,0.189
75600,0.035,0.768,0.197
75700,0.038,0.770,0.192
75800,0.042,0.759,0.199
75900,0.042,0.766,0.192
76000,0.041,0.761,0.198
76100,0.043,0.770,0.187
76200,0.043,0.770,0.187
76300,0.043,0.776,0.181
76400,0.042,0.769,0.189
76500,0.039,0.770,0.191
76600,0.039,0.770,0.191
76700,0.039,0.756,0.205
76800,0.039,0.747,0.214
76900,0.037,0.748,0.215
77000,0.039,0.744,0.217
77100,0.040,0.742,0.218
77200,0.044,0.745,0.211
77300,0.043,0.743,0.214
77400,0.040,0.738,0.222
77500,0.042,0.745,0.213
77600,0.040,0.744,0.216
77700,0.039,0.737,0.224
77800,0.039,0.735,0.226
77900,0.042,0.736,0.222
78000,0.042,0.745,0.213
78100,0.043,0.745,0.212
78200,0.042,0.748,0.210
78300,0.040,0.742,0.218
78400,0.039,0.754,0.207
78500,0.039,0.753,0.208
78600,0.044,0.742,0.214
78700,0.043,0.744,0.213
78800,0.046,0.740,0.214
78900,0.044,0.746,0.210
79000,0.041,0.747,0.212
79100,0.039,0.756,0.205
79200,0.039,0.760,0.201
79300,0.039,0.771,0.190
79400,0.038,0.768,0.194
79500,0.041,0.781,0.178
79600,0.038,0.782,0.180
79700,0.038,0.774,0.188
79800,0.035,0.772,0.193
79900,0.036,0.777,0.187
80000,0.036,0.774,0.190
80100,0.037,0.776,0.187
80200,0.040,0.782,0.178
80300,0.043,0.779,0.178
80400,0.044,0.779,0.177
80500,0.042,0.784,0.174
80600,0.045,0.778,0.177
80700,0.045,0.783,0.172
80800,0.044,0.778,0.178
80900,0.041,0.772,0.187
81000,0.041,0.769,0.190
81100,0.048,0.759,0.193
81200,0.051,0.772,0.177
81300,0.049,0.766,0.185
81400,0.047,0.765,0.188
81500,0.045,0.763,0.192
81600,0.046,0.756,0.198
81700,0.046,0.753,0.201
81800,0.047,0.745,0.208
81900,0.046,0.746,0.208
82000,0.045,0.737,0.218
82100,0.047,0.746,0.207
82200,0.046,0.740,0.214
82300,0.044,0.752,0.204
82400,0.046,0.742,0.212
82500,0.045,0.745,0.210
82600,0.048,0.742,0.210
82700,0.051,0.744,0.205
82800,0.051,0.757,0.192
82900,0.048,0.768,0.184
83000,0.050,0.776,0.174
83100,0.045,0.770,0.185
83200,0.043,0.773,0.184
83300,0.044,0.772,0.184
83400,0.044,0.767,0.189
83500,0.046,0.762,0.192
83600,0.043,0.760,0.197
83700,0.042,0.757,0.201
83800,0.043,0.755,0.202
83900,0.045,0.751,0.204
84000,0.045,0.752,0.203
84100,0.044,0.754,0.202
84200,0.050,0.751,0.199
84300,0.047,0.759,0.194
84400,0.045,0.762,0.193
84500,0.043,0.755,0.202
84600,0.042,0.752,0.206
84700,0.043,0.757,0.200
84800,0.041,0.762,0.197
84900,0.038,0.766,0.196
85000,0.037,0.775,0.188
85100,0.039,0.773,0.188
85200,0.038,0.780,0.182
85300,0.037,0.781,0.182
85400,0.037,0.775,0.188
85500,0.040,0.760,0.200
85600,0.037,0.758,0.205
85700,0.035,0.769,0.196
85800,0.033,0.768,0.199
85900,0.033,0.774,0.193
86000,0.033,0.769,0.198
86100,0.035,0.772,0.193
86200,0.041,0.774,0.185
86300,0.039,0.775,0.186
86400,0.040,0.774,0.186
86500,0.037,0.780,0.183
86600,0.040,0.796,0.164
86700,0.039,0.788,0.173
86800,0.039,0.796,0.165
86900,0.039,0.798,0.163
87000,0.039,0.793,0.168
87100,0.038,0.799,0.163
87200,0.039,0.803,0.158
87300,0.039,0.800,0.161
87400,0.039,0.807,0.154
87500,0.039,0.806,0.155
87600,0.038,0.806,0.156
87700,0.040,0.805,0.155
87800,0.039,0.814,0.147
87900,0.039,0.818,0.143
88000,0.040,0.825,0.135
88100,0.040,0.826,0.134
88200,0.038,0.837,0.125
88300,0.035,0.842,0.123
88400,0.035,0.830,0.135
88500,0.034,0.822,0.144
88600,0.033,0.816,0.151
88700,0.035,0.802,0.163
88800,0.034,0.802,0.164
88900,0.034,0.806,0.160
89000,0.034,0.814,0.152
89100,0.036,0.802,0.162
89200,0.035,0.803,0.162
89300,0.036,0.793,0.171
89400,0.035,0.801,0.164
89500,0.037,0.783,0.180
89600,0.037,0.787,0.176
89700,0.039,0.779,0.182
89800,0.040,0.780,0.180
89900,0.039,0.777,0.184
90000,0.039,0.775,0.186
90100,0.039,0.768,0.193
90200,0.042,0.769,0.189
90300,0.039,0.769,0.192
90400,0.040,0.765,0.195
90500,0.043,0.762,0.195
90600,0.041,0.764,0.195
90700,0.038,0.755,0.207
90800,0.037,0.757,0.206
90900,0.036,0.748,0.216
91000,0.037,0.760,0.203
91100,0.037,0.754,0.209
91200,0.041,0.741,0.218
91300,0.043,0.739,0.218
91400,0.042,0.738,0.220
91500,0.041,0.746,0.213
91600,0.040,0.736,0.224
91700,0.039,0.741,0.220
91800,0.042,0.750,0.208
91900,0.041,0.749,0.210
92000,0.041,0.753,0.206
92100,0.043,0.761,0.196
92200,0.043,0.756,0.201
92300,0.042,0.752,0.206
92400,0.045,0.754,0.201
92500,0.043,0.760,0.197
92600,0.045,0.764,0.191
92700,0.047,0.765,0.188
92800,0.047,0.766,0.187
92900,0.044,0.768,0.188
93000,0.044,0.771,0.185
93100,0.044,0.770,0.186
93200,0.044,0.768,0.188
93300,0.043,0.764,0.193
93400,0.043,0.760,0.197
93500,0.050,0.758,0.192
93600,0.050,0.757,0.193
93700,0.047,0.763,0.190
93800,0.047,0.768,0.185
93900,0.044,0.778,0.178
94000,0.046,0.786,0.168
94100,0.044,0.785,0.171
94200,0.040,0.785,0.175
94300,0.044,0.784,0.172
94400,0.045,0.791,0.164
94500,0.045,0.791,0.164
94600,0.042,0.781,0.177
94700,0.039,0.783,0.178
94800,0.038,0.789,0.173
94900,0.038,0.788,0.174
95000,0.040,0.781,0.179
95100,0.039,0.770,0.191
95200,0.037,0.777,0.186
95300,0.038,0.772,0.190
95400,0.036,0.773,0.191
95500,0.036,0.768,0.196
95600,0.039,0.767,0.194
95700,0.039,0.766,0.195
95800,0.041,0.767,0.192
95900,0.040,0.773,0.187
96000,0.038,0.769,0.193
96100,0.041,0.766,0.193
96200,0.041,0.763,0.196
96300,0.044,0.774,0.182
96400,0.044,0.767,0.189
96500,0.044,0.776,0.180
96600,0.037,0.779,0.184
96700,0.039,0.775,0.186
96800,0.038,0.774,0.188
96900,0.040,0.776,0.184
97000,0.038,0.780,0.182
97100,0.037,0.782,0.181
97200,0.036,0.766,0.198
97300,0.040,0.759,0.201
97400,0.040,0.763,0.197
97500,0.039,0.762,0.199
97600,0.042,0.743,0.215
97700,0.041,0.740,0.219
97800,0.040,0.737,0.223
97900,0.046,0.739,0.215
98000,0.043,0.738,0.219
98100,0.039,0.741,0.220
98200,0.042,0.745,0.213
98300,0.042,0.736,0.222
98400,0.040,0.739,0.221
98500,0.037,0.744,0.219
98600,0.039,0.736,0.225
98700,0.040,0.744,0.216
98800,0.040,0.742,0.218
98900,0.043,0.752,0.205
99000,0.041,0.750,0.209
99100,0.042,0.749,0.209
99200,0.042,0.750,0.208
99300,0.041,0.749,0.210
99400,0.041,0.752,0.207
99500,0.040,0.768,0.192
99600,0.041,0.766,0.193
99700,0.043,0.765,0.192
99800,0.043,0.773,0.184
99900,0.041,0.760,0.199
100000,0.040,0.764,0.196
