time,n_A+p,n_B,n_AB
100,0.380,0.489,0.132
200,0.335,0.417,0.248
300,0.310,0.392,0.298
400,0.303,0.357,0.340
500,0.278,0.355,0.367
600,0.268,0.333,0.400
700,0.270,0.340,0.390
800,0.266,0.328,0.407
900,0.258,0.325,0.417
1000,0.251,0.313,0.437
1100,0.231,0.308,0.462
1200,0.246,0.305,0.449
1300,0.261,0.298,0.442
1400,0.238,0.288,0.474
1500,0.253,0.308,0.439
1600,0.261,0.303,0.437
1700,0.261,0.303,0.437
1800,0.236,0.313,0.452
1900,0.223,0.295,0.481
2000,0.226,0.295,0.479
2100,0.226,0.298,0.476
2200,0.213,0.323,0.464
2300,0.218,0.318,0.464
2400,0.228,0.288,0.484
2500,0.218,0.248,0.533
2600,0.213,0.243,0.543
2700,0.223,0.268,0.509
2800,0.218,0.253,0.529
2900,0.191,0.270,0.538
3000,0.208,0.285,0.506
3100,0.233,0.268,0.499
3200,0.201,0.278,0.521
3300,0.191,0.345,0.464
3400,0.199,0.355,0.447
3500,0.221,0.347,0.432
3600,0.211,0.340,0.449
3700,0.176,0.367,0.457
3800,0.174,0.380,0.447
3900,0.179,0.360,0.462
4000,0.166,0.370,0.464
4100,0.161,0.375,0.464
4200,0.164,0.360,0.476
4300,0.191,0.320,0.489
4400,0.189,0.308,0.504
4500,0.203,0.293,0.504
4600,0.216,0.261,0.524
4700,0.256,0.236,0.509
4800,0.246,0.199,0.556
4900,0.228,0.203,0.568
5000,0.223,0.199,0.578
5100,0.218,0.199,0.583
5200,0.263,0.201,0.536
5300,0.280,0.189,0.531
5400,0.303,0.196,0.501
5500,0.305,0.179,0.516
5600,0.290,0.201,0.509
5700,0.270,0.199,0.531
5800,0.273,0.211,0.516
5900,0.248,0.203,0.548
6000,0.261,0.218,0.521
6100,0.270,0.231,0.499
6200,0.238,0.208,0.553
6300,0.246,0.233,0.521
6400,0.246,0.223,0.531
6500,0.226,0.221,0.553
6600,0.218,0.231,0.551
6700,0.223,0.226,0.551
6800,0.218,0.246,0.536
6900,0.216,0.248,0.536
7000,0.203,0.253,0.543
7100,0.233,0.246,0.521
7200,0.248,0.236,0.516
7300,0.266,0.238,0.496
7400,0.278,0.218,0.504
7500,0.258,0.233,0.509
7600,0.256,0.241,0.504
7700,0.251,0.253,0.496
7800,0.253,0.256,0.491
7900,0.266,0.261,0.474
8000,0.283,0.236,0.481
8100,0.288,0.226,0.486
8200,0.283,0.253,0.464
8300,0.258,0.253,0.489
8400,0.236,0.261,0.504
8500,0.226,0.266,0.509
8600,0.233,0.278,0.489
8700,0.226,0.288,0.486
8800,0.228,0.285,0.486
8900,0.221,0.310,0.469
9000,0.223,0.325,0.452
9100,0.233,0.345,0.422
9200,0.213,0.342,0.444
9300,0.201,0.352,0.447
9400,0.194,0.352,0.454
9500,0.203,0.362,0.434
9600,0.196,0.345,0.459
9700,0.213,0.340,0.447
9800,0.201,0.303,0.496
9900,0.213,0.315,0.471
10000,0.201,0.308,0.491
10100,0.196,0.333,0.471
10200,0.181,0.337,0.481
10300,0.206,0.318,0.476
10400,0.216,0.325,0.459
10500,0.223,0.300,0.476
10600,0.238,0.298,0.464
10700,0.231,0.268,0.501
10800,0.253,0.278,0.469
10900,0.246,0.263,0.491
11000,0.253,0.236,0.511
11100,0.275,0.246,0.479
11200,0.268,0.246,0.486
11300,0.283,0.216,0.501
11400,0.298,0.231,0.471
11500,0.303,0.238,0.459
11600,0.328,0.231,0.442
11700,0.303,0.258,0.439
11800,0.275,0.253,0.471
11900,0.258,0.248,0.494
12000,0.268,0.243,0.489
12100,0.273,0.251,0.476
12200,0.251,0.251,0.499
12300,0.270,0.246,0.484
12400,0.278,0.226,0.496
12500,0.263,0.221,0.516
12600,0.238,0.248,0.514
12700,0.228,0.285,0.486
12800,0.213,0.275,0.511
12900,0.218,0.243,0.538
13000,0.228,0.270,0.501
13100,0.223,0.270,0.506
13200,0.223,0.266,0.511
13300,0.238,0.268,0.494
13400,0.226,0.263,0.511
13500,0.211,0.270,0.519
13600,0.206,0.283,0.511
13700,0.221,0.288,0.491
13800,0.208,0.308,0.484
13900,0.226,0.288,0.486
14000,0.221,0.288,0.491
14100,0.231,0.285,0.484
14200,0.231,0.261,0.509
14300,0.246,0.285,0.469
14400,0.251,0.275,0.474
14500,0.270,0.275,0.454
14600,0.251,0.261,0.489
14700,0.275,0.238,0.486
14800,0.303,0.253,0.444
14900,0.293,0.266,0.442
15000,0.290,0.266,0.444
15100,0.295,0.251,0.454
15200,0.290,0.241,0.469
15300,0.293,0.231,0.476
15400,0.305,0.233,0.462
15500,0.313,0.218,0.469
15600,0.305,0.221,0.474
15700,0.320,0.216,0.464
15800,0.308,0.196,0.496
15900,0.325,0.181,0.494
16000,0.330,0.179,0.491
16100,0.342,0.194,0.464
16200,0.362,0.184,0.454
16300,0.337,0.179,0.484
16400,0.330,0.161,0.509
16500,0.313,0.171,0.516
16600,0.320,0.176,0.504
16700,0.323,0.161,0.516
16800,0.325,0.186,0.489
16900,0.328,0.211,0.462
17000,0.325,0.233,0.442
17100,0.313,0.226,0.462
17200,0.315,0.186,0.499
17300,0.310,0.196,0.494
17400,0.313,0.201,0.486
17500,0.310,0.223,0.467
17600,0.285,0.218,0.496
17700,0.273,0.223,0.504
17800,0.288,0.248,0.464
17900,0.295,0.253,0.452
18000,0.280,0.253,0.467
18100,0.278,0.228,0.494
18200,0.253,0.226,0.521
18300,0.285,0.201,0.514
18400,0.263,0.199,0.538
18500,0.275,0.201,0.524
18600,0.293,0.211,0.496
18700,0.298,0.218,0.484
18800,0.288,0.213,0.499
18900,0.278,0.203,0.519
19000,0.285,0.211,0.504
19100,0.293,0.206,0.501
19200,0.310,0.191,0.499
19300,0.308,0.194,0.499
19400,0.320,0.184,0.496
19500,0.330,0.184,0.486
19600,0.335,0.184,0.481
19700,0.315,0.194,0.491
19800,0.315,0.196,0.489
19900,0.303,0.203,0.494
20000,0.293,0.226,0.481
20100,0.283,0.231,0.486
20200,0.275,0.241,0.484
20300,0.290,0.211,0.499
20400,0.285,0.211,0.504
20500,0.308,0.221,0.471
20600,0.293,0.226,0.481
20700,0.300,0.201,0.499
20800,0.303,0.189,0.509
20900,0.293,0.216,0.491
21000,0.300,0.196,0.504
21100,0.305,0.181,0.514
21200,0.295,0.161,0.543
21300,0.283,0.194,0.524
21400,0.313,0.184,0.504
21500,0.318,0.191,0.491
21600,0.308,0.199,0.494
21700,0.285,0.189,0.526
21800,0.285,0.201,0.514
21900,0.266,0.211,0.524
22000,0.263,0.196,0.541
22100,0.273,0.176,0.551
22200,0.310,0.159,0.531
22300,0.305,0.164,0.531
22400,0.320,0.199,0.481
22500,0.305,0.194,0.501
22600,0.320,0.184,0.496
22700,0.330,0.181,0.489
22800,0.330,0.174,0.496
22900,0.318,0.181,0.501
23000,0.313,0.184,0.504
23100,0.345,0.181,0.474
23200,0.365,0.213,0.422
23300,0.347,0.184,0.469
23400,0.340,0.179,0.481
23500,0.330,0.181,0.489
23600,0.320,0.211,0.469
23700,0.293,0.231,0.476
23800,0.298,0.211,0.491
23900,0.298,0.208,0.494
24000,0.303,0.206,0.491
24100,0.315,0.223,0.462
24200,0.325,0.218,0.457
24300,0.290,0.194,0.516
24400,0.308,0.171,0.521
24500,0.320,0.186,0.494
24600,0.313,0.194,0.494
24700,0.345,0.179,0.476
24800,0.347,0.179,0.474
24900,0.320,0.169,0.511
25000,0.298,0.194,0.509
25100,0.300,0.228,0.471
25200,0.283,0.246,0.471
25300,0.288,0.273,0.439
25400,0.283,0.258,0.459
25500,0.305,0.241,0.454
25600,0.285,0.233,0.481
25700,0.278,0.228,0.494
25800,0.270,0.211,0.519
25900,0.251,0.208,0.541
26000,0.228,0.211,0.561
26100,0.218,0.226,0.556
26200,0.241,0.221,0.538
26300,0.248,0.238,0.514
26400,0.241,0.251,0.509
26500,0.236,0.248,0.516
26600,0.208,0.236,0.556
26700,0.213,0.270,0.516
26800,0.203,0.285,0.511
26900,0.206,0.278,0.516
27000,0.216,0.273,0.511
27100,0.261,0.285,0.454
27200,0.236,0.293,0.471
27300,0.243,0.295,0.462
27400,0.241,0.283,0.476
27500,0.251,0.288,0.462
27600,0.241,0.283,0.476
27700,0.218,0.278,0.504
27800,0.228,0.275,0.496
27900,0.208,0.270,0.521
28000,0.228,0.270,0.501
28100,0.231,0.280,0.489
28200,0.226,0.308,0.467
28300,0.226,0.303,0.471
28400,0.203,0.328,0.469
28500,0.191,0.330,0.479
28600,0.208,0.342,0.449
28700,0.206,0.318,0.476
28800,0.206,0.318,0.476
28900,0.213,0.305,0.481
29000,0.221,0.303,0.476
29100,0.226,0.263,0.511
29200,0.243,0.258,0.499
29300,0.236,0.275,0.489
29400,0.243,0.285,0.471
29500,0.236,0.283,0.481
29600,0.233,0.288,0.479
29700,0.248,0.266,0.486
29800,0.263,0.266,0.471
29900,0.251,0.256,0.494
30000,0.256,0.268,0.476
30100,0.261,0.275,0.464
30200,0.243,0.280,0.476
30300,0.221,0.270,0.509
30400,0.231,0.315,0.454
30500,0.213,0.325,0.462
30600,0.226,0.328,0.447
30700,0.223,0.315,0.462
30800,0.223,0.290,0.486
30900,0.213,0.275,0.511
31000,0.208,0.285,0.506
31100,0.203,0.290,0.506
31200,0.199,0.310,0.491
31300,0.223,0.323,0.454
31400,0.218,0.315,0.467
31500,0.238,0.320,0.442
31600,0.211,0.310,0.479
31700,0.221,0.310,0.469
31800,0.191,0.288,0.521
31900,0.194,0.266,0.541
32000,0.208,0.266,0.526
32100,0.241,0.251,0.509
32200,0.251,0.258,0.491
32300,0.241,0.266,0.494
32400,0.248,0.258,0.494
32500,0.231,0.303,0.467
32600,0.228,0.293,0.479
32700,0.241,0.303,0.457
32800,0.226,0.298,0.476
32900,0.213,0.305,0.481
33000,0.221,0.283,0.496
33100,0.203,0.310,0.486
33200,0.208,0.305,0.486
33300,0.211,0.303,0.486
33400,0.223,0.298,0.479
33500,0.199,0.295,0.506
33600,0.221,0.303,0.476
33700,0.236,0.290,0.474
33800,0.251,0.273,0.476
33900,0.226,0.290,0.484
34000,0.233,0.298,0.469
34100,0.243,0.285,0.471
34200,0.246,0.268,0.486
34300,0.231,0.285,0.484
34400,0.228,0.268,0.504
34500,0.221,0.273,0.506
34600,0.236,0.298,0.467
34700,0.223,0.325,0.452
34800,0.211,0.330,0.459
34900,0.218,0.303,0.479
35000,0.208,0.298,0.494
35100,0.226,0.293,0.481
35200,0.243,0.275,0.481
35300,0.258,0.293,0.449
35400,0.253,0.288,0.459
35500,0.246,0.270,0.484
35600,0.226,0.280,0.494
35700,0.261,0.270,0.469
35800,0.248,0.236,0.516
35900,0.251,0.251,0.499
36000,0.256,0.251,0.494
36100,0.258,0.290,0.452
36200,0.236,0.290,0.474
36300,0.221,0.278,0.501
36400,0.211,0.290,0.499
36500,0.208,0.280,0.511
36600,0.186,0.278,0.536
36700,0.181,0.305,0.514
36800,0.171,0.290,0.538
36900,0.166,0.300,0.533
37000,0.169,0.285,0.546
37100,0.169,0.298,0.533
37200,0.226,0.285,0.489
37300,0.226,0.288,0.486
37400,0.208,0.285,0.506
37500,0.216,0.300,0.484
37600,0.191,0.305,0.504
37700,0.196,0.313,0.491
37800,0.181,0.298,0.521
37900,0.199,0.283,0.519
38000,0.203,0.295,0.501
38100,0.194,0.298,0.509
38200,0.186,0.305,0.509
38300,0.184,0.355,0.462
38400,0.189,0.340,0.471
38500,0.176,0.355,0.469
38600,0.146,0.370,0.484
38700,0.146,0.380,0.474
38800,0.144,0.387,0.469
38900,0.136,0.422,0.442
39000,0.122,0.417,0.462
39100,0.134,0.419,0.447
39200,0.122,0.402,0.476
39300,0.141,0.407,0.452
39400,0.129,0.447,0.424
39500,0.136,0.434,0.429
39600,0.127,0.419,0.454
39700,0.129,0.392,0.479
39800,0.166,0.397,0.437
39900,0.144,0.362,0.494
40000,0.176,0.350,0.474
40100,0.171,0.340,0.489
40200,0.174,0.347,0.479
40300,0.151,0.375,0.474
40400,0.139,0.392,0.469
40500,0.132,0.404,0.464
40600,0.132,0.414,0.454
40700,0.122,0.407,0.471
40800,0.127,0.424,0.449
40900,0.109,0.419,0.471
41000,0.119,0.414,0.467
41100,0.104,0.424,0.471
41200,0.112,0.429,0.459
41300,0.087,0.429,0.484
41400,0.104,0.434,0.462
41500,0.107,0.447,0.447
41600,0.119,0.434,0.447
41700,0.132,0.444,0.424
41800,0.136,0.462,0.402
41900,0.124,0.474,0.402
42000,0.109,0.429,0.462
42100,0.094,0.404,0.501
42200,0.097,0.387,0.516
42300,0.092,0.392,0.516
42400,0.082,0.400,0.519
42500,0.087,0.400,0.514
42600,0.082,0.419,0.499
42700,0.107,0.417,0.476
42800,0.102,0.432,0.467
42900,0.099,0.424,0.476
43000,0.097,0.439,0.464
43100,0.117,0.427,0.457
43200,0.114,0.419,0.467
43300,0.149,0.434,0.417
43400,0.134,0.414,0.452
43500,0.132,0.412,0.457
43600,0.117,0.422,0.462
43700,0.119,0.422,0.459
43800,0.117,0.424,0.459
43900,0.124,0.417,0.459
44000,0.146,0.397,0.457
44100,0.136,0.392,0.471
44200,0.164,0.360,0.476
44300,0.166,0.362,0.471
44400,0.169,0.377,0.454
44500,0.149,0.380,0.471
44600,0.159,0.385,0.457
44700,0.154,0.375,0.471
44800,0.171,0.377,0.452
44900,0.159,0.387,0.454
45000,0.159,0.390,0.452
45100,0.146,0.402,0.452
45200,0.124,0.380,0.496
45300,0.141,0.372,0.486
45400,0.149,0.372,0.479
45500,0.151,0.390,0.459
45600,0.141,0.409,0.449
45700,0.151,0.397,0.452
45800,0.146,0.395,0.459
45900,0.151,0.387,0.462
46000,0.154,0.397,0.449
46100,0.136,0.370,0.494
46200,0.124,0.352,0.524
46300,0.149,0.362,0.489
46400,0.151,0.370,0.479
46500,0.151,0.372,0.476
46600,0.161,0.372,0.467
46700,0.151,0.385,0.464
46800,0.166,0.352,0.481
46900,0.196,0.360,0.444
47000,0.174,0.380,0.447
47100,0.176,0.355,0.469
47200,0.169,0.360,0.471
47300,0.186,0.355,0.459
47400,0.184,0.360,0.457
47500,0.169,0.333,0.499
47600,0.156,0.325,0.519
47700,0.151,0.340,0.509
47800,0.129,0.345,0.526
47900,0.146,0.347,0.506
48000,0.146,0.382,0.471
48100,0.146,0.367,0.486
48200,0.136,0.360,0.504
48300,0.154,0.352,0.494
48400,0.144,0.375,0.481
48500,0.139,0.365,0.496
48600,0.154,0.365,0.481
48700,0.161,0.385,0.454
48800,0.169,0.395,0.437
48900,0.146,0.400,0.454
49000,0.161,0.395,0.444
49100,0.169,0.390,0.442
49200,0.171,0.409,0.419
49300,0.174,0.417,0.409
49400,0.161,0.447,0.392
49500,0.146,0.449,0.404
49600,0.146,0.439,0.414
49700,0.139,0.434,0.427
49800,0.134,0.437,0.429
49900,0.141,0.422,0.437
50000,0.149,0.414,0.437
50100,0.156,0.437,0.407
50200,0.132,0.412,0.457
50300,0.144,0.414,0.442
50400,0.141,0.414,0.444
50500,0.127,0.417,0.457
50600,0.122,0.452,0.427
50700,0.132,0.462,0.407
50800,0.107,0.462,0.432
50900,0.102,0.439,0.459
51000,0.107,0.422,0.471
51100,0.146,0.397,0.457
51200,0.149,0.402,0.449
51300,0.139,0.404,0.457
51400,0.129,0.417,0.454
51500,0.141,0.404,0.454
51600,0.124,0.412,0.464
51700,0.149,0.417,0.434
51800,0.151,0.429,0.419
51900,0.146,0.422,0.432
52000,0.149,0.422,0.429
52100,0.124,0.449,0.427
52200,0.129,0.452,0.419
52300,0.102,0.447,0.452
52400,0.092,0.429,0.479
52500,0.082,0.412,0.506
52600,0.099,0.417,0.484
52700,0.084,0.424,0.491
52800,0.087,0.464,0.449
52900,0.082,0.471,0.447
53000,0.074,0.491,0.434
53100,0.079,0.504,0.417
53200,0.065,0.496,0.439
53300,0.067,0.499,0.434
53400,0.082,0.506,0.412
53500,0.077,0.479,0.444
53600,0.072,0.481,0.447
53700,0.074,0.479,0.447
53800,0.074,0.491,0.434
53900,0.069,0.491,0.439
54000,0.079,0.526,0.395
54100,0.089,0.524,0.387
54200,0.104,0.474,0.422
54300,0.112,0.464,0.424
54400,0.119,0.476,0.404
54500,0.117,0.439,0.444
54600,0.119,0.437,0.444
54700,0.141,0.404,0.454
54800,0.124,0.419,0.457
54900,0.154,0.387,0.459
55000,0.146,0.409,0.444
55100,0.151,0.395,0.454
55200,0.154,0.439,0.407
55300,0.149,0.417,0.434
55400,0.154,0.432,0.414
55500,0.144,0.407,0.449
55600,0.151,0.407,0.442
55700,0.161,0.390,0.449
55800,0.146,0.387,0.467
55900,0.144,0.395,0.462
56000,0.122,0.424,0.454
56100,0.099,0.424,0.476
56200,0.117,0.434,0.449
56300,0.104,0.434,0.462
56400,0.136,0.412,0.452
56500,0.109,0.422,0.469
56600,0.124,0.400,0.476
56700,0.107,0.392,0.501
56800,0.097,0.400,0.504
56900,0.089,0.390,0.521
57000,0.084,0.382,0.533
57100,0.077,0.404,0.519
57200,0.094,0.404,0.501
57300,0.092,0.444,0.464
57400,0.074,0.434,0.491
57500,0.089,0.476,0.434
57600,0.087,0.467,0.447
57700,0.082,0.457,0.462
57800,0.069,0.499,0.432
57900,0.050,0.499,0.452
58000,0.037,0.529,0.434
58100,0.045,0.536,0.419
58200,0.060,0.524,0.417
58300,0.055,0.543,0.402
58400,0.067,0.556,0.377
58500,0.074,0.541,0.385
58600,0.055,0.543,0.402
58700,0.060,0.551,0.390
58800,0.045,0.536,0.419
58900,0.045,0.553,0.402
59000,0.047,0.543,0.409
59100,0.037,0.586,0.377
59200,0.045,0.610,0.345
59300,0.047,0.600,0.352
59400,0.052,0.586,0.362
59500,0.045,0.596,0.360
59600,0.077,0.576,0.347
59700,0.069,0.526,0.404
59800,0.069,0.514,0.417
59900,0.065,0.526,0.409
60000,0.055,0.541,0.404
60100,0.055,0.543,0.402
60200,0.067,0.563,0.370
60300,0.055,0.568,0.377
60400,0.062,0.568,0.370
60500,0.050,0.571,0.380
60600,0.062,0.573,0.365
60700,0.060,0.596,0.345
60800,0.062,0.591,0.347
60900,0.055,0.588,0.357
61000,0.040,0.591,0.370
61100,0.035,0.583,0.382
61200,0.030,0.596,0.375
61300,0.022,0.600,0.377
61400,0.022,0.618,0.360
61500,0.022,0.635,0.342
61600,0.020,0.653,0.328
61700,0.027,0.655,0.318
61800,0.025,0.677,0.298
61900,0.017,0.667,0.315
62000,0.020,0.665,0.315
62100,0.012,0.697,0.290
62200,0.017,0.702,0.280
62300,0.010,0.717,0.273
62400,0.015,0.700,0.285
62500,0.017,0.687,0.295
62600,0.012,0.690,0.298
62700,0.027,0.675,0.298
62800,0.032,0.687,0.280
62900,0.032,0.670,0.298
63000,0.015,0.660,0.325
63100,0.010,0.670,0.320
63200,0.012,0.677,0.310
63300,0.017,0.692,0.290
63400,0.012,0.705,0.283
63500,0.010,0.722,0.268
63600,0.015,0.710,0.275
63700,0.022,0.715,0.263
63800,0.032,0.739,0.228
63900,0.025,0.752,0.223
64000,0.027,0.739,0.233
64100,0.030,0.747,0.223
64200,0.020,0.737,0.243
64300,0.012,0.742,0.246
64400,0.020,0.734,0.246
64500,0.017,0.725,0.258
64600,0.020,0.720,0.261
64700,0.020,0.705,0.275
64800,0.032,0.682,0.285
64900,0.032,0.695,0.273
65000,0.032,0.705,0.263
65100,0.032,0.705,0.263
65200,0.022,0.712,0.266
65300,0.020,0.717,0.263
65400,0.017,0.717,0.266
65500,0.017,0.717,0.266
65600,0.015,0.732,0.253
65700,0.012,0.730,0.258
65800,0.005,0.742,0.253
65900,0.010,0.720,0.270
66000,0.012,0.757,0.231
66100,0.010,0.767,0.223
66200,0.010,0.757,0.233
66300,0.010,0.744,0.246
66400,0.015,0.739,0.246
66500,0.010,0.752,0.238
66600,0.012,0.744,0.243
66700,0.007,0.744,0.248
66800,0.005,0.739,0.256
66900,0.005,0.747,0.248
67000,0.007,0.742,0.251
67100,0.010,0.767,0.223
67200,0.012,0.767,0.221
67300,0.010,0.747,0.243
67400,0.010,0.764,0.226
67500,0.007,0.747,0.246
67600,0.010,0.747,0.243
67700,0.005,0.754,0.241
67800,0.010,0.744,0.246
67900,0.010,0.749,0.241
68000,0.007,0.742,0.251
68100,0.005,0.747,0.248
68200,0.007,0.737,0.256
68300,0.022,0.739,0.238
68400,0.020,0.730,0.251
68500,0.015,0.725,0.261
68600,0.017,0.739,0.243
68700,0.022,0.752,0.226
68800,0.022,0.754,0.223
68900,0.017,0.747,0.236
69000,0.025,0.764,0.211
69100,0.022,0.742,0.236
69200,0.022,0.757,0.221
69300,0.017,0.757,0.226
69400,0.025,0.754,0.221
69500,0.012,0.744,0.243
69600,0.020,0.730,0.251
69700,0.020,0.710,0.270
69800,0.025,0.675,0.300
69900,0.022,0.682,0.295
70000,0.017,0.705,0.278
70100,0.012,0.707,0.280
70200,0.012,0.697,0.290
70300,0.015,0.710,0.275
70400,0.015,0.697,0.288
70500,0.025,0.707,0.268
70600,0.027,0.695,0.278
70700,0.022,0.692,0.285
70800,0.022,0.685,0.293
70900,0.025,0.660,0.315
71000,0.025,0.648,0.328
71100,0.022,0.665,0.313
71200,0.025,0.677,0.298
71300,0.020,0.677,0.303
71400,0.020,0.692,0.288
71500,0.035,0.682,0.283
71600,0.052,0.648,0.300
71700,0.035,0.640,0.325
71800,0.032,0.665,0.303
71900,0.035,0.675,0.290
72000,0.030,0.663,0.308
72100,0.040,0.690,0.270
72200,0.042,0.687,0.270
72300,0.042,0.687,0.270
72400,0.042,0.690,0.268
72500,0.035,0.707,0.258
72600,0.030,0.692,0.278
72700,0.032,0.692,0.275
72800,0.027,0.690,0.283
72900,0.027,0.717,0.256
73000,0.027,0.727,0.246
73100,0.025,0.715,0.261
73200,0.017,0.720,0.263
73300,0.017,0.739,0.243
73400,0.020,0.752,0.228
73500,0.017,0.744,0.238
73600,0.022,0.744,0.233
73700,0.017,0.742,0.241
73800,0.020,0.734,0.246
73900,0.017,0.722,0.261
74000,0.017,0.707,0.275
74100,0.012,0.725,0.263
74200,0.020,0.712,0.268
74300,0.020,0.720,0.261
74400,0.022,0.707,0.270
74500,0.017,0.739,0.243
74600,0.020,0.710,0.270
74700,0.035,0.697,0.268
74800,0.040,0.695,0.266
74900,0.037,0.715,0.248
75000,0.035,0.722,0.243
75100,0.032,0.727,0.241
75200,0.022,0.737,0.241
75300,0.025,0.722,0.253
75400,0.022,0.737,0.241
75500,0.020,0.744,0.236
75600,0.015,0.759,0.226
75700,0.017,0.744,0.238
75800,0.012,0.764,0.223
75900,0.017,0.762,0.221
76000,0.012,0.764,0.223
76100,0.010,0.799,0.191
76200,0.012,0.774,0.213
76300,0.010,0.797,0.194
76400,0.020,0.816,0.164
76500,0.025,0.831,0.144
76600,0.010,0.826,0.164
76700,0.010,0.826,0.164
76800,0.005,0.829,0.166
76900,0.005,0.809,0.186
77000,0.010,0.811,0.179
77100,0.012,0.806,0.181
77200,0.010,0.797,0.194
77300,0.007,0.792,0.201
77400,0.005,0.764,0.231
77500,0.012,0.777,0.211
77600,0.012,0.787,0.201
77700,0.010,0.784,0.206
77800,0.007,0.792,0.201
77900,0.010,0.779,0.211
78000,0.015,0.774,0.211
78100,0.020,0.769,0.211
78200,0.017,0.767,0.216
78300,0.017,0.782,0.201
78400,0.015,0.764,0.221
78500,0.017,0.757,0.226
78600,0.022,0.730,0.248
78700,0.017,0.695,0.288
78800,0.017,0.675,0.308
78900,0.020,0.707,0.273
79000,0.017,0.697,0.285
79100,0.020,0.680,0.300
79200,0.032,0.680,0.288
79300,0.032,0.677,0.290
79400,0.062,0.670,0.268
79500,0.060,0.682,0.258
79600,0.045,0.663,0.293
79700,0.042,0.633,0.325
79800,0.055,0.630,0.315
79900,0.042,0.623,0.335
80000,0.032,0.610,0.357
80100,0.045,0.605,0.350
80200,0.042,0.596,0.362
80300,0.062,0.578,0.360
80400,0.077,0.596,0.328
80500,0.065,0.586,0.350
80600,0.057,0.603,0.340
80700,0.047,0.625,0.328
80800,0.055,0.643,0.303
80900,0.047,0.675,0.278
81000,0.032,0.685,0.283
81100,0.030,0.720,0.251
81200,0.022,0.695,0.283
81300,0.020,0.697,0.283
81400,0.020,0.710,0.270
81500,0.020,0.700,0.280
81600,0.025,0.697,0.278
81700,0.020,0.695,0.285
81800,0.045,0.707,0.248
81900,0.030,0.722,0.248
82000,0.027,0.702,0.270
82100,0.025,0.695,0.280
82200,0.017,0.720,0.263
82300,0.017,0.712,0.270
82400,0.022,0.712,0.266
82500,0.017,0.702,0.280
82600,0.010,0.742,0.248
82700,0.012,0.734,0.253
82800,0.010,0.749,0.241
82900,0.012,0.747,0.241
83000,0.010,0.764,0.226
83100,0.010,0.747,0.243
83200,0.020,0.734,0.246
83300,0.012,0.752,0.236
83400,0.010,0.759,0.231
83500,0.005,0.759,0.236
83600,0.002,0.769,0.228
83700,0.012,0.754,0.233
83800,0.015,0.752,0.233
83900,0.022,0.777,0.201
84000,0.017,0.794,0.189
84100,0.020,0.811,0.169
84200,0.020,0.794,0.186
84300,0.020,0.811,0.169
84400,0.010,0.794,0.196
84500,0.015,0.787,0.199
84600,0.010,0.814,0.176
84700,0.007,0.799,0.194
84800,0.015,0.794,0.191
84900,0.015,0.774,0.211
85000,0.027,0.782,0.191
85100,0.025,0.779,0.196
85200,0.025,0.754,0.221
85300,0.022,0.747,0.231
85400,0.022,0.742,0.236
85500,0.027,0.752,0.221
85600,0.022,0.734,0.243
85700,0.035,0.707,0.258
85800,0.037,0.710,0.253
85900,0.037,0.722,0.241
86000,0.042,0.707,0.251
86100,0.042,0.695,0.263
86200,0.035,0.717,0.248
86300,0.027,0.730,0.243
86400,0.030,0.730,0.241
86500,0.025,0.725,0.251
86600,0.025,0.725,0.251
86700,0.030,0.747,0.223
86800,0.037,0.722,0.241
86900,0.027,0.739,0.233
87000,0.030,0.739,0.231
87100,0.035,0.697,0.268
87200,0.030,0.705,0.266
87300,0.025,0.712,0.263
87400,0.025,0.705,0.270
87500,0.035,0.700,0.266
87600,0.030,0.705,0.266
87700,0.030,0.702,0.268
87800,0.032,0.695,0.273
87900,0.027,0.665,0.308
88000,0.022,0.665,0.313
88100,0.025,0.697,0.278
88200,0.022,0.692,0.285
88300,0.022,0.692,0.285
88400,0.025,0.702,0.273
88500,0.040,0.712,0.248
88600,0.040,0.690,0.270
88700,0.027,0.682,0.290
88800,0.037,0.672,0.290
88900,0.030,0.685,0.285
89000,0.020,0.658,0.323
89100,0.012,0.658,0.330
89200,0.015,0.695,0.290
89300,0.032,0.687,0.280
89400,0.045,0.677,0.278
89500,0.042,0.665,0.293
89600,0.035,0.645,0.320
89700,0.042,0.633,0.325
89800,0.037,0.623,0.340
89900,0.047,0.608,0.345
90000,0.042,0.633,0.325
90100,0.037,0.628,0.335
90200,0.040,0.665,0.295
90300,0.055,0.655,0.290
90400,0.050,0.625,0.325
90500,0.052,0.610,0.337
90600,0.047,0.600,0.352
90700,0.050,0.625,0.325
90800,0.045,0.625,0.330
90900,0.042,0.623,0.335
91000,0.045,0.623,0.333
91100,0.042,0.608,0.350
91200,0.040,0.583,0.377
91300,0.045,0.588,0.367
91400,0.030,0.620,0.350
91500,0.035,0.663,0.303
91600,0.040,0.685,0.275
91700,0.047,0.660,0.293
91800,0.040,0.655,0.305
91900,0.037,0.660,0.303
92000,0.035,0.653,0.313
92100,0.035,0.650,0.315
92200,0.032,0.650,0.318
92300,0.035,0.667,0.298
92400,0.030,0.660,0.310
92500,0.030,0.650,0.320
92600,0.027,0.655,0.318
92700,0.025,0.667,0.308
92800,0.035,0.692,0.273
92900,0.032,0.680,0.288
93000,0.030,0.670,0.300
93100,0.032,0.682,0.285
93200,0.035,0.677,0.288
93300,0.037,0.682,0.280
93400,0.030,0.680,0.290
93500,0.027,0.702,0.270
93600,0.022,0.710,0.268
93700,0.032,0.705,0.263
93800,0.032,0.705,0.263
93900,0.025,0.707,0.268
94000,0.027,0.710,0.263
94100,0.022,0.712,0.266
94200,0.035,0.702,0.263
94300,0.032,0.697,0.270
94400,0.030,0.702,0.268
94500,0.042,0.685,0.273
94600,0.040,0.660,0.300
94700,0.042,0.643,0.315
94800,0.045,0.640,0.315
94900,0.052,0.628,0.320
95000,0.037,0.605,0.357
95100,0.045,0.596,0.360
95200,0.035,0.600,0.365
95300,0.040,0.610,0.350
95400,0.037,0.618,0.345
95500,0.025,0.635,0.340
95600,0.027,0.633,0.340
95700,0.020,0.615,0.365
95800,0.015,0.600,0.385
95900,0.020,0.610,0.370
96000,0.025,0.618,0.357
96100,0.027,0.610,0.362
96200,0.035,0.591,0.375
96300,0.052,0.598,0.350
96400,0.050,0.603,0.347
96500,0.045,0.591,0.365
96600,0.042,0.576,0.382
96700,0.035,0.568,0.397
96800,0.060,0.551,0.390
96900,0.072,0.536,0.392
97000,0.067,0.504,0.429
97100,0.067,0.536,0.397
97200,0.065,0.531,0.404
97300,0.065,0.531,0.404
97400,0.072,0.516,0.412
97500,0.089,0.514,0.397
97600,0.102,0.489,0.409
97700,0.102,0.504,0.395
97800,0.114,0.489,0.397
97900,0.117,0.499,0.385
98000,0.107,0.474,0.419
98100,0.107,0.471,0.422
98200,0.112,0.447,0.442
98300,0.119,0.432,0.449
98400,0.117,0.452,0.432
98500,0.114,0.479,0.407
98600,0.112,0.471,0.417
98700,0.109,0.476,0.414
98800,0.117,0.462,0.422
98900,0.129,0.452,0.419
99000,0.117,0.432,0.452
99100,0.109,0.449,0.442
99200,0.122,0.471,0.407
99300,0.134,0.449,0.417
99400,0.132,0.439,0.429
99500,0.149,0.434,0.417
99600,0.139,0.414,0.447
99700,0.146,0.402,0.452
99800,0.139,0.392,0.469
99900,0.139,0.404,0.457
100000,0.141,0.407,0.452
