time,n_A+p,n_B,n_AB
500,0.050,0.675,0.274
1000,0.050,0.499,0.450
1500,0.050,0.434,0.515
2000,0.050,0.386,0.564
2500,0.050,0.360,0.590
3000,0.050,0.297,0.653
3500,0.051,0.373,0.576
4000,0.050,0.345,0.605
4500,0.050,0.348,0.601
5000,0.050,0.314,0.636
5500,0.052,0.283,0.665
6000,0.056,0.244,0.700
6500,0.051,0.252,0.697
7000,0.050,0.348,0.601
7500,0.057,0.330,0.613
8000,0.051,0.316,0.633
8500,0.058,0.310,0.632
9000,0.051,0.347,0.602
9500,0.050,0.380,0.571
10000,0.050,0.424,0.526
10500,0.050,0.399,0.551
11000,0.050,0.361,0.589
11500,0.050,0.342,0.608
12000,0.052,0.282,0.666
12500,0.053,0.325,0.622
13000,0.050,0.300,0.650
13500,0.068,0.273,0.660
14000,0.054,0.276,0.669
14500,0.050,0.344,0.606
15000,0.050,0.347,0.603
15500,0.050,0.271,0.679
16000,0.057,0.298,0.645
16500,0.052,0.339,0.609
17000,0.050,0.338,0.612
17500,0.050,0.338,0.612
18000,0.079,0.193,0.729
18500,0.094,0.169,0.737
19000,0.130,0.096,0.775
19500,0.283,0.029,0.687
20000,0.657,0.001,0.342
20500,0.803,0.000,0.197
21000,0.875,0.000,0.125
21500,0.890,0.000,0.110
22000,0.966,0.000,0.034
22500,0.995,0.000,0.005
23000,1.000,0.000,0.000
23500,1.000,0.000,0.000
