time,n_A+p,n_B,n_AB
100,0.030,0.968,0.002
200,0.030,0.968,0.002
300,0.030,0.965,0.005
400,0.030,0.966,0.004
500,0.030,0.964,0.006
600,0.030,0.962,0.008
700,0.030,0.959,0.011
800,0.030,0.960,0.010
900,0.030,0.960,0.010
1000,0.031,0.962,0.007
1100,0.031,0.961,0.008
1200,0.031,0.961,0.008
1300,0.031,0.962,0.007
1400,0.031,0.961,0.008
1500,0.031,0.947,0.022
1600,0.031,0.947,0.022
1700,0.031,0.950,0.019
1800,0.031,0.946,0.023
1900,0.031,0.946,0.023
2000,0.031,0.943,0.027
2100,0.031,0.949,0.020
2200,0.031,0.951,0.018
2300,0.031,0.949,0.020
2400,0.031,0.945,0.025
2500,0.031,0.945,0.025
2600,0.034,0.931,0.036
2700,0.035,0.930,0.036
2800,0.034,0.926,0.040
2900,0.036,0.924,0.040
3000,0.036,0.925,0.039
3100,0.035,0.924,0.041
3200,0.034,0.928,0.038
3300,0.034,0.925,0.041
3400,0.036,0.899,0.065
3500,0.039,0.891,0.070
3600,0.041,0.886,0.074
3700,0.036,0.880,0.084
3800,0.035,0.880,0.085
3900,0.036,0.879,0.085
4000,0.035,0.876,0.089
4100,0.033,0.860,0.107
4200,0.036,0.859,0.105
4300,0.034,0.859,0.107
4400,0.033,0.859,0.108
4500,0.035,0.855,0.110
4600,0.035,0.859,0.106
4700,0.037,0.847,0.116
4800,0.033,0.853,0.114
4900,0.036,0.850,0.114
5000,0.035,0.858,0.107
5100,0.034,0.846,0.121
5200,0.035,0.855,0.110
5300,0.035,0.862,0.103
5400,0.039,0.839,0.123
5500,0.038,0.842,0.121
5600,0.038,0.849,0.113
5700,0.034,0.838,0.129
5800,0.035,0.848,0.117
5900,0.037,0.830,0.133
6000,0.038,0.850,0.112
6100,0.037,0.848,0.115
6200,0.043,0.848,0.109
6300,0.040,0.842,0.118
6400,0.038,0.852,0.110
6500,0.039,0.848,0.113
6600,0.037,0.859,0.104
6700,0.036,0.869,0.095
6800,0.036,0.862,0.102
6900,0.035,0.856,0.109
7000,0.037,0.862,0.101
7100,0.042,0.862,0.096
7200,0.042,0.862,0.096
7300,0.043,0.856,0.101
7400,0.048,0.851,0.101
7500,0.046,0.853,0.101
7600,0.045,0.852,0.103
7700,0.046,0.848,0.106
7800,0.050,0.850,0.100
7900,0.047,0.844,0.109
8000,0.045,0.847,0.108
8100,0.046,0.853,0.101
8200,0.047,0.859,0.094
8300,0.047,0.858,0.095
8400,0.049,0.856,0.095
8500,0.048,0.855,0.097
8600,0.047,0.850,0.103
8700,0.045,0.850,0.105
8800,0.047,0.850,0.103
8900,0.042,0.849,0.109
9000,0.042,0.840,0.118
9100,0.048,0.844,0.108
9200,0.048,0.842,0.110
9300,0.050,0.842,0.108
9400,0.049,0.845,0.106
9500,0.047,0.847,0.106
9600,0.050,0.837,0.113
9700,0.050,0.834,0.116
9800,0.048,0.832,0.120
9900,0.045,0.840,0.115
10000,0.043,0.843,0.114
10100,0.044,0.839,0.117
10200,0.047,0.849,0.104
10300,0.045,0.849,0.106
10400,0.044,0.843,0.113
10500,0.046,0.837,0.117
10600,0.045,0.835,0.121
10700,0.045,0.835,0.121
10800,0.044,0.814,0.142
10900,0.047,0.821,0.132
11000,0.047,0.827,0.126
11100,0.046,0.825,0.129
11200,0.043,0.834,0.124
11300,0.043,0.832,0.125
11400,0.043,0.824,0.133
11500,0.043,0.818,0.139
11600,0.044,0.817,0.139
11700,0.050,0.814,0.136
11800,0.051,0.824,0.125
11900,0.050,0.835,0.115
12000,0.050,0.837,0.113
12100,0.050,0.835,0.115
12200,0.046,0.845,0.109
12300,0.045,0.849,0.106
12400,0.046,0.849,0.105
12500,0.044,0.846,0.110
12600,0.042,0.847,0.111
12700,0.044,0.847,0.109
12800,0.047,0.844,0.109
12900,0.047,0.846,0.107
13000,0.044,0.844,0.112
13100,0.044,0.841,0.115
13200,0.044,0.842,0.114
13300,0.045,0.846,0.109
13400,0.045,0.849,0.106
13500,0.043,0.850,0.107
13600,0.044,0.847,0.109
13700,0.047,0.849,0.104
13800,0.048,0.854,0.098
13900,0.049,0.856,0.095
14000,0.047,0.866,0.087
14100,0.046,0.865,0.089
14200,0.045,0.862,0.093
14300,0.047,0.860,0.093
14400,0.046,0.857,0.097
14500,0.044,0.860,0.096
14600,0.043,0.853,0.104
14700,0.042,0.859,0.099
14800,0.058,0.858,0.084
14900,0.057,0.844,0.099
15000,0.057,0.845,0.098
15100,0.056,0.843,0.101
15200,0.057,0.839,0.104
15300,0.057,0.835,0.108
15400,0.055,0.837,0.108
15500,0.055,0.836,0.109
15600,0.052,0.825,0.123
15700,0.050,0.827,0.123
15800,0.055,0.832,0.112
15900,0.053,0.841,0.106
16000,0.051,0.845,0.104
16100,0.051,0.845,0.104
16200,0.051,0.840,0.109
16300,0.048,0.825,0.127
16400,0.047,0.838,0.115
16500,0.053,0.831,0.115
16600,0.049,0.825,0.126
16700,0.042,0.834,0.125
16800,0.045,0.824,0.131
16900,0.047,0.806,0.147
17000,0.045,0.808,0.147
17100,0.043,0.795,0.162
17200,0.044,0.802,0.154
17300,0.044,0.808,0.148
17400,0.043,0.793,0.164
17500,0.046,0.793,0.161
17600,0.044,0.790,0.166
17700,0.044,0.804,0.152
17800,0.046,0.798,0.156
17900,0.047,0.803,0.150
18000,0.045,0.804,0.151
18100,0.046,0.809,0.145
18200,0.046,0.813,0.141
18300,0.045,0.800,0.155
18400,0.049,0.796,0.155
18500,0.053,0.798,0.149
18600,0.054,0.801,0.145
18700,0.052,0.800,0.148
18800,0.050,0.799,0.151
18900,0.054,0.796,0.150
19000,0.054,0.791,0.155
19100,0.049,0.791,0.160
19200,0.053,0.789,0.158
19300,0.056,0.789,0.155
19400,0.064,0.790,0.146
19500,0.060,0.785,0.154
19600,0.060,0.781,0.158
19700,0.060,0.773,0.166
19800,0.058,0.775,0.166
19900,0.057,0.777,0.165
20000,0.054,0.775,0.171
20100,0.059,0.776,0.164
20200,0.060,0.782,0.157
20300,0.066,0.795,0.139
20400,0.065,0.802,0.133
20500,0.062,0.788,0.150
20600,0.066,0.779,0.154
20700,0.070,0.781,0.148
20800,0.066,0.778,0.155
20900,0.063,0.779,0.157
21000,0.061,0.760,0.179
21100,0.064,0.753,0.183
21200,0.063,0.752,0.185
21300,0.063,0.748,0.189
21400,0.057,0.750,0.193
21500,0.057,0.734,0.208
21600,0.060,0.740,0.200
21700,0.063,0.744,0.193
21800,0.057,0.740,0.203
21900,0.060,0.746,0.194
22000,0.057,0.751,0.192
22100,0.056,0.752,0.192
22200,0.056,0.765,0.179
22300,0.058,0.770,0.172
22400,0.058,0.773,0.169
22500,0.058,0.775,0.166
22600,0.055,0.778,0.166
22700,0.053,0.773,0.174
22800,0.050,0.779,0.171
22900,0.049,0.783,0.168
23000,0.043,0.789,0.169
23100,0.049,0.788,0.163
23200,0.050,0.797,0.153
23300,0.050,0.798,0.152
23400,0.047,0.796,0.157
23500,0.048,0.799,0.153
23600,0.048,0.802,0.150
23700,0.046,0.799,0.155
23800,0.044,0.796,0.160
23900,0.043,0.797,0.160
24000,0.042,0.798,0.160
24100,0.041,0.808,0.151
24200,0.039,0.809,0.152
24300,0.040,0.814,0.146
24400,0.041,0.818,0.141
24500,0.042,0.809,0.149
24600,0.043,0.784,0.173
24700,0.051,0.783,0.165
24800,0.052,0.785,0.162
24900,0.048,0.780,0.172
25000,0.046,0.793,0.161
25100,0.045,0.801,0.154
25200,0.044,0.810,0.146
25300,0.046,0.813,0.141
25400,0.045,0.820,0.135
25500,0.046,0.820,0.134
25600,0.051,0.816,0.133
25700,0.047,0.814,0.139
25800,0.046,0.826,0.128
25900,0.047,0.819,0.134
26000,0.044,0.823,0.133
26100,0.044,0.828,0.128
26200,0.045,0.828,0.127
26300,0.044,0.830,0.126
26400,0.047,0.826,0.127
26500,0.048,0.826,0.126
26600,0.047,0.825,0.128
26700,0.051,0.824,0.125
26800,0.050,0.828,0.122
26900,0.051,0.821,0.128
27000,0.051,0.821,0.128
27100,0.051,0.825,0.124
27200,0.048,0.820,0.132
27300,0.046,0.816,0.138
27400,0.043,0.815,0.142
27500,0.040,0.820,0.140
27600,0.042,0.823,0.135
27700,0.040,0.829,0.131
27800,0.043,0.824,0.133
27900,0.042,0.830,0.128
28000,0.044,0.822,0.134
28100,0.043,0.824,0.133
28200,0.037,0.816,0.147
28300,0.039,0.817,0.144
28400,0.038,0.813,0.149
28500,0.038,0.812,0.150
28600,0.042,0.809,0.149
28700,0.043,0.808,0.149
28800,0.043,0.816,0.141
28900,0.042,0.811,0.147
29000,0.043,0.814,0.143
29100,0.044,0.820,0.136
29200,0.044,0.819,0.137
29300,0.047,0.826,0.127
29400,0.047,0.818,0.135
29500,0.050,0.816,0.134
29600,0.048,0.814,0.138
29700,0.048,0.819,0.133
29800,0.047,0.816,0.137
29900,0.047,0.814,0.139
30000,0.050,0.812,0.138
30100,0.046,0.805,0.149
30200,0.043,0.798,0.159
30300,0.043,0.804,0.153
30400,0.042,0.817,0.141
30500,0.040,0.821,0.139
30600,0.039,0.822,0.139
30700,0.039,0.822,0.139
30800,0.041,0.825,0.134
30900,0.040,0.829,0.131
31000,0.039,0.830,0.131
31100,0.042,0.828,0.130
31200,0.041,0.816,0.143
31300,0.045,0.818,0.137
31400,0.045,0.823,0.132
31500,0.043,0.822,0.135
31600,0.046,0.825,0.129
31700,0.052,0.815,0.133
31800,0.051,0.810,0.139
31900,0.047,0.816,0.137
32000,0.050,0.826,0.124
32100,0.047,0.820,0.133
32200,0.045,0.805,0.150
32300,0.045,0.802,0.153
32400,0.046,0.805,0.149
32500,0.053,0.802,0.145
32600,0.052,0.795,0.153
32700,0.054,0.783,0.162
32800,0.052,0.783,0.164
32900,0.051,0.788,0.161
33000,0.054,0.779,0.166
33100,0.055,0.788,0.157
33200,0.056,0.792,0.152
33300,0.060,0.796,0.144
33400,0.057,0.790,0.153
33500,0.054,0.791,0.155
33600,0.054,0.793,0.153
33700,0.053,0.809,0.138
33800,0.054,0.810,0.136
33900,0.053,0.806,0.141
34000,0.051,0.810,0.139
34100,0.049,0.815,0.136
34200,0.051,0.807,0.142
34300,0.052,0.804,0.144
34400,0.051,0.802,0.147
34500,0.051,0.807,0.142
34600,0.049,0.814,0.137
34700,0.052,0.804,0.144
34800,0.051,0.802,0.147
34900,0.050,0.803,0.147
35000,0.048,0.801,0.151
35100,0.051,0.807,0.142
35200,0.052,0.806,0.142
35300,0.052,0.807,0.141
35400,0.051,0.806,0.143
35500,0.057,0.804,0.139
35600,0.057,0.803,0.140
35700,0.055,0.803,0.142
35800,0.052,0.793,0.155
35900,0.050,0.802,0.148
36000,0.049,0.813,0.138
36100,0.047,0.814,0.139
36200,0.047,0.812,0.141
36300,0.046,0.818,0.136
36400,0.045,0.818,0.137
36500,0.044,0.817,0.139
36600,0.045,0.815,0.140
36700,0.044,0.830,0.126
36800,0.044,0.829,0.127
36900,0.047,0.832,0.121
37000,0.049,0.836,0.115
37100,0.046,0.831,0.123
37200,0.050,0.829,0.121
37300,0.051,0.819,0.130
37400,0.051,0.819,0.130
37500,0.054,0.818,0.128
37600,0.058,0.818,0.124
37700,0.061,0.808,0.131
37800,0.058,0.815,0.127
37900,0.054,0.801,0.145
38000,0.054,0.803,0.143
38100,0.048,0.808,0.144
38200,0.048,0.808,0.144
38300,0.047,0.812,0.141
38400,0.048,0.820,0.132
38500,0.045,0.822,0.133
38600,0.047,0.818,0.135
38700,0.047,0.822,0.131
38800,0.046,0.809,0.145
38900,0.047,0.807,0.146
39000,0.047,0.803,0.150
39100,0.048,0.797,0.155
39200,0.052,0.797,0.151
39300,0.050,0.789,0.161
39400,0.050,0.788,0.162
39500,0.045,0.782,0.173
39600,0.050,0.773,0.177
39700,0.050,0.774,0.176
39800,0.047,0.773,0.180
39900,0.051,0.767,0.182
40000,0.051,0.764,0.185
40100,0.053,0.772,0.175
40200,0.053,0.770,0.177
40300,0.053,0.770,0.177
40400,0.053,0.768,0.179
40500,0.047,0.764,0.189
40600,0.046,0.760,0.194
40700,0.046,0.765,0.189
40800,0.049,0.773,0.178
40900,0.049,0.769,0.182
41000,0.051,0.764,0.185
41100,0.050,0.780,0.170
41200,0.056,0.774,0.170
41300,0.061,0.764,0.175
41400,0.062,0.764,0.174
41500,0.061,0.755,0.184
41600,0.063,0.750,0.187
41700,0.063,0.735,0.201
41800,0.066,0.744,0.190
41900,0.068,0.750,0.182
42000,0.073,0.760,0.168
42100,0.074,0.732,0.194
42200,0.077,0.723,0.200
42300,0.083,0.729,0.188
42400,0.084,0.727,0.189
42500,0.084,0.718,0.198
42600,0.087,0.724,0.189
42700,0.081,0.714,0.205
42800,0.077,0.712,0.211
42900,0.081,0.708,0.211
43000,0.080,0.721,0.199
43100,0.080,0.705,0.216
43200,0.081,0.714,0.205
43300,0.080,0.718,0.202
43400,0.081,0.710,0.209
43500,0.082,0.716,0.202
43600,0.078,0.712,0.210
43700,0.077,0.711,0.212
43800,0.082,0.711,0.207
43900,0.075,0.714,0.211
44000,0.074,0.716,0.210
44100,0.078,0.717,0.205
44200,0.087,0.716,0.197
44300,0.078,0.718,0.204
44400,0.076,0.726,0.198
44500,0.076,0.733,0.191
44600,0.070,0.732,0.197
44700,0.069,0.726,0.204
44800,0.068,0.727,0.204
44900,0.064,0.723,0.212
45000,0.061,0.736,0.202
45100,0.069,0.727,0.203
45200,0.072,0.734,0.194
45300,0.075,0.729,0.196
45400,0.077,0.723,0.200
45500,0.075,0.723,0.202
45600,0.082,0.725,0.193
45700,0.085,0.717,0.198
45800,0.081,0.716,0.203
45900,0.081,0.712,0.207
46000,0.079,0.715,0.206
46100,0.079,0.707,0.215
46200,0.079,0.709,0.212
46300,0.084,0.702,0.215
46400,0.086,0.694,0.221
46500,0.078,0.699,0.224
46600,0.076,0.687,0.237
46700,0.074,0.684,0.242
46800,0.074,0.699,0.228
46900,0.075,0.709,0.217
47000,0.076,0.702,0.223
47100,0.066,0.704,0.230
47200,0.074,0.698,0.229
47300,0.079,0.692,0.230
47400,0.075,0.696,0.230
47500,0.069,0.701,0.230
47600,0.089,0.704,0.207
47700,0.085,0.717,0.198
47800,0.081,0.712,0.207
47900,0.080,0.694,0.227
48000,0.081,0.683,0.236
48100,0.078,0.684,0.238
48200,0.077,0.686,0.237
48300,0.077,0.686,0.237
48400,0.075,0.685,0.240
48500,0.078,0.688,0.234
48600,0.078,0.692,0.231
48700,0.082,0.699,0.220
48800,0.075,0.709,0.217
48900,0.074,0.716,0.210
49000,0.070,0.713,0.217
49100,0.064,0.715,0.221
49200,0.066,0.721,0.212
49300,0.069,0.727,0.203
49400,0.074,0.717,0.209
49500,0.073,0.715,0.212
49600,0.076,0.712,0.212
49700,0.075,0.703,0.223
49800,0.070,0.715,0.215
49900,0.064,0.706,0.230
50000,0.060,0.693,0.247
50100,0.058,0.685,0.256
50200,0.068,0.673,0.258
50300,0.073,0.670,0.257
50400,0.068,0.677,0.254
50500,0.072,0.678,0.250
50600,0.079,0.674,0.247
50700,0.079,0.681,0.240
50800,0.073,0.679,0.248
50900,0.072,0.677,0.251
51000,0.067,0.686,0.246
51100,0.077,0.685,0.238
51200,0.075,0.685,0.240
51300,0.077,0.689,0.234
51400,0.079,0.683,0.238
51500,0.067,0.692,0.241
51600,0.069,0.683,0.247
51700,0.066,0.698,0.236
51800,0.060,0.707,0.233
51900,0.062,0.695,0.243
52000,0.067,0.686,0.246
52100,0.073,0.684,0.243
52200,0.074,0.689,0.237
52300,0.070,0.678,0.251
52400,0.070,0.684,0.245
52500,0.068,0.686,0.245
52600,0.065,0.686,0.248
52700,0.070,0.684,0.245
52800,0.067,0.687,0.245
52900,0.064,0.688,0.247
53000,0.066,0.682,0.251
53100,0.066,0.682,0.251
53200,0.067,0.662,0.271
53300,0.070,0.667,0.263
53400,0.072,0.657,0.272
53500,0.078,0.654,0.269
53600,0.083,0.662,0.255
53700,0.086,0.660,0.254
53800,0.079,0.653,0.269
53900,0.083,0.654,0.264
54000,0.088,0.650,0.263
54100,0.084,0.660,0.256
54200,0.083,0.661,0.256
54300,0.080,0.661,0.259
54400,0.079,0.652,0.270
54500,0.078,0.650,0.273
54600,0.080,0.659,0.261
54700,0.080,0.655,0.266
54800,0.083,0.658,0.259
54900,0.084,0.662,0.254
55000,0.086,0.664,0.250
55100,0.088,0.664,0.248
55200,0.089,0.658,0.253
55300,0.081,0.653,0.267
55400,0.078,0.653,0.270
55500,0.076,0.662,0.263
55600,0.082,0.659,0.259
55700,0.086,0.670,0.244
55800,0.093,0.653,0.254
55900,0.093,0.649,0.258
56000,0.096,0.634,0.270
56100,0.098,0.639,0.263
56200,0.110,0.637,0.252
56300,0.110,0.644,0.246
56400,0.112,0.644,0.244
56500,0.110,0.644,0.246
56600,0.110,0.645,0.245
56700,0.112,0.641,0.246
56800,0.109,0.641,0.249
56900,0.104,0.648,0.248
57000,0.104,0.640,0.255
57100,0.110,0.636,0.253
57200,0.107,0.642,0.250
57300,0.107,0.644,0.249
57400,0.105,0.639,0.255
57500,0.099,0.642,0.258
57600,0.101,0.652,0.247
57700,0.096,0.659,0.245
57800,0.102,0.653,0.245
57900,0.083,0.658,0.259
58000,0.088,0.657,0.255
58100,0.089,0.664,0.247
58200,0.084,0.666,0.250
58300,0.087,0.662,0.251
58400,0.081,0.669,0.250
58500,0.082,0.669,0.249
58600,0.079,0.676,0.245
58700,0.081,0.686,0.233
58800,0.080,0.681,0.239
58900,0.077,0.684,0.239
59000,0.076,0.669,0.255
59100,0.080,0.667,0.253
59200,0.074,0.681,0.245
59300,0.076,0.666,0.258
59400,0.076,0.666,0.258
59500,0.078,0.664,0.258
59600,0.075,0.672,0.253
59700,0.078,0.675,0.247
59800,0.078,0.676,0.246
59900,0.076,0.684,0.240
60000,0.085,0.680,0.235
60100,0.093,0.678,0.229
60200,0.089,0.674,0.237
60300,0.088,0.675,0.237
60400,0.091,0.673,0.236
60500,0.106,0.665,0.229
60600,0.103,0.663,0.234
60700,0.099,0.659,0.242
60800,0.094,0.670,0.236
60900,0.098,0.667,0.235
61000,0.101,0.671,0.228
61100,0.100,0.660,0.240
61200,0.105,0.668,0.227
61300,0.113,0.669,0.218
61400,0.113,0.670,0.217
61500,0.115,0.659,0.226
61600,0.118,0.658,0.224
61700,0.117,0.648,0.235
61800,0.125,0.637,0.238
61900,0.116,0.630,0.253
62000,0.117,0.629,0.253
62100,0.105,0.630,0.265
62200,0.118,0.642,0.239
62300,0.107,0.646,0.247
62400,0.109,0.635,0.255
62500,0.102,0.652,0.246
62600,0.098,0.657,0.245
62700,0.097,0.648,0.255
62800,0.099,0.652,0.249
62900,0.106,0.657,0.237
63000,0.102,0.654,0.244
63100,0.098,0.658,0.244
63200,0.103,0.651,0.246
63300,0.098,0.655,0.247
63400,0.107,0.638,0.254
63500,0.102,0.636,0.261
63600,0.106,0.614,0.280
63700,0.110,0.613,0.277
63800,0.125,0.611,0.265
63900,0.117,0.597,0.286
64000,0.117,0.605,0.278
64100,0.123,0.606,0.272
64200,0.127,0.592,0.281
64300,0.117,0.594,0.288
64400,0.118,0.588,0.293
64500,0.116,0.593,0.290
64600,0.124,0.601,0.276
64700,0.112,0.600,0.288
64800,0.113,0.600,0.287
64900,0.116,0.598,0.286
65000,0.111,0.605,0.284
65100,0.115,0.606,0.279
65200,0.120,0.596,0.285
65300,0.125,0.590,0.285
65400,0.115,0.594,0.290
65500,0.125,0.602,0.274
65600,0.120,0.608,0.273
65700,0.106,0.604,0.290
65800,0.109,0.610,0.281
65900,0.106,0.607,0.287
66000,0.104,0.614,0.282
66100,0.103,0.621,0.276
66200,0.100,0.605,0.295
66300,0.101,0.604,0.295
66400,0.103,0.602,0.295
66500,0.104,0.597,0.299
66600,0.107,0.601,0.292
66700,0.104,0.589,0.306
66800,0.109,0.605,0.286
66900,0.106,0.599,0.295
67000,0.115,0.601,0.284
67100,0.116,0.585,0.298
67200,0.114,0.599,0.287
67300,0.108,0.584,0.307
67400,0.115,0.585,0.299
67500,0.120,0.580,0.300
67600,0.120,0.558,0.323
67700,0.124,0.546,0.330
67800,0.127,0.555,0.319
67900,0.130,0.561,0.309
68000,0.122,0.563,0.316
68100,0.122,0.569,0.309
68200,0.115,0.572,0.313
68300,0.107,0.570,0.323
68400,0.103,0.572,0.325
68500,0.104,0.579,0.317
68600,0.107,0.572,0.321
68700,0.104,0.576,0.320
68800,0.106,0.582,0.312
68900,0.105,0.579,0.316
69000,0.099,0.589,0.312
69100,0.097,0.594,0.308
69200,0.095,0.605,0.300
69300,0.097,0.591,0.312
69400,0.101,0.593,0.305
69500,0.106,0.593,0.300
69600,0.099,0.593,0.307
69700,0.099,0.596,0.305
69800,0.096,0.597,0.307
69900,0.102,0.593,0.304
70000,0.111,0.592,0.296
70100,0.108,0.598,0.294
70200,0.107,0.596,0.297
70300,0.108,0.587,0.304
70400,0.106,0.589,0.304
70500,0.100,0.592,0.307
70600,0.102,0.604,0.294
70700,0.108,0.600,0.292
70800,0.107,0.607,0.286
70900,0.121,0.606,0.274
71000,0.124,0.610,0.267
71100,0.115,0.608,0.277
71200,0.115,0.605,0.280
71300,0.108,0.609,0.283
71400,0.104,0.614,0.282
71500,0.105,0.616,0.279
71600,0.096,0.610,0.294
71700,0.097,0.600,0.303
71800,0.095,0.610,0.295
71900,0.093,0.619,0.288
72000,0.094,0.627,0.279
72100,0.091,0.630,0.279
72200,0.093,0.628,0.279
72300,0.093,0.618,0.289
72400,0.086,0.606,0.308
72500,0.084,0.603,0.314
72600,0.093,0.601,0.306
72700,0.093,0.580,0.327
72800,0.096,0.580,0.324
72900,0.108,0.583,0.308
73000,0.116,0.591,0.292
73100,0.117,0.586,0.296
73200,0.126,0.589,0.285
73300,0.128,0.576,0.296
73400,0.130,0.586,0.284
73500,0.131,0.586,0.283
73600,0.127,0.588,0.285
73700,0.127,0.579,0.294
73800,0.135,0.583,0.282
73900,0.142,0.574,0.284
74000,0.136,0.573,0.291
74100,0.138,0.576,0.286
74200,0.128,0.583,0.289
74300,0.134,0.583,0.283
74400,0.129,0.586,0.285
74500,0.123,0.585,0.292
74600,0.112,0.586,0.301
74700,0.111,0.582,0.306
74800,0.107,0.594,0.298
74900,0.106,0.580,0.314
75000,0.100,0.574,0.326
75100,0.106,0.592,0.301
75200,0.101,0.598,0.301
75300,0.101,0.610,0.289
75400,0.110,0.615,0.275
75500,0.118,0.616,0.266
75600,0.115,0.607,0.278
75700,0.120,0.593,0.287
75800,0.124,0.599,0.278
75900,0.125,0.583,0.292
76000,0.127,0.574,0.299
76100,0.126,0.579,0.295
76200,0.130,0.572,0.298
76300,0.137,0.572,0.291
76400,0.135,0.551,0.315
76500,0.140,0.553,0.307
76600,0.144,0.550,0.306
76700,0.141,0.550,0.309
76800,0.125,0.541,0.334
76900,0.126,0.551,0.324
77000,0.126,0.560,0.315
77100,0.128,0.558,0.315
77200,0.120,0.570,0.311
77300,0.121,0.574,0.305
77400,0.117,0.579,0.303
77500,0.117,0.568,0.315
77600,0.118,0.552,0.330
77700,0.123,0.554,0.324
77800,0.128,0.558,0.315
77900,0.135,0.551,0.315
78000,0.127,0.560,0.314
78100,0.128,0.559,0.314
78200,0.124,0.561,0.316
78300,0.129,0.557,0.315
78400,0.118,0.571,0.311
78500,0.113,0.569,0.318
78600,0.113,0.580,0.306
78700,0.112,0.587,0.300
78800,0.115,0.578,0.306
78900,0.112,0.590,0.297
79000,0.112,0.590,0.297
79100,0.114,0.582,0.303
79200,0.111,0.581,0.307
79300,0.109,0.573,0.318
79400,0.107,0.571,0.322
79500,0.107,0.598,0.295
79600,0.109,0.587,0.303
79700,0.108,0.581,0.311
79800,0.107,0.592,0.300
79900,0.096,0.606,0.298
80000,0.096,0.613,0.291
80100,0.106,0.594,0.299
80200,0.116,0.593,0.290
80300,0.120,0.575,0.305
80400,0.120,0.575,0.305
80500,0.121,0.572,0.307
80600,0.123,0.570,0.307
80700,0.113,0.570,0.317
80800,0.123,0.567,0.311
80900,0.121,0.558,0.322
81000,0.134,0.554,0.313
81100,0.141,0.550,0.309
81200,0.140,0.550,0.311
81300,0.133,0.555,0.313
81400,0.135,0.540,0.325
81500,0.127,0.526,0.347
81600,0.127,0.531,0.342
81700,0.125,0.534,0.341
81800,0.130,0.536,0.334
81900,0.125,0.526,0.349
82000,0.127,0.530,0.343
82100,0.122,0.537,0.341
82200,0.135,0.544,0.321
82300,0.128,0.552,0.321
82400,0.131,0.547,0.322
82500,0.133,0.539,0.328
82600,0.126,0.550,0.325
82700,0.135,0.552,0.314
82800,0.137,0.541,0.322
82900,0.132,0.538,0.330
83000,0.140,0.536,0.324
83100,0.152,0.534,0.314
83200,0.150,0.525,0.325
83300,0.141,0.531,0.328
83400,0.143,0.530,0.327
83500,0.144,0.541,0.315
83600,0.147,0.535,0.318
83700,0.154,0.526,0.320
83800,0.146,0.517,0.337
83900,0.141,0.512,0.347
84000,0.145,0.512,0.343
84100,0.148,0.510,0.342
84200,0.141,0.497,0.362
84300,0.148,0.487,0.365
84400,0.179,0.480,0.341
84500,0.180,0.479,0.341
84600,0.181,0.474,0.345
84700,0.181,0.473,0.346
84800,0.182,0.476,0.342
84900,0.185,0.477,0.338
85000,0.178,0.474,0.348
85100,0.189,0.467,0.344
85200,0.185,0.472,0.343
85300,0.175,0.477,0.348
85400,0.177,0.474,0.349
85500,0.165,0.474,0.361
85600,0.174,0.477,0.349
85700,0.182,0.475,0.343
85800,0.178,0.476,0.346
85900,0.174,0.474,0.352
86000,0.159,0.482,0.359
86100,0.169,0.475,0.356
86200,0.168,0.478,0.354
86300,0.170,0.477,0.353
86400,0.162,0.478,0.360
86500,0.166,0.470,0.364
86600,0.165,0.470,0.365
86700,0.165,0.469,0.366
86800,0.162,0.470,0.368
86900,0.154,0.479,0.367
87000,0.144,0.480,0.376
87100,0.149,0.483,0.368
87200,0.154,0.476,0.370
87300,0.154,0.472,0.374
87400,0.156,0.466,0.378
87500,0.168,0.471,0.362
87600,0.176,0.469,0.355
87700,0.178,0.479,0.343
87800,0.176,0.477,0.347
87900,0.171,0.471,0.359
88000,0.173,0.473,0.354
88100,0.172,0.474,0.354
88200,0.166,0.481,0.352
88300,0.178,0.490,0.332
88400,0.185,0.490,0.325
88500,0.182,0.489,0.329
88600,0.188,0.493,0.319
88700,0.181,0.492,0.327
88800,0.180,0.488,0.332
88900,0.166,0.493,0.340
89000,0.156,0.489,0.354
89100,0.149,0.481,0.370
89200,0.158,0.488,0.353
89300,0.159,0.486,0.354
89400,0.152,0.495,0.352
89500,0.155,0.491,0.353
89600,0.146,0.495,0.359
89700,0.160,0.491,0.348
89800,0.154,0.492,0.353
89900,0.152,0.501,0.347
90000,0.156,0.510,0.334
90100,0.155,0.526,0.319
90200,0.156,0.512,0.332
90300,0.159,0.512,0.329
90400,0.152,0.527,0.321
90500,0.140,0.528,0.332
90600,0.132,0.519,0.349
90700,0.130,0.521,0.349
90800,0.136,0.522,0.342
90900,0.136,0.525,0.339
91000,0.141,0.519,0.340
91100,0.137,0.519,0.344
91200,0.139,0.519,0.342
91300,0.130,0.528,0.342
91400,0.138,0.516,0.346
91500,0.145,0.522,0.333
91600,0.145,0.531,0.324
91700,0.151,0.529,0.320
91800,0.155,0.536,0.308
91900,0.145,0.522,0.333
92000,0.144,0.519,0.337
92100,0.147,0.502,0.351
92200,0.151,0.501,0.348
92300,0.161,0.513,0.326
92400,0.169,0.519,0.313
92500,0.172,0.526,0.302
92600,0.168,0.524,0.308
92700,0.159,0.521,0.320
92800,0.151,0.515,0.334
92900,0.154,0.516,0.330
93000,0.161,0.516,0.323
93100,0.161,0.523,0.316
93200,0.163,0.509,0.328
93300,0.163,0.496,0.340
93400,0.170,0.505,0.326
93500,0.172,0.508,0.321
93600,0.172,0.516,0.313
93700,0.168,0.511,0.322
93800,0.157,0.507,0.336
93900,0.156,0.512,0.332
94000,0.156,0.513,0.331
94100,0.144,0.521,0.335
94200,0.141,0.522,0.337
94300,0.137,0.530,0.333
94400,0.140,0.523,0.337
94500,0.141,0.513,0.346
94600,0.150,0.504,0.346
94700,0.145,0.512,0.343
94800,0.141,0.512,0.347
94900,0.147,0.527,0.326
95000,0.151,0.521,0.328
95100,0.130,0.532,0.338
95200,0.136,0.538,0.326
95300,0.142,0.543,0.315
95400,0.152,0.526,0.322
95500,0.150,0.522,0.328
95600,0.144,0.518,0.338
95700,0.146,0.519,0.335
95800,0.137,0.528,0.335
95900,0.137,0.529,0.334
96000,0.133,0.544,0.323
96100,0.137,0.546,0.317
96200,0.144,0.547,0.308
96300,0.144,0.552,0.304
96400,0.139,0.553,0.308
96500,0.133,0.556,0.312
96600,0.143,0.558,0.299
96700,0.132,0.553,0.316
96800,0.135,0.541,0.324
96900,0.147,0.537,0.316
97000,0.152,0.532,0.316
97100,0.153,0.522,0.325
97200,0.176,0.521,0.303
97300,0.170,0.518,0.313
97400,0.168,0.523,0.309
97500,0.166,0.520,0.314
97600,0.166,0.518,0.316
97700,0.162,0.518,0.320
97800,0.166,0.519,0.315
97900,0.172,0.518,0.311
98000,0.172,0.499,0.329
98100,0.165,0.495,0.339
98200,0.172,0.490,0.338
98300,0.181,0.494,0.325
98400,0.175,0.490,0.335
98500,0.173,0.496,0.331
98600,0.188,0.499,0.313
98700,0.191,0.499,0.309
98800,0.194,0.491,0.315
98900,0.178,0.483,0.339
99000,0.178,0.489,0.333
99100,0.184,0.502,0.315
99200,0.187,0.499,0.314
99300,0.183,0.496,0.321
99400,0.181,0.492,0.327
99500,0.186,0.498,0.316
99600,0.175,0.494,0.331
99700,0.175,0.498,0.327
99800,0.175,0.483,0.342
99900,0.173,0.493,0.334
100000,0.168,0.498,0.334
