time,n_A+p,n_B,n_AB
500,0.030,0.937,0.033
1000,0.030,0.895,0.075
1500,0.030,0.848,0.122
2000,0.030,0.823,0.147
2500,0.033,0.787,0.180
3000,0.037,0.741,0.222
3500,0.038,0.689,0.273
4000,0.035,0.649,0.316
4500,0.033,0.579,0.388
5000,0.041,0.520,0.439
5500,0.041,0.493,0.466
6000,0.047,0.483,0.470
6500,0.063,0.413,0.524
7000,0.076,0.371,0.553
7500,0.091,0.335,0.574
8000,0.097,0.323,0.580
8500,0.097,0.309,0.594
9000,0.107,0.273,0.620
9500,0.111,0.231,0.658
10000,0.121,0.242,0.637
10500,0.135,0.232,0.633
11000,0.158,0.236,0.606
11500,0.158,0.212,0.630
12000,0.164,0.230,0.606
12500,0.170,0.210,0.620
13000,0.169,0.214,0.617
13500,0.179,0.220,0.601
14000,0.196,0.221,0.583
14500,0.162,0.218,0.620
15000,0.191,0.208,0.601
15500,0.180,0.171,0.649
16000,0.187,0.169,0.644
16500,0.207,0.162,0.631
17000,0.191,0.162,0.647
17500,0.197,0.142,0.661
18000,0.220,0.124,0.656
18500,0.218,0.120,0.662
19000,0.215,0.147,0.638
19500,0.211,0.143,0.646
20000,0.231,0.148,0.621
20500,0.229,0.129,0.642
21000,0.244,0.142,0.614
21500,0.257,0.120,0.623
22000,0.242,0.125,0.633
22500,0.268,0.126,0.606
23000,0.254,0.126,0.620
23500,0.271,0.141,0.588
24000,0.255,0.139,0.606
24500,0.238,0.133,0.629
25000,0.232,0.129,0.639
25500,0.253,0.105,0.642
26000,0.287,0.091,0.622
26500,0.299,0.105,0.596
27000,0.268,0.085,0.647
27500,0.294,0.088,0.618
28000,0.302,0.093,0.605
28500,0.279,0.092,0.629
29000,0.288,0.098,0.614
29500,0.278,0.108,0.614
30000,0.269,0.120,0.611
30500,0.250,0.104,0.646
31000,0.255,0.109,0.636
31500,0.254,0.101,0.645
32000,0.275,0.088,0.637
32500,0.288,0.096,0.616
33000,0.248,0.117,0.635
33500,0.260,0.110,0.630
34000,0.265,0.123,0.612
34500,0.258,0.128,0.614
35000,0.306,0.087,0.607
35500,0.277,0.070,0.653
36000,0.273,0.077,0.650
36500,0.287,0.098,0.615
37000,0.293,0.101,0.606
37500,0.284,0.115,0.601
38000,0.280,0.130,0.590
38500,0.280,0.134,0.586
39000,0.283,0.097,0.620
39500,0.292,0.117,0.591
40000,0.276,0.086,0.638
40500,0.276,0.116,0.608
41000,0.271,0.112,0.617
41500,0.267,0.102,0.631
42000,0.267,0.087,0.646
42500,0.270,0.098,0.632
43000,0.272,0.096,0.632
43500,0.268,0.086,0.646
44000,0.274,0.080,0.646
44500,0.285,0.106,0.609
45000,0.288,0.086,0.626
45500,0.321,0.091,0.588
46000,0.323,0.102,0.575
46500,0.289,0.102,0.609
47000,0.263,0.119,0.618
47500,0.266,0.105,0.629
48000,0.269,0.113,0.618
48500,0.246,0.125,0.629
49000,0.286,0.121,0.593
49500,0.270,0.127,0.603
50000,0.263,0.112,0.625
50500,0.255,0.119,0.626
51000,0.233,0.131,0.636
51500,0.255,0.138,0.607
52000,0.261,0.111,0.628
52500,0.240,0.112,0.648
53000,0.250,0.115,0.635
53500,0.245,0.111,0.644
54000,0.236,0.109,0.655
54500,0.230,0.106,0.664
55000,0.270,0.097,0.633
55500,0.282,0.147,0.571
56000,0.275,0.121,0.604
56500,0.280,0.103,0.617
57000,0.243,0.114,0.643
57500,0.222,0.114,0.664
58000,0.237,0.113,0.650
58500,0.247,0.102,0.651
59000,0.273,0.104,0.623
59500,0.259,0.106,0.635
60000,0.283,0.115,0.602
60500,0.271,0.112,0.617
61000,0.277,0.138,0.585
61500,0.258,0.133,0.609
62000,0.244,0.114,0.642
62500,0.226,0.142,0.632
63000,0.227,0.159,0.614
63500,0.217,0.151,0.632
64000,0.199,0.135,0.666
64500,0.234,0.131,0.635
65000,0.220,0.150,0.630
65500,0.255,0.137,0.608
66000,0.270,0.129,0.601
66500,0.258,0.141,0.601
67000,0.257,0.132,0.611
67500,0.285,0.124,0.591
68000,0.303,0.113,0.584
68500,0.299,0.090,0.611
69000,0.290,0.087,0.623
69500,0.283,0.099,0.618
70000,0.286,0.087,0.627
70500,0.280,0.092,0.628
71000,0.257,0.109,0.634
71500,0.268,0.109,0.623
72000,0.272,0.108,0.620
72500,0.248,0.112,0.640
73000,0.249,0.084,0.667
73500,0.227,0.102,0.671
74000,0.231,0.131,0.638
74500,0.229,0.122,0.649
75000,0.253,0.092,0.655
75500,0.267,0.097,0.636
76000,0.276,0.107,0.617
76500,0.314,0.109,0.577
77000,0.298,0.106,0.596
77500,0.301,0.089,0.610
78000,0.311,0.095,0.594
78500,0.311,0.074,0.615
79000,0.312,0.084,0.604
79500,0.299,0.092,0.609
80000,0.272,0.098,0.630
80500,0.304,0.104,0.592
81000,0.294,0.098,0.608
81500,0.280,0.106,0.614
82000,0.274,0.105,0.621
82500,0.249,0.106,0.645
83000,0.261,0.127,0.612
83500,0.264,0.090,0.646
84000,0.269,0.105,0.626
84500,0.265,0.112,0.623
85000,0.259,0.092,0.649
85500,0.241,0.118,0.641
86000,0.246,0.129,0.625
86500,0.243,0.108,0.649
87000,0.253,0.114,0.633
87500,0.285,0.106,0.609
88000,0.267,0.122,0.611
88500,0.248,0.115,0.637
89000,0.225,0.109,0.666
89500,0.247,0.092,0.661
90000,0.263,0.090,0.647
90500,0.261,0.108,0.631
91000,0.253,0.112,0.635
91500,0.256,0.106,0.638
92000,0.259,0.116,0.625
92500,0.250,0.152,0.598
93000,0.243,0.141,0.616
93500,0.267,0.132,0.601
94000,0.262,0.129,0.609
94500,0.262,0.135,0.603
95000,0.304,0.107,0.589
95500,0.287,0.103,0.610
96000,0.294,0.113,0.593
96500,0.280,0.104,0.616
97000,0.270,0.096,0.634
97500,0.266,0.114,0.620
98000,0.275,0.114,0.611
98500,0.291,0.110,0.599
99000,0.280,0.107,0.613
99500,0.287,0.077,0.636
100000,0.314,0.085,0.601
100500,0.327,0.087,0.586
101000,0.297,0.095,0.608
101500,0.286,0.098,0.616
102000,0.279,0.095,0.626
102500,0.295,0.105,0.600
103000,0.301,0.109,0.590
103500,0.280,0.101,0.619
104000,0.309,0.110,0.581
104500,0.294,0.110,0.596
105000,0.292,0.106,0.602
105500,0.267,0.099,0.634
106000,0.281,0.117,0.602
106500,0.296,0.097,0.607
107000,0.290,0.092,0.618
107500,0.293,0.096,0.611
108000,0.270,0.099,0.631
108500,0.276,0.103,0.621
109000,0.262,0.097,0.641
109500,0.233,0.127,0.640
110000,0.228,0.098,0.674
110500,0.253,0.116,0.631
111000,0.274,0.105,0.621
111500,0.246,0.140,0.614
112000,0.232,0.141,0.627
112500,0.240,0.120,0.640
113000,0.234,0.108,0.658
113500,0.257,0.109,0.634
114000,0.251,0.121,0.628
114500,0.264,0.109,0.627
115000,0.304,0.107,0.589
115500,0.294,0.097,0.609
116000,0.267,0.112,0.621
116500,0.290,0.100,0.610
117000,0.296,0.085,0.619
117500,0.253,0.099,0.648
118000,0.257,0.106,0.637
118500,0.244,0.104,0.652
119000,0.252,0.133,0.615
119500,0.253,0.131,0.616
120000,0.240,0.140,0.620
120500,0.242,0.106,0.652
121000,0.250,0.116,0.634
121500,0.268,0.090,0.642
122000,0.266,0.118,0.616
122500,0.274,0.102,0.624
123000,0.297,0.094,0.609
123500,0.304,0.082,0.614
124000,0.299,0.088,0.613
124500,0.310,0.104,0.586
125000,0.291,0.084,0.625
125500,0.305,0.094,0.601
126000,0.309,0.093,0.598
126500,0.273,0.096,0.631
127000,0.299,0.089,0.612
127500,0.286,0.075,0.639
128000,0.318,0.070,0.612
128500,0.312,0.085,0.603
129000,0.315,0.082,0.603
129500,0.313,0.093,0.594
130000,0.286,0.076,0.638
130500,0.299,0.093,0.608
131000,0.279,0.102,0.619
131500,0.274,0.096,0.630
132000,0.280,0.115,0.605
132500,0.249,0.125,0.626
133000,0.266,0.118,0.616
133500,0.273,0.121,0.606
134000,0.264,0.127,0.609
134500,0.239,0.126,0.635
135000,0.235,0.123,0.642
135500,0.232,0.127,0.641
136000,0.240,0.124,0.636
136500,0.234,0.139,0.627
137000,0.228,0.145,0.627
137500,0.232,0.134,0.634
138000,0.221,0.113,0.666
138500,0.225,0.139,0.636
139000,0.221,0.127,0.652
139500,0.208,0.122,0.670
140000,0.246,0.117,0.637
140500,0.259,0.134,0.607
141000,0.239,0.119,0.642
141500,0.249,0.125,0.626
142000,0.255,0.128,0.617
142500,0.264,0.114,0.622
143000,0.246,0.134,0.620
143500,0.244,0.120,0.636
144000,0.237,0.115,0.648
144500,0.245,0.126,0.629
145000,0.263,0.123,0.614
145500,0.268,0.103,0.629
146000,0.291,0.117,0.592
146500,0.274,0.095,0.631
147000,0.266,0.093,0.641
147500,0.259,0.116,0.625
148000,0.272,0.106,0.622
148500,0.264,0.107,0.629
149000,0.270,0.114,0.616
149500,0.267,0.109,0.624
150000,0.270,0.105,0.625
150500,0.252,0.101,0.647
151000,0.241,0.096,0.663
151500,0.280,0.112,0.608
152000,0.272,0.113,0.615
152500,0.301,0.077,0.622
153000,0.290,0.080,0.630
153500,0.289,0.064,0.647
154000,0.293,0.086,0.621
154500,0.284,0.107,0.609
155000,0.268,0.106,0.626
155500,0.268,0.100,0.632
156000,0.309,0.090,0.601
156500,0.305,0.099,0.596
157000,0.312,0.101,0.587
157500,0.336,0.088,0.576
158000,0.327,0.080,0.593
158500,0.272,0.085,0.643
159000,0.253,0.098,0.649
159500,0.240,0.109,0.651
160000,0.268,0.113,0.619
160500,0.255,0.117,0.628
161000,0.262,0.126,0.612
161500,0.272,0.132,0.596
162000,0.273,0.117,0.610
162500,0.267,0.114,0.619
163000,0.277,0.120,0.603
163500,0.296,0.096,0.608
164000,0.291,0.089,0.620
164500,0.292,0.075,0.633
165000,0.285,0.081,0.634
165500,0.291,0.093,0.616
166000,0.307,0.079,0.614
166500,0.315,0.080,0.605
167000,0.326,0.066,0.608
167500,0.313,0.071,0.616
168000,0.328,0.097,0.575
168500,0.294,0.083,0.623
169000,0.274,0.085,0.641
169500,0.275,0.093,0.632
170000,0.276,0.096,0.628
170500,0.280,0.090,0.630
171000,0.288,0.096,0.616
171500,0.243,0.112,0.645
172000,0.241,0.120,0.639
172500,0.218,0.125,0.657
173000,0.239,0.105,0.656
173500,0.235,0.097,0.668
174000,0.258,0.097,0.645
174500,0.256,0.104,0.640
175000,0.271,0.105,0.624
175500,0.280,0.110,0.610
176000,0.301,0.110,0.589
176500,0.304,0.112,0.584
177000,0.269,0.105,0.626
177500,0.258,0.129,0.613
178000,0.254,0.145,0.601
178500,0.267,0.154,0.579
179000,0.284,0.125,0.591
179500,0.291,0.108,0.601
180000,0.327,0.103,0.570
180500,0.310,0.102,0.588
181000,0.290,0.100,0.610
181500,0.274,0.124,0.602
182000,0.260,0.122,0.618
182500,0.271,0.126,0.603
183000,0.243,0.139,0.618
183500,0.234,0.138,0.628
184000,0.248,0.134,0.618
184500,0.246,0.139,0.615
185000,0.206,0.151,0.643
185500,0.207,0.150,0.643
186000,0.206,0.139,0.655
186500,0.208,0.164,0.628
187000,0.214,0.147,0.639
187500,0.229,0.120,0.651
188000,0.232,0.133,0.635
188500,0.232,0.110,0.658
189000,0.238,0.121,0.641
189500,0.253,0.131,0.616
190000,0.255,0.130,0.615
190500,0.258,0.133,0.609
191000,0.278,0.128,0.594
191500,0.255,0.123,0.622
192000,0.249,0.110,0.641
192500,0.244,0.131,0.625
193000,0.261,0.111,0.628
193500,0.293,0.111,0.596
194000,0.301,0.102,0.597
194500,0.295,0.078,0.627
195000,0.319,0.086,0.595
195500,0.304,0.086,0.610
196000,0.302,0.077,0.621
196500,0.317,0.085,0.598
197000,0.304,0.086,0.610
197500,0.313,0.072,0.615
198000,0.313,0.101,0.586
198500,0.316,0.104,0.580
199000,0.329,0.088,0.583
199500,0.298,0.080,0.622
200000,0.280,0.072,0.648
200500,0.287,0.095,0.618
201000,0.288,0.089,0.623
201500,0.269,0.099,0.632
202000,0.294,0.103,0.603
202500,0.275,0.095,0.630
203000,0.258,0.093,0.649
203500,0.249,0.105,0.646
204000,0.263,0.107,0.630
204500,0.259,0.122,0.619
205000,0.270,0.132,0.598
205500,0.262,0.110,0.628
206000,0.252,0.120,0.628
206500,0.245,0.110,0.645
207000,0.220,0.121,0.659
207500,0.247,0.109,0.644
208000,0.251,0.118,0.631
208500,0.273,0.132,0.595
209000,0.251,0.115,0.634
209500,0.247,0.116,0.637
210000,0.260,0.123,0.617
210500,0.259,0.114,0.627
211000,0.259,0.103,0.638
211500,0.287,0.093,0.620
212000,0.306,0.099,0.595
212500,0.302,0.098,0.600
213000,0.289,0.092,0.619
213500,0.288,0.100,0.612
214000,0.262,0.111,0.627
214500,0.275,0.098,0.627
215000,0.264,0.098,0.638
215500,0.252,0.097,0.651
216000,0.244,0.091,0.665
216500,0.285,0.101,0.614
217000,0.291,0.098,0.611
217500,0.335,0.094,0.571
218000,0.331,0.069,0.600
218500,0.335,0.078,0.587
219000,0.311,0.091,0.598
219500,0.310,0.071,0.619
220000,0.315,0.075,0.610
220500,0.286,0.065,0.649
221000,0.268,0.084,0.648
221500,0.278,0.096,0.626
222000,0.287,0.072,0.641
222500,0.297,0.077,0.626
223000,0.310,0.097,0.593
223500,0.312,0.102,0.586
224000,0.265,0.105,0.630
224500,0.264,0.108,0.628
225000,0.283,0.118,0.599
225500,0.265,0.104,0.631
226000,0.229,0.115,0.656
226500,0.264,0.107,0.629
227000,0.278,0.081,0.641
227500,0.290,0.094,0.616
228000,0.273,0.118,0.609
228500,0.293,0.105,0.602
229000,0.290,0.119,0.591
229500,0.286,0.121,0.593
230000,0.277,0.100,0.623
230500,0.292,0.077,0.631
231000,0.299,0.089,0.612
231500,0.324,0.100,0.576
232000,0.315,0.101,0.584
232500,0.266,0.099,0.635
233000,0.274,0.098,0.628
233500,0.305,0.072,0.623
234000,0.303,0.086,0.611
234500,0.311,0.084,0.605
235000,0.329,0.077,0.594
235500,0.332,0.068,0.600
236000,0.331,0.075,0.594
236500,0.321,0.077,0.602
237000,0.322,0.076,0.602
237500,0.341,0.076,0.583
238000,0.335,0.080,0.585
238500,0.321,0.071,0.608
239000,0.350,0.081,0.569
239500,0.336,0.078,0.586
240000,0.298,0.083,0.619
240500,0.304,0.108,0.588
241000,0.308,0.119,0.573
241500,0.311,0.111,0.578
242000,0.289,0.107,0.604
242500,0.278,0.085,0.637
243000,0.278,0.077,0.645
243500,0.298,0.062,0.640
244000,0.317,0.072,0.611
244500,0.308,0.077,0.615
245000,0.313,0.074,0.613
245500,0.321,0.073,0.606
246000,0.280,0.087,0.633
246500,0.266,0.111,0.623
247000,0.292,0.108,0.600
247500,0.287,0.094,0.619
248000,0.293,0.082,0.625
248500,0.303,0.083,0.614
249000,0.298,0.093,0.609
249500,0.278,0.084,0.638
250000,0.284,0.086,0.630
250500,0.258,0.113,0.629
251000,0.282,0.099,0.619
251500,0.298,0.106,0.596
252000,0.271,0.130,0.599
252500,0.261,0.127,0.612
253000,0.252,0.140,0.608
253500,0.220,0.122,0.658
254000,0.230,0.135,0.635
254500,0.228,0.147,0.625
255000,0.241,0.141,0.618
255500,0.246,0.133,0.621
256000,0.233,0.148,0.619
256500,0.232,0.161,0.607
257000,0.261,0.124,0.615
257500,0.253,0.118,0.629
258000,0.236,0.128,0.636
258500,0.257,0.124,0.619
259000,0.277,0.116,0.607
259500,0.237,0.119,0.644
260000,0.234,0.121,0.645
260500,0.206,0.112,0.682
261000,0.251,0.129,0.620
261500,0.271,0.103,0.626
262000,0.267,0.121,0.612
262500,0.258,0.122,0.620
263000,0.250,0.120,0.630
263500,0.266,0.122,0.612
264000,0.263,0.120,0.617
264500,0.241,0.113,0.646
265000,0.264,0.113,0.623
265500,0.238,0.099,0.663
266000,0.279,0.106,0.615
266500,0.251,0.100,0.649
267000,0.249,0.100,0.651
267500,0.241,0.134,0.625
268000,0.219,0.167,0.614
268500,0.230,0.153,0.617
269000,0.239,0.148,0.613
269500,0.240,0.133,0.627
270000,0.245,0.147,0.608
270500,0.241,0.140,0.619
271000,0.247,0.137,0.616
271500,0.235,0.145,0.620
272000,0.251,0.141,0.608
272500,0.234,0.140,0.626
273000,0.232,0.136,0.632
273500,0.222,0.138,0.640
274000,0.225,0.132,0.643
274500,0.235,0.134,0.631
275000,0.246,0.138,0.616
275500,0.253,0.158,0.589
276000,0.224,0.132,0.644
276500,0.216,0.151,0.633
277000,0.231,0.147,0.622
277500,0.261,0.137,0.602
278000,0.265,0.119,0.616
278500,0.267,0.101,0.632
279000,0.297,0.114,0.589
279500,0.264,0.107,0.629
280000,0.273,0.107,0.620
280500,0.282,0.097,0.621
281000,0.282,0.115,0.603
281500,0.299,0.118,0.583
282000,0.276,0.134,0.590
282500,0.257,0.109,0.634
283000,0.265,0.118,0.617
283500,0.268,0.098,0.634
284000,0.273,0.099,0.628
284500,0.262,0.103,0.635
285000,0.261,0.105,0.634
285500,0.246,0.115,0.639
286000,0.259,0.140,0.601
286500,0.256,0.122,0.622
287000,0.258,0.115,0.627
287500,0.236,0.097,0.667
288000,0.265,0.126,0.609
288500,0.250,0.132,0.618
289000,0.254,0.124,0.622
289500,0.290,0.096,0.614
290000,0.267,0.094,0.639
290500,0.298,0.074,0.628
291000,0.273,0.103,0.624
291500,0.289,0.106,0.605
292000,0.295,0.094,0.611
292500,0.283,0.089,0.628
293000,0.281,0.106,0.613
293500,0.249,0.117,0.634
294000,0.247,0.139,0.614
294500,0.259,0.129,0.612
295000,0.240,0.113,0.647
295500,0.266,0.111,0.623
296000,0.290,0.098,0.612
296500,0.285,0.088,0.627
297000,0.288,0.098,0.614
297500,0.314,0.084,0.602
298000,0.308,0.080,0.612
298500,0.287,0.087,0.626
299000,0.279,0.094,0.627
299500,0.296,0.094,0.610
300000,0.277,0.109,0.614
300500,0.268,0.107,0.625
301000,0.294,0.110,0.596
301500,0.282,0.126,0.592
302000,0.278,0.117,0.605
302500,0.288,0.109,0.603
303000,0.290,0.084,0.626
303500,0.265,0.106,0.629
304000,0.277,0.104,0.619
304500,0.280,0.100,0.620
305000,0.269,0.095,0.636
305500,0.272,0.106,0.622
306000,0.303,0.087,0.610
306500,0.278,0.105,0.617
307000,0.272,0.090,0.638
307500,0.291,0.083,0.626
308000,0.304,0.086,0.610
308500,0.294,0.095,0.611
309000,0.281,0.104,0.615
309500,0.271,0.117,0.612
310000,0.249,0.119,0.632
310500,0.259,0.110,0.631
311000,0.246,0.119,0.635
311500,0.227,0.125,0.648
312000,0.247,0.125,0.628
312500,0.244,0.134,0.622
313000,0.241,0.128,0.631
313500,0.267,0.107,0.626
314000,0.272,0.123,0.605
314500,0.269,0.120,0.611
315000,0.289,0.137,0.574
315500,0.254,0.138,0.608
316000,0.254,0.131,0.615
316500,0.221,0.159,0.620
317000,0.238,0.144,0.618
317500,0.282,0.125,0.593
318000,0.284,0.121,0.595
318500,0.306,0.109,0.585
319000,0.301,0.103,0.596
319500,0.293,0.102,0.605
320000,0.282,0.105,0.613
320500,0.281,0.106,0.613
321000,0.286,0.086,0.628
321500,0.312,0.085,0.603
322000,0.297,0.080,0.623
322500,0.301,0.072,0.627
323000,0.299,0.078,0.623
323500,0.325,0.074,0.601
324000,0.294,0.080,0.626
324500,0.331,0.075,0.594
325000,0.312,0.068,0.620
325500,0.311,0.072,0.617
326000,0.299,0.085,0.616
326500,0.301,0.066,0.633
327000,0.311,0.079,0.610
327500,0.310,0.091,0.599
328000,0.308,0.094,0.598
328500,0.295,0.098,0.607
329000,0.291,0.119,0.590
329500,0.287,0.104,0.609
330000,0.282,0.121,0.597
330500,0.263,0.103,0.634
331000,0.275,0.107,0.618
331500,0.255,0.114,0.631
332000,0.233,0.125,0.642
332500,0.256,0.094,0.650
333000,0.257,0.100,0.643
333500,0.264,0.095,0.641
334000,0.258,0.130,0.612
334500,0.276,0.153,0.571
335000,0.260,0.144,0.596
335500,0.245,0.132,0.623
336000,0.265,0.136,0.599
336500,0.254,0.114,0.632
337000,0.289,0.116,0.595
337500,0.269,0.092,0.639
338000,0.248,0.104,0.648
338500,0.257,0.100,0.643
339000,0.266,0.117,0.617
339500,0.265,0.089,0.646
340000,0.277,0.091,0.632
340500,0.279,0.086,0.635
341000,0.277,0.096,0.627
341500,0.285,0.101,0.614
342000,0.293,0.103,0.604
342500,0.302,0.083,0.615
343000,0.293,0.088,0.619
343500,0.286,0.097,0.617
344000,0.294,0.096,0.610
344500,0.297,0.101,0.602
345000,0.295,0.124,0.581
345500,0.318,0.141,0.541
346000,0.306,0.115,0.579
346500,0.290,0.091,0.619
347000,0.312,0.062,0.626
347500,0.318,0.071,0.611
348000,0.321,0.077,0.602
348500,0.303,0.064,0.633
349000,0.296,0.076,0.628
349500,0.293,0.078,0.629
350000,0.322,0.093,0.585
350500,0.320,0.098,0.582
351000,0.309,0.074,0.617
351500,0.285,0.074,0.641
352000,0.311,0.087,0.602
352500,0.295,0.084,0.621
353000,0.296,0.110,0.594
353500,0.278,0.113,0.609
354000,0.289,0.097,0.614
354500,0.299,0.079,0.622
355000,0.302,0.091,0.607
355500,0.285,0.091,0.624
356000,0.286,0.099,0.615
356500,0.241,0.114,0.645
357000,0.238,0.102,0.660
357500,0.234,0.107,0.659
358000,0.245,0.117,0.638
358500,0.257,0.110,0.633
359000,0.285,0.120,0.595
359500,0.255,0.131,0.614
360000,0.273,0.114,0.613
360500,0.256,0.119,0.625
361000,0.284,0.101,0.615
361500,0.289,0.115,0.596
362000,0.304,0.123,0.573
362500,0.300,0.116,0.584
363000,0.294,0.105,0.601
363500,0.301,0.112,0.587
364000,0.309,0.089,0.602
364500,0.293,0.104,0.603
365000,0.271,0.102,0.627
365500,0.272,0.086,0.642
366000,0.301,0.084,0.615
366500,0.316,0.096,0.588
367000,0.305,0.072,0.623
367500,0.314,0.092,0.594
368000,0.327,0.101,0.572
368500,0.329,0.095,0.576
369000,0.318,0.077,0.605
369500,0.301,0.084,0.615
370000,0.314,0.092,0.594
370500,0.322,0.075,0.603
371000,0.337,0.075,0.588
371500,0.349,0.063,0.588
372000,0.365,0.067,0.568
372500,0.346,0.060,0.594
373000,0.362,0.068,0.570
373500,0.344,0.083,0.573
374000,0.319,0.067,0.614
374500,0.308,0.068,0.624
375000,0.313,0.077,0.610
375500,0.343,0.065,0.592
376000,0.347,0.084,0.569
376500,0.329,0.085,0.586
377000,0.319,0.078,0.603
377500,0.289,0.071,0.640
378000,0.337,0.082,0.581
378500,0.332,0.092,0.576
379000,0.326,0.103,0.571
379500,0.289,0.094,0.617
380000,0.267,0.110,0.623
380500,0.305,0.109,0.586
381000,0.311,0.094,0.595
381500,0.287,0.088,0.625
382000,0.309,0.081,0.610
382500,0.298,0.128,0.574
383000,0.312,0.104,0.584
383500,0.328,0.080,0.592
384000,0.338,0.080,0.582
384500,0.323,0.096,0.581
385000,0.312,0.097,0.591
385500,0.279,0.101,0.620
386000,0.269,0.109,0.622
386500,0.273,0.104,0.623
387000,0.270,0.121,0.609
387500,0.245,0.128,0.627
388000,0.243,0.111,0.646
388500,0.252,0.108,0.640
389000,0.275,0.093,0.632
389500,0.287,0.097,0.616
390000,0.288,0.097,0.615
390500,0.276,0.115,0.609
391000,0.293,0.114,0.593
391500,0.258,0.110,0.632
392000,0.251,0.108,0.641
392500,0.272,0.107,0.621
393000,0.265,0.107,0.628
393500,0.262,0.108,0.630
394000,0.244,0.115,0.641
394500,0.244,0.105,0.651
395000,0.228,0.104,0.668
395500,0.223,0.131,0.646
396000,0.203,0.155,0.642
396500,0.202,0.166,0.632
397000,0.193,0.182,0.625
397500,0.215,0.171,0.614
398000,0.216,0.153,0.631
398500,0.210,0.150,0.640
399000,0.214,0.137,0.649
399500,0.273,0.111,0.616
400000,0.239,0.096,0.665
400500,0.267,0.102,0.631
401000,0.262,0.117,0.621
401500,0.274,0.107,0.619
402000,0.267,0.116,0.617
402500,0.252,0.117,0.631
403000,0.266,0.103,0.631
403500,0.286,0.097,0.617
404000,0.269,0.091,0.640
404500,0.265,0.115,0.620
405000,0.240,0.106,0.654
405500,0.270,0.121,0.609
406000,0.269,0.094,0.637
406500,0.283,0.122,0.595
407000,0.296,0.111,0.593
407500,0.276,0.100,0.624
408000,0.279,0.089,0.632
408500,0.278,0.070,0.652
409000,0.275,0.071,0.654
409500,0.275,0.097,0.628
410000,0.299,0.105,0.596
410500,0.281,0.100,0.619
411000,0.279,0.096,0.625
411500,0.286,0.097,0.617
412000,0.283,0.106,0.611
412500,0.300,0.088,0.612
413000,0.344,0.080,0.576
413500,0.323,0.077,0.600
414000,0.338,0.095,0.567
414500,0.340,0.097,0.563
415000,0.331,0.080,0.589
415500,0.308,0.085,0.607
416000,0.306,0.076,0.618
416500,0.304,0.089,0.607
417000,0.314,0.091,0.595
417500,0.308,0.086,0.606
418000,0.318,0.101,0.581
418500,0.302,0.108,0.590
419000,0.285,0.107,0.608
419500,0.291,0.120,0.589
420000,0.277,0.110,0.613
420500,0.298,0.125,0.577
421000,0.295,0.134,0.571
421500,0.295,0.110,0.595
422000,0.293,0.107,0.600
422500,0.277,0.087,0.636
423000,0.303,0.099,0.598
423500,0.298,0.095,0.607
424000,0.291,0.100,0.609
424500,0.263,0.097,0.640
425000,0.274,0.092,0.634
425500,0.276,0.088,0.636
426000,0.262,0.101,0.637
426500,0.262,0.116,0.622
427000,0.244,0.106,0.650
427500,0.255,0.099,0.646
428000,0.271,0.092,0.637
428500,0.272,0.099,0.629
429000,0.284,0.089,0.627
429500,0.260,0.107,0.633
430000,0.263,0.126,0.611
430500,0.281,0.101,0.618
431000,0.273,0.081,0.646
431500,0.307,0.079,0.614
432000,0.297,0.085,0.618
432500,0.308,0.090,0.602
433000,0.303,0.093,0.604
433500,0.302,0.110,0.588
434000,0.302,0.087,0.611
434500,0.280,0.087,0.633
435000,0.281,0.083,0.636
435500,0.302,0.088,0.610
436000,0.290,0.087,0.623
436500,0.306,0.097,0.597
437000,0.304,0.099,0.597
437500,0.303,0.088,0.609
438000,0.305,0.075,0.620
438500,0.324,0.069,0.607
439000,0.358,0.087,0.555
439500,0.364,0.086,0.550
440000,0.345,0.076,0.579
440500,0.348,0.073,0.579
441000,0.319,0.081,0.600
441500,0.357,0.076,0.567
442000,0.346,0.070,0.584
442500,0.327,0.096,0.577
443000,0.322,0.099,0.579
443500,0.336,0.076,0.588
444000,0.325,0.077,0.598
444500,0.312,0.064,0.624
445000,0.325,0.090,0.585
445500,0.311,0.084,0.605
446000,0.290,0.063,0.647
446500,0.311,0.095,0.594
447000,0.326,0.088,0.586
447500,0.298,0.083,0.619
448000,0.334,0.093,0.573
448500,0.308,0.116,0.576
449000,0.287,0.103,0.610
449500,0.308,0.091,0.601
450000,0.286,0.087,0.627
450500,0.231,0.095,0.674
451000,0.220,0.103,0.677
451500,0.222,0.129,0.649
452000,0.239,0.132,0.629
452500,0.226,0.141,0.633
453000,0.230,0.137,0.633
453500,0.240,0.135,0.625
454000,0.249,0.134,0.617
454500,0.267,0.141,0.592
455000,0.267,0.128,0.605
455500,0.246,0.140,0.614
456000,0.257,0.125,0.618
456500,0.233,0.157,0.610
457000,0.216,0.155,0.629
457500,0.229,0.139,0.632
458000,0.241,0.151,0.608
458500,0.214,0.137,0.649
459000,0.222,0.152,0.626
459500,0.218,0.139,0.643
460000,0.215,0.136,0.649
460500,0.219,0.139,0.642
461000,0.213,0.141,0.646
461500,0.197,0.149,0.654
462000,0.206,0.141,0.653
462500,0.203,0.126,0.671
463000,0.191,0.145,0.664
463500,0.220,0.159,0.621
464000,0.208,0.165,0.627
464500,0.230,0.162,0.608
465000,0.235,0.154,0.611
465500,0.255,0.147,0.598
466000,0.253,0.118,0.629
466500,0.253,0.107,0.640
467000,0.281,0.109,0.610
467500,0.255,0.119,0.626
468000,0.263,0.105,0.632
468500,0.231,0.109,0.660
469000,0.258,0.117,0.625
469500,0.245,0.120,0.635
470000,0.258,0.127,0.615
470500,0.262,0.134,0.604
471000,0.259,0.122,0.619
471500,0.250,0.118,0.632
472000,0.275,0.115,0.610
472500,0.288,0.114,0.598
473000,0.310,0.108,0.582
473500,0.305,0.076,0.619
474000,0.292,0.067,0.641
474500,0.297,0.107,0.596
475000,0.272,0.101,0.627
475500,0.259,0.119,0.622
476000,0.238,0.116,0.646
476500,0.239,0.106,0.655
477000,0.258,0.114,0.628
477500,0.258,0.128,0.614
478000,0.241,0.145,0.614
478500,0.256,0.125,0.619
479000,0.222,0.097,0.681
479500,0.232,0.090,0.678
480000,0.235,0.099,0.666
480500,0.229,0.105,0.666
481000,0.231,0.101,0.668
481500,0.248,0.097,0.655
482000,0.258,0.121,0.621
482500,0.256,0.123,0.621
483000,0.256,0.146,0.598
483500,0.246,0.132,0.622
484000,0.231,0.134,0.635
484500,0.276,0.103,0.621
485000,0.282,0.111,0.607
485500,0.274,0.076,0.650
486000,0.330,0.078,0.592
486500,0.311,0.076,0.613
487000,0.334,0.090,0.576
487500,0.334,0.078,0.588
488000,0.326,0.055,0.619
488500,0.331,0.054,0.615
489000,0.345,0.062,0.593
489500,0.375,0.076,0.549
490000,0.381,0.052,0.567
490500,0.379,0.052,0.569
491000,0.367,0.047,0.586
491500,0.387,0.058,0.555
492000,0.379,0.061,0.560
492500,0.376,0.070,0.554
493000,0.383,0.070,0.547
493500,0.371,0.090,0.539
494000,0.342,0.091,0.567
494500,0.323,0.088,0.589
495000,0.324,0.089,0.587
495500,0.336,0.086,0.578
496000,0.330,0.105,0.565
496500,0.308,0.095,0.597
497000,0.313,0.091,0.596
497500,0.324,0.099,0.577
498000,0.299,0.097,0.604
498500,0.289,0.078,0.633
499000,0.276,0.078,0.646
499500,0.305,0.088,0.607
500000,0.347,0.084,0.569
500500,0.312,0.093,0.595
501000,0.294,0.090,0.616
501500,0.302,0.097,0.601
502000,0.320,0.082,0.598
502500,0.315,0.093,0.592
503000,0.308,0.106,0.586
503500,0.288,0.103,0.609
504000,0.303,0.100,0.597
504500,0.287,0.107,0.606
505000,0.272,0.112,0.616
505500,0.255,0.101,0.644
506000,0.259,0.106,0.635
506500,0.238,0.141,0.621
507000,0.220,0.138,0.642
507500,0.221,0.148,0.631
508000,0.222,0.135,0.643
508500,0.220,0.141,0.639
509000,0.241,0.134,0.625
509500,0.240,0.117,0.643
510000,0.270,0.095,0.635
510500,0.264,0.092,0.644
511000,0.259,0.115,0.626
511500,0.245,0.140,0.615
512000,0.239,0.130,0.631
512500,0.256,0.152,0.592
513000,0.244,0.162,0.594
513500,0.210,0.152,0.638
514000,0.212,0.148,0.640
514500,0.211,0.150,0.639
515000,0.234,0.142,0.624
515500,0.237,0.142,0.621
516000,0.225,0.127,0.648
516500,0.240,0.121,0.639
517000,0.224,0.144,0.632
517500,0.239,0.150,0.611
518000,0.256,0.133,0.611
518500,0.262,0.129,0.609
519000,0.248,0.115,0.637
519500,0.228,0.123,0.649
520000,0.214,0.147,0.639
520500,0.214,0.169,0.617
521000,0.204,0.176,0.620
521500,0.187,0.166,0.647
522000,0.200,0.160,0.640
522500,0.201,0.170,0.629
523000,0.192,0.154,0.654
523500,0.196,0.174,0.630
524000,0.206,0.174,0.620
524500,0.196,0.151,0.653
525000,0.197,0.148,0.655
525500,0.219,0.147,0.634
526000,0.239,0.119,0.642
526500,0.230,0.127,0.643
527000,0.218,0.114,0.668
527500,0.250,0.107,0.643
528000,0.246,0.113,0.641
528500,0.263,0.128,0.609
529000,0.261,0.117,0.622
529500,0.241,0.134,0.625
530000,0.235,0.142,0.623
530500,0.261,0.126,0.613
531000,0.241,0.107,0.652
531500,0.272,0.131,0.597
532000,0.283,0.113,0.604
532500,0.285,0.117,0.598
533000,0.279,0.102,0.619
533500,0.288,0.077,0.635
534000,0.302,0.084,0.614
534500,0.331,0.078,0.591
535000,0.302,0.098,0.600
535500,0.299,0.088,0.613
536000,0.300,0.105,0.595
536500,0.300,0.106,0.594
537000,0.310,0.110,0.580
537500,0.290,0.101,0.609
538000,0.285,0.100,0.615
538500,0.291,0.093,0.616
539000,0.269,0.119,0.612
539500,0.273,0.122,0.605
540000,0.274,0.112,0.614
540500,0.274,0.092,0.634
541000,0.298,0.088,0.614
541500,0.309,0.104,0.587
542000,0.310,0.094,0.596
542500,0.296,0.092,0.612
543000,0.275,0.112,0.613
543500,0.283,0.105,0.612
544000,0.308,0.100,0.592
544500,0.279,0.100,0.621
545000,0.282,0.107,0.611
545500,0.265,0.113,0.622
546000,0.262,0.117,0.621
546500,0.243,0.105,0.652
547000,0.244,0.104,0.652
547500,0.250,0.102,0.648
548000,0.251,0.116,0.633
548500,0.238,0.139,0.623
549000,0.244,0.130,0.626
549500,0.251,0.123,0.626
550000,0.273,0.111,0.616
550500,0.265,0.097,0.638
551000,0.272,0.098,0.630
551500,0.274,0.090,0.636
552000,0.287,0.086,0.627
552500,0.274,0.102,0.624
553000,0.283,0.107,0.610
553500,0.276,0.115,0.609
554000,0.286,0.112,0.602
554500,0.271,0.127,0.602
555000,0.286,0.127,0.587
555500,0.265,0.104,0.631
556000,0.294,0.090,0.616
556500,0.320,0.103,0.577
557000,0.311,0.087,0.602
557500,0.319,0.091,0.590
558000,0.292,0.099,0.609
558500,0.263,0.080,0.657
559000,0.268,0.106,0.626
559500,0.282,0.078,0.640
560000,0.288,0.069,0.643
560500,0.279,0.076,0.645
561000,0.301,0.090,0.609
561500,0.303,0.079,0.618
562000,0.326,0.107,0.567
562500,0.312,0.101,0.587
563000,0.320,0.078,0.602
563500,0.302,0.063,0.635
564000,0.299,0.100,0.601
564500,0.282,0.089,0.629
565000,0.276,0.084,0.640
565500,0.269,0.092,0.639
566000,0.289,0.090,0.621
566500,0.308,0.092,0.600
567000,0.293,0.091,0.616
567500,0.278,0.085,0.637
568000,0.274,0.094,0.632
568500,0.301,0.085,0.614
569000,0.272,0.082,0.646
569500,0.280,0.097,0.623
570000,0.261,0.128,0.611
570500,0.266,0.114,0.620
571000,0.261,0.102,0.637
571500,0.245,0.106,0.649
572000,0.236,0.148,0.616
572500,0.243,0.142,0.615
573000,0.243,0.110,0.647
573500,0.232,0.114,0.654
574000,0.251,0.126,0.623
574500,0.263,0.128,0.609
575000,0.260,0.128,0.612
575500,0.241,0.129,0.630
576000,0.269,0.123,0.608
576500,0.276,0.116,0.608
577000,0.325,0.103,0.572
577500,0.299,0.104,0.597
578000,0.287,0.121,0.592
578500,0.272,0.122,0.606
579000,0.276,0.127,0.597
579500,0.277,0.114,0.609
580000,0.283,0.106,0.611
580500,0.311,0.096,0.593
581000,0.316,0.079,0.605
581500,0.300,0.080,0.620
582000,0.288,0.083,0.629
582500,0.298,0.079,0.623
583000,0.290,0.075,0.635
583500,0.286,0.083,0.631
584000,0.288,0.107,0.605
584500,0.291,0.118,0.591
585000,0.309,0.107,0.584
585500,0.261,0.112,0.627
586000,0.248,0.104,0.648
586500,0.251,0.123,0.626
587000,0.239,0.115,0.646
587500,0.229,0.119,0.652
588000,0.225,0.130,0.645
588500,0.236,0.146,0.618
589000,0.231,0.147,0.622
589500,0.230,0.150,0.620
590000,0.254,0.122,0.624
590500,0.263,0.107,0.630
591000,0.271,0.117,0.612
591500,0.250,0.108,0.642
592000,0.223,0.102,0.675
592500,0.264,0.087,0.649
593000,0.279,0.086,0.635
593500,0.288,0.076,0.636
594000,0.308,0.099,0.593
594500,0.283,0.068,0.649
595000,0.307,0.089,0.604
595500,0.298,0.064,0.638
596000,0.299,0.083,0.618
596500,0.290,0.068,0.642
597000,0.278,0.090,0.632
597500,0.274,0.098,0.628
598000,0.265,0.082,0.653
598500,0.279,0.101,0.620
599000,0.308,0.090,0.602
599500,0.313,0.073,0.614
600000,0.326,0.083,0.591
600500,0.288,0.093,0.619
601000,0.304,0.102,0.594
601500,0.303,0.106,0.591
602000,0.310,0.094,0.596
602500,0.300,0.079,0.621
603000,0.331,0.073,0.596
603500,0.325,0.092,0.583
604000,0.330,0.092,0.578
604500,0.342,0.081,0.577
605000,0.329,0.087,0.584
605500,0.337,0.069,0.594
606000,0.319,0.062,0.619
606500,0.291,0.074,0.635
607000,0.304,0.082,0.614
607500,0.296,0.085,0.619
608000,0.292,0.108,0.600
608500,0.276,0.114,0.610
609000,0.296,0.109,0.595
609500,0.289,0.090,0.621
610000,0.298,0.093,0.609
610500,0.307,0.093,0.600
611000,0.286,0.092,0.622
611500,0.267,0.096,0.637
612000,0.280,0.093,0.627
612500,0.276,0.101,0.623
613000,0.271,0.118,0.611
613500,0.258,0.110,0.632
614000,0.284,0.104,0.612
614500,0.256,0.104,0.640
615000,0.275,0.085,0.640
615500,0.271,0.082,0.647
616000,0.289,0.079,0.632
616500,0.275,0.090,0.635
617000,0.280,0.108,0.612
617500,0.275,0.128,0.597
618000,0.278,0.120,0.602
618500,0.271,0.122,0.607
619000,0.266,0.118,0.616
619500,0.262,0.129,0.609
620000,0.278,0.117,0.605
620500,0.266,0.119,0.615
621000,0.271,0.145,0.584
621500,0.232,0.159,0.609
622000,0.242,0.141,0.617
622500,0.231,0.140,0.629
623000,0.246,0.125,0.629
623500,0.239,0.128,0.633
624000,0.213,0.134,0.653
624500,0.202,0.150,0.648
625000,0.228,0.133,0.639
625500,0.204,0.150,0.646
626000,0.210,0.152,0.638
626500,0.204,0.143,0.653
627000,0.226,0.135,0.639
627500,0.240,0.131,0.629
628000,0.238,0.130,0.632
628500,0.239,0.126,0.635
629000,0.258,0.115,0.627
629500,0.255,0.133,0.612
630000,0.232,0.113,0.655
630500,0.245,0.117,0.638
631000,0.249,0.124,0.627
631500,0.239,0.119,0.642
632000,0.257,0.151,0.592
632500,0.251,0.140,0.609
633000,0.229,0.134,0.637
633500,0.222,0.145,0.633
634000,0.247,0.130,0.623
634500,0.250,0.129,0.621
635000,0.238,0.119,0.643
635500,0.215,0.113,0.672
636000,0.247,0.125,0.628
636500,0.244,0.111,0.645
637000,0.254,0.112,0.634
637500,0.287,0.103,0.610
638000,0.278,0.117,0.605
638500,0.287,0.113,0.600
639000,0.267,0.129,0.604
639500,0.273,0.121,0.606
640000,0.265,0.118,0.617
640500,0.264,0.122,0.614
641000,0.272,0.120,0.608
641500,0.267,0.108,0.625
642000,0.290,0.101,0.609
642500,0.306,0.094,0.600
643000,0.300,0.103,0.597
643500,0.299,0.099,0.602
644000,0.293,0.088,0.619
644500,0.319,0.085,0.596
645000,0.281,0.089,0.630
645500,0.274,0.121,0.605
646000,0.263,0.123,0.614
646500,0.261,0.127,0.612
647000,0.228,0.130,0.642
647500,0.268,0.141,0.591
648000,0.242,0.138,0.620
648500,0.224,0.163,0.613
649000,0.200,0.174,0.626
649500,0.208,0.144,0.648
650000,0.205,0.130,0.665
650500,0.231,0.147,0.622
651000,0.230,0.153,0.617
651500,0.231,0.164,0.605
652000,0.241,0.154,0.605
652500,0.276,0.139,0.585
653000,0.288,0.122,0.590
653500,0.290,0.122,0.588
654000,0.298,0.107,0.595
654500,0.305,0.088,0.607
655000,0.276,0.112,0.612
655500,0.274,0.119,0.607
656000,0.248,0.104,0.648
656500,0.286,0.091,0.623
657000,0.300,0.098,0.602
657500,0.291,0.096,0.613
658000,0.281,0.083,0.636
658500,0.279,0.081,0.640
659000,0.297,0.100,0.603
659500,0.291,0.093,0.616
660000,0.264,0.097,0.639
660500,0.284,0.089,0.627
661000,0.314,0.077,0.609
661500,0.308,0.081,0.611
662000,0.293,0.104,0.603
662500,0.278,0.107,0.615
663000,0.245,0.118,0.637
663500,0.258,0.117,0.625
664000,0.263,0.128,0.609
664500,0.264,0.139,0.597
665000,0.267,0.121,0.612
665500,0.266,0.106,0.628
666000,0.257,0.119,0.624
666500,0.226,0.122,0.652
667000,0.216,0.126,0.658
667500,0.225,0.119,0.656
668000,0.233,0.133,0.634
668500,0.260,0.125,0.615
669000,0.244,0.094,0.662
669500,0.266,0.105,0.629
670000,0.269,0.130,0.601
670500,0.247,0.105,0.648
671000,0.232,0.104,0.664
671500,0.225,0.132,0.643
672000,0.225,0.154,0.621
672500,0.209,0.161,0.630
673000,0.198,0.169,0.633
673500,0.209,0.165,0.626
674000,0.228,0.156,0.616
674500,0.218,0.153,0.629
675000,0.212,0.175,0.613
675500,0.214,0.172,0.614
676000,0.213,0.158,0.629
676500,0.220,0.162,0.618
677000,0.230,0.174,0.596
677500,0.218,0.157,0.625
678000,0.251,0.132,0.617
678500,0.243,0.130,0.627
679000,0.236,0.139,0.625
679500,0.246,0.127,0.627
680000,0.240,0.154,0.606
680500,0.226,0.145,0.629
681000,0.243,0.117,0.640
681500,0.257,0.118,0.625
682000,0.257,0.114,0.629
682500,0.262,0.114,0.624
683000,0.249,0.103,0.648
683500,0.268,0.094,0.638
684000,0.270,0.120,0.610
684500,0.254,0.130,0.616
685000,0.282,0.114,0.604
685500,0.283,0.111,0.606
686000,0.273,0.102,0.625
686500,0.279,0.114,0.607
687000,0.280,0.124,0.596
687500,0.282,0.099,0.619
688000,0.303,0.096,0.601
688500,0.297,0.096,0.607
689000,0.277,0.100,0.623
689500,0.284,0.115,0.601
690000,0.305,0.092,0.603
690500,0.315,0.092,0.593
691000,0.337,0.089,0.574
691500,0.359,0.069,0.572
692000,0.379,0.064,0.557
692500,0.372,0.070,0.558
693000,0.360,0.083,0.557
693500,0.321,0.086,0.593
694000,0.297,0.073,0.630
694500,0.312,0.096,0.592
695000,0.341,0.081,0.578
695500,0.324,0.112,0.564
696000,0.316,0.110,0.574
696500,0.295,0.102,0.603
697000,0.304,0.091,0.605
697500,0.275,0.097,0.628
698000,0.280,0.091,0.629
698500,0.259,0.114,0.627
699000,0.283,0.099,0.618
699500,0.274,0.088,0.638
700000,0.273,0.088,0.639
700500,0.302,0.106,0.592
701000,0.296,0.099,0.605
701500,0.288,0.115,0.597
702000,0.318,0.113,0.569
702500,0.312,0.114,0.574
703000,0.291,0.097,0.612
703500,0.279,0.112,0.609
704000,0.277,0.101,0.622
704500,0.271,0.127,0.602
705000,0.272,0.126,0.602
705500,0.283,0.114,0.603
706000,0.296,0.103,0.601
706500,0.305,0.088,0.607
707000,0.277,0.110,0.613
707500,0.267,0.133,0.600
708000,0.260,0.141,0.599
708500,0.233,0.140,0.627
709000,0.238,0.135,0.627
709500,0.206,0.150,0.644
710000,0.212,0.162,0.626
710500,0.202,0.162,0.636
711000,0.189,0.168,0.643
711500,0.199,0.142,0.659
712000,0.218,0.147,0.635
712500,0.240,0.138,0.622
713000,0.246,0.130,0.624
713500,0.258,0.136,0.606
714000,0.249,0.146,0.605
714500,0.250,0.125,0.625
715000,0.260,0.138,0.602
715500,0.241,0.133,0.626
716000,0.254,0.126,0.620
716500,0.258,0.120,0.622
717000,0.263,0.111,0.626
717500,0.254,0.114,0.632
718000,0.238,0.121,0.641
718500,0.248,0.108,0.644
719000,0.244,0.096,0.660
719500,0.258,0.103,0.639
720000,0.262,0.117,0.621
720500,0.267,0.103,0.630
721000,0.284,0.117,0.599
721500,0.260,0.109,0.631
722000,0.262,0.116,0.622
722500,0.255,0.129,0.616
723000,0.267,0.127,0.606
723500,0.274,0.102,0.624
724000,0.249,0.114,0.637
724500,0.261,0.123,0.616
725000,0.281,0.125,0.594
725500,0.280,0.101,0.619
726000,0.272,0.094,0.634
726500,0.291,0.103,0.606
727000,0.260,0.118,0.622
727500,0.255,0.145,0.600
728000,0.252,0.145,0.603
728500,0.248,0.135,0.617
729000,0.237,0.146,0.617
729500,0.234,0.139,0.627
730000,0.238,0.136,0.626
730500,0.246,0.149,0.605
731000,0.264,0.160,0.576
731500,0.265,0.128,0.607
732000,0.284,0.112,0.604
732500,0.278,0.123,0.599
733000,0.309,0.102,0.589
733500,0.290,0.090,0.620
734000,0.310,0.081,0.609
734500,0.311,0.078,0.611
735000,0.292,0.090,0.618
735500,0.310,0.076,0.614
736000,0.301,0.098,0.601
736500,0.291,0.084,0.625
737000,0.311,0.075,0.614
737500,0.315,0.067,0.618
738000,0.327,0.089,0.584
738500,0.326,0.075,0.599
739000,0.349,0.085,0.566
739500,0.349,0.060,0.591
740000,0.366,0.052,0.582
740500,0.350,0.055,0.595
741000,0.375,0.061,0.564
741500,0.356,0.078,0.566
742000,0.347,0.087,0.566
742500,0.342,0.078,0.580
743000,0.344,0.070,0.586
743500,0.363,0.078,0.559
744000,0.353,0.074,0.573
744500,0.354,0.078,0.568
745000,0.355,0.086,0.559
745500,0.302,0.092,0.606
746000,0.318,0.098,0.584
746500,0.302,0.087,0.611
747000,0.321,0.098,0.581
747500,0.301,0.091,0.608
748000,0.282,0.109,0.609
748500,0.266,0.107,0.627
749000,0.273,0.095,0.632
749500,0.266,0.095,0.639
750000,0.273,0.107,0.620
750500,0.263,0.118,0.619
751000,0.216,0.151,0.633
751500,0.235,0.121,0.644
752000,0.239,0.128,0.633
752500,0.249,0.111,0.640
753000,0.232,0.106,0.662
753500,0.224,0.139,0.637
754000,0.245,0.153,0.602
754500,0.232,0.156,0.612
755000,0.253,0.157,0.590
755500,0.255,0.134,0.611
756000,0.259,0.122,0.619
756500,0.262,0.125,0.613
757000,0.298,0.107,0.595
757500,0.279,0.098,0.623
758000,0.274,0.122,0.604
758500,0.259,0.118,0.623
759000,0.267,0.126,0.607
759500,0.257,0.126,0.617
760000,0.230,0.161,0.609
760500,0.243,0.143,0.614
761000,0.251,0.162,0.587
761500,0.270,0.128,0.602
762000,0.253,0.143,0.604
762500,0.281,0.134,0.585
763000,0.286,0.121,0.593
763500,0.295,0.110,0.595
764000,0.285,0.105,0.610
764500,0.306,0.097,0.597
765000,0.321,0.104,0.575
765500,0.292,0.117,0.591
766000,0.304,0.106,0.590
766500,0.299,0.086,0.615
767000,0.282,0.090,0.628
767500,0.282,0.094,0.624
768000,0.290,0.100,0.610
768500,0.273,0.099,0.628
769000,0.261,0.100,0.639
769500,0.275,0.106,0.619
770000,0.281,0.081,0.638
770500,0.320,0.070,0.610
771000,0.318,0.068,0.614
771500,0.321,0.080,0.599
772000,0.308,0.076,0.616
772500,0.300,0.077,0.623
773000,0.282,0.091,0.627
773500,0.260,0.101,0.639
774000,0.268,0.106,0.626
774500,0.250,0.121,0.629
775000,0.274,0.095,0.631
775500,0.289,0.117,0.594
776000,0.278,0.097,0.625
776500,0.310,0.093,0.597
777000,0.319,0.082,0.599
777500,0.316,0.077,0.607
778000,0.325,0.073,0.602
778500,0.297,0.088,0.615
779000,0.301,0.096,0.603
779500,0.286,0.102,0.612
780000,0.286,0.104,0.610
780500,0.262,0.100,0.638
781000,0.275,0.099,0.626
781500,0.273,0.106,0.621
782000,0.272,0.080,0.648
782500,0.275,0.078,0.647
783000,0.286,0.103,0.611
783500,0.264,0.115,0.621
784000,0.255,0.128,0.617
784500,0.240,0.122,0.638
785000,0.250,0.113,0.637
785500,0.230,0.122,0.648
786000,0.244,0.124,0.632
786500,0.231,0.132,0.637
787000,0.230,0.124,0.646
787500,0.238,0.117,0.645
788000,0.264,0.126,0.610
788500,0.295,0.117,0.588
789000,0.292,0.108,0.600
789500,0.275,0.112,0.613
790000,0.269,0.111,0.620
790500,0.243,0.132,0.625
791000,0.222,0.142,0.636
791500,0.241,0.114,0.645
792000,0.230,0.125,0.645
792500,0.271,0.133,0.596
793000,0.239,0.137,0.624
793500,0.230,0.133,0.637
794000,0.248,0.122,0.630
794500,0.260,0.121,0.619
795000,0.263,0.131,0.606
795500,0.275,0.131,0.594
796000,0.251,0.109,0.640
796500,0.248,0.110,0.642
797000,0.286,0.082,0.632
797500,0.278,0.092,0.630
798000,0.250,0.096,0.654
798500,0.248,0.091,0.661
799000,0.261,0.095,0.644
799500,0.282,0.084,0.634
800000,0.310,0.102,0.588
800500,0.286,0.099,0.615
801000,0.293,0.090,0.617
801500,0.297,0.093,0.610
802000,0.316,0.065,0.619
802500,0.297,0.072,0.631
803000,0.325,0.068,0.607
803500,0.321,0.091,0.588
804000,0.303,0.073,0.624
804500,0.345,0.078,0.577
805000,0.337,0.069,0.594
805500,0.320,0.097,0.583
806000,0.302,0.107,0.591
806500,0.290,0.094,0.616
807000,0.269,0.111,0.620
807500,0.261,0.122,0.617
808000,0.238,0.126,0.636
808500,0.258,0.103,0.639
809000,0.257,0.109,0.634
809500,0.259,0.110,0.631
810000,0.262,0.115,0.623
810500,0.261,0.118,0.621
811000,0.292,0.093,0.615
811500,0.299,0.073,0.628
812000,0.307,0.087,0.606
812500,0.281,0.110,0.609
813000,0.272,0.124,0.604
813500,0.279,0.124,0.597
814000,0.287,0.108,0.605
814500,0.265,0.099,0.636
815000,0.266,0.099,0.635
815500,0.286,0.100,0.614
816000,0.287,0.101,0.612
816500,0.287,0.120,0.593
817000,0.300,0.121,0.579
817500,0.278,0.101,0.621
818000,0.260,0.089,0.651
818500,0.255,0.103,0.642
819000,0.265,0.109,0.626
819500,0.269,0.130,0.601
820000,0.252,0.136,0.612
820500,0.275,0.127,0.598
821000,0.271,0.114,0.615
821500,0.280,0.109,0.611
822000,0.282,0.126,0.592
822500,0.256,0.097,0.647
823000,0.271,0.087,0.642
823500,0.267,0.105,0.628
824000,0.276,0.097,0.627
824500,0.295,0.097,0.608
825000,0.302,0.092,0.606
825500,0.300,0.092,0.608
826000,0.287,0.101,0.612
826500,0.301,0.105,0.594
827000,0.324,0.116,0.560
827500,0.314,0.089,0.597
828000,0.307,0.095,0.598
828500,0.310,0.083,0.607
829000,0.311,0.079,0.610
829500,0.348,0.083,0.569
830000,0.332,0.103,0.565
830500,0.325,0.089,0.586
831000,0.340,0.100,0.560
831500,0.364,0.084,0.552
832000,0.313,0.084,0.603
832500,0.288,0.093,0.619
833000,0.282,0.105,0.613
833500,0.267,0.127,0.606
834000,0.257,0.120,0.623
834500,0.270,0.125,0.605
835000,0.241,0.129,0.630
835500,0.232,0.119,0.649
836000,0.226,0.112,0.662
836500,0.225,0.127,0.648
837000,0.220,0.114,0.666
837500,0.227,0.141,0.632
838000,0.249,0.152,0.599
838500,0.253,0.111,0.636
839000,0.290,0.097,0.613
839500,0.287,0.099,0.614
840000,0.282,0.086,0.632
840500,0.278,0.082,0.640
841000,0.283,0.088,0.629
841500,0.305,0.089,0.606
842000,0.326,0.088,0.586
842500,0.305,0.084,0.611
843000,0.293,0.073,0.634
843500,0.322,0.081,0.597
844000,0.308,0.085,0.607
844500,0.299,0.095,0.606
845000,0.310,0.082,0.608
845500,0.344,0.087,0.569
846000,0.355,0.102,0.543
846500,0.324,0.122,0.554
847000,0.327,0.100,0.573
847500,0.323,0.095,0.582
848000,0.321,0.081,0.598
848500,0.322,0.065,0.613
849000,0.351,0.082,0.567
849500,0.315,0.097,0.588
850000,0.298,0.097,0.605
850500,0.295,0.100,0.605
851000,0.299,0.082,0.619
851500,0.319,0.101,0.580
852000,0.317,0.095,0.588
852500,0.303,0.115,0.582
853000,0.270,0.107,0.623
853500,0.279,0.111,0.610
854000,0.271,0.105,0.624
854500,0.288,0.118,0.594
855000,0.269,0.115,0.616
855500,0.259,0.116,0.625
856000,0.264,0.115,0.621
856500,0.233,0.120,0.647
857000,0.273,0.095,0.632
857500,0.271,0.078,0.651
858000,0.295,0.079,0.626
858500,0.293,0.090,0.617
859000,0.316,0.092,0.592
859500,0.311,0.091,0.598
860000,0.330,0.073,0.597
860500,0.339,0.049,0.612
861000,0.352,0.074,0.574
861500,0.362,0.077,0.561
862000,0.374,0.066,0.560
862500,0.362,0.041,0.597
863000,0.378,0.038,0.584
863500,0.354,0.053,0.593
864000,0.367,0.074,0.559
864500,0.358,0.050,0.592
865000,0.366,0.050,0.584
865500,0.390,0.052,0.558
866000,0.389,0.052,0.559
866500,0.359,0.073,0.568
867000,0.357,0.063,0.580
867500,0.344,0.078,0.578
868000,0.360,0.056,0.584
868500,0.367,0.068,0.565
869000,0.309,0.072,0.619
869500,0.327,0.078,0.595
870000,0.308,0.096,0.596
870500,0.293,0.095,0.612
871000,0.277,0.118,0.605
871500,0.306,0.096,0.598
872000,0.335,0.091,0.574
872500,0.313,0.079,0.608
873000,0.293,0.092,0.615
873500,0.294,0.101,0.605
874000,0.298,0.094,0.608
874500,0.313,0.099,0.588
875000,0.301,0.089,0.610
875500,0.299,0.085,0.616
876000,0.294,0.076,0.630
876500,0.274,0.105,0.621
877000,0.274,0.106,0.620
877500,0.262,0.109,0.629
878000,0.246,0.139,0.615
878500,0.218,0.118,0.664
879000,0.232,0.107,0.661
879500,0.232,0.114,0.654
880000,0.214,0.134,0.652
880500,0.217,0.126,0.657
881000,0.229,0.136,0.635
881500,0.238,0.128,0.634
882000,0.261,0.113,0.626
882500,0.268,0.106,0.626
883000,0.271,0.107,0.622
883500,0.267,0.099,0.634
884000,0.271,0.114,0.615
884500,0.261,0.098,0.641
885000,0.259,0.111,0.630
885500,0.262,0.116,0.622
886000,0.278,0.114,0.608
886500,0.277,0.110,0.613
887000,0.286,0.129,0.585
887500,0.268,0.119,0.613
888000,0.260,0.114,0.626
888500,0.273,0.099,0.628
889000,0.250,0.092,0.658
889500,0.262,0.094,0.644
890000,0.276,0.096,0.628
890500,0.282,0.092,0.626
891000,0.281,0.098,0.621
891500,0.242,0.101,0.657
892000,0.259,0.098,0.643
892500,0.263,0.110,0.627
893000,0.255,0.114,0.631
893500,0.300,0.105,0.595
894000,0.288,0.117,0.595
894500,0.266,0.119,0.615
895000,0.258,0.098,0.644
895500,0.260,0.096,0.644
896000,0.259,0.114,0.627
896500,0.264,0.108,0.628
897000,0.285,0.113,0.602
897500,0.287,0.098,0.615
898000,0.298,0.093,0.609
898500,0.297,0.075,0.628
899000,0.306,0.072,0.622
899500,0.304,0.075,0.621
900000,0.304,0.096,0.600
900500,0.291,0.133,0.576
901000,0.299,0.126,0.575
901500,0.296,0.094,0.610
902000,0.300,0.122,0.578
902500,0.273,0.123,0.604
903000,0.276,0.125,0.599
903500,0.271,0.111,0.618
904000,0.271,0.103,0.626
904500,0.273,0.101,0.626
905000,0.270,0.102,0.628
905500,0.258,0.092,0.650
906000,0.280,0.103,0.617
906500,0.268,0.116,0.616
907000,0.255,0.100,0.645
907500,0.251,0.099,0.650
908000,0.285,0.114,0.601
908500,0.272,0.115,0.613
909000,0.278,0.101,0.621
909500,0.281,0.100,0.619
910000,0.268,0.095,0.637
910500,0.280,0.082,0.638
911000,0.259,0.095,0.646
911500,0.254,0.109,0.637
912000,0.259,0.097,0.644
912500,0.216,0.133,0.651
913000,0.248,0.138,0.614
913500,0.225,0.125,0.650
914000,0.246,0.135,0.619
914500,0.240,0.131,0.629
915000,0.251,0.136,0.613
915500,0.281,0.126,0.593
916000,0.296,0.128,0.576
916500,0.291,0.116,0.593
917000,0.317,0.098,0.585
917500,0.322,0.093,0.585
918000,0.318,0.108,0.574
918500,0.298,0.090,0.612
919000,0.293,0.123,0.584
919500,0.283,0.104,0.613
920000,0.251,0.113,0.636
920500,0.268,0.108,0.624
921000,0.260,0.097,0.643
921500,0.271,0.094,0.635
922000,0.275,0.119,0.606
922500,0.282,0.110,0.608
923000,0.260,0.102,0.638
923500,0.264,0.092,0.644
924000,0.268,0.107,0.625
924500,0.246,0.113,0.641
925000,0.264,0.111,0.625
925500,0.261,0.110,0.629
926000,0.265,0.107,0.628
926500,0.268,0.098,0.634
927000,0.285,0.108,0.607
927500,0.271,0.108,0.621
928000,0.302,0.107,0.591
928500,0.330,0.093,0.577
929000,0.343,0.097,0.560
929500,0.338,0.100,0.562
930000,0.346,0.098,0.556
930500,0.320,0.099,0.581
931000,0.319,0.095,0.586
931500,0.303,0.093,0.604
932000,0.290,0.107,0.603
932500,0.271,0.119,0.610
933000,0.275,0.119,0.606
933500,0.279,0.109,0.612
934000,0.306,0.100,0.594
934500,0.296,0.090,0.614
935000,0.289,0.092,0.619
935500,0.317,0.091,0.592
936000,0.313,0.080,0.607
936500,0.296,0.078,0.626
937000,0.281,0.069,0.650
937500,0.260,0.091,0.649
938000,0.287,0.097,0.616
938500,0.266,0.098,0.636
939000,0.268,0.093,0.639
939500,0.258,0.102,0.640
940000,0.257,0.104,0.639
940500,0.289,0.098,0.613
941000,0.269,0.097,0.634
941500,0.292,0.094,0.614
942000,0.285,0.113,0.602
942500,0.295,0.109,0.596
943000,0.271,0.110,0.619
943500,0.289,0.092,0.619
944000,0.298,0.098,0.604
944500,0.301,0.097,0.602
945000,0.275,0.116,0.609
945500,0.289,0.127,0.584
946000,0.286,0.131,0.583
946500,0.306,0.122,0.572
947000,0.291,0.095,0.614
947500,0.301,0.097,0.602
948000,0.298,0.092,0.610
948500,0.295,0.092,0.613
949000,0.271,0.091,0.638
949500,0.278,0.100,0.622
950000,0.283,0.095,0.622
950500,0.260,0.109,0.631
951000,0.288,0.073,0.639
951500,0.334,0.060,0.606
952000,0.311,0.063,0.626
952500,0.302,0.072,0.626
953000,0.307,0.078,0.615
953500,0.321,0.088,0.591
954000,0.314,0.089,0.597
954500,0.302,0.105,0.593
955000,0.266,0.103,0.631
955500,0.317,0.102,0.581
956000,0.327,0.098,0.575
956500,0.320,0.119,0.561
957000,0.314,0.093,0.593
957500,0.298,0.096,0.606
958000,0.295,0.088,0.617
958500,0.329,0.077,0.594
959000,0.360,0.073,0.567
959500,0.333,0.086,0.581
960000,0.342,0.075,0.583
960500,0.337,0.060,0.603
961000,0.354,0.056,0.590
961500,0.374,0.055,0.571
962000,0.368,0.047,0.585
962500,0.388,0.043,0.569
963000,0.384,0.063,0.553
963500,0.382,0.061,0.557
964000,0.389,0.050,0.561
964500,0.384,0.037,0.579
965000,0.387,0.052,0.561
965500,0.363,0.067,0.570
966000,0.341,0.063,0.596
966500,0.344,0.059,0.597
967000,0.355,0.066,0.579
967500,0.355,0.077,0.568
968000,0.335,0.074,0.591
968500,0.348,0.070,0.582
969000,0.352,0.068,0.580
969500,0.338,0.070,0.592
970000,0.322,0.071,0.607
970500,0.309,0.077,0.614
971000,0.306,0.068,0.626
971500,0.317,0.051,0.632
972000,0.324,0.053,0.623
972500,0.338,0.045,0.617
973000,0.349,0.057,0.594
973500,0.363,0.063,0.574
974000,0.364,0.057,0.579
974500,0.390,0.043,0.567
975000,0.394,0.044,0.562
975500,0.376,0.067,0.557
976000,0.347,0.073,0.580
976500,0.352,0.082,0.566
977000,0.346,0.060,0.594
977500,0.354,0.087,0.559
978000,0.321,0.086,0.593
978500,0.310,0.092,0.598
979000,0.323,0.088,0.589
979500,0.300,0.070,0.630
980000,0.268,0.107,0.625
980500,0.263,0.092,0.645
981000,0.286,0.118,0.596
981500,0.269,0.110,0.621
982000,0.241,0.121,0.638
982500,0.230,0.120,0.650
983000,0.257,0.125,0.618
983500,0.262,0.143,0.595
984000,0.257,0.133,0.610
984500,0.226,0.159,0.615
985000,0.237,0.136,0.627
985500,0.233,0.153,0.614
986000,0.212,0.153,0.635
986500,0.220,0.143,0.637
987000,0.236,0.153,0.611
987500,0.224,0.173,0.603
988000,0.227,0.145,0.628
988500,0.210,0.156,0.634
989000,0.217,0.130,0.653
989500,0.237,0.122,0.641
990000,0.239,0.128,0.633
990500,0.258,0.124,0.618
991000,0.275,0.128,0.597
991500,0.276,0.103,0.621
992000,0.264,0.095,0.641
992500,0.245,0.121,0.634
993000,0.229,0.134,0.637
993500,0.242,0.132,0.626
994000,0.259,0.142,0.599
994500,0.266,0.127,0.607
995000,0.249,0.114,0.637
995500,0.247,0.094,0.659
996000,0.248,0.098,0.654
996500,0.252,0.090,0.658
997000,0.284,0.100,0.616
997500,0.278,0.108,0.614
998000,0.269,0.117,0.614
998500,0.274,0.110,0.616
999000,0.293,0.101,0.606
999500,0.280,0.103,0.617
1000000,0.303,0.088,0.609
