time,n_A+p,n_B,n_AB
500,0.030,0.957,0.013
1000,0.030,0.943,0.027
1500,0.030,0.932,0.038
2000,0.030,0.924,0.046
2500,0.030,0.902,0.068
3000,0.030,0.881,0.089
3500,0.030,0.863,0.107
4000,0.030,0.849,0.121
4500,0.032,0.844,0.125
5000,0.030,0.832,0.138
5500,0.030,0.815,0.155
6000,0.030,0.782,0.188
6500,0.030,0.760,0.210
7000,0.030,0.748,0.222
7500,0.034,0.737,0.229
8000,0.034,0.719,0.247
8500,0.033,0.713,0.255
9000,0.033,0.710,0.258
9500,0.032,0.697,0.271
10000,0.033,0.685,0.281
10500,0.034,0.673,0.292
11000,0.035,0.681,0.284
11500,0.036,0.657,0.306
12000,0.038,0.645,0.316
12500,0.041,0.628,0.331
13000,0.042,0.613,0.346
13500,0.041,0.590,0.370
14000,0.040,0.586,0.374
14500,0.043,0.584,0.374
15000,0.043,0.592,0.365
15500,0.041,0.591,0.368
16000,0.044,0.577,0.379
16500,0.045,0.585,0.370
17000,0.048,0.558,0.394
17500,0.051,0.539,0.410
18000,0.059,0.526,0.415
18500,0.070,0.503,0.426
19000,0.073,0.510,0.416
19500,0.070,0.490,0.440
20000,0.065,0.482,0.453
20500,0.072,0.457,0.472
21000,0.074,0.459,0.466
21500,0.079,0.454,0.467
22000,0.077,0.452,0.471
22500,0.079,0.436,0.485
23000,0.084,0.441,0.476
23500,0.078,0.423,0.499
24000,0.080,0.424,0.496
24500,0.087,0.404,0.508
25000,0.088,0.417,0.494
25500,0.086,0.409,0.505
26000,0.093,0.396,0.512
26500,0.086,0.398,0.516
27000,0.082,0.408,0.510
27500,0.091,0.405,0.504
28000,0.094,0.412,0.494
28500,0.096,0.396,0.508
29000,0.102,0.398,0.500
29500,0.095,0.411,0.494
30000,0.096,0.407,0.497
30500,0.104,0.419,0.476
31000,0.114,0.405,0.482
31500,0.106,0.386,0.507
32000,0.108,0.371,0.520
32500,0.114,0.358,0.528
33000,0.115,0.345,0.540
33500,0.118,0.334,0.548
34000,0.123,0.334,0.543
34500,0.129,0.333,0.538
35000,0.147,0.328,0.524
35500,0.139,0.323,0.539
36000,0.146,0.330,0.524
36500,0.141,0.318,0.541
37000,0.144,0.304,0.551
37500,0.154,0.305,0.540
38000,0.148,0.311,0.540
38500,0.145,0.308,0.546
39000,0.148,0.282,0.570
39500,0.151,0.292,0.556
40000,0.150,0.294,0.556
40500,0.160,0.290,0.550
41000,0.150,0.294,0.555
41500,0.154,0.293,0.552
42000,0.168,0.278,0.554
42500,0.173,0.288,0.538
43000,0.173,0.304,0.522
43500,0.171,0.293,0.536
44000,0.166,0.274,0.560
44500,0.175,0.276,0.549
45000,0.186,0.259,0.556
45500,0.177,0.260,0.563
46000,0.188,0.243,0.569
46500,0.205,0.245,0.550
47000,0.209,0.231,0.560
47500,0.211,0.217,0.571
48000,0.224,0.216,0.560
48500,0.228,0.220,0.552
49000,0.224,0.195,0.582
49500,0.234,0.192,0.575
50000,0.240,0.189,0.571
50500,0.261,0.191,0.548
51000,0.275,0.179,0.546
51500,0.279,0.152,0.569
52000,0.292,0.150,0.557
52500,0.305,0.148,0.547
53000,0.304,0.139,0.557
53500,0.298,0.142,0.560
54000,0.308,0.129,0.563
54500,0.312,0.130,0.558
55000,0.319,0.123,0.558
55500,0.315,0.128,0.557
56000,0.331,0.129,0.540
56500,0.328,0.108,0.563
57000,0.332,0.114,0.554
57500,0.337,0.122,0.541
58000,0.358,0.108,0.533
58500,0.374,0.106,0.520
59000,0.370,0.107,0.522
59500,0.384,0.090,0.526
60000,0.387,0.086,0.527
60500,0.392,0.076,0.533
61000,0.399,0.085,0.516
61500,0.393,0.081,0.526
62000,0.410,0.085,0.505
62500,0.415,0.081,0.504
63000,0.408,0.070,0.522
63500,0.418,0.070,0.512
64000,0.427,0.078,0.494
64500,0.430,0.067,0.503
65000,0.430,0.083,0.487
65500,0.410,0.084,0.506
66000,0.408,0.084,0.508
66500,0.425,0.071,0.504
67000,0.434,0.070,0.497
67500,0.424,0.064,0.512
68000,0.432,0.070,0.498
68500,0.452,0.078,0.470
69000,0.461,0.073,0.465
69500,0.464,0.066,0.471
70000,0.471,0.070,0.459
70500,0.442,0.064,0.494
71000,0.454,0.062,0.484
71500,0.466,0.058,0.476
72000,0.464,0.057,0.479
72500,0.479,0.051,0.470
73000,0.492,0.043,0.466
73500,0.498,0.048,0.455
74000,0.501,0.046,0.452
74500,0.513,0.044,0.442
75000,0.512,0.043,0.444
75500,0.519,0.042,0.440
76000,0.534,0.038,0.428
76500,0.547,0.033,0.420
77000,0.560,0.030,0.410
77500,0.571,0.028,0.401
78000,0.589,0.028,0.384
78500,0.581,0.023,0.396
79000,0.582,0.018,0.400
79500,0.579,0.018,0.403
80000,0.578,0.022,0.400
80500,0.580,0.028,0.392
81000,0.579,0.024,0.397
81500,0.592,0.020,0.388
82000,0.590,0.020,0.390
82500,0.594,0.028,0.379
83000,0.589,0.029,0.383
83500,0.594,0.022,0.384
84000,0.596,0.025,0.380
84500,0.596,0.028,0.376
85000,0.600,0.020,0.380
85500,0.617,0.021,0.362
86000,0.620,0.018,0.361
86500,0.623,0.022,0.355
87000,0.630,0.021,0.349
87500,0.628,0.023,0.349
88000,0.618,0.018,0.364
88500,0.623,0.016,0.361
89000,0.615,0.017,0.368
89500,0.612,0.020,0.368
90000,0.618,0.019,0.362
90500,0.630,0.016,0.354
91000,0.632,0.019,0.349
91500,0.640,0.019,0.341
92000,0.632,0.026,0.342
92500,0.635,0.022,0.343
93000,0.635,0.018,0.347
93500,0.631,0.011,0.358
94000,0.631,0.011,0.358
94500,0.628,0.018,0.354
95000,0.632,0.018,0.350
95500,0.629,0.016,0.355
96000,0.632,0.018,0.350
96500,0.630,0.018,0.352
97000,0.622,0.021,0.357
97500,0.604,0.020,0.376
98000,0.611,0.021,0.369
98500,0.603,0.017,0.380
99000,0.618,0.019,0.363
99500,0.617,0.015,0.369
100000,0.629,0.016,0.355
100500,0.622,0.014,0.364
101000,0.611,0.021,0.368
101500,0.622,0.024,0.354
102000,0.614,0.017,0.369
102500,0.619,0.016,0.365
103000,0.628,0.017,0.355
103500,0.638,0.011,0.350
104000,0.650,0.013,0.337
104500,0.652,0.010,0.338
105000,0.648,0.013,0.339
105500,0.629,0.013,0.357
106000,0.636,0.013,0.351
106500,0.639,0.013,0.348
107000,0.650,0.011,0.339
107500,0.629,0.014,0.357
108000,0.644,0.014,0.342
108500,0.646,0.019,0.334
109000,0.645,0.015,0.340
109500,0.636,0.016,0.348
110000,0.636,0.013,0.350
110500,0.635,0.015,0.350
111000,0.626,0.015,0.358
111500,0.630,0.018,0.351
112000,0.633,0.015,0.351
112500,0.641,0.013,0.345
113000,0.657,0.015,0.327
113500,0.661,0.016,0.323
114000,0.662,0.012,0.326
114500,0.657,0.013,0.329
115000,0.653,0.013,0.333
115500,0.646,0.010,0.344
116000,0.662,0.011,0.327
116500,0.676,0.011,0.313
117000,0.683,0.011,0.305
117500,0.679,0.009,0.312
118000,0.673,0.011,0.315
118500,0.678,0.010,0.312
119000,0.675,0.008,0.317
119500,0.684,0.012,0.304
120000,0.679,0.009,0.311
120500,0.681,0.009,0.310
121000,0.668,0.009,0.323
121500,0.663,0.009,0.328
122000,0.659,0.007,0.334
122500,0.666,0.009,0.325
123000,0.664,0.007,0.328
123500,0.664,0.006,0.329
124000,0.655,0.005,0.340
124500,0.659,0.007,0.333
125000,0.661,0.006,0.333
125500,0.665,0.004,0.331
126000,0.666,0.013,0.320
126500,0.657,0.011,0.331
127000,0.665,0.011,0.323
127500,0.664,0.013,0.322
128000,0.663,0.013,0.323
128500,0.654,0.018,0.327
129000,0.652,0.013,0.335
129500,0.646,0.013,0.341
130000,0.643,0.008,0.349
130500,0.638,0.008,0.354
131000,0.629,0.012,0.359
131500,0.640,0.013,0.347
132000,0.630,0.011,0.359
132500,0.636,0.013,0.351
133000,0.626,0.015,0.359
133500,0.631,0.015,0.354
134000,0.640,0.013,0.347
134500,0.634,0.019,0.347
135000,0.637,0.017,0.346
135500,0.640,0.017,0.343
136000,0.631,0.011,0.357
136500,0.639,0.009,0.352
137000,0.639,0.013,0.348
137500,0.641,0.015,0.344
138000,0.643,0.017,0.340
138500,0.651,0.013,0.336
139000,0.643,0.014,0.343
139500,0.633,0.013,0.354
140000,0.628,0.010,0.362
140500,0.642,0.013,0.344
141000,0.659,0.013,0.328
141500,0.662,0.011,0.327
142000,0.662,0.009,0.328
142500,0.672,0.006,0.321
143000,0.678,0.008,0.314
143500,0.680,0.008,0.311
144000,0.690,0.013,0.298
144500,0.686,0.013,0.301
145000,0.683,0.011,0.305
145500,0.699,0.011,0.290
146000,0.699,0.011,0.290
146500,0.690,0.009,0.301
147000,0.675,0.015,0.310
147500,0.669,0.013,0.318
148000,0.681,0.013,0.305
148500,0.685,0.011,0.304
149000,0.685,0.010,0.305
149500,0.685,0.008,0.306
150000,0.692,0.005,0.303
150500,0.684,0.006,0.310
151000,0.678,0.007,0.315
151500,0.662,0.009,0.329
152000,0.659,0.011,0.329
152500,0.653,0.010,0.337
153000,0.644,0.013,0.343
153500,0.652,0.010,0.338
154000,0.665,0.012,0.323
154500,0.665,0.013,0.322
155000,0.670,0.013,0.316
155500,0.657,0.015,0.328
156000,0.647,0.017,0.336
156500,0.652,0.018,0.329
157000,0.643,0.014,0.343
157500,0.631,0.019,0.349
158000,0.626,0.022,0.352
158500,0.619,0.023,0.358
159000,0.627,0.019,0.353
159500,0.633,0.021,0.346
160000,0.634,0.018,0.348
160500,0.640,0.015,0.344
161000,0.650,0.011,0.339
161500,0.653,0.015,0.332
162000,0.656,0.015,0.329
162500,0.657,0.013,0.330
163000,0.668,0.015,0.316
163500,0.660,0.018,0.322
164000,0.656,0.021,0.323
164500,0.636,0.016,0.348
165000,0.636,0.012,0.352
165500,0.648,0.017,0.335
166000,0.624,0.017,0.359
166500,0.630,0.018,0.351
167000,0.629,0.015,0.355
167500,0.645,0.013,0.342
168000,0.640,0.015,0.345
168500,0.633,0.011,0.356
169000,0.644,0.011,0.344
169500,0.661,0.015,0.324
170000,0.651,0.013,0.336
170500,0.638,0.011,0.350
171000,0.632,0.013,0.355
171500,0.633,0.009,0.358
172000,0.624,0.009,0.367
172500,0.634,0.009,0.356
173000,0.640,0.010,0.350
173500,0.644,0.015,0.341
174000,0.636,0.015,0.348
174500,0.640,0.014,0.346
175000,0.640,0.008,0.352
175500,0.657,0.005,0.337
176000,0.676,0.013,0.311
176500,0.653,0.009,0.338
177000,0.658,0.011,0.331
177500,0.657,0.013,0.330
178000,0.655,0.009,0.336
178500,0.666,0.008,0.326
179000,0.677,0.009,0.314
179500,0.676,0.008,0.316
180000,0.686,0.009,0.304
180500,0.693,0.007,0.300
181000,0.699,0.009,0.293
181500,0.707,0.012,0.281
182000,0.701,0.011,0.289
182500,0.702,0.015,0.283
183000,0.697,0.013,0.291
183500,0.697,0.010,0.293
184000,0.690,0.010,0.300
184500,0.691,0.008,0.301
185000,0.701,0.011,0.288
185500,0.699,0.013,0.289
186000,0.707,0.013,0.280
186500,0.707,0.011,0.283
187000,0.706,0.009,0.285
187500,0.707,0.011,0.282
188000,0.707,0.010,0.283
188500,0.714,0.006,0.280
189000,0.716,0.003,0.282
189500,0.735,0.003,0.263
190000,0.724,0.007,0.269
190500,0.721,0.005,0.274
191000,0.717,0.007,0.276
191500,0.715,0.007,0.278
192000,0.720,0.006,0.274
192500,0.714,0.005,0.281
193000,0.708,0.006,0.286
193500,0.700,0.005,0.295
194000,0.701,0.006,0.293
194500,0.709,0.006,0.285
195000,0.712,0.005,0.283
195500,0.715,0.007,0.278
196000,0.710,0.007,0.283
196500,0.719,0.004,0.277
197000,0.734,0.007,0.259
197500,0.733,0.004,0.263
198000,0.729,0.005,0.266
198500,0.718,0.003,0.280
199000,0.713,0.005,0.282
199500,0.711,0.002,0.288
200000,0.727,0.003,0.270
200500,0.731,0.002,0.268
201000,0.700,0.009,0.292
201500,0.700,0.006,0.294
202000,0.695,0.006,0.299
202500,0.699,0.006,0.295
203000,0.690,0.007,0.303
203500,0.702,0.006,0.292
204000,0.699,0.005,0.296
204500,0.696,0.003,0.301
205000,0.674,0.004,0.321
205500,0.674,0.009,0.316
206000,0.686,0.011,0.302
206500,0.681,0.015,0.304
207000,0.664,0.013,0.323
207500,0.651,0.011,0.337
208000,0.644,0.012,0.344
208500,0.652,0.013,0.334
209000,0.654,0.013,0.333
209500,0.660,0.011,0.329
210000,0.652,0.015,0.332
210500,0.664,0.015,0.320
211000,0.656,0.015,0.328
211500,0.670,0.016,0.314
212000,0.677,0.011,0.311
212500,0.671,0.009,0.320
213000,0.669,0.009,0.322
213500,0.663,0.009,0.328
214000,0.655,0.009,0.336
214500,0.644,0.013,0.342
215000,0.642,0.015,0.342
215500,0.641,0.016,0.343
216000,0.637,0.015,0.347
216500,0.626,0.015,0.359
217000,0.617,0.018,0.365
217500,0.622,0.013,0.364
218000,0.622,0.013,0.365
218500,0.613,0.015,0.372
219000,0.630,0.013,0.356
219500,0.632,0.012,0.356
220000,0.640,0.009,0.350
220500,0.651,0.013,0.335
221000,0.646,0.014,0.340
221500,0.669,0.014,0.317
222000,0.681,0.009,0.309
222500,0.674,0.011,0.315
223000,0.672,0.013,0.315
223500,0.649,0.013,0.337
224000,0.663,0.017,0.320
224500,0.667,0.013,0.319
225000,0.663,0.015,0.322
225500,0.660,0.013,0.327
226000,0.663,0.009,0.328
226500,0.668,0.009,0.322
227000,0.674,0.007,0.319
227500,0.669,0.011,0.320
228000,0.661,0.013,0.325
228500,0.661,0.009,0.329
229000,0.679,0.011,0.309
229500,0.673,0.013,0.313
230000,0.674,0.014,0.312
230500,0.668,0.013,0.319
231000,0.663,0.015,0.321
231500,0.647,0.016,0.337
232000,0.650,0.015,0.335
232500,0.657,0.009,0.333
233000,0.643,0.009,0.347
233500,0.653,0.007,0.339
234000,0.657,0.009,0.333
234500,0.662,0.009,0.328
235000,0.679,0.014,0.307
235500,0.689,0.015,0.297
236000,0.685,0.013,0.302
236500,0.692,0.009,0.299
237000,0.696,0.007,0.297
237500,0.696,0.006,0.298
238000,0.712,0.009,0.279
238500,0.720,0.007,0.273
239000,0.721,0.004,0.275
239500,0.734,0.005,0.261
240000,0.729,0.005,0.266
240500,0.714,0.007,0.279
241000,0.712,0.004,0.284
241500,0.716,0.008,0.276
242000,0.721,0.010,0.269
242500,0.730,0.015,0.256
243000,0.728,0.011,0.261
243500,0.721,0.009,0.271
244000,0.715,0.009,0.277
244500,0.722,0.009,0.269
245000,0.716,0.009,0.276
245500,0.721,0.008,0.271
246000,0.706,0.009,0.285
246500,0.693,0.007,0.300
247000,0.695,0.008,0.297
247500,0.703,0.007,0.290
248000,0.712,0.006,0.282
248500,0.695,0.003,0.302
249000,0.693,0.002,0.305
249500,0.697,0.003,0.301
250000,0.697,0.007,0.296
250500,0.688,0.007,0.305
251000,0.692,0.007,0.301
251500,0.688,0.005,0.307
252000,0.715,0.007,0.278
252500,0.708,0.004,0.288
253000,0.707,0.003,0.290
253500,0.705,0.004,0.292
254000,0.688,0.005,0.307
254500,0.683,0.005,0.311
255000,0.674,0.007,0.319
255500,0.672,0.008,0.320
256000,0.679,0.007,0.313
256500,0.653,0.005,0.341
257000,0.632,0.009,0.359
257500,0.634,0.006,0.360
258000,0.644,0.005,0.351
258500,0.663,0.004,0.333
259000,0.667,0.008,0.325
259500,0.657,0.010,0.333
260000,0.660,0.007,0.332
260500,0.663,0.009,0.328
261000,0.676,0.008,0.316
261500,0.675,0.011,0.314
262000,0.675,0.009,0.316
262500,0.669,0.009,0.321
263000,0.663,0.008,0.329
263500,0.671,0.011,0.317
264000,0.663,0.011,0.326
264500,0.653,0.018,0.329
265000,0.658,0.011,0.331
265500,0.646,0.012,0.342
266000,0.628,0.013,0.359
266500,0.618,0.013,0.369
267000,0.618,0.013,0.369
267500,0.620,0.015,0.365
268000,0.622,0.013,0.365
268500,0.626,0.011,0.363
269000,0.640,0.011,0.349
269500,0.624,0.015,0.361
270000,0.625,0.014,0.361
270500,0.634,0.015,0.351
271000,0.637,0.015,0.348
271500,0.634,0.015,0.351
272000,0.639,0.015,0.346
272500,0.640,0.017,0.343
273000,0.650,0.017,0.333
273500,0.647,0.014,0.339
274000,0.642,0.014,0.344
274500,0.639,0.015,0.346
275000,0.652,0.011,0.336
275500,0.651,0.013,0.335
276000,0.651,0.013,0.335
276500,0.637,0.020,0.343
277000,0.630,0.021,0.349
277500,0.635,0.016,0.349
278000,0.610,0.017,0.374
278500,0.615,0.012,0.373
279000,0.618,0.009,0.372
279500,0.616,0.011,0.373
280000,0.622,0.018,0.361
280500,0.618,0.015,0.367
281000,0.640,0.015,0.345
281500,0.645,0.014,0.341
282000,0.633,0.013,0.353
282500,0.621,0.013,0.365
283000,0.612,0.020,0.368
283500,0.592,0.024,0.385
284000,0.604,0.024,0.372
284500,0.599,0.018,0.384
285000,0.596,0.018,0.386
285500,0.609,0.018,0.372
286000,0.608,0.013,0.379
286500,0.619,0.013,0.369
287000,0.636,0.011,0.353
287500,0.636,0.017,0.347
288000,0.618,0.021,0.361
288500,0.624,0.021,0.355
289000,0.634,0.018,0.348
289500,0.635,0.019,0.345
290000,0.633,0.018,0.349
290500,0.629,0.019,0.352
291000,0.647,0.020,0.333
291500,0.642,0.021,0.336
292000,0.662,0.013,0.325
292500,0.656,0.015,0.328
293000,0.670,0.015,0.314
293500,0.669,0.013,0.318
294000,0.665,0.018,0.317
294500,0.660,0.013,0.327
295000,0.662,0.015,0.322
295500,0.649,0.014,0.337
296000,0.643,0.013,0.343
296500,0.657,0.018,0.325
297000,0.661,0.013,0.325
297500,0.652,0.012,0.336
298000,0.640,0.016,0.344
298500,0.637,0.015,0.348
299000,0.640,0.012,0.348
299500,0.654,0.012,0.334
300000,0.660,0.015,0.325
300500,0.668,0.015,0.317
301000,0.668,0.014,0.318
301500,0.666,0.013,0.321
302000,0.679,0.005,0.315
302500,0.687,0.009,0.304
303000,0.688,0.011,0.302
303500,0.674,0.009,0.316
304000,0.680,0.010,0.309
304500,0.677,0.011,0.312
305000,0.684,0.011,0.305
305500,0.679,0.010,0.311
306000,0.675,0.007,0.318
306500,0.679,0.007,0.314
307000,0.678,0.007,0.314
307500,0.692,0.006,0.302
308000,0.686,0.006,0.307
308500,0.672,0.005,0.322
309000,0.667,0.010,0.323
309500,0.666,0.011,0.323
310000,0.663,0.010,0.327
310500,0.664,0.013,0.323
311000,0.663,0.013,0.323
311500,0.664,0.013,0.323
312000,0.666,0.013,0.321
312500,0.668,0.011,0.320
313000,0.659,0.017,0.324
313500,0.670,0.013,0.316
314000,0.681,0.013,0.305
314500,0.675,0.009,0.316
315000,0.684,0.009,0.307
315500,0.686,0.009,0.304
316000,0.699,0.010,0.291
316500,0.710,0.010,0.280
317000,0.714,0.011,0.276
317500,0.709,0.008,0.283
318000,0.708,0.009,0.283
318500,0.724,0.007,0.269
319000,0.722,0.004,0.274
319500,0.713,0.005,0.282
320000,0.705,0.004,0.291
320500,0.681,0.004,0.314
321000,0.675,0.004,0.321
321500,0.659,0.004,0.337
322000,0.657,0.009,0.334
322500,0.652,0.009,0.338
323000,0.659,0.008,0.333
323500,0.666,0.013,0.321
324000,0.668,0.014,0.318
324500,0.665,0.013,0.322
325000,0.657,0.011,0.331
325500,0.654,0.009,0.336
326000,0.655,0.013,0.332
326500,0.677,0.012,0.311
327000,0.653,0.017,0.330
327500,0.648,0.013,0.338
328000,0.647,0.013,0.340
328500,0.662,0.012,0.326
329000,0.672,0.013,0.315
329500,0.689,0.011,0.300
330000,0.700,0.010,0.290
330500,0.711,0.007,0.282
331000,0.726,0.005,0.269
331500,0.719,0.005,0.276
332000,0.729,0.004,0.268
332500,0.712,0.004,0.284
333000,0.723,0.009,0.268
333500,0.710,0.011,0.279
334000,0.708,0.006,0.286
334500,0.695,0.007,0.298
335000,0.693,0.005,0.302
335500,0.708,0.004,0.288
336000,0.710,0.005,0.285
336500,0.718,0.005,0.277
337000,0.720,0.005,0.275
337500,0.720,0.004,0.276
338000,0.721,0.005,0.274
338500,0.721,0.005,0.274
339000,0.720,0.007,0.273
339500,0.719,0.010,0.271
340000,0.736,0.007,0.257
340500,0.733,0.006,0.261
341000,0.734,0.006,0.260
341500,0.749,0.004,0.246
342000,0.743,0.006,0.251
342500,0.729,0.005,0.266
343000,0.727,0.004,0.270
343500,0.729,0.004,0.268
344000,0.721,0.005,0.274
344500,0.723,0.005,0.272
345000,0.729,0.008,0.263
345500,0.726,0.005,0.269
346000,0.716,0.005,0.279
346500,0.717,0.002,0.282
347000,0.727,0.001,0.273
347500,0.721,0.004,0.276
348000,0.717,0.006,0.277
348500,0.724,0.007,0.269
349000,0.722,0.007,0.271
349500,0.728,0.005,0.267
350000,0.731,0.005,0.264
350500,0.721,0.004,0.275
351000,0.719,0.008,0.273
351500,0.705,0.008,0.287
352000,0.694,0.006,0.300
352500,0.686,0.007,0.307
353000,0.686,0.007,0.307
353500,0.688,0.011,0.302
354000,0.696,0.011,0.293
354500,0.700,0.009,0.291
355000,0.703,0.008,0.289
355500,0.698,0.007,0.295
356000,0.704,0.009,0.288
356500,0.708,0.006,0.286
357000,0.702,0.004,0.294
357500,0.698,0.004,0.298
358000,0.693,0.004,0.303
358500,0.695,0.006,0.299
359000,0.693,0.006,0.301
359500,0.679,0.005,0.315
360000,0.693,0.005,0.302
360500,0.695,0.004,0.301
361000,0.691,0.004,0.305
361500,0.686,0.004,0.310
362000,0.688,0.011,0.301
362500,0.695,0.010,0.295
363000,0.698,0.014,0.288
363500,0.700,0.012,0.288
364000,0.695,0.009,0.297
364500,0.715,0.007,0.278
365000,0.723,0.007,0.270
365500,0.720,0.006,0.274
366000,0.714,0.008,0.278
366500,0.710,0.007,0.283
367000,0.707,0.008,0.285
367500,0.704,0.011,0.286
368000,0.711,0.009,0.280
368500,0.697,0.008,0.295
369000,0.693,0.007,0.300
369500,0.680,0.006,0.314
370000,0.682,0.009,0.308
370500,0.681,0.009,0.310
371000,0.680,0.007,0.312
371500,0.693,0.006,0.301
372000,0.708,0.006,0.286
372500,0.717,0.005,0.278
373000,0.721,0.003,0.276
373500,0.716,0.006,0.278
374000,0.714,0.006,0.280
374500,0.718,0.009,0.273
375000,0.708,0.013,0.279
375500,0.708,0.011,0.282
376000,0.709,0.011,0.280
376500,0.714,0.011,0.275
377000,0.701,0.011,0.289
377500,0.709,0.008,0.283
378000,0.697,0.007,0.296
378500,0.706,0.004,0.291
379000,0.699,0.004,0.297
379500,0.699,0.006,0.295
380000,0.695,0.003,0.302
380500,0.685,0.004,0.311
381000,0.694,0.004,0.302
381500,0.680,0.004,0.316
382000,0.675,0.006,0.318
382500,0.687,0.011,0.301
383000,0.680,0.008,0.311
383500,0.673,0.007,0.320
384000,0.667,0.007,0.326
384500,0.672,0.009,0.319
385000,0.690,0.009,0.301
385500,0.683,0.013,0.304
386000,0.697,0.009,0.294
386500,0.701,0.008,0.291
387000,0.701,0.009,0.291
387500,0.690,0.008,0.302
388000,0.697,0.004,0.299
388500,0.699,0.005,0.296
389000,0.698,0.004,0.299
389500,0.696,0.004,0.300
390000,0.696,0.006,0.298
390500,0.685,0.007,0.307
391000,0.684,0.011,0.305
391500,0.686,0.011,0.303
392000,0.694,0.011,0.295
392500,0.699,0.011,0.291
393000,0.701,0.007,0.292
393500,0.692,0.006,0.302
394000,0.681,0.005,0.314
394500,0.690,0.007,0.303
395000,0.685,0.008,0.307
395500,0.675,0.008,0.317
396000,0.677,0.008,0.315
396500,0.678,0.008,0.314
397000,0.679,0.004,0.317
397500,0.685,0.005,0.309
398000,0.679,0.007,0.314
398500,0.691,0.009,0.300
399000,0.693,0.007,0.300
399500,0.696,0.008,0.296
400000,0.705,0.007,0.288
400500,0.685,0.009,0.306
401000,0.679,0.005,0.315
401500,0.671,0.005,0.323
402000,0.671,0.007,0.322
402500,0.661,0.011,0.327
403000,0.668,0.014,0.318
403500,0.675,0.018,0.306
404000,0.672,0.016,0.312
404500,0.665,0.011,0.324
405000,0.660,0.009,0.331
405500,0.653,0.010,0.337
406000,0.661,0.011,0.328
406500,0.665,0.009,0.325
407000,0.676,0.011,0.313
407500,0.666,0.012,0.322
408000,0.661,0.020,0.319
408500,0.657,0.022,0.321
409000,0.659,0.022,0.318
409500,0.642,0.019,0.339
410000,0.647,0.017,0.336
410500,0.646,0.017,0.337
411000,0.653,0.020,0.327
411500,0.654,0.016,0.330
412000,0.667,0.013,0.319
412500,0.657,0.013,0.329
413000,0.664,0.011,0.325
413500,0.664,0.016,0.320
414000,0.682,0.015,0.302
414500,0.669,0.010,0.321
415000,0.670,0.009,0.321
415500,0.663,0.011,0.326
416000,0.661,0.009,0.330
416500,0.648,0.006,0.346
417000,0.653,0.011,0.335
417500,0.659,0.011,0.330
418000,0.646,0.014,0.340
418500,0.646,0.013,0.340
419000,0.657,0.013,0.329
419500,0.647,0.015,0.338
420000,0.645,0.016,0.339
420500,0.632,0.014,0.354
421000,0.618,0.011,0.371
421500,0.624,0.015,0.362
422000,0.624,0.010,0.366
422500,0.641,0.008,0.351
423000,0.630,0.007,0.363
423500,0.647,0.011,0.342
424000,0.650,0.016,0.334
424500,0.647,0.018,0.335
425000,0.659,0.018,0.322
425500,0.651,0.011,0.337
426000,0.646,0.012,0.342
426500,0.638,0.013,0.348
427000,0.616,0.018,0.367
427500,0.612,0.017,0.371
428000,0.626,0.019,0.355
428500,0.636,0.018,0.346
429000,0.625,0.018,0.357
429500,0.632,0.018,0.350
430000,0.636,0.018,0.345
430500,0.643,0.018,0.338
431000,0.627,0.017,0.356
431500,0.623,0.018,0.358
432000,0.614,0.018,0.369
432500,0.626,0.018,0.356
433000,0.646,0.013,0.341
433500,0.631,0.017,0.352
434000,0.640,0.016,0.344
434500,0.633,0.015,0.352
435000,0.647,0.009,0.344
435500,0.646,0.013,0.341
436000,0.655,0.013,0.332
436500,0.661,0.012,0.327
437000,0.657,0.013,0.329
437500,0.658,0.016,0.326
438000,0.647,0.014,0.339
438500,0.640,0.012,0.348
439000,0.625,0.013,0.362
439500,0.631,0.013,0.356
440000,0.643,0.011,0.345
440500,0.649,0.020,0.331
441000,0.647,0.025,0.328
441500,0.631,0.020,0.349
442000,0.652,0.015,0.333
442500,0.654,0.016,0.330
443000,0.653,0.017,0.330
443500,0.655,0.018,0.326
444000,0.648,0.016,0.336
444500,0.646,0.020,0.334
445000,0.653,0.011,0.336
445500,0.652,0.009,0.339
446000,0.650,0.008,0.342
446500,0.657,0.009,0.334
447000,0.651,0.012,0.337
447500,0.635,0.017,0.348
448000,0.645,0.019,0.335
448500,0.628,0.022,0.349
449000,0.636,0.018,0.345
449500,0.634,0.019,0.347
450000,0.636,0.015,0.349
450500,0.650,0.015,0.335
451000,0.641,0.018,0.341
451500,0.642,0.013,0.345
452000,0.647,0.011,0.341
452500,0.634,0.011,0.354
453000,0.649,0.011,0.340
453500,0.643,0.010,0.347
454000,0.658,0.011,0.331
454500,0.651,0.009,0.339
455000,0.661,0.011,0.328
455500,0.671,0.013,0.315
456000,0.656,0.011,0.333
456500,0.682,0.016,0.301
457000,0.685,0.018,0.297
457500,0.680,0.011,0.308
458000,0.665,0.008,0.327
458500,0.689,0.007,0.304
459000,0.694,0.011,0.295
459500,0.681,0.013,0.305
460000,0.680,0.012,0.307
460500,0.678,0.018,0.303
461000,0.684,0.013,0.303
461500,0.701,0.011,0.289
462000,0.705,0.012,0.283
462500,0.716,0.011,0.273
463000,0.713,0.007,0.280
463500,0.726,0.004,0.271
464000,0.734,0.004,0.262
464500,0.735,0.003,0.263
465000,0.739,0.004,0.257
465500,0.736,0.003,0.262
466000,0.741,0.004,0.256
466500,0.737,0.003,0.260
467000,0.749,0.002,0.249
467500,0.743,0.003,0.254
468000,0.730,0.005,0.265
468500,0.713,0.004,0.283
469000,0.723,0.006,0.271
469500,0.729,0.003,0.269
470000,0.731,0.004,0.265
470500,0.746,0.005,0.249
471000,0.743,0.004,0.253
471500,0.750,0.004,0.246
472000,0.740,0.003,0.258
472500,0.739,0.003,0.258
473000,0.740,0.004,0.257
473500,0.743,0.007,0.250
474000,0.740,0.007,0.253
474500,0.737,0.004,0.259
475000,0.734,0.004,0.262
475500,0.728,0.004,0.268
476000,0.725,0.002,0.273
476500,0.725,0.002,0.274
477000,0.725,0.004,0.271
477500,0.737,0.003,0.260
478000,0.728,0.004,0.268
478500,0.734,0.001,0.265
479000,0.729,0.002,0.269
479500,0.730,0.006,0.264
480000,0.726,0.009,0.265
480500,0.726,0.009,0.265
481000,0.735,0.005,0.260
481500,0.732,0.007,0.261
482000,0.709,0.005,0.286
482500,0.719,0.009,0.272
483000,0.700,0.011,0.290
483500,0.708,0.009,0.284
484000,0.718,0.005,0.277
484500,0.725,0.006,0.269
485000,0.726,0.006,0.268
485500,0.730,0.004,0.267
486000,0.724,0.005,0.271
486500,0.717,0.006,0.277
487000,0.717,0.009,0.274
487500,0.719,0.006,0.275
488000,0.724,0.005,0.271
488500,0.718,0.009,0.274
489000,0.716,0.007,0.277
489500,0.712,0.006,0.282
490000,0.720,0.009,0.271
490500,0.713,0.007,0.280
491000,0.709,0.009,0.283
491500,0.712,0.008,0.280
492000,0.711,0.011,0.279
492500,0.703,0.009,0.288
493000,0.708,0.009,0.283
493500,0.709,0.006,0.285
494000,0.714,0.006,0.280
494500,0.704,0.008,0.288
495000,0.695,0.006,0.299
495500,0.703,0.006,0.291
496000,0.724,0.005,0.271
496500,0.721,0.005,0.274
497000,0.724,0.004,0.272
497500,0.716,0.003,0.281
498000,0.727,0.004,0.270
498500,0.721,0.003,0.276
499000,0.701,0.006,0.293
499500,0.693,0.007,0.300
500000,0.692,0.005,0.303
500500,0.684,0.009,0.307
501000,0.666,0.009,0.325
501500,0.684,0.015,0.301
502000,0.687,0.013,0.299
502500,0.707,0.014,0.279
503000,0.701,0.012,0.287
503500,0.710,0.005,0.285
504000,0.708,0.001,0.292
504500,0.714,0.004,0.283
505000,0.711,0.003,0.286
505500,0.735,0.003,0.263
506000,0.734,0.002,0.264
506500,0.741,0.004,0.256
507000,0.737,0.005,0.258
507500,0.749,0.006,0.245
508000,0.751,0.004,0.244
508500,0.726,0.005,0.269
509000,0.737,0.005,0.258
509500,0.735,0.004,0.262
510000,0.735,0.004,0.262
510500,0.732,0.004,0.264
511000,0.729,0.005,0.266
511500,0.722,0.003,0.275
512000,0.719,0.008,0.273
512500,0.722,0.009,0.269
513000,0.708,0.013,0.279
513500,0.723,0.009,0.269
514000,0.729,0.007,0.264
514500,0.733,0.004,0.263
515000,0.736,0.004,0.260
515500,0.731,0.002,0.268
516000,0.719,0.002,0.280
516500,0.721,0.002,0.278
517000,0.734,0.004,0.262
517500,0.727,0.005,0.268
518000,0.706,0.005,0.289
518500,0.694,0.004,0.302
519000,0.688,0.004,0.308
519500,0.686,0.009,0.304
520000,0.707,0.006,0.287
520500,0.709,0.008,0.283
521000,0.716,0.007,0.277
521500,0.713,0.009,0.278
522000,0.717,0.013,0.270
522500,0.721,0.016,0.263
523000,0.725,0.013,0.263
523500,0.722,0.011,0.267
524000,0.735,0.009,0.257
524500,0.728,0.008,0.264
525000,0.738,0.005,0.257
525500,0.728,0.004,0.268
526000,0.733,0.004,0.263
526500,0.720,0.004,0.276
527000,0.714,0.005,0.281
527500,0.717,0.005,0.278
528000,0.721,0.010,0.269
528500,0.701,0.009,0.291
529000,0.697,0.011,0.293
529500,0.701,0.015,0.284
530000,0.699,0.013,0.288
530500,0.708,0.010,0.282
531000,0.716,0.009,0.275
531500,0.719,0.009,0.273
532000,0.716,0.006,0.278
532500,0.709,0.007,0.284
533000,0.712,0.006,0.282
533500,0.720,0.004,0.276
534000,0.720,0.005,0.275
534500,0.718,0.007,0.275
535000,0.728,0.010,0.262
535500,0.725,0.009,0.266
536000,0.716,0.004,0.280
536500,0.728,0.004,0.268
537000,0.730,0.004,0.266
537500,0.731,0.004,0.265
538000,0.719,0.004,0.277
538500,0.702,0.004,0.294
539000,0.698,0.004,0.299
539500,0.680,0.002,0.318
540000,0.689,0.002,0.310
540500,0.693,0.001,0.306
541000,0.680,0.005,0.314
541500,0.679,0.008,0.312
542000,0.670,0.009,0.320
542500,0.675,0.011,0.313
543000,0.674,0.009,0.317
543500,0.664,0.011,0.324
544000,0.678,0.011,0.310
544500,0.666,0.015,0.319
545000,0.673,0.013,0.313
545500,0.672,0.008,0.320
546000,0.656,0.009,0.335
546500,0.667,0.009,0.324
547000,0.669,0.007,0.324
547500,0.652,0.009,0.339
548000,0.659,0.012,0.329
548500,0.666,0.007,0.326
549000,0.660,0.013,0.327
549500,0.653,0.011,0.335
550000,0.651,0.013,0.336
550500,0.650,0.010,0.340
551000,0.656,0.009,0.334
551500,0.665,0.012,0.323
552000,0.651,0.013,0.336
552500,0.642,0.015,0.343
553000,0.649,0.011,0.340
553500,0.653,0.013,0.333
554000,0.654,0.015,0.331
554500,0.647,0.018,0.335
555000,0.647,0.014,0.339
555500,0.652,0.017,0.331
556000,0.659,0.020,0.321
556500,0.656,0.015,0.328
557000,0.660,0.013,0.327
557500,0.658,0.010,0.332
558000,0.666,0.007,0.326
558500,0.666,0.006,0.328
559000,0.662,0.004,0.333
559500,0.657,0.011,0.332
560000,0.663,0.015,0.322
560500,0.671,0.011,0.318
561000,0.675,0.008,0.317
561500,0.672,0.013,0.315
562000,0.668,0.013,0.319
562500,0.674,0.009,0.316
563000,0.667,0.009,0.324
563500,0.675,0.007,0.318
564000,0.681,0.009,0.309
564500,0.694,0.012,0.294
565000,0.694,0.012,0.294
565500,0.699,0.013,0.289
566000,0.692,0.011,0.298
566500,0.676,0.007,0.317
567000,0.684,0.005,0.311
567500,0.682,0.005,0.312
568000,0.697,0.003,0.300
568500,0.700,0.004,0.296
569000,0.700,0.008,0.292
569500,0.685,0.006,0.308
570000,0.693,0.005,0.302
570500,0.675,0.004,0.320
571000,0.669,0.006,0.324
571500,0.671,0.005,0.324
572000,0.662,0.005,0.333
572500,0.666,0.006,0.327
573000,0.675,0.005,0.319
573500,0.689,0.005,0.306
574000,0.692,0.005,0.303
574500,0.697,0.005,0.298
575000,0.701,0.007,0.292
575500,0.700,0.007,0.293
576000,0.684,0.011,0.304
576500,0.674,0.015,0.310
577000,0.692,0.015,0.293
577500,0.681,0.013,0.306
578000,0.672,0.009,0.319
578500,0.672,0.011,0.317
579000,0.679,0.009,0.312
579500,0.670,0.009,0.320
580000,0.678,0.010,0.312
580500,0.672,0.012,0.316
581000,0.668,0.013,0.319
581500,0.670,0.013,0.317
582000,0.660,0.009,0.331
582500,0.653,0.008,0.339
583000,0.660,0.012,0.328
583500,0.669,0.015,0.316
584000,0.658,0.015,0.327
584500,0.676,0.017,0.307
585000,0.681,0.019,0.300
585500,0.693,0.017,0.291
586000,0.695,0.017,0.289
586500,0.672,0.017,0.311
587000,0.653,0.016,0.331
587500,0.663,0.018,0.319
588000,0.641,0.019,0.339
588500,0.649,0.014,0.337
589000,0.639,0.009,0.352
589500,0.633,0.011,0.356
590000,0.633,0.008,0.359
590500,0.637,0.011,0.352
591000,0.638,0.013,0.349
591500,0.628,0.013,0.359
592000,0.633,0.015,0.352
592500,0.655,0.014,0.331
593000,0.637,0.013,0.350
593500,0.630,0.015,0.354
594000,0.627,0.015,0.358
594500,0.623,0.018,0.359
595000,0.630,0.015,0.355
595500,0.636,0.015,0.349
596000,0.639,0.011,0.349
596500,0.631,0.011,0.358
597000,0.627,0.012,0.361
597500,0.625,0.015,0.360
598000,0.622,0.016,0.362
598500,0.643,0.013,0.344
599000,0.655,0.009,0.336
599500,0.653,0.007,0.339
600000,0.642,0.007,0.350
600500,0.642,0.009,0.348
601000,0.650,0.012,0.338
601500,0.653,0.009,0.337
602000,0.642,0.010,0.348
602500,0.638,0.013,0.349
603000,0.639,0.015,0.346
603500,0.633,0.013,0.354
604000,0.635,0.019,0.345
604500,0.634,0.016,0.350
605000,0.612,0.015,0.373
605500,0.609,0.015,0.376
606000,0.598,0.014,0.388
606500,0.607,0.015,0.379
607000,0.614,0.015,0.371
607500,0.625,0.017,0.358
608000,0.619,0.013,0.368
608500,0.607,0.013,0.380
609000,0.615,0.015,0.370
609500,0.616,0.015,0.370
610000,0.609,0.018,0.373
610500,0.615,0.013,0.371
611000,0.621,0.016,0.363
611500,0.611,0.013,0.377
612000,0.620,0.007,0.373
612500,0.617,0.011,0.372
613000,0.628,0.012,0.360
613500,0.635,0.008,0.357
614000,0.638,0.008,0.354
614500,0.637,0.013,0.350
615000,0.623,0.019,0.357
615500,0.613,0.018,0.370
616000,0.600,0.013,0.387
616500,0.591,0.011,0.399
617000,0.589,0.015,0.396
617500,0.603,0.015,0.382
618000,0.624,0.017,0.359
618500,0.633,0.014,0.353
619000,0.634,0.013,0.352
619500,0.636,0.016,0.348
620000,0.619,0.015,0.366
620500,0.636,0.017,0.347
621000,0.631,0.017,0.352
621500,0.646,0.017,0.337
622000,0.646,0.013,0.340
622500,0.633,0.017,0.350
623000,0.633,0.017,0.350
623500,0.641,0.018,0.341
624000,0.661,0.017,0.322
624500,0.658,0.014,0.328
625000,0.661,0.011,0.327
625500,0.661,0.012,0.327
626000,0.638,0.011,0.351
626500,0.650,0.017,0.333
627000,0.656,0.015,0.328
627500,0.665,0.015,0.320
628000,0.655,0.008,0.337
628500,0.648,0.013,0.339
629000,0.650,0.018,0.332
629500,0.645,0.013,0.342
630000,0.644,0.013,0.342
630500,0.639,0.019,0.342
631000,0.634,0.018,0.348
631500,0.629,0.018,0.353
632000,0.611,0.016,0.373
632500,0.614,0.009,0.377
633000,0.618,0.009,0.373
633500,0.610,0.015,0.375
634000,0.599,0.018,0.383
634500,0.601,0.016,0.383
635000,0.585,0.021,0.395
635500,0.595,0.025,0.381
636000,0.612,0.024,0.365
636500,0.618,0.020,0.362
637000,0.621,0.015,0.364
637500,0.625,0.014,0.361
638000,0.613,0.013,0.374
638500,0.619,0.018,0.363
639000,0.603,0.016,0.381
639500,0.617,0.019,0.364
640000,0.639,0.018,0.342
640500,0.647,0.020,0.333
641000,0.656,0.017,0.327
641500,0.652,0.013,0.335
642000,0.655,0.011,0.333
642500,0.654,0.009,0.337
643000,0.654,0.013,0.333
643500,0.658,0.013,0.329
644000,0.661,0.013,0.326
644500,0.652,0.013,0.334
645000,0.655,0.013,0.331
645500,0.642,0.011,0.347
646000,0.662,0.008,0.330
646500,0.662,0.004,0.334
647000,0.675,0.007,0.318
647500,0.672,0.006,0.322
648000,0.682,0.005,0.312
648500,0.682,0.005,0.313
649000,0.670,0.003,0.327
649500,0.674,0.005,0.320
650000,0.657,0.011,0.331
650500,0.653,0.011,0.336
651000,0.653,0.011,0.335
651500,0.659,0.011,0.330
652000,0.682,0.009,0.308
652500,0.686,0.009,0.304
653000,0.684,0.011,0.305
653500,0.679,0.009,0.311
654000,0.688,0.007,0.305
654500,0.694,0.007,0.299
655000,0.680,0.011,0.308
655500,0.677,0.008,0.315
656000,0.669,0.008,0.323
656500,0.670,0.011,0.319
657000,0.663,0.016,0.321
657500,0.651,0.013,0.335
658000,0.645,0.013,0.342
658500,0.654,0.009,0.337
659000,0.662,0.011,0.327
659500,0.660,0.013,0.327
660000,0.668,0.016,0.316
660500,0.672,0.014,0.314
661000,0.666,0.010,0.324
661500,0.664,0.014,0.322
662000,0.663,0.010,0.327
662500,0.659,0.015,0.326
663000,0.660,0.015,0.325
663500,0.676,0.013,0.311
664000,0.691,0.013,0.297
664500,0.686,0.012,0.302
665000,0.678,0.011,0.310
665500,0.679,0.011,0.309
666000,0.664,0.006,0.329
666500,0.655,0.007,0.338
667000,0.665,0.007,0.328
667500,0.664,0.003,0.333
668000,0.666,0.005,0.328
668500,0.674,0.008,0.318
669000,0.681,0.009,0.309
669500,0.682,0.011,0.306
670000,0.684,0.012,0.303
670500,0.692,0.015,0.293
671000,0.674,0.017,0.308
671500,0.684,0.011,0.304
672000,0.675,0.009,0.316
672500,0.679,0.009,0.312
673000,0.677,0.009,0.314
673500,0.683,0.009,0.308
674000,0.692,0.011,0.298
674500,0.688,0.015,0.297
675000,0.672,0.016,0.312
675500,0.667,0.011,0.322
676000,0.686,0.011,0.303
676500,0.694,0.007,0.299
677000,0.688,0.009,0.304
677500,0.695,0.009,0.297
678000,0.692,0.009,0.299
678500,0.697,0.010,0.293
679000,0.705,0.009,0.287
679500,0.710,0.007,0.283
680000,0.734,0.007,0.259
680500,0.734,0.007,0.259
681000,0.720,0.008,0.272
681500,0.710,0.004,0.286
682000,0.701,0.005,0.294
682500,0.713,0.003,0.285
683000,0.704,0.004,0.292
683500,0.689,0.004,0.308
684000,0.680,0.004,0.316
684500,0.677,0.005,0.318
685000,0.681,0.005,0.313
685500,0.676,0.009,0.315
686000,0.663,0.016,0.321
686500,0.656,0.014,0.330
687000,0.651,0.014,0.335
687500,0.656,0.015,0.328
688000,0.663,0.015,0.321
688500,0.691,0.012,0.297
689000,0.700,0.011,0.289
689500,0.696,0.013,0.292
690000,0.680,0.013,0.307
690500,0.663,0.009,0.328
691000,0.660,0.011,0.329
691500,0.661,0.013,0.326
692000,0.653,0.011,0.336
692500,0.671,0.011,0.318
693000,0.665,0.015,0.319
693500,0.656,0.015,0.329
694000,0.663,0.013,0.324
694500,0.667,0.009,0.323
695000,0.666,0.009,0.325
695500,0.668,0.011,0.321
696000,0.670,0.008,0.322
696500,0.676,0.006,0.318
697000,0.686,0.009,0.305
697500,0.679,0.011,0.309
698000,0.690,0.011,0.299
698500,0.680,0.011,0.308
699000,0.669,0.014,0.317
699500,0.660,0.009,0.331
700000,0.673,0.011,0.315
700500,0.664,0.011,0.325
701000,0.648,0.013,0.338
701500,0.630,0.017,0.353
702000,0.632,0.021,0.347
702500,0.639,0.018,0.343
703000,0.638,0.013,0.349
703500,0.634,0.017,0.349
704000,0.637,0.012,0.351
704500,0.635,0.015,0.350
705000,0.626,0.011,0.362
705500,0.619,0.018,0.362
706000,0.613,0.016,0.371
706500,0.619,0.017,0.364
707000,0.625,0.015,0.360
707500,0.636,0.013,0.351
708000,0.633,0.009,0.357
708500,0.638,0.015,0.347
709000,0.634,0.017,0.349
709500,0.635,0.019,0.346
710000,0.625,0.018,0.356
710500,0.620,0.016,0.364
711000,0.616,0.013,0.371
711500,0.621,0.017,0.363
712000,0.625,0.013,0.362
712500,0.619,0.013,0.368
713000,0.628,0.017,0.355
713500,0.623,0.015,0.361
714000,0.636,0.011,0.352
714500,0.636,0.012,0.352
715000,0.651,0.013,0.335
715500,0.660,0.015,0.324
716000,0.660,0.010,0.330
716500,0.675,0.009,0.316
717000,0.682,0.008,0.310
717500,0.674,0.009,0.317
718000,0.656,0.015,0.329
718500,0.647,0.015,0.338
719000,0.657,0.015,0.328
719500,0.644,0.013,0.343
720000,0.648,0.017,0.335
720500,0.645,0.019,0.336
721000,0.656,0.015,0.328
721500,0.666,0.013,0.320
722000,0.664,0.016,0.320
722500,0.659,0.012,0.329
723000,0.680,0.014,0.305
723500,0.688,0.009,0.304
724000,0.685,0.010,0.304
724500,0.678,0.009,0.313
725000,0.677,0.011,0.311
725500,0.658,0.011,0.331
726000,0.646,0.014,0.340
726500,0.648,0.014,0.338
727000,0.650,0.015,0.335
727500,0.649,0.013,0.338
728000,0.654,0.012,0.334
728500,0.658,0.007,0.334
729000,0.668,0.008,0.324
729500,0.681,0.011,0.307
730000,0.672,0.011,0.317
730500,0.685,0.013,0.301
731000,0.686,0.014,0.300
731500,0.665,0.011,0.323
732000,0.662,0.011,0.327
732500,0.661,0.013,0.326
733000,0.648,0.015,0.336
733500,0.638,0.014,0.348
734000,0.644,0.015,0.340
734500,0.647,0.011,0.342
735000,0.638,0.012,0.350
735500,0.632,0.011,0.356
736000,0.636,0.013,0.351
736500,0.639,0.011,0.349
737000,0.645,0.010,0.345
737500,0.647,0.011,0.342
738000,0.652,0.011,0.337
738500,0.660,0.013,0.327
739000,0.652,0.015,0.333
739500,0.660,0.015,0.325
740000,0.655,0.015,0.330
740500,0.650,0.013,0.337
741000,0.659,0.011,0.329
741500,0.669,0.011,0.319
742000,0.680,0.009,0.311
742500,0.685,0.009,0.305
743000,0.681,0.009,0.309
743500,0.694,0.011,0.296
744000,0.692,0.015,0.293
744500,0.685,0.011,0.304
745000,0.694,0.010,0.296
745500,0.690,0.012,0.298
746000,0.676,0.013,0.310
746500,0.676,0.013,0.311
747000,0.694,0.012,0.294
747500,0.686,0.009,0.304
748000,0.680,0.013,0.307
748500,0.695,0.009,0.297
749000,0.695,0.009,0.296
749500,0.708,0.009,0.283
750000,0.700,0.007,0.293
750500,0.715,0.005,0.280
751000,0.721,0.004,0.275
751500,0.728,0.004,0.268
752000,0.745,0.004,0.252
752500,0.730,0.004,0.266
753000,0.729,0.002,0.269
753500,0.714,0.004,0.282
754000,0.708,0.005,0.287
754500,0.706,0.005,0.289
755000,0.723,0.005,0.272
755500,0.740,0.006,0.254
756000,0.752,0.005,0.243
756500,0.751,0.009,0.240
757000,0.744,0.006,0.250
757500,0.748,0.005,0.247
758000,0.742,0.004,0.254
758500,0.739,0.004,0.257
759000,0.742,0.005,0.253
759500,0.727,0.006,0.267
760000,0.732,0.010,0.258
760500,0.723,0.006,0.271
761000,0.714,0.009,0.278
761500,0.720,0.008,0.272
762000,0.713,0.004,0.283
762500,0.722,0.008,0.270
763000,0.726,0.006,0.268
763500,0.728,0.004,0.268
764000,0.736,0.007,0.257
764500,0.724,0.006,0.270
765000,0.720,0.004,0.276
765500,0.703,0.006,0.291
766000,0.702,0.004,0.294
766500,0.698,0.008,0.294
767000,0.699,0.005,0.296
767500,0.700,0.006,0.294
768000,0.699,0.006,0.295
768500,0.696,0.004,0.300
769000,0.692,0.003,0.306
769500,0.691,0.003,0.306
770000,0.681,0.007,0.312
770500,0.686,0.007,0.306
771000,0.696,0.004,0.301
771500,0.691,0.004,0.305
772000,0.700,0.007,0.293
772500,0.706,0.007,0.287
773000,0.685,0.007,0.307
773500,0.694,0.006,0.300
774000,0.682,0.006,0.311
774500,0.682,0.007,0.311
775000,0.681,0.008,0.311
775500,0.689,0.009,0.303
776000,0.697,0.007,0.296
776500,0.693,0.007,0.300
777000,0.689,0.005,0.306
777500,0.683,0.007,0.309
778000,0.692,0.005,0.303
778500,0.690,0.006,0.304
779000,0.698,0.004,0.298
779500,0.709,0.007,0.284
780000,0.716,0.006,0.278
780500,0.711,0.005,0.284
781000,0.712,0.009,0.279
781500,0.715,0.010,0.275
782000,0.718,0.009,0.273
782500,0.713,0.006,0.281
783000,0.717,0.006,0.277
783500,0.729,0.007,0.264
784000,0.724,0.005,0.271
784500,0.740,0.004,0.256
785000,0.732,0.004,0.264
785500,0.724,0.004,0.272
786000,0.722,0.004,0.274
786500,0.735,0.004,0.261
787000,0.729,0.004,0.267
787500,0.721,0.005,0.274
788000,0.711,0.004,0.285
788500,0.700,0.005,0.295
789000,0.709,0.009,0.282
789500,0.708,0.006,0.286
790000,0.712,0.007,0.281
790500,0.713,0.006,0.281
791000,0.700,0.007,0.293
791500,0.683,0.006,0.311
792000,0.686,0.006,0.307
792500,0.683,0.006,0.310
793000,0.682,0.006,0.312
793500,0.688,0.009,0.303
794000,0.687,0.008,0.305
794500,0.695,0.007,0.298
795000,0.689,0.006,0.305
795500,0.688,0.007,0.305
796000,0.679,0.009,0.312
796500,0.669,0.005,0.325
797000,0.665,0.006,0.329
797500,0.661,0.006,0.333
798000,0.655,0.006,0.338
798500,0.652,0.014,0.334
799000,0.640,0.015,0.345
799500,0.633,0.011,0.356
800000,0.628,0.013,0.359
800500,0.623,0.017,0.361
801000,0.608,0.013,0.379
801500,0.619,0.011,0.370
802000,0.622,0.013,0.365
802500,0.612,0.013,0.375
803000,0.609,0.018,0.373
803500,0.610,0.018,0.372
