time,n_A+p,n_B,n_AB
500,0.030,0.634,0.336
1000,0.030,0.350,0.620
1500,0.045,0.234,0.721
2000,0.030,0.292,0.678
2500,0.031,0.211,0.758
3000,0.033,0.228,0.739
3500,0.042,0.102,0.856
4000,0.030,0.244,0.726
4500,0.032,0.153,0.815
5000,0.059,0.162,0.779
5500,0.355,0.003,0.642
6000,0.633,0.000,0.367
6500,0.552,0.000,0.448
7000,0.553,0.000,0.447
7500,0.494,0.000,0.506
8000,0.546,0.000,0.454
8500,0.649,0.000,0.351
9000,0.490,0.000,0.510
9500,0.656,0.000,0.344
10000,0.526,0.000,0.474
10500,0.480,0.000,0.520
11000,0.641,0.000,0.359
11500,0.471,0.000,0.529
12000,0.632,0.000,0.368
12500,0.716,0.000,0.284
13000,0.587,0.000,0.413
13500,0.683,0.000,0.317
14000,0.688,0.000,0.312
14500,0.692,0.000,0.308
15000,0.883,0.000,0.117
15500,0.911,0.000,0.089
16000,0.914,0.000,0.086
16500,0.987,0.000,0.013
17000,0.813,0.000,0.187
17500,0.738,0.000,0.262
18000,0.578,0.000,0.422
18500,0.594,0.000,0.406
19000,0.574,0.000,0.426
19500,0.615,0.000,0.385
20000,0.585,0.000,0.415
20500,0.628,0.000,0.372
21000,0.648,0.000,0.352
21500,0.580,0.000,0.420
22000,0.640,0.000,0.360
22500,0.528,0.000,0.472
23000,0.634,0.000,0.366
23500,0.699,0.000,0.301
24000,0.666,0.000,0.334
24500,0.686,0.000,0.314
25000,0.796,0.000,0.204
25500,0.634,0.000,0.366
26000,0.547,0.000,0.453
26500,0.517,0.000,0.483
27000,0.405,0.000,0.595
27500,0.518,0.000,0.482
28000,0.475,0.000,0.525
28500,0.572,0.000,0.428
29000,0.446,0.000,0.554
29500,0.641,0.000,0.359
30000,0.573,0.000,0.427
30500,0.577,0.000,0.423
31000,0.653,0.000,0.347
31500,0.568,0.000,0.432
32000,0.601,0.000,0.399
32500,0.612,0.000,0.388
33000,0.600,0.000,0.400
33500,0.703,0.000,0.297
34000,0.606,0.000,0.394
34500,0.706,0.000,0.294
35000,0.692,0.000,0.308
35500,0.841,0.000,0.159
36000,0.627,0.000,0.373
36500,0.595,0.000,0.405
37000,0.535,0.000,0.465
37500,0.489,0.000,0.511
38000,0.516,0.000,0.484
38500,0.599,0.000,0.401
39000,0.677,0.000,0.323
39500,0.613,0.000,0.387
40000,0.444,0.000,0.556
40500,0.635,0.000,0.365
41000,0.554,0.000,0.446
41500,0.475,0.000,0.525
42000,0.562,0.000,0.438
42500,0.614,0.000,0.386
43000,0.600,0.000,0.400
43500,0.548,0.000,0.452
44000,0.555,0.000,0.445
44500,0.604,0.000,0.396
45000,0.426,0.000,0.574
45500,0.517,0.000,0.483
46000,0.516,0.000,0.484
46500,0.662,0.000,0.338
47000,0.718,0.000,0.282
47500,0.571,0.000,0.429
48000,0.601,0.000,0.399
48500,0.540,0.000,0.460
49000,0.454,0.000,0.546
49500,0.474,0.000,0.526
50000,0.625,0.000,0.375
50500,0.537,0.000,0.463
51000,0.552,0.000,0.448
51500,0.575,0.000,0.425
52000,0.696,0.000,0.304
52500,0.689,0.000,0.311
53000,0.692,0.000,0.308
53500,0.684,0.000,0.316
54000,0.589,0.000,0.411
54500,0.490,0.000,0.510
55000,0.620,0.000,0.380
55500,0.692,0.000,0.308
56000,0.715,0.000,0.285
56500,0.518,0.000,0.482
57000,0.577,0.000,0.423
57500,0.656,0.000,0.344
58000,0.663,0.000,0.337
58500,0.631,0.000,0.369
59000,0.666,0.000,0.334
59500,0.671,0.000,0.329
60000,0.540,0.000,0.460
60500,0.563,0.000,0.437
61000,0.708,0.000,0.292
61500,0.649,0.000,0.351
62000,0.537,0.000,0.463
62500,0.535,0.000,0.465
63000,0.468,0.000,0.532
63500,0.365,0.000,0.635
64000,0.615,0.000,0.385
64500,0.654,0.000,0.346
65000,0.497,0.000,0.503
65500,0.467,0.000,0.533
66000,0.532,0.000,0.468
66500,0.464,0.000,0.536
67000,0.574,0.000,0.426
67500,0.596,0.000,0.404
68000,0.683,0.000,0.317
68500,0.521,0.000,0.479
69000,0.500,0.000,0.500
69500,0.611,0.000,0.389
70000,0.649,0.000,0.351
70500,0.605,0.000,0.395
71000,0.678,0.000,0.322
71500,0.564,0.000,0.436
72000,0.659,0.000,0.341
72500,0.546,0.000,0.454
73000,0.754,0.000,0.246
73500,0.671,0.000,0.329
74000,0.738,0.000,0.262
74500,0.764,0.000,0.236
75000,0.616,0.000,0.384
75500,0.661,0.000,0.339
76000,0.721,0.000,0.279
76500,0.704,0.000,0.296
77000,0.657,0.000,0.343
77500,0.564,0.000,0.436
78000,0.601,0.000,0.399
78500,0.627,0.000,0.373
79000,0.543,0.000,0.457
79500,0.682,0.000,0.318
80000,0.532,0.000,0.468
80500,0.559,0.000,0.441
81000,0.651,0.000,0.349
81500,0.624,0.000,0.376
82000,0.638,0.000,0.362
82500,0.676,0.000,0.324
83000,0.548,0.000,0.452
83500,0.539,0.000,0.461
84000,0.707,0.000,0.293
84500,0.693,0.000,0.307
85000,0.630,0.000,0.370
85500,0.550,0.000,0.450
86000,0.488,0.000,0.512
86500,0.605,0.000,0.395
87000,0.574,0.000,0.426
87500,0.623,0.000,0.377
88000,0.421,0.000,0.579
88500,0.481,0.000,0.519
89000,0.504,0.000,0.496
89500,0.725,0.000,0.275
90000,0.591,0.000,0.409
90500,0.496,0.000,0.504
91000,0.416,0.000,0.584
91500,0.487,0.000,0.513
92000,0.510,0.000,0.490
92500,0.556,0.000,0.444
93000,0.587,0.000,0.413
93500,0.550,0.000,0.450
94000,0.515,0.000,0.485
94500,0.727,0.000,0.273
95000,0.623,0.000,0.377
95500,0.568,0.000,0.432
96000,0.555,0.000,0.445
96500,0.579,0.000,0.421
97000,0.577,0.000,0.423
97500,0.566,0.000,0.434
98000,0.707,0.000,0.293
98500,0.568,0.000,0.432
99000,0.693,0.000,0.307
99500,0.596,0.000,0.404
100000,0.503,0.000,0.497
100500,0.412,0.000,0.588
101000,0.523,0.000,0.477
101500,0.652,0.000,0.348
102000,0.632,0.000,0.368
102500,0.701,0.000,0.299
103000,0.685,0.000,0.315
103500,0.528,0.000,0.472
104000,0.399,0.000,0.601
104500,0.518,0.000,0.482
105000,0.537,0.000,0.463
105500,0.600,0.000,0.400
106000,0.671,0.000,0.329
106500,0.648,0.000,0.352
107000,0.663,0.000,0.337
107500,0.755,0.000,0.245
108000,0.679,0.000,0.321
108500,0.603,0.000,0.397
109000,0.595,0.000,0.405
109500,0.598,0.000,0.402
110000,0.591,0.000,0.409
110500,0.525,0.000,0.475
111000,0.502,0.000,0.498
111500,0.555,0.000,0.445
112000,0.558,0.000,0.442
112500,0.589,0.000,0.411
113000,0.559,0.000,0.441
113500,0.626,0.000,0.374
114000,0.587,0.000,0.413
114500,0.554,0.000,0.446
115000,0.511,0.000,0.489
115500,0.567,0.000,0.433
116000,0.493,0.000,0.507
116500,0.523,0.000,0.477
117000,0.564,0.000,0.436
117500,0.589,0.000,0.411
118000,0.723,0.000,0.277
118500,0.584,0.000,0.416
119000,0.709,0.000,0.291
119500,0.669,0.000,0.331
120000,0.624,0.000,0.376
120500,0.418,0.000,0.582
121000,0.579,0.000,0.421
121500,0.597,0.000,0.403
122000,0.683,0.000,0.317
122500,0.534,0.000,0.466
123000,0.624,0.000,0.376
123500,0.646,0.000,0.354
124000,0.544,0.000,0.456
124500,0.636,0.000,0.364
125000,0.736,0.000,0.264
125500,0.655,0.000,0.345
126000,0.563,0.000,0.437
126500,0.656,0.000,0.344
127000,0.559,0.000,0.441
127500,0.605,0.000,0.395
128000,0.570,0.000,0.430
128500,0.628,0.000,0.372
129000,0.598,0.000,0.402
129500,0.642,0.000,0.358
130000,0.538,0.000,0.462
130500,0.604,0.000,0.396
131000,0.653,0.000,0.347
131500,0.657,0.000,0.343
132000,0.650,0.000,0.350
132500,0.543,0.000,0.457
133000,0.737,0.000,0.263
133500,0.840,0.000,0.160
134000,0.703,0.000,0.297
134500,0.720,0.000,0.280
135000,0.735,0.000,0.265
135500,0.575,0.000,0.425
136000,0.685,0.000,0.315
136500,0.675,0.000,0.325
137000,0.647,0.000,0.353
137500,0.747,0.000,0.253
138000,0.645,0.000,0.355
138500,0.531,0.000,0.469
139000,0.632,0.000,0.368
139500,0.550,0.000,0.450
140000,0.649,0.000,0.351
140500,0.583,0.000,0.417
141000,0.463,0.000,0.537
141500,0.480,0.000,0.520
142000,0.541,0.000,0.459
142500,0.541,0.000,0.459
143000,0.562,0.000,0.438
143500,0.598,0.000,0.402
144000,0.395,0.000,0.605
144500,0.567,0.000,0.433
145000,0.529,0.000,0.471
145500,0.650,0.000,0.350
146000,0.593,0.000,0.407
146500,0.597,0.000,0.403
147000,0.577,0.000,0.423
147500,0.550,0.000,0.450
148000,0.719,0.000,0.281
148500,0.601,0.000,0.399
149000,0.671,0.000,0.329
149500,0.661,0.000,0.339
150000,0.660,0.000,0.340
150500,0.655,0.000,0.345
151000,0.716,0.000,0.284
151500,0.677,0.000,0.323
152000,0.486,0.000,0.514
152500,0.515,0.000,0.485
153000,0.533,0.000,0.467
153500,0.614,0.000,0.386
154000,0.743,0.000,0.257
154500,0.690,0.000,0.310
155000,0.546,0.000,0.454
155500,0.626,0.000,0.374
156000,0.579,0.000,0.421
156500,0.554,0.000,0.446
157000,0.627,0.000,0.373
157500,0.780,0.000,0.220
158000,0.724,0.000,0.276
158500,0.654,0.000,0.346
159000,0.577,0.000,0.423
159500,0.455,0.000,0.545
160000,0.566,0.000,0.434
160500,0.381,0.000,0.619
161000,0.559,0.000,0.441
161500,0.529,0.000,0.471
162000,0.579,0.000,0.421
162500,0.647,0.000,0.353
163000,0.600,0.000,0.400
163500,0.611,0.000,0.389
164000,0.488,0.000,0.512
164500,0.439,0.000,0.561
165000,0.509,0.000,0.491
165500,0.616,0.000,0.384
166000,0.619,0.000,0.381
166500,0.630,0.000,0.370
167000,0.646,0.000,0.354
167500,0.597,0.000,0.403
168000,0.477,0.000,0.523
168500,0.422,0.000,0.578
169000,0.656,0.000,0.344
169500,0.648,0.000,0.352
170000,0.641,0.000,0.359
170500,0.745,0.000,0.255
171000,0.742,0.000,0.258
171500,0.601,0.000,0.399
172000,0.573,0.000,0.427
172500,0.626,0.000,0.374
173000,0.631,0.000,0.369
173500,0.753,0.000,0.247
174000,0.752,0.000,0.248
174500,0.675,0.000,0.325
175000,0.836,0.000,0.164
175500,0.719,0.000,0.281
176000,0.600,0.000,0.400
176500,0.454,0.000,0.546
177000,0.608,0.000,0.392
177500,0.586,0.000,0.414
178000,0.765,0.000,0.235
178500,0.716,0.000,0.284
179000,0.722,0.000,0.278
179500,0.739,0.000,0.261
180000,0.697,0.000,0.303
180500,0.621,0.000,0.379
181000,0.497,0.000,0.503
181500,0.574,0.000,0.426
182000,0.609,0.000,0.391
182500,0.608,0.000,0.392
183000,0.741,0.000,0.259
183500,0.676,0.000,0.324
184000,0.555,0.000,0.445
184500,0.644,0.000,0.356
185000,0.576,0.000,0.424
185500,0.681,0.000,0.319
186000,0.702,0.000,0.298
186500,0.637,0.000,0.363
187000,0.524,0.000,0.476
187500,0.525,0.000,0.475
188000,0.564,0.000,0.436
188500,0.502,0.000,0.498
189000,0.505,0.000,0.495
189500,0.514,0.000,0.486
190000,0.464,0.000,0.536
190500,0.648,0.000,0.352
191000,0.687,0.000,0.313
191500,0.509,0.000,0.491
192000,0.597,0.000,0.403
192500,0.602,0.000,0.398
193000,0.583,0.000,0.417
193500,0.544,0.000,0.456
194000,0.646,0.000,0.354
194500,0.487,0.000,0.513
195000,0.518,0.000,0.482
195500,0.506,0.000,0.494
196000,0.530,0.000,0.470
196500,0.793,0.000,0.207
197000,0.789,0.000,0.211
197500,0.621,0.000,0.379
198000,0.749,0.000,0.251
198500,0.748,0.000,0.252
199000,0.645,0.000,0.355
199500,0.746,0.000,0.254
200000,0.544,0.000,0.456
200500,0.594,0.000,0.406
201000,0.640,0.000,0.360
201500,0.582,0.000,0.418
202000,0.560,0.000,0.440
202500,0.567,0.000,0.433
203000,0.595,0.000,0.405
203500,0.556,0.000,0.444
204000,0.512,0.000,0.488
204500,0.745,0.000,0.255
205000,0.650,0.000,0.350
205500,0.572,0.000,0.428
206000,0.451,0.000,0.549
206500,0.538,0.000,0.462
207000,0.502,0.000,0.498
207500,0.542,0.000,0.458
208000,0.422,0.000,0.578
208500,0.509,0.000,0.491
209000,0.578,0.000,0.422
209500,0.533,0.000,0.467
210000,0.567,0.000,0.433
210500,0.678,0.000,0.322
211000,0.651,0.000,0.349
211500,0.640,0.000,0.360
212000,0.670,0.000,0.330
212500,0.719,0.000,0.281
213000,0.586,0.000,0.414
213500,0.474,0.000,0.526
214000,0.542,0.000,0.458
214500,0.604,0.000,0.396
215000,0.503,0.000,0.497
215500,0.625,0.000,0.375
216000,0.641,0.000,0.359
216500,0.733,0.000,0.267
217000,0.471,0.000,0.529
217500,0.625,0.000,0.375
218000,0.573,0.000,0.427
218500,0.642,0.000,0.358
219000,0.647,0.000,0.353
219500,0.728,0.000,0.272
220000,0.607,0.000,0.393
220500,0.807,0.000,0.193
221000,0.494,0.000,0.506
221500,0.581,0.000,0.419
222000,0.595,0.000,0.405
222500,0.749,0.000,0.251
223000,0.580,0.000,0.420
223500,0.530,0.000,0.470
224000,0.508,0.000,0.492
224500,0.566,0.000,0.434
225000,0.527,0.000,0.473
225500,0.595,0.000,0.405
226000,0.552,0.000,0.448
226500,0.585,0.000,0.415
227000,0.573,0.000,0.427
227500,0.424,0.000,0.576
228000,0.655,0.000,0.345
228500,0.611,0.000,0.389
229000,0.733,0.000,0.267
229500,0.626,0.000,0.374
230000,0.652,0.000,0.348
230500,0.445,0.000,0.555
231000,0.529,0.000,0.471
231500,0.695,0.000,0.305
232000,0.668,0.000,0.332
232500,0.654,0.000,0.346
233000,0.589,0.000,0.411
233500,0.505,0.000,0.495
234000,0.626,0.000,0.374
234500,0.599,0.000,0.401
235000,0.555,0.000,0.445
235500,0.597,0.000,0.403
236000,0.543,0.000,0.457
236500,0.576,0.000,0.424
237000,0.668,0.000,0.332
237500,0.657,0.000,0.343
238000,0.611,0.000,0.389
238500,0.707,0.000,0.293
239000,0.582,0.000,0.418
239500,0.546,0.000,0.454
240000,0.637,0.000,0.363
240500,0.602,0.000,0.398
241000,0.580,0.000,0.420
241500,0.631,0.000,0.369
242000,0.556,0.000,0.444
242500,0.601,0.000,0.399
243000,0.716,0.000,0.284
243500,0.578,0.000,0.422
244000,0.552,0.000,0.448
244500,0.600,0.000,0.400
245000,0.585,0.000,0.415
245500,0.695,0.000,0.305
246000,0.550,0.000,0.450
246500,0.703,0.000,0.297
247000,0.670,0.000,0.330
247500,0.583,0.000,0.417
248000,0.614,0.000,0.386
248500,0.647,0.000,0.353
249000,0.668,0.000,0.332
249500,0.601,0.000,0.399
250000,0.518,0.000,0.482
250500,0.643,0.000,0.357
251000,0.475,0.000,0.525
251500,0.567,0.000,0.433
252000,0.506,0.000,0.494
252500,0.524,0.000,0.476
253000,0.761,0.000,0.239
253500,0.551,0.000,0.449
254000,0.481,0.000,0.519
254500,0.494,0.000,0.506
255000,0.569,0.000,0.431
255500,0.447,0.000,0.553
256000,0.555,0.000,0.445
256500,0.558,0.000,0.442
257000,0.612,0.000,0.388
257500,0.690,0.000,0.310
258000,0.580,0.000,0.420
258500,0.539,0.000,0.461
259000,0.523,0.000,0.477
259500,0.460,0.000,0.540
260000,0.511,0.000,0.489
260500,0.651,0.000,0.349
261000,0.665,0.000,0.335
261500,0.664,0.000,0.336
262000,0.796,0.000,0.204
262500,0.848,0.000,0.152
263000,0.904,0.000,0.096
263500,0.762,0.000,0.238
264000,0.829,0.000,0.171
264500,0.696,0.000,0.304
265000,0.520,0.000,0.480
265500,0.668,0.000,0.332
266000,0.669,0.000,0.331
266500,0.524,0.000,0.476
267000,0.593,0.000,0.407
267500,0.702,0.000,0.298
268000,0.647,0.000,0.353
268500,0.714,0.000,0.286
269000,0.463,0.000,0.537
269500,0.553,0.000,0.447
270000,0.619,0.000,0.381
270500,0.492,0.000,0.508
271000,0.615,0.000,0.385
271500,0.630,0.000,0.370
272000,0.570,0.000,0.430
272500,0.679,0.000,0.321
273000,0.761,0.000,0.239
273500,0.716,0.000,0.284
274000,0.633,0.000,0.367
274500,0.742,0.000,0.258
275000,0.671,0.000,0.329
275500,0.679,0.000,0.321
276000,0.582,0.000,0.418
276500,0.732,0.000,0.268
277000,0.617,0.000,0.383
277500,0.616,0.000,0.384
278000,0.639,0.000,0.361
278500,0.550,0.000,0.450
279000,0.537,0.000,0.463
279500,0.487,0.000,0.513
280000,0.493,0.000,0.507
280500,0.570,0.000,0.430
281000,0.518,0.000,0.482
281500,0.518,0.000,0.482
282000,0.485,0.000,0.515
282500,0.535,0.000,0.465
283000,0.532,0.000,0.468
283500,0.644,0.000,0.356
284000,0.473,0.000,0.527
284500,0.472,0.000,0.528
285000,0.658,0.000,0.342
285500,0.513,0.000,0.487
286000,0.537,0.000,0.463
286500,0.625,0.000,0.375
287000,0.533,0.000,0.467
287500,0.433,0.000,0.567
288000,0.481,0.000,0.519
288500,0.641,0.000,0.359
289000,0.555,0.000,0.445
289500,0.576,0.000,0.424
290000,0.431,0.000,0.569
290500,0.527,0.000,0.473
291000,0.705,0.000,0.295
291500,0.577,0.000,0.423
292000,0.575,0.000,0.425
292500,0.673,0.000,0.327
293000,0.514,0.000,0.486
293500,0.568,0.000,0.432
294000,0.457,0.000,0.543
294500,0.633,0.000,0.367
295000,0.656,0.000,0.344
295500,0.706,0.000,0.294
296000,0.793,0.000,0.207
296500,0.802,0.000,0.198
297000,0.703,0.000,0.297
297500,0.504,0.000,0.496
298000,0.694,0.000,0.306
298500,0.602,0.000,0.398
299000,0.584,0.000,0.416
299500,0.612,0.000,0.388
300000,0.580,0.000,0.420
300500,0.596,0.000,0.404
301000,0.484,0.000,0.516
301500,0.516,0.000,0.484
302000,0.572,0.000,0.428
302500,0.584,0.000,0.416
303000,0.600,0.000,0.400
303500,0.703,0.000,0.297
304000,0.631,0.000,0.369
304500,0.505,0.000,0.495
305000,0.474,0.000,0.526
305500,0.562,0.000,0.438
306000,0.547,0.000,0.453
306500,0.445,0.000,0.555
307000,0.487,0.000,0.513
307500,0.562,0.000,0.438
308000,0.681,0.000,0.319
308500,0.564,0.000,0.436
309000,0.683,0.000,0.317
309500,0.614,0.000,0.386
310000,0.707,0.000,0.293
310500,0.565,0.000,0.435
311000,0.619,0.000,0.381
311500,0.552,0.000,0.448
312000,0.540,0.000,0.460
312500,0.522,0.000,0.478
313000,0.465,0.000,0.535
313500,0.572,0.000,0.428
314000,0.672,0.000,0.328
314500,0.541,0.000,0.459
315000,0.607,0.000,0.393
315500,0.595,0.000,0.405
316000,0.679,0.000,0.321
316500,0.713,0.000,0.287
317000,0.603,0.000,0.397
317500,0.675,0.000,0.325
318000,0.775,0.000,0.225
318500,0.606,0.000,0.394
319000,0.636,0.000,0.364
319500,0.643,0.000,0.357
320000,0.599,0.000,0.401
320500,0.547,0.000,0.453
321000,0.511,0.000,0.489
321500,0.592,0.000,0.408
322000,0.619,0.000,0.381
322500,0.552,0.000,0.448
323000,0.782,0.000,0.218
323500,0.609,0.000,0.391
324000,0.718,0.000,0.282
324500,0.665,0.000,0.335
325000,0.640,0.000,0.360
325500,0.533,0.000,0.467
326000,0.609,0.000,0.391
326500,0.639,0.000,0.361
327000,0.516,0.000,0.484
327500,0.527,0.000,0.473
328000,0.548,0.000,0.452
328500,0.773,0.000,0.227
329000,0.626,0.000,0.374
329500,0.559,0.000,0.441
330000,0.741,0.000,0.259
330500,0.620,0.000,0.380
331000,0.545,0.000,0.455
331500,0.507,0.000,0.493
332000,0.454,0.000,0.546
332500,0.518,0.000,0.482
333000,0.561,0.000,0.439
333500,0.588,0.000,0.412
334000,0.597,0.000,0.403
334500,0.556,0.000,0.444
335000,0.577,0.000,0.423
335500,0.719,0.000,0.281
336000,0.642,0.000,0.358
336500,0.621,0.000,0.379
337000,0.683,0.000,0.317
337500,0.774,0.000,0.226
338000,0.711,0.000,0.289
338500,0.703,0.000,0.297
339000,0.646,0.000,0.354
339500,0.598,0.000,0.402
340000,0.676,0.000,0.324
340500,0.770,0.000,0.230
341000,0.680,0.000,0.320
341500,0.679,0.000,0.321
342000,0.651,0.000,0.349
342500,0.588,0.000,0.412
343000,0.462,0.000,0.538
343500,0.558,0.000,0.442
344000,0.525,0.000,0.475
344500,0.563,0.000,0.437
345000,0.644,0.000,0.356
345500,0.595,0.000,0.405
346000,0.550,0.000,0.450
346500,0.599,0.000,0.401
347000,0.854,0.000,0.146
347500,0.678,0.000,0.322
348000,0.611,0.000,0.389
348500,0.563,0.000,0.437
349000,0.638,0.000,0.362
349500,0.519,0.000,0.481
350000,0.484,0.000,0.516
350500,0.646,0.000,0.354
351000,0.570,0.000,0.430
351500,0.575,0.000,0.425
352000,0.586,0.000,0.414
352500,0.598,0.000,0.402
353000,0.681,0.000,0.319
353500,0.616,0.000,0.384
354000,0.569,0.000,0.431
354500,0.754,0.000,0.246
355000,0.744,0.000,0.256
355500,0.507,0.000,0.493
356000,0.593,0.000,0.407
356500,0.515,0.000,0.485
357000,0.542,0.000,0.458
357500,0.546,0.000,0.454
358000,0.496,0.000,0.504
358500,0.570,0.000,0.430
359000,0.761,0.000,0.239
359500,0.650,0.000,0.350
360000,0.566,0.000,0.434
360500,0.478,0.000,0.522
361000,0.541,0.000,0.459
361500,0.553,0.000,0.447
362000,0.550,0.000,0.450
362500,0.550,0.000,0.450
363000,0.622,0.000,0.378
363500,0.656,0.000,0.344
364000,0.708,0.000,0.292
364500,0.546,0.000,0.454
365000,0.724,0.000,0.276
365500,0.620,0.000,0.380
366000,0.490,0.000,0.510
366500,0.554,0.000,0.446
367000,0.538,0.000,0.462
367500,0.666,0.000,0.334
368000,0.617,0.000,0.383
368500,0.425,0.000,0.575
369000,0.505,0.000,0.495
369500,0.396,0.000,0.604
370000,0.471,0.000,0.529
370500,0.469,0.000,0.531
371000,0.702,0.000,0.298
371500,0.544,0.000,0.456
372000,0.588,0.000,0.412
372500,0.734,0.000,0.266
373000,0.650,0.000,0.350
373500,0.587,0.000,0.413
374000,0.568,0.000,0.432
374500,0.582,0.000,0.418
375000,0.595,0.000,0.405
375500,0.701,0.000,0.299
376000,0.665,0.000,0.335
376500,0.640,0.000,0.360
377000,0.475,0.000,0.525
377500,0.595,0.000,0.405
378000,0.634,0.000,0.366
378500,0.686,0.000,0.314
379000,0.686,0.000,0.314
379500,0.643,0.000,0.357
380000,0.580,0.000,0.420
380500,0.686,0.000,0.314
381000,0.783,0.000,0.217
381500,0.801,0.000,0.199
382000,0.585,0.000,0.415
382500,0.607,0.000,0.393
383000,0.636,0.000,0.364
383500,0.476,0.000,0.524
384000,0.381,0.000,0.619
384500,0.343,0.000,0.657
385000,0.530,0.000,0.470
385500,0.620,0.000,0.380
386000,0.556,0.000,0.444
386500,0.451,0.000,0.549
387000,0.627,0.000,0.373
387500,0.638,0.000,0.362
388000,0.506,0.000,0.494
388500,0.447,0.000,0.553
389000,0.458,0.000,0.542
389500,0.644,0.000,0.356
390000,0.600,0.000,0.400
390500,0.682,0.000,0.318
391000,0.609,0.000,0.391
391500,0.617,0.000,0.383
392000,0.615,0.000,0.385
392500,0.677,0.000,0.323
393000,0.644,0.000,0.356
393500,0.659,0.000,0.341
394000,0.554,0.000,0.446
394500,0.677,0.000,0.323
395000,0.695,0.000,0.305
395500,0.719,0.000,0.281
396000,0.636,0.000,0.364
396500,0.585,0.000,0.415
397000,0.636,0.000,0.364
397500,0.573,0.000,0.427
398000,0.497,0.000,0.503
398500,0.714,0.000,0.286
399000,0.790,0.000,0.210
399500,0.703,0.000,0.297
400000,0.668,0.000,0.332
400500,0.556,0.000,0.444
401000,0.499,0.000,0.501
401500,0.514,0.000,0.486
402000,0.610,0.000,0.390
402500,0.558,0.000,0.442
403000,0.637,0.000,0.363
403500,0.545,0.000,0.455
404000,0.467,0.000,0.533
404500,0.573,0.000,0.427
405000,0.724,0.000,0.276
405500,0.636,0.000,0.364
406000,0.649,0.000,0.351
406500,0.572,0.000,0.428
407000,0.558,0.000,0.442
407500,0.599,0.000,0.401
408000,0.618,0.000,0.382
408500,0.411,0.000,0.589
409000,0.491,0.000,0.509
409500,0.658,0.000,0.342
410000,0.427,0.000,0.573
410500,0.571,0.000,0.429
411000,0.594,0.000,0.406
411500,0.503,0.000,0.497
412000,0.720,0.000,0.280
412500,0.711,0.000,0.289
413000,0.709,0.000,0.291
413500,0.644,0.000,0.356
414000,0.665,0.000,0.335
414500,0.721,0.000,0.279
415000,0.707,0.000,0.293
415500,0.647,0.000,0.353
416000,0.564,0.000,0.436
416500,0.461,0.000,0.539
417000,0.632,0.000,0.368
417500,0.645,0.000,0.355
418000,0.532,0.000,0.468
418500,0.501,0.000,0.499
419000,0.412,0.000,0.588
419500,0.689,0.000,0.311
420000,0.761,0.000,0.239
420500,0.621,0.000,0.379
421000,0.681,0.000,0.319
421500,0.644,0.000,0.356
422000,0.742,0.000,0.258
422500,0.758,0.000,0.242
423000,0.685,0.000,0.315
423500,0.634,0.000,0.366
424000,0.601,0.000,0.399
424500,0.663,0.000,0.337
425000,0.641,0.000,0.359
425500,0.520,0.000,0.480
426000,0.676,0.000,0.324
426500,0.561,0.000,0.439
427000,0.478,0.000,0.522
427500,0.585,0.000,0.415
428000,0.468,0.000,0.532
428500,0.696,0.000,0.304
429000,0.594,0.000,0.406
429500,0.550,0.000,0.450
430000,0.620,0.000,0.380
430500,0.633,0.000,0.367
431000,0.838,0.000,0.162
431500,0.684,0.000,0.316
432000,0.661,0.000,0.339
432500,0.586,0.000,0.414
433000,0.646,0.000,0.354
433500,0.593,0.000,0.407
434000,0.560,0.000,0.440
434500,0.675,0.000,0.325
435000,0.512,0.000,0.488
435500,0.488,0.000,0.512
436000,0.587,0.000,0.413
436500,0.524,0.000,0.476
437000,0.444,0.000,0.556
437500,0.498,0.000,0.502
438000,0.730,0.000,0.270
438500,0.689,0.000,0.311
439000,0.603,0.000,0.397
439500,0.732,0.000,0.268
440000,0.744,0.000,0.256
440500,0.775,0.000,0.225
441000,0.798,0.000,0.202
441500,0.662,0.000,0.338
442000,0.615,0.000,0.385
442500,0.580,0.000,0.420
443000,0.732,0.000,0.268
443500,0.564,0.000,0.436
444000,0.678,0.000,0.322
444500,0.724,0.000,0.276
445000,0.654,0.000,0.346
445500,0.732,0.000,0.268
446000,0.578,0.000,0.422
446500,0.696,0.000,0.304
447000,0.527,0.000,0.473
447500,0.593,0.000,0.407
448000,0.513,0.000,0.487
448500,0.629,0.000,0.371
449000,0.476,0.000,0.524
449500,0.526,0.000,0.474
450000,0.581,0.000,0.419
450500,0.595,0.000,0.405
451000,0.583,0.000,0.417
451500,0.503,0.000,0.497
452000,0.674,0.000,0.326
452500,0.630,0.000,0.370
453000,0.589,0.000,0.411
453500,0.599,0.000,0.401
454000,0.497,0.000,0.503
454500,0.373,0.000,0.627
455000,0.648,0.000,0.352
455500,0.570,0.000,0.430
456000,0.619,0.000,0.381
456500,0.556,0.000,0.444
457000,0.631,0.000,0.369
457500,0.735,0.000,0.265
458000,0.813,0.000,0.187
458500,0.878,0.000,0.122
459000,0.587,0.000,0.413
459500,0.701,0.000,0.299
460000,0.734,0.000,0.266
460500,0.637,0.000,0.363
461000,0.645,0.000,0.355
461500,0.680,0.000,0.320
462000,0.618,0.000,0.382
462500,0.625,0.000,0.375
463000,0.579,0.000,0.421
463500,0.658,0.000,0.342
464000,0.683,0.000,0.317
464500,0.672,0.000,0.328
465000,0.665,0.000,0.335
465500,0.786,0.000,0.214
466000,0.723,0.000,0.277
466500,0.701,0.000,0.299
467000,0.622,0.000,0.378
467500,0.560,0.000,0.440
468000,0.428,0.000,0.572
468500,0.645,0.000,0.355
469000,0.607,0.000,0.393
469500,0.573,0.000,0.427
470000,0.674,0.000,0.326
470500,0.690,0.000,0.310
471000,0.608,0.000,0.392
471500,0.682,0.000,0.318
472000,0.565,0.000,0.435
472500,0.558,0.000,0.442
473000,0.516,0.000,0.484
473500,0.682,0.000,0.318
474000,0.642,0.000,0.358
474500,0.608,0.000,0.392
475000,0.528,0.000,0.472
475500,0.567,0.000,0.433
476000,0.536,0.000,0.464
476500,0.558,0.000,0.442
477000,0.401,0.000,0.599
477500,0.581,0.000,0.419
478000,0.668,0.000,0.332
478500,0.567,0.000,0.433
479000,0.507,0.000,0.493
479500,0.527,0.000,0.473
480000,0.551,0.000,0.449
480500,0.635,0.000,0.365
481000,0.575,0.000,0.425
481500,0.558,0.000,0.442
482000,0.622,0.000,0.378
482500,0.355,0.000,0.645
483000,0.715,0.000,0.285
483500,0.640,0.000,0.360
484000,0.494,0.000,0.506
484500,0.510,0.000,0.490
485000,0.636,0.000,0.364
485500,0.750,0.000,0.250
486000,0.642,0.000,0.358
486500,0.507,0.000,0.493
487000,0.567,0.000,0.433
487500,0.661,0.000,0.339
488000,0.590,0.000,0.410
488500,0.624,0.000,0.376
489000,0.567,0.000,0.433
489500,0.577,0.000,0.423
490000,0.754,0.000,0.246
490500,0.695,0.000,0.305
491000,0.812,0.000,0.188
491500,0.732,0.000,0.268
492000,0.536,0.000,0.464
492500,0.706,0.000,0.294
493000,0.499,0.000,0.501
493500,0.651,0.000,0.349
494000,0.540,0.000,0.460
494500,0.581,0.000,0.419
495000,0.693,0.000,0.307
495500,0.703,0.000,0.297
496000,0.564,0.000,0.436
496500,0.515,0.000,0.485
497000,0.560,0.000,0.440
497500,0.725,0.000,0.275
498000,0.614,0.000,0.386
498500,0.661,0.000,0.339
499000,0.603,0.000,0.397
499500,0.533,0.000,0.467
500000,0.624,0.000,0.376
500500,0.601,0.000,0.399
501000,0.727,0.000,0.273
501500,0.534,0.000,0.466
502000,0.532,0.000,0.468
502500,0.456,0.000,0.544
503000,0.663,0.000,0.337
503500,0.647,0.000,0.353
504000,0.656,0.000,0.344
504500,0.510,0.000,0.490
505000,0.634,0.000,0.366
505500,0.583,0.000,0.417
506000,0.609,0.000,0.391
506500,0.569,0.000,0.431
507000,0.574,0.000,0.426
507500,0.511,0.000,0.489
508000,0.549,0.000,0.451
508500,0.710,0.000,0.290
509000,0.551,0.000,0.449
509500,0.554,0.000,0.446
510000,0.503,0.000,0.497
510500,0.604,0.000,0.396
511000,0.563,0.000,0.437
511500,0.616,0.000,0.384
512000,0.632,0.000,0.368
512500,0.663,0.000,0.337
513000,0.672,0.000,0.328
513500,0.720,0.000,0.280
514000,0.660,0.000,0.340
514500,0.545,0.000,0.455
515000,0.664,0.000,0.336
515500,0.576,0.000,0.424
516000,0.595,0.000,0.405
516500,0.489,0.000,0.511
517000,0.554,0.000,0.446
517500,0.551,0.000,0.449
518000,0.575,0.000,0.425
518500,0.670,0.000,0.330
519000,0.563,0.000,0.437
519500,0.515,0.000,0.485
520000,0.407,0.000,0.593
520500,0.490,0.000,0.510
521000,0.510,0.000,0.490
521500,0.585,0.000,0.415
522000,0.511,0.000,0.489
522500,0.720,0.000,0.280
523000,0.709,0.000,0.291
523500,0.657,0.000,0.343
524000,0.512,0.000,0.488
524500,0.567,0.000,0.433
525000,0.618,0.000,0.382
525500,0.488,0.000,0.512
526000,0.567,0.000,0.433
526500,0.577,0.000,0.423
527000,0.725,0.000,0.275
527500,0.657,0.000,0.343
528000,0.661,0.000,0.339
528500,0.706,0.000,0.294
529000,0.716,0.000,0.284
529500,0.565,0.000,0.435
530000,0.562,0.000,0.438
530500,0.481,0.000,0.519
531000,0.603,0.000,0.397
531500,0.716,0.000,0.284
532000,0.642,0.000,0.358
532500,0.635,0.000,0.365
533000,0.647,0.000,0.353
533500,0.709,0.000,0.291
534000,0.795,0.000,0.205
534500,0.682,0.000,0.318
535000,0.643,0.000,0.357
535500,0.688,0.000,0.312
536000,0.652,0.000,0.348
536500,0.488,0.000,0.512
537000,0.806,0.000,0.194
537500,0.567,0.000,0.433
538000,0.549,0.000,0.451
538500,0.575,0.000,0.425
539000,0.500,0.000,0.500
539500,0.585,0.000,0.415
540000,0.445,0.000,0.555
540500,0.551,0.000,0.449
541000,0.763,0.000,0.237
541500,0.650,0.000,0.350
542000,0.740,0.000,0.260
542500,0.685,0.000,0.315
543000,0.761,0.000,0.239
543500,0.619,0.000,0.381
544000,0.577,0.000,0.423
544500,0.657,0.000,0.343
545000,0.576,0.000,0.424
545500,0.620,0.000,0.380
546000,0.768,0.000,0.232
546500,0.640,0.000,0.360
547000,0.669,0.000,0.331
547500,0.679,0.000,0.321
548000,0.729,0.000,0.271
548500,0.674,0.000,0.326
549000,0.636,0.000,0.364
549500,0.597,0.000,0.403
550000,0.597,0.000,0.403
550500,0.580,0.000,0.420
551000,0.716,0.000,0.284
551500,0.627,0.000,0.373
552000,0.606,0.000,0.394
552500,0.371,0.000,0.629
553000,0.659,0.000,0.341
553500,0.631,0.000,0.369
554000,0.682,0.000,0.318
554500,0.638,0.000,0.362
555000,0.608,0.000,0.392
555500,0.594,0.000,0.406
556000,0.656,0.000,0.344
556500,0.691,0.000,0.309
557000,0.571,0.000,0.429
557500,0.498,0.000,0.502
558000,0.476,0.000,0.524
558500,0.511,0.000,0.489
559000,0.673,0.000,0.327
559500,0.456,0.000,0.544
560000,0.495,0.000,0.505
560500,0.482,0.000,0.518
561000,0.612,0.000,0.388
561500,0.515,0.000,0.485
562000,0.633,0.000,0.367
562500,0.622,0.000,0.378
563000,0.657,0.000,0.343
563500,0.541,0.000,0.459
564000,0.509,0.000,0.491
564500,0.495,0.000,0.505
565000,0.610,0.000,0.390
565500,0.564,0.000,0.436
566000,0.797,0.000,0.203
566500,0.717,0.000,0.283
567000,0.655,0.000,0.345
567500,0.666,0.000,0.334
568000,0.686,0.000,0.314
568500,0.672,0.000,0.328
569000,0.488,0.000,0.512
569500,0.630,0.000,0.370
570000,0.583,0.000,0.417
570500,0.534,0.000,0.466
571000,0.550,0.000,0.450
571500,0.651,0.000,0.349
572000,0.589,0.000,0.411
572500,0.656,0.000,0.344
573000,0.632,0.000,0.368
573500,0.668,0.000,0.332
574000,0.521,0.000,0.479
574500,0.480,0.000,0.520
575000,0.559,0.000,0.441
575500,0.511,0.000,0.489
576000,0.543,0.000,0.457
576500,0.536,0.000,0.464
577000,0.620,0.000,0.380
577500,0.611,0.000,0.389
578000,0.570,0.000,0.430
578500,0.507,0.000,0.493
579000,0.617,0.000,0.383
579500,0.474,0.000,0.526
580000,0.504,0.000,0.496
580500,0.570,0.000,0.430
581000,0.492,0.000,0.508
581500,0.478,0.000,0.522
582000,0.514,0.000,0.486
582500,0.590,0.000,0.410
583000,0.470,0.000,0.530
583500,0.596,0.000,0.404
584000,0.736,0.000,0.264
584500,0.591,0.000,0.409
585000,0.473,0.000,0.527
585500,0.589,0.000,0.411
586000,0.646,0.000,0.354
586500,0.649,0.000,0.351
587000,0.730,0.000,0.270
587500,0.797,0.000,0.203
588000,0.875,0.000,0.125
588500,0.673,0.000,0.327
589000,0.506,0.000,0.494
589500,0.509,0.000,0.491
590000,0.599,0.000,0.401
590500,0.567,0.000,0.433
591000,0.588,0.000,0.412
591500,0.643,0.000,0.357
592000,0.527,0.000,0.473
592500,0.612,0.000,0.388
593000,0.699,0.000,0.301
593500,0.544,0.000,0.456
594000,0.603,0.000,0.397
594500,0.601,0.000,0.399
595000,0.617,0.000,0.383
595500,0.526,0.000,0.474
596000,0.630,0.000,0.370
596500,0.677,0.000,0.323
597000,0.722,0.000,0.278
597500,0.674,0.000,0.326
598000,0.636,0.000,0.364
598500,0.529,0.000,0.471
599000,0.732,0.000,0.268
599500,0.500,0.000,0.500
600000,0.717,0.000,0.283
600500,0.787,0.000,0.213
601000,0.756,0.000,0.244
601500,0.737,0.000,0.263
602000,0.598,0.000,0.402
602500,0.675,0.000,0.325
603000,0.689,0.000,0.311
603500,0.622,0.000,0.378
604000,0.525,0.000,0.475
604500,0.604,0.000,0.396
605000,0.515,0.000,0.485
605500,0.561,0.000,0.439
606000,0.679,0.000,0.321
606500,0.420,0.000,0.580
607000,0.500,0.000,0.500
607500,0.668,0.000,0.332
608000,0.601,0.000,0.399
608500,0.513,0.000,0.487
609000,0.496,0.000,0.504
609500,0.453,0.000,0.547
610000,0.560,0.000,0.440
610500,0.602,0.000,0.398
611000,0.663,0.000,0.337
611500,0.711,0.000,0.289
612000,0.592,0.000,0.408
612500,0.592,0.000,0.408
613000,0.614,0.000,0.386
613500,0.474,0.000,0.526
614000,0.439,0.000,0.561
614500,0.629,0.000,0.371
615000,0.696,0.000,0.304
615500,0.696,0.000,0.304
616000,0.613,0.000,0.387
616500,0.643,0.000,0.357
617000,0.703,0.000,0.297
617500,0.627,0.000,0.373
618000,0.612,0.000,0.388
618500,0.441,0.000,0.559
619000,0.524,0.000,0.476
619500,0.579,0.000,0.421
620000,0.587,0.000,0.413
620500,0.598,0.000,0.402
621000,0.437,0.000,0.563
621500,0.504,0.000,0.496
622000,0.622,0.000,0.378
622500,0.645,0.000,0.355
623000,0.540,0.000,0.460
623500,0.580,0.000,0.420
624000,0.724,0.000,0.276
624500,0.571,0.000,0.429
625000,0.508,0.000,0.492
625500,0.478,0.000,0.522
626000,0.625,0.000,0.375
626500,0.639,0.000,0.361
627000,0.621,0.000,0.379
627500,0.680,0.000,0.320
628000,0.804,0.000,0.196
628500,0.652,0.000,0.348
629000,0.659,0.000,0.341
629500,0.730,0.000,0.270
630000,0.612,0.000,0.388
630500,0.699,0.000,0.301
631000,0.693,0.000,0.307
631500,0.725,0.000,0.275
632000,0.553,0.000,0.447
632500,0.676,0.000,0.324
633000,0.610,0.000,0.390
633500,0.648,0.000,0.352
634000,0.783,0.000,0.217
634500,0.847,0.000,0.153
635000,0.671,0.000,0.329
635500,0.628,0.000,0.372
636000,0.582,0.000,0.418
636500,0.554,0.000,0.446
637000,0.629,0.000,0.371
637500,0.753,0.000,0.247
638000,0.814,0.000,0.186
638500,0.788,0.000,0.212
639000,0.846,0.000,0.154
639500,0.610,0.000,0.390
640000,0.792,0.000,0.208
640500,0.787,0.000,0.213
641000,0.803,0.000,0.197
641500,0.650,0.000,0.350
642000,0.807,0.000,0.193
642500,0.821,0.000,0.179
643000,0.825,0.000,0.175
643500,0.850,0.000,0.150
644000,0.679,0.000,0.321
644500,0.639,0.000,0.361
645000,0.694,0.000,0.306
645500,0.561,0.000,0.439
646000,0.524,0.000,0.476
646500,0.623,0.000,0.377
647000,0.620,0.000,0.380
647500,0.623,0.000,0.377
648000,0.614,0.000,0.386
648500,0.562,0.000,0.438
649000,0.511,0.000,0.489
649500,0.506,0.000,0.494
650000,0.664,0.000,0.336
650500,0.614,0.000,0.386
651000,0.608,0.000,0.392
651500,0.611,0.000,0.389
652000,0.672,0.000,0.328
652500,0.566,0.000,0.434
653000,0.550,0.000,0.450
653500,0.520,0.000,0.480
654000,0.521,0.000,0.479
654500,0.512,0.000,0.488
655000,0.437,0.000,0.563
655500,0.648,0.000,0.352
656000,0.613,0.000,0.387
656500,0.756,0.000,0.244
657000,0.548,0.000,0.452
657500,0.660,0.000,0.340
658000,0.574,0.000,0.426
658500,0.665,0.000,0.335
659000,0.514,0.000,0.486
659500,0.422,0.000,0.578
660000,0.525,0.000,0.475
660500,0.619,0.000,0.381
661000,0.655,0.000,0.345
661500,0.567,0.000,0.433
662000,0.595,0.000,0.405
662500,0.632,0.000,0.368
663000,0.469,0.000,0.531
663500,0.482,0.000,0.518
664000,0.547,0.000,0.453
664500,0.595,0.000,0.405
665000,0.647,0.000,0.353
665500,0.725,0.000,0.275
666000,0.804,0.000,0.196
666500,0.770,0.000,0.230
667000,0.786,0.000,0.214
667500,0.659,0.000,0.341
668000,0.691,0.000,0.309
668500,0.680,0.000,0.320
669000,0.683,0.000,0.317
669500,0.476,0.000,0.524
670000,0.635,0.000,0.365
670500,0.431,0.000,0.569
671000,0.527,0.000,0.473
671500,0.578,0.000,0.422
672000,0.673,0.000,0.327
672500,0.625,0.000,0.375
673000,0.577,0.000,0.423
673500,0.604,0.000,0.396
674000,0.604,0.000,0.396
674500,0.711,0.000,0.289
675000,0.671,0.000,0.329
675500,0.628,0.000,0.372
676000,0.568,0.000,0.432
676500,0.539,0.000,0.461
677000,0.652,0.000,0.348
677500,0.684,0.000,0.316
678000,0.548,0.000,0.452
678500,0.702,0.000,0.298
679000,0.632,0.000,0.368
679500,0.563,0.000,0.437
680000,0.633,0.000,0.367
680500,0.529,0.000,0.471
681000,0.488,0.000,0.512
681500,0.538,0.000,0.462
682000,0.696,0.000,0.304
682500,0.626,0.000,0.374
683000,0.455,0.000,0.545
683500,0.465,0.000,0.535
684000,0.457,0.000,0.543
684500,0.547,0.000,0.453
685000,0.480,0.000,0.520
685500,0.554,0.000,0.446
686000,0.542,0.000,0.458
686500,0.612,0.000,0.388
687000,0.676,0.000,0.324
687500,0.645,0.000,0.355
688000,0.578,0.000,0.422
688500,0.745,0.000,0.255
689000,0.664,0.000,0.336
689500,0.509,0.000,0.491
690000,0.522,0.000,0.478
690500,0.676,0.000,0.324
691000,0.726,0.000,0.274
691500,0.752,0.000,0.248
692000,0.695,0.000,0.305
692500,0.740,0.000,0.260
693000,0.640,0.000,0.360
693500,0.487,0.000,0.513
694000,0.568,0.000,0.432
694500,0.485,0.000,0.515
695000,0.675,0.000,0.325
695500,0.789,0.000,0.211
696000,0.498,0.000,0.502
696500,0.591,0.000,0.409
697000,0.454,0.000,0.546
697500,0.488,0.000,0.512
698000,0.512,0.000,0.488
698500,0.485,0.000,0.515
699000,0.634,0.000,0.366
699500,0.546,0.000,0.454
700000,0.554,0.000,0.446
700500,0.599,0.000,0.401
701000,0.694,0.000,0.306
701500,0.753,0.000,0.247
702000,0.707,0.000,0.293
702500,0.677,0.000,0.323
703000,0.569,0.000,0.431
703500,0.638,0.000,0.362
704000,0.623,0.000,0.377
704500,0.555,0.000,0.445
705000,0.591,0.000,0.409
705500,0.704,0.000,0.296
706000,0.700,0.000,0.300
706500,0.635,0.000,0.365
707000,0.592,0.000,0.408
707500,0.572,0.000,0.428
708000,0.609,0.000,0.391
708500,0.477,0.000,0.523
709000,0.621,0.000,0.379
709500,0.598,0.000,0.402
710000,0.677,0.000,0.323
710500,0.502,0.000,0.498
711000,0.558,0.000,0.442
711500,0.659,0.000,0.341
712000,0.574,0.000,0.426
712500,0.533,0.000,0.467
713000,0.761,0.000,0.239
713500,0.544,0.000,0.456
714000,0.502,0.000,0.498
714500,0.633,0.000,0.367
715000,0.664,0.000,0.336
715500,0.607,0.000,0.393
716000,0.741,0.000,0.259
716500,0.711,0.000,0.289
717000,0.730,0.000,0.270
717500,0.628,0.000,0.372
718000,0.629,0.000,0.371
718500,0.589,0.000,0.411
719000,0.604,0.000,0.396
719500,0.489,0.000,0.511
720000,0.529,0.000,0.471
720500,0.440,0.000,0.560
721000,0.415,0.000,0.585
721500,0.547,0.000,0.453
722000,0.540,0.000,0.460
722500,0.620,0.000,0.380
723000,0.595,0.000,0.405
723500,0.621,0.000,0.379
724000,0.475,0.000,0.525
724500,0.423,0.000,0.577
725000,0.485,0.000,0.515
725500,0.609,0.000,0.391
726000,0.571,0.000,0.429
726500,0.550,0.000,0.450
727000,0.669,0.000,0.331
727500,0.665,0.000,0.335
728000,0.631,0.000,0.369
728500,0.602,0.000,0.398
729000,0.723,0.000,0.277
729500,0.643,0.000,0.357
730000,0.606,0.000,0.394
730500,0.655,0.000,0.345
731000,0.506,0.000,0.494
731500,0.672,0.000,0.328
732000,0.613,0.000,0.387
732500,0.714,0.000,0.286
733000,0.668,0.000,0.332
733500,0.656,0.000,0.344
734000,0.715,0.000,0.285
734500,0.503,0.000,0.497
735000,0.516,0.000,0.484
735500,0.617,0.000,0.383
736000,0.637,0.000,0.363
736500,0.722,0.000,0.278
737000,0.620,0.000,0.380
737500,0.672,0.000,0.328
738000,0.500,0.000,0.500
738500,0.670,0.000,0.330
739000,0.560,0.000,0.440
739500,0.616,0.000,0.384
740000,0.531,0.000,0.469
740500,0.533,0.000,0.467
741000,0.549,0.000,0.451
741500,0.674,0.000,0.326
742000,0.634,0.000,0.366
742500,0.553,0.000,0.447
743000,0.676,0.000,0.324
743500,0.462,0.000,0.538
744000,0.549,0.000,0.451
744500,0.621,0.000,0.379
745000,0.631,0.000,0.369
745500,0.587,0.000,0.413
746000,0.787,0.000,0.213
746500,0.713,0.000,0.287
747000,0.664,0.000,0.336
747500,0.699,0.000,0.301
748000,0.571,0.000,0.429
748500,0.461,0.000,0.539
749000,0.472,0.000,0.528
749500,0.554,0.000,0.446
750000,0.524,0.000,0.476
750500,0.603,0.000,0.397
751000,0.783,0.000,0.217
751500,0.762,0.000,0.238
752000,0.860,0.000,0.140
752500,0.752,0.000,0.248
753000,0.586,0.000,0.414
753500,0.530,0.000,0.470
754000,0.535,0.000,0.465
754500,0.412,0.000,0.588
755000,0.536,0.000,0.464
755500,0.596,0.000,0.404
756000,0.782,0.000,0.218
756500,0.633,0.000,0.367
757000,0.705,0.000,0.295
757500,0.603,0.000,0.397
758000,0.552,0.000,0.448
758500,0.525,0.000,0.475
759000,0.546,0.000,0.454
759500,0.438,0.000,0.562
760000,0.555,0.000,0.445
760500,0.663,0.000,0.337
761000,0.648,0.000,0.352
761500,0.574,0.000,0.426
762000,0.592,0.000,0.408
762500,0.600,0.000,0.400
763000,0.658,0.000,0.342
763500,0.492,0.000,0.508
764000,0.573,0.000,0.427
764500,0.641,0.000,0.359
765000,0.750,0.000,0.250
765500,0.752,0.000,0.248
766000,0.783,0.000,0.217
766500,0.620,0.000,0.380
767000,0.554,0.000,0.446
767500,0.542,0.000,0.458
768000,0.510,0.000,0.490
768500,0.573,0.000,0.427
769000,0.583,0.000,0.417
769500,0.486,0.000,0.514
770000,0.578,0.000,0.422
770500,0.546,0.000,0.454
771000,0.526,0.000,0.474
771500,0.560,0.000,0.440
772000,0.610,0.000,0.390
772500,0.812,0.000,0.188
773000,0.694,0.000,0.306
773500,0.790,0.000,0.210
774000,0.524,0.000,0.476
774500,0.556,0.000,0.444
775000,0.439,0.000,0.561
775500,0.652,0.000,0.348
776000,0.524,0.000,0.476
776500,0.670,0.000,0.330
777000,0.681,0.000,0.319
777500,0.580,0.000,0.420
778000,0.638,0.000,0.362
778500,0.591,0.000,0.409
779000,0.660,0.000,0.340
779500,0.699,0.000,0.301
780000,0.518,0.000,0.482
780500,0.591,0.000,0.409
781000,0.574,0.000,0.426
781500,0.536,0.000,0.464
782000,0.596,0.000,0.404
782500,0.728,0.000,0.272
783000,0.706,0.000,0.294
783500,0.625,0.000,0.375
784000,0.649,0.000,0.351
784500,0.638,0.000,0.362
785000,0.547,0.000,0.453
785500,0.578,0.000,0.422
786000,0.642,0.000,0.358
786500,0.719,0.000,0.281
787000,0.394,0.000,0.606
787500,0.495,0.000,0.505
788000,0.723,0.000,0.277
788500,0.690,0.000,0.310
789000,0.487,0.000,0.513
789500,0.529,0.000,0.471
790000,0.506,0.000,0.494
790500,0.455,0.000,0.545
791000,0.678,0.000,0.322
791500,0.547,0.000,0.453
792000,0.546,0.000,0.454
792500,0.468,0.000,0.532
793000,0.535,0.000,0.465
793500,0.626,0.000,0.374
794000,0.546,0.000,0.454
794500,0.501,0.000,0.499
795000,0.511,0.000,0.489
795500,0.545,0.000,0.455
796000,0.622,0.000,0.378
796500,0.521,0.000,0.479
797000,0.557,0.000,0.443
797500,0.610,0.000,0.390
798000,0.572,0.000,0.428
798500,0.558,0.000,0.442
799000,0.563,0.000,0.437
799500,0.565,0.000,0.435
800000,0.701,0.000,0.299
800500,0.719,0.000,0.281
801000,0.575,0.000,0.425
801500,0.639,0.000,0.361
802000,0.698,0.000,0.302
802500,0.603,0.000,0.397
803000,0.659,0.000,0.341
803500,0.707,0.000,0.293
804000,0.744,0.000,0.256
804500,0.761,0.000,0.239
805000,0.775,0.000,0.225
805500,0.554,0.000,0.446
806000,0.668,0.000,0.332
806500,0.564,0.000,0.436
807000,0.507,0.000,0.493
807500,0.509,0.000,0.491
808000,0.586,0.000,0.414
808500,0.722,0.000,0.278
809000,0.633,0.000,0.367
809500,0.557,0.000,0.443
810000,0.559,0.000,0.441
810500,0.700,0.000,0.300
811000,0.552,0.000,0.448
811500,0.571,0.000,0.429
812000,0.677,0.000,0.323
812500,0.613,0.000,0.387
813000,0.565,0.000,0.435
813500,0.649,0.000,0.351
814000,0.634,0.000,0.366
814500,0.458,0.000,0.542
815000,0.497,0.000,0.503
815500,0.595,0.000,0.405
816000,0.602,0.000,0.398
816500,0.595,0.000,0.405
817000,0.629,0.000,0.371
817500,0.701,0.000,0.299
818000,0.614,0.000,0.386
818500,0.629,0.000,0.371
819000,0.793,0.000,0.207
819500,0.662,0.000,0.338
820000,0.768,0.000,0.232
820500,0.540,0.000,0.460
821000,0.662,0.000,0.338
821500,0.718,0.000,0.282
822000,0.648,0.000,0.352
822500,0.578,0.000,0.422
823000,0.551,0.000,0.449
823500,0.693,0.000,0.307
824000,0.665,0.000,0.335
824500,0.660,0.000,0.340
825000,0.677,0.000,0.323
825500,0.758,0.000,0.242
826000,0.721,0.000,0.279
826500,0.414,0.000,0.586
827000,0.669,0.000,0.331
827500,0.659,0.000,0.341
828000,0.673,0.000,0.327
828500,0.777,0.000,0.223
829000,0.501,0.000,0.499
829500,0.636,0.000,0.364
830000,0.708,0.000,0.292
830500,0.640,0.000,0.360
831000,0.580,0.000,0.420
831500,0.677,0.000,0.323
832000,0.685,0.000,0.315
832500,0.669,0.000,0.331
833000,0.669,0.000,0.331
833500,0.613,0.000,0.387
834000,0.537,0.000,0.463
834500,0.524,0.000,0.476
835000,0.594,0.000,0.406
835500,0.550,0.000,0.450
836000,0.664,0.000,0.336
836500,0.638,0.000,0.362
837000,0.591,0.000,0.409
837500,0.657,0.000,0.343
838000,0.566,0.000,0.434
838500,0.553,0.000,0.447
839000,0.567,0.000,0.433
839500,0.631,0.000,0.369
840000,0.639,0.000,0.361
840500,0.714,0.000,0.286
841000,0.630,0.000,0.370
841500,0.611,0.000,0.389
842000,0.504,0.000,0.496
842500,0.708,0.000,0.292
843000,0.585,0.000,0.415
843500,0.631,0.000,0.369
844000,0.605,0.000,0.395
844500,0.693,0.000,0.307
845000,0.559,0.000,0.441
845500,0.622,0.000,0.378
846000,0.731,0.000,0.269
846500,0.579,0.000,0.421
847000,0.505,0.000,0.495
847500,0.538,0.000,0.462
848000,0.523,0.000,0.477
848500,0.573,0.000,0.427
849000,0.498,0.000,0.502
849500,0.605,0.000,0.395
850000,0.544,0.000,0.456
850500,0.641,0.000,0.359
851000,0.609,0.000,0.391
851500,0.640,0.000,0.360
852000,0.555,0.000,0.445
852500,0.746,0.000,0.254
853000,0.686,0.000,0.314
853500,0.566,0.000,0.434
854000,0.566,0.000,0.434
854500,0.628,0.000,0.372
855000,0.579,0.000,0.421
855500,0.427,0.000,0.573
856000,0.649,0.000,0.351
856500,0.698,0.000,0.302
857000,0.664,0.000,0.336
857500,0.562,0.000,0.438
858000,0.530,0.000,0.470
858500,0.528,0.000,0.472
859000,0.610,0.000,0.390
859500,0.703,0.000,0.297
860000,0.602,0.000,0.398
860500,0.561,0.000,0.439
861000,0.528,0.000,0.472
861500,0.673,0.000,0.327
862000,0.707,0.000,0.293
862500,0.528,0.000,0.472
863000,0.568,0.000,0.432
863500,0.594,0.000,0.406
864000,0.720,0.000,0.280
864500,0.638,0.000,0.362
865000,0.597,0.000,0.403
865500,0.596,0.000,0.404
866000,0.750,0.000,0.250
866500,0.581,0.000,0.419
867000,0.550,0.000,0.450
867500,0.508,0.000,0.492
868000,0.473,0.000,0.527
868500,0.468,0.000,0.532
869000,0.578,0.000,0.422
869500,0.579,0.000,0.421
870000,0.676,0.000,0.324
870500,0.635,0.000,0.365
871000,0.499,0.000,0.501
871500,0.525,0.000,0.475
872000,0.592,0.000,0.408
872500,0.458,0.000,0.542
873000,0.494,0.000,0.506
873500,0.584,0.000,0.416
874000,0.577,0.000,0.423
874500,0.563,0.000,0.437
875000,0.580,0.000,0.420
875500,0.498,0.000,0.502
876000,0.475,0.000,0.525
876500,0.458,0.000,0.542
877000,0.491,0.000,0.509
877500,0.548,0.000,0.452
878000,0.599,0.000,0.401
878500,0.701,0.000,0.299
879000,0.756,0.000,0.244
879500,0.685,0.000,0.315
880000,0.825,0.000,0.175
880500,0.782,0.000,0.218
881000,0.806,0.000,0.194
881500,0.765,0.000,0.235
882000,0.595,0.000,0.405
882500,0.543,0.000,0.457
883000,0.701,0.000,0.299
883500,0.636,0.000,0.364
884000,0.473,0.000,0.527
884500,0.614,0.000,0.386
885000,0.519,0.000,0.481
885500,0.564,0.000,0.436
886000,0.657,0.000,0.343
886500,0.605,0.000,0.395
887000,0.504,0.000,0.496
887500,0.635,0.000,0.365
888000,0.688,0.000,0.312
888500,0.765,0.000,0.235
889000,0.646,0.000,0.354
889500,0.638,0.000,0.362
890000,0.432,0.000,0.568
890500,0.527,0.000,0.473
891000,0.591,0.000,0.409
891500,0.616,0.000,0.384
892000,0.685,0.000,0.315
892500,0.634,0.000,0.366
893000,0.524,0.000,0.476
893500,0.539,0.000,0.461
894000,0.635,0.000,0.365
894500,0.574,0.000,0.426
895000,0.617,0.000,0.383
895500,0.612,0.000,0.388
896000,0.567,0.000,0.433
896500,0.521,0.000,0.479
897000,0.549,0.000,0.451
897500,0.616,0.000,0.384
898000,0.487,0.000,0.513
898500,0.492,0.000,0.508
899000,0.552,0.000,0.448
899500,0.523,0.000,0.477
900000,0.511,0.000,0.489
900500,0.569,0.000,0.431
901000,0.712,0.000,0.288
901500,0.666,0.000,0.334
902000,0.549,0.000,0.451
902500,0.596,0.000,0.404
903000,0.461,0.000,0.539
903500,0.563,0.000,0.437
904000,0.746,0.000,0.254
904500,0.813,0.000,0.187
905000,0.727,0.000,0.273
905500,0.686,0.000,0.314
906000,0.616,0.000,0.384
906500,0.630,0.000,0.370
907000,0.701,0.000,0.299
907500,0.706,0.000,0.294
908000,0.667,0.000,0.333
908500,0.703,0.000,0.297
909000,0.678,0.000,0.322
909500,0.490,0.000,0.510
910000,0.577,0.000,0.423
910500,0.634,0.000,0.366
911000,0.619,0.000,0.381
911500,0.766,0.000,0.234
912000,0.756,0.000,0.244
912500,0.815,0.000,0.185
913000,0.644,0.000,0.356
913500,0.356,0.000,0.644
914000,0.650,0.000,0.350
914500,0.527,0.000,0.473
915000,0.610,0.000,0.390
915500,0.630,0.000,0.370
916000,0.557,0.000,0.443
916500,0.577,0.000,0.423
917000,0.575,0.000,0.425
917500,0.683,0.000,0.317
918000,0.506,0.000,0.494
918500,0.498,0.000,0.502
919000,0.615,0.000,0.385
919500,0.584,0.000,0.416
920000,0.564,0.000,0.436
920500,0.682,0.000,0.318
921000,0.710,0.000,0.290
921500,0.434,0.000,0.566
922000,0.568,0.000,0.432
922500,0.574,0.000,0.426
923000,0.635,0.000,0.365
923500,0.575,0.000,0.425
924000,0.644,0.000,0.356
924500,0.586,0.000,0.414
925000,0.690,0.000,0.310
925500,0.801,0.000,0.199
926000,0.502,0.000,0.498
926500,0.447,0.000,0.553
927000,0.347,0.000,0.653
927500,0.597,0.000,0.403
928000,0.572,0.000,0.428
928500,0.486,0.000,0.514
929000,0.625,0.000,0.375
929500,0.523,0.000,0.477
930000,0.547,0.000,0.453
930500,0.462,0.000,0.538
931000,0.408,0.000,0.592
931500,0.498,0.000,0.502
932000,0.558,0.000,0.442
932500,0.519,0.000,0.481
933000,0.667,0.000,0.333
933500,0.653,0.000,0.347
934000,0.734,0.000,0.266
934500,0.620,0.000,0.380
935000,0.664,0.000,0.336
935500,0.605,0.000,0.395
936000,0.635,0.000,0.365
936500,0.551,0.000,0.449
937000,0.469,0.000,0.531
937500,0.540,0.000,0.460
938000,0.691,0.000,0.309
938500,0.779,0.000,0.221
939000,0.627,0.000,0.373
939500,0.503,0.000,0.497
940000,0.532,0.000,0.468
940500,0.489,0.000,0.511
941000,0.554,0.000,0.446
941500,0.569,0.000,0.431
942000,0.678,0.000,0.322
942500,0.616,0.000,0.384
943000,0.791,0.000,0.209
943500,0.688,0.000,0.312
944000,0.749,0.000,0.251
944500,0.654,0.000,0.346
945000,0.429,0.000,0.571
945500,0.469,0.000,0.531
946000,0.562,0.000,0.438
946500,0.731,0.000,0.269
947000,0.577,0.000,0.423
947500,0.612,0.000,0.388
948000,0.606,0.000,0.394
948500,0.527,0.000,0.473
949000,0.673,0.000,0.327
949500,0.638,0.000,0.362
950000,0.424,0.000,0.576
950500,0.476,0.000,0.524
951000,0.477,0.000,0.523
951500,0.646,0.000,0.354
952000,0.696,0.000,0.304
952500,0.766,0.000,0.234
953000,0.635,0.000,0.365
953500,0.474,0.000,0.526
954000,0.589,0.000,0.411
954500,0.657,0.000,0.343
955000,0.560,0.000,0.440
955500,0.627,0.000,0.373
956000,0.759,0.000,0.241
956500,0.649,0.000,0.351
957000,0.594,0.000,0.406
957500,0.774,0.000,0.226
958000,0.761,0.000,0.239
958500,0.669,0.000,0.331
959000,0.594,0.000,0.406
959500,0.543,0.000,0.457
960000,0.712,0.000,0.288
960500,0.694,0.000,0.306
961000,0.578,0.000,0.422
961500,0.603,0.000,0.397
962000,0.556,0.000,0.444
962500,0.771,0.000,0.229
963000,0.650,0.000,0.350
963500,0.668,0.000,0.332
964000,0.563,0.000,0.437
964500,0.586,0.000,0.414
965000,0.709,0.000,0.291
965500,0.636,0.000,0.364
966000,0.599,0.000,0.401
966500,0.561,0.000,0.439
967000,0.505,0.000,0.495
967500,0.527,0.000,0.473
968000,0.644,0.000,0.356
968500,0.610,0.000,0.390
969000,0.548,0.000,0.452
969500,0.659,0.000,0.341
970000,0.551,0.000,0.449
970500,0.669,0.000,0.331
971000,0.666,0.000,0.334
971500,0.582,0.000,0.418
972000,0.599,0.000,0.401
972500,0.577,0.000,0.423
973000,0.502,0.000,0.498
973500,0.696,0.000,0.304
974000,0.454,0.000,0.546
974500,0.613,0.000,0.387
975000,0.639,0.000,0.361
975500,0.582,0.000,0.418
976000,0.450,0.000,0.550
976500,0.546,0.000,0.454
977000,0.560,0.000,0.440
977500,0.528,0.000,0.472
978000,0.579,0.000,0.421
978500,0.539,0.000,0.461
979000,0.517,0.000,0.483
979500,0.531,0.000,0.469
980000,0.496,0.000,0.504
980500,0.609,0.000,0.391
981000,0.631,0.000,0.369
981500,0.599,0.000,0.401
982000,0.722,0.000,0.278
982500,0.585,0.000,0.415
983000,0.558,0.000,0.442
983500,0.622,0.000,0.378
984000,0.527,0.000,0.473
984500,0.567,0.000,0.433
985000,0.621,0.000,0.379
985500,0.761,0.000,0.239
986000,0.622,0.000,0.378
986500,0.606,0.000,0.394
987000,0.537,0.000,0.463
987500,0.703,0.000,0.297
988000,0.619,0.000,0.381
988500,0.726,0.000,0.274
989000,0.655,0.000,0.345
989500,0.711,0.000,0.289
990000,0.525,0.000,0.475
990500,0.533,0.000,0.467
991000,0.460,0.003,0.537
991500,0.464,0.000,0.536
992000,0.594,0.000,0.406
992500,0.591,0.000,0.409
993000,0.596,0.000,0.404
993500,0.670,0.000,0.330
994000,0.592,0.000,0.408
994500,0.638,0.000,0.362
995000,0.615,0.000,0.385
995500,0.561,0.000,0.439
996000,0.663,0.000,0.337
996500,0.596,0.000,0.404
997000,0.661,0.000,0.339
997500,0.585,0.000,0.415
998000,0.599,0.000,0.401
998500,0.549,0.000,0.451
999000,0.649,0.000,0.351
999500,0.651,0.000,0.349
1000000,0.565,0.000,0.435
