time,n_A+p,n_B,n_AB,avg_entropy_simp
500,0.030,0.956,0.014,0.091610
1000,0.032,0.906,0.062,0.195597
1500,0.033,0.860,0.107,0.279447
2000,0.032,0.806,0.162,0.281813
2500,0.037,0.721,0.242,0.304700
3000,0.043,0.677,0.280,0.292355
3500,0.038,0.629,0.333,0.260844
4000,0.046,0.591,0.363,0.277573
4500,0.039,0.571,0.390,0.235707
5000,0.037,0.539,0.424,0.215470
5500,0.034,0.509,0.458,0.178137
6000,0.041,0.493,0.466,0.226527
6500,0.048,0.485,0.467,0.249408
7000,0.048,0.465,0.487,0.248732
7500,0.049,0.453,0.498,0.223255
8000,0.053,0.438,0.509,0.200157
8500,0.065,0.430,0.505,0.254533
9000,0.061,0.424,0.515,0.213592
9500,0.050,0.413,0.537,0.209261
10000,0.050,0.402,0.547,0.217883
10500,0.048,0.386,0.566,0.176919
11000,0.053,0.378,0.569,0.172679
11500,0.051,0.380,0.569,0.207068
12000,0.072,0.355,0.573,0.175929
12500,0.078,0.355,0.567,0.243468
13000,0.069,0.346,0.584,0.176559
13500,0.064,0.335,0.601,0.163520
14000,0.082,0.332,0.586,0.194852
14500,0.080,0.330,0.590,0.211874
15000,0.102,0.317,0.581,0.248049
15500,0.084,0.315,0.602,0.187000
16000,0.078,0.313,0.610,0.194615
16500,0.064,0.306,0.629,0.153232
17000,0.063,0.299,0.637,0.127039
17500,0.065,0.305,0.629,0.152615
18000,0.067,0.326,0.607,0.220010
18500,0.060,0.316,0.624,0.166039
19000,0.067,0.307,0.625,0.209053
19500,0.062,0.316,0.622,0.192046
20000,0.064,0.321,0.615,0.219548
20500,0.069,0.312,0.619,0.211140
21000,0.089,0.299,0.612,0.220873
21500,0.092,0.290,0.618,0.164866
22000,0.097,0.286,0.617,0.205293
22500,0.092,0.283,0.625,0.208274
23000,0.099,0.290,0.611,0.246049
23500,0.085,0.272,0.644,0.162350
24000,0.080,0.269,0.652,0.166929
24500,0.092,0.269,0.639,0.198584
25000,0.082,0.267,0.652,0.173881
25500,0.079,0.255,0.666,0.168903
26000,0.070,0.254,0.675,0.145934
26500,0.075,0.264,0.662,0.168384
27000,0.069,0.270,0.661,0.195089
27500,0.070,0.258,0.671,0.149641
28000,0.067,0.252,0.680,0.155256
28500,0.069,0.267,0.664,0.195808
29000,0.073,0.248,0.679,0.169180
29500,0.061,0.242,0.697,0.131999
30000,0.059,0.263,0.678,0.179561
30500,0.065,0.270,0.665,0.225652
31000,0.067,0.282,0.651,0.190647
31500,0.068,0.276,0.656,0.203222
32000,0.072,0.271,0.658,0.177431
32500,0.067,0.257,0.675,0.178456
33000,0.066,0.255,0.678,0.178086
33500,0.068,0.264,0.668,0.226226
34000,0.062,0.255,0.682,0.170392
34500,0.066,0.260,0.673,0.178937
35000,0.072,0.250,0.678,0.177802
35500,0.063,0.264,0.673,0.215101
36000,0.066,0.252,0.681,0.188674
36500,0.070,0.245,0.684,0.181591
37000,0.064,0.236,0.700,0.173794
37500,0.066,0.235,0.699,0.183755
38000,0.075,0.235,0.691,0.210343
38500,0.072,0.221,0.708,0.198920
39000,0.064,0.236,0.700,0.158952
39500,0.063,0.228,0.709,0.148187
40000,0.057,0.236,0.707,0.148461
40500,0.053,0.228,0.719,0.129151
41000,0.058,0.227,0.715,0.162407
41500,0.059,0.222,0.719,0.163013
42000,0.059,0.224,0.717,0.186226
42500,0.068,0.211,0.720,0.176745
43000,0.064,0.204,0.731,0.145939
43500,0.073,0.216,0.712,0.185592
44000,0.064,0.210,0.725,0.155483
44500,0.066,0.222,0.712,0.185555
45000,0.062,0.212,0.725,0.148789
45500,0.053,0.223,0.724,0.120250
46000,0.052,0.225,0.723,0.153618
46500,0.055,0.222,0.723,0.163429
47000,0.059,0.210,0.730,0.146382
47500,0.066,0.207,0.726,0.165342
48000,0.067,0.198,0.734,0.146412
48500,0.090,0.204,0.706,0.171569
49000,0.088,0.208,0.704,0.203642
49500,0.089,0.205,0.706,0.195722
50000,0.088,0.206,0.706,0.226063
50500,0.092,0.203,0.705,0.219171
51000,0.088,0.197,0.715,0.149636
51500,0.083,0.210,0.707,0.208930
52000,0.074,0.204,0.722,0.187513
52500,0.070,0.198,0.731,0.160138
53000,0.082,0.198,0.720,0.177806
53500,0.080,0.192,0.728,0.147977
54000,0.085,0.194,0.721,0.192707
54500,0.076,0.194,0.730,0.157414
55000,0.072,0.200,0.728,0.175523
55500,0.078,0.205,0.717,0.177910
56000,0.080,0.197,0.723,0.167921
56500,0.081,0.193,0.726,0.193949
57000,0.084,0.184,0.732,0.210037
57500,0.070,0.181,0.749,0.181861
58000,0.074,0.189,0.737,0.209462
58500,0.078,0.194,0.728,0.185689
59000,0.070,0.188,0.742,0.184426
59500,0.090,0.190,0.720,0.197838
60000,0.083,0.184,0.733,0.185551
60500,0.079,0.184,0.737,0.198393
61000,0.079,0.175,0.747,0.178255
61500,0.072,0.184,0.745,0.194690
62000,0.074,0.182,0.745,0.162235
62500,0.075,0.180,0.746,0.196295
63000,0.078,0.180,0.743,0.180255
63500,0.061,0.177,0.762,0.136988
64000,0.063,0.179,0.758,0.138681
64500,0.063,0.176,0.761,0.138334
65000,0.064,0.172,0.764,0.144329
65500,0.068,0.160,0.771,0.132334
66000,0.070,0.157,0.772,0.136892
66500,0.065,0.165,0.769,0.158138
67000,0.068,0.162,0.769,0.138325
67500,0.066,0.171,0.763,0.154984
68000,0.062,0.176,0.762,0.163769
68500,0.062,0.176,0.762,0.148181
69000,0.055,0.177,0.768,0.124598
69500,0.061,0.172,0.767,0.134563
70000,0.065,0.168,0.767,0.162125
70500,0.067,0.176,0.757,0.196525
71000,0.059,0.178,0.763,0.178501
71500,0.060,0.175,0.765,0.149816
72000,0.066,0.177,0.757,0.162817
72500,0.077,0.185,0.739,0.180782
73000,0.066,0.173,0.761,0.181195
73500,0.074,0.170,0.757,0.172386
74000,0.073,0.174,0.754,0.168425
74500,0.079,0.178,0.744,0.192915
75000,0.083,0.173,0.745,0.179673
75500,0.079,0.169,0.753,0.159658
76000,0.084,0.168,0.749,0.191380
76500,0.078,0.181,0.742,0.178875
77000,0.086,0.166,0.748,0.184756
77500,0.085,0.169,0.747,0.201827
78000,0.080,0.176,0.745,0.190361
78500,0.074,0.166,0.760,0.129473
79000,0.070,0.173,0.757,0.182036
79500,0.063,0.175,0.762,0.173833
80000,0.069,0.159,0.771,0.143771
80500,0.075,0.172,0.754,0.189620
81000,0.092,0.166,0.742,0.169430
81500,0.076,0.157,0.767,0.179438
82000,0.079,0.155,0.766,0.156760
82500,0.060,0.160,0.779,0.139931
83000,0.064,0.177,0.759,0.186452
83500,0.064,0.173,0.763,0.171648
84000,0.080,0.173,0.748,0.212607
84500,0.064,0.162,0.773,0.178829
85000,0.061,0.169,0.770,0.153531
85500,0.062,0.164,0.773,0.178197
86000,0.062,0.158,0.779,0.134130
86500,0.065,0.160,0.774,0.158666
87000,0.066,0.155,0.778,0.175090
87500,0.064,0.159,0.776,0.174792
88000,0.065,0.166,0.768,0.198106
88500,0.060,0.157,0.782,0.160173
89000,0.067,0.160,0.772,0.169612
89500,0.085,0.158,0.757,0.189283
90000,0.088,0.150,0.762,0.178621
90500,0.092,0.168,0.741,0.194790
91000,0.094,0.164,0.742,0.162362
91500,0.102,0.160,0.737,0.256804
92000,0.091,0.155,0.754,0.185287
92500,0.101,0.158,0.741,0.190698
93000,0.099,0.171,0.730,0.218768
93500,0.081,0.197,0.722,0.225235
94000,0.065,0.193,0.742,0.187407
94500,0.074,0.185,0.742,0.212841
95000,0.076,0.177,0.748,0.214930
95500,0.074,0.173,0.754,0.201117
96000,0.073,0.176,0.752,0.156925
96500,0.081,0.166,0.753,0.188490
97000,0.086,0.166,0.748,0.199641
97500,0.089,0.166,0.745,0.200972
98000,0.085,0.158,0.757,0.173855
98500,0.076,0.157,0.767,0.165573
99000,0.070,0.157,0.772,0.134832
99500,0.072,0.153,0.775,0.157318
100000,0.075,0.150,0.775,0.179962
