time,n_A+p,n_B,n_AB
500,0.030,0.876,0.094
1000,0.030,0.788,0.182
1500,0.030,0.693,0.277
2000,0.030,0.653,0.317
2500,0.030,0.586,0.384
3000,0.030,0.561,0.408
3500,0.030,0.577,0.393
4000,0.030,0.697,0.273
4500,0.030,0.690,0.280
5000,0.030,0.591,0.379
5500,0.030,0.508,0.462
6000,0.030,0.649,0.321
6500,0.030,0.695,0.275
7000,0.030,0.634,0.336
7500,0.030,0.575,0.395
8000,0.030,0.583,0.387
8500,0.030,0.600,0.370
9000,0.030,0.631,0.339
9500,0.030,0.628,0.342
10000,0.030,0.574,0.396
10500,0.030,0.683,0.287
11000,0.030,0.635,0.335
11500,0.030,0.599,0.371
12000,0.030,0.458,0.512
12500,0.030,0.461,0.509
13000,0.030,0.629,0.341
13500,0.030,0.604,0.366
14000,0.030,0.639,0.331
14500,0.030,0.639,0.331
15000,0.030,0.600,0.370
15500,0.030,0.558,0.412
16000,0.030,0.654,0.316
16500,0.030,0.617,0.353
17000,0.030,0.644,0.326
17500,0.030,0.593,0.377
18000,0.030,0.602,0.368
18500,0.030,0.548,0.421
19000,0.030,0.595,0.375
19500,0.030,0.664,0.306
20000,0.030,0.534,0.435
20500,0.030,0.592,0.378
21000,0.030,0.581,0.389
21500,0.030,0.522,0.448
22000,0.030,0.518,0.452
22500,0.030,0.580,0.390
23000,0.030,0.506,0.464
23500,0.030,0.629,0.341
24000,0.030,0.596,0.374
24500,0.030,0.586,0.384
25000,0.030,0.627,0.343
25500,0.030,0.543,0.426
26000,0.030,0.599,0.371
26500,0.030,0.573,0.397
27000,0.030,0.626,0.344
27500,0.030,0.642,0.328
28000,0.030,0.659,0.311
28500,0.030,0.630,0.340
29000,0.030,0.502,0.468
29500,0.030,0.620,0.350
30000,0.030,0.646,0.324
30500,0.030,0.651,0.319
31000,0.030,0.550,0.419
31500,0.030,0.567,0.403
32000,0.030,0.602,0.368
32500,0.030,0.653,0.317
33000,0.030,0.551,0.418
33500,0.030,0.542,0.428
34000,0.030,0.504,0.466
34500,0.030,0.570,0.400
35000,0.030,0.614,0.356
35500,0.030,0.672,0.297
36000,0.030,0.638,0.332
36500,0.030,0.591,0.379
37000,0.030,0.606,0.364
37500,0.030,0.663,0.307
38000,0.030,0.686,0.284
38500,0.030,0.676,0.294
39000,0.030,0.640,0.330
39500,0.030,0.625,0.345
40000,0.030,0.571,0.399
40500,0.030,0.473,0.497
41000,0.030,0.523,0.447
41500,0.030,0.574,0.396
42000,0.030,0.560,0.409
42500,0.030,0.679,0.291
43000,0.030,0.604,0.366
43500,0.030,0.570,0.400
44000,0.030,0.620,0.350
44500,0.030,0.518,0.452
45000,0.030,0.529,0.441
45500,0.030,0.518,0.452
46000,0.030,0.584,0.386
46500,0.030,0.577,0.393
47000,0.030,0.499,0.470
47500,0.030,0.606,0.364
48000,0.030,0.549,0.420
48500,0.030,0.569,0.401
49000,0.030,0.550,0.420
49500,0.030,0.677,0.292
50000,0.030,0.575,0.395
50500,0.030,0.612,0.358
51000,0.030,0.526,0.444
51500,0.030,0.580,0.390
52000,0.030,0.557,0.412
52500,0.030,0.510,0.460
53000,0.030,0.535,0.435
53500,0.030,0.514,0.456
54000,0.030,0.584,0.386
54500,0.030,0.624,0.346
55000,0.030,0.625,0.345
55500,0.030,0.583,0.387
56000,0.030,0.658,0.312
56500,0.030,0.688,0.282
57000,0.030,0.613,0.357
57500,0.030,0.590,0.380
58000,0.030,0.568,0.402
58500,0.030,0.641,0.329
59000,0.030,0.621,0.349
59500,0.030,0.579,0.391
60000,0.030,0.538,0.431
60500,0.030,0.610,0.360
61000,0.030,0.558,0.412
61500,0.030,0.568,0.402
62000,0.030,0.534,0.436
62500,0.030,0.592,0.378
63000,0.030,0.562,0.408
63500,0.030,0.605,0.365
64000,0.030,0.630,0.340
64500,0.030,0.699,0.271
65000,0.030,0.689,0.281
65500,0.030,0.740,0.230
66000,0.030,0.620,0.350
66500,0.030,0.585,0.385
67000,0.030,0.617,0.353
67500,0.030,0.606,0.364
68000,0.030,0.686,0.283
68500,0.030,0.709,0.261
69000,0.030,0.671,0.298
69500,0.030,0.662,0.308
70000,0.030,0.651,0.319
70500,0.030,0.618,0.352
71000,0.030,0.614,0.356
71500,0.030,0.539,0.431
72000,0.030,0.611,0.359
72500,0.030,0.598,0.372
73000,0.030,0.545,0.425
73500,0.030,0.553,0.417
74000,0.030,0.634,0.336
74500,0.030,0.600,0.370
75000,0.030,0.497,0.473
75500,0.030,0.502,0.468
76000,0.030,0.500,0.470
76500,0.030,0.599,0.371
77000,0.030,0.577,0.393
77500,0.030,0.624,0.346
78000,0.030,0.567,0.403
78500,0.030,0.548,0.421
79000,0.030,0.617,0.353
79500,0.030,0.644,0.326
80000,0.030,0.556,0.413
80500,0.030,0.602,0.368
81000,0.030,0.649,0.321
81500,0.030,0.675,0.295
82000,0.030,0.671,0.299
82500,0.030,0.686,0.283
83000,0.030,0.630,0.340
83500,0.030,0.595,0.375
84000,0.030,0.697,0.273
84500,0.030,0.707,0.263
85000,0.030,0.633,0.337
85500,0.030,0.672,0.298
86000,0.030,0.696,0.274
86500,0.030,0.624,0.346
87000,0.030,0.591,0.379
87500,0.030,0.598,0.372
88000,0.030,0.657,0.313
88500,0.030,0.613,0.357
89000,0.030,0.615,0.355
89500,0.030,0.531,0.439
90000,0.030,0.630,0.340
90500,0.030,0.561,0.409
91000,0.030,0.553,0.416
91500,0.030,0.622,0.348
92000,0.030,0.587,0.383
92500,0.030,0.550,0.419
93000,0.030,0.618,0.352
93500,0.030,0.593,0.377
94000,0.030,0.540,0.429
94500,0.030,0.552,0.418
95000,0.030,0.527,0.443
95500,0.030,0.583,0.387
96000,0.030,0.586,0.384
96500,0.030,0.603,0.367
97000,0.030,0.535,0.435
97500,0.030,0.562,0.408
98000,0.030,0.600,0.370
98500,0.030,0.566,0.404
99000,0.030,0.621,0.349
99500,0.030,0.573,0.397
100000,0.030,0.611,0.359
100500,0.030,0.551,0.418
101000,0.030,0.524,0.446
101500,0.030,0.527,0.443
102000,0.030,0.458,0.512
102500,0.030,0.544,0.425
103000,0.030,0.512,0.458
103500,0.030,0.580,0.390
104000,0.030,0.570,0.400
104500,0.030,0.571,0.399
105000,0.030,0.572,0.398
105500,0.030,0.559,0.410
106000,0.030,0.531,0.439
106500,0.030,0.591,0.379
107000,0.030,0.670,0.299
107500,0.030,0.612,0.358
108000,0.030,0.620,0.350
108500,0.030,0.577,0.393
109000,0.030,0.619,0.351
109500,0.030,0.571,0.399
110000,0.030,0.536,0.434
110500,0.030,0.562,0.407
111000,0.030,0.498,0.471
111500,0.030,0.516,0.454
112000,0.030,0.501,0.469
112500,0.030,0.536,0.434
113000,0.030,0.627,0.343
113500,0.030,0.634,0.336
114000,0.030,0.579,0.391
114500,0.030,0.597,0.373
115000,0.030,0.531,0.439
115500,0.030,0.577,0.393
116000,0.030,0.557,0.413
116500,0.030,0.640,0.330
117000,0.030,0.499,0.470
117500,0.030,0.545,0.424
118000,0.030,0.507,0.463
118500,0.030,0.527,0.443
119000,0.030,0.551,0.419
119500,0.030,0.594,0.376
120000,0.030,0.657,0.313
120500,0.030,0.622,0.348
121000,0.030,0.603,0.367
121500,0.030,0.662,0.307
122000,0.030,0.691,0.279
122500,0.030,0.599,0.371
123000,0.030,0.620,0.350
123500,0.030,0.652,0.318
124000,0.030,0.726,0.244
124500,0.030,0.629,0.341
125000,0.030,0.601,0.369
125500,0.030,0.560,0.409
126000,0.030,0.610,0.360
126500,0.030,0.533,0.437
127000,0.030,0.678,0.291
127500,0.030,0.604,0.366
128000,0.030,0.574,0.396
128500,0.030,0.607,0.363
129000,0.030,0.550,0.420
129500,0.030,0.608,0.362
130000,0.030,0.603,0.367
130500,0.030,0.581,0.389
131000,0.030,0.593,0.377
131500,0.030,0.610,0.360
132000,0.030,0.525,0.445
132500,0.030,0.642,0.328
133000,0.030,0.636,0.334
133500,0.030,0.549,0.421
134000,0.030,0.517,0.453
134500,0.030,0.550,0.419
135000,0.030,0.579,0.391
135500,0.030,0.627,0.343
136000,0.030,0.596,0.374
136500,0.030,0.594,0.376
137000,0.030,0.608,0.362
137500,0.030,0.539,0.430
138000,0.030,0.548,0.421
138500,0.030,0.548,0.421
139000,0.030,0.539,0.430
139500,0.030,0.589,0.381
140000,0.030,0.591,0.379
140500,0.030,0.565,0.405
141000,0.030,0.506,0.464
141500,0.030,0.570,0.400
142000,0.030,0.572,0.398
142500,0.030,0.506,0.464
143000,0.030,0.555,0.415
143500,0.030,0.467,0.503
144000,0.030,0.548,0.422
144500,0.030,0.622,0.348
145000,0.030,0.673,0.297
145500,0.030,0.647,0.323
146000,0.030,0.637,0.333
146500,0.030,0.635,0.335
147000,0.030,0.516,0.454
147500,0.030,0.566,0.404
148000,0.030,0.574,0.396
148500,0.030,0.618,0.352
149000,0.030,0.546,0.424
149500,0.030,0.516,0.454
150000,0.030,0.500,0.470
150500,0.030,0.459,0.511
151000,0.030,0.508,0.462
151500,0.030,0.583,0.387
152000,0.030,0.602,0.368
152500,0.030,0.657,0.313
153000,0.030,0.575,0.395
153500,0.030,0.523,0.447
154000,0.030,0.483,0.487
154500,0.030,0.638,0.332
155000,0.030,0.558,0.412
155500,0.030,0.549,0.421
156000,0.030,0.579,0.391
156500,0.030,0.607,0.363
157000,0.030,0.631,0.339
157500,0.030,0.503,0.467
158000,0.030,0.604,0.366
158500,0.030,0.562,0.408
159000,0.030,0.524,0.446
159500,0.030,0.573,0.397
160000,0.030,0.585,0.385
160500,0.030,0.609,0.361
161000,0.030,0.540,0.429
161500,0.030,0.479,0.490
162000,0.030,0.553,0.417
162500,0.030,0.612,0.358
163000,0.030,0.580,0.390
163500,0.030,0.579,0.391
164000,0.030,0.641,0.329
164500,0.030,0.705,0.265
165000,0.030,0.647,0.323
165500,0.030,0.644,0.326
166000,0.030,0.606,0.364
166500,0.030,0.668,0.302
167000,0.030,0.717,0.253
167500,0.030,0.726,0.244
168000,0.030,0.603,0.367
168500,0.030,0.637,0.333
169000,0.030,0.749,0.221
169500,0.030,0.604,0.366
170000,0.030,0.610,0.360
170500,0.030,0.614,0.356
171000,0.030,0.651,0.319
171500,0.030,0.704,0.266
172000,0.030,0.603,0.367
172500,0.030,0.592,0.378
173000,0.030,0.596,0.374
173500,0.030,0.607,0.363
174000,0.030,0.671,0.299
174500,0.030,0.650,0.320
175000,0.030,0.640,0.330
175500,0.030,0.638,0.332
176000,0.030,0.615,0.355
176500,0.030,0.651,0.319
177000,0.030,0.746,0.224
177500,0.030,0.646,0.324
178000,0.030,0.648,0.322
178500,0.030,0.651,0.319
179000,0.030,0.747,0.223
179500,0.030,0.750,0.220
180000,0.030,0.679,0.290
180500,0.030,0.585,0.385
181000,0.030,0.665,0.304
181500,0.030,0.604,0.366
182000,0.030,0.521,0.449
182500,0.030,0.620,0.350
183000,0.030,0.599,0.371
183500,0.030,0.554,0.415
184000,0.030,0.568,0.402
184500,0.030,0.622,0.348
185000,0.030,0.588,0.382
185500,0.030,0.578,0.392
186000,0.030,0.483,0.486
186500,0.030,0.542,0.428
187000,0.030,0.593,0.377
187500,0.030,0.553,0.416
188000,0.030,0.550,0.420
188500,0.030,0.531,0.439
189000,0.030,0.512,0.458
189500,0.030,0.498,0.471
190000,0.030,0.467,0.503
190500,0.030,0.517,0.453
191000,0.030,0.582,0.388
191500,0.030,0.630,0.340
192000,0.030,0.622,0.348
192500,0.030,0.567,0.403
193000,0.030,0.591,0.379
193500,0.030,0.637,0.333
194000,0.030,0.613,0.357
194500,0.030,0.594,0.376
195000,0.030,0.664,0.305
195500,0.030,0.644,0.326
196000,0.030,0.671,0.299
196500,0.030,0.629,0.341
197000,0.030,0.673,0.297
197500,0.030,0.589,0.381
198000,0.030,0.551,0.418
198500,0.030,0.478,0.492
199000,0.030,0.480,0.490
199500,0.030,0.616,0.354
200000,0.030,0.489,0.480
200500,0.030,0.597,0.373
201000,0.030,0.600,0.370
201500,0.030,0.643,0.327
202000,0.030,0.669,0.300
202500,0.030,0.611,0.359
203000,0.030,0.642,0.328
203500,0.030,0.571,0.399
204000,0.030,0.501,0.469
204500,0.030,0.540,0.430
205000,0.030,0.458,0.512
205500,0.030,0.443,0.527
206000,0.030,0.424,0.545
206500,0.030,0.550,0.419
207000,0.030,0.603,0.367
207500,0.030,0.598,0.372
208000,0.030,0.584,0.386
208500,0.030,0.604,0.366
209000,0.030,0.637,0.333
209500,0.030,0.683,0.287
210000,0.030,0.669,0.301
210500,0.030,0.595,0.375
211000,0.030,0.611,0.359
211500,0.030,0.669,0.301
212000,0.030,0.620,0.350
212500,0.030,0.587,0.383
213000,0.030,0.543,0.427
213500,0.030,0.633,0.337
214000,0.030,0.592,0.378
214500,0.030,0.531,0.439
215000,0.030,0.599,0.371
215500,0.030,0.588,0.382
216000,0.030,0.568,0.402
216500,0.030,0.648,0.322
217000,0.030,0.572,0.398
217500,0.030,0.518,0.452
218000,0.030,0.608,0.362
218500,0.030,0.562,0.408
219000,0.030,0.526,0.444
219500,0.030,0.516,0.454
220000,0.030,0.523,0.447
220500,0.030,0.674,0.295
221000,0.030,0.708,0.262
221500,0.030,0.748,0.222
222000,0.030,0.737,0.233
222500,0.030,0.715,0.255
223000,0.030,0.664,0.306
223500,0.030,0.710,0.260
224000,0.030,0.603,0.367
224500,0.030,0.542,0.428
225000,0.030,0.575,0.395
225500,0.030,0.623,0.347
226000,0.030,0.546,0.423
226500,0.030,0.537,0.433
227000,0.030,0.614,0.356
227500,0.030,0.607,0.363
228000,0.030,0.621,0.349
228500,0.030,0.610,0.360
229000,0.030,0.606,0.364
229500,0.030,0.658,0.311
230000,0.030,0.525,0.445
230500,0.030,0.544,0.426
231000,0.030,0.565,0.405
231500,0.030,0.570,0.400
232000,0.030,0.566,0.404
232500,0.030,0.547,0.423
233000,0.030,0.536,0.433
233500,0.030,0.559,0.411
234000,0.030,0.508,0.462
234500,0.030,0.664,0.305
235000,0.030,0.585,0.385
235500,0.030,0.487,0.482
236000,0.030,0.531,0.439
236500,0.030,0.490,0.479
237000,0.030,0.554,0.416
237500,0.030,0.598,0.372
238000,0.030,0.574,0.396
238500,0.030,0.653,0.317
239000,0.030,0.584,0.386
239500,0.030,0.549,0.420
240000,0.030,0.569,0.401
240500,0.030,0.525,0.445
241000,0.030,0.485,0.485
241500,0.030,0.576,0.394
242000,0.030,0.660,0.309
242500,0.030,0.599,0.371
243000,0.030,0.597,0.373
243500,0.030,0.653,0.317
244000,0.030,0.664,0.305
244500,0.030,0.685,0.284
245000,0.030,0.697,0.273
245500,0.030,0.706,0.264
246000,0.030,0.731,0.239
246500,0.030,0.645,0.325
247000,0.030,0.663,0.307
247500,0.030,0.613,0.357
248000,0.030,0.597,0.373
248500,0.030,0.585,0.385
249000,0.030,0.588,0.382
249500,0.030,0.542,0.428
250000,0.030,0.600,0.370
250500,0.030,0.719,0.251
251000,0.030,0.619,0.351
251500,0.030,0.625,0.345
252000,0.030,0.660,0.310
252500,0.030,0.631,0.339
253000,0.030,0.575,0.395
253500,0.030,0.660,0.310
254000,0.030,0.591,0.379
254500,0.030,0.584,0.386
255000,0.030,0.499,0.470
255500,0.030,0.546,0.424
256000,0.030,0.589,0.381
256500,0.030,0.458,0.512
257000,0.030,0.497,0.473
257500,0.030,0.534,0.435
258000,0.030,0.534,0.435
258500,0.030,0.618,0.352
259000,0.030,0.694,0.276
259500,0.030,0.672,0.297
260000,0.030,0.663,0.307
260500,0.030,0.641,0.329
261000,0.030,0.662,0.308
261500,0.030,0.633,0.337
262000,0.030,0.550,0.419
262500,0.030,0.576,0.394
263000,0.030,0.562,0.407
263500,0.030,0.538,0.432
264000,0.030,0.590,0.380
264500,0.030,0.579,0.391
265000,0.030,0.609,0.361
265500,0.030,0.598,0.372
266000,0.030,0.651,0.319
266500,0.030,0.556,0.413
267000,0.030,0.618,0.352
267500,0.030,0.656,0.314
268000,0.030,0.533,0.437
268500,0.030,0.665,0.305
269000,0.030,0.619,0.351
269500,0.030,0.602,0.368
270000,0.030,0.673,0.297
270500,0.030,0.658,0.312
271000,0.030,0.695,0.275
271500,0.030,0.638,0.332
272000,0.030,0.608,0.362
272500,0.030,0.598,0.372
273000,0.030,0.521,0.449
273500,0.030,0.557,0.412
274000,0.030,0.481,0.489
274500,0.030,0.556,0.414
275000,0.030,0.613,0.357
275500,0.030,0.568,0.402
276000,0.030,0.570,0.400
276500,0.030,0.647,0.323
277000,0.030,0.620,0.350
277500,0.030,0.516,0.454
278000,0.030,0.594,0.376
278500,0.030,0.542,0.427
279000,0.030,0.571,0.399
279500,0.030,0.548,0.421
280000,0.030,0.585,0.385
280500,0.030,0.670,0.299
281000,0.030,0.656,0.314
281500,0.030,0.617,0.353
282000,0.030,0.634,0.336
282500,0.030,0.630,0.340
283000,0.030,0.634,0.336
283500,0.030,0.641,0.329
284000,0.030,0.619,0.351
284500,0.030,0.639,0.331
285000,0.030,0.605,0.365
285500,0.030,0.599,0.371
286000,0.030,0.611,0.359
286500,0.030,0.603,0.367
287000,0.030,0.542,0.428
287500,0.030,0.588,0.382
288000,0.030,0.526,0.444
288500,0.030,0.504,0.466
289000,0.030,0.595,0.375
289500,0.030,0.596,0.374
290000,0.030,0.688,0.282
290500,0.030,0.665,0.305
291000,0.030,0.591,0.379
291500,0.030,0.617,0.353
292000,0.030,0.596,0.374
292500,0.030,0.585,0.385
293000,0.030,0.617,0.353
293500,0.030,0.638,0.332
294000,0.030,0.637,0.333
294500,0.030,0.632,0.338
295000,0.030,0.638,0.332
295500,0.030,0.635,0.335
296000,0.030,0.618,0.352
296500,0.030,0.665,0.304
297000,0.030,0.564,0.406
297500,0.030,0.579,0.391
298000,0.030,0.614,0.356
298500,0.030,0.630,0.340
299000,0.030,0.572,0.398
299500,0.030,0.563,0.407
300000,0.030,0.617,0.353
300500,0.030,0.669,0.300
301000,0.030,0.692,0.278
301500,0.030,0.610,0.360
302000,0.030,0.546,0.423
302500,0.030,0.613,0.357
303000,0.030,0.570,0.400
303500,0.030,0.531,0.439
304000,0.030,0.545,0.424
304500,0.030,0.624,0.346
305000,0.030,0.651,0.319
305500,0.030,0.545,0.424
306000,0.030,0.556,0.414
306500,0.030,0.662,0.307
307000,0.030,0.694,0.276
307500,0.030,0.598,0.372
308000,0.030,0.552,0.417
308500,0.030,0.533,0.437
309000,0.030,0.572,0.398
309500,0.030,0.608,0.362
310000,0.030,0.567,0.403
310500,0.030,0.522,0.448
311000,0.030,0.617,0.353
311500,0.030,0.635,0.335
312000,0.030,0.534,0.436
312500,0.030,0.615,0.355
313000,0.030,0.602,0.368
313500,0.030,0.544,0.425
314000,0.030,0.553,0.416
314500,0.030,0.596,0.374
315000,0.030,0.634,0.336
315500,0.030,0.541,0.429
316000,0.030,0.563,0.407
316500,0.030,0.559,0.410
317000,0.030,0.593,0.377
317500,0.030,0.625,0.345
318000,0.030,0.666,0.303
318500,0.030,0.685,0.285
319000,0.030,0.550,0.419
319500,0.030,0.584,0.386
320000,0.030,0.597,0.373
320500,0.030,0.581,0.389
321000,0.030,0.673,0.297
321500,0.030,0.574,0.396
322000,0.030,0.561,0.408
322500,0.030,0.537,0.432
323000,0.030,0.524,0.446
323500,0.030,0.502,0.468
324000,0.030,0.527,0.443
324500,0.030,0.534,0.435
325000,0.030,0.527,0.443
325500,0.030,0.544,0.426
326000,0.030,0.537,0.433
326500,0.030,0.665,0.305
327000,0.030,0.681,0.288
327500,0.030,0.691,0.279
328000,0.030,0.713,0.257
328500,0.030,0.642,0.328
329000,0.030,0.660,0.309
329500,0.030,0.570,0.400
330000,0.030,0.631,0.339
330500,0.030,0.610,0.360
331000,0.030,0.499,0.470
331500,0.030,0.562,0.407
332000,0.030,0.498,0.472
332500,0.030,0.516,0.454
333000,0.030,0.569,0.401
333500,0.030,0.543,0.427
334000,0.030,0.613,0.357
334500,0.030,0.572,0.398
335000,0.030,0.616,0.354
335500,0.030,0.575,0.395
336000,0.030,0.653,0.317
336500,0.030,0.616,0.354
337000,0.030,0.561,0.408
337500,0.030,0.620,0.350
338000,0.030,0.609,0.361
338500,0.030,0.627,0.343
339000,0.030,0.596,0.374
339500,0.030,0.626,0.344
340000,0.030,0.667,0.302
340500,0.030,0.683,0.286
341000,0.030,0.574,0.396
341500,0.030,0.503,0.467
342000,0.030,0.567,0.403
342500,0.030,0.580,0.390
343000,0.030,0.612,0.358
343500,0.030,0.689,0.281
344000,0.030,0.555,0.414
344500,0.030,0.601,0.369
345000,0.030,0.567,0.403
345500,0.030,0.511,0.459
346000,0.030,0.587,0.383
346500,0.030,0.565,0.405
347000,0.030,0.483,0.487
347500,0.030,0.501,0.469
348000,0.030,0.585,0.385
348500,0.030,0.625,0.345
349000,0.030,0.625,0.345
349500,0.030,0.687,0.283
350000,0.030,0.648,0.322
350500,0.030,0.651,0.319
351000,0.030,0.574,0.396
351500,0.030,0.587,0.383
352000,0.030,0.562,0.408
352500,0.030,0.501,0.469
353000,0.030,0.598,0.372
353500,0.030,0.614,0.356
354000,0.030,0.682,0.288
354500,0.030,0.651,0.319
355000,0.030,0.676,0.294
355500,0.030,0.697,0.273
356000,0.030,0.746,0.224
356500,0.030,0.655,0.315
357000,0.030,0.628,0.342
357500,0.030,0.593,0.377
358000,0.030,0.698,0.272
358500,0.030,0.715,0.255
359000,0.030,0.593,0.377
359500,0.030,0.607,0.363
360000,0.030,0.658,0.312
360500,0.030,0.573,0.397
361000,0.030,0.610,0.360
361500,0.030,0.659,0.311
362000,0.030,0.669,0.301
362500,0.030,0.745,0.225
363000,0.030,0.662,0.307
363500,0.030,0.664,0.306
364000,0.030,0.606,0.364
364500,0.030,0.502,0.468
365000,0.030,0.578,0.392
365500,0.030,0.607,0.363
366000,0.030,0.682,0.287
366500,0.030,0.590,0.380
367000,0.030,0.559,0.411
367500,0.030,0.619,0.351
368000,0.030,0.611,0.359
368500,0.030,0.507,0.463
369000,0.030,0.570,0.400
369500,0.030,0.590,0.380
370000,0.030,0.560,0.410
370500,0.030,0.544,0.426
371000,0.030,0.533,0.436
371500,0.030,0.542,0.427
372000,0.030,0.532,0.438
372500,0.030,0.696,0.274
373000,0.030,0.632,0.338
373500,0.030,0.616,0.354
374000,0.030,0.591,0.379
374500,0.030,0.553,0.416
375000,0.030,0.579,0.391
375500,0.030,0.599,0.371
376000,0.030,0.507,0.463
376500,0.030,0.510,0.460
377000,0.030,0.557,0.413
377500,0.030,0.543,0.426
378000,0.030,0.568,0.402
378500,0.030,0.558,0.411
379000,0.030,0.633,0.337
379500,0.030,0.657,0.312
380000,0.030,0.551,0.419
380500,0.030,0.555,0.414
381000,0.030,0.517,0.453
381500,0.030,0.544,0.425
382000,0.030,0.545,0.424
382500,0.030,0.525,0.445
383000,0.030,0.585,0.385
383500,0.030,0.550,0.419
384000,0.030,0.662,0.307
384500,0.030,0.612,0.358
385000,0.030,0.525,0.445
385500,0.030,0.519,0.451
386000,0.030,0.493,0.476
386500,0.030,0.535,0.435
387000,0.030,0.554,0.416
387500,0.030,0.580,0.390
388000,0.030,0.636,0.334
388500,0.030,0.625,0.345
389000,0.030,0.539,0.430
389500,0.030,0.680,0.290
390000,0.030,0.678,0.292
390500,0.030,0.575,0.395
391000,0.030,0.663,0.307
391500,0.030,0.521,0.449
392000,0.030,0.566,0.404
392500,0.030,0.613,0.357
393000,0.030,0.597,0.373
393500,0.030,0.538,0.432
394000,0.030,0.528,0.442
394500,0.030,0.551,0.418
395000,0.030,0.638,0.332
395500,0.030,0.667,0.303
396000,0.030,0.690,0.280
396500,0.030,0.673,0.297
397000,0.030,0.714,0.256
397500,0.030,0.686,0.284
398000,0.030,0.596,0.374
398500,0.030,0.489,0.480
399000,0.030,0.562,0.408
399500,0.030,0.581,0.389
400000,0.030,0.609,0.361
400500,0.030,0.602,0.368
401000,0.030,0.546,0.423
401500,0.030,0.603,0.367
402000,0.030,0.660,0.310
402500,0.030,0.648,0.322
403000,0.030,0.678,0.291
403500,0.030,0.575,0.395
404000,0.030,0.557,0.413
404500,0.030,0.474,0.495
405000,0.030,0.564,0.406
405500,0.030,0.605,0.365
406000,0.030,0.557,0.412
406500,0.030,0.599,0.371
407000,0.030,0.586,0.384
407500,0.030,0.672,0.298
408000,0.030,0.592,0.378
408500,0.030,0.584,0.386
409000,0.030,0.571,0.399
409500,0.030,0.560,0.410
410000,0.030,0.543,0.426
410500,0.030,0.580,0.390
411000,0.030,0.637,0.333
411500,0.030,0.589,0.381
412000,0.030,0.578,0.392
412500,0.030,0.646,0.324
413000,0.030,0.683,0.287
413500,0.030,0.625,0.345
414000,0.030,0.676,0.293
414500,0.030,0.692,0.278
415000,0.030,0.610,0.360
415500,0.030,0.539,0.430
416000,0.030,0.553,0.417
416500,0.030,0.577,0.393
417000,0.030,0.571,0.399
417500,0.030,0.622,0.348
418000,0.030,0.565,0.405
418500,0.030,0.500,0.470
419000,0.030,0.594,0.376
419500,0.030,0.684,0.286
420000,0.030,0.676,0.293
420500,0.030,0.621,0.349
421000,0.030,0.592,0.378
421500,0.030,0.633,0.337
422000,0.030,0.697,0.273
422500,0.030,0.558,0.412
423000,0.030,0.552,0.417
423500,0.030,0.664,0.305
424000,0.030,0.615,0.355
424500,0.030,0.561,0.409
425000,0.030,0.566,0.404
425500,0.030,0.647,0.323
426000,0.030,0.604,0.366
426500,0.030,0.587,0.383
427000,0.030,0.619,0.351
427500,0.030,0.508,0.462
428000,0.030,0.509,0.461
428500,0.030,0.533,0.436
429000,0.030,0.553,0.416
429500,0.030,0.583,0.387
430000,0.030,0.624,0.346
430500,0.030,0.590,0.380
431000,0.030,0.623,0.347
431500,0.030,0.693,0.277
432000,0.030,0.674,0.296
432500,0.030,0.586,0.384
433000,0.030,0.572,0.398
433500,0.030,0.669,0.300
434000,0.030,0.659,0.311
434500,0.030,0.727,0.243
435000,0.030,0.722,0.248
435500,0.030,0.606,0.364
436000,0.030,0.649,0.321
436500,0.030,0.694,0.276
437000,0.030,0.644,0.326
437500,0.030,0.684,0.286
438000,0.030,0.661,0.308
438500,0.030,0.612,0.358
439000,0.030,0.572,0.398
439500,0.030,0.568,0.402
440000,0.030,0.624,0.346
440500,0.030,0.625,0.345
441000,0.030,0.600,0.370
441500,0.030,0.579,0.391
442000,0.030,0.523,0.447
442500,0.030,0.588,0.382
443000,0.030,0.644,0.326
443500,0.030,0.626,0.344
444000,0.030,0.561,0.408
444500,0.030,0.565,0.405
445000,0.030,0.613,0.357
445500,0.030,0.555,0.415
446000,0.030,0.570,0.400
446500,0.030,0.640,0.330
447000,0.030,0.646,0.324
447500,0.030,0.604,0.366
448000,0.030,0.620,0.350
448500,0.030,0.565,0.405
449000,0.030,0.582,0.388
449500,0.030,0.588,0.382
450000,0.030,0.584,0.386
450500,0.030,0.592,0.378
451000,0.030,0.599,0.371
451500,0.030,0.618,0.352
452000,0.030,0.599,0.371
452500,0.030,0.616,0.354
453000,0.030,0.633,0.337
453500,0.030,0.597,0.373
454000,0.030,0.537,0.433
454500,0.030,0.555,0.414
455000,0.030,0.640,0.330
455500,0.030,0.672,0.297
456000,0.030,0.447,0.523
456500,0.030,0.523,0.447
457000,0.030,0.469,0.501
457500,0.030,0.572,0.398
458000,0.030,0.602,0.368
458500,0.030,0.635,0.335
459000,0.030,0.616,0.354
459500,0.030,0.657,0.313
460000,0.030,0.682,0.287
460500,0.030,0.602,0.368
461000,0.030,0.542,0.428
461500,0.030,0.675,0.295
462000,0.030,0.580,0.390
462500,0.030,0.607,0.363
463000,0.030,0.584,0.386
463500,0.030,0.529,0.441
464000,0.030,0.520,0.450
464500,0.030,0.521,0.449
465000,0.030,0.558,0.412
465500,0.030,0.497,0.473
466000,0.030,0.552,0.417
466500,0.030,0.661,0.309
467000,0.030,0.532,0.438
467500,0.030,0.637,0.333
468000,0.030,0.567,0.403
468500,0.030,0.580,0.390
469000,0.030,0.591,0.379
469500,0.030,0.596,0.374
470000,0.030,0.573,0.397
470500,0.030,0.575,0.395
471000,0.030,0.607,0.363
471500,0.030,0.623,0.347
472000,0.030,0.570,0.400
472500,0.030,0.573,0.397
473000,0.030,0.640,0.330
473500,0.030,0.619,0.351
474000,0.030,0.622,0.348
474500,0.030,0.651,0.319
475000,0.030,0.579,0.391
475500,0.030,0.605,0.365
476000,0.030,0.523,0.447
476500,0.030,0.585,0.385
477000,0.030,0.568,0.402
477500,0.030,0.575,0.395
478000,0.030,0.631,0.339
478500,0.030,0.596,0.374
479000,0.030,0.576,0.394
479500,0.030,0.538,0.431
480000,0.030,0.646,0.324
480500,0.030,0.638,0.332
481000,0.030,0.591,0.379
481500,0.030,0.608,0.362
482000,0.030,0.633,0.337
482500,0.030,0.604,0.366
483000,0.030,0.645,0.325
483500,0.030,0.573,0.397
484000,0.030,0.605,0.365
484500,0.030,0.634,0.336
485000,0.030,0.626,0.344
485500,0.030,0.638,0.332
486000,0.030,0.535,0.435
486500,0.030,0.558,0.411
487000,0.030,0.584,0.386
487500,0.030,0.612,0.358
488000,0.030,0.668,0.301
488500,0.030,0.518,0.452
489000,0.030,0.553,0.416
489500,0.030,0.485,0.485
490000,0.030,0.544,0.425
490500,0.030,0.643,0.327
491000,0.030,0.668,0.302
491500,0.030,0.568,0.402
492000,0.030,0.588,0.382
492500,0.030,0.590,0.380
493000,0.030,0.574,0.396
493500,0.030,0.570,0.400
494000,0.030,0.603,0.367
494500,0.030,0.605,0.365
495000,0.030,0.616,0.354
495500,0.030,0.624,0.346
496000,0.030,0.728,0.242
496500,0.030,0.750,0.220
497000,0.030,0.717,0.253
497500,0.030,0.577,0.393
498000,0.030,0.554,0.416
498500,0.030,0.613,0.357
499000,0.030,0.641,0.329
499500,0.030,0.686,0.284
500000,0.030,0.654,0.316
500500,0.030,0.622,0.348
501000,0.030,0.562,0.408
501500,0.030,0.604,0.366
502000,0.030,0.624,0.346
502500,0.030,0.558,0.412
503000,0.030,0.587,0.383
503500,0.030,0.591,0.379
504000,0.030,0.585,0.385
504500,0.030,0.498,0.471
505000,0.030,0.541,0.428
505500,0.030,0.565,0.405
506000,0.030,0.582,0.388
506500,0.030,0.613,0.357
507000,0.030,0.546,0.423
507500,0.030,0.462,0.508
508000,0.030,0.506,0.464
508500,0.030,0.604,0.366
509000,0.030,0.593,0.377
509500,0.030,0.616,0.354
510000,0.030,0.563,0.407
510500,0.030,0.594,0.376
511000,0.030,0.531,0.439
511500,0.030,0.501,0.469
512000,0.030,0.525,0.445
512500,0.030,0.455,0.515
513000,0.030,0.555,0.414
513500,0.030,0.643,0.327
514000,0.030,0.608,0.362
514500,0.030,0.606,0.364
515000,0.030,0.654,0.316
515500,0.030,0.640,0.330
516000,0.030,0.628,0.342
516500,0.030,0.687,0.283
517000,0.030,0.666,0.304
517500,0.030,0.550,0.419
518000,0.030,0.555,0.415
518500,0.030,0.550,0.419
519000,0.030,0.568,0.402
519500,0.030,0.648,0.322
520000,0.030,0.522,0.448
520500,0.030,0.574,0.396
521000,0.030,0.664,0.305
521500,0.030,0.592,0.378
522000,0.030,0.652,0.318
522500,0.030,0.681,0.288
523000,0.030,0.630,0.340
523500,0.030,0.644,0.326
524000,0.030,0.620,0.350
524500,0.030,0.559,0.410
525000,0.030,0.585,0.385
525500,0.030,0.543,0.427
526000,0.030,0.593,0.377
526500,0.030,0.519,0.451
527000,0.030,0.564,0.406
527500,0.030,0.647,0.323
528000,0.030,0.539,0.430
528500,0.030,0.654,0.316
529000,0.030,0.727,0.243
529500,0.030,0.596,0.374
530000,0.030,0.577,0.393
530500,0.030,0.553,0.416
531000,0.030,0.567,0.403
531500,0.030,0.536,0.434
532000,0.030,0.541,0.429
532500,0.030,0.543,0.426
533000,0.030,0.607,0.363
533500,0.030,0.576,0.394
534000,0.030,0.607,0.363
534500,0.030,0.682,0.288
535000,0.030,0.665,0.305
535500,0.030,0.624,0.346
536000,0.030,0.684,0.286
536500,0.030,0.646,0.324
537000,0.030,0.514,0.456
537500,0.030,0.587,0.383
538000,0.030,0.542,0.428
538500,0.030,0.466,0.504
539000,0.030,0.540,0.430
539500,0.030,0.610,0.360
540000,0.030,0.533,0.437
540500,0.030,0.520,0.450
541000,0.030,0.602,0.368
541500,0.030,0.507,0.463
542000,0.030,0.453,0.517
542500,0.030,0.538,0.432
543000,0.030,0.568,0.402
543500,0.030,0.566,0.404
544000,0.030,0.595,0.375
544500,0.030,0.595,0.375
545000,0.030,0.633,0.337
545500,0.030,0.603,0.367
546000,0.030,0.568,0.402
546500,0.030,0.566,0.404
547000,0.030,0.544,0.425
547500,0.030,0.536,0.433
548000,0.030,0.583,0.387
548500,0.030,0.717,0.253
549000,0.030,0.695,0.275
549500,0.030,0.651,0.319
550000,0.030,0.632,0.338
550500,0.030,0.642,0.328
551000,0.030,0.647,0.323
551500,0.030,0.673,0.297
552000,0.030,0.665,0.305
552500,0.030,0.661,0.308
553000,0.030,0.656,0.314
553500,0.030,0.620,0.350
554000,0.030,0.598,0.372
554500,0.030,0.595,0.375
555000,0.030,0.518,0.452
555500,0.030,0.568,0.402
556000,0.030,0.615,0.355
556500,0.030,0.602,0.368
557000,0.030,0.585,0.385
557500,0.030,0.618,0.352
558000,0.030,0.633,0.337
558500,0.030,0.628,0.342
559000,0.030,0.646,0.324
559500,0.030,0.665,0.305
560000,0.030,0.643,0.327
560500,0.030,0.697,0.273
561000,0.030,0.742,0.228
561500,0.030,0.527,0.443
562000,0.030,0.510,0.460
562500,0.030,0.613,0.357
563000,0.030,0.654,0.316
563500,0.030,0.635,0.335
564000,0.030,0.616,0.354
564500,0.030,0.535,0.434
565000,0.030,0.544,0.425
565500,0.030,0.489,0.480
566000,0.030,0.539,0.431
566500,0.030,0.509,0.461
567000,0.030,0.545,0.425
567500,0.030,0.612,0.358
568000,0.030,0.623,0.347
568500,0.030,0.625,0.345
569000,0.030,0.625,0.345
569500,0.030,0.645,0.325
570000,0.030,0.652,0.318
570500,0.030,0.637,0.333
571000,0.030,0.718,0.252
571500,0.030,0.623,0.347
572000,0.030,0.558,0.412
572500,0.030,0.609,0.361
573000,0.030,0.594,0.376
573500,0.030,0.589,0.381
574000,0.030,0.593,0.377
574500,0.030,0.639,0.331
575000,0.030,0.595,0.375
575500,0.030,0.526,0.444
576000,0.030,0.510,0.460
576500,0.030,0.554,0.416
577000,0.030,0.575,0.395
577500,0.030,0.575,0.395
578000,0.030,0.608,0.362
578500,0.030,0.633,0.337
579000,0.030,0.545,0.425
579500,0.030,0.558,0.412
580000,0.030,0.575,0.395
580500,0.030,0.547,0.423
581000,0.030,0.542,0.428
581500,0.030,0.578,0.392
582000,0.030,0.562,0.408
582500,0.030,0.472,0.497
583000,0.030,0.524,0.446
583500,0.030,0.569,0.401
584000,0.030,0.575,0.395
584500,0.030,0.574,0.396
585000,0.030,0.499,0.470
585500,0.030,0.485,0.484
586000,0.030,0.562,0.407
586500,0.030,0.561,0.409
587000,0.030,0.567,0.403
587500,0.030,0.562,0.408
588000,0.030,0.554,0.416
588500,0.030,0.482,0.487
589000,0.030,0.435,0.535
589500,0.030,0.509,0.461
590000,0.030,0.584,0.386
590500,0.030,0.534,0.435
591000,0.030,0.615,0.355
591500,0.030,0.639,0.331
592000,0.030,0.637,0.333
592500,0.030,0.545,0.424
593000,0.030,0.569,0.401
593500,0.030,0.631,0.339
594000,0.030,0.637,0.333
594500,0.030,0.644,0.326
595000,0.030,0.621,0.349
595500,0.030,0.589,0.381
596000,0.030,0.600,0.370
596500,0.030,0.553,0.417
597000,0.030,0.549,0.420
597500,0.030,0.548,0.422
598000,0.030,0.563,0.407
598500,0.030,0.605,0.365
599000,0.030,0.671,0.298
599500,0.030,0.616,0.354
600000,0.030,0.600,0.370
600500,0.030,0.622,0.348
601000,0.030,0.546,0.423
601500,0.030,0.519,0.451
602000,0.030,0.581,0.389
602500,0.030,0.616,0.354
603000,0.030,0.625,0.345
603500,0.030,0.631,0.339
604000,0.030,0.566,0.404
604500,0.030,0.516,0.454
605000,0.030,0.577,0.393
605500,0.030,0.596,0.374
606000,0.030,0.630,0.340
606500,0.030,0.608,0.362
607000,0.030,0.651,0.319
607500,0.030,0.665,0.304
608000,0.030,0.619,0.351
608500,0.030,0.592,0.378
609000,0.030,0.583,0.387
609500,0.030,0.535,0.434
610000,0.030,0.622,0.348
610500,0.030,0.587,0.383
611000,0.030,0.562,0.407
611500,0.030,0.604,0.366
612000,0.030,0.645,0.325
612500,0.030,0.572,0.398
613000,0.030,0.623,0.347
613500,0.030,0.616,0.354
614000,0.030,0.530,0.440
614500,0.030,0.549,0.420
615000,0.030,0.541,0.428
615500,0.030,0.524,0.446
616000,0.030,0.507,0.463
616500,0.030,0.536,0.434
617000,0.030,0.671,0.298
617500,0.030,0.556,0.413
618000,0.030,0.523,0.447
618500,0.030,0.484,0.485
619000,0.030,0.489,0.481
619500,0.030,0.582,0.388
620000,0.030,0.629,0.341
620500,0.030,0.660,0.309
621000,0.030,0.625,0.345
621500,0.030,0.678,0.292
622000,0.030,0.603,0.367
622500,0.030,0.614,0.356
623000,0.030,0.620,0.350
623500,0.030,0.587,0.383
624000,0.030,0.565,0.405
624500,0.030,0.588,0.382
625000,0.030,0.595,0.375
625500,0.030,0.614,0.356
626000,0.030,0.580,0.390
626500,0.030,0.624,0.346
627000,0.030,0.638,0.332
627500,0.030,0.631,0.339
628000,0.030,0.688,0.282
628500,0.030,0.708,0.262
629000,0.030,0.723,0.247
629500,0.030,0.810,0.160
630000,0.030,0.727,0.243
630500,0.030,0.703,0.267
631000,0.030,0.719,0.251
631500,0.030,0.696,0.274
632000,0.030,0.616,0.354
632500,0.030,0.671,0.298
633000,0.030,0.602,0.368
633500,0.030,0.572,0.398
634000,0.030,0.521,0.449
634500,0.030,0.498,0.471
635000,0.030,0.586,0.384
635500,0.030,0.521,0.449
636000,0.030,0.603,0.367
636500,0.030,0.597,0.373
637000,0.030,0.556,0.414
637500,0.030,0.575,0.395
638000,0.030,0.568,0.402
638500,0.030,0.507,0.463
639000,0.030,0.549,0.420
639500,0.030,0.565,0.405
640000,0.030,0.569,0.401
640500,0.030,0.464,0.506
641000,0.030,0.525,0.445
641500,0.030,0.559,0.410
642000,0.030,0.534,0.436
642500,0.030,0.667,0.302
643000,0.030,0.569,0.401
643500,0.030,0.554,0.415
644000,0.030,0.524,0.446
644500,0.030,0.501,0.469
645000,0.030,0.569,0.401
645500,0.030,0.588,0.382
646000,0.030,0.541,0.428
646500,0.030,0.515,0.455
647000,0.030,0.567,0.403
647500,0.030,0.632,0.338
648000,0.030,0.617,0.353
648500,0.030,0.570,0.400
649000,0.030,0.577,0.393
649500,0.030,0.615,0.355
650000,0.030,0.604,0.366
650500,0.030,0.616,0.354
651000,0.030,0.532,0.438
651500,0.030,0.570,0.400
652000,0.030,0.610,0.360
652500,0.030,0.625,0.345
653000,0.030,0.688,0.282
653500,0.030,0.646,0.324
654000,0.030,0.655,0.315
654500,0.030,0.561,0.409
655000,0.030,0.505,0.465
655500,0.030,0.366,0.604
656000,0.030,0.524,0.446
656500,0.030,0.561,0.409
657000,0.030,0.608,0.362
657500,0.030,0.606,0.364
658000,0.030,0.566,0.404
658500,0.030,0.621,0.349
659000,0.030,0.612,0.358
659500,0.030,0.554,0.416
660000,0.030,0.567,0.403
660500,0.030,0.633,0.337
661000,0.030,0.576,0.394
661500,0.030,0.559,0.411
662000,0.030,0.568,0.402
662500,0.030,0.478,0.491
663000,0.030,0.547,0.422
663500,0.030,0.633,0.337
664000,0.030,0.588,0.382
664500,0.030,0.643,0.327
665000,0.030,0.579,0.391
665500,0.030,0.556,0.413
666000,0.030,0.558,0.411
666500,0.030,0.436,0.534
667000,0.030,0.561,0.409
667500,0.030,0.639,0.331
668000,0.030,0.600,0.370
668500,0.030,0.615,0.355
669000,0.030,0.583,0.387
669500,0.030,0.611,0.359
670000,0.030,0.557,0.412
670500,0.030,0.519,0.451
671000,0.030,0.634,0.336
671500,0.030,0.636,0.334
672000,0.030,0.632,0.338
672500,0.030,0.598,0.372
673000,0.030,0.691,0.279
673500,0.030,0.646,0.324
674000,0.030,0.623,0.347
674500,0.030,0.634,0.336
675000,0.030,0.716,0.254
675500,0.030,0.649,0.321
676000,0.030,0.630,0.340
676500,0.030,0.528,0.442
677000,0.030,0.579,0.391
677500,0.030,0.565,0.405
678000,0.030,0.545,0.424
678500,0.030,0.511,0.459
679000,0.030,0.604,0.366
679500,0.030,0.656,0.314
680000,0.030,0.608,0.362
680500,0.030,0.620,0.350
681000,0.030,0.686,0.284
681500,0.030,0.621,0.349
682000,0.030,0.559,0.410
682500,0.030,0.578,0.392
683000,0.030,0.608,0.362
683500,0.030,0.621,0.349
684000,0.030,0.693,0.277
684500,0.030,0.679,0.291
685000,0.030,0.556,0.414
685500,0.030,0.501,0.469
686000,0.030,0.565,0.405
686500,0.030,0.580,0.390
687000,0.030,0.592,0.378
687500,0.030,0.582,0.388
688000,0.030,0.526,0.444
688500,0.030,0.525,0.445
689000,0.030,0.562,0.408
689500,0.030,0.596,0.374
690000,0.030,0.610,0.360
690500,0.030,0.575,0.395
691000,0.030,0.573,0.397
691500,0.030,0.604,0.366
692000,0.030,0.579,0.391
692500,0.030,0.630,0.340
693000,0.030,0.679,0.290
693500,0.030,0.600,0.370
694000,0.030,0.549,0.420
694500,0.030,0.566,0.404
695000,0.030,0.571,0.399
695500,0.030,0.535,0.435
696000,0.030,0.578,0.392
696500,0.030,0.652,0.318
697000,0.030,0.697,0.273
697500,0.030,0.610,0.360
698000,0.030,0.570,0.400
698500,0.030,0.590,0.380
699000,0.030,0.635,0.335
699500,0.030,0.617,0.353
700000,0.030,0.587,0.383
700500,0.030,0.557,0.412
701000,0.030,0.663,0.306
701500,0.030,0.593,0.377
702000,0.030,0.577,0.393
702500,0.030,0.540,0.429
703000,0.030,0.489,0.481
703500,0.030,0.610,0.360
704000,0.030,0.556,0.413
704500,0.030,0.577,0.393
705000,0.030,0.572,0.398
705500,0.030,0.560,0.409
706000,0.030,0.519,0.451
706500,0.030,0.567,0.403
707000,0.030,0.672,0.297
707500,0.030,0.621,0.349
708000,0.030,0.632,0.338
708500,0.030,0.601,0.369
709000,0.030,0.573,0.397
709500,0.030,0.470,0.500
710000,0.030,0.514,0.456
710500,0.030,0.573,0.397
711000,0.030,0.573,0.397
711500,0.030,0.565,0.405
712000,0.030,0.605,0.365
712500,0.030,0.612,0.358
713000,0.030,0.614,0.356
713500,0.030,0.641,0.329
714000,0.030,0.620,0.350
714500,0.030,0.582,0.388
715000,0.030,0.637,0.333
715500,0.030,0.583,0.387
716000,0.030,0.590,0.380
716500,0.030,0.590,0.380
717000,0.030,0.574,0.396
717500,0.030,0.569,0.401
718000,0.030,0.569,0.401
718500,0.030,0.541,0.428
719000,0.030,0.512,0.458
719500,0.030,0.621,0.349
720000,0.030,0.618,0.352
720500,0.030,0.608,0.362
721000,0.030,0.626,0.344
721500,0.030,0.549,0.420
722000,0.030,0.614,0.356
722500,0.030,0.538,0.432
723000,0.030,0.523,0.447
723500,0.030,0.569,0.401
724000,0.030,0.616,0.354
724500,0.030,0.607,0.363
725000,0.030,0.623,0.347
725500,0.030,0.619,0.351
726000,0.030,0.635,0.335
726500,0.030,0.577,0.393
727000,0.030,0.582,0.388
727500,0.030,0.628,0.342
728000,0.030,0.617,0.353
728500,0.030,0.604,0.366
729000,0.030,0.696,0.274
729500,0.030,0.564,0.406
730000,0.030,0.580,0.390
730500,0.030,0.635,0.335
731000,0.030,0.527,0.443
731500,0.030,0.554,0.415
732000,0.030,0.635,0.335
732500,0.030,0.530,0.440
733000,0.030,0.582,0.388
733500,0.030,0.578,0.392
734000,0.030,0.620,0.350
734500,0.030,0.642,0.328
735000,0.030,0.609,0.361
735500,0.030,0.551,0.419
736000,0.030,0.540,0.430
736500,0.030,0.545,0.425
737000,0.030,0.535,0.435
737500,0.030,0.503,0.467
738000,0.030,0.599,0.371
738500,0.030,0.650,0.320
739000,0.030,0.583,0.387
739500,0.030,0.643,0.327
740000,0.030,0.668,0.301
740500,0.030,0.658,0.312
741000,0.030,0.593,0.377
741500,0.030,0.637,0.333
742000,0.030,0.587,0.383
742500,0.030,0.529,0.441
743000,0.030,0.575,0.395
743500,0.030,0.562,0.407
744000,0.030,0.576,0.394
744500,0.030,0.558,0.412
745000,0.030,0.581,0.389
745500,0.030,0.587,0.383
746000,0.030,0.532,0.438
746500,0.030,0.575,0.395
747000,0.030,0.611,0.359
747500,0.030,0.613,0.357
748000,0.030,0.628,0.342
748500,0.030,0.533,0.436
749000,0.030,0.580,0.390
749500,0.030,0.583,0.387
750000,0.030,0.575,0.395
750500,0.030,0.562,0.407
751000,0.030,0.554,0.415
751500,0.030,0.584,0.386
752000,0.030,0.578,0.392
752500,0.030,0.592,0.378
753000,0.030,0.553,0.416
753500,0.030,0.556,0.413
754000,0.030,0.617,0.353
754500,0.030,0.575,0.395
755000,0.030,0.524,0.446
755500,0.030,0.566,0.404
756000,0.030,0.653,0.317
756500,0.030,0.652,0.318
757000,0.030,0.675,0.294
757500,0.030,0.658,0.311
758000,0.030,0.744,0.226
758500,0.030,0.684,0.285
759000,0.030,0.684,0.286
759500,0.030,0.613,0.357
760000,0.030,0.625,0.345
760500,0.030,0.591,0.379
761000,0.030,0.514,0.456
761500,0.030,0.543,0.427
762000,0.030,0.585,0.385
762500,0.030,0.593,0.377
763000,0.030,0.531,0.439
763500,0.030,0.576,0.394
764000,0.030,0.610,0.360
764500,0.030,0.582,0.388
765000,0.030,0.624,0.346
765500,0.030,0.592,0.378
766000,0.030,0.535,0.434
766500,0.030,0.568,0.402
767000,0.030,0.589,0.381
767500,0.030,0.621,0.349
768000,0.030,0.527,0.443
768500,0.030,0.565,0.405
769000,0.030,0.596,0.374
769500,0.030,0.651,0.319
770000,0.030,0.657,0.313
770500,0.030,0.586,0.384
771000,0.030,0.603,0.367
771500,0.030,0.562,0.408
772000,0.030,0.535,0.434
772500,0.030,0.605,0.365
773000,0.030,0.579,0.391
773500,0.030,0.675,0.294
774000,0.030,0.616,0.354
774500,0.030,0.650,0.320
775000,0.030,0.571,0.399
775500,0.030,0.582,0.388
776000,0.030,0.564,0.406
776500,0.030,0.588,0.382
777000,0.030,0.625,0.345
777500,0.030,0.613,0.357
778000,0.030,0.585,0.385
778500,0.030,0.652,0.318
779000,0.030,0.600,0.370
779500,0.030,0.593,0.377
780000,0.030,0.573,0.397
780500,0.030,0.569,0.401
781000,0.030,0.494,0.475
781500,0.030,0.531,0.439
782000,0.030,0.535,0.434
782500,0.030,0.505,0.465
783000,0.030,0.625,0.345
783500,0.030,0.630,0.340
784000,0.030,0.516,0.454
784500,0.030,0.589,0.381
785000,0.030,0.663,0.307
785500,0.030,0.632,0.338
786000,0.030,0.589,0.381
786500,0.030,0.623,0.347
787000,0.030,0.682,0.287
787500,0.030,0.652,0.318
788000,0.030,0.606,0.364
788500,0.030,0.656,0.314
789000,0.030,0.612,0.358
789500,0.030,0.626,0.344
790000,0.030,0.551,0.418
790500,0.030,0.611,0.359
791000,0.030,0.601,0.369
791500,0.030,0.648,0.322
792000,0.030,0.630,0.340
792500,0.030,0.591,0.379
793000,0.030,0.574,0.396
793500,0.030,0.504,0.466
794000,0.030,0.601,0.369
794500,0.030,0.554,0.416
795000,0.030,0.589,0.381
795500,0.030,0.578,0.392
796000,0.030,0.577,0.393
796500,0.030,0.511,0.459
797000,0.030,0.557,0.412
797500,0.030,0.583,0.387
798000,0.030,0.532,0.438
798500,0.030,0.564,0.406
799000,0.030,0.493,0.476
799500,0.030,0.640,0.330
800000,0.030,0.586,0.384
800500,0.030,0.566,0.404
801000,0.030,0.562,0.407
801500,0.030,0.560,0.409
802000,0.030,0.499,0.470
802500,0.030,0.497,0.473
803000,0.030,0.574,0.396
803500,0.030,0.542,0.427
804000,0.030,0.552,0.418
804500,0.030,0.611,0.359
805000,0.030,0.632,0.338
805500,0.030,0.612,0.358
806000,0.030,0.650,0.320
806500,0.030,0.667,0.303
807000,0.030,0.673,0.296
807500,0.030,0.691,0.279
808000,0.030,0.618,0.352
808500,0.030,0.609,0.361
809000,0.030,0.626,0.344
809500,0.030,0.666,0.304
810000,0.030,0.676,0.294
810500,0.030,0.660,0.310
811000,0.030,0.661,0.308
811500,0.030,0.690,0.280
812000,0.030,0.730,0.240
812500,0.030,0.591,0.379
813000,0.030,0.532,0.438
813500,0.030,0.642,0.328
814000,0.030,0.595,0.375
814500,0.030,0.535,0.435
815000,0.030,0.498,0.472
815500,0.030,0.504,0.466
816000,0.030,0.514,0.456
816500,0.030,0.641,0.329
817000,0.030,0.584,0.386
817500,0.030,0.601,0.369
818000,0.030,0.593,0.377
818500,0.030,0.556,0.414
819000,0.030,0.563,0.407
819500,0.030,0.499,0.471
820000,0.030,0.539,0.431
820500,0.030,0.629,0.341
821000,0.030,0.650,0.320
821500,0.030,0.610,0.360
822000,0.030,0.522,0.448
822500,0.030,0.534,0.436
823000,0.030,0.510,0.460
823500,0.030,0.551,0.419
824000,0.030,0.684,0.285
824500,0.030,0.668,0.301
825000,0.030,0.598,0.372
825500,0.030,0.561,0.408
826000,0.030,0.624,0.346
826500,0.030,0.568,0.402
827000,0.030,0.447,0.523
827500,0.030,0.564,0.406
828000,0.030,0.530,0.440
828500,0.030,0.506,0.464
829000,0.030,0.501,0.469
829500,0.030,0.583,0.387
830000,0.030,0.504,0.466
830500,0.030,0.531,0.439
831000,0.030,0.557,0.413
831500,0.030,0.568,0.402
832000,0.030,0.551,0.419
832500,0.030,0.538,0.432
833000,0.030,0.525,0.445
833500,0.030,0.624,0.346
834000,0.030,0.560,0.410
834500,0.030,0.557,0.413
835000,0.030,0.507,0.463
835500,0.030,0.572,0.398
836000,0.030,0.574,0.396
836500,0.030,0.588,0.382
837000,0.030,0.597,0.373
837500,0.030,0.606,0.364
838000,0.030,0.706,0.264
838500,0.030,0.582,0.388
839000,0.030,0.579,0.391
839500,0.030,0.593,0.377
840000,0.030,0.681,0.288
840500,0.030,0.651,0.319
841000,0.030,0.643,0.327
841500,0.030,0.637,0.333
842000,0.030,0.618,0.352
842500,0.030,0.564,0.406
843000,0.030,0.506,0.464
843500,0.030,0.675,0.295
844000,0.030,0.589,0.381
844500,0.030,0.568,0.402
845000,0.030,0.555,0.414
845500,0.030,0.532,0.438
846000,0.030,0.497,0.473
846500,0.030,0.578,0.392
847000,0.030,0.613,0.357
847500,0.030,0.576,0.394
848000,0.030,0.573,0.397
848500,0.030,0.571,0.399
849000,0.030,0.637,0.333
849500,0.030,0.556,0.414
850000,0.030,0.645,0.325
850500,0.030,0.585,0.385
851000,0.030,0.627,0.343
851500,0.030,0.594,0.376
852000,0.030,0.516,0.454
852500,0.030,0.536,0.434
853000,0.030,0.580,0.390
853500,0.030,0.515,0.455
854000,0.030,0.493,0.477
854500,0.030,0.544,0.426
855000,0.030,0.553,0.417
855500,0.030,0.575,0.395
856000,0.030,0.546,0.424
856500,0.030,0.519,0.451
857000,0.030,0.528,0.442
857500,0.030,0.534,0.436
858000,0.030,0.528,0.442
858500,0.030,0.536,0.434
859000,0.030,0.556,0.413
859500,0.030,0.595,0.375
860000,0.030,0.604,0.366
860500,0.030,0.614,0.356
861000,0.030,0.600,0.370
861500,0.030,0.568,0.402
862000,0.030,0.547,0.422
862500,0.030,0.586,0.384
863000,0.030,0.562,0.408
863500,0.030,0.648,0.322
864000,0.030,0.669,0.300
864500,0.030,0.645,0.325
865000,0.030,0.615,0.355
865500,0.030,0.615,0.355
866000,0.030,0.565,0.405
866500,0.030,0.541,0.429
867000,0.030,0.610,0.360
867500,0.030,0.482,0.487
868000,0.030,0.518,0.452
868500,0.030,0.576,0.394
869000,0.030,0.531,0.439
869500,0.030,0.550,0.420
870000,0.030,0.568,0.402
870500,0.030,0.531,0.439
871000,0.030,0.584,0.386
871500,0.030,0.661,0.309
872000,0.030,0.700,0.270
872500,0.030,0.573,0.397
873000,0.030,0.536,0.433
873500,0.030,0.512,0.458
874000,0.030,0.470,0.499
874500,0.030,0.585,0.385
875000,0.030,0.609,0.361
875500,0.030,0.656,0.314
876000,0.030,0.591,0.379
876500,0.030,0.557,0.412
877000,0.030,0.611,0.359
877500,0.030,0.625,0.345
878000,0.030,0.666,0.303
878500,0.030,0.629,0.341
879000,0.030,0.629,0.341
879500,0.030,0.634,0.336
880000,0.030,0.544,0.425
880500,0.030,0.571,0.399
881000,0.030,0.578,0.392
881500,0.030,0.604,0.366
882000,0.030,0.622,0.348
882500,0.030,0.594,0.376
883000,0.030,0.615,0.355
883500,0.030,0.540,0.430
884000,0.030,0.576,0.394
884500,0.030,0.648,0.322
885000,0.030,0.611,0.359
885500,0.030,0.510,0.460
886000,0.030,0.498,0.471
886500,0.030,0.588,0.382
887000,0.030,0.553,0.416
887500,0.030,0.611,0.359
888000,0.030,0.601,0.369
888500,0.030,0.689,0.281
889000,0.030,0.562,0.407
889500,0.030,0.539,0.430
890000,0.030,0.515,0.455
890500,0.030,0.593,0.377
891000,0.030,0.569,0.401
891500,0.030,0.524,0.446
892000,0.030,0.517,0.453
892500,0.030,0.603,0.367
893000,0.030,0.636,0.334
893500,0.030,0.554,0.415
894000,0.030,0.605,0.365
894500,0.030,0.703,0.267
895000,0.030,0.735,0.235
895500,0.030,0.765,0.205
896000,0.030,0.661,0.308
896500,0.030,0.599,0.371
897000,0.030,0.537,0.433
897500,0.030,0.630,0.340
898000,0.030,0.584,0.386
898500,0.030,0.559,0.411
899000,0.030,0.556,0.413
899500,0.030,0.490,0.480
900000,0.030,0.559,0.411
900500,0.030,0.588,0.382
901000,0.030,0.585,0.385
901500,0.030,0.568,0.402
902000,0.030,0.561,0.408
902500,0.030,0.647,0.323
903000,0.030,0.628,0.342
903500,0.030,0.662,0.308
904000,0.030,0.577,0.393
904500,0.030,0.579,0.391
905000,0.030,0.522,0.448
905500,0.030,0.519,0.451
906000,0.030,0.559,0.410
906500,0.030,0.548,0.421
907000,0.030,0.568,0.402
907500,0.030,0.534,0.436
908000,0.030,0.572,0.398
908500,0.030,0.542,0.428
909000,0.030,0.554,0.415
909500,0.030,0.599,0.371
910000,0.030,0.622,0.348
910500,0.030,0.565,0.405
911000,0.030,0.608,0.362
911500,0.030,0.599,0.371
912000,0.030,0.553,0.416
912500,0.030,0.541,0.429
913000,0.030,0.549,0.421
913500,0.030,0.569,0.401
914000,0.030,0.542,0.427
914500,0.030,0.540,0.430
915000,0.030,0.576,0.394
915500,0.030,0.657,0.313
916000,0.030,0.609,0.361
916500,0.030,0.621,0.349
917000,0.030,0.566,0.404
917500,0.030,0.570,0.400
918000,0.030,0.549,0.420
918500,0.030,0.670,0.299
919000,0.030,0.565,0.405
919500,0.030,0.560,0.410
920000,0.030,0.578,0.392
920500,0.030,0.613,0.357
921000,0.030,0.624,0.346
921500,0.030,0.621,0.349
922000,0.030,0.627,0.343
922500,0.030,0.629,0.341
923000,0.030,0.521,0.449
923500,0.030,0.593,0.377
924000,0.030,0.621,0.349
924500,0.030,0.617,0.353
925000,0.030,0.660,0.310
925500,0.030,0.665,0.305
926000,0.030,0.636,0.334
926500,0.030,0.588,0.382
927000,0.030,0.552,0.417
927500,0.030,0.579,0.391
928000,0.030,0.657,0.312
928500,0.030,0.601,0.369
929000,0.030,0.526,0.444
929500,0.030,0.518,0.452
930000,0.030,0.477,0.493
930500,0.030,0.552,0.418
931000,0.030,0.474,0.496
931500,0.030,0.512,0.458
932000,0.030,0.557,0.412
932500,0.030,0.663,0.306
933000,0.030,0.596,0.374
933500,0.030,0.589,0.381
934000,0.030,0.601,0.369
934500,0.030,0.625,0.345
935000,0.030,0.614,0.356
935500,0.030,0.503,0.467
936000,0.030,0.587,0.383
936500,0.030,0.583,0.387
937000,0.030,0.558,0.411
937500,0.030,0.654,0.316
938000,0.030,0.669,0.300
938500,0.030,0.657,0.313
939000,0.030,0.641,0.329
939500,0.030,0.703,0.267
940000,0.030,0.579,0.391
940500,0.030,0.556,0.413
941000,0.030,0.626,0.344
941500,0.030,0.597,0.373
942000,0.030,0.630,0.340
942500,0.030,0.609,0.361
943000,0.030,0.645,0.325
943500,0.030,0.685,0.285
944000,0.030,0.620,0.350
944500,0.030,0.649,0.321
945000,0.030,0.562,0.408
945500,0.030,0.550,0.419
946000,0.030,0.584,0.386
946500,0.030,0.582,0.388
947000,0.030,0.521,0.449
947500,0.030,0.629,0.341
948000,0.030,0.596,0.374
948500,0.030,0.597,0.373
949000,0.030,0.517,0.453
949500,0.030,0.431,0.538
950000,0.030,0.610,0.360
950500,0.030,0.556,0.414
951000,0.030,0.634,0.336
951500,0.030,0.603,0.367
952000,0.030,0.605,0.365
952500,0.030,0.555,0.414
953000,0.030,0.578,0.392
953500,0.030,0.524,0.446
954000,0.030,0.616,0.354
954500,0.030,0.610,0.360
955000,0.030,0.583,0.387
955500,0.030,0.628,0.342
956000,0.030,0.573,0.397
956500,0.030,0.561,0.409
957000,0.030,0.585,0.385
957500,0.030,0.601,0.369
958000,0.030,0.616,0.354
958500,0.030,0.538,0.432
959000,0.030,0.625,0.345
959500,0.030,0.529,0.441
960000,0.030,0.556,0.414
960500,0.030,0.593,0.377
961000,0.030,0.532,0.438
961500,0.030,0.543,0.427
962000,0.030,0.599,0.371
962500,0.030,0.590,0.380
963000,0.030,0.585,0.385
963500,0.030,0.546,0.423
964000,0.030,0.643,0.327
964500,0.030,0.683,0.287
965000,0.030,0.623,0.347
965500,0.030,0.681,0.289
966000,0.030,0.699,0.271
966500,0.030,0.626,0.344
967000,0.030,0.653,0.317
967500,0.030,0.530,0.440
968000,0.030,0.516,0.454
968500,0.030,0.566,0.404
969000,0.030,0.665,0.304
969500,0.030,0.681,0.288
970000,0.030,0.674,0.295
970500,0.030,0.644,0.326
971000,0.030,0.492,0.477
971500,0.030,0.507,0.463
972000,0.030,0.554,0.416
972500,0.030,0.592,0.378
973000,0.030,0.625,0.345
973500,0.030,0.554,0.416
974000,0.030,0.581,0.389
974500,0.030,0.630,0.340
975000,0.030,0.535,0.435
975500,0.030,0.565,0.405
976000,0.030,0.644,0.326
976500,0.030,0.605,0.365
977000,0.030,0.545,0.425
977500,0.030,0.531,0.439
978000,0.030,0.580,0.390
978500,0.030,0.653,0.317
979000,0.030,0.607,0.363
979500,0.030,0.612,0.358
980000,0.030,0.641,0.329
980500,0.030,0.611,0.359
981000,0.030,0.592,0.378
981500,0.030,0.605,0.365
982000,0.030,0.479,0.490
982500,0.030,0.507,0.463
983000,0.030,0.624,0.346
983500,0.030,0.541,0.429
984000,0.030,0.624,0.346
984500,0.030,0.640,0.330
985000,0.030,0.617,0.353
985500,0.030,0.653,0.317
986000,0.030,0.483,0.487
986500,0.030,0.527,0.443
987000,0.030,0.560,0.409
987500,0.030,0.551,0.418
988000,0.030,0.640,0.330
988500,0.030,0.604,0.366
989000,0.030,0.623,0.347
989500,0.030,0.593,0.377
990000,0.030,0.639,0.331
990500,0.030,0.630,0.340
991000,0.030,0.670,0.300
991500,0.030,0.603,0.367
992000,0.030,0.549,0.420
992500,0.030,0.547,0.423
993000,0.030,0.539,0.430
993500,0.030,0.604,0.366
994000,0.030,0.581,0.389
994500,0.030,0.572,0.398
995000,0.030,0.622,0.348
995500,0.030,0.555,0.414
996000,0.030,0.631,0.339
996500,0.030,0.636,0.334
997000,0.030,0.573,0.397
997500,0.030,0.616,0.354
998000,0.030,0.535,0.435
998500,0.030,0.485,0.484
999000,0.030,0.559,0.410
999500,0.030,0.594,0.376
1000000,0.030,0.517,0.453
