time,n_A+p,n_B,n_AB
100,0.513,0.316,0.171
200,0.355,0.395,0.250
300,0.316,0.342,0.342
400,0.382,0.211,0.408
500,0.342,0.237,0.421
600,0.618,0.105,0.276
700,0.803,0.053,0.145
800,0.816,0.026,0.158
900,0.921,0.026,0.053
1000,0.961,0.013,0.026
1100,0.961,0.013,0.026
1200,0.961,0.013,0.026
1300,0.974,0.013,0.013
1400,0.974,0.013,0.013
1500,0.987,0.013,0.000
1600,0.987,0.013,0.000
1700,0.987,0.000,0.013
1800,1.000,0.000,0.000
