time,n_A+p,n_B,n_AB,avg_entropy_simp
500,0.030,0.941,0.030,0.091017
1000,0.038,0.937,0.026,0.092482
1500,0.040,0.925,0.035,0.104974
2000,0.036,0.932,0.033,0.094181
2500,0.035,0.915,0.050,0.114513
3000,0.035,0.938,0.028,0.078542
3500,0.035,0.939,0.027,0.081185
4000,0.040,0.928,0.032,0.096587
4500,0.041,0.921,0.038,0.101566
5000,0.043,0.915,0.042,0.106081
5500,0.047,0.907,0.046,0.116311
6000,0.043,0.913,0.044,0.121214
6500,0.039,0.928,0.033,0.086611
7000,0.040,0.936,0.025,0.067370
7500,0.041,0.925,0.034,0.076324
8000,0.053,0.895,0.052,0.131928
8500,0.046,0.897,0.057,0.111337
9000,0.040,0.906,0.054,0.113269
9500,0.054,0.891,0.055,0.116392
10000,0.044,0.890,0.066,0.110769
10500,0.046,0.892,0.062,0.133050
11000,0.042,0.907,0.051,0.101858
11500,0.039,0.912,0.049,0.088068
12000,0.041,0.921,0.038,0.085191
12500,0.035,0.925,0.040,0.090457
13000,0.038,0.910,0.052,0.084508
13500,0.036,0.906,0.058,0.084963
14000,0.036,0.900,0.064,0.093002
14500,0.038,0.909,0.053,0.074710
15000,0.039,0.903,0.058,0.103047
15500,0.041,0.895,0.064,0.093370
16000,0.042,0.884,0.075,0.120138
16500,0.037,0.892,0.072,0.126923
17000,0.045,0.904,0.051,0.076671
17500,0.049,0.867,0.084,0.176481
18000,0.047,0.875,0.078,0.136201
18500,0.049,0.873,0.078,0.131060
19000,0.047,0.885,0.068,0.145514
19500,0.046,0.895,0.059,0.097719
20000,0.052,0.900,0.048,0.088219
20500,0.052,0.889,0.059,0.099828
21000,0.042,0.878,0.080,0.127397
21500,0.036,0.896,0.068,0.095846
22000,0.039,0.902,0.059,0.090482
22500,0.042,0.910,0.048,0.084124
23000,0.043,0.899,0.058,0.101180
23500,0.047,0.893,0.060,0.114738
24000,0.048,0.901,0.051,0.090285
24500,0.047,0.907,0.046,0.069639
25000,0.047,0.899,0.054,0.088677
25500,0.051,0.883,0.066,0.102477
26000,0.057,0.875,0.067,0.121953
26500,0.058,0.879,0.062,0.107877
27000,0.052,0.882,0.066,0.118123
27500,0.054,0.878,0.067,0.121642
28000,0.056,0.873,0.070,0.140973
28500,0.053,0.865,0.082,0.154694
29000,0.057,0.872,0.070,0.116897
29500,0.059,0.856,0.085,0.154311
30000,0.056,0.857,0.087,0.147257
30500,0.055,0.864,0.081,0.152759
31000,0.072,0.856,0.073,0.120460
31500,0.064,0.839,0.097,0.155088
32000,0.069,0.839,0.092,0.158161
32500,0.064,0.841,0.095,0.148023
33000,0.076,0.827,0.097,0.157824
33500,0.072,0.835,0.094,0.160088
34000,0.070,0.835,0.095,0.167853
34500,0.080,0.834,0.087,0.145635
35000,0.070,0.849,0.081,0.146519
35500,0.069,0.853,0.078,0.113791
36000,0.066,0.848,0.086,0.153922
36500,0.082,0.839,0.080,0.161495
37000,0.078,0.860,0.062,0.113378
37500,0.065,0.858,0.077,0.131264
38000,0.077,0.853,0.070,0.143170
38500,0.079,0.862,0.059,0.107673
39000,0.072,0.843,0.086,0.145271
39500,0.081,0.828,0.091,0.152730
40000,0.076,0.832,0.092,0.167452
40500,0.068,0.824,0.107,0.173899
41000,0.069,0.860,0.070,0.111556
41500,0.075,0.859,0.066,0.116689
42000,0.077,0.858,0.065,0.125710
42500,0.073,0.851,0.077,0.165602
43000,0.066,0.836,0.098,0.156039
43500,0.058,0.858,0.084,0.119565
44000,0.067,0.860,0.073,0.133460
44500,0.069,0.849,0.082,0.146475
45000,0.076,0.838,0.087,0.173791
45500,0.058,0.861,0.081,0.131139
46000,0.052,0.864,0.084,0.122381
46500,0.052,0.879,0.068,0.094767
47000,0.052,0.876,0.072,0.113086
47500,0.059,0.885,0.056,0.101457
48000,0.058,0.888,0.054,0.105464
48500,0.057,0.886,0.057,0.125433
49000,0.049,0.884,0.067,0.112779
49500,0.064,0.856,0.080,0.157995
50000,0.060,0.866,0.074,0.144966
50500,0.063,0.868,0.068,0.138805
51000,0.053,0.875,0.072,0.132988
51500,0.053,0.885,0.062,0.117763
52000,0.058,0.866,0.076,0.140714
52500,0.057,0.874,0.068,0.131933
53000,0.045,0.891,0.064,0.096604
53500,0.051,0.888,0.061,0.094069
54000,0.045,0.895,0.060,0.088183
54500,0.051,0.894,0.055,0.097292
55000,0.057,0.877,0.065,0.118083
55500,0.053,0.872,0.075,0.141332
56000,0.066,0.863,0.070,0.165885
56500,0.065,0.858,0.077,0.161410
57000,0.067,0.850,0.083,0.194039
57500,0.060,0.871,0.068,0.120439
58000,0.049,0.888,0.063,0.111785
58500,0.048,0.894,0.058,0.091217
59000,0.046,0.900,0.054,0.092502
59500,0.045,0.902,0.053,0.092580
60000,0.047,0.909,0.044,0.088377
60500,0.047,0.910,0.043,0.101314
61000,0.051,0.914,0.035,0.077727
61500,0.045,0.908,0.047,0.089336
62000,0.048,0.911,0.041,0.080382
62500,0.050,0.894,0.056,0.099826
63000,0.054,0.891,0.055,0.100852
63500,0.047,0.882,0.072,0.120739
64000,0.054,0.876,0.069,0.104418
64500,0.062,0.849,0.089,0.176623
65000,0.051,0.878,0.070,0.107249
65500,0.048,0.876,0.076,0.125962
66000,0.050,0.877,0.073,0.100846
66500,0.050,0.879,0.070,0.109647
67000,0.053,0.892,0.055,0.079427
67500,0.053,0.892,0.055,0.094445
68000,0.052,0.885,0.063,0.111247
68500,0.049,0.880,0.070,0.103540
69000,0.051,0.886,0.063,0.100835
69500,0.045,0.891,0.064,0.094440
70000,0.045,0.883,0.073,0.109838
70500,0.052,0.878,0.069,0.106666
71000,0.062,0.868,0.069,0.114688
71500,0.074,0.846,0.081,0.132249
72000,0.078,0.857,0.065,0.133176
72500,0.067,0.866,0.066,0.139740
73000,0.056,0.892,0.052,0.082313
73500,0.050,0.888,0.062,0.081213
74000,0.057,0.894,0.049,0.086767
74500,0.051,0.895,0.054,0.091934
75000,0.048,0.899,0.053,0.078529
75500,0.048,0.872,0.080,0.128516
76000,0.047,0.863,0.090,0.149480
76500,0.054,0.874,0.072,0.115329
77000,0.048,0.873,0.079,0.137356
77500,0.047,0.861,0.092,0.145344
78000,0.049,0.872,0.079,0.128441
78500,0.050,0.884,0.066,0.109381
79000,0.045,0.900,0.055,0.076445
79500,0.043,0.905,0.052,0.071932
80000,0.040,0.910,0.050,0.074260
80500,0.041,0.916,0.043,0.078779
81000,0.040,0.924,0.036,0.060181
81500,0.037,0.913,0.050,0.105047
82000,0.037,0.927,0.036,0.055304
82500,0.037,0.921,0.042,0.086939
83000,0.037,0.921,0.042,0.080134
83500,0.036,0.926,0.038,0.083193
84000,0.038,0.927,0.035,0.050997
84500,0.037,0.924,0.039,0.058558
85000,0.038,0.914,0.048,0.089205
85500,0.039,0.921,0.040,0.068633
86000,0.040,0.905,0.055,0.097431
86500,0.041,0.907,0.052,0.097689
87000,0.041,0.894,0.065,0.099145
87500,0.059,0.844,0.097,0.172047
88000,0.065,0.857,0.078,0.145903
88500,0.083,0.852,0.065,0.152571
89000,0.076,0.856,0.068,0.150226
89500,0.079,0.855,0.066,0.144642
90000,0.088,0.853,0.059,0.128004
90500,0.084,0.863,0.053,0.115544
91000,0.084,0.856,0.060,0.139843
91500,0.081,0.847,0.073,0.155815
92000,0.091,0.852,0.057,0.144490
92500,0.084,0.856,0.060,0.129637
93000,0.072,0.859,0.069,0.132721
93500,0.075,0.830,0.095,0.171591
94000,0.076,0.829,0.095,0.174277
94500,0.078,0.836,0.087,0.173438
95000,0.076,0.858,0.066,0.156888
95500,0.068,0.857,0.075,0.145175
96000,0.054,0.864,0.082,0.133101
96500,0.066,0.875,0.058,0.130226
97000,0.055,0.863,0.082,0.126671
97500,0.053,0.872,0.075,0.138698
98000,0.061,0.856,0.083,0.160087
98500,0.066,0.865,0.068,0.140261
99000,0.068,0.870,0.061,0.142261
99500,0.067,0.880,0.052,0.103876
100000,0.065,0.877,0.057,0.120514
