time,n_A+p,n_B,n_AB
500,0.080,0.790,0.130
1000,0.080,0.648,0.272
1500,0.080,0.558,0.362
2000,0.082,0.448,0.471
2500,0.081,0.420,0.499
3000,0.083,0.410,0.507
3500,0.082,0.396,0.522
4000,0.086,0.387,0.528
4500,0.082,0.377,0.542
5000,0.097,0.312,0.591
5500,0.088,0.328,0.585
6000,0.082,0.350,0.569
6500,0.088,0.317,0.595
7000,0.100,0.322,0.579
7500,0.103,0.292,0.605
8000,0.116,0.281,0.603
8500,0.108,0.288,0.603
9000,0.106,0.292,0.601
9500,0.100,0.303,0.597
10000,0.099,0.315,0.587
10500,0.093,0.367,0.540
11000,0.086,0.323,0.591
11500,0.096,0.318,0.587
12000,0.086,0.357,0.556
12500,0.085,0.406,0.510
13000,0.083,0.405,0.512
13500,0.083,0.392,0.526
14000,0.091,0.319,0.589
14500,0.093,0.345,0.562
15000,0.092,0.344,0.564
15500,0.097,0.338,0.565
16000,0.095,0.318,0.587
16500,0.112,0.285,0.603
17000,0.103,0.282,0.615
17500,0.124,0.228,0.648
18000,0.126,0.259,0.616
18500,0.140,0.237,0.623
19000,0.179,0.134,0.687
19500,0.227,0.115,0.659
20000,0.348,0.059,0.593
20500,0.525,0.020,0.455
21000,0.676,0.005,0.318
21500,0.795,0.001,0.204
22000,0.866,0.000,0.134
22500,0.911,0.000,0.089
23000,0.942,0.000,0.058
23500,0.964,0.000,0.036
24000,0.972,0.000,0.028
24500,0.983,0.000,0.017
25000,0.989,0.000,0.011
25500,0.998,0.000,0.002
26000,0.999,0.000,0.001
26500,1.000,0.000,0.000
27000,1.000,0.000,0.000
27500,1.000,0.000,0.000
28000,1.000,0.000,0.000
