time,n_A+p,n_B,n_AB,avg_entropy_simp
500,0.030,0.960,0.010,0.062581
1000,0.031,0.947,0.022,0.105447
1500,0.031,0.954,0.015,0.074533
2000,0.035,0.939,0.027,0.125129
2500,0.032,0.936,0.033,0.090129
3000,0.030,0.936,0.035,0.094162
3500,0.030,0.927,0.043,0.099148
4000,0.038,0.903,0.059,0.122842
4500,0.037,0.897,0.066,0.167174
5000,0.035,0.910,0.055,0.131921
5500,0.040,0.899,0.061,0.138391
6000,0.038,0.905,0.057,0.121265
6500,0.041,0.892,0.067,0.138572
7000,0.040,0.879,0.081,0.175555
7500,0.039,0.887,0.075,0.134995
8000,0.049,0.865,0.086,0.167785
8500,0.060,0.852,0.088,0.194798
9000,0.066,0.845,0.089,0.209904
9500,0.069,0.829,0.101,0.220827
10000,0.072,0.829,0.099,0.256222
10500,0.076,0.829,0.095,0.200365
11000,0.082,0.813,0.105,0.214400
11500,0.088,0.775,0.137,0.273230
12000,0.095,0.791,0.114,0.233141
12500,0.089,0.781,0.130,0.290012
13000,0.090,0.750,0.160,0.322257
13500,0.102,0.733,0.164,0.288695
14000,0.091,0.745,0.164,0.298003
14500,0.082,0.758,0.160,0.277407
15000,0.059,0.776,0.164,0.249149
15500,0.066,0.763,0.171,0.266735
16000,0.076,0.758,0.166,0.275933
16500,0.066,0.766,0.168,0.267767
17000,0.066,0.789,0.145,0.228361
17500,0.067,0.788,0.145,0.234373
18000,0.061,0.789,0.150,0.249414
18500,0.064,0.788,0.148,0.248100
19000,0.065,0.804,0.131,0.242715
19500,0.059,0.800,0.141,0.255974
20000,0.055,0.819,0.126,0.184990
20500,0.063,0.820,0.116,0.214380
21000,0.057,0.821,0.122,0.193958
21500,0.057,0.835,0.108,0.168919
22000,0.060,0.801,0.139,0.217905
22500,0.068,0.767,0.164,0.249502
23000,0.072,0.759,0.170,0.262019
23500,0.075,0.766,0.159,0.262959
24000,0.077,0.760,0.163,0.265512
24500,0.074,0.753,0.174,0.256472
25000,0.067,0.771,0.161,0.267560
25500,0.069,0.754,0.177,0.303786
26000,0.074,0.754,0.173,0.327672
26500,0.076,0.730,0.194,0.344251
27000,0.075,0.729,0.196,0.333726
27500,0.092,0.694,0.215,0.337295
28000,0.105,0.688,0.206,0.382559
28500,0.093,0.694,0.213,0.358221
29000,0.099,0.691,0.210,0.292604
29500,0.082,0.705,0.213,0.287944
30000,0.086,0.723,0.191,0.275626
30500,0.079,0.724,0.197,0.300406
31000,0.081,0.750,0.170,0.290610
31500,0.070,0.766,0.163,0.219752
32000,0.074,0.749,0.178,0.249502
32500,0.061,0.762,0.177,0.245711
33000,0.065,0.753,0.182,0.252631
33500,0.073,0.760,0.168,0.252304
34000,0.068,0.754,0.178,0.240805
34500,0.068,0.748,0.184,0.245086
35000,0.069,0.761,0.170,0.223824
35500,0.063,0.776,0.160,0.209847
36000,0.063,0.769,0.168,0.231244
36500,0.055,0.768,0.177,0.210341
37000,0.059,0.778,0.162,0.209911
37500,0.058,0.779,0.162,0.207376
38000,0.058,0.770,0.172,0.234269
38500,0.054,0.796,0.150,0.218638
39000,0.058,0.795,0.147,0.180521
39500,0.059,0.800,0.141,0.175397
40000,0.062,0.805,0.133,0.181277
40500,0.077,0.771,0.152,0.213842
41000,0.076,0.761,0.163,0.246372
41500,0.080,0.713,0.207,0.290512
42000,0.082,0.706,0.212,0.331134
42500,0.105,0.686,0.208,0.367591
43000,0.101,0.693,0.206,0.320221
43500,0.104,0.710,0.186,0.290454
44000,0.098,0.694,0.208,0.303781
44500,0.128,0.674,0.198,0.351166
45000,0.121,0.664,0.216,0.306439
45500,0.118,0.644,0.238,0.312751
46000,0.114,0.664,0.222,0.287299
46500,0.134,0.665,0.201,0.296110
47000,0.128,0.686,0.186,0.297646
47500,0.116,0.700,0.184,0.271185
48000,0.137,0.684,0.179,0.289765
48500,0.136,0.687,0.177,0.291875
49000,0.135,0.674,0.191,0.330706
49500,0.127,0.682,0.191,0.301429
50000,0.123,0.678,0.199,0.327100
50500,0.115,0.655,0.230,0.329674
51000,0.110,0.665,0.225,0.278256
51500,0.107,0.648,0.245,0.311088
52000,0.107,0.663,0.230,0.317140
52500,0.115,0.673,0.211,0.282767
53000,0.110,0.673,0.217,0.279117
53500,0.114,0.656,0.230,0.353811
54000,0.112,0.640,0.247,0.341754
54500,0.138,0.610,0.252,0.378435
55000,0.150,0.587,0.263,0.356757
55500,0.171,0.566,0.264,0.377527
56000,0.188,0.569,0.243,0.392783
56500,0.176,0.532,0.292,0.398711
57000,0.212,0.498,0.289,0.398758
57500,0.220,0.506,0.275,0.400246
58000,0.218,0.492,0.290,0.407207
58500,0.215,0.492,0.293,0.390747
59000,0.222,0.488,0.290,0.395116
59500,0.204,0.510,0.286,0.397492
60000,0.193,0.510,0.297,0.405135
60500,0.212,0.514,0.274,0.386975
61000,0.218,0.515,0.268,0.377071
61500,0.212,0.503,0.285,0.419838
62000,0.224,0.482,0.294,0.371678
62500,0.229,0.496,0.275,0.374377
63000,0.223,0.505,0.273,0.367027
63500,0.221,0.502,0.278,0.388183
64000,0.215,0.518,0.268,0.380982
64500,0.227,0.521,0.252,0.384210
65000,0.196,0.530,0.274,0.354399
65500,0.200,0.538,0.261,0.337216
66000,0.210,0.523,0.267,0.361688
66500,0.200,0.522,0.278,0.397538
67000,0.193,0.540,0.267,0.343927
67500,0.205,0.524,0.271,0.340860
68000,0.207,0.522,0.271,0.356329
68500,0.220,0.524,0.256,0.354162
69000,0.247,0.498,0.254,0.359689
69500,0.254,0.490,0.255,0.365047
70000,0.259,0.471,0.270,0.383799
70500,0.260,0.451,0.288,0.360357
71000,0.274,0.461,0.266,0.364391
71500,0.271,0.438,0.291,0.388213
72000,0.289,0.428,0.283,0.413596
72500,0.314,0.402,0.284,0.349916
73000,0.326,0.374,0.300,0.321483
73500,0.362,0.359,0.280,0.337310
74000,0.377,0.339,0.284,0.296703
74500,0.371,0.338,0.291,0.312909
75000,0.360,0.338,0.302,0.350000
75500,0.364,0.336,0.300,0.353780
76000,0.347,0.339,0.314,0.339677
76500,0.374,0.343,0.283,0.360611
77000,0.384,0.330,0.286,0.346457
77500,0.402,0.318,0.280,0.311024
78000,0.420,0.296,0.284,0.304257
78500,0.439,0.300,0.260,0.280801
79000,0.439,0.296,0.265,0.271062
79500,0.450,0.291,0.258,0.274219
80000,0.441,0.282,0.277,0.282385
80500,0.472,0.269,0.259,0.255425
81000,0.489,0.267,0.244,0.176096
81500,0.482,0.264,0.254,0.207542
82000,0.499,0.259,0.241,0.172582
82500,0.509,0.252,0.239,0.201346
83000,0.489,0.256,0.254,0.213791
83500,0.509,0.253,0.238,0.189052
84000,0.527,0.250,0.223,0.180742
84500,0.541,0.251,0.207,0.188094
85000,0.539,0.252,0.208,0.207716
85500,0.559,0.252,0.189,0.185796
86000,0.570,0.246,0.184,0.181304
86500,0.570,0.235,0.195,0.184891
87000,0.570,0.228,0.202,0.187246
87500,0.597,0.222,0.182,0.142241
88000,0.612,0.217,0.172,0.155167
88500,0.613,0.215,0.173,0.129034
89000,0.632,0.204,0.163,0.135373
89500,0.637,0.202,0.160,0.083521
90000,0.649,0.199,0.152,0.075668
90500,0.651,0.202,0.147,0.103265
91000,0.665,0.199,0.136,0.075146
91500,0.663,0.197,0.140,0.091726
92000,0.675,0.190,0.135,0.067267
92500,0.689,0.188,0.123,0.051991
93000,0.693,0.181,0.127,0.042690
93500,0.694,0.182,0.125,0.070950
94000,0.701,0.180,0.120,0.094246
94500,0.713,0.178,0.109,0.040952
95000,0.717,0.166,0.116,0.042068
95500,0.718,0.163,0.118,0.033261
96000,0.723,0.161,0.115,0.029164
96500,0.720,0.159,0.121,0.037323
97000,0.720,0.159,0.121,0.040489
97500,0.718,0.157,0.125,0.047125
98000,0.715,0.157,0.128,0.057647
98500,0.722,0.159,0.118,0.046697
99000,0.729,0.157,0.113,0.052610
99500,0.740,0.155,0.105,0.030631
100000,0.746,0.155,0.099,0.036949
