time,n_A+p,n_B,n_AB
500,0.010,0.988,0.002
1000,0.010,0.978,0.012
1500,0.010,0.983,0.007
2000,0.010,0.978,0.012
2500,0.010,0.966,0.024
3000,0.010,0.962,0.028
3500,0.010,0.969,0.021
4000,0.010,0.952,0.038
4500,0.010,0.951,0.039
5000,0.010,0.956,0.034
5500,0.010,0.969,0.021
6000,0.010,0.963,0.027
6500,0.010,0.972,0.018
7000,0.010,0.972,0.018
7500,0.010,0.975,0.015
8000,0.010,0.972,0.018
8500,0.010,0.980,0.010
9000,0.010,0.979,0.011
9500,0.010,0.978,0.012
10000,0.010,0.971,0.019
10500,0.010,0.975,0.015
11000,0.010,0.976,0.014
11500,0.010,0.974,0.016
12000,0.010,0.974,0.016
12500,0.010,0.966,0.024
13000,0.010,0.961,0.029
13500,0.010,0.966,0.024
14000,0.010,0.972,0.018
14500,0.010,0.947,0.043
15000,0.010,0.946,0.044
15500,0.010,0.957,0.033
16000,0.010,0.959,0.031
16500,0.010,0.965,0.025
17000,0.010,0.964,0.026
17500,0.010,0.960,0.030
18000,0.010,0.956,0.034
18500,0.010,0.962,0.028
19000,0.010,0.965,0.025
19500,0.010,0.972,0.018
20000,0.010,0.967,0.023
20500,0.010,0.967,0.023
21000,0.010,0.969,0.021
21500,0.010,0.967,0.023
22000,0.010,0.971,0.019
22500,0.010,0.955,0.035
23000,0.010,0.939,0.051
23500,0.010,0.952,0.038
24000,0.010,0.949,0.041
24500,0.010,0.963,0.027
25000,0.010,0.966,0.024
25500,0.010,0.972,0.018
26000,0.010,0.976,0.014
26500,0.010,0.968,0.022
27000,0.010,0.978,0.012
27500,0.010,0.974,0.016
28000,0.010,0.968,0.022
28500,0.010,0.956,0.034
29000,0.010,0.960,0.030
29500,0.010,0.953,0.037
30000,0.010,0.952,0.038
30500,0.010,0.951,0.039
31000,0.010,0.954,0.036
31500,0.010,0.941,0.049
32000,0.010,0.943,0.047
32500,0.010,0.948,0.042
33000,0.010,0.951,0.039
33500,0.010,0.943,0.047
34000,0.010,0.949,0.041
34500,0.010,0.972,0.018
35000,0.010,0.962,0.028
35500,0.010,0.947,0.043
36000,0.010,0.945,0.045
36500,0.010,0.963,0.027
37000,0.010,0.962,0.028
37500,0.010,0.944,0.046
38000,0.010,0.953,0.037
38500,0.010,0.950,0.040
39000,0.010,0.956,0.034
39500,0.010,0.951,0.039
40000,0.010,0.961,0.029
40500,0.010,0.956,0.034
41000,0.010,0.956,0.034
41500,0.010,0.965,0.025
42000,0.010,0.962,0.028
42500,0.010,0.955,0.035
43000,0.010,0.954,0.036
43500,0.010,0.948,0.042
44000,0.010,0.947,0.043
44500,0.010,0.954,0.036
45000,0.010,0.959,0.031
45500,0.010,0.956,0.034
46000,0.010,0.950,0.040
46500,0.010,0.944,0.046
47000,0.010,0.936,0.054
47500,0.010,0.956,0.034
48000,0.010,0.967,0.023
48500,0.010,0.962,0.028
49000,0.010,0.958,0.032
49500,0.010,0.955,0.035
50000,0.010,0.948,0.042
50500,0.010,0.951,0.039
51000,0.010,0.968,0.022
51500,0.010,0.981,0.009
52000,0.010,0.981,0.009
52500,0.010,0.975,0.015
53000,0.010,0.978,0.012
53500,0.010,0.974,0.016
54000,0.010,0.967,0.023
54500,0.010,0.977,0.013
55000,0.010,0.979,0.011
55500,0.010,0.977,0.013
56000,0.010,0.980,0.010
56500,0.010,0.977,0.013
57000,0.010,0.972,0.018
57500,0.010,0.966,0.024
58000,0.010,0.949,0.041
58500,0.010,0.938,0.052
59000,0.010,0.955,0.035
59500,0.010,0.926,0.064
60000,0.010,0.915,0.075
60500,0.010,0.939,0.051
61000,0.010,0.944,0.046
61500,0.010,0.957,0.033
62000,0.010,0.948,0.042
62500,0.010,0.950,0.040
63000,0.010,0.955,0.035
63500,0.010,0.937,0.053
64000,0.010,0.935,0.055
64500,0.010,0.953,0.037
65000,0.010,0.955,0.035
65500,0.010,0.936,0.054
66000,0.010,0.942,0.048
66500,0.010,0.952,0.038
67000,0.010,0.958,0.032
67500,0.010,0.956,0.034
68000,0.010,0.952,0.038
68500,0.010,0.950,0.040
69000,0.010,0.962,0.028
69500,0.010,0.951,0.039
70000,0.010,0.946,0.044
70500,0.010,0.951,0.039
71000,0.010,0.949,0.041
71500,0.010,0.935,0.054
72000,0.010,0.935,0.054
72500,0.010,0.952,0.038
73000,0.010,0.949,0.041
73500,0.010,0.952,0.038
74000,0.010,0.960,0.030
74500,0.010,0.950,0.040
75000,0.010,0.943,0.047
75500,0.010,0.940,0.050
76000,0.010,0.931,0.058
76500,0.010,0.941,0.049
77000,0.010,0.950,0.040
77500,0.010,0.940,0.050
78000,0.010,0.946,0.044
78500,0.010,0.961,0.029
79000,0.010,0.964,0.026
79500,0.010,0.959,0.031
80000,0.010,0.955,0.035
80500,0.010,0.962,0.028
81000,0.010,0.953,0.037
81500,0.010,0.952,0.038
82000,0.010,0.964,0.026
82500,0.010,0.962,0.028
83000,0.010,0.961,0.029
83500,0.010,0.954,0.036
84000,0.010,0.960,0.030
84500,0.010,0.953,0.037
85000,0.010,0.957,0.033
85500,0.010,0.967,0.023
86000,0.010,0.959,0.031
86500,0.010,0.955,0.035
87000,0.010,0.964,0.026
87500,0.010,0.954,0.036
88000,0.010,0.960,0.030
88500,0.010,0.960,0.030
89000,0.010,0.967,0.023
89500,0.010,0.957,0.033
90000,0.010,0.964,0.026
90500,0.010,0.951,0.039
91000,0.010,0.952,0.038
91500,0.010,0.934,0.055
92000,0.010,0.960,0.030
92500,0.010,0.971,0.019
93000,0.010,0.965,0.025
93500,0.010,0.947,0.043
94000,0.010,0.958,0.032
94500,0.010,0.962,0.028
95000,0.010,0.966,0.024
95500,0.010,0.964,0.026
96000,0.010,0.955,0.035
96500,0.010,0.947,0.043
97000,0.010,0.951,0.039
97500,0.010,0.949,0.041
98000,0.010,0.941,0.049
98500,0.010,0.943,0.047
99000,0.010,0.950,0.040
99500,0.010,0.958,0.032
100000,0.010,0.970,0.020
100500,0.010,0.975,0.015
101000,0.010,0.975,0.015
101500,0.010,0.977,0.013
102000,0.010,0.972,0.018
102500,0.010,0.960,0.030
103000,0.010,0.970,0.020
103500,0.010,0.949,0.041
104000,0.010,0.950,0.040
104500,0.010,0.950,0.040
105000,0.010,0.954,0.036
105500,0.010,0.951,0.039
106000,0.010,0.959,0.031
106500,0.010,0.945,0.045
107000,0.010,0.952,0.038
107500,0.010,0.953,0.037
108000,0.010,0.951,0.039
108500,0.010,0.948,0.042
109000,0.010,0.939,0.051
109500,0.010,0.947,0.043
110000,0.010,0.966,0.024
110500,0.010,0.965,0.025
111000,0.010,0.960,0.030
111500,0.010,0.961,0.029
112000,0.010,0.960,0.030
112500,0.010,0.955,0.035
113000,0.010,0.960,0.030
113500,0.010,0.967,0.023
114000,0.010,0.954,0.036
114500,0.010,0.963,0.027
115000,0.010,0.963,0.027
115500,0.010,0.968,0.022
116000,0.010,0.970,0.020
116500,0.010,0.963,0.027
117000,0.010,0.963,0.027
117500,0.010,0.948,0.042
118000,0.010,0.949,0.041
118500,0.010,0.942,0.048
119000,0.010,0.950,0.040
119500,0.010,0.954,0.036
120000,0.010,0.948,0.042
120500,0.010,0.962,0.028
121000,0.010,0.966,0.024
121500,0.010,0.947,0.043
122000,0.010,0.955,0.035
122500,0.010,0.969,0.021
123000,0.010,0.968,0.022
123500,0.010,0.974,0.016
124000,0.010,0.968,0.022
124500,0.010,0.942,0.048
125000,0.010,0.931,0.059
125500,0.010,0.943,0.047
126000,0.010,0.945,0.045
126500,0.010,0.950,0.040
127000,0.010,0.961,0.029
127500,0.010,0.953,0.037
128000,0.010,0.960,0.030
128500,0.010,0.965,0.025
129000,0.010,0.956,0.034
129500,0.010,0.953,0.037
130000,0.010,0.958,0.032
130500,0.010,0.945,0.045
131000,0.010,0.936,0.053
131500,0.010,0.950,0.040
132000,0.010,0.958,0.032
132500,0.010,0.967,0.023
133000,0.010,0.964,0.026
133500,0.010,0.961,0.029
134000,0.010,0.950,0.040
134500,0.010,0.946,0.044
135000,0.010,0.963,0.027
135500,0.010,0.964,0.026
136000,0.010,0.963,0.027
136500,0.010,0.962,0.028
137000,0.010,0.954,0.036
137500,0.010,0.968,0.022
138000,0.010,0.976,0.014
138500,0.010,0.969,0.021
139000,0.010,0.957,0.033
139500,0.010,0.952,0.038
140000,0.010,0.962,0.028
140500,0.010,0.963,0.027
141000,0.010,0.964,0.026
141500,0.010,0.960,0.030
142000,0.010,0.958,0.032
142500,0.010,0.962,0.028
143000,0.010,0.948,0.042
143500,0.010,0.951,0.039
144000,0.010,0.947,0.043
144500,0.010,0.950,0.040
145000,0.010,0.957,0.033
145500,0.010,0.958,0.032
146000,0.010,0.975,0.015
146500,0.010,0.980,0.010
147000,0.010,0.974,0.016
147500,0.010,0.969,0.021
148000,0.010,0.969,0.021
148500,0.010,0.953,0.037
149000,0.010,0.944,0.046
149500,0.010,0.952,0.038
150000,0.010,0.960,0.030
150500,0.010,0.963,0.027
151000,0.010,0.956,0.034
151500,0.010,0.947,0.043
152000,0.010,0.935,0.054
152500,0.010,0.935,0.055
153000,0.010,0.945,0.045
153500,0.010,0.953,0.037
154000,0.010,0.934,0.056
154500,0.010,0.942,0.048
155000,0.010,0.943,0.047
155500,0.010,0.942,0.048
156000,0.010,0.947,0.043
156500,0.010,0.951,0.039
157000,0.010,0.958,0.032
157500,0.010,0.952,0.038
158000,0.010,0.959,0.031
158500,0.010,0.958,0.032
159000,0.010,0.957,0.033
159500,0.010,0.951,0.039
160000,0.010,0.933,0.056
160500,0.010,0.942,0.048
161000,0.010,0.941,0.049
161500,0.010,0.948,0.042
162000,0.010,0.948,0.042
162500,0.010,0.956,0.034
163000,0.010,0.947,0.043
163500,0.010,0.960,0.030
164000,0.010,0.961,0.029
164500,0.010,0.957,0.033
165000,0.010,0.957,0.033
165500,0.010,0.963,0.027
166000,0.010,0.958,0.032
166500,0.010,0.954,0.036
167000,0.010,0.961,0.029
167500,0.010,0.961,0.029
168000,0.010,0.964,0.026
168500,0.010,0.954,0.036
169000,0.010,0.961,0.029
169500,0.010,0.966,0.024
170000,0.010,0.962,0.028
170500,0.010,0.971,0.019
171000,0.010,0.959,0.031
171500,0.010,0.964,0.026
172000,0.010,0.950,0.040
172500,0.010,0.960,0.030
173000,0.010,0.959,0.031
173500,0.010,0.965,0.025
174000,0.010,0.969,0.021
174500,0.010,0.967,0.023
175000,0.010,0.947,0.043
175500,0.010,0.944,0.046
176000,0.010,0.953,0.037
176500,0.010,0.942,0.048
177000,0.010,0.953,0.037
177500,0.010,0.943,0.047
178000,0.010,0.952,0.038
178500,0.010,0.960,0.030
179000,0.010,0.963,0.027
179500,0.010,0.961,0.029
180000,0.010,0.958,0.032
180500,0.010,0.960,0.030
181000,0.010,0.958,0.032
181500,0.010,0.947,0.043
182000,0.010,0.957,0.033
182500,0.010,0.965,0.025
183000,0.010,0.968,0.022
183500,0.010,0.966,0.024
184000,0.010,0.965,0.025
184500,0.010,0.967,0.023
185000,0.010,0.955,0.035
185500,0.010,0.956,0.034
186000,0.010,0.947,0.043
186500,0.010,0.959,0.031
187000,0.010,0.962,0.028
187500,0.010,0.945,0.045
188000,0.010,0.948,0.042
188500,0.010,0.953,0.037
189000,0.010,0.956,0.034
189500,0.010,0.956,0.034
190000,0.010,0.963,0.027
190500,0.010,0.958,0.032
191000,0.010,0.948,0.042
191500,0.010,0.946,0.044
192000,0.010,0.950,0.040
192500,0.010,0.961,0.029
193000,0.010,0.954,0.036
193500,0.010,0.958,0.032
194000,0.010,0.958,0.032
194500,0.010,0.952,0.038
195000,0.010,0.948,0.042
195500,0.010,0.970,0.020
196000,0.010,0.952,0.038
196500,0.010,0.955,0.035
197000,0.010,0.959,0.031
197500,0.010,0.946,0.044
198000,0.010,0.948,0.042
198500,0.010,0.964,0.026
199000,0.010,0.961,0.029
199500,0.010,0.967,0.023
200000,0.010,0.971,0.019
200500,0.010,0.971,0.019
201000,0.010,0.954,0.036
201500,0.010,0.952,0.038
202000,0.010,0.956,0.034
202500,0.010,0.958,0.032
203000,0.010,0.937,0.053
203500,0.010,0.939,0.051
204000,0.010,0.956,0.034
204500,0.010,0.958,0.032
205000,0.010,0.964,0.026
205500,0.010,0.970,0.020
206000,0.010,0.959,0.031
206500,0.010,0.953,0.037
207000,0.010,0.950,0.040
207500,0.010,0.944,0.046
208000,0.010,0.939,0.051
208500,0.010,0.936,0.053
209000,0.010,0.949,0.041
209500,0.010,0.954,0.036
210000,0.010,0.953,0.037
210500,0.010,0.954,0.036
211000,0.010,0.959,0.031
211500,0.010,0.964,0.026
212000,0.010,0.969,0.021
212500,0.010,0.961,0.029
213000,0.010,0.965,0.025
213500,0.010,0.960,0.030
214000,0.010,0.966,0.024
214500,0.010,0.968,0.022
215000,0.010,0.975,0.015
215500,0.010,0.965,0.025
216000,0.010,0.953,0.037
216500,0.010,0.962,0.028
217000,0.010,0.955,0.035
217500,0.010,0.946,0.044
218000,0.010,0.948,0.042
218500,0.010,0.956,0.034
219000,0.010,0.955,0.035
219500,0.010,0.949,0.041
220000,0.010,0.957,0.033
220500,0.010,0.961,0.029
221000,0.010,0.964,0.026
221500,0.010,0.964,0.026
222000,0.010,0.949,0.041
222500,0.010,0.950,0.040
223000,0.010,0.950,0.040
223500,0.010,0.940,0.050
224000,0.010,0.947,0.043
224500,0.010,0.937,0.053
225000,0.010,0.960,0.030
225500,0.010,0.970,0.020
226000,0.010,0.971,0.019
226500,0.010,0.969,0.021
227000,0.010,0.972,0.018
227500,0.010,0.971,0.019
228000,0.010,0.970,0.020
228500,0.010,0.959,0.031
229000,0.010,0.963,0.027
229500,0.010,0.944,0.046
230000,0.010,0.953,0.037
230500,0.010,0.956,0.034
231000,0.010,0.953,0.037
231500,0.010,0.962,0.028
232000,0.010,0.958,0.032
232500,0.010,0.947,0.043
233000,0.010,0.940,0.050
233500,0.010,0.947,0.043
234000,0.010,0.958,0.032
234500,0.010,0.964,0.026
235000,0.010,0.955,0.035
235500,0.010,0.960,0.030
236000,0.010,0.965,0.025
236500,0.010,0.977,0.013
237000,0.010,0.967,0.023
237500,0.010,0.964,0.026
238000,0.010,0.938,0.052
238500,0.010,0.947,0.043
239000,0.010,0.944,0.046
239500,0.010,0.954,0.036
240000,0.010,0.953,0.037
240500,0.010,0.949,0.041
241000,0.010,0.956,0.034
241500,0.010,0.960,0.030
242000,0.010,0.967,0.023
242500,0.010,0.957,0.033
243000,0.010,0.961,0.029
243500,0.010,0.953,0.037
244000,0.010,0.960,0.030
244500,0.010,0.968,0.022
245000,0.010,0.962,0.028
245500,0.010,0.958,0.032
246000,0.010,0.958,0.032
246500,0.010,0.961,0.029
247000,0.010,0.972,0.018
247500,0.010,0.968,0.022
248000,0.010,0.971,0.019
248500,0.010,0.963,0.027
249000,0.010,0.961,0.029
249500,0.010,0.961,0.029
250000,0.010,0.951,0.039
250500,0.010,0.958,0.032
251000,0.010,0.951,0.039
251500,0.010,0.962,0.028
252000,0.010,0.972,0.018
252500,0.010,0.965,0.025
253000,0.010,0.956,0.034
253500,0.010,0.960,0.030
254000,0.010,0.958,0.032
254500,0.010,0.967,0.023
255000,0.010,0.965,0.025
255500,0.010,0.967,0.023
256000,0.010,0.966,0.024
256500,0.010,0.954,0.036
257000,0.010,0.954,0.036
257500,0.010,0.955,0.035
258000,0.010,0.971,0.019
258500,0.010,0.955,0.035
259000,0.010,0.946,0.044
259500,0.010,0.960,0.030
260000,0.010,0.969,0.021
260500,0.010,0.971,0.019
261000,0.010,0.970,0.020
261500,0.010,0.962,0.028
262000,0.010,0.966,0.024
262500,0.010,0.957,0.033
263000,0.010,0.959,0.031
263500,0.010,0.961,0.029
264000,0.010,0.954,0.036
264500,0.010,0.959,0.031
265000,0.010,0.960,0.030
265500,0.010,0.946,0.044
266000,0.010,0.955,0.035
266500,0.010,0.960,0.030
267000,0.010,0.958,0.032
267500,0.010,0.960,0.030
268000,0.010,0.958,0.032
268500,0.010,0.947,0.043
269000,0.010,0.954,0.036
269500,0.010,0.962,0.028
270000,0.010,0.962,0.028
270500,0.010,0.963,0.027
271000,0.010,0.962,0.028
271500,0.010,0.960,0.030
272000,0.010,0.961,0.029
272500,0.010,0.947,0.043
273000,0.010,0.950,0.040
273500,0.010,0.960,0.030
274000,0.010,0.958,0.032
274500,0.010,0.967,0.023
275000,0.010,0.964,0.026
275500,0.010,0.963,0.027
276000,0.010,0.963,0.027
276500,0.010,0.956,0.034
277000,0.010,0.942,0.048
277500,0.010,0.950,0.040
278000,0.010,0.944,0.046
278500,0.010,0.940,0.050
279000,0.010,0.960,0.030
279500,0.010,0.965,0.025
280000,0.010,0.943,0.047
280500,0.010,0.951,0.039
281000,0.010,0.965,0.025
281500,0.010,0.959,0.031
282000,0.010,0.951,0.039
282500,0.010,0.941,0.049
283000,0.010,0.952,0.038
283500,0.010,0.958,0.032
284000,0.010,0.944,0.046
284500,0.010,0.965,0.025
285000,0.010,0.942,0.048
285500,0.010,0.934,0.056
286000,0.010,0.947,0.043
286500,0.010,0.952,0.038
287000,0.010,0.962,0.028
287500,0.010,0.963,0.027
288000,0.010,0.968,0.022
288500,0.010,0.955,0.035
289000,0.010,0.943,0.047
289500,0.010,0.956,0.034
290000,0.010,0.957,0.033
290500,0.010,0.962,0.028
291000,0.010,0.961,0.029
291500,0.010,0.965,0.025
292000,0.010,0.953,0.037
292500,0.010,0.964,0.026
293000,0.010,0.967,0.023
293500,0.010,0.956,0.034
294000,0.010,0.953,0.037
294500,0.010,0.955,0.035
295000,0.010,0.949,0.041
295500,0.010,0.957,0.033
296000,0.010,0.958,0.032
296500,0.010,0.956,0.034
297000,0.010,0.953,0.037
297500,0.010,0.957,0.033
298000,0.010,0.960,0.030
298500,0.010,0.956,0.034
299000,0.010,0.950,0.040
299500,0.010,0.941,0.049
300000,0.010,0.943,0.047
300500,0.010,0.962,0.028
301000,0.010,0.967,0.023
301500,0.010,0.960,0.030
302000,0.010,0.967,0.023
302500,0.010,0.964,0.026
303000,0.010,0.959,0.031
303500,0.010,0.965,0.025
304000,0.010,0.974,0.016
304500,0.010,0.981,0.009
305000,0.010,0.968,0.022
305500,0.010,0.952,0.038
306000,0.010,0.946,0.044
306500,0.010,0.961,0.029
307000,0.010,0.970,0.020
307500,0.010,0.963,0.027
308000,0.010,0.961,0.029
308500,0.010,0.959,0.031
309000,0.010,0.957,0.033
309500,0.010,0.942,0.048
310000,0.010,0.934,0.056
310500,0.010,0.930,0.059
311000,0.010,0.946,0.044
311500,0.010,0.959,0.031
312000,0.010,0.968,0.022
312500,0.010,0.977,0.013
313000,0.010,0.964,0.026
313500,0.010,0.958,0.032
314000,0.010,0.960,0.030
314500,0.010,0.957,0.033
315000,0.010,0.959,0.031
315500,0.010,0.960,0.030
316000,0.010,0.973,0.017
316500,0.010,0.960,0.030
317000,0.010,0.966,0.024
317500,0.010,0.966,0.024
318000,0.010,0.959,0.031
318500,0.010,0.964,0.026
319000,0.010,0.954,0.036
319500,0.010,0.957,0.033
320000,0.010,0.967,0.023
320500,0.010,0.977,0.013
321000,0.010,0.969,0.021
321500,0.010,0.964,0.026
322000,0.010,0.956,0.034
322500,0.010,0.947,0.043
323000,0.010,0.948,0.042
323500,0.010,0.950,0.040
324000,0.010,0.941,0.049
324500,0.010,0.935,0.054
325000,0.010,0.946,0.044
325500,0.010,0.947,0.043
326000,0.010,0.958,0.032
326500,0.010,0.954,0.036
327000,0.010,0.953,0.037
327500,0.010,0.948,0.042
328000,0.010,0.950,0.040
328500,0.010,0.944,0.046
329000,0.010,0.942,0.048
329500,0.010,0.935,0.054
330000,0.010,0.948,0.042
330500,0.010,0.949,0.041
331000,0.010,0.953,0.037
331500,0.010,0.944,0.046
332000,0.010,0.934,0.056
332500,0.010,0.940,0.050
333000,0.010,0.942,0.048
333500,0.010,0.948,0.042
334000,0.010,0.953,0.037
334500,0.010,0.957,0.033
335000,0.010,0.938,0.052
335500,0.010,0.945,0.045
336000,0.010,0.954,0.036
336500,0.010,0.959,0.031
337000,0.010,0.944,0.046
337500,0.010,0.934,0.055
338000,0.010,0.934,0.055
338500,0.010,0.946,0.044
339000,0.010,0.962,0.028
339500,0.010,0.957,0.033
340000,0.010,0.944,0.046
340500,0.010,0.951,0.039
341000,0.010,0.958,0.032
341500,0.010,0.967,0.023
342000,0.010,0.959,0.031
342500,0.010,0.964,0.026
343000,0.010,0.966,0.024
343500,0.010,0.952,0.038
344000,0.010,0.962,0.028
344500,0.010,0.954,0.036
345000,0.010,0.948,0.042
345500,0.010,0.954,0.036
346000,0.010,0.950,0.040
346500,0.010,0.959,0.031
347000,0.010,0.960,0.030
347500,0.010,0.959,0.031
348000,0.010,0.956,0.034
348500,0.010,0.950,0.040
349000,0.010,0.940,0.050
349500,0.010,0.948,0.042
350000,0.010,0.959,0.031
350500,0.010,0.953,0.037
351000,0.010,0.949,0.041
351500,0.010,0.964,0.026
352000,0.010,0.941,0.049
352500,0.010,0.947,0.043
353000,0.010,0.948,0.042
353500,0.010,0.962,0.028
354000,0.010,0.953,0.037
354500,0.010,0.950,0.040
355000,0.010,0.954,0.036
355500,0.010,0.959,0.031
356000,0.010,0.952,0.038
356500,0.010,0.945,0.045
357000,0.010,0.955,0.035
357500,0.010,0.950,0.040
358000,0.010,0.953,0.037
358500,0.010,0.965,0.025
359000,0.010,0.962,0.028
359500,0.010,0.964,0.026
360000,0.010,0.954,0.036
360500,0.010,0.963,0.027
361000,0.010,0.953,0.037
361500,0.010,0.950,0.040
362000,0.010,0.963,0.027
362500,0.010,0.954,0.036
363000,0.010,0.932,0.058
363500,0.010,0.939,0.051
364000,0.010,0.932,0.057
364500,0.010,0.949,0.041
365000,0.010,0.947,0.043
365500,0.010,0.954,0.036
366000,0.010,0.942,0.048
366500,0.010,0.952,0.038
367000,0.010,0.953,0.037
367500,0.010,0.963,0.027
368000,0.010,0.957,0.033
368500,0.010,0.957,0.033
369000,0.010,0.961,0.029
369500,0.010,0.955,0.035
370000,0.010,0.955,0.035
370500,0.010,0.949,0.041
371000,0.010,0.963,0.027
371500,0.010,0.964,0.026
372000,0.010,0.959,0.031
372500,0.010,0.957,0.033
373000,0.010,0.962,0.028
373500,0.010,0.949,0.041
374000,0.010,0.945,0.045
374500,0.010,0.958,0.032
375000,0.010,0.955,0.035
375500,0.010,0.962,0.028
376000,0.010,0.963,0.027
376500,0.010,0.963,0.027
377000,0.010,0.974,0.016
377500,0.010,0.958,0.032
378000,0.010,0.959,0.031
378500,0.010,0.962,0.028
379000,0.010,0.972,0.018
379500,0.010,0.965,0.025
380000,0.010,0.965,0.025
380500,0.010,0.972,0.018
381000,0.010,0.962,0.028
381500,0.010,0.961,0.029
382000,0.010,0.967,0.023
382500,0.010,0.964,0.026
383000,0.010,0.961,0.029
383500,0.010,0.958,0.032
384000,0.010,0.949,0.041
384500,0.010,0.957,0.033
385000,0.010,0.957,0.033
385500,0.010,0.945,0.045
386000,0.010,0.946,0.044
386500,0.010,0.946,0.044
387000,0.010,0.959,0.031
387500,0.010,0.955,0.035
388000,0.010,0.952,0.038
388500,0.010,0.941,0.049
389000,0.010,0.941,0.049
389500,0.010,0.942,0.048
390000,0.010,0.943,0.047
390500,0.010,0.951,0.039
391000,0.010,0.961,0.029
391500,0.010,0.951,0.039
392000,0.010,0.957,0.033
392500,0.010,0.959,0.031
393000,0.010,0.963,0.027
393500,0.010,0.952,0.038
394000,0.010,0.935,0.054
394500,0.010,0.952,0.038
395000,0.010,0.969,0.021
395500,0.010,0.971,0.019
396000,0.010,0.969,0.021
396500,0.010,0.967,0.023
397000,0.010,0.967,0.023
397500,0.010,0.973,0.017
398000,0.010,0.981,0.009
398500,0.010,0.963,0.027
399000,0.010,0.959,0.031
399500,0.010,0.964,0.026
400000,0.010,0.957,0.033
400500,0.010,0.970,0.020
401000,0.010,0.952,0.038
401500,0.010,0.945,0.045
402000,0.010,0.954,0.036
402500,0.010,0.961,0.029
403000,0.010,0.973,0.017
403500,0.010,0.979,0.011
404000,0.010,0.971,0.019
404500,0.010,0.963,0.027
405000,0.010,0.969,0.021
405500,0.010,0.954,0.036
406000,0.010,0.960,0.030
406500,0.010,0.965,0.025
407000,0.010,0.968,0.022
407500,0.010,0.975,0.015
408000,0.010,0.979,0.011
408500,0.010,0.968,0.022
409000,0.010,0.964,0.026
409500,0.010,0.956,0.034
410000,0.010,0.958,0.032
410500,0.010,0.954,0.036
411000,0.010,0.962,0.028
411500,0.010,0.944,0.046
412000,0.010,0.953,0.037
412500,0.010,0.960,0.030
413000,0.010,0.964,0.026
413500,0.010,0.959,0.031
414000,0.010,0.961,0.029
414500,0.010,0.959,0.031
415000,0.010,0.963,0.027
415500,0.010,0.965,0.025
416000,0.010,0.964,0.026
416500,0.010,0.952,0.038
417000,0.010,0.938,0.052
417500,0.010,0.936,0.054
418000,0.010,0.947,0.043
418500,0.010,0.951,0.039
419000,0.010,0.940,0.050
419500,0.010,0.956,0.034
420000,0.010,0.961,0.029
420500,0.010,0.950,0.040
421000,0.010,0.939,0.051
421500,0.010,0.951,0.039
422000,0.010,0.952,0.038
422500,0.010,0.952,0.038
423000,0.010,0.938,0.052
423500,0.010,0.942,0.048
424000,0.010,0.950,0.040
424500,0.010,0.952,0.038
425000,0.010,0.962,0.028
425500,0.010,0.949,0.041
426000,0.010,0.965,0.025
426500,0.010,0.948,0.042
427000,0.010,0.959,0.031
427500,0.010,0.950,0.040
428000,0.010,0.945,0.045
428500,0.010,0.959,0.031
429000,0.010,0.945,0.045
429500,0.010,0.957,0.033
430000,0.010,0.957,0.033
430500,0.010,0.967,0.023
431000,0.010,0.966,0.024
431500,0.010,0.956,0.034
432000,0.010,0.967,0.023
432500,0.010,0.975,0.015
433000,0.010,0.971,0.019
433500,0.010,0.971,0.019
434000,0.010,0.953,0.037
434500,0.010,0.946,0.044
435000,0.010,0.960,0.030
435500,0.010,0.962,0.028
436000,0.010,0.962,0.028
436500,0.010,0.960,0.030
437000,0.010,0.971,0.019
437500,0.010,0.970,0.020
438000,0.010,0.979,0.011
438500,0.010,0.973,0.017
439000,0.010,0.954,0.036
439500,0.010,0.969,0.021
440000,0.010,0.960,0.030
440500,0.010,0.954,0.036
441000,0.010,0.944,0.046
441500,0.010,0.952,0.038
442000,0.010,0.935,0.055
442500,0.010,0.955,0.035
443000,0.010,0.956,0.034
443500,0.010,0.961,0.029
444000,0.010,0.957,0.033
444500,0.010,0.966,0.024
445000,0.010,0.967,0.023
445500,0.010,0.965,0.025
446000,0.010,0.966,0.024
446500,0.010,0.969,0.021
447000,0.010,0.965,0.025
447500,0.010,0.961,0.029
448000,0.010,0.964,0.026
448500,0.010,0.967,0.023
449000,0.010,0.964,0.026
449500,0.010,0.977,0.013
450000,0.010,0.975,0.015
450500,0.010,0.975,0.015
451000,0.010,0.963,0.027
451500,0.010,0.956,0.034
452000,0.010,0.963,0.027
452500,0.010,0.959,0.031
453000,0.010,0.956,0.034
453500,0.010,0.951,0.039
454000,0.010,0.956,0.034
454500,0.010,0.957,0.033
455000,0.010,0.961,0.029
455500,0.010,0.958,0.032
456000,0.010,0.957,0.033
456500,0.010,0.967,0.023
457000,0.010,0.969,0.021
457500,0.010,0.966,0.024
458000,0.010,0.961,0.029
458500,0.010,0.955,0.035
459000,0.010,0.963,0.027
459500,0.010,0.961,0.029
460000,0.010,0.957,0.033
460500,0.010,0.948,0.042
461000,0.010,0.959,0.031
461500,0.010,0.966,0.024
462000,0.010,0.960,0.030
462500,0.010,0.963,0.027
463000,0.010,0.960,0.030
463500,0.010,0.967,0.023
464000,0.010,0.956,0.034
464500,0.010,0.960,0.030
465000,0.010,0.946,0.044
465500,0.010,0.948,0.042
466000,0.010,0.961,0.029
466500,0.010,0.962,0.028
467000,0.010,0.952,0.038
467500,0.010,0.959,0.031
468000,0.010,0.949,0.041
468500,0.010,0.953,0.037
469000,0.010,0.950,0.040
469500,0.010,0.958,0.032
470000,0.010,0.960,0.030
470500,0.010,0.958,0.032
471000,0.010,0.968,0.022
471500,0.010,0.965,0.025
472000,0.010,0.962,0.028
472500,0.010,0.954,0.036
473000,0.010,0.948,0.042
473500,0.010,0.957,0.033
474000,0.010,0.965,0.025
474500,0.010,0.953,0.037
475000,0.010,0.967,0.023
475500,0.010,0.978,0.012
476000,0.010,0.979,0.011
476500,0.010,0.970,0.020
477000,0.010,0.979,0.011
477500,0.010,0.963,0.027
478000,0.010,0.967,0.023
478500,0.010,0.965,0.025
479000,0.010,0.959,0.031
479500,0.010,0.967,0.023
480000,0.010,0.955,0.035
480500,0.010,0.960,0.030
481000,0.010,0.966,0.024
481500,0.010,0.958,0.032
482000,0.010,0.956,0.034
482500,0.010,0.964,0.026
483000,0.010,0.962,0.028
483500,0.010,0.948,0.042
484000,0.010,0.950,0.040
484500,0.010,0.948,0.042
485000,0.010,0.949,0.041
485500,0.010,0.952,0.038
486000,0.010,0.952,0.038
486500,0.010,0.961,0.029
487000,0.010,0.970,0.020
487500,0.010,0.963,0.027
488000,0.010,0.959,0.031
488500,0.010,0.954,0.036
489000,0.010,0.954,0.036
489500,0.010,0.950,0.040
490000,0.010,0.952,0.038
490500,0.010,0.929,0.061
491000,0.010,0.946,0.044
491500,0.010,0.951,0.039
492000,0.010,0.966,0.024
492500,0.010,0.974,0.016
493000,0.010,0.967,0.023
493500,0.010,0.966,0.024
494000,0.010,0.962,0.028
494500,0.010,0.968,0.022
495000,0.010,0.955,0.035
495500,0.010,0.956,0.034
496000,0.010,0.963,0.027
496500,0.010,0.954,0.036
497000,0.010,0.951,0.039
497500,0.010,0.962,0.028
498000,0.010,0.962,0.028
498500,0.010,0.958,0.032
499000,0.010,0.957,0.033
499500,0.010,0.956,0.034
500000,0.010,0.958,0.032
500500,0.010,0.962,0.028
501000,0.010,0.955,0.035
501500,0.010,0.971,0.019
502000,0.010,0.969,0.021
502500,0.010,0.961,0.029
503000,0.010,0.960,0.030
503500,0.010,0.944,0.046
504000,0.010,0.933,0.056
504500,0.010,0.932,0.057
505000,0.010,0.941,0.049
505500,0.010,0.949,0.041
506000,0.010,0.951,0.039
506500,0.010,0.960,0.030
507000,0.010,0.957,0.033
507500,0.010,0.961,0.029
508000,0.010,0.955,0.035
508500,0.010,0.958,0.032
509000,0.010,0.951,0.039
509500,0.010,0.961,0.029
510000,0.010,0.953,0.037
510500,0.010,0.947,0.043
511000,0.010,0.962,0.028
511500,0.010,0.969,0.021
512000,0.010,0.966,0.024
512500,0.010,0.959,0.031
513000,0.010,0.955,0.035
513500,0.010,0.960,0.030
514000,0.010,0.951,0.039
514500,0.010,0.939,0.051
515000,0.010,0.964,0.026
515500,0.010,0.960,0.030
516000,0.010,0.953,0.037
516500,0.010,0.960,0.030
517000,0.010,0.962,0.028
517500,0.010,0.960,0.030
518000,0.010,0.963,0.027
518500,0.010,0.960,0.030
519000,0.010,0.968,0.022
519500,0.010,0.965,0.025
520000,0.010,0.967,0.023
520500,0.010,0.964,0.026
521000,0.010,0.958,0.032
521500,0.010,0.962,0.028
522000,0.010,0.949,0.041
522500,0.010,0.959,0.031
523000,0.010,0.971,0.019
523500,0.010,0.971,0.019
524000,0.010,0.973,0.017
524500,0.010,0.975,0.015
525000,0.010,0.985,0.005
525500,0.010,0.978,0.012
526000,0.010,0.963,0.027
526500,0.010,0.949,0.041
527000,0.010,0.957,0.033
527500,0.010,0.954,0.036
528000,0.010,0.958,0.032
528500,0.010,0.961,0.029
529000,0.010,0.963,0.027
529500,0.010,0.956,0.034
530000,0.010,0.968,0.022
530500,0.010,0.966,0.024
531000,0.010,0.969,0.021
531500,0.010,0.971,0.019
532000,0.010,0.965,0.025
532500,0.010,0.958,0.032
533000,0.010,0.944,0.046
533500,0.010,0.957,0.033
534000,0.010,0.955,0.035
534500,0.010,0.964,0.026
535000,0.010,0.955,0.035
535500,0.010,0.958,0.032
536000,0.010,0.964,0.026
536500,0.010,0.950,0.040
537000,0.010,0.943,0.047
537500,0.010,0.943,0.047
538000,0.010,0.940,0.050
538500,0.010,0.945,0.045
539000,0.010,0.956,0.034
539500,0.010,0.960,0.030
540000,0.010,0.959,0.031
540500,0.010,0.958,0.032
541000,0.010,0.956,0.034
541500,0.010,0.961,0.029
542000,0.010,0.961,0.029
542500,0.010,0.963,0.027
543000,0.010,0.961,0.029
543500,0.010,0.955,0.035
544000,0.010,0.950,0.040
544500,0.010,0.951,0.039
545000,0.010,0.936,0.053
545500,0.010,0.926,0.064
546000,0.010,0.936,0.054
546500,0.010,0.945,0.045
547000,0.010,0.950,0.040
547500,0.010,0.956,0.034
548000,0.010,0.961,0.029
548500,0.010,0.967,0.023
549000,0.010,0.972,0.018
549500,0.010,0.968,0.022
550000,0.010,0.974,0.016
550500,0.010,0.975,0.015
551000,0.010,0.961,0.029
551500,0.010,0.963,0.027
552000,0.010,0.970,0.020
552500,0.010,0.972,0.018
553000,0.010,0.978,0.012
553500,0.010,0.970,0.020
554000,0.010,0.955,0.035
554500,0.010,0.949,0.041
555000,0.010,0.940,0.050
555500,0.010,0.943,0.047
556000,0.010,0.953,0.037
556500,0.010,0.964,0.026
557000,0.010,0.954,0.036
557500,0.010,0.950,0.040
558000,0.010,0.947,0.043
558500,0.010,0.946,0.044
559000,0.010,0.936,0.053
559500,0.010,0.947,0.043
560000,0.010,0.955,0.035
560500,0.010,0.956,0.034
561000,0.010,0.955,0.035
561500,0.010,0.966,0.024
562000,0.010,0.958,0.032
562500,0.010,0.948,0.042
563000,0.010,0.951,0.039
563500,0.010,0.955,0.035
564000,0.010,0.951,0.039
564500,0.010,0.948,0.042
565000,0.010,0.952,0.038
565500,0.010,0.944,0.046
566000,0.010,0.937,0.053
566500,0.010,0.941,0.049
567000,0.010,0.944,0.046
567500,0.010,0.954,0.036
568000,0.010,0.955,0.035
568500,0.010,0.949,0.041
569000,0.010,0.955,0.035
569500,0.010,0.968,0.022
570000,0.010,0.952,0.038
570500,0.010,0.945,0.045
571000,0.010,0.949,0.041
571500,0.010,0.967,0.023
572000,0.010,0.952,0.038
572500,0.010,0.975,0.015
573000,0.010,0.968,0.022
573500,0.010,0.961,0.029
574000,0.010,0.964,0.026
574500,0.010,0.953,0.037
575000,0.010,0.965,0.025
575500,0.010,0.960,0.030
576000,0.010,0.966,0.024
576500,0.010,0.978,0.012
577000,0.010,0.975,0.015
577500,0.010,0.975,0.015
578000,0.010,0.970,0.020
578500,0.010,0.979,0.011
579000,0.010,0.973,0.017
579500,0.010,0.981,0.009
580000,0.010,0.974,0.016
580500,0.010,0.965,0.025
581000,0.010,0.968,0.022
581500,0.010,0.957,0.033
582000,0.010,0.957,0.033
582500,0.010,0.964,0.026
583000,0.010,0.956,0.034
583500,0.010,0.961,0.029
584000,0.010,0.965,0.025
584500,0.010,0.960,0.030
585000,0.010,0.963,0.027
585500,0.010,0.947,0.043
586000,0.010,0.944,0.046
586500,0.010,0.935,0.054
587000,0.010,0.946,0.044
587500,0.010,0.957,0.033
588000,0.010,0.954,0.036
588500,0.010,0.957,0.033
589000,0.010,0.954,0.036
589500,0.010,0.967,0.023
590000,0.010,0.948,0.042
590500,0.010,0.964,0.026
591000,0.010,0.967,0.023
591500,0.010,0.971,0.019
592000,0.010,0.966,0.024
592500,0.010,0.975,0.015
593000,0.010,0.977,0.013
593500,0.010,0.983,0.007
594000,0.010,0.980,0.010
594500,0.010,0.969,0.021
595000,0.010,0.964,0.026
595500,0.010,0.964,0.026
596000,0.010,0.963,0.027
596500,0.010,0.948,0.042
597000,0.010,0.936,0.054
597500,0.010,0.933,0.056
598000,0.010,0.936,0.054
598500,0.010,0.953,0.037
599000,0.010,0.954,0.036
599500,0.010,0.962,0.028
600000,0.010,0.970,0.020
600500,0.010,0.964,0.026
601000,0.010,0.966,0.024
601500,0.010,0.967,0.023
602000,0.010,0.954,0.036
602500,0.010,0.948,0.042
603000,0.010,0.945,0.045
603500,0.010,0.945,0.045
604000,0.010,0.941,0.049
604500,0.010,0.955,0.035
605000,0.010,0.967,0.023
605500,0.010,0.957,0.033
606000,0.010,0.957,0.033
606500,0.010,0.966,0.024
607000,0.010,0.970,0.020
607500,0.010,0.968,0.022
608000,0.010,0.963,0.027
608500,0.010,0.975,0.015
609000,0.010,0.973,0.017
609500,0.010,0.968,0.022
610000,0.010,0.956,0.034
610500,0.010,0.965,0.025
611000,0.010,0.969,0.021
611500,0.010,0.972,0.018
612000,0.010,0.972,0.018
612500,0.010,0.976,0.014
613000,0.010,0.955,0.035
613500,0.010,0.966,0.024
614000,0.010,0.973,0.017
614500,0.010,0.966,0.024
615000,0.010,0.954,0.036
615500,0.010,0.962,0.028
616000,0.010,0.954,0.036
616500,0.010,0.952,0.038
617000,0.010,0.950,0.040
617500,0.010,0.962,0.028
618000,0.010,0.961,0.029
618500,0.010,0.964,0.026
619000,0.010,0.971,0.019
619500,0.010,0.958,0.032
620000,0.010,0.957,0.033
620500,0.010,0.957,0.033
621000,0.010,0.962,0.028
621500,0.010,0.961,0.029
622000,0.010,0.969,0.021
622500,0.010,0.964,0.026
623000,0.010,0.956,0.034
623500,0.010,0.955,0.035
624000,0.010,0.949,0.041
624500,0.010,0.960,0.030
625000,0.010,0.968,0.022
625500,0.010,0.956,0.034
626000,0.010,0.943,0.047
626500,0.010,0.956,0.034
627000,0.010,0.953,0.037
627500,0.010,0.955,0.035
628000,0.010,0.947,0.043
628500,0.010,0.944,0.046
629000,0.010,0.942,0.048
629500,0.010,0.940,0.050
630000,0.010,0.945,0.045
630500,0.010,0.953,0.037
631000,0.010,0.950,0.040
631500,0.010,0.953,0.037
632000,0.010,0.959,0.031
632500,0.010,0.964,0.026
633000,0.010,0.964,0.026
633500,0.010,0.956,0.034
634000,0.010,0.955,0.035
634500,0.010,0.943,0.047
635000,0.010,0.940,0.050
635500,0.010,0.944,0.046
636000,0.010,0.959,0.031
636500,0.010,0.949,0.041
637000,0.010,0.951,0.039
637500,0.010,0.954,0.036
638000,0.010,0.952,0.038
638500,0.010,0.947,0.043
639000,0.010,0.966,0.024
639500,0.010,0.959,0.031
640000,0.010,0.951,0.039
640500,0.010,0.958,0.032
641000,0.010,0.966,0.024
641500,0.010,0.961,0.029
642000,0.010,0.969,0.021
642500,0.010,0.966,0.024
643000,0.010,0.968,0.022
643500,0.010,0.971,0.019
644000,0.010,0.962,0.028
644500,0.010,0.973,0.017
645000,0.010,0.968,0.022
645500,0.010,0.974,0.016
646000,0.010,0.975,0.015
646500,0.010,0.974,0.016
647000,0.010,0.952,0.038
647500,0.010,0.952,0.038
648000,0.010,0.955,0.035
648500,0.010,0.944,0.046
649000,0.010,0.945,0.045
649500,0.010,0.954,0.036
650000,0.010,0.956,0.034
650500,0.010,0.947,0.043
651000,0.010,0.964,0.026
651500,0.010,0.960,0.030
652000,0.010,0.950,0.040
652500,0.010,0.950,0.040
653000,0.010,0.948,0.042
653500,0.010,0.950,0.040
654000,0.010,0.952,0.038
654500,0.010,0.951,0.039
655000,0.010,0.950,0.040
655500,0.010,0.954,0.036
656000,0.010,0.955,0.035
656500,0.010,0.961,0.029
657000,0.010,0.964,0.026
657500,0.010,0.960,0.030
658000,0.010,0.939,0.051
658500,0.010,0.944,0.046
659000,0.010,0.956,0.034
659500,0.010,0.954,0.036
660000,0.010,0.964,0.026
660500,0.010,0.964,0.026
661000,0.010,0.962,0.028
661500,0.010,0.960,0.030
662000,0.010,0.948,0.042
662500,0.010,0.963,0.027
663000,0.010,0.963,0.027
663500,0.010,0.963,0.027
664000,0.010,0.969,0.021
664500,0.010,0.974,0.016
665000,0.010,0.959,0.031
665500,0.010,0.967,0.023
666000,0.010,0.969,0.021
666500,0.010,0.962,0.028
667000,0.010,0.966,0.024
667500,0.010,0.960,0.030
668000,0.010,0.939,0.051
668500,0.010,0.935,0.055
669000,0.010,0.948,0.042
669500,0.010,0.940,0.050
670000,0.010,0.952,0.038
670500,0.010,0.952,0.038
671000,0.010,0.947,0.043
671500,0.010,0.951,0.039
672000,0.010,0.960,0.030
672500,0.010,0.947,0.043
673000,0.010,0.955,0.035
673500,0.010,0.945,0.045
674000,0.010,0.923,0.067
674500,0.010,0.946,0.044
675000,0.010,0.956,0.034
675500,0.010,0.957,0.033
676000,0.010,0.951,0.039
676500,0.010,0.949,0.041
677000,0.010,0.959,0.031
677500,0.010,0.964,0.026
678000,0.010,0.951,0.039
678500,0.010,0.961,0.029
679000,0.010,0.962,0.028
679500,0.010,0.960,0.030
680000,0.010,0.966,0.024
680500,0.010,0.955,0.035
681000,0.010,0.952,0.038
681500,0.010,0.962,0.028
682000,0.010,0.963,0.027
682500,0.010,0.953,0.037
683000,0.010,0.956,0.034
683500,0.010,0.963,0.027
684000,0.010,0.936,0.053
684500,0.010,0.936,0.053
685000,0.010,0.935,0.054
685500,0.010,0.913,0.077
686000,0.010,0.922,0.068
686500,0.010,0.945,0.045
687000,0.010,0.937,0.053
687500,0.010,0.933,0.056
688000,0.010,0.955,0.035
688500,0.010,0.964,0.026
689000,0.010,0.958,0.032
689500,0.010,0.960,0.030
690000,0.010,0.958,0.032
690500,0.010,0.964,0.026
691000,0.010,0.956,0.034
691500,0.010,0.955,0.035
692000,0.010,0.962,0.028
692500,0.010,0.965,0.025
693000,0.010,0.954,0.036
693500,0.010,0.971,0.019
694000,0.010,0.963,0.027
694500,0.010,0.965,0.025
695000,0.010,0.964,0.026
695500,0.010,0.953,0.037
696000,0.010,0.946,0.044
696500,0.010,0.961,0.029
697000,0.010,0.972,0.018
697500,0.010,0.977,0.013
698000,0.010,0.973,0.017
698500,0.010,0.970,0.020
699000,0.010,0.969,0.021
699500,0.010,0.958,0.032
700000,0.010,0.946,0.044
700500,0.010,0.957,0.033
701000,0.010,0.951,0.039
701500,0.010,0.958,0.032
702000,0.010,0.956,0.034
702500,0.010,0.954,0.036
703000,0.010,0.958,0.032
703500,0.010,0.953,0.037
704000,0.010,0.959,0.031
704500,0.010,0.951,0.039
705000,0.010,0.958,0.032
705500,0.010,0.962,0.028
706000,0.010,0.951,0.039
706500,0.010,0.951,0.039
707000,0.010,0.963,0.027
707500,0.010,0.957,0.033
708000,0.010,0.960,0.030
708500,0.010,0.963,0.027
709000,0.010,0.967,0.023
709500,0.010,0.967,0.023
710000,0.010,0.963,0.027
710500,0.010,0.969,0.021
711000,0.010,0.974,0.016
711500,0.010,0.963,0.027
712000,0.010,0.969,0.021
712500,0.010,0.959,0.031
713000,0.010,0.956,0.034
713500,0.010,0.948,0.042
714000,0.010,0.959,0.031
714500,0.010,0.962,0.028
715000,0.010,0.968,0.022
715500,0.010,0.974,0.016
716000,0.010,0.947,0.043
716500,0.010,0.960,0.030
717000,0.010,0.961,0.029
717500,0.010,0.961,0.029
718000,0.010,0.960,0.030
718500,0.010,0.961,0.029
719000,0.010,0.949,0.041
719500,0.010,0.954,0.036
720000,0.010,0.932,0.057
720500,0.010,0.941,0.049
721000,0.010,0.948,0.042
721500,0.010,0.944,0.046
722000,0.010,0.939,0.051
722500,0.010,0.945,0.045
723000,0.010,0.947,0.043
723500,0.010,0.953,0.037
724000,0.010,0.940,0.050
724500,0.010,0.939,0.051
725000,0.010,0.949,0.041
725500,0.010,0.940,0.050
726000,0.010,0.948,0.042
726500,0.010,0.945,0.045
727000,0.010,0.958,0.032
727500,0.010,0.961,0.029
728000,0.010,0.951,0.039
728500,0.010,0.941,0.049
729000,0.010,0.947,0.043
729500,0.010,0.947,0.043
730000,0.010,0.954,0.036
730500,0.010,0.940,0.050
731000,0.010,0.929,0.060
731500,0.010,0.934,0.056
732000,0.010,0.924,0.066
732500,0.010,0.932,0.058
733000,0.010,0.929,0.061
733500,0.010,0.945,0.045
734000,0.010,0.945,0.045
734500,0.010,0.940,0.050
735000,0.010,0.950,0.040
735500,0.010,0.947,0.043
736000,0.010,0.936,0.053
736500,0.010,0.948,0.042
737000,0.010,0.954,0.036
737500,0.010,0.949,0.041
738000,0.010,0.958,0.032
738500,0.010,0.953,0.037
739000,0.010,0.965,0.025
739500,0.010,0.953,0.037
740000,0.010,0.954,0.036
740500,0.010,0.960,0.030
741000,0.010,0.964,0.026
741500,0.010,0.975,0.015
742000,0.010,0.963,0.027
742500,0.010,0.973,0.017
743000,0.010,0.967,0.023
743500,0.010,0.968,0.022
744000,0.010,0.963,0.027
744500,0.010,0.955,0.035
745000,0.010,0.954,0.036
745500,0.010,0.949,0.041
746000,0.010,0.950,0.040
746500,0.010,0.962,0.028
747000,0.010,0.971,0.019
747500,0.010,0.968,0.022
748000,0.010,0.963,0.027
748500,0.010,0.955,0.035
749000,0.010,0.955,0.035
749500,0.010,0.953,0.037
750000,0.010,0.955,0.035
750500,0.010,0.959,0.031
751000,0.010,0.955,0.035
751500,0.010,0.974,0.016
752000,0.010,0.962,0.028
752500,0.010,0.966,0.024
753000,0.010,0.967,0.023
753500,0.010,0.964,0.026
754000,0.010,0.960,0.030
754500,0.010,0.960,0.030
755000,0.010,0.944,0.046
755500,0.010,0.934,0.056
756000,0.010,0.940,0.050
756500,0.010,0.959,0.031
757000,0.010,0.959,0.031
757500,0.010,0.956,0.034
758000,0.010,0.961,0.029
758500,0.010,0.956,0.034
759000,0.010,0.965,0.025
759500,0.010,0.969,0.021
760000,0.010,0.966,0.024
760500,0.010,0.966,0.024
761000,0.010,0.955,0.035
761500,0.010,0.940,0.050
762000,0.010,0.941,0.049
762500,0.010,0.948,0.042
763000,0.010,0.960,0.030
763500,0.010,0.948,0.042
764000,0.010,0.940,0.050
764500,0.010,0.923,0.067
765000,0.010,0.935,0.055
765500,0.010,0.956,0.034
766000,0.010,0.944,0.046
766500,0.010,0.956,0.034
767000,0.010,0.958,0.032
767500,0.010,0.948,0.042
768000,0.010,0.963,0.027
768500,0.010,0.967,0.023
769000,0.010,0.957,0.033
769500,0.010,0.940,0.050
770000,0.010,0.946,0.044
770500,0.010,0.957,0.033
771000,0.010,0.954,0.036
771500,0.010,0.954,0.036
772000,0.010,0.956,0.034
772500,0.010,0.960,0.030
773000,0.010,0.952,0.038
773500,0.010,0.943,0.047
774000,0.010,0.949,0.041
774500,0.010,0.952,0.038
775000,0.010,0.944,0.046
775500,0.010,0.938,0.052
776000,0.010,0.960,0.030
776500,0.010,0.965,0.025
777000,0.010,0.978,0.012
777500,0.010,0.963,0.027
778000,0.010,0.954,0.036
778500,0.010,0.940,0.050
779000,0.010,0.944,0.046
779500,0.010,0.950,0.040
780000,0.010,0.959,0.031
780500,0.010,0.956,0.034
781000,0.010,0.952,0.038
781500,0.010,0.942,0.048
782000,0.010,0.945,0.045
782500,0.010,0.952,0.038
783000,0.010,0.962,0.028
783500,0.010,0.962,0.028
784000,0.010,0.968,0.022
784500,0.010,0.943,0.047
785000,0.010,0.966,0.024
785500,0.010,0.966,0.024
786000,0.010,0.941,0.049
786500,0.010,0.938,0.052
787000,0.010,0.947,0.043
787500,0.010,0.956,0.034
788000,0.010,0.972,0.018
788500,0.010,0.962,0.028
789000,0.010,0.957,0.033
789500,0.010,0.960,0.030
790000,0.010,0.960,0.030
790500,0.010,0.966,0.024
791000,0.010,0.964,0.026
791500,0.010,0.974,0.016
792000,0.010,0.974,0.016
792500,0.010,0.962,0.028
793000,0.010,0.963,0.027
793500,0.010,0.975,0.015
794000,0.010,0.972,0.018
794500,0.010,0.974,0.016
795000,0.010,0.975,0.015
795500,0.010,0.961,0.029
796000,0.010,0.963,0.027
796500,0.010,0.965,0.025
797000,0.010,0.963,0.027
797500,0.010,0.964,0.026
798000,0.010,0.959,0.031
798500,0.010,0.956,0.034
799000,0.010,0.961,0.029
799500,0.010,0.972,0.018
800000,0.010,0.961,0.029
800500,0.010,0.942,0.048
801000,0.010,0.948,0.042
801500,0.010,0.960,0.030
802000,0.010,0.958,0.032
802500,0.010,0.972,0.018
803000,0.010,0.958,0.032
803500,0.010,0.956,0.034
804000,0.010,0.969,0.021
804500,0.010,0.951,0.039
805000,0.010,0.957,0.033
805500,0.010,0.955,0.035
806000,0.010,0.960,0.030
806500,0.010,0.952,0.038
807000,0.010,0.953,0.037
807500,0.010,0.946,0.044
808000,0.010,0.938,0.052
808500,0.010,0.945,0.045
809000,0.010,0.947,0.043
809500,0.010,0.953,0.037
810000,0.010,0.956,0.034
810500,0.010,0.956,0.034
811000,0.010,0.956,0.034
811500,0.010,0.961,0.029
812000,0.010,0.957,0.033
812500,0.010,0.949,0.041
813000,0.010,0.943,0.047
813500,0.010,0.941,0.049
814000,0.010,0.948,0.042
814500,0.010,0.953,0.037
815000,0.010,0.976,0.014
815500,0.010,0.964,0.026
816000,0.010,0.971,0.019
816500,0.010,0.972,0.018
817000,0.010,0.949,0.041
817500,0.010,0.952,0.038
818000,0.010,0.941,0.049
818500,0.010,0.969,0.021
819000,0.010,0.965,0.025
819500,0.010,0.955,0.035
820000,0.010,0.958,0.032
820500,0.010,0.961,0.029
821000,0.010,0.950,0.040
821500,0.010,0.958,0.032
822000,0.010,0.955,0.035
822500,0.010,0.944,0.046
823000,0.010,0.954,0.036
823500,0.010,0.949,0.041
824000,0.010,0.940,0.050
824500,0.010,0.928,0.062
825000,0.010,0.925,0.065
825500,0.010,0.946,0.044
826000,0.010,0.947,0.043
826500,0.010,0.944,0.046
827000,0.010,0.938,0.052
827500,0.010,0.948,0.042
828000,0.010,0.946,0.044
828500,0.010,0.958,0.032
829000,0.010,0.949,0.041
829500,0.010,0.951,0.039
830000,0.010,0.967,0.023
830500,0.010,0.964,0.026
831000,0.010,0.966,0.024
831500,0.010,0.961,0.029
832000,0.010,0.950,0.040
832500,0.010,0.951,0.039
833000,0.010,0.956,0.034
833500,0.010,0.958,0.032
834000,0.010,0.959,0.031
834500,0.010,0.968,0.022
835000,0.010,0.962,0.028
835500,0.010,0.953,0.037
836000,0.010,0.952,0.038
836500,0.010,0.960,0.030
837000,0.010,0.935,0.054
837500,0.010,0.951,0.039
838000,0.010,0.950,0.040
838500,0.010,0.942,0.048
839000,0.010,0.958,0.032
839500,0.010,0.964,0.026
840000,0.010,0.962,0.028
840500,0.010,0.966,0.024
841000,0.010,0.948,0.042
841500,0.010,0.941,0.049
842000,0.010,0.943,0.047
842500,0.010,0.955,0.035
843000,0.010,0.947,0.043
843500,0.010,0.947,0.043
844000,0.010,0.956,0.034
844500,0.010,0.962,0.028
845000,0.010,0.961,0.029
845500,0.010,0.955,0.035
846000,0.010,0.959,0.031
846500,0.010,0.961,0.029
847000,0.010,0.961,0.029
847500,0.010,0.962,0.028
848000,0.010,0.957,0.033
848500,0.010,0.967,0.023
849000,0.010,0.959,0.031
849500,0.010,0.944,0.046
850000,0.010,0.958,0.032
850500,0.010,0.955,0.035
851000,0.010,0.959,0.031
851500,0.010,0.968,0.022
852000,0.010,0.972,0.018
852500,0.010,0.974,0.016
853000,0.010,0.976,0.014
853500,0.010,0.970,0.020
854000,0.010,0.965,0.025
854500,0.010,0.966,0.024
855000,0.010,0.953,0.037
855500,0.010,0.962,0.028
856000,0.010,0.969,0.021
856500,0.010,0.964,0.026
857000,0.010,0.953,0.037
857500,0.010,0.949,0.041
858000,0.010,0.958,0.032
858500,0.010,0.956,0.034
859000,0.010,0.951,0.039
859500,0.010,0.935,0.055
860000,0.010,0.961,0.029
860500,0.010,0.970,0.020
861000,0.010,0.966,0.024
861500,0.010,0.952,0.038
862000,0.010,0.948,0.042
862500,0.010,0.958,0.032
863000,0.010,0.967,0.023
863500,0.010,0.960,0.030
864000,0.010,0.958,0.032
864500,0.010,0.970,0.020
865000,0.010,0.959,0.031
865500,0.010,0.962,0.028
866000,0.010,0.973,0.017
866500,0.010,0.962,0.028
867000,0.010,0.957,0.033
867500,0.010,0.961,0.029
868000,0.010,0.963,0.027
868500,0.010,0.961,0.029
869000,0.010,0.960,0.030
869500,0.010,0.965,0.025
870000,0.010,0.956,0.034
870500,0.010,0.960,0.030
871000,0.010,0.964,0.026
871500,0.010,0.961,0.029
872000,0.010,0.966,0.024
872500,0.010,0.963,0.027
873000,0.010,0.962,0.028
873500,0.010,0.950,0.040
874000,0.010,0.956,0.034
874500,0.010,0.958,0.032
875000,0.010,0.944,0.046
875500,0.010,0.960,0.030
876000,0.010,0.959,0.031
876500,0.010,0.959,0.031
877000,0.010,0.972,0.018
877500,0.010,0.960,0.030
878000,0.010,0.968,0.022
878500,0.010,0.963,0.027
879000,0.010,0.962,0.028
879500,0.010,0.966,0.024
880000,0.010,0.961,0.029
880500,0.010,0.940,0.050
881000,0.010,0.955,0.035
881500,0.010,0.959,0.031
882000,0.010,0.963,0.027
882500,0.010,0.968,0.022
883000,0.010,0.962,0.028
883500,0.010,0.957,0.033
884000,0.010,0.964,0.026
884500,0.010,0.971,0.019
885000,0.010,0.963,0.027
885500,0.010,0.964,0.026
886000,0.010,0.944,0.046
886500,0.010,0.953,0.037
887000,0.010,0.956,0.034
887500,0.010,0.959,0.031
888000,0.010,0.957,0.033
888500,0.010,0.954,0.036
889000,0.010,0.959,0.031
889500,0.010,0.955,0.035
890000,0.010,0.955,0.035
890500,0.010,0.962,0.028
891000,0.010,0.965,0.025
891500,0.010,0.974,0.016
892000,0.010,0.978,0.012
892500,0.010,0.967,0.023
893000,0.010,0.960,0.030
893500,0.010,0.965,0.025
894000,0.010,0.966,0.024
894500,0.010,0.972,0.018
895000,0.010,0.978,0.012
895500,0.010,0.968,0.022
896000,0.010,0.972,0.018
896500,0.010,0.964,0.026
897000,0.010,0.953,0.037
897500,0.010,0.957,0.033
898000,0.010,0.959,0.031
898500,0.010,0.953,0.037
899000,0.010,0.954,0.036
899500,0.010,0.963,0.027
900000,0.010,0.962,0.028
900500,0.010,0.961,0.029
901000,0.010,0.967,0.023
901500,0.010,0.973,0.017
902000,0.010,0.975,0.015
902500,0.010,0.973,0.017
903000,0.010,0.971,0.019
903500,0.010,0.967,0.023
904000,0.010,0.967,0.023
904500,0.010,0.963,0.027
905000,0.010,0.966,0.024
905500,0.010,0.966,0.024
906000,0.010,0.956,0.034
906500,0.010,0.946,0.044
907000,0.010,0.952,0.038
907500,0.010,0.939,0.051
908000,0.010,0.949,0.041
908500,0.010,0.946,0.044
909000,0.010,0.958,0.032
909500,0.010,0.949,0.041
910000,0.010,0.966,0.024
910500,0.010,0.956,0.034
911000,0.010,0.949,0.041
911500,0.010,0.942,0.048
912000,0.010,0.945,0.045
912500,0.010,0.935,0.054
913000,0.010,0.936,0.054
913500,0.010,0.956,0.034
914000,0.010,0.966,0.024
914500,0.010,0.961,0.029
915000,0.010,0.966,0.024
915500,0.010,0.961,0.029
916000,0.010,0.956,0.034
916500,0.010,0.972,0.018
917000,0.010,0.963,0.027
917500,0.010,0.965,0.025
918000,0.010,0.962,0.028
918500,0.010,0.954,0.036
919000,0.010,0.948,0.042
919500,0.010,0.962,0.028
920000,0.010,0.971,0.019
920500,0.010,0.977,0.013
921000,0.010,0.963,0.027
921500,0.010,0.951,0.039
922000,0.010,0.959,0.031
922500,0.010,0.953,0.037
923000,0.010,0.928,0.061
923500,0.010,0.946,0.044
924000,0.010,0.944,0.046
924500,0.010,0.951,0.039
925000,0.010,0.938,0.052
925500,0.010,0.934,0.055
926000,0.010,0.942,0.048
926500,0.010,0.911,0.079
927000,0.010,0.906,0.084
927500,0.010,0.909,0.081
928000,0.010,0.934,0.055
928500,0.010,0.945,0.045
929000,0.010,0.949,0.041
929500,0.010,0.944,0.046
930000,0.010,0.949,0.041
930500,0.010,0.952,0.038
931000,0.010,0.961,0.029
931500,0.010,0.961,0.029
932000,0.010,0.946,0.044
932500,0.010,0.948,0.042
933000,0.010,0.962,0.028
933500,0.010,0.958,0.032
934000,0.010,0.956,0.034
934500,0.010,0.953,0.037
935000,0.010,0.947,0.043
935500,0.010,0.969,0.021
936000,0.010,0.981,0.009
936500,0.010,0.982,0.008
937000,0.010,0.965,0.025
937500,0.010,0.972,0.018
938000,0.010,0.973,0.017
938500,0.010,0.963,0.027
939000,0.010,0.966,0.024
939500,0.010,0.973,0.017
940000,0.010,0.976,0.014
940500,0.010,0.973,0.017
941000,0.010,0.977,0.013
941500,0.010,0.974,0.016
942000,0.010,0.978,0.012
942500,0.010,0.972,0.018
943000,0.010,0.973,0.017
943500,0.010,0.967,0.023
944000,0.010,0.971,0.019
944500,0.010,0.965,0.025
945000,0.010,0.960,0.030
945500,0.010,0.944,0.046
946000,0.010,0.967,0.023
946500,0.010,0.973,0.017
947000,0.010,0.972,0.018
947500,0.010,0.970,0.020
948000,0.010,0.973,0.017
948500,0.010,0.981,0.009
949000,0.010,0.967,0.023
949500,0.010,0.957,0.033
950000,0.010,0.951,0.039
950500,0.010,0.957,0.033
951000,0.010,0.967,0.023
951500,0.010,0.964,0.026
952000,0.010,0.956,0.034
952500,0.010,0.970,0.020
953000,0.010,0.975,0.015
953500,0.010,0.978,0.012
954000,0.010,0.983,0.007
954500,0.010,0.973,0.017
955000,0.010,0.969,0.021
955500,0.010,0.974,0.016
956000,0.010,0.969,0.021
956500,0.010,0.976,0.014
957000,0.010,0.976,0.014
957500,0.010,0.961,0.029
958000,0.010,0.958,0.032
958500,0.010,0.956,0.034
959000,0.010,0.965,0.025
959500,0.010,0.960,0.030
960000,0.010,0.958,0.032
960500,0.010,0.962,0.028
961000,0.010,0.971,0.019
961500,0.010,0.968,0.022
962000,0.010,0.970,0.020
962500,0.010,0.972,0.018
963000,0.010,0.967,0.023
963500,0.010,0.962,0.028
964000,0.010,0.959,0.031
964500,0.010,0.966,0.024
965000,0.010,0.975,0.015
965500,0.010,0.962,0.028
966000,0.010,0.951,0.039
966500,0.010,0.951,0.039
967000,0.010,0.966,0.024
967500,0.010,0.972,0.018
968000,0.010,0.973,0.017
968500,0.010,0.967,0.023
969000,0.010,0.972,0.018
969500,0.010,0.966,0.024
970000,0.010,0.965,0.025
970500,0.010,0.969,0.021
971000,0.010,0.972,0.018
971500,0.010,0.968,0.022
972000,0.010,0.967,0.023
972500,0.010,0.961,0.029
973000,0.010,0.965,0.025
973500,0.010,0.961,0.029
974000,0.010,0.953,0.037
974500,0.010,0.945,0.045
975000,0.010,0.942,0.048
975500,0.010,0.942,0.048
976000,0.010,0.941,0.049
976500,0.010,0.945,0.045
977000,0.010,0.949,0.041
977500,0.010,0.935,0.054
978000,0.010,0.938,0.052
978500,0.010,0.925,0.065
979000,0.010,0.935,0.055
979500,0.010,0.937,0.053
980000,0.010,0.940,0.050
980500,0.010,0.947,0.043
981000,0.010,0.952,0.038
981500,0.010,0.945,0.045
982000,0.010,0.943,0.047
982500,0.010,0.938,0.052
983000,0.010,0.958,0.032
983500,0.010,0.948,0.042
984000,0.010,0.939,0.051
984500,0.010,0.957,0.033
985000,0.010,0.961,0.029
985500,0.010,0.965,0.025
986000,0.010,0.965,0.025
986500,0.010,0.962,0.028
987000,0.010,0.962,0.028
987500,0.010,0.967,0.023
988000,0.010,0.961,0.029
988500,0.010,0.945,0.045
989000,0.010,0.957,0.033
989500,0.010,0.960,0.030
990000,0.010,0.964,0.026
990500,0.010,0.961,0.029
991000,0.010,0.956,0.034
991500,0.010,0.952,0.038
992000,0.010,0.950,0.040
992500,0.010,0.960,0.030
993000,0.010,0.953,0.037
993500,0.010,0.957,0.033
994000,0.010,0.962,0.028
994500,0.010,0.960,0.030
995000,0.010,0.972,0.018
995500,0.010,0.958,0.032
996000,0.010,0.961,0.029
996500,0.010,0.969,0.021
997000,0.010,0.959,0.031
997500,0.010,0.960,0.030
998000,0.010,0.942,0.048
998500,0.010,0.950,0.040
999000,0.010,0.952,0.038
999500,0.010,0.943,0.047
1000000,0.010,0.949,0.041
