time,n_A+p,n_B,n_AB
0,0.029,0.971,0.000
500,0.029,0.897,0.074
1000,0.033,0.880,0.087
1500,0.033,0.864,0.103
2000,0.029,0.880,0.091
2500,0.029,0.884,0.087
3000,0.029,0.880,0.091
3500,0.037,0.831,0.132
4000,0.033,0.872,0.095
4500,0.033,0.802,0.165
5000,0.029,0.835,0.136
5500,0.045,0.839,0.116
6000,0.029,0.868,0.103
6500,0.029,0.888,0.083
7000,0.037,0.835,0.128
7500,0.041,0.855,0.103
8000,0.037,0.806,0.157
8500,0.041,0.810,0.149
9000,0.041,0.897,0.062
9500,0.029,0.884,0.087
10000,0.037,0.888,0.074
10500,0.050,0.839,0.112
11000,0.054,0.831,0.116
11500,0.058,0.777,0.165
12000,0.045,0.822,0.132
12500,0.050,0.806,0.145
13000,0.066,0.752,0.182
13500,0.054,0.785,0.161
14000,0.045,0.773,0.182
14500,0.041,0.773,0.186
15000,0.041,0.826,0.132
15500,0.037,0.822,0.140
16000,0.033,0.880,0.087
16500,0.029,0.831,0.140
17000,0.033,0.855,0.112
17500,0.037,0.810,0.153
18000,0.029,0.851,0.120
18500,0.029,0.831,0.140
19000,0.033,0.810,0.157
19500,0.033,0.835,0.132
20000,0.029,0.847,0.124
20500,0.037,0.789,0.174
21000,0.037,0.810,0.153
21500,0.041,0.740,0.219
22000,0.045,0.764,0.190
22500,0.033,0.773,0.194
23000,0.029,0.822,0.149
23500,0.029,0.847,0.124
24000,0.029,0.876,0.095
24500,0.041,0.860,0.099
25000,0.037,0.822,0.140
25500,0.029,0.864,0.107
26000,0.041,0.835,0.124
26500,0.050,0.818,0.132
27000,0.037,0.781,0.182
27500,0.033,0.781,0.186
28000,0.041,0.793,0.165
28500,0.037,0.884,0.079
29000,0.029,0.909,0.062
29500,0.029,0.798,0.174
30000,0.033,0.748,0.219
30500,0.029,0.831,0.140
31000,0.041,0.831,0.128
31500,0.045,0.748,0.207
32000,0.045,0.764,0.190
32500,0.070,0.661,0.269
33000,0.058,0.702,0.240
33500,0.041,0.822,0.136
34000,0.033,0.810,0.157
34500,0.029,0.868,0.103
35000,0.037,0.806,0.157
35500,0.037,0.781,0.182
36000,0.037,0.789,0.174
36500,0.050,0.793,0.157
37000,0.033,0.826,0.140
37500,0.050,0.868,0.083
38000,0.045,0.814,0.140
38500,0.037,0.744,0.219
39000,0.037,0.810,0.153
39500,0.050,0.789,0.161
40000,0.029,0.781,0.190
40500,0.062,0.806,0.132
41000,0.033,0.860,0.107
41500,0.033,0.843,0.124
42000,0.041,0.826,0.132
42500,0.033,0.872,0.095
43000,0.029,0.876,0.095
43500,0.033,0.822,0.145
44000,0.037,0.764,0.198
44500,0.029,0.868,0.103
45000,0.037,0.798,0.165
45500,0.029,0.864,0.107
46000,0.029,0.893,0.079
46500,0.029,0.860,0.112
47000,0.045,0.826,0.128
47500,0.029,0.810,0.161
48000,0.037,0.773,0.190
48500,0.037,0.748,0.215
49000,0.033,0.831,0.136
49500,0.029,0.843,0.128
50000,0.033,0.880,0.087
50500,0.033,0.810,0.157
51000,0.029,0.831,0.140
51500,0.029,0.893,0.079
52000,0.029,0.901,0.070
52500,0.033,0.901,0.066
53000,0.029,0.917,0.054
53500,0.029,0.860,0.112
54000,0.029,0.851,0.120
54500,0.033,0.835,0.132
55000,0.029,0.864,0.107
55500,0.045,0.789,0.165
56000,0.054,0.711,0.236
56500,0.033,0.835,0.132
57000,0.037,0.810,0.153
57500,0.033,0.872,0.095
58000,0.041,0.814,0.145
58500,0.033,0.851,0.116
59000,0.033,0.880,0.087
59500,0.054,0.839,0.107
60000,0.054,0.818,0.128
60500,0.033,0.818,0.149
61000,0.045,0.793,0.161
61500,0.033,0.814,0.153
62000,0.029,0.872,0.099
62500,0.033,0.835,0.132
63000,0.029,0.793,0.178
63500,0.037,0.843,0.120
64000,0.045,0.760,0.194
64500,0.033,0.814,0.153
65000,0.033,0.847,0.120
65500,0.033,0.864,0.103
66000,0.029,0.826,0.145
66500,0.029,0.810,0.161
67000,0.041,0.843,0.116
67500,0.050,0.756,0.194
68000,0.045,0.777,0.178
68500,0.050,0.686,0.264
69000,0.095,0.607,0.298
69500,0.186,0.471,0.343
70000,0.310,0.322,0.368
70500,0.273,0.293,0.434
71000,0.277,0.331,0.393
71500,0.322,0.236,0.442
72000,0.384,0.153,0.463
72500,0.343,0.236,0.421
73000,0.331,0.223,0.446
73500,0.351,0.248,0.401
74000,0.438,0.240,0.322
74500,0.426,0.169,0.405
75000,0.645,0.099,0.256
75500,0.727,0.050,0.223
76000,0.756,0.037,0.207
76500,0.913,0.017,0.070
77000,0.971,0.004,0.025
77500,0.975,0.004,0.021
78000,0.992,0.004,0.004
78500,0.992,0.004,0.004
79000,1.000,0.000,0.000
