time,n_A+p,n_B,n_AB
500,0.080,0.658,0.262
1000,0.086,0.481,0.433
1500,0.116,0.220,0.664
2000,0.164,0.128,0.708
2500,0.296,0.042,0.662
3000,0.526,0.006,0.468
3500,0.607,0.000,0.393
4000,0.721,0.000,0.279
4500,0.817,0.000,0.183
5000,0.881,0.000,0.119
5500,0.868,0.000,0.132
6000,0.868,0.000,0.132
6500,0.867,0.000,0.133
7000,0.907,0.000,0.093
7500,0.920,0.000,0.080
8000,0.942,0.000,0.058
8500,0.963,0.000,0.037
9000,0.949,0.000,0.051
9500,0.964,0.000,0.036
10000,0.938,0.000,0.062
10500,0.932,0.000,0.068
11000,0.974,0.000,0.026
11500,0.972,0.000,0.028
12000,0.985,0.000,0.015
12500,0.971,0.000,0.029
13000,0.977,0.000,0.023
13500,0.988,0.000,0.012
14000,0.996,0.000,0.004
14500,0.997,0.000,0.003
15000,1.000,0.000,0.000
