time,n_A+p,n_B,n_AB
100,0.420,0.515,0.065
200,0.392,0.496,0.111
300,0.378,0.477,0.145
400,0.362,0.457,0.182
500,0.347,0.444,0.208
600,0.327,0.447,0.226
700,0.326,0.427,0.247
800,0.325,0.416,0.259
900,0.327,0.409,0.265
1000,0.314,0.402,0.284
1100,0.306,0.393,0.300
1200,0.312,0.383,0.305
1300,0.300,0.380,0.320
1400,0.300,0.369,0.331
1500,0.296,0.361,0.343
1600,0.298,0.347,0.354
1700,0.298,0.344,0.358
1800,0.295,0.341,0.364
1900,0.286,0.332,0.382
2000,0.280,0.328,0.392
2100,0.279,0.330,0.391
2200,0.287,0.327,0.386
2300,0.277,0.327,0.396
2400,0.278,0.320,0.402
2500,0.273,0.314,0.414
2600,0.269,0.308,0.423
2700,0.265,0.313,0.423
2800,0.265,0.317,0.419
2900,0.266,0.314,0.421
3000,0.260,0.301,0.438
3100,0.258,0.296,0.445
3200,0.248,0.299,0.453
3300,0.253,0.299,0.447
3400,0.252,0.293,0.455
3500,0.250,0.288,0.462
3600,0.249,0.285,0.466
3700,0.247,0.294,0.459
3800,0.247,0.299,0.454
3900,0.245,0.292,0.463
4000,0.243,0.288,0.469
4100,0.241,0.285,0.474
4200,0.233,0.282,0.485
4300,0.220,0.274,0.507
4400,0.218,0.282,0.501
4500,0.235,0.285,0.480
4600,0.231,0.283,0.486
4700,0.225,0.279,0.496
4800,0.226,0.285,0.489
4900,0.219,0.291,0.490
5000,0.220,0.291,0.489
5100,0.231,0.283,0.486
5200,0.237,0.282,0.481
5300,0.237,0.279,0.484
5400,0.240,0.273,0.487
5500,0.247,0.265,0.488
5600,0.242,0.267,0.491
5700,0.240,0.266,0.494
5800,0.233,0.273,0.494
5900,0.232,0.264,0.505
6000,0.226,0.253,0.521
6100,0.223,0.253,0.524
6200,0.228,0.251,0.521
6300,0.224,0.252,0.524
6400,0.211,0.253,0.535
6500,0.213,0.243,0.543
6600,0.210,0.242,0.547
6700,0.219,0.241,0.540
6800,0.213,0.240,0.546
6900,0.216,0.240,0.544
7000,0.222,0.235,0.543
7100,0.224,0.232,0.544
7200,0.223,0.234,0.543
7300,0.227,0.238,0.535
7400,0.223,0.246,0.531
7500,0.212,0.247,0.540
7600,0.215,0.244,0.541
7700,0.216,0.244,0.540
7800,0.208,0.243,0.549
7900,0.209,0.245,0.545
8000,0.207,0.246,0.546
8100,0.202,0.241,0.557
8200,0.206,0.249,0.544
8300,0.205,0.244,0.551
8400,0.203,0.242,0.555
8500,0.207,0.239,0.554
8600,0.197,0.235,0.568
8700,0.195,0.238,0.567
8800,0.199,0.234,0.567
8900,0.191,0.241,0.568
9000,0.211,0.237,0.552
9100,0.210,0.237,0.553
9200,0.211,0.237,0.552
9300,0.217,0.231,0.553
9400,0.217,0.222,0.562
9500,0.217,0.221,0.563
9600,0.215,0.213,0.572
9700,0.221,0.210,0.569
9800,0.224,0.216,0.561
9900,0.207,0.215,0.578
10000,0.205,0.219,0.576
10100,0.210,0.213,0.576
10200,0.210,0.222,0.568
10300,0.208,0.226,0.566
10400,0.206,0.223,0.571
10500,0.197,0.223,0.580
10600,0.194,0.224,0.582
10700,0.193,0.224,0.583
10800,0.190,0.229,0.581
10900,0.185,0.229,0.586
11000,0.193,0.224,0.583
11100,0.191,0.232,0.577
11200,0.192,0.239,0.569
11300,0.189,0.242,0.569
11400,0.191,0.242,0.567
11500,0.192,0.240,0.568
11600,0.220,0.238,0.542
11700,0.212,0.236,0.552
11800,0.215,0.231,0.555
11900,0.217,0.230,0.554
12000,0.209,0.233,0.558
12100,0.204,0.233,0.563
12200,0.196,0.235,0.569
12300,0.196,0.234,0.570
12400,0.195,0.238,0.567
12500,0.191,0.242,0.567
12600,0.187,0.239,0.574
12700,0.202,0.234,0.564
12800,0.201,0.231,0.568
12900,0.191,0.229,0.580
13000,0.196,0.231,0.573
13100,0.203,0.228,0.569
13200,0.188,0.224,0.588
13300,0.195,0.223,0.582
13400,0.193,0.229,0.578
13500,0.183,0.224,0.593
13600,0.183,0.217,0.601
13700,0.187,0.216,0.598
13800,0.190,0.219,0.591
13900,0.194,0.213,0.592
14000,0.193,0.210,0.597
14100,0.192,0.201,0.607
14200,0.184,0.201,0.615
14300,0.188,0.202,0.610
14400,0.183,0.201,0.616
14500,0.187,0.210,0.603
14600,0.188,0.211,0.601
14700,0.182,0.225,0.593
14800,0.181,0.216,0.604
14900,0.182,0.229,0.589
15000,0.182,0.236,0.582
15100,0.173,0.236,0.591
15200,0.169,0.242,0.589
15300,0.161,0.238,0.601
15400,0.158,0.247,0.594
15500,0.174,0.237,0.589
15600,0.185,0.241,0.574
15700,0.177,0.235,0.588
15800,0.181,0.243,0.576
15900,0.183,0.234,0.583
16000,0.204,0.232,0.564
16100,0.200,0.227,0.573
16200,0.189,0.223,0.588
16300,0.191,0.235,0.574
16400,0.192,0.235,0.573
16500,0.198,0.233,0.569
16600,0.197,0.228,0.575
16700,0.216,0.225,0.560
16800,0.218,0.232,0.551
16900,0.218,0.228,0.555
17000,0.207,0.221,0.572
17100,0.204,0.221,0.575
17200,0.207,0.216,0.577
17300,0.208,0.212,0.579
17400,0.200,0.209,0.590
17500,0.201,0.216,0.583
17600,0.196,0.212,0.591
17700,0.191,0.216,0.593
17800,0.192,0.213,0.594
17900,0.187,0.212,0.601
18000,0.186,0.212,0.602
18100,0.173,0.215,0.613
18200,0.170,0.211,0.619
18300,0.169,0.201,0.630
18400,0.169,0.206,0.625
18500,0.171,0.206,0.623
18600,0.172,0.203,0.625
18700,0.175,0.202,0.623
18800,0.179,0.205,0.616
18900,0.182,0.203,0.615
19000,0.187,0.205,0.608
19100,0.194,0.201,0.605
19200,0.181,0.223,0.597
19300,0.177,0.232,0.591
19400,0.183,0.235,0.582
19500,0.177,0.235,0.588
19600,0.175,0.232,0.593
19700,0.182,0.236,0.582
19800,0.181,0.236,0.583
19900,0.178,0.234,0.588
20000,0.172,0.232,0.597
20100,0.168,0.232,0.601
20200,0.161,0.233,0.606
20300,0.157,0.231,0.612
20400,0.156,0.230,0.614
20500,0.154,0.226,0.620
20600,0.154,0.221,0.625
20700,0.155,0.229,0.616
20800,0.161,0.230,0.609
20900,0.160,0.228,0.612
21000,0.161,0.240,0.599
21100,0.163,0.239,0.598
21200,0.163,0.241,0.596
21300,0.157,0.243,0.600
21400,0.162,0.246,0.591
21500,0.162,0.245,0.592
21600,0.163,0.244,0.592
21700,0.179,0.246,0.575
21800,0.178,0.236,0.586
21900,0.170,0.240,0.590
22000,0.171,0.234,0.596
22100,0.182,0.232,0.586
22200,0.189,0.233,0.578
22300,0.187,0.231,0.582
22400,0.193,0.229,0.578
22500,0.195,0.237,0.568
22600,0.189,0.230,0.581
22700,0.192,0.237,0.571
22800,0.197,0.237,0.566
22900,0.200,0.228,0.572
23000,0.200,0.227,0.573
23100,0.191,0.228,0.581
23200,0.189,0.232,0.579
23300,0.183,0.224,0.593
23400,0.190,0.232,0.578
23500,0.183,0.224,0.593
23600,0.186,0.228,0.586
23700,0.185,0.226,0.589
23800,0.187,0.223,0.590
23900,0.180,0.229,0.591
24000,0.177,0.229,0.594
24100,0.178,0.224,0.599
24200,0.185,0.215,0.601
24300,0.176,0.218,0.607
24400,0.187,0.213,0.600
24500,0.186,0.217,0.598
24600,0.191,0.208,0.601
24700,0.200,0.205,0.594
24800,0.195,0.210,0.594
24900,0.192,0.207,0.601
25000,0.188,0.208,0.604
25100,0.180,0.211,0.609
25200,0.177,0.210,0.613
25300,0.176,0.210,0.614
25400,0.186,0.220,0.594
25500,0.192,0.211,0.597
25600,0.183,0.227,0.590
25700,0.187,0.227,0.586
25800,0.186,0.232,0.582
25900,0.181,0.229,0.590
26000,0.182,0.228,0.590
26100,0.183,0.251,0.566
26200,0.171,0.243,0.586
26300,0.178,0.238,0.584
26400,0.175,0.232,0.593
26500,0.183,0.227,0.590
26600,0.173,0.230,0.598
26700,0.171,0.222,0.608
26800,0.170,0.217,0.614
26900,0.166,0.218,0.616
27000,0.171,0.218,0.612
27100,0.165,0.212,0.622
27200,0.166,0.218,0.616
27300,0.186,0.218,0.597
27400,0.179,0.215,0.607
27500,0.189,0.213,0.598
27600,0.190,0.212,0.598
27700,0.189,0.205,0.606
27800,0.179,0.204,0.617
27900,0.185,0.203,0.612
28000,0.180,0.200,0.620
28100,0.173,0.198,0.629
28200,0.165,0.198,0.636
28300,0.162,0.202,0.635
28400,0.175,0.203,0.622
28500,0.176,0.196,0.628
28600,0.172,0.192,0.636
28700,0.172,0.192,0.636
28800,0.171,0.195,0.634
28900,0.170,0.194,0.636
29000,0.169,0.199,0.632
29100,0.172,0.200,0.628
29200,0.162,0.201,0.636
29300,0.174,0.202,0.624
29400,0.168,0.209,0.623
29500,0.166,0.209,0.624
29600,0.171,0.209,0.620
29700,0.168,0.206,0.626
29800,0.189,0.203,0.608
29900,0.178,0.204,0.618
30000,0.178,0.205,0.617
30100,0.178,0.207,0.615
30200,0.172,0.200,0.628
30300,0.166,0.198,0.635
30400,0.164,0.196,0.639
30500,0.168,0.202,0.630
30600,0.157,0.198,0.645
30700,0.162,0.196,0.641
30800,0.152,0.210,0.637
30900,0.150,0.209,0.640
31000,0.135,0.228,0.637
31100,0.139,0.234,0.627
31200,0.143,0.220,0.637
31300,0.147,0.218,0.635
31400,0.150,0.209,0.640
31500,0.147,0.209,0.644
31600,0.147,0.225,0.628
31700,0.145,0.238,0.617
31800,0.138,0.228,0.634
31900,0.143,0.222,0.635
32000,0.141,0.226,0.633
32100,0.144,0.232,0.624
32200,0.150,0.231,0.619
32300,0.143,0.224,0.633
32400,0.148,0.225,0.627
32500,0.147,0.245,0.608
32600,0.141,0.234,0.625
32700,0.151,0.228,0.621
32800,0.152,0.232,0.616
32900,0.146,0.238,0.616
33000,0.156,0.228,0.616
33100,0.155,0.225,0.620
33200,0.156,0.226,0.618
33300,0.156,0.221,0.623
33400,0.163,0.213,0.623
33500,0.164,0.217,0.619
33600,0.172,0.225,0.604
33700,0.164,0.229,0.607
33800,0.171,0.233,0.597
33900,0.175,0.231,0.594
34000,0.175,0.230,0.596
34100,0.170,0.230,0.601
34200,0.177,0.226,0.598
34300,0.180,0.228,0.592
34400,0.168,0.225,0.608
34500,0.164,0.223,0.613
34600,0.166,0.223,0.611
34700,0.163,0.215,0.622
34800,0.186,0.210,0.604
34900,0.183,0.223,0.594
35000,0.181,0.228,0.591
35100,0.183,0.218,0.600
35200,0.188,0.210,0.602
35300,0.189,0.211,0.600
35400,0.182,0.208,0.610
35500,0.189,0.206,0.605
35600,0.185,0.225,0.590
35700,0.180,0.216,0.605
35800,0.182,0.218,0.601
35900,0.183,0.209,0.608
36000,0.181,0.201,0.618
36100,0.182,0.201,0.617
36200,0.199,0.198,0.603
36300,0.195,0.198,0.607
36400,0.202,0.197,0.601
36500,0.206,0.200,0.593
36600,0.202,0.201,0.597
36700,0.215,0.191,0.594
36800,0.215,0.193,0.592
36900,0.213,0.186,0.601
37000,0.204,0.195,0.601
37100,0.215,0.197,0.588
37200,0.229,0.199,0.572
37300,0.220,0.205,0.575
37400,0.216,0.207,0.577
37500,0.211,0.212,0.576
37600,0.207,0.205,0.587
37700,0.204,0.202,0.593
37800,0.204,0.200,0.596
37900,0.228,0.191,0.581
38000,0.231,0.186,0.583
38100,0.228,0.192,0.580
38200,0.231,0.188,0.581
38300,0.228,0.191,0.581
38400,0.231,0.189,0.580
38500,0.229,0.191,0.580
38600,0.242,0.200,0.558
38700,0.239,0.201,0.560
38800,0.241,0.193,0.566
38900,0.241,0.193,0.566
39000,0.239,0.193,0.568
39100,0.238,0.190,0.572
39200,0.238,0.185,0.577
39300,0.230,0.184,0.586
39400,0.224,0.180,0.597
39500,0.227,0.175,0.599
39600,0.221,0.211,0.568
39700,0.208,0.202,0.589
39800,0.204,0.196,0.600
39900,0.202,0.199,0.599
40000,0.202,0.204,0.593
40100,0.202,0.205,0.592
40200,0.203,0.199,0.598
40300,0.197,0.201,0.602
40400,0.203,0.203,0.593
40500,0.203,0.198,0.599
40600,0.201,0.194,0.605
40700,0.194,0.202,0.604
40800,0.190,0.200,0.610
40900,0.185,0.201,0.614
41000,0.185,0.195,0.620
41100,0.181,0.194,0.625
41200,0.187,0.186,0.627
41300,0.200,0.191,0.609
41400,0.201,0.191,0.608
41500,0.210,0.188,0.602
41600,0.212,0.183,0.605
41700,0.204,0.185,0.611
41800,0.202,0.194,0.604
41900,0.194,0.201,0.605
42000,0.196,0.197,0.607
42100,0.189,0.192,0.619
42200,0.200,0.188,0.612
42300,0.203,0.192,0.605
42400,0.193,0.206,0.601
42500,0.199,0.205,0.596
42600,0.193,0.204,0.603
42700,0.209,0.194,0.597
42800,0.205,0.191,0.604
42900,0.205,0.188,0.607
43000,0.204,0.189,0.607
43100,0.204,0.188,0.608
43200,0.195,0.180,0.625
43300,0.198,0.182,0.620
43400,0.198,0.183,0.619
43500,0.201,0.194,0.605
43600,0.201,0.204,0.594
43700,0.220,0.202,0.578
43800,0.220,0.198,0.582
43900,0.216,0.192,0.592
44000,0.223,0.192,0.585
44100,0.211,0.190,0.599
44200,0.211,0.194,0.594
44300,0.222,0.208,0.570
44400,0.228,0.197,0.575
44500,0.224,0.193,0.583
44600,0.219,0.193,0.588
44700,0.201,0.197,0.602
44800,0.201,0.197,0.602
44900,0.199,0.198,0.603
45000,0.193,0.198,0.609
45100,0.200,0.200,0.600
45200,0.197,0.211,0.591
45300,0.211,0.191,0.598
45400,0.213,0.191,0.596
45500,0.210,0.195,0.594
45600,0.211,0.191,0.598
45700,0.204,0.191,0.605
45800,0.201,0.180,0.619
45900,0.202,0.177,0.621
46000,0.203,0.177,0.620
46100,0.203,0.177,0.620
46200,0.196,0.187,0.617
46300,0.200,0.194,0.606
46400,0.201,0.196,0.603
46500,0.200,0.191,0.609
46600,0.197,0.197,0.606
46700,0.188,0.206,0.606
46800,0.203,0.207,0.589
46900,0.203,0.197,0.600
47000,0.199,0.204,0.597
47100,0.202,0.200,0.598
47200,0.206,0.199,0.594
47300,0.211,0.194,0.594
47400,0.208,0.186,0.606
47500,0.207,0.183,0.610
47600,0.208,0.180,0.612
47700,0.203,0.191,0.606
47800,0.201,0.185,0.614
47900,0.201,0.184,0.615
48000,0.199,0.185,0.616
48100,0.199,0.204,0.597
48200,0.196,0.200,0.604
48300,0.193,0.198,0.609
48400,0.201,0.201,0.598
48500,0.200,0.201,0.599
48600,0.208,0.212,0.579
48700,0.207,0.213,0.579
48800,0.205,0.216,0.579
48900,0.202,0.210,0.587
49000,0.206,0.218,0.576
49100,0.200,0.218,0.582
49200,0.198,0.223,0.579
49300,0.204,0.224,0.572
49400,0.186,0.241,0.573
49500,0.179,0.239,0.582
49600,0.177,0.244,0.579
49700,0.177,0.249,0.574
49800,0.173,0.255,0.572
49900,0.168,0.255,0.577
50000,0.170,0.248,0.582
50100,0.172,0.241,0.587
50200,0.178,0.243,0.579
50300,0.183,0.248,0.569
50400,0.183,0.248,0.569
50500,0.170,0.244,0.586
50600,0.172,0.243,0.585
50700,0.168,0.244,0.588
50800,0.165,0.240,0.594
50900,0.165,0.235,0.600
51000,0.162,0.228,0.610
51100,0.161,0.223,0.616
51200,0.154,0.215,0.631
51300,0.149,0.208,0.642
51400,0.147,0.209,0.644
51500,0.149,0.205,0.646
51600,0.154,0.207,0.638
51700,0.149,0.221,0.630
51800,0.157,0.217,0.626
51900,0.163,0.213,0.623
52000,0.162,0.222,0.616
52100,0.162,0.215,0.623
52200,0.156,0.204,0.639
52300,0.158,0.203,0.638
52400,0.156,0.201,0.642
52500,0.151,0.193,0.656
52600,0.152,0.197,0.651
52700,0.156,0.194,0.650
52800,0.165,0.192,0.642
52900,0.163,0.188,0.649
53000,0.177,0.178,0.646
53100,0.177,0.183,0.640
53200,0.170,0.187,0.644
53300,0.165,0.200,0.634
53400,0.162,0.209,0.628
53500,0.164,0.211,0.624
53600,0.165,0.210,0.624
53700,0.157,0.213,0.629
53800,0.149,0.223,0.628
53900,0.151,0.220,0.629
54000,0.148,0.208,0.644
54100,0.151,0.199,0.650
54200,0.159,0.218,0.623
54300,0.156,0.213,0.630
54400,0.154,0.216,0.630
54500,0.147,0.217,0.636
54600,0.153,0.206,0.640
54700,0.152,0.211,0.636
54800,0.149,0.212,0.638
54900,0.149,0.205,0.646
55000,0.157,0.202,0.640
55100,0.161,0.200,0.638
55200,0.166,0.201,0.632
55300,0.165,0.210,0.624
55400,0.163,0.201,0.635
55500,0.170,0.194,0.636
55600,0.170,0.193,0.637
55700,0.164,0.188,0.648
55800,0.158,0.173,0.669
55900,0.157,0.171,0.672
56000,0.162,0.179,0.659
56100,0.160,0.173,0.667
56200,0.188,0.170,0.642
56300,0.194,0.166,0.639
56400,0.180,0.169,0.652
56500,0.178,0.197,0.625
56600,0.177,0.193,0.630
56700,0.176,0.189,0.635
56800,0.180,0.186,0.634
56900,0.186,0.184,0.630
57000,0.175,0.190,0.635
57100,0.186,0.185,0.629
57200,0.180,0.198,0.622
57300,0.177,0.187,0.636
57400,0.178,0.184,0.638
57500,0.179,0.180,0.641
57600,0.177,0.184,0.639
57700,0.175,0.174,0.652
57800,0.173,0.174,0.654
57900,0.169,0.176,0.656
58000,0.169,0.179,0.653
58100,0.171,0.176,0.654
58200,0.170,0.177,0.654
58300,0.173,0.174,0.654
58400,0.166,0.185,0.649
58500,0.174,0.181,0.646
58600,0.165,0.184,0.651
58700,0.172,0.204,0.624
58800,0.168,0.206,0.626
58900,0.162,0.187,0.651
59000,0.156,0.180,0.664
59100,0.161,0.178,0.661
59200,0.164,0.177,0.659
59300,0.171,0.173,0.657
59400,0.172,0.174,0.655
59500,0.172,0.176,0.653
59600,0.173,0.182,0.646
59700,0.170,0.187,0.644
59800,0.162,0.182,0.656
59900,0.162,0.182,0.656
60000,0.171,0.186,0.644
60100,0.164,0.185,0.651
60200,0.162,0.187,0.651
60300,0.158,0.191,0.651
60400,0.164,0.192,0.644
60500,0.169,0.188,0.644
60600,0.164,0.180,0.656
60700,0.162,0.194,0.644
60800,0.174,0.195,0.631
60900,0.187,0.185,0.628
61000,0.188,0.186,0.626
61100,0.187,0.190,0.623
61200,0.195,0.187,0.618
61300,0.196,0.188,0.616
61400,0.202,0.192,0.606
61500,0.208,0.184,0.608
61600,0.211,0.190,0.599
61700,0.203,0.183,0.614
61800,0.206,0.190,0.604
61900,0.196,0.184,0.620
62000,0.194,0.185,0.621
62100,0.190,0.178,0.632
62200,0.181,0.177,0.642
62300,0.170,0.176,0.655
62400,0.163,0.173,0.664
62500,0.166,0.171,0.663
62600,0.192,0.165,0.642
62700,0.188,0.163,0.649
62800,0.185,0.159,0.656
62900,0.184,0.166,0.650
63000,0.180,0.162,0.658
63100,0.177,0.159,0.664
63200,0.174,0.161,0.665
63300,0.175,0.155,0.670
63400,0.179,0.165,0.656
63500,0.186,0.164,0.650
63600,0.204,0.172,0.624
63700,0.192,0.173,0.635
63800,0.187,0.165,0.648
63900,0.188,0.166,0.646
64000,0.184,0.168,0.649
64100,0.180,0.163,0.657
64200,0.179,0.164,0.657
64300,0.171,0.172,0.658
64400,0.174,0.175,0.652
64500,0.178,0.174,0.649
64600,0.179,0.183,0.638
64700,0.175,0.185,0.640
64800,0.176,0.187,0.637
64900,0.175,0.170,0.656
65000,0.169,0.168,0.664
65100,0.171,0.164,0.665
65200,0.174,0.166,0.660
65300,0.175,0.166,0.659
65400,0.178,0.161,0.661
65500,0.184,0.164,0.652
65600,0.179,0.173,0.649
65700,0.179,0.179,0.642
65800,0.173,0.173,0.655
65900,0.168,0.174,0.659
66000,0.163,0.172,0.665
66100,0.170,0.163,0.667
66200,0.173,0.168,0.660
66300,0.174,0.164,0.662
66400,0.173,0.161,0.666
66500,0.175,0.161,0.664
66600,0.174,0.160,0.666
66700,0.164,0.184,0.652
66800,0.163,0.184,0.653
66900,0.163,0.184,0.653
67000,0.164,0.181,0.655
67100,0.160,0.172,0.668
67200,0.150,0.169,0.681
67300,0.154,0.166,0.679
67400,0.154,0.175,0.671
67500,0.155,0.176,0.669
67600,0.159,0.171,0.670
67700,0.156,0.168,0.676
67800,0.160,0.161,0.678
67900,0.156,0.169,0.675
68000,0.150,0.175,0.675
68100,0.146,0.169,0.685
68200,0.162,0.166,0.671
68300,0.166,0.176,0.658
68400,0.164,0.176,0.660
68500,0.161,0.171,0.668
68600,0.153,0.164,0.682
68700,0.156,0.174,0.670
68800,0.173,0.172,0.656
68900,0.175,0.160,0.665
69000,0.183,0.156,0.661
69100,0.185,0.155,0.660
69200,0.182,0.152,0.666
69300,0.175,0.153,0.672
69400,0.170,0.156,0.674
69500,0.168,0.155,0.677
69600,0.162,0.161,0.676
69700,0.161,0.163,0.675
69800,0.169,0.163,0.668
69900,0.158,0.164,0.677
70000,0.155,0.159,0.685
70100,0.144,0.163,0.693
70200,0.145,0.170,0.685
70300,0.135,0.169,0.697
70400,0.137,0.161,0.702
70500,0.136,0.166,0.698
70600,0.135,0.161,0.704
70700,0.136,0.157,0.707
70800,0.139,0.162,0.699
70900,0.137,0.162,0.701
71000,0.141,0.157,0.702
71100,0.147,0.158,0.695
71200,0.146,0.175,0.679
71300,0.148,0.166,0.685
71400,0.153,0.172,0.675
71500,0.150,0.164,0.685
71600,0.148,0.163,0.688
71700,0.145,0.165,0.689
71800,0.140,0.175,0.685
71900,0.146,0.173,0.681
72000,0.135,0.175,0.691
72100,0.131,0.177,0.693
72200,0.131,0.178,0.692
72300,0.134,0.191,0.675
72400,0.134,0.196,0.670
72500,0.146,0.192,0.662
72600,0.155,0.181,0.664
72700,0.155,0.180,0.665
72800,0.166,0.185,0.649
72900,0.169,0.187,0.645
73000,0.178,0.190,0.632
73100,0.172,0.193,0.635
73200,0.155,0.190,0.655
73300,0.141,0.206,0.653
73400,0.139,0.206,0.655
73500,0.139,0.203,0.658
73600,0.146,0.204,0.650
73700,0.144,0.200,0.656
73800,0.139,0.207,0.654
73900,0.137,0.217,0.647
74000,0.132,0.213,0.655
74100,0.135,0.210,0.655
74200,0.134,0.208,0.658
74300,0.128,0.205,0.667
74400,0.127,0.204,0.669
74500,0.136,0.185,0.679
74600,0.139,0.186,0.675
74700,0.146,0.185,0.669
74800,0.141,0.183,0.676
74900,0.162,0.185,0.653
75000,0.158,0.194,0.648
75100,0.153,0.189,0.658
75200,0.155,0.191,0.654
75300,0.159,0.192,0.649
75400,0.160,0.193,0.647
75500,0.157,0.189,0.654
75600,0.154,0.185,0.661
75700,0.153,0.191,0.656
75800,0.152,0.194,0.654
75900,0.144,0.198,0.658
76000,0.139,0.193,0.668
76100,0.135,0.189,0.676
76200,0.134,0.179,0.687
76300,0.133,0.181,0.686
76400,0.135,0.188,0.677
76500,0.134,0.197,0.669
76600,0.136,0.191,0.673
76700,0.142,0.196,0.662
76800,0.141,0.200,0.659
76900,0.142,0.197,0.661
77000,0.136,0.200,0.664
77100,0.139,0.201,0.660
77200,0.141,0.199,0.660
77300,0.140,0.208,0.652
77400,0.140,0.198,0.662
77500,0.136,0.200,0.664
77600,0.133,0.196,0.671
77700,0.136,0.195,0.669
77800,0.154,0.183,0.663
77900,0.137,0.206,0.657
78000,0.144,0.203,0.653
78100,0.178,0.206,0.616
78200,0.176,0.201,0.623
78300,0.174,0.199,0.627
78400,0.171,0.194,0.635
78500,0.172,0.199,0.629
78600,0.168,0.196,0.636
78700,0.161,0.194,0.645
78800,0.166,0.198,0.635
78900,0.159,0.208,0.632
79000,0.154,0.206,0.639
79100,0.147,0.224,0.629
79200,0.163,0.217,0.620
79300,0.162,0.212,0.625
79400,0.161,0.212,0.626
79500,0.170,0.210,0.620
79600,0.171,0.217,0.613
79700,0.168,0.213,0.619
79800,0.166,0.208,0.625
79900,0.162,0.208,0.629
80000,0.160,0.207,0.632
80100,0.154,0.217,0.629
80200,0.149,0.213,0.637
80300,0.151,0.220,0.629
80400,0.143,0.228,0.629
80500,0.153,0.225,0.622
80600,0.151,0.218,0.631
80700,0.145,0.213,0.641
80800,0.142,0.209,0.649
80900,0.155,0.204,0.640
81000,0.156,0.203,0.640
81100,0.154,0.198,0.648
81200,0.153,0.202,0.645
81300,0.149,0.203,0.648
81400,0.148,0.197,0.655
81500,0.145,0.200,0.655
81600,0.146,0.197,0.657
81700,0.138,0.192,0.670
81800,0.145,0.179,0.676
81900,0.148,0.170,0.682
82000,0.148,0.177,0.675
82100,0.160,0.175,0.665
82200,0.155,0.175,0.670
82300,0.160,0.176,0.664
82400,0.159,0.180,0.661
82500,0.158,0.177,0.665
82600,0.158,0.168,0.674
82700,0.163,0.161,0.675
82800,0.165,0.170,0.665
82900,0.161,0.169,0.670
83000,0.151,0.163,0.685
83100,0.143,0.168,0.689
83200,0.145,0.170,0.685
83300,0.152,0.171,0.677
83400,0.154,0.171,0.675
83500,0.148,0.170,0.682
83600,0.145,0.177,0.678
83700,0.144,0.176,0.680
83800,0.144,0.172,0.684
83900,0.137,0.165,0.698
84000,0.136,0.166,0.698
84100,0.146,0.173,0.681
84200,0.169,0.170,0.662
84300,0.161,0.169,0.670
84400,0.154,0.169,0.677
84500,0.173,0.164,0.663
84600,0.172,0.166,0.662
84700,0.169,0.172,0.660
84800,0.163,0.168,0.669
84900,0.160,0.165,0.674
85000,0.154,0.171,0.675
85100,0.156,0.174,0.670
85200,0.161,0.173,0.666
85300,0.159,0.173,0.668
85400,0.160,0.172,0.668
85500,0.153,0.168,0.679
85600,0.151,0.165,0.683
85700,0.155,0.164,0.680
85800,0.153,0.163,0.683
85900,0.146,0.159,0.695
86000,0.146,0.178,0.676
86100,0.139,0.182,0.679
86200,0.138,0.179,0.683
86300,0.141,0.176,0.683
86400,0.136,0.182,0.682
86500,0.137,0.181,0.682
86600,0.142,0.181,0.677
86700,0.140,0.180,0.680
86800,0.143,0.188,0.669
86900,0.138,0.187,0.675
87000,0.153,0.189,0.658
87100,0.163,0.185,0.652
87200,0.157,0.186,0.657
87300,0.156,0.181,0.663
87400,0.151,0.184,0.665
87500,0.153,0.186,0.661
87600,0.152,0.183,0.665
87700,0.152,0.177,0.671
87800,0.154,0.183,0.663
87900,0.158,0.174,0.668
88000,0.148,0.174,0.678
88100,0.153,0.174,0.673
88200,0.153,0.184,0.663
88300,0.151,0.185,0.664
88400,0.150,0.191,0.659
88500,0.144,0.192,0.664
88600,0.141,0.196,0.663
88700,0.144,0.208,0.648
88800,0.155,0.200,0.645
88900,0.151,0.195,0.654
89000,0.147,0.209,0.644
89100,0.146,0.202,0.652
89200,0.144,0.196,0.660
89300,0.145,0.191,0.664
89400,0.161,0.183,0.656
89500,0.162,0.193,0.645
89600,0.156,0.187,0.657
89700,0.160,0.186,0.654
89800,0.161,0.170,0.669
89900,0.161,0.166,0.672
90000,0.159,0.156,0.684
90100,0.158,0.156,0.685
90200,0.156,0.153,0.691
90300,0.147,0.158,0.695
90400,0.148,0.160,0.692
90500,0.156,0.158,0.685
90600,0.155,0.153,0.692
90700,0.155,0.151,0.694
90800,0.156,0.151,0.693
90900,0.157,0.147,0.696
91000,0.155,0.150,0.695
91100,0.161,0.155,0.683
91200,0.155,0.174,0.671
91300,0.158,0.168,0.674
91400,0.160,0.174,0.666
91500,0.157,0.172,0.671
91600,0.168,0.165,0.667
91700,0.165,0.170,0.665
91800,0.171,0.154,0.675
91900,0.166,0.150,0.683
92000,0.162,0.152,0.685
92100,0.158,0.151,0.691
92200,0.160,0.148,0.692
92300,0.155,0.154,0.691
92400,0.156,0.155,0.688
92500,0.154,0.153,0.693
92600,0.155,0.157,0.687
92700,0.161,0.153,0.685
92800,0.162,0.154,0.683
92900,0.164,0.149,0.686
93000,0.164,0.146,0.689
93100,0.177,0.165,0.658
93200,0.174,0.182,0.645
93300,0.168,0.184,0.649
93400,0.162,0.179,0.659
93500,0.151,0.183,0.666
93600,0.163,0.182,0.655
93700,0.162,0.183,0.655
93800,0.162,0.177,0.661
93900,0.163,0.188,0.649
94000,0.165,0.183,0.652
94100,0.159,0.177,0.664
94200,0.162,0.185,0.653
94300,0.165,0.187,0.648
94400,0.161,0.186,0.653
94500,0.157,0.187,0.656
94600,0.155,0.185,0.660
94700,0.162,0.191,0.647
94800,0.164,0.188,0.648
94900,0.159,0.190,0.651
95000,0.162,0.189,0.649
95100,0.156,0.196,0.648
95200,0.153,0.196,0.651
95300,0.162,0.191,0.647
95400,0.155,0.189,0.656
95500,0.158,0.185,0.657
95600,0.163,0.187,0.650
95700,0.168,0.178,0.655
95800,0.158,0.171,0.671
95900,0.161,0.164,0.674
96000,0.163,0.169,0.668
96100,0.162,0.178,0.660
96200,0.159,0.179,0.662
96300,0.154,0.184,0.662
96400,0.149,0.177,0.674
96500,0.153,0.170,0.677
96600,0.157,0.184,0.659
96700,0.148,0.190,0.662
96800,0.145,0.192,0.663
96900,0.147,0.189,0.664
97000,0.144,0.181,0.675
97100,0.148,0.201,0.651
97200,0.143,0.204,0.653
97300,0.145,0.189,0.666
97400,0.145,0.193,0.662
97500,0.150,0.208,0.641
97600,0.143,0.193,0.664
97700,0.139,0.194,0.667
97800,0.136,0.195,0.669
97900,0.136,0.199,0.665
98000,0.143,0.190,0.667
98100,0.145,0.191,0.664
98200,0.145,0.191,0.664
98300,0.142,0.189,0.669
98400,0.134,0.188,0.678
98500,0.130,0.190,0.680
98600,0.129,0.194,0.677
98700,0.130,0.185,0.685
98800,0.134,0.186,0.680
98900,0.137,0.182,0.681
99000,0.131,0.181,0.688
99100,0.137,0.184,0.679
99200,0.138,0.191,0.671
99300,0.135,0.194,0.671
99400,0.139,0.184,0.677
99500,0.142,0.183,0.675
99600,0.147,0.178,0.675
99700,0.157,0.173,0.670
99800,0.150,0.170,0.680
99900,0.156,0.172,0.672
100000,0.156,0.191,0.653
