time,n_A+p,n_B,n_AB
500,0.302,0.000,0.698
1000,0.473,0.000,0.527
1500,0.526,0.000,0.474
2000,0.431,0.000,0.569
2500,0.511,0.000,0.489
3000,0.464,0.000,0.536
3500,0.521,0.000,0.479
4000,0.455,0.000,0.545
4500,0.709,0.000,0.291
5000,0.460,0.000,0.540
5500,0.584,0.000,0.416
6000,0.524,0.000,0.476
6500,0.656,0.000,0.344
7000,0.567,0.000,0.433
7500,0.390,0.000,0.610
8000,0.431,0.000,0.569
8500,0.559,0.000,0.441
9000,0.592,0.000,0.408
9500,0.603,0.000,0.397
10000,0.508,0.000,0.492
10500,0.469,0.000,0.531
11000,0.545,0.000,0.455
11500,0.554,0.000,0.446
12000,0.561,0.000,0.439
12500,0.627,0.000,0.373
13000,0.746,0.000,0.254
13500,0.541,0.000,0.459
14000,0.435,0.000,0.565
14500,0.704,0.000,0.296
15000,0.780,0.000,0.220
15500,0.599,0.000,0.401
16000,0.503,0.000,0.497
16500,0.656,0.000,0.344
17000,0.519,0.000,0.481
17500,0.544,0.000,0.456
18000,0.511,0.000,0.489
18500,0.612,0.000,0.388
19000,0.364,0.000,0.636
19500,0.545,0.000,0.455
20000,0.670,0.000,0.330
20500,0.510,0.000,0.490
21000,0.672,0.000,0.328
21500,0.702,0.000,0.298
22000,0.602,0.000,0.398
22500,0.619,0.000,0.381
23000,0.578,0.000,0.422
23500,0.504,0.000,0.496
24000,0.365,0.000,0.635
24500,0.485,0.000,0.515
25000,0.418,0.000,0.582
25500,0.592,0.000,0.408
26000,0.509,0.000,0.491
26500,0.354,0.000,0.646
27000,0.568,0.000,0.432
27500,0.604,0.000,0.396
28000,0.462,0.000,0.538
28500,0.634,0.000,0.366
29000,0.583,0.000,0.417
29500,0.673,0.000,0.327
30000,0.862,0.000,0.138
30500,0.413,0.000,0.587
31000,0.701,0.000,0.299
31500,0.390,0.000,0.610
32000,0.458,0.000,0.542
32500,0.485,0.000,0.515
33000,0.562,0.000,0.438
33500,0.652,0.000,0.348
34000,0.549,0.000,0.451
34500,0.592,0.000,0.408
35000,0.551,0.000,0.449
35500,0.531,0.000,0.469
36000,0.367,0.000,0.633
36500,0.391,0.000,0.609
37000,0.479,0.000,0.521
37500,0.426,0.000,0.574
38000,0.592,0.000,0.408
38500,0.557,0.000,0.443
39000,0.402,0.000,0.598
39500,0.561,0.000,0.439
40000,0.680,0.000,0.320
40500,0.467,0.000,0.533
41000,0.967,0.000,0.033
41500,0.578,0.000,0.422
42000,0.810,0.000,0.190
42500,0.534,0.000,0.466
43000,0.618,0.000,0.382
43500,0.619,0.000,0.381
44000,0.521,0.000,0.479
44500,0.651,0.000,0.349
45000,0.647,0.000,0.353
45500,0.446,0.000,0.554
46000,0.488,0.000,0.512
46500,0.514,0.000,0.486
47000,0.686,0.000,0.314
47500,0.748,0.000,0.252
48000,0.685,0.000,0.315
48500,0.637,0.000,0.363
49000,0.512,0.000,0.488
49500,0.520,0.000,0.480
50000,0.592,0.000,0.408
50500,0.548,0.000,0.452
51000,0.508,0.000,0.492
51500,0.453,0.000,0.547
52000,0.554,0.000,0.446
52500,0.282,0.000,0.718
53000,0.676,0.000,0.324
53500,0.648,0.000,0.352
54000,0.479,0.000,0.521
54500,0.544,0.000,0.456
55000,0.526,0.000,0.474
55500,0.424,0.000,0.576
56000,0.640,0.000,0.360
56500,0.543,0.000,0.457
57000,0.548,0.000,0.452
57500,0.554,0.000,0.446
58000,0.437,0.000,0.563
58500,0.369,0.000,0.631
59000,0.520,0.000,0.480
59500,0.371,0.000,0.629
60000,0.427,0.000,0.573
60500,0.456,0.000,0.544
61000,0.514,0.000,0.486
61500,0.518,0.000,0.482
62000,0.477,0.000,0.523
62500,0.564,0.000,0.436
63000,0.416,0.000,0.584
63500,0.483,0.000,0.517
64000,0.294,0.000,0.706
64500,0.636,0.000,0.364
65000,0.557,0.000,0.443
65500,0.730,0.000,0.270
66000,0.764,0.000,0.236
66500,0.653,0.000,0.347
67000,0.662,0.000,0.338
67500,0.611,0.000,0.389
68000,0.665,0.000,0.335
68500,0.433,0.000,0.567
69000,0.651,0.000,0.349
69500,0.612,0.000,0.388
70000,0.526,0.000,0.474
70500,0.455,0.000,0.545
71000,0.682,0.000,0.318
71500,0.620,0.000,0.380
72000,0.493,0.000,0.507
72500,0.427,0.000,0.573
73000,0.483,0.000,0.517
73500,0.550,0.000,0.450
74000,0.644,0.000,0.356
74500,0.441,0.000,0.559
75000,0.734,0.000,0.266
75500,0.664,0.000,0.336
76000,0.684,0.000,0.316
76500,0.643,0.000,0.357
77000,0.741,0.000,0.259
77500,0.730,0.000,0.270
78000,0.533,0.000,0.467
78500,0.459,0.000,0.541
79000,0.544,0.000,0.456
79500,0.462,0.000,0.538
80000,0.475,0.000,0.525
80500,0.457,0.000,0.543
81000,0.522,0.000,0.478
81500,0.510,0.000,0.490
82000,0.491,0.000,0.509
82500,0.717,0.000,0.283
83000,0.759,0.000,0.241
83500,0.745,0.000,0.255
84000,0.990,0.000,0.010
84500,1.000,0.000,0.000
