time,n_A+p,n_B,n_AB
100,0.031,0.962,0.007
200,0.031,0.961,0.008
300,0.032,0.959,0.009
400,0.032,0.949,0.019
500,0.031,0.943,0.027
600,0.031,0.938,0.032
700,0.030,0.933,0.038
800,0.036,0.931,0.034
900,0.036,0.930,0.035
1000,0.037,0.925,0.038
1100,0.035,0.923,0.042
1200,0.056,0.890,0.054
1300,0.058,0.879,0.062
1400,0.050,0.879,0.070
1500,0.048,0.870,0.082
1600,0.049,0.870,0.081
1700,0.048,0.870,0.082
1800,0.053,0.862,0.085
1900,0.052,0.862,0.086
2000,0.049,0.860,0.091
2100,0.047,0.868,0.085
2200,0.044,0.854,0.102
2300,0.045,0.853,0.102
2400,0.044,0.839,0.117
2500,0.048,0.834,0.118
2600,0.048,0.835,0.117
2700,0.047,0.840,0.113
2800,0.047,0.840,0.113
2900,0.044,0.832,0.124
3000,0.050,0.826,0.124
3100,0.044,0.827,0.129
3200,0.043,0.824,0.133
3300,0.044,0.814,0.142
3400,0.047,0.814,0.139
3500,0.052,0.809,0.139
3600,0.053,0.801,0.146
3700,0.052,0.781,0.166
3800,0.055,0.770,0.175
3900,0.059,0.764,0.177
4000,0.051,0.766,0.183
4100,0.050,0.759,0.191
4200,0.052,0.753,0.195
4300,0.053,0.750,0.197
4400,0.077,0.735,0.188
4500,0.080,0.728,0.192
4600,0.077,0.723,0.200
4700,0.077,0.718,0.205
4800,0.088,0.705,0.207
4900,0.090,0.707,0.203
5000,0.085,0.695,0.221
5100,0.081,0.685,0.234
5200,0.088,0.677,0.235
5300,0.092,0.668,0.240
5400,0.101,0.648,0.251
5500,0.105,0.641,0.253
5600,0.104,0.644,0.252
5700,0.114,0.626,0.259
5800,0.124,0.610,0.267
5900,0.124,0.619,0.257
6000,0.124,0.616,0.260
6100,0.118,0.617,0.265
6200,0.125,0.621,0.254
6300,0.112,0.633,0.254
6400,0.117,0.630,0.252
6500,0.125,0.624,0.251
6600,0.124,0.619,0.257
6700,0.124,0.624,0.252
6800,0.117,0.618,0.265
6900,0.121,0.606,0.274
7000,0.146,0.600,0.254
7100,0.148,0.606,0.246
7200,0.131,0.622,0.247
7300,0.127,0.629,0.244
7400,0.127,0.627,0.246
7500,0.125,0.623,0.252
7600,0.134,0.619,0.247
7700,0.142,0.623,0.235
7800,0.140,0.617,0.243
7900,0.134,0.614,0.252
8000,0.137,0.616,0.247
8100,0.131,0.621,0.248
8200,0.125,0.628,0.247
8300,0.131,0.617,0.252
8400,0.130,0.597,0.274
8500,0.136,0.593,0.271
8600,0.132,0.586,0.282
8700,0.130,0.591,0.279
8800,0.124,0.601,0.276
8900,0.122,0.591,0.287
9000,0.123,0.591,0.286
9100,0.124,0.593,0.283
9200,0.129,0.593,0.278
9300,0.129,0.587,0.284
9400,0.138,0.579,0.283
9500,0.135,0.583,0.282
9600,0.134,0.573,0.293
9700,0.131,0.584,0.285
9800,0.132,0.575,0.293
9900,0.132,0.580,0.288
10000,0.129,0.580,0.291
10100,0.130,0.574,0.296
10200,0.115,0.597,0.288
10300,0.124,0.594,0.282
10400,0.120,0.602,0.279
10500,0.117,0.601,0.282
10600,0.124,0.607,0.270
10700,0.128,0.593,0.279
10800,0.123,0.582,0.295
10900,0.122,0.588,0.290
11000,0.136,0.574,0.290
11100,0.137,0.581,0.282
11200,0.133,0.577,0.290
11300,0.137,0.570,0.293
11400,0.131,0.571,0.298
11500,0.144,0.556,0.300
11600,0.147,0.545,0.307
11700,0.149,0.545,0.305
11800,0.144,0.543,0.313
11900,0.141,0.538,0.321
12000,0.140,0.544,0.316
12100,0.145,0.540,0.315
12200,0.144,0.530,0.326
12300,0.141,0.524,0.335
12400,0.129,0.525,0.346
12500,0.134,0.521,0.345
12600,0.126,0.516,0.359
12700,0.131,0.510,0.360
12800,0.132,0.509,0.360
12900,0.130,0.499,0.371
13000,0.150,0.489,0.361
13100,0.156,0.491,0.352
13200,0.158,0.483,0.359
13300,0.158,0.486,0.355
13400,0.164,0.488,0.347
13500,0.155,0.489,0.355
13600,0.157,0.495,0.347
13700,0.149,0.492,0.359
13800,0.143,0.494,0.363
13900,0.152,0.491,0.356
14000,0.172,0.493,0.335
14100,0.176,0.486,0.338
14200,0.173,0.490,0.337
14300,0.164,0.513,0.323
14400,0.173,0.505,0.323
14500,0.180,0.486,0.334
14600,0.171,0.476,0.353
14700,0.164,0.473,0.363
14800,0.183,0.468,0.349
14900,0.197,0.454,0.349
15000,0.197,0.466,0.337
15100,0.189,0.462,0.349
15200,0.195,0.456,0.349
15300,0.186,0.458,0.356
15400,0.162,0.449,0.388
15500,0.171,0.453,0.377
15600,0.179,0.438,0.383
15700,0.179,0.438,0.383
15800,0.181,0.440,0.379
15900,0.172,0.443,0.385
16000,0.177,0.438,0.385
16100,0.183,0.439,0.378
16200,0.185,0.429,0.386
16300,0.197,0.413,0.390
16400,0.201,0.407,0.392
16500,0.185,0.419,0.396
16600,0.188,0.419,0.393
16700,0.189,0.423,0.388
16800,0.181,0.420,0.399
16900,0.190,0.415,0.395
17000,0.180,0.417,0.403
17100,0.195,0.416,0.389
17200,0.189,0.422,0.389
17300,0.186,0.428,0.386
17400,0.188,0.428,0.384
17500,0.191,0.427,0.382
17600,0.197,0.422,0.381
17700,0.197,0.410,0.393
17800,0.198,0.400,0.401
17900,0.213,0.399,0.387
18000,0.223,0.394,0.383
18100,0.221,0.391,0.388
18200,0.219,0.389,0.392
18300,0.219,0.383,0.398
18400,0.222,0.383,0.395
18500,0.210,0.379,0.411
18600,0.211,0.379,0.410
18700,0.198,0.375,0.427
18800,0.187,0.380,0.433
18900,0.181,0.382,0.437
19000,0.198,0.375,0.427
19100,0.211,0.373,0.416
19200,0.215,0.373,0.413
19300,0.211,0.378,0.411
19400,0.220,0.364,0.417
19500,0.218,0.370,0.413
19600,0.221,0.370,0.410
19700,0.207,0.380,0.413
19800,0.211,0.375,0.414
19900,0.222,0.360,0.419
20000,0.227,0.356,0.417
20100,0.229,0.364,0.408
20200,0.235,0.361,0.404
20300,0.239,0.358,0.403
20400,0.230,0.361,0.410
20500,0.241,0.364,0.395
20600,0.240,0.365,0.395
20700,0.230,0.362,0.409
20800,0.243,0.366,0.391
20900,0.243,0.368,0.389
21000,0.229,0.378,0.393
21100,0.222,0.367,0.412
21200,0.221,0.361,0.419
21300,0.235,0.358,0.408
21400,0.229,0.363,0.409
21500,0.227,0.372,0.401
21600,0.227,0.372,0.401
21700,0.227,0.373,0.400
21800,0.238,0.375,0.387
21900,0.234,0.373,0.393
22000,0.230,0.368,0.402
22100,0.228,0.369,0.403
22200,0.238,0.369,0.393
22300,0.251,0.364,0.385
22400,0.247,0.367,0.386
22500,0.241,0.355,0.403
22600,0.238,0.358,0.404
22700,0.226,0.356,0.418
22800,0.226,0.356,0.418
22900,0.215,0.361,0.425
23000,0.220,0.374,0.407
23100,0.212,0.368,0.420
23200,0.205,0.365,0.430
23300,0.205,0.370,0.425
23400,0.191,0.372,0.437
23500,0.208,0.378,0.414
23600,0.202,0.374,0.424
23700,0.208,0.377,0.415
23800,0.216,0.382,0.402
23900,0.209,0.380,0.411
24000,0.215,0.389,0.396
24100,0.213,0.398,0.388
24200,0.216,0.402,0.382
24300,0.209,0.398,0.392
24400,0.208,0.390,0.401
24500,0.207,0.391,0.401
24600,0.209,0.383,0.408
24700,0.210,0.375,0.415
24800,0.235,0.359,0.407
24900,0.243,0.363,0.394
25000,0.242,0.360,0.398
25100,0.229,0.371,0.400
25200,0.217,0.379,0.404
25300,0.219,0.377,0.404
25400,0.230,0.362,0.409
25500,0.226,0.370,0.404
25600,0.220,0.370,0.411
25700,0.221,0.386,0.393
25800,0.215,0.394,0.391
25900,0.211,0.402,0.386
26000,0.216,0.390,0.394
26100,0.202,0.388,0.410
26200,0.213,0.377,0.410
26300,0.218,0.372,0.411
26400,0.248,0.374,0.378
26500,0.254,0.375,0.371
26600,0.261,0.367,0.372
26700,0.273,0.355,0.372
26800,0.284,0.353,0.363
26900,0.302,0.348,0.349
27000,0.309,0.335,0.355
27100,0.314,0.335,0.351
27200,0.314,0.332,0.354
27300,0.308,0.327,0.365
27400,0.298,0.328,0.374
27500,0.296,0.326,0.378
27600,0.294,0.320,0.386
27700,0.291,0.314,0.395
27800,0.288,0.330,0.382
27900,0.296,0.325,0.379
28000,0.293,0.324,0.383
28100,0.288,0.325,0.387
28200,0.292,0.329,0.379
28300,0.297,0.331,0.372
28400,0.297,0.337,0.366
28500,0.301,0.331,0.368
28600,0.299,0.323,0.378
28700,0.289,0.320,0.391
28800,0.295,0.316,0.389
28900,0.293,0.326,0.381
29000,0.279,0.328,0.393
29100,0.297,0.316,0.387
29200,0.297,0.320,0.383
29300,0.292,0.318,0.390
29400,0.285,0.323,0.392
29500,0.280,0.325,0.395
29600,0.270,0.337,0.393
29700,0.267,0.339,0.394
29800,0.260,0.350,0.389
29900,0.260,0.349,0.390
30000,0.255,0.341,0.403
30100,0.252,0.335,0.413
30200,0.259,0.321,0.420
30300,0.253,0.322,0.425
30400,0.260,0.319,0.421
30500,0.271,0.316,0.414
30600,0.285,0.319,0.396
30700,0.297,0.306,0.396
30800,0.286,0.300,0.414
30900,0.264,0.329,0.408
31000,0.256,0.346,0.397
31100,0.254,0.341,0.404
31200,0.258,0.341,0.400
31300,0.260,0.344,0.395
31400,0.250,0.348,0.401
31500,0.263,0.348,0.389
31600,0.272,0.358,0.371
31700,0.271,0.355,0.374
31800,0.276,0.358,0.367
31900,0.267,0.351,0.382
32000,0.267,0.358,0.376
32100,0.259,0.360,0.381
32200,0.255,0.344,0.400
32300,0.254,0.345,0.400
32400,0.253,0.334,0.413
32500,0.253,0.344,0.402
32600,0.256,0.355,0.388
32700,0.254,0.356,0.389
32800,0.254,0.347,0.398
32900,0.251,0.338,0.411
33000,0.270,0.334,0.396
33100,0.261,0.332,0.407
33200,0.268,0.323,0.410
33300,0.267,0.327,0.407
33400,0.271,0.328,0.401
33500,0.279,0.325,0.396
33600,0.283,0.334,0.383
33700,0.281,0.320,0.399
33800,0.273,0.324,0.403
33900,0.267,0.331,0.402
34000,0.255,0.337,0.408
34100,0.258,0.335,0.407
34200,0.258,0.332,0.410
34300,0.265,0.336,0.399
34400,0.263,0.349,0.388
34500,0.254,0.356,0.389
34600,0.249,0.360,0.391
34700,0.246,0.372,0.382
34800,0.238,0.369,0.393
34900,0.241,0.349,0.410
35000,0.255,0.336,0.409
35100,0.254,0.346,0.399
35200,0.258,0.343,0.398
35300,0.252,0.347,0.400
35400,0.257,0.342,0.400
35500,0.255,0.358,0.387
35600,0.254,0.360,0.386
35700,0.259,0.356,0.384
35800,0.254,0.356,0.389
35900,0.253,0.347,0.399
36000,0.254,0.343,0.402
36100,0.256,0.342,0.401
36200,0.260,0.344,0.395
36300,0.245,0.338,0.417
36400,0.249,0.339,0.412
36500,0.242,0.338,0.420
36600,0.238,0.345,0.417
36700,0.232,0.355,0.413
36800,0.230,0.360,0.411
36900,0.235,0.362,0.403
37000,0.236,0.354,0.410
37100,0.234,0.354,0.412
37200,0.233,0.345,0.422
37300,0.241,0.339,0.420
37400,0.248,0.340,0.412
37500,0.254,0.335,0.411
37600,0.266,0.319,0.416
37700,0.271,0.313,0.417
37800,0.275,0.306,0.419
37900,0.279,0.314,0.408
38000,0.270,0.320,0.411
38100,0.263,0.315,0.423
38200,0.272,0.312,0.417
38300,0.280,0.312,0.409
38400,0.284,0.321,0.395
38500,0.286,0.314,0.400
38600,0.287,0.316,0.397
38700,0.285,0.322,0.393
38800,0.268,0.322,0.411
38900,0.270,0.321,0.410
39000,0.263,0.326,0.412
39100,0.267,0.321,0.413
39200,0.266,0.327,0.408
39300,0.266,0.333,0.401
39400,0.258,0.336,0.406
39500,0.257,0.328,0.415
39600,0.260,0.330,0.410
39700,0.257,0.327,0.416
39800,0.253,0.338,0.409
39900,0.250,0.327,0.423
40000,0.250,0.325,0.425
40100,0.250,0.327,0.423
40200,0.245,0.331,0.424
40300,0.243,0.327,0.430
40400,0.243,0.318,0.439
40500,0.253,0.319,0.428
40600,0.266,0.321,0.414
40700,0.267,0.324,0.410
40800,0.259,0.329,0.412
40900,0.269,0.323,0.409
41000,0.264,0.327,0.410
41100,0.274,0.320,0.407
41200,0.276,0.309,0.415
41300,0.270,0.329,0.401
41400,0.276,0.323,0.401
41500,0.282,0.322,0.396
41600,0.289,0.325,0.386
41700,0.292,0.311,0.397
41800,0.309,0.315,0.376
41900,0.303,0.314,0.383
42000,0.309,0.315,0.376
42100,0.284,0.315,0.401
42200,0.288,0.314,0.398
42300,0.285,0.320,0.395
42400,0.279,0.317,0.404
42500,0.263,0.313,0.425
42600,0.259,0.312,0.429
42700,0.268,0.306,0.426
42800,0.274,0.300,0.426
42900,0.282,0.296,0.422
43000,0.287,0.291,0.422
43100,0.304,0.292,0.403
43200,0.296,0.288,0.416
43300,0.289,0.307,0.403
43400,0.282,0.303,0.415
43500,0.301,0.298,0.400
43600,0.285,0.316,0.399
43700,0.292,0.326,0.382
43800,0.309,0.323,0.368
43900,0.313,0.320,0.368
44000,0.298,0.334,0.368
44100,0.320,0.326,0.354
44200,0.327,0.329,0.344
44300,0.337,0.313,0.350
44400,0.339,0.314,0.347
44500,0.336,0.306,0.358
44600,0.336,0.298,0.366
44700,0.333,0.291,0.376
44800,0.329,0.292,0.379
44900,0.328,0.296,0.376
45000,0.326,0.315,0.360
45100,0.319,0.318,0.364
45200,0.315,0.314,0.372
45300,0.317,0.291,0.392
45400,0.323,0.286,0.391
45500,0.318,0.286,0.396
45600,0.311,0.282,0.408
45700,0.312,0.289,0.399
45800,0.317,0.292,0.391
45900,0.319,0.291,0.390
46000,0.323,0.295,0.382
46100,0.323,0.289,0.388
46200,0.322,0.280,0.398
46300,0.336,0.281,0.383
46400,0.339,0.285,0.376
46500,0.344,0.283,0.373
46600,0.344,0.281,0.375
46700,0.337,0.283,0.380
46800,0.326,0.298,0.376
46900,0.323,0.298,0.379
47000,0.309,0.296,0.394
47100,0.304,0.299,0.396
47200,0.315,0.297,0.388
47300,0.299,0.297,0.403
47400,0.290,0.324,0.386
47500,0.299,0.315,0.386
47600,0.315,0.306,0.379
47700,0.298,0.316,0.386
47800,0.290,0.327,0.383
47900,0.296,0.328,0.376
48000,0.291,0.322,0.387
48100,0.279,0.317,0.404
48200,0.279,0.307,0.414
48300,0.277,0.306,0.417
48400,0.270,0.316,0.415
48500,0.269,0.300,0.431
48600,0.280,0.297,0.423
48700,0.269,0.289,0.442
48800,0.285,0.283,0.432
48900,0.278,0.282,0.440
49000,0.282,0.287,0.431
49100,0.285,0.286,0.429
49200,0.290,0.298,0.412
49300,0.291,0.298,0.411
49400,0.294,0.299,0.407
49500,0.298,0.296,0.406
49600,0.312,0.284,0.404
49700,0.307,0.282,0.411
49800,0.288,0.299,0.413
49900,0.288,0.295,0.417
50000,0.281,0.284,0.435
50100,0.281,0.280,0.439
50200,0.285,0.268,0.447
50300,0.275,0.269,0.457
50400,0.266,0.289,0.445
50500,0.272,0.291,0.437
50600,0.272,0.290,0.438
50700,0.284,0.295,0.421
50800,0.285,0.291,0.424
50900,0.288,0.291,0.421
51000,0.290,0.292,0.418
51100,0.294,0.294,0.412
51200,0.313,0.290,0.397
51300,0.309,0.292,0.398
51400,0.318,0.285,0.397
51500,0.321,0.276,0.403
51600,0.334,0.266,0.400
51700,0.331,0.269,0.400
51800,0.320,0.276,0.404
51900,0.333,0.275,0.392
52000,0.330,0.271,0.399
52100,0.313,0.279,0.409
52200,0.304,0.283,0.413
52300,0.303,0.301,0.395
52400,0.303,0.302,0.394
52500,0.301,0.301,0.397
52600,0.305,0.293,0.401
52700,0.305,0.294,0.400
52800,0.309,0.300,0.390
52900,0.311,0.303,0.386
53000,0.302,0.316,0.382
53100,0.302,0.308,0.389
53200,0.293,0.308,0.398
53300,0.299,0.303,0.397
53400,0.293,0.302,0.404
53500,0.298,0.292,0.410
53600,0.318,0.287,0.395
53700,0.315,0.285,0.400
53800,0.312,0.294,0.394
53900,0.316,0.293,0.391
54000,0.319,0.296,0.385
54100,0.306,0.291,0.402
54200,0.307,0.282,0.411
54300,0.304,0.280,0.416
54400,0.301,0.280,0.419
54500,0.276,0.304,0.420
54600,0.291,0.311,0.398
54700,0.290,0.301,0.409
54800,0.283,0.297,0.420
54900,0.285,0.293,0.422
55000,0.277,0.304,0.419
55100,0.269,0.296,0.435
55200,0.271,0.293,0.436
55300,0.281,0.290,0.429
55400,0.283,0.288,0.429
55500,0.289,0.289,0.422
55600,0.283,0.291,0.426
55700,0.300,0.291,0.409
55800,0.305,0.276,0.419
55900,0.299,0.294,0.407
56000,0.300,0.291,0.409
56100,0.291,0.297,0.412
56200,0.288,0.293,0.419
56300,0.284,0.291,0.425
56400,0.294,0.309,0.396
56500,0.281,0.308,0.411
56600,0.290,0.298,0.412
56700,0.286,0.300,0.414
56800,0.279,0.296,0.425
56900,0.279,0.308,0.413
57000,0.271,0.318,0.412
57100,0.270,0.313,0.418
57200,0.253,0.308,0.438
57300,0.247,0.312,0.441
57400,0.251,0.319,0.430
57500,0.252,0.320,0.428
57600,0.260,0.316,0.424
57700,0.264,0.303,0.433
57800,0.248,0.309,0.442
57900,0.257,0.288,0.455
58000,0.251,0.292,0.457
58100,0.261,0.299,0.439
58200,0.269,0.284,0.447
58300,0.266,0.280,0.455
58400,0.261,0.307,0.431
58500,0.259,0.304,0.436
58600,0.261,0.312,0.427
58700,0.271,0.309,0.420
58800,0.256,0.323,0.421
58900,0.251,0.318,0.431
59000,0.264,0.318,0.419
59100,0.257,0.311,0.432
59200,0.252,0.322,0.426
59300,0.241,0.314,0.445
59400,0.246,0.305,0.448
59500,0.242,0.316,0.442
59600,0.233,0.308,0.459
59700,0.230,0.307,0.463
59800,0.226,0.308,0.466
59900,0.234,0.309,0.457
60000,0.222,0.317,0.462
60100,0.210,0.335,0.455
60200,0.204,0.343,0.453
60300,0.200,0.343,0.457
60400,0.209,0.345,0.445
60500,0.211,0.342,0.446
60600,0.217,0.328,0.456
60700,0.223,0.329,0.448
60800,0.216,0.318,0.467
60900,0.220,0.313,0.468
61000,0.228,0.307,0.465
61100,0.219,0.306,0.475
61200,0.220,0.307,0.473
61300,0.217,0.308,0.475
61400,0.217,0.313,0.471
61500,0.216,0.316,0.469
61600,0.212,0.305,0.482
61700,0.202,0.308,0.489
61800,0.220,0.301,0.479
61900,0.232,0.293,0.475
62000,0.235,0.287,0.478
62100,0.242,0.286,0.472
62200,0.248,0.290,0.462
62300,0.247,0.288,0.465
62400,0.241,0.282,0.477
62500,0.245,0.286,0.469
62600,0.242,0.304,0.454
62700,0.248,0.305,0.446
62800,0.245,0.318,0.437
62900,0.258,0.305,0.436
63000,0.252,0.306,0.441
63100,0.235,0.337,0.428
63200,0.241,0.340,0.419
63300,0.233,0.345,0.422
63400,0.221,0.345,0.434
63500,0.229,0.340,0.431
63600,0.244,0.330,0.426
63700,0.248,0.315,0.437
63800,0.249,0.309,0.441
63900,0.239,0.297,0.464
64000,0.260,0.286,0.454
64100,0.250,0.281,0.469
64200,0.252,0.281,0.467
64300,0.241,0.288,0.471
64400,0.257,0.289,0.454
64500,0.290,0.286,0.424
64600,0.279,0.288,0.433
64700,0.281,0.289,0.430
64800,0.286,0.289,0.425
64900,0.274,0.300,0.426
65000,0.268,0.296,0.436
65100,0.273,0.307,0.420
65200,0.263,0.312,0.426
65300,0.265,0.301,0.434
65400,0.271,0.311,0.419
65500,0.268,0.323,0.410
65600,0.267,0.308,0.425
65700,0.273,0.313,0.415
65800,0.269,0.307,0.424
65900,0.266,0.307,0.427
66000,0.271,0.314,0.416
66100,0.281,0.315,0.404
66200,0.287,0.305,0.408
66300,0.285,0.308,0.407
66400,0.284,0.295,0.421
66500,0.286,0.293,0.421
66600,0.289,0.281,0.430
66700,0.290,0.283,0.427
66800,0.290,0.282,0.428
66900,0.282,0.285,0.433
67000,0.284,0.278,0.438
67100,0.290,0.275,0.435
67200,0.274,0.298,0.428
67300,0.261,0.312,0.427
67400,0.256,0.307,0.436
67500,0.271,0.294,0.435
67600,0.269,0.297,0.434
67700,0.282,0.297,0.421
67800,0.294,0.292,0.414
67900,0.287,0.289,0.424
68000,0.287,0.285,0.428
68100,0.293,0.273,0.434
68200,0.293,0.277,0.430
68300,0.303,0.268,0.429
68400,0.296,0.275,0.429
68500,0.291,0.294,0.415
68600,0.289,0.281,0.430
68700,0.298,0.275,0.427
68800,0.295,0.279,0.426
68900,0.298,0.281,0.421
69000,0.298,0.292,0.410
69100,0.301,0.279,0.420
69200,0.288,0.278,0.434
69300,0.295,0.273,0.432
69400,0.290,0.281,0.429
69500,0.288,0.277,0.435
69600,0.278,0.276,0.446
69700,0.272,0.267,0.462
69800,0.279,0.269,0.453
69900,0.272,0.267,0.462
70000,0.293,0.257,0.449
70100,0.302,0.254,0.443
70200,0.297,0.258,0.444
70300,0.308,0.258,0.433
70400,0.315,0.257,0.428
70500,0.315,0.252,0.433
70600,0.301,0.261,0.437
70700,0.299,0.274,0.427
70800,0.294,0.272,0.434
70900,0.288,0.269,0.443
71000,0.288,0.272,0.440
71100,0.283,0.272,0.445
71200,0.299,0.257,0.443
71300,0.300,0.261,0.438
71400,0.299,0.273,0.428
71500,0.291,0.272,0.437
71600,0.299,0.269,0.432
71700,0.300,0.274,0.426
71800,0.308,0.271,0.421
71900,0.300,0.271,0.429
72000,0.311,0.269,0.421
72100,0.324,0.261,0.415
72200,0.327,0.258,0.415
72300,0.328,0.257,0.415
72400,0.333,0.255,0.412
72500,0.321,0.257,0.422
72600,0.332,0.252,0.416
72700,0.340,0.246,0.414
72800,0.348,0.248,0.403
72900,0.337,0.249,0.414
73000,0.341,0.251,0.408
73100,0.344,0.242,0.414
73200,0.341,0.243,0.416
73300,0.335,0.242,0.423
73400,0.342,0.248,0.410
73500,0.335,0.261,0.403
73600,0.320,0.253,0.427
73700,0.309,0.265,0.426
73800,0.312,0.260,0.428
73900,0.316,0.253,0.431
74000,0.307,0.252,0.440
74100,0.307,0.250,0.442
74200,0.309,0.255,0.435
74300,0.312,0.253,0.435
74400,0.317,0.247,0.436
74500,0.308,0.238,0.454
74600,0.317,0.232,0.451
74700,0.309,0.254,0.436
74800,0.297,0.267,0.436
74900,0.290,0.278,0.432
75000,0.293,0.278,0.429
75100,0.305,0.271,0.424
75200,0.297,0.285,0.418
75300,0.302,0.286,0.412
75400,0.293,0.276,0.431
75500,0.291,0.270,0.439
75600,0.299,0.268,0.433
75700,0.305,0.260,0.434
75800,0.307,0.245,0.447
75900,0.305,0.229,0.466
76000,0.292,0.235,0.473
76100,0.303,0.244,0.453
76200,0.302,0.241,0.457
76300,0.332,0.243,0.425
76400,0.335,0.244,0.421
76500,0.319,0.253,0.428
76600,0.337,0.238,0.425
76700,0.347,0.231,0.422
76800,0.344,0.233,0.423
76900,0.350,0.228,0.422
77000,0.340,0.257,0.402
77100,0.336,0.249,0.415
77200,0.334,0.243,0.423
77300,0.334,0.249,0.417
77400,0.331,0.248,0.421
77500,0.324,0.250,0.426
77600,0.322,0.247,0.431
77700,0.327,0.260,0.413
77800,0.325,0.271,0.404
77900,0.311,0.270,0.420
78000,0.299,0.267,0.434
78100,0.302,0.267,0.431
78200,0.295,0.268,0.437
78300,0.282,0.266,0.453
78400,0.284,0.271,0.445
78500,0.277,0.278,0.445
78600,0.272,0.276,0.453
78700,0.266,0.281,0.454
78800,0.269,0.277,0.455
78900,0.277,0.277,0.446
79000,0.279,0.273,0.448
79100,0.281,0.266,0.454
79200,0.281,0.266,0.454
79300,0.289,0.255,0.456
79400,0.306,0.250,0.443
79500,0.303,0.255,0.441
79600,0.300,0.259,0.440
79700,0.299,0.256,0.444
79800,0.307,0.251,0.441
79900,0.299,0.255,0.445
80000,0.309,0.253,0.437
80100,0.312,0.250,0.438
80200,0.339,0.254,0.407
80300,0.337,0.256,0.407
80400,0.320,0.273,0.408
80500,0.309,0.279,0.412
80600,0.308,0.287,0.404
80700,0.318,0.274,0.409
80800,0.320,0.266,0.415
80900,0.322,0.265,0.414
81000,0.323,0.258,0.419
81100,0.317,0.256,0.427
81200,0.306,0.253,0.440
81300,0.300,0.260,0.439
81400,0.291,0.271,0.438
81500,0.286,0.277,0.437
81600,0.282,0.278,0.440
81700,0.283,0.288,0.429
81800,0.287,0.287,0.426
81900,0.285,0.278,0.437
82000,0.289,0.281,0.430
82100,0.291,0.274,0.435
82200,0.288,0.290,0.422
82300,0.279,0.291,0.430
82400,0.280,0.294,0.426
82500,0.274,0.301,0.425
82600,0.282,0.293,0.425
82700,0.293,0.297,0.410
82800,0.286,0.292,0.422
82900,0.286,0.281,0.433
83000,0.279,0.280,0.441
83100,0.283,0.280,0.437
83200,0.263,0.308,0.429
83300,0.274,0.311,0.416
83400,0.274,0.308,0.418
83500,0.287,0.297,0.416
83600,0.282,0.299,0.419
83700,0.286,0.292,0.422
83800,0.288,0.288,0.424
83900,0.275,0.285,0.440
84000,0.289,0.288,0.423
84100,0.303,0.281,0.416
84200,0.299,0.291,0.410
84300,0.299,0.301,0.399
84400,0.300,0.301,0.398
84500,0.307,0.294,0.398
84600,0.306,0.299,0.394
84700,0.302,0.308,0.389
84800,0.303,0.306,0.390
84900,0.308,0.306,0.385
85000,0.301,0.308,0.390
85100,0.301,0.298,0.400
85200,0.308,0.299,0.392
85300,0.313,0.295,0.392
85400,0.300,0.300,0.399
85500,0.281,0.301,0.418
85600,0.306,0.291,0.402
85700,0.299,0.276,0.425
85800,0.299,0.295,0.406
85900,0.291,0.299,0.410
86000,0.296,0.315,0.389
86100,0.293,0.307,0.399
86200,0.327,0.281,0.392
86300,0.321,0.273,0.407
86400,0.318,0.269,0.414
86500,0.316,0.266,0.419
86600,0.302,0.279,0.419
86700,0.315,0.271,0.415
86800,0.312,0.269,0.420
86900,0.314,0.268,0.419
87000,0.314,0.266,0.421
87100,0.297,0.276,0.427
87200,0.289,0.273,0.438
87300,0.306,0.264,0.430
87400,0.300,0.264,0.436
87500,0.301,0.265,0.434
87600,0.303,0.263,0.434
87700,0.298,0.260,0.441
87800,0.296,0.264,0.440
87900,0.290,0.279,0.431
88000,0.281,0.277,0.442
88100,0.274,0.271,0.456
88200,0.273,0.275,0.453
88300,0.274,0.284,0.442
88400,0.283,0.280,0.437
88500,0.288,0.272,0.440
88600,0.283,0.276,0.441
88700,0.279,0.271,0.450
88800,0.280,0.270,0.450
88900,0.286,0.268,0.446
89000,0.282,0.264,0.455
89100,0.286,0.271,0.443
89200,0.292,0.287,0.421
89300,0.301,0.288,0.411
89400,0.296,0.284,0.420
89500,0.290,0.293,0.417
89600,0.286,0.298,0.416
89700,0.288,0.290,0.422
89800,0.298,0.284,0.418
89900,0.315,0.293,0.392
90000,0.299,0.295,0.406
90100,0.300,0.299,0.400
90200,0.287,0.303,0.410
90300,0.288,0.301,0.411
90400,0.300,0.293,0.407
90500,0.298,0.291,0.411
90600,0.299,0.286,0.415
90700,0.297,0.292,0.411
90800,0.293,0.286,0.421
90900,0.294,0.292,0.414
91000,0.299,0.311,0.390
91100,0.302,0.307,0.390
91200,0.304,0.303,0.392
91300,0.318,0.288,0.394
91400,0.321,0.282,0.397
91500,0.304,0.285,0.411
91600,0.307,0.286,0.407
91700,0.307,0.278,0.415
91800,0.324,0.266,0.411
91900,0.315,0.265,0.421
92000,0.319,0.260,0.421
92100,0.323,0.267,0.411
92200,0.331,0.268,0.401
92300,0.324,0.269,0.408
92400,0.340,0.273,0.387
92500,0.334,0.264,0.402
92600,0.329,0.270,0.401
92700,0.325,0.288,0.387
92800,0.337,0.267,0.396
92900,0.334,0.263,0.403
93000,0.338,0.264,0.398
93100,0.340,0.261,0.398
93200,0.338,0.257,0.404
93300,0.346,0.250,0.403
93400,0.347,0.256,0.396
93500,0.360,0.240,0.400
93600,0.359,0.247,0.394
93700,0.353,0.249,0.397
93800,0.336,0.252,0.412
93900,0.343,0.253,0.403
94000,0.347,0.248,0.404
94100,0.344,0.248,0.408
94200,0.352,0.245,0.402
94300,0.354,0.246,0.399
94400,0.360,0.245,0.395
94500,0.370,0.244,0.386
94600,0.377,0.238,0.385
94700,0.378,0.226,0.396
94800,0.377,0.223,0.400
94900,0.388,0.217,0.395
95000,0.394,0.219,0.387
95100,0.406,0.222,0.373
95200,0.415,0.209,0.376
95300,0.412,0.221,0.368
95400,0.411,0.230,0.360
95500,0.403,0.238,0.359
95600,0.406,0.240,0.354
95700,0.394,0.249,0.356
95800,0.394,0.236,0.370
95900,0.400,0.240,0.360
96000,0.403,0.227,0.370
96100,0.399,0.226,0.375
96200,0.399,0.220,0.381
96300,0.386,0.223,0.391
96400,0.379,0.224,0.397
96500,0.370,0.219,0.412
96600,0.354,0.212,0.433
96700,0.348,0.206,0.445
96800,0.356,0.207,0.436
96900,0.351,0.209,0.439
97000,0.379,0.213,0.408
97100,0.390,0.210,0.399
97200,0.394,0.211,0.394
97300,0.386,0.207,0.407
97400,0.395,0.203,0.401
97500,0.401,0.204,0.394
97600,0.411,0.200,0.389
97700,0.406,0.199,0.395
97800,0.396,0.205,0.398
97900,0.390,0.220,0.390
98000,0.388,0.220,0.392
98100,0.393,0.215,0.392
98200,0.386,0.209,0.404
98300,0.395,0.207,0.397
98400,0.394,0.204,0.401
98500,0.399,0.200,0.400
98600,0.397,0.201,0.401
98700,0.384,0.199,0.417
98800,0.367,0.202,0.431
98900,0.356,0.206,0.437
99000,0.355,0.216,0.429
99100,0.348,0.234,0.418
99200,0.334,0.233,0.433
99300,0.324,0.227,0.449
99400,0.325,0.220,0.456
99500,0.327,0.226,0.447
99600,0.324,0.226,0.450
99700,0.318,0.227,0.456
99800,0.337,0.217,0.446
99900,0.337,0.217,0.446
100000,0.331,0.221,0.448
