time,n_A+p,n_B,n_AB
100,0.030,0.964,0.006
200,0.030,0.964,0.006
300,0.030,0.962,0.008
400,0.030,0.961,0.009
500,0.030,0.962,0.008
600,0.030,0.960,0.010
700,0.030,0.944,0.027
800,0.030,0.939,0.032
900,0.038,0.935,0.028
1000,0.038,0.934,0.029
1100,0.036,0.934,0.031
1200,0.033,0.932,0.036
1300,0.033,0.922,0.045
1400,0.033,0.925,0.042
1500,0.034,0.922,0.044
1600,0.034,0.926,0.040
1700,0.039,0.903,0.058
1800,0.040,0.908,0.052
1900,0.043,0.902,0.055
2000,0.047,0.903,0.050
2100,0.046,0.897,0.057
2200,0.048,0.893,0.059
2300,0.047,0.888,0.065
2400,0.046,0.886,0.068
2500,0.044,0.892,0.064
2600,0.045,0.887,0.068
2700,0.044,0.888,0.068
2800,0.041,0.890,0.069
2900,0.045,0.888,0.067
3000,0.042,0.885,0.074
3100,0.044,0.886,0.070
3200,0.044,0.888,0.068
3300,0.041,0.892,0.067
3400,0.042,0.891,0.067
3500,0.044,0.888,0.068
3600,0.041,0.886,0.074
3700,0.041,0.884,0.076
3800,0.044,0.880,0.076
3900,0.044,0.877,0.079
4000,0.045,0.878,0.077
4100,0.047,0.874,0.079
4200,0.046,0.864,0.090
4300,0.047,0.865,0.088
4400,0.049,0.856,0.095
4500,0.043,0.862,0.095
4600,0.043,0.862,0.095
4700,0.043,0.860,0.097
4800,0.041,0.852,0.107
4900,0.043,0.853,0.104
5000,0.044,0.856,0.100
5100,0.064,0.841,0.095
5200,0.056,0.839,0.105
5300,0.057,0.834,0.109
5400,0.054,0.836,0.110
5500,0.057,0.825,0.117
5600,0.055,0.824,0.121
5700,0.053,0.818,0.129
5800,0.048,0.816,0.136
5900,0.048,0.815,0.137
6000,0.049,0.817,0.134
6100,0.052,0.806,0.142
6200,0.052,0.800,0.148
6300,0.056,0.795,0.149
6400,0.057,0.782,0.160
6500,0.054,0.777,0.169
6600,0.056,0.774,0.170
6700,0.053,0.790,0.157
6800,0.055,0.792,0.153
6900,0.059,0.793,0.148
7000,0.063,0.794,0.143
7100,0.061,0.784,0.154
7200,0.057,0.784,0.158
7300,0.057,0.793,0.150
7400,0.059,0.784,0.156
7500,0.060,0.790,0.150
7600,0.065,0.788,0.147
7700,0.066,0.801,0.133
7800,0.078,0.790,0.133
7900,0.079,0.775,0.146
8000,0.076,0.773,0.151
8100,0.082,0.771,0.147
8200,0.097,0.767,0.136
8300,0.087,0.775,0.138
8400,0.080,0.775,0.145
8500,0.081,0.768,0.151
8600,0.077,0.774,0.149
8700,0.063,0.764,0.173
8800,0.064,0.755,0.181
8900,0.070,0.763,0.166
9000,0.069,0.765,0.165
9100,0.086,0.751,0.163
9200,0.078,0.747,0.176
9300,0.069,0.766,0.164
9400,0.068,0.763,0.169
9500,0.063,0.769,0.168
9600,0.066,0.768,0.165
9700,0.063,0.770,0.166
9800,0.063,0.780,0.156
9900,0.065,0.773,0.161
10000,0.076,0.764,0.160
10100,0.080,0.758,0.162
10200,0.084,0.752,0.164
10300,0.086,0.752,0.162
10400,0.093,0.736,0.171
10500,0.089,0.739,0.173
10600,0.093,0.726,0.181
10700,0.091,0.730,0.179
10800,0.098,0.725,0.177
10900,0.107,0.704,0.189
11000,0.109,0.700,0.191
11100,0.127,0.688,0.185
11200,0.125,0.692,0.184
11300,0.124,0.674,0.202
11400,0.114,0.675,0.210
11500,0.106,0.674,0.220
11600,0.120,0.674,0.206
11700,0.114,0.671,0.215
11800,0.128,0.660,0.212
11900,0.115,0.667,0.218
12000,0.125,0.664,0.211
12100,0.127,0.672,0.201
12200,0.122,0.680,0.198
12300,0.115,0.672,0.212
12400,0.111,0.677,0.211
12500,0.120,0.671,0.209
12600,0.118,0.662,0.220
12700,0.104,0.671,0.225
12800,0.105,0.679,0.216
12900,0.114,0.683,0.202
13000,0.106,0.681,0.212
13100,0.106,0.678,0.216
13200,0.107,0.676,0.217
13300,0.111,0.670,0.219
13400,0.108,0.666,0.226
13500,0.110,0.664,0.226
13600,0.100,0.675,0.225
13700,0.107,0.663,0.230
13800,0.096,0.677,0.227
13900,0.094,0.689,0.217
14000,0.091,0.692,0.218
14100,0.099,0.688,0.212
14200,0.097,0.683,0.220
14300,0.090,0.685,0.225
14400,0.099,0.677,0.224
14500,0.102,0.672,0.226
14600,0.099,0.663,0.238
14700,0.099,0.657,0.244
14800,0.111,0.651,0.238
14900,0.115,0.650,0.235
15000,0.116,0.652,0.232
15100,0.116,0.637,0.246
15200,0.121,0.633,0.246
15300,0.128,0.630,0.242
15400,0.134,0.620,0.246
15500,0.132,0.619,0.249
15600,0.140,0.619,0.241
15700,0.166,0.602,0.232
15800,0.163,0.603,0.234
15900,0.162,0.585,0.252
16000,0.154,0.612,0.234
16100,0.149,0.602,0.249
16200,0.148,0.608,0.244
16300,0.149,0.614,0.237
16400,0.153,0.604,0.243
16500,0.163,0.602,0.235
16600,0.162,0.610,0.228
16700,0.156,0.613,0.231
16800,0.149,0.629,0.222
16900,0.157,0.615,0.228
17000,0.160,0.616,0.224
17100,0.152,0.618,0.230
17200,0.144,0.618,0.238
17300,0.155,0.620,0.225
17400,0.153,0.614,0.233
17500,0.148,0.609,0.243
17600,0.142,0.617,0.241
17700,0.149,0.617,0.234
17800,0.153,0.621,0.226
17900,0.159,0.618,0.223
18000,0.170,0.620,0.210
18100,0.169,0.625,0.206
18200,0.168,0.606,0.227
18300,0.161,0.606,0.233
18400,0.159,0.609,0.232
18500,0.160,0.600,0.240
18600,0.156,0.599,0.245
18700,0.138,0.614,0.248
18800,0.153,0.622,0.225
18900,0.148,0.629,0.223
19000,0.150,0.633,0.217
19100,0.147,0.625,0.228
19200,0.149,0.624,0.227
19300,0.149,0.618,0.233
19400,0.150,0.618,0.232
19500,0.152,0.609,0.239
19600,0.149,0.607,0.244
19700,0.163,0.603,0.234
19800,0.166,0.608,0.226
19900,0.173,0.610,0.218
20000,0.169,0.614,0.218
20100,0.185,0.598,0.218
20200,0.195,0.590,0.215
20300,0.193,0.597,0.210
20400,0.184,0.586,0.230
20500,0.191,0.588,0.221
20600,0.189,0.593,0.218
20700,0.218,0.578,0.204
20800,0.203,0.576,0.221
20900,0.213,0.561,0.226
21000,0.227,0.551,0.223
21100,0.230,0.539,0.231
21200,0.241,0.528,0.231
21300,0.239,0.524,0.237
21400,0.226,0.536,0.238
21500,0.216,0.531,0.253
21600,0.206,0.537,0.256
21700,0.236,0.515,0.249
21800,0.228,0.516,0.256
21900,0.232,0.521,0.247
22000,0.228,0.525,0.247
22100,0.228,0.509,0.264
22200,0.219,0.516,0.266
22300,0.202,0.536,0.261
22400,0.209,0.540,0.250
22500,0.205,0.532,0.263
22600,0.200,0.521,0.279
22700,0.194,0.533,0.273
22800,0.199,0.536,0.265
22900,0.187,0.543,0.270
23000,0.209,0.541,0.249
23100,0.201,0.534,0.265
23200,0.197,0.539,0.264
23300,0.198,0.528,0.274
23400,0.213,0.523,0.264
23500,0.220,0.524,0.256
23600,0.215,0.506,0.280
23700,0.219,0.472,0.309
23800,0.219,0.459,0.323
23900,0.210,0.459,0.331
24000,0.213,0.448,0.338
24100,0.216,0.450,0.334
24200,0.223,0.455,0.323
24300,0.218,0.457,0.326
24400,0.228,0.464,0.308
24500,0.236,0.455,0.309
24600,0.236,0.453,0.312
24700,0.237,0.445,0.318
24800,0.249,0.447,0.303
24900,0.238,0.476,0.286
25000,0.226,0.460,0.315
25100,0.228,0.468,0.304
25200,0.231,0.469,0.300
25300,0.227,0.474,0.299
25400,0.230,0.477,0.293
25500,0.228,0.489,0.283
25600,0.229,0.494,0.277
25700,0.220,0.506,0.275
25800,0.215,0.515,0.271
25900,0.205,0.519,0.276
26000,0.201,0.519,0.280
26100,0.195,0.518,0.287
26200,0.213,0.508,0.279
26300,0.205,0.514,0.281
26400,0.199,0.503,0.298
26500,0.197,0.502,0.301
26600,0.200,0.489,0.311
26700,0.191,0.487,0.322
26800,0.192,0.487,0.321
26900,0.195,0.478,0.327
27000,0.197,0.485,0.318
27100,0.200,0.477,0.323
27200,0.210,0.468,0.322
27300,0.212,0.464,0.324
27400,0.221,0.468,0.312
27500,0.212,0.475,0.313
27600,0.206,0.492,0.301
27700,0.209,0.493,0.297
27800,0.210,0.492,0.297
27900,0.212,0.467,0.321
28000,0.218,0.451,0.331
28100,0.224,0.440,0.336
28200,0.240,0.433,0.327
28300,0.234,0.438,0.328
28400,0.242,0.440,0.318
28500,0.253,0.425,0.322
28600,0.254,0.434,0.312
28700,0.245,0.432,0.323
28800,0.232,0.477,0.291
28900,0.229,0.467,0.304
29000,0.223,0.474,0.303
29100,0.224,0.479,0.297
29200,0.220,0.464,0.317
29300,0.225,0.470,0.305
29400,0.216,0.463,0.322
29500,0.212,0.472,0.316
29600,0.211,0.469,0.320
29700,0.216,0.478,0.306
29800,0.207,0.477,0.316
29900,0.200,0.472,0.328
30000,0.206,0.475,0.319
30100,0.196,0.476,0.328
30200,0.203,0.472,0.325
30300,0.196,0.486,0.318
30400,0.199,0.485,0.316
30500,0.199,0.494,0.306
30600,0.187,0.488,0.325
30700,0.193,0.509,0.298
30800,0.178,0.521,0.301
30900,0.166,0.507,0.327
31000,0.172,0.527,0.301
31100,0.174,0.536,0.290
31200,0.172,0.536,0.292
31300,0.177,0.532,0.291
31400,0.182,0.518,0.300
31500,0.171,0.514,0.316
31600,0.164,0.499,0.336
31700,0.173,0.498,0.329
31800,0.169,0.501,0.331
31900,0.173,0.502,0.326
32000,0.172,0.493,0.335
32100,0.164,0.492,0.343
32200,0.171,0.495,0.334
32300,0.170,0.493,0.337
32400,0.181,0.485,0.334
32500,0.196,0.476,0.328
32600,0.171,0.496,0.333
32700,0.177,0.497,0.326
32800,0.174,0.503,0.324
32900,0.178,0.494,0.328
33000,0.169,0.504,0.328
33100,0.169,0.504,0.328
33200,0.172,0.515,0.314
33300,0.172,0.513,0.316
33400,0.161,0.516,0.323
33500,0.166,0.511,0.323
33600,0.164,0.506,0.330
33700,0.171,0.509,0.321
33800,0.169,0.522,0.309
33900,0.174,0.522,0.304
34000,0.171,0.520,0.309
34100,0.177,0.512,0.312
34200,0.174,0.524,0.302
34300,0.165,0.527,0.307
34400,0.164,0.538,0.297
34500,0.163,0.541,0.295
34600,0.154,0.536,0.309
34700,0.145,0.526,0.329
34800,0.146,0.531,0.323
34900,0.143,0.540,0.317
35000,0.151,0.555,0.294
35100,0.164,0.549,0.287
35200,0.154,0.552,0.294
35300,0.156,0.564,0.280
35400,0.156,0.569,0.275
35500,0.163,0.559,0.278
35600,0.164,0.564,0.272
35700,0.168,0.565,0.268
35800,0.175,0.564,0.261
35900,0.176,0.551,0.274
36000,0.178,0.555,0.268
36100,0.175,0.545,0.280
36200,0.179,0.538,0.283
36300,0.185,0.539,0.276
36400,0.190,0.530,0.280
36500,0.187,0.517,0.296
36600,0.204,0.504,0.292
36700,0.195,0.535,0.270
36800,0.192,0.533,0.275
36900,0.202,0.519,0.279
37000,0.201,0.513,0.286
37100,0.203,0.515,0.282
37200,0.191,0.529,0.280
37300,0.195,0.531,0.274
37400,0.187,0.529,0.284
37500,0.194,0.524,0.282
37600,0.183,0.530,0.287
37700,0.185,0.531,0.284
37800,0.182,0.525,0.293
37900,0.175,0.527,0.298
38000,0.183,0.512,0.305
38100,0.188,0.509,0.303
38200,0.190,0.510,0.300
38300,0.209,0.504,0.287
38400,0.212,0.491,0.296
38500,0.221,0.493,0.286
38600,0.224,0.486,0.290
38700,0.211,0.501,0.288
38800,0.210,0.497,0.292
38900,0.210,0.490,0.299
39000,0.204,0.490,0.305
39100,0.186,0.493,0.321
39200,0.197,0.488,0.315
39300,0.215,0.492,0.293
39400,0.227,0.482,0.291
39500,0.223,0.477,0.300
39600,0.216,0.471,0.314
39700,0.202,0.490,0.307
39800,0.201,0.480,0.319
39900,0.204,0.470,0.326
40000,0.209,0.503,0.288
40100,0.209,0.495,0.295
40200,0.215,0.483,0.302
40300,0.220,0.475,0.305
40400,0.210,0.467,0.323
40500,0.215,0.460,0.326
40600,0.220,0.451,0.329
40700,0.225,0.443,0.332
40800,0.225,0.448,0.327
40900,0.222,0.449,0.329
41000,0.219,0.455,0.327
41100,0.224,0.460,0.317
41200,0.229,0.462,0.309
41300,0.210,0.462,0.328
41400,0.228,0.453,0.320
41500,0.235,0.455,0.311
41600,0.238,0.454,0.308
41700,0.247,0.459,0.294
41800,0.240,0.469,0.291
41900,0.230,0.461,0.309
42000,0.234,0.456,0.311
42100,0.215,0.460,0.326
42200,0.225,0.456,0.320
42300,0.211,0.470,0.319
42400,0.222,0.457,0.322
42500,0.220,0.455,0.326
42600,0.221,0.449,0.330
42700,0.226,0.436,0.338
42800,0.213,0.437,0.349
42900,0.206,0.460,0.334
43000,0.207,0.446,0.346
43100,0.218,0.462,0.321
43200,0.221,0.450,0.329
43300,0.224,0.449,0.327
43400,0.233,0.441,0.326
43500,0.229,0.451,0.320
43600,0.221,0.461,0.319
43700,0.210,0.457,0.333
43800,0.216,0.456,0.329
43900,0.220,0.458,0.323
44000,0.216,0.458,0.327
44100,0.211,0.459,0.330
44200,0.213,0.456,0.331
44300,0.212,0.454,0.334
44400,0.219,0.454,0.328
44500,0.212,0.450,0.337
44600,0.223,0.449,0.328
44700,0.224,0.442,0.334
44800,0.223,0.444,0.333
44900,0.223,0.439,0.338
45000,0.216,0.445,0.339
45100,0.225,0.439,0.336
45200,0.218,0.441,0.341
45300,0.205,0.435,0.360
45400,0.225,0.437,0.338
45500,0.216,0.442,0.342
45600,0.231,0.427,0.342
45700,0.236,0.429,0.335
45800,0.237,0.435,0.328
45900,0.242,0.420,0.338
46000,0.249,0.419,0.332
46100,0.245,0.416,0.339
46200,0.243,0.416,0.341
46300,0.234,0.418,0.348
46400,0.244,0.416,0.340
46500,0.258,0.409,0.333
46600,0.274,0.398,0.328
46700,0.260,0.406,0.334
46800,0.266,0.409,0.326
46900,0.265,0.408,0.328
47000,0.270,0.411,0.320
47100,0.274,0.415,0.312
47200,0.286,0.403,0.311
47300,0.274,0.396,0.330
47400,0.265,0.409,0.327
47500,0.283,0.396,0.321
47600,0.278,0.388,0.334
47700,0.271,0.393,0.336
47800,0.271,0.386,0.343
47900,0.272,0.383,0.345
48000,0.268,0.381,0.351
48100,0.266,0.388,0.346
48200,0.249,0.396,0.354
48300,0.266,0.391,0.343
48400,0.276,0.379,0.345
48500,0.257,0.377,0.366
48600,0.271,0.363,0.367
48700,0.270,0.360,0.371
48800,0.271,0.364,0.366
48900,0.289,0.364,0.347
49000,0.298,0.359,0.343
49100,0.293,0.365,0.342
49200,0.283,0.355,0.362
49300,0.279,0.374,0.347
49400,0.288,0.373,0.339
49500,0.273,0.373,0.354
49600,0.272,0.367,0.362
49700,0.274,0.373,0.353
49800,0.273,0.380,0.347
49900,0.268,0.395,0.337
50000,0.243,0.389,0.368
50100,0.229,0.402,0.369
50200,0.231,0.402,0.367
50300,0.227,0.410,0.364
50400,0.237,0.394,0.369
50500,0.242,0.398,0.360
50600,0.234,0.398,0.368
50700,0.241,0.403,0.355
50800,0.237,0.404,0.359
50900,0.231,0.393,0.376
51000,0.218,0.396,0.386
51100,0.224,0.402,0.374
51200,0.222,0.403,0.375
51300,0.208,0.420,0.372
51400,0.201,0.435,0.364
51500,0.192,0.445,0.363
51600,0.178,0.443,0.379
51700,0.176,0.466,0.359
51800,0.178,0.462,0.361
51900,0.171,0.457,0.373
52000,0.189,0.453,0.359
52100,0.183,0.469,0.348
52200,0.176,0.474,0.350
52300,0.201,0.474,0.325
52400,0.200,0.463,0.337
52500,0.199,0.456,0.345
52600,0.194,0.446,0.360
52700,0.209,0.436,0.354
52800,0.211,0.444,0.344
52900,0.203,0.451,0.345
53000,0.201,0.446,0.352
53100,0.203,0.434,0.363
53200,0.210,0.420,0.370
53300,0.201,0.431,0.368
53400,0.206,0.444,0.349
53500,0.206,0.459,0.335
53600,0.206,0.442,0.351
53700,0.217,0.437,0.346
53800,0.210,0.439,0.350
53900,0.206,0.428,0.366
54000,0.208,0.421,0.371
54100,0.203,0.419,0.378
54200,0.220,0.418,0.363
54300,0.218,0.433,0.349
54400,0.224,0.438,0.338
54500,0.226,0.422,0.352
54600,0.229,0.428,0.343
54700,0.219,0.434,0.347
54800,0.212,0.435,0.352
54900,0.220,0.439,0.341
55000,0.209,0.436,0.354
55100,0.216,0.424,0.361
55200,0.201,0.458,0.341
55300,0.230,0.443,0.327
55400,0.228,0.450,0.322
55500,0.226,0.455,0.320
55600,0.223,0.456,0.322
55700,0.231,0.453,0.317
55800,0.228,0.439,0.333
55900,0.226,0.446,0.328
56000,0.219,0.442,0.339
56100,0.244,0.434,0.322
56200,0.254,0.434,0.312
56300,0.259,0.433,0.307
56400,0.256,0.431,0.313
56500,0.242,0.426,0.332
56600,0.258,0.416,0.326
56700,0.265,0.425,0.311
56800,0.260,0.423,0.317
56900,0.264,0.430,0.306
57000,0.249,0.438,0.313
57100,0.244,0.442,0.314
57200,0.248,0.440,0.312
57300,0.238,0.455,0.307
57400,0.242,0.457,0.301
57500,0.235,0.457,0.308
57600,0.245,0.443,0.312
57700,0.234,0.453,0.314
57800,0.229,0.461,0.311
57900,0.228,0.473,0.299
58000,0.225,0.469,0.306
58100,0.230,0.448,0.322
58200,0.226,0.435,0.339
58300,0.222,0.449,0.329
58400,0.238,0.448,0.314
58500,0.243,0.447,0.309
58600,0.245,0.437,0.318
58700,0.248,0.437,0.315
58800,0.237,0.442,0.321
58900,0.234,0.442,0.324
59000,0.235,0.448,0.317
59100,0.247,0.434,0.319
59200,0.245,0.427,0.328
59300,0.250,0.419,0.331
59400,0.246,0.409,0.345
59500,0.247,0.395,0.358
59600,0.272,0.392,0.336
59700,0.278,0.381,0.341
59800,0.279,0.382,0.339
59900,0.273,0.383,0.344
60000,0.273,0.400,0.327
60100,0.253,0.412,0.335
60200,0.248,0.393,0.359
60300,0.244,0.394,0.362
60400,0.245,0.388,0.367
60500,0.245,0.406,0.349
60600,0.234,0.414,0.352
60700,0.226,0.429,0.345
60800,0.242,0.423,0.335
60900,0.248,0.415,0.337
61000,0.246,0.425,0.329
61100,0.241,0.426,0.333
61200,0.253,0.417,0.330
61300,0.246,0.422,0.332
61400,0.250,0.412,0.338
61500,0.258,0.413,0.329
61600,0.280,0.408,0.313
61700,0.279,0.412,0.309
61800,0.274,0.414,0.313
61900,0.272,0.404,0.324
62000,0.261,0.392,0.346
62100,0.278,0.392,0.330
62200,0.271,0.398,0.331
62300,0.268,0.406,0.327
62400,0.266,0.419,0.316
62500,0.254,0.424,0.322
62600,0.250,0.430,0.320
62700,0.261,0.420,0.319
62800,0.269,0.413,0.319
62900,0.255,0.403,0.341
63000,0.258,0.407,0.335
63100,0.257,0.418,0.325
63200,0.254,0.407,0.339
63300,0.269,0.418,0.314
63400,0.251,0.430,0.319
63500,0.255,0.432,0.313
63600,0.258,0.417,0.325
63700,0.258,0.425,0.317
63800,0.268,0.424,0.308
63900,0.281,0.411,0.308
64000,0.282,0.403,0.315
64100,0.275,0.397,0.328
64200,0.282,0.387,0.331
64300,0.286,0.385,0.329
64400,0.281,0.370,0.349
64500,0.279,0.361,0.361
64600,0.286,0.356,0.358
64700,0.269,0.378,0.353
64800,0.264,0.377,0.360
64900,0.268,0.374,0.359
65000,0.269,0.376,0.355
65100,0.238,0.387,0.375
65200,0.247,0.391,0.362
65300,0.239,0.392,0.369
65400,0.239,0.400,0.361
65500,0.242,0.399,0.359
65600,0.241,0.399,0.360
65700,0.233,0.420,0.347
65800,0.231,0.423,0.346
65900,0.224,0.421,0.355
66000,0.228,0.416,0.356
66100,0.230,0.409,0.362
66200,0.248,0.398,0.353
66300,0.243,0.390,0.367
66400,0.237,0.390,0.373
66500,0.241,0.396,0.363
66600,0.228,0.391,0.381
66700,0.231,0.393,0.376
66800,0.234,0.398,0.368
66900,0.256,0.390,0.353
67000,0.261,0.384,0.354
67100,0.268,0.373,0.360
67200,0.271,0.368,0.362
67300,0.297,0.364,0.339
67400,0.286,0.378,0.336
67500,0.291,0.386,0.323
67600,0.286,0.389,0.325
67700,0.281,0.385,0.334
67800,0.274,0.388,0.338
67900,0.268,0.399,0.333
68000,0.252,0.397,0.350
68100,0.246,0.417,0.337
68200,0.242,0.422,0.336
68300,0.254,0.409,0.337
68400,0.254,0.406,0.340
68500,0.254,0.396,0.349
68600,0.250,0.399,0.350
68700,0.254,0.404,0.341
68800,0.261,0.395,0.343
68900,0.275,0.400,0.325
69000,0.271,0.395,0.334
69100,0.281,0.388,0.331
69200,0.279,0.385,0.336
69300,0.278,0.383,0.339
69400,0.281,0.377,0.342
69500,0.281,0.380,0.339
69600,0.293,0.372,0.335
69700,0.301,0.375,0.324
69800,0.306,0.373,0.321
69900,0.305,0.371,0.324
70000,0.305,0.363,0.332
70100,0.298,0.366,0.336
70200,0.289,0.367,0.344
70300,0.304,0.360,0.336
70400,0.299,0.356,0.344
70500,0.314,0.356,0.330
70600,0.317,0.354,0.329
70700,0.323,0.347,0.330
70800,0.319,0.344,0.337
70900,0.321,0.347,0.332
71000,0.313,0.350,0.337
71100,0.305,0.351,0.343
71200,0.324,0.340,0.336
71300,0.319,0.332,0.349
71400,0.335,0.330,0.335
71500,0.346,0.329,0.325
71600,0.354,0.326,0.320
71700,0.361,0.322,0.318
71800,0.348,0.319,0.333
71900,0.369,0.325,0.306
72000,0.366,0.328,0.306
72100,0.368,0.323,0.309
72200,0.366,0.324,0.311
72300,0.370,0.323,0.307
72400,0.356,0.327,0.317
72500,0.355,0.325,0.320
72600,0.349,0.329,0.322
72700,0.340,0.325,0.335
72800,0.331,0.334,0.335
72900,0.338,0.338,0.324
73000,0.331,0.338,0.331
73100,0.333,0.338,0.329
73200,0.333,0.352,0.315
73300,0.331,0.331,0.338
73400,0.302,0.337,0.361
73500,0.296,0.341,0.363
73600,0.299,0.342,0.359
73700,0.304,0.348,0.347
73800,0.305,0.354,0.340
73900,0.308,0.356,0.335
74000,0.308,0.351,0.340
74100,0.304,0.348,0.347
74200,0.317,0.347,0.336
74300,0.308,0.340,0.351
74400,0.325,0.344,0.331
74500,0.313,0.344,0.343
74600,0.309,0.356,0.334
74700,0.324,0.366,0.311
74800,0.315,0.378,0.307
74900,0.317,0.377,0.306
75000,0.314,0.376,0.311
75100,0.314,0.361,0.326
75200,0.317,0.364,0.320
75300,0.318,0.363,0.320
75400,0.319,0.359,0.323
75500,0.316,0.351,0.333
75600,0.295,0.343,0.362
75700,0.300,0.333,0.367
75800,0.312,0.339,0.349
75900,0.303,0.336,0.361
76000,0.341,0.330,0.329
76100,0.352,0.335,0.313
76200,0.348,0.327,0.325
76300,0.356,0.325,0.319
76400,0.342,0.325,0.333
76500,0.342,0.325,0.333
76600,0.341,0.324,0.335
76700,0.313,0.326,0.362
76800,0.311,0.340,0.349
76900,0.300,0.351,0.348
77000,0.341,0.330,0.329
77100,0.331,0.330,0.339
77200,0.342,0.322,0.336
77300,0.338,0.314,0.348
77400,0.335,0.317,0.348
77500,0.341,0.315,0.344
77600,0.341,0.316,0.343
77700,0.332,0.309,0.359
77800,0.336,0.309,0.354
77900,0.339,0.303,0.358
78000,0.347,0.298,0.354
78100,0.361,0.296,0.343
78200,0.358,0.297,0.345
78300,0.359,0.304,0.337
78400,0.362,0.307,0.331
78500,0.354,0.334,0.312
78600,0.348,0.340,0.312
78700,0.337,0.336,0.327
78800,0.327,0.353,0.320
78900,0.321,0.358,0.322
79000,0.326,0.352,0.322
79100,0.311,0.356,0.333
79200,0.327,0.345,0.328
79300,0.327,0.345,0.328
79400,0.327,0.331,0.342
79500,0.332,0.329,0.339
79600,0.330,0.339,0.331
79700,0.339,0.347,0.314
79800,0.339,0.338,0.323
79900,0.334,0.334,0.332
80000,0.335,0.341,0.324
80100,0.329,0.340,0.331
80200,0.331,0.339,0.330
80300,0.311,0.339,0.350
80400,0.301,0.344,0.354
80500,0.296,0.354,0.349
80600,0.294,0.365,0.341
80700,0.291,0.373,0.336
80800,0.288,0.378,0.334
80900,0.281,0.373,0.346
81000,0.285,0.381,0.334
81100,0.296,0.371,0.333
81200,0.295,0.371,0.334
81300,0.298,0.358,0.344
81400,0.304,0.349,0.346
81500,0.296,0.345,0.359
81600,0.317,0.338,0.345
81700,0.307,0.356,0.336
81800,0.302,0.360,0.338
81900,0.304,0.354,0.341
82000,0.313,0.351,0.336
82100,0.304,0.346,0.349
82200,0.305,0.352,0.342
82300,0.304,0.355,0.340
82400,0.288,0.350,0.362
82500,0.284,0.349,0.367
82600,0.300,0.343,0.356
82700,0.304,0.347,0.348
82800,0.302,0.341,0.356
82900,0.300,0.334,0.366
83000,0.301,0.343,0.355
83100,0.319,0.336,0.345
83200,0.331,0.332,0.337
83300,0.332,0.332,0.336
83400,0.335,0.342,0.323
83500,0.343,0.319,0.338
83600,0.350,0.317,0.333
83700,0.348,0.299,0.352
83800,0.365,0.300,0.335
83900,0.359,0.292,0.349
84000,0.354,0.297,0.348
84100,0.344,0.294,0.362
84200,0.347,0.291,0.362
84300,0.361,0.299,0.340
84400,0.347,0.306,0.346
84500,0.339,0.301,0.360
84600,0.346,0.305,0.348
84700,0.345,0.295,0.360
84800,0.347,0.292,0.361
84900,0.340,0.313,0.347
85000,0.338,0.307,0.354
85100,0.337,0.294,0.369
85200,0.332,0.290,0.378
85300,0.331,0.281,0.388
85400,0.338,0.284,0.378
85500,0.340,0.288,0.372
85600,0.338,0.304,0.358
85700,0.331,0.306,0.363
85800,0.333,0.309,0.358
85900,0.338,0.312,0.350
86000,0.344,0.319,0.337
86100,0.338,0.317,0.345
86200,0.334,0.313,0.353
86300,0.346,0.305,0.348
86400,0.335,0.286,0.379
86500,0.331,0.292,0.377
86600,0.332,0.282,0.386
86700,0.333,0.283,0.384
86800,0.345,0.290,0.365
86900,0.358,0.290,0.352
87000,0.367,0.282,0.351
87100,0.369,0.288,0.343
87200,0.384,0.273,0.343
87300,0.381,0.287,0.332
87400,0.376,0.297,0.327
87500,0.371,0.295,0.334
87600,0.374,0.301,0.325
87700,0.365,0.303,0.332
87800,0.366,0.299,0.335
87900,0.366,0.298,0.336
88000,0.368,0.308,0.324
88100,0.368,0.311,0.322
88200,0.366,0.301,0.333
88300,0.367,0.292,0.341
88400,0.366,0.292,0.342
88500,0.363,0.287,0.350
88600,0.355,0.286,0.359
88700,0.374,0.284,0.342
88800,0.381,0.284,0.335
88900,0.379,0.272,0.349
89000,0.397,0.276,0.327
89100,0.408,0.272,0.321
89200,0.395,0.271,0.334
89300,0.387,0.272,0.341
89400,0.413,0.267,0.321
89500,0.421,0.270,0.309
89600,0.426,0.274,0.300
89700,0.432,0.277,0.291
89800,0.447,0.249,0.303
89900,0.449,0.249,0.301
90000,0.451,0.248,0.300
90100,0.446,0.240,0.314
90200,0.450,0.238,0.312
90300,0.454,0.239,0.307
90400,0.449,0.244,0.306
90500,0.444,0.245,0.311
90600,0.448,0.242,0.309
90700,0.442,0.237,0.321
90800,0.439,0.243,0.318
90900,0.450,0.244,0.305
91000,0.443,0.253,0.303
91100,0.427,0.249,0.324
91200,0.410,0.263,0.328
91300,0.403,0.260,0.336
91400,0.394,0.257,0.348
91500,0.396,0.263,0.341
91600,0.399,0.261,0.339
91700,0.403,0.254,0.342
91800,0.401,0.258,0.340
91900,0.409,0.261,0.330
92000,0.410,0.273,0.318
92100,0.422,0.282,0.296
92200,0.419,0.268,0.314
92300,0.415,0.271,0.315
92400,0.423,0.272,0.305
92500,0.418,0.258,0.324
92600,0.418,0.254,0.328
92700,0.419,0.271,0.311
92800,0.444,0.260,0.295
92900,0.444,0.261,0.294
93000,0.432,0.259,0.308
93100,0.421,0.278,0.301
93200,0.415,0.284,0.301
93300,0.430,0.286,0.284
93400,0.427,0.284,0.289
93500,0.413,0.291,0.296
93600,0.404,0.299,0.296
93700,0.395,0.302,0.302
93800,0.390,0.314,0.296
93900,0.380,0.313,0.307
94000,0.385,0.302,0.313
94100,0.367,0.305,0.328
94200,0.378,0.296,0.326
94300,0.381,0.291,0.328
94400,0.375,0.303,0.322
94500,0.363,0.307,0.330
94600,0.377,0.305,0.318
94700,0.375,0.304,0.321
94800,0.378,0.306,0.316
94900,0.385,0.288,0.327
95000,0.402,0.284,0.314
95100,0.410,0.269,0.322
95200,0.402,0.271,0.327
95300,0.410,0.267,0.324
95400,0.436,0.254,0.309
95500,0.432,0.261,0.306
95600,0.422,0.265,0.314
95700,0.425,0.261,0.314
95800,0.446,0.254,0.299
95900,0.438,0.249,0.313
96000,0.427,0.266,0.307
96100,0.437,0.268,0.295
96200,0.441,0.264,0.295
96300,0.446,0.261,0.292
96400,0.451,0.267,0.282
96500,0.455,0.272,0.274
96600,0.449,0.270,0.281
96700,0.453,0.275,0.273
96800,0.437,0.274,0.289
96900,0.431,0.275,0.294
97000,0.419,0.275,0.306
97100,0.428,0.266,0.306
97200,0.433,0.259,0.307
97300,0.433,0.256,0.311
97400,0.441,0.249,0.309
97500,0.475,0.245,0.280
97600,0.472,0.244,0.284
97700,0.487,0.235,0.278
97800,0.481,0.238,0.281
97900,0.477,0.239,0.284
98000,0.473,0.230,0.297
98100,0.465,0.239,0.296
98200,0.470,0.237,0.293
98300,0.459,0.247,0.294
98400,0.455,0.247,0.298
98500,0.458,0.240,0.302
98600,0.464,0.250,0.286
98700,0.467,0.247,0.286
98800,0.465,0.247,0.288
98900,0.483,0.238,0.279
99000,0.478,0.250,0.272
99100,0.493,0.249,0.257
99200,0.492,0.251,0.256
99300,0.497,0.249,0.253
99400,0.497,0.249,0.253
99500,0.484,0.243,0.273
99600,0.483,0.253,0.264
99700,0.474,0.260,0.266
99800,0.471,0.264,0.266
99900,0.482,0.266,0.252
100000,0.474,0.247,0.279
100100,0.481,0.251,0.268
100200,0.477,0.253,0.270
100300,0.472,0.253,0.275
100400,0.457,0.266,0.278
100500,0.460,0.260,0.280
100600,0.466,0.249,0.285
100700,0.463,0.249,0.288
100800,0.442,0.250,0.307
100900,0.441,0.250,0.308
101000,0.453,0.250,0.297
101100,0.455,0.259,0.286
101200,0.468,0.251,0.281
101300,0.460,0.258,0.282
101400,0.448,0.263,0.289
101500,0.422,0.275,0.303
101600,0.425,0.274,0.301
101700,0.430,0.269,0.301
101800,0.433,0.256,0.311
101900,0.441,0.261,0.297
102000,0.437,0.261,0.301
102100,0.420,0.253,0.327
102200,0.410,0.266,0.325
102300,0.411,0.274,0.316
102400,0.401,0.283,0.316
102500,0.399,0.290,0.311
102600,0.396,0.296,0.307
102700,0.403,0.292,0.304
102800,0.412,0.275,0.314
102900,0.408,0.277,0.316
103000,0.416,0.277,0.307
103100,0.404,0.276,0.320
103200,0.420,0.274,0.306
103300,0.425,0.266,0.309
103400,0.425,0.256,0.319
103500,0.431,0.256,0.313
103600,0.442,0.249,0.308
103700,0.441,0.263,0.296
103800,0.449,0.263,0.288
103900,0.470,0.259,0.271
104000,0.460,0.258,0.282
104100,0.467,0.254,0.279
104200,0.450,0.245,0.304
104300,0.455,0.241,0.304
104400,0.450,0.240,0.309
104500,0.461,0.232,0.307
104600,0.469,0.230,0.301
104700,0.475,0.235,0.290
104800,0.474,0.234,0.292
104900,0.479,0.231,0.290
105000,0.449,0.241,0.309
105100,0.457,0.242,0.301
105200,0.458,0.244,0.298
105300,0.447,0.240,0.313
105400,0.441,0.252,0.306
105500,0.445,0.248,0.306
105600,0.444,0.246,0.309
105700,0.465,0.240,0.295
105800,0.475,0.246,0.279
105900,0.473,0.240,0.287
106000,0.468,0.234,0.298
106100,0.468,0.242,0.290
106200,0.462,0.256,0.282
106300,0.458,0.254,0.288
106400,0.460,0.247,0.293
106500,0.470,0.252,0.278
106600,0.470,0.246,0.284
106700,0.472,0.243,0.285
106800,0.474,0.243,0.283
106900,0.464,0.237,0.299
107000,0.453,0.240,0.307
107100,0.466,0.235,0.299
107200,0.466,0.243,0.291
107300,0.460,0.249,0.291
107400,0.441,0.251,0.307
107500,0.445,0.257,0.297
107600,0.442,0.259,0.298
107700,0.447,0.259,0.293
107800,0.454,0.257,0.289
107900,0.442,0.246,0.312
108000,0.437,0.234,0.329
108100,0.445,0.241,0.314
108200,0.446,0.244,0.309
108300,0.457,0.244,0.299
108400,0.462,0.244,0.294
108500,0.480,0.239,0.281
108600,0.478,0.230,0.292
108700,0.486,0.229,0.285
108800,0.487,0.228,0.285
108900,0.483,0.217,0.300
109000,0.484,0.220,0.296
109100,0.468,0.229,0.303
109200,0.474,0.235,0.291
109300,0.475,0.233,0.292
109400,0.437,0.256,0.306
109500,0.443,0.249,0.307
109600,0.440,0.248,0.312
109700,0.435,0.252,0.313
109800,0.432,0.252,0.316
109900,0.423,0.256,0.321
110000,0.419,0.244,0.337
110100,0.434,0.236,0.330
110200,0.430,0.240,0.330
110300,0.449,0.241,0.309
110400,0.454,0.243,0.303
110500,0.450,0.240,0.309
110600,0.456,0.252,0.292
110700,0.467,0.246,0.287
110800,0.469,0.234,0.297
110900,0.466,0.235,0.299
111000,0.460,0.230,0.311
111100,0.469,0.234,0.297
111200,0.476,0.230,0.294
111300,0.482,0.230,0.288
111400,0.477,0.229,0.294
111500,0.474,0.242,0.284
111600,0.485,0.237,0.278
111700,0.486,0.227,0.287
111800,0.485,0.224,0.291
111900,0.490,0.219,0.291
112000,0.516,0.213,0.271
112100,0.525,0.205,0.270
112200,0.518,0.200,0.282
112300,0.521,0.199,0.280
112400,0.527,0.197,0.276
112500,0.527,0.196,0.277
112600,0.517,0.215,0.269
112700,0.501,0.232,0.268
112800,0.508,0.239,0.253
112900,0.509,0.235,0.256
113000,0.497,0.232,0.271
113100,0.497,0.232,0.271
113200,0.496,0.240,0.264
113300,0.491,0.252,0.256
113400,0.479,0.251,0.270
113500,0.466,0.254,0.280
113600,0.463,0.251,0.286
113700,0.454,0.269,0.278
113800,0.449,0.269,0.282
113900,0.451,0.279,0.270
114000,0.458,0.269,0.274
114100,0.455,0.271,0.275
114200,0.451,0.272,0.277
114300,0.460,0.267,0.274
114400,0.460,0.270,0.271
114500,0.463,0.273,0.265
114600,0.458,0.268,0.275
114700,0.456,0.276,0.269
114800,0.446,0.274,0.280
114900,0.435,0.283,0.282
115000,0.437,0.277,0.286
115100,0.451,0.278,0.271
115200,0.451,0.284,0.265
115300,0.459,0.274,0.268
115400,0.464,0.272,0.265
115500,0.458,0.266,0.277
115600,0.477,0.267,0.256
115700,0.479,0.257,0.264
115800,0.491,0.257,0.251
115900,0.474,0.269,0.257
116000,0.463,0.277,0.260
116100,0.472,0.271,0.257
116200,0.475,0.267,0.258
116300,0.473,0.267,0.260
116400,0.456,0.274,0.271
116500,0.454,0.277,0.270
116600,0.459,0.270,0.272
116700,0.461,0.275,0.265
116800,0.461,0.270,0.270
116900,0.471,0.267,0.263
117000,0.473,0.265,0.263
117100,0.467,0.259,0.274
117200,0.442,0.254,0.303
117300,0.442,0.252,0.305
117400,0.433,0.252,0.315
117500,0.446,0.255,0.298
117600,0.459,0.249,0.292
117700,0.445,0.233,0.322
117800,0.441,0.230,0.329
117900,0.447,0.233,0.320
118000,0.441,0.236,0.323
118100,0.440,0.249,0.311
118200,0.445,0.252,0.302
118300,0.448,0.256,0.295
118400,0.442,0.251,0.306
118500,0.439,0.246,0.315
118600,0.451,0.245,0.303
118700,0.440,0.238,0.322
118800,0.450,0.227,0.323
118900,0.457,0.232,0.312
119000,0.463,0.224,0.314
119100,0.475,0.223,0.302
119200,0.467,0.221,0.313
119300,0.446,0.234,0.320
119400,0.448,0.236,0.316
119500,0.441,0.243,0.316
119600,0.445,0.230,0.325
119700,0.447,0.232,0.321
119800,0.450,0.234,0.316
119900,0.446,0.240,0.314
120000,0.450,0.237,0.313
120100,0.451,0.234,0.315
120200,0.438,0.237,0.325
120300,0.438,0.234,0.328
120400,0.458,0.231,0.312
120500,0.445,0.234,0.321
120600,0.448,0.234,0.318
120700,0.445,0.233,0.322
120800,0.442,0.243,0.315
120900,0.437,0.246,0.317
121000,0.433,0.268,0.299
121100,0.425,0.264,0.312
121200,0.443,0.257,0.299
121300,0.450,0.256,0.293
121400,0.455,0.238,0.307
121500,0.461,0.236,0.303
121600,0.466,0.239,0.295
121700,0.463,0.241,0.296
121800,0.465,0.232,0.303
121900,0.473,0.230,0.297
122000,0.475,0.226,0.299
122100,0.477,0.221,0.302
122200,0.468,0.225,0.307
122300,0.474,0.219,0.307
122400,0.481,0.224,0.295
122500,0.486,0.233,0.281
122600,0.474,0.232,0.294
122700,0.487,0.231,0.282
122800,0.480,0.227,0.293
122900,0.487,0.234,0.279
123000,0.480,0.235,0.285
123100,0.469,0.231,0.300
123200,0.472,0.231,0.297
123300,0.460,0.241,0.299
123400,0.450,0.244,0.305
123500,0.446,0.251,0.302
123600,0.449,0.245,0.305
123700,0.448,0.245,0.306
123800,0.447,0.265,0.288
123900,0.467,0.242,0.291
124000,0.470,0.238,0.292
124100,0.465,0.242,0.293
124200,0.464,0.226,0.311
124300,0.435,0.227,0.338
124400,0.448,0.227,0.325
124500,0.447,0.226,0.327
124600,0.446,0.220,0.334
124700,0.450,0.237,0.313
124800,0.466,0.225,0.309
124900,0.459,0.247,0.294
125000,0.457,0.244,0.299
125100,0.449,0.254,0.296
125200,0.449,0.255,0.295
125300,0.456,0.270,0.275
125400,0.445,0.257,0.297
125500,0.443,0.260,0.296
125600,0.446,0.248,0.305
125700,0.445,0.252,0.302
125800,0.445,0.258,0.296
125900,0.426,0.259,0.315
126000,0.431,0.265,0.304
126100,0.425,0.267,0.308
126200,0.427,0.276,0.297
126300,0.429,0.254,0.317
126400,0.428,0.248,0.324
126500,0.417,0.259,0.324
126600,0.421,0.259,0.320
126700,0.416,0.258,0.326
126800,0.418,0.252,0.330
126900,0.419,0.245,0.336
127000,0.422,0.243,0.335
127100,0.431,0.245,0.324
127200,0.435,0.246,0.319
127300,0.440,0.246,0.314
127400,0.432,0.249,0.319
127500,0.416,0.256,0.328
127600,0.415,0.245,0.340
127700,0.421,0.243,0.336
127800,0.420,0.247,0.333
127900,0.424,0.250,0.326
128000,0.417,0.255,0.328
128100,0.429,0.253,0.318
128200,0.442,0.244,0.314
128300,0.447,0.228,0.325
128400,0.449,0.229,0.322
128500,0.458,0.221,0.322
128600,0.475,0.222,0.303
128700,0.472,0.218,0.311
128800,0.482,0.212,0.305
128900,0.471,0.223,0.306
129000,0.473,0.221,0.306
129100,0.467,0.219,0.315
129200,0.476,0.208,0.316
129300,0.479,0.207,0.314
129400,0.485,0.205,0.309
129500,0.484,0.205,0.311
129600,0.494,0.212,0.293
129700,0.476,0.236,0.288
129800,0.477,0.238,0.285
129900,0.474,0.237,0.289
130000,0.476,0.232,0.292
130100,0.473,0.218,0.309
130200,0.465,0.211,0.324
130300,0.483,0.208,0.308
130400,0.497,0.210,0.292
130500,0.490,0.208,0.301
130600,0.491,0.200,0.308
130700,0.486,0.219,0.295
130800,0.479,0.235,0.286
130900,0.468,0.236,0.296
131000,0.469,0.230,0.301
131100,0.451,0.246,0.302
131200,0.456,0.241,0.303
131300,0.445,0.243,0.312
131400,0.459,0.238,0.303
131500,0.454,0.258,0.288
131600,0.466,0.246,0.288
131700,0.460,0.249,0.291
131800,0.451,0.244,0.304
131900,0.438,0.246,0.316
132000,0.447,0.242,0.311
132100,0.439,0.250,0.311
132200,0.431,0.259,0.309
132300,0.423,0.256,0.321
132400,0.443,0.235,0.322
132500,0.447,0.244,0.308
132600,0.439,0.252,0.308
132700,0.437,0.246,0.317
132800,0.455,0.244,0.301
132900,0.451,0.243,0.305
133000,0.455,0.239,0.306
133100,0.453,0.228,0.320
133200,0.454,0.227,0.320
133300,0.463,0.230,0.307
133400,0.456,0.231,0.314
133500,0.460,0.226,0.315
133600,0.457,0.220,0.324
133700,0.449,0.221,0.330
133800,0.450,0.223,0.327
133900,0.451,0.220,0.329
134000,0.444,0.231,0.325
134100,0.444,0.227,0.329
134200,0.449,0.232,0.319
134300,0.441,0.245,0.314
134400,0.438,0.241,0.321
134500,0.433,0.251,0.316
134600,0.428,0.255,0.317
134700,0.419,0.248,0.333
134800,0.423,0.244,0.333
134900,0.432,0.234,0.334
135000,0.426,0.227,0.347
135100,0.431,0.233,0.336
135200,0.450,0.229,0.321
135300,0.435,0.231,0.334
135400,0.439,0.235,0.326
135500,0.437,0.232,0.331
135600,0.436,0.231,0.333
135700,0.447,0.233,0.320
135800,0.437,0.231,0.332
135900,0.449,0.223,0.328
136000,0.449,0.228,0.323
136100,0.445,0.239,0.316
136200,0.456,0.226,0.319
136300,0.463,0.230,0.307
136400,0.459,0.229,0.313
136500,0.468,0.233,0.299
136600,0.465,0.233,0.302
136700,0.478,0.231,0.291
136800,0.475,0.232,0.293
136900,0.475,0.234,0.291
137000,0.473,0.234,0.293
137100,0.470,0.233,0.297
137200,0.471,0.234,0.295
137300,0.480,0.228,0.292
137400,0.479,0.226,0.295
137500,0.489,0.225,0.286
137600,0.496,0.220,0.284
137700,0.481,0.210,0.308
137800,0.485,0.208,0.306
137900,0.482,0.205,0.313
138000,0.490,0.198,0.312
138100,0.498,0.194,0.307
138200,0.496,0.188,0.316
138300,0.499,0.193,0.307
138400,0.507,0.191,0.302
138500,0.520,0.185,0.295
138600,0.506,0.211,0.283
138700,0.503,0.209,0.288
138800,0.494,0.213,0.292
138900,0.503,0.201,0.296
139000,0.505,0.200,0.295
139100,0.507,0.196,0.297
139200,0.504,0.202,0.294
139300,0.478,0.224,0.298
139400,0.482,0.220,0.298
139500,0.483,0.201,0.316
139600,0.494,0.202,0.303
139700,0.498,0.197,0.304
139800,0.478,0.199,0.323
139900,0.480,0.204,0.316
140000,0.492,0.195,0.313
140100,0.492,0.195,0.313
140200,0.510,0.218,0.273
140300,0.501,0.206,0.293
140400,0.504,0.203,0.293
140500,0.506,0.201,0.293
140600,0.509,0.197,0.294
140700,0.529,0.195,0.276
140800,0.517,0.205,0.278
140900,0.518,0.206,0.276
141000,0.528,0.203,0.269
141100,0.522,0.203,0.275
141200,0.527,0.198,0.275
141300,0.531,0.195,0.274
141400,0.538,0.195,0.267
141500,0.541,0.186,0.273
141600,0.526,0.183,0.291
141700,0.537,0.191,0.272
141800,0.533,0.196,0.271
141900,0.524,0.204,0.272
142000,0.529,0.200,0.271
142100,0.527,0.193,0.280
142200,0.514,0.200,0.286
142300,0.525,0.196,0.279
142400,0.520,0.198,0.282
142500,0.511,0.215,0.275
142600,0.519,0.215,0.267
142700,0.518,0.207,0.275
142800,0.513,0.205,0.282
142900,0.506,0.201,0.293
143000,0.498,0.198,0.303
143100,0.488,0.201,0.311
143200,0.493,0.211,0.295
143300,0.485,0.215,0.300
143400,0.490,0.206,0.303
143500,0.495,0.202,0.302
143600,0.499,0.201,0.299
143700,0.496,0.200,0.303
143800,0.496,0.199,0.304
143900,0.497,0.193,0.309
144000,0.507,0.191,0.302
144100,0.496,0.186,0.318
144200,0.498,0.180,0.322
144300,0.512,0.179,0.309
144400,0.512,0.176,0.313
144500,0.517,0.174,0.309
144600,0.528,0.169,0.303
144700,0.522,0.172,0.306
144800,0.525,0.182,0.293
144900,0.525,0.182,0.293
145000,0.516,0.185,0.299
145100,0.516,0.181,0.303
145200,0.510,0.185,0.305
145300,0.522,0.177,0.301
145400,0.510,0.187,0.303
145500,0.510,0.190,0.300
145600,0.508,0.188,0.304
145700,0.491,0.197,0.312
145800,0.505,0.191,0.304
145900,0.494,0.199,0.306
146000,0.499,0.196,0.304
146100,0.490,0.205,0.304
146200,0.491,0.207,0.301
146300,0.490,0.199,0.311
146400,0.466,0.212,0.322
146500,0.463,0.216,0.322
146600,0.481,0.216,0.303
146700,0.478,0.210,0.312
146800,0.479,0.204,0.317
146900,0.475,0.207,0.318
147000,0.480,0.201,0.319
147100,0.479,0.201,0.320
147200,0.477,0.203,0.320
147300,0.464,0.211,0.325
147400,0.471,0.200,0.329
147500,0.479,0.204,0.317
147600,0.479,0.203,0.318
147700,0.480,0.199,0.321
147800,0.479,0.194,0.327
147900,0.495,0.187,0.318
148000,0.488,0.181,0.331
148100,0.489,0.181,0.330
148200,0.485,0.184,0.331
148300,0.484,0.183,0.333
148400,0.496,0.192,0.312
148500,0.505,0.195,0.300
148600,0.502,0.189,0.309
148700,0.491,0.190,0.319
148800,0.488,0.184,0.328
148900,0.495,0.189,0.316
149000,0.495,0.190,0.315
149100,0.501,0.183,0.317
149200,0.517,0.185,0.298
149300,0.520,0.188,0.292
149400,0.509,0.207,0.284
149500,0.509,0.201,0.290
149600,0.508,0.190,0.302
149700,0.525,0.179,0.296
149800,0.541,0.171,0.288
149900,0.546,0.164,0.289
150000,0.558,0.168,0.275
150100,0.563,0.164,0.273
150200,0.566,0.164,0.270
150300,0.578,0.160,0.261
150400,0.575,0.171,0.254
150500,0.561,0.174,0.266
150600,0.531,0.195,0.274
150700,0.537,0.201,0.261
150800,0.541,0.191,0.268
150900,0.547,0.185,0.268
151000,0.550,0.177,0.274
151100,0.542,0.186,0.272
151200,0.544,0.178,0.278
151300,0.534,0.184,0.282
151400,0.528,0.181,0.291
151500,0.528,0.183,0.289
151600,0.522,0.187,0.291
151700,0.525,0.191,0.284
151800,0.521,0.198,0.281
151900,0.527,0.195,0.278
152000,0.518,0.194,0.288
152100,0.522,0.187,0.291
152200,0.534,0.184,0.282
152300,0.535,0.176,0.289
152400,0.533,0.174,0.293
152500,0.530,0.179,0.291
152600,0.536,0.183,0.281
152700,0.521,0.177,0.302
152800,0.521,0.178,0.301
152900,0.536,0.165,0.298
153000,0.520,0.186,0.294
153100,0.515,0.180,0.305
153200,0.511,0.178,0.312
153300,0.482,0.217,0.301
153400,0.481,0.211,0.307
153500,0.479,0.204,0.317
153600,0.480,0.189,0.331
153700,0.474,0.193,0.333
153800,0.473,0.206,0.321
153900,0.477,0.209,0.314
154000,0.471,0.210,0.319
154100,0.490,0.202,0.307
154200,0.488,0.195,0.317
154300,0.520,0.190,0.290
154400,0.522,0.191,0.287
154500,0.526,0.181,0.293
154600,0.535,0.198,0.267
154700,0.516,0.201,0.283
154800,0.510,0.192,0.298
154900,0.493,0.199,0.307
155000,0.503,0.196,0.301
155100,0.490,0.205,0.304
155200,0.487,0.204,0.308
155300,0.492,0.201,0.306
155400,0.498,0.203,0.298
155500,0.499,0.196,0.304
155600,0.503,0.195,0.302
155700,0.515,0.199,0.286
155800,0.491,0.217,0.292
155900,0.479,0.223,0.298
156000,0.479,0.219,0.302
156100,0.490,0.228,0.282
156200,0.480,0.224,0.296
156300,0.487,0.222,0.291
156400,0.494,0.226,0.280
156500,0.515,0.220,0.266
156600,0.506,0.219,0.276
156700,0.487,0.224,0.289
156800,0.470,0.220,0.311
156900,0.478,0.215,0.307
157000,0.484,0.218,0.298
157100,0.476,0.221,0.303
157200,0.479,0.212,0.308
157300,0.493,0.223,0.284
157400,0.478,0.236,0.286
157500,0.463,0.238,0.299
157600,0.478,0.232,0.290
157700,0.461,0.225,0.315
157800,0.463,0.213,0.324
157900,0.461,0.201,0.338
158000,0.453,0.216,0.332
158100,0.449,0.211,0.339
158200,0.453,0.217,0.331
158300,0.446,0.230,0.324
158400,0.450,0.231,0.319
158500,0.438,0.232,0.330
158600,0.443,0.230,0.327
158700,0.462,0.223,0.316
158800,0.469,0.230,0.301
158900,0.487,0.215,0.298
159000,0.494,0.215,0.291
159100,0.494,0.215,0.291
159200,0.480,0.221,0.299
159300,0.474,0.223,0.303
159400,0.465,0.232,0.303
159500,0.470,0.227,0.303
159600,0.483,0.231,0.286
159700,0.479,0.236,0.285
159800,0.492,0.234,0.274
159900,0.488,0.240,0.272
160000,0.486,0.251,0.263
160100,0.482,0.245,0.273
160200,0.489,0.240,0.271
160300,0.492,0.235,0.273
160400,0.495,0.231,0.274
160500,0.489,0.227,0.284
160600,0.487,0.217,0.296
160700,0.491,0.210,0.298
160800,0.499,0.209,0.291
160900,0.507,0.216,0.278
161000,0.509,0.213,0.278
161100,0.508,0.212,0.280
161200,0.493,0.204,0.302
161300,0.499,0.207,0.293
161400,0.510,0.207,0.283
161500,0.507,0.208,0.285
161600,0.490,0.205,0.304
161700,0.497,0.197,0.305
161800,0.486,0.193,0.321
161900,0.476,0.215,0.309
162000,0.494,0.207,0.298
162100,0.502,0.207,0.291
162200,0.495,0.211,0.293
162300,0.479,0.215,0.306
162400,0.481,0.212,0.306
162500,0.481,0.221,0.298
162600,0.485,0.224,0.291
162700,0.486,0.206,0.307
162800,0.487,0.207,0.305
162900,0.488,0.201,0.311
163000,0.491,0.202,0.306
163100,0.495,0.202,0.302
163200,0.493,0.199,0.307
163300,0.482,0.212,0.305
163400,0.476,0.202,0.322
163500,0.480,0.197,0.323
163600,0.485,0.199,0.316
163700,0.483,0.202,0.315
163800,0.483,0.199,0.318
163900,0.486,0.197,0.317
164000,0.489,0.206,0.304
164100,0.475,0.207,0.318
164200,0.481,0.208,0.311
164300,0.484,0.208,0.307
