time,n_A+p,n_B,n_AB
100,0.030,0.965,0.005
200,0.030,0.965,0.005
300,0.030,0.964,0.006
400,0.030,0.964,0.006
500,0.030,0.965,0.005
600,0.030,0.965,0.005
700,0.030,0.964,0.006
800,0.030,0.962,0.008
900,0.030,0.960,0.010
1000,0.030,0.959,0.011
1100,0.031,0.958,0.011
1200,0.031,0.956,0.013
1300,0.030,0.951,0.019
1400,0.030,0.941,0.030
1500,0.037,0.928,0.035
1600,0.039,0.928,0.033
1700,0.037,0.923,0.040
1800,0.037,0.921,0.042
1900,0.035,0.923,0.042
2000,0.038,0.917,0.045
2100,0.043,0.908,0.049
2200,0.040,0.909,0.051
2300,0.041,0.903,0.056
2400,0.044,0.900,0.056
2500,0.046,0.900,0.054
2600,0.045,0.897,0.058
2700,0.046,0.892,0.062
2800,0.046,0.884,0.070
2900,0.048,0.874,0.078
3000,0.047,0.883,0.070
3100,0.045,0.890,0.065
3200,0.038,0.895,0.067
3300,0.039,0.895,0.066
3400,0.037,0.898,0.065
3500,0.042,0.882,0.077
3600,0.045,0.877,0.078
3700,0.044,0.878,0.078
3800,0.040,0.872,0.088
3900,0.040,0.869,0.091
4000,0.039,0.864,0.097
4100,0.039,0.860,0.101
4200,0.042,0.860,0.098
4300,0.043,0.858,0.099
4400,0.055,0.854,0.091
4500,0.053,0.864,0.083
4600,0.051,0.869,0.080
4700,0.049,0.869,0.082
4800,0.045,0.871,0.084
4900,0.044,0.862,0.094
5000,0.048,0.841,0.111
5100,0.046,0.844,0.110
5200,0.053,0.842,0.105
5300,0.050,0.844,0.106
5400,0.051,0.848,0.101
5500,0.050,0.837,0.113
5600,0.049,0.843,0.108
5700,0.066,0.826,0.107
5800,0.064,0.824,0.111
5900,0.062,0.818,0.120
6000,0.060,0.824,0.115
6100,0.063,0.826,0.110
6200,0.061,0.831,0.107
6300,0.048,0.851,0.101
6400,0.046,0.855,0.099
6500,0.045,0.848,0.107
6600,0.045,0.823,0.132
6700,0.047,0.824,0.129
6800,0.045,0.824,0.131
6900,0.051,0.823,0.126
7000,0.051,0.820,0.129
7100,0.050,0.818,0.132
7200,0.050,0.821,0.129
7300,0.051,0.830,0.118
7400,0.055,0.831,0.113
7500,0.052,0.828,0.120
7600,0.048,0.841,0.111
7700,0.048,0.837,0.115
7800,0.048,0.834,0.118
7900,0.050,0.836,0.114
8000,0.049,0.838,0.113
8100,0.047,0.843,0.110
8200,0.050,0.840,0.110
8300,0.052,0.841,0.107
8400,0.058,0.842,0.100
8500,0.052,0.845,0.103
8600,0.051,0.849,0.100
8700,0.043,0.849,0.108
8800,0.053,0.834,0.113
8900,0.050,0.830,0.120
9000,0.073,0.830,0.097
9100,0.069,0.836,0.095
9200,0.066,0.834,0.100
9300,0.066,0.829,0.104
9400,0.059,0.825,0.115
9500,0.062,0.818,0.120
9600,0.069,0.823,0.107
9700,0.065,0.827,0.107
9800,0.063,0.824,0.112
9900,0.064,0.826,0.109
10000,0.062,0.828,0.109
10100,0.060,0.827,0.112
10200,0.067,0.822,0.110
10300,0.063,0.816,0.121
10400,0.069,0.808,0.123
10500,0.063,0.809,0.128
10600,0.065,0.808,0.127
10700,0.065,0.799,0.136
10800,0.064,0.810,0.126
10900,0.073,0.810,0.117
11000,0.072,0.811,0.117
11100,0.077,0.811,0.112
11200,0.072,0.813,0.115
11300,0.061,0.788,0.151
11400,0.064,0.774,0.161
11500,0.074,0.782,0.144
11600,0.076,0.772,0.152
11700,0.072,0.779,0.149
11800,0.069,0.783,0.147
11900,0.092,0.770,0.138
12000,0.090,0.772,0.138
12100,0.094,0.774,0.132
12200,0.094,0.766,0.140
12300,0.098,0.764,0.138
12400,0.098,0.777,0.125
12500,0.095,0.779,0.126
12600,0.095,0.778,0.127
12700,0.096,0.767,0.137
12800,0.092,0.766,0.142
12900,0.095,0.758,0.147
13000,0.089,0.753,0.158
13100,0.094,0.755,0.151
13200,0.092,0.781,0.127
13300,0.115,0.763,0.122
13400,0.112,0.764,0.124
13500,0.101,0.761,0.138
13600,0.116,0.734,0.149
13700,0.121,0.731,0.148
13800,0.117,0.721,0.161
13900,0.108,0.724,0.168
14000,0.103,0.717,0.180
14100,0.107,0.720,0.173
14200,0.113,0.713,0.174
14300,0.103,0.699,0.198
14400,0.120,0.688,0.192
14500,0.127,0.691,0.183
14600,0.130,0.687,0.183
14700,0.130,0.679,0.191
14800,0.135,0.678,0.187
14900,0.143,0.671,0.186
15000,0.136,0.684,0.180
15100,0.143,0.665,0.192
15200,0.149,0.646,0.205
15300,0.156,0.635,0.208
15400,0.164,0.625,0.210
15500,0.157,0.635,0.207
15600,0.157,0.626,0.217
15700,0.161,0.621,0.218
15800,0.165,0.622,0.212
15900,0.169,0.610,0.222
16000,0.174,0.609,0.218
16100,0.181,0.603,0.217
16200,0.169,0.612,0.220
16300,0.173,0.611,0.217
16400,0.169,0.607,0.225
16500,0.164,0.604,0.232
16600,0.166,0.609,0.225
16700,0.164,0.607,0.229
16800,0.162,0.611,0.227
16900,0.165,0.615,0.220
17000,0.163,0.612,0.225
17100,0.168,0.606,0.227
17200,0.176,0.610,0.215
17300,0.174,0.616,0.210
17400,0.180,0.604,0.217
17500,0.172,0.598,0.231
17600,0.169,0.587,0.244
17700,0.162,0.585,0.252
17800,0.169,0.582,0.249
17900,0.168,0.581,0.251
18000,0.159,0.593,0.247
18100,0.162,0.600,0.238
18200,0.165,0.596,0.239
18300,0.186,0.594,0.220
18400,0.199,0.569,0.232
18500,0.210,0.568,0.222
18600,0.202,0.564,0.234
18700,0.198,0.574,0.228
18800,0.193,0.564,0.243
18900,0.195,0.564,0.241
19000,0.196,0.563,0.241
19100,0.191,0.561,0.248
19200,0.186,0.565,0.249
19300,0.181,0.571,0.248
19400,0.183,0.578,0.239
19500,0.188,0.577,0.235
19600,0.187,0.556,0.257
19700,0.180,0.570,0.250
19800,0.163,0.580,0.256
19900,0.172,0.575,0.253
20000,0.160,0.588,0.251
20100,0.159,0.590,0.250
20200,0.143,0.581,0.276
20300,0.145,0.579,0.276
20400,0.142,0.594,0.264
20500,0.144,0.598,0.258
20600,0.138,0.603,0.259
20700,0.141,0.621,0.238
20800,0.149,0.610,0.241
20900,0.150,0.618,0.232
21000,0.153,0.592,0.254
21100,0.149,0.597,0.254
21200,0.156,0.593,0.250
21300,0.140,0.592,0.268
21400,0.139,0.593,0.268
21500,0.141,0.591,0.268
21600,0.144,0.601,0.255
21700,0.142,0.605,0.253
21800,0.150,0.596,0.254
21900,0.154,0.588,0.257
22000,0.143,0.580,0.277
22100,0.142,0.577,0.281
22200,0.139,0.592,0.269
22300,0.149,0.587,0.264
22400,0.153,0.587,0.259
22500,0.141,0.615,0.244
22600,0.147,0.612,0.241
22700,0.135,0.605,0.260
22800,0.145,0.588,0.267
22900,0.143,0.586,0.271
23000,0.147,0.577,0.276
23100,0.147,0.584,0.269
23200,0.142,0.597,0.261
23300,0.149,0.594,0.256
23400,0.146,0.597,0.257
23500,0.158,0.579,0.263
23600,0.147,0.576,0.277
23700,0.138,0.579,0.283
23800,0.141,0.578,0.281
23900,0.147,0.580,0.273
24000,0.171,0.566,0.264
24100,0.175,0.550,0.276
24200,0.197,0.551,0.252
24300,0.196,0.562,0.242
24400,0.210,0.550,0.240
24500,0.219,0.545,0.236
24600,0.203,0.539,0.257
24700,0.204,0.533,0.263
24800,0.201,0.525,0.274
24900,0.210,0.527,0.263
25000,0.208,0.520,0.272
25100,0.192,0.523,0.285
25200,0.182,0.521,0.297
25300,0.188,0.504,0.308
25400,0.194,0.490,0.316
25500,0.218,0.477,0.305
25600,0.231,0.475,0.294
25700,0.243,0.482,0.275
25800,0.251,0.466,0.283
25900,0.251,0.463,0.286
26000,0.228,0.468,0.304
26100,0.236,0.466,0.298
26200,0.236,0.475,0.289
26300,0.228,0.481,0.291
26400,0.221,0.486,0.293
26500,0.213,0.490,0.296
26600,0.213,0.497,0.289
26700,0.215,0.489,0.296
26800,0.212,0.493,0.294
26900,0.205,0.499,0.295
27000,0.204,0.507,0.289
27100,0.232,0.496,0.272
27200,0.230,0.505,0.266
27300,0.221,0.503,0.277
27400,0.210,0.507,0.283
27500,0.200,0.510,0.290
27600,0.204,0.525,0.271
27700,0.213,0.511,0.276
27800,0.216,0.504,0.281
27900,0.225,0.497,0.278
28000,0.241,0.466,0.293
28100,0.241,0.458,0.301
28200,0.245,0.467,0.288
28300,0.270,0.483,0.247
28400,0.277,0.482,0.241
28500,0.269,0.479,0.252
28600,0.281,0.470,0.249
28700,0.281,0.461,0.258
28800,0.285,0.459,0.256
28900,0.286,0.453,0.261
29000,0.273,0.442,0.285
29100,0.287,0.424,0.289
29200,0.289,0.428,0.283
29300,0.291,0.425,0.284
29400,0.277,0.432,0.291
29500,0.280,0.433,0.287
29600,0.281,0.445,0.274
29700,0.264,0.444,0.292
29800,0.289,0.438,0.273
29900,0.311,0.413,0.277
30000,0.312,0.408,0.281
30100,0.324,0.397,0.279
30200,0.313,0.408,0.280
30300,0.289,0.417,0.294
30400,0.286,0.411,0.303
30500,0.293,0.402,0.304
30600,0.293,0.407,0.300
30700,0.279,0.421,0.300
30800,0.287,0.413,0.300
30900,0.292,0.415,0.293
31000,0.290,0.420,0.290
31100,0.299,0.420,0.281
31200,0.301,0.415,0.284
31300,0.305,0.417,0.278
31400,0.312,0.421,0.268
31500,0.302,0.426,0.272
31600,0.295,0.424,0.281
31700,0.285,0.426,0.289
31800,0.284,0.436,0.280
31900,0.283,0.446,0.271
32000,0.287,0.434,0.279
32100,0.291,0.428,0.281
32200,0.270,0.455,0.276
32300,0.287,0.445,0.268
32400,0.283,0.433,0.284
32500,0.287,0.438,0.275
32600,0.294,0.425,0.281
32700,0.296,0.415,0.289
32800,0.291,0.416,0.293
32900,0.285,0.421,0.294
33000,0.277,0.418,0.305
33100,0.277,0.422,0.301
33200,0.264,0.426,0.311
33300,0.258,0.420,0.322
33400,0.245,0.418,0.337
33500,0.239,0.423,0.338
33600,0.242,0.428,0.330
33700,0.243,0.429,0.328
33800,0.245,0.428,0.327
33900,0.237,0.422,0.341
34000,0.236,0.438,0.326
34100,0.249,0.432,0.319
34200,0.241,0.439,0.320
34300,0.231,0.456,0.314
34400,0.236,0.451,0.313
34500,0.257,0.448,0.294
34600,0.257,0.440,0.302
34700,0.271,0.437,0.292
34800,0.270,0.434,0.296
34900,0.272,0.433,0.295
35000,0.265,0.430,0.305
35100,0.259,0.422,0.319
35200,0.252,0.435,0.313
35300,0.264,0.428,0.308
35400,0.244,0.430,0.326
35500,0.270,0.424,0.306
35600,0.275,0.419,0.306
35700,0.278,0.415,0.307
35800,0.276,0.414,0.311
35900,0.279,0.421,0.300
36000,0.271,0.418,0.312
36100,0.274,0.424,0.302
36200,0.282,0.428,0.290
36300,0.267,0.429,0.304
36400,0.263,0.431,0.306
36500,0.272,0.420,0.308
36600,0.290,0.422,0.288
36700,0.300,0.423,0.277
36800,0.299,0.426,0.275
36900,0.299,0.416,0.285
37000,0.296,0.407,0.297
37100,0.285,0.420,0.295
37200,0.284,0.419,0.297
37300,0.301,0.414,0.285
37400,0.296,0.415,0.289
37500,0.320,0.406,0.275
37600,0.320,0.399,0.281
37700,0.325,0.394,0.281
37800,0.305,0.389,0.305
37900,0.291,0.380,0.329
38000,0.296,0.390,0.314
38100,0.295,0.380,0.325
38200,0.294,0.399,0.306
38300,0.314,0.384,0.302
38400,0.320,0.384,0.296
38500,0.329,0.386,0.285
38600,0.322,0.371,0.307
38700,0.304,0.388,0.307
38800,0.323,0.381,0.296
38900,0.321,0.386,0.293
39000,0.326,0.379,0.295
39100,0.326,0.368,0.306
39200,0.327,0.349,0.324
39300,0.320,0.360,0.321
39400,0.326,0.352,0.322
39500,0.329,0.351,0.320
39600,0.332,0.349,0.319
39700,0.353,0.340,0.306
39800,0.346,0.347,0.306
39900,0.342,0.340,0.318
40000,0.348,0.343,0.308
40100,0.358,0.347,0.295
40200,0.360,0.343,0.297
40300,0.361,0.332,0.307
40400,0.355,0.333,0.312
40500,0.347,0.350,0.302
40600,0.347,0.344,0.308
40700,0.339,0.345,0.316
40800,0.338,0.358,0.304
40900,0.345,0.361,0.294
41000,0.362,0.348,0.290
41100,0.374,0.349,0.277
41200,0.371,0.351,0.278
41300,0.371,0.347,0.282
41400,0.375,0.354,0.271
41500,0.376,0.348,0.276
41600,0.379,0.339,0.282
41700,0.379,0.348,0.273
41800,0.356,0.337,0.306
41900,0.345,0.348,0.306
42000,0.335,0.353,0.312
42100,0.343,0.355,0.301
42200,0.330,0.365,0.305
42300,0.318,0.364,0.319
42400,0.328,0.349,0.323
42500,0.331,0.351,0.318
42600,0.338,0.341,0.321
42700,0.339,0.343,0.318
42800,0.347,0.333,0.320
42900,0.343,0.332,0.325
43000,0.347,0.325,0.328
43100,0.360,0.314,0.327
43200,0.358,0.322,0.321
43300,0.351,0.321,0.328
43400,0.366,0.313,0.322
43500,0.380,0.321,0.299
43600,0.379,0.326,0.295
43700,0.373,0.326,0.301
43800,0.356,0.333,0.311
43900,0.355,0.333,0.312
44000,0.355,0.338,0.306
44100,0.352,0.333,0.315
44200,0.331,0.333,0.336
44300,0.318,0.355,0.327
44400,0.324,0.361,0.316
44500,0.315,0.351,0.334
44600,0.295,0.363,0.342
44700,0.299,0.361,0.340
44800,0.300,0.367,0.333
44900,0.304,0.351,0.344
45000,0.320,0.348,0.332
45100,0.322,0.363,0.316
45200,0.309,0.352,0.338
45300,0.312,0.375,0.314
45400,0.312,0.380,0.308
45500,0.324,0.386,0.290
45600,0.314,0.380,0.306
45700,0.306,0.371,0.323
45800,0.316,0.370,0.315
45900,0.321,0.374,0.305
46000,0.322,0.371,0.307
46100,0.323,0.370,0.307
46200,0.326,0.376,0.298
46300,0.328,0.377,0.295
46400,0.327,0.374,0.299
46500,0.320,0.367,0.314
46600,0.326,0.368,0.306
46700,0.328,0.359,0.314
46800,0.318,0.373,0.309
46900,0.306,0.364,0.330
47000,0.303,0.362,0.335
47100,0.302,0.372,0.326
47200,0.303,0.353,0.343
47300,0.309,0.349,0.341
47400,0.293,0.353,0.353
47500,0.287,0.351,0.362
47600,0.285,0.350,0.365
47700,0.281,0.352,0.367
47800,0.284,0.353,0.363
47900,0.284,0.351,0.365
48000,0.290,0.352,0.358
48100,0.301,0.345,0.353
48200,0.299,0.358,0.343
48300,0.308,0.354,0.337
48400,0.295,0.366,0.339
48500,0.292,0.360,0.348
48600,0.293,0.361,0.346
48700,0.303,0.365,0.332
48800,0.296,0.373,0.331
48900,0.299,0.370,0.331
49000,0.307,0.370,0.323
49100,0.295,0.375,0.330
49200,0.283,0.388,0.329
49300,0.286,0.383,0.331
49400,0.283,0.393,0.324
49500,0.292,0.392,0.316
49600,0.287,0.392,0.321
49700,0.316,0.377,0.307
49800,0.308,0.374,0.318
49900,0.309,0.372,0.319
50000,0.320,0.364,0.317
50100,0.309,0.374,0.317
50200,0.308,0.373,0.319
50300,0.317,0.372,0.312
50400,0.314,0.367,0.320
50500,0.319,0.356,0.325
50600,0.324,0.352,0.324
50700,0.332,0.348,0.320
50800,0.334,0.341,0.325
50900,0.341,0.331,0.328
51000,0.355,0.320,0.325
51100,0.356,0.316,0.328
51200,0.358,0.316,0.327
51300,0.367,0.313,0.321
51400,0.371,0.302,0.327
51500,0.400,0.292,0.307
51600,0.403,0.282,0.315
51700,0.412,0.280,0.308
51800,0.419,0.282,0.299
51900,0.417,0.277,0.306
52000,0.429,0.264,0.307
52100,0.434,0.258,0.307
52200,0.420,0.269,0.312
52300,0.410,0.286,0.304
52400,0.411,0.279,0.311
52500,0.423,0.282,0.295
52600,0.424,0.280,0.296
52700,0.415,0.279,0.306
52800,0.413,0.281,0.306
52900,0.412,0.282,0.306
53000,0.392,0.288,0.320
53100,0.391,0.289,0.320
53200,0.400,0.285,0.315
53300,0.398,0.280,0.322
53400,0.402,0.282,0.316
53500,0.397,0.290,0.313
53600,0.394,0.277,0.329
53700,0.395,0.278,0.327
53800,0.400,0.283,0.317
53900,0.398,0.290,0.312
54000,0.390,0.287,0.323
54100,0.397,0.288,0.315
54200,0.403,0.301,0.295
54300,0.394,0.307,0.298
54400,0.401,0.302,0.296
54500,0.389,0.290,0.321
54600,0.402,0.289,0.308
54700,0.399,0.290,0.311
54800,0.383,0.314,0.303
54900,0.376,0.321,0.303
55000,0.369,0.298,0.333
55100,0.371,0.301,0.328
55200,0.381,0.297,0.322
55300,0.380,0.292,0.328
55400,0.374,0.295,0.331
55500,0.385,0.284,0.331
55600,0.376,0.283,0.341
55700,0.375,0.308,0.317
55800,0.370,0.314,0.317
55900,0.374,0.317,0.309
56000,0.390,0.307,0.302
56100,0.387,0.300,0.313
56200,0.380,0.311,0.309
56300,0.380,0.320,0.300
56400,0.371,0.316,0.314
56500,0.375,0.313,0.313
56600,0.365,0.320,0.316
56700,0.363,0.315,0.323
56800,0.373,0.309,0.318
56900,0.375,0.303,0.322
57000,0.370,0.323,0.307
57100,0.381,0.325,0.294
57200,0.380,0.325,0.295
57300,0.384,0.320,0.296
57400,0.386,0.318,0.296
57500,0.406,0.288,0.306
57600,0.396,0.290,0.314
57700,0.400,0.291,0.308
57800,0.406,0.290,0.304
57900,0.411,0.292,0.297
58000,0.421,0.287,0.292
58100,0.420,0.287,0.293
58200,0.432,0.287,0.281
58300,0.431,0.274,0.295
58400,0.428,0.287,0.285
58500,0.422,0.298,0.280
58600,0.422,0.300,0.278
58700,0.418,0.293,0.289
58800,0.426,0.291,0.283
58900,0.426,0.297,0.277
59000,0.425,0.306,0.269
59100,0.402,0.322,0.276
59200,0.401,0.324,0.275
59300,0.404,0.315,0.281
59400,0.400,0.312,0.288
59500,0.395,0.313,0.292
59600,0.414,0.312,0.275
59700,0.399,0.323,0.278
59800,0.404,0.318,0.278
59900,0.400,0.324,0.276
60000,0.393,0.318,0.289
60100,0.364,0.339,0.297
60200,0.366,0.331,0.303
60300,0.375,0.329,0.296
60400,0.380,0.329,0.291
60500,0.386,0.328,0.286
60600,0.372,0.326,0.302
60700,0.388,0.327,0.285
60800,0.379,0.330,0.291
60900,0.370,0.335,0.295
61000,0.370,0.330,0.300
61100,0.371,0.326,0.303
61200,0.371,0.332,0.297
61300,0.365,0.337,0.298
61400,0.364,0.333,0.303
61500,0.366,0.338,0.296
61600,0.356,0.343,0.300
61700,0.356,0.336,0.307
61800,0.363,0.328,0.309
61900,0.363,0.328,0.309
62000,0.361,0.329,0.311
62100,0.356,0.325,0.319
62200,0.358,0.324,0.319
62300,0.345,0.327,0.328
62400,0.340,0.321,0.339
62500,0.348,0.334,0.318
62600,0.354,0.334,0.312
62700,0.354,0.332,0.314
62800,0.358,0.326,0.317
62900,0.364,0.326,0.311
63000,0.365,0.320,0.316
63100,0.374,0.328,0.298
63200,0.367,0.321,0.313
63300,0.359,0.316,0.326
63400,0.347,0.323,0.330
63500,0.346,0.333,0.321
63600,0.338,0.323,0.339
63700,0.338,0.318,0.344
63800,0.334,0.329,0.337
63900,0.326,0.326,0.348
64000,0.327,0.340,0.333
64100,0.324,0.339,0.337
64200,0.333,0.341,0.326
64300,0.336,0.327,0.337
64400,0.340,0.325,0.335
64500,0.344,0.335,0.321
64600,0.330,0.331,0.339
64700,0.331,0.326,0.343
64800,0.339,0.308,0.352
64900,0.349,0.307,0.343
65000,0.367,0.318,0.316
65100,0.362,0.325,0.314
65200,0.363,0.331,0.306
65300,0.366,0.331,0.303
65400,0.354,0.327,0.319
65500,0.366,0.319,0.316
65600,0.370,0.323,0.307
65700,0.347,0.324,0.329
65800,0.362,0.314,0.325
65900,0.355,0.307,0.337
66000,0.347,0.314,0.339
66100,0.356,0.320,0.324
66200,0.351,0.331,0.318
66300,0.351,0.325,0.324
66400,0.345,0.320,0.335
66500,0.343,0.324,0.333
66600,0.339,0.318,0.343
66700,0.342,0.319,0.339
66800,0.337,0.320,0.343
66900,0.329,0.309,0.362
67000,0.334,0.325,0.341
67100,0.332,0.336,0.332
67200,0.316,0.344,0.340
67300,0.318,0.340,0.342
67400,0.312,0.337,0.351
67500,0.306,0.343,0.350
67600,0.302,0.345,0.352
67700,0.319,0.332,0.349
67800,0.314,0.327,0.360
67900,0.331,0.325,0.344
68000,0.318,0.323,0.360
68100,0.309,0.333,0.358
68200,0.299,0.334,0.367
68300,0.295,0.345,0.360
68400,0.303,0.341,0.355
68500,0.305,0.348,0.346
68600,0.297,0.365,0.338
68700,0.308,0.350,0.341
68800,0.303,0.348,0.348
68900,0.313,0.354,0.333
69000,0.300,0.350,0.349
69100,0.307,0.349,0.343
69200,0.301,0.371,0.328
69300,0.321,0.372,0.307
69400,0.316,0.364,0.321
69500,0.327,0.351,0.322
69600,0.326,0.350,0.324
69700,0.326,0.348,0.326
69800,0.323,0.351,0.326
69900,0.302,0.367,0.331
70000,0.306,0.362,0.332
70100,0.328,0.353,0.319
70200,0.337,0.344,0.319
70300,0.345,0.342,0.313
70400,0.352,0.339,0.308
70500,0.356,0.333,0.311
70600,0.347,0.332,0.321
70700,0.356,0.321,0.323
70800,0.352,0.319,0.329
70900,0.350,0.340,0.309
71000,0.355,0.336,0.308
71100,0.338,0.347,0.315
71200,0.340,0.351,0.308
71300,0.336,0.367,0.297
71400,0.329,0.363,0.308
71500,0.335,0.350,0.315
71600,0.321,0.361,0.319
71700,0.312,0.353,0.335
71800,0.316,0.371,0.314
71900,0.314,0.374,0.313
72000,0.317,0.371,0.313
72100,0.319,0.365,0.317
72200,0.321,0.361,0.319
72300,0.308,0.365,0.327
72400,0.317,0.372,0.312
72500,0.299,0.375,0.326
72600,0.296,0.376,0.328
72700,0.303,0.382,0.315
72800,0.286,0.387,0.327
72900,0.294,0.374,0.332
73000,0.313,0.344,0.343
73100,0.331,0.344,0.325
73200,0.317,0.354,0.329
73300,0.323,0.347,0.330
73400,0.324,0.341,0.335
73500,0.328,0.326,0.346
73600,0.334,0.331,0.335
73700,0.334,0.332,0.334
73800,0.340,0.326,0.334
73900,0.333,0.331,0.336
74000,0.331,0.324,0.345
74100,0.334,0.335,0.331
74200,0.335,0.346,0.319
74300,0.334,0.345,0.321
74400,0.322,0.343,0.335
74500,0.311,0.343,0.346
74600,0.309,0.353,0.337
74700,0.295,0.356,0.348
74800,0.298,0.356,0.345
74900,0.315,0.349,0.336
75000,0.306,0.355,0.338
75100,0.317,0.330,0.353
75200,0.317,0.341,0.342
75300,0.325,0.331,0.344
75400,0.328,0.332,0.340
75500,0.326,0.324,0.350
75600,0.325,0.329,0.346
75700,0.316,0.347,0.337
75800,0.319,0.361,0.321
75900,0.319,0.369,0.313
76000,0.319,0.364,0.318
76100,0.341,0.346,0.313
76200,0.334,0.344,0.322
76300,0.327,0.359,0.315
76400,0.335,0.366,0.299
76500,0.334,0.371,0.295
76600,0.336,0.367,0.297
76700,0.337,0.368,0.295
76800,0.339,0.382,0.279
76900,0.330,0.382,0.288
77000,0.328,0.392,0.280
77100,0.322,0.401,0.277
77200,0.324,0.406,0.271
77300,0.316,0.412,0.273
77400,0.308,0.407,0.285
77500,0.308,0.388,0.303
77600,0.299,0.387,0.314
77700,0.311,0.366,0.324
77800,0.308,0.364,0.328
77900,0.315,0.348,0.337
78000,0.323,0.340,0.337
78100,0.322,0.345,0.333
78200,0.309,0.353,0.337
78300,0.293,0.379,0.328
78400,0.288,0.376,0.336
78500,0.280,0.397,0.323
78600,0.263,0.407,0.331
78700,0.275,0.403,0.322
78800,0.272,0.403,0.325
78900,0.274,0.396,0.330
79000,0.277,0.400,0.323
79100,0.266,0.423,0.312
79200,0.276,0.416,0.308
79300,0.278,0.417,0.305
79400,0.291,0.409,0.300
79500,0.281,0.407,0.313
79600,0.276,0.402,0.322
79700,0.284,0.391,0.325
79800,0.269,0.389,0.342
79900,0.277,0.376,0.347
80000,0.281,0.370,0.349
80100,0.289,0.375,0.336
80200,0.289,0.390,0.321
80300,0.285,0.396,0.319
80400,0.277,0.389,0.334
80500,0.275,0.393,0.332
80600,0.280,0.384,0.336
80700,0.275,0.396,0.329
80800,0.275,0.406,0.320
80900,0.270,0.399,0.331
81000,0.261,0.420,0.319
81100,0.258,0.418,0.324
81200,0.264,0.417,0.320
81300,0.259,0.422,0.319
81400,0.255,0.415,0.330
81500,0.248,0.419,0.333
81600,0.245,0.415,0.340
81700,0.240,0.413,0.347
81800,0.241,0.411,0.348
81900,0.251,0.408,0.341
82000,0.254,0.403,0.342
82100,0.254,0.406,0.340
82200,0.263,0.403,0.334
82300,0.285,0.402,0.313
82400,0.270,0.400,0.330
82500,0.263,0.397,0.340
82600,0.260,0.396,0.343
82700,0.278,0.387,0.335
82800,0.285,0.381,0.334
82900,0.295,0.369,0.336
83000,0.299,0.369,0.332
83100,0.302,0.360,0.338
83200,0.289,0.354,0.356
83300,0.290,0.358,0.352
83400,0.289,0.362,0.349
83500,0.288,0.359,0.353
83600,0.285,0.372,0.343
83700,0.282,0.372,0.346
83800,0.280,0.387,0.333
83900,0.284,0.390,0.326
84000,0.311,0.363,0.327
84100,0.307,0.365,0.328
84200,0.314,0.364,0.323
84300,0.321,0.358,0.322
84400,0.331,0.351,0.318
84500,0.330,0.351,0.319
84600,0.318,0.352,0.330
84700,0.318,0.358,0.325
84800,0.326,0.355,0.319
84900,0.331,0.338,0.331
85000,0.334,0.335,0.331
85100,0.327,0.347,0.326
85200,0.323,0.353,0.324
85300,0.333,0.342,0.325
85400,0.327,0.337,0.336
85500,0.330,0.326,0.344
85600,0.324,0.333,0.343
85700,0.340,0.321,0.339
85800,0.356,0.327,0.317
85900,0.371,0.313,0.317
86000,0.368,0.320,0.313
86100,0.364,0.319,0.318
86200,0.371,0.315,0.315
86300,0.379,0.322,0.299
86400,0.392,0.319,0.289
86500,0.404,0.305,0.290
86600,0.408,0.289,0.303
86700,0.423,0.288,0.289
86800,0.422,0.282,0.296
86900,0.418,0.278,0.304
87000,0.414,0.284,0.302
87100,0.411,0.288,0.301
87200,0.404,0.296,0.299
87300,0.401,0.297,0.301
87400,0.401,0.306,0.292
87500,0.393,0.307,0.299
87600,0.391,0.305,0.303
87700,0.377,0.315,0.308
87800,0.373,0.311,0.317
87900,0.360,0.318,0.323
88000,0.365,0.317,0.319
88100,0.364,0.311,0.326
88200,0.362,0.313,0.326
88300,0.354,0.311,0.335
88400,0.355,0.312,0.333
88500,0.363,0.315,0.323
88600,0.366,0.298,0.336
88700,0.367,0.295,0.338
88800,0.379,0.273,0.348
88900,0.382,0.266,0.352
89000,0.400,0.245,0.354
89100,0.417,0.244,0.339
89200,0.433,0.251,0.316
89300,0.434,0.261,0.304
89400,0.440,0.254,0.305
89500,0.446,0.259,0.294
89600,0.460,0.248,0.292
89700,0.462,0.239,0.299
89800,0.463,0.242,0.295
89900,0.457,0.241,0.302
90000,0.457,0.243,0.300
90100,0.454,0.249,0.297
90200,0.460,0.250,0.290
90300,0.471,0.242,0.287
90400,0.473,0.244,0.283
90500,0.486,0.239,0.275
90600,0.496,0.238,0.266
90700,0.497,0.231,0.272
90800,0.498,0.231,0.271
90900,0.494,0.226,0.280
91000,0.487,0.222,0.291
91100,0.489,0.225,0.286
91200,0.475,0.227,0.298
91300,0.471,0.226,0.303
91400,0.475,0.230,0.295
91500,0.482,0.227,0.291
91600,0.483,0.237,0.280
91700,0.490,0.228,0.282
91800,0.496,0.230,0.274
91900,0.484,0.232,0.284
92000,0.479,0.237,0.284
92100,0.476,0.235,0.289
92200,0.473,0.237,0.290
92300,0.478,0.232,0.290
92400,0.497,0.222,0.281
92500,0.506,0.226,0.269
92600,0.507,0.228,0.266
92700,0.503,0.223,0.275
92800,0.501,0.213,0.286
92900,0.503,0.212,0.285
93000,0.511,0.210,0.279
93100,0.513,0.207,0.280
93200,0.520,0.208,0.272
93300,0.547,0.204,0.248
93400,0.551,0.201,0.248
93500,0.554,0.200,0.246
93600,0.558,0.198,0.244
93700,0.561,0.196,0.243
93800,0.545,0.196,0.258
93900,0.545,0.199,0.255
94000,0.547,0.197,0.255
94100,0.555,0.199,0.246
94200,0.563,0.196,0.241
94300,0.555,0.193,0.252
94400,0.555,0.181,0.265
94500,0.555,0.180,0.266
94600,0.565,0.178,0.257
94700,0.568,0.178,0.254
94800,0.581,0.180,0.239
94900,0.581,0.176,0.243
95000,0.578,0.183,0.239
95100,0.576,0.182,0.242
95200,0.574,0.176,0.250
95300,0.581,0.173,0.246
95400,0.589,0.171,0.240
95500,0.590,0.174,0.236
95600,0.590,0.179,0.231
95700,0.582,0.187,0.231
95800,0.580,0.194,0.226
95900,0.587,0.189,0.224
96000,0.589,0.186,0.225
96100,0.594,0.184,0.222
96200,0.591,0.180,0.229
96300,0.598,0.178,0.225
96400,0.590,0.179,0.231
96500,0.583,0.174,0.243
96600,0.568,0.171,0.261
96700,0.573,0.172,0.255
96800,0.571,0.169,0.260
96900,0.574,0.164,0.261
97000,0.583,0.168,0.249
97100,0.582,0.170,0.248
97200,0.579,0.173,0.248
97300,0.578,0.170,0.252
97400,0.596,0.171,0.234
97500,0.590,0.170,0.240
97600,0.593,0.162,0.244
97700,0.599,0.164,0.237
97800,0.614,0.172,0.215
97900,0.611,0.170,0.220
98000,0.606,0.169,0.226
98100,0.617,0.165,0.218
98200,0.624,0.163,0.212
98300,0.637,0.163,0.199
98400,0.641,0.164,0.194
98500,0.639,0.163,0.197
98600,0.639,0.160,0.200
98700,0.638,0.158,0.203
98800,0.635,0.156,0.208
98900,0.640,0.154,0.205
99000,0.644,0.153,0.203
99100,0.648,0.153,0.199
99200,0.649,0.151,0.200
99300,0.645,0.151,0.204
99400,0.638,0.152,0.209
99500,0.641,0.150,0.208
99600,0.652,0.148,0.200
99700,0.653,0.149,0.198
99800,0.655,0.150,0.195
99900,0.662,0.150,0.188
100000,0.662,0.152,0.186
