time,n_A+p,n_B,n_AB
100,0.421,0.303,0.276
200,0.303,0.382,0.316
300,0.224,0.316,0.461
400,0.184,0.237,0.579
500,0.184,0.408,0.408
600,0.276,0.250,0.474
700,0.289,0.211,0.500
800,0.382,0.211,0.408
900,0.355,0.237,0.408
1000,0.276,0.211,0.513
1100,0.224,0.329,0.447
1200,0.316,0.237,0.447
1300,0.289,0.184,0.526
1400,0.382,0.171,0.447
1500,0.513,0.118,0.368
1600,0.618,0.118,0.263
1700,0.684,0.053,0.263
1800,0.763,0.092,0.145
1900,0.803,0.026,0.171
2000,0.803,0.013,0.184
2100,0.842,0.013,0.145
2200,0.908,0.013,0.079
2300,0.934,0.013,0.053
2400,0.947,0.013,0.039
2500,0.934,0.000,0.066
2600,0.961,0.000,0.039
2700,0.987,0.000,0.013
2800,0.987,0.000,0.013
2900,0.974,0.000,0.026
3000,0.882,0.000,0.118
3100,0.947,0.000,0.053
3200,0.987,0.000,0.013
3300,0.974,0.000,0.026
3400,0.974,0.000,0.026
3500,0.974,0.000,0.026
3600,1.000,0.000,0.000
