time,n_A+p,n_B,n_AB
100,0.030,0.967,0.003
200,0.035,0.959,0.006
300,0.032,0.957,0.011
400,0.033,0.956,0.011
500,0.033,0.949,0.018
600,0.033,0.941,0.027
700,0.033,0.935,0.033
800,0.037,0.932,0.032
900,0.035,0.927,0.038
1000,0.034,0.933,0.034
1100,0.034,0.927,0.039
1200,0.031,0.925,0.044
1300,0.032,0.928,0.040
1400,0.031,0.938,0.032
1500,0.031,0.933,0.037
1600,0.032,0.943,0.026
1700,0.033,0.942,0.026
1800,0.032,0.945,0.023
1900,0.032,0.937,0.032
2000,0.034,0.940,0.027
2100,0.035,0.940,0.026
2200,0.035,0.943,0.022
2300,0.035,0.939,0.027
2400,0.036,0.937,0.028
2500,0.036,0.936,0.029
2600,0.035,0.930,0.036
2700,0.035,0.923,0.042
2800,0.033,0.926,0.041
2900,0.033,0.918,0.049
3000,0.035,0.908,0.057
3100,0.037,0.909,0.054
3200,0.044,0.914,0.042
3300,0.046,0.908,0.046
3400,0.047,0.913,0.040
3500,0.057,0.902,0.041
3600,0.057,0.898,0.045
3700,0.052,0.902,0.046
3800,0.050,0.894,0.056
3900,0.058,0.891,0.051
4000,0.054,0.895,0.051
4100,0.055,0.898,0.047
4200,0.052,0.892,0.056
4300,0.053,0.887,0.060
4400,0.052,0.885,0.063
4500,0.052,0.885,0.063
4600,0.053,0.880,0.066
4700,0.060,0.872,0.067
4800,0.084,0.854,0.062
4900,0.081,0.848,0.072
5000,0.077,0.858,0.065
5100,0.074,0.871,0.055
5200,0.080,0.866,0.054
5300,0.074,0.865,0.061
5400,0.088,0.849,0.063
5500,0.086,0.844,0.070
5600,0.088,0.842,0.070
5700,0.084,0.847,0.069
5800,0.083,0.846,0.072
5900,0.084,0.844,0.073
6000,0.081,0.829,0.090
6100,0.079,0.827,0.094
6200,0.082,0.835,0.084
6300,0.073,0.838,0.090
6400,0.066,0.848,0.086
6500,0.076,0.843,0.082
6600,0.073,0.844,0.084
6700,0.078,0.837,0.086
6800,0.076,0.839,0.086
6900,0.074,0.847,0.080
7000,0.080,0.846,0.075
7100,0.076,0.855,0.069
7200,0.073,0.862,0.065
7300,0.087,0.856,0.057
7400,0.088,0.852,0.060
7500,0.081,0.856,0.063
7600,0.077,0.858,0.065
7700,0.077,0.860,0.063
7800,0.077,0.855,0.068
7900,0.078,0.851,0.072
8000,0.085,0.844,0.072
8100,0.080,0.854,0.066
8200,0.081,0.858,0.061
8300,0.079,0.858,0.063
8400,0.079,0.858,0.063
8500,0.085,0.850,0.065
8600,0.081,0.834,0.086
8700,0.081,0.838,0.082
8800,0.080,0.847,0.074
8900,0.078,0.857,0.065
9000,0.059,0.887,0.054
9100,0.055,0.895,0.050
9200,0.057,0.893,0.050
9300,0.057,0.888,0.055
9400,0.053,0.880,0.066
9500,0.056,0.872,0.072
9600,0.055,0.875,0.069
9700,0.063,0.866,0.070
9800,0.059,0.876,0.064
9900,0.068,0.866,0.065
10000,0.066,0.868,0.065
10100,0.062,0.865,0.073
10200,0.060,0.869,0.070
10300,0.062,0.870,0.067
10400,0.062,0.873,0.064
10500,0.062,0.873,0.064
10600,0.063,0.868,0.068
10700,0.061,0.865,0.074
10800,0.057,0.860,0.083
10900,0.057,0.860,0.083
11000,0.067,0.852,0.081
11100,0.068,0.850,0.082
11200,0.068,0.856,0.076
11300,0.073,0.848,0.080
11400,0.066,0.848,0.086
11500,0.074,0.835,0.092
11600,0.087,0.827,0.086
11700,0.084,0.829,0.087
11800,0.088,0.819,0.093
11900,0.088,0.824,0.088
12000,0.087,0.821,0.092
12100,0.087,0.819,0.094
12200,0.089,0.818,0.093
12300,0.085,0.822,0.093
12400,0.082,0.821,0.097
12500,0.078,0.826,0.096
12600,0.078,0.825,0.097
12700,0.081,0.831,0.088
12800,0.084,0.827,0.089
12900,0.078,0.835,0.088
13000,0.083,0.832,0.085
13100,0.079,0.827,0.094
13200,0.078,0.827,0.095
13300,0.093,0.812,0.095
13400,0.095,0.812,0.093
13500,0.087,0.809,0.104
13600,0.094,0.790,0.116
13700,0.099,0.793,0.108
13800,0.099,0.802,0.099
13900,0.096,0.784,0.120
14000,0.108,0.777,0.114
14100,0.110,0.774,0.115
14200,0.096,0.783,0.121
14300,0.093,0.782,0.125
14400,0.104,0.782,0.113
14500,0.103,0.774,0.123
14600,0.089,0.791,0.121
14700,0.098,0.794,0.108
14800,0.093,0.793,0.114
14900,0.088,0.795,0.117
15000,0.086,0.808,0.106
15100,0.088,0.802,0.110
15200,0.088,0.800,0.112
15300,0.085,0.804,0.111
15400,0.082,0.800,0.118
15500,0.090,0.795,0.115
15600,0.086,0.798,0.116
15700,0.091,0.796,0.113
15800,0.091,0.800,0.109
15900,0.089,0.802,0.109
16000,0.090,0.809,0.101
16100,0.093,0.808,0.099
16200,0.095,0.802,0.103
16300,0.092,0.807,0.101
16400,0.095,0.807,0.098
16500,0.102,0.796,0.102
16600,0.100,0.800,0.100
16700,0.100,0.795,0.105
16800,0.086,0.808,0.106
16900,0.081,0.808,0.111
17000,0.076,0.804,0.121
17100,0.076,0.799,0.126
17200,0.087,0.790,0.124
17300,0.091,0.788,0.122
17400,0.090,0.793,0.117
17500,0.091,0.797,0.112
17600,0.088,0.795,0.117
17700,0.085,0.801,0.114
17800,0.089,0.789,0.123
17900,0.094,0.797,0.109
18000,0.090,0.797,0.113
18100,0.093,0.802,0.105
18200,0.088,0.804,0.108
18300,0.090,0.813,0.097
18400,0.104,0.792,0.104
18500,0.100,0.803,0.097
18600,0.106,0.791,0.103
18700,0.100,0.791,0.109
18800,0.108,0.794,0.098
18900,0.106,0.797,0.097
19000,0.114,0.780,0.105
19100,0.116,0.780,0.103
19200,0.125,0.775,0.100
19300,0.124,0.770,0.106
19400,0.121,0.766,0.113
19500,0.125,0.757,0.118
19600,0.133,0.753,0.114
19700,0.129,0.750,0.122
19800,0.131,0.756,0.113
19900,0.128,0.750,0.123
20000,0.120,0.761,0.120
20100,0.128,0.743,0.130
20200,0.133,0.746,0.122
20300,0.127,0.758,0.115
20400,0.127,0.764,0.109
20500,0.131,0.769,0.100
20600,0.130,0.772,0.098
20700,0.125,0.781,0.094
20800,0.118,0.781,0.100
20900,0.116,0.792,0.092
21000,0.120,0.780,0.100
21100,0.129,0.771,0.100
21200,0.127,0.778,0.095
21300,0.124,0.767,0.109
21400,0.132,0.769,0.099
21500,0.133,0.754,0.113
21600,0.132,0.755,0.113
21700,0.145,0.745,0.110
21800,0.144,0.743,0.113
21900,0.156,0.732,0.111
22000,0.146,0.727,0.127
22100,0.148,0.729,0.123
22200,0.141,0.730,0.129
22300,0.142,0.717,0.141
22400,0.150,0.709,0.141
22500,0.143,0.713,0.144
22600,0.136,0.722,0.142
22700,0.156,0.706,0.138
22800,0.157,0.707,0.136
22900,0.151,0.706,0.143
23000,0.155,0.719,0.126
23100,0.144,0.719,0.137
23200,0.148,0.706,0.146
23300,0.172,0.689,0.139
23400,0.178,0.685,0.137
23500,0.188,0.673,0.139
23600,0.180,0.692,0.129
23700,0.180,0.699,0.122
23800,0.181,0.701,0.118
23900,0.186,0.694,0.121
24000,0.184,0.694,0.123
24100,0.181,0.707,0.112
24200,0.188,0.693,0.120
24300,0.177,0.691,0.133
24400,0.196,0.674,0.130
24500,0.204,0.682,0.113
24600,0.206,0.669,0.125
24700,0.199,0.674,0.127
24800,0.197,0.683,0.120
24900,0.185,0.685,0.130
25000,0.174,0.698,0.129
25100,0.169,0.692,0.140
25200,0.174,0.696,0.131
25300,0.165,0.700,0.135
25400,0.154,0.701,0.145
25500,0.162,0.699,0.139
25600,0.160,0.695,0.145
25700,0.160,0.695,0.145
25800,0.151,0.697,0.152
25900,0.163,0.700,0.137
26000,0.176,0.691,0.134
26100,0.178,0.678,0.144
26200,0.176,0.684,0.140
26300,0.169,0.689,0.142
26400,0.182,0.679,0.139
26500,0.173,0.682,0.145
26600,0.156,0.701,0.143
26700,0.159,0.699,0.142
26800,0.145,0.695,0.160
26900,0.136,0.707,0.157
27000,0.142,0.701,0.157
27100,0.139,0.707,0.154
27200,0.144,0.701,0.155
27300,0.166,0.676,0.157
27400,0.166,0.674,0.159
27500,0.176,0.682,0.142
27600,0.168,0.689,0.143
27700,0.168,0.685,0.147
27800,0.164,0.694,0.142
27900,0.159,0.691,0.150
28000,0.157,0.686,0.156
28100,0.161,0.686,0.152
28200,0.169,0.688,0.143
28300,0.171,0.696,0.134
28400,0.165,0.695,0.140
28500,0.161,0.692,0.147
28600,0.154,0.695,0.151
28700,0.155,0.707,0.138
28800,0.143,0.708,0.149
28900,0.138,0.708,0.154
29000,0.134,0.715,0.151
29100,0.143,0.707,0.150
29200,0.153,0.702,0.145
29300,0.152,0.688,0.159
29400,0.155,0.696,0.149
29500,0.158,0.687,0.154
29600,0.145,0.704,0.151
29700,0.138,0.700,0.162
29800,0.149,0.677,0.174
29900,0.145,0.687,0.168
30000,0.149,0.684,0.166
30100,0.160,0.677,0.162
30200,0.149,0.682,0.169
30300,0.154,0.671,0.175
30400,0.148,0.671,0.181
30500,0.159,0.663,0.178
30600,0.159,0.664,0.177
30700,0.159,0.659,0.182
30800,0.158,0.680,0.161
30900,0.154,0.683,0.162
31000,0.151,0.691,0.158
31100,0.149,0.684,0.166
31200,0.156,0.675,0.169
31300,0.161,0.683,0.155
31400,0.164,0.685,0.150
31500,0.170,0.671,0.159
31600,0.159,0.686,0.154
31700,0.154,0.697,0.149
31800,0.155,0.689,0.155
31900,0.154,0.692,0.154
32000,0.160,0.684,0.155
32100,0.157,0.683,0.159
32200,0.155,0.689,0.155
32300,0.155,0.687,0.157
32400,0.158,0.693,0.149
32500,0.161,0.696,0.143
32600,0.160,0.696,0.144
32700,0.163,0.695,0.142
32800,0.170,0.693,0.138
32900,0.179,0.683,0.138
33000,0.175,0.691,0.135
33100,0.176,0.685,0.139
33200,0.170,0.688,0.142
33300,0.168,0.700,0.133
33400,0.169,0.697,0.135
33500,0.166,0.705,0.129
33600,0.159,0.705,0.136
33700,0.154,0.714,0.132
33800,0.161,0.716,0.123
33900,0.159,0.692,0.149
34000,0.158,0.686,0.155
34100,0.162,0.684,0.153
34200,0.163,0.689,0.147
34300,0.155,0.698,0.147
34400,0.153,0.695,0.152
34500,0.161,0.684,0.154
34600,0.152,0.692,0.156
34700,0.151,0.695,0.154
34800,0.151,0.682,0.166
34900,0.169,0.672,0.159
35000,0.166,0.669,0.164
35100,0.157,0.678,0.164
35200,0.173,0.659,0.169
35300,0.200,0.649,0.151
35400,0.200,0.647,0.153
35500,0.186,0.653,0.161
35600,0.191,0.645,0.164
35700,0.208,0.616,0.176
35800,0.216,0.605,0.180
35900,0.228,0.598,0.175
36000,0.243,0.597,0.160
36100,0.240,0.586,0.174
36200,0.240,0.587,0.173
36300,0.233,0.596,0.172
36400,0.232,0.583,0.185
36500,0.237,0.594,0.169
36600,0.232,0.582,0.186
36700,0.233,0.592,0.175
36800,0.243,0.583,0.174
36900,0.255,0.568,0.177
37000,0.270,0.563,0.168
37100,0.267,0.558,0.176
37200,0.270,0.545,0.185
37300,0.258,0.546,0.195
37400,0.266,0.543,0.191
37500,0.287,0.543,0.170
37600,0.285,0.543,0.172
37700,0.279,0.540,0.181
37800,0.287,0.550,0.163
37900,0.289,0.539,0.172
38000,0.298,0.533,0.169
38100,0.304,0.530,0.165
38200,0.280,0.543,0.177
38300,0.258,0.574,0.168
38400,0.248,0.590,0.161
38500,0.244,0.586,0.170
38600,0.253,0.574,0.173
38700,0.251,0.555,0.194
38800,0.260,0.552,0.188
38900,0.270,0.541,0.189
39000,0.276,0.540,0.184
39100,0.274,0.537,0.189
39200,0.280,0.527,0.193
39300,0.293,0.513,0.194
39400,0.285,0.508,0.207
39500,0.279,0.512,0.209
39600,0.292,0.512,0.196
39700,0.291,0.518,0.191
39800,0.285,0.515,0.200
39900,0.287,0.515,0.198
40000,0.285,0.524,0.191
40100,0.292,0.528,0.180
40200,0.285,0.531,0.184
40300,0.320,0.494,0.186
40400,0.324,0.509,0.168
40500,0.317,0.506,0.178
40600,0.303,0.512,0.185
40700,0.300,0.508,0.192
40800,0.290,0.503,0.207
40900,0.287,0.512,0.201
41000,0.280,0.512,0.208
41100,0.289,0.510,0.201
41200,0.306,0.510,0.184
41300,0.293,0.513,0.194
41400,0.309,0.501,0.190
41500,0.322,0.502,0.177
41600,0.327,0.503,0.171
41700,0.325,0.499,0.176
41800,0.334,0.490,0.176
41900,0.331,0.483,0.186
42000,0.326,0.489,0.185
42100,0.344,0.479,0.177
42200,0.342,0.478,0.180
42300,0.349,0.468,0.183
42400,0.349,0.470,0.181
42500,0.344,0.477,0.179
42600,0.368,0.460,0.173
42700,0.382,0.460,0.158
42800,0.386,0.443,0.171
42900,0.382,0.436,0.182
43000,0.380,0.442,0.178
43100,0.379,0.430,0.191
43200,0.387,0.424,0.189
43300,0.383,0.438,0.179
43400,0.396,0.424,0.180
43500,0.394,0.423,0.183
43600,0.393,0.424,0.183
43700,0.411,0.426,0.163
43800,0.401,0.431,0.168
43900,0.415,0.426,0.159
44000,0.402,0.413,0.185
44100,0.409,0.421,0.171
44200,0.415,0.421,0.164
44300,0.421,0.416,0.163
44400,0.425,0.411,0.164
44500,0.415,0.413,0.173
44600,0.426,0.406,0.169
44700,0.419,0.413,0.169
44800,0.416,0.424,0.160
44900,0.415,0.419,0.166
45000,0.416,0.416,0.169
45100,0.408,0.415,0.178
45200,0.407,0.415,0.179
45300,0.423,0.404,0.173
45400,0.428,0.396,0.176
45500,0.429,0.400,0.171
45600,0.436,0.386,0.178
45700,0.432,0.372,0.196
45800,0.433,0.366,0.201
45900,0.431,0.364,0.205
46000,0.443,0.366,0.191
46100,0.446,0.361,0.193
46200,0.454,0.364,0.183
46300,0.455,0.359,0.187
46400,0.468,0.356,0.176
46500,0.469,0.366,0.165
46600,0.471,0.361,0.169
46700,0.476,0.363,0.161
46800,0.473,0.349,0.178
46900,0.477,0.353,0.170
47000,0.470,0.358,0.173
47100,0.466,0.362,0.173
47200,0.466,0.368,0.166
47300,0.462,0.362,0.177
47400,0.473,0.359,0.169
47500,0.474,0.356,0.170
47600,0.479,0.352,0.169
47700,0.482,0.345,0.173
47800,0.487,0.344,0.169
47900,0.488,0.345,0.166
48000,0.479,0.337,0.184
48100,0.485,0.339,0.176
48200,0.499,0.339,0.161
48300,0.498,0.340,0.161
48400,0.508,0.334,0.158
48500,0.503,0.340,0.157
48600,0.505,0.344,0.151
48700,0.515,0.336,0.149
48800,0.507,0.331,0.162
48900,0.504,0.332,0.164
49000,0.510,0.329,0.161
49100,0.515,0.325,0.160
49200,0.514,0.323,0.163
49300,0.529,0.316,0.155
49400,0.531,0.317,0.152
49500,0.534,0.307,0.158
49600,0.545,0.309,0.145
49700,0.532,0.321,0.147
49800,0.529,0.320,0.151
49900,0.541,0.319,0.140
50000,0.550,0.309,0.141
50100,0.543,0.311,0.146
50200,0.550,0.311,0.140
50300,0.550,0.315,0.136
50400,0.547,0.315,0.138
50500,0.545,0.320,0.135
50600,0.542,0.322,0.136
50700,0.542,0.329,0.129
50800,0.543,0.323,0.134
50900,0.551,0.322,0.128
51000,0.552,0.320,0.129
51100,0.555,0.321,0.125
51200,0.563,0.317,0.121
51300,0.560,0.315,0.126
51400,0.559,0.309,0.132
51500,0.554,0.317,0.130
51600,0.563,0.307,0.130
51700,0.568,0.304,0.128
51800,0.563,0.305,0.132
51900,0.558,0.300,0.142
52000,0.569,0.300,0.131
52100,0.571,0.296,0.133
52200,0.570,0.293,0.137
52300,0.573,0.293,0.134
52400,0.581,0.289,0.130
52500,0.578,0.294,0.128
52600,0.579,0.294,0.127
52700,0.579,0.295,0.126
52800,0.585,0.292,0.123
52900,0.584,0.293,0.123
53000,0.583,0.287,0.130
53100,0.577,0.281,0.142
53200,0.580,0.281,0.139
53300,0.584,0.285,0.131
53400,0.593,0.284,0.123
53500,0.587,0.278,0.135
53600,0.597,0.279,0.125
53700,0.596,0.280,0.125
53800,0.585,0.280,0.135
53900,0.585,0.279,0.136
54000,0.590,0.279,0.131
54100,0.584,0.284,0.132
54200,0.580,0.287,0.133
54300,0.578,0.286,0.136
54400,0.565,0.285,0.150
54500,0.582,0.280,0.138
54600,0.606,0.272,0.123
54700,0.608,0.270,0.123
54800,0.602,0.266,0.133
54900,0.610,0.269,0.122
55000,0.609,0.266,0.126
55100,0.601,0.272,0.128
55200,0.600,0.274,0.127
55300,0.604,0.275,0.122
55400,0.608,0.270,0.123
55500,0.581,0.269,0.150
55600,0.581,0.266,0.153
55700,0.586,0.265,0.149
55800,0.588,0.265,0.147
55900,0.579,0.268,0.153
56000,0.583,0.265,0.152
56100,0.585,0.267,0.148
56200,0.592,0.268,0.140
56300,0.578,0.269,0.153
56400,0.579,0.267,0.154
56500,0.580,0.263,0.157
56600,0.579,0.266,0.155
56700,0.577,0.266,0.157
56800,0.580,0.270,0.150
56900,0.580,0.269,0.151
57000,0.587,0.265,0.148
57100,0.583,0.263,0.154
57200,0.583,0.260,0.156
57300,0.578,0.256,0.165
57400,0.582,0.255,0.162
57500,0.591,0.259,0.149
57600,0.584,0.266,0.150
57700,0.583,0.264,0.153
57800,0.586,0.260,0.153
57900,0.591,0.260,0.148
58000,0.593,0.261,0.145
58100,0.599,0.258,0.143
58200,0.604,0.257,0.139
58300,0.593,0.254,0.152
58400,0.594,0.257,0.148
58500,0.599,0.250,0.151
58600,0.600,0.251,0.149
58700,0.604,0.247,0.149
58800,0.611,0.249,0.140
58900,0.611,0.252,0.137
59000,0.614,0.247,0.139
59100,0.612,0.246,0.142
59200,0.614,0.247,0.139
59300,0.615,0.243,0.142
59400,0.616,0.243,0.141
59500,0.618,0.238,0.144
59600,0.622,0.238,0.140
59700,0.606,0.257,0.137
59800,0.602,0.250,0.148
59900,0.596,0.248,0.156
60000,0.594,0.242,0.163
60100,0.597,0.246,0.157
60200,0.584,0.249,0.166
60300,0.590,0.245,0.164
60400,0.593,0.249,0.157
60500,0.589,0.254,0.156
60600,0.599,0.246,0.155
60700,0.592,0.249,0.158
60800,0.599,0.250,0.151
60900,0.590,0.275,0.135
61000,0.594,0.270,0.136
61100,0.598,0.260,0.142
61200,0.607,0.259,0.134
61300,0.603,0.256,0.141
61400,0.610,0.255,0.135
61500,0.608,0.250,0.142
61600,0.603,0.250,0.147
61700,0.612,0.247,0.141
61800,0.616,0.247,0.137
61900,0.617,0.241,0.142
62000,0.626,0.239,0.135
62100,0.629,0.237,0.134
62200,0.627,0.238,0.135
62300,0.623,0.234,0.143
62400,0.628,0.230,0.142
62500,0.621,0.234,0.145
62600,0.624,0.232,0.144
62700,0.619,0.231,0.150
62800,0.617,0.227,0.156
62900,0.611,0.234,0.155
63000,0.616,0.234,0.150
63100,0.611,0.238,0.151
63200,0.607,0.243,0.150
63300,0.616,0.231,0.153
63400,0.612,0.232,0.156
63500,0.629,0.228,0.143
63600,0.633,0.224,0.143
63700,0.632,0.222,0.146
63800,0.637,0.224,0.139
63900,0.634,0.223,0.143
64000,0.637,0.224,0.139
64100,0.640,0.222,0.138
64200,0.646,0.219,0.136
64300,0.640,0.218,0.142
64400,0.647,0.219,0.135
64500,0.646,0.233,0.122
64600,0.634,0.248,0.117
64700,0.635,0.244,0.121
64800,0.644,0.239,0.117
64900,0.642,0.239,0.118
65000,0.647,0.238,0.115
65100,0.649,0.232,0.120
65200,0.654,0.226,0.121
65300,0.653,0.225,0.123
65400,0.653,0.220,0.128
65500,0.652,0.221,0.128
65600,0.653,0.225,0.123
65700,0.644,0.230,0.127
65800,0.645,0.226,0.130
65900,0.649,0.226,0.126
66000,0.642,0.232,0.126
66100,0.645,0.231,0.125
66200,0.641,0.229,0.130
66300,0.647,0.227,0.127
66400,0.653,0.229,0.118
66500,0.657,0.226,0.117
66600,0.645,0.233,0.123
66700,0.649,0.227,0.125
66800,0.664,0.217,0.120
66900,0.661,0.216,0.124
67000,0.663,0.207,0.130
67100,0.659,0.207,0.134
67200,0.661,0.202,0.137
67300,0.661,0.207,0.132
67400,0.659,0.205,0.136
67500,0.661,0.207,0.132
67600,0.663,0.204,0.133
67700,0.658,0.205,0.137
67800,0.659,0.204,0.137
67900,0.664,0.195,0.141
68000,0.674,0.196,0.130
68100,0.676,0.198,0.126
68200,0.676,0.197,0.127
68300,0.676,0.196,0.128
68400,0.674,0.201,0.125
68500,0.668,0.209,0.123
68600,0.674,0.207,0.118
68700,0.680,0.207,0.112
68800,0.679,0.205,0.115
68900,0.676,0.211,0.112
69000,0.671,0.212,0.116
69100,0.675,0.208,0.116
69200,0.673,0.208,0.118
69300,0.674,0.206,0.120
69400,0.662,0.210,0.128
69500,0.668,0.206,0.126
69600,0.677,0.204,0.118
69700,0.679,0.202,0.118
69800,0.679,0.200,0.121
69900,0.680,0.199,0.121
70000,0.680,0.202,0.117
70100,0.679,0.199,0.122
70200,0.671,0.200,0.129
70300,0.678,0.201,0.121
70400,0.685,0.198,0.116
70500,0.686,0.202,0.111
70600,0.688,0.200,0.111
70700,0.682,0.199,0.118
70800,0.677,0.197,0.126
70900,0.680,0.195,0.125
71000,0.681,0.194,0.125
71100,0.682,0.205,0.112
71200,0.681,0.205,0.113
71300,0.705,0.183,0.112
71400,0.704,0.181,0.115
71500,0.693,0.176,0.132
71600,0.702,0.182,0.116
71700,0.701,0.188,0.111
71800,0.682,0.206,0.111
71900,0.683,0.205,0.111
72000,0.674,0.198,0.128
72100,0.676,0.194,0.130
72200,0.673,0.192,0.135
72300,0.674,0.196,0.130
72400,0.679,0.195,0.126
72500,0.675,0.201,0.124
72600,0.683,0.197,0.120
72700,0.684,0.196,0.120
72800,0.686,0.195,0.118
72900,0.685,0.192,0.123
73000,0.691,0.189,0.121
73100,0.671,0.217,0.112
73200,0.668,0.217,0.115
73300,0.657,0.222,0.122
73400,0.649,0.230,0.122
73500,0.644,0.235,0.122
73600,0.651,0.226,0.124
73700,0.654,0.223,0.124
73800,0.648,0.221,0.132
73900,0.642,0.224,0.134
74000,0.650,0.216,0.135
74100,0.661,0.202,0.137
74200,0.658,0.200,0.142
74300,0.659,0.208,0.133
74400,0.659,0.217,0.125
74500,0.659,0.212,0.129
74600,0.662,0.208,0.130
74700,0.666,0.203,0.131
74800,0.664,0.201,0.135
74900,0.669,0.200,0.131
75000,0.678,0.199,0.123
75100,0.671,0.200,0.129
75200,0.669,0.197,0.134
75300,0.670,0.201,0.129
75400,0.682,0.191,0.127
75500,0.687,0.191,0.122
75600,0.685,0.191,0.124
75700,0.687,0.184,0.129
75800,0.691,0.186,0.124
75900,0.693,0.186,0.122
76000,0.693,0.184,0.124
76100,0.696,0.185,0.120
76200,0.689,0.184,0.127
76300,0.683,0.189,0.128
76400,0.682,0.192,0.126
76500,0.684,0.191,0.125
76600,0.691,0.189,0.121
76700,0.687,0.201,0.111
76800,0.684,0.200,0.115
76900,0.689,0.194,0.116
77000,0.689,0.195,0.115
77100,0.698,0.193,0.109
77200,0.707,0.190,0.103
77300,0.716,0.180,0.104
77400,0.721,0.177,0.102
77500,0.723,0.177,0.100
77600,0.729,0.175,0.096
77700,0.731,0.172,0.097
77800,0.735,0.172,0.093
77900,0.736,0.173,0.091
78000,0.737,0.173,0.090
78100,0.737,0.173,0.090
78200,0.739,0.173,0.089
78300,0.740,0.169,0.092
78400,0.744,0.169,0.088
78500,0.749,0.168,0.084
78600,0.750,0.169,0.082
78700,0.750,0.169,0.082
78800,0.746,0.173,0.082
78900,0.751,0.173,0.077
79000,0.751,0.168,0.082
79100,0.754,0.166,0.080
79200,0.753,0.165,0.082
79300,0.750,0.168,0.083
79400,0.751,0.168,0.082
79500,0.752,0.168,0.081
79600,0.757,0.159,0.084
79700,0.757,0.158,0.085
79800,0.757,0.157,0.086
79900,0.760,0.157,0.083
80000,0.760,0.157,0.083
80100,0.764,0.157,0.079
80200,0.765,0.157,0.078
80300,0.763,0.157,0.080
80400,0.762,0.157,0.081
80500,0.760,0.157,0.083
80600,0.758,0.157,0.085
80700,0.760,0.157,0.083
80800,0.760,0.157,0.083
80900,0.760,0.157,0.083
81000,0.759,0.156,0.085
81100,0.760,0.156,0.084
81200,0.764,0.158,0.078
81300,0.765,0.157,0.078
81400,0.767,0.156,0.077
81500,0.767,0.156,0.077
81600,0.770,0.155,0.075
81700,0.771,0.155,0.074
81800,0.773,0.155,0.072
81900,0.773,0.154,0.073
82000,0.770,0.159,0.070
82100,0.770,0.158,0.072
82200,0.772,0.155,0.073
82300,0.773,0.154,0.073
82400,0.773,0.153,0.074
82500,0.772,0.153,0.075
82600,0.773,0.152,0.075
82700,0.774,0.152,0.074
82800,0.772,0.152,0.076
82900,0.775,0.152,0.073
83000,0.771,0.152,0.077
83100,0.772,0.151,0.077
83200,0.775,0.149,0.076
83300,0.776,0.149,0.075
83400,0.774,0.148,0.078
83500,0.776,0.148,0.076
83600,0.777,0.148,0.075
83700,0.778,0.148,0.074
83800,0.780,0.148,0.072
83900,0.783,0.147,0.069
84000,0.785,0.147,0.067
84100,0.788,0.147,0.065
84200,0.788,0.147,0.065
84300,0.788,0.146,0.066
84400,0.789,0.145,0.066
84500,0.790,0.144,0.066
84600,0.793,0.143,0.064
84700,0.793,0.143,0.064
84800,0.792,0.143,0.065
84900,0.792,0.143,0.065
85000,0.792,0.143,0.065
85100,0.792,0.143,0.065
85200,0.792,0.143,0.065
85300,0.793,0.142,0.065
85400,0.794,0.142,0.064
85500,0.795,0.142,0.063
85600,0.795,0.142,0.063
85700,0.794,0.142,0.064
85800,0.794,0.142,0.064
85900,0.794,0.142,0.064
86000,0.796,0.141,0.063
86100,0.795,0.140,0.065
86200,0.796,0.140,0.064
86300,0.797,0.139,0.064
86400,0.797,0.139,0.064
86500,0.799,0.139,0.062
86600,0.799,0.139,0.062
86700,0.799,0.139,0.062
86800,0.800,0.138,0.062
86900,0.800,0.138,0.062
87000,0.800,0.138,0.062
87100,0.801,0.138,0.061
87200,0.801,0.138,0.061
87300,0.801,0.138,0.061
87400,0.800,0.138,0.062
87500,0.800,0.138,0.062
87600,0.802,0.138,0.060
87700,0.802,0.138,0.060
87800,0.802,0.138,0.060
87900,0.802,0.138,0.060
88000,0.802,0.138,0.060
88100,0.803,0.136,0.061
88200,0.803,0.136,0.061
88300,0.805,0.136,0.059
88400,0.807,0.135,0.058
88500,0.807,0.135,0.058
88600,0.808,0.135,0.057
88700,0.808,0.135,0.057
88800,0.808,0.135,0.057
88900,0.810,0.135,0.055
89000,0.810,0.135,0.055
89100,0.811,0.135,0.054
89200,0.811,0.135,0.054
89300,0.811,0.135,0.054
89400,0.811,0.135,0.054
89500,0.811,0.135,0.054
89600,0.811,0.135,0.054
89700,0.811,0.135,0.054
89800,0.811,0.135,0.054
89900,0.811,0.135,0.054
90000,0.810,0.135,0.055
90100,0.810,0.135,0.055
90200,0.811,0.134,0.055
90300,0.812,0.134,0.054
90400,0.812,0.134,0.054
90500,0.812,0.134,0.054
90600,0.813,0.134,0.053
90700,0.813,0.134,0.053
90800,0.814,0.134,0.052
90900,0.814,0.134,0.052
91000,0.812,0.134,0.054
91100,0.812,0.134,0.054
91200,0.813,0.134,0.053
91300,0.813,0.134,0.053
91400,0.814,0.134,0.052
91500,0.814,0.134,0.052
91600,0.814,0.134,0.052
91700,0.814,0.134,0.052
91800,0.814,0.134,0.052
91900,0.814,0.133,0.053
92000,0.814,0.133,0.053
92100,0.814,0.133,0.053
92200,0.815,0.133,0.052
92300,0.815,0.133,0.052
92400,0.815,0.132,0.053
92500,0.817,0.132,0.051
92600,0.817,0.132,0.051
92700,0.817,0.131,0.052
92800,0.820,0.129,0.051
92900,0.820,0.129,0.051
93000,0.821,0.129,0.050
93100,0.819,0.129,0.052
93200,0.820,0.129,0.051
93300,0.820,0.129,0.051
93400,0.820,0.129,0.051
93500,0.820,0.129,0.051
93600,0.819,0.129,0.052
93700,0.818,0.129,0.053
93800,0.819,0.129,0.052
93900,0.819,0.129,0.052
94000,0.820,0.129,0.051
94100,0.821,0.129,0.050
94200,0.821,0.129,0.050
94300,0.821,0.129,0.050
94400,0.821,0.129,0.050
94500,0.822,0.129,0.049
94600,0.821,0.129,0.050
94700,0.821,0.129,0.050
94800,0.821,0.129,0.050
94900,0.820,0.129,0.051
95000,0.819,0.130,0.051
95100,0.820,0.129,0.051
95200,0.820,0.129,0.051
95300,0.821,0.129,0.050
95400,0.823,0.128,0.049
95500,0.823,0.128,0.049
95600,0.823,0.128,0.049
95700,0.821,0.128,0.051
95800,0.822,0.126,0.052
95900,0.818,0.126,0.056
96000,0.817,0.126,0.057
96100,0.816,0.126,0.058
96200,0.819,0.126,0.055
96300,0.822,0.126,0.052
96400,0.821,0.126,0.053
96500,0.821,0.126,0.053
96600,0.822,0.126,0.052
96700,0.822,0.126,0.052
96800,0.822,0.126,0.052
96900,0.822,0.126,0.052
97000,0.824,0.126,0.050
97100,0.824,0.126,0.050
97200,0.825,0.126,0.049
97300,0.826,0.126,0.048
97400,0.827,0.126,0.047
97500,0.827,0.126,0.047
97600,0.828,0.126,0.046
97700,0.826,0.125,0.049
97800,0.826,0.124,0.050
97900,0.827,0.124,0.049
98000,0.827,0.124,0.049
98100,0.827,0.124,0.049
98200,0.828,0.123,0.049
98300,0.828,0.123,0.049
98400,0.828,0.123,0.049
98500,0.828,0.123,0.049
98600,0.828,0.123,0.049
98700,0.828,0.123,0.049
98800,0.829,0.123,0.048
98900,0.829,0.123,0.048
99000,0.829,0.123,0.048
99100,0.829,0.123,0.048
99200,0.826,0.123,0.051
99300,0.827,0.123,0.050
99400,0.827,0.123,0.050
99500,0.829,0.123,0.048
99600,0.829,0.123,0.048
99700,0.829,0.123,0.048
99800,0.829,0.123,0.048
99900,0.829,0.122,0.049
100000,0.830,0.122,0.048
