time,n_A+p,n_B,n_AB
500,0.050,0.775,0.175
1000,0.050,0.567,0.383
1500,0.050,0.398,0.552
2000,0.054,0.391,0.555
2500,0.057,0.423,0.520
3000,0.050,0.404,0.546
3500,0.050,0.369,0.581
4000,0.050,0.283,0.667
4500,0.052,0.348,0.600
5000,0.052,0.401,0.547
5500,0.052,0.393,0.555
6000,0.056,0.321,0.623
6500,0.076,0.224,0.700
7000,0.061,0.259,0.680
7500,0.050,0.370,0.580
8000,0.060,0.311,0.629
8500,0.051,0.375,0.574
9000,0.050,0.384,0.566
9500,0.050,0.388,0.562
10000,0.050,0.378,0.572
10500,0.050,0.396,0.554
11000,0.050,0.419,0.531
11500,0.050,0.336,0.614
12000,0.054,0.342,0.604
12500,0.057,0.312,0.631
13000,0.050,0.374,0.576
13500,0.060,0.387,0.553
14000,0.050,0.437,0.513
14500,0.050,0.407,0.543
15000,0.051,0.338,0.611
15500,0.050,0.410,0.540
16000,0.050,0.442,0.508
16500,0.050,0.395,0.555
17000,0.052,0.350,0.598
17500,0.051,0.351,0.598
18000,0.050,0.316,0.634
18500,0.057,0.338,0.605
19000,0.050,0.388,0.562
19500,0.050,0.403,0.547
20000,0.050,0.426,0.524
20500,0.050,0.413,0.537
21000,0.054,0.286,0.660
21500,0.052,0.342,0.606
22000,0.051,0.373,0.576
22500,0.050,0.414,0.536
23000,0.050,0.367,0.583
23500,0.050,0.377,0.573
24000,0.050,0.432,0.518
24500,0.050,0.417,0.533
25000,0.050,0.361,0.589
25500,0.065,0.386,0.549
26000,0.050,0.348,0.602
26500,0.050,0.406,0.544
27000,0.051,0.290,0.659
27500,0.085,0.262,0.653
28000,0.052,0.339,0.609
28500,0.050,0.393,0.557
29000,0.050,0.423,0.527
29500,0.051,0.374,0.575
30000,0.050,0.400,0.550
30500,0.050,0.356,0.594
31000,0.058,0.296,0.646
31500,0.083,0.228,0.689
32000,0.053,0.318,0.629
32500,0.050,0.447,0.503
33000,0.050,0.301,0.649
33500,0.061,0.270,0.669
34000,0.058,0.311,0.631
34500,0.059,0.298,0.643
35000,0.067,0.258,0.675
35500,0.072,0.247,0.681
36000,0.065,0.324,0.611
36500,0.061,0.313,0.626
37000,0.050,0.328,0.622
37500,0.050,0.385,0.565
38000,0.050,0.389,0.561
38500,0.050,0.401,0.549
39000,0.055,0.277,0.668
39500,0.055,0.267,0.678
40000,0.060,0.286,0.654
40500,0.056,0.279,0.665
41000,0.050,0.410,0.540
41500,0.050,0.437,0.513
42000,0.057,0.354,0.589
42500,0.061,0.262,0.677
43000,0.055,0.251,0.694
43500,0.064,0.248,0.688
44000,0.050,0.410,0.540
44500,0.050,0.337,0.613
45000,0.057,0.378,0.565
45500,0.050,0.494,0.456
46000,0.050,0.332,0.618
46500,0.050,0.357,0.593
47000,0.050,0.300,0.650
47500,0.054,0.385,0.561
48000,0.069,0.306,0.625
48500,0.054,0.264,0.682
49000,0.051,0.269,0.680
49500,0.050,0.305,0.645
50000,0.050,0.392,0.558
50500,0.059,0.377,0.564
51000,0.050,0.351,0.599
51500,0.052,0.385,0.563
52000,0.050,0.412,0.538
52500,0.050,0.389,0.561
53000,0.050,0.273,0.677
53500,0.075,0.236,0.689
54000,0.050,0.343,0.607
54500,0.060,0.320,0.620
55000,0.056,0.291,0.653
55500,0.050,0.295,0.655
56000,0.050,0.371,0.579
56500,0.050,0.386,0.564
57000,0.051,0.357,0.592
57500,0.050,0.393,0.557
58000,0.050,0.428,0.522
58500,0.061,0.294,0.645
59000,0.051,0.355,0.594
59500,0.050,0.418,0.532
60000,0.050,0.458,0.492
60500,0.053,0.286,0.661
61000,0.101,0.177,0.722
61500,0.073,0.199,0.728
62000,0.054,0.280,0.666
62500,0.059,0.327,0.614
63000,0.055,0.290,0.655
63500,0.055,0.301,0.644
64000,0.050,0.326,0.624
64500,0.050,0.329,0.621
65000,0.050,0.428,0.522
65500,0.050,0.313,0.637
66000,0.050,0.413,0.537
66500,0.050,0.376,0.574
67000,0.051,0.424,0.525
67500,0.050,0.401,0.549
68000,0.050,0.358,0.592
68500,0.061,0.284,0.655
69000,0.051,0.377,0.572
69500,0.055,0.432,0.513
70000,0.050,0.537,0.413
70500,0.050,0.385,0.565
71000,0.050,0.345,0.605
71500,0.055,0.312,0.633
72000,0.050,0.427,0.523
72500,0.050,0.363,0.587
73000,0.050,0.350,0.600
73500,0.057,0.282,0.661
74000,0.050,0.303,0.647
74500,0.050,0.385,0.565
75000,0.050,0.372,0.578
75500,0.055,0.293,0.652
76000,0.051,0.393,0.556
76500,0.054,0.363,0.583
77000,0.053,0.360,0.587
77500,0.054,0.273,0.673
78000,0.050,0.372,0.578
78500,0.060,0.380,0.560
79000,0.064,0.235,0.701
79500,0.116,0.146,0.738
80000,0.173,0.108,0.719
80500,0.648,0.006,0.346
81000,0.801,0.000,0.199
81500,0.919,0.000,0.081
82000,0.964,0.000,0.036
82500,0.980,0.000,0.020
83000,0.997,0.000,0.003
83500,1.000,0.000,0.000
