time,n_A+p,n_B,n_AB
500,0.050,0.197,0.753
1000,0.422,0.000,0.578
1500,0.531,0.000,0.469
2000,0.598,0.000,0.402
2500,0.523,0.000,0.477
3000,0.746,0.000,0.254
3500,0.426,0.000,0.574
4000,0.484,0.000,0.516
4500,0.408,0.000,0.592
5000,0.456,0.000,0.544
5500,0.607,0.000,0.393
6000,0.477,0.000,0.523
6500,0.537,0.000,0.463
7000,0.383,0.000,0.617
7500,0.490,0.000,0.510
8000,0.369,0.000,0.631
8500,0.412,0.000,0.588
9000,0.486,0.000,0.514
9500,0.658,0.000,0.342
10000,0.741,0.000,0.259
10500,0.530,0.000,0.470
11000,0.330,0.000,0.670
11500,0.540,0.000,0.460
12000,0.442,0.000,0.558
12500,0.575,0.000,0.425
13000,0.514,0.000,0.486
13500,0.547,0.000,0.453
14000,0.709,0.000,0.291
14500,0.765,0.000,0.235
15000,0.715,0.000,0.285
15500,0.606,0.000,0.394
16000,0.481,0.000,0.519
16500,0.643,0.000,0.357
17000,0.488,0.000,0.512
17500,0.440,0.000,0.560
18000,0.538,0.000,0.462
18500,0.608,0.000,0.392
19000,0.445,0.000,0.555
19500,0.501,0.000,0.499
20000,0.500,0.000,0.500
20500,0.462,0.000,0.538
21000,0.492,0.000,0.508
21500,0.538,0.000,0.462
22000,0.493,0.000,0.507
22500,0.371,0.000,0.629
23000,0.560,0.000,0.440
23500,0.601,0.000,0.399
24000,0.725,0.000,0.275
24500,0.723,0.000,0.277
25000,0.510,0.000,0.490
25500,0.553,0.000,0.447
26000,0.663,0.000,0.337
26500,0.614,0.000,0.386
27000,0.521,0.000,0.479
27500,0.447,0.000,0.553
28000,0.521,0.000,0.479
28500,0.698,0.000,0.302
29000,0.543,0.000,0.457
29500,0.460,0.000,0.540
30000,0.649,0.000,0.351
30500,0.653,0.000,0.347
31000,0.590,0.000,0.410
31500,0.481,0.000,0.519
32000,0.406,0.000,0.594
32500,0.435,0.000,0.565
33000,0.480,0.000,0.520
33500,0.623,0.000,0.377
34000,0.772,0.000,0.228
34500,0.652,0.000,0.348
35000,0.477,0.000,0.523
35500,0.565,0.000,0.435
36000,0.513,0.000,0.487
36500,0.878,0.000,0.122
37000,0.547,0.000,0.453
37500,0.445,0.000,0.555
38000,0.547,0.000,0.453
38500,0.548,0.000,0.452
39000,0.582,0.000,0.418
39500,0.574,0.000,0.426
40000,0.533,0.000,0.467
40500,0.538,0.000,0.462
41000,0.470,0.000,0.530
41500,0.432,0.000,0.568
42000,0.474,0.000,0.526
42500,0.508,0.000,0.492
43000,0.489,0.000,0.511
43500,0.525,0.000,0.475
44000,0.444,0.000,0.556
44500,0.580,0.000,0.420
45000,0.356,0.000,0.644
45500,0.556,0.000,0.444
46000,0.471,0.000,0.529
46500,0.570,0.000,0.430
47000,0.637,0.000,0.363
47500,0.451,0.000,0.549
48000,0.453,0.000,0.547
48500,0.769,0.000,0.231
49000,0.635,0.000,0.365
49500,0.737,0.000,0.263
50000,0.808,0.000,0.192
50500,0.619,0.000,0.381
51000,0.568,0.000,0.432
51500,0.622,0.000,0.378
52000,0.638,0.000,0.362
52500,0.429,0.000,0.571
53000,0.512,0.000,0.488
53500,0.470,0.000,0.530
54000,0.641,0.000,0.359
54500,0.542,0.000,0.458
55000,0.430,0.000,0.570
55500,0.564,0.000,0.436
56000,0.462,0.000,0.538
56500,0.507,0.000,0.493
57000,0.600,0.000,0.400
57500,0.541,0.000,0.459
58000,0.664,0.000,0.336
58500,0.463,0.000,0.537
59000,0.557,0.000,0.443
59500,0.557,0.000,0.443
60000,0.342,0.000,0.658
60500,0.605,0.000,0.395
61000,0.540,0.000,0.460
61500,0.589,0.000,0.411
62000,0.467,0.000,0.533
62500,0.613,0.000,0.387
63000,0.583,0.000,0.417
63500,0.497,0.000,0.503
64000,0.444,0.000,0.556
64500,0.561,0.000,0.439
65000,0.703,0.000,0.297
65500,0.672,0.000,0.328
66000,0.784,0.000,0.216
66500,0.399,0.000,0.601
67000,0.406,0.000,0.594
67500,0.650,0.000,0.350
68000,0.487,0.000,0.513
68500,0.446,0.000,0.554
69000,0.669,0.000,0.331
69500,0.568,0.000,0.432
70000,0.490,0.000,0.510
70500,0.551,0.000,0.449
71000,0.526,0.000,0.474
71500,0.633,0.000,0.367
72000,0.316,0.000,0.684
72500,0.419,0.000,0.581
73000,0.473,0.000,0.527
73500,0.506,0.000,0.494
74000,0.445,0.000,0.555
74500,0.534,0.000,0.466
75000,0.360,0.000,0.640
75500,0.700,0.000,0.300
76000,0.547,0.000,0.453
76500,0.595,0.000,0.405
77000,0.588,0.000,0.412
77500,0.519,0.000,0.481
78000,0.432,0.000,0.568
78500,0.460,0.000,0.540
79000,0.724,0.000,0.276
79500,0.698,0.000,0.302
80000,0.624,0.000,0.376
80500,0.383,0.000,0.617
81000,0.380,0.000,0.620
81500,0.551,0.000,0.449
82000,0.534,0.000,0.466
82500,0.512,0.000,0.488
83000,0.590,0.000,0.410
83500,0.524,0.000,0.476
84000,0.623,0.000,0.377
84500,0.575,0.000,0.425
85000,0.454,0.000,0.546
85500,0.489,0.000,0.511
86000,0.637,0.000,0.363
86500,0.558,0.000,0.442
87000,0.566,0.000,0.434
87500,0.547,0.000,0.453
88000,0.576,0.000,0.424
88500,0.482,0.000,0.518
89000,0.512,0.000,0.488
89500,0.729,0.000,0.271
90000,0.549,0.000,0.451
90500,0.510,0.000,0.490
91000,0.531,0.000,0.469
91500,0.555,0.000,0.445
92000,0.502,0.000,0.498
92500,0.573,0.000,0.427
93000,0.643,0.000,0.357
93500,0.445,0.000,0.555
94000,0.669,0.000,0.331
94500,0.635,0.000,0.365
95000,0.486,0.000,0.514
95500,0.439,0.000,0.561
96000,0.548,0.000,0.452
96500,0.550,0.000,0.450
97000,0.557,0.000,0.443
97500,0.501,0.000,0.499
98000,0.366,0.000,0.634
98500,0.455,0.000,0.545
99000,0.553,0.000,0.447
99500,0.440,0.000,0.560
100000,0.451,0.000,0.549
100500,0.540,0.000,0.460
101000,0.709,0.000,0.291
101500,0.497,0.000,0.503
102000,0.709,0.000,0.291
102500,0.573,0.000,0.427
103000,0.519,0.000,0.481
103500,0.364,0.000,0.636
104000,0.573,0.000,0.427
104500,0.677,0.000,0.323
105000,0.639,0.000,0.361
105500,0.568,0.000,0.432
106000,0.445,0.000,0.555
106500,0.418,0.000,0.582
107000,0.507,0.000,0.493
107500,0.498,0.000,0.502
108000,0.483,0.000,0.517
108500,0.607,0.000,0.393
109000,0.564,0.000,0.436
109500,0.502,0.000,0.498
110000,0.501,0.000,0.499
110500,0.716,0.000,0.284
111000,0.643,0.000,0.357
111500,0.655,0.000,0.345
112000,0.640,0.000,0.360
112500,0.758,0.000,0.242
113000,0.529,0.000,0.471
113500,0.382,0.000,0.618
114000,0.530,0.000,0.470
114500,0.599,0.000,0.401
115000,0.546,0.000,0.454
115500,0.688,0.000,0.312
116000,0.558,0.000,0.442
116500,0.372,0.000,0.628
117000,0.571,0.000,0.429
117500,0.571,0.000,0.429
118000,0.575,0.000,0.425
118500,0.573,0.000,0.427
119000,0.615,0.000,0.385
119500,0.517,0.000,0.483
120000,0.574,0.000,0.426
120500,0.553,0.000,0.447
121000,0.613,0.000,0.387
121500,0.593,0.000,0.407
122000,0.528,0.000,0.472
122500,0.526,0.000,0.474
123000,0.463,0.000,0.537
123500,0.278,0.000,0.722
124000,0.439,0.000,0.561
124500,0.605,0.000,0.395
125000,0.575,0.000,0.425
125500,0.804,0.000,0.196
126000,0.754,0.000,0.246
126500,0.498,0.000,0.502
127000,0.555,0.000,0.445
127500,0.438,0.000,0.562
128000,0.347,0.000,0.653
128500,0.572,0.000,0.428
129000,0.444,0.000,0.556
129500,0.479,0.000,0.521
130000,0.432,0.000,0.568
130500,0.529,0.000,0.471
131000,0.441,0.000,0.559
131500,0.664,0.000,0.336
132000,0.479,0.000,0.521
132500,0.640,0.000,0.360
133000,0.485,0.000,0.515
133500,0.659,0.000,0.341
134000,0.518,0.000,0.482
134500,0.419,0.000,0.581
135000,0.539,0.000,0.461
135500,0.484,0.000,0.516
136000,0.511,0.000,0.489
136500,0.420,0.000,0.580
137000,0.440,0.000,0.560
137500,0.662,0.000,0.338
138000,0.517,0.000,0.483
138500,0.509,0.000,0.491
139000,0.642,0.000,0.358
139500,0.620,0.000,0.380
140000,0.437,0.000,0.563
140500,0.397,0.000,0.603
141000,0.457,0.000,0.543
141500,0.542,0.000,0.458
142000,0.450,0.000,0.550
142500,0.438,0.000,0.562
143000,0.502,0.000,0.498
143500,0.610,0.000,0.390
144000,0.708,0.000,0.292
144500,0.537,0.000,0.463
145000,0.377,0.000,0.623
145500,0.419,0.000,0.581
146000,0.453,0.000,0.547
146500,0.485,0.000,0.515
147000,0.464,0.000,0.536
147500,0.573,0.000,0.427
148000,0.828,0.000,0.172
148500,0.570,0.000,0.430
149000,0.409,0.000,0.591
149500,0.575,0.000,0.425
150000,0.465,0.000,0.535
150500,0.455,0.000,0.545
151000,0.608,0.000,0.392
151500,0.486,0.000,0.514
152000,0.597,0.000,0.403
152500,0.366,0.000,0.634
153000,0.497,0.000,0.503
153500,0.459,0.000,0.541
154000,0.460,0.000,0.540
154500,0.587,0.000,0.413
155000,0.555,0.000,0.445
155500,0.504,0.000,0.496
156000,0.483,0.000,0.517
156500,0.600,0.000,0.400
157000,0.629,0.000,0.371
157500,0.846,0.000,0.154
158000,0.728,0.000,0.272
158500,0.465,0.000,0.535
159000,0.522,0.000,0.478
159500,0.429,0.000,0.571
160000,0.497,0.000,0.503
160500,0.552,0.000,0.448
161000,0.651,0.000,0.349
161500,0.458,0.000,0.542
162000,0.554,0.000,0.446
162500,0.396,0.000,0.604
163000,0.459,0.000,0.541
163500,0.509,0.000,0.491
164000,0.620,0.000,0.380
164500,0.543,0.000,0.457
165000,0.424,0.000,0.576
165500,0.384,0.000,0.616
166000,0.607,0.000,0.393
166500,0.651,0.000,0.349
167000,0.733,0.000,0.267
167500,0.449,0.000,0.551
168000,0.472,0.000,0.528
168500,0.488,0.000,0.512
169000,0.645,0.000,0.355
169500,0.660,0.000,0.340
170000,0.530,0.000,0.470
170500,0.488,0.000,0.512
171000,0.522,0.000,0.478
171500,0.488,0.000,0.512
172000,0.576,0.000,0.424
172500,0.467,0.000,0.533
173000,0.531,0.000,0.469
173500,0.666,0.000,0.334
174000,0.572,0.000,0.428
174500,0.532,0.000,0.468
175000,0.540,0.000,0.460
175500,0.520,0.000,0.480
176000,0.638,0.000,0.362
176500,0.462,0.000,0.538
177000,0.466,0.000,0.534
177500,0.582,0.000,0.418
178000,0.543,0.000,0.457
178500,0.597,0.000,0.403
179000,0.493,0.000,0.507
179500,0.517,0.000,0.483
180000,0.492,0.000,0.508
180500,0.363,0.000,0.637
181000,0.487,0.000,0.513
181500,0.538,0.000,0.462
182000,0.441,0.000,0.559
182500,0.547,0.000,0.453
183000,0.347,0.000,0.653
183500,0.359,0.000,0.641
184000,0.578,0.000,0.422
184500,0.488,0.000,0.512
185000,0.468,0.000,0.532
185500,0.598,0.000,0.402
186000,0.601,0.000,0.399
186500,0.688,0.000,0.312
187000,0.633,0.000,0.367
187500,0.667,0.000,0.333
188000,0.730,0.000,0.270
188500,0.711,0.000,0.289
189000,0.726,0.000,0.274
189500,0.624,0.000,0.376
190000,0.380,0.000,0.620
190500,0.507,0.000,0.493
191000,0.506,0.000,0.494
191500,0.447,0.000,0.553
192000,0.483,0.000,0.517
192500,0.572,0.000,0.428
193000,0.480,0.000,0.520
193500,0.375,0.000,0.625
194000,0.506,0.000,0.494
194500,0.729,0.000,0.271
195000,0.472,0.000,0.528
195500,0.538,0.000,0.462
196000,0.749,0.000,0.251
196500,0.660,0.000,0.340
197000,0.524,0.000,0.476
197500,0.456,0.000,0.544
198000,0.445,0.000,0.555
198500,0.507,0.000,0.493
199000,0.678,0.000,0.322
199500,0.521,0.000,0.479
200000,0.522,0.000,0.478
200500,0.492,0.000,0.508
201000,0.553,0.000,0.447
201500,0.533,0.000,0.467
202000,0.377,0.000,0.623
202500,0.418,0.000,0.582
203000,0.576,0.000,0.424
203500,0.710,0.000,0.290
204000,0.581,0.000,0.419
204500,0.612,0.000,0.388
205000,0.401,0.000,0.599
205500,0.716,0.000,0.284
206000,0.627,0.000,0.373
206500,0.471,0.000,0.529
207000,0.731,0.000,0.269
207500,0.772,0.000,0.228
208000,0.730,0.000,0.270
208500,0.575,0.000,0.425
209000,0.467,0.000,0.533
209500,0.564,0.000,0.436
210000,0.482,0.000,0.518
210500,0.477,0.000,0.523
211000,0.473,0.000,0.527
211500,0.556,0.000,0.444
212000,0.733,0.000,0.267
212500,0.549,0.000,0.451
213000,0.531,0.000,0.469
213500,0.410,0.000,0.590
214000,0.696,0.000,0.304
214500,0.582,0.000,0.418
215000,0.615,0.000,0.385
215500,0.439,0.000,0.561
216000,0.447,0.000,0.553
216500,0.394,0.000,0.606
217000,0.371,0.000,0.629
217500,0.520,0.000,0.480
218000,0.547,0.000,0.453
218500,0.576,0.000,0.424
219000,0.446,0.000,0.554
219500,0.669,0.000,0.331
220000,0.500,0.000,0.500
220500,0.501,0.000,0.499
221000,0.636,0.000,0.364
221500,0.719,0.000,0.281
222000,0.446,0.000,0.554
222500,0.583,0.000,0.417
223000,0.432,0.000,0.568
223500,0.634,0.000,0.366
224000,0.450,0.000,0.550
224500,0.533,0.000,0.467
225000,0.548,0.000,0.452
225500,0.435,0.000,0.565
226000,0.667,0.000,0.333
226500,0.402,0.000,0.598
227000,0.797,0.000,0.203
227500,0.601,0.000,0.399
228000,0.838,0.000,0.162
228500,0.453,0.000,0.547
229000,0.705,0.000,0.295
229500,0.437,0.000,0.563
230000,0.759,0.000,0.241
230500,0.558,0.000,0.442
231000,0.558,0.000,0.442
231500,0.819,0.000,0.181
232000,0.651,0.000,0.349
232500,0.822,0.000,0.178
233000,0.474,0.000,0.526
233500,0.582,0.000,0.418
234000,0.827,0.000,0.173
234500,0.569,0.000,0.431
235000,0.573,0.000,0.427
235500,0.569,0.000,0.431
236000,0.507,0.000,0.493
236500,0.386,0.000,0.614
237000,0.573,0.000,0.427
237500,0.569,0.000,0.431
238000,0.640,0.000,0.360
238500,0.579,0.000,0.421
239000,0.524,0.000,0.476
239500,0.411,0.000,0.589
240000,0.562,0.000,0.438
240500,0.576,0.000,0.424
241000,0.602,0.000,0.398
241500,0.544,0.000,0.456
242000,0.560,0.000,0.440
242500,0.607,0.000,0.393
243000,0.509,0.000,0.491
243500,0.493,0.000,0.507
244000,0.390,0.000,0.610
244500,0.547,0.000,0.453
245000,0.627,0.000,0.373
245500,0.516,0.000,0.484
246000,0.667,0.000,0.333
246500,0.708,0.000,0.292
247000,0.389,0.000,0.611
247500,0.501,0.000,0.499
248000,0.390,0.000,0.610
248500,0.538,0.000,0.462
249000,0.583,0.000,0.417
249500,0.423,0.000,0.577
250000,0.558,0.000,0.442
250500,0.453,0.000,0.547
251000,0.663,0.000,0.337
251500,0.682,0.000,0.318
252000,0.759,0.000,0.241
252500,0.655,0.000,0.345
253000,0.632,0.000,0.368
253500,0.694,0.000,0.306
254000,0.459,0.000,0.541
254500,0.550,0.000,0.450
255000,0.581,0.000,0.419
255500,0.732,0.000,0.268
256000,0.564,0.000,0.436
256500,0.464,0.000,0.536
257000,0.503,0.000,0.497
257500,0.612,0.000,0.388
258000,0.715,0.000,0.285
258500,0.601,0.000,0.399
259000,0.634,0.000,0.366
259500,0.612,0.000,0.388
260000,0.663,0.000,0.337
260500,0.759,0.000,0.241
261000,0.472,0.000,0.528
261500,0.555,0.000,0.445
262000,0.557,0.000,0.443
262500,0.355,0.000,0.645
263000,0.481,0.000,0.519
263500,0.608,0.000,0.392
264000,0.466,0.000,0.534
264500,0.564,0.000,0.436
265000,0.576,0.000,0.424
265500,0.580,0.000,0.420
266000,0.594,0.000,0.406
266500,0.630,0.000,0.370
267000,0.438,0.000,0.562
267500,0.463,0.000,0.537
268000,0.569,0.000,0.431
268500,0.514,0.000,0.486
269000,0.450,0.000,0.550
269500,0.614,0.000,0.386
270000,0.628,0.000,0.372
270500,0.679,0.000,0.321
271000,0.611,0.000,0.389
271500,0.529,0.000,0.471
272000,0.339,0.000,0.661
272500,0.386,0.000,0.614
273000,0.480,0.000,0.520
273500,0.475,0.000,0.525
274000,0.529,0.000,0.471
274500,0.552,0.000,0.448
275000,0.669,0.000,0.331
275500,0.617,0.000,0.383
276000,0.534,0.000,0.466
276500,0.424,0.000,0.576
277000,0.672,0.000,0.328
277500,0.631,0.000,0.369
278000,0.655,0.000,0.345
278500,0.599,0.000,0.401
279000,0.523,0.000,0.477
279500,0.436,0.000,0.564
280000,0.534,0.000,0.466
280500,0.681,0.000,0.319
281000,0.755,0.000,0.245
281500,0.595,0.000,0.405
282000,0.516,0.000,0.484
282500,0.663,0.000,0.337
283000,0.506,0.000,0.494
283500,0.506,0.000,0.494
284000,0.735,0.000,0.265
284500,0.565,0.000,0.435
285000,0.744,0.000,0.256
285500,0.615,0.000,0.385
286000,0.509,0.000,0.491
286500,0.533,0.000,0.467
287000,0.644,0.000,0.356
287500,0.628,0.000,0.372
288000,0.574,0.000,0.426
288500,0.669,0.000,0.331
289000,0.659,0.000,0.341
289500,0.618,0.000,0.382
290000,0.529,0.000,0.471
290500,0.633,0.000,0.367
291000,0.417,0.000,0.583
291500,0.452,0.000,0.548
292000,0.486,0.000,0.514
292500,0.489,0.000,0.511
293000,0.584,0.000,0.416
293500,0.598,0.000,0.402
294000,0.666,0.000,0.334
294500,0.666,0.000,0.334
295000,0.443,0.000,0.557
295500,0.479,0.000,0.521
296000,0.473,0.000,0.527
296500,0.446,0.000,0.554
297000,0.378,0.000,0.622
297500,0.486,0.000,0.514
298000,0.465,0.000,0.535
298500,0.688,0.000,0.312
299000,0.605,0.000,0.395
299500,0.459,0.000,0.541
300000,0.450,0.000,0.550
300500,0.507,0.000,0.493
301000,0.560,0.000,0.440
301500,0.370,0.000,0.630
302000,0.636,0.000,0.364
302500,0.483,0.000,0.517
303000,0.533,0.000,0.467
303500,0.550,0.000,0.450
304000,0.544,0.000,0.456
304500,0.511,0.000,0.489
305000,0.597,0.000,0.403
305500,0.538,0.000,0.462
306000,0.490,0.000,0.510
306500,0.516,0.000,0.484
307000,0.606,0.000,0.394
307500,0.512,0.000,0.488
308000,0.505,0.000,0.495
308500,0.617,0.000,0.383
309000,0.413,0.000,0.587
309500,0.543,0.000,0.457
310000,0.606,0.000,0.394
310500,0.507,0.000,0.493
311000,0.644,0.000,0.356
311500,0.438,0.000,0.562
312000,0.530,0.000,0.470
312500,0.424,0.000,0.576
313000,0.655,0.000,0.345
313500,0.513,0.000,0.487
314000,0.712,0.000,0.288
314500,0.573,0.000,0.427
315000,0.372,0.000,0.628
315500,0.579,0.000,0.421
316000,0.600,0.000,0.400
316500,0.522,0.000,0.478
317000,0.764,0.000,0.236
317500,0.650,0.000,0.350
318000,0.559,0.000,0.441
318500,0.497,0.000,0.503
319000,0.529,0.000,0.471
319500,0.756,0.000,0.244
320000,0.719,0.000,0.281
320500,0.715,0.000,0.285
321000,0.630,0.000,0.370
321500,0.737,0.000,0.263
322000,0.600,0.000,0.400
322500,0.510,0.000,0.490
323000,0.416,0.000,0.584
323500,0.547,0.000,0.453
324000,0.485,0.000,0.515
324500,0.564,0.000,0.436
325000,0.672,0.000,0.328
325500,0.759,0.000,0.241
326000,0.618,0.000,0.382
326500,0.500,0.000,0.500
327000,0.699,0.000,0.301
327500,0.428,0.000,0.572
328000,0.442,0.000,0.558
328500,0.672,0.000,0.328
329000,0.565,0.000,0.435
329500,0.497,0.000,0.503
330000,0.430,0.000,0.570
330500,0.619,0.000,0.381
331000,0.506,0.000,0.494
331500,0.655,0.000,0.345
332000,0.588,0.000,0.412
332500,0.423,0.000,0.577
333000,0.637,0.000,0.363
333500,0.681,0.000,0.319
334000,0.572,0.000,0.428
334500,0.507,0.000,0.493
335000,0.579,0.000,0.421
335500,0.344,0.000,0.656
336000,0.601,0.000,0.399
336500,0.647,0.000,0.353
337000,0.649,0.000,0.351
337500,0.579,0.000,0.421
338000,0.617,0.000,0.383
338500,0.537,0.000,0.463
339000,0.422,0.000,0.578
339500,0.390,0.000,0.610
340000,0.628,0.000,0.372
340500,0.674,0.000,0.326
341000,0.596,0.000,0.404
341500,0.577,0.000,0.423
342000,0.464,0.000,0.536
342500,0.546,0.000,0.454
343000,0.543,0.000,0.457
343500,0.614,0.000,0.386
344000,0.440,0.000,0.560
344500,0.691,0.000,0.309
345000,0.420,0.000,0.580
345500,0.635,0.000,0.365
346000,0.544,0.000,0.456
346500,0.528,0.000,0.472
347000,0.654,0.000,0.346
347500,0.456,0.000,0.544
348000,0.458,0.000,0.542
348500,0.604,0.000,0.396
349000,0.432,0.000,0.568
349500,0.634,0.000,0.366
350000,0.638,0.000,0.362
350500,0.610,0.000,0.390
351000,0.371,0.000,0.629
351500,0.406,0.000,0.594
352000,0.524,0.000,0.476
352500,0.395,0.000,0.605
353000,0.346,0.000,0.654
353500,0.529,0.000,0.471
354000,0.567,0.000,0.433
354500,0.583,0.000,0.417
355000,0.477,0.000,0.523
355500,0.540,0.000,0.460
356000,0.551,0.000,0.449
356500,0.587,0.000,0.413
357000,0.541,0.000,0.459
357500,0.665,0.000,0.335
358000,0.662,0.000,0.338
358500,0.458,0.000,0.542
359000,0.304,0.000,0.696
359500,0.336,0.000,0.664
360000,0.599,0.000,0.401
360500,0.530,0.000,0.470
361000,0.507,0.000,0.493
361500,0.467,0.000,0.533
362000,0.408,0.000,0.592
362500,0.497,0.000,0.503
363000,0.585,0.000,0.415
363500,0.631,0.000,0.369
364000,0.552,0.000,0.448
364500,0.606,0.000,0.394
365000,0.545,0.000,0.455
365500,0.454,0.000,0.546
366000,0.571,0.000,0.429
366500,0.382,0.000,0.618
367000,0.718,0.000,0.282
367500,0.457,0.000,0.543
368000,0.452,0.000,0.548
368500,0.664,0.000,0.336
369000,0.737,0.000,0.263
369500,0.731,0.000,0.269
370000,0.769,0.000,0.231
370500,0.562,0.000,0.438
371000,0.571,0.000,0.429
371500,0.596,0.000,0.404
372000,0.445,0.000,0.555
372500,0.563,0.000,0.437
373000,0.797,0.000,0.203
373500,0.464,0.000,0.536
374000,0.539,0.000,0.461
374500,0.646,0.000,0.354
375000,0.369,0.000,0.631
375500,0.495,0.000,0.505
376000,0.560,0.000,0.440
376500,0.563,0.000,0.437
377000,0.556,0.000,0.444
377500,0.526,0.000,0.474
378000,0.362,0.000,0.638
378500,0.800,0.000,0.200
379000,0.842,0.000,0.158
379500,0.791,0.000,0.209
380000,0.767,0.000,0.233
380500,0.616,0.000,0.384
381000,0.757,0.000,0.243
381500,0.603,0.000,0.397
382000,0.664,0.000,0.336
382500,0.531,0.000,0.469
383000,0.612,0.000,0.388
383500,0.560,0.000,0.440
384000,0.733,0.000,0.267
384500,0.550,0.000,0.450
385000,0.421,0.000,0.579
385500,0.404,0.000,0.596
386000,0.446,0.000,0.554
386500,0.534,0.000,0.466
387000,0.693,0.000,0.307
387500,0.399,0.000,0.601
388000,0.400,0.000,0.600
388500,0.701,0.000,0.299
389000,0.456,0.000,0.544
389500,0.719,0.000,0.281
390000,0.729,0.000,0.271
390500,0.531,0.000,0.469
391000,0.378,0.000,0.622
391500,0.555,0.000,0.445
392000,0.604,0.000,0.396
392500,0.602,0.000,0.398
393000,0.496,0.000,0.504
393500,0.400,0.000,0.600
394000,0.513,0.000,0.487
394500,0.554,0.000,0.446
395000,0.436,0.000,0.564
395500,0.515,0.000,0.485
396000,0.598,0.000,0.402
396500,0.532,0.000,0.468
397000,0.484,0.000,0.516
397500,0.683,0.000,0.317
398000,0.632,0.000,0.368
398500,0.545,0.000,0.455
399000,0.544,0.000,0.456
399500,0.487,0.000,0.513
400000,0.644,0.000,0.356
400500,0.670,0.000,0.330
401000,0.807,0.000,0.193
401500,0.682,0.000,0.318
402000,0.432,0.000,0.568
402500,0.484,0.000,0.516
403000,0.572,0.000,0.428
403500,0.621,0.000,0.379
404000,0.402,0.000,0.598
404500,0.396,0.000,0.604
405000,0.734,0.000,0.266
405500,0.683,0.000,0.317
406000,0.566,0.000,0.434
406500,0.543,0.000,0.457
407000,0.700,0.000,0.300
407500,0.676,0.000,0.324
408000,0.722,0.000,0.278
408500,0.507,0.000,0.493
409000,0.600,0.000,0.400
409500,0.520,0.000,0.480
410000,0.655,0.000,0.345
410500,0.735,0.000,0.265
411000,0.460,0.000,0.540
411500,0.579,0.000,0.421
412000,0.554,0.000,0.446
412500,0.528,0.000,0.472
413000,0.607,0.000,0.393
413500,0.467,0.000,0.533
414000,0.596,0.000,0.404
414500,0.519,0.000,0.481
415000,0.402,0.000,0.598
415500,0.696,0.000,0.304
416000,0.607,0.000,0.393
416500,0.389,0.000,0.611
417000,0.528,0.000,0.472
417500,0.631,0.000,0.369
418000,0.516,0.000,0.484
418500,0.594,0.000,0.406
419000,0.553,0.000,0.447
419500,0.419,0.000,0.581
420000,0.672,0.000,0.328
420500,0.573,0.000,0.427
421000,0.519,0.000,0.481
421500,0.520,0.000,0.480
422000,0.586,0.000,0.414
422500,0.809,0.000,0.191
423000,0.762,0.000,0.238
423500,0.565,0.000,0.435
424000,0.586,0.000,0.414
424500,0.441,0.000,0.559
425000,0.405,0.000,0.595
425500,0.533,0.000,0.467
426000,0.401,0.000,0.599
426500,0.478,0.000,0.522
427000,0.674,0.000,0.326
427500,0.532,0.000,0.468
428000,0.556,0.000,0.444
428500,0.577,0.000,0.423
429000,0.581,0.000,0.419
429500,0.507,0.000,0.493
430000,0.582,0.000,0.418
430500,0.539,0.000,0.461
431000,0.630,0.000,0.370
431500,0.515,0.000,0.485
432000,0.569,0.000,0.431
432500,0.530,0.000,0.470
433000,0.459,0.000,0.541
433500,0.514,0.000,0.486
434000,0.549,0.000,0.451
434500,0.529,0.000,0.471
435000,0.526,0.000,0.474
435500,0.523,0.000,0.477
436000,0.654,0.000,0.346
436500,0.464,0.000,0.536
437000,0.572,0.000,0.428
437500,0.525,0.000,0.475
438000,0.561,0.000,0.439
438500,0.528,0.000,0.472
439000,0.449,0.000,0.551
439500,0.681,0.000,0.319
440000,0.536,0.000,0.464
440500,0.562,0.000,0.438
441000,0.467,0.000,0.533
441500,0.585,0.000,0.415
442000,0.610,0.000,0.390
442500,0.588,0.000,0.412
443000,0.388,0.000,0.612
443500,0.382,0.000,0.618
444000,0.501,0.000,0.499
444500,0.548,0.000,0.452
445000,0.542,0.000,0.458
445500,0.705,0.000,0.295
446000,0.629,0.000,0.371
446500,0.608,0.000,0.392
447000,0.698,0.000,0.302
447500,0.582,0.000,0.418
448000,0.492,0.000,0.508
448500,0.461,0.000,0.539
449000,0.652,0.000,0.348
449500,0.594,0.000,0.406
450000,0.515,0.000,0.485
450500,0.490,0.000,0.510
451000,0.713,0.000,0.287
451500,0.707,0.000,0.293
452000,0.468,0.000,0.532
452500,0.546,0.000,0.454
453000,0.422,0.000,0.578
453500,0.546,0.000,0.454
454000,0.700,0.000,0.300
454500,0.669,0.000,0.331
455000,0.504,0.000,0.496
455500,0.466,0.000,0.534
456000,0.458,0.000,0.542
456500,0.363,0.000,0.637
457000,0.435,0.000,0.565
457500,0.552,0.000,0.448
458000,0.717,0.000,0.283
458500,0.594,0.000,0.406
459000,0.498,0.000,0.502
459500,0.504,0.000,0.496
460000,0.722,0.000,0.278
460500,0.849,0.000,0.151
461000,0.459,0.000,0.541
461500,0.368,0.000,0.632
462000,0.453,0.000,0.547
462500,0.386,0.000,0.614
463000,0.516,0.000,0.484
463500,0.686,0.000,0.314
464000,0.546,0.000,0.454
464500,0.603,0.000,0.397
465000,0.489,0.000,0.511
465500,0.508,0.000,0.492
466000,0.538,0.000,0.462
466500,0.523,0.000,0.477
467000,0.645,0.000,0.355
467500,0.427,0.000,0.573
468000,0.621,0.000,0.379
468500,0.590,0.000,0.410
469000,0.722,0.000,0.278
469500,0.567,0.000,0.433
470000,0.626,0.000,0.374
470500,0.558,0.000,0.442
471000,0.613,0.000,0.387
471500,0.617,0.000,0.383
472000,0.465,0.000,0.535
472500,0.550,0.000,0.450
473000,0.518,0.000,0.482
473500,0.423,0.000,0.577
474000,0.492,0.000,0.508
474500,0.598,0.000,0.402
475000,0.528,0.000,0.472
475500,0.447,0.000,0.553
476000,0.451,0.000,0.549
476500,0.662,0.000,0.338
477000,0.447,0.000,0.553
477500,0.601,0.000,0.399
478000,0.637,0.000,0.363
478500,0.574,0.000,0.426
479000,0.530,0.000,0.470
479500,0.428,0.000,0.572
480000,0.523,0.000,0.477
480500,0.636,0.000,0.364
481000,0.366,0.000,0.634
481500,0.474,0.000,0.526
482000,0.510,0.000,0.490
482500,0.759,0.000,0.241
483000,0.458,0.000,0.542
483500,0.441,0.000,0.559
484000,0.403,0.000,0.597
484500,0.558,0.000,0.442
485000,0.530,0.000,0.470
485500,0.530,0.000,0.470
486000,0.583,0.000,0.417
486500,0.465,0.000,0.535
487000,0.698,0.000,0.302
487500,0.779,0.000,0.221
488000,0.535,0.000,0.465
488500,0.401,0.000,0.599
489000,0.530,0.000,0.470
489500,0.357,0.000,0.643
490000,0.420,0.000,0.580
490500,0.482,0.000,0.518
491000,0.359,0.000,0.641
491500,0.576,0.000,0.424
492000,0.565,0.000,0.435
492500,0.524,0.000,0.476
493000,0.564,0.000,0.436
493500,0.643,0.000,0.357
494000,0.522,0.000,0.478
494500,0.399,0.000,0.601
495000,0.549,0.000,0.451
495500,0.645,0.000,0.355
496000,0.707,0.000,0.293
496500,0.479,0.000,0.521
497000,0.313,0.000,0.687
497500,0.686,0.000,0.314
498000,0.783,0.000,0.217
498500,0.673,0.000,0.327
499000,0.579,0.000,0.421
499500,0.521,0.000,0.479
500000,0.592,0.000,0.408
500500,0.439,0.000,0.561
501000,0.640,0.000,0.360
501500,0.571,0.000,0.429
502000,0.525,0.000,0.475
502500,0.573,0.000,0.427
503000,0.684,0.000,0.316
503500,0.558,0.000,0.442
504000,0.818,0.000,0.182
504500,0.731,0.000,0.269
505000,0.639,0.000,0.361
505500,0.566,0.000,0.434
506000,0.543,0.000,0.457
506500,0.543,0.000,0.457
507000,0.720,0.000,0.280
507500,0.552,0.000,0.448
508000,0.463,0.000,0.537
508500,0.547,0.000,0.453
509000,0.537,0.000,0.463
509500,0.765,0.000,0.235
510000,0.838,0.000,0.162
510500,0.642,0.000,0.358
511000,0.638,0.000,0.362
511500,0.602,0.000,0.398
512000,0.674,0.000,0.326
512500,0.550,0.000,0.450
513000,0.542,0.000,0.458
513500,0.696,0.000,0.304
514000,0.461,0.000,0.539
514500,0.353,0.000,0.647
515000,0.537,0.000,0.463
515500,0.695,0.000,0.305
516000,0.525,0.000,0.475
516500,0.601,0.000,0.399
517000,0.434,0.000,0.566
517500,0.566,0.000,0.434
518000,0.385,0.000,0.615
518500,0.393,0.000,0.607
519000,0.467,0.000,0.533
519500,0.462,0.000,0.538
520000,0.438,0.000,0.562
520500,0.484,0.000,0.516
521000,0.420,0.000,0.580
521500,0.496,0.000,0.504
522000,0.597,0.000,0.403
522500,0.649,0.000,0.351
523000,0.443,0.000,0.557
523500,0.573,0.000,0.427
524000,0.426,0.000,0.574
524500,0.552,0.000,0.448
525000,0.552,0.000,0.448
525500,0.538,0.000,0.462
526000,0.515,0.000,0.485
526500,0.413,0.000,0.587
527000,0.303,0.000,0.697
527500,0.406,0.000,0.594
528000,0.648,0.000,0.352
528500,0.715,0.000,0.285
529000,0.563,0.000,0.437
529500,0.649,0.000,0.351
530000,0.644,0.000,0.356
530500,0.621,0.000,0.379
531000,0.534,0.000,0.466
531500,0.657,0.000,0.343
532000,0.633,0.000,0.367
532500,0.663,0.000,0.337
533000,0.651,0.000,0.349
533500,0.521,0.000,0.479
534000,0.640,0.000,0.360
534500,0.832,0.000,0.168
535000,0.651,0.000,0.349
535500,0.460,0.000,0.540
536000,0.422,0.000,0.578
536500,0.470,0.000,0.530
537000,0.473,0.000,0.527
537500,0.652,0.000,0.348
538000,0.587,0.000,0.413
538500,0.497,0.000,0.503
539000,0.638,0.000,0.362
539500,0.504,0.000,0.496
540000,0.382,0.000,0.618
540500,0.665,0.000,0.335
541000,0.483,0.000,0.517
541500,0.532,0.000,0.468
542000,0.584,0.000,0.416
542500,0.375,0.000,0.625
543000,0.428,0.000,0.572
543500,0.440,0.000,0.560
544000,0.677,0.000,0.323
544500,0.675,0.000,0.325
545000,0.635,0.000,0.365
545500,0.415,0.000,0.585
546000,0.502,0.000,0.498
546500,0.826,0.000,0.174
547000,0.533,0.000,0.467
547500,0.691,0.000,0.309
548000,0.503,0.000,0.497
548500,0.595,0.000,0.405
549000,0.521,0.000,0.479
549500,0.535,0.000,0.465
550000,0.565,0.000,0.435
550500,0.741,0.000,0.259
551000,0.511,0.000,0.489
551500,0.441,0.000,0.559
552000,0.374,0.000,0.626
552500,0.494,0.000,0.506
553000,0.577,0.000,0.423
553500,0.495,0.000,0.505
554000,0.704,0.000,0.296
554500,0.550,0.000,0.450
555000,0.409,0.000,0.591
555500,0.421,0.000,0.579
556000,0.425,0.000,0.575
556500,0.677,0.000,0.323
557000,0.537,0.000,0.463
557500,0.513,0.000,0.487
558000,0.535,0.000,0.465
558500,0.587,0.000,0.413
559000,0.659,0.000,0.341
559500,0.530,0.000,0.470
560000,0.436,0.000,0.564
560500,0.376,0.000,0.624
561000,0.471,0.000,0.529
561500,0.653,0.000,0.347
562000,0.609,0.000,0.391
562500,0.755,0.000,0.245
563000,0.482,0.000,0.518
563500,0.463,0.000,0.537
564000,0.418,0.000,0.582
564500,0.459,0.000,0.541
565000,0.607,0.000,0.393
565500,0.539,0.000,0.461
566000,0.440,0.000,0.560
566500,0.584,0.000,0.416
567000,0.690,0.000,0.310
567500,0.560,0.000,0.440
568000,0.553,0.000,0.447
568500,0.674,0.000,0.326
569000,0.711,0.000,0.289
569500,0.432,0.000,0.568
570000,0.491,0.000,0.509
570500,0.521,0.000,0.479
571000,0.694,0.000,0.306
571500,0.573,0.000,0.427
572000,0.572,0.000,0.428
572500,0.742,0.000,0.258
573000,0.634,0.000,0.366
573500,0.345,0.000,0.655
574000,0.549,0.000,0.451
574500,0.547,0.000,0.453
575000,0.587,0.000,0.413
575500,0.715,0.000,0.285
576000,0.658,0.000,0.342
576500,0.598,0.000,0.402
577000,0.374,0.000,0.626
577500,0.570,0.000,0.430
578000,0.566,0.000,0.434
578500,0.548,0.000,0.452
579000,0.513,0.000,0.487
579500,0.513,0.000,0.487
580000,0.443,0.000,0.557
580500,0.504,0.000,0.496
581000,0.459,0.000,0.541
581500,0.508,0.000,0.492
582000,0.547,0.000,0.453
582500,0.513,0.000,0.487
583000,0.617,0.000,0.383
583500,0.583,0.000,0.417
584000,0.480,0.000,0.520
584500,0.328,0.000,0.672
585000,0.528,0.000,0.472
585500,0.609,0.000,0.391
586000,0.405,0.000,0.595
586500,0.628,0.000,0.372
587000,0.509,0.000,0.491
587500,0.649,0.000,0.351
588000,0.647,0.000,0.353
588500,0.517,0.000,0.483
589000,0.473,0.000,0.527
589500,0.579,0.000,0.421
590000,0.506,0.000,0.494
590500,0.501,0.000,0.499
591000,0.390,0.000,0.610
591500,0.653,0.000,0.347
592000,0.563,0.000,0.437
592500,0.512,0.000,0.488
593000,0.359,0.000,0.641
593500,0.514,0.000,0.486
594000,0.641,0.000,0.359
594500,0.481,0.000,0.519
595000,0.504,0.000,0.496
595500,0.602,0.000,0.398
596000,0.659,0.000,0.341
596500,0.490,0.000,0.510
597000,0.501,0.000,0.499
597500,0.662,0.000,0.338
598000,0.657,0.000,0.343
598500,0.437,0.000,0.563
599000,0.545,0.000,0.455
599500,0.570,0.000,0.430
600000,0.525,0.000,0.475
600500,0.553,0.000,0.447
601000,0.573,0.000,0.427
601500,0.448,0.000,0.552
602000,0.422,0.000,0.578
602500,0.507,0.000,0.493
603000,0.530,0.000,0.470
603500,0.520,0.000,0.480
604000,0.603,0.000,0.397
604500,0.502,0.000,0.498
605000,0.529,0.000,0.471
605500,0.534,0.000,0.466
606000,0.500,0.000,0.500
606500,0.563,0.000,0.437
607000,0.661,0.000,0.339
607500,0.646,0.000,0.354
608000,0.607,0.000,0.393
608500,0.674,0.000,0.326
609000,0.555,0.000,0.445
609500,0.551,0.000,0.449
610000,0.377,0.000,0.623
610500,0.465,0.000,0.535
611000,0.494,0.000,0.506
611500,0.388,0.000,0.612
612000,0.693,0.000,0.307
612500,0.504,0.000,0.496
613000,0.637,0.000,0.363
613500,0.832,0.000,0.168
614000,0.838,0.000,0.162
614500,0.805,0.000,0.195
615000,0.549,0.000,0.451
615500,0.565,0.000,0.435
616000,0.579,0.000,0.421
616500,0.390,0.000,0.610
617000,0.523,0.000,0.477
617500,0.375,0.000,0.625
618000,0.412,0.000,0.588
618500,0.476,0.000,0.524
619000,0.497,0.000,0.503
619500,0.498,0.000,0.502
620000,0.501,0.000,0.499
620500,0.445,0.000,0.555
621000,0.488,0.000,0.512
621500,0.544,0.000,0.456
622000,0.493,0.000,0.507
622500,0.532,0.000,0.468
623000,0.433,0.000,0.567
623500,0.698,0.000,0.302
624000,0.548,0.000,0.452
624500,0.753,0.000,0.247
625000,0.527,0.000,0.473
625500,0.706,0.000,0.294
626000,0.392,0.000,0.608
626500,0.489,0.000,0.511
627000,0.476,0.000,0.524
627500,0.588,0.000,0.412
628000,0.632,0.000,0.368
628500,0.710,0.000,0.290
629000,0.523,0.000,0.477
629500,0.718,0.000,0.282
630000,0.605,0.000,0.395
630500,0.398,0.000,0.602
631000,0.339,0.000,0.661
631500,0.601,0.000,0.399
632000,0.572,0.000,0.428
632500,0.569,0.000,0.431
633000,0.453,0.000,0.547
633500,0.614,0.000,0.386
634000,0.427,0.000,0.573
634500,0.595,0.000,0.405
635000,0.375,0.000,0.625
635500,0.578,0.000,0.422
636000,0.643,0.000,0.357
636500,0.528,0.000,0.472
637000,0.568,0.000,0.432
637500,0.487,0.000,0.513
638000,0.650,0.000,0.350
638500,0.423,0.000,0.577
639000,0.541,0.000,0.459
639500,0.526,0.000,0.474
640000,0.530,0.000,0.470
640500,0.426,0.000,0.574
641000,0.390,0.000,0.610
641500,0.436,0.000,0.564
642000,0.729,0.000,0.271
642500,0.620,0.000,0.380
643000,0.352,0.000,0.648
643500,0.555,0.000,0.445
644000,0.591,0.000,0.409
644500,0.713,0.000,0.287
645000,0.613,0.000,0.387
645500,0.432,0.000,0.568
646000,0.420,0.000,0.580
646500,0.521,0.000,0.479
647000,0.516,0.000,0.484
647500,0.521,0.000,0.479
648000,0.504,0.000,0.496
648500,0.538,0.000,0.462
649000,0.366,0.000,0.634
649500,0.600,0.000,0.400
650000,0.569,0.000,0.431
650500,0.551,0.000,0.449
651000,0.441,0.000,0.559
651500,0.427,0.000,0.573
652000,0.553,0.000,0.447
652500,0.659,0.000,0.341
653000,0.679,0.000,0.321
653500,0.566,0.000,0.434
654000,0.619,0.000,0.381
654500,0.308,0.000,0.692
655000,0.558,0.000,0.442
655500,0.536,0.000,0.464
656000,0.794,0.000,0.206
656500,0.858,0.000,0.142
657000,0.849,0.000,0.151
657500,0.400,0.000,0.600
658000,0.604,0.000,0.396
658500,0.664,0.000,0.336
659000,0.617,0.000,0.383
659500,0.481,0.000,0.519
660000,0.572,0.000,0.428
660500,0.555,0.000,0.445
661000,0.440,0.000,0.560
661500,0.450,0.000,0.550
662000,0.633,0.000,0.367
662500,0.544,0.000,0.456
663000,0.540,0.000,0.460
663500,0.556,0.000,0.444
664000,0.575,0.000,0.425
664500,0.599,0.000,0.401
665000,0.552,0.000,0.448
665500,0.606,0.000,0.394
666000,0.656,0.000,0.344
666500,0.509,0.000,0.491
667000,0.602,0.000,0.398
667500,0.440,0.000,0.560
668000,0.508,0.000,0.492
668500,0.544,0.000,0.456
669000,0.415,0.000,0.585
669500,0.518,0.000,0.482
670000,0.494,0.000,0.506
670500,0.351,0.000,0.649
671000,0.532,0.000,0.468
671500,0.560,0.000,0.440
672000,0.589,0.000,0.411
672500,0.735,0.000,0.265
673000,0.552,0.000,0.448
673500,0.347,0.000,0.653
674000,0.490,0.000,0.510
674500,0.649,0.000,0.351
675000,0.538,0.000,0.462
675500,0.645,0.000,0.355
676000,0.454,0.000,0.546
676500,0.509,0.000,0.491
677000,0.597,0.000,0.403
677500,0.575,0.000,0.425
678000,0.416,0.000,0.584
678500,0.536,0.000,0.464
679000,0.551,0.000,0.449
679500,0.526,0.000,0.474
680000,0.535,0.000,0.465
680500,0.601,0.000,0.399
681000,0.578,0.000,0.422
681500,0.435,0.000,0.565
682000,0.385,0.000,0.615
682500,0.431,0.000,0.569
683000,0.470,0.000,0.530
683500,0.543,0.000,0.457
684000,0.530,0.000,0.470
684500,0.607,0.000,0.393
685000,0.668,0.000,0.332
685500,0.714,0.000,0.286
686000,0.619,0.000,0.381
686500,0.487,0.000,0.513
687000,0.645,0.000,0.355
687500,0.455,0.000,0.545
688000,0.482,0.000,0.518
688500,0.688,0.000,0.312
689000,0.554,0.000,0.446
689500,0.474,0.000,0.526
690000,0.646,0.000,0.354
690500,0.430,0.000,0.570
691000,0.490,0.000,0.510
691500,0.536,0.000,0.464
692000,0.472,0.000,0.528
692500,0.780,0.000,0.220
693000,0.442,0.000,0.558
693500,0.647,0.000,0.353
694000,0.548,0.000,0.452
694500,0.638,0.000,0.362
695000,0.494,0.000,0.506
695500,0.740,0.000,0.260
696000,0.402,0.000,0.598
696500,0.586,0.000,0.414
697000,0.495,0.000,0.505
697500,0.427,0.000,0.573
698000,0.530,0.000,0.470
698500,0.392,0.000,0.608
699000,0.341,0.000,0.659
699500,0.442,0.000,0.558
700000,0.459,0.000,0.541
700500,0.563,0.000,0.437
701000,0.537,0.000,0.463
701500,0.583,0.000,0.417
702000,0.505,0.000,0.495
702500,0.760,0.000,0.240
703000,0.603,0.000,0.397
703500,0.553,0.000,0.447
704000,0.665,0.000,0.335
704500,0.517,0.000,0.483
705000,0.449,0.000,0.551
705500,0.593,0.000,0.407
706000,0.533,0.000,0.467
706500,0.736,0.000,0.264
707000,0.641,0.000,0.359
707500,0.511,0.000,0.489
708000,0.455,0.000,0.545
708500,0.605,0.000,0.395
709000,0.637,0.000,0.363
709500,0.495,0.000,0.505
710000,0.581,0.000,0.419
710500,0.510,0.000,0.490
711000,0.412,0.000,0.588
711500,0.509,0.000,0.491
712000,0.584,0.000,0.416
712500,0.662,0.000,0.338
713000,0.517,0.000,0.483
713500,0.397,0.000,0.603
714000,0.577,0.000,0.423
714500,0.537,0.000,0.463
715000,0.399,0.000,0.601
715500,0.340,0.000,0.660
716000,0.523,0.000,0.477
716500,0.524,0.000,0.476
717000,0.469,0.000,0.531
717500,0.622,0.000,0.378
718000,0.424,0.000,0.576
718500,0.445,0.000,0.555
719000,0.629,0.000,0.371
719500,0.625,0.000,0.375
720000,0.679,0.000,0.321
720500,0.798,0.000,0.202
721000,0.618,0.000,0.382
721500,0.564,0.000,0.436
722000,0.468,0.000,0.532
722500,0.435,0.000,0.565
723000,0.659,0.000,0.341
723500,0.479,0.000,0.521
724000,0.435,0.000,0.565
724500,0.611,0.000,0.389
725000,0.674,0.000,0.326
725500,0.392,0.000,0.608
726000,0.479,0.000,0.521
726500,0.560,0.000,0.440
727000,0.431,0.000,0.569
727500,0.563,0.000,0.437
728000,0.656,0.000,0.344
728500,0.614,0.000,0.386
729000,0.531,0.000,0.469
729500,0.588,0.000,0.412
730000,0.646,0.000,0.354
730500,0.466,0.000,0.534
731000,0.497,0.000,0.503
731500,0.651,0.000,0.349
732000,0.693,0.000,0.307
732500,0.379,0.000,0.621
733000,0.558,0.000,0.442
733500,0.597,0.000,0.403
734000,0.535,0.000,0.465
734500,0.566,0.000,0.434
735000,0.595,0.000,0.405
735500,0.618,0.000,0.382
736000,0.736,0.000,0.264
736500,0.538,0.000,0.462
737000,0.462,0.000,0.538
737500,0.576,0.000,0.424
738000,0.489,0.000,0.511
738500,0.404,0.000,0.596
739000,0.511,0.000,0.489
739500,0.466,0.000,0.534
740000,0.379,0.000,0.621
740500,0.461,0.000,0.539
741000,0.397,0.000,0.603
741500,0.494,0.000,0.506
742000,0.643,0.000,0.357
742500,0.511,0.000,0.489
743000,0.430,0.000,0.570
743500,0.505,0.000,0.495
744000,0.587,0.000,0.413
744500,0.416,0.000,0.584
745000,0.433,0.000,0.567
745500,0.519,0.000,0.481
746000,0.524,0.000,0.476
746500,0.524,0.000,0.476
747000,0.533,0.000,0.467
747500,0.561,0.000,0.439
748000,0.651,0.000,0.349
748500,0.574,0.000,0.426
749000,0.479,0.000,0.521
749500,0.523,0.000,0.477
750000,0.484,0.000,0.516
750500,0.540,0.000,0.460
751000,0.592,0.000,0.408
751500,0.529,0.000,0.471
752000,0.652,0.000,0.348
752500,0.502,0.000,0.498
753000,0.540,0.000,0.460
753500,0.511,0.000,0.489
754000,0.467,0.000,0.533
754500,0.462,0.000,0.538
755000,0.613,0.000,0.387
755500,0.598,0.000,0.402
756000,0.654,0.000,0.346
756500,0.603,0.000,0.397
757000,0.513,0.000,0.487
757500,0.531,0.000,0.469
758000,0.416,0.000,0.584
758500,0.374,0.000,0.626
759000,0.530,0.000,0.470
759500,0.692,0.000,0.308
760000,0.701,0.000,0.299
760500,0.524,0.000,0.476
761000,0.611,0.000,0.389
761500,0.574,0.000,0.426
762000,0.390,0.000,0.610
762500,0.625,0.000,0.375
763000,0.529,0.000,0.471
763500,0.377,0.000,0.623
764000,0.547,0.000,0.453
764500,0.546,0.000,0.454
765000,0.539,0.000,0.461
765500,0.626,0.000,0.374
766000,0.588,0.000,0.412
766500,0.669,0.000,0.331
767000,0.495,0.000,0.505
767500,0.544,0.000,0.456
768000,0.661,0.000,0.339
768500,0.532,0.000,0.468
769000,0.495,0.000,0.505
769500,0.419,0.000,0.581
770000,0.507,0.000,0.493
770500,0.588,0.000,0.412
771000,0.574,0.000,0.426
771500,0.469,0.000,0.531
772000,0.328,0.000,0.672
772500,0.658,0.000,0.342
773000,0.498,0.000,0.502
773500,0.626,0.000,0.374
774000,0.570,0.000,0.430
774500,0.708,0.000,0.292
775000,0.663,0.000,0.337
775500,0.502,0.000,0.498
776000,0.517,0.000,0.483
776500,0.466,0.000,0.534
777000,0.431,0.000,0.569
777500,0.637,0.000,0.363
778000,0.408,0.000,0.592
778500,0.549,0.000,0.451
779000,0.694,0.000,0.306
779500,0.428,0.000,0.572
780000,0.563,0.000,0.437
780500,0.626,0.000,0.374
781000,0.452,0.000,0.548
781500,0.455,0.000,0.545
782000,0.593,0.000,0.407
782500,0.443,0.000,0.557
783000,0.618,0.000,0.382
783500,0.641,0.000,0.359
784000,0.494,0.000,0.506
784500,0.506,0.000,0.494
785000,0.650,0.000,0.350
785500,0.523,0.000,0.477
786000,0.498,0.000,0.502
786500,0.553,0.000,0.447
787000,0.392,0.000,0.608
787500,0.482,0.000,0.518
788000,0.503,0.000,0.497
788500,0.588,0.000,0.412
789000,0.681,0.000,0.319
789500,0.469,0.000,0.531
790000,0.535,0.000,0.465
790500,0.714,0.000,0.286
791000,0.469,0.000,0.531
791500,0.376,0.000,0.624
792000,0.481,0.000,0.519
792500,0.740,0.000,0.260
793000,0.607,0.000,0.393
793500,0.467,0.000,0.533
794000,0.287,0.000,0.713
794500,0.647,0.000,0.353
795000,0.646,0.000,0.354
795500,0.777,0.000,0.223
796000,0.461,0.000,0.539
796500,0.501,0.000,0.499
797000,0.528,0.000,0.472
797500,0.372,0.000,0.628
798000,0.481,0.000,0.519
798500,0.474,0.000,0.526
799000,0.667,0.000,0.333
799500,0.510,0.000,0.490
800000,0.555,0.000,0.445
800500,0.464,0.000,0.536
801000,0.476,0.000,0.524
801500,0.424,0.000,0.576
802000,0.353,0.000,0.647
802500,0.406,0.000,0.594
803000,0.570,0.000,0.430
803500,0.646,0.000,0.354
804000,0.601,0.000,0.399
804500,0.461,0.000,0.539
805000,0.425,0.000,0.575
805500,0.387,0.000,0.613
806000,0.526,0.000,0.474
806500,0.480,0.000,0.520
807000,0.368,0.000,0.632
807500,0.697,0.000,0.303
808000,0.582,0.000,0.418
808500,0.657,0.000,0.343
809000,0.559,0.000,0.441
809500,0.489,0.000,0.511
810000,0.516,0.000,0.484
810500,0.546,0.000,0.454
811000,0.558,0.000,0.442
811500,0.545,0.000,0.455
812000,0.706,0.000,0.294
812500,0.648,0.000,0.352
813000,0.570,0.000,0.430
813500,0.441,0.000,0.559
814000,0.480,0.000,0.520
814500,0.798,0.000,0.202
815000,0.555,0.000,0.445
815500,0.592,0.000,0.408
816000,0.426,0.000,0.574
816500,0.575,0.000,0.425
817000,0.723,0.000,0.277
817500,0.586,0.000,0.414
818000,0.755,0.000,0.245
818500,0.629,0.000,0.371
819000,0.574,0.000,0.426
819500,0.482,0.000,0.518
820000,0.622,0.000,0.378
820500,0.502,0.000,0.498
821000,0.546,0.000,0.454
821500,0.626,0.000,0.374
822000,0.438,0.000,0.562
822500,0.646,0.000,0.354
823000,0.769,0.000,0.231
823500,0.525,0.000,0.475
824000,0.775,0.000,0.225
824500,0.681,0.000,0.319
825000,0.618,0.000,0.382
825500,0.750,0.000,0.250
826000,0.517,0.000,0.483
826500,0.663,0.000,0.337
827000,0.451,0.000,0.549
827500,0.477,0.000,0.523
828000,0.502,0.000,0.498
828500,0.530,0.000,0.470
829000,0.441,0.000,0.559
829500,0.430,0.000,0.570
830000,0.610,0.000,0.390
830500,0.659,0.000,0.341
831000,0.544,0.000,0.456
831500,0.521,0.000,0.479
832000,0.481,0.000,0.519
832500,0.500,0.000,0.500
833000,0.551,0.000,0.449
833500,0.455,0.000,0.545
834000,0.449,0.000,0.551
834500,0.503,0.000,0.497
835000,0.474,0.000,0.526
835500,0.536,0.000,0.464
836000,0.551,0.000,0.449
836500,0.674,0.000,0.326
837000,0.569,0.000,0.431
837500,0.565,0.000,0.435
838000,0.686,0.000,0.314
838500,0.405,0.000,0.595
839000,0.611,0.000,0.389
839500,0.473,0.000,0.527
840000,0.500,0.000,0.500
840500,0.691,0.000,0.309
841000,0.757,0.000,0.243
841500,0.464,0.000,0.536
842000,0.676,0.000,0.324
842500,0.532,0.000,0.468
843000,0.447,0.000,0.553
843500,0.575,0.000,0.425
844000,0.595,0.000,0.405
844500,0.449,0.000,0.551
845000,0.579,0.000,0.421
845500,0.529,0.000,0.471
846000,0.544,0.000,0.456
846500,0.540,0.000,0.460
847000,0.453,0.000,0.547
847500,0.506,0.000,0.494
848000,0.688,0.000,0.312
848500,0.666,0.000,0.334
849000,0.519,0.000,0.481
849500,0.495,0.000,0.505
850000,0.519,0.000,0.481
850500,0.389,0.000,0.611
851000,0.516,0.000,0.484
851500,0.658,0.000,0.342
852000,0.545,0.000,0.455
852500,0.371,0.000,0.629
853000,0.503,0.000,0.497
853500,0.354,0.000,0.646
854000,0.593,0.000,0.407
854500,0.680,0.000,0.320
855000,0.649,0.000,0.351
855500,0.563,0.000,0.437
856000,0.481,0.000,0.519
856500,0.595,0.000,0.405
857000,0.554,0.000,0.446
857500,0.485,0.000,0.515
858000,0.551,0.000,0.449
858500,0.632,0.000,0.368
859000,0.616,0.000,0.384
859500,0.575,0.000,0.425
860000,0.369,0.000,0.631
860500,0.536,0.000,0.464
861000,0.552,0.000,0.448
861500,0.538,0.000,0.462
862000,0.521,0.000,0.479
862500,0.618,0.000,0.382
863000,0.431,0.000,0.569
863500,0.505,0.000,0.495
864000,0.486,0.000,0.514
864500,0.642,0.000,0.358
865000,0.449,0.000,0.551
865500,0.494,0.000,0.506
866000,0.588,0.000,0.412
866500,0.583,0.000,0.417
867000,0.475,0.000,0.525
867500,0.528,0.000,0.472
868000,0.466,0.000,0.534
868500,0.314,0.000,0.686
869000,0.524,0.000,0.476
869500,0.606,0.000,0.394
870000,0.514,0.000,0.486
870500,0.648,0.000,0.352
871000,0.488,0.000,0.512
871500,0.580,0.000,0.420
872000,0.630,0.000,0.370
872500,0.504,0.000,0.496
873000,0.558,0.000,0.442
873500,0.677,0.000,0.323
874000,0.517,0.000,0.483
874500,0.514,0.000,0.486
875000,0.486,0.000,0.514
875500,0.518,0.000,0.482
876000,0.680,0.000,0.320
876500,0.512,0.000,0.488
877000,0.585,0.000,0.415
877500,0.552,0.000,0.448
878000,0.502,0.000,0.498
878500,0.473,0.000,0.527
879000,0.491,0.000,0.509
879500,0.566,0.000,0.434
880000,0.510,0.000,0.490
880500,0.497,0.000,0.503
881000,0.482,0.000,0.518
881500,0.378,0.000,0.622
882000,0.494,0.000,0.506
882500,0.406,0.000,0.594
883000,0.647,0.000,0.353
883500,0.659,0.000,0.341
884000,0.584,0.000,0.416
884500,0.611,0.000,0.389
885000,0.658,0.000,0.342
885500,0.567,0.000,0.433
886000,0.650,0.000,0.350
886500,0.526,0.000,0.474
887000,0.503,0.000,0.497
887500,0.461,0.000,0.539
888000,0.450,0.000,0.550
888500,0.491,0.000,0.509
889000,0.518,0.000,0.482
889500,0.453,0.000,0.547
890000,0.538,0.000,0.462
890500,0.627,0.000,0.373
891000,0.670,0.000,0.330
891500,0.749,0.000,0.251
892000,0.501,0.000,0.499
892500,0.404,0.000,0.596
893000,0.473,0.000,0.527
893500,0.465,0.000,0.535
894000,0.629,0.000,0.371
894500,0.633,0.000,0.367
895000,0.493,0.000,0.507
895500,0.489,0.000,0.511
896000,0.539,0.000,0.461
896500,0.537,0.000,0.463
897000,0.431,0.000,0.569
897500,0.737,0.000,0.263
898000,0.497,0.000,0.503
898500,0.493,0.000,0.507
899000,0.656,0.000,0.344
899500,0.554,0.000,0.446
900000,0.597,0.000,0.403
900500,0.336,0.000,0.664
901000,0.535,0.000,0.465
901500,0.517,0.000,0.483
902000,0.415,0.000,0.585
902500,0.358,0.000,0.642
903000,0.463,0.000,0.537
903500,0.401,0.000,0.599
904000,0.605,0.000,0.395
904500,0.792,0.000,0.208
905000,0.744,0.000,0.256
905500,0.640,0.000,0.360
906000,0.686,0.000,0.314
906500,0.553,0.000,0.447
907000,0.646,0.000,0.354
907500,0.535,0.000,0.465
908000,0.566,0.000,0.434
908500,0.628,0.000,0.372
909000,0.676,0.000,0.324
909500,0.532,0.000,0.468
910000,0.660,0.000,0.340
910500,0.547,0.000,0.453
911000,0.453,0.000,0.547
911500,0.602,0.000,0.398
912000,0.694,0.000,0.306
912500,0.643,0.000,0.357
913000,0.710,0.000,0.290
913500,0.508,0.000,0.492
914000,0.427,0.000,0.573
914500,0.671,0.000,0.329
915000,0.512,0.000,0.488
915500,0.579,0.000,0.421
916000,0.692,0.000,0.308
916500,0.537,0.000,0.463
917000,0.619,0.000,0.381
917500,0.562,0.000,0.438
918000,0.368,0.000,0.632
918500,0.430,0.000,0.570
919000,0.560,0.000,0.440
919500,0.744,0.000,0.256
920000,0.515,0.000,0.485
920500,0.510,0.000,0.490
921000,0.706,0.000,0.294
921500,0.589,0.000,0.411
922000,0.482,0.000,0.518
922500,0.688,0.000,0.312
923000,0.461,0.000,0.539
923500,0.397,0.000,0.603
924000,0.478,0.000,0.522
924500,0.598,0.000,0.402
925000,0.532,0.000,0.468
925500,0.675,0.000,0.325
926000,0.615,0.000,0.385
926500,0.716,0.000,0.284
927000,0.493,0.000,0.507
927500,0.416,0.000,0.584
928000,0.505,0.000,0.495
928500,0.534,0.000,0.466
929000,0.423,0.000,0.577
929500,0.534,0.000,0.466
930000,0.576,0.000,0.424
930500,0.613,0.000,0.387
931000,0.644,0.000,0.356
931500,0.405,0.000,0.595
932000,0.513,0.000,0.487
932500,0.455,0.000,0.545
933000,0.615,0.000,0.385
933500,0.489,0.000,0.511
934000,0.408,0.000,0.592
934500,0.679,0.000,0.321
935000,0.674,0.000,0.326
935500,0.663,0.000,0.337
936000,0.464,0.000,0.536
936500,0.553,0.000,0.447
937000,0.515,0.000,0.485
937500,0.488,0.000,0.512
938000,0.451,0.000,0.549
938500,0.586,0.000,0.414
939000,0.581,0.000,0.419
939500,0.543,0.000,0.457
940000,0.578,0.000,0.422
940500,0.538,0.000,0.462
941000,0.482,0.000,0.518
941500,0.430,0.000,0.570
942000,0.467,0.000,0.533
942500,0.405,0.000,0.595
943000,0.593,0.000,0.407
943500,0.599,0.000,0.401
944000,0.544,0.000,0.456
944500,0.478,0.000,0.522
945000,0.615,0.000,0.385
945500,0.721,0.000,0.279
946000,0.760,0.000,0.240
946500,0.522,0.000,0.478
947000,0.477,0.000,0.523
947500,0.556,0.000,0.444
948000,0.580,0.000,0.420
948500,0.530,0.000,0.470
949000,0.446,0.000,0.554
949500,0.479,0.000,0.521
950000,0.508,0.000,0.492
950500,0.478,0.000,0.522
951000,0.506,0.000,0.494
951500,0.699,0.000,0.301
952000,0.511,0.000,0.489
952500,0.550,0.000,0.450
953000,0.606,0.000,0.394
953500,0.405,0.000,0.595
954000,0.534,0.000,0.466
954500,0.422,0.000,0.578
955000,0.432,0.000,0.568
955500,0.387,0.000,0.613
956000,0.290,0.000,0.710
956500,0.659,0.000,0.341
957000,0.473,0.000,0.527
957500,0.737,0.000,0.263
958000,0.689,0.000,0.311
958500,0.561,0.000,0.439
959000,0.565,0.000,0.435
959500,0.626,0.000,0.374
960000,0.572,0.000,0.428
960500,0.673,0.000,0.327
961000,0.426,0.000,0.574
961500,0.587,0.000,0.413
962000,0.458,0.000,0.542
962500,0.503,0.000,0.497
963000,0.542,0.000,0.458
963500,0.497,0.000,0.503
964000,0.542,0.000,0.458
964500,0.543,0.000,0.457
965000,0.626,0.000,0.374
965500,0.827,0.000,0.173
966000,0.671,0.000,0.329
966500,0.426,0.000,0.574
967000,0.431,0.000,0.569
967500,0.542,0.000,0.458
968000,0.565,0.000,0.435
968500,0.647,0.000,0.353
969000,0.672,0.000,0.328
969500,0.446,0.000,0.554
970000,0.594,0.000,0.406
970500,0.543,0.000,0.457
971000,0.404,0.000,0.596
971500,0.470,0.000,0.530
972000,0.493,0.000,0.507
972500,0.859,0.000,0.141
973000,0.512,0.000,0.488
973500,0.646,0.000,0.354
974000,0.415,0.000,0.585
974500,0.614,0.000,0.386
975000,0.643,0.000,0.357
975500,0.579,0.000,0.421
976000,0.484,0.000,0.516
976500,0.511,0.000,0.489
977000,0.553,0.000,0.447
977500,0.647,0.000,0.353
978000,0.464,0.000,0.536
978500,0.639,0.000,0.361
979000,0.550,0.000,0.450
979500,0.717,0.000,0.283
980000,0.593,0.000,0.407
980500,0.500,0.000,0.500
981000,0.429,0.000,0.571
981500,0.558,0.000,0.442
982000,0.543,0.000,0.457
982500,0.443,0.000,0.557
983000,0.598,0.000,0.402
983500,0.446,0.000,0.554
984000,0.552,0.000,0.448
984500,0.522,0.000,0.478
985000,0.605,0.000,0.395
985500,0.502,0.000,0.498
986000,0.458,0.000,0.542
986500,0.409,0.000,0.591
987000,0.599,0.000,0.401
987500,0.506,0.000,0.494
988000,0.416,0.000,0.584
988500,0.553,0.000,0.447
989000,0.517,0.000,0.483
989500,0.536,0.000,0.464
990000,0.676,0.000,0.324
990500,0.562,0.000,0.438
991000,0.559,0.000,0.441
991500,0.669,0.000,0.331
992000,0.437,0.000,0.563
992500,0.614,0.000,0.386
993000,0.608,0.000,0.392
993500,0.434,0.000,0.566
994000,0.587,0.000,0.413
994500,0.689,0.000,0.311
995000,0.527,0.000,0.473
995500,0.436,0.000,0.564
996000,0.466,0.000,0.534
996500,0.453,0.000,0.547
997000,0.482,0.000,0.518
997500,0.576,0.000,0.424
998000,0.512,0.000,0.488
998500,0.491,0.000,0.509
999000,0.601,0.000,0.399
999500,0.421,0.000,0.579
1000000,0.486,0.000,0.514
