time,n_A+p,n_B,n_AB
500,0.010,0.867,0.123
1000,0.010,0.962,0.028
1500,0.010,0.890,0.100
2000,0.010,0.954,0.036
2500,0.010,0.965,0.025
3000,0.010,0.901,0.089
3500,0.010,0.937,0.053
4000,0.010,0.966,0.024
4500,0.010,0.990,0.000
5000,0.010,0.950,0.040
5500,0.010,0.966,0.024
6000,0.010,0.970,0.020
6500,0.010,0.905,0.085
7000,0.010,0.966,0.024
7500,0.010,0.960,0.030
8000,0.010,0.898,0.092
8500,0.010,0.937,0.053
9000,0.010,0.961,0.029
9500,0.010,0.950,0.040
10000,0.010,0.907,0.083
10500,0.010,0.906,0.084
11000,0.010,0.877,0.113
11500,0.010,0.908,0.082
12000,0.010,0.960,0.030
12500,0.010,0.934,0.056
13000,0.010,0.794,0.196
13500,0.010,0.881,0.109
14000,0.010,0.959,0.031
14500,0.010,0.943,0.047
15000,0.010,0.955,0.035
15500,0.010,0.955,0.035
16000,0.010,0.897,0.093
16500,0.010,0.924,0.066
17000,0.010,0.975,0.015
17500,0.010,0.959,0.031
18000,0.010,0.883,0.107
18500,0.010,0.926,0.064
19000,0.010,0.895,0.095
19500,0.010,0.981,0.009
20000,0.010,0.922,0.068
20500,0.010,0.931,0.059
21000,0.010,0.889,0.101
21500,0.010,0.924,0.066
22000,0.010,0.937,0.053
22500,0.010,0.949,0.041
23000,0.010,0.977,0.013
23500,0.010,0.949,0.041
24000,0.010,0.973,0.017
24500,0.010,0.955,0.035
25000,0.010,0.921,0.069
25500,0.010,0.964,0.026
26000,0.010,0.909,0.081
26500,0.010,0.965,0.025
27000,0.010,0.989,0.001
27500,0.010,0.925,0.065
28000,0.010,0.912,0.078
28500,0.010,0.976,0.014
29000,0.010,0.957,0.033
29500,0.010,0.981,0.009
30000,0.010,0.967,0.023
30500,0.010,0.990,0.000
31000,0.010,0.969,0.021
31500,0.010,0.938,0.052
32000,0.010,0.943,0.047
32500,0.010,0.894,0.096
33000,0.010,0.935,0.055
33500,0.010,0.935,0.055
34000,0.010,0.875,0.115
34500,0.010,0.947,0.043
35000,0.010,0.954,0.036
35500,0.010,0.975,0.015
36000,0.010,0.945,0.045
36500,0.010,0.870,0.120
37000,0.010,0.830,0.160
37500,0.010,0.952,0.038
38000,0.010,0.875,0.115
38500,0.010,0.981,0.009
39000,0.010,0.929,0.061
39500,0.010,0.938,0.052
40000,0.010,0.919,0.071
40500,0.010,0.885,0.105
41000,0.010,0.951,0.039
41500,0.010,0.926,0.064
42000,0.010,0.916,0.074
42500,0.010,0.948,0.042
43000,0.010,0.976,0.014
43500,0.010,0.980,0.010
44000,0.010,0.942,0.048
44500,0.010,0.878,0.112
45000,0.010,0.899,0.091
45500,0.010,0.956,0.034
46000,0.010,0.988,0.002
46500,0.010,0.970,0.020
47000,0.010,0.922,0.068
47500,0.010,0.981,0.009
48000,0.010,0.814,0.176
48500,0.010,0.914,0.076
49000,0.010,0.971,0.019
49500,0.010,0.924,0.066
50000,0.010,0.865,0.125
50500,0.010,0.893,0.097
51000,0.010,0.931,0.059
51500,0.010,0.936,0.054
52000,0.010,0.970,0.020
52500,0.010,0.959,0.031
53000,0.010,0.929,0.061
53500,0.010,0.950,0.040
54000,0.010,0.873,0.117
54500,0.010,0.873,0.117
55000,0.010,0.772,0.218
55500,0.010,0.956,0.034
56000,0.010,0.894,0.096
56500,0.010,0.917,0.073
57000,0.010,0.934,0.056
57500,0.010,0.968,0.022
58000,0.010,0.756,0.234
58500,0.010,0.941,0.049
59000,0.010,0.973,0.017
59500,0.010,0.893,0.097
60000,0.010,0.989,0.001
60500,0.010,0.968,0.022
61000,0.010,0.952,0.038
61500,0.010,0.978,0.012
62000,0.010,0.957,0.033
62500,0.010,0.976,0.014
63000,0.010,0.936,0.054
63500,0.010,0.789,0.201
64000,0.010,0.972,0.018
64500,0.010,0.978,0.012
65000,0.010,0.934,0.056
65500,0.010,0.910,0.080
66000,0.010,0.966,0.024
66500,0.010,0.937,0.053
67000,0.010,0.955,0.035
67500,0.010,0.975,0.015
68000,0.010,0.948,0.042
68500,0.010,0.964,0.026
69000,0.010,0.743,0.247
69500,0.010,0.854,0.136
70000,0.010,0.953,0.037
70500,0.010,0.975,0.015
71000,0.010,0.975,0.015
71500,0.010,0.863,0.127
72000,0.010,0.944,0.046
72500,0.010,0.926,0.064
73000,0.010,0.865,0.125
73500,0.010,0.937,0.053
74000,0.010,0.955,0.035
74500,0.010,0.980,0.010
75000,0.010,0.968,0.022
75500,0.010,0.934,0.056
76000,0.010,0.954,0.036
76500,0.010,0.946,0.044
77000,0.010,0.938,0.052
77500,0.010,0.970,0.020
78000,0.010,0.987,0.003
78500,0.010,0.912,0.078
79000,0.010,0.856,0.134
79500,0.010,0.957,0.033
80000,0.010,0.943,0.047
80500,0.010,0.974,0.016
81000,0.010,0.940,0.050
81500,0.010,0.939,0.051
82000,0.010,0.883,0.107
82500,0.010,0.949,0.041
83000,0.010,0.976,0.014
83500,0.010,0.959,0.031
84000,0.010,0.892,0.098
84500,0.010,0.973,0.017
85000,0.010,0.978,0.012
85500,0.010,0.941,0.049
86000,0.010,0.907,0.083
86500,0.010,0.885,0.105
87000,0.010,0.983,0.007
87500,0.010,0.951,0.039
88000,0.010,0.967,0.023
88500,0.010,0.895,0.095
89000,0.010,0.867,0.123
89500,0.010,0.983,0.007
90000,0.010,0.941,0.049
90500,0.010,0.909,0.081
91000,0.010,0.972,0.018
91500,0.010,0.959,0.031
92000,0.010,0.894,0.096
92500,0.010,0.957,0.033
93000,0.010,0.872,0.118
93500,0.010,0.954,0.036
94000,0.010,0.990,0.000
94500,0.010,0.950,0.040
95000,0.010,0.977,0.013
95500,0.010,0.938,0.052
96000,0.010,0.901,0.089
96500,0.010,0.927,0.063
97000,0.010,0.957,0.033
97500,0.010,0.865,0.125
98000,0.010,0.893,0.097
98500,0.010,0.990,0.000
99000,0.010,0.983,0.007
99500,0.010,0.952,0.038
100000,0.010,0.889,0.101
100500,0.010,0.929,0.061
101000,0.010,0.989,0.001
101500,0.010,0.964,0.026
102000,0.010,0.940,0.050
102500,0.010,0.911,0.079
103000,0.010,0.865,0.125
103500,0.010,0.880,0.110
104000,0.010,0.912,0.078
104500,0.010,0.979,0.011
105000,0.010,0.941,0.049
105500,0.010,0.972,0.018
106000,0.010,0.920,0.070
106500,0.010,0.990,0.000
107000,0.010,0.932,0.058
107500,0.010,0.959,0.031
108000,0.010,0.933,0.057
108500,0.010,0.898,0.092
109000,0.010,0.888,0.102
109500,0.010,0.877,0.113
110000,0.010,0.978,0.012
110500,0.010,0.940,0.050
111000,0.010,0.982,0.008
111500,0.010,0.979,0.011
112000,0.010,0.911,0.079
112500,0.010,0.899,0.091
113000,0.010,0.915,0.075
113500,0.010,0.880,0.110
114000,0.010,0.899,0.091
114500,0.010,0.847,0.143
115000,0.010,0.805,0.185
115500,0.010,0.906,0.084
116000,0.010,0.985,0.005
116500,0.010,0.887,0.103
117000,0.010,0.984,0.006
117500,0.010,0.919,0.071
118000,0.010,0.896,0.094
118500,0.010,0.986,0.004
119000,0.010,0.962,0.028
119500,0.010,0.926,0.064
120000,0.010,0.917,0.073
120500,0.010,0.875,0.115
121000,0.010,0.906,0.084
121500,0.010,0.948,0.042
122000,0.010,0.989,0.001
122500,0.010,0.935,0.055
123000,0.010,0.964,0.026
123500,0.010,0.953,0.037
124000,0.010,0.985,0.005
124500,0.010,0.899,0.091
125000,0.010,0.900,0.090
125500,0.010,0.930,0.060
126000,0.010,0.984,0.006
126500,0.010,0.963,0.027
127000,0.010,0.952,0.038
127500,0.010,0.973,0.017
128000,0.010,0.934,0.056
128500,0.010,0.987,0.003
129000,0.010,0.894,0.096
129500,0.010,0.954,0.036
130000,0.010,0.861,0.129
130500,0.010,0.974,0.016
131000,0.010,0.814,0.176
131500,0.010,0.968,0.022
132000,0.010,0.915,0.075
132500,0.010,0.929,0.061
133000,0.010,0.948,0.042
133500,0.010,0.920,0.070
134000,0.010,0.811,0.179
134500,0.010,0.884,0.106
135000,0.010,0.989,0.001
135500,0.010,0.879,0.111
136000,0.010,0.899,0.091
136500,0.010,0.925,0.065
137000,0.010,0.990,0.000
137500,0.010,0.876,0.114
138000,0.010,0.962,0.028
138500,0.010,0.983,0.007
139000,0.010,0.903,0.087
139500,0.010,0.951,0.039
140000,0.010,0.975,0.015
140500,0.010,0.988,0.002
141000,0.010,0.975,0.015
141500,0.010,0.907,0.083
142000,0.010,0.972,0.018
142500,0.010,0.946,0.044
143000,0.010,0.974,0.016
143500,0.010,0.972,0.018
144000,0.010,0.981,0.009
144500,0.010,0.904,0.086
145000,0.010,0.968,0.022
145500,0.010,0.985,0.005
146000,0.010,0.980,0.010
146500,0.010,0.829,0.161
147000,0.010,0.989,0.001
147500,0.010,0.941,0.049
148000,0.010,0.910,0.080
148500,0.010,0.963,0.027
149000,0.010,0.937,0.053
149500,0.010,0.936,0.054
150000,0.010,0.927,0.063
150500,0.010,0.868,0.122
151000,0.010,0.922,0.068
151500,0.010,0.916,0.074
152000,0.010,0.972,0.018
152500,0.010,0.968,0.022
153000,0.010,0.988,0.002
153500,0.010,0.951,0.039
154000,0.010,0.990,0.000
154500,0.010,0.978,0.012
155000,0.010,0.989,0.001
155500,0.010,0.941,0.049
156000,0.010,0.921,0.069
156500,0.010,0.920,0.070
157000,0.010,0.845,0.145
157500,0.010,0.884,0.106
158000,0.010,0.973,0.017
158500,0.010,0.953,0.037
159000,0.010,0.947,0.043
159500,0.010,0.824,0.166
160000,0.010,0.941,0.049
160500,0.010,0.961,0.029
161000,0.010,0.957,0.033
161500,0.010,0.969,0.021
162000,0.010,0.909,0.081
162500,0.010,0.976,0.014
163000,0.010,0.836,0.154
163500,0.010,0.955,0.035
164000,0.010,0.915,0.075
164500,0.010,0.900,0.090
165000,0.010,0.942,0.048
165500,0.010,0.829,0.161
166000,0.010,0.932,0.058
166500,0.010,0.962,0.028
167000,0.010,0.875,0.115
167500,0.010,0.936,0.054
168000,0.010,0.937,0.053
168500,0.010,0.840,0.150
169000,0.010,0.934,0.056
169500,0.010,0.973,0.017
170000,0.010,0.856,0.134
170500,0.010,0.856,0.134
171000,0.010,0.932,0.058
171500,0.010,0.989,0.001
172000,0.010,0.953,0.037
172500,0.010,0.908,0.082
173000,0.010,0.943,0.047
173500,0.010,0.990,0.000
174000,0.010,0.988,0.002
174500,0.010,0.950,0.040
175000,0.010,0.866,0.124
175500,0.010,0.983,0.007
176000,0.010,0.942,0.048
176500,0.010,0.881,0.109
177000,0.010,0.974,0.016
177500,0.010,0.909,0.081
178000,0.010,0.952,0.038
178500,0.010,0.933,0.057
179000,0.010,0.921,0.069
179500,0.010,0.932,0.058
180000,0.010,0.980,0.010
180500,0.010,0.988,0.002
181000,0.010,0.949,0.041
181500,0.010,0.983,0.007
182000,0.010,0.884,0.106
182500,0.010,0.939,0.051
183000,0.010,0.951,0.039
183500,0.010,0.990,0.000
184000,0.010,0.957,0.033
184500,0.010,0.957,0.033
185000,0.010,0.908,0.082
185500,0.010,0.966,0.024
186000,0.010,0.909,0.081
186500,0.010,0.936,0.054
187000,0.010,0.974,0.016
187500,0.010,0.879,0.111
188000,0.010,0.913,0.077
188500,0.010,0.893,0.097
189000,0.010,0.916,0.074
189500,0.010,0.974,0.016
190000,0.010,0.929,0.061
190500,0.010,0.979,0.011
191000,0.010,0.881,0.109
191500,0.010,0.933,0.057
192000,0.010,0.972,0.018
192500,0.010,0.899,0.091
193000,0.010,0.820,0.170
193500,0.010,0.890,0.100
194000,0.010,0.869,0.121
194500,0.010,0.887,0.103
195000,0.010,0.908,0.082
195500,0.010,0.772,0.218
196000,0.010,0.966,0.024
196500,0.010,0.954,0.036
197000,0.010,0.928,0.062
197500,0.010,0.933,0.057
198000,0.010,0.971,0.019
198500,0.010,0.947,0.043
199000,0.010,0.745,0.245
199500,0.010,0.828,0.162
200000,0.010,0.924,0.066
200500,0.010,0.884,0.106
201000,0.010,0.845,0.145
201500,0.010,0.784,0.206
202000,0.010,0.878,0.112
202500,0.010,0.900,0.090
203000,0.010,0.913,0.077
203500,0.010,0.961,0.029
204000,0.010,0.990,0.000
204500,0.010,0.935,0.055
205000,0.010,0.839,0.151
205500,0.010,0.960,0.030
206000,0.010,0.979,0.011
206500,0.010,0.989,0.001
207000,0.010,0.845,0.145
207500,0.010,0.964,0.026
208000,0.010,0.765,0.225
208500,0.010,0.868,0.122
209000,0.010,0.896,0.094
209500,0.010,0.969,0.021
210000,0.010,0.952,0.038
210500,0.010,0.911,0.079
211000,0.010,0.972,0.018
211500,0.010,0.972,0.018
212000,0.010,0.971,0.019
212500,0.010,0.854,0.136
213000,0.010,0.730,0.260
213500,0.010,0.977,0.013
214000,0.010,0.936,0.054
214500,0.010,0.898,0.092
215000,0.010,0.922,0.068
215500,0.010,0.952,0.038
216000,0.010,0.986,0.004
216500,0.010,0.931,0.059
217000,0.010,0.952,0.038
217500,0.010,0.821,0.169
218000,0.010,0.870,0.120
218500,0.010,0.990,0.000
219000,0.010,0.968,0.022
219500,0.010,0.977,0.013
220000,0.010,0.921,0.069
220500,0.010,0.909,0.081
221000,0.010,0.839,0.151
221500,0.010,0.964,0.026
222000,0.010,0.919,0.071
222500,0.010,0.986,0.004
223000,0.010,0.866,0.124
223500,0.010,0.941,0.049
224000,0.010,0.889,0.101
224500,0.010,0.958,0.032
225000,0.010,0.984,0.006
225500,0.010,0.940,0.050
226000,0.010,0.948,0.042
226500,0.010,0.920,0.070
227000,0.010,0.936,0.054
227500,0.010,0.956,0.034
228000,0.010,0.892,0.098
228500,0.010,0.923,0.067
229000,0.010,0.919,0.071
229500,0.010,0.893,0.097
230000,0.010,0.912,0.078
230500,0.010,0.939,0.051
231000,0.010,0.872,0.118
231500,0.010,0.892,0.098
232000,0.010,0.984,0.006
232500,0.010,0.945,0.045
233000,0.010,0.940,0.050
233500,0.010,0.906,0.084
234000,0.010,0.933,0.057
234500,0.010,0.920,0.070
235000,0.010,0.988,0.002
235500,0.010,0.953,0.037
236000,0.010,0.794,0.196
236500,0.010,0.797,0.193
237000,0.010,0.875,0.115
237500,0.010,0.953,0.037
238000,0.010,0.931,0.059
238500,0.010,0.969,0.021
239000,0.010,0.965,0.025
239500,0.010,0.922,0.068
240000,0.010,0.958,0.032
240500,0.010,0.971,0.019
241000,0.010,0.972,0.018
241500,0.010,0.983,0.007
242000,0.010,0.894,0.096
242500,0.010,0.886,0.104
243000,0.010,0.921,0.069
243500,0.010,0.987,0.003
244000,0.010,0.924,0.066
244500,0.010,0.966,0.024
245000,0.010,0.969,0.021
245500,0.010,0.973,0.017
246000,0.010,0.892,0.098
246500,0.010,0.929,0.061
247000,0.010,0.923,0.067
247500,0.010,0.965,0.025
248000,0.010,0.973,0.017
248500,0.010,0.973,0.017
249000,0.010,0.944,0.046
249500,0.010,0.896,0.094
250000,0.010,0.891,0.099
250500,0.010,0.852,0.138
251000,0.010,0.976,0.014
251500,0.010,0.979,0.011
252000,0.010,0.929,0.061
252500,0.010,0.919,0.071
253000,0.010,0.885,0.105
253500,0.010,0.910,0.080
254000,0.010,0.792,0.198
254500,0.010,0.919,0.071
255000,0.010,0.961,0.029
255500,0.010,0.983,0.007
256000,0.010,0.901,0.089
256500,0.010,0.939,0.051
257000,0.010,0.922,0.068
257500,0.010,0.895,0.095
258000,0.010,0.951,0.039
258500,0.010,0.953,0.037
259000,0.010,0.989,0.001
259500,0.010,0.872,0.118
260000,0.010,0.961,0.029
260500,0.010,0.948,0.042
261000,0.010,0.949,0.041
261500,0.010,0.931,0.059
262000,0.010,0.961,0.029
262500,0.010,0.985,0.005
263000,0.010,0.953,0.037
263500,0.010,0.862,0.128
264000,0.010,0.970,0.020
264500,0.010,0.861,0.129
265000,0.010,0.902,0.088
265500,0.010,0.964,0.026
266000,0.010,0.989,0.001
266500,0.010,0.849,0.141
267000,0.010,0.835,0.155
267500,0.010,0.809,0.181
268000,0.010,0.978,0.012
268500,0.010,0.963,0.027
269000,0.010,0.900,0.090
269500,0.010,0.925,0.065
270000,0.010,0.990,0.000
270500,0.010,0.983,0.007
271000,0.010,0.853,0.137
271500,0.010,0.984,0.006
272000,0.010,0.986,0.004
272500,0.010,0.958,0.032
273000,0.010,0.968,0.022
273500,0.010,0.845,0.145
274000,0.010,0.930,0.060
274500,0.010,0.915,0.075
275000,0.010,0.910,0.080
275500,0.010,0.988,0.002
276000,0.010,0.920,0.070
276500,0.010,0.836,0.154
277000,0.010,0.947,0.043
277500,0.010,0.933,0.057
278000,0.010,0.874,0.116
278500,0.010,0.778,0.212
279000,0.010,0.932,0.058
279500,0.010,0.969,0.021
280000,0.010,0.933,0.057
280500,0.010,0.959,0.031
281000,0.010,0.932,0.058
281500,0.010,0.919,0.071
282000,0.010,0.990,0.000
282500,0.010,0.973,0.017
283000,0.010,0.898,0.092
283500,0.010,0.933,0.057
284000,0.010,0.958,0.032
284500,0.010,0.978,0.012
285000,0.010,0.939,0.051
285500,0.010,0.935,0.055
286000,0.010,0.977,0.013
286500,0.010,0.983,0.007
287000,0.010,0.945,0.045
287500,0.010,0.916,0.074
288000,0.010,0.937,0.053
288500,0.010,0.945,0.045
289000,0.010,0.969,0.021
289500,0.010,0.948,0.042
290000,0.010,0.859,0.131
290500,0.010,0.916,0.074
291000,0.010,0.950,0.040
291500,0.010,0.883,0.107
292000,0.010,0.975,0.015
292500,0.010,0.882,0.108
293000,0.010,0.931,0.059
293500,0.010,0.900,0.090
294000,0.010,0.963,0.027
294500,0.010,0.878,0.112
295000,0.010,0.862,0.128
295500,0.010,0.875,0.115
296000,0.010,0.979,0.011
296500,0.010,0.966,0.024
297000,0.010,0.947,0.043
297500,0.010,0.914,0.076
298000,0.010,0.827,0.163
298500,0.010,0.958,0.032
299000,0.010,0.945,0.045
299500,0.010,0.975,0.015
300000,0.010,0.989,0.001
300500,0.010,0.901,0.089
301000,0.010,0.858,0.132
301500,0.010,0.977,0.013
302000,0.010,0.988,0.002
302500,0.010,0.977,0.013
303000,0.010,0.883,0.107
303500,0.010,0.960,0.030
304000,0.010,0.960,0.030
304500,0.010,0.880,0.110
305000,0.010,0.933,0.057
305500,0.010,0.967,0.023
306000,0.010,0.944,0.046
306500,0.010,0.960,0.030
307000,0.010,0.897,0.093
307500,0.010,0.971,0.019
308000,0.010,0.917,0.073
308500,0.010,0.970,0.020
309000,0.010,0.912,0.078
309500,0.010,0.956,0.034
310000,0.010,0.854,0.136
310500,0.010,0.844,0.146
311000,0.010,0.922,0.068
311500,0.010,0.945,0.045
312000,0.010,0.972,0.018
312500,0.010,0.980,0.010
313000,0.010,0.969,0.021
313500,0.010,0.978,0.012
314000,0.010,0.877,0.113
314500,0.010,0.896,0.094
315000,0.010,0.962,0.028
315500,0.010,0.941,0.049
316000,0.010,0.969,0.021
316500,0.010,0.967,0.023
317000,0.010,0.977,0.013
317500,0.010,0.879,0.111
318000,0.010,0.936,0.054
318500,0.010,0.931,0.059
319000,0.010,0.866,0.124
319500,0.010,0.883,0.107
320000,0.010,0.883,0.107
320500,0.010,0.961,0.029
321000,0.010,0.792,0.198
321500,0.010,0.941,0.049
322000,0.010,0.940,0.050
322500,0.010,0.977,0.013
323000,0.010,0.975,0.015
323500,0.010,0.971,0.019
324000,0.010,0.833,0.157
324500,0.010,0.836,0.154
325000,0.010,0.931,0.059
325500,0.010,0.872,0.118
326000,0.010,0.968,0.022
326500,0.010,0.942,0.048
327000,0.010,0.953,0.037
327500,0.010,0.917,0.073
328000,0.010,0.887,0.103
328500,0.010,0.876,0.114
329000,0.010,0.828,0.162
329500,0.010,0.966,0.024
330000,0.010,0.949,0.041
330500,0.010,0.977,0.013
331000,0.010,0.951,0.039
331500,0.010,0.967,0.023
332000,0.010,0.866,0.124
332500,0.010,0.836,0.154
333000,0.010,0.943,0.047
333500,0.010,0.936,0.054
334000,0.010,0.944,0.046
334500,0.010,0.897,0.093
335000,0.010,0.891,0.099
335500,0.010,0.840,0.150
336000,0.010,0.881,0.109
336500,0.010,0.942,0.048
337000,0.010,0.975,0.015
337500,0.010,0.867,0.123
338000,0.010,0.917,0.073
338500,0.010,0.949,0.041
339000,0.010,0.990,0.000
339500,0.010,0.979,0.011
340000,0.010,0.936,0.054
340500,0.010,0.921,0.069
341000,0.010,0.954,0.036
341500,0.010,0.794,0.196
342000,0.010,0.913,0.077
342500,0.010,0.850,0.140
343000,0.010,0.849,0.141
343500,0.010,0.973,0.017
344000,0.010,0.925,0.065
344500,0.010,0.961,0.029
345000,0.010,0.828,0.162
345500,0.010,0.963,0.027
346000,0.010,0.836,0.154
346500,0.010,0.972,0.018
347000,0.010,0.982,0.008
347500,0.010,0.921,0.069
348000,0.010,0.956,0.034
348500,0.010,0.973,0.017
349000,0.010,0.853,0.137
349500,0.010,0.918,0.072
350000,0.010,0.964,0.026
350500,0.010,0.963,0.027
351000,0.010,0.966,0.024
351500,0.010,0.919,0.071
352000,0.010,0.967,0.023
352500,0.010,0.864,0.126
353000,0.010,0.974,0.016
353500,0.010,0.983,0.007
354000,0.010,0.973,0.017
354500,0.010,0.937,0.053
355000,0.010,0.891,0.099
355500,0.010,0.875,0.115
356000,0.010,0.859,0.131
356500,0.010,0.961,0.029
357000,0.010,0.926,0.064
357500,0.010,0.990,0.000
358000,0.010,0.865,0.125
358500,0.010,0.910,0.080
359000,0.010,0.903,0.087
359500,0.010,0.980,0.010
360000,0.010,0.990,0.000
360500,0.010,0.939,0.051
361000,0.010,0.988,0.002
361500,0.010,0.964,0.026
362000,0.010,0.862,0.128
362500,0.010,0.979,0.011
363000,0.010,0.967,0.023
363500,0.010,0.909,0.081
364000,0.010,0.938,0.052
364500,0.010,0.908,0.082
365000,0.010,0.946,0.044
365500,0.010,0.921,0.069
366000,0.010,0.829,0.161
366500,0.010,0.988,0.002
367000,0.010,0.975,0.015
367500,0.010,0.983,0.007
368000,0.010,0.969,0.021
368500,0.010,0.951,0.039
369000,0.010,0.958,0.032
369500,0.010,0.844,0.146
370000,0.010,0.871,0.119
370500,0.010,0.900,0.090
371000,0.010,0.972,0.018
371500,0.010,0.932,0.058
372000,0.010,0.988,0.002
372500,0.010,0.976,0.014
373000,0.010,0.933,0.057
373500,0.010,0.937,0.053
374000,0.010,0.752,0.238
374500,0.010,0.743,0.247
375000,0.010,0.881,0.109
375500,0.010,0.857,0.133
376000,0.010,0.963,0.027
376500,0.010,0.895,0.095
377000,0.010,0.759,0.231
377500,0.010,0.873,0.117
378000,0.010,0.961,0.029
378500,0.010,0.892,0.098
379000,0.010,0.913,0.077
379500,0.010,0.896,0.094
380000,0.010,0.872,0.118
380500,0.010,0.903,0.087
381000,0.010,0.970,0.020
381500,0.010,0.895,0.095
382000,0.010,0.900,0.090
382500,0.010,0.950,0.040
383000,0.010,0.985,0.005
383500,0.010,0.968,0.022
384000,0.010,0.853,0.137
384500,0.010,0.956,0.034
385000,0.010,0.962,0.028
385500,0.010,0.896,0.094
386000,0.010,0.898,0.092
386500,0.010,0.940,0.050
387000,0.010,0.924,0.066
387500,0.010,0.979,0.011
388000,0.010,0.973,0.017
388500,0.010,0.965,0.025
389000,0.010,0.925,0.065
389500,0.010,0.817,0.173
390000,0.010,0.853,0.137
390500,0.010,0.983,0.007
391000,0.010,0.983,0.007
391500,0.010,0.869,0.121
392000,0.010,0.849,0.141
392500,0.010,0.795,0.195
393000,0.010,0.919,0.071
393500,0.010,0.990,0.000
394000,0.010,0.878,0.112
394500,0.010,0.933,0.057
395000,0.010,0.895,0.095
395500,0.010,0.978,0.012
396000,0.010,0.983,0.007
396500,0.010,0.978,0.012
397000,0.010,0.904,0.086
397500,0.010,0.951,0.039
398000,0.010,0.960,0.030
398500,0.010,0.885,0.105
399000,0.010,0.962,0.028
399500,0.010,0.964,0.026
400000,0.010,0.913,0.077
400500,0.010,0.967,0.023
401000,0.010,0.876,0.114
401500,0.010,0.972,0.018
402000,0.010,0.945,0.045
402500,0.010,0.932,0.058
403000,0.010,0.972,0.018
403500,0.010,0.955,0.035
404000,0.010,0.988,0.002
404500,0.010,0.961,0.029
405000,0.010,0.900,0.090
405500,0.010,0.880,0.110
406000,0.010,0.972,0.018
406500,0.010,0.896,0.094
407000,0.010,0.866,0.124
407500,0.010,0.940,0.050
408000,0.010,0.934,0.056
408500,0.010,0.937,0.053
409000,0.010,0.882,0.108
409500,0.010,0.990,0.000
410000,0.010,0.983,0.007
410500,0.010,0.986,0.004
411000,0.010,0.983,0.007
411500,0.010,0.960,0.030
412000,0.010,0.931,0.059
412500,0.010,0.964,0.026
413000,0.010,0.967,0.023
413500,0.010,0.990,0.000
414000,0.010,0.942,0.048
414500,0.010,0.920,0.070
415000,0.010,0.968,0.022
415500,0.010,0.944,0.046
416000,0.010,0.953,0.037
416500,0.010,0.912,0.078
417000,0.010,0.985,0.005
417500,0.010,0.934,0.056
418000,0.010,0.960,0.030
418500,0.010,0.900,0.090
419000,0.010,0.939,0.051
419500,0.010,0.914,0.076
420000,0.010,0.973,0.017
420500,0.010,0.896,0.094
421000,0.010,0.898,0.092
421500,0.010,0.957,0.033
422000,0.010,0.870,0.120
422500,0.010,0.979,0.011
423000,0.010,0.971,0.019
423500,0.010,0.941,0.049
424000,0.010,0.989,0.001
424500,0.010,0.963,0.027
425000,0.010,0.967,0.023
425500,0.010,0.968,0.022
426000,0.010,0.941,0.049
426500,0.010,0.942,0.048
427000,0.010,0.940,0.050
427500,0.010,0.990,0.000
428000,0.010,0.981,0.009
428500,0.010,0.931,0.059
429000,0.010,0.902,0.088
429500,0.010,0.897,0.093
430000,0.010,0.968,0.022
430500,0.010,0.856,0.134
431000,0.010,0.954,0.036
431500,0.010,0.974,0.016
432000,0.010,0.867,0.123
432500,0.010,0.897,0.093
433000,0.010,0.971,0.019
433500,0.010,0.962,0.028
434000,0.010,0.943,0.047
434500,0.010,0.950,0.040
435000,0.010,0.969,0.021
435500,0.010,0.857,0.133
436000,0.010,0.838,0.152
436500,0.010,0.899,0.091
437000,0.010,0.924,0.066
437500,0.010,0.964,0.026
438000,0.010,0.967,0.023
438500,0.010,0.978,0.012
439000,0.010,0.921,0.069
439500,0.010,0.927,0.063
440000,0.010,0.812,0.178
440500,0.010,0.928,0.062
441000,0.010,0.920,0.070
441500,0.010,0.971,0.019
442000,0.010,0.894,0.096
442500,0.010,0.918,0.072
443000,0.010,0.941,0.049
443500,0.010,0.972,0.018
444000,0.010,0.944,0.046
444500,0.010,0.934,0.056
445000,0.010,0.982,0.008
445500,0.010,0.950,0.040
446000,0.010,0.968,0.022
446500,0.010,0.899,0.091
447000,0.010,0.895,0.095
447500,0.010,0.935,0.055
448000,0.010,0.887,0.103
448500,0.010,0.848,0.142
449000,0.010,0.935,0.055
449500,0.010,0.966,0.024
450000,0.010,0.839,0.151
450500,0.010,0.897,0.093
451000,0.010,0.953,0.037
451500,0.010,0.929,0.061
452000,0.010,0.930,0.060
452500,0.010,0.846,0.144
453000,0.010,0.851,0.139
453500,0.010,0.915,0.075
454000,0.010,0.981,0.009
454500,0.010,0.990,0.000
455000,0.010,0.887,0.103
455500,0.010,0.973,0.017
456000,0.010,0.941,0.049
456500,0.010,0.934,0.056
457000,0.010,0.990,0.000
457500,0.010,0.958,0.032
458000,0.010,0.970,0.020
458500,0.010,0.909,0.081
459000,0.010,0.985,0.005
459500,0.010,0.989,0.001
460000,0.010,0.966,0.024
460500,0.010,0.943,0.047
461000,0.010,0.912,0.078
461500,0.010,0.867,0.123
462000,0.010,0.968,0.022
462500,0.010,0.962,0.028
463000,0.010,0.913,0.077
463500,0.010,0.846,0.144
464000,0.010,0.916,0.074
464500,0.010,0.929,0.061
465000,0.010,0.965,0.025
465500,0.010,0.989,0.001
466000,0.010,0.930,0.060
466500,0.010,0.924,0.066
467000,0.010,0.977,0.013
467500,0.010,0.946,0.044
468000,0.010,0.871,0.119
468500,0.010,0.856,0.134
469000,0.010,0.913,0.077
469500,0.010,0.922,0.068
470000,0.010,0.973,0.017
470500,0.010,0.865,0.125
471000,0.010,0.926,0.064
471500,0.010,0.835,0.155
472000,0.010,0.884,0.106
472500,0.010,0.945,0.045
473000,0.010,0.859,0.131
473500,0.010,0.930,0.060
474000,0.010,0.905,0.085
474500,0.010,0.925,0.065
475000,0.010,0.855,0.135
475500,0.010,0.946,0.044
476000,0.010,0.957,0.033
476500,0.010,0.922,0.068
477000,0.010,0.961,0.029
477500,0.010,0.918,0.072
478000,0.010,0.904,0.086
478500,0.010,0.942,0.048
479000,0.010,0.941,0.049
479500,0.010,0.849,0.141
480000,0.010,0.882,0.108
480500,0.010,0.946,0.044
481000,0.010,0.966,0.024
481500,0.010,0.942,0.048
482000,0.010,0.973,0.017
482500,0.010,0.975,0.015
483000,0.010,0.973,0.017
483500,0.010,0.978,0.012
484000,0.010,0.988,0.002
484500,0.010,0.886,0.104
485000,0.010,0.918,0.072
485500,0.010,0.856,0.134
486000,0.010,0.795,0.195
486500,0.010,0.919,0.071
487000,0.010,0.874,0.116
487500,0.010,0.893,0.097
488000,0.010,0.966,0.024
488500,0.010,0.900,0.090
489000,0.010,0.863,0.127
489500,0.010,0.968,0.022
490000,0.010,0.949,0.041
490500,0.010,0.859,0.131
491000,0.010,0.947,0.043
491500,0.010,0.902,0.088
492000,0.010,0.966,0.024
492500,0.010,0.941,0.049
493000,0.010,0.963,0.027
493500,0.010,0.820,0.170
494000,0.010,0.965,0.025
494500,0.010,0.966,0.024
495000,0.010,0.899,0.091
495500,0.010,0.970,0.020
496000,0.010,0.965,0.025
496500,0.010,0.957,0.033
497000,0.010,0.934,0.056
497500,0.010,0.906,0.084
498000,0.010,0.906,0.084
498500,0.010,0.970,0.020
499000,0.010,0.990,0.000
499500,0.010,0.935,0.055
500000,0.010,0.960,0.030
500500,0.010,0.943,0.047
501000,0.010,0.987,0.003
501500,0.010,0.985,0.005
502000,0.010,0.804,0.186
502500,0.010,0.945,0.045
503000,0.010,0.930,0.060
503500,0.010,0.833,0.157
504000,0.010,0.908,0.082
504500,0.010,0.916,0.074
505000,0.010,0.931,0.059
505500,0.010,0.965,0.025
506000,0.010,0.974,0.016
506500,0.010,0.990,0.000
507000,0.010,0.908,0.082
507500,0.010,0.922,0.068
508000,0.010,0.880,0.110
508500,0.010,0.867,0.123
509000,0.010,0.885,0.105
509500,0.010,0.931,0.059
510000,0.010,0.951,0.039
510500,0.010,0.990,0.000
511000,0.010,0.973,0.017
511500,0.010,0.947,0.043
512000,0.010,0.938,0.052
512500,0.010,0.985,0.005
513000,0.010,0.987,0.003
513500,0.010,0.985,0.005
514000,0.010,0.875,0.115
514500,0.010,0.954,0.036
515000,0.010,0.852,0.138
515500,0.010,0.915,0.075
516000,0.010,0.913,0.077
516500,0.010,0.968,0.022
517000,0.010,0.873,0.117
517500,0.010,0.814,0.176
518000,0.010,0.917,0.073
518500,0.010,0.816,0.174
519000,0.010,0.916,0.074
519500,0.010,0.941,0.049
520000,0.010,0.949,0.041
520500,0.010,0.902,0.088
521000,0.010,0.901,0.089
521500,0.010,0.938,0.052
522000,0.010,0.960,0.030
522500,0.010,0.960,0.030
523000,0.010,0.962,0.028
523500,0.010,0.927,0.063
524000,0.010,0.935,0.055
524500,0.010,0.961,0.029
525000,0.010,0.988,0.002
525500,0.010,0.946,0.044
526000,0.010,0.925,0.065
526500,0.010,0.939,0.051
527000,0.010,0.811,0.179
527500,0.010,0.953,0.037
528000,0.010,0.985,0.005
528500,0.010,0.984,0.006
529000,0.010,0.867,0.123
529500,0.010,0.976,0.014
530000,0.010,0.901,0.089
530500,0.010,0.858,0.132
531000,0.010,0.897,0.093
531500,0.010,0.951,0.039
532000,0.010,0.927,0.063
532500,0.010,0.954,0.036
533000,0.010,0.929,0.061
533500,0.010,0.978,0.012
534000,0.010,0.833,0.157
534500,0.010,0.824,0.166
535000,0.010,0.896,0.094
535500,0.010,0.990,0.000
536000,0.010,0.976,0.014
536500,0.010,0.913,0.077
537000,0.010,0.896,0.094
537500,0.010,0.894,0.096
538000,0.010,0.811,0.179
538500,0.010,0.969,0.021
539000,0.010,0.886,0.104
539500,0.010,0.952,0.038
540000,0.010,0.989,0.001
540500,0.010,0.895,0.095
541000,0.010,0.971,0.019
541500,0.010,0.970,0.020
542000,0.010,0.868,0.122
542500,0.010,0.957,0.033
543000,0.010,0.808,0.182
543500,0.010,0.884,0.106
544000,0.010,0.936,0.054
544500,0.010,0.968,0.022
545000,0.010,0.964,0.026
545500,0.010,0.937,0.053
546000,0.010,0.948,0.042
546500,0.010,0.961,0.029
547000,0.010,0.868,0.122
547500,0.010,0.958,0.032
548000,0.010,0.970,0.020
548500,0.010,0.990,0.000
549000,0.010,0.975,0.015
549500,0.010,0.925,0.065
550000,0.010,0.830,0.160
550500,0.010,0.975,0.015
551000,0.010,0.976,0.014
551500,0.010,0.965,0.025
552000,0.010,0.932,0.058
552500,0.010,0.944,0.046
553000,0.010,0.958,0.032
553500,0.010,0.914,0.076
554000,0.010,0.849,0.141
554500,0.010,0.932,0.058
555000,0.010,0.988,0.002
555500,0.010,0.943,0.047
556000,0.010,0.980,0.010
556500,0.010,0.912,0.078
557000,0.010,0.924,0.066
557500,0.010,0.987,0.003
558000,0.010,0.771,0.219
558500,0.010,0.918,0.072
559000,0.010,0.968,0.022
559500,0.010,0.879,0.111
560000,0.010,0.846,0.144
560500,0.010,0.903,0.087
561000,0.010,0.972,0.018
561500,0.010,0.896,0.094
562000,0.010,0.893,0.097
562500,0.010,0.979,0.011
563000,0.010,0.914,0.076
563500,0.010,0.981,0.009
564000,0.010,0.984,0.006
564500,0.010,0.989,0.001
565000,0.010,0.973,0.017
565500,0.010,0.926,0.064
566000,0.010,0.950,0.040
566500,0.010,0.866,0.124
567000,0.010,0.925,0.065
567500,0.010,0.976,0.014
568000,0.010,0.979,0.011
568500,0.010,0.990,0.000
569000,0.010,0.954,0.036
569500,0.010,0.904,0.086
570000,0.010,0.978,0.012
570500,0.010,0.955,0.035
571000,0.010,0.846,0.144
571500,0.010,0.927,0.063
572000,0.010,0.984,0.006
572500,0.010,0.963,0.027
573000,0.010,0.935,0.055
573500,0.010,0.972,0.018
574000,0.010,0.813,0.177
574500,0.010,0.878,0.112
575000,0.010,0.987,0.003
575500,0.010,0.888,0.102
576000,0.010,0.892,0.098
576500,0.010,0.929,0.061
577000,0.010,0.914,0.076
577500,0.010,0.907,0.083
578000,0.010,0.944,0.046
578500,0.010,0.816,0.174
579000,0.010,0.892,0.098
579500,0.010,0.932,0.058
580000,0.010,0.902,0.088
580500,0.010,0.965,0.025
581000,0.010,0.968,0.022
581500,0.010,0.990,0.000
582000,0.010,0.919,0.071
582500,0.010,0.950,0.040
583000,0.010,0.990,0.000
583500,0.010,0.963,0.027
584000,0.010,0.974,0.016
584500,0.010,0.931,0.059
585000,0.010,0.810,0.180
585500,0.010,0.975,0.015
586000,0.010,0.961,0.029
586500,0.010,0.946,0.044
587000,0.010,0.965,0.025
587500,0.010,0.919,0.071
588000,0.010,0.868,0.122
588500,0.010,0.970,0.020
589000,0.010,0.872,0.118
589500,0.010,0.918,0.072
590000,0.010,0.845,0.145
590500,0.010,0.969,0.021
591000,0.010,0.962,0.028
591500,0.010,0.937,0.053
592000,0.010,0.925,0.065
592500,0.010,0.974,0.016
593000,0.010,0.965,0.025
593500,0.010,0.942,0.048
594000,0.010,0.978,0.012
594500,0.010,0.988,0.002
595000,0.010,0.968,0.022
595500,0.010,0.886,0.104
596000,0.010,0.974,0.016
596500,0.010,0.950,0.040
597000,0.010,0.917,0.073
597500,0.010,0.909,0.081
598000,0.010,0.946,0.044
598500,0.010,0.963,0.027
599000,0.010,0.929,0.061
599500,0.010,0.802,0.188
600000,0.010,0.918,0.072
600500,0.010,0.974,0.016
601000,0.010,0.975,0.015
601500,0.010,0.887,0.103
602000,0.010,0.951,0.039
602500,0.010,0.970,0.020
603000,0.010,0.915,0.075
603500,0.010,0.984,0.006
604000,0.010,0.990,0.000
604500,0.010,0.940,0.050
605000,0.010,0.990,0.000
605500,0.010,0.952,0.038
606000,0.010,0.838,0.152
606500,0.010,0.872,0.118
607000,0.010,0.917,0.073
607500,0.010,0.908,0.082
608000,0.010,0.757,0.233
608500,0.010,0.907,0.083
609000,0.010,0.981,0.009
609500,0.010,0.989,0.001
610000,0.010,0.937,0.053
610500,0.010,0.932,0.058
611000,0.010,0.936,0.054
611500,0.010,0.792,0.198
612000,0.010,0.911,0.079
612500,0.010,0.912,0.078
613000,0.010,0.911,0.079
613500,0.010,0.904,0.086
614000,0.010,0.956,0.034
614500,0.010,0.934,0.056
615000,0.010,0.896,0.094
615500,0.010,0.929,0.061
616000,0.010,0.981,0.009
616500,0.010,0.950,0.040
617000,0.010,0.923,0.067
617500,0.010,0.969,0.021
618000,0.010,0.956,0.034
618500,0.010,0.850,0.140
619000,0.010,0.949,0.041
619500,0.010,0.989,0.001
620000,0.010,0.928,0.062
620500,0.010,0.821,0.169
621000,0.010,0.929,0.061
621500,0.010,0.792,0.198
622000,0.010,0.964,0.026
622500,0.010,0.922,0.068
623000,0.010,0.915,0.075
623500,0.010,0.981,0.009
624000,0.010,0.927,0.063
624500,0.010,0.863,0.127
625000,0.010,0.877,0.113
625500,0.010,0.946,0.044
626000,0.010,0.987,0.003
626500,0.010,0.948,0.042
627000,0.010,0.835,0.155
627500,0.010,0.903,0.087
628000,0.010,0.816,0.174
628500,0.010,0.946,0.044
629000,0.010,0.930,0.060
629500,0.010,0.914,0.076
630000,0.010,0.870,0.120
630500,0.010,0.869,0.121
631000,0.010,0.895,0.095
631500,0.010,0.849,0.141
632000,0.010,0.907,0.083
632500,0.010,0.945,0.045
633000,0.010,0.906,0.084
633500,0.010,0.984,0.006
634000,0.010,0.924,0.066
634500,0.010,0.942,0.048
635000,0.010,0.874,0.116
635500,0.010,0.888,0.102
636000,0.010,0.963,0.027
636500,0.010,0.979,0.011
637000,0.010,0.974,0.016
637500,0.010,0.919,0.071
638000,0.010,0.841,0.149
638500,0.010,0.894,0.096
639000,0.010,0.917,0.073
639500,0.010,0.954,0.036
640000,0.010,0.966,0.024
640500,0.010,0.964,0.026
641000,0.010,0.944,0.046
641500,0.010,0.985,0.005
642000,0.010,0.931,0.059
642500,0.010,0.925,0.065
643000,0.010,0.951,0.039
643500,0.010,0.956,0.034
644000,0.010,0.971,0.019
644500,0.010,0.964,0.026
645000,0.010,0.983,0.007
645500,0.010,0.916,0.074
646000,0.010,0.872,0.118
646500,0.010,0.857,0.133
647000,0.010,0.817,0.173
647500,0.010,0.984,0.006
648000,0.010,0.920,0.070
648500,0.010,0.960,0.030
649000,0.010,0.920,0.070
649500,0.010,0.953,0.037
650000,0.010,0.973,0.017
650500,0.010,0.943,0.047
651000,0.010,0.928,0.062
651500,0.010,0.939,0.051
652000,0.010,0.889,0.101
652500,0.010,0.979,0.011
653000,0.010,0.976,0.014
653500,0.010,0.932,0.058
654000,0.010,0.963,0.027
654500,0.010,0.911,0.079
655000,0.010,0.940,0.050
655500,0.010,0.982,0.008
656000,0.010,0.985,0.005
656500,0.010,0.961,0.029
657000,0.010,0.985,0.005
657500,0.010,0.955,0.035
658000,0.010,0.925,0.065
658500,0.010,0.937,0.053
659000,0.010,0.880,0.110
659500,0.010,0.792,0.198
660000,0.010,0.854,0.136
660500,0.010,0.969,0.021
661000,0.010,0.892,0.098
661500,0.010,0.861,0.129
662000,0.010,0.965,0.025
662500,0.010,0.979,0.011
663000,0.010,0.960,0.030
663500,0.010,0.847,0.143
664000,0.010,0.980,0.010
664500,0.010,0.940,0.050
665000,0.010,0.907,0.083
665500,0.010,0.933,0.057
666000,0.010,0.921,0.069
666500,0.010,0.902,0.088
667000,0.010,0.964,0.026
667500,0.010,0.968,0.022
668000,0.010,0.913,0.077
668500,0.010,0.969,0.021
669000,0.010,0.945,0.045
669500,0.010,0.854,0.136
670000,0.010,0.919,0.071
670500,0.010,0.878,0.112
671000,0.010,0.980,0.010
671500,0.010,0.985,0.005
672000,0.010,0.944,0.046
672500,0.010,0.899,0.091
673000,0.010,0.942,0.048
673500,0.010,0.868,0.122
674000,0.010,0.931,0.059
674500,0.010,0.947,0.043
675000,0.010,0.961,0.029
675500,0.010,0.925,0.065
676000,0.010,0.955,0.035
676500,0.010,0.949,0.041
677000,0.010,0.967,0.023
677500,0.010,0.970,0.020
678000,0.010,0.751,0.239
678500,0.010,0.920,0.070
679000,0.010,0.880,0.110
679500,0.010,0.784,0.206
680000,0.010,0.898,0.092
680500,0.010,0.910,0.080
681000,0.010,0.990,0.000
681500,0.010,0.952,0.038
682000,0.010,0.910,0.080
682500,0.010,0.965,0.025
683000,0.010,0.932,0.058
683500,0.010,0.959,0.031
684000,0.010,0.927,0.063
684500,0.010,0.837,0.153
685000,0.010,0.838,0.152
685500,0.010,0.968,0.022
686000,0.010,0.867,0.123
686500,0.010,0.895,0.095
687000,0.010,0.880,0.110
687500,0.010,0.959,0.031
688000,0.010,0.961,0.029
688500,0.010,0.930,0.060
689000,0.010,0.985,0.005
689500,0.010,0.901,0.089
690000,0.010,0.987,0.003
690500,0.010,0.924,0.066
691000,0.010,0.896,0.094
691500,0.010,0.960,0.030
692000,0.010,0.952,0.038
692500,0.010,0.966,0.024
693000,0.010,0.978,0.012
693500,0.010,0.931,0.059
694000,0.010,0.837,0.153
694500,0.010,0.943,0.047
695000,0.010,0.969,0.021
695500,0.010,0.890,0.100
696000,0.010,0.895,0.095
696500,0.010,0.963,0.027
697000,0.010,0.968,0.022
697500,0.010,0.962,0.028
698000,0.010,0.964,0.026
698500,0.010,0.990,0.000
699000,0.010,0.989,0.001
699500,0.010,0.945,0.045
700000,0.010,0.797,0.193
700500,0.010,0.940,0.050
701000,0.010,0.990,0.000
701500,0.010,0.931,0.059
702000,0.010,0.978,0.012
702500,0.010,0.911,0.079
703000,0.010,0.910,0.080
703500,0.010,0.945,0.045
704000,0.010,0.937,0.053
704500,0.010,0.874,0.116
705000,0.010,0.876,0.114
705500,0.010,0.949,0.041
706000,0.010,0.983,0.007
706500,0.010,0.934,0.056
707000,0.010,0.907,0.083
707500,0.010,0.961,0.029
708000,0.010,0.834,0.156
708500,0.010,0.865,0.125
709000,0.010,0.921,0.069
709500,0.010,0.948,0.042
710000,0.010,0.987,0.003
710500,0.010,0.944,0.046
711000,0.010,0.912,0.078
711500,0.010,0.937,0.053
712000,0.010,0.955,0.035
712500,0.010,0.920,0.070
713000,0.010,0.963,0.027
713500,0.010,0.954,0.036
714000,0.010,0.937,0.053
714500,0.010,0.955,0.035
715000,0.010,0.923,0.067
715500,0.010,0.928,0.062
716000,0.010,0.956,0.034
716500,0.010,0.937,0.053
717000,0.010,0.886,0.104
717500,0.010,0.940,0.050
718000,0.010,0.880,0.110
718500,0.010,0.937,0.053
719000,0.010,0.957,0.033
719500,0.010,0.989,0.001
720000,0.010,0.926,0.064
720500,0.010,0.983,0.007
721000,0.010,0.959,0.031
721500,0.010,0.975,0.015
722000,0.010,0.974,0.016
722500,0.010,0.989,0.001
723000,0.010,0.959,0.031
723500,0.010,0.973,0.017
724000,0.010,0.986,0.004
724500,0.010,0.974,0.016
725000,0.010,0.881,0.109
725500,0.010,0.894,0.096
726000,0.010,0.931,0.059
726500,0.010,0.982,0.008
727000,0.010,0.934,0.056
727500,0.010,0.951,0.039
728000,0.010,0.948,0.042
728500,0.010,0.981,0.009
729000,0.010,0.891,0.099
729500,0.010,0.900,0.090
730000,0.010,0.953,0.037
730500,0.010,0.954,0.036
731000,0.010,0.971,0.019
731500,0.010,0.983,0.007
732000,0.010,0.979,0.011
732500,0.010,0.959,0.031
733000,0.010,0.804,0.186
733500,0.010,0.876,0.114
734000,0.010,0.909,0.081
734500,0.010,0.957,0.033
735000,0.010,0.989,0.001
735500,0.010,0.913,0.077
736000,0.010,0.983,0.007
736500,0.010,0.720,0.270
737000,0.010,0.943,0.047
737500,0.010,0.901,0.089
738000,0.010,0.824,0.166
738500,0.010,0.884,0.106
739000,0.010,0.988,0.002
739500,0.010,0.977,0.013
740000,0.010,0.957,0.033
740500,0.010,0.895,0.095
741000,0.010,0.990,0.000
741500,0.010,0.990,0.000
742000,0.010,0.961,0.029
742500,0.010,0.885,0.105
743000,0.010,0.934,0.056
743500,0.010,0.933,0.057
744000,0.010,0.969,0.021
744500,0.010,0.962,0.028
745000,0.010,0.915,0.075
745500,0.010,0.971,0.019
746000,0.010,0.950,0.040
746500,0.010,0.942,0.048
747000,0.010,0.957,0.033
747500,0.010,0.970,0.020
748000,0.010,0.761,0.229
748500,0.010,0.971,0.019
749000,0.010,0.882,0.108
749500,0.010,0.923,0.067
750000,0.010,0.990,0.000
750500,0.010,0.959,0.031
751000,0.010,0.971,0.019
751500,0.010,0.960,0.030
752000,0.010,0.978,0.012
752500,0.010,0.971,0.019
753000,0.010,0.862,0.128
753500,0.010,0.864,0.126
754000,0.010,0.958,0.032
754500,0.010,0.968,0.022
755000,0.010,0.920,0.070
755500,0.010,0.817,0.173
756000,0.010,0.907,0.083
756500,0.010,0.933,0.057
757000,0.010,0.943,0.047
757500,0.010,0.966,0.024
758000,0.010,0.945,0.045
758500,0.010,0.906,0.084
759000,0.010,0.985,0.005
759500,0.010,0.945,0.045
760000,0.010,0.887,0.103
760500,0.010,0.982,0.008
761000,0.010,0.952,0.038
761500,0.010,0.844,0.146
762000,0.010,0.948,0.042
762500,0.010,0.845,0.145
763000,0.010,0.983,0.007
763500,0.010,0.889,0.101
764000,0.010,0.956,0.034
764500,0.010,0.895,0.095
765000,0.010,0.938,0.052
765500,0.010,0.957,0.033
766000,0.010,0.950,0.040
766500,0.010,0.957,0.033
767000,0.010,0.989,0.001
767500,0.010,0.890,0.100
768000,0.010,0.990,0.000
768500,0.010,0.873,0.117
769000,0.010,0.984,0.006
769500,0.010,0.896,0.094
770000,0.010,0.943,0.047
770500,0.010,0.908,0.082
771000,0.010,0.972,0.018
771500,0.010,0.982,0.008
772000,0.010,0.902,0.088
772500,0.010,0.948,0.042
773000,0.010,0.969,0.021
773500,0.010,0.829,0.161
774000,0.010,0.937,0.053
774500,0.010,0.979,0.011
775000,0.010,0.885,0.105
775500,0.010,0.981,0.009
776000,0.010,0.940,0.050
776500,0.010,0.911,0.079
777000,0.010,0.874,0.116
777500,0.010,0.921,0.069
778000,0.010,0.986,0.004
778500,0.010,0.984,0.006
779000,0.010,0.985,0.005
779500,0.010,0.905,0.085
780000,0.010,0.985,0.005
780500,0.010,0.938,0.052
781000,0.010,0.900,0.090
781500,0.010,0.970,0.020
782000,0.010,0.968,0.022
782500,0.010,0.916,0.074
783000,0.010,0.979,0.011
783500,0.010,0.985,0.005
784000,0.010,0.947,0.043
784500,0.010,0.864,0.126
785000,0.010,0.983,0.007
785500,0.010,0.908,0.082
786000,0.010,0.939,0.051
786500,0.010,0.962,0.028
787000,0.010,0.891,0.099
787500,0.010,0.937,0.053
788000,0.010,0.909,0.081
788500,0.010,0.893,0.097
789000,0.010,0.811,0.179
789500,0.010,0.961,0.029
790000,0.010,0.941,0.049
790500,0.010,0.910,0.080
791000,0.010,0.978,0.012
791500,0.010,0.910,0.080
792000,0.010,0.949,0.041
792500,0.010,0.942,0.048
793000,0.010,0.841,0.149
793500,0.010,0.972,0.018
794000,0.010,0.949,0.041
794500,0.010,0.906,0.084
795000,0.010,0.859,0.131
795500,0.010,0.944,0.046
796000,0.010,0.940,0.050
796500,0.010,0.915,0.075
797000,0.010,0.899,0.091
797500,0.010,0.898,0.092
798000,0.010,0.966,0.024
798500,0.010,0.990,0.000
799000,0.010,0.971,0.019
799500,0.010,0.906,0.084
800000,0.010,0.954,0.036
800500,0.010,0.896,0.094
801000,0.010,0.966,0.024
801500,0.010,0.988,0.002
802000,0.010,0.976,0.014
802500,0.010,0.880,0.110
803000,0.010,0.880,0.110
803500,0.010,0.906,0.084
804000,0.010,0.968,0.022
804500,0.010,0.891,0.099
805000,0.010,0.870,0.120
805500,0.010,0.938,0.052
806000,0.010,0.966,0.024
806500,0.010,0.979,0.011
807000,0.010,0.938,0.052
807500,0.010,0.907,0.083
808000,0.010,0.888,0.102
808500,0.010,0.916,0.074
809000,0.010,0.977,0.013
809500,0.010,0.950,0.040
810000,0.010,0.983,0.007
810500,0.010,0.983,0.007
811000,0.010,0.893,0.097
811500,0.010,0.928,0.062
812000,0.010,0.989,0.001
812500,0.010,0.924,0.066
813000,0.010,0.981,0.009
813500,0.010,0.895,0.095
814000,0.010,0.898,0.092
814500,0.010,0.940,0.050
815000,0.010,0.936,0.054
815500,0.010,0.922,0.068
816000,0.010,0.929,0.061
816500,0.010,0.919,0.071
817000,0.010,0.965,0.025
817500,0.010,0.971,0.019
818000,0.010,0.935,0.055
818500,0.010,0.958,0.032
819000,0.010,0.940,0.050
819500,0.010,0.966,0.024
820000,0.010,0.877,0.113
820500,0.010,0.884,0.106
821000,0.010,0.853,0.137
821500,0.010,0.957,0.033
822000,0.010,0.954,0.036
822500,0.010,0.955,0.035
823000,0.010,0.909,0.081
823500,0.010,0.946,0.044
824000,0.010,0.886,0.104
824500,0.010,0.912,0.078
825000,0.010,0.982,0.008
825500,0.010,0.958,0.032
826000,0.010,0.989,0.001
826500,0.010,0.913,0.077
827000,0.010,0.943,0.047
827500,0.010,0.945,0.045
828000,0.010,0.932,0.058
828500,0.010,0.855,0.135
829000,0.010,0.901,0.089
829500,0.010,0.968,0.022
830000,0.010,0.867,0.123
830500,0.010,0.881,0.109
831000,0.010,0.825,0.165
831500,0.010,0.955,0.035
832000,0.010,0.944,0.046
832500,0.010,0.842,0.148
833000,0.010,0.982,0.008
833500,0.010,0.975,0.015
834000,0.010,0.964,0.026
834500,0.010,0.984,0.006
835000,0.010,0.987,0.003
835500,0.010,0.969,0.021
836000,0.010,0.959,0.031
836500,0.010,0.879,0.111
837000,0.010,0.904,0.086
837500,0.010,0.935,0.055
838000,0.010,0.937,0.053
838500,0.010,0.855,0.135
839000,0.010,0.932,0.058
839500,0.010,0.988,0.002
840000,0.010,0.920,0.070
840500,0.010,0.990,0.000
841000,0.010,0.965,0.025
841500,0.010,0.941,0.049
842000,0.010,0.886,0.104
842500,0.010,0.983,0.007
843000,0.010,0.974,0.016
843500,0.010,0.891,0.099
844000,0.010,0.958,0.032
844500,0.010,0.969,0.021
845000,0.010,0.929,0.061
845500,0.010,0.945,0.045
846000,0.010,0.968,0.022
846500,0.010,0.985,0.005
847000,0.010,0.885,0.105
847500,0.010,0.901,0.089
848000,0.010,0.979,0.011
848500,0.010,0.953,0.037
849000,0.010,0.908,0.082
849500,0.010,0.923,0.067
850000,0.010,0.888,0.102
850500,0.010,0.955,0.035
851000,0.010,0.946,0.044
851500,0.010,0.953,0.037
852000,0.010,0.935,0.055
852500,0.010,0.976,0.014
853000,0.010,0.934,0.056
853500,0.010,0.873,0.117
854000,0.010,0.944,0.046
854500,0.010,0.978,0.012
855000,0.010,0.972,0.018
855500,0.010,0.982,0.008
856000,0.010,0.952,0.038
856500,0.010,0.907,0.083
857000,0.010,0.821,0.169
857500,0.010,0.970,0.020
858000,0.010,0.928,0.062
858500,0.010,0.988,0.002
859000,0.010,0.973,0.017
859500,0.010,0.939,0.051
860000,0.010,0.950,0.040
860500,0.010,0.918,0.072
861000,0.010,0.939,0.051
861500,0.010,0.948,0.042
862000,0.010,0.728,0.262
862500,0.010,0.816,0.174
863000,0.010,0.921,0.069
863500,0.010,0.943,0.047
864000,0.010,0.832,0.158
864500,0.010,0.823,0.167
865000,0.010,0.844,0.146
865500,0.010,0.855,0.135
866000,0.010,0.929,0.061
866500,0.010,0.927,0.063
867000,0.010,0.931,0.059
867500,0.010,0.988,0.002
868000,0.010,0.958,0.032
868500,0.010,0.950,0.040
869000,0.010,0.978,0.012
869500,0.010,0.940,0.050
870000,0.010,0.976,0.014
870500,0.010,0.961,0.029
871000,0.010,0.946,0.044
871500,0.010,0.923,0.067
872000,0.010,0.969,0.021
872500,0.010,0.979,0.011
873000,0.010,0.988,0.002
873500,0.010,0.959,0.031
874000,0.010,0.988,0.002
874500,0.010,0.894,0.096
875000,0.010,0.944,0.046
875500,0.010,0.923,0.067
876000,0.010,0.914,0.076
876500,0.010,0.965,0.025
877000,0.010,0.969,0.021
877500,0.010,0.981,0.009
878000,0.010,0.943,0.047
878500,0.010,0.902,0.088
879000,0.010,0.928,0.062
879500,0.010,0.934,0.056
880000,0.010,0.644,0.346
880500,0.010,0.771,0.219
881000,0.010,0.956,0.034
881500,0.010,0.934,0.056
882000,0.010,0.930,0.060
882500,0.010,0.913,0.077
883000,0.010,0.789,0.201
883500,0.010,0.882,0.108
884000,0.010,0.987,0.003
884500,0.010,0.923,0.067
885000,0.010,0.872,0.118
885500,0.010,0.857,0.133
886000,0.010,0.924,0.066
886500,0.010,0.822,0.168
887000,0.010,0.839,0.151
887500,0.010,0.974,0.016
888000,0.010,0.934,0.056
888500,0.010,0.920,0.070
889000,0.010,0.890,0.100
889500,0.010,0.931,0.059
890000,0.010,0.872,0.118
890500,0.010,0.928,0.062
891000,0.010,0.984,0.006
891500,0.010,0.947,0.043
892000,0.010,0.968,0.022
892500,0.010,0.984,0.006
893000,0.010,0.987,0.003
893500,0.010,0.891,0.099
894000,0.010,0.893,0.097
894500,0.010,0.856,0.134
895000,0.010,0.765,0.225
895500,0.010,0.918,0.072
896000,0.010,0.898,0.092
896500,0.010,0.845,0.145
897000,0.010,0.872,0.118
897500,0.010,0.916,0.074
898000,0.010,0.985,0.005
898500,0.010,0.861,0.129
899000,0.010,0.953,0.037
899500,0.010,0.929,0.061
900000,0.010,0.949,0.041
900500,0.010,0.848,0.142
901000,0.010,0.982,0.008
901500,0.010,0.851,0.139
902000,0.010,0.927,0.063
902500,0.010,0.871,0.119
903000,0.010,0.960,0.030
903500,0.010,0.923,0.067
904000,0.010,0.946,0.044
904500,0.010,0.987,0.003
905000,0.010,0.856,0.134
905500,0.010,0.988,0.002
906000,0.010,0.886,0.104
906500,0.010,0.899,0.091
907000,0.010,0.924,0.066
907500,0.010,0.983,0.007
908000,0.010,0.915,0.075
908500,0.010,0.980,0.010
909000,0.010,0.971,0.019
909500,0.010,0.979,0.011
910000,0.010,0.967,0.023
910500,0.010,0.950,0.040
911000,0.010,0.982,0.008
911500,0.010,0.952,0.038
912000,0.010,0.906,0.084
912500,0.010,0.959,0.031
913000,0.010,0.911,0.079
913500,0.010,0.977,0.013
914000,0.010,0.912,0.078
914500,0.010,0.941,0.049
915000,0.010,0.926,0.064
915500,0.010,0.954,0.036
916000,0.010,0.968,0.022
916500,0.010,0.989,0.001
917000,0.010,0.910,0.080
917500,0.010,0.891,0.099
918000,0.010,0.869,0.121
918500,0.010,0.957,0.033
919000,0.010,0.946,0.044
919500,0.010,0.988,0.002
920000,0.010,0.913,0.077
920500,0.010,0.827,0.163
921000,0.010,0.818,0.172
921500,0.010,0.945,0.045
922000,0.010,0.982,0.008
922500,0.010,0.920,0.070
923000,0.010,0.941,0.049
923500,0.010,0.974,0.016
924000,0.010,0.971,0.019
924500,0.010,0.956,0.034
925000,0.010,0.926,0.064
925500,0.010,0.970,0.020
926000,0.010,0.792,0.198
926500,0.010,0.989,0.001
927000,0.010,0.845,0.145
927500,0.010,0.981,0.009
928000,0.010,0.866,0.124
928500,0.010,0.904,0.086
929000,0.010,0.956,0.034
929500,0.010,0.884,0.106
930000,0.010,0.938,0.052
930500,0.010,0.919,0.071
931000,0.010,0.918,0.072
931500,0.010,0.949,0.041
932000,0.010,0.966,0.024
932500,0.010,0.937,0.053
933000,0.010,0.872,0.118
933500,0.010,0.935,0.055
934000,0.010,0.987,0.003
934500,0.010,0.950,0.040
935000,0.010,0.988,0.002
935500,0.010,0.968,0.022
936000,0.010,0.930,0.060
936500,0.010,0.978,0.012
937000,0.010,0.924,0.066
937500,0.010,0.932,0.058
938000,0.010,0.968,0.022
938500,0.010,0.946,0.044
939000,0.010,0.822,0.168
939500,0.010,0.972,0.018
940000,0.010,0.967,0.023
940500,0.010,0.938,0.052
941000,0.010,0.972,0.018
941500,0.010,0.775,0.215
942000,0.010,0.867,0.123
942500,0.010,0.953,0.037
943000,0.010,0.956,0.034
943500,0.010,0.984,0.006
944000,0.010,0.990,0.000
944500,0.010,0.987,0.003
945000,0.010,0.980,0.010
945500,0.010,0.984,0.006
946000,0.010,0.950,0.040
946500,0.010,0.907,0.083
947000,0.010,0.970,0.020
947500,0.010,0.969,0.021
948000,0.010,0.987,0.003
948500,0.010,0.975,0.015
949000,0.010,0.890,0.100
949500,0.010,0.963,0.027
950000,0.010,0.949,0.041
950500,0.010,0.939,0.051
951000,0.010,0.912,0.078
951500,0.010,0.851,0.139
952000,0.010,0.966,0.024
952500,0.010,0.982,0.008
953000,0.010,0.958,0.032
953500,0.010,0.976,0.014
954000,0.010,0.978,0.012
954500,0.010,0.923,0.067
955000,0.010,0.971,0.019
955500,0.010,0.888,0.102
956000,0.010,0.976,0.014
956500,0.010,0.942,0.048
957000,0.010,0.906,0.084
957500,0.010,0.958,0.032
958000,0.010,0.974,0.016
958500,0.010,0.942,0.048
959000,0.010,0.914,0.076
959500,0.010,0.984,0.006
960000,0.010,0.976,0.014
960500,0.010,0.897,0.093
961000,0.010,0.892,0.098
961500,0.010,0.908,0.082
962000,0.010,0.928,0.062
962500,0.010,0.926,0.064
963000,0.010,0.917,0.073
963500,0.010,0.985,0.005
964000,0.010,0.948,0.042
964500,0.010,0.874,0.116
965000,0.010,0.836,0.154
965500,0.010,0.967,0.023
966000,0.010,0.964,0.026
966500,0.010,0.980,0.010
967000,0.010,0.925,0.065
967500,0.010,0.979,0.011
968000,0.010,0.984,0.006
968500,0.010,0.953,0.037
969000,0.010,0.979,0.011
969500,0.010,0.827,0.163
970000,0.010,0.917,0.073
970500,0.010,0.978,0.012
971000,0.010,0.950,0.040
971500,0.010,0.955,0.035
972000,0.010,0.981,0.009
972500,0.010,0.946,0.044
973000,0.010,0.966,0.024
973500,0.010,0.937,0.053
974000,0.010,0.946,0.044
974500,0.010,0.925,0.065
975000,0.010,0.925,0.065
975500,0.010,0.901,0.089
976000,0.010,0.945,0.045
976500,0.010,0.887,0.103
977000,0.010,0.906,0.084
977500,0.010,0.940,0.050
978000,0.010,0.906,0.084
978500,0.010,0.837,0.153
979000,0.010,0.960,0.030
979500,0.010,0.963,0.027
980000,0.010,0.944,0.046
980500,0.010,0.903,0.087
981000,0.010,0.990,0.000
981500,0.010,0.981,0.009
982000,0.010,0.947,0.043
982500,0.010,0.869,0.121
983000,0.010,0.934,0.056
983500,0.010,0.983,0.007
984000,0.010,0.837,0.153
984500,0.010,0.893,0.097
985000,0.010,0.946,0.044
985500,0.010,0.988,0.002
986000,0.010,0.974,0.016
986500,0.010,0.850,0.140
987000,0.010,0.989,0.001
987500,0.010,0.790,0.200
988000,0.010,0.918,0.072
988500,0.010,0.932,0.058
989000,0.010,0.941,0.049
989500,0.010,0.932,0.058
990000,0.010,0.900,0.090
990500,0.010,0.798,0.192
991000,0.010,0.918,0.072
991500,0.010,0.810,0.180
992000,0.010,0.865,0.125
992500,0.010,0.963,0.027
993000,0.010,0.942,0.048
993500,0.010,0.917,0.073
994000,0.010,0.799,0.191
994500,0.010,0.913,0.077
995000,0.010,0.862,0.128
995500,0.010,0.974,0.016
996000,0.010,0.954,0.036
996500,0.010,0.941,0.049
997000,0.010,0.940,0.050
997500,0.010,0.989,0.001
998000,0.010,0.905,0.085
998500,0.010,0.972,0.018
999000,0.010,0.850,0.140
999500,0.010,0.976,0.014
1000000,0.010,0.934,0.056
