time,n_A+p,n_B,n_AB
500,0.050,0.594,0.356
1000,0.050,0.354,0.596
1500,0.050,0.284,0.666
2000,0.050,0.362,0.588
2500,0.050,0.329,0.621
3000,0.053,0.308,0.639
3500,0.050,0.255,0.695
4000,0.050,0.435,0.515
4500,0.050,0.366,0.584
5000,0.050,0.262,0.688
5500,0.059,0.183,0.758
6000,0.050,0.358,0.592
6500,0.050,0.306,0.644
7000,0.050,0.294,0.656
7500,0.050,0.400,0.550
8000,0.073,0.195,0.732
8500,0.050,0.394,0.556
9000,0.069,0.262,0.669
9500,0.057,0.209,0.734
10000,0.055,0.273,0.672
10500,0.087,0.172,0.741
11000,0.066,0.263,0.671
11500,0.134,0.078,0.788
12000,0.683,0.001,0.316
12500,0.835,0.000,0.165
13000,0.958,0.000,0.042
13500,0.994,0.000,0.006
14000,0.999,0.000,0.001
14500,1.000,0.000,0.000
