time,n_A+p,n_B,n_AB
500,0.050,0.688,0.262
1000,0.050,0.411,0.539
1500,0.050,0.314,0.636
2000,0.054,0.252,0.694
2500,0.059,0.231,0.711
3000,0.059,0.208,0.733
3500,0.070,0.150,0.779
4000,0.079,0.156,0.765
4500,0.180,0.037,0.782
5000,0.539,0.002,0.459
5500,0.739,0.000,0.261
6000,0.821,0.000,0.179
6500,0.930,0.000,0.070
7000,0.967,0.000,0.033
7500,0.929,0.000,0.071
8000,0.990,0.000,0.010
8500,0.976,0.000,0.024
9000,0.999,0.000,0.001
9500,1.000,0.000,0.000
10000,1.000,0.000,0.000
