time,n_A+p,n_B,n_AB
500,0.080,0.528,0.392
1000,0.080,0.394,0.526
1500,0.080,0.398,0.522
2000,0.081,0.342,0.577
2500,0.080,0.438,0.482
3000,0.083,0.374,0.543
3500,0.081,0.382,0.537
4000,0.096,0.288,0.616
4500,0.117,0.232,0.651
5000,0.087,0.327,0.586
5500,0.098,0.267,0.635
6000,0.093,0.268,0.639
6500,0.104,0.265,0.631
7000,0.101,0.240,0.659
7500,0.096,0.291,0.613
8000,0.087,0.364,0.549
8500,0.097,0.343,0.560
9000,0.088,0.300,0.612
9500,0.083,0.346,0.571
10000,0.089,0.270,0.641
10500,0.084,0.324,0.592
11000,0.107,0.287,0.606
11500,0.086,0.322,0.592
12000,0.089,0.236,0.675
12500,0.096,0.279,0.625
13000,0.225,0.120,0.655
13500,0.629,0.009,0.362
14000,0.881,0.000,0.119
14500,0.955,0.000,0.045
15000,0.974,0.000,0.026
15500,0.996,0.000,0.004
16000,0.999,0.000,0.001
16500,1.000,0.000,0.000
