time,n_A+p,n_B,n_AB
100,0.370,0.456,0.174
200,0.324,0.401,0.275
300,0.312,0.401,0.287
400,0.318,0.358,0.324
500,0.269,0.349,0.382
600,0.251,0.306,0.443
700,0.245,0.315,0.440
800,0.245,0.352,0.404
900,0.294,0.370,0.336
1000,0.245,0.349,0.407
1100,0.232,0.373,0.394
1200,0.223,0.364,0.413
1300,0.226,0.349,0.425
1400,0.208,0.364,0.428
1500,0.211,0.367,0.422
1600,0.211,0.358,0.431
1700,0.199,0.346,0.456
1800,0.180,0.373,0.446
1900,0.183,0.370,0.446
2000,0.208,0.367,0.425
2100,0.171,0.401,0.428
2200,0.180,0.364,0.456
2300,0.196,0.370,0.434
2400,0.214,0.379,0.407
2500,0.183,0.382,0.434
2600,0.193,0.404,0.404
2700,0.177,0.394,0.428
2800,0.180,0.394,0.425
2900,0.190,0.428,0.382
3000,0.177,0.437,0.385
3100,0.162,0.388,0.450
3200,0.180,0.391,0.428
3300,0.187,0.382,0.431
3400,0.165,0.370,0.465
3500,0.183,0.367,0.450
3600,0.165,0.370,0.465
3700,0.174,0.398,0.428
3800,0.205,0.391,0.404
3900,0.196,0.410,0.394
4000,0.199,0.394,0.407
4100,0.174,0.404,0.422
4200,0.177,0.367,0.456
4300,0.165,0.410,0.425
4400,0.171,0.434,0.394
4500,0.156,0.474,0.370
4600,0.147,0.471,0.382
4700,0.150,0.471,0.379
4800,0.113,0.489,0.398
4900,0.104,0.492,0.404
5000,0.095,0.517,0.388
5100,0.095,0.520,0.385
5200,0.107,0.554,0.339
5300,0.122,0.535,0.343
5400,0.116,0.511,0.373
5500,0.122,0.508,0.370
5600,0.128,0.526,0.346
5700,0.135,0.535,0.330
5800,0.116,0.502,0.382
5900,0.119,0.492,0.388
6000,0.125,0.502,0.373
6100,0.110,0.529,0.361
6200,0.144,0.563,0.294
6300,0.101,0.547,0.352
6400,0.107,0.550,0.343
6500,0.098,0.557,0.346
6600,0.104,0.563,0.333
6700,0.076,0.593,0.330
6800,0.070,0.572,0.358
6900,0.083,0.572,0.346
7000,0.092,0.593,0.315
7100,0.092,0.578,0.330
7200,0.080,0.575,0.346
7300,0.095,0.578,0.327
7400,0.113,0.584,0.303
7500,0.086,0.599,0.315
7600,0.070,0.621,0.309
7700,0.070,0.624,0.306
7800,0.080,0.636,0.284
7900,0.076,0.642,0.281
8000,0.055,0.657,0.287
8100,0.064,0.648,0.287
8200,0.058,0.654,0.287
8300,0.049,0.670,0.281
8400,0.046,0.688,0.266
8500,0.049,0.725,0.226
8600,0.034,0.700,0.266
8700,0.037,0.670,0.294
8800,0.028,0.685,0.287
8900,0.046,0.667,0.287
9000,0.052,0.673,0.275
9100,0.052,0.685,0.263
9200,0.061,0.703,0.235
9300,0.070,0.694,0.235
9400,0.058,0.694,0.248
9500,0.046,0.673,0.281
9600,0.043,0.664,0.294
9700,0.052,0.688,0.260
9800,0.046,0.725,0.229
9900,0.028,0.734,0.239
10000,0.021,0.758,0.220
10100,0.034,0.777,0.190
10200,0.037,0.798,0.165
10300,0.034,0.807,0.159
10400,0.040,0.829,0.131
10500,0.031,0.817,0.153
10600,0.021,0.795,0.183
10700,0.021,0.801,0.177
10800,0.018,0.832,0.150
10900,0.015,0.838,0.147
11000,0.034,0.823,0.144
11100,0.034,0.804,0.162
11200,0.028,0.804,0.168
11300,0.028,0.771,0.202
11400,0.031,0.798,0.171
11500,0.028,0.798,0.174
11600,0.018,0.801,0.180
11700,0.024,0.826,0.150
11800,0.021,0.817,0.162
11900,0.028,0.823,0.150
12000,0.028,0.844,0.128
12100,0.015,0.859,0.125
12200,0.024,0.862,0.113
12300,0.015,0.865,0.119
12400,0.018,0.875,0.107
12500,0.015,0.890,0.095
12600,0.015,0.890,0.095
12700,0.006,0.899,0.095
12800,0.006,0.911,0.083
12900,0.006,0.920,0.073
13000,0.006,0.939,0.055
13100,0.006,0.920,0.073
13200,0.015,0.920,0.064
13300,0.015,0.930,0.055
13400,0.012,0.924,0.064
13500,0.021,0.902,0.076
13600,0.012,0.902,0.086
13700,0.009,0.914,0.076
13800,0.006,0.914,0.080
13900,0.006,0.911,0.083
14000,0.003,0.924,0.073
14100,0.003,0.914,0.083
14200,0.000,0.924,0.076
14300,0.000,0.933,0.067
14400,0.000,0.939,0.061
14500,0.000,0.939,0.061
14600,0.000,0.951,0.049
14700,0.000,0.930,0.070
14800,0.000,0.942,0.058
14900,0.000,0.945,0.055
15000,0.000,0.960,0.040
15100,0.006,0.951,0.043
15200,0.003,0.951,0.046
15300,0.003,0.936,0.061
15400,0.000,0.942,0.058
15500,0.000,0.951,0.049
15600,0.000,0.960,0.040
15700,0.000,0.960,0.040
15800,0.000,0.966,0.034
15900,0.000,0.979,0.021
16000,0.000,0.979,0.021
16100,0.000,0.985,0.015
16200,0.000,0.994,0.006
16300,0.000,0.994,0.006
16400,0.000,0.994,0.006
16500,0.000,0.997,0.003
16600,0.000,0.997,0.003
16700,0.000,0.997,0.003
16800,0.000,1.000,0.000
