time,n_A+p,n_B,n_AB
100,0.030,0.963,0.007
200,0.030,0.960,0.010
300,0.030,0.954,0.016
400,0.030,0.952,0.018
500,0.030,0.948,0.022
600,0.030,0.937,0.033
700,0.030,0.929,0.041
800,0.030,0.927,0.043
900,0.030,0.917,0.053
1000,0.030,0.913,0.057
1100,0.030,0.909,0.061
1200,0.030,0.902,0.068
1300,0.030,0.896,0.074
1400,0.030,0.888,0.082
1500,0.030,0.879,0.091
1600,0.030,0.873,0.097
1700,0.030,0.865,0.105
1800,0.030,0.857,0.113
1900,0.030,0.847,0.123
2000,0.030,0.844,0.126
2100,0.030,0.832,0.138
2200,0.030,0.819,0.151
2300,0.030,0.804,0.166
2400,0.030,0.801,0.169
2500,0.030,0.789,0.181
2600,0.031,0.781,0.188
2700,0.031,0.766,0.203
2800,0.031,0.762,0.207
2900,0.031,0.745,0.224
3000,0.031,0.728,0.241
3100,0.031,0.719,0.250
3200,0.031,0.696,0.273
3300,0.033,0.681,0.286
3400,0.035,0.668,0.297
3500,0.034,0.660,0.306
3600,0.033,0.648,0.319
3700,0.033,0.631,0.336
3800,0.033,0.620,0.347
3900,0.035,0.605,0.360
4000,0.035,0.582,0.383
4100,0.035,0.568,0.397
4200,0.035,0.545,0.420
4300,0.037,0.525,0.438
4400,0.042,0.513,0.445
4500,0.039,0.508,0.453
4600,0.044,0.488,0.468
4700,0.043,0.477,0.480
4800,0.040,0.460,0.500
4900,0.040,0.444,0.516
5000,0.040,0.422,0.538
5100,0.045,0.410,0.545
5200,0.045,0.402,0.553
5300,0.045,0.387,0.568
5400,0.051,0.369,0.580
5500,0.049,0.355,0.596
5600,0.046,0.347,0.607
5700,0.054,0.331,0.615
5800,0.063,0.320,0.617
5900,0.060,0.313,0.627
6000,0.058,0.296,0.646
6100,0.061,0.277,0.662
6200,0.058,0.266,0.676
6300,0.057,0.263,0.680
6400,0.057,0.250,0.693
6500,0.063,0.246,0.691
6600,0.064,0.247,0.689
6700,0.070,0.245,0.685
6800,0.074,0.230,0.696
6900,0.074,0.228,0.698
7000,0.072,0.220,0.708
7100,0.074,0.215,0.711
7200,0.078,0.205,0.717
7300,0.076,0.188,0.736
7400,0.077,0.185,0.738
7500,0.079,0.182,0.739
7600,0.084,0.172,0.744
7700,0.079,0.168,0.753
7800,0.085,0.157,0.758
7900,0.082,0.156,0.762
8000,0.083,0.151,0.766
8100,0.082,0.155,0.763
8200,0.082,0.146,0.772
8300,0.082,0.150,0.768
8400,0.084,0.143,0.773
8500,0.085,0.137,0.778
8600,0.084,0.142,0.774
8700,0.082,0.142,0.776
8800,0.077,0.139,0.784
8900,0.075,0.134,0.791
9000,0.079,0.134,0.787
9100,0.084,0.142,0.774
9200,0.081,0.140,0.779
9300,0.081,0.140,0.779
9400,0.077,0.150,0.773
9500,0.077,0.148,0.775
9600,0.082,0.145,0.773
9700,0.085,0.142,0.773
9800,0.084,0.138,0.778
9900,0.083,0.131,0.786
10000,0.088,0.138,0.774
10100,0.087,0.139,0.774
10200,0.079,0.135,0.786
10300,0.083,0.132,0.785
10400,0.087,0.127,0.786
10500,0.087,0.126,0.787
10600,0.089,0.125,0.786
10700,0.088,0.111,0.801
10800,0.089,0.103,0.808
10900,0.087,0.100,0.813
11000,0.086,0.092,0.822
11100,0.087,0.094,0.819
11200,0.091,0.096,0.813
11300,0.095,0.092,0.813
11400,0.095,0.097,0.808
11500,0.087,0.090,0.823
11600,0.091,0.097,0.812
11700,0.096,0.093,0.811
11800,0.091,0.094,0.815
11900,0.087,0.096,0.817
12000,0.087,0.093,0.820
12100,0.091,0.094,0.815
12200,0.091,0.087,0.822
12300,0.085,0.082,0.833
12400,0.086,0.082,0.832
12500,0.087,0.079,0.834
12600,0.091,0.076,0.833
12700,0.096,0.087,0.817
12800,0.093,0.086,0.821
12900,0.097,0.097,0.806
13000,0.099,0.092,0.809
13100,0.101,0.094,0.805
13200,0.104,0.096,0.800
13300,0.103,0.096,0.801
13400,0.104,0.094,0.802
13500,0.102,0.089,0.809
13600,0.098,0.088,0.814
13700,0.104,0.082,0.814
13800,0.101,0.095,0.804
13900,0.100,0.090,0.810
14000,0.104,0.083,0.813
14100,0.101,0.084,0.815
14200,0.101,0.082,0.817
14300,0.103,0.082,0.815
14400,0.099,0.076,0.825
14500,0.098,0.076,0.826
14600,0.096,0.079,0.825
14700,0.099,0.089,0.812
14800,0.104,0.081,0.815
14900,0.102,0.082,0.816
15000,0.109,0.086,0.805
15100,0.112,0.086,0.802
15200,0.108,0.087,0.805
15300,0.109,0.084,0.807
15400,0.104,0.084,0.812
15500,0.100,0.078,0.822
15600,0.105,0.081,0.814
15700,0.109,0.080,0.811
15800,0.106,0.079,0.815
15900,0.106,0.073,0.821
16000,0.106,0.071,0.823
16100,0.107,0.072,0.821
16200,0.107,0.067,0.826
16300,0.112,0.071,0.817
16400,0.109,0.069,0.822
16500,0.119,0.072,0.809
16600,0.118,0.067,0.815
16700,0.112,0.063,0.825
16800,0.109,0.066,0.825
16900,0.108,0.069,0.823
17000,0.117,0.074,0.809
17100,0.109,0.067,0.824
17200,0.110,0.068,0.822
17300,0.112,0.070,0.818
17400,0.118,0.067,0.815
17500,0.119,0.063,0.818
17600,0.125,0.064,0.811
17700,0.138,0.066,0.796
17800,0.140,0.070,0.790
17900,0.132,0.069,0.799
18000,0.124,0.073,0.803
18100,0.129,0.078,0.793
18200,0.125,0.078,0.797
18300,0.125,0.081,0.794
18400,0.118,0.074,0.808
18500,0.121,0.074,0.805
18600,0.123,0.077,0.800
18700,0.125,0.081,0.794
18800,0.119,0.080,0.801
18900,0.125,0.093,0.782
19000,0.122,0.092,0.786
19100,0.124,0.093,0.783
19200,0.123,0.091,0.786
19300,0.125,0.092,0.783
19400,0.122,0.093,0.785
19500,0.123,0.092,0.785
19600,0.120,0.095,0.785
19700,0.125,0.088,0.787
19800,0.129,0.089,0.782
19900,0.133,0.087,0.780
20000,0.133,0.086,0.781
20100,0.128,0.085,0.787
20200,0.121,0.084,0.795
20300,0.123,0.083,0.794
20400,0.125,0.083,0.792
20500,0.126,0.082,0.792
20600,0.132,0.088,0.780
20700,0.124,0.080,0.796
20800,0.121,0.079,0.800
20900,0.124,0.080,0.796
21000,0.124,0.080,0.796
21100,0.124,0.080,0.796
21200,0.126,0.078,0.796
21300,0.129,0.078,0.793
21400,0.124,0.082,0.794
21500,0.120,0.085,0.795
21600,0.118,0.085,0.797
21700,0.121,0.077,0.802
21800,0.119,0.078,0.803
21900,0.118,0.077,0.805
22000,0.122,0.084,0.794
22100,0.119,0.082,0.799
22200,0.115,0.091,0.794
22300,0.116,0.090,0.794
22400,0.105,0.087,0.808
22500,0.107,0.091,0.802
22600,0.105,0.086,0.809
22700,0.100,0.083,0.817
22800,0.098,0.081,0.821
22900,0.107,0.081,0.812
23000,0.111,0.076,0.813
23100,0.105,0.073,0.822
23200,0.107,0.079,0.814
23300,0.108,0.082,0.810
23400,0.106,0.080,0.814
23500,0.106,0.075,0.819
23600,0.105,0.071,0.824
23700,0.106,0.069,0.825
23800,0.108,0.067,0.825
23900,0.109,0.069,0.822
24000,0.109,0.074,0.817
24100,0.107,0.075,0.818
24200,0.112,0.071,0.817
24300,0.117,0.071,0.812
24400,0.110,0.071,0.819
24500,0.108,0.074,0.818
24600,0.114,0.077,0.809
24700,0.122,0.085,0.793
24800,0.122,0.083,0.795
24900,0.124,0.089,0.787
25000,0.128,0.095,0.777
25100,0.129,0.090,0.781
25200,0.125,0.084,0.791
25300,0.123,0.075,0.802
25400,0.123,0.079,0.798
25500,0.122,0.081,0.797
25600,0.122,0.083,0.795
25700,0.124,0.089,0.787
25800,0.125,0.081,0.794
25900,0.131,0.080,0.789
26000,0.142,0.083,0.775
26100,0.151,0.081,0.768
26200,0.149,0.080,0.771
26300,0.140,0.083,0.777
26400,0.141,0.086,0.773
26500,0.140,0.083,0.777
26600,0.137,0.081,0.782
26700,0.145,0.079,0.776
26800,0.145,0.075,0.780
26900,0.141,0.068,0.791
27000,0.144,0.070,0.786
27100,0.138,0.066,0.796
27200,0.135,0.068,0.797
27300,0.138,0.065,0.797
27400,0.140,0.065,0.795
27500,0.136,0.065,0.799
27600,0.141,0.067,0.792
27700,0.138,0.065,0.797
27800,0.140,0.064,0.796
27900,0.134,0.076,0.790
28000,0.136,0.080,0.784
28100,0.134,0.081,0.785
28200,0.130,0.084,0.786
28300,0.130,0.083,0.787
28400,0.127,0.084,0.789
28500,0.127,0.087,0.786
28600,0.133,0.081,0.786
28700,0.126,0.087,0.787
28800,0.128,0.080,0.792
28900,0.122,0.085,0.793
29000,0.118,0.089,0.793
29100,0.121,0.085,0.794
29200,0.113,0.082,0.805
29300,0.112,0.080,0.808
29400,0.117,0.075,0.808
29500,0.122,0.076,0.802
29600,0.129,0.072,0.799
29700,0.131,0.070,0.799
29800,0.132,0.068,0.800
29900,0.131,0.065,0.804
30000,0.137,0.064,0.799
30100,0.135,0.065,0.800
30200,0.138,0.069,0.793
30300,0.141,0.073,0.786
30400,0.136,0.069,0.795
30500,0.131,0.066,0.803
30600,0.129,0.062,0.809
30700,0.135,0.061,0.804
30800,0.135,0.069,0.796
30900,0.145,0.071,0.784
31000,0.149,0.069,0.782
31100,0.151,0.074,0.775
31200,0.154,0.065,0.781
31300,0.145,0.062,0.793
31400,0.140,0.061,0.799
31500,0.134,0.061,0.805
31600,0.134,0.065,0.801
31700,0.134,0.068,0.798
31800,0.135,0.067,0.798
31900,0.133,0.075,0.792
32000,0.140,0.069,0.791
32100,0.137,0.067,0.796
32200,0.140,0.062,0.798
32300,0.143,0.068,0.789
32400,0.140,0.070,0.790
32500,0.135,0.075,0.790
32600,0.145,0.077,0.778
32700,0.139,0.077,0.784
32800,0.140,0.075,0.785
32900,0.142,0.067,0.791
33000,0.137,0.064,0.799
33100,0.129,0.062,0.809
33200,0.129,0.075,0.796
33300,0.129,0.081,0.790
33400,0.128,0.081,0.791
33500,0.126,0.079,0.795
33600,0.134,0.083,0.783
33700,0.134,0.077,0.789
33800,0.130,0.076,0.794
33900,0.130,0.073,0.797
34000,0.129,0.072,0.799
34100,0.128,0.076,0.796
34200,0.126,0.074,0.800
34300,0.128,0.063,0.809
34400,0.128,0.065,0.807
34500,0.129,0.069,0.802
34600,0.133,0.078,0.789
34700,0.137,0.080,0.783
34800,0.136,0.075,0.789
34900,0.145,0.079,0.776
35000,0.144,0.079,0.777
35100,0.139,0.081,0.780
35200,0.138,0.084,0.778
35300,0.138,0.084,0.778
35400,0.136,0.081,0.783
35500,0.132,0.077,0.791
35600,0.136,0.082,0.782
35700,0.132,0.083,0.785
35800,0.132,0.084,0.784
35900,0.129,0.080,0.791
36000,0.130,0.077,0.793
36100,0.133,0.075,0.792
36200,0.143,0.076,0.781
36300,0.139,0.078,0.783
36400,0.137,0.081,0.782
36500,0.134,0.072,0.794
36600,0.134,0.069,0.797
36700,0.142,0.072,0.786
36800,0.153,0.066,0.781
36900,0.147,0.062,0.791
37000,0.149,0.062,0.789
37100,0.147,0.061,0.792
37200,0.153,0.061,0.786
37300,0.154,0.058,0.788
37400,0.158,0.058,0.784
37500,0.149,0.064,0.787
37600,0.142,0.064,0.794
37700,0.137,0.065,0.798
37800,0.131,0.058,0.811
37900,0.138,0.065,0.797
38000,0.144,0.066,0.790
38100,0.143,0.070,0.787
38200,0.142,0.070,0.788
38300,0.137,0.070,0.793
38400,0.127,0.073,0.800
38500,0.125,0.066,0.809
38600,0.125,0.064,0.811
38700,0.130,0.072,0.798
38800,0.129,0.067,0.804
38900,0.135,0.066,0.799
39000,0.130,0.072,0.798
39100,0.128,0.075,0.797
39200,0.129,0.080,0.791
39300,0.132,0.080,0.788
39400,0.134,0.075,0.791
39500,0.135,0.072,0.793
39600,0.139,0.076,0.785
39700,0.134,0.083,0.783
39800,0.135,0.080,0.785
39900,0.132,0.081,0.787
40000,0.132,0.075,0.793
40100,0.130,0.073,0.797
40200,0.126,0.076,0.798
40300,0.122,0.074,0.804
40400,0.119,0.073,0.808
40500,0.124,0.072,0.804
40600,0.116,0.075,0.809
40700,0.119,0.072,0.809
40800,0.120,0.066,0.814
40900,0.121,0.067,0.812
41000,0.126,0.066,0.808
41100,0.128,0.073,0.799
41200,0.125,0.067,0.808
41300,0.126,0.067,0.807
41400,0.127,0.071,0.802
41500,0.121,0.079,0.800
41600,0.122,0.072,0.806
41700,0.126,0.073,0.801
41800,0.131,0.080,0.789
41900,0.133,0.083,0.784
42000,0.134,0.077,0.789
42100,0.132,0.074,0.794
42200,0.130,0.085,0.785
42300,0.134,0.090,0.776
42400,0.136,0.088,0.776
42500,0.128,0.083,0.789
42600,0.128,0.087,0.785
42700,0.126,0.096,0.778
42800,0.128,0.092,0.780
42900,0.128,0.085,0.787
43000,0.121,0.085,0.794
43100,0.123,0.082,0.795
43200,0.124,0.080,0.796
43300,0.129,0.078,0.793
43400,0.126,0.085,0.789
43500,0.127,0.081,0.792
43600,0.126,0.083,0.791
43700,0.128,0.081,0.791
43800,0.128,0.085,0.787
43900,0.130,0.084,0.786
44000,0.130,0.085,0.785
44100,0.131,0.079,0.790
44200,0.132,0.075,0.793
44300,0.131,0.081,0.788
44400,0.133,0.077,0.790
44500,0.126,0.071,0.803
44600,0.123,0.068,0.809
44700,0.128,0.069,0.803
44800,0.129,0.062,0.809
44900,0.136,0.062,0.802
45000,0.128,0.060,0.812
45100,0.133,0.063,0.804
45200,0.134,0.063,0.803
45300,0.137,0.066,0.797
45400,0.135,0.064,0.801
45500,0.137,0.067,0.796
45600,0.135,0.069,0.796
45700,0.132,0.065,0.803
45800,0.137,0.065,0.798
45900,0.140,0.065,0.795
46000,0.138,0.064,0.798
46100,0.136,0.064,0.800
46200,0.140,0.066,0.794
46300,0.144,0.066,0.790
46400,0.153,0.076,0.771
46500,0.156,0.068,0.776
46600,0.165,0.071,0.764
46700,0.161,0.068,0.771
46800,0.155,0.072,0.773
46900,0.153,0.074,0.773
47000,0.154,0.073,0.773
47100,0.147,0.076,0.777
47200,0.140,0.073,0.787
47300,0.137,0.076,0.787
47400,0.137,0.079,0.784
47500,0.131,0.076,0.793
47600,0.127,0.087,0.786
47700,0.125,0.080,0.795
47800,0.123,0.077,0.800
47900,0.124,0.073,0.803
48000,0.125,0.077,0.798
48100,0.119,0.073,0.808
48200,0.128,0.073,0.799
48300,0.128,0.075,0.797
48400,0.131,0.074,0.795
48500,0.128,0.073,0.799
48600,0.121,0.069,0.810
48700,0.114,0.066,0.820
48800,0.105,0.066,0.829
48900,0.104,0.073,0.823
49000,0.100,0.079,0.821
49100,0.105,0.076,0.819
49200,0.104,0.075,0.821
49300,0.105,0.080,0.815
49400,0.109,0.074,0.817
49500,0.113,0.074,0.813
49600,0.119,0.069,0.812
49700,0.116,0.063,0.821
49800,0.121,0.068,0.811
49900,0.114,0.072,0.814
50000,0.117,0.070,0.813
50100,0.115,0.069,0.816
50200,0.117,0.077,0.806
50300,0.120,0.084,0.796
50400,0.122,0.085,0.793
50500,0.121,0.088,0.791
50600,0.124,0.080,0.796
50700,0.125,0.081,0.794
50800,0.128,0.084,0.788
50900,0.126,0.087,0.787
51000,0.127,0.080,0.793
51100,0.132,0.071,0.797
51200,0.129,0.070,0.801
51300,0.129,0.069,0.802
51400,0.135,0.074,0.791
51500,0.134,0.074,0.792
51600,0.130,0.076,0.794
51700,0.122,0.076,0.802
51800,0.121,0.078,0.801
51900,0.124,0.077,0.799
52000,0.124,0.084,0.792
52100,0.115,0.087,0.798
52200,0.121,0.083,0.796
52300,0.121,0.084,0.795
52400,0.122,0.080,0.798
52500,0.116,0.075,0.809
52600,0.115,0.077,0.808
52700,0.126,0.070,0.804
52800,0.127,0.061,0.812
52900,0.128,0.063,0.809
53000,0.127,0.060,0.813
53100,0.135,0.070,0.795
53200,0.140,0.071,0.789
53300,0.145,0.064,0.791
53400,0.140,0.065,0.795
53500,0.131,0.058,0.811
53600,0.140,0.061,0.799
53700,0.134,0.071,0.795
53800,0.127,0.080,0.793
53900,0.128,0.072,0.800
54000,0.123,0.084,0.793
54100,0.124,0.085,0.791
54200,0.120,0.086,0.794
54300,0.119,0.087,0.794
54400,0.119,0.088,0.793
54500,0.111,0.089,0.800
54600,0.108,0.086,0.806
54700,0.111,0.083,0.806
54800,0.115,0.084,0.801
54900,0.115,0.089,0.796
55000,0.114,0.087,0.799
55100,0.119,0.085,0.796
55200,0.116,0.085,0.799
55300,0.114,0.087,0.799
55400,0.107,0.088,0.805
55500,0.105,0.093,0.802
55600,0.108,0.085,0.807
55700,0.109,0.079,0.812
55800,0.110,0.084,0.806
55900,0.101,0.083,0.816
56000,0.103,0.086,0.811
56100,0.106,0.088,0.806
56200,0.109,0.085,0.806
56300,0.117,0.087,0.796
56400,0.116,0.085,0.799
56500,0.123,0.077,0.800
56600,0.124,0.075,0.801
56700,0.131,0.074,0.795
56800,0.131,0.069,0.800
56900,0.132,0.067,0.801
57000,0.133,0.069,0.798
57100,0.128,0.064,0.808
57200,0.129,0.064,0.807
57300,0.125,0.062,0.813
57400,0.126,0.064,0.810
57500,0.123,0.074,0.803
57600,0.114,0.071,0.815
57700,0.120,0.069,0.811
57800,0.117,0.075,0.808
57900,0.114,0.085,0.801
58000,0.118,0.085,0.797
58100,0.118,0.079,0.803
58200,0.114,0.077,0.809
58300,0.107,0.074,0.819
58400,0.109,0.068,0.823
58500,0.112,0.068,0.820
58600,0.107,0.067,0.826
58700,0.110,0.071,0.819
58800,0.117,0.073,0.810
58900,0.119,0.070,0.811
59000,0.118,0.069,0.813
59100,0.117,0.065,0.818
59200,0.115,0.071,0.814
59300,0.115,0.068,0.817
59400,0.118,0.067,0.815
59500,0.119,0.065,0.816
59600,0.118,0.063,0.819
59700,0.119,0.057,0.824
59800,0.121,0.061,0.818
59900,0.118,0.061,0.821
60000,0.116,0.058,0.826
60100,0.112,0.061,0.827
60200,0.108,0.056,0.836
60300,0.106,0.058,0.836
60400,0.109,0.060,0.831
60500,0.113,0.062,0.825
60600,0.111,0.057,0.832
60700,0.112,0.058,0.830
60800,0.107,0.062,0.831
60900,0.107,0.070,0.823
61000,0.113,0.075,0.812
61100,0.110,0.079,0.811
61200,0.115,0.084,0.801
61300,0.119,0.082,0.799
61400,0.116,0.092,0.792
61500,0.116,0.098,0.786
61600,0.112,0.091,0.797
61700,0.117,0.092,0.791
61800,0.119,0.091,0.790
61900,0.119,0.092,0.789
62000,0.117,0.084,0.799
62100,0.112,0.082,0.806
62200,0.111,0.078,0.811
62300,0.108,0.076,0.816
62400,0.107,0.076,0.817
62500,0.112,0.086,0.802
62600,0.114,0.082,0.804
62700,0.120,0.089,0.791
62800,0.116,0.090,0.794
62900,0.118,0.084,0.798
63000,0.118,0.081,0.801
63100,0.124,0.079,0.797
63200,0.116,0.079,0.805
63300,0.118,0.078,0.804
63400,0.112,0.084,0.804
63500,0.116,0.085,0.799
63600,0.123,0.086,0.791
63700,0.126,0.086,0.788
63800,0.135,0.086,0.779
63900,0.130,0.079,0.791
64000,0.127,0.081,0.792
64100,0.125,0.079,0.796
64200,0.119,0.083,0.798
64300,0.119,0.090,0.791
64400,0.108,0.108,0.784
64500,0.105,0.097,0.798
64600,0.112,0.096,0.792
64700,0.111,0.095,0.794
64800,0.109,0.097,0.794
64900,0.108,0.109,0.783
65000,0.108,0.107,0.785
65100,0.104,0.107,0.789
65200,0.100,0.105,0.795
65300,0.095,0.108,0.797
65400,0.097,0.112,0.791
65500,0.099,0.113,0.788
65600,0.100,0.113,0.787
65700,0.102,0.109,0.789
65800,0.108,0.115,0.777
65900,0.111,0.110,0.779
66000,0.116,0.109,0.775
66100,0.114,0.112,0.774
66200,0.113,0.111,0.776
66300,0.110,0.106,0.784
66400,0.104,0.100,0.796
66500,0.106,0.101,0.793
66600,0.108,0.094,0.798
66700,0.110,0.092,0.798
66800,0.111,0.100,0.789
66900,0.105,0.095,0.800
67000,0.109,0.104,0.787
67100,0.111,0.104,0.785
67200,0.109,0.102,0.789
67300,0.117,0.098,0.785
67400,0.109,0.092,0.799
67500,0.107,0.104,0.789
67600,0.101,0.100,0.799
67700,0.103,0.106,0.791
67800,0.104,0.105,0.791
67900,0.101,0.116,0.783
68000,0.109,0.109,0.782
68100,0.115,0.108,0.777
68200,0.117,0.104,0.779
68300,0.117,0.100,0.783
68400,0.121,0.101,0.778
68500,0.125,0.096,0.779
68600,0.117,0.112,0.771
68700,0.126,0.114,0.760
68800,0.131,0.107,0.762
68900,0.130,0.107,0.763
69000,0.133,0.103,0.764
69100,0.142,0.096,0.762
69200,0.137,0.097,0.766
69300,0.135,0.103,0.762
69400,0.134,0.098,0.768
69500,0.135,0.099,0.766
69600,0.139,0.097,0.764
69700,0.140,0.098,0.762
69800,0.138,0.098,0.764
69900,0.137,0.096,0.767
70000,0.133,0.093,0.774
70100,0.132,0.087,0.781
70200,0.128,0.079,0.793
70300,0.135,0.079,0.786
70400,0.140,0.079,0.781
70500,0.144,0.085,0.771
70600,0.145,0.083,0.772
70700,0.149,0.078,0.773
70800,0.147,0.076,0.777
70900,0.143,0.072,0.785
71000,0.148,0.064,0.788
71100,0.149,0.070,0.781
71200,0.157,0.067,0.776
71300,0.166,0.066,0.768
71400,0.174,0.071,0.755
71500,0.168,0.065,0.767
71600,0.163,0.065,0.772
71700,0.161,0.062,0.777
71800,0.158,0.066,0.776
71900,0.166,0.069,0.765
72000,0.165,0.067,0.768
72100,0.156,0.065,0.779
72200,0.154,0.072,0.774
72300,0.158,0.069,0.773
72400,0.159,0.066,0.775
72500,0.152,0.061,0.787
72600,0.157,0.067,0.776
72700,0.152,0.066,0.782
72800,0.157,0.067,0.776
72900,0.156,0.067,0.777
73000,0.151,0.068,0.781
73100,0.146,0.066,0.788
73200,0.147,0.071,0.782
73300,0.145,0.065,0.790
73400,0.147,0.064,0.789
73500,0.146,0.069,0.785
73600,0.142,0.070,0.788
73700,0.139,0.063,0.798
73800,0.132,0.063,0.805
73900,0.127,0.056,0.817
74000,0.126,0.055,0.819
74100,0.130,0.057,0.813
74200,0.128,0.055,0.817
74300,0.141,0.059,0.800
74400,0.142,0.055,0.803
74500,0.141,0.057,0.802
74600,0.140,0.057,0.803
74700,0.139,0.055,0.806
74800,0.135,0.061,0.804
74900,0.142,0.062,0.796
75000,0.145,0.062,0.793
75100,0.141,0.065,0.794
75200,0.136,0.060,0.804
75300,0.133,0.059,0.808
75400,0.131,0.062,0.807
75500,0.133,0.060,0.807
75600,0.133,0.065,0.802
75700,0.132,0.060,0.808
75800,0.130,0.061,0.809
75900,0.138,0.060,0.802
76000,0.140,0.068,0.792
76100,0.140,0.079,0.781
76200,0.141,0.081,0.778
76300,0.136,0.080,0.784
76400,0.132,0.082,0.786
76500,0.135,0.080,0.785
76600,0.136,0.083,0.781
76700,0.132,0.077,0.791
76800,0.126,0.074,0.800
76900,0.136,0.075,0.789
77000,0.142,0.074,0.784
77100,0.150,0.069,0.781
77200,0.154,0.072,0.774
77300,0.154,0.079,0.767
77400,0.147,0.076,0.777
77500,0.145,0.076,0.779
77600,0.145,0.083,0.772
77700,0.147,0.084,0.769
77800,0.139,0.084,0.777
77900,0.140,0.081,0.779
78000,0.139,0.089,0.772
78100,0.133,0.089,0.778
78200,0.133,0.089,0.778
78300,0.139,0.085,0.776
78400,0.138,0.091,0.771
78500,0.138,0.085,0.777
78600,0.136,0.090,0.774
78700,0.130,0.095,0.775
78800,0.130,0.097,0.773
78900,0.126,0.101,0.773
79000,0.129,0.099,0.772
79100,0.124,0.101,0.775
79200,0.127,0.101,0.772
79300,0.126,0.095,0.779
79400,0.123,0.094,0.783
79500,0.130,0.089,0.781
79600,0.130,0.085,0.785
79700,0.129,0.080,0.791
79800,0.128,0.078,0.794
79900,0.129,0.086,0.785
80000,0.122,0.085,0.793
80100,0.120,0.086,0.794
80200,0.117,0.089,0.794
80300,0.118,0.083,0.799
80400,0.123,0.076,0.801
80500,0.132,0.079,0.789
80600,0.126,0.092,0.782
80700,0.118,0.090,0.792
80800,0.121,0.090,0.789
80900,0.114,0.086,0.800
81000,0.115,0.079,0.806
81100,0.115,0.078,0.807
81200,0.117,0.079,0.804
81300,0.112,0.083,0.805
81400,0.105,0.084,0.811
81500,0.110,0.086,0.804
81600,0.108,0.084,0.808
81700,0.107,0.086,0.807
81800,0.117,0.087,0.796
81900,0.119,0.090,0.791
82000,0.124,0.080,0.796
82100,0.130,0.070,0.800
82200,0.127,0.071,0.802
82300,0.133,0.069,0.798
82400,0.136,0.070,0.794
82500,0.126,0.076,0.798
82600,0.120,0.075,0.805
82700,0.118,0.075,0.807
82800,0.121,0.076,0.803
82900,0.116,0.080,0.804
83000,0.119,0.087,0.794
83100,0.122,0.092,0.786
83200,0.124,0.091,0.785
83300,0.118,0.085,0.797
83400,0.119,0.081,0.800
83500,0.119,0.078,0.803
83600,0.126,0.078,0.796
83700,0.124,0.074,0.802
83800,0.133,0.071,0.796
83900,0.133,0.073,0.794
84000,0.136,0.072,0.792
84100,0.140,0.071,0.789
84200,0.133,0.067,0.800
84300,0.131,0.061,0.808
84400,0.135,0.058,0.807
84500,0.133,0.054,0.813
84600,0.137,0.051,0.812
84700,0.139,0.051,0.810
84800,0.137,0.051,0.812
84900,0.136,0.055,0.809
85000,0.135,0.055,0.810
85100,0.136,0.055,0.809
85200,0.139,0.058,0.803
85300,0.144,0.062,0.794
85400,0.141,0.066,0.793
85500,0.146,0.062,0.792
85600,0.140,0.063,0.797
85700,0.139,0.062,0.799
85800,0.140,0.069,0.791
85900,0.139,0.070,0.791
86000,0.139,0.068,0.793
86100,0.137,0.061,0.802
86200,0.134,0.069,0.797
86300,0.135,0.066,0.799
86400,0.137,0.070,0.793
86500,0.135,0.074,0.791
86600,0.136,0.072,0.792
86700,0.129,0.071,0.800
86800,0.136,0.072,0.792
86900,0.136,0.068,0.796
87000,0.130,0.072,0.798
87100,0.127,0.069,0.804
87200,0.133,0.068,0.799
87300,0.129,0.067,0.804
87400,0.131,0.072,0.797
87500,0.136,0.068,0.796
87600,0.140,0.065,0.795
87700,0.134,0.065,0.801
87800,0.128,0.061,0.811
87900,0.124,0.058,0.818
88000,0.126,0.060,0.814
88100,0.126,0.060,0.814
88200,0.123,0.061,0.816
88300,0.123,0.061,0.816
88400,0.130,0.066,0.804
88500,0.125,0.060,0.815
88600,0.127,0.058,0.815
88700,0.122,0.057,0.821
88800,0.124,0.056,0.820
88900,0.125,0.059,0.816
89000,0.130,0.055,0.815
89100,0.135,0.057,0.808
89200,0.140,0.064,0.796
89300,0.135,0.064,0.801
89400,0.136,0.063,0.801
89500,0.137,0.064,0.799
89600,0.133,0.061,0.806
89700,0.124,0.063,0.813
89800,0.124,0.066,0.810
89900,0.121,0.065,0.814
90000,0.121,0.070,0.809
90100,0.124,0.070,0.806
90200,0.122,0.069,0.809
90300,0.121,0.067,0.812
90400,0.117,0.065,0.818
90500,0.121,0.066,0.813
90600,0.120,0.058,0.822
90700,0.120,0.063,0.817
90800,0.116,0.065,0.819
90900,0.110,0.066,0.824
91000,0.117,0.070,0.813
91100,0.121,0.076,0.803
91200,0.120,0.074,0.806
91300,0.117,0.071,0.812
91400,0.125,0.064,0.811
91500,0.128,0.070,0.802
91600,0.127,0.071,0.802
91700,0.128,0.070,0.802
91800,0.129,0.066,0.805
91900,0.129,0.070,0.801
92000,0.121,0.069,0.810
92100,0.115,0.073,0.812
92200,0.117,0.071,0.812
92300,0.118,0.066,0.816
92400,0.126,0.063,0.811
92500,0.127,0.071,0.802
92600,0.123,0.071,0.806
92700,0.126,0.070,0.804
92800,0.126,0.068,0.806
92900,0.124,0.069,0.807
93000,0.128,0.066,0.806
93100,0.128,0.071,0.801
93200,0.125,0.069,0.806
93300,0.125,0.065,0.810
93400,0.117,0.062,0.821
93500,0.116,0.064,0.820
93600,0.115,0.065,0.820
93700,0.125,0.062,0.813
93800,0.128,0.059,0.813
93900,0.131,0.069,0.800
94000,0.135,0.070,0.795
94100,0.136,0.074,0.790
94200,0.131,0.078,0.791
94300,0.132,0.085,0.783
94400,0.124,0.092,0.784
94500,0.118,0.085,0.797
94600,0.117,0.081,0.802
94700,0.120,0.079,0.801
94800,0.116,0.071,0.813
94900,0.117,0.067,0.816
95000,0.124,0.073,0.803
95100,0.119,0.071,0.810
95200,0.122,0.069,0.809
95300,0.120,0.075,0.805
95400,0.119,0.087,0.794
95500,0.116,0.090,0.794
95600,0.112,0.090,0.798
95700,0.113,0.089,0.798
95800,0.116,0.090,0.794
95900,0.117,0.093,0.790
96000,0.117,0.097,0.786
96100,0.119,0.099,0.782
96200,0.119,0.101,0.780
96300,0.111,0.098,0.791
96400,0.113,0.095,0.792
96500,0.112,0.092,0.796
96600,0.108,0.100,0.792
96700,0.105,0.106,0.789
96800,0.106,0.101,0.793
96900,0.108,0.097,0.795
97000,0.107,0.093,0.800
97100,0.111,0.091,0.798
97200,0.111,0.095,0.794
97300,0.107,0.093,0.800
97400,0.106,0.088,0.806
97500,0.109,0.095,0.796
97600,0.106,0.092,0.802
97700,0.106,0.091,0.803
97800,0.102,0.091,0.807
97900,0.107,0.092,0.801
98000,0.108,0.091,0.801
98100,0.107,0.088,0.805
98200,0.103,0.090,0.807
98300,0.106,0.095,0.799
98400,0.104,0.097,0.799
98500,0.105,0.092,0.803
98600,0.102,0.088,0.810
98700,0.095,0.088,0.817
98800,0.092,0.096,0.812
98900,0.090,0.098,0.812
99000,0.093,0.097,0.810
99100,0.101,0.089,0.810
99200,0.108,0.082,0.810
99300,0.108,0.083,0.809
99400,0.107,0.080,0.813
99500,0.114,0.076,0.810
99600,0.117,0.070,0.813
99700,0.126,0.071,0.803
99800,0.123,0.069,0.808
99900,0.122,0.067,0.811
100000,0.121,0.076,0.803
