time,n_A+p,n_B,n_AB
100,0.030,0.968,0.002
200,0.030,0.968,0.002
300,0.030,0.967,0.003
400,0.030,0.966,0.004
500,0.030,0.964,0.006
600,0.030,0.963,0.007
700,0.030,0.962,0.008
800,0.035,0.958,0.007
900,0.035,0.957,0.008
1000,0.033,0.958,0.009
1100,0.033,0.957,0.010
1200,0.033,0.948,0.019
1300,0.036,0.939,0.026
1400,0.040,0.935,0.026
1500,0.039,0.935,0.027
1600,0.037,0.923,0.040
1700,0.036,0.909,0.055
1800,0.037,0.912,0.051
1900,0.035,0.910,0.055
2000,0.038,0.917,0.045
2100,0.035,0.920,0.045
2200,0.036,0.924,0.040
2300,0.034,0.922,0.044
2400,0.033,0.926,0.041
2500,0.035,0.931,0.035
2600,0.036,0.919,0.045
2700,0.042,0.911,0.047
2800,0.041,0.911,0.048
2900,0.043,0.911,0.046
3000,0.043,0.909,0.048
3100,0.041,0.914,0.045
3200,0.041,0.910,0.049
3300,0.050,0.906,0.044
3400,0.048,0.900,0.052
3500,0.048,0.889,0.063
3600,0.045,0.887,0.068
3700,0.048,0.883,0.069
3800,0.050,0.883,0.067
3900,0.051,0.888,0.061
4000,0.051,0.879,0.069
4100,0.051,0.877,0.072
4200,0.047,0.863,0.090
4300,0.056,0.854,0.090
4400,0.060,0.849,0.091
4500,0.062,0.852,0.086
4600,0.059,0.856,0.085
4700,0.062,0.855,0.083
4800,0.058,0.853,0.089
4900,0.062,0.855,0.083
5000,0.061,0.856,0.083
5100,0.060,0.859,0.081
5200,0.066,0.850,0.084
5300,0.069,0.853,0.078
5400,0.068,0.846,0.086
5500,0.069,0.849,0.082
5600,0.074,0.847,0.080
5700,0.074,0.846,0.081
5800,0.070,0.845,0.085
5900,0.073,0.850,0.078
6000,0.079,0.848,0.074
6100,0.074,0.850,0.077
6200,0.074,0.852,0.075
6300,0.070,0.858,0.072
6400,0.068,0.861,0.070
6500,0.069,0.862,0.068
6600,0.063,0.860,0.077
6700,0.067,0.860,0.073
6800,0.065,0.855,0.080
6900,0.066,0.858,0.076
7000,0.067,0.864,0.068
7100,0.065,0.850,0.085
7200,0.066,0.854,0.080
7300,0.084,0.832,0.084
7400,0.081,0.837,0.083
7500,0.083,0.830,0.087
7600,0.076,0.832,0.092
7700,0.075,0.839,0.087
7800,0.070,0.826,0.103
7900,0.089,0.818,0.093
8000,0.089,0.824,0.087
8100,0.093,0.813,0.094
8200,0.091,0.814,0.095
8300,0.092,0.816,0.092
8400,0.087,0.823,0.090
8500,0.088,0.818,0.094
8600,0.095,0.801,0.104
8700,0.089,0.801,0.110
8800,0.084,0.804,0.112
8900,0.088,0.808,0.104
9000,0.082,0.808,0.110
9100,0.082,0.807,0.111
9200,0.089,0.801,0.110
9300,0.090,0.808,0.102
9400,0.105,0.789,0.106
9500,0.104,0.782,0.113
9600,0.120,0.772,0.108
9700,0.109,0.766,0.125
9800,0.121,0.761,0.118
9900,0.111,0.770,0.118
10000,0.110,0.770,0.120
10100,0.114,0.769,0.116
10200,0.117,0.770,0.112
10300,0.103,0.796,0.101
10400,0.107,0.781,0.111
10500,0.103,0.792,0.105
10600,0.099,0.791,0.110
10700,0.096,0.795,0.109
10800,0.090,0.800,0.110
10900,0.094,0.809,0.097
11000,0.098,0.799,0.103
11100,0.097,0.804,0.099
11200,0.099,0.809,0.092
11300,0.109,0.803,0.088
11400,0.103,0.794,0.103
11500,0.100,0.791,0.109
11600,0.102,0.787,0.111
11700,0.106,0.792,0.102
11800,0.108,0.796,0.096
11900,0.105,0.800,0.095
12000,0.108,0.791,0.101
12100,0.104,0.785,0.110
12200,0.107,0.784,0.108
12300,0.106,0.775,0.118
12400,0.109,0.779,0.111
12500,0.104,0.776,0.120
12600,0.104,0.791,0.105
12700,0.132,0.771,0.097
12800,0.148,0.751,0.101
12900,0.142,0.751,0.107
13000,0.141,0.755,0.104
13100,0.142,0.758,0.100
13200,0.142,0.748,0.110
13300,0.137,0.742,0.122
13400,0.149,0.741,0.110
13500,0.148,0.749,0.103
13600,0.140,0.752,0.108
13700,0.149,0.735,0.115
13800,0.146,0.747,0.107
13900,0.145,0.743,0.112
14000,0.142,0.746,0.112
14100,0.139,0.751,0.110
14200,0.136,0.752,0.112
14300,0.145,0.744,0.111
14400,0.142,0.743,0.115
14500,0.136,0.741,0.124
14600,0.136,0.741,0.124
14700,0.134,0.737,0.129
14800,0.147,0.722,0.131
14900,0.147,0.724,0.129
15000,0.154,0.724,0.122
15100,0.162,0.724,0.113
15200,0.150,0.730,0.120
15300,0.171,0.719,0.110
15400,0.174,0.695,0.132
15500,0.171,0.695,0.135
15600,0.170,0.705,0.126
15700,0.155,0.706,0.139
15800,0.150,0.688,0.161
15900,0.154,0.691,0.155
16000,0.151,0.702,0.147
16100,0.154,0.700,0.146
16200,0.161,0.697,0.142
16300,0.166,0.696,0.138
16400,0.156,0.687,0.156
16500,0.141,0.698,0.161
16600,0.132,0.713,0.155
16700,0.131,0.723,0.146
16800,0.127,0.731,0.142
16900,0.121,0.742,0.138
17000,0.124,0.750,0.127
17100,0.118,0.746,0.136
17200,0.117,0.750,0.133
17300,0.113,0.749,0.138
17400,0.110,0.743,0.147
17500,0.102,0.752,0.146
17600,0.099,0.757,0.144
17700,0.103,0.757,0.140
17800,0.107,0.758,0.135
17900,0.107,0.752,0.141
18000,0.104,0.757,0.139
18100,0.113,0.756,0.131
18200,0.117,0.759,0.124
18300,0.116,0.765,0.118
18400,0.124,0.747,0.130
18500,0.120,0.750,0.131
18600,0.123,0.743,0.135
18700,0.129,0.744,0.128
18800,0.129,0.739,0.133
18900,0.129,0.739,0.133
19000,0.128,0.733,0.139
19100,0.133,0.732,0.135
19200,0.133,0.726,0.141
19300,0.121,0.730,0.149
19400,0.123,0.731,0.146
19500,0.124,0.731,0.145
19600,0.121,0.733,0.146
19700,0.113,0.745,0.142
19800,0.108,0.741,0.151
19900,0.115,0.734,0.150
20000,0.118,0.727,0.154
20100,0.134,0.723,0.143
20200,0.132,0.723,0.145
20300,0.133,0.722,0.145
20400,0.129,0.726,0.145
20500,0.122,0.720,0.158
20600,0.117,0.719,0.163
20700,0.112,0.712,0.176
20800,0.129,0.703,0.169
20900,0.140,0.707,0.153
21000,0.144,0.706,0.150
21100,0.148,0.715,0.137
21200,0.155,0.710,0.135
21300,0.158,0.694,0.148
21400,0.154,0.695,0.151
21500,0.159,0.698,0.143
21600,0.156,0.692,0.152
21700,0.168,0.681,0.151
21800,0.165,0.691,0.144
21900,0.162,0.687,0.150
22000,0.191,0.660,0.149
22100,0.183,0.660,0.157
22200,0.190,0.652,0.158
22300,0.193,0.649,0.158
22400,0.203,0.636,0.160
22500,0.199,0.653,0.148
22600,0.188,0.663,0.149
22700,0.192,0.664,0.144
22800,0.201,0.653,0.146
22900,0.193,0.652,0.155
23000,0.184,0.654,0.162
23100,0.185,0.650,0.165
23200,0.184,0.647,0.170
23300,0.198,0.633,0.169
23400,0.197,0.639,0.163
23500,0.201,0.645,0.154
23600,0.231,0.622,0.147
23700,0.239,0.610,0.151
23800,0.236,0.607,0.157
23900,0.254,0.587,0.158
24000,0.249,0.584,0.166
24100,0.256,0.579,0.164
24200,0.246,0.588,0.165
24300,0.246,0.590,0.163
24400,0.247,0.588,0.164
24500,0.248,0.581,0.171
24600,0.260,0.582,0.157
24700,0.260,0.576,0.163
24800,0.266,0.568,0.166
24900,0.283,0.536,0.181
25000,0.273,0.551,0.177
25100,0.274,0.555,0.172
25200,0.267,0.573,0.160
25300,0.265,0.567,0.169
25400,0.269,0.545,0.186
25500,0.277,0.541,0.182
25600,0.286,0.553,0.161
25700,0.281,0.551,0.169
25800,0.277,0.537,0.186
25900,0.277,0.541,0.182
26000,0.286,0.540,0.174
26100,0.284,0.545,0.171
26200,0.275,0.549,0.177
26300,0.269,0.554,0.178
26400,0.281,0.539,0.180
26500,0.287,0.540,0.173
26600,0.299,0.528,0.173
26700,0.290,0.534,0.176
26800,0.288,0.531,0.181
26900,0.280,0.527,0.193
27000,0.297,0.539,0.163
27100,0.283,0.531,0.186
27200,0.278,0.545,0.177
27300,0.277,0.553,0.171
27400,0.275,0.555,0.171
27500,0.281,0.541,0.178
27600,0.281,0.543,0.176
27700,0.303,0.528,0.169
27800,0.306,0.521,0.173
27900,0.307,0.519,0.174
28000,0.296,0.532,0.172
28100,0.297,0.530,0.173
28200,0.309,0.528,0.162
28300,0.315,0.512,0.174
28400,0.315,0.516,0.170
28500,0.323,0.516,0.161
28600,0.321,0.512,0.168
28700,0.315,0.515,0.171
28800,0.307,0.514,0.179
28900,0.303,0.502,0.195
29000,0.289,0.516,0.195
29100,0.288,0.513,0.199
29200,0.289,0.513,0.198
29300,0.305,0.511,0.184
29400,0.298,0.529,0.173
29500,0.305,0.534,0.160
29600,0.299,0.534,0.166
29700,0.301,0.540,0.158
29800,0.298,0.544,0.157
29900,0.294,0.557,0.149
30000,0.285,0.557,0.158
30100,0.289,0.558,0.153
30200,0.277,0.563,0.160
30300,0.281,0.563,0.156
30400,0.277,0.561,0.162
30500,0.281,0.546,0.173
30600,0.279,0.553,0.169
30700,0.281,0.551,0.169
30800,0.304,0.530,0.165
30900,0.304,0.523,0.173
31000,0.302,0.517,0.181
31100,0.297,0.524,0.179
31200,0.295,0.515,0.190
31300,0.297,0.499,0.203
31400,0.288,0.509,0.203
31500,0.281,0.512,0.207
31600,0.280,0.512,0.208
31700,0.283,0.518,0.199
31800,0.281,0.520,0.199
31900,0.282,0.518,0.200
32000,0.286,0.513,0.201
32100,0.289,0.508,0.203
32200,0.300,0.494,0.205
32300,0.297,0.496,0.206
32400,0.311,0.490,0.199
32500,0.304,0.496,0.199
32600,0.300,0.493,0.206
32700,0.307,0.495,0.197
32800,0.319,0.504,0.178
32900,0.322,0.492,0.186
33000,0.326,0.484,0.190
33100,0.321,0.493,0.186
33200,0.326,0.482,0.192
33300,0.337,0.478,0.185
33400,0.340,0.473,0.187
33500,0.330,0.474,0.196
33600,0.327,0.477,0.196
33700,0.339,0.483,0.178
33800,0.342,0.475,0.183
33900,0.339,0.462,0.199
34000,0.334,0.456,0.210
34100,0.350,0.463,0.187
34200,0.323,0.474,0.203
34300,0.323,0.488,0.189
34400,0.320,0.494,0.186
34500,0.318,0.491,0.191
34600,0.311,0.484,0.205
34700,0.308,0.489,0.202
34800,0.302,0.480,0.218
34900,0.296,0.515,0.189
35000,0.284,0.503,0.213
35100,0.284,0.509,0.207
35200,0.284,0.493,0.223
35300,0.295,0.488,0.217
35400,0.298,0.489,0.212
35500,0.307,0.478,0.215
35600,0.302,0.488,0.209
35700,0.307,0.493,0.199
35800,0.316,0.485,0.199
35900,0.304,0.495,0.200
36000,0.302,0.501,0.197
36100,0.298,0.505,0.197
36200,0.297,0.479,0.224
36300,0.304,0.482,0.213
36400,0.305,0.481,0.213
36500,0.314,0.473,0.213
36600,0.315,0.470,0.216
36700,0.327,0.476,0.197
36800,0.327,0.468,0.205
36900,0.328,0.466,0.206
37000,0.329,0.477,0.194
37100,0.314,0.484,0.202
37200,0.313,0.485,0.202
37300,0.317,0.481,0.202
37400,0.326,0.471,0.203
37500,0.318,0.475,0.207
37600,0.315,0.471,0.215
37700,0.324,0.462,0.215
37800,0.327,0.462,0.211
37900,0.322,0.459,0.220
38000,0.328,0.448,0.224
38100,0.320,0.458,0.223
38200,0.321,0.465,0.215
38300,0.336,0.460,0.204
38400,0.317,0.469,0.215
38500,0.320,0.473,0.207
38600,0.303,0.502,0.195
38700,0.290,0.495,0.215
38800,0.292,0.499,0.208
38900,0.284,0.509,0.207
39000,0.305,0.492,0.202
39100,0.301,0.486,0.212
39200,0.314,0.473,0.213
39300,0.309,0.474,0.217
39400,0.297,0.493,0.209
39500,0.299,0.489,0.211
39600,0.317,0.481,0.202
39700,0.328,0.471,0.201
39800,0.331,0.474,0.195
39900,0.327,0.477,0.196
40000,0.328,0.469,0.203
40100,0.338,0.462,0.200
40200,0.346,0.457,0.197
40300,0.349,0.446,0.204
40400,0.349,0.451,0.199
40500,0.356,0.437,0.206
40600,0.359,0.431,0.210
40700,0.360,0.432,0.208
40800,0.367,0.437,0.196
40900,0.362,0.439,0.199
41000,0.346,0.438,0.216
41100,0.333,0.454,0.213
41200,0.344,0.447,0.208
41300,0.335,0.465,0.200
41400,0.340,0.461,0.199
41500,0.346,0.446,0.207
41600,0.356,0.449,0.194
41700,0.351,0.451,0.197
41800,0.366,0.454,0.181
41900,0.355,0.463,0.182
42000,0.359,0.459,0.183
42100,0.365,0.447,0.188
42200,0.355,0.448,0.196
42300,0.347,0.457,0.196
42400,0.350,0.457,0.193
42500,0.350,0.467,0.183
42600,0.365,0.449,0.186
42700,0.352,0.458,0.190
42800,0.384,0.425,0.191
42900,0.391,0.422,0.187
43000,0.383,0.426,0.191
43100,0.382,0.424,0.194
43200,0.369,0.433,0.198
43300,0.362,0.437,0.201
43400,0.369,0.428,0.203
43500,0.369,0.420,0.211
43600,0.370,0.407,0.224
43700,0.371,0.407,0.223
43800,0.376,0.421,0.203
43900,0.379,0.420,0.201
44000,0.377,0.418,0.205
44100,0.382,0.402,0.216
44200,0.378,0.416,0.206
44300,0.383,0.408,0.209
44400,0.382,0.400,0.218
44500,0.395,0.392,0.212
44600,0.407,0.394,0.199
44700,0.395,0.399,0.205
44800,0.402,0.396,0.201
44900,0.407,0.396,0.197
45000,0.403,0.388,0.208
45100,0.398,0.387,0.215
45200,0.396,0.392,0.211
45300,0.396,0.386,0.218
45400,0.393,0.391,0.216
45500,0.390,0.399,0.210
45600,0.407,0.384,0.209
45700,0.407,0.383,0.210
45800,0.406,0.378,0.217
45900,0.410,0.370,0.221
46000,0.413,0.366,0.222
46100,0.406,0.366,0.229
46200,0.390,0.387,0.223
46300,0.392,0.389,0.219
46400,0.389,0.385,0.226
46500,0.392,0.384,0.224
46600,0.393,0.383,0.224
46700,0.395,0.383,0.222
46800,0.393,0.392,0.215
46900,0.401,0.392,0.206
47000,0.378,0.404,0.218
47100,0.391,0.397,0.211
47200,0.390,0.396,0.213
47300,0.376,0.403,0.221
47400,0.385,0.393,0.222
47500,0.388,0.389,0.223
47600,0.392,0.383,0.225
47700,0.395,0.379,0.226
47800,0.401,0.367,0.232
47900,0.399,0.366,0.235
48000,0.403,0.374,0.223
48100,0.419,0.352,0.229
48200,0.395,0.349,0.255
48300,0.384,0.367,0.249
48400,0.395,0.360,0.245
48500,0.398,0.358,0.244
48600,0.410,0.363,0.228
48700,0.402,0.368,0.230
48800,0.397,0.365,0.238
48900,0.401,0.359,0.240
49000,0.390,0.372,0.238
49100,0.375,0.382,0.243
49200,0.363,0.396,0.241
49300,0.350,0.400,0.249
49400,0.341,0.398,0.260
49500,0.328,0.392,0.280
49600,0.318,0.396,0.286
49700,0.333,0.396,0.271
49800,0.347,0.388,0.265
49900,0.353,0.385,0.261
50000,0.367,0.386,0.247
50100,0.353,0.402,0.244
50200,0.354,0.395,0.250
50300,0.364,0.390,0.246
50400,0.363,0.402,0.235
50500,0.360,0.406,0.235
50600,0.349,0.401,0.249
50700,0.350,0.417,0.233
50800,0.342,0.418,0.240
50900,0.350,0.396,0.253
51000,0.350,0.387,0.263
51100,0.370,0.376,0.254
51200,0.386,0.374,0.240
51300,0.393,0.370,0.237
51400,0.400,0.371,0.229
51500,0.402,0.382,0.216
51600,0.420,0.370,0.210
51700,0.417,0.355,0.228
51800,0.421,0.360,0.220
51900,0.419,0.359,0.223
52000,0.427,0.358,0.216
52100,0.440,0.351,0.208
52200,0.451,0.346,0.202
52300,0.468,0.340,0.192
52400,0.460,0.329,0.211
52500,0.447,0.326,0.227
52600,0.451,0.329,0.220
52700,0.449,0.322,0.229
52800,0.446,0.321,0.233
52900,0.445,0.325,0.230
53000,0.450,0.327,0.223
53100,0.458,0.317,0.226
53200,0.456,0.330,0.215
53300,0.459,0.331,0.210
53400,0.455,0.332,0.213
53500,0.464,0.323,0.213
53600,0.477,0.323,0.200
53700,0.486,0.323,0.191
53800,0.484,0.319,0.197
53900,0.497,0.307,0.195
54000,0.494,0.304,0.201
54100,0.504,0.307,0.189
54200,0.492,0.319,0.189
54300,0.502,0.312,0.187
54400,0.490,0.317,0.193
54500,0.488,0.312,0.200
54600,0.486,0.316,0.198
54700,0.460,0.333,0.207
54800,0.466,0.324,0.210
54900,0.449,0.336,0.215
55000,0.474,0.318,0.208
55100,0.483,0.309,0.207
55200,0.490,0.303,0.206
55300,0.490,0.292,0.218
55400,0.496,0.288,0.216
55500,0.499,0.287,0.213
55600,0.511,0.289,0.200
55700,0.507,0.279,0.215
55800,0.511,0.281,0.208
55900,0.510,0.288,0.202
56000,0.519,0.283,0.198
56100,0.526,0.282,0.192
56200,0.531,0.271,0.198
56300,0.528,0.270,0.202
56400,0.535,0.269,0.196
56500,0.529,0.269,0.202
56600,0.533,0.268,0.199
56700,0.530,0.280,0.190
56800,0.539,0.275,0.186
56900,0.546,0.268,0.186
57000,0.549,0.265,0.187
57100,0.538,0.267,0.195
57200,0.544,0.266,0.190
57300,0.539,0.257,0.203
57400,0.529,0.260,0.210
57500,0.543,0.263,0.194
57600,0.537,0.265,0.198
57700,0.539,0.258,0.202
57800,0.544,0.256,0.199
57900,0.554,0.251,0.195
58000,0.537,0.266,0.197
58100,0.534,0.263,0.203
58200,0.533,0.258,0.208
58300,0.539,0.253,0.207
58400,0.528,0.260,0.211
58500,0.513,0.259,0.228
58600,0.510,0.264,0.227
58700,0.506,0.267,0.228
58800,0.502,0.261,0.237
58900,0.509,0.257,0.234
59000,0.513,0.252,0.235
59100,0.520,0.244,0.236
59200,0.515,0.256,0.229
59300,0.521,0.255,0.224
59400,0.518,0.260,0.222
59500,0.513,0.257,0.230
59600,0.520,0.256,0.224
59700,0.514,0.253,0.233
59800,0.494,0.267,0.239
59900,0.507,0.261,0.232
60000,0.510,0.259,0.231
60100,0.520,0.263,0.218
60200,0.534,0.252,0.213
60300,0.543,0.256,0.200
60400,0.550,0.253,0.197
60500,0.551,0.247,0.202
60600,0.538,0.246,0.216
60700,0.535,0.245,0.220
60800,0.537,0.242,0.221
60900,0.536,0.238,0.226
61000,0.538,0.244,0.218
61100,0.543,0.239,0.218
61200,0.542,0.228,0.230
61300,0.551,0.231,0.219
61400,0.556,0.241,0.203
61500,0.551,0.234,0.216
61600,0.527,0.239,0.234
61700,0.528,0.246,0.226
61800,0.526,0.245,0.229
61900,0.516,0.246,0.238
62000,0.524,0.249,0.227
62100,0.517,0.243,0.240
62200,0.512,0.240,0.248
62300,0.520,0.238,0.242
62400,0.523,0.247,0.230
62500,0.542,0.246,0.211
62600,0.539,0.238,0.223
62700,0.552,0.234,0.215
62800,0.553,0.234,0.213
62900,0.561,0.238,0.201
63000,0.559,0.233,0.208
63100,0.573,0.226,0.201
63200,0.569,0.227,0.204
63300,0.583,0.222,0.195
63400,0.572,0.222,0.206
63500,0.572,0.225,0.203
63600,0.582,0.226,0.192
63700,0.585,0.228,0.187
63800,0.604,0.220,0.177
63900,0.606,0.215,0.180
64000,0.618,0.215,0.168
64100,0.600,0.224,0.177
64200,0.591,0.222,0.187
64300,0.596,0.217,0.188
64400,0.606,0.212,0.182
64500,0.592,0.216,0.192
64600,0.591,0.216,0.193
64700,0.594,0.210,0.195
64800,0.581,0.232,0.187
64900,0.582,0.230,0.188
65000,0.579,0.230,0.191
65100,0.582,0.228,0.190
65200,0.586,0.228,0.186
65300,0.577,0.228,0.195
65400,0.599,0.228,0.174
65500,0.610,0.224,0.166
65600,0.614,0.225,0.161
65700,0.614,0.222,0.164
65800,0.616,0.220,0.164
65900,0.609,0.217,0.175
66000,0.613,0.220,0.168
66100,0.611,0.217,0.173
66200,0.611,0.219,0.171
66300,0.611,0.212,0.177
66400,0.607,0.215,0.179
66500,0.611,0.211,0.178
66600,0.615,0.213,0.172
66700,0.604,0.218,0.179
66800,0.610,0.217,0.174
66900,0.606,0.222,0.173
67000,0.613,0.215,0.173
67100,0.599,0.226,0.176
67200,0.614,0.210,0.176
67300,0.609,0.215,0.177
67400,0.612,0.216,0.173
67500,0.619,0.212,0.169
67600,0.623,0.210,0.166
67700,0.622,0.206,0.172
67800,0.626,0.202,0.172
67900,0.621,0.204,0.175
68000,0.633,0.192,0.175
68100,0.638,0.189,0.173
68200,0.646,0.188,0.166
68300,0.646,0.186,0.169
68400,0.653,0.176,0.172
68500,0.660,0.171,0.170
68600,0.669,0.170,0.161
68700,0.681,0.169,0.150
68800,0.673,0.175,0.152
68900,0.677,0.172,0.151
69000,0.675,0.171,0.154
69100,0.677,0.170,0.153
69200,0.682,0.166,0.151
69300,0.684,0.166,0.149
69400,0.681,0.164,0.154
69500,0.686,0.160,0.153
69600,0.683,0.157,0.159
69700,0.686,0.157,0.156
69800,0.682,0.157,0.160
69900,0.683,0.156,0.160
70000,0.683,0.157,0.159
70100,0.692,0.155,0.153
70200,0.693,0.154,0.153
70300,0.698,0.151,0.151
70400,0.698,0.152,0.150
70500,0.705,0.149,0.146
70600,0.711,0.151,0.138
70700,0.715,0.151,0.134
70800,0.722,0.149,0.129
70900,0.722,0.147,0.131
71000,0.718,0.147,0.135
71100,0.721,0.147,0.132
71200,0.725,0.146,0.129
71300,0.730,0.146,0.124
71400,0.731,0.146,0.123
71500,0.732,0.145,0.123
71600,0.732,0.148,0.120
71700,0.739,0.147,0.114
71800,0.740,0.146,0.114
71900,0.735,0.150,0.114
72000,0.729,0.149,0.122
72100,0.733,0.146,0.121
72200,0.735,0.145,0.120
72300,0.739,0.144,0.117
72400,0.739,0.146,0.115
72500,0.742,0.146,0.112
72600,0.744,0.147,0.109
72700,0.744,0.146,0.110
72800,0.745,0.146,0.109
72900,0.747,0.146,0.107
73000,0.745,0.145,0.110
73100,0.742,0.146,0.112
73200,0.746,0.145,0.109
73300,0.745,0.144,0.111
73400,0.745,0.142,0.113
73500,0.742,0.142,0.116
73600,0.744,0.143,0.113
73700,0.745,0.144,0.111
73800,0.745,0.144,0.111
73900,0.740,0.145,0.115
74000,0.739,0.147,0.114
74100,0.737,0.147,0.115
74200,0.734,0.147,0.118
74300,0.735,0.147,0.117
74400,0.734,0.145,0.121
74500,0.733,0.143,0.124
74600,0.734,0.143,0.123
74700,0.735,0.144,0.121
74800,0.741,0.143,0.116
74900,0.742,0.143,0.115
75000,0.737,0.142,0.121
75100,0.742,0.143,0.115
75200,0.741,0.140,0.120
75300,0.741,0.139,0.121
75400,0.743,0.140,0.117
75500,0.744,0.142,0.114
75600,0.743,0.139,0.118
75700,0.748,0.140,0.112
75800,0.750,0.140,0.110
75900,0.755,0.139,0.106
76000,0.755,0.139,0.106
76100,0.757,0.138,0.105
76200,0.758,0.138,0.104
76300,0.754,0.138,0.108
76400,0.756,0.138,0.106
76500,0.756,0.137,0.107
76600,0.737,0.156,0.106
76700,0.733,0.154,0.112
76800,0.740,0.153,0.107
76900,0.741,0.152,0.107
77000,0.741,0.148,0.111
77100,0.737,0.146,0.116
77200,0.744,0.146,0.110
77300,0.745,0.144,0.111
77400,0.743,0.143,0.114
77500,0.744,0.143,0.113
77600,0.741,0.143,0.116
77700,0.741,0.144,0.115
77800,0.746,0.143,0.111
77900,0.743,0.142,0.115
78000,0.741,0.144,0.115
78100,0.742,0.143,0.115
78200,0.725,0.160,0.114
78300,0.723,0.159,0.117
78400,0.716,0.156,0.128
78500,0.709,0.155,0.136
78600,0.711,0.154,0.135
78700,0.708,0.154,0.138
78800,0.708,0.152,0.140
78900,0.710,0.151,0.139
79000,0.708,0.150,0.142
79100,0.706,0.146,0.148
79200,0.714,0.147,0.139
79300,0.709,0.146,0.145
79400,0.728,0.145,0.127
79500,0.729,0.145,0.126
79600,0.728,0.143,0.129
79700,0.723,0.144,0.133
79800,0.730,0.141,0.129
79900,0.735,0.140,0.125
80000,0.735,0.139,0.126
80100,0.740,0.138,0.123
80200,0.746,0.138,0.116
80300,0.741,0.137,0.123
80400,0.741,0.137,0.123
80500,0.747,0.137,0.116
80600,0.747,0.137,0.116
80700,0.748,0.137,0.115
80800,0.753,0.138,0.109
80900,0.755,0.137,0.108
81000,0.757,0.136,0.107
81100,0.761,0.136,0.103
81200,0.758,0.139,0.103
81300,0.758,0.138,0.104
81400,0.758,0.138,0.104
81500,0.762,0.138,0.100
81600,0.764,0.138,0.098
81700,0.765,0.139,0.096
81800,0.764,0.139,0.097
81900,0.764,0.139,0.097
82000,0.762,0.139,0.099
82100,0.761,0.138,0.101
82200,0.762,0.138,0.100
82300,0.762,0.137,0.101
82400,0.765,0.137,0.098
82500,0.765,0.136,0.099
82600,0.767,0.134,0.099
82700,0.768,0.134,0.098
82800,0.768,0.133,0.099
82900,0.765,0.135,0.100
83000,0.763,0.139,0.098
83100,0.759,0.143,0.098
83200,0.759,0.144,0.097
83300,0.755,0.144,0.101
83400,0.756,0.143,0.101
83500,0.757,0.139,0.104
83600,0.758,0.137,0.105
83700,0.760,0.136,0.104
83800,0.761,0.135,0.104
83900,0.762,0.135,0.103
84000,0.765,0.133,0.102
84100,0.762,0.136,0.102
84200,0.767,0.136,0.097
84300,0.766,0.136,0.098
84400,0.768,0.135,0.097
84500,0.770,0.134,0.096
84600,0.769,0.133,0.098
84700,0.770,0.133,0.097
84800,0.772,0.133,0.095
84900,0.775,0.133,0.092
85000,0.761,0.133,0.106
85100,0.763,0.133,0.104
85200,0.764,0.133,0.103
85300,0.765,0.133,0.102
85400,0.764,0.133,0.103
85500,0.768,0.135,0.097
85600,0.765,0.135,0.100
85700,0.763,0.136,0.101
85800,0.760,0.139,0.101
85900,0.756,0.143,0.101
86000,0.757,0.141,0.102
86100,0.760,0.140,0.100
86200,0.759,0.141,0.100
86300,0.761,0.141,0.098
86400,0.762,0.139,0.099
86500,0.766,0.136,0.098
86600,0.765,0.135,0.100
86700,0.765,0.135,0.100
86800,0.766,0.135,0.099
86900,0.768,0.135,0.097
87000,0.767,0.135,0.098
87100,0.768,0.135,0.097
87200,0.770,0.135,0.095
87300,0.776,0.130,0.094
87400,0.778,0.130,0.092
87500,0.778,0.130,0.092
87600,0.780,0.130,0.090
87700,0.781,0.129,0.090
87800,0.783,0.128,0.089
87900,0.777,0.141,0.082
88000,0.777,0.139,0.084
88100,0.776,0.138,0.086
88200,0.772,0.139,0.089
88300,0.778,0.132,0.090
88400,0.778,0.132,0.090
88500,0.775,0.132,0.093
88600,0.777,0.132,0.091
88700,0.776,0.132,0.092
88800,0.776,0.131,0.093
88900,0.776,0.131,0.093
89000,0.777,0.131,0.092
89100,0.773,0.130,0.097
89200,0.781,0.130,0.089
89300,0.783,0.130,0.087
89400,0.785,0.130,0.085
89500,0.785,0.130,0.085
89600,0.787,0.129,0.085
89700,0.785,0.126,0.089
89800,0.785,0.126,0.089
89900,0.784,0.125,0.091
90000,0.785,0.125,0.090
90100,0.785,0.124,0.091
90200,0.787,0.124,0.090
90300,0.784,0.130,0.086
90400,0.784,0.129,0.087
90500,0.782,0.129,0.089
90600,0.783,0.129,0.088
90700,0.783,0.129,0.088
90800,0.785,0.129,0.086
90900,0.785,0.129,0.086
91000,0.783,0.127,0.090
91100,0.785,0.127,0.088
91200,0.789,0.127,0.085
91300,0.785,0.130,0.085
91400,0.788,0.129,0.084
91500,0.788,0.127,0.086
91600,0.787,0.127,0.087
91700,0.788,0.127,0.086
91800,0.788,0.127,0.086
91900,0.788,0.125,0.088
92000,0.785,0.128,0.087
92100,0.787,0.122,0.092
92200,0.788,0.122,0.091
92300,0.788,0.121,0.092
92400,0.788,0.121,0.092
92500,0.788,0.120,0.093
92600,0.792,0.118,0.090
92700,0.794,0.118,0.088
92800,0.794,0.118,0.088
92900,0.792,0.118,0.090
93000,0.791,0.118,0.091
93100,0.793,0.118,0.089
93200,0.795,0.118,0.087
93300,0.796,0.117,0.087
93400,0.797,0.117,0.086
93500,0.797,0.117,0.086
93600,0.797,0.116,0.087
93700,0.797,0.116,0.087
93800,0.798,0.116,0.086
93900,0.798,0.116,0.086
94000,0.799,0.116,0.085
94100,0.800,0.116,0.084
94200,0.800,0.115,0.085
94300,0.801,0.115,0.084
94400,0.801,0.115,0.084
94500,0.795,0.115,0.090
94600,0.804,0.112,0.084
94700,0.804,0.112,0.084
94800,0.803,0.113,0.084
94900,0.803,0.113,0.084
95000,0.802,0.113,0.085
95100,0.802,0.113,0.085
95200,0.802,0.113,0.085
95300,0.802,0.113,0.085
95400,0.802,0.113,0.085
95500,0.802,0.113,0.085
95600,0.804,0.113,0.083
95700,0.804,0.112,0.084
95800,0.804,0.112,0.084
95900,0.804,0.112,0.084
96000,0.805,0.112,0.083
96100,0.805,0.112,0.083
96200,0.805,0.112,0.083
96300,0.804,0.112,0.084
96400,0.804,0.112,0.084
96500,0.803,0.113,0.084
96600,0.802,0.113,0.085
96700,0.802,0.113,0.085
96800,0.805,0.113,0.082
96900,0.798,0.122,0.081
97000,0.798,0.122,0.081
97100,0.798,0.122,0.081
97200,0.798,0.122,0.081
97300,0.799,0.118,0.083
97400,0.800,0.118,0.082
97500,0.802,0.118,0.080
97600,0.803,0.116,0.081
97700,0.803,0.115,0.082
97800,0.805,0.115,0.080
97900,0.806,0.115,0.079
98000,0.808,0.115,0.077
98100,0.807,0.115,0.078
98200,0.808,0.113,0.079
98300,0.808,0.113,0.079
98400,0.804,0.113,0.083
98500,0.803,0.114,0.083
98600,0.804,0.113,0.083
98700,0.804,0.113,0.083
98800,0.804,0.113,0.083
98900,0.805,0.113,0.082
99000,0.782,0.115,0.102
99100,0.782,0.115,0.102
99200,0.783,0.115,0.101
99300,0.772,0.131,0.097
99400,0.771,0.129,0.100
99500,0.769,0.130,0.101
99600,0.757,0.129,0.114
99700,0.758,0.128,0.114
99800,0.759,0.130,0.111
99900,0.754,0.133,0.113
100000,0.748,0.133,0.120
