time,n_A+p,n_B,n_AB
500,0.080,0.476,0.444
1000,0.088,0.388,0.524
1500,0.080,0.332,0.588
2000,0.080,0.448,0.472
2500,0.080,0.483,0.437
3000,0.081,0.390,0.529
3500,0.080,0.380,0.540
4000,0.080,0.393,0.527
4500,0.086,0.326,0.588
5000,0.083,0.306,0.611
5500,0.098,0.356,0.546
6000,0.081,0.326,0.593
6500,0.084,0.400,0.516
7000,0.089,0.357,0.554
7500,0.125,0.185,0.690
8000,0.476,0.020,0.504
8500,0.848,0.000,0.152
9000,0.977,0.000,0.023
9500,1.000,0.000,0.000
