time,n_A+p,n_B,n_AB
500,0.030,0.861,0.109
1000,0.030,0.719,0.251
1500,0.030,0.624,0.346
2000,0.030,0.488,0.482
2500,0.033,0.439,0.528
3000,0.034,0.450,0.516
3500,0.030,0.440,0.530
4000,0.033,0.474,0.493
4500,0.035,0.441,0.524
5000,0.048,0.413,0.539
5500,0.039,0.364,0.597
6000,0.038,0.410,0.552
6500,0.033,0.394,0.573
7000,0.030,0.428,0.542
7500,0.032,0.429,0.539
8000,0.034,0.400,0.566
8500,0.030,0.465,0.505
9000,0.030,0.544,0.426
9500,0.030,0.537,0.433
10000,0.030,0.532,0.438
10500,0.030,0.536,0.434
11000,0.031,0.472,0.497
11500,0.038,0.489,0.473
12000,0.032,0.459,0.509
12500,0.031,0.458,0.511
13000,0.042,0.470,0.488
13500,0.039,0.373,0.588
14000,0.040,0.385,0.575
14500,0.032,0.455,0.513
15000,0.030,0.437,0.533
15500,0.032,0.354,0.614
16000,0.034,0.417,0.549
16500,0.030,0.390,0.580
17000,0.031,0.490,0.479
17500,0.037,0.475,0.488
18000,0.031,0.551,0.418
18500,0.033,0.485,0.482
19000,0.030,0.470,0.500
19500,0.030,0.510,0.460
20000,0.041,0.450,0.509
20500,0.032,0.510,0.458
21000,0.031,0.483,0.486
21500,0.031,0.483,0.486
22000,0.038,0.489,0.473
22500,0.032,0.503,0.465
23000,0.030,0.526,0.444
23500,0.030,0.537,0.433
24000,0.035,0.487,0.478
24500,0.030,0.444,0.526
25000,0.030,0.418,0.552
25500,0.035,0.453,0.512
26000,0.030,0.501,0.469
26500,0.030,0.491,0.479
27000,0.036,0.354,0.610
27500,0.041,0.384,0.575
28000,0.031,0.396,0.573
28500,0.030,0.393,0.577
29000,0.042,0.441,0.517
29500,0.039,0.441,0.520
30000,0.035,0.412,0.553
30500,0.031,0.445,0.524
31000,0.030,0.466,0.504
31500,0.030,0.523,0.447
32000,0.031,0.505,0.464
32500,0.030,0.398,0.572
33000,0.035,0.500,0.465
33500,0.030,0.470,0.500
34000,0.030,0.390,0.580
34500,0.030,0.486,0.484
35000,0.030,0.463,0.507
35500,0.030,0.522,0.448
36000,0.031,0.512,0.457
36500,0.030,0.448,0.522
37000,0.037,0.404,0.559
37500,0.038,0.419,0.543
38000,0.034,0.459,0.507
38500,0.030,0.440,0.530
39000,0.030,0.434,0.536
39500,0.030,0.504,0.466
40000,0.030,0.383,0.587
40500,0.037,0.429,0.534
41000,0.035,0.428,0.537
41500,0.030,0.414,0.556
42000,0.030,0.427,0.543
42500,0.030,0.482,0.488
43000,0.036,0.450,0.514
43500,0.036,0.411,0.553
44000,0.031,0.388,0.581
44500,0.030,0.441,0.529
45000,0.041,0.351,0.608
45500,0.043,0.303,0.654
46000,0.037,0.382,0.581
46500,0.041,0.409,0.550
47000,0.031,0.471,0.498
47500,0.037,0.435,0.528
48000,0.037,0.402,0.561
48500,0.034,0.416,0.550
49000,0.034,0.417,0.549
49500,0.035,0.479,0.486
50000,0.032,0.401,0.567
50500,0.033,0.398,0.569
51000,0.031,0.469,0.500
51500,0.032,0.463,0.505
52000,0.030,0.498,0.472
52500,0.030,0.562,0.408
53000,0.031,0.464,0.505
53500,0.030,0.449,0.521
54000,0.030,0.437,0.533
54500,0.035,0.358,0.607
55000,0.030,0.478,0.492
55500,0.030,0.498,0.472
56000,0.032,0.504,0.464
56500,0.031,0.428,0.541
57000,0.034,0.383,0.583
57500,0.030,0.473,0.497
58000,0.041,0.346,0.613
58500,0.061,0.368,0.571
59000,0.040,0.329,0.631
59500,0.032,0.422,0.546
60000,0.030,0.389,0.581
60500,0.032,0.414,0.554
61000,0.030,0.552,0.418
61500,0.030,0.467,0.503
62000,0.030,0.419,0.551
62500,0.033,0.429,0.538
63000,0.031,0.405,0.564
63500,0.033,0.464,0.503
64000,0.030,0.435,0.535
64500,0.030,0.451,0.519
65000,0.033,0.430,0.537
65500,0.030,0.488,0.482
66000,0.030,0.538,0.432
66500,0.030,0.493,0.477
67000,0.039,0.480,0.481
67500,0.030,0.459,0.511
68000,0.030,0.500,0.470
68500,0.032,0.489,0.479
69000,0.030,0.551,0.419
69500,0.030,0.572,0.398
70000,0.030,0.590,0.380
70500,0.030,0.555,0.415
71000,0.030,0.514,0.456
71500,0.030,0.400,0.570
72000,0.031,0.374,0.595
72500,0.044,0.340,0.616
73000,0.041,0.395,0.564
73500,0.030,0.419,0.551
74000,0.033,0.386,0.581
74500,0.046,0.358,0.596
75000,0.034,0.428,0.538
75500,0.031,0.426,0.543
76000,0.032,0.461,0.507
76500,0.030,0.529,0.441
77000,0.030,0.505,0.465
77500,0.030,0.420,0.550
78000,0.030,0.486,0.484
78500,0.030,0.491,0.479
79000,0.036,0.434,0.530
79500,0.030,0.508,0.462
80000,0.030,0.446,0.524
80500,0.030,0.488,0.482
81000,0.030,0.516,0.454
81500,0.030,0.508,0.462
82000,0.030,0.452,0.518
82500,0.030,0.500,0.470
83000,0.030,0.522,0.448
83500,0.034,0.466,0.500
84000,0.032,0.500,0.468
84500,0.030,0.455,0.515
85000,0.036,0.419,0.545
85500,0.036,0.503,0.461
86000,0.030,0.446,0.524
86500,0.039,0.453,0.508
87000,0.036,0.394,0.570
87500,0.036,0.348,0.616
88000,0.041,0.346,0.613
88500,0.041,0.394,0.565
89000,0.036,0.402,0.562
89500,0.031,0.378,0.591
90000,0.031,0.397,0.572
90500,0.030,0.416,0.554
91000,0.037,0.438,0.525
91500,0.033,0.459,0.508
92000,0.030,0.457,0.513
92500,0.038,0.481,0.481
93000,0.031,0.464,0.505
93500,0.030,0.527,0.443
94000,0.035,0.520,0.445
94500,0.030,0.482,0.488
95000,0.030,0.526,0.444
95500,0.031,0.503,0.466
96000,0.030,0.567,0.403
96500,0.030,0.506,0.464
97000,0.038,0.385,0.577
97500,0.031,0.414,0.555
98000,0.031,0.408,0.561
98500,0.030,0.389,0.581
99000,0.045,0.375,0.580
99500,0.033,0.426,0.541
100000,0.030,0.410,0.560
100500,0.035,0.477,0.488
101000,0.041,0.398,0.561
101500,0.041,0.383,0.576
102000,0.034,0.381,0.585
102500,0.036,0.398,0.566
103000,0.040,0.415,0.545
103500,0.038,0.480,0.482
104000,0.030,0.441,0.529
104500,0.035,0.430,0.535
105000,0.031,0.444,0.525
105500,0.038,0.423,0.539
106000,0.032,0.422,0.546
106500,0.036,0.376,0.588
107000,0.034,0.429,0.537
107500,0.046,0.417,0.537
108000,0.037,0.379,0.584
108500,0.031,0.419,0.550
109000,0.031,0.488,0.481
109500,0.030,0.527,0.443
110000,0.030,0.430,0.540
110500,0.037,0.355,0.608
111000,0.048,0.367,0.585
111500,0.032,0.480,0.488
112000,0.038,0.430,0.532
112500,0.035,0.405,0.560
113000,0.030,0.454,0.516
113500,0.033,0.332,0.635
114000,0.038,0.418,0.544
114500,0.030,0.412,0.558
115000,0.032,0.416,0.552
115500,0.035,0.425,0.540
116000,0.034,0.461,0.505
116500,0.030,0.492,0.478
117000,0.030,0.536,0.434
117500,0.030,0.514,0.456
118000,0.030,0.451,0.519
118500,0.030,0.489,0.481
119000,0.031,0.487,0.482
119500,0.034,0.442,0.524
120000,0.031,0.472,0.497
120500,0.030,0.538,0.432
121000,0.030,0.515,0.455
121500,0.033,0.438,0.529
122000,0.037,0.424,0.539
122500,0.031,0.492,0.477
123000,0.031,0.436,0.533
123500,0.030,0.446,0.524
124000,0.033,0.414,0.553
124500,0.036,0.377,0.587
125000,0.031,0.411,0.558
125500,0.041,0.416,0.543
126000,0.037,0.425,0.538
126500,0.038,0.420,0.542
127000,0.030,0.403,0.567
127500,0.037,0.376,0.587
128000,0.034,0.407,0.559
128500,0.032,0.417,0.551
129000,0.037,0.420,0.543
129500,0.041,0.376,0.583
130000,0.039,0.377,0.584
130500,0.032,0.394,0.574
131000,0.030,0.474,0.496
131500,0.034,0.451,0.515
132000,0.032,0.441,0.527
132500,0.035,0.396,0.569
133000,0.036,0.446,0.518
133500,0.037,0.452,0.511
134000,0.031,0.416,0.553
134500,0.032,0.472,0.496
135000,0.031,0.514,0.455
135500,0.030,0.533,0.437
136000,0.030,0.520,0.450
136500,0.030,0.540,0.430
137000,0.030,0.521,0.449
137500,0.030,0.441,0.529
138000,0.030,0.485,0.485
138500,0.036,0.452,0.512
139000,0.038,0.425,0.537
139500,0.040,0.395,0.565
140000,0.033,0.454,0.513
140500,0.034,0.484,0.482
141000,0.034,0.481,0.485
141500,0.030,0.432,0.538
142000,0.030,0.482,0.488
142500,0.032,0.482,0.486
143000,0.030,0.519,0.451
143500,0.030,0.481,0.489
144000,0.032,0.435,0.533
144500,0.030,0.437,0.533
145000,0.030,0.437,0.533
145500,0.035,0.380,0.585
146000,0.030,0.428,0.542
146500,0.032,0.446,0.522
147000,0.034,0.408,0.558
147500,0.031,0.424,0.545
148000,0.030,0.545,0.425
148500,0.030,0.536,0.434
149000,0.033,0.539,0.428
149500,0.031,0.468,0.501
150000,0.030,0.534,0.436
150500,0.030,0.520,0.450
151000,0.030,0.452,0.518
151500,0.043,0.417,0.540
152000,0.034,0.419,0.547
152500,0.030,0.493,0.477
153000,0.030,0.457,0.513
153500,0.030,0.552,0.418
154000,0.030,0.414,0.556
154500,0.033,0.366,0.601
155000,0.030,0.376,0.594
155500,0.035,0.358,0.607
156000,0.046,0.370,0.584
156500,0.046,0.349,0.605
157000,0.039,0.354,0.607
157500,0.061,0.355,0.584
158000,0.034,0.418,0.548
158500,0.031,0.503,0.466
159000,0.036,0.495,0.469
159500,0.032,0.491,0.477
160000,0.030,0.453,0.517
160500,0.037,0.391,0.572
161000,0.030,0.490,0.480
161500,0.030,0.544,0.426
162000,0.030,0.504,0.466
162500,0.032,0.427,0.541
163000,0.030,0.399,0.571
163500,0.032,0.418,0.550
164000,0.030,0.452,0.518
164500,0.030,0.498,0.472
165000,0.030,0.579,0.391
165500,0.030,0.506,0.464
166000,0.035,0.416,0.549
166500,0.030,0.454,0.516
167000,0.030,0.476,0.494
167500,0.030,0.536,0.434
168000,0.030,0.456,0.514
168500,0.030,0.480,0.490
169000,0.036,0.500,0.464
169500,0.031,0.527,0.442
170000,0.030,0.556,0.414
170500,0.030,0.580,0.390
171000,0.030,0.576,0.394
171500,0.030,0.435,0.535
172000,0.039,0.427,0.534
172500,0.031,0.461,0.508
173000,0.041,0.426,0.533
173500,0.030,0.388,0.582
174000,0.030,0.435,0.535
174500,0.030,0.496,0.474
175000,0.031,0.552,0.417
175500,0.030,0.499,0.471
176000,0.030,0.491,0.479
176500,0.033,0.470,0.497
177000,0.030,0.541,0.429
177500,0.030,0.508,0.462
178000,0.034,0.382,0.584
178500,0.040,0.376,0.584
179000,0.033,0.513,0.454
179500,0.031,0.492,0.477
180000,0.031,0.475,0.494
180500,0.030,0.495,0.475
181000,0.030,0.439,0.531
181500,0.040,0.459,0.501
182000,0.045,0.431,0.524
182500,0.034,0.477,0.489
183000,0.040,0.448,0.512
183500,0.030,0.471,0.499
184000,0.034,0.418,0.548
184500,0.041,0.296,0.663
185000,0.036,0.342,0.622
185500,0.039,0.392,0.569
186000,0.039,0.434,0.527
186500,0.036,0.512,0.452
187000,0.036,0.382,0.582
187500,0.033,0.379,0.588
188000,0.030,0.481,0.489
188500,0.037,0.468,0.495
189000,0.030,0.435,0.535
189500,0.035,0.434,0.531
190000,0.037,0.468,0.495
190500,0.031,0.427,0.542
191000,0.030,0.490,0.480
191500,0.030,0.494,0.476
192000,0.030,0.618,0.352
192500,0.030,0.582,0.388
193000,0.030,0.561,0.409
193500,0.030,0.428,0.542
194000,0.037,0.380,0.583
194500,0.035,0.406,0.559
195000,0.033,0.413,0.554
195500,0.038,0.388,0.574
196000,0.040,0.414,0.546
196500,0.037,0.478,0.485
197000,0.034,0.504,0.462
197500,0.030,0.445,0.525
198000,0.037,0.409,0.554
198500,0.041,0.352,0.607
199000,0.055,0.395,0.550
199500,0.047,0.345,0.608
200000,0.037,0.392,0.571
200500,0.032,0.499,0.469
201000,0.030,0.441,0.529
201500,0.030,0.464,0.506
202000,0.030,0.496,0.474
202500,0.034,0.442,0.524
203000,0.036,0.412,0.552
203500,0.031,0.377,0.592
204000,0.032,0.446,0.522
204500,0.037,0.441,0.522
205000,0.040,0.390,0.570
205500,0.031,0.370,0.599
206000,0.036,0.361,0.603
206500,0.036,0.359,0.605
207000,0.044,0.302,0.654
207500,0.055,0.365,0.580
208000,0.036,0.395,0.569
208500,0.031,0.395,0.574
209000,0.032,0.500,0.468
209500,0.030,0.497,0.473
210000,0.037,0.442,0.521
210500,0.032,0.487,0.481
211000,0.030,0.447,0.523
211500,0.031,0.374,0.595
212000,0.031,0.420,0.549
212500,0.034,0.456,0.510
213000,0.030,0.497,0.473
213500,0.030,0.546,0.424
214000,0.032,0.505,0.463
214500,0.030,0.483,0.487
215000,0.031,0.450,0.519
215500,0.030,0.507,0.463
216000,0.032,0.486,0.482
216500,0.030,0.456,0.514
217000,0.030,0.421,0.549
217500,0.042,0.441,0.517
218000,0.032,0.461,0.507
218500,0.030,0.465,0.505
219000,0.046,0.334,0.620
219500,0.032,0.421,0.547
220000,0.030,0.471,0.499
220500,0.035,0.544,0.421
221000,0.030,0.504,0.466
221500,0.030,0.492,0.478
222000,0.030,0.491,0.479
222500,0.031,0.405,0.564
223000,0.030,0.507,0.463
223500,0.032,0.427,0.541
224000,0.031,0.423,0.546
224500,0.030,0.459,0.511
225000,0.040,0.474,0.486
225500,0.031,0.391,0.578
226000,0.039,0.374,0.587
226500,0.039,0.448,0.513
227000,0.030,0.527,0.443
227500,0.030,0.523,0.447
228000,0.032,0.433,0.535
228500,0.031,0.478,0.491
229000,0.030,0.475,0.495
229500,0.030,0.502,0.468
230000,0.037,0.543,0.420
230500,0.031,0.489,0.480
231000,0.030,0.407,0.563
231500,0.030,0.362,0.608
232000,0.030,0.282,0.688
232500,0.043,0.333,0.624
233000,0.062,0.332,0.606
233500,0.052,0.307,0.641
234000,0.036,0.423,0.541
234500,0.041,0.318,0.641
235000,0.034,0.403,0.563
235500,0.031,0.510,0.459
236000,0.030,0.534,0.436
236500,0.030,0.492,0.478
237000,0.037,0.478,0.485
237500,0.031,0.490,0.479
238000,0.030,0.422,0.548
238500,0.038,0.448,0.514
239000,0.032,0.453,0.515
239500,0.032,0.452,0.516
240000,0.041,0.481,0.478
240500,0.030,0.554,0.416
241000,0.030,0.519,0.451
241500,0.030,0.612,0.358
242000,0.030,0.488,0.482
242500,0.033,0.418,0.549
243000,0.031,0.403,0.566
243500,0.034,0.394,0.572
244000,0.031,0.461,0.508
244500,0.030,0.530,0.440
245000,0.030,0.503,0.467
245500,0.030,0.522,0.448
246000,0.033,0.438,0.529
246500,0.030,0.508,0.462
247000,0.030,0.473,0.497
247500,0.040,0.399,0.561
248000,0.034,0.429,0.537
248500,0.030,0.437,0.533
249000,0.033,0.448,0.519
249500,0.030,0.481,0.489
250000,0.030,0.434,0.536
250500,0.030,0.461,0.509
251000,0.030,0.512,0.458
251500,0.031,0.527,0.442
252000,0.035,0.452,0.513
252500,0.030,0.442,0.528
253000,0.037,0.485,0.478
253500,0.030,0.445,0.525
254000,0.030,0.445,0.525
254500,0.030,0.461,0.509
255000,0.030,0.486,0.484
255500,0.037,0.514,0.449
256000,0.039,0.477,0.484
256500,0.033,0.557,0.410
257000,0.030,0.528,0.442
257500,0.030,0.533,0.437
258000,0.030,0.455,0.515
258500,0.036,0.438,0.526
259000,0.031,0.390,0.579
259500,0.045,0.336,0.619
260000,0.040,0.407,0.553
260500,0.032,0.397,0.571
261000,0.038,0.453,0.509
261500,0.030,0.458,0.512
262000,0.033,0.405,0.562
262500,0.031,0.464,0.505
263000,0.030,0.476,0.494
263500,0.035,0.415,0.550
264000,0.031,0.409,0.560
264500,0.031,0.496,0.473
265000,0.045,0.420,0.535
265500,0.038,0.394,0.568
266000,0.030,0.435,0.535
266500,0.030,0.524,0.446
267000,0.030,0.591,0.379
267500,0.030,0.636,0.334
268000,0.030,0.505,0.465
268500,0.030,0.512,0.458
269000,0.030,0.516,0.454
269500,0.030,0.400,0.570
270000,0.039,0.442,0.519
270500,0.044,0.354,0.602
271000,0.030,0.493,0.477
271500,0.030,0.477,0.493
272000,0.031,0.457,0.512
272500,0.030,0.441,0.529
273000,0.030,0.491,0.479
273500,0.031,0.458,0.511
274000,0.030,0.440,0.530
274500,0.031,0.441,0.528
275000,0.036,0.454,0.510
275500,0.031,0.441,0.528
276000,0.030,0.520,0.450
276500,0.030,0.538,0.432
277000,0.030,0.549,0.421
277500,0.030,0.561,0.409
278000,0.033,0.567,0.400
278500,0.030,0.448,0.522
279000,0.030,0.476,0.494
279500,0.035,0.416,0.549
280000,0.035,0.388,0.577
280500,0.033,0.464,0.503
281000,0.030,0.437,0.533
281500,0.030,0.454,0.516
282000,0.030,0.487,0.483
282500,0.030,0.483,0.487
283000,0.031,0.475,0.494
283500,0.030,0.530,0.440
284000,0.030,0.518,0.452
284500,0.030,0.491,0.479
285000,0.032,0.481,0.487
285500,0.030,0.501,0.469
286000,0.036,0.475,0.489
286500,0.032,0.525,0.443
287000,0.030,0.452,0.518
287500,0.049,0.403,0.548
288000,0.038,0.355,0.607
288500,0.034,0.346,0.620
289000,0.031,0.491,0.478
289500,0.031,0.472,0.497
290000,0.032,0.466,0.502
290500,0.039,0.449,0.512
291000,0.032,0.482,0.486
291500,0.033,0.450,0.517
292000,0.030,0.493,0.477
292500,0.034,0.483,0.483
293000,0.030,0.477,0.493
293500,0.030,0.445,0.525
294000,0.030,0.510,0.460
294500,0.030,0.469,0.501
295000,0.031,0.468,0.501
295500,0.034,0.464,0.502
296000,0.030,0.477,0.493
296500,0.030,0.425,0.545
297000,0.033,0.450,0.517
297500,0.030,0.389,0.581
298000,0.032,0.427,0.541
298500,0.043,0.381,0.576
299000,0.032,0.444,0.524
299500,0.030,0.469,0.501
300000,0.030,0.440,0.530
300500,0.037,0.525,0.438
301000,0.031,0.475,0.494
301500,0.031,0.439,0.530
302000,0.030,0.493,0.477
302500,0.030,0.522,0.448
303000,0.030,0.433,0.537
303500,0.035,0.440,0.525
304000,0.033,0.413,0.554
304500,0.037,0.415,0.548
305000,0.031,0.415,0.554
305500,0.030,0.505,0.465
306000,0.037,0.447,0.516
306500,0.030,0.536,0.434
307000,0.030,0.473,0.497
307500,0.033,0.458,0.509
308000,0.030,0.530,0.440
308500,0.031,0.505,0.464
309000,0.030,0.518,0.452
309500,0.037,0.469,0.494
310000,0.036,0.463,0.501
310500,0.032,0.470,0.498
311000,0.043,0.433,0.524
311500,0.033,0.436,0.531
312000,0.030,0.501,0.469
312500,0.030,0.484,0.486
313000,0.033,0.443,0.524
313500,0.036,0.414,0.550
314000,0.038,0.396,0.566
314500,0.031,0.371,0.598
315000,0.032,0.418,0.550
315500,0.031,0.476,0.493
316000,0.031,0.402,0.567
316500,0.042,0.445,0.513
317000,0.031,0.452,0.517
317500,0.039,0.421,0.540
318000,0.033,0.350,0.617
318500,0.034,0.425,0.541
319000,0.032,0.403,0.565
319500,0.030,0.530,0.440
320000,0.030,0.487,0.483
320500,0.033,0.410,0.557
321000,0.030,0.384,0.586
321500,0.031,0.415,0.554
322000,0.031,0.485,0.484
322500,0.032,0.492,0.476
323000,0.034,0.487,0.479
323500,0.030,0.464,0.506
324000,0.033,0.428,0.539
324500,0.030,0.424,0.546
325000,0.034,0.476,0.490
325500,0.030,0.479,0.491
326000,0.030,0.527,0.443
326500,0.030,0.493,0.477
327000,0.030,0.428,0.542
327500,0.030,0.477,0.493
328000,0.030,0.492,0.478
328500,0.030,0.532,0.438
329000,0.030,0.494,0.476
329500,0.037,0.380,0.583
330000,0.048,0.366,0.586
330500,0.037,0.464,0.499
331000,0.040,0.360,0.600
331500,0.035,0.401,0.564
332000,0.046,0.416,0.538
332500,0.038,0.446,0.516
333000,0.032,0.465,0.503
333500,0.033,0.400,0.567
334000,0.030,0.440,0.530
334500,0.044,0.384,0.572
335000,0.037,0.411,0.552
335500,0.035,0.393,0.572
336000,0.032,0.443,0.525
336500,0.030,0.493,0.477
337000,0.030,0.605,0.365
337500,0.030,0.492,0.478
338000,0.030,0.437,0.533
338500,0.030,0.517,0.453
339000,0.030,0.540,0.430
339500,0.044,0.453,0.503
340000,0.036,0.398,0.566
340500,0.035,0.441,0.524
341000,0.032,0.460,0.508
341500,0.034,0.387,0.579
342000,0.031,0.473,0.496
342500,0.030,0.536,0.434
343000,0.030,0.529,0.441
343500,0.030,0.499,0.471
344000,0.030,0.482,0.488
344500,0.030,0.455,0.515
345000,0.036,0.362,0.602
345500,0.044,0.372,0.584
346000,0.040,0.382,0.578
346500,0.037,0.423,0.540
347000,0.043,0.475,0.482
347500,0.030,0.363,0.607
348000,0.038,0.345,0.617
348500,0.031,0.458,0.511
349000,0.030,0.513,0.457
349500,0.030,0.510,0.460
350000,0.030,0.535,0.435
350500,0.030,0.506,0.464
351000,0.030,0.504,0.466
351500,0.036,0.465,0.499
352000,0.032,0.498,0.470
352500,0.037,0.470,0.493
353000,0.036,0.372,0.592
353500,0.039,0.283,0.678
354000,0.041,0.382,0.577
354500,0.031,0.463,0.506
355000,0.030,0.485,0.485
355500,0.030,0.520,0.450
356000,0.039,0.382,0.579
356500,0.034,0.351,0.615
357000,0.037,0.395,0.568
357500,0.037,0.519,0.444
358000,0.032,0.429,0.539
358500,0.030,0.487,0.483
359000,0.037,0.508,0.455
359500,0.033,0.432,0.535
360000,0.031,0.358,0.611
360500,0.030,0.467,0.503
361000,0.037,0.363,0.600
361500,0.047,0.303,0.650
362000,0.056,0.268,0.676
362500,0.076,0.254,0.670
363000,0.125,0.179,0.696
363500,0.126,0.150,0.724
364000,0.177,0.131,0.692
364500,0.323,0.060,0.617
365000,0.402,0.015,0.583
365500,0.587,0.002,0.411
366000,0.626,0.001,0.373
366500,0.700,0.000,0.300
367000,0.710,0.000,0.290
367500,0.757,0.000,0.243
368000,0.782,0.000,0.218
368500,0.763,0.000,0.237
369000,0.831,0.000,0.169
369500,0.764,0.000,0.236
370000,0.715,0.000,0.285
370500,0.667,0.000,0.333
371000,0.776,0.000,0.224
371500,0.706,0.000,0.294
372000,0.711,0.000,0.289
372500,0.802,0.000,0.198
373000,0.793,0.000,0.207
373500,0.836,0.000,0.164
374000,0.766,0.000,0.234
374500,0.864,0.000,0.136
375000,0.860,0.000,0.140
375500,0.875,0.000,0.125
376000,0.875,0.000,0.125
376500,0.910,0.000,0.090
377000,0.924,0.000,0.076
377500,0.899,0.000,0.101
378000,0.926,0.000,0.074
378500,0.923,0.000,0.077
379000,0.936,0.000,0.064
379500,0.891,0.000,0.109
380000,0.925,0.000,0.075
380500,0.893,0.000,0.107
381000,0.891,0.000,0.109
381500,0.923,0.000,0.077
382000,0.953,0.000,0.047
382500,0.933,0.000,0.067
383000,0.943,0.000,0.057
383500,0.890,0.000,0.110
384000,0.824,0.000,0.176
384500,0.827,0.000,0.173
385000,0.779,0.000,0.221
385500,0.724,0.000,0.276
386000,0.732,0.000,0.268
386500,0.722,0.000,0.278
387000,0.695,0.000,0.305
387500,0.737,0.000,0.263
388000,0.716,0.000,0.284
388500,0.725,0.000,0.275
389000,0.760,0.000,0.240
389500,0.728,0.000,0.272
390000,0.731,0.000,0.269
390500,0.699,0.000,0.301
391000,0.795,0.000,0.205
391500,0.823,0.000,0.177
392000,0.878,0.000,0.122
392500,0.852,0.000,0.148
393000,0.820,0.000,0.180
393500,0.805,0.000,0.195
394000,0.786,0.000,0.214
394500,0.847,0.000,0.153
395000,0.840,0.000,0.160
395500,0.859,0.000,0.141
396000,0.861,0.000,0.139
396500,0.849,0.000,0.151
397000,0.871,0.000,0.129
397500,0.814,0.000,0.186
398000,0.794,0.000,0.206
398500,0.803,0.000,0.197
399000,0.755,0.000,0.245
399500,0.741,0.000,0.259
400000,0.727,0.000,0.273
400500,0.769,0.000,0.231
401000,0.797,0.000,0.203
401500,0.772,0.000,0.228
402000,0.719,0.000,0.281
402500,0.767,0.000,0.233
403000,0.784,0.000,0.216
403500,0.753,0.000,0.247
404000,0.725,0.000,0.275
404500,0.728,0.000,0.272
405000,0.742,0.000,0.258
405500,0.721,0.000,0.279
406000,0.810,0.000,0.190
406500,0.791,0.000,0.209
407000,0.716,0.000,0.284
407500,0.801,0.000,0.199
408000,0.750,0.000,0.250
408500,0.748,0.000,0.252
409000,0.782,0.000,0.218
409500,0.834,0.000,0.166
410000,0.872,0.000,0.128
410500,0.853,0.000,0.147
411000,0.853,0.000,0.147
411500,0.850,0.000,0.150
412000,0.880,0.000,0.120
412500,0.884,0.000,0.116
413000,0.902,0.000,0.098
413500,0.902,0.000,0.098
414000,0.871,0.000,0.129
414500,0.835,0.000,0.165
415000,0.910,0.000,0.090
415500,0.935,0.000,0.065
416000,0.943,0.000,0.057
416500,0.895,0.000,0.105
417000,0.860,0.000,0.140
417500,0.858,0.000,0.142
418000,0.883,0.000,0.117
418500,0.952,0.000,0.048
419000,0.970,0.000,0.030
419500,0.975,0.000,0.025
420000,0.990,0.000,0.010
420500,0.997,0.000,0.003
421000,0.997,0.000,0.003
421500,0.999,0.000,0.001
422000,0.995,0.000,0.005
422500,0.999,0.000,0.001
423000,0.999,0.000,0.001
423500,1.000,0.000,0.000
