time,n_A+p,n_B,n_AB
500,0.050,0.928,0.022
1000,0.052,0.925,0.023
1500,0.053,0.914,0.033
2000,0.057,0.896,0.047
2500,0.055,0.883,0.062
3000,0.055,0.882,0.063
3500,0.054,0.868,0.078
4000,0.056,0.861,0.083
4500,0.055,0.873,0.072
5000,0.059,0.867,0.074
5500,0.062,0.861,0.077
6000,0.066,0.843,0.091
6500,0.067,0.837,0.096
7000,0.073,0.846,0.081
7500,0.069,0.844,0.087
8000,0.065,0.835,0.100
8500,0.060,0.833,0.107
9000,0.062,0.836,0.102
9500,0.068,0.849,0.083
10000,0.064,0.842,0.094
10500,0.068,0.833,0.099
11000,0.071,0.840,0.089
11500,0.070,0.837,0.093
12000,0.070,0.827,0.103
12500,0.070,0.843,0.087
13000,0.065,0.832,0.103
13500,0.066,0.836,0.098
14000,0.061,0.829,0.110
14500,0.065,0.819,0.116
15000,0.069,0.830,0.101
15500,0.065,0.831,0.104
16000,0.067,0.823,0.110
16500,0.070,0.817,0.113
17000,0.069,0.819,0.112
17500,0.068,0.817,0.115
18000,0.065,0.821,0.114
18500,0.066,0.830,0.104
19000,0.066,0.816,0.118
19500,0.066,0.809,0.125
20000,0.067,0.831,0.102
20500,0.070,0.824,0.106
21000,0.068,0.817,0.115
21500,0.064,0.819,0.117
22000,0.064,0.806,0.130
22500,0.073,0.807,0.120
23000,0.076,0.808,0.116
23500,0.074,0.815,0.111
24000,0.076,0.816,0.108
24500,0.075,0.803,0.122
25000,0.077,0.797,0.126
25500,0.075,0.804,0.121
26000,0.072,0.817,0.111
26500,0.070,0.811,0.119
27000,0.074,0.826,0.100
27500,0.071,0.830,0.099
28000,0.069,0.837,0.094
28500,0.069,0.837,0.094
29000,0.067,0.857,0.076
29500,0.069,0.849,0.082
30000,0.067,0.840,0.093
30500,0.073,0.826,0.101
31000,0.074,0.825,0.101
31500,0.070,0.822,0.108
32000,0.068,0.830,0.102
32500,0.064,0.825,0.111
33000,0.069,0.831,0.100
33500,0.064,0.848,0.088
34000,0.063,0.839,0.098
34500,0.067,0.820,0.113
35000,0.069,0.825,0.106
35500,0.067,0.840,0.093
36000,0.065,0.833,0.102
36500,0.064,0.837,0.099
37000,0.062,0.850,0.088
37500,0.061,0.859,0.080
38000,0.057,0.869,0.074
38500,0.059,0.857,0.084
39000,0.060,0.864,0.076
39500,0.059,0.869,0.072
40000,0.059,0.895,0.046
40500,0.056,0.873,0.071
41000,0.056,0.874,0.070
41500,0.055,0.882,0.063
42000,0.055,0.883,0.062
42500,0.056,0.880,0.064
43000,0.057,0.877,0.066
43500,0.055,0.890,0.055
44000,0.054,0.880,0.066
44500,0.052,0.880,0.068
45000,0.054,0.884,0.062
45500,0.055,0.894,0.051
46000,0.062,0.879,0.059
46500,0.058,0.875,0.067
47000,0.053,0.880,0.067
47500,0.053,0.875,0.072
48000,0.053,0.868,0.079
48500,0.057,0.876,0.067
49000,0.057,0.864,0.079
49500,0.061,0.850,0.089
50000,0.065,0.839,0.096
50500,0.064,0.839,0.097
51000,0.063,0.832,0.105
51500,0.066,0.825,0.109
52000,0.068,0.820,0.112
52500,0.072,0.825,0.103
53000,0.070,0.835,0.095
53500,0.071,0.811,0.118
54000,0.072,0.816,0.112
54500,0.075,0.825,0.100
55000,0.076,0.822,0.102
55500,0.079,0.808,0.113
56000,0.072,0.803,0.125
56500,0.073,0.804,0.123
57000,0.070,0.807,0.123
57500,0.069,0.813,0.118
58000,0.065,0.814,0.121
58500,0.068,0.805,0.127
59000,0.067,0.824,0.109
59500,0.070,0.836,0.094
60000,0.071,0.845,0.084
60500,0.065,0.835,0.100
61000,0.065,0.846,0.089
61500,0.060,0.857,0.083
62000,0.062,0.857,0.081
62500,0.066,0.852,0.082
63000,0.070,0.849,0.081
63500,0.067,0.834,0.099
64000,0.062,0.846,0.092
64500,0.061,0.837,0.102
65000,0.066,0.828,0.106
65500,0.072,0.812,0.116
66000,0.073,0.815,0.112
66500,0.075,0.804,0.121
67000,0.072,0.807,0.121
67500,0.076,0.811,0.113
68000,0.073,0.808,0.119
68500,0.073,0.828,0.099
69000,0.077,0.821,0.102
69500,0.075,0.800,0.125
70000,0.074,0.801,0.125
70500,0.075,0.807,0.118
71000,0.074,0.813,0.113
71500,0.077,0.803,0.120
72000,0.074,0.800,0.126
72500,0.081,0.812,0.107
73000,0.077,0.794,0.129
73500,0.075,0.804,0.121
74000,0.077,0.786,0.137
74500,0.080,0.802,0.118
75000,0.077,0.791,0.132
75500,0.077,0.802,0.121
76000,0.074,0.792,0.134
76500,0.070,0.814,0.116
77000,0.061,0.814,0.125
77500,0.065,0.823,0.112
78000,0.062,0.836,0.102
78500,0.068,0.853,0.079
79000,0.069,0.834,0.097
79500,0.069,0.828,0.103
80000,0.069,0.820,0.111
80500,0.067,0.820,0.113
81000,0.064,0.814,0.122
81500,0.070,0.829,0.101
82000,0.067,0.823,0.110
82500,0.063,0.825,0.112
83000,0.068,0.829,0.103
83500,0.065,0.812,0.123
84000,0.064,0.837,0.099
84500,0.063,0.811,0.126
85000,0.064,0.834,0.102
85500,0.062,0.854,0.084
86000,0.062,0.851,0.087
86500,0.063,0.854,0.083
87000,0.068,0.836,0.096
87500,0.067,0.829,0.104
88000,0.072,0.812,0.116
88500,0.069,0.819,0.112
89000,0.076,0.820,0.104
89500,0.070,0.830,0.100
90000,0.072,0.824,0.104
90500,0.068,0.833,0.099
91000,0.066,0.832,0.102
91500,0.062,0.808,0.130
92000,0.062,0.828,0.110
92500,0.063,0.824,0.113
93000,0.064,0.816,0.120
93500,0.062,0.822,0.116
94000,0.058,0.823,0.119
94500,0.058,0.845,0.097
95000,0.060,0.843,0.097
95500,0.061,0.846,0.093
96000,0.061,0.837,0.102
96500,0.062,0.851,0.087
97000,0.065,0.829,0.106
97500,0.064,0.833,0.103
98000,0.065,0.826,0.109
98500,0.065,0.832,0.103
99000,0.068,0.844,0.088
99500,0.062,0.854,0.084
100000,0.062,0.843,0.095
100500,0.059,0.843,0.098
101000,0.061,0.848,0.091
101500,0.059,0.864,0.077
102000,0.056,0.850,0.094
102500,0.054,0.849,0.097
103000,0.056,0.839,0.105
103500,0.061,0.840,0.099
104000,0.060,0.835,0.105
104500,0.063,0.844,0.093
105000,0.066,0.849,0.085
105500,0.067,0.850,0.083
106000,0.061,0.852,0.087
106500,0.061,0.861,0.078
107000,0.058,0.861,0.081
107500,0.058,0.844,0.098
108000,0.065,0.846,0.089
108500,0.065,0.841,0.094
109000,0.067,0.823,0.110
109500,0.065,0.837,0.098
110000,0.065,0.829,0.106
110500,0.068,0.824,0.108
111000,0.064,0.840,0.096
111500,0.067,0.832,0.101
112000,0.070,0.844,0.086
112500,0.065,0.864,0.071
113000,0.066,0.856,0.078
113500,0.065,0.849,0.086
114000,0.066,0.841,0.093
114500,0.065,0.830,0.105
115000,0.063,0.839,0.098
115500,0.062,0.838,0.100
116000,0.061,0.826,0.113
116500,0.063,0.836,0.101
117000,0.067,0.836,0.097
117500,0.067,0.841,0.092
118000,0.063,0.851,0.086
118500,0.062,0.838,0.100
119000,0.060,0.825,0.115
119500,0.063,0.829,0.108
120000,0.066,0.828,0.106
120500,0.066,0.845,0.089
121000,0.067,0.844,0.089
121500,0.063,0.843,0.094
122000,0.064,0.823,0.113
122500,0.074,0.821,0.105
123000,0.071,0.813,0.116
123500,0.069,0.799,0.132
124000,0.069,0.806,0.125
124500,0.075,0.807,0.118
125000,0.078,0.807,0.115
125500,0.071,0.798,0.131
126000,0.075,0.788,0.137
126500,0.085,0.782,0.133
127000,0.086,0.783,0.131
127500,0.089,0.776,0.135
128000,0.089,0.770,0.141
128500,0.087,0.776,0.137
129000,0.085,0.771,0.144
129500,0.079,0.769,0.152
130000,0.079,0.778,0.143
130500,0.080,0.784,0.136
131000,0.088,0.781,0.131
131500,0.091,0.774,0.135
132000,0.085,0.783,0.132
132500,0.089,0.788,0.123
133000,0.086,0.787,0.127
133500,0.082,0.785,0.133
134000,0.080,0.788,0.132
134500,0.070,0.805,0.125
135000,0.072,0.807,0.121
135500,0.068,0.805,0.127
136000,0.077,0.800,0.123
136500,0.082,0.795,0.123
137000,0.083,0.788,0.129
137500,0.081,0.795,0.124
138000,0.072,0.803,0.125
138500,0.082,0.807,0.111
139000,0.081,0.802,0.117
139500,0.069,0.809,0.122
140000,0.065,0.834,0.101
140500,0.068,0.833,0.099
141000,0.071,0.831,0.098
141500,0.074,0.814,0.112
142000,0.066,0.813,0.121
142500,0.064,0.804,0.132
143000,0.065,0.809,0.126
143500,0.068,0.824,0.108
144000,0.068,0.829,0.103
144500,0.065,0.826,0.109
145000,0.061,0.827,0.112
145500,0.066,0.839,0.095
146000,0.066,0.837,0.097
146500,0.062,0.830,0.108
147000,0.061,0.837,0.102
147500,0.059,0.839,0.102
148000,0.059,0.845,0.096
148500,0.065,0.841,0.094
149000,0.062,0.832,0.106
149500,0.068,0.815,0.117
150000,0.067,0.822,0.111
150500,0.063,0.814,0.123
151000,0.070,0.822,0.108
151500,0.071,0.838,0.091
152000,0.070,0.808,0.122
152500,0.063,0.817,0.120
153000,0.063,0.824,0.113
153500,0.069,0.837,0.094
154000,0.068,0.827,0.105
154500,0.073,0.832,0.095
155000,0.069,0.839,0.092
155500,0.067,0.845,0.088
156000,0.067,0.843,0.090
156500,0.063,0.850,0.087
157000,0.065,0.841,0.094
157500,0.067,0.833,0.100
158000,0.068,0.835,0.097
158500,0.067,0.837,0.096
159000,0.072,0.825,0.103
159500,0.073,0.831,0.096
160000,0.064,0.829,0.107
160500,0.064,0.826,0.110
161000,0.066,0.815,0.119
161500,0.075,0.805,0.120
162000,0.074,0.794,0.132
162500,0.073,0.793,0.134
163000,0.081,0.805,0.114
163500,0.077,0.814,0.109
164000,0.080,0.811,0.109
164500,0.076,0.820,0.104
165000,0.070,0.819,0.111
165500,0.079,0.823,0.098
166000,0.078,0.809,0.113
166500,0.077,0.817,0.106
167000,0.070,0.830,0.100
167500,0.067,0.827,0.106
168000,0.065,0.836,0.099
168500,0.065,0.828,0.107
169000,0.064,0.851,0.085
169500,0.065,0.857,0.078
170000,0.066,0.846,0.088
170500,0.068,0.818,0.114
171000,0.070,0.827,0.103
171500,0.068,0.819,0.113
172000,0.071,0.822,0.107
172500,0.071,0.818,0.111
173000,0.062,0.810,0.128
173500,0.063,0.819,0.118
174000,0.063,0.819,0.118
174500,0.076,0.806,0.118
175000,0.068,0.798,0.134
175500,0.070,0.816,0.114
176000,0.073,0.818,0.109
176500,0.073,0.815,0.112
177000,0.072,0.799,0.129
177500,0.070,0.800,0.130
178000,0.069,0.792,0.139
178500,0.077,0.804,0.119
179000,0.079,0.803,0.118
179500,0.074,0.793,0.133
180000,0.075,0.809,0.116
180500,0.068,0.821,0.111
181000,0.068,0.826,0.106
181500,0.067,0.828,0.105
182000,0.067,0.812,0.121
182500,0.064,0.820,0.116
183000,0.072,0.820,0.108
183500,0.073,0.811,0.116
184000,0.074,0.829,0.097
184500,0.071,0.844,0.085
185000,0.066,0.840,0.094
185500,0.067,0.818,0.115
186000,0.061,0.814,0.125
186500,0.056,0.830,0.114
187000,0.068,0.836,0.096
187500,0.067,0.829,0.104
188000,0.065,0.827,0.108
188500,0.069,0.828,0.103
189000,0.067,0.819,0.114
189500,0.068,0.843,0.089
190000,0.066,0.843,0.091
190500,0.071,0.830,0.099
191000,0.065,0.817,0.118
191500,0.068,0.816,0.116
192000,0.067,0.821,0.112
192500,0.063,0.829,0.108
193000,0.069,0.823,0.108
193500,0.070,0.816,0.114
194000,0.069,0.819,0.112
194500,0.066,0.819,0.115
195000,0.070,0.817,0.113
195500,0.070,0.803,0.127
196000,0.070,0.823,0.107
196500,0.072,0.815,0.113
197000,0.063,0.818,0.119
197500,0.069,0.811,0.120
198000,0.077,0.796,0.127
198500,0.075,0.792,0.133
199000,0.070,0.780,0.150
199500,0.078,0.802,0.120
200000,0.070,0.813,0.117
200500,0.069,0.826,0.105
201000,0.065,0.824,0.111
201500,0.065,0.839,0.096
202000,0.062,0.838,0.100
202500,0.063,0.844,0.093
203000,0.064,0.825,0.111
203500,0.074,0.824,0.102
204000,0.072,0.811,0.117
204500,0.071,0.814,0.115
205000,0.073,0.833,0.094
205500,0.070,0.829,0.101
206000,0.068,0.824,0.108
206500,0.068,0.827,0.105
207000,0.067,0.824,0.109
207500,0.063,0.837,0.100
208000,0.066,0.831,0.103
208500,0.066,0.842,0.092
209000,0.062,0.848,0.090
209500,0.067,0.846,0.087
210000,0.067,0.848,0.085
210500,0.065,0.862,0.073
211000,0.064,0.863,0.073
211500,0.061,0.854,0.085
212000,0.063,0.830,0.107
212500,0.059,0.839,0.102
213000,0.061,0.842,0.097
213500,0.064,0.835,0.101
214000,0.064,0.838,0.098
214500,0.065,0.830,0.105
215000,0.062,0.848,0.090
215500,0.058,0.861,0.081
216000,0.060,0.870,0.070
216500,0.059,0.861,0.080
217000,0.062,0.854,0.084
217500,0.061,0.850,0.089
218000,0.062,0.848,0.090
218500,0.060,0.847,0.093
219000,0.059,0.858,0.083
219500,0.057,0.862,0.081
220000,0.059,0.865,0.076
220500,0.059,0.859,0.082
221000,0.057,0.853,0.090
221500,0.060,0.850,0.090
222000,0.060,0.840,0.100
222500,0.062,0.836,0.102
223000,0.067,0.853,0.080
223500,0.070,0.841,0.089
224000,0.065,0.830,0.105
224500,0.062,0.834,0.104
225000,0.064,0.845,0.091
225500,0.060,0.840,0.100
226000,0.060,0.832,0.108
226500,0.068,0.824,0.108
227000,0.068,0.836,0.096
227500,0.073,0.829,0.098
228000,0.072,0.813,0.115
228500,0.069,0.826,0.105
229000,0.067,0.830,0.103
229500,0.069,0.824,0.107
230000,0.067,0.828,0.105
230500,0.063,0.831,0.106
231000,0.068,0.825,0.107
231500,0.069,0.821,0.110
232000,0.065,0.819,0.116
232500,0.068,0.825,0.107
233000,0.072,0.815,0.113
233500,0.068,0.833,0.099
234000,0.071,0.835,0.094
234500,0.065,0.829,0.106
235000,0.065,0.826,0.109
235500,0.064,0.831,0.105
236000,0.062,0.834,0.104
236500,0.062,0.829,0.109
237000,0.069,0.831,0.100
237500,0.066,0.831,0.103
238000,0.069,0.836,0.095
238500,0.068,0.820,0.112
239000,0.066,0.830,0.104
239500,0.065,0.842,0.093
240000,0.067,0.837,0.096
240500,0.066,0.837,0.097
241000,0.064,0.841,0.095
241500,0.059,0.849,0.092
242000,0.059,0.876,0.065
242500,0.061,0.861,0.078
243000,0.060,0.849,0.091
243500,0.062,0.850,0.088
244000,0.061,0.841,0.098
244500,0.057,0.856,0.087
245000,0.064,0.859,0.077
245500,0.059,0.852,0.089
246000,0.061,0.848,0.091
246500,0.060,0.863,0.077
247000,0.058,0.844,0.098
247500,0.058,0.861,0.081
248000,0.058,0.845,0.097
248500,0.059,0.846,0.095
249000,0.058,0.845,0.097
249500,0.057,0.840,0.103
250000,0.061,0.835,0.104
250500,0.060,0.851,0.089
251000,0.059,0.835,0.106
251500,0.059,0.830,0.111
252000,0.062,0.836,0.102
252500,0.064,0.824,0.112
253000,0.066,0.830,0.104
253500,0.070,0.828,0.102
254000,0.076,0.838,0.086
254500,0.072,0.829,0.099
255000,0.066,0.825,0.109
255500,0.067,0.822,0.111
256000,0.068,0.825,0.107
256500,0.071,0.825,0.104
257000,0.061,0.829,0.110
257500,0.062,0.828,0.110
258000,0.063,0.825,0.112
258500,0.064,0.825,0.111
259000,0.072,0.836,0.092
259500,0.070,0.834,0.096
260000,0.073,0.834,0.093
260500,0.065,0.839,0.096
261000,0.064,0.834,0.102
261500,0.064,0.823,0.113
262000,0.066,0.846,0.088
262500,0.068,0.836,0.096
263000,0.068,0.835,0.097
263500,0.067,0.842,0.091
264000,0.069,0.842,0.089
264500,0.070,0.841,0.089
265000,0.067,0.833,0.100
265500,0.061,0.836,0.103
266000,0.060,0.829,0.111
266500,0.063,0.835,0.102
267000,0.068,0.826,0.106
267500,0.064,0.841,0.095
268000,0.066,0.842,0.092
268500,0.066,0.831,0.103
269000,0.068,0.827,0.105
269500,0.068,0.839,0.093
270000,0.058,0.844,0.098
270500,0.057,0.849,0.094
271000,0.055,0.864,0.081
271500,0.061,0.873,0.066
272000,0.063,0.871,0.066
272500,0.061,0.870,0.069
273000,0.059,0.860,0.081
273500,0.061,0.863,0.076
274000,0.061,0.858,0.081
274500,0.057,0.849,0.094
275000,0.060,0.861,0.079
275500,0.055,0.852,0.093
276000,0.060,0.853,0.087
276500,0.060,0.833,0.107
277000,0.069,0.826,0.105
277500,0.067,0.823,0.110
278000,0.074,0.818,0.108
278500,0.077,0.807,0.116
279000,0.078,0.816,0.106
279500,0.076,0.798,0.126
280000,0.084,0.807,0.109
280500,0.084,0.786,0.130
281000,0.079,0.779,0.142
281500,0.080,0.783,0.137
282000,0.080,0.780,0.140
282500,0.076,0.767,0.157
283000,0.078,0.793,0.129
283500,0.082,0.787,0.131
284000,0.082,0.798,0.120
284500,0.078,0.810,0.112
285000,0.071,0.807,0.122
285500,0.071,0.797,0.132
286000,0.068,0.799,0.133
286500,0.069,0.803,0.128
287000,0.067,0.799,0.134
287500,0.064,0.813,0.123
288000,0.068,0.826,0.106
288500,0.065,0.835,0.100
289000,0.068,0.834,0.098
289500,0.068,0.841,0.091
290000,0.058,0.841,0.101
290500,0.062,0.861,0.077
291000,0.071,0.862,0.067
291500,0.066,0.850,0.084
292000,0.058,0.865,0.077
292500,0.059,0.854,0.087
293000,0.057,0.850,0.093
293500,0.063,0.840,0.097
294000,0.063,0.846,0.091
294500,0.060,0.841,0.099
295000,0.053,0.848,0.099
295500,0.055,0.841,0.104
296000,0.061,0.841,0.098
296500,0.064,0.840,0.096
297000,0.063,0.844,0.093
297500,0.063,0.848,0.089
298000,0.064,0.844,0.092
298500,0.066,0.841,0.093
299000,0.058,0.854,0.088
299500,0.057,0.859,0.084
300000,0.061,0.845,0.094
300500,0.055,0.857,0.088
301000,0.058,0.868,0.074
301500,0.055,0.871,0.074
302000,0.057,0.866,0.077
302500,0.060,0.871,0.069
303000,0.062,0.870,0.068
303500,0.061,0.876,0.063
304000,0.057,0.871,0.072
304500,0.056,0.861,0.083
305000,0.054,0.848,0.098
305500,0.055,0.842,0.103
306000,0.057,0.857,0.086
306500,0.057,0.875,0.068
307000,0.058,0.858,0.084
307500,0.060,0.856,0.084
308000,0.058,0.862,0.080
308500,0.062,0.865,0.073
309000,0.062,0.868,0.070
309500,0.059,0.862,0.079
310000,0.059,0.870,0.071
310500,0.060,0.865,0.075
311000,0.066,0.855,0.079
311500,0.064,0.856,0.080
312000,0.067,0.852,0.081
312500,0.068,0.858,0.074
313000,0.075,0.835,0.090
313500,0.076,0.825,0.099
314000,0.073,0.818,0.109
314500,0.072,0.829,0.099
315000,0.066,0.831,0.103
315500,0.066,0.830,0.104
316000,0.067,0.842,0.091
316500,0.065,0.834,0.101
317000,0.068,0.831,0.101
317500,0.068,0.843,0.089
318000,0.071,0.829,0.100
318500,0.062,0.832,0.106
319000,0.065,0.839,0.096
319500,0.064,0.845,0.091
320000,0.062,0.847,0.091
320500,0.061,0.844,0.095
321000,0.070,0.843,0.087
321500,0.068,0.835,0.097
322000,0.069,0.828,0.103
322500,0.066,0.833,0.101
323000,0.069,0.822,0.109
323500,0.066,0.825,0.109
324000,0.066,0.828,0.106
324500,0.059,0.822,0.119
325000,0.065,0.827,0.108
325500,0.064,0.830,0.106
326000,0.064,0.831,0.105
326500,0.062,0.835,0.103
327000,0.065,0.849,0.086
327500,0.068,0.852,0.080
328000,0.064,0.846,0.090
328500,0.058,0.842,0.100
329000,0.060,0.864,0.076
329500,0.056,0.857,0.087
330000,0.059,0.847,0.094
330500,0.062,0.843,0.095
331000,0.058,0.844,0.098
331500,0.058,0.842,0.100
332000,0.058,0.848,0.094
332500,0.065,0.844,0.091
333000,0.062,0.841,0.097
333500,0.069,0.836,0.095
334000,0.068,0.833,0.099
334500,0.065,0.833,0.102
335000,0.060,0.818,0.122
335500,0.067,0.805,0.128
336000,0.073,0.792,0.135
336500,0.079,0.793,0.128
337000,0.080,0.795,0.125
337500,0.075,0.813,0.112
338000,0.081,0.796,0.123
338500,0.073,0.806,0.121
339000,0.071,0.801,0.128
339500,0.076,0.787,0.137
340000,0.076,0.794,0.130
340500,0.076,0.796,0.128
341000,0.076,0.798,0.126
341500,0.075,0.801,0.124
342000,0.077,0.788,0.135
342500,0.075,0.790,0.135
343000,0.072,0.813,0.115
343500,0.064,0.819,0.117
344000,0.068,0.824,0.108
344500,0.067,0.838,0.095
345000,0.069,0.840,0.091
345500,0.064,0.840,0.096
346000,0.067,0.845,0.088
346500,0.061,0.844,0.095
347000,0.058,0.835,0.107
347500,0.069,0.834,0.097
348000,0.062,0.823,0.115
348500,0.072,0.809,0.119
349000,0.075,0.805,0.120
349500,0.070,0.818,0.112
350000,0.070,0.820,0.110
350500,0.061,0.816,0.123
351000,0.068,0.818,0.114
351500,0.067,0.828,0.105
352000,0.071,0.798,0.131
352500,0.073,0.806,0.121
353000,0.067,0.807,0.126
353500,0.064,0.809,0.127
354000,0.067,0.826,0.107
354500,0.068,0.829,0.103
355000,0.072,0.832,0.096
355500,0.067,0.819,0.114
356000,0.072,0.800,0.128
356500,0.077,0.796,0.127
357000,0.076,0.795,0.129
357500,0.083,0.802,0.115
358000,0.080,0.801,0.119
358500,0.079,0.794,0.127
359000,0.074,0.805,0.121
359500,0.068,0.812,0.120
360000,0.073,0.812,0.115
360500,0.071,0.804,0.125
361000,0.073,0.816,0.111
361500,0.075,0.808,0.117
362000,0.074,0.811,0.115
362500,0.069,0.821,0.110
363000,0.061,0.845,0.094
363500,0.065,0.836,0.099
364000,0.067,0.823,0.110
364500,0.065,0.809,0.126
365000,0.060,0.807,0.133
365500,0.064,0.830,0.106
366000,0.065,0.819,0.116
366500,0.070,0.814,0.116
367000,0.067,0.815,0.118
367500,0.067,0.814,0.119
368000,0.077,0.830,0.093
368500,0.073,0.828,0.099
369000,0.075,0.840,0.085
369500,0.074,0.833,0.093
370000,0.069,0.833,0.098
370500,0.068,0.839,0.093
371000,0.062,0.824,0.114
371500,0.061,0.834,0.105
372000,0.067,0.833,0.100
372500,0.071,0.819,0.110
373000,0.064,0.820,0.116
373500,0.060,0.812,0.128
374000,0.064,0.829,0.107
374500,0.059,0.838,0.103
375000,0.059,0.838,0.103
375500,0.068,0.821,0.111
376000,0.069,0.830,0.101
376500,0.066,0.834,0.100
377000,0.065,0.815,0.120
377500,0.066,0.826,0.108
378000,0.067,0.815,0.118
378500,0.064,0.828,0.108
379000,0.067,0.824,0.109
379500,0.070,0.823,0.107
380000,0.074,0.830,0.096
380500,0.069,0.823,0.108
381000,0.068,0.815,0.117
381500,0.068,0.824,0.108
382000,0.066,0.831,0.103
382500,0.071,0.827,0.102
383000,0.069,0.819,0.112
383500,0.074,0.827,0.099
384000,0.066,0.833,0.101
384500,0.066,0.839,0.095
385000,0.064,0.844,0.092
385500,0.068,0.845,0.087
386000,0.065,0.836,0.099
386500,0.066,0.837,0.097
387000,0.061,0.816,0.123
387500,0.064,0.814,0.122
388000,0.073,0.817,0.110
388500,0.073,0.821,0.106
389000,0.068,0.816,0.116
389500,0.067,0.802,0.131
390000,0.070,0.809,0.121
390500,0.070,0.808,0.122
391000,0.074,0.806,0.120
391500,0.074,0.795,0.131
392000,0.076,0.795,0.129
392500,0.075,0.778,0.147
393000,0.075,0.784,0.141
393500,0.074,0.797,0.129
394000,0.075,0.788,0.137
394500,0.064,0.796,0.140
395000,0.064,0.805,0.131
395500,0.068,0.813,0.119
396000,0.066,0.831,0.103
396500,0.066,0.818,0.116
397000,0.065,0.827,0.108
397500,0.071,0.830,0.099
398000,0.077,0.830,0.093
398500,0.071,0.828,0.101
399000,0.072,0.838,0.090
399500,0.072,0.823,0.105
400000,0.070,0.831,0.099
400500,0.065,0.836,0.099
401000,0.068,0.822,0.110
401500,0.069,0.829,0.102
402000,0.062,0.830,0.108
402500,0.066,0.822,0.112
403000,0.074,0.825,0.101
403500,0.074,0.806,0.120
404000,0.079,0.797,0.124
404500,0.071,0.789,0.140
405000,0.067,0.797,0.136
405500,0.073,0.794,0.133
406000,0.074,0.785,0.141
406500,0.076,0.787,0.137
407000,0.073,0.800,0.127
407500,0.078,0.802,0.120
408000,0.071,0.810,0.119
408500,0.068,0.807,0.125
409000,0.072,0.821,0.107
409500,0.063,0.825,0.112
410000,0.067,0.846,0.087
410500,0.069,0.841,0.090
411000,0.068,0.825,0.107
411500,0.064,0.819,0.117
412000,0.060,0.814,0.126
412500,0.066,0.824,0.110
413000,0.067,0.824,0.109
413500,0.068,0.808,0.124
414000,0.068,0.828,0.104
414500,0.069,0.834,0.097
415000,0.066,0.836,0.098
415500,0.073,0.819,0.108
416000,0.062,0.825,0.113
416500,0.063,0.831,0.106
417000,0.063,0.846,0.091
417500,0.063,0.837,0.100
418000,0.062,0.841,0.097
418500,0.066,0.841,0.093
419000,0.059,0.833,0.108
419500,0.062,0.831,0.107
420000,0.065,0.835,0.100
420500,0.057,0.823,0.120
421000,0.066,0.830,0.104
421500,0.071,0.827,0.102
422000,0.072,0.817,0.111
422500,0.067,0.811,0.122
423000,0.073,0.820,0.107
423500,0.069,0.810,0.121
424000,0.068,0.818,0.114
424500,0.074,0.825,0.101
425000,0.070,0.826,0.104
425500,0.063,0.828,0.109
426000,0.066,0.841,0.093
426500,0.062,0.835,0.103
427000,0.063,0.834,0.103
427500,0.058,0.827,0.115
428000,0.061,0.829,0.110
428500,0.061,0.833,0.106
429000,0.059,0.835,0.106
429500,0.061,0.826,0.113
430000,0.062,0.831,0.107
430500,0.064,0.833,0.103
431000,0.060,0.833,0.107
431500,0.060,0.838,0.102
432000,0.059,0.835,0.106
432500,0.060,0.836,0.104
433000,0.063,0.832,0.105
433500,0.063,0.838,0.099
434000,0.069,0.838,0.093
434500,0.069,0.841,0.090
435000,0.069,0.846,0.085
435500,0.064,0.825,0.111
436000,0.061,0.816,0.123
436500,0.065,0.806,0.129
437000,0.067,0.825,0.108
437500,0.064,0.822,0.114
438000,0.072,0.825,0.103
438500,0.070,0.821,0.109
439000,0.067,0.810,0.123
439500,0.069,0.821,0.110
440000,0.072,0.825,0.103
440500,0.073,0.824,0.103
441000,0.068,0.823,0.109
441500,0.064,0.832,0.104
442000,0.069,0.844,0.087
442500,0.065,0.852,0.083
443000,0.064,0.852,0.084
443500,0.059,0.845,0.096
444000,0.063,0.824,0.113
444500,0.064,0.837,0.099
445000,0.066,0.838,0.096
445500,0.067,0.836,0.097
446000,0.070,0.830,0.100
446500,0.076,0.825,0.099
447000,0.077,0.820,0.103
447500,0.069,0.825,0.106
448000,0.064,0.846,0.090
448500,0.063,0.868,0.069
449000,0.057,0.861,0.082
449500,0.058,0.863,0.079
450000,0.064,0.848,0.088
450500,0.061,0.845,0.094
451000,0.061,0.846,0.093
451500,0.059,0.849,0.092
452000,0.061,0.842,0.097
452500,0.057,0.849,0.094
453000,0.059,0.847,0.094
453500,0.061,0.836,0.103
454000,0.063,0.828,0.109
454500,0.061,0.838,0.101
455000,0.066,0.848,0.086
455500,0.061,0.842,0.097
456000,0.059,0.845,0.096
456500,0.059,0.843,0.098
457000,0.060,0.833,0.107
457500,0.057,0.845,0.098
458000,0.057,0.852,0.091
458500,0.057,0.845,0.098
459000,0.060,0.847,0.093
459500,0.067,0.831,0.102
460000,0.066,0.821,0.113
460500,0.068,0.815,0.117
461000,0.067,0.815,0.118
461500,0.066,0.810,0.124
462000,0.074,0.812,0.114
462500,0.069,0.814,0.117
463000,0.072,0.819,0.109
463500,0.070,0.819,0.111
464000,0.064,0.806,0.130
464500,0.071,0.797,0.132
465000,0.074,0.801,0.125
465500,0.079,0.785,0.136
466000,0.075,0.788,0.137
466500,0.074,0.793,0.133
467000,0.069,0.798,0.133
467500,0.069,0.821,0.110
468000,0.068,0.822,0.110
468500,0.073,0.817,0.110
469000,0.075,0.817,0.108
469500,0.065,0.828,0.107
470000,0.067,0.824,0.109
470500,0.067,0.798,0.135
471000,0.065,0.812,0.123
471500,0.060,0.812,0.128
472000,0.068,0.812,0.120
472500,0.074,0.807,0.119
473000,0.078,0.815,0.107
473500,0.079,0.813,0.108
474000,0.080,0.801,0.119
474500,0.077,0.810,0.113
475000,0.074,0.810,0.116
475500,0.075,0.796,0.129
476000,0.074,0.795,0.131
476500,0.080,0.780,0.140
477000,0.078,0.789,0.133
477500,0.073,0.796,0.131
478000,0.073,0.796,0.131
478500,0.079,0.809,0.112
479000,0.073,0.810,0.117
479500,0.070,0.811,0.119
480000,0.075,0.815,0.110
480500,0.077,0.811,0.112
481000,0.069,0.823,0.108
481500,0.068,0.825,0.107
482000,0.072,0.824,0.104
482500,0.065,0.818,0.117
483000,0.068,0.817,0.115
483500,0.075,0.819,0.106
484000,0.070,0.813,0.117
484500,0.070,0.816,0.114
485000,0.072,0.823,0.105
485500,0.076,0.819,0.105
486000,0.082,0.809,0.109
486500,0.075,0.799,0.126
487000,0.072,0.802,0.126
487500,0.072,0.804,0.124
488000,0.073,0.810,0.117
488500,0.066,0.827,0.107
489000,0.067,0.822,0.111
489500,0.065,0.828,0.107
490000,0.068,0.832,0.100
490500,0.064,0.830,0.106
491000,0.062,0.829,0.109
491500,0.065,0.829,0.106
492000,0.065,0.841,0.094
492500,0.063,0.842,0.095
493000,0.063,0.854,0.083
493500,0.061,0.839,0.100
494000,0.059,0.842,0.099
494500,0.060,0.842,0.098
495000,0.056,0.858,0.086
495500,0.056,0.872,0.072
496000,0.058,0.859,0.083
496500,0.061,0.846,0.093
497000,0.063,0.840,0.097
497500,0.063,0.830,0.107
498000,0.061,0.826,0.113
498500,0.067,0.836,0.097
499000,0.066,0.833,0.101
499500,0.060,0.845,0.095
500000,0.064,0.836,0.100
500500,0.069,0.831,0.100
501000,0.067,0.833,0.100
501500,0.070,0.849,0.081
502000,0.069,0.849,0.082
502500,0.069,0.847,0.084
503000,0.066,0.840,0.094
503500,0.072,0.852,0.076
504000,0.072,0.837,0.091
504500,0.068,0.820,0.112
505000,0.070,0.832,0.098
505500,0.064,0.825,0.111
506000,0.063,0.832,0.105
506500,0.064,0.823,0.113
507000,0.071,0.813,0.116
507500,0.067,0.815,0.118
508000,0.061,0.827,0.112
508500,0.073,0.829,0.098
509000,0.064,0.825,0.111
509500,0.065,0.829,0.106
510000,0.067,0.839,0.094
510500,0.065,0.830,0.105
511000,0.062,0.822,0.116
511500,0.064,0.817,0.119
512000,0.065,0.830,0.105
512500,0.069,0.823,0.108
513000,0.067,0.829,0.104
513500,0.066,0.827,0.107
514000,0.072,0.823,0.105
514500,0.073,0.814,0.113
515000,0.076,0.819,0.105
515500,0.070,0.811,0.119
516000,0.075,0.788,0.137
516500,0.070,0.804,0.126
517000,0.074,0.798,0.128
517500,0.069,0.796,0.135
518000,0.073,0.809,0.118
518500,0.068,0.814,0.118
519000,0.067,0.814,0.119
519500,0.071,0.796,0.133
520000,0.070,0.793,0.137
520500,0.065,0.793,0.142
521000,0.069,0.802,0.129
521500,0.068,0.807,0.125
522000,0.073,0.807,0.120
522500,0.075,0.815,0.110
523000,0.068,0.821,0.111
523500,0.066,0.813,0.121
524000,0.061,0.808,0.131
524500,0.062,0.800,0.138
525000,0.068,0.815,0.117
525500,0.062,0.816,0.122
526000,0.064,0.835,0.101
526500,0.071,0.828,0.101
527000,0.072,0.823,0.105
527500,0.075,0.816,0.109
528000,0.068,0.818,0.114
528500,0.071,0.830,0.099
529000,0.063,0.836,0.101
529500,0.066,0.846,0.088
530000,0.061,0.842,0.097
530500,0.065,0.840,0.095
531000,0.064,0.841,0.095
531500,0.063,0.837,0.100
532000,0.067,0.845,0.088
532500,0.069,0.837,0.094
533000,0.072,0.818,0.110
533500,0.067,0.827,0.106
534000,0.060,0.830,0.110
534500,0.062,0.831,0.107
535000,0.058,0.831,0.111
535500,0.060,0.819,0.121
536000,0.065,0.825,0.110
536500,0.070,0.818,0.112
537000,0.068,0.830,0.102
537500,0.066,0.839,0.095
538000,0.060,0.844,0.096
538500,0.065,0.839,0.096
539000,0.064,0.848,0.088
539500,0.061,0.832,0.107
540000,0.063,0.824,0.113
540500,0.067,0.830,0.103
541000,0.070,0.840,0.090
541500,0.062,0.837,0.101
542000,0.061,0.837,0.102
542500,0.060,0.825,0.115
543000,0.060,0.817,0.123
543500,0.064,0.814,0.122
544000,0.063,0.823,0.114
544500,0.066,0.803,0.131
545000,0.071,0.812,0.117
545500,0.071,0.816,0.113
546000,0.069,0.815,0.116
546500,0.075,0.805,0.120
547000,0.072,0.791,0.137
547500,0.070,0.795,0.135
548000,0.074,0.810,0.116
548500,0.072,0.801,0.127
549000,0.071,0.780,0.149
549500,0.073,0.803,0.124
550000,0.076,0.793,0.131
550500,0.075,0.795,0.130
551000,0.074,0.814,0.112
551500,0.076,0.800,0.124
552000,0.076,0.798,0.126
552500,0.072,0.812,0.116
553000,0.075,0.807,0.118
553500,0.073,0.818,0.109
554000,0.071,0.818,0.111
554500,0.066,0.834,0.100
555000,0.076,0.821,0.103
555500,0.074,0.820,0.106
556000,0.068,0.822,0.110
556500,0.065,0.822,0.113
557000,0.065,0.829,0.106
557500,0.063,0.830,0.107
558000,0.063,0.828,0.109
558500,0.065,0.825,0.110
559000,0.065,0.824,0.111
559500,0.067,0.831,0.102
560000,0.066,0.833,0.101
560500,0.069,0.831,0.100
561000,0.071,0.838,0.091
561500,0.072,0.820,0.108
562000,0.077,0.815,0.108
562500,0.076,0.815,0.109
563000,0.071,0.801,0.128
563500,0.078,0.799,0.123
564000,0.079,0.801,0.120
564500,0.080,0.801,0.119
565000,0.076,0.792,0.132
565500,0.076,0.801,0.123
566000,0.080,0.810,0.110
566500,0.080,0.815,0.105
567000,0.076,0.809,0.115
567500,0.071,0.802,0.127
568000,0.071,0.799,0.130
568500,0.072,0.801,0.127
569000,0.072,0.806,0.122
569500,0.064,0.824,0.112
570000,0.066,0.817,0.117
570500,0.070,0.807,0.123
571000,0.064,0.821,0.115
571500,0.061,0.852,0.087
572000,0.064,0.853,0.083
572500,0.069,0.840,0.091
573000,0.066,0.838,0.096
573500,0.069,0.836,0.095
574000,0.071,0.841,0.088
574500,0.073,0.839,0.088
575000,0.075,0.838,0.087
575500,0.070,0.838,0.092
576000,0.066,0.839,0.095
576500,0.063,0.834,0.103
577000,0.063,0.828,0.109
577500,0.062,0.819,0.119
578000,0.064,0.826,0.110
578500,0.071,0.825,0.104
579000,0.067,0.819,0.114
579500,0.069,0.834,0.097
580000,0.070,0.831,0.099
580500,0.066,0.840,0.094
581000,0.067,0.826,0.107
581500,0.060,0.823,0.117
582000,0.059,0.829,0.112
582500,0.067,0.827,0.106
583000,0.073,0.825,0.102
583500,0.071,0.831,0.098
584000,0.068,0.826,0.106
584500,0.065,0.830,0.105
585000,0.066,0.826,0.108
585500,0.066,0.835,0.099
586000,0.064,0.840,0.096
586500,0.064,0.832,0.104
587000,0.064,0.833,0.103
587500,0.067,0.852,0.081
588000,0.067,0.850,0.083
588500,0.066,0.842,0.092
589000,0.068,0.833,0.099
589500,0.063,0.843,0.094
590000,0.063,0.834,0.103
590500,0.061,0.845,0.094
591000,0.062,0.843,0.095
591500,0.062,0.855,0.083
592000,0.065,0.857,0.078
592500,0.061,0.852,0.087
593000,0.060,0.859,0.081
593500,0.063,0.841,0.096
594000,0.063,0.844,0.093
594500,0.066,0.836,0.098
595000,0.062,0.834,0.104
595500,0.067,0.830,0.103
596000,0.060,0.828,0.112
596500,0.059,0.822,0.119
597000,0.060,0.830,0.110
597500,0.065,0.822,0.113
598000,0.061,0.833,0.106
598500,0.072,0.828,0.100
599000,0.078,0.823,0.099
599500,0.073,0.821,0.106
600000,0.067,0.814,0.119
600500,0.070,0.820,0.110
601000,0.070,0.816,0.114
601500,0.067,0.830,0.103
602000,0.063,0.831,0.106
602500,0.066,0.824,0.110
603000,0.068,0.815,0.117
603500,0.070,0.822,0.108
604000,0.073,0.818,0.109
604500,0.069,0.830,0.101
605000,0.067,0.822,0.111
605500,0.063,0.808,0.129
606000,0.068,0.810,0.122
606500,0.069,0.820,0.111
607000,0.066,0.823,0.111
607500,0.073,0.822,0.105
608000,0.073,0.827,0.100
608500,0.076,0.824,0.100
609000,0.067,0.827,0.106
609500,0.065,0.835,0.100
610000,0.066,0.830,0.104
610500,0.068,0.825,0.107
611000,0.067,0.829,0.104
611500,0.065,0.836,0.099
612000,0.059,0.820,0.121
612500,0.065,0.827,0.108
613000,0.064,0.821,0.115
613500,0.070,0.811,0.119
614000,0.065,0.817,0.118
614500,0.068,0.824,0.108
615000,0.066,0.813,0.121
615500,0.064,0.814,0.122
616000,0.062,0.833,0.105
616500,0.066,0.832,0.102
617000,0.071,0.831,0.098
617500,0.070,0.832,0.098
618000,0.067,0.838,0.095
618500,0.069,0.844,0.087
619000,0.063,0.835,0.102
619500,0.060,0.841,0.099
620000,0.057,0.855,0.088
620500,0.058,0.855,0.087
621000,0.057,0.835,0.108
621500,0.061,0.835,0.104
622000,0.071,0.835,0.094
622500,0.066,0.834,0.100
623000,0.065,0.827,0.108
623500,0.064,0.823,0.113
624000,0.064,0.823,0.113
624500,0.062,0.821,0.117
625000,0.064,0.835,0.101
625500,0.062,0.846,0.092
626000,0.068,0.854,0.078
626500,0.062,0.830,0.108
627000,0.065,0.821,0.114
627500,0.062,0.833,0.105
628000,0.061,0.838,0.101
628500,0.060,0.841,0.099
629000,0.064,0.843,0.093
629500,0.065,0.838,0.097
630000,0.066,0.837,0.097
630500,0.063,0.849,0.088
631000,0.064,0.845,0.091
631500,0.057,0.848,0.095
632000,0.058,0.851,0.091
632500,0.059,0.853,0.088
633000,0.058,0.856,0.086
633500,0.061,0.846,0.093
634000,0.064,0.841,0.095
634500,0.064,0.838,0.098
635000,0.065,0.830,0.105
635500,0.067,0.840,0.093
636000,0.062,0.844,0.094
636500,0.065,0.845,0.090
637000,0.061,0.837,0.102
637500,0.062,0.839,0.099
638000,0.063,0.836,0.101
638500,0.060,0.848,0.092
639000,0.057,0.848,0.095
639500,0.059,0.851,0.090
640000,0.066,0.840,0.094
640500,0.063,0.842,0.095
641000,0.063,0.848,0.089
641500,0.066,0.852,0.082
642000,0.071,0.845,0.084
642500,0.070,0.826,0.104
643000,0.068,0.824,0.108
643500,0.065,0.833,0.102
644000,0.070,0.829,0.101
644500,0.075,0.824,0.101
645000,0.074,0.833,0.093
645500,0.072,0.825,0.103
646000,0.077,0.802,0.121
646500,0.082,0.806,0.112
647000,0.077,0.804,0.119
647500,0.079,0.804,0.117
648000,0.077,0.801,0.122
648500,0.065,0.799,0.136
649000,0.062,0.809,0.129
649500,0.070,0.811,0.119
650000,0.071,0.813,0.116
650500,0.076,0.822,0.102
651000,0.074,0.816,0.110
651500,0.073,0.809,0.118
652000,0.074,0.809,0.117
652500,0.077,0.812,0.111
653000,0.079,0.801,0.120
653500,0.079,0.799,0.122
654000,0.082,0.797,0.121
654500,0.081,0.798,0.121
655000,0.077,0.809,0.114
655500,0.077,0.819,0.104
656000,0.077,0.811,0.112
656500,0.078,0.808,0.114
657000,0.078,0.793,0.129
657500,0.073,0.808,0.119
658000,0.065,0.818,0.117
658500,0.062,0.816,0.122
659000,0.060,0.822,0.118
659500,0.063,0.816,0.121
660000,0.069,0.823,0.108
660500,0.069,0.840,0.091
661000,0.075,0.835,0.090
661500,0.075,0.831,0.094
662000,0.073,0.820,0.107
662500,0.075,0.826,0.099
663000,0.070,0.820,0.110
663500,0.065,0.819,0.116
664000,0.062,0.830,0.108
664500,0.067,0.845,0.088
665000,0.063,0.828,0.109
665500,0.066,0.829,0.105
666000,0.062,0.833,0.105
666500,0.063,0.835,0.102
667000,0.059,0.834,0.107
667500,0.061,0.837,0.102
668000,0.061,0.851,0.088
668500,0.059,0.848,0.093
669000,0.060,0.838,0.102
669500,0.060,0.830,0.110
670000,0.062,0.836,0.102
670500,0.064,0.847,0.089
671000,0.065,0.838,0.097
671500,0.060,0.829,0.111
672000,0.066,0.844,0.090
672500,0.064,0.854,0.082
673000,0.062,0.869,0.069
673500,0.062,0.865,0.073
674000,0.059,0.850,0.091
674500,0.063,0.841,0.096
675000,0.057,0.853,0.090
675500,0.058,0.857,0.085
676000,0.059,0.849,0.092
676500,0.056,0.843,0.101
677000,0.065,0.837,0.098
677500,0.058,0.843,0.099
678000,0.056,0.833,0.111
678500,0.056,0.842,0.102
679000,0.054,0.860,0.086
679500,0.059,0.861,0.080
680000,0.057,0.868,0.075
680500,0.062,0.865,0.073
681000,0.063,0.855,0.082
681500,0.057,0.849,0.094
682000,0.059,0.854,0.087
682500,0.057,0.863,0.080
683000,0.054,0.859,0.087
683500,0.055,0.854,0.091
684000,0.059,0.852,0.089
684500,0.068,0.833,0.099
685000,0.070,0.827,0.103
685500,0.070,0.830,0.100
686000,0.072,0.831,0.097
686500,0.073,0.835,0.092
687000,0.067,0.812,0.121
687500,0.065,0.821,0.114
688000,0.070,0.825,0.105
688500,0.065,0.814,0.121
689000,0.066,0.821,0.113
689500,0.069,0.822,0.109
690000,0.078,0.816,0.106
690500,0.078,0.801,0.121
691000,0.078,0.805,0.117
691500,0.069,0.778,0.153
692000,0.072,0.790,0.138
692500,0.076,0.808,0.116
693000,0.080,0.815,0.105
693500,0.078,0.813,0.109
694000,0.075,0.805,0.120
694500,0.072,0.806,0.122
695000,0.078,0.790,0.132
695500,0.072,0.788,0.140
696000,0.072,0.779,0.149
696500,0.072,0.818,0.110
697000,0.075,0.818,0.107
697500,0.072,0.809,0.119
698000,0.069,0.817,0.114
698500,0.070,0.818,0.112
699000,0.069,0.832,0.099
699500,0.066,0.838,0.096
700000,0.067,0.834,0.099
700500,0.065,0.845,0.090
701000,0.068,0.837,0.095
701500,0.063,0.836,0.101
702000,0.062,0.842,0.096
702500,0.063,0.838,0.099
703000,0.070,0.838,0.092
703500,0.067,0.834,0.099
704000,0.067,0.833,0.100
704500,0.068,0.844,0.088
705000,0.070,0.839,0.091
705500,0.066,0.829,0.105
706000,0.066,0.805,0.129
706500,0.067,0.811,0.122
707000,0.067,0.797,0.136
707500,0.074,0.797,0.129
708000,0.074,0.810,0.116
708500,0.070,0.811,0.119
709000,0.071,0.806,0.123
709500,0.073,0.803,0.124
710000,0.079,0.810,0.111
710500,0.075,0.801,0.124
711000,0.082,0.793,0.125
711500,0.068,0.809,0.123
712000,0.066,0.792,0.142
712500,0.064,0.808,0.128
713000,0.065,0.815,0.120
713500,0.067,0.813,0.120
714000,0.070,0.819,0.111
714500,0.072,0.811,0.117
715000,0.071,0.807,0.122
715500,0.074,0.807,0.119
716000,0.075,0.810,0.115
716500,0.075,0.810,0.115
717000,0.063,0.810,0.127
717500,0.064,0.808,0.128
718000,0.068,0.817,0.115
718500,0.071,0.804,0.125
719000,0.070,0.809,0.121
719500,0.070,0.818,0.112
720000,0.075,0.815,0.110
720500,0.074,0.819,0.107
721000,0.068,0.801,0.131
721500,0.067,0.795,0.138
722000,0.064,0.798,0.138
722500,0.068,0.801,0.131
723000,0.070,0.796,0.134
723500,0.075,0.800,0.125
724000,0.066,0.804,0.130
724500,0.074,0.805,0.121
725000,0.080,0.791,0.129
725500,0.085,0.805,0.110
726000,0.080,0.803,0.117
726500,0.075,0.806,0.119
727000,0.070,0.802,0.128
727500,0.072,0.799,0.129
728000,0.081,0.820,0.099
728500,0.071,0.843,0.086
729000,0.067,0.842,0.091
729500,0.067,0.844,0.089
730000,0.064,0.851,0.085
730500,0.065,0.847,0.088
731000,0.061,0.849,0.090
731500,0.058,0.838,0.104
732000,0.059,0.850,0.091
732500,0.056,0.846,0.098
733000,0.062,0.855,0.083
733500,0.060,0.860,0.080
734000,0.057,0.867,0.076
734500,0.057,0.867,0.076
735000,0.059,0.855,0.086
735500,0.068,0.850,0.082
736000,0.062,0.848,0.090
736500,0.067,0.841,0.092
737000,0.066,0.832,0.102
737500,0.075,0.815,0.110
738000,0.073,0.808,0.119
738500,0.070,0.822,0.108
739000,0.066,0.824,0.110
739500,0.068,0.814,0.118
740000,0.070,0.812,0.118
740500,0.072,0.827,0.101
741000,0.063,0.829,0.108
741500,0.063,0.837,0.100
742000,0.062,0.854,0.084
742500,0.063,0.838,0.099
743000,0.060,0.835,0.105
743500,0.058,0.837,0.105
744000,0.063,0.835,0.102
744500,0.067,0.845,0.088
745000,0.068,0.844,0.088
745500,0.073,0.832,0.095
746000,0.072,0.815,0.113
746500,0.071,0.813,0.116
747000,0.072,0.809,0.119
747500,0.069,0.815,0.116
748000,0.064,0.818,0.118
748500,0.066,0.828,0.106
749000,0.069,0.830,0.101
749500,0.064,0.837,0.099
750000,0.063,0.849,0.088
750500,0.067,0.840,0.093
751000,0.067,0.838,0.095
751500,0.065,0.833,0.102
752000,0.070,0.834,0.096
752500,0.066,0.844,0.090
753000,0.068,0.840,0.092
753500,0.075,0.836,0.089
754000,0.067,0.850,0.083
754500,0.064,0.838,0.098
755000,0.071,0.820,0.109
755500,0.072,0.817,0.111
756000,0.070,0.818,0.112
756500,0.064,0.820,0.116
757000,0.061,0.817,0.122
757500,0.062,0.831,0.107
758000,0.064,0.834,0.102
758500,0.067,0.840,0.093
759000,0.064,0.827,0.109
759500,0.066,0.837,0.097
760000,0.060,0.839,0.101
760500,0.062,0.856,0.082
761000,0.065,0.859,0.076
761500,0.061,0.850,0.089
762000,0.061,0.855,0.084
762500,0.063,0.871,0.066
763000,0.060,0.870,0.070
763500,0.058,0.851,0.091
764000,0.057,0.848,0.095
764500,0.056,0.844,0.100
765000,0.061,0.846,0.093
765500,0.064,0.846,0.090
766000,0.063,0.853,0.084
766500,0.064,0.845,0.091
767000,0.069,0.835,0.096
767500,0.070,0.830,0.100
768000,0.062,0.836,0.102
768500,0.063,0.860,0.077
769000,0.061,0.847,0.092
769500,0.059,0.857,0.084
770000,0.058,0.843,0.099
770500,0.061,0.841,0.098
771000,0.065,0.824,0.111
771500,0.064,0.824,0.112
772000,0.063,0.820,0.117
772500,0.062,0.836,0.102
773000,0.069,0.831,0.100
773500,0.066,0.835,0.099
774000,0.069,0.846,0.085
774500,0.068,0.849,0.083
775000,0.069,0.848,0.083
775500,0.064,0.828,0.108
776000,0.057,0.834,0.109
776500,0.058,0.828,0.114
777000,0.065,0.831,0.104
777500,0.065,0.833,0.102
778000,0.074,0.827,0.099
778500,0.079,0.805,0.116
779000,0.073,0.805,0.122
779500,0.070,0.808,0.122
780000,0.079,0.786,0.135
780500,0.077,0.785,0.138
781000,0.067,0.807,0.126
781500,0.079,0.801,0.120
782000,0.074,0.796,0.130
782500,0.067,0.827,0.106
783000,0.069,0.817,0.114
783500,0.075,0.809,0.116
784000,0.068,0.795,0.137
784500,0.077,0.792,0.131
785000,0.074,0.802,0.124
785500,0.068,0.812,0.120
786000,0.077,0.818,0.105
786500,0.076,0.808,0.116
787000,0.072,0.812,0.116
787500,0.073,0.815,0.112
788000,0.065,0.813,0.122
788500,0.064,0.811,0.125
789000,0.066,0.847,0.087
789500,0.064,0.846,0.090
790000,0.062,0.852,0.086
790500,0.063,0.841,0.096
791000,0.067,0.839,0.094
791500,0.072,0.821,0.107
792000,0.070,0.822,0.108
792500,0.071,0.813,0.116
793000,0.066,0.827,0.107
793500,0.063,0.807,0.130
794000,0.068,0.812,0.120
794500,0.070,0.818,0.112
795000,0.073,0.826,0.101
795500,0.072,0.824,0.104
796000,0.068,0.831,0.101
796500,0.066,0.840,0.094
797000,0.062,0.820,0.118
797500,0.065,0.835,0.100
798000,0.061,0.841,0.098
798500,0.061,0.839,0.100
799000,0.063,0.846,0.091
799500,0.062,0.842,0.096
800000,0.066,0.844,0.090
800500,0.061,0.831,0.108
801000,0.062,0.840,0.098
801500,0.066,0.835,0.099
802000,0.066,0.839,0.095
802500,0.064,0.834,0.102
803000,0.061,0.824,0.115
803500,0.070,0.822,0.108
804000,0.078,0.827,0.095
804500,0.076,0.807,0.117
805000,0.067,0.805,0.128
805500,0.065,0.815,0.120
806000,0.072,0.800,0.128
806500,0.069,0.782,0.149
807000,0.075,0.795,0.130
807500,0.071,0.806,0.123
808000,0.073,0.807,0.120
808500,0.072,0.806,0.122
809000,0.076,0.796,0.128
809500,0.075,0.798,0.127
810000,0.074,0.798,0.128
810500,0.077,0.802,0.121
811000,0.074,0.802,0.124
811500,0.075,0.801,0.124
812000,0.068,0.821,0.111
812500,0.071,0.805,0.124
813000,0.070,0.805,0.125
813500,0.066,0.812,0.122
814000,0.069,0.813,0.118
814500,0.070,0.829,0.101
815000,0.072,0.814,0.114
815500,0.078,0.812,0.110
816000,0.069,0.811,0.120
816500,0.077,0.794,0.129
817000,0.077,0.808,0.115
817500,0.070,0.812,0.118
818000,0.072,0.831,0.097
818500,0.069,0.821,0.110
819000,0.067,0.834,0.099
819500,0.060,0.837,0.103
820000,0.059,0.843,0.098
820500,0.061,0.831,0.108
821000,0.060,0.835,0.105
821500,0.066,0.814,0.120
822000,0.067,0.827,0.106
822500,0.062,0.838,0.100
823000,0.064,0.833,0.103
823500,0.067,0.828,0.105
824000,0.063,0.813,0.124
824500,0.062,0.830,0.108
825000,0.064,0.835,0.101
825500,0.069,0.840,0.091
826000,0.071,0.856,0.073
826500,0.074,0.852,0.074
827000,0.067,0.857,0.076
827500,0.067,0.862,0.071
828000,0.066,0.847,0.087
828500,0.066,0.848,0.086
829000,0.067,0.828,0.105
829500,0.073,0.823,0.104
830000,0.069,0.820,0.111
830500,0.068,0.817,0.115
831000,0.070,0.805,0.125
831500,0.065,0.806,0.129
832000,0.079,0.810,0.111
832500,0.078,0.784,0.138
833000,0.082,0.775,0.143
833500,0.083,0.777,0.140
834000,0.077,0.776,0.147
834500,0.084,0.781,0.135
835000,0.081,0.797,0.122
835500,0.080,0.792,0.128
836000,0.064,0.819,0.117
836500,0.069,0.826,0.105
837000,0.067,0.828,0.105
837500,0.065,0.816,0.119
838000,0.062,0.828,0.110
838500,0.066,0.829,0.105
839000,0.061,0.838,0.101
839500,0.061,0.833,0.106
840000,0.062,0.846,0.092
840500,0.069,0.827,0.104
841000,0.065,0.833,0.102
841500,0.066,0.833,0.101
842000,0.070,0.825,0.105
842500,0.070,0.830,0.100
843000,0.078,0.826,0.096
843500,0.074,0.827,0.099
844000,0.072,0.822,0.106
844500,0.067,0.810,0.123
845000,0.076,0.806,0.118
845500,0.080,0.810,0.110
846000,0.082,0.807,0.111
846500,0.072,0.808,0.120
847000,0.072,0.800,0.128
847500,0.070,0.797,0.133
848000,0.064,0.800,0.136
848500,0.063,0.809,0.128
849000,0.068,0.819,0.113
849500,0.070,0.813,0.117
850000,0.070,0.824,0.106
850500,0.071,0.833,0.096
851000,0.065,0.839,0.096
851500,0.065,0.835,0.100
852000,0.067,0.819,0.114
852500,0.064,0.838,0.098
853000,0.065,0.833,0.102
853500,0.066,0.816,0.118
854000,0.071,0.822,0.107
854500,0.066,0.822,0.112
855000,0.067,0.839,0.094
855500,0.064,0.839,0.097
856000,0.061,0.853,0.086
856500,0.062,0.854,0.084
857000,0.058,0.853,0.089
857500,0.061,0.856,0.083
858000,0.058,0.856,0.086
858500,0.062,0.866,0.072
859000,0.060,0.844,0.096
859500,0.063,0.848,0.089
860000,0.061,0.828,0.111
860500,0.068,0.831,0.101
861000,0.066,0.807,0.127
861500,0.070,0.814,0.116
862000,0.068,0.816,0.116
862500,0.069,0.814,0.117
863000,0.071,0.818,0.111
863500,0.072,0.821,0.107
864000,0.073,0.802,0.125
864500,0.076,0.805,0.119
865000,0.081,0.791,0.128
865500,0.070,0.798,0.132
866000,0.064,0.814,0.122
866500,0.066,0.832,0.102
867000,0.065,0.840,0.095
867500,0.069,0.835,0.096
868000,0.066,0.830,0.104
868500,0.071,0.820,0.109
869000,0.065,0.844,0.091
869500,0.069,0.830,0.101
870000,0.071,0.840,0.089
870500,0.068,0.836,0.096
871000,0.069,0.828,0.103
871500,0.070,0.833,0.097
872000,0.065,0.815,0.120
872500,0.068,0.811,0.121
873000,0.080,0.808,0.112
873500,0.076,0.814,0.110
874000,0.070,0.820,0.110
874500,0.064,0.835,0.101
875000,0.067,0.846,0.087
875500,0.067,0.843,0.090
876000,0.060,0.856,0.084
876500,0.057,0.860,0.083
877000,0.057,0.865,0.078
877500,0.057,0.859,0.084
878000,0.057,0.852,0.091
878500,0.054,0.862,0.084
879000,0.055,0.875,0.070
879500,0.058,0.871,0.071
880000,0.057,0.870,0.073
880500,0.059,0.848,0.093
881000,0.063,0.846,0.091
881500,0.066,0.848,0.086
882000,0.063,0.836,0.101
882500,0.065,0.838,0.097
883000,0.064,0.845,0.091
883500,0.069,0.847,0.084
884000,0.062,0.841,0.097
884500,0.065,0.839,0.096
885000,0.064,0.838,0.098
885500,0.067,0.840,0.093
886000,0.065,0.829,0.106
886500,0.067,0.801,0.132
887000,0.067,0.817,0.116
887500,0.065,0.797,0.138
888000,0.067,0.806,0.127
888500,0.068,0.816,0.116
889000,0.067,0.819,0.114
889500,0.062,0.841,0.097
890000,0.066,0.849,0.085
890500,0.065,0.842,0.093
891000,0.065,0.839,0.096
891500,0.064,0.846,0.090
892000,0.068,0.838,0.094
892500,0.066,0.854,0.080
893000,0.062,0.849,0.089
893500,0.064,0.826,0.110
894000,0.066,0.815,0.119
894500,0.061,0.825,0.114
895000,0.063,0.837,0.100
895500,0.069,0.825,0.106
896000,0.068,0.825,0.107
896500,0.069,0.812,0.119
897000,0.070,0.805,0.125
897500,0.070,0.800,0.130
898000,0.076,0.791,0.133
898500,0.079,0.784,0.137
899000,0.080,0.788,0.132
899500,0.082,0.794,0.124
900000,0.078,0.817,0.105
900500,0.073,0.825,0.102
901000,0.074,0.820,0.106
901500,0.071,0.808,0.121
902000,0.066,0.812,0.122
902500,0.072,0.809,0.119
903000,0.075,0.803,0.122
903500,0.073,0.794,0.133
904000,0.071,0.810,0.119
904500,0.071,0.832,0.097
905000,0.069,0.821,0.110
905500,0.065,0.810,0.125
906000,0.064,0.826,0.110
906500,0.067,0.818,0.115
907000,0.068,0.810,0.122
907500,0.068,0.813,0.119
908000,0.063,0.827,0.110
908500,0.060,0.832,0.108
909000,0.065,0.833,0.102
909500,0.069,0.834,0.097
910000,0.067,0.842,0.091
910500,0.073,0.837,0.090
911000,0.068,0.833,0.099
911500,0.064,0.829,0.107
912000,0.068,0.825,0.107
912500,0.067,0.832,0.101
913000,0.073,0.840,0.087
913500,0.072,0.827,0.101
914000,0.073,0.808,0.119
914500,0.072,0.794,0.134
915000,0.073,0.791,0.136
915500,0.077,0.795,0.128
916000,0.073,0.801,0.126
916500,0.076,0.797,0.127
917000,0.075,0.815,0.110
917500,0.074,0.825,0.101
918000,0.071,0.821,0.108
918500,0.068,0.808,0.124
919000,0.070,0.814,0.116
919500,0.069,0.818,0.113
920000,0.075,0.825,0.100
920500,0.072,0.815,0.113
921000,0.074,0.808,0.118
921500,0.079,0.802,0.119
922000,0.075,0.810,0.115
922500,0.079,0.801,0.120
923000,0.078,0.799,0.123
923500,0.078,0.800,0.122
924000,0.079,0.803,0.118
924500,0.075,0.797,0.128
925000,0.076,0.799,0.125
925500,0.069,0.810,0.121
926000,0.063,0.818,0.119
926500,0.060,0.817,0.123
927000,0.060,0.830,0.110
927500,0.065,0.827,0.108
928000,0.074,0.836,0.090
928500,0.074,0.820,0.106
929000,0.068,0.820,0.112
929500,0.071,0.818,0.111
930000,0.072,0.818,0.110
930500,0.070,0.822,0.108
931000,0.068,0.825,0.107
931500,0.066,0.840,0.094
932000,0.068,0.836,0.096
932500,0.070,0.829,0.101
933000,0.064,0.826,0.110
933500,0.060,0.824,0.116
934000,0.061,0.846,0.093
934500,0.061,0.834,0.105
935000,0.061,0.837,0.102
935500,0.058,0.850,0.092
936000,0.060,0.857,0.083
936500,0.058,0.852,0.090
937000,0.058,0.854,0.088
937500,0.055,0.853,0.092
938000,0.056,0.865,0.079
938500,0.055,0.868,0.077
939000,0.060,0.859,0.081
939500,0.064,0.859,0.077
940000,0.069,0.850,0.081
940500,0.067,0.847,0.086
941000,0.063,0.838,0.099
941500,0.064,0.840,0.096
942000,0.061,0.846,0.093
942500,0.059,0.835,0.106
943000,0.058,0.852,0.090
943500,0.057,0.871,0.072
944000,0.060,0.871,0.069
944500,0.057,0.861,0.082
945000,0.054,0.858,0.088
945500,0.058,0.872,0.070
946000,0.063,0.868,0.069
946500,0.067,0.852,0.081
947000,0.066,0.845,0.089
947500,0.067,0.842,0.091
948000,0.062,0.849,0.089
948500,0.062,0.854,0.084
949000,0.062,0.851,0.087
949500,0.060,0.857,0.083
950000,0.058,0.860,0.082
950500,0.061,0.860,0.079
951000,0.058,0.849,0.093
951500,0.059,0.848,0.093
952000,0.063,0.844,0.093
952500,0.069,0.846,0.085
953000,0.063,0.836,0.101
953500,0.064,0.831,0.105
954000,0.062,0.823,0.115
954500,0.062,0.820,0.118
955000,0.065,0.818,0.117
955500,0.072,0.826,0.102
956000,0.074,0.802,0.124
956500,0.073,0.797,0.130
957000,0.076,0.787,0.137
957500,0.078,0.780,0.142
958000,0.074,0.785,0.141
958500,0.085,0.782,0.133
959000,0.081,0.794,0.125
959500,0.077,0.796,0.127
960000,0.069,0.800,0.131
960500,0.077,0.785,0.138
961000,0.077,0.784,0.139
961500,0.081,0.791,0.128
962000,0.075,0.799,0.126
962500,0.073,0.801,0.126
963000,0.080,0.812,0.108
963500,0.072,0.815,0.113
964000,0.073,0.814,0.113
964500,0.078,0.802,0.120
965000,0.075,0.803,0.122
965500,0.073,0.790,0.137
966000,0.077,0.815,0.108
966500,0.066,0.810,0.124
967000,0.073,0.799,0.128
967500,0.071,0.806,0.123
968000,0.069,0.816,0.115
968500,0.069,0.828,0.103
969000,0.064,0.822,0.114
969500,0.062,0.822,0.116
970000,0.061,0.824,0.115
970500,0.069,0.823,0.108
971000,0.069,0.821,0.110
971500,0.071,0.827,0.102
972000,0.073,0.814,0.113
972500,0.071,0.808,0.121
973000,0.071,0.809,0.120
973500,0.070,0.798,0.132
974000,0.070,0.815,0.115
974500,0.066,0.806,0.128
975000,0.067,0.798,0.135
975500,0.071,0.801,0.128
976000,0.078,0.796,0.126
976500,0.074,0.805,0.121
977000,0.069,0.819,0.112
977500,0.075,0.820,0.105
978000,0.071,0.825,0.104
978500,0.071,0.833,0.096
979000,0.065,0.816,0.119
979500,0.069,0.811,0.120
980000,0.068,0.819,0.113
980500,0.067,0.824,0.109
981000,0.066,0.841,0.093
981500,0.063,0.836,0.101
982000,0.066,0.841,0.093
982500,0.068,0.837,0.095
983000,0.064,0.846,0.090
983500,0.060,0.845,0.095
984000,0.061,0.848,0.091
984500,0.060,0.849,0.091
985000,0.061,0.849,0.090
985500,0.061,0.849,0.090
986000,0.057,0.839,0.104
986500,0.061,0.821,0.118
987000,0.071,0.815,0.114
987500,0.064,0.813,0.123
988000,0.067,0.805,0.128
988500,0.073,0.808,0.119
989000,0.074,0.811,0.115
989500,0.070,0.803,0.127
990000,0.082,0.801,0.117
990500,0.078,0.815,0.107
991000,0.075,0.810,0.115
991500,0.078,0.812,0.110
992000,0.076,0.819,0.105
992500,0.070,0.821,0.109
993000,0.066,0.814,0.120
993500,0.069,0.810,0.121
994000,0.074,0.817,0.109
994500,0.072,0.808,0.120
995000,0.077,0.812,0.111
995500,0.075,0.818,0.107
996000,0.066,0.809,0.125
996500,0.069,0.814,0.117
997000,0.069,0.799,0.132
997500,0.073,0.792,0.135
998000,0.068,0.807,0.125
998500,0.067,0.812,0.121
999000,0.068,0.821,0.111
999500,0.065,0.820,0.115
1000000,0.066,0.820,0.114
