time,n_A+p,n_B,n_AB
100,0.030,0.947,0.023
200,0.030,0.919,0.051
300,0.032,0.894,0.074
400,0.030,0.906,0.064
500,0.030,0.894,0.076
600,0.030,0.835,0.135
700,0.032,0.807,0.161
800,0.030,0.792,0.178
900,0.030,0.777,0.193
1000,0.030,0.735,0.235
1100,0.031,0.694,0.275
1200,0.031,0.692,0.277
1300,0.035,0.672,0.293
1400,0.033,0.639,0.328
1500,0.033,0.655,0.312
1600,0.032,0.574,0.394
1700,0.032,0.597,0.371
1800,0.034,0.549,0.417
1900,0.034,0.494,0.472
2000,0.033,0.532,0.435
2100,0.036,0.546,0.418
2200,0.032,0.538,0.430
2300,0.032,0.546,0.422
2400,0.035,0.544,0.421
2500,0.037,0.577,0.386
2600,0.038,0.503,0.459
2700,0.035,0.500,0.465
2800,0.040,0.473,0.487
2900,0.043,0.491,0.466
3000,0.044,0.503,0.453
3100,0.042,0.477,0.481
3200,0.044,0.413,0.543
3300,0.040,0.369,0.591
3400,0.043,0.344,0.613
3500,0.047,0.398,0.555
3600,0.037,0.391,0.572
3700,0.039,0.393,0.568
3800,0.045,0.416,0.539
3900,0.047,0.372,0.581
4000,0.039,0.357,0.604
4100,0.043,0.391,0.566
4200,0.039,0.354,0.607
4300,0.041,0.372,0.587
4400,0.043,0.310,0.647
4500,0.046,0.349,0.605
4600,0.049,0.301,0.650
4700,0.055,0.266,0.679
4800,0.053,0.292,0.655
4900,0.060,0.286,0.654
5000,0.064,0.308,0.628
5100,0.059,0.268,0.673
5200,0.063,0.260,0.677
5300,0.065,0.243,0.692
5400,0.055,0.207,0.738
5500,0.061,0.184,0.755
5600,0.077,0.182,0.741
5700,0.085,0.201,0.714
5800,0.111,0.178,0.711
5900,0.103,0.151,0.746
6000,0.124,0.160,0.716
6100,0.115,0.160,0.725
6200,0.126,0.152,0.722
6300,0.145,0.137,0.718
6400,0.144,0.132,0.724
6500,0.128,0.099,0.773
6600,0.139,0.084,0.777
6700,0.164,0.091,0.745
6800,0.182,0.124,0.694
6900,0.172,0.113,0.715
7000,0.157,0.105,0.738
7100,0.161,0.080,0.759
7200,0.186,0.065,0.749
7300,0.219,0.050,0.731
7400,0.253,0.056,0.691
7500,0.244,0.069,0.687
7600,0.237,0.068,0.695
7700,0.263,0.055,0.682
7800,0.252,0.061,0.687
7900,0.275,0.058,0.667
8000,0.279,0.059,0.662
8100,0.267,0.058,0.675
8200,0.270,0.053,0.677
8300,0.254,0.051,0.695
8400,0.249,0.046,0.705
8500,0.263,0.049,0.688
8600,0.285,0.040,0.675
8700,0.255,0.049,0.696
8800,0.277,0.044,0.679
8900,0.242,0.060,0.698
9000,0.260,0.045,0.695
9100,0.272,0.042,0.686
9200,0.327,0.047,0.626
9300,0.293,0.045,0.662
9400,0.300,0.037,0.663
9500,0.322,0.045,0.633
9600,0.341,0.035,0.624
9700,0.358,0.024,0.618
9800,0.367,0.019,0.614
9900,0.346,0.018,0.636
10000,0.415,0.011,0.574
10100,0.444,0.009,0.547
10200,0.511,0.016,0.473
10300,0.541,0.008,0.451
10400,0.632,0.002,0.366
10500,0.658,0.003,0.339
10600,0.689,0.004,0.307
10700,0.727,0.003,0.270
10800,0.757,0.003,0.240
10900,0.747,0.003,0.250
11000,0.685,0.001,0.314
11100,0.635,0.002,0.363
11200,0.646,0.000,0.354
11300,0.653,0.000,0.347
11400,0.679,0.001,0.320
11500,0.658,0.001,0.341
11600,0.652,0.001,0.347
11700,0.730,0.004,0.266
11800,0.737,0.002,0.261
11900,0.746,0.001,0.253
12000,0.732,0.001,0.267
12100,0.708,0.003,0.289
12200,0.702,0.004,0.294
12300,0.729,0.005,0.266
12400,0.697,0.006,0.297
12500,0.698,0.005,0.297
12600,0.693,0.003,0.304
12700,0.701,0.001,0.298
12800,0.724,0.003,0.273
12900,0.734,0.003,0.263
13000,0.723,0.003,0.274
13100,0.739,0.001,0.260
13200,0.731,0.001,0.268
13300,0.739,0.006,0.255
13400,0.765,0.004,0.231
13500,0.758,0.008,0.234
13600,0.780,0.003,0.217
13700,0.817,0.002,0.181
13800,0.823,0.002,0.175
13900,0.805,0.000,0.195
14000,0.829,0.002,0.169
14100,0.851,0.000,0.149
14200,0.866,0.000,0.134
14300,0.843,0.000,0.157
14400,0.845,0.000,0.155
14500,0.883,0.000,0.117
14600,0.898,0.000,0.102
14700,0.932,0.000,0.068
14800,0.942,0.000,0.058
14900,0.964,0.000,0.036
15000,0.963,0.000,0.037
15100,0.955,0.000,0.045
15200,0.956,0.000,0.044
15300,0.954,0.000,0.046
15400,0.961,0.000,0.039
15500,0.964,0.000,0.036
15600,0.947,0.000,0.053
15700,0.954,0.000,0.046
15800,0.969,0.000,0.031
15900,0.975,0.000,0.025
16000,0.977,0.000,0.023
16100,0.973,0.000,0.027
16200,0.961,0.000,0.039
16300,0.945,0.000,0.055
16400,0.961,0.000,0.039
16500,0.967,0.000,0.033
16600,0.977,0.000,0.023
16700,0.983,0.000,0.017
16800,0.990,0.000,0.010
16900,0.990,0.000,0.010
17000,0.994,0.000,0.006
17100,0.980,0.000,0.020
17200,0.980,0.000,0.020
17300,0.985,0.000,0.015
17400,0.978,0.000,0.022
17500,0.982,0.000,0.018
17600,0.971,0.000,0.029
17700,0.981,0.000,0.019
17800,0.980,0.002,0.018
17900,0.980,0.002,0.018
18000,0.983,0.002,0.015
18100,0.988,0.001,0.011
18200,0.992,0.000,0.008
18300,0.994,0.000,0.006
18400,0.996,0.000,0.004
18500,0.992,0.000,0.008
18600,0.995,0.000,0.005
18700,0.995,0.000,0.005
18800,0.995,0.000,0.005
18900,0.996,0.000,0.004
19000,0.999,0.000,0.001
19100,0.999,0.000,0.001
19200,0.999,0.000,0.001
19300,1.000,0.000,0.000
