time,n_A+p,n_B,n_AB
500,0.050,0.309,0.641
1000,0.051,0.134,0.815
1500,0.294,0.001,0.705
2000,0.300,0.000,0.700
2500,0.354,0.000,0.646
3000,0.318,0.000,0.682
3500,0.378,0.000,0.622
4000,0.311,0.000,0.689
4500,0.315,0.000,0.685
5000,0.313,0.000,0.687
5500,0.348,0.000,0.652
6000,0.277,0.000,0.723
6500,0.315,0.000,0.685
7000,0.412,0.000,0.588
7500,0.386,0.000,0.614
8000,0.409,0.000,0.591
8500,0.421,0.000,0.579
9000,0.435,0.000,0.565
9500,0.374,0.000,0.626
10000,0.258,0.000,0.742
10500,0.305,0.000,0.695
11000,0.327,0.000,0.673
11500,0.416,0.000,0.584
12000,0.384,0.000,0.616
12500,0.270,0.000,0.730
13000,0.363,0.000,0.637
13500,0.275,0.000,0.725
14000,0.377,0.000,0.623
14500,0.400,0.000,0.600
15000,0.409,0.000,0.591
15500,0.373,0.000,0.627
16000,0.425,0.000,0.575
16500,0.383,0.000,0.617
17000,0.300,0.000,0.700
17500,0.320,0.000,0.680
18000,0.394,0.000,0.606
18500,0.375,0.000,0.625
19000,0.264,0.000,0.736
19500,0.271,0.000,0.729
20000,0.359,0.000,0.641
20500,0.451,0.000,0.549
21000,0.399,0.000,0.601
21500,0.358,0.000,0.642
22000,0.338,0.000,0.662
22500,0.331,0.000,0.669
23000,0.366,0.000,0.634
23500,0.375,0.000,0.625
24000,0.320,0.000,0.680
24500,0.333,0.000,0.667
25000,0.312,0.000,0.688
25500,0.320,0.000,0.680
26000,0.241,0.000,0.759
26500,0.313,0.000,0.687
27000,0.342,0.000,0.658
27500,0.322,0.000,0.678
28000,0.354,0.000,0.646
28500,0.333,0.000,0.667
29000,0.385,0.000,0.615
29500,0.281,0.000,0.719
30000,0.345,0.000,0.655
30500,0.358,0.000,0.642
31000,0.337,0.000,0.663
31500,0.412,0.000,0.588
32000,0.379,0.000,0.621
32500,0.343,0.000,0.657
33000,0.430,0.000,0.570
33500,0.309,0.000,0.691
34000,0.332,0.000,0.668
34500,0.368,0.000,0.632
35000,0.410,0.000,0.590
35500,0.525,0.000,0.475
36000,0.337,0.000,0.663
36500,0.287,0.000,0.713
37000,0.412,0.000,0.588
37500,0.346,0.000,0.654
38000,0.343,0.000,0.657
38500,0.296,0.000,0.704
39000,0.323,0.000,0.677
39500,0.226,0.000,0.774
40000,0.467,0.000,0.533
40500,0.398,0.000,0.602
41000,0.405,0.000,0.595
41500,0.388,0.000,0.612
42000,0.403,0.000,0.597
42500,0.280,0.000,0.720
43000,0.437,0.000,0.563
43500,0.396,0.000,0.604
44000,0.412,0.000,0.588
44500,0.388,0.000,0.612
45000,0.356,0.000,0.644
45500,0.281,0.000,0.719
46000,0.426,0.000,0.574
46500,0.366,0.000,0.634
47000,0.372,0.000,0.628
47500,0.336,0.000,0.664
48000,0.357,0.000,0.643
48500,0.355,0.000,0.645
49000,0.333,0.000,0.667
49500,0.330,0.000,0.670
50000,0.342,0.000,0.658
50500,0.334,0.000,0.666
51000,0.402,0.000,0.598
51500,0.364,0.000,0.636
52000,0.333,0.000,0.667
52500,0.373,0.000,0.627
53000,0.297,0.000,0.703
53500,0.475,0.000,0.525
54000,0.330,0.000,0.670
54500,0.305,0.000,0.695
55000,0.247,0.000,0.753
55500,0.318,0.000,0.682
56000,0.375,0.000,0.625
56500,0.322,0.000,0.678
57000,0.371,0.000,0.629
57500,0.250,0.000,0.750
58000,0.364,0.000,0.636
58500,0.357,0.000,0.643
59000,0.282,0.000,0.718
59500,0.405,0.000,0.595
60000,0.342,0.000,0.658
60500,0.330,0.000,0.670
61000,0.425,0.000,0.575
61500,0.359,0.000,0.641
62000,0.368,0.000,0.632
62500,0.420,0.000,0.580
63000,0.409,0.000,0.591
63500,0.425,0.000,0.575
64000,0.402,0.000,0.598
64500,0.290,0.000,0.710
65000,0.269,0.000,0.731
65500,0.406,0.000,0.594
66000,0.321,0.000,0.679
66500,0.476,0.000,0.524
67000,0.314,0.000,0.686
67500,0.462,0.000,0.538
68000,0.271,0.000,0.729
68500,0.273,0.000,0.727
69000,0.320,0.000,0.680
69500,0.345,0.000,0.655
70000,0.410,0.000,0.590
70500,0.351,0.000,0.649
71000,0.261,0.000,0.739
71500,0.365,0.000,0.635
72000,0.380,0.000,0.620
72500,0.326,0.000,0.674
73000,0.315,0.000,0.685
73500,0.313,0.000,0.687
74000,0.426,0.000,0.574
74500,0.383,0.000,0.617
75000,0.493,0.000,0.507
75500,0.437,0.000,0.563
76000,0.501,0.000,0.499
76500,0.420,0.000,0.580
77000,0.350,0.000,0.650
77500,0.245,0.000,0.755
78000,0.389,0.000,0.611
78500,0.339,0.000,0.661
79000,0.352,0.000,0.648
79500,0.290,0.007,0.703
80000,0.308,0.000,0.692
80500,0.331,0.000,0.669
81000,0.363,0.000,0.637
81500,0.432,0.000,0.568
82000,0.284,0.000,0.716
82500,0.293,0.000,0.707
83000,0.334,0.000,0.666
83500,0.367,0.000,0.633
84000,0.361,0.000,0.639
84500,0.325,0.000,0.675
85000,0.388,0.000,0.612
85500,0.463,0.000,0.537
86000,0.512,0.000,0.488
86500,0.324,0.000,0.676
87000,0.283,0.000,0.717
87500,0.364,0.000,0.636
88000,0.280,0.000,0.720
88500,0.379,0.000,0.621
89000,0.380,0.000,0.620
89500,0.381,0.000,0.619
90000,0.387,0.000,0.613
90500,0.335,0.000,0.665
91000,0.336,0.000,0.664
91500,0.434,0.000,0.566
92000,0.393,0.000,0.607
92500,0.325,0.000,0.675
93000,0.378,0.000,0.622
93500,0.261,0.000,0.739
94000,0.322,0.000,0.678
94500,0.398,0.000,0.602
95000,0.368,0.000,0.632
95500,0.371,0.000,0.629
96000,0.401,0.000,0.599
96500,0.472,0.000,0.528
97000,0.420,0.000,0.580
97500,0.372,0.000,0.628
98000,0.425,0.000,0.575
98500,0.380,0.000,0.620
99000,0.363,0.000,0.637
99500,0.324,0.000,0.676
100000,0.426,0.000,0.574
100500,0.384,0.000,0.616
101000,0.399,0.000,0.601
101500,0.267,0.000,0.733
102000,0.370,0.000,0.630
102500,0.338,0.000,0.662
103000,0.368,0.000,0.632
103500,0.355,0.000,0.645
104000,0.388,0.000,0.612
104500,0.403,0.000,0.597
105000,0.353,0.000,0.647
105500,0.295,0.000,0.705
106000,0.418,0.000,0.582
106500,0.252,0.000,0.748
107000,0.460,0.000,0.540
107500,0.379,0.000,0.621
108000,0.397,0.000,0.603
108500,0.352,0.000,0.648
109000,0.443,0.000,0.557
109500,0.287,0.000,0.713
110000,0.327,0.000,0.673
110500,0.310,0.000,0.690
111000,0.443,0.000,0.557
111500,0.444,0.000,0.556
112000,0.369,0.000,0.631
112500,0.238,0.000,0.762
113000,0.431,0.000,0.569
113500,0.353,0.000,0.647
114000,0.402,0.000,0.598
114500,0.388,0.000,0.612
115000,0.361,0.000,0.639
115500,0.461,0.000,0.539
116000,0.291,0.000,0.709
116500,0.332,0.000,0.668
117000,0.320,0.000,0.680
117500,0.437,0.000,0.563
118000,0.336,0.000,0.664
118500,0.477,0.000,0.523
119000,0.320,0.000,0.680
119500,0.398,0.000,0.602
120000,0.380,0.000,0.620
120500,0.284,0.000,0.716
121000,0.360,0.000,0.640
121500,0.374,0.000,0.626
122000,0.248,0.000,0.752
122500,0.441,0.000,0.559
123000,0.391,0.000,0.609
123500,0.388,0.000,0.612
124000,0.367,0.000,0.633
124500,0.316,0.000,0.684
125000,0.362,0.000,0.638
125500,0.366,0.000,0.634
126000,0.337,0.000,0.663
126500,0.339,0.000,0.661
127000,0.453,0.000,0.547
127500,0.331,0.000,0.669
128000,0.366,0.000,0.634
128500,0.374,0.000,0.626
129000,0.392,0.000,0.608
129500,0.473,0.000,0.527
130000,0.441,0.000,0.559
130500,0.406,0.000,0.594
131000,0.357,0.000,0.643
131500,0.365,0.000,0.635
132000,0.268,0.000,0.732
132500,0.398,0.000,0.602
133000,0.309,0.000,0.691
133500,0.286,0.000,0.714
134000,0.454,0.000,0.546
134500,0.331,0.000,0.669
135000,0.364,0.000,0.636
135500,0.415,0.000,0.585
136000,0.428,0.000,0.572
136500,0.356,0.000,0.644
137000,0.308,0.000,0.692
137500,0.430,0.000,0.570
138000,0.334,0.000,0.666
138500,0.443,0.000,0.557
139000,0.429,0.000,0.571
139500,0.378,0.000,0.622
140000,0.286,0.000,0.714
140500,0.328,0.000,0.672
141000,0.348,0.000,0.652
141500,0.349,0.000,0.651
142000,0.379,0.000,0.621
142500,0.323,0.000,0.677
143000,0.352,0.000,0.648
143500,0.404,0.000,0.596
144000,0.509,0.000,0.491
144500,0.378,0.000,0.622
145000,0.451,0.000,0.549
145500,0.455,0.000,0.545
146000,0.294,0.000,0.706
146500,0.243,0.000,0.757
147000,0.263,0.000,0.737
147500,0.323,0.000,0.677
148000,0.269,0.000,0.731
148500,0.331,0.000,0.669
149000,0.398,0.000,0.602
149500,0.505,0.000,0.495
150000,0.482,0.000,0.518
150500,0.362,0.000,0.638
151000,0.397,0.000,0.603
151500,0.326,0.000,0.674
152000,0.319,0.000,0.681
152500,0.437,0.000,0.563
153000,0.389,0.000,0.611
153500,0.270,0.000,0.730
154000,0.295,0.000,0.705
154500,0.296,0.000,0.704
155000,0.374,0.000,0.626
155500,0.300,0.000,0.700
156000,0.446,0.000,0.554
156500,0.393,0.000,0.607
157000,0.420,0.000,0.580
157500,0.371,0.000,0.629
158000,0.391,0.000,0.609
158500,0.379,0.000,0.621
159000,0.370,0.000,0.630
159500,0.289,0.000,0.711
160000,0.435,0.000,0.565
160500,0.279,0.000,0.721
161000,0.233,0.018,0.749
161500,0.342,0.000,0.658
162000,0.349,0.000,0.651
162500,0.325,0.000,0.675
163000,0.308,0.000,0.692
163500,0.447,0.000,0.553
164000,0.345,0.000,0.655
164500,0.427,0.000,0.573
165000,0.328,0.000,0.672
165500,0.340,0.000,0.660
166000,0.432,0.000,0.568
166500,0.349,0.000,0.651
167000,0.378,0.000,0.622
167500,0.283,0.000,0.717
168000,0.412,0.000,0.588
168500,0.355,0.000,0.645
169000,0.307,0.000,0.693
169500,0.328,0.000,0.672
170000,0.372,0.000,0.628
170500,0.349,0.000,0.651
171000,0.349,0.000,0.651
171500,0.303,0.000,0.697
172000,0.425,0.000,0.575
172500,0.465,0.000,0.535
173000,0.378,0.000,0.622
173500,0.317,0.000,0.683
174000,0.298,0.000,0.702
174500,0.318,0.000,0.682
175000,0.411,0.000,0.589
175500,0.335,0.000,0.665
176000,0.352,0.000,0.648
176500,0.449,0.000,0.551
177000,0.410,0.000,0.590
177500,0.280,0.000,0.720
178000,0.379,0.000,0.621
178500,0.492,0.000,0.508
179000,0.283,0.000,0.717
179500,0.332,0.000,0.668
180000,0.400,0.000,0.600
180500,0.340,0.000,0.660
181000,0.520,0.000,0.480
181500,0.464,0.000,0.536
182000,0.443,0.000,0.557
182500,0.441,0.000,0.559
183000,0.378,0.000,0.622
183500,0.436,0.000,0.564
184000,0.395,0.000,0.605
184500,0.348,0.000,0.652
185000,0.191,0.004,0.805
185500,0.310,0.000,0.690
186000,0.333,0.000,0.667
186500,0.362,0.000,0.638
187000,0.439,0.000,0.561
187500,0.374,0.000,0.626
188000,0.259,0.000,0.741
188500,0.333,0.000,0.667
189000,0.398,0.000,0.602
189500,0.487,0.000,0.513
190000,0.330,0.000,0.670
190500,0.353,0.000,0.647
191000,0.316,0.000,0.684
191500,0.329,0.000,0.671
192000,0.412,0.000,0.588
192500,0.342,0.000,0.658
193000,0.388,0.000,0.612
193500,0.364,0.000,0.636
194000,0.322,0.000,0.678
194500,0.385,0.000,0.615
195000,0.416,0.000,0.584
195500,0.382,0.000,0.618
196000,0.305,0.000,0.695
196500,0.295,0.000,0.705
197000,0.389,0.000,0.611
197500,0.280,0.000,0.720
198000,0.341,0.000,0.659
198500,0.370,0.000,0.630
199000,0.342,0.000,0.658
199500,0.341,0.000,0.659
200000,0.338,0.000,0.662
200500,0.467,0.000,0.533
201000,0.364,0.000,0.636
201500,0.302,0.000,0.698
202000,0.391,0.000,0.609
202500,0.394,0.000,0.606
203000,0.320,0.000,0.680
203500,0.434,0.000,0.566
204000,0.378,0.000,0.622
204500,0.360,0.000,0.640
205000,0.495,0.000,0.505
205500,0.311,0.000,0.689
206000,0.313,0.000,0.687
206500,0.311,0.000,0.689
207000,0.357,0.000,0.643
207500,0.526,0.000,0.474
208000,0.383,0.000,0.617
208500,0.399,0.000,0.601
209000,0.322,0.000,0.678
209500,0.296,0.000,0.704
210000,0.381,0.000,0.619
210500,0.266,0.012,0.722
211000,0.355,0.000,0.645
211500,0.365,0.000,0.635
212000,0.434,0.000,0.566
212500,0.335,0.000,0.665
213000,0.355,0.000,0.645
213500,0.275,0.000,0.725
214000,0.346,0.002,0.652
214500,0.365,0.000,0.635
215000,0.426,0.000,0.574
215500,0.391,0.000,0.609
216000,0.360,0.000,0.640
216500,0.330,0.000,0.670
217000,0.366,0.000,0.634
217500,0.414,0.000,0.586
218000,0.303,0.000,0.697
218500,0.334,0.000,0.666
219000,0.314,0.000,0.686
219500,0.366,0.000,0.634
220000,0.358,0.000,0.642
220500,0.342,0.000,0.658
221000,0.364,0.000,0.636
221500,0.411,0.000,0.589
222000,0.369,0.000,0.631
222500,0.321,0.000,0.679
223000,0.332,0.000,0.668
223500,0.335,0.000,0.665
224000,0.260,0.000,0.740
224500,0.345,0.000,0.655
225000,0.383,0.000,0.617
225500,0.352,0.000,0.648
226000,0.337,0.000,0.663
226500,0.437,0.000,0.563
227000,0.303,0.000,0.697
227500,0.428,0.000,0.572
228000,0.367,0.000,0.633
228500,0.287,0.000,0.713
229000,0.384,0.000,0.616
229500,0.311,0.000,0.689
230000,0.420,0.000,0.580
230500,0.305,0.000,0.695
231000,0.393,0.000,0.607
231500,0.415,0.000,0.585
232000,0.265,0.000,0.735
232500,0.381,0.000,0.619
233000,0.296,0.000,0.704
233500,0.297,0.000,0.703
234000,0.325,0.000,0.675
234500,0.271,0.000,0.729
235000,0.274,0.000,0.726
235500,0.327,0.000,0.673
236000,0.324,0.000,0.676
236500,0.324,0.000,0.676
237000,0.368,0.000,0.632
237500,0.302,0.000,0.698
238000,0.392,0.000,0.608
238500,0.378,0.000,0.622
239000,0.475,0.000,0.525
239500,0.446,0.000,0.554
240000,0.515,0.000,0.485
240500,0.333,0.000,0.667
241000,0.285,0.000,0.715
241500,0.283,0.000,0.717
242000,0.292,0.000,0.708
242500,0.263,0.000,0.737
243000,0.329,0.000,0.671
243500,0.263,0.008,0.729
244000,0.343,0.000,0.657
244500,0.192,0.002,0.806
245000,0.376,0.000,0.624
245500,0.304,0.000,0.696
246000,0.361,0.000,0.639
246500,0.406,0.000,0.594
247000,0.316,0.000,0.684
247500,0.322,0.000,0.678
248000,0.297,0.001,0.702
248500,0.389,0.000,0.611
249000,0.267,0.000,0.733
249500,0.283,0.000,0.717
250000,0.410,0.000,0.590
250500,0.345,0.000,0.655
251000,0.295,0.000,0.705
251500,0.250,0.000,0.750
252000,0.280,0.000,0.720
252500,0.389,0.000,0.611
253000,0.352,0.000,0.648
253500,0.315,0.000,0.685
254000,0.315,0.000,0.685
254500,0.332,0.000,0.668
255000,0.271,0.000,0.729
255500,0.373,0.000,0.627
256000,0.272,0.000,0.728
256500,0.427,0.000,0.573
257000,0.393,0.000,0.607
257500,0.346,0.000,0.654
258000,0.317,0.000,0.683
258500,0.380,0.000,0.620
259000,0.384,0.000,0.616
259500,0.521,0.000,0.479
260000,0.418,0.000,0.582
260500,0.385,0.000,0.615
261000,0.394,0.000,0.606
261500,0.417,0.000,0.583
262000,0.421,0.000,0.579
262500,0.422,0.000,0.578
263000,0.325,0.000,0.675
263500,0.293,0.000,0.707
264000,0.299,0.000,0.701
264500,0.234,0.000,0.766
265000,0.434,0.000,0.566
265500,0.276,0.000,0.724
266000,0.319,0.000,0.681
266500,0.346,0.000,0.654
267000,0.376,0.000,0.624
267500,0.262,0.000,0.738
268000,0.381,0.002,0.617
268500,0.403,0.000,0.597
269000,0.312,0.000,0.688
269500,0.347,0.000,0.653
270000,0.336,0.000,0.664
270500,0.402,0.000,0.598
271000,0.402,0.000,0.598
271500,0.386,0.000,0.614
272000,0.451,0.000,0.549
272500,0.442,0.000,0.558
273000,0.307,0.000,0.693
273500,0.334,0.000,0.666
274000,0.273,0.000,0.727
274500,0.335,0.000,0.665
275000,0.320,0.000,0.680
275500,0.465,0.000,0.535
276000,0.429,0.000,0.571
276500,0.244,0.000,0.756
277000,0.230,0.000,0.770
277500,0.412,0.000,0.588
278000,0.415,0.000,0.585
278500,0.400,0.000,0.600
279000,0.442,0.000,0.558
279500,0.311,0.000,0.689
280000,0.428,0.000,0.572
280500,0.362,0.000,0.638
281000,0.293,0.000,0.707
281500,0.237,0.000,0.763
282000,0.329,0.000,0.671
282500,0.392,0.000,0.608
283000,0.433,0.000,0.567
283500,0.348,0.000,0.652
284000,0.403,0.000,0.597
284500,0.388,0.000,0.612
285000,0.481,0.000,0.519
285500,0.356,0.000,0.644
286000,0.348,0.000,0.652
286500,0.276,0.000,0.724
287000,0.343,0.000,0.657
287500,0.277,0.000,0.723
288000,0.375,0.000,0.625
288500,0.358,0.000,0.642
289000,0.264,0.000,0.736
289500,0.328,0.000,0.672
290000,0.340,0.000,0.660
290500,0.326,0.000,0.674
291000,0.310,0.000,0.690
291500,0.381,0.000,0.619
292000,0.354,0.000,0.646
292500,0.399,0.000,0.601
293000,0.343,0.000,0.657
293500,0.391,0.000,0.609
294000,0.271,0.000,0.729
294500,0.396,0.000,0.604
295000,0.412,0.000,0.588
295500,0.304,0.000,0.696
296000,0.308,0.000,0.692
296500,0.376,0.000,0.624
297000,0.369,0.000,0.631
297500,0.359,0.000,0.641
298000,0.412,0.000,0.588
298500,0.211,0.000,0.789
299000,0.297,0.000,0.703
299500,0.233,0.000,0.767
300000,0.264,0.000,0.736
300500,0.404,0.000,0.596
301000,0.439,0.000,0.561
301500,0.410,0.000,0.590
302000,0.328,0.000,0.672
302500,0.440,0.000,0.560
303000,0.277,0.000,0.723
303500,0.392,0.000,0.608
304000,0.430,0.000,0.570
304500,0.314,0.000,0.686
305000,0.414,0.000,0.586
305500,0.324,0.000,0.676
306000,0.282,0.000,0.718
306500,0.375,0.000,0.625
307000,0.248,0.000,0.752
307500,0.241,0.000,0.759
308000,0.332,0.000,0.668
308500,0.408,0.000,0.592
309000,0.295,0.000,0.705
309500,0.291,0.000,0.709
310000,0.377,0.000,0.623
310500,0.308,0.000,0.692
311000,0.389,0.000,0.611
311500,0.329,0.000,0.671
312000,0.387,0.000,0.613
312500,0.394,0.000,0.606
313000,0.272,0.000,0.728
313500,0.381,0.000,0.619
314000,0.378,0.000,0.622
314500,0.378,0.000,0.622
315000,0.396,0.000,0.604
315500,0.308,0.000,0.692
316000,0.375,0.000,0.625
316500,0.406,0.000,0.594
317000,0.387,0.000,0.613
317500,0.321,0.000,0.679
318000,0.346,0.000,0.654
318500,0.338,0.000,0.662
319000,0.360,0.000,0.640
319500,0.332,0.000,0.668
320000,0.378,0.000,0.622
320500,0.407,0.000,0.593
321000,0.312,0.000,0.688
321500,0.374,0.000,0.626
322000,0.276,0.000,0.724
322500,0.376,0.000,0.624
323000,0.300,0.000,0.700
323500,0.308,0.000,0.692
324000,0.375,0.000,0.625
324500,0.283,0.000,0.717
325000,0.341,0.000,0.659
325500,0.414,0.000,0.586
326000,0.368,0.000,0.632
326500,0.389,0.000,0.611
327000,0.369,0.000,0.631
327500,0.305,0.000,0.695
328000,0.335,0.000,0.665
328500,0.309,0.000,0.691
329000,0.283,0.000,0.717
329500,0.297,0.000,0.703
330000,0.431,0.000,0.569
330500,0.343,0.000,0.657
331000,0.280,0.000,0.720
331500,0.331,0.000,0.669
332000,0.307,0.000,0.693
332500,0.285,0.000,0.715
333000,0.349,0.000,0.651
333500,0.381,0.000,0.619
334000,0.348,0.000,0.652
334500,0.323,0.000,0.677
335000,0.398,0.000,0.602
335500,0.300,0.000,0.700
336000,0.373,0.000,0.627
336500,0.388,0.000,0.612
337000,0.409,0.000,0.591
337500,0.349,0.000,0.651
338000,0.356,0.000,0.644
338500,0.365,0.000,0.635
339000,0.281,0.000,0.719
339500,0.372,0.000,0.628
340000,0.360,0.000,0.640
340500,0.299,0.000,0.701
341000,0.331,0.000,0.669
341500,0.384,0.000,0.616
342000,0.296,0.000,0.704
342500,0.360,0.000,0.640
343000,0.329,0.000,0.671
343500,0.325,0.000,0.675
344000,0.410,0.000,0.590
344500,0.373,0.000,0.627
345000,0.332,0.000,0.668
345500,0.411,0.000,0.589
346000,0.268,0.000,0.732
346500,0.295,0.000,0.705
347000,0.336,0.000,0.664
347500,0.381,0.000,0.619
348000,0.259,0.000,0.741
348500,0.382,0.000,0.618
349000,0.465,0.000,0.535
349500,0.387,0.000,0.613
350000,0.389,0.000,0.611
350500,0.393,0.000,0.607
351000,0.379,0.000,0.621
351500,0.351,0.000,0.649
352000,0.357,0.000,0.643
352500,0.308,0.000,0.692
353000,0.331,0.000,0.669
353500,0.345,0.000,0.655
354000,0.336,0.003,0.661
354500,0.282,0.010,0.708
355000,0.369,0.000,0.631
355500,0.252,0.000,0.748
356000,0.466,0.000,0.534
356500,0.305,0.000,0.695
357000,0.322,0.000,0.678
357500,0.341,0.000,0.659
358000,0.327,0.000,0.673
358500,0.360,0.000,0.640
359000,0.400,0.000,0.600
359500,0.299,0.000,0.701
360000,0.267,0.000,0.733
360500,0.287,0.000,0.713
361000,0.462,0.000,0.538
361500,0.265,0.000,0.735
362000,0.306,0.000,0.694
362500,0.341,0.000,0.659
363000,0.264,0.000,0.736
363500,0.340,0.000,0.660
364000,0.281,0.000,0.719
364500,0.247,0.000,0.753
365000,0.273,0.000,0.727
365500,0.305,0.000,0.695
366000,0.465,0.000,0.535
366500,0.448,0.000,0.552
367000,0.379,0.000,0.621
367500,0.310,0.000,0.690
368000,0.379,0.000,0.621
368500,0.249,0.000,0.751
369000,0.202,0.000,0.798
369500,0.294,0.000,0.706
370000,0.391,0.000,0.609
370500,0.472,0.000,0.528
371000,0.316,0.000,0.684
371500,0.303,0.000,0.697
372000,0.311,0.000,0.689
372500,0.363,0.000,0.637
373000,0.416,0.000,0.584
373500,0.353,0.000,0.647
374000,0.376,0.000,0.624
374500,0.397,0.000,0.603
375000,0.396,0.000,0.604
375500,0.320,0.000,0.680
376000,0.408,0.000,0.592
376500,0.341,0.000,0.659
377000,0.298,0.000,0.702
377500,0.365,0.000,0.635
378000,0.288,0.000,0.712
378500,0.255,0.000,0.745
379000,0.404,0.000,0.596
379500,0.309,0.000,0.691
380000,0.455,0.000,0.545
380500,0.585,0.000,0.415
381000,0.320,0.000,0.680
381500,0.445,0.000,0.555
382000,0.365,0.000,0.635
382500,0.314,0.000,0.686
383000,0.362,0.000,0.638
383500,0.266,0.000,0.734
384000,0.325,0.000,0.675
384500,0.426,0.000,0.574
385000,0.307,0.000,0.693
385500,0.354,0.000,0.646
386000,0.470,0.000,0.530
386500,0.357,0.000,0.643
387000,0.346,0.000,0.654
387500,0.430,0.000,0.570
388000,0.365,0.000,0.635
388500,0.382,0.000,0.618
389000,0.413,0.000,0.587
389500,0.387,0.000,0.613
390000,0.354,0.000,0.646
390500,0.404,0.000,0.596
391000,0.391,0.000,0.609
391500,0.372,0.000,0.628
392000,0.298,0.000,0.702
392500,0.374,0.000,0.626
393000,0.303,0.000,0.697
393500,0.400,0.000,0.600
394000,0.341,0.000,0.659
394500,0.344,0.000,0.656
395000,0.337,0.000,0.663
395500,0.307,0.000,0.693
396000,0.388,0.000,0.612
396500,0.275,0.000,0.725
397000,0.379,0.000,0.621
397500,0.390,0.000,0.610
398000,0.457,0.000,0.543
398500,0.319,0.000,0.681
399000,0.366,0.000,0.634
399500,0.371,0.000,0.629
400000,0.374,0.000,0.626
400500,0.379,0.000,0.621
401000,0.408,0.000,0.592
401500,0.289,0.000,0.711
402000,0.412,0.000,0.588
402500,0.368,0.000,0.632
403000,0.334,0.000,0.666
403500,0.305,0.000,0.695
404000,0.323,0.000,0.677
404500,0.347,0.000,0.653
405000,0.325,0.000,0.675
405500,0.337,0.000,0.663
406000,0.334,0.000,0.666
406500,0.412,0.000,0.588
407000,0.384,0.000,0.616
407500,0.442,0.000,0.558
408000,0.296,0.000,0.704
408500,0.329,0.000,0.671
409000,0.282,0.000,0.718
409500,0.347,0.000,0.653
410000,0.382,0.000,0.618
410500,0.344,0.000,0.656
411000,0.269,0.000,0.731
411500,0.400,0.000,0.600
412000,0.332,0.000,0.668
412500,0.242,0.000,0.758
413000,0.352,0.000,0.648
413500,0.321,0.000,0.679
414000,0.205,0.009,0.786
414500,0.298,0.000,0.702
415000,0.361,0.000,0.639
415500,0.347,0.000,0.653
416000,0.447,0.000,0.553
416500,0.313,0.000,0.687
417000,0.273,0.000,0.727
417500,0.342,0.000,0.658
418000,0.437,0.000,0.563
418500,0.317,0.000,0.683
419000,0.317,0.000,0.683
419500,0.321,0.000,0.679
420000,0.452,0.000,0.548
420500,0.330,0.000,0.670
421000,0.442,0.000,0.558
421500,0.370,0.000,0.630
422000,0.391,0.000,0.609
422500,0.407,0.000,0.593
423000,0.410,0.000,0.590
423500,0.278,0.000,0.722
424000,0.279,0.000,0.721
424500,0.429,0.000,0.571
425000,0.292,0.000,0.708
425500,0.249,0.000,0.751
426000,0.476,0.000,0.524
426500,0.397,0.000,0.603
427000,0.307,0.000,0.693
427500,0.283,0.000,0.717
428000,0.338,0.000,0.662
428500,0.252,0.000,0.748
429000,0.251,0.016,0.733
429500,0.306,0.001,0.693
430000,0.399,0.000,0.601
430500,0.451,0.000,0.549
431000,0.417,0.000,0.583
431500,0.390,0.000,0.610
432000,0.396,0.000,0.604
432500,0.389,0.000,0.611
433000,0.327,0.000,0.673
433500,0.346,0.000,0.654
434000,0.293,0.000,0.707
434500,0.386,0.000,0.614
435000,0.404,0.000,0.596
435500,0.428,0.000,0.572
436000,0.460,0.000,0.540
436500,0.385,0.000,0.615
437000,0.283,0.000,0.717
437500,0.397,0.000,0.603
438000,0.411,0.000,0.589
438500,0.342,0.000,0.658
439000,0.399,0.000,0.601
439500,0.372,0.000,0.628
440000,0.401,0.000,0.599
440500,0.312,0.000,0.688
441000,0.375,0.000,0.625
441500,0.301,0.000,0.699
442000,0.451,0.000,0.549
442500,0.324,0.000,0.676
443000,0.243,0.000,0.757
443500,0.290,0.000,0.710
444000,0.349,0.000,0.651
444500,0.381,0.000,0.619
445000,0.377,0.000,0.623
445500,0.341,0.000,0.659
446000,0.458,0.000,0.542
446500,0.282,0.000,0.718
447000,0.400,0.000,0.600
447500,0.351,0.000,0.649
448000,0.376,0.000,0.624
448500,0.463,0.000,0.537
449000,0.420,0.000,0.580
449500,0.388,0.000,0.612
450000,0.403,0.000,0.597
450500,0.335,0.000,0.665
451000,0.417,0.000,0.583
451500,0.325,0.000,0.675
452000,0.460,0.000,0.540
452500,0.393,0.000,0.607
453000,0.384,0.000,0.616
453500,0.472,0.000,0.528
454000,0.274,0.000,0.726
454500,0.350,0.000,0.650
455000,0.280,0.000,0.720
455500,0.354,0.000,0.646
456000,0.376,0.000,0.624
456500,0.330,0.000,0.670
457000,0.284,0.000,0.716
457500,0.321,0.000,0.679
458000,0.410,0.000,0.590
458500,0.385,0.000,0.615
459000,0.361,0.000,0.639
459500,0.333,0.000,0.667
460000,0.314,0.000,0.686
460500,0.267,0.000,0.733
461000,0.365,0.000,0.635
461500,0.372,0.000,0.628
462000,0.383,0.000,0.617
462500,0.292,0.000,0.708
463000,0.306,0.000,0.694
463500,0.366,0.000,0.634
464000,0.439,0.000,0.561
464500,0.413,0.000,0.587
465000,0.315,0.002,0.683
465500,0.314,0.000,0.686
466000,0.339,0.000,0.661
466500,0.364,0.000,0.636
467000,0.534,0.000,0.466
467500,0.416,0.000,0.584
468000,0.426,0.000,0.574
468500,0.402,0.000,0.598
469000,0.306,0.000,0.694
469500,0.258,0.000,0.742
470000,0.313,0.000,0.687
470500,0.389,0.000,0.611
471000,0.346,0.000,0.654
471500,0.363,0.000,0.637
472000,0.340,0.000,0.660
472500,0.289,0.000,0.711
473000,0.271,0.000,0.729
473500,0.426,0.000,0.574
474000,0.316,0.000,0.684
474500,0.246,0.000,0.754
475000,0.329,0.000,0.671
475500,0.374,0.000,0.626
476000,0.267,0.000,0.733
476500,0.378,0.000,0.622
477000,0.358,0.000,0.642
477500,0.420,0.000,0.580
478000,0.465,0.000,0.535
478500,0.380,0.000,0.620
479000,0.368,0.000,0.632
479500,0.295,0.000,0.705
480000,0.392,0.000,0.608
480500,0.396,0.000,0.604
481000,0.357,0.000,0.643
481500,0.445,0.000,0.555
482000,0.309,0.000,0.691
482500,0.404,0.000,0.596
483000,0.511,0.000,0.489
483500,0.451,0.000,0.549
484000,0.469,0.000,0.531
484500,0.361,0.000,0.639
485000,0.390,0.001,0.609
485500,0.368,0.000,0.632
486000,0.284,0.000,0.716
486500,0.357,0.000,0.643
487000,0.361,0.000,0.639
487500,0.372,0.000,0.628
488000,0.359,0.000,0.641
488500,0.412,0.000,0.588
489000,0.354,0.000,0.646
489500,0.429,0.000,0.571
490000,0.357,0.000,0.643
490500,0.270,0.000,0.730
491000,0.433,0.000,0.567
491500,0.299,0.000,0.701
492000,0.434,0.000,0.566
492500,0.315,0.000,0.685
493000,0.371,0.000,0.629
493500,0.274,0.000,0.726
494000,0.300,0.000,0.700
494500,0.437,0.000,0.563
495000,0.493,0.000,0.507
495500,0.318,0.000,0.682
496000,0.321,0.000,0.679
496500,0.384,0.000,0.616
497000,0.384,0.000,0.616
497500,0.385,0.000,0.615
498000,0.329,0.000,0.671
498500,0.329,0.000,0.671
499000,0.349,0.000,0.651
499500,0.436,0.000,0.564
500000,0.476,0.000,0.524
500500,0.434,0.000,0.566
501000,0.410,0.000,0.590
501500,0.409,0.000,0.591
502000,0.355,0.000,0.645
502500,0.393,0.000,0.607
503000,0.286,0.000,0.714
503500,0.269,0.000,0.731
504000,0.318,0.000,0.682
504500,0.407,0.000,0.593
505000,0.324,0.000,0.676
505500,0.531,0.000,0.469
506000,0.327,0.000,0.673
506500,0.340,0.000,0.660
507000,0.349,0.000,0.651
507500,0.327,0.000,0.673
508000,0.394,0.000,0.606
508500,0.280,0.000,0.720
509000,0.293,0.000,0.707
509500,0.342,0.000,0.658
510000,0.353,0.000,0.647
510500,0.246,0.000,0.754
511000,0.379,0.000,0.621
511500,0.354,0.000,0.646
512000,0.306,0.000,0.694
512500,0.264,0.000,0.736
513000,0.360,0.000,0.640
513500,0.334,0.000,0.666
514000,0.286,0.000,0.714
514500,0.385,0.000,0.615
515000,0.212,0.007,0.781
515500,0.215,0.000,0.785
516000,0.256,0.000,0.744
516500,0.325,0.000,0.675
517000,0.332,0.000,0.668
517500,0.335,0.000,0.665
518000,0.407,0.000,0.593
518500,0.336,0.000,0.664
519000,0.535,0.000,0.465
519500,0.350,0.000,0.650
520000,0.367,0.000,0.633
520500,0.273,0.000,0.727
521000,0.365,0.000,0.635
521500,0.365,0.000,0.635
522000,0.321,0.000,0.679
522500,0.314,0.000,0.686
523000,0.396,0.000,0.604
523500,0.304,0.000,0.696
524000,0.392,0.000,0.608
524500,0.356,0.000,0.644
525000,0.282,0.000,0.718
525500,0.296,0.000,0.704
526000,0.349,0.000,0.651
526500,0.315,0.002,0.683
527000,0.340,0.000,0.660
527500,0.394,0.000,0.606
528000,0.322,0.000,0.678
528500,0.437,0.000,0.563
529000,0.421,0.000,0.579
529500,0.286,0.000,0.714
530000,0.353,0.000,0.647
530500,0.377,0.000,0.623
531000,0.297,0.000,0.703
531500,0.347,0.000,0.653
532000,0.272,0.000,0.728
532500,0.365,0.000,0.635
533000,0.247,0.000,0.753
533500,0.389,0.000,0.611
534000,0.339,0.000,0.661
534500,0.352,0.000,0.648
535000,0.321,0.000,0.679
535500,0.350,0.000,0.650
536000,0.334,0.000,0.666
536500,0.308,0.000,0.692
537000,0.301,0.000,0.699
537500,0.371,0.000,0.629
538000,0.343,0.000,0.657
538500,0.240,0.000,0.760
539000,0.308,0.000,0.692
539500,0.328,0.000,0.672
540000,0.382,0.000,0.618
540500,0.426,0.000,0.574
541000,0.464,0.000,0.536
541500,0.434,0.000,0.566
542000,0.376,0.000,0.624
542500,0.385,0.000,0.615
543000,0.446,0.000,0.554
543500,0.452,0.000,0.548
544000,0.332,0.000,0.668
544500,0.281,0.000,0.719
545000,0.344,0.000,0.656
545500,0.421,0.000,0.579
546000,0.367,0.000,0.633
546500,0.340,0.000,0.660
547000,0.291,0.000,0.709
547500,0.392,0.000,0.608
548000,0.306,0.000,0.694
548500,0.323,0.000,0.677
549000,0.302,0.000,0.698
549500,0.398,0.000,0.602
550000,0.426,0.000,0.574
550500,0.375,0.000,0.625
551000,0.362,0.000,0.638
551500,0.327,0.000,0.673
552000,0.472,0.000,0.528
552500,0.473,0.000,0.527
553000,0.396,0.000,0.604
553500,0.348,0.000,0.652
554000,0.366,0.000,0.634
554500,0.389,0.000,0.611
555000,0.372,0.000,0.628
555500,0.358,0.000,0.642
556000,0.383,0.000,0.617
556500,0.332,0.000,0.668
557000,0.454,0.000,0.546
557500,0.464,0.000,0.536
558000,0.333,0.000,0.667
558500,0.333,0.000,0.667
559000,0.245,0.000,0.755
559500,0.289,0.000,0.711
560000,0.401,0.000,0.599
560500,0.347,0.000,0.653
561000,0.386,0.000,0.614
561500,0.371,0.000,0.629
562000,0.451,0.000,0.549
562500,0.434,0.000,0.566
563000,0.497,0.000,0.503
563500,0.362,0.000,0.638
564000,0.400,0.000,0.600
564500,0.392,0.000,0.608
565000,0.453,0.000,0.547
565500,0.362,0.000,0.638
566000,0.365,0.000,0.635
566500,0.461,0.000,0.539
567000,0.387,0.000,0.613
567500,0.384,0.000,0.616
568000,0.423,0.000,0.577
568500,0.367,0.000,0.633
569000,0.241,0.000,0.759
569500,0.435,0.000,0.565
570000,0.319,0.000,0.681
570500,0.470,0.000,0.530
571000,0.474,0.000,0.526
571500,0.307,0.000,0.693
572000,0.285,0.000,0.715
572500,0.292,0.000,0.708
573000,0.372,0.000,0.628
573500,0.307,0.000,0.693
574000,0.302,0.000,0.698
574500,0.202,0.000,0.798
575000,0.288,0.000,0.712
575500,0.324,0.000,0.676
576000,0.359,0.000,0.641
576500,0.364,0.000,0.636
577000,0.371,0.000,0.629
577500,0.337,0.000,0.663
578000,0.424,0.000,0.576
578500,0.374,0.000,0.626
579000,0.428,0.000,0.572
579500,0.425,0.000,0.575
580000,0.291,0.000,0.709
580500,0.337,0.000,0.663
581000,0.379,0.000,0.621
581500,0.361,0.000,0.639
582000,0.354,0.000,0.646
582500,0.325,0.000,0.675
583000,0.341,0.000,0.659
583500,0.296,0.000,0.704
584000,0.301,0.000,0.699
584500,0.318,0.000,0.682
585000,0.444,0.000,0.556
585500,0.311,0.000,0.689
586000,0.352,0.000,0.648
586500,0.323,0.000,0.677
587000,0.360,0.000,0.640
587500,0.401,0.000,0.599
588000,0.442,0.000,0.558
588500,0.459,0.000,0.541
589000,0.239,0.005,0.756
589500,0.325,0.004,0.671
590000,0.315,0.000,0.685
590500,0.271,0.000,0.729
591000,0.387,0.000,0.613
591500,0.360,0.000,0.640
592000,0.301,0.000,0.699
592500,0.283,0.000,0.717
593000,0.328,0.000,0.672
593500,0.391,0.000,0.609
594000,0.387,0.000,0.613
594500,0.293,0.000,0.707
595000,0.426,0.000,0.574
595500,0.363,0.000,0.637
596000,0.420,0.000,0.580
596500,0.440,0.000,0.560
597000,0.403,0.000,0.597
597500,0.369,0.000,0.631
598000,0.414,0.000,0.586
598500,0.326,0.000,0.674
599000,0.308,0.000,0.692
599500,0.315,0.000,0.685
600000,0.395,0.000,0.605
600500,0.319,0.000,0.681
601000,0.235,0.000,0.765
601500,0.361,0.000,0.639
602000,0.297,0.000,0.703
602500,0.429,0.000,0.571
603000,0.401,0.000,0.599
603500,0.351,0.000,0.649
604000,0.432,0.000,0.568
604500,0.326,0.000,0.674
605000,0.319,0.000,0.681
605500,0.388,0.000,0.612
606000,0.218,0.000,0.782
606500,0.260,0.000,0.740
607000,0.286,0.000,0.714
607500,0.287,0.000,0.713
608000,0.341,0.000,0.659
608500,0.286,0.000,0.714
609000,0.332,0.000,0.668
609500,0.344,0.000,0.656
610000,0.352,0.000,0.648
610500,0.360,0.000,0.640
611000,0.391,0.000,0.609
611500,0.357,0.000,0.643
612000,0.407,0.000,0.593
612500,0.392,0.000,0.608
613000,0.328,0.000,0.672
613500,0.442,0.000,0.558
614000,0.380,0.000,0.620
614500,0.281,0.000,0.719
615000,0.361,0.000,0.639
615500,0.454,0.000,0.546
616000,0.330,0.000,0.670
616500,0.357,0.000,0.643
617000,0.332,0.000,0.668
617500,0.348,0.000,0.652
618000,0.493,0.000,0.507
618500,0.465,0.000,0.535
619000,0.429,0.000,0.571
619500,0.324,0.000,0.676
620000,0.432,0.000,0.568
620500,0.445,0.000,0.555
621000,0.407,0.000,0.593
621500,0.385,0.000,0.615
622000,0.293,0.000,0.707
622500,0.415,0.000,0.585
623000,0.373,0.000,0.627
623500,0.208,0.000,0.792
624000,0.325,0.000,0.675
624500,0.415,0.000,0.585
625000,0.334,0.000,0.666
625500,0.367,0.000,0.633
626000,0.403,0.000,0.597
626500,0.412,0.000,0.588
627000,0.481,0.000,0.519
627500,0.322,0.000,0.678
628000,0.350,0.000,0.650
628500,0.354,0.000,0.646
629000,0.380,0.000,0.620
629500,0.464,0.000,0.536
630000,0.352,0.000,0.648
630500,0.358,0.000,0.642
631000,0.289,0.000,0.711
631500,0.392,0.000,0.608
632000,0.328,0.000,0.672
632500,0.385,0.000,0.615
633000,0.332,0.000,0.668
633500,0.401,0.000,0.599
634000,0.336,0.000,0.664
634500,0.319,0.000,0.681
635000,0.420,0.000,0.580
635500,0.306,0.000,0.694
636000,0.436,0.000,0.564
636500,0.332,0.000,0.668
637000,0.352,0.000,0.648
637500,0.360,0.000,0.640
638000,0.348,0.000,0.652
638500,0.428,0.000,0.572
639000,0.418,0.000,0.582
639500,0.365,0.000,0.635
640000,0.374,0.000,0.626
640500,0.354,0.000,0.646
641000,0.392,0.000,0.608
641500,0.420,0.000,0.580
642000,0.288,0.000,0.712
642500,0.396,0.000,0.604
643000,0.354,0.000,0.646
643500,0.468,0.000,0.532
644000,0.306,0.000,0.694
644500,0.397,0.000,0.603
645000,0.402,0.000,0.598
645500,0.328,0.000,0.672
646000,0.371,0.000,0.629
646500,0.382,0.000,0.618
647000,0.256,0.000,0.744
647500,0.314,0.000,0.686
648000,0.415,0.000,0.585
648500,0.331,0.000,0.669
649000,0.454,0.000,0.546
649500,0.385,0.000,0.615
650000,0.324,0.000,0.676
650500,0.261,0.000,0.739
651000,0.342,0.000,0.658
651500,0.382,0.000,0.618
652000,0.381,0.000,0.619
652500,0.300,0.000,0.700
653000,0.380,0.000,0.620
653500,0.367,0.000,0.633
654000,0.362,0.000,0.638
654500,0.311,0.000,0.689
655000,0.317,0.000,0.683
655500,0.284,0.000,0.716
656000,0.366,0.000,0.634
656500,0.431,0.000,0.569
657000,0.365,0.000,0.635
657500,0.466,0.000,0.534
658000,0.314,0.000,0.686
658500,0.449,0.000,0.551
659000,0.330,0.000,0.670
659500,0.344,0.000,0.656
660000,0.472,0.000,0.528
660500,0.363,0.000,0.637
661000,0.304,0.000,0.696
661500,0.381,0.000,0.619
662000,0.272,0.000,0.728
662500,0.389,0.000,0.611
663000,0.406,0.000,0.594
663500,0.314,0.000,0.686
664000,0.306,0.000,0.694
664500,0.364,0.000,0.636
665000,0.309,0.000,0.691
665500,0.336,0.000,0.664
666000,0.327,0.000,0.673
666500,0.333,0.000,0.667
667000,0.293,0.000,0.707
667500,0.292,0.000,0.708
668000,0.345,0.000,0.655
668500,0.220,0.015,0.765
669000,0.306,0.000,0.694
669500,0.311,0.000,0.689
670000,0.331,0.000,0.669
670500,0.248,0.000,0.752
671000,0.350,0.000,0.650
671500,0.379,0.000,0.621
672000,0.289,0.000,0.711
672500,0.391,0.000,0.609
673000,0.357,0.000,0.643
673500,0.352,0.000,0.648
674000,0.297,0.000,0.703
674500,0.408,0.000,0.592
675000,0.380,0.000,0.620
675500,0.514,0.000,0.486
676000,0.332,0.000,0.668
676500,0.360,0.000,0.640
677000,0.398,0.000,0.602
677500,0.453,0.000,0.547
678000,0.249,0.000,0.751
678500,0.336,0.000,0.664
679000,0.387,0.000,0.613
679500,0.347,0.000,0.653
680000,0.257,0.000,0.743
680500,0.274,0.000,0.726
681000,0.332,0.005,0.663
681500,0.362,0.000,0.638
682000,0.311,0.000,0.689
682500,0.279,0.000,0.721
683000,0.348,0.000,0.652
683500,0.286,0.003,0.711
684000,0.482,0.000,0.518
684500,0.411,0.000,0.589
685000,0.445,0.000,0.555
685500,0.263,0.000,0.737
686000,0.265,0.000,0.735
686500,0.392,0.000,0.608
687000,0.375,0.000,0.625
687500,0.553,0.000,0.447
688000,0.367,0.000,0.633
688500,0.349,0.000,0.651
689000,0.327,0.000,0.673
689500,0.275,0.000,0.725
690000,0.414,0.000,0.586
690500,0.375,0.000,0.625
691000,0.324,0.000,0.676
691500,0.313,0.000,0.687
692000,0.345,0.000,0.655
692500,0.357,0.000,0.643
693000,0.391,0.000,0.609
693500,0.370,0.000,0.630
694000,0.405,0.000,0.595
694500,0.330,0.000,0.670
695000,0.456,0.000,0.544
695500,0.361,0.000,0.639
696000,0.241,0.000,0.759
696500,0.349,0.000,0.651
697000,0.355,0.000,0.645
697500,0.346,0.000,0.654
698000,0.311,0.000,0.689
698500,0.284,0.000,0.716
699000,0.284,0.000,0.716
699500,0.469,0.000,0.531
700000,0.287,0.000,0.713
700500,0.330,0.000,0.670
701000,0.354,0.000,0.646
701500,0.331,0.000,0.669
702000,0.449,0.000,0.551
702500,0.338,0.000,0.662
703000,0.350,0.000,0.650
703500,0.434,0.000,0.566
704000,0.438,0.000,0.562
704500,0.429,0.000,0.571
705000,0.333,0.000,0.667
705500,0.292,0.000,0.708
706000,0.337,0.000,0.663
706500,0.277,0.000,0.723
707000,0.308,0.000,0.692
707500,0.321,0.000,0.679
708000,0.355,0.000,0.645
708500,0.497,0.000,0.503
709000,0.278,0.000,0.722
709500,0.322,0.000,0.678
710000,0.456,0.000,0.544
710500,0.336,0.000,0.664
711000,0.338,0.000,0.662
711500,0.332,0.000,0.668
712000,0.389,0.000,0.611
712500,0.446,0.000,0.554
713000,0.413,0.000,0.587
713500,0.391,0.000,0.609
714000,0.318,0.000,0.682
714500,0.284,0.000,0.716
715000,0.390,0.000,0.610
715500,0.368,0.000,0.632
716000,0.292,0.000,0.708
716500,0.364,0.000,0.636
717000,0.406,0.000,0.594
717500,0.316,0.000,0.684
718000,0.385,0.000,0.615
718500,0.333,0.000,0.667
719000,0.312,0.000,0.688
719500,0.322,0.000,0.678
720000,0.269,0.000,0.731
720500,0.281,0.000,0.719
721000,0.353,0.000,0.647
721500,0.408,0.000,0.592
722000,0.436,0.000,0.564
722500,0.423,0.000,0.577
723000,0.278,0.000,0.722
723500,0.359,0.000,0.641
724000,0.283,0.000,0.717
724500,0.354,0.000,0.646
725000,0.444,0.000,0.556
725500,0.285,0.000,0.715
726000,0.457,0.000,0.543
726500,0.279,0.000,0.721
727000,0.331,0.000,0.669
727500,0.327,0.000,0.673
728000,0.370,0.000,0.630
728500,0.369,0.000,0.631
729000,0.394,0.000,0.606
729500,0.329,0.000,0.671
730000,0.324,0.000,0.676
730500,0.299,0.000,0.701
731000,0.263,0.000,0.737
731500,0.321,0.000,0.679
732000,0.233,0.000,0.767
732500,0.366,0.000,0.634
733000,0.337,0.000,0.663
733500,0.345,0.000,0.655
734000,0.324,0.000,0.676
734500,0.231,0.000,0.769
735000,0.424,0.000,0.576
735500,0.439,0.000,0.561
736000,0.469,0.000,0.531
736500,0.424,0.000,0.576
737000,0.357,0.000,0.643
737500,0.364,0.000,0.636
738000,0.360,0.000,0.640
738500,0.288,0.000,0.712
739000,0.442,0.000,0.558
739500,0.411,0.000,0.589
740000,0.281,0.000,0.719
740500,0.286,0.000,0.714
741000,0.340,0.000,0.660
741500,0.424,0.000,0.576
742000,0.382,0.000,0.618
742500,0.399,0.000,0.601
743000,0.326,0.000,0.674
743500,0.343,0.000,0.657
744000,0.373,0.000,0.627
744500,0.345,0.000,0.655
745000,0.371,0.000,0.629
745500,0.454,0.000,0.546
746000,0.457,0.000,0.543
746500,0.375,0.000,0.625
747000,0.462,0.000,0.538
747500,0.441,0.000,0.559
748000,0.396,0.000,0.604
748500,0.284,0.000,0.716
749000,0.368,0.000,0.632
749500,0.369,0.000,0.631
750000,0.298,0.000,0.702
750500,0.342,0.000,0.658
751000,0.358,0.000,0.642
751500,0.325,0.000,0.675
752000,0.426,0.000,0.574
752500,0.433,0.000,0.567
753000,0.384,0.000,0.616
753500,0.309,0.000,0.691
754000,0.468,0.000,0.532
754500,0.407,0.000,0.593
755000,0.353,0.000,0.647
755500,0.322,0.000,0.678
756000,0.248,0.000,0.752
756500,0.468,0.000,0.532
757000,0.301,0.000,0.699
757500,0.311,0.000,0.689
758000,0.337,0.000,0.663
758500,0.434,0.000,0.566
759000,0.422,0.000,0.578
759500,0.367,0.000,0.633
760000,0.245,0.000,0.755
760500,0.330,0.000,0.670
761000,0.275,0.000,0.725
761500,0.217,0.000,0.783
762000,0.397,0.000,0.603
762500,0.321,0.000,0.679
763000,0.338,0.000,0.662
763500,0.316,0.000,0.684
764000,0.367,0.000,0.633
764500,0.286,0.000,0.714
765000,0.366,0.000,0.634
765500,0.456,0.000,0.544
766000,0.415,0.000,0.585
766500,0.464,0.000,0.536
767000,0.383,0.000,0.617
767500,0.388,0.000,0.612
768000,0.341,0.000,0.659
768500,0.305,0.000,0.695
769000,0.288,0.000,0.712
769500,0.409,0.000,0.591
770000,0.257,0.012,0.731
770500,0.343,0.000,0.657
771000,0.402,0.000,0.598
771500,0.340,0.000,0.660
772000,0.287,0.000,0.713
772500,0.350,0.000,0.650
773000,0.340,0.000,0.660
773500,0.463,0.000,0.537
774000,0.509,0.000,0.491
774500,0.432,0.000,0.568
775000,0.389,0.000,0.611
775500,0.218,0.000,0.782
776000,0.365,0.000,0.635
776500,0.407,0.000,0.593
777000,0.439,0.000,0.561
777500,0.326,0.000,0.674
778000,0.288,0.000,0.712
778500,0.425,0.000,0.575
779000,0.337,0.000,0.663
779500,0.291,0.000,0.709
780000,0.319,0.000,0.681
780500,0.343,0.000,0.657
781000,0.317,0.000,0.683
781500,0.412,0.000,0.588
782000,0.411,0.000,0.589
782500,0.417,0.000,0.583
783000,0.446,0.000,0.554
783500,0.414,0.000,0.586
784000,0.394,0.000,0.606
784500,0.331,0.000,0.669
785000,0.321,0.000,0.679
785500,0.329,0.000,0.671
786000,0.411,0.000,0.589
786500,0.350,0.000,0.650
787000,0.275,0.000,0.725
787500,0.291,0.000,0.709
788000,0.328,0.000,0.672
788500,0.419,0.000,0.581
789000,0.272,0.000,0.728
789500,0.373,0.000,0.627
790000,0.432,0.000,0.568
790500,0.453,0.000,0.547
791000,0.450,0.000,0.550
791500,0.496,0.000,0.504
792000,0.351,0.000,0.649
792500,0.422,0.000,0.578
793000,0.316,0.000,0.684
793500,0.234,0.000,0.766
794000,0.400,0.000,0.600
794500,0.382,0.000,0.618
795000,0.310,0.000,0.690
795500,0.346,0.000,0.654
796000,0.414,0.000,0.586
796500,0.385,0.000,0.615
797000,0.319,0.000,0.681
797500,0.355,0.000,0.645
798000,0.315,0.000,0.685
798500,0.361,0.000,0.639
799000,0.379,0.000,0.621
799500,0.349,0.000,0.651
800000,0.394,0.000,0.606
800500,0.432,0.000,0.568
801000,0.403,0.000,0.597
801500,0.497,0.000,0.503
802000,0.327,0.000,0.673
802500,0.246,0.000,0.754
803000,0.337,0.000,0.663
803500,0.321,0.000,0.679
804000,0.425,0.000,0.575
804500,0.315,0.000,0.685
805000,0.301,0.000,0.699
805500,0.457,0.000,0.543
806000,0.436,0.000,0.564
806500,0.430,0.000,0.570
807000,0.412,0.000,0.588
807500,0.416,0.000,0.584
808000,0.296,0.000,0.704
808500,0.317,0.000,0.683
809000,0.338,0.003,0.659
809500,0.376,0.000,0.624
810000,0.341,0.000,0.659
810500,0.492,0.000,0.508
811000,0.393,0.000,0.607
811500,0.304,0.000,0.696
812000,0.311,0.000,0.689
812500,0.335,0.000,0.665
813000,0.348,0.000,0.652
813500,0.270,0.000,0.730
814000,0.505,0.000,0.495
814500,0.331,0.000,0.669
815000,0.421,0.000,0.579
815500,0.446,0.000,0.554
816000,0.346,0.000,0.654
816500,0.316,0.000,0.684
817000,0.285,0.000,0.715
817500,0.361,0.000,0.639
818000,0.347,0.000,0.653
818500,0.495,0.000,0.505
819000,0.362,0.000,0.638
819500,0.463,0.000,0.537
820000,0.419,0.000,0.581
820500,0.253,0.000,0.747
821000,0.374,0.000,0.626
821500,0.378,0.000,0.622
822000,0.342,0.000,0.658
822500,0.294,0.000,0.706
823000,0.292,0.000,0.708
823500,0.413,0.000,0.587
824000,0.376,0.000,0.624
824500,0.388,0.000,0.612
825000,0.296,0.000,0.704
825500,0.336,0.000,0.664
826000,0.288,0.013,0.699
826500,0.276,0.000,0.724
827000,0.375,0.000,0.625
827500,0.334,0.002,0.664
828000,0.432,0.000,0.568
828500,0.301,0.000,0.699
829000,0.313,0.000,0.687
829500,0.312,0.000,0.688
830000,0.220,0.000,0.780
830500,0.336,0.000,0.664
831000,0.354,0.000,0.646
831500,0.361,0.000,0.639
832000,0.382,0.000,0.618
832500,0.319,0.000,0.681
833000,0.341,0.000,0.659
833500,0.277,0.000,0.723
834000,0.375,0.000,0.625
834500,0.409,0.000,0.591
835000,0.378,0.000,0.622
835500,0.268,0.000,0.732
836000,0.375,0.000,0.625
836500,0.265,0.000,0.735
837000,0.410,0.000,0.590
837500,0.514,0.000,0.486
838000,0.353,0.000,0.647
838500,0.391,0.000,0.609
839000,0.344,0.000,0.656
839500,0.410,0.000,0.590
840000,0.405,0.000,0.595
840500,0.406,0.000,0.594
841000,0.368,0.000,0.632
841500,0.358,0.000,0.642
842000,0.373,0.000,0.627
842500,0.295,0.000,0.705
843000,0.327,0.000,0.673
843500,0.317,0.000,0.683
844000,0.303,0.000,0.697
844500,0.296,0.000,0.704
845000,0.348,0.000,0.652
845500,0.460,0.000,0.540
846000,0.346,0.000,0.654
846500,0.435,0.000,0.565
847000,0.311,0.000,0.689
847500,0.353,0.001,0.646
848000,0.300,0.000,0.700
848500,0.415,0.000,0.585
849000,0.423,0.000,0.577
849500,0.358,0.000,0.642
850000,0.355,0.000,0.645
850500,0.242,0.000,0.758
851000,0.324,0.000,0.676
851500,0.295,0.000,0.705
852000,0.379,0.000,0.621
852500,0.336,0.000,0.664
853000,0.307,0.000,0.693
853500,0.285,0.003,0.712
854000,0.356,0.000,0.644
854500,0.351,0.000,0.649
855000,0.318,0.000,0.682
855500,0.442,0.000,0.558
856000,0.330,0.000,0.670
856500,0.277,0.000,0.723
857000,0.289,0.000,0.711
857500,0.370,0.000,0.630
858000,0.361,0.000,0.639
858500,0.279,0.000,0.721
859000,0.350,0.002,0.648
859500,0.332,0.000,0.668
860000,0.429,0.000,0.571
860500,0.342,0.000,0.658
861000,0.288,0.000,0.712
861500,0.304,0.000,0.696
862000,0.470,0.000,0.530
862500,0.372,0.000,0.628
863000,0.327,0.000,0.673
863500,0.322,0.000,0.678
864000,0.392,0.000,0.608
864500,0.320,0.000,0.680
865000,0.293,0.000,0.707
865500,0.394,0.000,0.606
866000,0.436,0.000,0.564
866500,0.290,0.000,0.710
867000,0.361,0.000,0.639
867500,0.413,0.000,0.587
868000,0.273,0.000,0.727
868500,0.287,0.000,0.713
869000,0.349,0.000,0.651
869500,0.337,0.000,0.663
870000,0.244,0.000,0.756
870500,0.232,0.000,0.768
871000,0.357,0.000,0.643
871500,0.369,0.000,0.631
872000,0.332,0.000,0.668
872500,0.457,0.000,0.543
873000,0.415,0.000,0.585
873500,0.384,0.000,0.616
874000,0.327,0.000,0.673
874500,0.366,0.000,0.634
875000,0.383,0.000,0.617
875500,0.343,0.000,0.657
876000,0.248,0.000,0.752
876500,0.380,0.000,0.620
877000,0.362,0.000,0.638
877500,0.276,0.000,0.724
878000,0.316,0.000,0.684
878500,0.365,0.000,0.635
879000,0.356,0.000,0.644
879500,0.352,0.000,0.648
880000,0.257,0.000,0.743
880500,0.227,0.000,0.773
881000,0.259,0.000,0.741
881500,0.403,0.000,0.597
882000,0.362,0.000,0.638
882500,0.519,0.000,0.481
883000,0.395,0.000,0.605
883500,0.376,0.000,0.624
884000,0.428,0.000,0.572
884500,0.336,0.000,0.664
885000,0.395,0.000,0.605
885500,0.323,0.000,0.677
886000,0.407,0.000,0.593
886500,0.464,0.000,0.536
887000,0.416,0.000,0.584
887500,0.339,0.000,0.661
888000,0.297,0.000,0.703
888500,0.379,0.000,0.621
889000,0.344,0.000,0.656
889500,0.345,0.000,0.655
890000,0.274,0.000,0.726
890500,0.395,0.000,0.605
891000,0.427,0.000,0.573
891500,0.375,0.000,0.625
892000,0.403,0.000,0.597
892500,0.447,0.000,0.553
893000,0.329,0.000,0.671
893500,0.366,0.000,0.634
894000,0.395,0.000,0.605
894500,0.315,0.000,0.685
895000,0.349,0.000,0.651
895500,0.459,0.000,0.541
896000,0.434,0.000,0.566
896500,0.335,0.000,0.665
897000,0.443,0.000,0.557
897500,0.370,0.000,0.630
898000,0.310,0.000,0.690
898500,0.297,0.000,0.703
899000,0.337,0.000,0.663
899500,0.374,0.000,0.626
900000,0.339,0.000,0.661
900500,0.339,0.000,0.661
901000,0.267,0.000,0.733
901500,0.391,0.000,0.609
902000,0.286,0.000,0.714
902500,0.365,0.000,0.635
903000,0.325,0.000,0.675
903500,0.509,0.000,0.491
904000,0.351,0.000,0.649
904500,0.304,0.000,0.696
905000,0.275,0.000,0.725
905500,0.342,0.000,0.658
906000,0.394,0.000,0.606
906500,0.336,0.000,0.664
907000,0.325,0.000,0.675
907500,0.404,0.000,0.596
908000,0.389,0.000,0.611
908500,0.358,0.000,0.642
909000,0.297,0.000,0.703
909500,0.400,0.000,0.600
910000,0.387,0.000,0.613
910500,0.417,0.000,0.583
911000,0.408,0.000,0.592
911500,0.417,0.000,0.583
912000,0.343,0.000,0.657
912500,0.270,0.000,0.730
913000,0.324,0.000,0.676
913500,0.291,0.000,0.709
914000,0.333,0.000,0.667
914500,0.350,0.000,0.650
915000,0.363,0.000,0.637
915500,0.434,0.000,0.566
916000,0.377,0.000,0.623
916500,0.319,0.000,0.681
917000,0.259,0.000,0.741
917500,0.410,0.000,0.590
918000,0.352,0.000,0.648
918500,0.345,0.000,0.655
919000,0.325,0.000,0.675
919500,0.451,0.000,0.549
920000,0.363,0.000,0.637
920500,0.354,0.000,0.646
921000,0.349,0.000,0.651
921500,0.392,0.000,0.608
922000,0.394,0.000,0.606
922500,0.298,0.000,0.702
923000,0.378,0.000,0.622
923500,0.321,0.000,0.679
924000,0.388,0.000,0.612
924500,0.353,0.000,0.647
925000,0.291,0.000,0.709
925500,0.274,0.000,0.726
926000,0.337,0.000,0.663
926500,0.357,0.000,0.643
927000,0.411,0.000,0.589
927500,0.384,0.000,0.616
928000,0.295,0.000,0.705
928500,0.309,0.000,0.691
929000,0.346,0.000,0.654
929500,0.505,0.000,0.495
930000,0.369,0.000,0.631
930500,0.547,0.000,0.453
931000,0.355,0.000,0.645
931500,0.330,0.000,0.670
932000,0.282,0.000,0.718
932500,0.261,0.000,0.739
933000,0.338,0.000,0.662
933500,0.337,0.000,0.663
934000,0.509,0.000,0.491
934500,0.401,0.000,0.599
935000,0.270,0.000,0.730
935500,0.215,0.000,0.785
936000,0.282,0.000,0.718
936500,0.338,0.000,0.662
937000,0.391,0.000,0.609
937500,0.395,0.000,0.605
938000,0.293,0.000,0.707
938500,0.222,0.000,0.778
939000,0.313,0.000,0.687
939500,0.186,0.000,0.814
940000,0.294,0.000,0.706
940500,0.406,0.000,0.594
941000,0.312,0.000,0.688
941500,0.394,0.000,0.606
942000,0.390,0.000,0.610
942500,0.342,0.000,0.658
943000,0.401,0.000,0.599
943500,0.364,0.000,0.636
944000,0.299,0.000,0.701
944500,0.318,0.000,0.682
945000,0.325,0.000,0.675
945500,0.351,0.000,0.649
946000,0.377,0.000,0.623
946500,0.358,0.000,0.642
947000,0.379,0.000,0.621
947500,0.419,0.000,0.581
948000,0.247,0.000,0.753
948500,0.472,0.000,0.528
949000,0.385,0.000,0.615
949500,0.387,0.000,0.613
950000,0.268,0.000,0.732
950500,0.433,0.000,0.567
951000,0.386,0.000,0.614
951500,0.356,0.000,0.644
952000,0.365,0.000,0.635
952500,0.387,0.000,0.613
953000,0.383,0.000,0.617
953500,0.378,0.000,0.622
954000,0.346,0.000,0.654
954500,0.345,0.000,0.655
955000,0.366,0.000,0.634
955500,0.322,0.000,0.678
956000,0.351,0.000,0.649
956500,0.265,0.000,0.735
957000,0.401,0.000,0.599
957500,0.367,0.000,0.633
958000,0.361,0.000,0.639
958500,0.354,0.000,0.646
959000,0.372,0.000,0.628
959500,0.353,0.000,0.647
960000,0.418,0.000,0.582
960500,0.265,0.000,0.735
961000,0.306,0.000,0.694
961500,0.383,0.000,0.617
962000,0.304,0.000,0.696
962500,0.385,0.000,0.615
963000,0.428,0.000,0.572
963500,0.379,0.000,0.621
964000,0.354,0.000,0.646
964500,0.234,0.000,0.766
965000,0.282,0.000,0.718
965500,0.269,0.000,0.731
966000,0.334,0.000,0.666
966500,0.280,0.000,0.720
967000,0.339,0.000,0.661
967500,0.350,0.000,0.650
968000,0.278,0.000,0.722
968500,0.250,0.000,0.750
969000,0.333,0.000,0.667
969500,0.305,0.000,0.695
970000,0.492,0.000,0.508
970500,0.381,0.000,0.619
971000,0.314,0.000,0.686
971500,0.333,0.000,0.667
972000,0.281,0.000,0.719
972500,0.282,0.000,0.718
973000,0.394,0.000,0.606
973500,0.273,0.000,0.727
974000,0.305,0.000,0.695
974500,0.260,0.000,0.740
975000,0.348,0.000,0.652
975500,0.341,0.000,0.659
976000,0.276,0.013,0.711
976500,0.316,0.000,0.684
977000,0.330,0.000,0.670
977500,0.332,0.000,0.668
978000,0.291,0.000,0.709
978500,0.353,0.000,0.647
979000,0.309,0.000,0.691
979500,0.372,0.000,0.628
980000,0.303,0.000,0.697
980500,0.304,0.000,0.696
981000,0.311,0.000,0.689
981500,0.440,0.000,0.560
982000,0.383,0.000,0.617
982500,0.405,0.000,0.595
983000,0.333,0.000,0.667
983500,0.365,0.000,0.635
984000,0.432,0.000,0.568
984500,0.309,0.000,0.691
985000,0.405,0.000,0.595
985500,0.313,0.003,0.684
986000,0.345,0.000,0.655
986500,0.336,0.000,0.664
987000,0.294,0.000,0.706
987500,0.348,0.000,0.652
988000,0.358,0.000,0.642
988500,0.289,0.000,0.711
989000,0.271,0.000,0.729
989500,0.277,0.001,0.722
990000,0.270,0.000,0.730
990500,0.296,0.000,0.704
991000,0.316,0.000,0.684
991500,0.351,0.000,0.649
992000,0.316,0.000,0.684
992500,0.318,0.000,0.682
993000,0.271,0.000,0.729
993500,0.499,0.000,0.501
994000,0.389,0.000,0.611
994500,0.383,0.000,0.617
995000,0.400,0.000,0.600
995500,0.421,0.000,0.579
996000,0.327,0.000,0.673
996500,0.363,0.000,0.637
997000,0.404,0.000,0.596
997500,0.411,0.000,0.589
998000,0.268,0.000,0.732
998500,0.413,0.000,0.587
999000,0.391,0.000,0.609
999500,0.297,0.000,0.703
1000000,0.298,0.000,0.702
