time,n_A+p,n_B,n_AB
500,0.030,0.517,0.453
1000,0.030,0.359,0.611
1500,0.030,0.353,0.617
2000,0.030,0.630,0.340
2500,0.030,0.527,0.443
3000,0.030,0.341,0.629
3500,0.030,0.615,0.355
4000,0.030,0.431,0.539
4500,0.030,0.352,0.618
5000,0.030,0.370,0.600
5500,0.030,0.439,0.531
6000,0.030,0.377,0.593
6500,0.030,0.402,0.568
7000,0.030,0.559,0.411
7500,0.030,0.232,0.738
8000,0.030,0.489,0.481
8500,0.030,0.300,0.670
9000,0.030,0.336,0.634
9500,0.030,0.338,0.632
10000,0.030,0.462,0.508
10500,0.030,0.517,0.453
11000,0.030,0.376,0.594
11500,0.030,0.391,0.579
12000,0.030,0.372,0.598
12500,0.030,0.361,0.609
13000,0.030,0.403,0.567
13500,0.030,0.392,0.578
14000,0.030,0.334,0.636
14500,0.030,0.342,0.628
15000,0.030,0.367,0.603
15500,0.030,0.315,0.655
16000,0.030,0.318,0.652
16500,0.030,0.391,0.579
17000,0.030,0.258,0.712
17500,0.030,0.261,0.709
18000,0.030,0.595,0.375
18500,0.030,0.227,0.743
19000,0.030,0.332,0.638
19500,0.030,0.379,0.591
20000,0.030,0.625,0.345
20500,0.030,0.421,0.549
21000,0.030,0.354,0.616
21500,0.030,0.302,0.668
22000,0.030,0.465,0.505
22500,0.030,0.400,0.570
23000,0.030,0.533,0.437
23500,0.030,0.336,0.634
24000,0.030,0.426,0.544
24500,0.030,0.546,0.424
25000,0.030,0.388,0.582
25500,0.030,0.551,0.419
26000,0.030,0.257,0.713
26500,0.030,0.224,0.746
27000,0.030,0.301,0.669
27500,0.030,0.456,0.514
28000,0.030,0.514,0.456
28500,0.030,0.438,0.532
29000,0.030,0.321,0.649
29500,0.030,0.271,0.699
30000,0.857,0.000,0.143
30500,1.000,0.000,0.000
