time,n_A+p,n_B,n_AB
500,0.010,0.597,0.393
1000,0.010,0.035,0.955
1500,0.021,0.024,0.955
2000,0.031,0.032,0.937
2500,0.041,0.008,0.951
3000,0.040,0.005,0.955
3500,0.096,0.003,0.901
4000,0.052,0.000,0.948
4500,0.030,0.010,0.960
5000,0.021,0.008,0.971
5500,0.025,0.048,0.927
6000,0.019,0.001,0.980
6500,0.083,0.001,0.916
7000,0.046,0.012,0.942
7500,0.022,0.010,0.968
8000,0.020,0.037,0.943
8500,0.010,0.027,0.963
9000,0.036,0.005,0.959
9500,0.047,0.001,0.952
10000,0.014,0.024,0.962
10500,0.023,0.035,0.942
11000,0.035,0.002,0.963
11500,0.080,0.000,0.920
12000,0.022,0.014,0.964
12500,0.063,0.000,0.937
13000,0.022,0.057,0.921
13500,0.021,0.031,0.948
14000,0.037,0.010,0.953
14500,0.075,0.033,0.892
15000,0.043,0.000,0.957
15500,0.067,0.044,0.889
16000,0.045,0.038,0.917
16500,0.018,0.024,0.958
17000,0.026,0.018,0.956
17500,0.015,0.013,0.972
18000,0.014,0.049,0.937
18500,0.043,0.004,0.953
19000,0.013,0.018,0.969
19500,0.016,0.028,0.956
20000,0.056,0.009,0.935
20500,0.061,0.027,0.912
21000,0.013,0.029,0.958
21500,0.051,0.004,0.945
22000,0.029,0.056,0.915
22500,0.027,0.019,0.954
23000,0.035,0.005,0.960
23500,0.084,0.002,0.914
24000,0.069,0.000,0.931
24500,0.016,0.010,0.974
25000,0.014,0.008,0.978
25500,0.018,0.009,0.973
26000,0.068,0.002,0.930
26500,0.012,0.048,0.940
27000,0.064,0.000,0.936
27500,0.069,0.056,0.875
28000,0.029,0.019,0.952
28500,0.043,0.003,0.954
29000,0.011,0.037,0.952
29500,0.037,0.016,0.947
30000,0.010,0.020,0.970
30500,0.030,0.020,0.950
31000,0.022,0.049,0.929
31500,0.023,0.027,0.950
32000,0.049,0.008,0.943
32500,0.042,0.039,0.919
33000,0.095,0.002,0.903
33500,0.051,0.001,0.948
34000,0.013,0.033,0.954
34500,0.017,0.045,0.938
35000,0.035,0.010,0.955
35500,0.015,0.065,0.920
36000,0.018,0.023,0.959
36500,0.032,0.030,0.938
37000,0.014,0.023,0.963
37500,0.022,0.024,0.954
38000,0.018,0.050,0.932
38500,0.026,0.011,0.963
39000,0.021,0.010,0.969
39500,0.010,0.042,0.948
40000,0.051,0.009,0.940
40500,0.017,0.009,0.974
41000,0.030,0.000,0.970
41500,0.018,0.023,0.959
42000,0.043,0.006,0.951
42500,0.040,0.023,0.937
43000,0.015,0.039,0.946
43500,0.011,0.012,0.977
44000,0.023,0.003,0.974
44500,0.041,0.011,0.948
45000,0.032,0.048,0.920
45500,0.095,0.001,0.904
46000,0.049,0.000,0.951
46500,0.015,0.047,0.938
47000,0.037,0.023,0.940
47500,0.032,0.010,0.958
48000,0.018,0.025,0.957
48500,0.056,0.000,0.944
49000,0.031,0.013,0.956
49500,0.055,0.000,0.945
50000,0.065,0.015,0.920
50500,0.033,0.007,0.960
51000,0.056,0.027,0.917
51500,0.015,0.026,0.959
52000,0.071,0.000,0.929
52500,0.056,0.000,0.944
53000,0.065,0.000,0.935
53500,0.032,0.012,0.956
54000,0.017,0.025,0.958
54500,0.073,0.029,0.898
55000,0.041,0.004,0.955
55500,0.035,0.038,0.927
56000,0.033,0.042,0.925
56500,0.014,0.000,0.986
57000,0.112,0.009,0.879
57500,0.025,0.035,0.940
58000,0.034,0.018,0.948
58500,0.021,0.000,0.979
59000,0.023,0.028,0.949
59500,0.028,0.011,0.961
60000,0.022,0.000,0.978
60500,0.049,0.000,0.951
61000,0.035,0.016,0.949
61500,0.011,0.056,0.933
62000,0.021,0.008,0.971
62500,0.026,0.003,0.971
63000,0.029,0.044,0.927
63500,0.024,0.042,0.934
64000,0.015,0.016,0.969
64500,0.024,0.021,0.955
65000,0.010,0.044,0.946
65500,0.016,0.002,0.982
66000,0.063,0.008,0.929
66500,0.012,0.036,0.952
67000,0.026,0.031,0.943
67500,0.042,0.000,0.958
68000,0.047,0.005,0.948
68500,0.041,0.019,0.940
69000,0.035,0.016,0.949
69500,0.036,0.003,0.961
70000,0.017,0.029,0.954
70500,0.010,0.032,0.958
71000,0.011,0.008,0.981
71500,0.057,0.001,0.942
72000,0.036,0.000,0.964
72500,0.053,0.007,0.940
73000,0.037,0.019,0.944
73500,0.055,0.012,0.933
74000,0.015,0.015,0.970
74500,0.087,0.022,0.891
75000,0.020,0.031,0.949
75500,0.086,0.000,0.914
76000,0.039,0.008,0.953
76500,0.048,0.014,0.938
77000,0.011,0.068,0.921
77500,0.058,0.000,0.942
78000,0.034,0.019,0.947
78500,0.029,0.023,0.948
79000,0.020,0.054,0.926
79500,0.072,0.000,0.928
80000,0.040,0.000,0.960
80500,0.015,0.019,0.966
81000,0.024,0.004,0.972
81500,0.025,0.002,0.973
82000,0.054,0.001,0.945
82500,0.029,0.015,0.956
83000,0.038,0.044,0.918
83500,0.013,0.024,0.963
84000,0.033,0.009,0.958
84500,0.047,0.026,0.927
85000,0.017,0.021,0.962
85500,0.033,0.024,0.943
86000,0.023,0.021,0.956
86500,0.052,0.006,0.942
87000,0.037,0.002,0.961
87500,0.020,0.004,0.976
88000,0.042,0.003,0.955
88500,0.027,0.013,0.960
89000,0.049,0.000,0.951
89500,0.074,0.006,0.920
90000,0.027,0.000,0.973
90500,0.028,0.002,0.970
91000,0.027,0.032,0.941
91500,0.024,0.013,0.963
92000,0.046,0.005,0.949
92500,0.044,0.002,0.954
93000,0.032,0.036,0.932
93500,0.066,0.000,0.934
94000,0.048,0.001,0.951
94500,0.029,0.020,0.951
95000,0.095,0.008,0.897
95500,0.050,0.012,0.938
96000,0.051,0.029,0.920
96500,0.046,0.012,0.942
97000,0.033,0.000,0.967
97500,0.019,0.003,0.978
98000,0.031,0.029,0.940
98500,0.011,0.009,0.980
99000,0.029,0.028,0.943
99500,0.046,0.012,0.942
100000,0.025,0.012,0.963
100500,0.038,0.001,0.961
101000,0.058,0.000,0.942
101500,0.015,0.027,0.958
102000,0.011,0.034,0.955
102500,0.037,0.034,0.929
103000,0.070,0.003,0.927
103500,0.039,0.007,0.954
104000,0.037,0.022,0.941
104500,0.045,0.000,0.955
105000,0.027,0.047,0.926
105500,0.031,0.013,0.956
106000,0.024,0.000,0.976
106500,0.076,0.000,0.924
107000,0.013,0.032,0.955
107500,0.051,0.005,0.944
108000,0.016,0.001,0.983
108500,0.032,0.003,0.965
109000,0.070,0.006,0.924
109500,0.064,0.025,0.911
110000,0.037,0.026,0.937
110500,0.033,0.000,0.967
111000,0.026,0.023,0.951
111500,0.040,0.077,0.883
112000,0.052,0.002,0.946
112500,0.056,0.006,0.938
113000,0.065,0.005,0.930
113500,0.081,0.015,0.904
114000,0.029,0.027,0.944
114500,0.031,0.030,0.939
115000,0.033,0.007,0.960
115500,0.053,0.023,0.924
116000,0.017,0.031,0.952
116500,0.036,0.004,0.960
117000,0.022,0.037,0.941
117500,0.029,0.003,0.968
118000,0.030,0.005,0.965
118500,0.059,0.001,0.940
119000,0.098,0.005,0.897
119500,0.019,0.016,0.965
120000,0.045,0.041,0.914
120500,0.035,0.009,0.956
121000,0.053,0.014,0.933
121500,0.030,0.012,0.958
122000,0.066,0.000,0.934
122500,0.016,0.007,0.977
123000,0.026,0.005,0.969
123500,0.052,0.006,0.942
124000,0.033,0.022,0.945
124500,0.088,0.000,0.912
125000,0.032,0.017,0.951
125500,0.021,0.051,0.928
126000,0.030,0.012,0.958
126500,0.015,0.001,0.984
127000,0.035,0.027,0.938
127500,0.019,0.009,0.972
128000,0.027,0.005,0.968
128500,0.038,0.032,0.930
129000,0.028,0.027,0.945
129500,0.031,0.000,0.969
130000,0.012,0.030,0.958
130500,0.013,0.039,0.948
131000,0.030,0.023,0.947
131500,0.032,0.025,0.943
132000,0.022,0.022,0.956
132500,0.026,0.024,0.950
133000,0.026,0.000,0.974
133500,0.011,0.034,0.955
134000,0.034,0.023,0.943
134500,0.070,0.001,0.929
135000,0.088,0.002,0.910
135500,0.057,0.001,0.942
136000,0.042,0.000,0.958
136500,0.016,0.037,0.947
137000,0.010,0.033,0.957
137500,0.043,0.025,0.932
138000,0.051,0.018,0.931
138500,0.089,0.000,0.911
139000,0.028,0.021,0.951
139500,0.023,0.011,0.966
140000,0.031,0.015,0.954
140500,0.015,0.024,0.961
141000,0.023,0.019,0.958
141500,0.013,0.019,0.968
142000,0.032,0.008,0.960
142500,0.020,0.064,0.916
143000,0.010,0.091,0.899
143500,0.037,0.038,0.925
144000,0.017,0.023,0.960
144500,0.059,0.000,0.941
145000,0.062,0.002,0.936
145500,0.030,0.019,0.951
146000,0.044,0.008,0.948
146500,0.056,0.009,0.935
147000,0.030,0.000,0.970
147500,0.018,0.019,0.963
148000,0.035,0.042,0.923
148500,0.020,0.014,0.966
149000,0.012,0.007,0.981
149500,0.042,0.009,0.949
150000,0.028,0.004,0.968
150500,0.089,0.010,0.901
151000,0.016,0.011,0.973
151500,0.014,0.008,0.978
152000,0.060,0.000,0.940
152500,0.044,0.000,0.956
153000,0.011,0.064,0.925
153500,0.044,0.003,0.953
154000,0.011,0.048,0.941
154500,0.050,0.005,0.945
155000,0.068,0.001,0.931
155500,0.017,0.030,0.953
156000,0.031,0.001,0.968
156500,0.059,0.009,0.932
157000,0.018,0.000,0.982
157500,0.065,0.000,0.935
158000,0.046,0.010,0.944
158500,0.053,0.035,0.912
159000,0.016,0.038,0.946
159500,0.063,0.001,0.936
160000,0.018,0.041,0.941
160500,0.011,0.045,0.944
161000,0.024,0.029,0.947
161500,0.054,0.026,0.920
162000,0.021,0.024,0.955
162500,0.020,0.000,0.980
163000,0.022,0.014,0.964
163500,0.024,0.010,0.966
164000,0.043,0.014,0.943
164500,0.046,0.017,0.937
165000,0.057,0.003,0.940
165500,0.041,0.014,0.945
166000,0.025,0.014,0.961
166500,0.056,0.011,0.933
167000,0.017,0.025,0.958
167500,0.030,0.034,0.936
168000,0.046,0.009,0.945
168500,0.061,0.000,0.939
169000,0.055,0.007,0.938
169500,0.044,0.000,0.956
170000,0.032,0.002,0.966
170500,0.056,0.002,0.942
171000,0.040,0.034,0.926
171500,0.037,0.028,0.935
172000,0.079,0.010,0.911
172500,0.022,0.044,0.934
173000,0.027,0.053,0.920
173500,0.015,0.014,0.971
174000,0.054,0.001,0.945
174500,0.078,0.000,0.922
175000,0.041,0.024,0.935
175500,0.049,0.009,0.942
176000,0.036,0.007,0.957
176500,0.031,0.022,0.947
177000,0.037,0.019,0.944
177500,0.026,0.016,0.958
178000,0.050,0.004,0.946
178500,0.048,0.036,0.916
179000,0.043,0.024,0.933
179500,0.029,0.012,0.959
180000,0.050,0.004,0.946
180500,0.040,0.041,0.919
181000,0.087,0.023,0.890
181500,0.010,0.056,0.934
182000,0.039,0.002,0.959
182500,0.013,0.040,0.947
183000,0.047,0.025,0.928
183500,0.026,0.023,0.951
184000,0.030,0.050,0.920
184500,0.067,0.031,0.902
185000,0.027,0.017,0.956
185500,0.039,0.000,0.961
186000,0.030,0.039,0.931
186500,0.023,0.021,0.956
187000,0.039,0.011,0.950
187500,0.030,0.019,0.951
188000,0.053,0.017,0.930
188500,0.042,0.017,0.941
189000,0.043,0.015,0.942
189500,0.039,0.014,0.947
190000,0.015,0.045,0.940
190500,0.048,0.004,0.948
191000,0.011,0.038,0.951
191500,0.021,0.007,0.972
192000,0.023,0.010,0.967
192500,0.050,0.000,0.950
193000,0.046,0.004,0.950
193500,0.033,0.004,0.963
194000,0.020,0.038,0.942
194500,0.013,0.062,0.925
195000,0.031,0.021,0.948
195500,0.019,0.005,0.976
196000,0.042,0.021,0.937
196500,0.018,0.016,0.966
197000,0.020,0.021,0.959
197500,0.028,0.009,0.963
198000,0.060,0.012,0.928
198500,0.026,0.007,0.967
199000,0.060,0.001,0.939
199500,0.054,0.003,0.943
200000,0.068,0.000,0.932
200500,0.010,0.008,0.982
201000,0.036,0.000,0.964
201500,0.036,0.020,0.944
202000,0.045,0.000,0.955
202500,0.030,0.007,0.963
203000,0.031,0.024,0.945
203500,0.049,0.001,0.950
204000,0.073,0.002,0.925
204500,0.066,0.000,0.934
205000,0.012,0.013,0.975
205500,0.030,0.031,0.939
206000,0.082,0.003,0.915
206500,0.021,0.002,0.977
207000,0.011,0.004,0.985
207500,0.021,0.046,0.933
208000,0.023,0.003,0.974
208500,0.081,0.001,0.918
209000,0.045,0.003,0.952
209500,0.039,0.003,0.958
210000,0.054,0.000,0.946
210500,0.041,0.000,0.959
211000,0.041,0.015,0.944
211500,0.048,0.001,0.951
212000,0.018,0.005,0.977
212500,0.064,0.010,0.926
213000,0.011,0.036,0.953
213500,0.038,0.025,0.937
214000,0.023,0.047,0.930
214500,0.017,0.006,0.977
215000,0.023,0.023,0.954
215500,0.047,0.006,0.947
216000,0.062,0.023,0.915
216500,0.019,0.015,0.966
217000,0.077,0.002,0.921
217500,0.037,0.001,0.962
218000,0.040,0.055,0.905
218500,0.060,0.024,0.916
219000,0.015,0.047,0.938
219500,0.049,0.019,0.932
220000,0.023,0.005,0.972
220500,0.018,0.023,0.959
221000,0.052,0.012,0.936
221500,0.057,0.012,0.931
222000,0.024,0.007,0.969
222500,0.025,0.007,0.968
223000,0.072,0.018,0.910
223500,0.055,0.012,0.933
224000,0.061,0.015,0.924
224500,0.037,0.010,0.953
225000,0.032,0.020,0.948
225500,0.018,0.009,0.973
226000,0.032,0.003,0.965
226500,0.071,0.008,0.921
227000,0.041,0.011,0.948
227500,0.014,0.009,0.977
228000,0.092,0.005,0.903
228500,0.042,0.007,0.951
229000,0.042,0.029,0.929
229500,0.044,0.003,0.953
230000,0.023,0.034,0.943
230500,0.031,0.003,0.966
231000,0.023,0.043,0.934
231500,0.027,0.010,0.963
232000,0.011,0.009,0.980
232500,0.016,0.000,0.984
233000,0.027,0.025,0.948
233500,0.024,0.001,0.975
234000,0.024,0.012,0.964
234500,0.039,0.009,0.952
235000,0.025,0.002,0.973
235500,0.020,0.018,0.962
236000,0.014,0.029,0.957
236500,0.016,0.037,0.947
237000,0.063,0.012,0.925
237500,0.060,0.002,0.938
238000,0.057,0.000,0.943
238500,0.046,0.010,0.944
239000,0.089,0.025,0.886
239500,0.015,0.010,0.975
240000,0.022,0.010,0.968
240500,0.040,0.008,0.952
241000,0.040,0.000,0.960
241500,0.092,0.003,0.905
242000,0.046,0.000,0.954
242500,0.024,0.012,0.964
243000,0.037,0.017,0.946
243500,0.012,0.001,0.987
244000,0.021,0.011,0.968
244500,0.044,0.023,0.933
245000,0.048,0.014,0.938
245500,0.041,0.045,0.914
246000,0.061,0.010,0.929
246500,0.023,0.052,0.925
247000,0.025,0.008,0.967
247500,0.013,0.090,0.897
248000,0.014,0.022,0.964
248500,0.038,0.000,0.962
249000,0.034,0.003,0.963
249500,0.033,0.005,0.962
250000,0.016,0.015,0.969
250500,0.037,0.020,0.943
251000,0.044,0.021,0.935
251500,0.047,0.021,0.932
252000,0.019,0.047,0.934
252500,0.021,0.033,0.946
253000,0.060,0.004,0.936
253500,0.035,0.000,0.965
254000,0.034,0.010,0.956
254500,0.013,0.028,0.959
255000,0.016,0.024,0.960
255500,0.056,0.012,0.932
256000,0.025,0.000,0.975
256500,0.013,0.012,0.975
257000,0.023,0.018,0.959
257500,0.061,0.002,0.937
258000,0.099,0.001,0.900
258500,0.043,0.003,0.954
259000,0.014,0.025,0.961
259500,0.052,0.001,0.947
260000,0.023,0.000,0.977
260500,0.029,0.001,0.970
261000,0.017,0.004,0.979
261500,0.011,0.018,0.971
262000,0.035,0.015,0.950
262500,0.063,0.014,0.923
263000,0.031,0.016,0.953
263500,0.023,0.006,0.971
264000,0.012,0.004,0.984
264500,0.074,0.003,0.923
265000,0.027,0.005,0.968
265500,0.013,0.064,0.923
266000,0.052,0.001,0.947
266500,0.032,0.004,0.964
267000,0.034,0.028,0.938
267500,0.084,0.001,0.915
268000,0.038,0.008,0.954
268500,0.020,0.000,0.980
269000,0.025,0.044,0.931
269500,0.047,0.015,0.938
270000,0.075,0.007,0.918
270500,0.052,0.018,0.930
271000,0.039,0.001,0.960
271500,0.040,0.026,0.934
272000,0.049,0.001,0.950
272500,0.015,0.022,0.963
273000,0.033,0.020,0.947
273500,0.054,0.004,0.942
274000,0.025,0.000,0.975
274500,0.051,0.024,0.925
275000,0.041,0.017,0.942
275500,0.012,0.026,0.962
276000,0.067,0.023,0.910
276500,0.012,0.037,0.951
277000,0.042,0.033,0.925
277500,0.047,0.003,0.950
278000,0.020,0.015,0.965
278500,0.012,0.031,0.957
279000,0.052,0.018,0.930
279500,0.082,0.003,0.915
280000,0.045,0.033,0.922
280500,0.010,0.036,0.954
281000,0.045,0.046,0.909
281500,0.048,0.009,0.943
282000,0.044,0.008,0.948
282500,0.026,0.035,0.939
283000,0.055,0.000,0.945
283500,0.117,0.003,0.880
284000,0.010,0.052,0.938
284500,0.069,0.001,0.930
285000,0.027,0.007,0.966
285500,0.013,0.044,0.943
286000,0.058,0.000,0.942
286500,0.029,0.009,0.962
287000,0.034,0.024,0.942
287500,0.022,0.014,0.964
288000,0.039,0.010,0.951
288500,0.030,0.029,0.941
289000,0.014,0.036,0.950
289500,0.072,0.000,0.928
290000,0.080,0.000,0.920
290500,0.068,0.000,0.932
291000,0.033,0.007,0.960
291500,0.053,0.029,0.918
292000,0.011,0.033,0.956
292500,0.069,0.006,0.925
293000,0.047,0.009,0.944
293500,0.069,0.002,0.929
294000,0.017,0.047,0.936
294500,0.034,0.000,0.966
295000,0.060,0.021,0.919
295500,0.067,0.000,0.933
296000,0.043,0.002,0.955
296500,0.018,0.013,0.969
297000,0.024,0.019,0.957
297500,0.020,0.005,0.975
298000,0.036,0.000,0.964
298500,0.013,0.035,0.952
299000,0.032,0.039,0.929
299500,0.039,0.000,0.961
300000,0.063,0.005,0.932
300500,0.060,0.005,0.935
301000,0.012,0.008,0.980
301500,0.011,0.015,0.974
302000,0.046,0.000,0.954
302500,0.045,0.000,0.955
303000,0.010,0.016,0.974
303500,0.041,0.009,0.950
304000,0.028,0.000,0.972
304500,0.034,0.015,0.951
305000,0.010,0.071,0.919
305500,0.019,0.065,0.916
306000,0.012,0.080,0.908
306500,0.028,0.014,0.958
307000,0.062,0.001,0.937
307500,0.047,0.017,0.936
308000,0.023,0.060,0.917
308500,0.055,0.011,0.934
309000,0.040,0.004,0.956
309500,0.013,0.046,0.941
310000,0.049,0.043,0.908
310500,0.066,0.021,0.913
311000,0.047,0.000,0.953
311500,0.060,0.026,0.914
312000,0.043,0.011,0.946
312500,0.053,0.007,0.940
313000,0.027,0.008,0.965
313500,0.044,0.000,0.956
314000,0.048,0.000,0.952
314500,0.015,0.042,0.943
315000,0.013,0.003,0.984
315500,0.022,0.046,0.932
316000,0.033,0.023,0.944
316500,0.043,0.029,0.928
317000,0.028,0.028,0.944
317500,0.023,0.026,0.951
318000,0.022,0.026,0.952
318500,0.019,0.003,0.978
319000,0.035,0.031,0.934
319500,0.049,0.008,0.943
320000,0.033,0.001,0.966
320500,0.055,0.017,0.928
321000,0.035,0.016,0.949
321500,0.020,0.013,0.967
322000,0.017,0.043,0.940
322500,0.028,0.007,0.965
323000,0.062,0.000,0.938
323500,0.067,0.000,0.933
324000,0.038,0.015,0.947
324500,0.051,0.011,0.938
325000,0.013,0.061,0.926
325500,0.056,0.019,0.925
326000,0.012,0.039,0.949
326500,0.033,0.033,0.934
327000,0.017,0.008,0.975
327500,0.043,0.013,0.944
328000,0.072,0.001,0.927
328500,0.039,0.033,0.928
329000,0.024,0.021,0.955
329500,0.026,0.042,0.932
330000,0.070,0.003,0.927
330500,0.028,0.003,0.969
331000,0.034,0.004,0.962
331500,0.023,0.009,0.968
332000,0.061,0.026,0.913
332500,0.028,0.020,0.952
333000,0.035,0.003,0.962
333500,0.071,0.002,0.927
334000,0.029,0.025,0.946
334500,0.013,0.027,0.960
335000,0.016,0.033,0.951
335500,0.011,0.038,0.951
336000,0.026,0.032,0.942
336500,0.010,0.062,0.928
337000,0.032,0.005,0.963
337500,0.053,0.012,0.935
338000,0.022,0.024,0.954
338500,0.092,0.004,0.904
339000,0.024,0.005,0.971
339500,0.027,0.002,0.971
340000,0.036,0.014,0.950
340500,0.032,0.023,0.945
341000,0.035,0.015,0.950
341500,0.095,0.001,0.904
342000,0.029,0.001,0.970
342500,0.043,0.002,0.955
343000,0.014,0.078,0.908
343500,0.027,0.030,0.943
344000,0.032,0.020,0.948
344500,0.013,0.021,0.966
345000,0.031,0.009,0.960
345500,0.053,0.000,0.947
346000,0.045,0.000,0.955
346500,0.091,0.009,0.900
347000,0.025,0.050,0.925
347500,0.026,0.019,0.955
348000,0.047,0.019,0.934
348500,0.075,0.000,0.925
349000,0.057,0.000,0.943
349500,0.065,0.000,0.935
350000,0.022,0.024,0.954
350500,0.034,0.042,0.924
351000,0.034,0.010,0.956
351500,0.091,0.002,0.907
352000,0.059,0.001,0.940
352500,0.030,0.008,0.962
353000,0.032,0.019,0.949
353500,0.027,0.035,0.938
354000,0.026,0.010,0.964
354500,0.049,0.002,0.949
355000,0.043,0.000,0.957
355500,0.043,0.012,0.945
356000,0.021,0.054,0.925
356500,0.018,0.027,0.955
357000,0.027,0.011,0.962
357500,0.013,0.024,0.963
358000,0.054,0.002,0.944
358500,0.033,0.021,0.946
359000,0.010,0.021,0.969
359500,0.012,0.017,0.971
360000,0.029,0.027,0.944
360500,0.045,0.002,0.953
361000,0.011,0.021,0.968
361500,0.037,0.002,0.961
362000,0.034,0.022,0.944
362500,0.033,0.008,0.959
363000,0.040,0.036,0.924
363500,0.050,0.001,0.949
364000,0.020,0.053,0.927
364500,0.032,0.016,0.952
365000,0.019,0.014,0.967
365500,0.041,0.002,0.957
366000,0.067,0.005,0.928
366500,0.033,0.044,0.923
367000,0.038,0.014,0.948
367500,0.025,0.026,0.949
368000,0.046,0.013,0.941
368500,0.030,0.037,0.933
369000,0.045,0.033,0.922
369500,0.019,0.005,0.976
370000,0.083,0.012,0.905
370500,0.068,0.000,0.932
371000,0.036,0.000,0.964
371500,0.034,0.013,0.953
372000,0.030,0.000,0.970
372500,0.010,0.054,0.936
373000,0.025,0.014,0.961
373500,0.051,0.010,0.939
374000,0.027,0.047,0.926
374500,0.027,0.062,0.911
375000,0.052,0.001,0.947
375500,0.050,0.019,0.931
376000,0.065,0.007,0.928
376500,0.109,0.000,0.891
377000,0.027,0.007,0.966
377500,0.072,0.006,0.922
378000,0.022,0.088,0.890
378500,0.040,0.008,0.952
379000,0.048,0.014,0.938
379500,0.046,0.010,0.944
380000,0.026,0.050,0.924
380500,0.018,0.006,0.976
381000,0.010,0.031,0.959
381500,0.038,0.025,0.937
382000,0.026,0.037,0.937
382500,0.033,0.029,0.938
383000,0.080,0.000,0.920
383500,0.042,0.000,0.958
384000,0.011,0.049,0.940
384500,0.014,0.024,0.962
385000,0.018,0.000,0.982
385500,0.053,0.009,0.938
386000,0.033,0.031,0.936
386500,0.010,0.018,0.972
387000,0.068,0.003,0.929
387500,0.025,0.039,0.936
388000,0.051,0.032,0.917
388500,0.038,0.002,0.960
389000,0.025,0.026,0.949
389500,0.023,0.060,0.917
390000,0.035,0.022,0.943
390500,0.035,0.005,0.960
391000,0.062,0.009,0.929
391500,0.011,0.071,0.918
392000,0.032,0.022,0.946
392500,0.032,0.010,0.958
393000,0.011,0.061,0.928
393500,0.079,0.001,0.920
394000,0.046,0.034,0.920
394500,0.024,0.006,0.970
395000,0.050,0.010,0.940
395500,0.017,0.021,0.962
396000,0.024,0.011,0.965
396500,0.020,0.017,0.963
397000,0.010,0.041,0.949
397500,0.020,0.001,0.979
398000,0.042,0.000,0.958
398500,0.067,0.003,0.930
399000,0.026,0.001,0.973
399500,0.015,0.012,0.973
400000,0.018,0.018,0.964
400500,0.010,0.027,0.963
401000,0.033,0.002,0.965
401500,0.029,0.017,0.954
402000,0.024,0.014,0.962
402500,0.033,0.007,0.960
403000,0.026,0.012,0.962
403500,0.010,0.029,0.961
404000,0.010,0.049,0.941
404500,0.011,0.025,0.964
405000,0.021,0.021,0.958
405500,0.060,0.001,0.939
406000,0.036,0.001,0.963
406500,0.011,0.002,0.987
407000,0.043,0.013,0.944
407500,0.016,0.024,0.960
408000,0.066,0.024,0.910
408500,0.027,0.032,0.941
409000,0.025,0.026,0.949
409500,0.042,0.002,0.956
410000,0.052,0.009,0.939
410500,0.050,0.015,0.935
411000,0.012,0.009,0.979
411500,0.052,0.001,0.947
412000,0.036,0.030,0.934
412500,0.044,0.023,0.933
413000,0.057,0.007,0.936
413500,0.072,0.009,0.919
414000,0.034,0.013,0.953
414500,0.033,0.009,0.958
415000,0.043,0.036,0.921
415500,0.031,0.064,0.905
416000,0.032,0.007,0.961
416500,0.037,0.006,0.957
417000,0.020,0.000,0.980
417500,0.079,0.007,0.914
418000,0.091,0.004,0.905
418500,0.068,0.000,0.932
419000,0.013,0.008,0.979
419500,0.030,0.013,0.957
420000,0.015,0.023,0.962
420500,0.012,0.058,0.930
421000,0.020,0.011,0.969
421500,0.019,0.024,0.957
422000,0.035,0.001,0.964
422500,0.045,0.008,0.947
423000,0.018,0.013,0.969
423500,0.010,0.054,0.936
424000,0.048,0.000,0.952
424500,0.019,0.016,0.965
425000,0.030,0.041,0.929
425500,0.011,0.030,0.959
426000,0.051,0.001,0.948
426500,0.057,0.029,0.914
427000,0.034,0.001,0.965
427500,0.023,0.017,0.960
428000,0.048,0.002,0.950
428500,0.056,0.029,0.915
429000,0.035,0.030,0.935
429500,0.024,0.004,0.972
430000,0.028,0.024,0.948
430500,0.058,0.017,0.925
431000,0.017,0.004,0.979
431500,0.035,0.026,0.939
432000,0.025,0.001,0.974
432500,0.020,0.051,0.929
433000,0.013,0.009,0.978
433500,0.101,0.003,0.896
434000,0.073,0.000,0.927
434500,0.021,0.032,0.947
435000,0.016,0.004,0.980
435500,0.033,0.019,0.948
436000,0.027,0.022,0.951
436500,0.086,0.004,0.910
437000,0.040,0.001,0.959
437500,0.030,0.007,0.963
438000,0.056,0.000,0.944
438500,0.040,0.024,0.936
439000,0.048,0.000,0.952
439500,0.045,0.013,0.942
440000,0.056,0.000,0.944
440500,0.063,0.000,0.937
441000,0.030,0.000,0.970
441500,0.014,0.011,0.975
442000,0.035,0.004,0.961
442500,0.049,0.023,0.928
443000,0.032,0.010,0.958
443500,0.031,0.001,0.968
444000,0.036,0.035,0.929
444500,0.011,0.014,0.975
445000,0.027,0.010,0.963
445500,0.035,0.008,0.957
446000,0.022,0.004,0.974
446500,0.014,0.031,0.955
447000,0.017,0.002,0.981
447500,0.025,0.051,0.924
448000,0.034,0.027,0.939
448500,0.057,0.000,0.943
449000,0.075,0.002,0.923
449500,0.091,0.000,0.909
450000,0.037,0.027,0.936
450500,0.047,0.008,0.945
451000,0.021,0.018,0.961
451500,0.058,0.002,0.940
452000,0.058,0.000,0.942
452500,0.099,0.020,0.881
453000,0.028,0.023,0.949
453500,0.017,0.033,0.950
454000,0.076,0.001,0.923
454500,0.050,0.000,0.950
455000,0.015,0.004,0.981
455500,0.020,0.010,0.970
456000,0.035,0.006,0.959
456500,0.036,0.024,0.940
457000,0.026,0.013,0.961
457500,0.032,0.028,0.940
458000,0.027,0.030,0.943
458500,0.056,0.002,0.942
459000,0.073,0.012,0.915
459500,0.030,0.005,0.965
460000,0.037,0.022,0.941
460500,0.017,0.017,0.966
461000,0.040,0.024,0.936
461500,0.047,0.005,0.948
462000,0.039,0.012,0.949
462500,0.023,0.041,0.936
463000,0.047,0.010,0.943
463500,0.051,0.006,0.943
464000,0.070,0.000,0.930
464500,0.027,0.001,0.972
465000,0.025,0.002,0.973
465500,0.032,0.009,0.959
466000,0.052,0.016,0.932
466500,0.057,0.011,0.932
467000,0.054,0.004,0.942
467500,0.033,0.018,0.949
468000,0.020,0.011,0.969
468500,0.022,0.007,0.971
469000,0.046,0.007,0.947
469500,0.031,0.040,0.929
470000,0.022,0.002,0.976
470500,0.015,0.019,0.966
471000,0.032,0.028,0.940
471500,0.085,0.007,0.908
472000,0.024,0.010,0.966
472500,0.024,0.002,0.974
473000,0.027,0.022,0.951
473500,0.031,0.016,0.953
474000,0.056,0.000,0.944
474500,0.010,0.017,0.973
475000,0.015,0.014,0.971
475500,0.041,0.001,0.958
476000,0.034,0.031,0.935
476500,0.053,0.000,0.947
477000,0.013,0.011,0.976
477500,0.017,0.028,0.955
478000,0.039,0.012,0.949
478500,0.024,0.000,0.976
479000,0.034,0.023,0.943
479500,0.018,0.040,0.942
480000,0.010,0.014,0.976
480500,0.020,0.022,0.958
481000,0.018,0.026,0.956
481500,0.050,0.009,0.941
482000,0.058,0.000,0.942
482500,0.017,0.022,0.961
483000,0.059,0.002,0.939
483500,0.050,0.003,0.947
484000,0.049,0.000,0.951
484500,0.033,0.015,0.952
485000,0.018,0.038,0.944
485500,0.041,0.025,0.934
486000,0.016,0.001,0.983
486500,0.030,0.047,0.923
487000,0.031,0.010,0.959
487500,0.027,0.043,0.930
488000,0.059,0.036,0.905
488500,0.034,0.025,0.941
489000,0.026,0.046,0.928
489500,0.025,0.002,0.973
490000,0.048,0.000,0.952
490500,0.024,0.019,0.957
491000,0.062,0.015,0.923
491500,0.035,0.000,0.965
492000,0.012,0.031,0.957
492500,0.011,0.019,0.970
493000,0.011,0.013,0.976
493500,0.037,0.011,0.952
494000,0.039,0.002,0.959
494500,0.053,0.003,0.944
495000,0.028,0.028,0.944
495500,0.019,0.011,0.970
496000,0.039,0.043,0.918
496500,0.010,0.014,0.976
497000,0.012,0.023,0.965
497500,0.060,0.008,0.932
498000,0.016,0.012,0.972
498500,0.010,0.034,0.956
499000,0.014,0.020,0.966
499500,0.028,0.009,0.963
500000,0.052,0.003,0.945
500500,0.036,0.001,0.963
501000,0.041,0.019,0.940
501500,0.025,0.016,0.959
502000,0.017,0.019,0.964
502500,0.034,0.017,0.949
503000,0.084,0.032,0.884
503500,0.055,0.009,0.936
504000,0.032,0.003,0.965
504500,0.016,0.010,0.974
505000,0.044,0.032,0.924
505500,0.017,0.022,0.961
506000,0.024,0.020,0.956
506500,0.022,0.021,0.957
507000,0.034,0.006,0.960
507500,0.034,0.005,0.961
508000,0.037,0.043,0.920
508500,0.010,0.050,0.940
509000,0.028,0.040,0.932
509500,0.049,0.006,0.945
510000,0.030,0.004,0.966
510500,0.048,0.010,0.942
511000,0.050,0.022,0.928
511500,0.011,0.046,0.943
512000,0.076,0.001,0.923
512500,0.048,0.006,0.946
513000,0.026,0.029,0.945
513500,0.075,0.005,0.920
514000,0.020,0.029,0.951
514500,0.039,0.000,0.961
515000,0.053,0.007,0.940
515500,0.015,0.000,0.985
516000,0.060,0.001,0.939
516500,0.042,0.005,0.953
517000,0.055,0.003,0.942
517500,0.038,0.038,0.924
518000,0.062,0.001,0.937
518500,0.067,0.011,0.922
519000,0.026,0.040,0.934
519500,0.038,0.021,0.941
520000,0.027,0.041,0.932
520500,0.010,0.043,0.947
521000,0.082,0.003,0.915
521500,0.034,0.000,0.966
522000,0.015,0.013,0.972
522500,0.018,0.009,0.973
523000,0.042,0.027,0.931
523500,0.047,0.003,0.950
524000,0.028,0.002,0.970
524500,0.054,0.018,0.928
525000,0.044,0.004,0.952
525500,0.013,0.026,0.961
526000,0.053,0.015,0.932
526500,0.060,0.000,0.940
527000,0.046,0.021,0.933
527500,0.065,0.026,0.909
528000,0.039,0.022,0.939
528500,0.014,0.029,0.957
529000,0.034,0.024,0.942
529500,0.017,0.002,0.981
530000,0.055,0.001,0.944
530500,0.035,0.010,0.955
531000,0.010,0.022,0.968
531500,0.014,0.007,0.979
532000,0.048,0.004,0.948
532500,0.031,0.008,0.961
533000,0.027,0.012,0.961
533500,0.037,0.005,0.958
534000,0.031,0.019,0.950
534500,0.043,0.016,0.941
535000,0.025,0.036,0.939
535500,0.041,0.016,0.943
536000,0.017,0.021,0.962
536500,0.015,0.012,0.973
537000,0.018,0.039,0.943
537500,0.017,0.012,0.971
538000,0.012,0.034,0.954
538500,0.023,0.053,0.924
539000,0.038,0.005,0.957
539500,0.018,0.028,0.954
540000,0.033,0.000,0.967
540500,0.067,0.001,0.932
541000,0.012,0.093,0.895
541500,0.035,0.000,0.965
542000,0.018,0.000,0.982
542500,0.048,0.024,0.928
543000,0.032,0.025,0.943
543500,0.038,0.002,0.960
544000,0.040,0.005,0.955
544500,0.056,0.008,0.936
545000,0.035,0.021,0.944
545500,0.034,0.023,0.943
546000,0.016,0.006,0.978
546500,0.026,0.007,0.967
547000,0.012,0.056,0.932
547500,0.020,0.033,0.947
548000,0.013,0.018,0.969
548500,0.014,0.008,0.978
549000,0.015,0.040,0.945
549500,0.046,0.028,0.926
550000,0.023,0.029,0.948
550500,0.020,0.019,0.961
551000,0.057,0.002,0.941
551500,0.042,0.024,0.934
552000,0.026,0.018,0.956
552500,0.013,0.022,0.965
553000,0.015,0.030,0.955
553500,0.010,0.066,0.924
554000,0.054,0.028,0.918
554500,0.014,0.010,0.976
555000,0.012,0.057,0.931
555500,0.012,0.014,0.974
556000,0.034,0.002,0.964
556500,0.038,0.005,0.957
557000,0.065,0.022,0.913
557500,0.070,0.004,0.926
558000,0.021,0.000,0.979
558500,0.053,0.003,0.944
559000,0.024,0.001,0.975
559500,0.024,0.020,0.956
560000,0.048,0.034,0.918
560500,0.011,0.045,0.944
561000,0.018,0.042,0.940
561500,0.023,0.026,0.951
562000,0.095,0.011,0.894
562500,0.066,0.000,0.934
563000,0.021,0.004,0.975
563500,0.012,0.038,0.950
564000,0.010,0.019,0.971
564500,0.017,0.021,0.962
565000,0.058,0.023,0.919
565500,0.027,0.021,0.952
566000,0.031,0.042,0.927
566500,0.013,0.030,0.957
567000,0.032,0.023,0.945
567500,0.042,0.021,0.937
568000,0.012,0.008,0.980
568500,0.031,0.023,0.946
569000,0.044,0.002,0.954
569500,0.023,0.058,0.919
570000,0.010,0.002,0.988
570500,0.020,0.038,0.942
571000,0.027,0.010,0.963
571500,0.025,0.032,0.943
572000,0.022,0.060,0.918
572500,0.023,0.042,0.935
573000,0.014,0.023,0.963
573500,0.031,0.049,0.920
574000,0.027,0.022,0.951
574500,0.054,0.011,0.935
575000,0.044,0.008,0.948
575500,0.029,0.031,0.940
576000,0.010,0.034,0.956
576500,0.018,0.000,0.982
577000,0.018,0.023,0.959
577500,0.042,0.017,0.941
578000,0.076,0.008,0.916
578500,0.041,0.009,0.950
579000,0.011,0.038,0.951
579500,0.015,0.040,0.945
580000,0.023,0.001,0.976
580500,0.032,0.000,0.968
581000,0.046,0.023,0.931
581500,0.041,0.005,0.954
582000,0.045,0.009,0.946
582500,0.050,0.028,0.922
583000,0.026,0.008,0.966
583500,0.043,0.028,0.929
584000,0.012,0.028,0.960
584500,0.010,0.025,0.965
585000,0.048,0.000,0.952
585500,0.019,0.025,0.956
586000,0.025,0.043,0.932
586500,0.024,0.032,0.944
587000,0.015,0.024,0.961
587500,0.011,0.039,0.950
588000,0.010,0.028,0.962
588500,0.011,0.031,0.958
589000,0.038,0.012,0.950
589500,0.069,0.003,0.928
590000,0.021,0.058,0.921
590500,0.050,0.002,0.948
591000,0.115,0.002,0.883
591500,0.021,0.040,0.939
592000,0.023,0.022,0.955
592500,0.036,0.001,0.963
593000,0.058,0.004,0.938
593500,0.021,0.055,0.924
594000,0.017,0.036,0.947
594500,0.018,0.020,0.962
595000,0.046,0.005,0.949
595500,0.054,0.008,0.938
596000,0.038,0.031,0.931
596500,0.118,0.001,0.881
597000,0.024,0.032,0.944
597500,0.051,0.026,0.923
598000,0.017,0.012,0.971
598500,0.011,0.046,0.943
599000,0.037,0.019,0.944
599500,0.066,0.003,0.931
600000,0.037,0.002,0.961
600500,0.021,0.047,0.932
601000,0.038,0.015,0.947
601500,0.010,0.049,0.941
602000,0.060,0.001,0.939
602500,0.048,0.018,0.934
603000,0.050,0.027,0.923
603500,0.046,0.008,0.946
604000,0.064,0.000,0.936
604500,0.048,0.003,0.949
605000,0.018,0.036,0.946
605500,0.025,0.000,0.975
606000,0.012,0.037,0.951
606500,0.054,0.012,0.934
607000,0.058,0.000,0.942
607500,0.019,0.017,0.964
608000,0.019,0.009,0.972
608500,0.023,0.030,0.947
609000,0.040,0.002,0.958
609500,0.049,0.000,0.951
610000,0.055,0.009,0.936
610500,0.015,0.006,0.979
611000,0.028,0.000,0.972
611500,0.041,0.010,0.949
612000,0.066,0.012,0.922
612500,0.036,0.014,0.950
613000,0.034,0.035,0.931
613500,0.021,0.017,0.962
614000,0.021,0.000,0.979
614500,0.031,0.007,0.962
615000,0.029,0.012,0.959
615500,0.037,0.006,0.957
616000,0.033,0.077,0.890
616500,0.042,0.014,0.944
617000,0.014,0.043,0.943
617500,0.029,0.026,0.945
618000,0.077,0.030,0.893
618500,0.041,0.029,0.930
619000,0.039,0.000,0.961
619500,0.032,0.001,0.967
620000,0.034,0.004,0.962
620500,0.037,0.044,0.919
621000,0.016,0.039,0.945
621500,0.048,0.003,0.949
622000,0.039,0.016,0.945
622500,0.024,0.026,0.950
623000,0.067,0.002,0.931
623500,0.053,0.000,0.947
624000,0.034,0.001,0.965
624500,0.017,0.037,0.946
625000,0.035,0.010,0.955
625500,0.042,0.013,0.945
626000,0.013,0.011,0.976
626500,0.020,0.001,0.979
627000,0.052,0.013,0.935
627500,0.029,0.024,0.947
628000,0.036,0.009,0.955
628500,0.017,0.016,0.967
629000,0.026,0.025,0.949
629500,0.040,0.008,0.952
630000,0.077,0.000,0.923
630500,0.050,0.029,0.921
631000,0.020,0.063,0.917
631500,0.061,0.002,0.937
632000,0.066,0.003,0.931
632500,0.023,0.000,0.977
633000,0.020,0.032,0.948
633500,0.044,0.026,0.930
634000,0.023,0.004,0.973
634500,0.014,0.025,0.961
635000,0.035,0.022,0.943
635500,0.010,0.029,0.961
636000,0.016,0.003,0.981
636500,0.018,0.010,0.972
637000,0.040,0.029,0.931
637500,0.050,0.024,0.926
638000,0.072,0.000,0.928
638500,0.055,0.006,0.939
639000,0.062,0.000,0.938
639500,0.014,0.008,0.978
640000,0.034,0.019,0.947
640500,0.028,0.037,0.935
641000,0.033,0.001,0.966
641500,0.024,0.010,0.966
642000,0.031,0.004,0.965
642500,0.024,0.053,0.923
643000,0.015,0.017,0.968
643500,0.046,0.008,0.946
644000,0.030,0.005,0.965
644500,0.033,0.001,0.966
645000,0.013,0.026,0.961
645500,0.022,0.007,0.971
646000,0.021,0.010,0.969
646500,0.028,0.013,0.959
647000,0.042,0.025,0.933
647500,0.028,0.004,0.968
648000,0.069,0.002,0.929
648500,0.010,0.036,0.954
649000,0.032,0.016,0.952
649500,0.020,0.026,0.954
650000,0.030,0.041,0.929
650500,0.036,0.063,0.901
651000,0.013,0.035,0.952
651500,0.029,0.007,0.964
652000,0.025,0.028,0.947
652500,0.026,0.004,0.970
653000,0.057,0.000,0.943
653500,0.036,0.000,0.964
654000,0.017,0.000,0.983
654500,0.019,0.023,0.958
655000,0.064,0.003,0.933
655500,0.031,0.000,0.969
656000,0.061,0.000,0.939
656500,0.020,0.040,0.940
657000,0.026,0.020,0.954
657500,0.016,0.027,0.957
658000,0.025,0.020,0.955
658500,0.067,0.003,0.930
659000,0.012,0.011,0.977
659500,0.015,0.002,0.983
660000,0.020,0.029,0.951
660500,0.010,0.026,0.964
661000,0.049,0.006,0.945
661500,0.011,0.038,0.951
662000,0.053,0.044,0.903
662500,0.031,0.025,0.944
663000,0.050,0.011,0.939
663500,0.032,0.012,0.956
664000,0.021,0.012,0.967
664500,0.014,0.032,0.954
665000,0.029,0.015,0.956
665500,0.011,0.001,0.988
666000,0.021,0.010,0.969
666500,0.037,0.023,0.940
667000,0.033,0.028,0.939
667500,0.047,0.001,0.952
668000,0.023,0.031,0.946
668500,0.048,0.021,0.931
669000,0.024,0.017,0.959
669500,0.071,0.020,0.909
670000,0.036,0.000,0.964
670500,0.023,0.034,0.943
671000,0.027,0.021,0.952
671500,0.010,0.039,0.951
672000,0.017,0.005,0.978
672500,0.011,0.003,0.986
673000,0.059,0.017,0.924
673500,0.070,0.006,0.924
674000,0.059,0.001,0.940
674500,0.048,0.002,0.950
675000,0.010,0.053,0.937
675500,0.015,0.004,0.981
676000,0.026,0.018,0.956
676500,0.040,0.011,0.949
677000,0.067,0.003,0.930
677500,0.029,0.017,0.954
678000,0.018,0.032,0.950
678500,0.027,0.012,0.961
679000,0.038,0.008,0.954
679500,0.012,0.044,0.944
680000,0.030,0.009,0.961
680500,0.028,0.027,0.945
681000,0.014,0.025,0.961
681500,0.017,0.023,0.960
682000,0.026,0.009,0.965
682500,0.016,0.033,0.951
683000,0.010,0.047,0.943
683500,0.036,0.015,0.949
684000,0.019,0.033,0.948
684500,0.018,0.003,0.979
685000,0.014,0.009,0.977
685500,0.033,0.028,0.939
686000,0.011,0.028,0.961
686500,0.021,0.064,0.915
687000,0.040,0.029,0.931
687500,0.048,0.002,0.950
688000,0.012,0.026,0.962
688500,0.026,0.030,0.944
689000,0.012,0.055,0.933
689500,0.076,0.003,0.921
690000,0.026,0.000,0.974
690500,0.041,0.019,0.940
691000,0.016,0.000,0.984
691500,0.011,0.063,0.926
692000,0.039,0.002,0.959
692500,0.013,0.014,0.973
693000,0.069,0.000,0.931
693500,0.028,0.035,0.937
694000,0.043,0.012,0.945
694500,0.027,0.000,0.973
695000,0.045,0.000,0.955
695500,0.024,0.017,0.959
696000,0.011,0.008,0.981
696500,0.071,0.029,0.900
697000,0.030,0.036,0.934
697500,0.018,0.020,0.962
698000,0.045,0.009,0.946
698500,0.019,0.000,0.981
699000,0.049,0.007,0.944
699500,0.037,0.007,0.956
700000,0.035,0.028,0.937
700500,0.052,0.017,0.931
701000,0.049,0.000,0.951
701500,0.020,0.011,0.969
702000,0.050,0.014,0.936
702500,0.039,0.018,0.943
703000,0.062,0.002,0.936
703500,0.011,0.018,0.971
704000,0.044,0.029,0.927
704500,0.049,0.022,0.929
705000,0.039,0.028,0.933
705500,0.010,0.038,0.952
706000,0.055,0.011,0.934
706500,0.038,0.016,0.946
707000,0.031,0.001,0.968
707500,0.044,0.000,0.956
708000,0.034,0.016,0.950
708500,0.036,0.003,0.961
709000,0.046,0.026,0.928
709500,0.019,0.012,0.969
710000,0.052,0.001,0.947
710500,0.046,0.005,0.949
711000,0.020,0.013,0.967
711500,0.020,0.024,0.956
712000,0.058,0.003,0.939
712500,0.043,0.026,0.931
713000,0.014,0.043,0.943
713500,0.048,0.016,0.936
714000,0.016,0.004,0.980
714500,0.087,0.003,0.910
715000,0.024,0.009,0.967
715500,0.105,0.004,0.891
716000,0.013,0.005,0.982
716500,0.049,0.036,0.915
717000,0.034,0.019,0.947
717500,0.022,0.022,0.956
718000,0.025,0.039,0.936
718500,0.015,0.058,0.927
719000,0.017,0.008,0.975
719500,0.030,0.009,0.961
720000,0.024,0.019,0.957
720500,0.060,0.001,0.939
721000,0.026,0.002,0.972
721500,0.045,0.007,0.948
722000,0.010,0.034,0.956
722500,0.028,0.007,0.965
723000,0.011,0.037,0.952
723500,0.011,0.007,0.982
724000,0.030,0.000,0.970
724500,0.048,0.002,0.950
725000,0.027,0.034,0.939
725500,0.027,0.016,0.957
726000,0.083,0.014,0.903
726500,0.036,0.039,0.925
727000,0.065,0.004,0.931
727500,0.034,0.014,0.952
728000,0.062,0.000,0.938
728500,0.071,0.003,0.926
729000,0.032,0.051,0.917
729500,0.024,0.021,0.955
730000,0.012,0.024,0.964
730500,0.031,0.017,0.952
731000,0.084,0.023,0.893
731500,0.056,0.001,0.943
732000,0.023,0.042,0.935
732500,0.062,0.003,0.935
733000,0.037,0.010,0.953
733500,0.018,0.020,0.962
734000,0.010,0.005,0.985
734500,0.029,0.001,0.970
735000,0.056,0.000,0.944
735500,0.031,0.046,0.923
736000,0.025,0.030,0.945
736500,0.029,0.011,0.960
737000,0.023,0.052,0.925
737500,0.019,0.000,0.981
738000,0.063,0.001,0.936
738500,0.025,0.038,0.937
739000,0.014,0.008,0.978
739500,0.044,0.022,0.934
740000,0.034,0.030,0.936
740500,0.010,0.008,0.982
741000,0.036,0.010,0.954
741500,0.053,0.008,0.939
742000,0.041,0.001,0.958
742500,0.022,0.010,0.968
743000,0.054,0.018,0.928
743500,0.012,0.047,0.941
744000,0.012,0.077,0.911
744500,0.013,0.045,0.942
745000,0.025,0.030,0.945
745500,0.044,0.020,0.936
746000,0.020,0.003,0.977
746500,0.036,0.029,0.935
747000,0.017,0.001,0.982
747500,0.049,0.008,0.943
748000,0.035,0.010,0.955
748500,0.039,0.018,0.943
749000,0.016,0.007,0.977
749500,0.052,0.004,0.944
750000,0.046,0.002,0.952
750500,0.079,0.000,0.921
751000,0.017,0.003,0.980
751500,0.036,0.023,0.941
752000,0.034,0.021,0.945
752500,0.051,0.001,0.948
753000,0.057,0.000,0.943
753500,0.026,0.007,0.967
754000,0.025,0.039,0.936
754500,0.020,0.010,0.970
755000,0.012,0.008,0.980
755500,0.028,0.003,0.969
756000,0.041,0.000,0.959
756500,0.029,0.042,0.929
757000,0.013,0.041,0.946
757500,0.024,0.021,0.955
758000,0.043,0.003,0.954
758500,0.033,0.000,0.967
759000,0.036,0.024,0.940
759500,0.020,0.000,0.980
760000,0.031,0.009,0.960
760500,0.010,0.058,0.932
761000,0.038,0.000,0.962
761500,0.107,0.000,0.893
762000,0.018,0.020,0.962
762500,0.030,0.007,0.963
763000,0.020,0.024,0.956
763500,0.037,0.001,0.962
764000,0.029,0.018,0.953
764500,0.017,0.004,0.979
765000,0.044,0.029,0.927
765500,0.010,0.055,0.935
766000,0.084,0.002,0.914
766500,0.015,0.030,0.955
767000,0.026,0.022,0.952
767500,0.011,0.012,0.977
768000,0.038,0.014,0.948
768500,0.047,0.018,0.935
769000,0.059,0.000,0.941
769500,0.058,0.000,0.942
770000,0.023,0.021,0.956
770500,0.042,0.005,0.953
771000,0.021,0.003,0.976
771500,0.066,0.037,0.897
772000,0.019,0.000,0.981
772500,0.014,0.046,0.940
773000,0.034,0.042,0.924
773500,0.020,0.000,0.980
774000,0.048,0.012,0.940
774500,0.056,0.001,0.943
775000,0.044,0.036,0.920
775500,0.034,0.018,0.948
776000,0.043,0.000,0.957
776500,0.052,0.017,0.931
777000,0.045,0.002,0.953
777500,0.031,0.001,0.968
778000,0.031,0.008,0.961
778500,0.017,0.008,0.975
779000,0.059,0.015,0.926
779500,0.033,0.008,0.959
780000,0.011,0.008,0.981
780500,0.029,0.018,0.953
781000,0.083,0.017,0.900
781500,0.017,0.001,0.982
782000,0.076,0.020,0.904
782500,0.058,0.042,0.900
783000,0.012,0.042,0.946
783500,0.024,0.001,0.975
784000,0.049,0.023,0.928
784500,0.111,0.002,0.887
785000,0.048,0.033,0.919
785500,0.060,0.008,0.932
786000,0.033,0.011,0.956
786500,0.052,0.035,0.913
787000,0.035,0.030,0.935
787500,0.013,0.024,0.963
788000,0.038,0.004,0.958
788500,0.064,0.000,0.936
789000,0.073,0.015,0.912
789500,0.012,0.060,0.928
790000,0.064,0.001,0.935
790500,0.032,0.012,0.956
791000,0.046,0.006,0.948
791500,0.037,0.004,0.959
792000,0.058,0.002,0.940
792500,0.033,0.031,0.936
793000,0.031,0.018,0.951
793500,0.018,0.029,0.953
794000,0.016,0.024,0.960
794500,0.025,0.027,0.948
795000,0.042,0.000,0.958
795500,0.061,0.041,0.898
796000,0.054,0.002,0.944
796500,0.020,0.022,0.958
797000,0.045,0.009,0.946
797500,0.011,0.051,0.938
798000,0.017,0.064,0.919
798500,0.032,0.004,0.964
799000,0.013,0.025,0.962
799500,0.030,0.008,0.962
800000,0.023,0.030,0.947
800500,0.088,0.002,0.910
801000,0.036,0.003,0.961
801500,0.049,0.002,0.949
802000,0.010,0.021,0.969
802500,0.040,0.025,0.935
803000,0.030,0.003,0.967
803500,0.039,0.017,0.944
804000,0.101,0.005,0.894
804500,0.016,0.006,0.978
805000,0.041,0.016,0.943
805500,0.026,0.018,0.956
806000,0.070,0.004,0.926
806500,0.047,0.011,0.942
807000,0.050,0.026,0.924
807500,0.052,0.006,0.942
808000,0.025,0.023,0.952
808500,0.067,0.000,0.933
809000,0.066,0.017,0.917
809500,0.011,0.034,0.955
810000,0.016,0.022,0.962
810500,0.031,0.001,0.968
811000,0.027,0.002,0.971
811500,0.011,0.009,0.980
812000,0.053,0.023,0.924
812500,0.033,0.014,0.953
813000,0.054,0.000,0.946
813500,0.022,0.022,0.956
814000,0.023,0.039,0.938
814500,0.060,0.005,0.935
815000,0.022,0.008,0.970
815500,0.031,0.024,0.945
816000,0.019,0.002,0.979
816500,0.029,0.027,0.944
817000,0.035,0.000,0.965
817500,0.032,0.016,0.952
818000,0.017,0.014,0.969
818500,0.049,0.007,0.944
819000,0.039,0.000,0.961
819500,0.088,0.000,0.912
820000,0.030,0.008,0.962
820500,0.038,0.000,0.962
821000,0.038,0.028,0.934
821500,0.023,0.023,0.954
822000,0.027,0.041,0.932
822500,0.073,0.011,0.916
823000,0.022,0.020,0.958
823500,0.011,0.048,0.941
824000,0.038,0.009,0.953
824500,0.036,0.002,0.962
825000,0.062,0.000,0.938
825500,0.014,0.020,0.966
826000,0.027,0.017,0.956
826500,0.033,0.004,0.963
827000,0.017,0.058,0.925
827500,0.040,0.006,0.954
828000,0.059,0.002,0.939
828500,0.045,0.008,0.947
829000,0.037,0.027,0.936
829500,0.019,0.022,0.959
830000,0.027,0.020,0.953
830500,0.028,0.035,0.937
831000,0.017,0.031,0.952
831500,0.029,0.007,0.964
832000,0.029,0.018,0.953
832500,0.041,0.017,0.942
833000,0.021,0.011,0.968
833500,0.044,0.002,0.954
834000,0.020,0.003,0.977
834500,0.029,0.003,0.968
835000,0.026,0.009,0.965
835500,0.030,0.010,0.960
836000,0.018,0.031,0.951
836500,0.030,0.046,0.924
837000,0.013,0.021,0.966
837500,0.048,0.004,0.948
838000,0.035,0.001,0.964
838500,0.043,0.022,0.935
839000,0.051,0.025,0.924
839500,0.053,0.016,0.931
840000,0.035,0.014,0.951
840500,0.075,0.000,0.925
841000,0.019,0.028,0.953
841500,0.043,0.000,0.957
842000,0.018,0.034,0.948
842500,0.019,0.012,0.969
843000,0.014,0.046,0.940
843500,0.109,0.001,0.890
844000,0.066,0.022,0.912
844500,0.042,0.000,0.958
845000,0.070,0.000,0.930
845500,0.024,0.004,0.972
846000,0.019,0.012,0.969
846500,0.023,0.004,0.973
847000,0.044,0.019,0.937
847500,0.029,0.003,0.968
848000,0.055,0.002,0.943
848500,0.040,0.004,0.956
849000,0.081,0.009,0.910
849500,0.014,0.028,0.958
850000,0.084,0.001,0.915
850500,0.049,0.019,0.932
851000,0.058,0.003,0.939
851500,0.047,0.003,0.950
852000,0.014,0.023,0.963
852500,0.053,0.006,0.941
853000,0.049,0.000,0.951
853500,0.025,0.021,0.954
854000,0.028,0.014,0.958
854500,0.088,0.000,0.912
855000,0.069,0.001,0.930
855500,0.041,0.000,0.959
856000,0.057,0.002,0.941
856500,0.135,0.000,0.865
857000,0.039,0.038,0.923
857500,0.052,0.022,0.926
858000,0.010,0.074,0.916
858500,0.014,0.022,0.964
859000,0.015,0.033,0.952
859500,0.040,0.062,0.898
860000,0.020,0.003,0.977
860500,0.034,0.021,0.945
861000,0.048,0.024,0.928
861500,0.024,0.017,0.959
862000,0.039,0.000,0.961
862500,0.071,0.003,0.926
863000,0.020,0.018,0.962
863500,0.021,0.022,0.957
864000,0.042,0.002,0.956
864500,0.029,0.021,0.950
865000,0.032,0.017,0.951
865500,0.023,0.013,0.964
866000,0.022,0.015,0.963
866500,0.017,0.029,0.954
867000,0.010,0.071,0.919
867500,0.076,0.001,0.923
868000,0.010,0.063,0.927
868500,0.064,0.012,0.924
869000,0.014,0.057,0.929
869500,0.101,0.000,0.899
870000,0.033,0.000,0.967
870500,0.058,0.024,0.918
871000,0.059,0.015,0.926
871500,0.020,0.008,0.972
872000,0.032,0.029,0.939
872500,0.024,0.022,0.954
873000,0.010,0.003,0.987
873500,0.029,0.000,0.971
874000,0.010,0.037,0.953
874500,0.042,0.019,0.939
875000,0.021,0.015,0.964
875500,0.031,0.038,0.931
876000,0.034,0.005,0.961
876500,0.017,0.031,0.952
877000,0.030,0.026,0.944
877500,0.069,0.005,0.926
878000,0.026,0.016,0.958
878500,0.010,0.057,0.933
879000,0.031,0.041,0.928
879500,0.031,0.008,0.961
880000,0.042,0.002,0.956
880500,0.024,0.041,0.935
881000,0.017,0.017,0.966
881500,0.030,0.029,0.941
882000,0.044,0.034,0.922
882500,0.010,0.050,0.940
883000,0.059,0.017,0.924
883500,0.010,0.028,0.962
884000,0.020,0.013,0.967
884500,0.041,0.047,0.912
885000,0.020,0.028,0.952
885500,0.060,0.035,0.905
886000,0.012,0.012,0.976
886500,0.013,0.024,0.963
887000,0.017,0.013,0.970
887500,0.013,0.012,0.975
888000,0.017,0.012,0.971
888500,0.028,0.001,0.971
889000,0.010,0.019,0.971
889500,0.029,0.005,0.966
890000,0.035,0.014,0.951
890500,0.038,0.023,0.939
891000,0.036,0.000,0.964
891500,0.047,0.027,0.926
892000,0.031,0.017,0.952
892500,0.015,0.034,0.951
893000,0.038,0.052,0.910
893500,0.011,0.022,0.967
894000,0.010,0.032,0.958
894500,0.030,0.026,0.944
895000,0.020,0.012,0.968
895500,0.073,0.024,0.903
896000,0.068,0.007,0.925
896500,0.013,0.074,0.913
897000,0.015,0.011,0.974
897500,0.021,0.017,0.962
898000,0.013,0.016,0.971
898500,0.021,0.000,0.979
899000,0.036,0.000,0.964
899500,0.024,0.016,0.960
900000,0.024,0.000,0.976
900500,0.017,0.015,0.968
901000,0.045,0.012,0.943
901500,0.033,0.009,0.958
902000,0.045,0.001,0.954
902500,0.105,0.008,0.887
903000,0.046,0.027,0.927
903500,0.041,0.009,0.950
904000,0.048,0.028,0.924
904500,0.044,0.019,0.937
905000,0.027,0.023,0.950
905500,0.061,0.018,0.921
906000,0.049,0.016,0.935
906500,0.033,0.007,0.960
907000,0.071,0.000,0.929
907500,0.050,0.005,0.945
908000,0.061,0.006,0.933
908500,0.025,0.000,0.975
909000,0.058,0.006,0.936
909500,0.053,0.004,0.943
910000,0.036,0.000,0.964
910500,0.021,0.009,0.970
911000,0.014,0.020,0.966
911500,0.018,0.010,0.972
912000,0.011,0.050,0.939
912500,0.049,0.029,0.922
913000,0.046,0.012,0.942
913500,0.043,0.005,0.952
914000,0.011,0.056,0.933
914500,0.028,0.004,0.968
915000,0.056,0.000,0.944
915500,0.021,0.013,0.966
916000,0.038,0.004,0.958
916500,0.041,0.007,0.952
917000,0.024,0.013,0.963
917500,0.061,0.013,0.926
918000,0.029,0.004,0.967
918500,0.041,0.000,0.959
919000,0.049,0.008,0.943
919500,0.024,0.006,0.970
920000,0.037,0.003,0.960
920500,0.052,0.000,0.948
921000,0.021,0.023,0.956
921500,0.036,0.042,0.922
922000,0.015,0.019,0.966
922500,0.050,0.007,0.943
923000,0.029,0.000,0.971
923500,0.031,0.000,0.969
924000,0.057,0.017,0.926
924500,0.013,0.034,0.953
925000,0.017,0.051,0.932
925500,0.011,0.019,0.970
926000,0.055,0.000,0.945
926500,0.021,0.012,0.967
927000,0.062,0.005,0.933
927500,0.063,0.009,0.928
928000,0.012,0.017,0.971
928500,0.057,0.001,0.942
929000,0.031,0.025,0.944
929500,0.027,0.008,0.965
930000,0.024,0.017,0.959
930500,0.019,0.046,0.935
931000,0.015,0.018,0.967
931500,0.033,0.000,0.967
932000,0.018,0.028,0.954
932500,0.048,0.002,0.950
933000,0.057,0.005,0.938
933500,0.057,0.003,0.940
934000,0.037,0.029,0.934
934500,0.022,0.020,0.958
935000,0.038,0.004,0.958
935500,0.011,0.039,0.950
936000,0.043,0.000,0.957
936500,0.045,0.000,0.955
937000,0.048,0.006,0.946
937500,0.072,0.010,0.918
938000,0.016,0.010,0.974
938500,0.067,0.017,0.916
939000,0.023,0.000,0.977
939500,0.013,0.084,0.903
940000,0.031,0.039,0.930
940500,0.043,0.001,0.956
941000,0.018,0.000,0.982
941500,0.141,0.000,0.859
942000,0.051,0.008,0.941
942500,0.022,0.000,0.978
943000,0.064,0.004,0.932
943500,0.059,0.000,0.941
944000,0.038,0.003,0.959
944500,0.059,0.002,0.939
945000,0.055,0.017,0.928
945500,0.039,0.005,0.956
946000,0.025,0.070,0.905
946500,0.020,0.047,0.933
947000,0.015,0.038,0.947
947500,0.036,0.002,0.962
948000,0.068,0.001,0.931
948500,0.013,0.025,0.962
949000,0.026,0.038,0.936
949500,0.041,0.019,0.940
950000,0.045,0.000,0.955
950500,0.071,0.001,0.928
951000,0.018,0.020,0.962
951500,0.035,0.003,0.962
952000,0.072,0.002,0.926
952500,0.051,0.001,0.948
953000,0.033,0.011,0.956
953500,0.012,0.029,0.959
954000,0.024,0.021,0.955
954500,0.031,0.000,0.969
955000,0.073,0.022,0.905
955500,0.059,0.004,0.937
956000,0.028,0.021,0.951
956500,0.036,0.006,0.958
957000,0.057,0.011,0.932
957500,0.041,0.019,0.940
958000,0.084,0.023,0.893
958500,0.035,0.000,0.965
959000,0.064,0.001,0.935
959500,0.042,0.008,0.950
960000,0.025,0.046,0.929
960500,0.032,0.018,0.950
961000,0.041,0.021,0.938
961500,0.021,0.003,0.976
962000,0.051,0.013,0.936
962500,0.035,0.022,0.943
963000,0.078,0.000,0.922
963500,0.042,0.004,0.954
964000,0.042,0.010,0.948
964500,0.030,0.024,0.946
965000,0.019,0.051,0.930
965500,0.042,0.023,0.935
966000,0.037,0.021,0.942
966500,0.043,0.004,0.953
967000,0.019,0.030,0.951
967500,0.022,0.000,0.978
968000,0.031,0.023,0.946
968500,0.011,0.033,0.956
969000,0.023,0.002,0.975
969500,0.039,0.017,0.944
970000,0.079,0.008,0.913
970500,0.051,0.000,0.949
971000,0.016,0.024,0.960
971500,0.044,0.006,0.950
972000,0.031,0.020,0.949
972500,0.023,0.009,0.968
973000,0.031,0.040,0.929
973500,0.026,0.023,0.951
974000,0.010,0.036,0.954
974500,0.016,0.033,0.951
975000,0.011,0.034,0.955
975500,0.038,0.043,0.919
976000,0.025,0.008,0.967
976500,0.033,0.033,0.934
977000,0.016,0.019,0.965
977500,0.037,0.039,0.924
978000,0.049,0.018,0.933
978500,0.015,0.022,0.963
979000,0.012,0.049,0.939
979500,0.039,0.000,0.961
980000,0.025,0.007,0.968
980500,0.034,0.015,0.951
981000,0.017,0.008,0.975
981500,0.071,0.004,0.925
982000,0.021,0.012,0.967
982500,0.044,0.011,0.945
983000,0.013,0.042,0.945
983500,0.042,0.001,0.957
984000,0.045,0.001,0.954
984500,0.070,0.016,0.914
985000,0.011,0.016,0.973
985500,0.023,0.004,0.973
986000,0.047,0.003,0.950
986500,0.054,0.000,0.946
987000,0.019,0.024,0.957
987500,0.039,0.012,0.949
988000,0.034,0.026,0.940
988500,0.059,0.038,0.903
989000,0.023,0.011,0.966
989500,0.010,0.002,0.988
990000,0.011,0.014,0.975
990500,0.054,0.023,0.923
991000,0.044,0.014,0.942
991500,0.079,0.000,0.921
992000,0.040,0.020,0.940
992500,0.012,0.036,0.952
993000,0.052,0.026,0.922
993500,0.057,0.003,0.940
994000,0.044,0.020,0.936
994500,0.067,0.013,0.920
995000,0.064,0.001,0.935
995500,0.044,0.003,0.953
996000,0.062,0.016,0.922
996500,0.047,0.008,0.945
997000,0.010,0.009,0.981
997500,0.012,0.033,0.955
998000,0.015,0.001,0.984
998500,0.012,0.026,0.962
999000,0.034,0.008,0.958
999500,0.015,0.021,0.964
1000000,0.049,0.013,0.938
