time,n_A+p,n_B,n_AB
500,0.050,0.619,0.331
1000,0.050,0.481,0.469
1500,0.050,0.343,0.607
2000,0.050,0.389,0.561
2500,0.062,0.244,0.694
3000,0.070,0.293,0.637
3500,0.050,0.368,0.582
4000,0.050,0.430,0.520
4500,0.051,0.393,0.556
5000,0.050,0.407,0.543
5500,0.050,0.382,0.568
6000,0.050,0.333,0.617
6500,0.051,0.374,0.575
7000,0.052,0.426,0.522
7500,0.050,0.410,0.540
8000,0.050,0.388,0.562
8500,0.050,0.308,0.642
9000,0.051,0.350,0.599
9500,0.050,0.311,0.639
10000,0.050,0.371,0.579
10500,0.050,0.417,0.533
11000,0.050,0.386,0.564
11500,0.050,0.432,0.518
12000,0.050,0.444,0.506
12500,0.050,0.463,0.487
13000,0.050,0.353,0.597
13500,0.050,0.487,0.463
14000,0.050,0.365,0.585
14500,0.058,0.294,0.648
15000,0.050,0.390,0.560
15500,0.050,0.396,0.554
16000,0.050,0.414,0.536
16500,0.050,0.359,0.591
17000,0.050,0.306,0.644
17500,0.050,0.355,0.595
18000,0.050,0.440,0.510
18500,0.050,0.411,0.539
19000,0.050,0.383,0.567
19500,0.053,0.364,0.583
20000,0.062,0.313,0.625
20500,0.054,0.322,0.624
21000,0.050,0.475,0.475
21500,0.050,0.417,0.533
22000,0.051,0.360,0.589
22500,0.052,0.413,0.535
23000,0.050,0.338,0.612
23500,0.050,0.424,0.526
24000,0.050,0.526,0.424
24500,0.050,0.440,0.510
25000,0.054,0.413,0.533
25500,0.050,0.383,0.567
26000,0.050,0.436,0.514
26500,0.050,0.426,0.524
27000,0.050,0.358,0.592
27500,0.050,0.370,0.580
28000,0.050,0.300,0.650
28500,0.056,0.324,0.620
29000,0.053,0.384,0.563
29500,0.073,0.243,0.684
30000,0.051,0.335,0.614
30500,0.050,0.356,0.594
31000,0.051,0.384,0.565
31500,0.050,0.407,0.543
32000,0.053,0.335,0.612
32500,0.050,0.338,0.612
33000,0.050,0.400,0.550
33500,0.050,0.414,0.536
34000,0.050,0.366,0.584
34500,0.076,0.270,0.654
35000,0.056,0.314,0.630
35500,0.051,0.280,0.669
36000,0.051,0.413,0.536
36500,0.053,0.311,0.636
37000,0.050,0.317,0.633
37500,0.050,0.289,0.661
38000,0.074,0.231,0.695
38500,0.067,0.220,0.713
39000,0.054,0.297,0.649
39500,0.105,0.229,0.666
40000,0.525,0.006,0.469
40500,0.864,0.001,0.135
41000,0.963,0.000,0.037
41500,0.980,0.000,0.020
42000,0.996,0.000,0.004
42500,1.000,0.000,0.000
