time,n_A+p,n_B,n_AB
500,0.030,0.678,0.291
1000,0.030,0.186,0.784
1500,0.045,0.051,0.903
2000,0.108,0.004,0.888
2500,0.134,0.004,0.863
3000,0.090,0.018,0.892
3500,0.101,0.005,0.894
4000,0.087,0.003,0.909
4500,0.118,0.000,0.882
5000,0.115,0.007,0.878
5500,0.077,0.006,0.917
6000,0.105,0.001,0.894
6500,0.086,0.012,0.902
7000,0.072,0.006,0.922
7500,0.125,0.002,0.873
8000,0.110,0.000,0.890
8500,0.079,0.020,0.901
9000,0.062,0.026,0.912
9500,0.110,0.005,0.885
10000,0.113,0.002,0.885
10500,0.087,0.001,0.913
11000,0.093,0.005,0.902
11500,0.137,0.012,0.851
12000,0.107,0.001,0.891
12500,0.096,0.000,0.904
13000,0.096,0.008,0.896
13500,0.075,0.019,0.906
14000,0.088,0.011,0.900
14500,0.086,0.004,0.910
15000,0.087,0.011,0.901
15500,0.095,0.001,0.905
16000,0.089,0.013,0.899
16500,0.079,0.007,0.914
17000,0.076,0.022,0.902
17500,0.087,0.013,0.899
18000,0.081,0.015,0.905
18500,0.089,0.004,0.906
19000,0.106,0.001,0.892
19500,0.085,0.004,0.912
20000,0.100,0.015,0.885
20500,0.092,0.003,0.905
21000,0.086,0.018,0.895
21500,0.097,0.007,0.896
22000,0.123,0.009,0.868
22500,0.100,0.015,0.885
23000,0.113,0.013,0.875
23500,0.139,0.005,0.856
24000,0.130,0.001,0.870
24500,0.105,0.009,0.885
25000,0.134,0.009,0.857
25500,0.167,0.006,0.828
26000,0.115,0.009,0.876
26500,0.118,0.004,0.878
27000,0.115,0.004,0.881
27500,0.104,0.015,0.880
28000,0.101,0.009,0.890
28500,0.121,0.004,0.874
29000,0.118,0.007,0.874
29500,0.098,0.017,0.886
30000,0.074,0.004,0.922
30500,0.082,0.005,0.913
31000,0.101,0.021,0.878
31500,0.096,0.008,0.896
32000,0.134,0.002,0.865
32500,0.087,0.004,0.910
33000,0.112,0.009,0.880
33500,0.128,0.011,0.862
34000,0.072,0.001,0.926
34500,0.077,0.013,0.909
35000,0.113,0.004,0.884
35500,0.077,0.013,0.910
36000,0.095,0.006,0.899
36500,0.084,0.004,0.912
37000,0.104,0.007,0.888
37500,0.072,0.001,0.927
38000,0.071,0.011,0.917
38500,0.063,0.011,0.926
39000,0.072,0.006,0.922
39500,0.087,0.002,0.911
40000,0.073,0.018,0.909
40500,0.094,0.003,0.903
41000,0.111,0.002,0.887
41500,0.117,0.003,0.880
42000,0.113,0.000,0.887
42500,0.119,0.001,0.880
43000,0.104,0.000,0.896
43500,0.081,0.025,0.895
44000,0.113,0.004,0.883
44500,0.084,0.004,0.912
45000,0.072,0.029,0.899
45500,0.061,0.017,0.922
46000,0.092,0.002,0.907
46500,0.099,0.004,0.897
47000,0.116,0.004,0.880
47500,0.143,0.001,0.856
48000,0.134,0.018,0.849
48500,0.112,0.012,0.876
49000,0.065,0.015,0.921
49500,0.092,0.011,0.897
50000,0.134,0.009,0.857
50500,0.121,0.004,0.875
51000,0.085,0.011,0.905
51500,0.099,0.028,0.874
52000,0.084,0.009,0.907
52500,0.087,0.028,0.885
53000,0.065,0.024,0.912
53500,0.046,0.028,0.926
54000,0.093,0.008,0.899
54500,0.095,0.008,0.897
55000,0.067,0.030,0.903
55500,0.058,0.021,0.920
56000,0.116,0.012,0.872
56500,0.096,0.003,0.901
57000,0.102,0.008,0.890
57500,0.066,0.017,0.917
58000,0.074,0.021,0.905
58500,0.113,0.011,0.877
59000,0.095,0.001,0.905
59500,0.145,0.000,0.855
60000,0.129,0.004,0.867
60500,0.122,0.007,0.870
61000,0.089,0.004,0.907
61500,0.092,0.013,0.894
62000,0.082,0.011,0.908
62500,0.087,0.009,0.903
63000,0.071,0.005,0.924
63500,0.069,0.015,0.916
64000,0.095,0.001,0.905
64500,0.099,0.014,0.887
65000,0.115,0.000,0.885
65500,0.096,0.005,0.899
66000,0.076,0.017,0.908
66500,0.096,0.007,0.897
67000,0.130,0.018,0.852
67500,0.102,0.010,0.888
68000,0.105,0.003,0.893
68500,0.140,0.006,0.854
69000,0.104,0.004,0.892
69500,0.115,0.000,0.885
70000,0.096,0.002,0.903
70500,0.083,0.025,0.892
71000,0.123,0.001,0.876
71500,0.091,0.004,0.905
72000,0.065,0.008,0.927
72500,0.112,0.013,0.875
73000,0.096,0.010,0.894
73500,0.073,0.018,0.909
74000,0.048,0.024,0.929
74500,0.094,0.009,0.898
75000,0.072,0.024,0.905
75500,0.076,0.028,0.896
76000,0.050,0.016,0.934
76500,0.061,0.025,0.914
77000,0.079,0.014,0.907
77500,0.075,0.001,0.924
78000,0.062,0.004,0.933
78500,0.078,0.008,0.914
79000,0.069,0.013,0.918
79500,0.071,0.005,0.924
80000,0.125,0.001,0.875
80500,0.102,0.011,0.886
81000,0.075,0.013,0.913
81500,0.105,0.005,0.890
82000,0.092,0.014,0.894
82500,0.113,0.010,0.877
83000,0.099,0.000,0.901
83500,0.102,0.003,0.895
84000,0.116,0.001,0.883
84500,0.099,0.011,0.890
85000,0.093,0.004,0.902
85500,0.073,0.017,0.909
86000,0.098,0.011,0.891
86500,0.104,0.003,0.892
87000,0.101,0.004,0.896
87500,0.060,0.011,0.929
88000,0.085,0.008,0.907
88500,0.047,0.021,0.932
89000,0.072,0.019,0.909
89500,0.078,0.005,0.917
90000,0.122,0.000,0.877
90500,0.112,0.000,0.888
91000,0.108,0.000,0.891
91500,0.092,0.011,0.897
92000,0.076,0.018,0.907
92500,0.085,0.009,0.906
93000,0.116,0.000,0.884
93500,0.114,0.002,0.884
94000,0.121,0.005,0.874
94500,0.115,0.017,0.869
95000,0.124,0.000,0.876
95500,0.092,0.000,0.908
96000,0.084,0.022,0.894
96500,0.083,0.015,0.903
97000,0.068,0.011,0.921
97500,0.070,0.012,0.918
98000,0.080,0.006,0.914
98500,0.111,0.001,0.888
99000,0.072,0.023,0.904
99500,0.073,0.033,0.894
100000,0.083,0.017,0.901
100500,0.083,0.019,0.898
101000,0.099,0.001,0.901
101500,0.124,0.005,0.871
102000,0.109,0.018,0.874
102500,0.124,0.005,0.870
103000,0.089,0.006,0.905
103500,0.103,0.001,0.897
104000,0.085,0.012,0.903
104500,0.089,0.005,0.906
105000,0.129,0.004,0.868
105500,0.084,0.005,0.911
106000,0.071,0.005,0.923
106500,0.091,0.006,0.902
107000,0.075,0.005,0.920
107500,0.062,0.009,0.928
108000,0.087,0.011,0.903
108500,0.089,0.009,0.902
109000,0.066,0.011,0.924
109500,0.138,0.001,0.861
110000,0.097,0.004,0.899
110500,0.117,0.004,0.880
111000,0.149,0.003,0.848
111500,0.131,0.001,0.868
112000,0.087,0.009,0.904
112500,0.109,0.022,0.869
113000,0.073,0.019,0.908
113500,0.077,0.007,0.916
114000,0.109,0.003,0.889
114500,0.095,0.007,0.898
115000,0.127,0.000,0.873
115500,0.128,0.002,0.871
116000,0.083,0.035,0.883
116500,0.079,0.015,0.906
117000,0.081,0.016,0.903
117500,0.084,0.011,0.905
118000,0.088,0.003,0.909
118500,0.091,0.011,0.897
119000,0.090,0.009,0.901
119500,0.063,0.017,0.920
120000,0.110,0.015,0.876
120500,0.096,0.009,0.895
121000,0.111,0.011,0.878
121500,0.085,0.003,0.912
122000,0.087,0.009,0.903
122500,0.075,0.017,0.908
123000,0.052,0.039,0.908
123500,0.061,0.024,0.914
124000,0.060,0.015,0.925
124500,0.097,0.015,0.889
125000,0.080,0.019,0.901
125500,0.107,0.006,0.886
126000,0.117,0.018,0.865
126500,0.055,0.030,0.915
127000,0.096,0.005,0.899
127500,0.080,0.011,0.910
128000,0.093,0.011,0.897
128500,0.109,0.004,0.887
129000,0.115,0.015,0.870
129500,0.088,0.005,0.907
130000,0.141,0.000,0.859
130500,0.086,0.001,0.914
131000,0.095,0.004,0.901
131500,0.102,0.003,0.894
132000,0.044,0.030,0.925
132500,0.097,0.005,0.898
133000,0.119,0.001,0.881
133500,0.117,0.008,0.875
134000,0.082,0.011,0.907
134500,0.075,0.029,0.895
135000,0.067,0.016,0.917
135500,0.103,0.008,0.888
136000,0.065,0.021,0.914
136500,0.077,0.013,0.911
137000,0.077,0.017,0.905
137500,0.058,0.033,0.909
138000,0.065,0.026,0.909
138500,0.048,0.024,0.928
139000,0.053,0.028,0.919
139500,0.087,0.006,0.907
140000,0.102,0.018,0.881
140500,0.071,0.003,0.925
141000,0.066,0.010,0.924
141500,0.090,0.017,0.892
142000,0.088,0.021,0.891
142500,0.086,0.005,0.909
143000,0.101,0.001,0.898
143500,0.131,0.000,0.869
144000,0.142,0.000,0.858
144500,0.117,0.004,0.880
145000,0.090,0.013,0.897
145500,0.079,0.013,0.908
146000,0.088,0.024,0.888
146500,0.064,0.015,0.921
147000,0.066,0.023,0.911
147500,0.105,0.005,0.890
148000,0.140,0.000,0.861
148500,0.103,0.016,0.881
149000,0.139,0.001,0.860
149500,0.141,0.001,0.859
150000,0.121,0.000,0.879
150500,0.110,0.007,0.883
151000,0.088,0.021,0.892
151500,0.114,0.005,0.881
152000,0.104,0.004,0.891
152500,0.064,0.011,0.925
153000,0.099,0.002,0.899
153500,0.100,0.002,0.898
154000,0.092,0.002,0.906
154500,0.078,0.018,0.904
155000,0.054,0.018,0.927
155500,0.083,0.003,0.915
156000,0.097,0.000,0.903
156500,0.110,0.017,0.874
157000,0.082,0.002,0.916
157500,0.080,0.006,0.914
158000,0.093,0.001,0.906
158500,0.137,0.003,0.861
159000,0.085,0.005,0.910
159500,0.109,0.025,0.866
160000,0.074,0.014,0.912
160500,0.121,0.010,0.869
161000,0.100,0.018,0.882
161500,0.095,0.015,0.890
162000,0.088,0.015,0.896
162500,0.079,0.012,0.909
163000,0.084,0.008,0.908
163500,0.064,0.006,0.929
164000,0.099,0.004,0.897
164500,0.111,0.013,0.877
165000,0.075,0.008,0.916
165500,0.128,0.002,0.871
166000,0.107,0.000,0.893
166500,0.097,0.006,0.897
167000,0.084,0.010,0.906
167500,0.081,0.009,0.911
168000,0.101,0.025,0.875
168500,0.064,0.029,0.906
169000,0.073,0.028,0.899
169500,0.114,0.004,0.883
170000,0.080,0.021,0.899
170500,0.080,0.011,0.909
171000,0.075,0.023,0.902
171500,0.092,0.009,0.900
172000,0.051,0.037,0.912
172500,0.072,0.011,0.916
173000,0.120,0.003,0.878
173500,0.118,0.015,0.866
174000,0.097,0.007,0.896
174500,0.125,0.004,0.871
175000,0.098,0.001,0.902
175500,0.080,0.009,0.911
176000,0.077,0.025,0.897
176500,0.064,0.018,0.919
177000,0.072,0.018,0.909
177500,0.093,0.011,0.895
178000,0.080,0.017,0.903
178500,0.072,0.012,0.916
179000,0.051,0.035,0.914
179500,0.059,0.028,0.914
180000,0.043,0.018,0.939
180500,0.051,0.043,0.906
181000,0.072,0.009,0.919
181500,0.094,0.010,0.896
182000,0.093,0.024,0.882
182500,0.068,0.012,0.920
183000,0.105,0.002,0.893
183500,0.110,0.005,0.885
184000,0.086,0.001,0.913
184500,0.100,0.005,0.895
185000,0.080,0.024,0.897
185500,0.079,0.013,0.909
186000,0.065,0.030,0.905
186500,0.073,0.021,0.905
187000,0.113,0.004,0.883
187500,0.087,0.006,0.906
188000,0.071,0.015,0.913
188500,0.074,0.024,0.902
189000,0.107,0.004,0.889
189500,0.095,0.014,0.891
190000,0.141,0.004,0.855
190500,0.112,0.002,0.887
191000,0.141,0.004,0.855
191500,0.079,0.033,0.889
192000,0.116,0.007,0.877
192500,0.092,0.011,0.898
193000,0.123,0.001,0.876
193500,0.117,0.011,0.872
194000,0.089,0.002,0.908
194500,0.088,0.006,0.906
195000,0.129,0.005,0.866
195500,0.088,0.004,0.907
196000,0.088,0.009,0.904
196500,0.090,0.003,0.906
197000,0.062,0.005,0.932
197500,0.074,0.021,0.905
198000,0.056,0.020,0.924
198500,0.084,0.013,0.904
199000,0.085,0.009,0.907
199500,0.110,0.003,0.888
200000,0.059,0.025,0.917
200500,0.110,0.004,0.886
201000,0.070,0.009,0.920
201500,0.123,0.003,0.874
202000,0.099,0.000,0.901
202500,0.114,0.007,0.879
203000,0.101,0.007,0.892
203500,0.103,0.000,0.896
204000,0.095,0.006,0.899
204500,0.098,0.014,0.888
205000,0.106,0.003,0.891
205500,0.082,0.015,0.904
206000,0.076,0.002,0.922
206500,0.133,0.000,0.867
207000,0.086,0.012,0.902
207500,0.090,0.013,0.897
208000,0.073,0.014,0.912
208500,0.096,0.015,0.890
209000,0.084,0.018,0.898
209500,0.067,0.022,0.911
210000,0.070,0.007,0.923
210500,0.093,0.006,0.901
211000,0.117,0.008,0.875
211500,0.116,0.007,0.877
212000,0.098,0.003,0.900
212500,0.093,0.011,0.897
213000,0.086,0.011,0.903
213500,0.107,0.007,0.885
214000,0.114,0.002,0.884
214500,0.113,0.011,0.877
215000,0.109,0.009,0.882
215500,0.063,0.015,0.922
216000,0.075,0.013,0.913
216500,0.077,0.004,0.919
217000,0.083,0.025,0.893
217500,0.066,0.003,0.931
218000,0.111,0.011,0.879
218500,0.090,0.011,0.899
219000,0.117,0.003,0.881
219500,0.121,0.001,0.878
220000,0.131,0.001,0.869
220500,0.108,0.011,0.881
221000,0.095,0.005,0.900
221500,0.098,0.000,0.902
222000,0.105,0.015,0.879
222500,0.098,0.015,0.888
223000,0.072,0.013,0.915
223500,0.102,0.010,0.887
224000,0.093,0.004,0.904
224500,0.083,0.009,0.908
225000,0.090,0.011,0.899
225500,0.084,0.007,0.909
226000,0.076,0.011,0.912
226500,0.066,0.037,0.896
227000,0.067,0.012,0.921
227500,0.076,0.011,0.912
228000,0.096,0.002,0.902
228500,0.107,0.000,0.892
229000,0.079,0.009,0.912
229500,0.086,0.013,0.901
230000,0.097,0.002,0.902
230500,0.119,0.013,0.869
231000,0.096,0.029,0.876
231500,0.073,0.013,0.915
232000,0.069,0.024,0.908
232500,0.105,0.004,0.891
233000,0.107,0.013,0.880
233500,0.083,0.021,0.897
234000,0.089,0.022,0.889
234500,0.081,0.013,0.906
235000,0.104,0.000,0.895
235500,0.087,0.015,0.898
236000,0.115,0.007,0.878
236500,0.126,0.006,0.868
237000,0.077,0.015,0.908
237500,0.111,0.003,0.886
238000,0.079,0.011,0.911
238500,0.098,0.009,0.893
239000,0.075,0.011,0.914
239500,0.070,0.012,0.917
240000,0.115,0.001,0.885
240500,0.082,0.010,0.908
241000,0.096,0.026,0.878
241500,0.117,0.006,0.877
242000,0.091,0.007,0.902
242500,0.118,0.005,0.876
243000,0.116,0.003,0.882
243500,0.098,0.001,0.902
244000,0.094,0.000,0.906
244500,0.094,0.009,0.898
245000,0.143,0.001,0.856
245500,0.074,0.011,0.914
246000,0.118,0.001,0.880
246500,0.106,0.016,0.877
247000,0.079,0.024,0.897
247500,0.081,0.025,0.894
248000,0.066,0.047,0.887
248500,0.067,0.013,0.921
249000,0.112,0.001,0.887
249500,0.096,0.000,0.904
250000,0.090,0.006,0.903
250500,0.082,0.004,0.915
251000,0.078,0.007,0.915
251500,0.090,0.010,0.899
252000,0.104,0.009,0.887
252500,0.073,0.016,0.910
253000,0.076,0.014,0.909
253500,0.068,0.009,0.924
254000,0.096,0.007,0.897
254500,0.119,0.001,0.880
255000,0.094,0.009,0.897
255500,0.087,0.002,0.912
256000,0.089,0.001,0.911
256500,0.064,0.013,0.923
257000,0.075,0.015,0.910
257500,0.091,0.014,0.894
258000,0.102,0.002,0.897
258500,0.059,0.033,0.908
259000,0.088,0.011,0.901
259500,0.086,0.026,0.887
260000,0.086,0.018,0.896
260500,0.079,0.009,0.913
261000,0.114,0.000,0.886
261500,0.104,0.000,0.895
262000,0.124,0.000,0.875
262500,0.075,0.019,0.906
263000,0.049,0.032,0.919
263500,0.043,0.031,0.926
264000,0.069,0.009,0.923
264500,0.083,0.011,0.907
265000,0.071,0.003,0.926
265500,0.098,0.005,0.897
266000,0.084,0.009,0.907
266500,0.107,0.011,0.882
267000,0.102,0.000,0.898
267500,0.101,0.011,0.889
268000,0.083,0.033,0.884
268500,0.086,0.011,0.903
269000,0.116,0.004,0.880
269500,0.074,0.006,0.920
270000,0.070,0.020,0.910
270500,0.083,0.041,0.877
271000,0.090,0.013,0.897
271500,0.098,0.004,0.899
272000,0.115,0.018,0.867
272500,0.135,0.026,0.839
273000,0.069,0.003,0.929
273500,0.112,0.013,0.876
274000,0.059,0.008,0.933
274500,0.048,0.038,0.913
275000,0.057,0.058,0.885
275500,0.058,0.004,0.938
276000,0.102,0.013,0.885
276500,0.117,0.016,0.867
277000,0.092,0.018,0.890
277500,0.080,0.030,0.890
278000,0.068,0.017,0.915
278500,0.074,0.019,0.907
279000,0.070,0.025,0.905
279500,0.054,0.007,0.939
280000,0.115,0.006,0.879
280500,0.108,0.000,0.891
281000,0.090,0.011,0.899
281500,0.112,0.003,0.886
282000,0.104,0.012,0.884
282500,0.085,0.004,0.911
283000,0.077,0.001,0.922
283500,0.067,0.035,0.898
284000,0.076,0.017,0.906
284500,0.095,0.002,0.903
285000,0.095,0.032,0.874
285500,0.091,0.009,0.901
286000,0.126,0.000,0.875
286500,0.120,0.007,0.872
287000,0.111,0.001,0.889
287500,0.067,0.018,0.915
288000,0.084,0.019,0.897
288500,0.089,0.011,0.900
289000,0.079,0.022,0.899
289500,0.083,0.007,0.910
290000,0.105,0.004,0.892
290500,0.075,0.013,0.911
291000,0.133,0.006,0.861
291500,0.151,0.001,0.848
292000,0.097,0.013,0.890
292500,0.090,0.031,0.879
293000,0.086,0.009,0.905
293500,0.118,0.002,0.879
294000,0.098,0.003,0.900
294500,0.089,0.004,0.906
295000,0.113,0.000,0.887
295500,0.106,0.001,0.894
296000,0.081,0.015,0.904
296500,0.113,0.010,0.877
297000,0.116,0.003,0.881
297500,0.159,0.015,0.827
298000,0.129,0.002,0.870
298500,0.129,0.000,0.871
299000,0.110,0.002,0.888
299500,0.083,0.013,0.904
300000,0.097,0.001,0.903
300500,0.116,0.005,0.879
301000,0.086,0.011,0.903
301500,0.085,0.030,0.885
302000,0.123,0.007,0.870
302500,0.141,0.000,0.859
303000,0.107,0.006,0.886
303500,0.097,0.009,0.894
304000,0.100,0.009,0.891
304500,0.076,0.009,0.915
305000,0.091,0.023,0.886
305500,0.121,0.015,0.864
306000,0.079,0.006,0.915
306500,0.077,0.029,0.894
307000,0.086,0.004,0.910
307500,0.103,0.004,0.893
308000,0.099,0.011,0.891
308500,0.115,0.005,0.880
309000,0.076,0.008,0.915
309500,0.066,0.007,0.927
310000,0.093,0.011,0.896
310500,0.051,0.048,0.901
311000,0.067,0.021,0.912
311500,0.088,0.010,0.901
312000,0.070,0.006,0.923
312500,0.058,0.036,0.906
313000,0.060,0.029,0.910
313500,0.093,0.021,0.885
314000,0.080,0.008,0.912
314500,0.090,0.008,0.902
315000,0.158,0.002,0.841
315500,0.102,0.009,0.889
316000,0.117,0.001,0.882
316500,0.093,0.009,0.898
317000,0.100,0.001,0.900
317500,0.117,0.021,0.863
318000,0.130,0.011,0.860
318500,0.095,0.004,0.902
319000,0.111,0.007,0.882
319500,0.114,0.003,0.884
320000,0.082,0.009,0.909
320500,0.079,0.000,0.921
321000,0.072,0.015,0.913
321500,0.064,0.017,0.919
322000,0.065,0.024,0.912
322500,0.086,0.026,0.888
323000,0.089,0.007,0.903
323500,0.075,0.026,0.899
324000,0.097,0.004,0.899
324500,0.105,0.004,0.890
325000,0.089,0.016,0.895
325500,0.069,0.002,0.930
326000,0.101,0.014,0.885
326500,0.076,0.004,0.919
327000,0.102,0.000,0.898
327500,0.109,0.002,0.889
328000,0.081,0.004,0.916
328500,0.086,0.011,0.903
329000,0.098,0.011,0.891
329500,0.074,0.004,0.922
330000,0.115,0.006,0.879
330500,0.118,0.007,0.874
331000,0.088,0.004,0.907
331500,0.103,0.000,0.896
332000,0.086,0.019,0.895
332500,0.067,0.015,0.918
333000,0.083,0.020,0.897
333500,0.092,0.003,0.906
334000,0.118,0.003,0.880
334500,0.088,0.021,0.890
335000,0.065,0.021,0.914
335500,0.062,0.016,0.921
336000,0.054,0.038,0.908
336500,0.056,0.051,0.892
337000,0.057,0.018,0.924
337500,0.084,0.005,0.911
338000,0.102,0.002,0.896
338500,0.088,0.000,0.911
339000,0.117,0.003,0.880
339500,0.087,0.008,0.904
340000,0.094,0.007,0.899
340500,0.124,0.001,0.875
341000,0.119,0.004,0.877
341500,0.098,0.009,0.893
342000,0.070,0.029,0.900
342500,0.083,0.015,0.902
343000,0.105,0.005,0.889
343500,0.098,0.013,0.890
344000,0.112,0.009,0.880
344500,0.085,0.004,0.911
345000,0.079,0.002,0.919
345500,0.086,0.008,0.906
346000,0.091,0.007,0.902
346500,0.099,0.015,0.886
347000,0.080,0.007,0.913
347500,0.080,0.001,0.920
348000,0.101,0.000,0.899
348500,0.080,0.000,0.920
349000,0.110,0.000,0.890
349500,0.124,0.000,0.876
350000,0.120,0.000,0.880
350500,0.059,0.013,0.929
351000,0.099,0.001,0.901
351500,0.085,0.007,0.908
352000,0.107,0.011,0.881
352500,0.082,0.004,0.914
353000,0.105,0.001,0.893
353500,0.080,0.042,0.878
354000,0.063,0.026,0.911
354500,0.088,0.018,0.893
355000,0.084,0.007,0.909
355500,0.060,0.001,0.939
356000,0.083,0.004,0.914
356500,0.094,0.021,0.885
357000,0.101,0.006,0.893
357500,0.120,0.001,0.879
358000,0.116,0.013,0.871
358500,0.142,0.002,0.856
359000,0.123,0.000,0.877
359500,0.111,0.018,0.871
360000,0.102,0.009,0.889
360500,0.059,0.004,0.938
361000,0.088,0.012,0.899
361500,0.141,0.000,0.859
362000,0.087,0.011,0.902
362500,0.080,0.038,0.882
363000,0.103,0.007,0.889
363500,0.085,0.007,0.908
364000,0.075,0.025,0.899
364500,0.075,0.007,0.918
365000,0.074,0.022,0.903
365500,0.091,0.018,0.892
366000,0.097,0.011,0.892
366500,0.079,0.025,0.896
367000,0.084,0.013,0.903
367500,0.060,0.019,0.921
368000,0.100,0.004,0.897
368500,0.106,0.002,0.891
369000,0.109,0.002,0.889
369500,0.127,0.010,0.863
370000,0.099,0.001,0.901
370500,0.144,0.005,0.850
371000,0.120,0.000,0.879
371500,0.111,0.006,0.883
372000,0.104,0.001,0.894
372500,0.117,0.009,0.875
373000,0.108,0.001,0.892
373500,0.075,0.014,0.911
374000,0.110,0.003,0.888
374500,0.104,0.007,0.888
375000,0.108,0.000,0.891
375500,0.072,0.025,0.903
376000,0.069,0.010,0.921
376500,0.077,0.026,0.896
377000,0.111,0.011,0.878
377500,0.107,0.003,0.890
378000,0.101,0.007,0.892
378500,0.093,0.001,0.907
379000,0.110,0.003,0.888
379500,0.098,0.005,0.897
380000,0.082,0.020,0.898
380500,0.093,0.012,0.895
381000,0.126,0.006,0.869
381500,0.089,0.000,0.911
382000,0.107,0.009,0.883
382500,0.090,0.025,0.886
383000,0.100,0.015,0.885
383500,0.083,0.009,0.908
384000,0.127,0.004,0.869
384500,0.085,0.007,0.908
385000,0.084,0.011,0.905
385500,0.095,0.021,0.884
386000,0.070,0.028,0.902
386500,0.077,0.020,0.902
387000,0.094,0.021,0.885
387500,0.091,0.004,0.906
388000,0.085,0.019,0.896
388500,0.069,0.013,0.918
389000,0.118,0.009,0.873
389500,0.091,0.013,0.895
390000,0.080,0.011,0.910
390500,0.116,0.013,0.872
391000,0.110,0.011,0.880
391500,0.082,0.009,0.909
392000,0.079,0.021,0.901
392500,0.053,0.020,0.927
393000,0.071,0.009,0.920
393500,0.089,0.013,0.898
394000,0.099,0.013,0.889
394500,0.099,0.004,0.898
395000,0.076,0.007,0.917
395500,0.107,0.005,0.887
396000,0.085,0.008,0.907
396500,0.083,0.005,0.912
397000,0.097,0.011,0.892
397500,0.110,0.002,0.889
398000,0.092,0.006,0.901
398500,0.087,0.009,0.904
399000,0.077,0.011,0.911
399500,0.100,0.006,0.894
400000,0.082,0.006,0.912
400500,0.095,0.011,0.894
401000,0.109,0.019,0.872
401500,0.123,0.001,0.876
402000,0.083,0.007,0.910
402500,0.077,0.014,0.908
403000,0.067,0.034,0.899
403500,0.071,0.011,0.917
404000,0.074,0.026,0.899
404500,0.071,0.017,0.912
405000,0.103,0.004,0.893
405500,0.100,0.010,0.890
406000,0.119,0.004,0.877
406500,0.102,0.010,0.887
407000,0.110,0.010,0.880
407500,0.080,0.005,0.915
408000,0.059,0.019,0.921
408500,0.090,0.015,0.894
409000,0.085,0.005,0.910
409500,0.088,0.020,0.892
410000,0.101,0.002,0.898
410500,0.127,0.000,0.873
411000,0.141,0.007,0.852
411500,0.109,0.002,0.889
412000,0.082,0.003,0.916
412500,0.091,0.015,0.894
413000,0.089,0.006,0.905
413500,0.135,0.002,0.864
414000,0.120,0.002,0.879
414500,0.061,0.019,0.919
415000,0.086,0.015,0.898
415500,0.137,0.004,0.860
416000,0.096,0.011,0.894
416500,0.095,0.011,0.895
417000,0.053,0.019,0.927
417500,0.069,0.018,0.914
418000,0.079,0.025,0.896
418500,0.056,0.007,0.937
419000,0.076,0.017,0.906
419500,0.130,0.000,0.871
420000,0.130,0.000,0.871
420500,0.117,0.013,0.870
421000,0.111,0.000,0.889
421500,0.081,0.013,0.906
422000,0.089,0.011,0.900
422500,0.090,0.005,0.904
423000,0.050,0.029,0.921
423500,0.051,0.036,0.913
424000,0.060,0.012,0.927
424500,0.096,0.020,0.884
425000,0.066,0.023,0.911
425500,0.087,0.010,0.903
426000,0.081,0.006,0.913
426500,0.082,0.000,0.918
427000,0.088,0.013,0.899
427500,0.098,0.001,0.902
428000,0.075,0.002,0.923
428500,0.095,0.008,0.897
429000,0.067,0.013,0.921
429500,0.088,0.009,0.903
430000,0.115,0.003,0.882
430500,0.072,0.016,0.911
431000,0.104,0.013,0.884
431500,0.083,0.013,0.904
432000,0.089,0.018,0.893
432500,0.099,0.005,0.896
433000,0.131,0.001,0.869
433500,0.091,0.011,0.898
434000,0.092,0.005,0.902
434500,0.113,0.007,0.880
435000,0.087,0.003,0.910
435500,0.097,0.015,0.889
436000,0.068,0.017,0.915
436500,0.093,0.004,0.903
437000,0.088,0.004,0.908
437500,0.082,0.009,0.909
438000,0.059,0.009,0.932
438500,0.068,0.025,0.908
439000,0.119,0.005,0.876
439500,0.123,0.001,0.876
440000,0.091,0.001,0.908
440500,0.113,0.001,0.887
441000,0.133,0.000,0.867
441500,0.117,0.009,0.874
442000,0.116,0.001,0.884
442500,0.116,0.000,0.884
443000,0.118,0.017,0.866
443500,0.074,0.001,0.925
444000,0.086,0.000,0.914
444500,0.077,0.021,0.901
445000,0.080,0.005,0.915
445500,0.087,0.018,0.894
446000,0.087,0.027,0.885
446500,0.127,0.004,0.869
447000,0.051,0.032,0.917
447500,0.064,0.015,0.921
448000,0.075,0.012,0.912
448500,0.087,0.019,0.893
449000,0.084,0.008,0.908
449500,0.114,0.004,0.882
450000,0.124,0.017,0.859
450500,0.115,0.000,0.885
451000,0.092,0.024,0.883
451500,0.118,0.003,0.880
452000,0.122,0.007,0.870
452500,0.081,0.007,0.912
453000,0.067,0.001,0.933
453500,0.086,0.013,0.901
454000,0.112,0.015,0.873
454500,0.077,0.011,0.912
455000,0.113,0.003,0.884
455500,0.104,0.000,0.895
456000,0.164,0.010,0.827
456500,0.095,0.013,0.892
457000,0.073,0.009,0.917
457500,0.129,0.004,0.867
458000,0.080,0.011,0.910
458500,0.103,0.018,0.879
459000,0.087,0.009,0.904
459500,0.059,0.030,0.911
460000,0.075,0.014,0.911
460500,0.108,0.006,0.886
461000,0.114,0.001,0.886
461500,0.127,0.000,0.873
462000,0.050,0.002,0.949
462500,0.114,0.007,0.879
463000,0.096,0.005,0.899
463500,0.070,0.005,0.924
464000,0.128,0.009,0.863
464500,0.088,0.012,0.899
465000,0.151,0.002,0.848
465500,0.079,0.003,0.919
466000,0.071,0.013,0.917
466500,0.078,0.026,0.896
467000,0.103,0.006,0.890
467500,0.102,0.005,0.893
468000,0.061,0.016,0.922
468500,0.126,0.002,0.873
469000,0.103,0.004,0.894
469500,0.128,0.003,0.869
470000,0.088,0.008,0.903
470500,0.117,0.011,0.872
471000,0.103,0.007,0.890
471500,0.083,0.014,0.903
472000,0.122,0.002,0.877
472500,0.111,0.007,0.882
473000,0.091,0.006,0.902
473500,0.054,0.030,0.915
474000,0.042,0.037,0.920
474500,0.073,0.029,0.897
475000,0.057,0.037,0.906
475500,0.069,0.015,0.916
476000,0.090,0.005,0.905
476500,0.145,0.007,0.848
477000,0.116,0.015,0.869
477500,0.115,0.006,0.879
478000,0.145,0.000,0.855
478500,0.103,0.000,0.896
479000,0.120,0.024,0.856
479500,0.116,0.002,0.882
480000,0.131,0.001,0.869
480500,0.082,0.022,0.896
481000,0.068,0.007,0.925
481500,0.069,0.009,0.923
482000,0.117,0.004,0.880
482500,0.107,0.009,0.884
483000,0.108,0.002,0.890
483500,0.090,0.010,0.900
484000,0.100,0.001,0.900
484500,0.093,0.029,0.878
485000,0.085,0.010,0.905
485500,0.089,0.017,0.894
486000,0.108,0.013,0.878
486500,0.075,0.003,0.922
487000,0.052,0.033,0.914
487500,0.120,0.003,0.876
488000,0.088,0.007,0.905
488500,0.079,0.004,0.917
489000,0.085,0.001,0.914
489500,0.093,0.008,0.899
490000,0.124,0.011,0.864
490500,0.075,0.006,0.919
491000,0.063,0.021,0.916
491500,0.081,0.004,0.915
492000,0.156,0.000,0.844
492500,0.108,0.015,0.876
493000,0.083,0.009,0.908
493500,0.077,0.002,0.920
494000,0.085,0.015,0.900
494500,0.088,0.002,0.910
495000,0.067,0.009,0.924
495500,0.095,0.009,0.897
496000,0.155,0.004,0.840
496500,0.144,0.000,0.856
497000,0.131,0.011,0.858
497500,0.077,0.021,0.901
498000,0.081,0.019,0.900
498500,0.082,0.028,0.891
499000,0.069,0.033,0.899
499500,0.052,0.013,0.934
500000,0.080,0.011,0.909
500500,0.108,0.007,0.885
501000,0.099,0.004,0.897
501500,0.084,0.006,0.910
502000,0.095,0.001,0.904
502500,0.065,0.013,0.922
503000,0.112,0.001,0.887
503500,0.162,0.006,0.832
504000,0.087,0.013,0.899
504500,0.082,0.013,0.906
505000,0.089,0.025,0.886
505500,0.085,0.003,0.913
506000,0.072,0.009,0.919
506500,0.087,0.018,0.894
507000,0.114,0.015,0.872
507500,0.111,0.022,0.867
508000,0.104,0.005,0.891
508500,0.133,0.000,0.867
509000,0.124,0.000,0.875
509500,0.076,0.004,0.920
510000,0.095,0.004,0.901
510500,0.145,0.004,0.851
511000,0.136,0.000,0.865
511500,0.120,0.005,0.875
512000,0.133,0.015,0.852
512500,0.071,0.019,0.909
513000,0.092,0.003,0.905
513500,0.093,0.002,0.906
514000,0.088,0.001,0.912
514500,0.102,0.009,0.889
515000,0.110,0.000,0.890
515500,0.099,0.009,0.893
516000,0.112,0.007,0.881
516500,0.121,0.001,0.878
517000,0.130,0.000,0.870
517500,0.089,0.025,0.886
518000,0.072,0.004,0.924
518500,0.102,0.004,0.893
519000,0.100,0.003,0.898
519500,0.083,0.003,0.914
520000,0.080,0.000,0.920
520500,0.145,0.000,0.855
521000,0.092,0.013,0.895
521500,0.082,0.015,0.904
522000,0.114,0.012,0.874
522500,0.091,0.002,0.906
523000,0.120,0.001,0.878
523500,0.111,0.015,0.874
524000,0.131,0.001,0.869
524500,0.051,0.027,0.922
525000,0.105,0.009,0.886
525500,0.076,0.011,0.912
526000,0.072,0.013,0.914
526500,0.073,0.017,0.911
527000,0.057,0.026,0.917
527500,0.095,0.010,0.895
528000,0.106,0.004,0.890
528500,0.081,0.001,0.919
529000,0.111,0.006,0.883
529500,0.105,0.019,0.875
530000,0.077,0.000,0.923
530500,0.114,0.003,0.884
531000,0.111,0.010,0.879
531500,0.118,0.007,0.875
532000,0.092,0.009,0.900
532500,0.145,0.000,0.855
533000,0.080,0.002,0.918
533500,0.083,0.013,0.904
534000,0.053,0.029,0.918
534500,0.083,0.015,0.902
535000,0.086,0.021,0.893
535500,0.069,0.021,0.911
536000,0.110,0.007,0.883
536500,0.055,0.018,0.927
537000,0.103,0.007,0.889
537500,0.104,0.011,0.885
538000,0.080,0.009,0.911
538500,0.079,0.003,0.919
539000,0.110,0.002,0.888
539500,0.072,0.005,0.923
540000,0.079,0.011,0.910
540500,0.068,0.011,0.921
541000,0.079,0.015,0.906
541500,0.073,0.007,0.919
542000,0.073,0.029,0.897
542500,0.057,0.034,0.909
543000,0.054,0.029,0.917
543500,0.050,0.026,0.924
544000,0.101,0.009,0.890
544500,0.132,0.009,0.860
545000,0.100,0.001,0.899
545500,0.081,0.011,0.908
546000,0.103,0.010,0.886
546500,0.056,0.025,0.919
547000,0.065,0.009,0.926
547500,0.086,0.029,0.885
548000,0.104,0.013,0.882
548500,0.102,0.003,0.895
549000,0.098,0.003,0.900
549500,0.092,0.018,0.889
550000,0.093,0.018,0.888
550500,0.074,0.021,0.904
551000,0.107,0.003,0.890
551500,0.094,0.013,0.893
552000,0.098,0.008,0.894
552500,0.107,0.010,0.883
553000,0.154,0.002,0.844
553500,0.088,0.011,0.901
554000,0.072,0.007,0.921
554500,0.095,0.011,0.895
555000,0.092,0.013,0.894
555500,0.106,0.025,0.868
556000,0.092,0.011,0.898
556500,0.087,0.013,0.900
557000,0.081,0.005,0.914
557500,0.132,0.000,0.868
558000,0.128,0.006,0.867
558500,0.084,0.000,0.916
559000,0.073,0.004,0.923
559500,0.069,0.013,0.919
560000,0.088,0.004,0.907
560500,0.160,0.004,0.836
561000,0.104,0.001,0.895
561500,0.077,0.002,0.922
562000,0.049,0.013,0.939
562500,0.062,0.017,0.921
563000,0.091,0.009,0.899
563500,0.084,0.019,0.897
564000,0.104,0.003,0.893
564500,0.071,0.021,0.907
565000,0.106,0.004,0.889
565500,0.110,0.002,0.888
566000,0.087,0.009,0.903
566500,0.091,0.010,0.898
567000,0.142,0.000,0.858
567500,0.116,0.000,0.884
568000,0.115,0.007,0.878
568500,0.142,0.005,0.853
569000,0.100,0.024,0.877
569500,0.087,0.029,0.884
570000,0.090,0.006,0.904
570500,0.074,0.018,0.909
571000,0.082,0.003,0.916
571500,0.099,0.014,0.887
572000,0.124,0.000,0.876
572500,0.114,0.011,0.875
573000,0.093,0.002,0.906
573500,0.098,0.003,0.899
574000,0.102,0.007,0.891
574500,0.087,0.001,0.912
575000,0.112,0.000,0.888
575500,0.063,0.004,0.934
576000,0.091,0.030,0.879
576500,0.118,0.004,0.878
577000,0.106,0.000,0.894
577500,0.077,0.011,0.912
578000,0.083,0.015,0.902
578500,0.053,0.024,0.923
579000,0.086,0.026,0.887
579500,0.103,0.001,0.896
580000,0.113,0.006,0.881
580500,0.121,0.006,0.873
581000,0.108,0.004,0.888
581500,0.097,0.003,0.901
582000,0.095,0.005,0.900
582500,0.093,0.009,0.898
583000,0.079,0.013,0.908
583500,0.066,0.003,0.931
584000,0.062,0.041,0.897
584500,0.119,0.004,0.878
585000,0.058,0.015,0.927
585500,0.097,0.021,0.882
586000,0.118,0.010,0.872
586500,0.091,0.002,0.907
587000,0.089,0.018,0.893
587500,0.056,0.028,0.916
588000,0.069,0.022,0.909
588500,0.070,0.009,0.920
589000,0.091,0.005,0.904
589500,0.071,0.035,0.894
590000,0.066,0.028,0.906
590500,0.062,0.015,0.922
591000,0.092,0.004,0.904
591500,0.079,0.003,0.918
592000,0.081,0.019,0.900
592500,0.096,0.016,0.888
593000,0.079,0.009,0.912
593500,0.103,0.010,0.886
594000,0.073,0.009,0.917
594500,0.111,0.010,0.879
595000,0.145,0.006,0.848
595500,0.122,0.003,0.875
596000,0.131,0.001,0.868
596500,0.121,0.004,0.876
597000,0.104,0.003,0.893
597500,0.092,0.032,0.875
598000,0.058,0.008,0.934
598500,0.077,0.015,0.908
599000,0.056,0.029,0.914
599500,0.073,0.024,0.904
600000,0.057,0.036,0.907
600500,0.071,0.011,0.918
601000,0.096,0.004,0.900
601500,0.077,0.015,0.907
602000,0.098,0.015,0.887
602500,0.130,0.003,0.868
603000,0.084,0.009,0.907
603500,0.070,0.011,0.920
604000,0.102,0.002,0.897
604500,0.110,0.000,0.890
605000,0.089,0.000,0.910
605500,0.082,0.007,0.911
606000,0.053,0.015,0.931
606500,0.065,0.028,0.908
607000,0.100,0.006,0.894
607500,0.114,0.003,0.883
608000,0.092,0.014,0.894
608500,0.067,0.000,0.933
609000,0.098,0.017,0.885
609500,0.121,0.004,0.875
610000,0.095,0.010,0.895
610500,0.082,0.001,0.918
611000,0.072,0.003,0.925
611500,0.129,0.003,0.868
612000,0.095,0.003,0.902
612500,0.112,0.004,0.885
613000,0.091,0.013,0.895
613500,0.076,0.024,0.901
614000,0.083,0.016,0.901
614500,0.124,0.002,0.875
615000,0.080,0.004,0.916
615500,0.110,0.001,0.890
616000,0.088,0.013,0.899
616500,0.091,0.018,0.890
617000,0.101,0.015,0.884
617500,0.109,0.008,0.883
618000,0.110,0.010,0.880
618500,0.081,0.009,0.910
619000,0.075,0.012,0.913
619500,0.051,0.019,0.930
620000,0.068,0.023,0.909
620500,0.119,0.007,0.873
621000,0.090,0.012,0.897
621500,0.073,0.001,0.927
622000,0.085,0.006,0.909
622500,0.089,0.001,0.910
623000,0.086,0.005,0.908
623500,0.081,0.014,0.905
624000,0.076,0.006,0.917
624500,0.116,0.001,0.884
625000,0.095,0.017,0.889
625500,0.069,0.003,0.928
626000,0.067,0.020,0.913
626500,0.074,0.012,0.913
627000,0.087,0.008,0.905
627500,0.095,0.001,0.904
628000,0.148,0.001,0.852
628500,0.110,0.005,0.885
629000,0.115,0.002,0.883
629500,0.091,0.012,0.897
630000,0.154,0.007,0.839
630500,0.112,0.003,0.886
631000,0.086,0.011,0.903
631500,0.081,0.015,0.904
632000,0.109,0.004,0.887
632500,0.062,0.007,0.930
633000,0.103,0.009,0.888
633500,0.088,0.002,0.909
634000,0.084,0.003,0.914
634500,0.098,0.004,0.898
635000,0.106,0.027,0.866
635500,0.140,0.003,0.858
636000,0.097,0.000,0.903
636500,0.119,0.011,0.870
637000,0.090,0.005,0.904
637500,0.043,0.011,0.947
638000,0.076,0.015,0.910
638500,0.054,0.015,0.930
639000,0.129,0.008,0.863
639500,0.102,0.001,0.896
640000,0.099,0.003,0.899
640500,0.120,0.009,0.872
641000,0.103,0.003,0.894
641500,0.105,0.011,0.885
642000,0.090,0.020,0.890
642500,0.040,0.023,0.938
643000,0.074,0.029,0.897
643500,0.095,0.003,0.903
644000,0.079,0.018,0.904
644500,0.124,0.001,0.876
645000,0.102,0.004,0.895
645500,0.071,0.017,0.913
646000,0.104,0.013,0.883
646500,0.103,0.003,0.893
647000,0.088,0.009,0.903
647500,0.070,0.021,0.910
648000,0.045,0.038,0.916
648500,0.071,0.017,0.911
649000,0.104,0.008,0.887
649500,0.126,0.001,0.874
650000,0.110,0.000,0.890
650500,0.114,0.010,0.876
651000,0.117,0.000,0.883
651500,0.107,0.001,0.891
652000,0.121,0.006,0.873
652500,0.089,0.001,0.910
653000,0.086,0.004,0.910
653500,0.049,0.024,0.928
654000,0.071,0.013,0.917
654500,0.097,0.027,0.876
655000,0.093,0.033,0.874
655500,0.058,0.015,0.928
656000,0.073,0.005,0.921
656500,0.091,0.000,0.908
657000,0.089,0.004,0.906
657500,0.085,0.009,0.906
658000,0.093,0.001,0.907
658500,0.108,0.003,0.889
659000,0.102,0.003,0.896
659500,0.068,0.004,0.929
660000,0.124,0.000,0.876
660500,0.105,0.000,0.894
661000,0.088,0.021,0.891
661500,0.065,0.002,0.934
662000,0.084,0.004,0.912
662500,0.078,0.007,0.915
663000,0.081,0.007,0.912
663500,0.089,0.019,0.892
664000,0.072,0.001,0.927
664500,0.063,0.049,0.889
665000,0.064,0.017,0.920
665500,0.118,0.010,0.871
666000,0.066,0.006,0.928
666500,0.063,0.025,0.912
667000,0.114,0.009,0.877
667500,0.128,0.004,0.868
668000,0.075,0.008,0.916
668500,0.094,0.013,0.894
669000,0.089,0.000,0.911
669500,0.087,0.001,0.912
670000,0.102,0.003,0.896
670500,0.099,0.000,0.901
671000,0.102,0.005,0.893
671500,0.117,0.013,0.871
672000,0.110,0.004,0.887
672500,0.109,0.001,0.891
673000,0.068,0.000,0.932
673500,0.041,0.048,0.911
674000,0.075,0.018,0.907
674500,0.112,0.012,0.876
675000,0.127,0.003,0.870
675500,0.117,0.001,0.883
676000,0.114,0.007,0.879
676500,0.155,0.002,0.843
677000,0.101,0.004,0.895
677500,0.073,0.013,0.914
678000,0.085,0.012,0.903
678500,0.101,0.011,0.889
679000,0.102,0.013,0.885
679500,0.106,0.010,0.884
680000,0.102,0.009,0.889
680500,0.146,0.001,0.853
681000,0.140,0.004,0.856
681500,0.130,0.004,0.866
682000,0.086,0.004,0.911
682500,0.083,0.002,0.915
683000,0.076,0.005,0.918
683500,0.083,0.006,0.911
684000,0.087,0.021,0.892
684500,0.102,0.004,0.894
685000,0.089,0.000,0.911
685500,0.130,0.010,0.860
686000,0.084,0.013,0.903
686500,0.065,0.030,0.905
687000,0.064,0.005,0.931
687500,0.113,0.003,0.885
688000,0.111,0.004,0.885
688500,0.122,0.000,0.878
689000,0.096,0.025,0.879
689500,0.086,0.009,0.905
690000,0.120,0.013,0.867
690500,0.105,0.001,0.893
691000,0.105,0.002,0.893
691500,0.133,0.000,0.867
692000,0.127,0.002,0.871
692500,0.134,0.005,0.861
693000,0.112,0.004,0.884
693500,0.092,0.000,0.908
694000,0.092,0.000,0.908
694500,0.116,0.015,0.870
695000,0.077,0.001,0.923
695500,0.085,0.017,0.899
696000,0.070,0.001,0.929
696500,0.071,0.006,0.923
697000,0.120,0.005,0.874
697500,0.095,0.002,0.904
698000,0.090,0.009,0.902
698500,0.098,0.011,0.891
699000,0.069,0.002,0.929
699500,0.070,0.011,0.919
700000,0.064,0.030,0.906
700500,0.076,0.015,0.910
701000,0.074,0.001,0.924
701500,0.096,0.005,0.899
702000,0.124,0.011,0.865
702500,0.135,0.013,0.853
703000,0.080,0.007,0.913
703500,0.102,0.009,0.888
704000,0.126,0.002,0.873
704500,0.098,0.011,0.891
705000,0.108,0.001,0.892
705500,0.071,0.018,0.911
706000,0.135,0.009,0.856
706500,0.081,0.012,0.907
707000,0.094,0.015,0.892
707500,0.100,0.001,0.899
708000,0.070,0.016,0.913
708500,0.077,0.017,0.905
709000,0.091,0.017,0.891
709500,0.139,0.001,0.861
710000,0.087,0.019,0.894
710500,0.090,0.009,0.900
711000,0.114,0.006,0.880
711500,0.102,0.009,0.890
712000,0.058,0.007,0.934
712500,0.068,0.018,0.914
713000,0.094,0.004,0.903
713500,0.051,0.022,0.927
714000,0.091,0.025,0.884
714500,0.123,0.012,0.865
715000,0.128,0.009,0.863
715500,0.086,0.005,0.909
716000,0.104,0.001,0.895
716500,0.159,0.000,0.842
717000,0.085,0.005,0.910
717500,0.086,0.031,0.882
718000,0.071,0.018,0.911
718500,0.066,0.029,0.905
719000,0.070,0.046,0.884
719500,0.110,0.005,0.885
720000,0.084,0.009,0.907
720500,0.073,0.013,0.913
721000,0.115,0.001,0.884
721500,0.115,0.014,0.871
722000,0.087,0.012,0.900
722500,0.070,0.022,0.908
723000,0.095,0.009,0.896
723500,0.116,0.001,0.884
724000,0.087,0.004,0.910
724500,0.117,0.001,0.883
725000,0.112,0.010,0.878
725500,0.111,0.019,0.870
726000,0.096,0.003,0.902
726500,0.111,0.002,0.887
727000,0.074,0.022,0.904
727500,0.114,0.009,0.877
728000,0.110,0.017,0.874
728500,0.085,0.013,0.902
729000,0.140,0.025,0.836
729500,0.166,0.002,0.833
730000,0.126,0.009,0.865
730500,0.110,0.000,0.890
731000,0.095,0.018,0.888
731500,0.088,0.011,0.901
732000,0.080,0.002,0.919
732500,0.120,0.000,0.879
733000,0.075,0.018,0.907
733500,0.091,0.001,0.908
734000,0.085,0.011,0.905
734500,0.107,0.002,0.891
735000,0.097,0.009,0.895
735500,0.103,0.007,0.890
736000,0.079,0.015,0.906
736500,0.095,0.006,0.899
737000,0.133,0.013,0.854
737500,0.078,0.010,0.912
738000,0.093,0.001,0.907
738500,0.097,0.011,0.892
739000,0.102,0.005,0.893
739500,0.084,0.017,0.899
740000,0.079,0.018,0.903
740500,0.061,0.024,0.915
741000,0.100,0.012,0.888
741500,0.091,0.002,0.908
742000,0.081,0.001,0.918
742500,0.174,0.000,0.826
743000,0.060,0.018,0.921
743500,0.064,0.034,0.902
744000,0.066,0.018,0.916
744500,0.070,0.019,0.911
745000,0.101,0.004,0.895
745500,0.128,0.009,0.863
746000,0.124,0.002,0.873
746500,0.060,0.013,0.926
747000,0.078,0.008,0.914
747500,0.071,0.015,0.913
748000,0.057,0.021,0.923
748500,0.065,0.015,0.921
749000,0.130,0.002,0.869
749500,0.072,0.006,0.922
750000,0.107,0.015,0.878
750500,0.103,0.005,0.891
751000,0.100,0.015,0.885
751500,0.093,0.009,0.897
752000,0.084,0.017,0.899
752500,0.112,0.011,0.877
753000,0.104,0.003,0.892
753500,0.082,0.002,0.917
754000,0.069,0.011,0.920
754500,0.124,0.001,0.875
755000,0.072,0.004,0.924
755500,0.110,0.009,0.881
756000,0.099,0.004,0.897
756500,0.101,0.004,0.896
757000,0.079,0.020,0.901
757500,0.104,0.008,0.887
758000,0.083,0.005,0.912
758500,0.082,0.009,0.909
759000,0.101,0.001,0.899
759500,0.115,0.011,0.875
760000,0.107,0.003,0.889
760500,0.111,0.001,0.889
761000,0.142,0.000,0.858
761500,0.153,0.000,0.847
762000,0.083,0.005,0.912
762500,0.083,0.014,0.903
763000,0.078,0.022,0.900
763500,0.105,0.011,0.883
764000,0.153,0.001,0.846
764500,0.086,0.013,0.900
765000,0.102,0.013,0.885
765500,0.082,0.005,0.913
766000,0.081,0.009,0.910
766500,0.127,0.013,0.860
767000,0.094,0.008,0.898
767500,0.089,0.015,0.895
768000,0.136,0.002,0.863
768500,0.114,0.000,0.886
769000,0.081,0.023,0.896
769500,0.067,0.018,0.916
770000,0.035,0.052,0.912
770500,0.066,0.028,0.906
771000,0.063,0.035,0.902
771500,0.098,0.004,0.898
772000,0.085,0.003,0.913
772500,0.085,0.001,0.914
773000,0.115,0.008,0.877
773500,0.113,0.001,0.886
774000,0.089,0.018,0.892
774500,0.097,0.002,0.901
775000,0.093,0.006,0.901
775500,0.049,0.002,0.950
776000,0.088,0.005,0.907
776500,0.083,0.000,0.917
777000,0.119,0.009,0.872
777500,0.082,0.006,0.912
778000,0.091,0.005,0.903
778500,0.144,0.010,0.846
779000,0.103,0.015,0.882
779500,0.067,0.009,0.924
780000,0.079,0.009,0.913
780500,0.101,0.002,0.898
781000,0.103,0.001,0.896
781500,0.089,0.013,0.897
782000,0.077,0.001,0.922
782500,0.086,0.018,0.896
783000,0.093,0.018,0.890
783500,0.078,0.009,0.913
784000,0.052,0.024,0.924
784500,0.059,0.019,0.922
785000,0.082,0.022,0.896
785500,0.123,0.001,0.877
786000,0.070,0.009,0.920
786500,0.092,0.024,0.885
787000,0.087,0.010,0.903
787500,0.075,0.011,0.913
788000,0.113,0.001,0.887
788500,0.100,0.000,0.900
789000,0.149,0.005,0.845
789500,0.083,0.011,0.906
790000,0.078,0.013,0.910
790500,0.083,0.022,0.895
791000,0.049,0.032,0.919
791500,0.064,0.018,0.918
792000,0.069,0.009,0.923
792500,0.065,0.009,0.926
793000,0.056,0.008,0.936
793500,0.081,0.011,0.908
794000,0.114,0.013,0.873
794500,0.136,0.002,0.863
795000,0.112,0.002,0.887
795500,0.078,0.015,0.907
796000,0.100,0.001,0.899
796500,0.125,0.001,0.875
797000,0.089,0.005,0.905
797500,0.096,0.015,0.889
798000,0.087,0.009,0.903
798500,0.134,0.004,0.862
799000,0.076,0.010,0.914
799500,0.090,0.001,0.909
800000,0.092,0.015,0.893
800500,0.090,0.007,0.902
801000,0.054,0.029,0.917
801500,0.054,0.020,0.925
802000,0.066,0.025,0.909
802500,0.060,0.022,0.918
803000,0.086,0.012,0.901
803500,0.093,0.001,0.906
804000,0.090,0.001,0.909
804500,0.070,0.021,0.908
805000,0.066,0.046,0.887
805500,0.073,0.013,0.914
806000,0.047,0.030,0.922
806500,0.086,0.013,0.901
807000,0.081,0.041,0.879
807500,0.098,0.002,0.901
808000,0.087,0.011,0.902
808500,0.127,0.003,0.870
809000,0.126,0.001,0.873
809500,0.111,0.001,0.888
810000,0.101,0.002,0.898
810500,0.113,0.002,0.886
811000,0.152,0.000,0.848
811500,0.096,0.008,0.896
812000,0.084,0.007,0.909
812500,0.075,0.007,0.917
813000,0.070,0.013,0.917
813500,0.132,0.013,0.856
814000,0.067,0.001,0.933
814500,0.058,0.019,0.923
815000,0.085,0.019,0.896
815500,0.073,0.014,0.913
816000,0.100,0.005,0.895
816500,0.088,0.013,0.899
817000,0.084,0.018,0.898
817500,0.071,0.013,0.916
818000,0.059,0.011,0.929
818500,0.065,0.009,0.926
819000,0.074,0.002,0.925
819500,0.059,0.023,0.917
820000,0.077,0.018,0.904
820500,0.079,0.007,0.914
821000,0.088,0.019,0.892
821500,0.067,0.038,0.895
822000,0.057,0.024,0.919
822500,0.074,0.022,0.903
823000,0.072,0.037,0.891
823500,0.090,0.033,0.877
824000,0.074,0.011,0.915
824500,0.070,0.031,0.899
825000,0.098,0.028,0.875
825500,0.059,0.014,0.927
826000,0.055,0.007,0.938
826500,0.077,0.006,0.917
827000,0.062,0.014,0.923
827500,0.092,0.016,0.891
828000,0.070,0.023,0.907
828500,0.080,0.029,0.891
829000,0.086,0.013,0.900
829500,0.106,0.004,0.890
830000,0.098,0.001,0.902
830500,0.102,0.001,0.897
831000,0.098,0.009,0.893
831500,0.116,0.004,0.880
832000,0.099,0.004,0.897
832500,0.071,0.006,0.923
833000,0.060,0.018,0.922
833500,0.056,0.011,0.934
834000,0.071,0.009,0.919
834500,0.073,0.015,0.911
835000,0.124,0.001,0.875
835500,0.112,0.006,0.882
836000,0.100,0.009,0.891
836500,0.099,0.006,0.895
837000,0.100,0.000,0.900
837500,0.114,0.000,0.886
838000,0.093,0.017,0.890
838500,0.088,0.013,0.898
839000,0.106,0.000,0.894
839500,0.108,0.000,0.891
840000,0.112,0.003,0.886
840500,0.127,0.001,0.873
841000,0.089,0.011,0.901
841500,0.067,0.007,0.926
842000,0.084,0.005,0.911
842500,0.093,0.014,0.892
843000,0.098,0.002,0.901
843500,0.151,0.003,0.846
844000,0.095,0.001,0.905
844500,0.133,0.001,0.867
845000,0.115,0.009,0.877
845500,0.124,0.001,0.876
846000,0.107,0.024,0.868
846500,0.085,0.002,0.913
847000,0.083,0.013,0.904
847500,0.057,0.015,0.929
848000,0.112,0.007,0.881
848500,0.086,0.015,0.899
849000,0.102,0.002,0.897
849500,0.103,0.009,0.889
850000,0.085,0.018,0.897
850500,0.086,0.007,0.907
851000,0.110,0.011,0.879
851500,0.104,0.011,0.884
852000,0.110,0.010,0.880
852500,0.083,0.004,0.913
853000,0.088,0.015,0.897
853500,0.054,0.033,0.912
854000,0.091,0.013,0.897
854500,0.071,0.011,0.919
855000,0.105,0.007,0.887
855500,0.139,0.015,0.846
856000,0.090,0.006,0.904
856500,0.086,0.009,0.905
857000,0.097,0.001,0.903
857500,0.083,0.000,0.917
858000,0.056,0.015,0.928
858500,0.092,0.014,0.894
859000,0.104,0.005,0.890
859500,0.078,0.013,0.909
860000,0.127,0.003,0.870
860500,0.107,0.013,0.879
861000,0.140,0.002,0.859
861500,0.097,0.002,0.902
862000,0.088,0.022,0.889
862500,0.058,0.007,0.934
863000,0.101,0.003,0.897
863500,0.058,0.022,0.920
864000,0.096,0.008,0.896
864500,0.136,0.002,0.863
865000,0.113,0.000,0.887
865500,0.079,0.011,0.910
866000,0.132,0.002,0.867
866500,0.071,0.017,0.913
867000,0.083,0.009,0.908
867500,0.079,0.009,0.912
868000,0.060,0.024,0.916
868500,0.141,0.004,0.855
869000,0.071,0.023,0.905
869500,0.084,0.011,0.905
870000,0.086,0.003,0.911
870500,0.103,0.009,0.889
871000,0.086,0.009,0.904
871500,0.082,0.007,0.911
872000,0.122,0.001,0.876
872500,0.107,0.013,0.881
873000,0.050,0.021,0.929
873500,0.072,0.027,0.900
874000,0.105,0.009,0.886
874500,0.110,0.005,0.885
875000,0.111,0.001,0.889
875500,0.115,0.003,0.883
876000,0.096,0.013,0.891
876500,0.120,0.009,0.871
877000,0.106,0.009,0.884
877500,0.108,0.001,0.892
878000,0.086,0.008,0.906
878500,0.059,0.011,0.930
879000,0.057,0.011,0.933
879500,0.089,0.002,0.910
880000,0.108,0.004,0.887
880500,0.106,0.003,0.891
881000,0.107,0.000,0.893
881500,0.071,0.029,0.899
882000,0.097,0.021,0.882
882500,0.093,0.002,0.906
883000,0.099,0.001,0.900
883500,0.133,0.000,0.867
884000,0.069,0.018,0.914
884500,0.086,0.009,0.905
885000,0.087,0.029,0.883
885500,0.076,0.004,0.919
886000,0.070,0.019,0.911
886500,0.076,0.009,0.915
887000,0.064,0.005,0.931
887500,0.087,0.009,0.904
888000,0.128,0.002,0.871
888500,0.098,0.017,0.886
889000,0.080,0.003,0.918
889500,0.051,0.017,0.932
890000,0.080,0.030,0.890
890500,0.081,0.006,0.913
891000,0.042,0.033,0.925
891500,0.057,0.025,0.918
892000,0.071,0.011,0.917
892500,0.121,0.005,0.874
893000,0.074,0.024,0.901
893500,0.062,0.010,0.928
894000,0.080,0.013,0.907
894500,0.104,0.011,0.884
895000,0.070,0.020,0.909
895500,0.109,0.009,0.882
896000,0.126,0.000,0.875
896500,0.099,0.000,0.901
897000,0.101,0.011,0.888
897500,0.088,0.019,0.893
898000,0.071,0.009,0.921
898500,0.067,0.013,0.920
899000,0.075,0.011,0.914
899500,0.067,0.017,0.916
900000,0.095,0.003,0.902
900500,0.114,0.006,0.880
901000,0.128,0.003,0.870
901500,0.124,0.005,0.870
902000,0.085,0.010,0.905
902500,0.068,0.012,0.920
903000,0.090,0.005,0.905
903500,0.087,0.008,0.904
904000,0.102,0.021,0.877
904500,0.073,0.019,0.908
905000,0.075,0.013,0.912
905500,0.087,0.006,0.906
906000,0.087,0.011,0.902
906500,0.084,0.004,0.913
907000,0.093,0.000,0.907
907500,0.081,0.011,0.908
908000,0.098,0.012,0.890
908500,0.095,0.005,0.900
909000,0.097,0.013,0.890
909500,0.106,0.005,0.889
910000,0.084,0.019,0.897
910500,0.084,0.005,0.911
911000,0.101,0.015,0.884
911500,0.110,0.002,0.888
912000,0.047,0.023,0.930
912500,0.074,0.017,0.909
913000,0.077,0.004,0.919
913500,0.113,0.000,0.887
914000,0.103,0.000,0.896
914500,0.094,0.007,0.899
915000,0.100,0.001,0.900
915500,0.120,0.002,0.879
916000,0.121,0.003,0.876
916500,0.099,0.009,0.893
917000,0.084,0.011,0.905
917500,0.057,0.011,0.931
918000,0.068,0.031,0.901
918500,0.079,0.017,0.905
919000,0.072,0.004,0.924
919500,0.114,0.005,0.881
920000,0.085,0.013,0.902
920500,0.050,0.022,0.928
921000,0.116,0.004,0.881
921500,0.080,0.005,0.915
922000,0.062,0.009,0.928
922500,0.101,0.015,0.885
923000,0.085,0.012,0.903
923500,0.093,0.004,0.902
924000,0.089,0.009,0.902
924500,0.075,0.020,0.904
925000,0.098,0.021,0.881
925500,0.070,0.004,0.925
926000,0.090,0.009,0.900
926500,0.073,0.010,0.916
927000,0.060,0.013,0.926
927500,0.093,0.014,0.893
928000,0.136,0.002,0.863
928500,0.122,0.005,0.872
929000,0.142,0.001,0.857
929500,0.126,0.003,0.871
930000,0.116,0.000,0.884
930500,0.077,0.000,0.923
931000,0.068,0.006,0.926
931500,0.072,0.025,0.903
932000,0.111,0.009,0.880
932500,0.099,0.001,0.901
933000,0.099,0.001,0.900
933500,0.098,0.004,0.899
934000,0.135,0.007,0.858
934500,0.086,0.022,0.891
935000,0.104,0.017,0.879
935500,0.071,0.028,0.901
936000,0.053,0.021,0.925
936500,0.091,0.015,0.894
937000,0.107,0.008,0.884
937500,0.083,0.006,0.911
938000,0.112,0.013,0.875
938500,0.121,0.001,0.878
939000,0.070,0.004,0.926
939500,0.080,0.015,0.905
940000,0.115,0.018,0.867
940500,0.063,0.008,0.929
941000,0.055,0.015,0.930
941500,0.069,0.024,0.907
942000,0.058,0.015,0.927
942500,0.081,0.000,0.919
943000,0.130,0.002,0.869
943500,0.128,0.000,0.873
944000,0.107,0.000,0.893
944500,0.093,0.005,0.902
945000,0.072,0.011,0.918
945500,0.100,0.009,0.891
946000,0.114,0.002,0.885
946500,0.103,0.013,0.883
947000,0.128,0.000,0.873
947500,0.113,0.002,0.886
948000,0.129,0.003,0.868
948500,0.129,0.003,0.869
949000,0.091,0.000,0.909
949500,0.105,0.001,0.894
950000,0.113,0.004,0.883
950500,0.153,0.009,0.838
951000,0.100,0.009,0.891
951500,0.122,0.000,0.877
952000,0.102,0.005,0.892
952500,0.098,0.003,0.900
953000,0.092,0.009,0.898
953500,0.172,0.001,0.828
954000,0.133,0.011,0.857
954500,0.121,0.003,0.876
955000,0.123,0.005,0.872
955500,0.098,0.007,0.895
956000,0.104,0.009,0.886
956500,0.061,0.010,0.928
957000,0.068,0.022,0.910
957500,0.065,0.013,0.923
958000,0.077,0.001,0.922
958500,0.079,0.024,0.898
959000,0.118,0.014,0.867
959500,0.068,0.015,0.917
960000,0.071,0.015,0.914
960500,0.090,0.024,0.886
961000,0.101,0.003,0.896
961500,0.086,0.007,0.907
962000,0.085,0.014,0.901
962500,0.083,0.021,0.897
963000,0.129,0.006,0.865
963500,0.070,0.015,0.914
964000,0.096,0.018,0.886
964500,0.065,0.026,0.909
965000,0.061,0.023,0.915
965500,0.095,0.009,0.896
966000,0.124,0.007,0.868
966500,0.069,0.021,0.911
967000,0.117,0.004,0.879
967500,0.110,0.010,0.880
968000,0.080,0.015,0.905
968500,0.086,0.021,0.894
969000,0.103,0.004,0.894
969500,0.089,0.003,0.908
970000,0.093,0.017,0.891
970500,0.097,0.014,0.889
971000,0.112,0.002,0.886
971500,0.075,0.058,0.868
972000,0.072,0.008,0.920
972500,0.077,0.022,0.901
973000,0.073,0.006,0.920
973500,0.097,0.010,0.893
974000,0.075,0.030,0.894
974500,0.110,0.013,0.878
975000,0.097,0.001,0.902
975500,0.088,0.000,0.912
976000,0.062,0.009,0.929
976500,0.098,0.008,0.894
977000,0.093,0.005,0.902
977500,0.099,0.019,0.882
978000,0.108,0.004,0.888
978500,0.104,0.006,0.890
979000,0.102,0.000,0.897
979500,0.094,0.011,0.895
980000,0.088,0.011,0.902
980500,0.088,0.001,0.911
981000,0.070,0.004,0.927
981500,0.062,0.009,0.928
982000,0.136,0.006,0.858
982500,0.102,0.010,0.887
983000,0.107,0.011,0.882
983500,0.144,0.009,0.847
984000,0.128,0.007,0.865
984500,0.083,0.004,0.913
985000,0.102,0.003,0.894
985500,0.118,0.001,0.882
986000,0.127,0.005,0.868
986500,0.082,0.004,0.915
987000,0.096,0.000,0.904
987500,0.117,0.000,0.883
988000,0.097,0.003,0.900
988500,0.111,0.007,0.882
989000,0.111,0.002,0.887
989500,0.075,0.015,0.909
990000,0.070,0.001,0.930
990500,0.106,0.002,0.893
991000,0.124,0.004,0.871
991500,0.147,0.004,0.849
992000,0.133,0.013,0.854
992500,0.104,0.017,0.878
993000,0.096,0.008,0.896
993500,0.088,0.003,0.909
994000,0.118,0.019,0.862
994500,0.146,0.005,0.849
995000,0.077,0.003,0.920
995500,0.121,0.004,0.875
996000,0.103,0.000,0.897
996500,0.076,0.016,0.908
997000,0.091,0.012,0.896
997500,0.081,0.011,0.909
998000,0.094,0.011,0.895
998500,0.080,0.011,0.909
999000,0.062,0.005,0.932
999500,0.089,0.013,0.899
1000000,0.125,0.003,0.873
