time,n_A+p,n_B,n_AB
500,0.080,0.755,0.165
1000,0.080,0.548,0.372
1500,0.080,0.428,0.492
2000,0.087,0.278,0.634
2500,0.112,0.215,0.672
3000,0.133,0.166,0.702
3500,0.221,0.081,0.699
4000,0.366,0.043,0.590
4500,0.505,0.005,0.490
5000,0.699,0.000,0.301
5500,0.772,0.000,0.228
6000,0.850,0.000,0.150
6500,0.882,0.000,0.118
7000,0.916,0.000,0.084
7500,0.948,0.000,0.052
8000,0.929,0.000,0.071
8500,0.897,0.000,0.103
9000,0.901,0.000,0.099
9500,0.910,0.000,0.090
10000,0.915,0.000,0.085
10500,0.942,0.000,0.058
11000,0.939,0.000,0.061
11500,0.974,0.000,0.026
12000,0.958,0.000,0.042
12500,0.946,0.000,0.054
13000,0.946,0.000,0.054
13500,0.967,0.000,0.033
14000,0.989,0.000,0.011
14500,0.996,0.000,0.004
15000,0.998,0.000,0.002
15500,0.984,0.000,0.016
16000,0.996,0.000,0.004
16500,0.999,0.000,0.001
17000,1.000,0.000,0.000
