time,n_A+p,n_B,n_AB
500,0.030,0.337,0.633
1000,0.030,0.225,0.745
1500,0.030,0.452,0.518
2000,0.030,0.314,0.656
2500,0.030,0.297,0.673
3000,0.030,0.249,0.721
3500,0.030,0.165,0.805
4000,0.030,0.437,0.533
4500,0.030,0.405,0.565
5000,0.030,0.330,0.640
5500,0.030,0.303,0.667
6000,0.030,0.241,0.729
6500,0.030,0.307,0.663
7000,0.030,0.322,0.648
7500,0.030,0.356,0.614
8000,0.030,0.262,0.708
8500,0.030,0.345,0.625
9000,0.030,0.387,0.583
9500,0.030,0.490,0.480
10000,0.030,0.244,0.726
10500,0.030,0.314,0.656
11000,0.030,0.411,0.559
11500,0.030,0.413,0.557
12000,0.030,0.280,0.690
12500,0.865,0.000,0.135
13000,1.000,0.000,0.000
