time,n_A+p,n_B,n_AB
500,0.050,0.933,0.016
1000,0.050,0.925,0.025
1500,0.051,0.918,0.031
2000,0.051,0.910,0.038
2500,0.051,0.901,0.047
3000,0.051,0.890,0.058
3500,0.053,0.883,0.064
4000,0.053,0.874,0.073
4500,0.054,0.868,0.078
5000,0.057,0.857,0.087
5500,0.056,0.856,0.089
6000,0.056,0.843,0.101
6500,0.056,0.841,0.103
7000,0.059,0.836,0.106
7500,0.058,0.835,0.108
8000,0.058,0.833,0.109
8500,0.057,0.835,0.108
9000,0.059,0.829,0.113
9500,0.059,0.823,0.119
10000,0.062,0.821,0.117
10500,0.060,0.825,0.115
11000,0.059,0.821,0.120
11500,0.060,0.830,0.110
12000,0.062,0.823,0.115
12500,0.063,0.822,0.116
13000,0.063,0.810,0.127
13500,0.063,0.801,0.136
14000,0.065,0.796,0.139
14500,0.068,0.796,0.135
15000,0.072,0.793,0.135
15500,0.071,0.789,0.139
16000,0.068,0.792,0.140
16500,0.070,0.787,0.142
17000,0.074,0.779,0.147
17500,0.078,0.775,0.147
18000,0.080,0.770,0.150
18500,0.078,0.762,0.160
19000,0.075,0.764,0.160
19500,0.076,0.762,0.161
20000,0.086,0.757,0.157
20500,0.083,0.744,0.173
21000,0.084,0.745,0.172
21500,0.082,0.741,0.178
22000,0.081,0.737,0.183
22500,0.082,0.736,0.182
23000,0.081,0.732,0.188
23500,0.082,0.738,0.181
24000,0.081,0.733,0.186
24500,0.079,0.723,0.199
25000,0.077,0.718,0.205
25500,0.080,0.719,0.201
26000,0.081,0.724,0.196
26500,0.080,0.723,0.198
27000,0.080,0.725,0.196
27500,0.077,0.729,0.194
28000,0.080,0.737,0.183
28500,0.082,0.741,0.177
29000,0.086,0.738,0.176
29500,0.088,0.736,0.176
30000,0.086,0.731,0.183
30500,0.084,0.728,0.188
31000,0.085,0.729,0.187
31500,0.082,0.720,0.199
32000,0.078,0.719,0.204
32500,0.083,0.719,0.199
33000,0.085,0.726,0.190
33500,0.080,0.724,0.197
34000,0.082,0.720,0.199
34500,0.087,0.726,0.186
35000,0.086,0.721,0.194
35500,0.087,0.721,0.192
36000,0.088,0.721,0.191
36500,0.087,0.723,0.190
37000,0.088,0.720,0.193
37500,0.085,0.722,0.193
38000,0.092,0.723,0.185
38500,0.095,0.729,0.176
39000,0.095,0.727,0.178
39500,0.091,0.732,0.177
40000,0.086,0.730,0.184
40500,0.086,0.725,0.189
41000,0.084,0.717,0.200
41500,0.084,0.725,0.192
42000,0.084,0.721,0.195
42500,0.087,0.722,0.191
43000,0.083,0.719,0.199
43500,0.086,0.726,0.189
44000,0.085,0.712,0.204
44500,0.089,0.719,0.192
45000,0.090,0.719,0.192
45500,0.092,0.711,0.197
46000,0.087,0.710,0.203
46500,0.086,0.717,0.197
47000,0.083,0.718,0.200
47500,0.082,0.719,0.199
48000,0.082,0.709,0.210
48500,0.088,0.705,0.207
49000,0.088,0.696,0.216
49500,0.086,0.695,0.219
50000,0.089,0.705,0.207
50500,0.086,0.704,0.211
51000,0.086,0.706,0.208
51500,0.085,0.702,0.214
52000,0.086,0.694,0.220
52500,0.090,0.691,0.219
53000,0.092,0.696,0.212
53500,0.095,0.687,0.218
54000,0.095,0.688,0.217
54500,0.102,0.689,0.210
55000,0.101,0.689,0.210
55500,0.101,0.683,0.216
56000,0.099,0.681,0.220
56500,0.097,0.675,0.228
57000,0.096,0.678,0.226
57500,0.096,0.677,0.227
58000,0.098,0.668,0.234
58500,0.102,0.671,0.227
59000,0.105,0.664,0.230
59500,0.101,0.678,0.221
60000,0.107,0.679,0.214
60500,0.106,0.679,0.214
61000,0.106,0.678,0.215
61500,0.109,0.669,0.222
62000,0.108,0.670,0.221
62500,0.106,0.661,0.232
63000,0.101,0.650,0.249
63500,0.106,0.653,0.241
64000,0.108,0.649,0.242
64500,0.106,0.646,0.247
65000,0.110,0.640,0.250
65500,0.114,0.639,0.247
66000,0.113,0.642,0.245
66500,0.114,0.646,0.240
67000,0.121,0.643,0.235
67500,0.117,0.654,0.229
68000,0.120,0.648,0.231
68500,0.125,0.648,0.227
69000,0.122,0.649,0.229
69500,0.124,0.644,0.231
70000,0.118,0.646,0.235
70500,0.118,0.642,0.239
71000,0.121,0.632,0.247
71500,0.129,0.623,0.248
72000,0.124,0.615,0.261
72500,0.126,0.623,0.251
73000,0.133,0.617,0.251
73500,0.128,0.617,0.256
74000,0.132,0.621,0.247
74500,0.130,0.621,0.249
75000,0.132,0.608,0.260
75500,0.134,0.599,0.268
76000,0.130,0.605,0.266
76500,0.131,0.607,0.263
77000,0.129,0.610,0.261
77500,0.124,0.604,0.271
78000,0.130,0.594,0.276
78500,0.127,0.595,0.279
79000,0.132,0.600,0.269
79500,0.134,0.597,0.269
80000,0.136,0.600,0.264
80500,0.137,0.599,0.264
81000,0.133,0.596,0.272
81500,0.132,0.595,0.274
82000,0.131,0.596,0.273
82500,0.133,0.593,0.275
83000,0.139,0.592,0.270
83500,0.141,0.590,0.269
84000,0.136,0.591,0.273
84500,0.128,0.598,0.275
85000,0.131,0.601,0.268
85500,0.132,0.598,0.270
86000,0.131,0.613,0.256
86500,0.127,0.617,0.256
87000,0.129,0.611,0.260
87500,0.120,0.613,0.267
88000,0.128,0.605,0.267
88500,0.132,0.595,0.273
89000,0.134,0.594,0.272
89500,0.136,0.599,0.266
90000,0.145,0.597,0.258
90500,0.145,0.589,0.266
91000,0.148,0.591,0.261
91500,0.144,0.595,0.261
92000,0.133,0.590,0.278
92500,0.134,0.595,0.272
93000,0.133,0.586,0.281
93500,0.140,0.593,0.268
94000,0.138,0.585,0.277
94500,0.150,0.576,0.274
95000,0.138,0.565,0.297
95500,0.132,0.568,0.300
96000,0.132,0.581,0.287
96500,0.135,0.577,0.288
97000,0.134,0.587,0.280
97500,0.139,0.580,0.281
98000,0.145,0.582,0.273
98500,0.141,0.583,0.276
99000,0.144,0.594,0.262
99500,0.145,0.585,0.270
100000,0.144,0.581,0.275
100500,0.147,0.591,0.262
101000,0.148,0.584,0.268
101500,0.148,0.577,0.275
102000,0.148,0.566,0.286
102500,0.153,0.569,0.278
103000,0.160,0.559,0.280
103500,0.161,0.559,0.279
104000,0.162,0.559,0.279
104500,0.167,0.549,0.284
105000,0.165,0.545,0.290
105500,0.174,0.541,0.285
106000,0.172,0.542,0.286
106500,0.168,0.544,0.287
107000,0.171,0.549,0.280
107500,0.170,0.549,0.280
108000,0.173,0.548,0.279
108500,0.164,0.547,0.289
109000,0.162,0.540,0.298
109500,0.158,0.533,0.309
110000,0.161,0.531,0.308
110500,0.161,0.528,0.310
111000,0.163,0.535,0.302
111500,0.163,0.535,0.301
112000,0.160,0.541,0.299
112500,0.165,0.545,0.290
113000,0.166,0.536,0.298
113500,0.171,0.539,0.290
114000,0.171,0.544,0.285
114500,0.171,0.541,0.288
115000,0.164,0.543,0.293
115500,0.170,0.538,0.291
116000,0.170,0.540,0.290
116500,0.170,0.543,0.287
117000,0.166,0.537,0.296
117500,0.169,0.529,0.302
118000,0.173,0.525,0.301
118500,0.169,0.531,0.300
119000,0.171,0.530,0.299
119500,0.174,0.520,0.306
120000,0.173,0.519,0.308
120500,0.175,0.509,0.316
121000,0.172,0.508,0.319
121500,0.167,0.512,0.321
122000,0.174,0.518,0.308
122500,0.184,0.522,0.293
123000,0.181,0.522,0.296
123500,0.180,0.520,0.299
124000,0.178,0.520,0.302
124500,0.185,0.514,0.300
125000,0.190,0.511,0.299
125500,0.189,0.507,0.304
126000,0.186,0.513,0.300
126500,0.188,0.500,0.312
127000,0.180,0.507,0.312
127500,0.179,0.504,0.317
128000,0.185,0.510,0.305
128500,0.184,0.500,0.315
129000,0.188,0.505,0.307
129500,0.186,0.498,0.316
130000,0.196,0.489,0.316
130500,0.193,0.483,0.325
131000,0.193,0.484,0.324
131500,0.198,0.474,0.328
132000,0.206,0.468,0.327
132500,0.203,0.463,0.334
133000,0.205,0.475,0.320
133500,0.204,0.465,0.331
134000,0.212,0.457,0.330
134500,0.205,0.454,0.340
135000,0.201,0.463,0.336
135500,0.211,0.465,0.325
136000,0.211,0.457,0.332
136500,0.221,0.457,0.323
137000,0.233,0.457,0.310
137500,0.240,0.450,0.310
138000,0.245,0.453,0.301
138500,0.238,0.446,0.316
139000,0.245,0.447,0.308
139500,0.242,0.449,0.309
140000,0.233,0.439,0.329
140500,0.243,0.429,0.328
141000,0.252,0.420,0.328
141500,0.264,0.412,0.324
142000,0.265,0.405,0.331
142500,0.261,0.396,0.344
143000,0.249,0.401,0.350
143500,0.252,0.393,0.355
144000,0.258,0.388,0.354
144500,0.263,0.381,0.356
145000,0.274,0.378,0.349
145500,0.277,0.369,0.355
146000,0.281,0.367,0.352
146500,0.283,0.366,0.351
147000,0.290,0.362,0.348
147500,0.289,0.358,0.352
148000,0.289,0.358,0.352
148500,0.289,0.366,0.345
149000,0.298,0.358,0.343
149500,0.298,0.351,0.350
150000,0.302,0.359,0.338
150500,0.302,0.357,0.341
151000,0.295,0.354,0.351
151500,0.305,0.349,0.346
152000,0.301,0.358,0.340
152500,0.312,0.358,0.329
153000,0.313,0.355,0.332
153500,0.308,0.354,0.338
154000,0.311,0.355,0.334
154500,0.316,0.360,0.324
155000,0.316,0.354,0.330
155500,0.312,0.354,0.334
156000,0.302,0.359,0.339
156500,0.295,0.363,0.342
157000,0.292,0.354,0.353
157500,0.293,0.359,0.348
158000,0.295,0.355,0.350
158500,0.300,0.349,0.351
159000,0.306,0.340,0.354
159500,0.319,0.339,0.343
160000,0.324,0.332,0.344
160500,0.336,0.329,0.335
161000,0.343,0.342,0.316
161500,0.345,0.336,0.319
162000,0.341,0.339,0.320
162500,0.338,0.330,0.332
163000,0.339,0.321,0.340
163500,0.329,0.315,0.356
164000,0.332,0.298,0.369
164500,0.332,0.300,0.367
165000,0.338,0.305,0.357
165500,0.339,0.291,0.370
166000,0.350,0.278,0.372
166500,0.364,0.275,0.361
167000,0.372,0.275,0.353
167500,0.372,0.270,0.358
168000,0.369,0.278,0.353
168500,0.383,0.278,0.339
169000,0.388,0.266,0.346
169500,0.385,0.264,0.351
170000,0.382,0.274,0.344
170500,0.381,0.258,0.361
171000,0.393,0.247,0.359
171500,0.399,0.256,0.346
172000,0.415,0.242,0.343
172500,0.425,0.235,0.339
173000,0.422,0.231,0.347
173500,0.425,0.224,0.351
174000,0.427,0.225,0.348
174500,0.424,0.224,0.352
175000,0.433,0.230,0.337
175500,0.434,0.232,0.334
176000,0.446,0.224,0.331
176500,0.444,0.225,0.331
177000,0.447,0.217,0.336
177500,0.446,0.214,0.341
178000,0.465,0.215,0.321
178500,0.465,0.207,0.329
179000,0.474,0.200,0.327
179500,0.474,0.197,0.330
180000,0.480,0.190,0.330
180500,0.485,0.180,0.335
181000,0.497,0.171,0.332
181500,0.503,0.162,0.335
182000,0.514,0.154,0.332
182500,0.525,0.152,0.322
183000,0.533,0.148,0.319
183500,0.541,0.140,0.319
184000,0.541,0.136,0.323
184500,0.546,0.129,0.325
185000,0.538,0.127,0.335
185500,0.545,0.128,0.327
186000,0.549,0.125,0.326
186500,0.560,0.121,0.319
187000,0.584,0.124,0.292
187500,0.601,0.119,0.280
188000,0.608,0.113,0.280
188500,0.618,0.107,0.275
189000,0.629,0.098,0.273
189500,0.639,0.091,0.270
190000,0.649,0.090,0.260
190500,0.658,0.091,0.251
191000,0.668,0.083,0.249
191500,0.664,0.079,0.257
192000,0.671,0.075,0.254
192500,0.678,0.076,0.246
193000,0.690,0.070,0.241
193500,0.697,0.064,0.239
194000,0.706,0.061,0.233
194500,0.721,0.056,0.224
195000,0.734,0.054,0.212
195500,0.751,0.045,0.204
196000,0.760,0.044,0.196
196500,0.765,0.043,0.192
197000,0.782,0.041,0.177
197500,0.800,0.037,0.162
198000,0.808,0.033,0.159
198500,0.809,0.030,0.160
199000,0.820,0.027,0.153
199500,0.832,0.024,0.144
200000,0.833,0.022,0.145
200500,0.843,0.018,0.139
201000,0.846,0.018,0.136
201500,0.853,0.015,0.132
202000,0.869,0.017,0.114
202500,0.879,0.015,0.106
203000,0.885,0.012,0.103
203500,0.890,0.011,0.098
204000,0.894,0.011,0.095
204500,0.896,0.008,0.096
205000,0.897,0.005,0.097
205500,0.902,0.004,0.093
206000,0.906,0.004,0.090
206500,0.909,0.004,0.087
207000,0.910,0.004,0.085
207500,0.916,0.005,0.078
208000,0.913,0.004,0.082
208500,0.914,0.005,0.080
209000,0.914,0.004,0.082
209500,0.922,0.002,0.076
210000,0.922,0.003,0.075
210500,0.927,0.002,0.071
211000,0.932,0.001,0.067
211500,0.941,0.002,0.057
212000,0.945,0.004,0.052
212500,0.949,0.004,0.048
213000,0.951,0.003,0.046
213500,0.954,0.002,0.044
214000,0.956,0.002,0.043
214500,0.957,0.002,0.042
215000,0.961,0.002,0.038
215500,0.962,0.001,0.038
216000,0.968,0.000,0.032
216500,0.970,0.000,0.030
217000,0.966,0.000,0.034
217500,0.966,0.000,0.034
218000,0.972,0.000,0.028
218500,0.975,0.000,0.025
219000,0.974,0.000,0.026
219500,0.977,0.000,0.023
220000,0.978,0.000,0.022
220500,0.977,0.000,0.023
221000,0.979,0.000,0.021
221500,0.979,0.000,0.021
222000,0.981,0.000,0.019
222500,0.980,0.000,0.020
223000,0.982,0.000,0.018
223500,0.984,0.000,0.016
224000,0.985,0.000,0.015
224500,0.984,0.000,0.016
225000,0.986,0.000,0.014
225500,0.988,0.000,0.012
226000,0.991,0.000,0.009
226500,0.992,0.000,0.008
227000,0.994,0.000,0.006
227500,0.993,0.000,0.007
228000,0.994,0.000,0.006
228500,0.995,0.000,0.005
229000,0.996,0.000,0.004
229500,0.996,0.000,0.004
230000,0.996,0.000,0.004
230500,0.996,0.000,0.004
231000,0.997,0.000,0.003
231500,0.997,0.000,0.003
232000,0.998,0.000,0.002
232500,0.998,0.000,0.002
233000,0.998,0.000,0.002
233500,0.998,0.000,0.002
234000,0.997,0.000,0.003
234500,0.997,0.000,0.003
235000,0.997,0.000,0.003
235500,0.998,0.000,0.002
236000,0.998,0.000,0.002
236500,0.998,0.000,0.002
237000,0.998,0.000,0.002
237500,0.998,0.000,0.002
238000,0.998,0.000,0.002
238500,0.998,0.000,0.002
239000,0.998,0.000,0.002
239500,0.998,0.000,0.002
240000,0.998,0.000,0.002
240500,0.999,0.000,0.001
241000,0.999,0.000,0.001
241500,0.999,0.000,0.001
242000,0.999,0.000,0.001
242500,0.999,0.000,0.001
243000,0.999,0.000,0.001
243500,0.999,0.000,0.001
244000,0.999,0.000,0.001
244500,0.999,0.000,0.001
245000,0.999,0.000,0.001
245500,0.999,0.000,0.001
246000,1.000,0.000,0.000
246500,1.000,0.000,0.000
247000,1.000,0.000,0.000
247500,1.000,0.000,0.000
