time,n_A+p,n_B,n_AB
500,0.030,0.961,0.009
1000,0.030,0.956,0.014
1500,0.030,0.943,0.027
2000,0.030,0.940,0.030
2500,0.030,0.921,0.049
3000,0.030,0.908,0.062
3500,0.031,0.902,0.067
4000,0.032,0.888,0.080
4500,0.032,0.883,0.085
5000,0.034,0.884,0.082
5500,0.034,0.893,0.073
6000,0.035,0.872,0.093
6500,0.038,0.851,0.111
7000,0.043,0.841,0.116
7500,0.037,0.831,0.132
8000,0.037,0.826,0.137
8500,0.039,0.834,0.127
9000,0.044,0.829,0.127
9500,0.049,0.810,0.141
10000,0.049,0.794,0.157
10500,0.048,0.797,0.155
11000,0.050,0.771,0.179
11500,0.048,0.764,0.188
12000,0.051,0.758,0.191
12500,0.051,0.776,0.173
13000,0.049,0.770,0.181
13500,0.047,0.772,0.181
14000,0.048,0.777,0.175
14500,0.046,0.770,0.184
15000,0.047,0.792,0.161
15500,0.045,0.798,0.157
16000,0.042,0.796,0.162
16500,0.044,0.790,0.166
17000,0.049,0.801,0.150
17500,0.051,0.782,0.167
18000,0.059,0.774,0.167
18500,0.056,0.753,0.191
19000,0.055,0.731,0.214
19500,0.060,0.728,0.212
20000,0.057,0.725,0.218
20500,0.061,0.732,0.207
21000,0.069,0.725,0.206
21500,0.070,0.715,0.215
22000,0.067,0.707,0.226
22500,0.067,0.710,0.223
23000,0.062,0.708,0.230
23500,0.064,0.709,0.227
24000,0.066,0.712,0.222
24500,0.065,0.707,0.228
25000,0.076,0.712,0.212
25500,0.055,0.710,0.235
26000,0.064,0.702,0.234
26500,0.070,0.713,0.217
27000,0.070,0.720,0.210
27500,0.069,0.712,0.219
28000,0.073,0.712,0.215
28500,0.064,0.702,0.234
29000,0.063,0.710,0.227
29500,0.068,0.705,0.227
30000,0.078,0.684,0.238
30500,0.088,0.662,0.250
31000,0.095,0.653,0.252
31500,0.091,0.632,0.277
32000,0.094,0.620,0.286
32500,0.089,0.605,0.306
33000,0.094,0.608,0.298
33500,0.092,0.620,0.288
34000,0.100,0.617,0.283
34500,0.104,0.615,0.281
35000,0.109,0.630,0.261
35500,0.106,0.623,0.271
36000,0.115,0.642,0.243
36500,0.102,0.650,0.248
37000,0.105,0.639,0.256
37500,0.098,0.618,0.284
38000,0.105,0.599,0.296
38500,0.094,0.615,0.291
39000,0.091,0.629,0.280
39500,0.104,0.627,0.269
40000,0.091,0.618,0.291
40500,0.099,0.607,0.294
41000,0.104,0.604,0.292
41500,0.094,0.613,0.293
42000,0.099,0.605,0.296
42500,0.100,0.620,0.280
43000,0.096,0.611,0.293
43500,0.097,0.617,0.286
44000,0.097,0.625,0.278
44500,0.093,0.632,0.275
45000,0.095,0.631,0.274
45500,0.099,0.622,0.279
46000,0.091,0.626,0.283
46500,0.093,0.609,0.298
47000,0.112,0.604,0.284
47500,0.113,0.580,0.307
48000,0.114,0.562,0.324
48500,0.122,0.573,0.305
49000,0.113,0.592,0.295
49500,0.120,0.578,0.302
50000,0.116,0.576,0.308
50500,0.119,0.572,0.309
51000,0.105,0.584,0.311
51500,0.102,0.611,0.287
52000,0.097,0.623,0.280
52500,0.085,0.621,0.294
53000,0.098,0.642,0.260
53500,0.089,0.633,0.278
54000,0.092,0.637,0.271
54500,0.097,0.631,0.272
55000,0.096,0.626,0.278
55500,0.096,0.645,0.259
56000,0.084,0.637,0.279
56500,0.091,0.624,0.285
57000,0.092,0.629,0.279
57500,0.087,0.633,0.280
58000,0.089,0.606,0.305
58500,0.094,0.609,0.297
59000,0.095,0.612,0.293
59500,0.094,0.608,0.298
60000,0.100,0.594,0.306
60500,0.091,0.601,0.308
61000,0.099,0.612,0.289
61500,0.097,0.624,0.279
62000,0.097,0.622,0.281
62500,0.099,0.618,0.283
63000,0.101,0.620,0.279
63500,0.086,0.611,0.303
64000,0.089,0.605,0.306
64500,0.096,0.600,0.304
65000,0.102,0.590,0.308
65500,0.122,0.573,0.305
66000,0.112,0.561,0.327
66500,0.109,0.585,0.306
67000,0.097,0.584,0.319
67500,0.114,0.598,0.288
68000,0.115,0.597,0.288
68500,0.131,0.604,0.265
69000,0.129,0.611,0.260
69500,0.113,0.595,0.292
70000,0.116,0.598,0.286
70500,0.115,0.581,0.304
71000,0.117,0.579,0.304
71500,0.122,0.576,0.302
72000,0.126,0.580,0.294
72500,0.115,0.586,0.299
73000,0.116,0.583,0.301
73500,0.129,0.588,0.283
74000,0.111,0.563,0.326
74500,0.126,0.562,0.312
75000,0.134,0.536,0.330
75500,0.149,0.520,0.331
76000,0.142,0.515,0.343
76500,0.154,0.548,0.298
77000,0.155,0.534,0.311
77500,0.144,0.542,0.314
78000,0.152,0.535,0.313
78500,0.134,0.533,0.333
79000,0.132,0.532,0.336
79500,0.125,0.534,0.341
80000,0.134,0.539,0.327
80500,0.159,0.544,0.297
81000,0.153,0.547,0.300
81500,0.148,0.550,0.302
82000,0.143,0.549,0.308
82500,0.149,0.551,0.300
83000,0.144,0.553,0.303
83500,0.136,0.557,0.307
84000,0.123,0.560,0.317
84500,0.121,0.585,0.294
85000,0.105,0.579,0.316
85500,0.103,0.583,0.314
86000,0.113,0.571,0.316
86500,0.115,0.581,0.304
87000,0.109,0.575,0.316
87500,0.109,0.591,0.300
88000,0.117,0.596,0.287
88500,0.108,0.594,0.298
89000,0.106,0.600,0.294
89500,0.099,0.594,0.307
90000,0.112,0.591,0.297
90500,0.116,0.591,0.293
91000,0.107,0.592,0.301
91500,0.104,0.594,0.302
92000,0.113,0.593,0.294
92500,0.119,0.585,0.296
93000,0.122,0.581,0.297
93500,0.107,0.581,0.312
94000,0.102,0.595,0.303
94500,0.104,0.586,0.310
95000,0.113,0.587,0.300
95500,0.128,0.595,0.277
96000,0.120,0.569,0.311
96500,0.116,0.581,0.303
97000,0.108,0.594,0.298
97500,0.110,0.595,0.295
98000,0.118,0.587,0.295
98500,0.120,0.599,0.281
99000,0.134,0.607,0.259
99500,0.115,0.595,0.290
100000,0.124,0.587,0.289
100500,0.121,0.573,0.306
101000,0.119,0.577,0.304
101500,0.113,0.590,0.297
102000,0.116,0.603,0.281
102500,0.112,0.601,0.287
103000,0.111,0.616,0.273
103500,0.100,0.613,0.287
104000,0.111,0.606,0.283
104500,0.115,0.609,0.276
105000,0.104,0.593,0.303
105500,0.118,0.596,0.286
106000,0.115,0.605,0.280
106500,0.110,0.621,0.269
107000,0.099,0.635,0.266
107500,0.099,0.645,0.256
108000,0.091,0.637,0.272
108500,0.089,0.650,0.261
109000,0.085,0.639,0.276
109500,0.086,0.658,0.256
110000,0.084,0.666,0.250
110500,0.080,0.669,0.251
111000,0.079,0.674,0.247
111500,0.084,0.680,0.236
112000,0.089,0.666,0.245
112500,0.071,0.658,0.271
113000,0.065,0.667,0.268
113500,0.080,0.663,0.257
114000,0.075,0.640,0.285
114500,0.077,0.636,0.287
115000,0.091,0.658,0.251
115500,0.083,0.669,0.248
116000,0.079,0.671,0.250
116500,0.081,0.675,0.244
117000,0.083,0.671,0.246
117500,0.085,0.660,0.255
118000,0.086,0.674,0.240
118500,0.082,0.678,0.240
119000,0.080,0.671,0.249
119500,0.082,0.673,0.245
120000,0.087,0.662,0.251
120500,0.083,0.653,0.264
121000,0.080,0.666,0.254
121500,0.076,0.655,0.269
122000,0.074,0.663,0.263
122500,0.070,0.677,0.253
123000,0.073,0.675,0.252
123500,0.069,0.684,0.247
124000,0.073,0.687,0.240
124500,0.068,0.675,0.257
125000,0.072,0.678,0.250
125500,0.080,0.668,0.252
126000,0.074,0.683,0.243
126500,0.076,0.667,0.257
127000,0.075,0.671,0.254
127500,0.084,0.669,0.247
128000,0.087,0.659,0.254
128500,0.083,0.651,0.266
129000,0.080,0.661,0.259
129500,0.070,0.665,0.265
130000,0.082,0.688,0.230
130500,0.086,0.686,0.228
131000,0.085,0.696,0.219
131500,0.084,0.688,0.228
132000,0.083,0.672,0.245
132500,0.089,0.668,0.243
133000,0.091,0.669,0.240
133500,0.087,0.660,0.253
134000,0.089,0.672,0.239
134500,0.080,0.675,0.245
135000,0.082,0.683,0.235
135500,0.067,0.696,0.237
136000,0.071,0.694,0.235
136500,0.083,0.679,0.238
137000,0.088,0.668,0.244
137500,0.086,0.671,0.243
138000,0.089,0.666,0.245
138500,0.085,0.669,0.246
139000,0.082,0.672,0.246
139500,0.081,0.651,0.268
140000,0.084,0.665,0.251
140500,0.082,0.639,0.279
141000,0.091,0.653,0.256
141500,0.097,0.644,0.259
142000,0.099,0.656,0.245
142500,0.100,0.659,0.241
143000,0.087,0.682,0.231
143500,0.083,0.676,0.241
144000,0.090,0.673,0.237
144500,0.092,0.658,0.250
145000,0.090,0.655,0.255
145500,0.090,0.638,0.272
146000,0.078,0.645,0.277
146500,0.081,0.631,0.288
147000,0.083,0.635,0.282
147500,0.086,0.640,0.274
148000,0.091,0.642,0.267
148500,0.085,0.633,0.282
149000,0.091,0.629,0.280
149500,0.096,0.605,0.299
150000,0.093,0.619,0.288
150500,0.095,0.605,0.300
151000,0.087,0.616,0.297
151500,0.081,0.615,0.304
152000,0.086,0.630,0.284
152500,0.082,0.628,0.290
153000,0.093,0.633,0.274
153500,0.103,0.630,0.267
154000,0.102,0.623,0.275
154500,0.096,0.632,0.272
155000,0.089,0.621,0.290
155500,0.102,0.618,0.280
156000,0.100,0.614,0.286
156500,0.093,0.610,0.297
157000,0.093,0.625,0.282
157500,0.091,0.643,0.266
158000,0.088,0.641,0.271
158500,0.096,0.629,0.275
159000,0.093,0.646,0.261
159500,0.078,0.639,0.283
160000,0.078,0.652,0.270
160500,0.073,0.656,0.271
161000,0.079,0.650,0.271
161500,0.063,0.656,0.281
162000,0.086,0.651,0.263
162500,0.079,0.655,0.266
163000,0.084,0.665,0.251
163500,0.079,0.657,0.264
164000,0.090,0.644,0.266
164500,0.092,0.623,0.285
165000,0.091,0.626,0.283
165500,0.086,0.616,0.298
166000,0.080,0.649,0.271
166500,0.067,0.665,0.268
167000,0.075,0.672,0.253
167500,0.064,0.681,0.255
168000,0.071,0.666,0.263
168500,0.069,0.658,0.273
169000,0.075,0.685,0.240
169500,0.070,0.676,0.254
170000,0.076,0.673,0.251
170500,0.077,0.675,0.248
171000,0.065,0.676,0.259
171500,0.066,0.692,0.242
172000,0.071,0.692,0.237
172500,0.057,0.701,0.242
173000,0.076,0.687,0.237
173500,0.080,0.675,0.245
174000,0.084,0.675,0.241
174500,0.086,0.684,0.230
175000,0.101,0.659,0.240
175500,0.099,0.636,0.265
176000,0.105,0.633,0.262
176500,0.090,0.628,0.282
177000,0.093,0.629,0.278
177500,0.092,0.634,0.274
178000,0.087,0.644,0.269
178500,0.080,0.653,0.267
179000,0.091,0.681,0.228
179500,0.084,0.688,0.228
180000,0.083,0.677,0.240
180500,0.079,0.675,0.246
181000,0.079,0.675,0.246
181500,0.080,0.675,0.245
182000,0.074,0.696,0.230
182500,0.064,0.700,0.236
183000,0.070,0.701,0.229
183500,0.068,0.699,0.233
184000,0.080,0.699,0.221
184500,0.074,0.710,0.216
185000,0.063,0.703,0.234
185500,0.060,0.695,0.245
186000,0.066,0.698,0.236
186500,0.066,0.696,0.238
187000,0.078,0.675,0.247
187500,0.081,0.688,0.231
188000,0.083,0.683,0.234
188500,0.082,0.690,0.228
189000,0.084,0.680,0.236
189500,0.074,0.677,0.249
190000,0.074,0.677,0.249
190500,0.079,0.672,0.249
191000,0.082,0.697,0.221
191500,0.079,0.676,0.245
192000,0.083,0.671,0.246
192500,0.073,0.690,0.237
193000,0.081,0.674,0.245
193500,0.076,0.691,0.233
194000,0.073,0.703,0.224
194500,0.074,0.695,0.231
195000,0.071,0.699,0.230
195500,0.071,0.694,0.235
196000,0.062,0.689,0.249
196500,0.059,0.693,0.248
197000,0.070,0.694,0.236
197500,0.074,0.688,0.238
198000,0.062,0.686,0.252
198500,0.065,0.700,0.235
199000,0.062,0.698,0.240
199500,0.063,0.703,0.234
200000,0.057,0.693,0.250
200500,0.062,0.696,0.242
201000,0.070,0.703,0.227
201500,0.073,0.693,0.234
202000,0.065,0.703,0.232
202500,0.060,0.688,0.252
203000,0.063,0.703,0.234
203500,0.058,0.718,0.224
204000,0.062,0.726,0.212
204500,0.067,0.730,0.203
205000,0.058,0.708,0.234
205500,0.065,0.701,0.234
206000,0.064,0.706,0.230
206500,0.070,0.705,0.225
207000,0.064,0.712,0.224
207500,0.060,0.695,0.245
208000,0.064,0.700,0.236
208500,0.066,0.706,0.228
209000,0.063,0.698,0.239
209500,0.058,0.713,0.229
210000,0.064,0.704,0.232
210500,0.064,0.713,0.223
211000,0.069,0.718,0.213
211500,0.068,0.699,0.233
212000,0.069,0.700,0.231
212500,0.068,0.700,0.232
213000,0.071,0.717,0.212
213500,0.063,0.725,0.212
214000,0.054,0.730,0.216
214500,0.059,0.718,0.223
215000,0.066,0.701,0.233
215500,0.070,0.709,0.221
216000,0.069,0.702,0.229
216500,0.069,0.669,0.262
217000,0.080,0.645,0.275
217500,0.088,0.640,0.272
218000,0.097,0.632,0.271
218500,0.086,0.635,0.279
219000,0.097,0.634,0.269
219500,0.093,0.619,0.288
220000,0.093,0.614,0.293
220500,0.096,0.612,0.292
221000,0.106,0.602,0.292
221500,0.113,0.589,0.298
222000,0.104,0.604,0.292
222500,0.103,0.588,0.309
223000,0.112,0.586,0.302
223500,0.115,0.573,0.312
224000,0.123,0.560,0.317
224500,0.118,0.547,0.335
225000,0.123,0.548,0.329
225500,0.117,0.544,0.339
226000,0.126,0.558,0.316
226500,0.121,0.548,0.331
227000,0.112,0.580,0.308
227500,0.112,0.591,0.297
228000,0.099,0.621,0.280
228500,0.094,0.607,0.299
229000,0.099,0.615,0.286
229500,0.109,0.611,0.280
230000,0.107,0.619,0.274
230500,0.106,0.619,0.275
231000,0.109,0.602,0.289
231500,0.095,0.587,0.318
232000,0.092,0.603,0.305
232500,0.089,0.606,0.305
233000,0.096,0.599,0.305
233500,0.094,0.602,0.304
234000,0.093,0.593,0.314
234500,0.098,0.596,0.306
235000,0.104,0.603,0.293
235500,0.111,0.588,0.301
236000,0.112,0.576,0.312
236500,0.116,0.568,0.316
237000,0.121,0.556,0.323
237500,0.119,0.566,0.315
238000,0.125,0.564,0.311
238500,0.126,0.563,0.311
239000,0.134,0.549,0.317
239500,0.123,0.536,0.341
240000,0.125,0.544,0.331
240500,0.120,0.554,0.326
241000,0.115,0.571,0.314
241500,0.122,0.568,0.310
242000,0.127,0.584,0.289
242500,0.141,0.577,0.282
243000,0.118,0.549,0.333
243500,0.130,0.553,0.317
244000,0.135,0.551,0.314
244500,0.135,0.560,0.305
245000,0.136,0.535,0.329
245500,0.128,0.532,0.340
246000,0.125,0.533,0.342
246500,0.133,0.527,0.340
247000,0.151,0.520,0.329
247500,0.156,0.527,0.317
248000,0.152,0.510,0.338
248500,0.160,0.504,0.336
249000,0.152,0.506,0.342
249500,0.145,0.534,0.321
250000,0.155,0.539,0.306
250500,0.158,0.525,0.317
251000,0.151,0.519,0.330
251500,0.159,0.514,0.327
252000,0.168,0.500,0.332
252500,0.179,0.505,0.316
253000,0.175,0.493,0.332
253500,0.166,0.494,0.340
254000,0.157,0.482,0.361
254500,0.163,0.488,0.349
255000,0.174,0.459,0.367
255500,0.186,0.450,0.364
256000,0.194,0.442,0.364
256500,0.205,0.441,0.354
257000,0.226,0.427,0.347
257500,0.208,0.438,0.354
258000,0.223,0.421,0.356
258500,0.229,0.408,0.363
259000,0.228,0.400,0.372
259500,0.230,0.399,0.371
260000,0.244,0.404,0.352
260500,0.237,0.383,0.380
261000,0.256,0.371,0.373
261500,0.250,0.365,0.385
262000,0.248,0.355,0.397
262500,0.247,0.361,0.392
263000,0.253,0.345,0.402
263500,0.244,0.358,0.398
264000,0.259,0.358,0.383
264500,0.233,0.372,0.395
265000,0.225,0.379,0.396
265500,0.229,0.392,0.379
266000,0.216,0.403,0.381
266500,0.234,0.401,0.365
267000,0.254,0.378,0.368
267500,0.252,0.390,0.358
268000,0.257,0.379,0.364
268500,0.267,0.355,0.378
269000,0.265,0.358,0.377
269500,0.256,0.344,0.400
270000,0.274,0.306,0.420
270500,0.282,0.324,0.394
271000,0.289,0.326,0.385
271500,0.286,0.309,0.405
272000,0.278,0.320,0.402
272500,0.290,0.325,0.385
273000,0.326,0.300,0.374
273500,0.337,0.289,0.374
274000,0.334,0.274,0.392
274500,0.343,0.277,0.380
275000,0.340,0.261,0.399
275500,0.353,0.238,0.409
276000,0.349,0.214,0.437
276500,0.369,0.211,0.420
277000,0.382,0.212,0.406
277500,0.391,0.207,0.402
278000,0.411,0.189,0.400
278500,0.398,0.195,0.407
279000,0.400,0.178,0.422
279500,0.422,0.175,0.403
280000,0.432,0.184,0.384
280500,0.444,0.173,0.383
281000,0.472,0.167,0.361
281500,0.479,0.163,0.358
282000,0.505,0.153,0.342
282500,0.514,0.139,0.347
283000,0.505,0.128,0.367
283500,0.525,0.126,0.349
284000,0.550,0.099,0.351
284500,0.545,0.121,0.334
285000,0.566,0.110,0.324
285500,0.596,0.089,0.315
286000,0.614,0.084,0.302
286500,0.631,0.075,0.294
287000,0.656,0.070,0.274
287500,0.671,0.061,0.268
288000,0.706,0.053,0.241
288500,0.700,0.051,0.249
289000,0.730,0.053,0.217
289500,0.743,0.036,0.221
290000,0.750,0.033,0.217
290500,0.772,0.034,0.194
291000,0.778,0.028,0.194
291500,0.802,0.027,0.171
292000,0.817,0.019,0.164
292500,0.807,0.014,0.179
293000,0.807,0.011,0.182
293500,0.816,0.012,0.172
294000,0.838,0.011,0.151
294500,0.850,0.012,0.138
295000,0.868,0.008,0.124
295500,0.873,0.011,0.116
296000,0.883,0.004,0.113
296500,0.888,0.009,0.103
297000,0.881,0.009,0.110
297500,0.877,0.006,0.117
298000,0.894,0.008,0.098
298500,0.899,0.008,0.093
299000,0.908,0.004,0.088
299500,0.925,0.005,0.070
300000,0.933,0.005,0.062
300500,0.935,0.005,0.060
301000,0.940,0.004,0.056
301500,0.942,0.002,0.056
302000,0.949,0.002,0.049
302500,0.956,0.000,0.044
303000,0.966,0.000,0.034
303500,0.966,0.000,0.034
304000,0.969,0.000,0.031
304500,0.975,0.000,0.025
305000,0.972,0.000,0.028
305500,0.979,0.000,0.021
306000,0.986,0.000,0.014
306500,0.989,0.000,0.011
307000,0.989,0.000,0.011
307500,0.991,0.000,0.009
308000,0.992,0.000,0.008
308500,0.992,0.000,0.008
309000,0.996,0.000,0.004
309500,0.996,0.000,0.004
310000,0.996,0.000,0.004
310500,0.997,0.000,0.003
311000,0.996,0.000,0.004
311500,0.996,0.000,0.004
312000,0.997,0.000,0.003
312500,0.998,0.000,0.002
313000,1.000,0.000,0.000
