time,n_A+p,n_B,n_AB
0,0.010,0.990,0.000
500,0.010,0.967,0.023
1000,0.010,0.964,0.026
1500,0.010,0.918,0.072
2000,0.011,0.882,0.107
2500,0.010,0.856,0.134
3000,0.012,0.815,0.172
3500,0.011,0.833,0.156
4000,0.012,0.751,0.237
4500,0.014,0.735,0.251
5000,0.015,0.726,0.260
5500,0.012,0.756,0.232
6000,0.012,0.763,0.226
6500,0.012,0.749,0.239
7000,0.010,0.724,0.266
7500,0.010,0.663,0.327
8000,0.012,0.675,0.313
8500,0.012,0.674,0.314
9000,0.014,0.607,0.379
9500,0.012,0.646,0.342
10000,0.019,0.550,0.431
10500,0.020,0.634,0.345
11000,0.021,0.594,0.385
11500,0.017,0.580,0.403
12000,0.015,0.537,0.448
12500,0.015,0.576,0.409
13000,0.013,0.582,0.405
13500,0.010,0.636,0.354
14000,0.015,0.662,0.323
14500,0.010,0.702,0.288
15000,0.011,0.696,0.293
15500,0.014,0.731,0.256
16000,0.011,0.688,0.301
16500,0.012,0.690,0.298
17000,0.011,0.731,0.258
17500,0.011,0.697,0.292
18000,0.012,0.682,0.306
18500,0.016,0.661,0.324
19000,0.015,0.686,0.300
19500,0.015,0.661,0.324
20000,0.019,0.669,0.312
20500,0.024,0.565,0.411
21000,0.015,0.633,0.353
21500,0.019,0.559,0.422
22000,0.017,0.594,0.389
22500,0.022,0.583,0.395
23000,0.016,0.542,0.442
23500,0.015,0.530,0.456
24000,0.014,0.555,0.431
24500,0.013,0.604,0.383
25000,0.016,0.603,0.381
25500,0.015,0.614,0.371
26000,0.013,0.662,0.324
26500,0.012,0.679,0.309
27000,0.012,0.744,0.243
27500,0.012,0.739,0.250
28000,0.011,0.725,0.264
28500,0.012,0.671,0.317
29000,0.010,0.666,0.323
29500,0.012,0.715,0.274
30000,0.012,0.712,0.276
30500,0.011,0.743,0.246
31000,0.012,0.757,0.231
31500,0.013,0.754,0.232
32000,0.013,0.771,0.216
32500,0.013,0.725,0.263
33000,0.010,0.715,0.275
33500,0.012,0.758,0.231
34000,0.010,0.779,0.210
34500,0.010,0.713,0.276
35000,0.012,0.653,0.335
35500,0.010,0.672,0.318
36000,0.013,0.724,0.263
36500,0.011,0.726,0.263
37000,0.010,0.729,0.261
37500,0.013,0.687,0.300
38000,0.013,0.678,0.308
38500,0.012,0.680,0.307
39000,0.017,0.631,0.352
39500,0.014,0.679,0.307
40000,0.013,0.672,0.314
40500,0.020,0.650,0.331
41000,0.017,0.634,0.349
41500,0.014,0.633,0.353
42000,0.020,0.620,0.360
42500,0.016,0.578,0.406
43000,0.020,0.598,0.382
43500,0.020,0.573,0.407
44000,0.023,0.583,0.395
44500,0.019,0.574,0.407
45000,0.017,0.619,0.364
45500,0.018,0.639,0.343
46000,0.012,0.621,0.367
46500,0.012,0.678,0.311
47000,0.015,0.696,0.290
47500,0.014,0.639,0.347
48000,0.015,0.606,0.380
48500,0.015,0.655,0.331
49000,0.016,0.692,0.292
49500,0.013,0.711,0.276
50000,0.012,0.688,0.300
50500,0.015,0.609,0.377
51000,0.012,0.623,0.365
51500,0.017,0.593,0.390
52000,0.015,0.595,0.390
52500,0.017,0.490,0.493
53000,0.019,0.532,0.449
53500,0.023,0.563,0.413
54000,0.015,0.606,0.380
54500,0.013,0.581,0.406
55000,0.013,0.574,0.413
55500,0.014,0.545,0.441
56000,0.013,0.615,0.372
56500,0.017,0.611,0.373
57000,0.016,0.602,0.382
57500,0.018,0.561,0.421
58000,0.017,0.593,0.390
58500,0.013,0.647,0.339
59000,0.013,0.647,0.340
59500,0.017,0.587,0.396
60000,0.020,0.566,0.414
60500,0.016,0.571,0.413
61000,0.019,0.574,0.407
61500,0.022,0.488,0.490
62000,0.015,0.549,0.435
62500,0.022,0.566,0.413
63000,0.027,0.544,0.430
63500,0.029,0.501,0.470
64000,0.026,0.448,0.526
64500,0.024,0.494,0.482
65000,0.016,0.562,0.422
65500,0.017,0.565,0.419
66000,0.018,0.568,0.414
66500,0.015,0.577,0.407
67000,0.013,0.531,0.456
67500,0.017,0.538,0.445
68000,0.013,0.581,0.405
68500,0.012,0.556,0.431
69000,0.013,0.561,0.425
69500,0.013,0.595,0.392
70000,0.012,0.642,0.346
70500,0.014,0.696,0.290
71000,0.010,0.714,0.276
71500,0.012,0.708,0.280
72000,0.013,0.713,0.274
72500,0.013,0.735,0.253
73000,0.010,0.767,0.223
73500,0.011,0.763,0.226
74000,0.010,0.728,0.262
74500,0.013,0.735,0.252
75000,0.013,0.711,0.276
75500,0.013,0.659,0.327
76000,0.014,0.668,0.318
76500,0.012,0.623,0.365
77000,0.013,0.630,0.357
77500,0.013,0.646,0.341
78000,0.016,0.641,0.343
78500,0.013,0.687,0.299
79000,0.013,0.696,0.291
79500,0.015,0.602,0.383
80000,0.016,0.568,0.417
80500,0.014,0.618,0.368
81000,0.013,0.688,0.299
81500,0.011,0.684,0.305
82000,0.012,0.685,0.303
82500,0.010,0.716,0.274
83000,0.011,0.679,0.310
83500,0.013,0.664,0.323
84000,0.015,0.647,0.338
84500,0.018,0.605,0.377
85000,0.022,0.615,0.363
85500,0.019,0.556,0.425
86000,0.020,0.520,0.460
86500,0.022,0.508,0.471
87000,0.021,0.514,0.465
87500,0.019,0.517,0.464
88000,0.017,0.474,0.508
88500,0.019,0.512,0.469
89000,0.016,0.509,0.474
89500,0.021,0.510,0.469
90000,0.019,0.566,0.415
90500,0.018,0.569,0.413
91000,0.014,0.558,0.428
91500,0.015,0.590,0.395
92000,0.017,0.573,0.410
92500,0.019,0.516,0.465
93000,0.020,0.475,0.505
93500,0.019,0.509,0.471
94000,0.015,0.564,0.421
94500,0.014,0.574,0.412
95000,0.017,0.625,0.358
95500,0.017,0.632,0.351
96000,0.015,0.638,0.347
96500,0.013,0.643,0.343
97000,0.013,0.687,0.299
97500,0.018,0.584,0.398
98000,0.017,0.546,0.437
98500,0.016,0.580,0.405
99000,0.022,0.518,0.460
99500,0.023,0.460,0.517
100000,0.018,0.483,0.499
100500,0.019,0.484,0.498
101000,0.020,0.488,0.492
101500,0.017,0.524,0.459
102000,0.016,0.577,0.406
102500,0.019,0.570,0.411
103000,0.023,0.461,0.516
103500,0.015,0.563,0.421
104000,0.013,0.496,0.491
104500,0.015,0.477,0.508
105000,0.020,0.536,0.444
105500,0.020,0.499,0.480
106000,0.018,0.485,0.497
106500,0.019,0.468,0.513
107000,0.022,0.437,0.541
107500,0.017,0.521,0.462
108000,0.020,0.542,0.438
108500,0.015,0.538,0.448
109000,0.017,0.540,0.443
109500,0.015,0.571,0.414
110000,0.020,0.540,0.441
110500,0.020,0.483,0.498
111000,0.033,0.393,0.573
111500,0.024,0.356,0.619
112000,0.030,0.374,0.595
112500,0.027,0.368,0.605
113000,0.035,0.403,0.562
113500,0.032,0.403,0.565
114000,0.026,0.414,0.561
114500,0.029,0.398,0.573
115000,0.029,0.377,0.594
115500,0.039,0.402,0.559
116000,0.048,0.390,0.562
116500,0.048,0.417,0.535
117000,0.055,0.445,0.499
117500,0.053,0.396,0.551
118000,0.042,0.462,0.496
118500,0.052,0.420,0.528
119000,0.047,0.391,0.563
119500,0.043,0.410,0.547
120000,0.024,0.502,0.474
120500,0.018,0.518,0.464
121000,0.023,0.581,0.396
121500,0.023,0.557,0.420
122000,0.023,0.556,0.421
122500,0.022,0.547,0.431
123000,0.017,0.527,0.456
123500,0.017,0.540,0.444
124000,0.016,0.584,0.400
124500,0.016,0.602,0.382
125000,0.015,0.620,0.366
125500,0.016,0.553,0.431
126000,0.019,0.557,0.424
126500,0.014,0.606,0.380
127000,0.013,0.568,0.419
127500,0.019,0.533,0.449
128000,0.019,0.564,0.417
128500,0.017,0.573,0.410
129000,0.015,0.612,0.373
129500,0.014,0.649,0.337
130000,0.014,0.608,0.378
130500,0.016,0.587,0.397
131000,0.013,0.594,0.393
131500,0.017,0.562,0.421
132000,0.012,0.597,0.391
132500,0.016,0.615,0.370
133000,0.026,0.552,0.422
133500,0.024,0.597,0.380
134000,0.017,0.547,0.435
134500,0.020,0.536,0.444
135000,0.017,0.554,0.430
135500,0.016,0.525,0.459
136000,0.024,0.488,0.488
136500,0.016,0.554,0.430
137000,0.016,0.488,0.497
137500,0.027,0.450,0.523
138000,0.016,0.482,0.502
138500,0.016,0.554,0.430
139000,0.017,0.552,0.431
139500,0.019,0.531,0.451
140000,0.015,0.597,0.388
140500,0.015,0.558,0.427
141000,0.033,0.471,0.496
141500,0.028,0.493,0.479
142000,0.025,0.516,0.459
142500,0.026,0.459,0.515
143000,0.026,0.444,0.530
143500,0.021,0.477,0.502
144000,0.019,0.506,0.475
144500,0.019,0.515,0.466
145000,0.016,0.583,0.400
145500,0.020,0.575,0.405
146000,0.017,0.549,0.433
146500,0.020,0.599,0.381
147000,0.019,0.541,0.439
147500,0.016,0.606,0.378
148000,0.019,0.581,0.399
148500,0.016,0.583,0.401
149000,0.019,0.549,0.432
149500,0.019,0.556,0.425
150000,0.017,0.544,0.438
150500,0.015,0.602,0.384
151000,0.015,0.594,0.391
151500,0.017,0.608,0.375
152000,0.015,0.615,0.370
152500,0.014,0.536,0.450
153000,0.013,0.568,0.420
153500,0.015,0.591,0.395
154000,0.016,0.625,0.359
154500,0.017,0.627,0.356
155000,0.014,0.669,0.317
155500,0.014,0.674,0.312
156000,0.012,0.697,0.290
156500,0.013,0.624,0.363
157000,0.012,0.649,0.339
157500,0.012,0.674,0.314
158000,0.012,0.663,0.325
158500,0.013,0.670,0.317
159000,0.013,0.637,0.349
159500,0.015,0.633,0.352
160000,0.015,0.604,0.382
160500,0.016,0.565,0.420
161000,0.016,0.566,0.418
161500,0.018,0.559,0.423
162000,0.013,0.659,0.328
162500,0.012,0.711,0.277
163000,0.012,0.666,0.322
163500,0.016,0.647,0.336
164000,0.017,0.578,0.405
164500,0.018,0.566,0.416
165000,0.015,0.506,0.480
165500,0.018,0.544,0.438
166000,0.021,0.545,0.434
166500,0.020,0.526,0.455
167000,0.012,0.646,0.342
167500,0.013,0.605,0.381
168000,0.016,0.600,0.384
168500,0.015,0.621,0.364
169000,0.015,0.651,0.334
169500,0.013,0.641,0.346
170000,0.017,0.625,0.358
170500,0.015,0.651,0.334
171000,0.013,0.583,0.404
171500,0.012,0.578,0.410
172000,0.013,0.608,0.378
172500,0.011,0.572,0.417
173000,0.021,0.558,0.421
173500,0.018,0.598,0.384
174000,0.016,0.640,0.345
174500,0.018,0.654,0.328
175000,0.013,0.643,0.343
175500,0.012,0.660,0.328
176000,0.013,0.651,0.335
176500,0.012,0.642,0.346
177000,0.011,0.701,0.288
177500,0.013,0.707,0.279
178000,0.013,0.683,0.303
178500,0.010,0.706,0.283
179000,0.010,0.718,0.272
179500,0.011,0.693,0.296
180000,0.013,0.643,0.343
180500,0.011,0.614,0.375
181000,0.015,0.558,0.427
181500,0.013,0.616,0.371
182000,0.015,0.597,0.388
182500,0.012,0.626,0.362
183000,0.013,0.614,0.373
183500,0.010,0.636,0.354
184000,0.013,0.631,0.356
184500,0.012,0.557,0.431
185000,0.018,0.570,0.412
185500,0.012,0.602,0.386
186000,0.013,0.627,0.360
186500,0.011,0.689,0.300
187000,0.010,0.661,0.329
187500,0.010,0.661,0.328
188000,0.012,0.641,0.347
188500,0.014,0.653,0.333
189000,0.015,0.666,0.320
189500,0.012,0.602,0.386
190000,0.015,0.631,0.354
190500,0.015,0.662,0.324
191000,0.015,0.602,0.383
191500,0.017,0.615,0.368
192000,0.014,0.632,0.354
192500,0.015,0.570,0.414
193000,0.016,0.579,0.405
193500,0.015,0.612,0.373
194000,0.013,0.634,0.353
194500,0.012,0.629,0.359
195000,0.012,0.649,0.339
195500,0.015,0.651,0.334
196000,0.012,0.608,0.381
196500,0.013,0.649,0.338
197000,0.016,0.634,0.350
197500,0.013,0.580,0.407
198000,0.016,0.558,0.426
198500,0.014,0.608,0.378
199000,0.012,0.588,0.400
199500,0.012,0.653,0.336
200000,0.012,0.648,0.341
200500,0.015,0.588,0.397
201000,0.017,0.581,0.402
201500,0.015,0.569,0.416
202000,0.018,0.618,0.364
202500,0.019,0.648,0.333
203000,0.019,0.630,0.352
203500,0.015,0.574,0.412
204000,0.015,0.616,0.369
204500,0.013,0.636,0.352
205000,0.017,0.622,0.361
205500,0.017,0.594,0.388
206000,0.016,0.635,0.349
206500,0.016,0.648,0.336
207000,0.016,0.586,0.399
207500,0.018,0.571,0.411
208000,0.016,0.552,0.431
208500,0.014,0.586,0.400
209000,0.016,0.559,0.425
209500,0.021,0.560,0.419
210000,0.016,0.572,0.413
210500,0.016,0.630,0.354
211000,0.016,0.671,0.314
211500,0.013,0.562,0.424
212000,0.019,0.580,0.400
212500,0.019,0.591,0.390
213000,0.017,0.596,0.387
213500,0.019,0.527,0.453
214000,0.018,0.607,0.375
214500,0.019,0.566,0.415
215000,0.016,0.595,0.389
215500,0.017,0.604,0.380
216000,0.016,0.577,0.406
216500,0.017,0.512,0.471
217000,0.019,0.562,0.419
217500,0.017,0.598,0.385
218000,0.015,0.566,0.420
218500,0.015,0.570,0.415
219000,0.017,0.535,0.448
219500,0.014,0.575,0.412
220000,0.013,0.545,0.442
220500,0.013,0.592,0.395
221000,0.018,0.587,0.395
221500,0.018,0.513,0.469
222000,0.022,0.525,0.453
222500,0.015,0.574,0.411
223000,0.016,0.616,0.368
223500,0.016,0.644,0.340
224000,0.014,0.650,0.336
224500,0.013,0.685,0.303
225000,0.019,0.675,0.307
225500,0.016,0.679,0.305
226000,0.013,0.599,0.388
226500,0.015,0.675,0.310
227000,0.014,0.627,0.359
227500,0.013,0.669,0.318
228000,0.014,0.657,0.329
228500,0.013,0.646,0.341
229000,0.019,0.678,0.303
229500,0.015,0.630,0.354
230000,0.015,0.644,0.342
230500,0.014,0.659,0.327
231000,0.016,0.655,0.329
231500,0.014,0.651,0.335
232000,0.016,0.657,0.328
232500,0.020,0.618,0.361
233000,0.015,0.626,0.359
233500,0.015,0.605,0.380
234000,0.012,0.584,0.404
234500,0.015,0.585,0.400
235000,0.014,0.611,0.375
235500,0.021,0.611,0.368
236000,0.013,0.625,0.363
236500,0.012,0.620,0.367
237000,0.012,0.676,0.311
237500,0.013,0.620,0.367
238000,0.013,0.651,0.336
238500,0.013,0.679,0.308
239000,0.011,0.671,0.318
239500,0.012,0.696,0.292
240000,0.011,0.746,0.243
240500,0.011,0.715,0.274
241000,0.012,0.683,0.306
241500,0.012,0.711,0.276
242000,0.011,0.690,0.299
242500,0.010,0.679,0.310
243000,0.010,0.697,0.293
243500,0.010,0.711,0.279
244000,0.011,0.711,0.278
244500,0.011,0.714,0.275
245000,0.012,0.736,0.252
245500,0.011,0.732,0.257
246000,0.010,0.747,0.242
246500,0.010,0.712,0.277
247000,0.012,0.715,0.273
247500,0.011,0.699,0.290
248000,0.014,0.724,0.262
248500,0.010,0.754,0.236
249000,0.011,0.743,0.246
249500,0.012,0.698,0.289
250000,0.012,0.746,0.242
250500,0.012,0.735,0.254
251000,0.014,0.707,0.279
251500,0.012,0.685,0.303
252000,0.015,0.692,0.293
252500,0.015,0.629,0.356
253000,0.022,0.621,0.357
253500,0.024,0.629,0.346
254000,0.020,0.647,0.333
254500,0.038,0.642,0.320
255000,0.020,0.665,0.314
255500,0.016,0.706,0.278
256000,0.015,0.694,0.290
256500,0.013,0.715,0.272
257000,0.012,0.718,0.271
257500,0.013,0.768,0.219
258000,0.012,0.767,0.221
258500,0.012,0.747,0.241
259000,0.012,0.764,0.224
259500,0.011,0.722,0.267
260000,0.013,0.674,0.313
260500,0.018,0.694,0.288
261000,0.019,0.698,0.283
261500,0.017,0.744,0.239
262000,0.014,0.753,0.233
262500,0.012,0.719,0.269
263000,0.013,0.744,0.243
263500,0.015,0.748,0.237
264000,0.015,0.732,0.253
264500,0.013,0.698,0.288
265000,0.013,0.672,0.315
265500,0.012,0.712,0.276
266000,0.015,0.613,0.372
266500,0.012,0.650,0.338
267000,0.016,0.639,0.346
267500,0.015,0.600,0.385
268000,0.017,0.612,0.371
268500,0.013,0.639,0.348
269000,0.012,0.651,0.336
269500,0.013,0.716,0.271
270000,0.014,0.640,0.346
270500,0.014,0.638,0.348
271000,0.014,0.577,0.409
271500,0.016,0.591,0.393
272000,0.020,0.608,0.373
272500,0.018,0.565,0.417
273000,0.016,0.549,0.435
273500,0.015,0.520,0.464
274000,0.017,0.563,0.420
274500,0.013,0.667,0.320
275000,0.014,0.635,0.351
275500,0.013,0.637,0.350
276000,0.012,0.607,0.381
276500,0.016,0.618,0.366
277000,0.013,0.646,0.341
277500,0.013,0.559,0.428
278000,0.016,0.564,0.420
278500,0.014,0.568,0.419
279000,0.013,0.601,0.386
279500,0.012,0.664,0.324
280000,0.010,0.637,0.353
280500,0.013,0.644,0.342
281000,0.012,0.647,0.342
281500,0.012,0.698,0.290
282000,0.011,0.625,0.364
282500,0.010,0.687,0.302
283000,0.017,0.671,0.311
283500,0.013,0.704,0.283
284000,0.011,0.707,0.282
284500,0.013,0.656,0.331
285000,0.014,0.643,0.343
285500,0.016,0.633,0.352
286000,0.014,0.678,0.308
286500,0.010,0.697,0.292
287000,0.013,0.682,0.305
287500,0.013,0.685,0.302
288000,0.013,0.655,0.331
288500,0.013,0.649,0.338
289000,0.013,0.656,0.331
289500,0.013,0.645,0.342
290000,0.016,0.608,0.376
290500,0.013,0.638,0.349
291000,0.017,0.639,0.344
291500,0.015,0.617,0.368
292000,0.015,0.630,0.354
292500,0.013,0.687,0.300
293000,0.012,0.683,0.304
293500,0.013,0.700,0.287
294000,0.011,0.710,0.279
294500,0.011,0.713,0.276
295000,0.011,0.609,0.380
295500,0.013,0.610,0.377
296000,0.013,0.598,0.389
296500,0.015,0.619,0.366
297000,0.015,0.640,0.345
297500,0.015,0.605,0.380
298000,0.012,0.624,0.364
298500,0.014,0.652,0.334
299000,0.013,0.707,0.281
299500,0.012,0.660,0.328
300000,0.012,0.630,0.357
300500,0.015,0.622,0.363
301000,0.014,0.640,0.346
301500,0.015,0.581,0.404
302000,0.017,0.591,0.391
302500,0.013,0.629,0.358
303000,0.012,0.610,0.378
303500,0.012,0.618,0.370
304000,0.010,0.633,0.357
304500,0.010,0.681,0.309
305000,0.011,0.700,0.289
305500,0.016,0.620,0.364
306000,0.015,0.629,0.356
306500,0.010,0.721,0.269
307000,0.012,0.696,0.292
307500,0.010,0.740,0.250
308000,0.011,0.701,0.288
308500,0.010,0.713,0.276
309000,0.015,0.726,0.259
309500,0.011,0.689,0.300
310000,0.011,0.701,0.288
310500,0.013,0.666,0.321
311000,0.012,0.673,0.315
311500,0.012,0.677,0.311
312000,0.010,0.689,0.301
312500,0.017,0.676,0.307
313000,0.015,0.653,0.332
313500,0.022,0.627,0.351
314000,0.017,0.634,0.349
314500,0.014,0.697,0.289
315000,0.012,0.702,0.286
315500,0.018,0.668,0.314
316000,0.016,0.637,0.347
316500,0.013,0.622,0.366
317000,0.021,0.627,0.352
317500,0.022,0.581,0.397
318000,0.016,0.564,0.420
318500,0.015,0.576,0.409
319000,0.017,0.598,0.385
319500,0.018,0.573,0.409
320000,0.018,0.651,0.331
320500,0.023,0.572,0.405
321000,0.022,0.572,0.406
321500,0.015,0.580,0.406
322000,0.016,0.618,0.366
322500,0.012,0.600,0.388
323000,0.013,0.682,0.305
323500,0.014,0.689,0.297
324000,0.015,0.669,0.315
324500,0.013,0.717,0.271
325000,0.015,0.708,0.278
325500,0.013,0.700,0.288
326000,0.016,0.669,0.315
326500,0.017,0.602,0.381
327000,0.016,0.655,0.329
327500,0.014,0.672,0.314
328000,0.015,0.618,0.368
328500,0.016,0.649,0.335
329000,0.013,0.646,0.341
329500,0.012,0.661,0.327
330000,0.017,0.620,0.363
330500,0.017,0.591,0.392
331000,0.020,0.586,0.395
331500,0.019,0.561,0.420
332000,0.036,0.548,0.416
332500,0.023,0.561,0.416
333000,0.020,0.558,0.422
333500,0.019,0.587,0.393
334000,0.020,0.568,0.413
334500,0.019,0.587,0.394
335000,0.017,0.550,0.433
335500,0.020,0.567,0.413
336000,0.019,0.575,0.407
336500,0.023,0.563,0.414
337000,0.021,0.593,0.386
337500,0.017,0.595,0.387
338000,0.024,0.570,0.406
338500,0.020,0.583,0.398
339000,0.017,0.561,0.421
339500,0.017,0.531,0.452
340000,0.014,0.528,0.458
340500,0.015,0.592,0.393
341000,0.013,0.670,0.317
341500,0.014,0.701,0.285
342000,0.015,0.721,0.265
342500,0.016,0.726,0.258
343000,0.013,0.717,0.269
343500,0.015,0.687,0.298
344000,0.014,0.623,0.363
344500,0.015,0.619,0.366
345000,0.016,0.620,0.364
345500,0.017,0.629,0.354
346000,0.017,0.593,0.390
346500,0.017,0.607,0.375
347000,0.019,0.659,0.322
347500,0.016,0.679,0.306
348000,0.015,0.677,0.308
348500,0.013,0.609,0.377
349000,0.013,0.611,0.376
349500,0.012,0.641,0.347
350000,0.011,0.696,0.293
350500,0.017,0.650,0.332
351000,0.016,0.658,0.327
351500,0.016,0.689,0.295
352000,0.013,0.656,0.331
352500,0.017,0.608,0.375
353000,0.016,0.653,0.331
353500,0.016,0.615,0.368
354000,0.017,0.595,0.388
354500,0.018,0.614,0.368
355000,0.019,0.570,0.410
355500,0.021,0.567,0.412
356000,0.015,0.533,0.453
356500,0.016,0.554,0.430
357000,0.019,0.521,0.460
357500,0.013,0.573,0.414
358000,0.015,0.576,0.409
358500,0.019,0.607,0.375
359000,0.015,0.593,0.393
359500,0.015,0.548,0.437
360000,0.015,0.580,0.405
360500,0.016,0.537,0.448
361000,0.017,0.579,0.403
361500,0.015,0.569,0.417
362000,0.013,0.570,0.417
362500,0.014,0.552,0.434
363000,0.017,0.542,0.441
363500,0.015,0.559,0.427
364000,0.019,0.564,0.417
364500,0.016,0.592,0.392
365000,0.013,0.552,0.435
365500,0.017,0.557,0.426
366000,0.017,0.529,0.455
366500,0.018,0.508,0.474
367000,0.020,0.519,0.461
367500,0.014,0.588,0.398
368000,0.013,0.622,0.364
368500,0.011,0.640,0.349
369000,0.010,0.633,0.357
369500,0.012,0.610,0.378
370000,0.015,0.587,0.398
370500,0.010,0.623,0.367
371000,0.012,0.674,0.314
371500,0.014,0.669,0.317
372000,0.012,0.652,0.336
372500,0.013,0.561,0.427
373000,0.018,0.506,0.476
373500,0.017,0.536,0.446
374000,0.018,0.481,0.501
374500,0.020,0.459,0.522
375000,0.020,0.476,0.504
375500,0.023,0.484,0.492
376000,0.020,0.526,0.453
376500,0.021,0.558,0.421
377000,0.017,0.563,0.420
377500,0.017,0.578,0.405
378000,0.016,0.597,0.387
378500,0.020,0.539,0.441
379000,0.019,0.544,0.437
379500,0.021,0.527,0.452
380000,0.018,0.581,0.401
380500,0.015,0.598,0.387
381000,0.015,0.609,0.377
381500,0.017,0.583,0.399
382000,0.017,0.571,0.412
382500,0.014,0.585,0.401
383000,0.022,0.577,0.401
383500,0.017,0.575,0.407
384000,0.017,0.550,0.432
384500,0.017,0.592,0.391
385000,0.015,0.586,0.399
385500,0.015,0.637,0.349
386000,0.015,0.649,0.336
386500,0.015,0.649,0.336
387000,0.015,0.665,0.320
387500,0.012,0.652,0.336
388000,0.015,0.607,0.378
388500,0.015,0.694,0.292
389000,0.013,0.676,0.311
389500,0.013,0.662,0.325
390000,0.012,0.669,0.319
390500,0.014,0.705,0.281
391000,0.013,0.666,0.321
391500,0.015,0.686,0.300
392000,0.015,0.660,0.325
392500,0.017,0.649,0.334
393000,0.016,0.676,0.308
393500,0.016,0.610,0.374
394000,0.015,0.562,0.423
394500,0.018,0.558,0.424
395000,0.016,0.579,0.406
395500,0.014,0.664,0.322
396000,0.014,0.644,0.342
396500,0.013,0.651,0.336
397000,0.015,0.756,0.229
397500,0.012,0.722,0.267
398000,0.010,0.691,0.299
398500,0.010,0.755,0.235
399000,0.012,0.752,0.236
399500,0.010,0.758,0.232
400000,0.012,0.691,0.297
400500,0.013,0.749,0.237
401000,0.011,0.756,0.233
401500,0.011,0.785,0.204
402000,0.012,0.739,0.250
402500,0.013,0.727,0.260
403000,0.011,0.738,0.251
403500,0.010,0.751,0.239
404000,0.015,0.700,0.285
404500,0.011,0.741,0.248
405000,0.011,0.736,0.253
405500,0.011,0.770,0.219
406000,0.011,0.717,0.272
406500,0.011,0.722,0.267
407000,0.011,0.742,0.247
407500,0.012,0.683,0.305
408000,0.012,0.652,0.336
408500,0.014,0.666,0.320
409000,0.019,0.651,0.330
409500,0.018,0.662,0.320
410000,0.015,0.702,0.283
410500,0.015,0.656,0.329
411000,0.016,0.657,0.327
411500,0.014,0.647,0.339
412000,0.013,0.623,0.364
412500,0.017,0.587,0.395
413000,0.017,0.548,0.435
413500,0.016,0.567,0.417
414000,0.016,0.561,0.424
414500,0.017,0.543,0.439
415000,0.015,0.616,0.369
415500,0.016,0.597,0.387
416000,0.016,0.641,0.343
416500,0.013,0.612,0.374
417000,0.012,0.607,0.381
417500,0.016,0.661,0.322
418000,0.019,0.572,0.409
418500,0.017,0.579,0.404
419000,0.016,0.576,0.408
419500,0.015,0.598,0.386
420000,0.017,0.633,0.350
420500,0.015,0.587,0.398
421000,0.016,0.654,0.330
421500,0.017,0.576,0.407
422000,0.014,0.609,0.377
422500,0.019,0.602,0.379
423000,0.019,0.611,0.370
423500,0.015,0.596,0.389
424000,0.016,0.645,0.339
424500,0.014,0.687,0.299
425000,0.013,0.705,0.282
425500,0.011,0.655,0.334
426000,0.014,0.617,0.369
426500,0.012,0.608,0.381
427000,0.012,0.675,0.313
427500,0.012,0.699,0.289
428000,0.013,0.697,0.290
428500,0.013,0.685,0.303
429000,0.013,0.711,0.276
429500,0.012,0.701,0.287
430000,0.012,0.708,0.279
430500,0.011,0.724,0.265
431000,0.011,0.614,0.375
431500,0.017,0.576,0.406
432000,0.018,0.554,0.428
432500,0.020,0.535,0.445
433000,0.025,0.551,0.424
433500,0.019,0.551,0.431
434000,0.017,0.579,0.405
434500,0.016,0.533,0.451
435000,0.016,0.523,0.461
435500,0.016,0.498,0.486
436000,0.017,0.533,0.451
436500,0.017,0.587,0.396
437000,0.013,0.594,0.393
437500,0.015,0.577,0.408
438000,0.015,0.606,0.380
438500,0.010,0.648,0.341
439000,0.010,0.682,0.308
439500,0.012,0.706,0.282
440000,0.014,0.682,0.304
440500,0.012,0.691,0.297
441000,0.014,0.682,0.304
441500,0.013,0.654,0.333
442000,0.013,0.672,0.315
442500,0.011,0.659,0.330
443000,0.017,0.675,0.308
443500,0.014,0.661,0.325
444000,0.017,0.582,0.401
444500,0.013,0.617,0.370
445000,0.016,0.602,0.382
445500,0.015,0.575,0.410
446000,0.015,0.628,0.357
446500,0.013,0.650,0.337
447000,0.013,0.627,0.360
447500,0.011,0.641,0.348
448000,0.012,0.637,0.350
448500,0.010,0.701,0.289
449000,0.012,0.684,0.304
449500,0.010,0.672,0.318
450000,0.013,0.655,0.332
450500,0.011,0.636,0.353
451000,0.014,0.669,0.317
451500,0.013,0.680,0.307
452000,0.014,0.643,0.343
452500,0.012,0.640,0.348
453000,0.012,0.608,0.380
453500,0.015,0.648,0.336
454000,0.018,0.565,0.417
454500,0.020,0.551,0.430
455000,0.013,0.644,0.343
455500,0.013,0.642,0.345
456000,0.014,0.682,0.304
456500,0.010,0.730,0.260
457000,0.010,0.750,0.239
457500,0.010,0.721,0.269
458000,0.010,0.757,0.233
458500,0.010,0.731,0.260
459000,0.010,0.748,0.242
459500,0.015,0.766,0.219
460000,0.011,0.781,0.208
460500,0.013,0.737,0.250
461000,0.013,0.723,0.264
461500,0.013,0.703,0.283
462000,0.012,0.622,0.366
462500,0.012,0.676,0.312
463000,0.010,0.661,0.328
463500,0.016,0.719,0.265
464000,0.012,0.757,0.231
464500,0.013,0.756,0.232
465000,0.013,0.791,0.196
465500,0.012,0.806,0.182
466000,0.011,0.815,0.173
466500,0.012,0.804,0.184
467000,0.011,0.800,0.189
467500,0.012,0.747,0.240
468000,0.011,0.743,0.246
468500,0.011,0.716,0.273
469000,0.010,0.736,0.253
469500,0.011,0.728,0.261
470000,0.013,0.703,0.284
470500,0.013,0.676,0.311
471000,0.016,0.669,0.315
471500,0.016,0.669,0.314
472000,0.013,0.704,0.283
472500,0.010,0.697,0.292
473000,0.015,0.676,0.310
473500,0.014,0.662,0.324
474000,0.011,0.724,0.265
474500,0.011,0.666,0.322
475000,0.018,0.584,0.398
475500,0.013,0.575,0.412
476000,0.014,0.615,0.371
476500,0.012,0.668,0.320
477000,0.013,0.653,0.334
477500,0.019,0.595,0.386
478000,0.023,0.579,0.398
478500,0.031,0.558,0.411
479000,0.018,0.572,0.410
479500,0.016,0.538,0.445
480000,0.016,0.598,0.386
480500,0.015,0.659,0.326
481000,0.016,0.676,0.307
481500,0.016,0.657,0.327
482000,0.014,0.718,0.268
482500,0.015,0.648,0.337
483000,0.014,0.750,0.236
483500,0.017,0.692,0.291
484000,0.017,0.731,0.252
484500,0.015,0.711,0.274
485000,0.015,0.666,0.318
485500,0.013,0.718,0.268
486000,0.012,0.696,0.292
486500,0.012,0.694,0.294
487000,0.012,0.718,0.271
487500,0.020,0.649,0.331
488000,0.012,0.685,0.304
488500,0.014,0.640,0.346
489000,0.013,0.615,0.371
489500,0.016,0.607,0.377
490000,0.017,0.557,0.426
490500,0.014,0.600,0.386
491000,0.013,0.597,0.390
491500,0.014,0.555,0.431
492000,0.015,0.628,0.357
492500,0.013,0.553,0.434
493000,0.018,0.573,0.409
493500,0.014,0.597,0.389
494000,0.013,0.663,0.324
494500,0.013,0.651,0.335
495000,0.013,0.646,0.341
495500,0.015,0.583,0.403
496000,0.019,0.558,0.423
496500,0.013,0.520,0.467
497000,0.015,0.522,0.463
497500,0.013,0.548,0.439
498000,0.017,0.513,0.469
498500,0.018,0.505,0.477
499000,0.017,0.568,0.414
499500,0.014,0.579,0.407
500000,0.015,0.617,0.368
500500,0.016,0.612,0.372
501000,0.015,0.626,0.360
501500,0.017,0.661,0.322
502000,0.018,0.636,0.346
502500,0.014,0.662,0.324
503000,0.012,0.669,0.319
503500,0.012,0.629,0.360
504000,0.015,0.612,0.374
504500,0.012,0.593,0.395
505000,0.012,0.653,0.335
505500,0.015,0.683,0.302
506000,0.013,0.698,0.289
506500,0.012,0.719,0.269
507000,0.013,0.671,0.317
507500,0.015,0.662,0.322
508000,0.014,0.675,0.311
508500,0.012,0.659,0.329
509000,0.013,0.671,0.316
509500,0.016,0.640,0.344
510000,0.012,0.721,0.267
510500,0.015,0.754,0.231
511000,0.013,0.664,0.323
511500,0.016,0.640,0.344
512000,0.022,0.630,0.347
512500,0.018,0.632,0.350
513000,0.014,0.697,0.289
513500,0.015,0.630,0.355
514000,0.016,0.580,0.403
514500,0.016,0.581,0.403
515000,0.022,0.572,0.406
515500,0.015,0.589,0.396
516000,0.017,0.647,0.336
516500,0.016,0.574,0.410
517000,0.012,0.556,0.432
517500,0.015,0.579,0.406
518000,0.013,0.588,0.399
518500,0.014,0.561,0.425
519000,0.012,0.600,0.389
519500,0.014,0.600,0.386
520000,0.012,0.610,0.378
520500,0.013,0.595,0.392
521000,0.011,0.613,0.376
521500,0.013,0.564,0.423
522000,0.015,0.620,0.366
522500,0.015,0.623,0.363
523000,0.013,0.668,0.319
523500,0.012,0.657,0.331
524000,0.015,0.663,0.322
524500,0.014,0.572,0.414
525000,0.016,0.616,0.368
525500,0.015,0.628,0.357
526000,0.013,0.655,0.331
526500,0.014,0.625,0.361
527000,0.015,0.563,0.423
527500,0.019,0.569,0.412
528000,0.015,0.619,0.366
528500,0.017,0.661,0.322
529000,0.017,0.623,0.359
529500,0.023,0.563,0.413
530000,0.020,0.552,0.428
530500,0.018,0.526,0.456
531000,0.022,0.474,0.503
531500,0.037,0.534,0.429
532000,0.023,0.515,0.462
532500,0.022,0.457,0.522
533000,0.033,0.532,0.435
533500,0.033,0.481,0.486
534000,0.037,0.451,0.512
534500,0.023,0.462,0.515
535000,0.026,0.435,0.538
535500,0.022,0.455,0.523
536000,0.026,0.436,0.538
536500,0.033,0.372,0.595
537000,0.026,0.444,0.530
537500,0.019,0.523,0.459
538000,0.019,0.513,0.469
538500,0.018,0.498,0.484
539000,0.024,0.569,0.407
539500,0.022,0.512,0.466
540000,0.027,0.514,0.459
540500,0.029,0.506,0.465
541000,0.028,0.490,0.482
541500,0.023,0.533,0.445
542000,0.019,0.605,0.376
542500,0.020,0.593,0.387
543000,0.020,0.591,0.388
543500,0.019,0.519,0.463
544000,0.017,0.487,0.496
544500,0.019,0.550,0.431
545000,0.022,0.559,0.419
545500,0.017,0.570,0.413
546000,0.018,0.608,0.374
546500,0.016,0.590,0.393
547000,0.015,0.601,0.385
547500,0.018,0.554,0.428
548000,0.015,0.567,0.419
548500,0.015,0.527,0.459
549000,0.015,0.576,0.409
549500,0.012,0.601,0.386
550000,0.014,0.580,0.406
550500,0.016,0.586,0.399
551000,0.013,0.616,0.371
551500,0.013,0.668,0.319
552000,0.012,0.637,0.350
552500,0.015,0.575,0.410
553000,0.017,0.659,0.324
553500,0.013,0.697,0.289
554000,0.012,0.678,0.310
554500,0.014,0.699,0.287
555000,0.012,0.664,0.324
555500,0.011,0.646,0.343
556000,0.010,0.669,0.320
556500,0.010,0.694,0.296
557000,0.010,0.705,0.285
557500,0.010,0.717,0.273
558000,0.011,0.726,0.263
558500,0.010,0.708,0.281
559000,0.012,0.651,0.337
559500,0.015,0.613,0.373
560000,0.012,0.579,0.409
560500,0.013,0.659,0.327
561000,0.013,0.658,0.329
561500,0.012,0.650,0.338
562000,0.013,0.663,0.324
562500,0.016,0.668,0.317
563000,0.014,0.640,0.346
563500,0.016,0.604,0.380
564000,0.017,0.587,0.396
564500,0.015,0.540,0.445
565000,0.019,0.520,0.461
565500,0.025,0.469,0.506
566000,0.021,0.474,0.505
566500,0.018,0.545,0.437
567000,0.019,0.576,0.405
567500,0.016,0.586,0.398
568000,0.014,0.636,0.350
568500,0.015,0.620,0.365
569000,0.014,0.586,0.400
569500,0.014,0.598,0.388
570000,0.013,0.640,0.347
570500,0.013,0.661,0.326
571000,0.012,0.730,0.258
571500,0.012,0.733,0.256
572000,0.013,0.741,0.246
572500,0.012,0.664,0.325
573000,0.010,0.661,0.329
573500,0.017,0.605,0.378
574000,0.012,0.661,0.327
574500,0.012,0.666,0.322
575000,0.014,0.689,0.297
575500,0.015,0.740,0.245
576000,0.015,0.714,0.272
576500,0.013,0.719,0.267
577000,0.012,0.687,0.302
577500,0.013,0.685,0.303
578000,0.012,0.623,0.365
578500,0.013,0.671,0.315
579000,0.018,0.632,0.350
579500,0.016,0.613,0.371
580000,0.016,0.621,0.363
580500,0.016,0.609,0.375
581000,0.015,0.707,0.278
581500,0.016,0.700,0.283
582000,0.013,0.741,0.246
582500,0.012,0.725,0.263
583000,0.012,0.761,0.227
583500,0.011,0.751,0.238
584000,0.011,0.750,0.239
584500,0.013,0.733,0.254
585000,0.012,0.697,0.292
585500,0.013,0.698,0.288
586000,0.015,0.702,0.283
586500,0.012,0.738,0.250
587000,0.011,0.728,0.261
587500,0.012,0.735,0.254
588000,0.010,0.719,0.271
588500,0.010,0.737,0.252
589000,0.013,0.737,0.250
589500,0.012,0.774,0.214
590000,0.011,0.754,0.235
590500,0.012,0.756,0.232
591000,0.013,0.734,0.253
591500,0.012,0.773,0.215
592000,0.012,0.795,0.193
592500,0.012,0.829,0.159
593000,0.011,0.831,0.158
593500,0.010,0.847,0.143
594000,0.010,0.848,0.142
594500,0.010,0.845,0.145
595000,0.010,0.820,0.170
595500,0.010,0.852,0.138
596000,0.010,0.863,0.127
596500,0.010,0.841,0.149
597000,0.010,0.849,0.140
597500,0.010,0.863,0.127
598000,0.010,0.872,0.118
598500,0.010,0.852,0.138
599000,0.010,0.829,0.161
599500,0.010,0.774,0.217
600000,0.010,0.831,0.159
600500,0.013,0.737,0.250
601000,0.012,0.669,0.319
601500,0.012,0.670,0.318
602000,0.015,0.685,0.300
602500,0.016,0.679,0.305
603000,0.014,0.703,0.283
603500,0.012,0.729,0.260
604000,0.013,0.704,0.283
604500,0.012,0.718,0.270
605000,0.013,0.722,0.265
605500,0.014,0.717,0.269
606000,0.013,0.689,0.299
606500,0.013,0.680,0.307
607000,0.014,0.675,0.311
607500,0.015,0.654,0.332
608000,0.013,0.657,0.330
608500,0.016,0.640,0.345
609000,0.011,0.623,0.366
609500,0.017,0.655,0.328
610000,0.013,0.655,0.332
610500,0.016,0.605,0.379
611000,0.012,0.554,0.434
611500,0.013,0.601,0.386
612000,0.012,0.651,0.338
612500,0.012,0.665,0.323
613000,0.020,0.619,0.361
613500,0.020,0.639,0.341
614000,0.013,0.651,0.336
614500,0.017,0.614,0.369
615000,0.014,0.622,0.364
615500,0.014,0.668,0.318
616000,0.013,0.666,0.320
616500,0.014,0.632,0.354
617000,0.013,0.631,0.356
617500,0.013,0.684,0.303
618000,0.012,0.718,0.270
618500,0.010,0.743,0.246
619000,0.011,0.747,0.242
619500,0.010,0.727,0.263
620000,0.011,0.679,0.310
620500,0.012,0.661,0.327
621000,0.010,0.671,0.320
621500,0.012,0.643,0.346
622000,0.014,0.632,0.354
622500,0.012,0.614,0.375
623000,0.014,0.674,0.312
623500,0.013,0.646,0.341
624000,0.012,0.619,0.370
624500,0.016,0.627,0.357
625000,0.012,0.640,0.347
625500,0.014,0.616,0.370
626000,0.012,0.607,0.381
626500,0.015,0.605,0.380
627000,0.013,0.581,0.406
627500,0.017,0.563,0.420
628000,0.018,0.527,0.455
628500,0.014,0.605,0.381
629000,0.016,0.640,0.344
629500,0.013,0.637,0.350
630000,0.017,0.664,0.319
630500,0.015,0.588,0.397
631000,0.016,0.570,0.414
631500,0.012,0.619,0.368
632000,0.012,0.622,0.366
632500,0.011,0.656,0.333
633000,0.012,0.643,0.345
633500,0.013,0.604,0.383
634000,0.015,0.589,0.396
634500,0.018,0.565,0.417
635000,0.017,0.535,0.448
635500,0.013,0.521,0.466
636000,0.015,0.540,0.445
636500,0.023,0.477,0.500
637000,0.023,0.541,0.437
637500,0.020,0.545,0.435
638000,0.019,0.601,0.380
638500,0.018,0.565,0.417
639000,0.026,0.524,0.450
639500,0.020,0.563,0.417
640000,0.018,0.536,0.446
640500,0.013,0.583,0.405
641000,0.010,0.616,0.374
641500,0.015,0.594,0.392
642000,0.016,0.628,0.356
642500,0.015,0.678,0.307
643000,0.015,0.658,0.327
643500,0.012,0.680,0.307
644000,0.013,0.607,0.380
644500,0.011,0.663,0.326
645000,0.010,0.663,0.327
645500,0.012,0.715,0.274
646000,0.011,0.705,0.284
646500,0.010,0.682,0.307
647000,0.011,0.689,0.300
647500,0.010,0.680,0.309
648000,0.013,0.690,0.297
648500,0.012,0.696,0.292
649000,0.013,0.737,0.250
649500,0.013,0.734,0.253
650000,0.012,0.711,0.277
650500,0.012,0.688,0.300
651000,0.015,0.667,0.318
651500,0.013,0.648,0.338
652000,0.012,0.616,0.372
652500,0.016,0.605,0.378
653000,0.015,0.622,0.363
653500,0.013,0.662,0.325
654000,0.013,0.724,0.264
654500,0.013,0.703,0.285
655000,0.017,0.604,0.380
655500,0.015,0.610,0.375
656000,0.016,0.614,0.370
656500,0.015,0.598,0.388
657000,0.015,0.646,0.339
657500,0.017,0.634,0.349
658000,0.019,0.601,0.380
658500,0.019,0.596,0.385
659000,0.022,0.597,0.381
659500,0.015,0.651,0.334
660000,0.015,0.641,0.344
660500,0.015,0.646,0.339
661000,0.012,0.637,0.351
661500,0.013,0.637,0.349
662000,0.013,0.672,0.315
662500,0.013,0.680,0.307
663000,0.012,0.714,0.275
663500,0.013,0.711,0.276
664000,0.012,0.725,0.264
664500,0.012,0.701,0.288
665000,0.013,0.694,0.293
665500,0.012,0.694,0.293
666000,0.014,0.683,0.303
666500,0.013,0.749,0.239
667000,0.011,0.715,0.274
667500,0.012,0.718,0.270
668000,0.010,0.756,0.233
668500,0.010,0.654,0.336
669000,0.015,0.643,0.342
669500,0.012,0.678,0.310
670000,0.016,0.639,0.346
670500,0.015,0.661,0.324
671000,0.019,0.627,0.354
671500,0.015,0.622,0.363
672000,0.014,0.637,0.349
672500,0.017,0.617,0.366
673000,0.014,0.636,0.350
673500,0.016,0.698,0.286
674000,0.012,0.603,0.385
674500,0.017,0.517,0.466
675000,0.013,0.554,0.433
675500,0.020,0.551,0.430
676000,0.019,0.591,0.390
676500,0.013,0.594,0.393
677000,0.016,0.585,0.399
677500,0.016,0.553,0.431
678000,0.019,0.504,0.477
678500,0.016,0.562,0.421
679000,0.014,0.581,0.405
679500,0.017,0.545,0.438
680000,0.017,0.594,0.389
680500,0.021,0.544,0.435
681000,0.015,0.583,0.402
681500,0.017,0.535,0.448
682000,0.013,0.616,0.371
682500,0.012,0.635,0.353
683000,0.013,0.644,0.343
683500,0.013,0.685,0.303
684000,0.015,0.619,0.366
684500,0.017,0.649,0.334
685000,0.013,0.686,0.300
685500,0.012,0.637,0.351
686000,0.015,0.630,0.356
686500,0.014,0.572,0.414
687000,0.014,0.607,0.380
687500,0.013,0.600,0.386
688000,0.013,0.611,0.376
688500,0.014,0.640,0.346
689000,0.013,0.614,0.374
689500,0.016,0.600,0.385
690000,0.012,0.612,0.376
690500,0.011,0.630,0.359
691000,0.015,0.659,0.326
691500,0.012,0.653,0.335
692000,0.013,0.600,0.387
692500,0.015,0.628,0.357
693000,0.015,0.625,0.360
693500,0.022,0.547,0.431
694000,0.019,0.526,0.455
694500,0.024,0.517,0.459
695000,0.017,0.548,0.435
695500,0.013,0.597,0.389
696000,0.012,0.636,0.353
696500,0.013,0.659,0.328
697000,0.017,0.637,0.345
697500,0.013,0.630,0.357
698000,0.013,0.672,0.314
698500,0.015,0.614,0.371
699000,0.015,0.626,0.360
699500,0.014,0.648,0.338
700000,0.013,0.646,0.341
700500,0.012,0.610,0.378
701000,0.012,0.675,0.313
701500,0.012,0.696,0.292
702000,0.012,0.730,0.258
702500,0.011,0.779,0.210
703000,0.011,0.778,0.211
703500,0.010,0.761,0.228
704000,0.012,0.697,0.292
704500,0.012,0.686,0.303
705000,0.012,0.753,0.235
705500,0.012,0.754,0.235
706000,0.010,0.760,0.230
706500,0.012,0.763,0.226
707000,0.013,0.688,0.299
707500,0.012,0.689,0.299
708000,0.012,0.712,0.275
708500,0.013,0.729,0.258
709000,0.012,0.739,0.250
709500,0.012,0.690,0.298
710000,0.011,0.763,0.226
710500,0.011,0.795,0.194
711000,0.010,0.786,0.204
711500,0.013,0.806,0.182
712000,0.010,0.735,0.256
712500,0.010,0.711,0.278
713000,0.012,0.639,0.350
713500,0.014,0.618,0.368
714000,0.015,0.639,0.347
714500,0.012,0.563,0.424
715000,0.016,0.660,0.324
715500,0.013,0.698,0.288
716000,0.016,0.637,0.347
716500,0.011,0.681,0.308
717000,0.010,0.634,0.355
717500,0.012,0.679,0.308
718000,0.013,0.680,0.307
718500,0.019,0.658,0.322
719000,0.017,0.668,0.315
719500,0.013,0.638,0.349
720000,0.012,0.712,0.276
720500,0.011,0.708,0.281
721000,0.012,0.687,0.302
721500,0.010,0.697,0.293
722000,0.012,0.687,0.302
722500,0.012,0.633,0.356
723000,0.013,0.632,0.355
723500,0.016,0.640,0.345
724000,0.015,0.596,0.389
724500,0.011,0.676,0.313
725000,0.010,0.692,0.298
725500,0.011,0.644,0.345
726000,0.013,0.705,0.282
726500,0.011,0.717,0.272
727000,0.010,0.750,0.239
727500,0.010,0.777,0.213
728000,0.011,0.810,0.179
728500,0.012,0.797,0.191
729000,0.012,0.775,0.213
729500,0.012,0.721,0.267
730000,0.014,0.657,0.329
730500,0.017,0.676,0.307
731000,0.015,0.645,0.340
731500,0.016,0.679,0.305
732000,0.013,0.685,0.302
732500,0.017,0.630,0.353
733000,0.015,0.566,0.420
733500,0.015,0.528,0.458
734000,0.016,0.547,0.437
734500,0.023,0.552,0.425
735000,0.016,0.624,0.360
735500,0.017,0.616,0.367
736000,0.013,0.670,0.317
736500,0.012,0.616,0.373
737000,0.013,0.594,0.393
737500,0.016,0.645,0.339
738000,0.015,0.654,0.331
738500,0.013,0.634,0.353
739000,0.013,0.651,0.335
739500,0.012,0.710,0.278
740000,0.013,0.710,0.277
740500,0.012,0.720,0.268
741000,0.015,0.664,0.321
741500,0.018,0.589,0.393
742000,0.016,0.548,0.435
742500,0.016,0.551,0.432
743000,0.019,0.520,0.461
743500,0.017,0.524,0.459
744000,0.017,0.533,0.450
744500,0.017,0.528,0.455
745000,0.015,0.520,0.466
745500,0.017,0.520,0.463
746000,0.020,0.507,0.473
746500,0.015,0.532,0.453
747000,0.019,0.581,0.400
747500,0.016,0.576,0.407
748000,0.018,0.558,0.424
748500,0.013,0.579,0.407
749000,0.015,0.595,0.389
749500,0.015,0.604,0.381
750000,0.018,0.578,0.404
750500,0.014,0.569,0.417
751000,0.015,0.541,0.444
751500,0.020,0.500,0.480
752000,0.013,0.539,0.448
752500,0.028,0.484,0.488
753000,0.031,0.446,0.522
753500,0.023,0.478,0.498
754000,0.022,0.412,0.566
754500,0.023,0.443,0.534
755000,0.017,0.464,0.519
755500,0.016,0.514,0.470
756000,0.015,0.526,0.459
756500,0.013,0.601,0.386
757000,0.013,0.561,0.426
757500,0.022,0.531,0.446
758000,0.016,0.606,0.378
758500,0.021,0.559,0.420
759000,0.021,0.548,0.431
759500,0.016,0.571,0.413
760000,0.017,0.561,0.422
760500,0.014,0.576,0.410
761000,0.015,0.596,0.389
761500,0.015,0.587,0.398
762000,0.016,0.534,0.449
762500,0.015,0.554,0.432
763000,0.016,0.487,0.497
763500,0.019,0.481,0.501
764000,0.017,0.471,0.512
764500,0.022,0.467,0.511
765000,0.024,0.448,0.527
765500,0.020,0.487,0.494
766000,0.017,0.497,0.486
766500,0.018,0.544,0.438
767000,0.019,0.529,0.452
767500,0.020,0.488,0.491
768000,0.023,0.510,0.467
768500,0.022,0.518,0.460
769000,0.021,0.515,0.464
769500,0.016,0.571,0.413
770000,0.016,0.501,0.483
770500,0.022,0.465,0.513
771000,0.024,0.467,0.508
771500,0.027,0.450,0.523
772000,0.023,0.490,0.487
772500,0.034,0.522,0.444
773000,0.026,0.519,0.455
773500,0.024,0.521,0.455
774000,0.022,0.514,0.464
774500,0.017,0.551,0.432
775000,0.017,0.566,0.417
775500,0.017,0.549,0.434
776000,0.018,0.609,0.373
776500,0.017,0.595,0.388
777000,0.013,0.626,0.360
777500,0.013,0.662,0.325
778000,0.012,0.698,0.290
778500,0.012,0.687,0.301
779000,0.013,0.646,0.342
779500,0.013,0.646,0.341
780000,0.012,0.666,0.322
780500,0.012,0.715,0.272
781000,0.012,0.694,0.293
781500,0.011,0.672,0.317
782000,0.010,0.683,0.307
782500,0.012,0.736,0.252
783000,0.010,0.676,0.314
783500,0.011,0.702,0.287
784000,0.013,0.626,0.361
784500,0.012,0.624,0.364
785000,0.012,0.620,0.367
785500,0.014,0.651,0.335
786000,0.014,0.710,0.276
786500,0.011,0.692,0.297
787000,0.012,0.673,0.315
787500,0.012,0.658,0.331
788000,0.011,0.627,0.362
788500,0.015,0.623,0.363
789000,0.014,0.655,0.331
789500,0.012,0.719,0.269
790000,0.016,0.614,0.370
790500,0.015,0.556,0.429
791000,0.012,0.631,0.357
791500,0.012,0.651,0.338
792000,0.012,0.665,0.323
792500,0.012,0.672,0.317
793000,0.011,0.746,0.243
793500,0.011,0.740,0.249
794000,0.012,0.682,0.306
794500,0.013,0.619,0.368
795000,0.016,0.642,0.342
795500,0.015,0.637,0.348
796000,0.015,0.622,0.364
796500,0.012,0.659,0.329
797000,0.013,0.657,0.330
797500,0.015,0.620,0.366
798000,0.012,0.609,0.379
798500,0.013,0.616,0.371
799000,0.011,0.661,0.328
799500,0.010,0.658,0.331
800000,0.010,0.661,0.329
800500,0.010,0.700,0.290
801000,0.012,0.676,0.311
801500,0.016,0.584,0.400
802000,0.015,0.576,0.410
802500,0.020,0.523,0.457
803000,0.023,0.541,0.436
803500,0.017,0.542,0.440
