time,n_A+p,n_B,n_AB
500,0.080,0.662,0.258
1000,0.080,0.403,0.517
1500,0.081,0.343,0.577
2000,0.080,0.239,0.681
2500,0.126,0.150,0.724
3000,0.176,0.076,0.748
3500,0.450,0.011,0.539
4000,0.592,0.002,0.406
4500,0.807,0.001,0.192
5000,0.858,0.000,0.142
5500,0.854,0.000,0.146
6000,0.884,0.000,0.116
6500,0.931,0.000,0.069
7000,0.971,0.000,0.029
7500,0.966,0.000,0.034
8000,0.979,0.000,0.021
8500,0.989,0.000,0.011
9000,0.988,0.000,0.012
9500,0.985,0.000,0.015
10000,0.960,0.000,0.040
10500,0.980,0.000,0.020
11000,0.997,0.000,0.003
11500,1.000,0.000,0.000
