time,n_A+p,n_B,n_AB
100,0.030,0.968,0.002
200,0.030,0.963,0.007
300,0.030,0.960,0.010
400,0.030,0.955,0.015
500,0.030,0.946,0.024
600,0.030,0.944,0.026
700,0.030,0.943,0.027
800,0.030,0.936,0.034
900,0.030,0.930,0.040
1000,0.030,0.917,0.053
1100,0.030,0.909,0.061
1200,0.030,0.907,0.063
1300,0.030,0.904,0.066
1400,0.030,0.905,0.065
1500,0.030,0.903,0.067
1600,0.030,0.900,0.070
1700,0.030,0.893,0.077
1800,0.030,0.881,0.089
1900,0.030,0.878,0.092
2000,0.030,0.874,0.096
2100,0.030,0.858,0.112
2200,0.032,0.853,0.115
2300,0.032,0.843,0.125
2400,0.031,0.833,0.136
2500,0.031,0.827,0.142
2600,0.031,0.821,0.148
2700,0.031,0.815,0.154
2800,0.031,0.808,0.161
2900,0.031,0.802,0.167
3000,0.030,0.798,0.172
3100,0.030,0.785,0.185
3200,0.030,0.773,0.197
3300,0.032,0.766,0.202
3400,0.034,0.754,0.212
3500,0.033,0.751,0.216
3600,0.031,0.743,0.226
3700,0.031,0.734,0.235
3800,0.031,0.734,0.235
3900,0.030,0.734,0.236
4000,0.032,0.723,0.245
4100,0.033,0.699,0.268
4200,0.034,0.692,0.274
4300,0.035,0.673,0.292
4400,0.035,0.655,0.310
4500,0.036,0.657,0.307
4600,0.034,0.648,0.318
4700,0.035,0.642,0.323
4800,0.037,0.640,0.323
4900,0.037,0.632,0.331
5000,0.036,0.625,0.339
5100,0.036,0.617,0.347
5200,0.037,0.602,0.361
5300,0.040,0.581,0.379
5400,0.041,0.584,0.375
5500,0.040,0.586,0.374
5600,0.041,0.574,0.385
5700,0.046,0.550,0.404
5800,0.043,0.559,0.398
5900,0.042,0.556,0.402
6000,0.041,0.553,0.406
6100,0.041,0.542,0.417
6200,0.041,0.536,0.423
6300,0.045,0.517,0.438
6400,0.046,0.504,0.450
6500,0.048,0.509,0.443
6600,0.050,0.506,0.444
6700,0.049,0.504,0.447
6800,0.051,0.496,0.453
6900,0.057,0.489,0.454
7000,0.058,0.475,0.467
7100,0.058,0.473,0.469
7200,0.065,0.467,0.468
7300,0.067,0.457,0.476
7400,0.069,0.443,0.488
7500,0.066,0.442,0.492
7600,0.065,0.439,0.496
7700,0.062,0.437,0.501
7800,0.062,0.430,0.508
7900,0.058,0.426,0.516
8000,0.060,0.428,0.512
8100,0.067,0.427,0.506
8200,0.069,0.414,0.517
8300,0.075,0.423,0.502
8400,0.072,0.426,0.502
8500,0.073,0.414,0.513
8600,0.070,0.409,0.521
8700,0.063,0.416,0.521
8800,0.062,0.412,0.526
8900,0.064,0.390,0.546
9000,0.062,0.393,0.545
9100,0.063,0.393,0.544
9200,0.068,0.389,0.543
9300,0.071,0.386,0.543
9400,0.069,0.379,0.552
9500,0.070,0.349,0.581
9600,0.080,0.346,0.574
9700,0.080,0.337,0.583
9800,0.076,0.335,0.589
9900,0.075,0.329,0.596
10000,0.079,0.315,0.606
10100,0.090,0.322,0.588
10200,0.092,0.313,0.595
10300,0.094,0.299,0.607
10400,0.100,0.295,0.605
10500,0.096,0.295,0.609
10600,0.100,0.302,0.598
10700,0.103,0.293,0.604
10800,0.112,0.289,0.599
10900,0.114,0.277,0.609
11000,0.111,0.286,0.603
11100,0.116,0.286,0.598
11200,0.119,0.291,0.590
11300,0.116,0.285,0.599
11400,0.118,0.285,0.597
11500,0.114,0.286,0.600
11600,0.108,0.285,0.607
11700,0.119,0.291,0.590
11800,0.116,0.286,0.598
11900,0.120,0.270,0.610
12000,0.131,0.282,0.587
12100,0.136,0.274,0.590
12200,0.145,0.272,0.583
12300,0.153,0.269,0.578
12400,0.157,0.264,0.579
12500,0.152,0.254,0.594
12600,0.152,0.245,0.603
12700,0.152,0.253,0.595
12800,0.169,0.261,0.570
12900,0.161,0.255,0.584
13000,0.154,0.253,0.593
13100,0.153,0.253,0.594
13200,0.149,0.245,0.606
13300,0.145,0.239,0.616
13400,0.149,0.230,0.621
13500,0.149,0.216,0.635
13600,0.157,0.207,0.636
13700,0.168,0.219,0.613
13800,0.169,0.217,0.614
13900,0.169,0.222,0.609
14000,0.168,0.215,0.617
14100,0.175,0.219,0.606
14200,0.181,0.201,0.618
14300,0.172,0.192,0.636
14400,0.180,0.182,0.638
14500,0.179,0.181,0.640
14600,0.184,0.179,0.637
14700,0.193,0.182,0.625
14800,0.200,0.176,0.624
14900,0.195,0.178,0.627
15000,0.199,0.160,0.641
15100,0.201,0.164,0.635
15200,0.201,0.162,0.637
15300,0.201,0.163,0.636
15400,0.193,0.162,0.645
15500,0.186,0.172,0.642
15600,0.185,0.172,0.643
15700,0.193,0.166,0.641
15800,0.200,0.154,0.646
15900,0.199,0.153,0.648
16000,0.197,0.155,0.648
16100,0.197,0.160,0.643
16200,0.205,0.163,0.632
16300,0.204,0.152,0.644
16400,0.215,0.160,0.625
16500,0.217,0.165,0.618
16600,0.210,0.160,0.630
16700,0.209,0.157,0.634
16800,0.214,0.167,0.619
16900,0.222,0.175,0.603
17000,0.227,0.164,0.609
17100,0.228,0.168,0.604
17200,0.224,0.164,0.612
17300,0.212,0.170,0.618
17400,0.219,0.169,0.612
17500,0.229,0.173,0.598
17600,0.223,0.170,0.607
17700,0.224,0.162,0.614
17800,0.226,0.163,0.611
17900,0.232,0.169,0.599
18000,0.224,0.168,0.608
18100,0.221,0.166,0.613
18200,0.212,0.176,0.612
18300,0.206,0.165,0.629
18400,0.210,0.160,0.630
18500,0.216,0.153,0.631
18600,0.216,0.157,0.627
18700,0.215,0.147,0.638
18800,0.212,0.141,0.647
18900,0.210,0.142,0.648
19000,0.218,0.133,0.649
19100,0.223,0.139,0.638
19200,0.225,0.132,0.643
19300,0.227,0.132,0.641
19400,0.237,0.138,0.625
19500,0.226,0.139,0.635
19600,0.236,0.138,0.626
19700,0.235,0.136,0.629
19800,0.231,0.134,0.635
19900,0.228,0.137,0.635
20000,0.226,0.133,0.641
20100,0.219,0.133,0.648
20200,0.221,0.130,0.649
20300,0.215,0.126,0.659
20400,0.214,0.126,0.660
20500,0.223,0.129,0.648
20600,0.226,0.137,0.637
20700,0.235,0.143,0.622
20800,0.239,0.137,0.624
20900,0.236,0.140,0.624
21000,0.243,0.146,0.611
21100,0.242,0.145,0.613
21200,0.250,0.145,0.605
21300,0.254,0.140,0.606
21400,0.244,0.132,0.624
21500,0.241,0.130,0.629
21600,0.238,0.127,0.635
21700,0.251,0.130,0.619
21800,0.256,0.135,0.609
21900,0.254,0.131,0.615
22000,0.269,0.128,0.603
22100,0.267,0.123,0.610
22200,0.265,0.124,0.611
22300,0.258,0.121,0.621
22400,0.265,0.118,0.617
22500,0.278,0.112,0.610
22600,0.273,0.104,0.623
22700,0.288,0.107,0.605
22800,0.291,0.107,0.602
22900,0.283,0.109,0.608
23000,0.298,0.109,0.593
23100,0.292,0.107,0.601
23200,0.300,0.102,0.598
23300,0.296,0.103,0.601
23400,0.295,0.106,0.599
23500,0.292,0.100,0.608
23600,0.291,0.099,0.610
23700,0.298,0.090,0.612
23800,0.298,0.102,0.600
23900,0.316,0.105,0.579
24000,0.312,0.110,0.578
24100,0.317,0.113,0.570
24200,0.320,0.110,0.570
24300,0.317,0.107,0.576
24400,0.303,0.109,0.588
24500,0.298,0.112,0.590
24600,0.290,0.096,0.614
24700,0.279,0.089,0.632
24800,0.282,0.095,0.623
24900,0.283,0.097,0.620
25000,0.280,0.092,0.628
25100,0.270,0.092,0.638
25200,0.257,0.090,0.653
25300,0.268,0.081,0.651
25400,0.270,0.078,0.652
25500,0.277,0.074,0.649
25600,0.279,0.070,0.651
25700,0.280,0.080,0.640
25800,0.281,0.084,0.635
25900,0.276,0.089,0.635
26000,0.271,0.093,0.636
26100,0.281,0.089,0.630
26200,0.303,0.090,0.607
26300,0.310,0.090,0.600
26400,0.300,0.099,0.601
26500,0.318,0.099,0.583
26600,0.314,0.094,0.592
26700,0.320,0.097,0.583
26800,0.317,0.099,0.584
26900,0.310,0.104,0.586
27000,0.314,0.100,0.586
27100,0.319,0.106,0.575
27200,0.317,0.116,0.567
27300,0.321,0.111,0.568
27400,0.315,0.122,0.563
27500,0.304,0.126,0.570
27600,0.302,0.125,0.573
27700,0.304,0.120,0.576
27800,0.301,0.120,0.579
27900,0.298,0.113,0.589
28000,0.307,0.107,0.586
28100,0.312,0.101,0.587
28200,0.299,0.100,0.601
28300,0.290,0.098,0.612
28400,0.281,0.104,0.615
28500,0.283,0.105,0.612
28600,0.283,0.106,0.611
28700,0.278,0.100,0.622
28800,0.280,0.107,0.613
28900,0.286,0.106,0.608
29000,0.281,0.103,0.616
29100,0.280,0.105,0.615
29200,0.273,0.102,0.625
29300,0.280,0.103,0.617
29400,0.284,0.111,0.605
29500,0.276,0.112,0.612
29600,0.269,0.115,0.616
29700,0.257,0.122,0.621
29800,0.259,0.123,0.618
29900,0.258,0.114,0.628
30000,0.258,0.115,0.627
30100,0.261,0.114,0.625
30200,0.278,0.102,0.620
30300,0.289,0.107,0.604
30400,0.274,0.100,0.626
30500,0.277,0.110,0.613
30600,0.279,0.111,0.610
30700,0.283,0.105,0.612
30800,0.276,0.102,0.622
30900,0.271,0.097,0.632
31000,0.270,0.105,0.625
31100,0.267,0.115,0.618
31200,0.266,0.118,0.616
31300,0.255,0.118,0.627
31400,0.255,0.122,0.623
31500,0.277,0.125,0.598
31600,0.273,0.128,0.599
31700,0.275,0.124,0.601
31800,0.269,0.121,0.610
31900,0.265,0.120,0.615
32000,0.257,0.123,0.620
32100,0.258,0.125,0.617
32200,0.258,0.123,0.619
32300,0.264,0.125,0.611
32400,0.263,0.123,0.614
32500,0.252,0.121,0.627
32600,0.246,0.114,0.640
32700,0.255,0.112,0.633
32800,0.251,0.105,0.644
32900,0.251,0.128,0.621
33000,0.263,0.126,0.611
33100,0.267,0.123,0.610
33200,0.263,0.121,0.616
33300,0.263,0.118,0.619
33400,0.257,0.109,0.634
33500,0.272,0.107,0.621
33600,0.258,0.104,0.638
33700,0.256,0.104,0.640
33800,0.256,0.112,0.632
33900,0.261,0.115,0.624
34000,0.263,0.127,0.610
34100,0.257,0.119,0.624
34200,0.263,0.125,0.612
34300,0.265,0.125,0.610
34400,0.255,0.122,0.623
34500,0.253,0.124,0.623
34600,0.257,0.116,0.627
34700,0.267,0.121,0.612
34800,0.263,0.122,0.615
34900,0.262,0.120,0.618
35000,0.254,0.122,0.624
35100,0.261,0.125,0.614
35200,0.264,0.137,0.599
35300,0.262,0.138,0.600
35400,0.266,0.152,0.582
35500,0.260,0.150,0.590
35600,0.259,0.146,0.595
35700,0.264,0.147,0.589
35800,0.253,0.136,0.611
35900,0.244,0.127,0.629
36000,0.244,0.128,0.628
36100,0.247,0.132,0.621
36200,0.243,0.127,0.630
36300,0.237,0.134,0.629
36400,0.236,0.142,0.622
36500,0.246,0.147,0.607
36600,0.244,0.141,0.615
36700,0.233,0.140,0.627
36800,0.224,0.137,0.639
36900,0.214,0.132,0.654
37000,0.223,0.137,0.640
37100,0.222,0.130,0.648
37200,0.226,0.136,0.638
37300,0.231,0.126,0.643
37400,0.230,0.120,0.650
37500,0.233,0.133,0.634
37600,0.229,0.140,0.631
37700,0.234,0.136,0.630
37800,0.215,0.128,0.657
37900,0.212,0.125,0.663
38000,0.222,0.130,0.648
38100,0.229,0.133,0.638
38200,0.235,0.138,0.627
38300,0.233,0.142,0.625
38400,0.220,0.141,0.639
38500,0.207,0.139,0.654
38600,0.195,0.136,0.669
38700,0.197,0.135,0.668
38800,0.201,0.134,0.665
38900,0.208,0.133,0.659
39000,0.216,0.126,0.658
39100,0.228,0.136,0.636
39200,0.238,0.134,0.628
39300,0.232,0.128,0.640
39400,0.228,0.130,0.642
39500,0.226,0.142,0.632
39600,0.227,0.138,0.635
39700,0.225,0.147,0.628
39800,0.224,0.150,0.626
39900,0.226,0.158,0.616
40000,0.218,0.162,0.620
40100,0.213,0.157,0.630
40200,0.209,0.148,0.643
40300,0.208,0.149,0.643
40400,0.217,0.154,0.629
40500,0.218,0.156,0.626
40600,0.222,0.159,0.619
40700,0.223,0.157,0.620
40800,0.230,0.152,0.618
40900,0.242,0.147,0.611
41000,0.240,0.146,0.614
41100,0.230,0.152,0.618
41200,0.234,0.149,0.617
41300,0.243,0.138,0.619
41400,0.245,0.127,0.628
41500,0.254,0.115,0.631
41600,0.251,0.114,0.635
41700,0.249,0.114,0.637
41800,0.248,0.109,0.643
41900,0.247,0.116,0.637
42000,0.250,0.130,0.620
42100,0.247,0.125,0.628
42200,0.252,0.134,0.614
42300,0.255,0.132,0.613
42400,0.255,0.121,0.624
42500,0.260,0.137,0.603
42600,0.259,0.135,0.606
42700,0.257,0.130,0.613
42800,0.252,0.131,0.617
42900,0.248,0.136,0.616
43000,0.262,0.133,0.605
43100,0.260,0.136,0.604
43200,0.248,0.136,0.616
43300,0.254,0.138,0.608
43400,0.261,0.131,0.608
43500,0.260,0.130,0.610
43600,0.255,0.138,0.607
43700,0.257,0.134,0.609
43800,0.256,0.133,0.611
43900,0.249,0.125,0.626
44000,0.237,0.127,0.636
44100,0.240,0.127,0.633
44200,0.250,0.120,0.630
44300,0.247,0.122,0.631
44400,0.252,0.126,0.622
44500,0.257,0.129,0.614
44600,0.251,0.127,0.622
44700,0.245,0.123,0.632
44800,0.244,0.137,0.619
44900,0.233,0.144,0.623
45000,0.229,0.149,0.622
45100,0.229,0.145,0.626
45200,0.229,0.149,0.622
45300,0.223,0.148,0.629
45400,0.222,0.152,0.626
45500,0.217,0.160,0.623
45600,0.232,0.165,0.603
45700,0.224,0.172,0.604
45800,0.225,0.181,0.594
45900,0.228,0.173,0.599
46000,0.220,0.169,0.611
46100,0.228,0.154,0.618
46200,0.234,0.156,0.610
46300,0.239,0.148,0.613
46400,0.252,0.148,0.600
46500,0.247,0.142,0.611
46600,0.243,0.143,0.614
46700,0.231,0.133,0.636
46800,0.233,0.134,0.633
46900,0.234,0.138,0.628
47000,0.239,0.128,0.633
47100,0.243,0.129,0.628
47200,0.240,0.127,0.633
47300,0.249,0.120,0.631
47400,0.247,0.118,0.635
47500,0.256,0.110,0.634
47600,0.264,0.105,0.631
47700,0.265,0.107,0.628
47800,0.272,0.103,0.625
47900,0.275,0.104,0.621
48000,0.269,0.101,0.630
48100,0.267,0.110,0.623
48200,0.266,0.110,0.624
48300,0.257,0.113,0.630
48400,0.265,0.112,0.623
48500,0.263,0.126,0.611
48600,0.266,0.129,0.605
48700,0.261,0.119,0.620
48800,0.260,0.116,0.624
48900,0.256,0.121,0.623
49000,0.248,0.125,0.627
49100,0.249,0.132,0.619
49200,0.245,0.120,0.635
49300,0.242,0.113,0.645
49400,0.230,0.110,0.660
49500,0.226,0.112,0.662
49600,0.239,0.119,0.642
49700,0.237,0.119,0.644
49800,0.237,0.111,0.652
49900,0.242,0.116,0.642
50000,0.238,0.114,0.648
50100,0.230,0.109,0.661
50200,0.237,0.102,0.661
50300,0.253,0.090,0.657
50400,0.268,0.093,0.639
50500,0.274,0.096,0.630
50600,0.278,0.089,0.633
50700,0.295,0.096,0.609
50800,0.287,0.102,0.611
50900,0.279,0.106,0.615
51000,0.278,0.114,0.608
51100,0.284,0.108,0.608
51200,0.287,0.106,0.607
51300,0.281,0.110,0.609
51400,0.281,0.104,0.615
51500,0.282,0.109,0.609
51600,0.278,0.112,0.610
51700,0.276,0.115,0.609
51800,0.275,0.110,0.615
51900,0.277,0.103,0.620
52000,0.273,0.102,0.625
52100,0.267,0.099,0.634
52200,0.269,0.090,0.641
52300,0.272,0.096,0.632
52400,0.287,0.092,0.621
52500,0.281,0.100,0.619
52600,0.277,0.103,0.620
52700,0.269,0.096,0.635
52800,0.272,0.099,0.629
52900,0.268,0.110,0.622
53000,0.269,0.107,0.624
53100,0.264,0.096,0.640
53200,0.268,0.095,0.637
53300,0.266,0.101,0.633
53400,0.279,0.119,0.602
53500,0.269,0.119,0.612
53600,0.271,0.121,0.608
53700,0.267,0.114,0.619
53800,0.274,0.124,0.602
53900,0.277,0.120,0.603
54000,0.283,0.123,0.594
54100,0.286,0.124,0.590
54200,0.280,0.125,0.595
54300,0.276,0.126,0.598
54400,0.275,0.124,0.601
54500,0.265,0.127,0.608
54600,0.280,0.126,0.594
54700,0.281,0.127,0.592
54800,0.280,0.129,0.591
54900,0.280,0.128,0.592
55000,0.276,0.123,0.601
55100,0.279,0.117,0.604
55200,0.295,0.125,0.580
55300,0.289,0.117,0.594
55400,0.286,0.116,0.598
55500,0.284,0.126,0.590
55600,0.271,0.134,0.595
55700,0.265,0.156,0.579
55800,0.267,0.157,0.576
55900,0.266,0.155,0.579
56000,0.257,0.161,0.582
56100,0.254,0.152,0.594
56200,0.252,0.150,0.598
56300,0.243,0.155,0.602
56400,0.241,0.153,0.606
56500,0.239,0.156,0.605
56600,0.239,0.155,0.606
56700,0.228,0.151,0.621
56800,0.222,0.152,0.626
56900,0.225,0.152,0.623
57000,0.234,0.152,0.614
57100,0.227,0.152,0.621
57200,0.225,0.164,0.611
57300,0.225,0.160,0.615
57400,0.224,0.149,0.627
57500,0.225,0.139,0.636
57600,0.228,0.145,0.627
57700,0.238,0.148,0.614
57800,0.239,0.139,0.622
57900,0.229,0.137,0.634
58000,0.229,0.144,0.627
58100,0.218,0.150,0.632
58200,0.227,0.153,0.620
58300,0.225,0.145,0.630
58400,0.233,0.141,0.626
58500,0.239,0.141,0.620
58600,0.246,0.138,0.616
58700,0.249,0.156,0.595
58800,0.251,0.156,0.593
58900,0.253,0.157,0.590
59000,0.252,0.150,0.598
59100,0.247,0.146,0.607
59200,0.248,0.138,0.614
59300,0.256,0.135,0.609
59400,0.251,0.130,0.619
59500,0.244,0.132,0.624
59600,0.232,0.130,0.638
59700,0.241,0.141,0.618
59800,0.251,0.137,0.612
59900,0.257,0.141,0.602
60000,0.256,0.136,0.608
60100,0.252,0.137,0.611
60200,0.251,0.142,0.607
60300,0.248,0.139,0.613
60400,0.267,0.135,0.598
60500,0.269,0.126,0.605
60600,0.261,0.112,0.627
60700,0.263,0.108,0.629
60800,0.262,0.108,0.630
60900,0.268,0.105,0.627
61000,0.271,0.113,0.616
61100,0.277,0.104,0.619
61200,0.288,0.103,0.609
61300,0.289,0.116,0.595
61400,0.282,0.113,0.605
61500,0.281,0.117,0.602
61600,0.285,0.113,0.602
61700,0.286,0.118,0.596
61800,0.283,0.117,0.600
61900,0.284,0.114,0.602
62000,0.281,0.112,0.607
62100,0.274,0.118,0.608
62200,0.272,0.114,0.614
62300,0.266,0.110,0.624
62400,0.266,0.105,0.629
62500,0.278,0.112,0.610
62600,0.278,0.115,0.607
62700,0.273,0.112,0.615
62800,0.280,0.115,0.605
62900,0.267,0.121,0.612
63000,0.277,0.125,0.598
63100,0.292,0.126,0.582
63200,0.288,0.122,0.590
63300,0.296,0.130,0.574
63400,0.289,0.120,0.591
63500,0.278,0.113,0.609
63600,0.282,0.112,0.606
63700,0.291,0.116,0.593
63800,0.296,0.119,0.585
63900,0.291,0.121,0.588
64000,0.301,0.118,0.581
64100,0.289,0.118,0.593
64200,0.287,0.124,0.589
64300,0.278,0.129,0.593
64400,0.265,0.138,0.597
64500,0.266,0.148,0.586
64600,0.260,0.154,0.586
64700,0.267,0.147,0.586
64800,0.256,0.140,0.604
64900,0.243,0.141,0.616
65000,0.255,0.142,0.603
65100,0.247,0.142,0.611
65200,0.248,0.139,0.613
65300,0.247,0.138,0.615
65400,0.248,0.152,0.600
65500,0.256,0.151,0.593
65600,0.262,0.149,0.589
65700,0.256,0.150,0.594
65800,0.257,0.145,0.598
65900,0.258,0.136,0.606
66000,0.259,0.135,0.606
66100,0.256,0.131,0.613
66200,0.245,0.131,0.624
66300,0.255,0.142,0.603
66400,0.245,0.141,0.614
66500,0.246,0.139,0.615
66600,0.234,0.136,0.630
66700,0.254,0.137,0.609
66800,0.255,0.133,0.612
66900,0.255,0.133,0.612
67000,0.259,0.129,0.612
67100,0.262,0.129,0.609
67200,0.264,0.130,0.606
67300,0.259,0.132,0.609
67400,0.259,0.128,0.613
67500,0.266,0.123,0.611
67600,0.278,0.115,0.607
67700,0.276,0.125,0.599
67800,0.266,0.121,0.613
67900,0.250,0.117,0.633
68000,0.235,0.114,0.651
68100,0.229,0.117,0.654
68200,0.222,0.127,0.651
68300,0.228,0.124,0.648
68400,0.244,0.117,0.639
68500,0.254,0.114,0.632
68600,0.247,0.122,0.631
68700,0.245,0.124,0.631
68800,0.240,0.127,0.633
68900,0.234,0.120,0.646
69000,0.247,0.130,0.623
69100,0.256,0.131,0.613
69200,0.266,0.133,0.601
69300,0.274,0.123,0.603
69400,0.278,0.123,0.599
69500,0.276,0.127,0.597
69600,0.270,0.121,0.609
69700,0.261,0.112,0.627
69800,0.273,0.104,0.623
69900,0.275,0.112,0.613
70000,0.280,0.111,0.609
70100,0.277,0.115,0.608
70200,0.280,0.111,0.609
70300,0.286,0.107,0.607
70400,0.282,0.110,0.608
70500,0.262,0.114,0.624
70600,0.260,0.113,0.627
70700,0.251,0.114,0.635
70800,0.244,0.124,0.632
70900,0.242,0.135,0.623
71000,0.243,0.135,0.622
71100,0.232,0.143,0.625
71200,0.227,0.152,0.621
71300,0.215,0.143,0.642
71400,0.227,0.145,0.628
71500,0.228,0.149,0.623
71600,0.241,0.141,0.618
71700,0.234,0.140,0.626
71800,0.229,0.137,0.634
71900,0.238,0.145,0.617
72000,0.233,0.151,0.616
72100,0.227,0.160,0.613
72200,0.230,0.153,0.617
72300,0.236,0.152,0.612
72400,0.232,0.141,0.627
72500,0.227,0.136,0.637
72600,0.225,0.137,0.638
72700,0.224,0.134,0.642
72800,0.216,0.141,0.643
72900,0.211,0.141,0.648
73000,0.216,0.144,0.640
73100,0.219,0.144,0.637
73200,0.217,0.148,0.635
73300,0.219,0.149,0.632
73400,0.212,0.140,0.648
73500,0.214,0.141,0.645
73600,0.217,0.150,0.633
73700,0.218,0.157,0.625
73800,0.211,0.155,0.634
73900,0.218,0.152,0.630
74000,0.209,0.147,0.644
74100,0.215,0.149,0.636
74200,0.217,0.154,0.629
74300,0.228,0.152,0.620
74400,0.229,0.147,0.624
74500,0.237,0.146,0.617
74600,0.233,0.142,0.625
74700,0.238,0.145,0.617
74800,0.253,0.135,0.612
74900,0.258,0.131,0.611
75000,0.263,0.130,0.607
75100,0.285,0.126,0.589
75200,0.284,0.112,0.604
75300,0.280,0.109,0.611
75400,0.276,0.111,0.613
75500,0.294,0.104,0.602
75600,0.290,0.098,0.612
75700,0.290,0.093,0.617
75800,0.292,0.098,0.610
75900,0.288,0.102,0.610
76000,0.311,0.104,0.585
76100,0.310,0.108,0.582
76200,0.305,0.101,0.594
76300,0.300,0.099,0.601
76400,0.303,0.095,0.602
76500,0.288,0.094,0.618
76600,0.282,0.101,0.617
76700,0.273,0.099,0.628
76800,0.283,0.089,0.628
76900,0.283,0.089,0.628
77000,0.277,0.085,0.638
77100,0.283,0.084,0.633
77200,0.290,0.088,0.622
77300,0.305,0.097,0.598
77400,0.300,0.097,0.603
77500,0.306,0.094,0.600
77600,0.292,0.095,0.613
77700,0.297,0.092,0.611
77800,0.303,0.096,0.601
77900,0.303,0.102,0.595
78000,0.298,0.104,0.598
78100,0.290,0.096,0.614
78200,0.290,0.094,0.616
78300,0.295,0.091,0.614
78400,0.298,0.083,0.619
78500,0.299,0.093,0.608
78600,0.299,0.097,0.604
78700,0.296,0.092,0.612
78800,0.301,0.101,0.598
78900,0.292,0.108,0.600
79000,0.290,0.108,0.602
79100,0.286,0.107,0.607
79200,0.276,0.113,0.611
79300,0.265,0.118,0.617
79400,0.269,0.114,0.617
79500,0.267,0.121,0.612
79600,0.269,0.118,0.613
79700,0.275,0.115,0.610
79800,0.275,0.119,0.606
79900,0.297,0.111,0.592
80000,0.298,0.110,0.592
80100,0.304,0.114,0.582
80200,0.302,0.104,0.594
80300,0.313,0.099,0.588
80400,0.317,0.088,0.595
80500,0.306,0.086,0.608
80600,0.303,0.085,0.612
80700,0.297,0.085,0.618
80800,0.301,0.086,0.613
80900,0.304,0.087,0.609
81000,0.308,0.082,0.610
81100,0.310,0.087,0.603
81200,0.309,0.086,0.605
81300,0.305,0.094,0.601
81400,0.300,0.091,0.609
81500,0.300,0.091,0.609
81600,0.307,0.085,0.608
81700,0.311,0.085,0.604
81800,0.322,0.084,0.594
81900,0.314,0.084,0.602
82000,0.317,0.086,0.597
82100,0.320,0.093,0.587
82200,0.320,0.093,0.587
82300,0.313,0.096,0.591
82400,0.326,0.090,0.584
82500,0.323,0.098,0.579
82600,0.321,0.097,0.582
82700,0.317,0.111,0.572
82800,0.308,0.099,0.593
82900,0.316,0.097,0.587
83000,0.325,0.092,0.583
83100,0.322,0.085,0.593
83200,0.321,0.081,0.598
83300,0.317,0.079,0.604
83400,0.314,0.079,0.607
83500,0.304,0.082,0.614
83600,0.307,0.085,0.608
83700,0.298,0.089,0.613
83800,0.291,0.093,0.616
83900,0.291,0.102,0.607
84000,0.306,0.099,0.595
84100,0.306,0.100,0.594
84200,0.310,0.105,0.585
84300,0.304,0.103,0.593
84400,0.298,0.099,0.603
84500,0.297,0.102,0.601
84600,0.300,0.097,0.603
84700,0.300,0.099,0.601
84800,0.300,0.099,0.601
84900,0.300,0.092,0.608
85000,0.296,0.093,0.611
85100,0.290,0.095,0.615
85200,0.289,0.094,0.617
85300,0.294,0.093,0.613
85400,0.290,0.089,0.621
85500,0.298,0.089,0.613
85600,0.291,0.089,0.620
85700,0.299,0.097,0.604
85800,0.300,0.094,0.606
85900,0.290,0.092,0.618
86000,0.282,0.091,0.627
86100,0.287,0.092,0.621
86200,0.285,0.099,0.616
86300,0.298,0.100,0.602
86400,0.280,0.106,0.614
86500,0.273,0.114,0.613
86600,0.273,0.124,0.603
86700,0.268,0.128,0.604
86800,0.263,0.126,0.611
86900,0.268,0.119,0.613
87000,0.273,0.112,0.615
87100,0.270,0.116,0.614
87200,0.271,0.110,0.619
87300,0.265,0.118,0.617
87400,0.261,0.110,0.629
87500,0.256,0.113,0.631
87600,0.260,0.109,0.631
87700,0.253,0.107,0.640
87800,0.251,0.103,0.646
87900,0.257,0.100,0.643
88000,0.256,0.098,0.646
88100,0.264,0.094,0.642
88200,0.258,0.102,0.640
88300,0.262,0.104,0.634
88400,0.264,0.107,0.629
88500,0.259,0.108,0.633
88600,0.257,0.111,0.632
88700,0.258,0.110,0.632
88800,0.255,0.117,0.628
88900,0.260,0.130,0.610
89000,0.271,0.123,0.606
89100,0.275,0.119,0.606
89200,0.293,0.119,0.588
89300,0.282,0.124,0.594
89400,0.287,0.115,0.598
89500,0.292,0.116,0.592
89600,0.295,0.119,0.586
89700,0.303,0.109,0.588
89800,0.297,0.109,0.594
89900,0.292,0.102,0.606
90000,0.292,0.105,0.603
90100,0.292,0.107,0.601
90200,0.285,0.094,0.621
90300,0.287,0.090,0.623
90400,0.298,0.089,0.613
90500,0.291,0.088,0.621
90600,0.301,0.087,0.612
90700,0.307,0.082,0.611
90800,0.309,0.073,0.618
90900,0.310,0.077,0.613
91000,0.312,0.081,0.607
91100,0.326,0.081,0.593
91200,0.328,0.089,0.583
91300,0.334,0.086,0.580
91400,0.332,0.092,0.576
91500,0.320,0.095,0.585
91600,0.314,0.090,0.596
91700,0.315,0.097,0.588
91800,0.315,0.093,0.592
91900,0.315,0.099,0.586
92000,0.307,0.108,0.585
92100,0.311,0.098,0.591
92200,0.308,0.099,0.593
92300,0.304,0.100,0.596
92400,0.290,0.107,0.603
92500,0.296,0.113,0.591
92600,0.304,0.107,0.589
92700,0.316,0.105,0.579
92800,0.307,0.108,0.585
92900,0.304,0.102,0.594
93000,0.320,0.092,0.588
93100,0.313,0.094,0.593
93200,0.299,0.095,0.606
93300,0.305,0.094,0.601
93400,0.306,0.088,0.606
93500,0.318,0.101,0.581
93600,0.306,0.103,0.591
93700,0.309,0.100,0.591
93800,0.297,0.091,0.612
93900,0.306,0.098,0.596
94000,0.297,0.099,0.604
94100,0.299,0.096,0.605
94200,0.299,0.094,0.607
94300,0.299,0.097,0.604
94400,0.300,0.100,0.600
94500,0.304,0.100,0.596
94600,0.295,0.101,0.604
94700,0.296,0.105,0.599
94800,0.294,0.095,0.611
94900,0.294,0.100,0.606
95000,0.294,0.099,0.607
95100,0.290,0.098,0.612
95200,0.296,0.109,0.595
95300,0.301,0.107,0.592
95400,0.318,0.099,0.583
95500,0.315,0.109,0.576
95600,0.317,0.116,0.567
95700,0.319,0.115,0.566
95800,0.311,0.110,0.579
95900,0.312,0.111,0.577
96000,0.302,0.119,0.579
96100,0.306,0.120,0.574
96200,0.303,0.123,0.574
96300,0.312,0.122,0.566
96400,0.314,0.126,0.560
96500,0.302,0.125,0.573
96600,0.302,0.119,0.579
96700,0.311,0.106,0.583
96800,0.328,0.103,0.569
96900,0.323,0.101,0.576
97000,0.317,0.095,0.588
97100,0.323,0.098,0.579
97200,0.335,0.106,0.559
97300,0.332,0.103,0.565
97400,0.336,0.101,0.563
97500,0.337,0.096,0.567
97600,0.336,0.086,0.578
97700,0.338,0.085,0.577
97800,0.339,0.089,0.572
97900,0.341,0.092,0.567
98000,0.347,0.090,0.563
98100,0.355,0.083,0.562
98200,0.353,0.079,0.568
98300,0.343,0.086,0.571
98400,0.321,0.093,0.586
98500,0.324,0.093,0.583
98600,0.316,0.096,0.588
98700,0.321,0.087,0.592
98800,0.319,0.086,0.595
98900,0.322,0.090,0.588
99000,0.323,0.088,0.589
99100,0.328,0.083,0.589
99200,0.323,0.084,0.593
99300,0.326,0.091,0.583
99400,0.326,0.090,0.584
99500,0.319,0.092,0.589
99600,0.316,0.102,0.582
99700,0.316,0.097,0.587
99800,0.316,0.095,0.589
99900,0.322,0.101,0.577
100000,0.318,0.102,0.580
