time,n_A+p,n_B,n_AB
500,0.050,0.768,0.182
1000,0.050,0.568,0.382
1500,0.050,0.392,0.558
2000,0.050,0.315,0.635
2500,0.054,0.309,0.636
3000,0.058,0.234,0.708
3500,0.054,0.267,0.679
4000,0.051,0.303,0.646
4500,0.052,0.278,0.669
5000,0.065,0.282,0.653
5500,0.057,0.259,0.684
6000,0.063,0.257,0.680
6500,0.052,0.240,0.708
7000,0.071,0.233,0.696
7500,0.057,0.246,0.698
8000,0.070,0.216,0.714
8500,0.081,0.174,0.745
9000,0.084,0.138,0.778
9500,0.092,0.178,0.730
10000,0.075,0.186,0.738
10500,0.088,0.158,0.754
11000,0.133,0.130,0.738
11500,0.216,0.064,0.721
12000,0.417,0.016,0.567
12500,0.602,0.000,0.398
13000,0.670,0.000,0.330
13500,0.721,0.000,0.279
14000,0.805,0.000,0.195
14500,0.840,0.000,0.160
15000,0.848,0.000,0.152
15500,0.885,0.000,0.115
16000,0.856,0.000,0.144
16500,0.865,0.000,0.135
17000,0.872,0.000,0.128
17500,0.881,0.000,0.119
18000,0.862,0.000,0.138
18500,0.871,0.000,0.129
19000,0.856,0.000,0.144
19500,0.872,0.000,0.128
20000,0.888,0.000,0.112
20500,0.900,0.000,0.100
21000,0.898,0.000,0.102
21500,0.919,0.000,0.081
22000,0.906,0.000,0.094
22500,0.907,0.000,0.093
23000,0.884,0.000,0.116
23500,0.878,0.000,0.122
24000,0.880,0.000,0.120
24500,0.888,0.000,0.112
25000,0.893,0.000,0.107
25500,0.921,0.000,0.079
26000,0.908,0.000,0.092
26500,0.910,0.000,0.090
27000,0.916,0.000,0.084
27500,0.901,0.000,0.099
28000,0.942,0.000,0.058
28500,0.943,0.000,0.057
29000,0.896,0.000,0.104
29500,0.898,0.000,0.102
30000,0.903,0.000,0.097
30500,0.908,0.000,0.092
31000,0.932,0.000,0.068
31500,0.938,0.000,0.062
32000,0.929,0.000,0.071
32500,0.965,0.000,0.035
33000,0.932,0.000,0.068
33500,0.937,0.000,0.063
34000,0.920,0.000,0.080
34500,0.915,0.000,0.085
35000,0.877,0.000,0.123
35500,0.872,0.000,0.128
36000,0.853,0.000,0.147
36500,0.855,0.000,0.145
37000,0.843,0.000,0.157
37500,0.857,0.000,0.143
38000,0.829,0.000,0.171
38500,0.831,0.000,0.169
39000,0.818,0.000,0.182
39500,0.831,0.000,0.169
40000,0.855,0.000,0.145
40500,0.877,0.000,0.123
41000,0.910,0.000,0.090
41500,0.938,0.000,0.062
42000,0.976,0.000,0.024
42500,0.964,0.000,0.036
43000,0.983,0.000,0.017
43500,0.943,0.000,0.057
44000,0.965,0.000,0.035
44500,0.983,0.000,0.017
45000,0.994,0.000,0.006
45500,0.999,0.000,0.001
46000,1.000,0.000,0.000
46500,0.995,0.000,0.005
47000,0.998,0.000,0.002
47500,1.000,0.000,0.000
48000,1.000,0.000,0.000
48500,1.000,0.000,0.000
49000,1.000,0.000,0.000
