time,n_A+p,n_B,n_AB
500,0.030,0.959,0.011
1000,0.030,0.945,0.025
1500,0.030,0.933,0.036
2000,0.030,0.912,0.057
2500,0.030,0.897,0.073
3000,0.030,0.883,0.087
3500,0.031,0.873,0.096
4000,0.031,0.863,0.106
4500,0.031,0.845,0.124
5000,0.030,0.825,0.145
5500,0.033,0.809,0.158
6000,0.032,0.797,0.170
6500,0.033,0.770,0.197
7000,0.034,0.747,0.219
7500,0.035,0.714,0.251
8000,0.036,0.695,0.269
8500,0.036,0.688,0.276
9000,0.036,0.666,0.297
9500,0.038,0.655,0.306
10000,0.038,0.658,0.304
10500,0.036,0.648,0.316
11000,0.040,0.641,0.319
11500,0.042,0.625,0.334
12000,0.039,0.618,0.343
12500,0.045,0.597,0.358
13000,0.041,0.581,0.378
13500,0.043,0.565,0.393
14000,0.047,0.547,0.405
14500,0.043,0.544,0.412
15000,0.051,0.528,0.421
15500,0.052,0.500,0.448
16000,0.060,0.491,0.449
16500,0.062,0.479,0.459
17000,0.070,0.475,0.455
17500,0.068,0.474,0.458
18000,0.083,0.459,0.459
18500,0.086,0.471,0.443
19000,0.087,0.451,0.462
19500,0.085,0.445,0.470
20000,0.078,0.445,0.478
20500,0.079,0.448,0.473
21000,0.088,0.431,0.480
21500,0.091,0.405,0.504
22000,0.091,0.400,0.509
22500,0.102,0.403,0.495
23000,0.102,0.403,0.496
23500,0.105,0.379,0.516
24000,0.103,0.377,0.520
24500,0.106,0.387,0.507
25000,0.106,0.369,0.524
25500,0.110,0.355,0.534
26000,0.114,0.358,0.528
26500,0.122,0.358,0.519
27000,0.123,0.347,0.530
27500,0.121,0.336,0.542
28000,0.114,0.330,0.556
28500,0.102,0.341,0.558
29000,0.102,0.361,0.536
29500,0.099,0.369,0.532
30000,0.095,0.372,0.533
30500,0.103,0.375,0.522
31000,0.103,0.369,0.527
31500,0.103,0.367,0.530
32000,0.099,0.355,0.546
32500,0.108,0.371,0.521
33000,0.110,0.367,0.522
33500,0.120,0.376,0.503
34000,0.116,0.362,0.522
34500,0.133,0.344,0.523
35000,0.136,0.320,0.544
35500,0.146,0.319,0.535
36000,0.146,0.293,0.560
36500,0.157,0.294,0.550
37000,0.156,0.308,0.536
37500,0.164,0.314,0.522
38000,0.165,0.306,0.530
38500,0.153,0.294,0.552
39000,0.160,0.309,0.531
39500,0.152,0.315,0.533
40000,0.140,0.296,0.564
40500,0.164,0.293,0.544
41000,0.155,0.290,0.554
41500,0.151,0.296,0.552
42000,0.162,0.283,0.556
42500,0.171,0.282,0.548
43000,0.163,0.290,0.547
43500,0.162,0.298,0.540
44000,0.172,0.292,0.536
44500,0.168,0.282,0.550
45000,0.168,0.278,0.555
45500,0.168,0.271,0.562
46000,0.177,0.283,0.539
46500,0.166,0.285,0.549
47000,0.166,0.263,0.572
47500,0.179,0.254,0.567
48000,0.172,0.271,0.557
48500,0.180,0.269,0.551
49000,0.192,0.275,0.533
49500,0.200,0.258,0.543
50000,0.203,0.254,0.543
50500,0.203,0.237,0.559
51000,0.211,0.227,0.561
51500,0.228,0.218,0.554
52000,0.230,0.205,0.565
52500,0.234,0.181,0.585
53000,0.244,0.171,0.585
53500,0.261,0.190,0.549
54000,0.267,0.177,0.555
54500,0.279,0.167,0.554
55000,0.282,0.152,0.566
55500,0.271,0.157,0.573
56000,0.281,0.152,0.567
56500,0.281,0.143,0.576
57000,0.279,0.143,0.578
57500,0.291,0.130,0.579
58000,0.292,0.147,0.561
58500,0.287,0.144,0.569
59000,0.281,0.154,0.565
59500,0.294,0.154,0.551
60000,0.286,0.148,0.565
60500,0.296,0.140,0.564
61000,0.305,0.123,0.572
61500,0.315,0.121,0.564
62000,0.327,0.118,0.555
62500,0.337,0.107,0.555
63000,0.333,0.117,0.550
63500,0.342,0.105,0.553
64000,0.342,0.102,0.556
64500,0.360,0.097,0.543
65000,0.352,0.102,0.546
65500,0.355,0.095,0.550
66000,0.349,0.094,0.557
66500,0.359,0.086,0.555
67000,0.351,0.104,0.544
67500,0.359,0.103,0.537
68000,0.368,0.098,0.533
68500,0.384,0.086,0.531
69000,0.390,0.077,0.533
69500,0.404,0.075,0.522
70000,0.420,0.080,0.499
70500,0.423,0.071,0.506
71000,0.408,0.070,0.521
71500,0.420,0.061,0.519
72000,0.443,0.054,0.503
72500,0.458,0.051,0.492
73000,0.471,0.055,0.473
73500,0.487,0.051,0.461
74000,0.487,0.053,0.459
74500,0.500,0.055,0.445
75000,0.503,0.060,0.437
75500,0.492,0.051,0.457
76000,0.493,0.051,0.456
76500,0.505,0.045,0.450
77000,0.510,0.044,0.446
77500,0.501,0.045,0.453
78000,0.507,0.036,0.457
78500,0.529,0.035,0.435
79000,0.528,0.032,0.440
79500,0.534,0.034,0.432
80000,0.547,0.038,0.414
80500,0.542,0.030,0.427
81000,0.548,0.032,0.420
81500,0.553,0.036,0.411
82000,0.546,0.042,0.412
82500,0.536,0.033,0.431
83000,0.539,0.036,0.425
83500,0.539,0.027,0.433
84000,0.541,0.033,0.426
84500,0.532,0.033,0.435
85000,0.530,0.032,0.438
85500,0.534,0.034,0.432
86000,0.511,0.034,0.455
86500,0.513,0.033,0.454
87000,0.523,0.033,0.444
87500,0.519,0.033,0.448
88000,0.536,0.035,0.428
88500,0.535,0.034,0.431
89000,0.533,0.033,0.434
89500,0.527,0.030,0.442
90000,0.544,0.026,0.429
90500,0.545,0.028,0.427
91000,0.543,0.023,0.433
91500,0.552,0.026,0.422
92000,0.535,0.032,0.433
92500,0.532,0.029,0.439
93000,0.527,0.033,0.440
93500,0.537,0.034,0.429
94000,0.538,0.030,0.431
94500,0.540,0.030,0.429
95000,0.530,0.038,0.432
95500,0.528,0.036,0.436
96000,0.549,0.035,0.415
96500,0.561,0.030,0.408
97000,0.574,0.038,0.388
97500,0.560,0.036,0.404
98000,0.556,0.030,0.413
98500,0.555,0.023,0.421
99000,0.573,0.021,0.407
99500,0.573,0.018,0.409
100000,0.580,0.018,0.402
100500,0.587,0.019,0.394
101000,0.596,0.021,0.383
101500,0.600,0.019,0.381
102000,0.611,0.019,0.370
102500,0.605,0.017,0.378
103000,0.615,0.015,0.370
103500,0.622,0.013,0.365
104000,0.619,0.017,0.364
104500,0.627,0.018,0.355
105000,0.617,0.018,0.365
105500,0.616,0.017,0.367
106000,0.625,0.017,0.358
106500,0.641,0.017,0.342
107000,0.647,0.013,0.340
107500,0.651,0.011,0.337
108000,0.653,0.011,0.336
108500,0.643,0.009,0.347
109000,0.634,0.013,0.353
109500,0.651,0.017,0.332
110000,0.660,0.014,0.326
110500,0.665,0.013,0.322
111000,0.660,0.008,0.332
111500,0.661,0.011,0.327
112000,0.664,0.009,0.327
112500,0.654,0.005,0.340
113000,0.658,0.009,0.333
113500,0.659,0.008,0.333
114000,0.658,0.006,0.335
114500,0.656,0.009,0.335
115000,0.661,0.007,0.332
115500,0.674,0.011,0.315
116000,0.670,0.012,0.318
116500,0.674,0.011,0.314
117000,0.670,0.011,0.318
117500,0.683,0.013,0.303
118000,0.690,0.013,0.297
118500,0.678,0.013,0.309
119000,0.683,0.007,0.309
119500,0.689,0.006,0.305
120000,0.705,0.006,0.289
120500,0.696,0.009,0.295
121000,0.692,0.008,0.300
121500,0.693,0.006,0.301
122000,0.698,0.005,0.297
122500,0.702,0.004,0.294
123000,0.704,0.005,0.291
123500,0.697,0.005,0.298
124000,0.705,0.004,0.291
124500,0.709,0.003,0.288
125000,0.709,0.005,0.286
125500,0.707,0.008,0.285
126000,0.692,0.004,0.305
126500,0.697,0.005,0.298
127000,0.685,0.008,0.307
127500,0.692,0.011,0.297
128000,0.696,0.007,0.297
128500,0.683,0.009,0.307
129000,0.664,0.011,0.325
129500,0.676,0.019,0.304
130000,0.680,0.017,0.303
130500,0.682,0.015,0.302
131000,0.682,0.013,0.304
131500,0.683,0.011,0.305
132000,0.679,0.007,0.314
132500,0.674,0.007,0.319
133000,0.663,0.010,0.327
133500,0.659,0.009,0.332
134000,0.665,0.011,0.324
134500,0.665,0.013,0.322
135000,0.678,0.017,0.305
135500,0.681,0.015,0.303
136000,0.682,0.013,0.305
136500,0.688,0.013,0.299
137000,0.692,0.012,0.296
137500,0.688,0.012,0.300
138000,0.683,0.011,0.305
138500,0.690,0.009,0.302
139000,0.691,0.008,0.301
139500,0.693,0.008,0.299
140000,0.690,0.008,0.302
140500,0.687,0.008,0.305
141000,0.680,0.009,0.310
141500,0.692,0.007,0.301
142000,0.692,0.009,0.300
142500,0.688,0.011,0.302
143000,0.682,0.009,0.308
143500,0.678,0.006,0.315
144000,0.662,0.013,0.325
144500,0.662,0.015,0.322
145000,0.658,0.016,0.326
145500,0.662,0.014,0.324
146000,0.661,0.016,0.323
146500,0.674,0.009,0.317
147000,0.660,0.009,0.331
147500,0.664,0.009,0.327
148000,0.671,0.013,0.315
148500,0.671,0.012,0.317
149000,0.666,0.012,0.322
149500,0.657,0.011,0.332
150000,0.670,0.011,0.319
150500,0.672,0.013,0.315
151000,0.668,0.012,0.320
151500,0.673,0.011,0.316
152000,0.676,0.007,0.316
152500,0.672,0.005,0.323
153000,0.676,0.009,0.315
153500,0.680,0.008,0.311
154000,0.683,0.006,0.310
154500,0.693,0.005,0.302
155000,0.687,0.006,0.306
155500,0.681,0.009,0.310
156000,0.698,0.007,0.295
156500,0.690,0.009,0.301
157000,0.682,0.013,0.305
157500,0.692,0.009,0.299
158000,0.688,0.007,0.305
158500,0.681,0.007,0.311
159000,0.679,0.009,0.311
159500,0.675,0.011,0.313
160000,0.675,0.011,0.314
160500,0.666,0.009,0.324
161000,0.665,0.009,0.326
161500,0.675,0.011,0.314
162000,0.667,0.011,0.322
162500,0.680,0.009,0.311
163000,0.680,0.009,0.311
163500,0.684,0.012,0.303
164000,0.664,0.013,0.323
164500,0.669,0.011,0.319
165000,0.666,0.010,0.324
165500,0.668,0.010,0.322
166000,0.672,0.013,0.315
166500,0.669,0.013,0.318
167000,0.674,0.007,0.318
167500,0.686,0.011,0.303
168000,0.676,0.009,0.314
168500,0.681,0.012,0.306
169000,0.668,0.012,0.320
169500,0.677,0.011,0.311
170000,0.684,0.013,0.302
170500,0.684,0.014,0.302
171000,0.690,0.011,0.299
171500,0.694,0.009,0.297
172000,0.700,0.008,0.292
172500,0.708,0.011,0.282
173000,0.702,0.009,0.290
173500,0.712,0.009,0.279
174000,0.725,0.009,0.267
174500,0.724,0.006,0.270
175000,0.721,0.006,0.273
175500,0.715,0.005,0.280
176000,0.722,0.005,0.273
176500,0.722,0.004,0.274
177000,0.710,0.002,0.288
177500,0.707,0.007,0.286
178000,0.713,0.008,0.279
178500,0.716,0.004,0.280
179000,0.702,0.006,0.292
179500,0.688,0.004,0.308
180000,0.703,0.002,0.295
180500,0.713,0.004,0.284
181000,0.705,0.007,0.288
181500,0.704,0.006,0.290
182000,0.698,0.005,0.297
182500,0.704,0.007,0.289
183000,0.712,0.005,0.283
183500,0.711,0.005,0.284
184000,0.713,0.004,0.283
184500,0.716,0.003,0.281
185000,0.707,0.005,0.288
185500,0.717,0.007,0.276
186000,0.723,0.006,0.271
186500,0.726,0.007,0.267
187000,0.723,0.006,0.271
187500,0.726,0.004,0.271
188000,0.707,0.006,0.287
188500,0.705,0.009,0.286
189000,0.711,0.009,0.280
189500,0.711,0.010,0.279
190000,0.707,0.009,0.284
190500,0.713,0.006,0.281
191000,0.722,0.009,0.270
191500,0.703,0.010,0.287
192000,0.704,0.009,0.288
192500,0.686,0.008,0.306
193000,0.680,0.014,0.306
193500,0.691,0.009,0.300
194000,0.693,0.009,0.298
194500,0.676,0.008,0.316
195000,0.684,0.005,0.310
195500,0.669,0.007,0.324
196000,0.664,0.009,0.326
196500,0.660,0.011,0.329
197000,0.657,0.012,0.331
197500,0.657,0.011,0.332
198000,0.648,0.011,0.340
198500,0.655,0.012,0.333
199000,0.640,0.014,0.346
199500,0.631,0.022,0.347
200000,0.641,0.018,0.340
200500,0.641,0.020,0.339
201000,0.632,0.017,0.351
201500,0.633,0.018,0.349
202000,0.643,0.015,0.342
202500,0.650,0.015,0.335
203000,0.650,0.014,0.336
203500,0.653,0.014,0.333
204000,0.634,0.018,0.348
204500,0.634,0.018,0.348
205000,0.631,0.015,0.353
205500,0.629,0.012,0.359
206000,0.632,0.013,0.355
206500,0.640,0.011,0.348
207000,0.647,0.013,0.339
207500,0.641,0.011,0.347
208000,0.632,0.013,0.355
208500,0.627,0.016,0.357
209000,0.631,0.013,0.356
209500,0.625,0.013,0.361
210000,0.626,0.021,0.352
210500,0.637,0.019,0.344
211000,0.635,0.021,0.344
211500,0.623,0.021,0.356
212000,0.618,0.019,0.363
212500,0.623,0.017,0.360
213000,0.611,0.018,0.371
213500,0.600,0.021,0.379
214000,0.595,0.017,0.388
214500,0.595,0.022,0.383
215000,0.611,0.018,0.370
215500,0.615,0.020,0.365
216000,0.607,0.021,0.372
216500,0.622,0.022,0.356
217000,0.621,0.021,0.358
217500,0.618,0.015,0.367
218000,0.623,0.014,0.363
218500,0.616,0.014,0.370
219000,0.616,0.016,0.368
219500,0.636,0.017,0.347
220000,0.637,0.012,0.351
220500,0.633,0.014,0.353
221000,0.624,0.013,0.363
221500,0.625,0.018,0.357
222000,0.635,0.015,0.350
222500,0.634,0.022,0.344
223000,0.632,0.024,0.344
223500,0.638,0.019,0.343
224000,0.634,0.014,0.352
224500,0.635,0.009,0.356
225000,0.648,0.006,0.346
225500,0.648,0.007,0.345
226000,0.653,0.007,0.340
226500,0.650,0.013,0.337
227000,0.654,0.009,0.337
227500,0.658,0.012,0.330
228000,0.642,0.014,0.344
228500,0.655,0.013,0.332
229000,0.661,0.013,0.326
229500,0.656,0.009,0.335
230000,0.665,0.008,0.327
230500,0.667,0.013,0.320
231000,0.673,0.015,0.312
231500,0.660,0.009,0.330
232000,0.675,0.012,0.313
232500,0.683,0.015,0.302
233000,0.685,0.013,0.301
233500,0.679,0.008,0.313
234000,0.687,0.013,0.300
234500,0.682,0.011,0.307
235000,0.692,0.011,0.297
235500,0.688,0.007,0.305
236000,0.680,0.008,0.312
236500,0.666,0.011,0.322
237000,0.682,0.009,0.308
237500,0.678,0.006,0.315
238000,0.673,0.010,0.317
238500,0.686,0.011,0.302
239000,0.696,0.010,0.294
239500,0.686,0.008,0.306
240000,0.678,0.009,0.313
240500,0.681,0.005,0.314
241000,0.685,0.006,0.308
241500,0.687,0.007,0.305
242000,0.696,0.009,0.295
242500,0.700,0.007,0.293
243000,0.706,0.006,0.288
243500,0.710,0.004,0.287
244000,0.705,0.007,0.288
244500,0.704,0.009,0.287
245000,0.706,0.007,0.287
245500,0.691,0.008,0.301
246000,0.688,0.006,0.306
246500,0.700,0.005,0.295
247000,0.699,0.005,0.296
247500,0.697,0.006,0.297
248000,0.697,0.005,0.298
248500,0.692,0.005,0.303
249000,0.692,0.004,0.305
249500,0.686,0.009,0.305
250000,0.696,0.012,0.292
250500,0.692,0.013,0.296
251000,0.694,0.011,0.295
251500,0.700,0.015,0.285
252000,0.692,0.015,0.294
252500,0.672,0.018,0.309
253000,0.665,0.013,0.322
253500,0.680,0.010,0.309
254000,0.666,0.006,0.327
254500,0.657,0.005,0.338
255000,0.672,0.004,0.324
255500,0.670,0.009,0.320
256000,0.668,0.009,0.323
256500,0.661,0.011,0.328
257000,0.648,0.013,0.339
257500,0.639,0.009,0.352
258000,0.639,0.014,0.347
258500,0.653,0.012,0.335
259000,0.646,0.015,0.339
259500,0.651,0.017,0.332
260000,0.641,0.018,0.341
260500,0.640,0.015,0.345
261000,0.635,0.013,0.352
261500,0.652,0.010,0.338
262000,0.666,0.010,0.324
262500,0.661,0.007,0.332
263000,0.646,0.011,0.343
263500,0.643,0.009,0.347
264000,0.645,0.008,0.347
264500,0.647,0.008,0.345
265000,0.644,0.007,0.348
265500,0.647,0.009,0.343
266000,0.653,0.009,0.337
266500,0.647,0.009,0.343
267000,0.661,0.009,0.329
267500,0.659,0.009,0.331
268000,0.672,0.011,0.316
268500,0.675,0.008,0.317
269000,0.669,0.011,0.320
269500,0.667,0.005,0.328
270000,0.662,0.014,0.324
270500,0.659,0.011,0.329
271000,0.668,0.006,0.326
271500,0.651,0.010,0.339
272000,0.661,0.014,0.325
272500,0.669,0.011,0.319
273000,0.663,0.009,0.328
273500,0.679,0.007,0.313
274000,0.698,0.007,0.295
274500,0.692,0.009,0.299
275000,0.680,0.008,0.311
275500,0.660,0.004,0.336
276000,0.666,0.006,0.328
276500,0.669,0.006,0.324
277000,0.686,0.009,0.305
277500,0.680,0.009,0.310
278000,0.691,0.006,0.303
278500,0.700,0.003,0.298
279000,0.713,0.003,0.284
279500,0.716,0.003,0.282
280000,0.734,0.006,0.260
280500,0.726,0.006,0.268
281000,0.710,0.007,0.283
281500,0.690,0.003,0.307
282000,0.684,0.004,0.312
282500,0.677,0.002,0.321
283000,0.674,0.004,0.322
283500,0.663,0.003,0.334
284000,0.673,0.004,0.323
284500,0.671,0.006,0.322
285000,0.667,0.007,0.325
285500,0.680,0.007,0.312
286000,0.675,0.007,0.318
286500,0.690,0.007,0.303
287000,0.686,0.010,0.303
287500,0.667,0.012,0.321
288000,0.651,0.015,0.334
288500,0.658,0.017,0.325
289000,0.653,0.015,0.332
289500,0.646,0.013,0.340
290000,0.659,0.015,0.325
290500,0.657,0.018,0.324
291000,0.665,0.015,0.320
291500,0.656,0.013,0.331
292000,0.652,0.011,0.336
292500,0.655,0.012,0.333
293000,0.659,0.011,0.329
293500,0.665,0.017,0.318
294000,0.667,0.012,0.321
294500,0.669,0.013,0.318
295000,0.689,0.013,0.298
295500,0.682,0.015,0.303
296000,0.682,0.013,0.304
296500,0.673,0.017,0.310
297000,0.669,0.022,0.308
297500,0.656,0.020,0.324
298000,0.641,0.017,0.342
298500,0.645,0.013,0.341
299000,0.662,0.011,0.327
299500,0.659,0.011,0.330
300000,0.670,0.015,0.315
300500,0.668,0.015,0.317
301000,0.667,0.015,0.318
301500,0.668,0.010,0.322
302000,0.663,0.008,0.329
302500,0.667,0.007,0.326
303000,0.675,0.009,0.316
303500,0.679,0.008,0.313
304000,0.675,0.009,0.315
304500,0.655,0.015,0.329
305000,0.656,0.015,0.329
305500,0.651,0.011,0.338
306000,0.652,0.012,0.336
306500,0.653,0.011,0.335
307000,0.642,0.008,0.350
307500,0.655,0.009,0.335
308000,0.651,0.014,0.335
308500,0.640,0.018,0.342
309000,0.630,0.019,0.350
309500,0.635,0.016,0.349
310000,0.626,0.015,0.359
310500,0.623,0.015,0.361
311000,0.629,0.022,0.348
311500,0.629,0.025,0.346
312000,0.617,0.020,0.363
312500,0.615,0.017,0.368
313000,0.616,0.022,0.361
313500,0.635,0.018,0.346
314000,0.644,0.018,0.337
314500,0.653,0.018,0.329
315000,0.644,0.015,0.341
315500,0.656,0.013,0.331
316000,0.634,0.015,0.350
316500,0.634,0.012,0.354
317000,0.630,0.009,0.361
317500,0.627,0.013,0.360
318000,0.622,0.017,0.361
318500,0.637,0.017,0.346
319000,0.637,0.018,0.344
319500,0.626,0.018,0.356
320000,0.620,0.021,0.359
320500,0.609,0.023,0.368
321000,0.620,0.019,0.361
321500,0.619,0.017,0.365
322000,0.615,0.013,0.372
322500,0.622,0.014,0.364
323000,0.626,0.016,0.358
323500,0.619,0.014,0.367
324000,0.636,0.014,0.350
324500,0.640,0.013,0.347
325000,0.645,0.010,0.345
325500,0.653,0.009,0.337
326000,0.654,0.011,0.335
326500,0.665,0.006,0.329
327000,0.662,0.012,0.326
327500,0.659,0.013,0.328
328000,0.636,0.013,0.350
328500,0.633,0.018,0.349
329000,0.631,0.011,0.358
329500,0.630,0.015,0.355
330000,0.638,0.015,0.347
330500,0.663,0.012,0.325
331000,0.645,0.015,0.340
331500,0.647,0.016,0.337
332000,0.652,0.016,0.332
332500,0.671,0.014,0.315
333000,0.669,0.013,0.318
333500,0.659,0.015,0.326
334000,0.650,0.013,0.336
334500,0.654,0.014,0.332
335000,0.660,0.011,0.329
335500,0.662,0.011,0.326
336000,0.666,0.015,0.318
336500,0.671,0.011,0.317
337000,0.658,0.013,0.328
337500,0.658,0.011,0.331
338000,0.655,0.015,0.329
338500,0.647,0.013,0.339
339000,0.647,0.012,0.341
339500,0.650,0.014,0.336
340000,0.654,0.013,0.333
340500,0.657,0.010,0.333
341000,0.648,0.011,0.341
341500,0.646,0.011,0.342
342000,0.665,0.009,0.326
342500,0.661,0.009,0.329
343000,0.664,0.009,0.326
343500,0.657,0.006,0.336
344000,0.657,0.012,0.331
344500,0.676,0.013,0.311
345000,0.680,0.015,0.305
345500,0.657,0.015,0.328
346000,0.654,0.014,0.332
346500,0.651,0.017,0.332
347000,0.660,0.017,0.323
347500,0.654,0.018,0.328
348000,0.655,0.015,0.330
348500,0.660,0.009,0.330
349000,0.651,0.009,0.339
349500,0.658,0.015,0.327
350000,0.665,0.008,0.327
350500,0.660,0.011,0.329
351000,0.678,0.009,0.313
351500,0.684,0.015,0.300
352000,0.680,0.015,0.305
352500,0.677,0.012,0.311
353000,0.680,0.006,0.313
353500,0.687,0.004,0.309
354000,0.682,0.005,0.312
354500,0.682,0.005,0.312
355000,0.689,0.005,0.306
355500,0.699,0.006,0.295
356000,0.714,0.011,0.275
356500,0.707,0.013,0.280
357000,0.712,0.011,0.277
357500,0.728,0.011,0.262
358000,0.716,0.007,0.277
358500,0.709,0.008,0.283
359000,0.707,0.011,0.283
359500,0.708,0.009,0.283
360000,0.714,0.009,0.277
360500,0.723,0.007,0.270
361000,0.727,0.007,0.266
361500,0.730,0.007,0.263
362000,0.717,0.007,0.276
362500,0.722,0.006,0.272
363000,0.712,0.004,0.284
363500,0.695,0.006,0.299
364000,0.699,0.006,0.295
364500,0.719,0.004,0.277
365000,0.711,0.004,0.286
365500,0.700,0.005,0.295
366000,0.698,0.005,0.297
366500,0.717,0.005,0.278
367000,0.729,0.007,0.264
367500,0.750,0.002,0.248
368000,0.739,0.003,0.258
368500,0.743,0.006,0.251
369000,0.750,0.006,0.244
369500,0.768,0.003,0.229
370000,0.754,0.005,0.241
370500,0.741,0.004,0.256
371000,0.729,0.002,0.270
371500,0.741,0.004,0.255
372000,0.728,0.006,0.266
372500,0.721,0.007,0.272
373000,0.709,0.004,0.287
373500,0.722,0.003,0.276
374000,0.729,0.002,0.270
374500,0.723,0.004,0.274
375000,0.719,0.003,0.278
375500,0.717,0.005,0.278
376000,0.710,0.004,0.286
376500,0.708,0.003,0.289
377000,0.705,0.005,0.290
377500,0.684,0.005,0.310
378000,0.688,0.008,0.304
378500,0.684,0.009,0.306
379000,0.697,0.013,0.291
379500,0.699,0.011,0.290
380000,0.684,0.011,0.304
380500,0.681,0.015,0.304
381000,0.672,0.017,0.311
381500,0.678,0.016,0.305
382000,0.669,0.017,0.314
382500,0.667,0.019,0.313
383000,0.655,0.019,0.325
383500,0.665,0.019,0.316
384000,0.670,0.017,0.312
384500,0.685,0.011,0.303
385000,0.685,0.006,0.308
385500,0.675,0.011,0.313
386000,0.668,0.006,0.325
386500,0.659,0.007,0.333
387000,0.670,0.010,0.320
387500,0.666,0.011,0.323
388000,0.660,0.009,0.331
388500,0.668,0.011,0.320
389000,0.682,0.010,0.308
389500,0.688,0.013,0.300
390000,0.692,0.014,0.294
390500,0.684,0.009,0.306
391000,0.676,0.012,0.312
391500,0.669,0.009,0.321
392000,0.682,0.005,0.312
392500,0.685,0.006,0.308
393000,0.689,0.006,0.305
393500,0.678,0.009,0.313
394000,0.679,0.011,0.310
394500,0.665,0.013,0.322
395000,0.652,0.013,0.335
395500,0.662,0.010,0.328
396000,0.653,0.011,0.335
396500,0.642,0.009,0.348
397000,0.648,0.011,0.341
397500,0.656,0.009,0.335
398000,0.671,0.009,0.320
398500,0.671,0.009,0.319
399000,0.663,0.009,0.328
399500,0.664,0.007,0.328
400000,0.654,0.011,0.335
400500,0.664,0.010,0.326
401000,0.653,0.011,0.335
401500,0.653,0.012,0.335
402000,0.644,0.009,0.346
402500,0.660,0.009,0.331
403000,0.662,0.013,0.325
403500,0.662,0.015,0.323
404000,0.674,0.011,0.315
404500,0.686,0.011,0.303
405000,0.696,0.015,0.289
405500,0.689,0.015,0.296
406000,0.668,0.015,0.317
406500,0.662,0.013,0.325
407000,0.675,0.014,0.310
407500,0.668,0.011,0.321
408000,0.667,0.011,0.322
408500,0.650,0.013,0.337
409000,0.663,0.011,0.326
409500,0.668,0.011,0.321
410000,0.676,0.011,0.312
410500,0.682,0.013,0.304
411000,0.670,0.011,0.319
411500,0.666,0.009,0.324
412000,0.668,0.016,0.316
412500,0.654,0.015,0.331
413000,0.654,0.014,0.332
413500,0.654,0.011,0.334
414000,0.644,0.011,0.345
414500,0.633,0.011,0.356
415000,0.624,0.015,0.362
415500,0.635,0.018,0.347
416000,0.644,0.013,0.343
416500,0.640,0.013,0.347
417000,0.628,0.011,0.360
417500,0.628,0.015,0.357
418000,0.638,0.013,0.349
418500,0.648,0.011,0.340
419000,0.665,0.011,0.324
419500,0.659,0.011,0.329
420000,0.660,0.011,0.329
420500,0.671,0.011,0.318
421000,0.684,0.007,0.308
421500,0.682,0.006,0.311
422000,0.688,0.009,0.304
422500,0.675,0.004,0.321
423000,0.671,0.004,0.325
423500,0.677,0.004,0.318
424000,0.679,0.004,0.317
424500,0.694,0.003,0.304
425000,0.678,0.008,0.314
425500,0.692,0.010,0.298
426000,0.711,0.005,0.284
426500,0.694,0.006,0.300
427000,0.699,0.003,0.298
427500,0.692,0.005,0.303
428000,0.704,0.007,0.289
428500,0.704,0.009,0.287
429000,0.689,0.012,0.299
429500,0.691,0.017,0.293
430000,0.686,0.018,0.296
430500,0.668,0.018,0.314
431000,0.651,0.015,0.334
431500,0.647,0.013,0.340
432000,0.656,0.009,0.335
432500,0.655,0.011,0.334
433000,0.653,0.011,0.336
433500,0.652,0.008,0.340
434000,0.674,0.008,0.318
434500,0.665,0.009,0.326
435000,0.652,0.009,0.338
435500,0.660,0.010,0.330
436000,0.662,0.008,0.330
436500,0.662,0.007,0.331
437000,0.659,0.009,0.332
437500,0.642,0.018,0.340
438000,0.628,0.018,0.353
438500,0.639,0.022,0.339
439000,0.653,0.022,0.324
439500,0.648,0.026,0.325
440000,0.645,0.022,0.333
440500,0.655,0.018,0.326
441000,0.649,0.022,0.329
441500,0.641,0.017,0.342
442000,0.660,0.017,0.323
442500,0.663,0.009,0.327
443000,0.671,0.009,0.319
443500,0.658,0.011,0.330
444000,0.671,0.013,0.316
444500,0.671,0.011,0.317
445000,0.672,0.012,0.316
445500,0.668,0.010,0.322
446000,0.649,0.011,0.340
446500,0.652,0.012,0.336
447000,0.656,0.018,0.325
447500,0.654,0.018,0.327
448000,0.644,0.016,0.340
448500,0.642,0.014,0.344
449000,0.643,0.013,0.344
449500,0.653,0.015,0.332
450000,0.646,0.013,0.341
450500,0.629,0.018,0.352
451000,0.637,0.014,0.349
451500,0.623,0.014,0.363
452000,0.629,0.009,0.362
452500,0.625,0.011,0.364
453000,0.625,0.014,0.361
453500,0.634,0.013,0.353
454000,0.631,0.017,0.352
454500,0.633,0.015,0.351
455000,0.618,0.017,0.366
455500,0.628,0.020,0.352
456000,0.643,0.018,0.339
456500,0.634,0.020,0.346
457000,0.634,0.019,0.346
457500,0.629,0.018,0.353
458000,0.633,0.016,0.351
458500,0.633,0.017,0.350
459000,0.622,0.019,0.359
459500,0.626,0.019,0.354
460000,0.649,0.017,0.334
460500,0.653,0.016,0.331
461000,0.656,0.011,0.333
461500,0.676,0.013,0.311
462000,0.677,0.009,0.314
462500,0.698,0.008,0.294
463000,0.695,0.008,0.297
463500,0.692,0.009,0.299
464000,0.698,0.009,0.293
464500,0.694,0.008,0.298
465000,0.700,0.009,0.291
465500,0.711,0.005,0.284
466000,0.710,0.006,0.284
466500,0.720,0.004,0.277
467000,0.726,0.003,0.271
467500,0.722,0.004,0.274
468000,0.720,0.002,0.278
468500,0.733,0.002,0.265
469000,0.728,0.002,0.270
469500,0.729,0.002,0.269
470000,0.738,0.002,0.260
470500,0.730,0.004,0.267
471000,0.731,0.004,0.266
471500,0.730,0.004,0.266
472000,0.720,0.005,0.275
472500,0.719,0.007,0.274
473000,0.718,0.005,0.277
473500,0.717,0.009,0.275
474000,0.741,0.006,0.253
474500,0.741,0.008,0.251
475000,0.734,0.007,0.259
475500,0.730,0.005,0.265
476000,0.719,0.006,0.275
476500,0.716,0.008,0.276
477000,0.697,0.008,0.295
477500,0.676,0.011,0.312
478000,0.681,0.014,0.305
478500,0.669,0.016,0.315
479000,0.659,0.014,0.327
479500,0.652,0.018,0.330
480000,0.658,0.011,0.331
480500,0.636,0.011,0.353
481000,0.623,0.012,0.365
481500,0.636,0.010,0.354
482000,0.644,0.015,0.341
482500,0.663,0.012,0.325
483000,0.669,0.011,0.320
483500,0.676,0.008,0.316
484000,0.672,0.008,0.320
484500,0.681,0.009,0.310
485000,0.681,0.013,0.306
485500,0.669,0.013,0.318
486000,0.669,0.012,0.319
486500,0.672,0.011,0.317
487000,0.667,0.014,0.319
487500,0.678,0.010,0.311
488000,0.664,0.009,0.327
488500,0.656,0.011,0.332
489000,0.672,0.009,0.318
489500,0.672,0.009,0.319
490000,0.659,0.010,0.331
490500,0.642,0.009,0.348
491000,0.637,0.009,0.354
491500,0.628,0.009,0.362
492000,0.623,0.010,0.367
492500,0.627,0.010,0.363
493000,0.612,0.012,0.376
493500,0.621,0.011,0.368
494000,0.624,0.011,0.365
494500,0.646,0.009,0.345
495000,0.647,0.007,0.345
495500,0.662,0.007,0.330
496000,0.669,0.007,0.323
496500,0.678,0.006,0.315
497000,0.684,0.007,0.308
497500,0.678,0.009,0.313
498000,0.687,0.012,0.301
498500,0.667,0.014,0.319
499000,0.663,0.010,0.327
499500,0.670,0.011,0.319
500000,0.654,0.008,0.338
500500,0.646,0.007,0.347
501000,0.663,0.006,0.330
501500,0.667,0.013,0.320
502000,0.653,0.015,0.332
502500,0.655,0.012,0.333
503000,0.664,0.009,0.326
503500,0.674,0.009,0.316
504000,0.663,0.009,0.327
504500,0.666,0.007,0.326
505000,0.647,0.007,0.345
505500,0.637,0.006,0.357
506000,0.626,0.009,0.364
506500,0.611,0.014,0.375
507000,0.626,0.013,0.361
507500,0.617,0.015,0.367
508000,0.615,0.016,0.369
508500,0.606,0.015,0.379
509000,0.602,0.017,0.381
509500,0.603,0.015,0.382
510000,0.600,0.015,0.386
510500,0.600,0.015,0.385
511000,0.595,0.018,0.387
511500,0.587,0.018,0.396
512000,0.593,0.018,0.389
512500,0.578,0.016,0.406
513000,0.584,0.020,0.396
513500,0.569,0.024,0.407
514000,0.552,0.018,0.429
514500,0.574,0.019,0.407
515000,0.588,0.022,0.390
515500,0.579,0.021,0.400
516000,0.568,0.022,0.410
516500,0.583,0.025,0.392
517000,0.583,0.021,0.397
517500,0.579,0.018,0.403
518000,0.592,0.017,0.392
518500,0.578,0.022,0.400
519000,0.577,0.015,0.408
519500,0.573,0.018,0.409
520000,0.591,0.019,0.390
520500,0.615,0.018,0.367
521000,0.614,0.029,0.357
521500,0.593,0.023,0.384
522000,0.587,0.016,0.397
522500,0.599,0.017,0.385
523000,0.602,0.028,0.370
523500,0.596,0.022,0.382
524000,0.604,0.014,0.382
524500,0.621,0.014,0.365
525000,0.625,0.014,0.361
525500,0.621,0.008,0.371
526000,0.636,0.013,0.351
526500,0.648,0.012,0.340
527000,0.647,0.011,0.342
527500,0.646,0.012,0.342
528000,0.652,0.013,0.335
528500,0.664,0.015,0.320
529000,0.651,0.019,0.329
529500,0.654,0.014,0.332
530000,0.643,0.013,0.344
530500,0.658,0.013,0.329
531000,0.661,0.013,0.326
531500,0.661,0.010,0.329
532000,0.665,0.009,0.325
532500,0.669,0.006,0.325
533000,0.660,0.006,0.334
533500,0.665,0.011,0.324
534000,0.641,0.019,0.340
534500,0.643,0.018,0.338
535000,0.645,0.022,0.333
535500,0.643,0.026,0.330
536000,0.629,0.019,0.351
536500,0.634,0.015,0.351
537000,0.647,0.012,0.341
537500,0.650,0.016,0.334
538000,0.655,0.015,0.330
538500,0.659,0.013,0.328
539000,0.661,0.014,0.325
539500,0.650,0.018,0.332
540000,0.646,0.017,0.337
540500,0.642,0.017,0.341
541000,0.651,0.014,0.335
541500,0.661,0.014,0.325
542000,0.657,0.014,0.329
542500,0.656,0.011,0.332
543000,0.651,0.013,0.336
543500,0.654,0.015,0.331
544000,0.650,0.013,0.336
544500,0.623,0.012,0.365
545000,0.628,0.010,0.362
545500,0.624,0.011,0.365
546000,0.632,0.011,0.356
546500,0.629,0.013,0.357
547000,0.636,0.015,0.349
547500,0.623,0.018,0.359
548000,0.634,0.023,0.343
548500,0.630,0.021,0.348
549000,0.615,0.021,0.364
549500,0.615,0.024,0.362
550000,0.628,0.024,0.348
550500,0.631,0.026,0.342
551000,0.634,0.021,0.344
551500,0.635,0.021,0.343
552000,0.629,0.019,0.351
552500,0.621,0.017,0.362
553000,0.625,0.019,0.355
553500,0.636,0.019,0.344
554000,0.637,0.022,0.341
554500,0.653,0.017,0.330
555000,0.651,0.013,0.335
555500,0.662,0.008,0.330
556000,0.650,0.007,0.343
556500,0.654,0.006,0.339
557000,0.679,0.010,0.311
557500,0.688,0.011,0.301
558000,0.689,0.007,0.304
558500,0.680,0.006,0.313
559000,0.684,0.007,0.308
559500,0.682,0.009,0.309
560000,0.668,0.007,0.325
560500,0.664,0.006,0.329
561000,0.643,0.004,0.353
561500,0.638,0.005,0.356
562000,0.631,0.009,0.360
562500,0.640,0.011,0.349
563000,0.635,0.012,0.353
563500,0.640,0.012,0.348
564000,0.633,0.009,0.357
564500,0.636,0.011,0.353
565000,0.651,0.009,0.340
565500,0.649,0.009,0.341
566000,0.663,0.009,0.328
566500,0.665,0.009,0.326
567000,0.669,0.010,0.321
567500,0.669,0.006,0.325
568000,0.688,0.009,0.303
568500,0.684,0.011,0.305
569000,0.692,0.011,0.297
569500,0.689,0.011,0.300
570000,0.676,0.009,0.314
570500,0.679,0.009,0.312
571000,0.681,0.005,0.313
571500,0.669,0.009,0.321
572000,0.664,0.011,0.325
572500,0.660,0.015,0.325
573000,0.667,0.011,0.322
573500,0.673,0.008,0.319
574000,0.684,0.011,0.304
574500,0.684,0.009,0.306
575000,0.678,0.012,0.310
575500,0.667,0.013,0.320
576000,0.676,0.014,0.310
576500,0.690,0.010,0.300
577000,0.702,0.010,0.288
577500,0.707,0.007,0.286
578000,0.711,0.006,0.283
578500,0.716,0.009,0.275
579000,0.723,0.009,0.268
579500,0.708,0.009,0.283
580000,0.706,0.009,0.286
580500,0.707,0.004,0.290
581000,0.700,0.003,0.297
581500,0.691,0.004,0.306
582000,0.703,0.007,0.290
582500,0.693,0.005,0.302
583000,0.684,0.007,0.308
583500,0.688,0.006,0.306
584000,0.707,0.010,0.283
584500,0.712,0.006,0.282
585000,0.700,0.004,0.297
585500,0.703,0.011,0.287
586000,0.718,0.013,0.270
586500,0.721,0.011,0.268
587000,0.716,0.010,0.274
587500,0.723,0.009,0.268
588000,0.717,0.007,0.276
588500,0.722,0.006,0.272
589000,0.719,0.007,0.274
589500,0.730,0.007,0.263
590000,0.728,0.005,0.267
590500,0.722,0.005,0.273
591000,0.708,0.007,0.285
591500,0.705,0.007,0.288
592000,0.716,0.007,0.277
592500,0.715,0.006,0.279
593000,0.695,0.007,0.298
593500,0.673,0.006,0.320
594000,0.678,0.005,0.317
594500,0.691,0.010,0.299
595000,0.668,0.010,0.322
595500,0.662,0.007,0.330
596000,0.651,0.011,0.338
596500,0.646,0.011,0.343
597000,0.637,0.013,0.350
597500,0.640,0.016,0.344
598000,0.640,0.015,0.345
598500,0.654,0.011,0.334
599000,0.659,0.010,0.331
599500,0.651,0.009,0.340
600000,0.671,0.011,0.317
600500,0.681,0.008,0.310
601000,0.695,0.006,0.299
601500,0.699,0.005,0.296
602000,0.693,0.004,0.303
602500,0.684,0.004,0.311
603000,0.684,0.006,0.309
603500,0.685,0.005,0.310
604000,0.688,0.011,0.302
604500,0.685,0.011,0.304
605000,0.685,0.013,0.301
605500,0.674,0.012,0.314
606000,0.674,0.011,0.314
606500,0.669,0.009,0.322
607000,0.671,0.007,0.321
607500,0.678,0.006,0.316
608000,0.675,0.007,0.318
608500,0.693,0.006,0.301
609000,0.699,0.005,0.296
609500,0.700,0.006,0.294
610000,0.703,0.005,0.292
610500,0.710,0.005,0.285
611000,0.708,0.005,0.287
611500,0.711,0.005,0.284
612000,0.729,0.005,0.266
612500,0.728,0.004,0.268
613000,0.729,0.008,0.263
613500,0.742,0.007,0.251
614000,0.732,0.006,0.262
614500,0.731,0.005,0.264
615000,0.746,0.005,0.249
615500,0.747,0.007,0.245
616000,0.754,0.007,0.239
616500,0.764,0.005,0.230
617000,0.755,0.002,0.243
617500,0.733,0.001,0.267
618000,0.730,0.004,0.267
618500,0.730,0.004,0.266
619000,0.736,0.005,0.259
619500,0.753,0.007,0.240
620000,0.749,0.005,0.245
620500,0.745,0.007,0.248
621000,0.748,0.004,0.248
621500,0.742,0.002,0.257
622000,0.742,0.001,0.257
622500,0.745,0.002,0.254
623000,0.739,0.005,0.256
623500,0.738,0.004,0.258
624000,0.736,0.004,0.261
624500,0.739,0.005,0.256
625000,0.752,0.006,0.241
625500,0.750,0.006,0.243
626000,0.755,0.009,0.236
626500,0.745,0.006,0.249
627000,0.747,0.009,0.245
627500,0.744,0.007,0.249
628000,0.750,0.005,0.244
628500,0.760,0.006,0.233
629000,0.767,0.004,0.229
629500,0.761,0.004,0.234
630000,0.758,0.005,0.236
630500,0.742,0.004,0.255
631000,0.749,0.004,0.248
631500,0.746,0.006,0.248
632000,0.737,0.004,0.259
632500,0.732,0.003,0.265
633000,0.746,0.006,0.248
633500,0.741,0.006,0.253
634000,0.733,0.002,0.266
634500,0.737,0.002,0.261
635000,0.740,0.003,0.258
635500,0.764,0.004,0.231
636000,0.764,0.004,0.231
636500,0.776,0.003,0.221
637000,0.776,0.002,0.222
637500,0.779,0.002,0.219
638000,0.767,0.003,0.230
638500,0.764,0.001,0.235
639000,0.753,0.002,0.245
639500,0.747,0.003,0.250
640000,0.740,0.003,0.257
640500,0.731,0.004,0.266
641000,0.726,0.006,0.268
641500,0.721,0.006,0.273
642000,0.730,0.004,0.266
642500,0.727,0.006,0.267
643000,0.706,0.006,0.288
643500,0.715,0.005,0.280
644000,0.711,0.009,0.280
644500,0.706,0.006,0.288
645000,0.714,0.004,0.282
645500,0.707,0.003,0.290
646000,0.720,0.007,0.273
646500,0.720,0.008,0.272
647000,0.723,0.011,0.266
647500,0.721,0.010,0.269
648000,0.717,0.009,0.274
648500,0.719,0.008,0.273
649000,0.713,0.008,0.279
649500,0.702,0.006,0.292
650000,0.712,0.005,0.283
650500,0.710,0.005,0.285
651000,0.710,0.005,0.285
651500,0.722,0.004,0.274
652000,0.726,0.004,0.270
652500,0.725,0.002,0.274
653000,0.726,0.001,0.273
653500,0.743,0.002,0.255
654000,0.750,0.004,0.245
654500,0.752,0.004,0.243
655000,0.751,0.005,0.244
655500,0.745,0.004,0.251
656000,0.741,0.003,0.256
656500,0.737,0.004,0.260
657000,0.738,0.005,0.257
657500,0.728,0.009,0.263
658000,0.729,0.009,0.263
658500,0.716,0.006,0.278
659000,0.721,0.005,0.274
659500,0.730,0.005,0.265
660000,0.728,0.004,0.269
660500,0.730,0.005,0.265
661000,0.739,0.004,0.257
661500,0.739,0.002,0.260
662000,0.748,0.003,0.249
662500,0.768,0.002,0.230
663000,0.768,0.001,0.231
663500,0.758,0.001,0.241
664000,0.762,0.001,0.237
664500,0.750,0.002,0.248
665000,0.740,0.000,0.260
665500,0.745,0.002,0.254
666000,0.735,0.003,0.262
666500,0.741,0.006,0.253
667000,0.731,0.004,0.265
667500,0.734,0.004,0.262
668000,0.722,0.009,0.270
668500,0.705,0.006,0.289
669000,0.698,0.004,0.298
669500,0.710,0.004,0.287
670000,0.715,0.003,0.282
670500,0.722,0.005,0.273
671000,0.735,0.006,0.259
671500,0.750,0.006,0.243
672000,0.752,0.013,0.235
672500,0.740,0.012,0.248
673000,0.738,0.009,0.253
673500,0.735,0.007,0.258
674000,0.736,0.009,0.256
674500,0.731,0.006,0.263
675000,0.727,0.004,0.269
675500,0.740,0.006,0.254
676000,0.738,0.007,0.255
676500,0.725,0.005,0.270
677000,0.720,0.003,0.277
677500,0.723,0.002,0.276
678000,0.729,0.003,0.268
678500,0.727,0.005,0.268
679000,0.723,0.004,0.273
679500,0.719,0.011,0.271
680000,0.717,0.009,0.274
680500,0.708,0.009,0.283
681000,0.715,0.013,0.273
681500,0.713,0.011,0.276
682000,0.689,0.009,0.303
682500,0.675,0.009,0.315
683000,0.676,0.009,0.315
683500,0.670,0.008,0.322
684000,0.666,0.009,0.324
684500,0.679,0.009,0.312
685000,0.672,0.008,0.320
685500,0.674,0.009,0.317
686000,0.678,0.007,0.314
686500,0.680,0.007,0.312
687000,0.677,0.010,0.312
687500,0.681,0.007,0.312
688000,0.682,0.006,0.311
688500,0.676,0.007,0.317
689000,0.675,0.009,0.315
689500,0.679,0.007,0.313
690000,0.675,0.007,0.317
690500,0.676,0.009,0.315
691000,0.669,0.008,0.323
691500,0.676,0.011,0.313
692000,0.666,0.011,0.322
692500,0.667,0.009,0.324
693000,0.667,0.010,0.323
693500,0.674,0.009,0.317
694000,0.659,0.010,0.331
694500,0.658,0.007,0.335
695000,0.656,0.007,0.337
695500,0.667,0.010,0.323
696000,0.675,0.013,0.312
696500,0.674,0.011,0.315
697000,0.674,0.013,0.313
697500,0.690,0.010,0.300
698000,0.693,0.009,0.298
698500,0.709,0.007,0.284
699000,0.713,0.005,0.282
699500,0.699,0.006,0.295
700000,0.703,0.003,0.294
700500,0.704,0.005,0.291
701000,0.715,0.006,0.279
701500,0.720,0.005,0.275
702000,0.706,0.004,0.291
702500,0.703,0.006,0.291
703000,0.705,0.008,0.287
703500,0.717,0.009,0.274
704000,0.709,0.011,0.280
704500,0.716,0.009,0.276
705000,0.698,0.011,0.292
705500,0.689,0.007,0.304
706000,0.685,0.008,0.306
706500,0.702,0.009,0.289
707000,0.702,0.009,0.290
707500,0.696,0.008,0.296
708000,0.705,0.005,0.290
708500,0.706,0.004,0.290
709000,0.723,0.005,0.272
709500,0.720,0.006,0.274
710000,0.705,0.007,0.288
710500,0.704,0.009,0.288
711000,0.695,0.012,0.293
711500,0.692,0.013,0.295
712000,0.695,0.011,0.294
712500,0.689,0.011,0.301
713000,0.698,0.009,0.293
713500,0.694,0.010,0.296
714000,0.678,0.007,0.314
714500,0.684,0.004,0.311
715000,0.683,0.006,0.310
715500,0.673,0.007,0.320
716000,0.681,0.005,0.314
716500,0.674,0.006,0.319
717000,0.670,0.004,0.325
717500,0.666,0.005,0.329
718000,0.691,0.007,0.302
718500,0.683,0.009,0.307
719000,0.669,0.009,0.322
719500,0.654,0.013,0.333
720000,0.663,0.008,0.329
720500,0.656,0.011,0.332
721000,0.670,0.013,0.317
721500,0.661,0.013,0.325
722000,0.660,0.013,0.327
722500,0.645,0.011,0.344
723000,0.640,0.009,0.351
723500,0.622,0.008,0.370
724000,0.624,0.011,0.365
724500,0.624,0.013,0.364
725000,0.625,0.016,0.359
725500,0.627,0.018,0.355
726000,0.629,0.019,0.352
726500,0.631,0.015,0.354
727000,0.618,0.015,0.366
727500,0.630,0.016,0.354
728000,0.622,0.015,0.363
728500,0.611,0.018,0.372
729000,0.620,0.021,0.360
729500,0.605,0.023,0.372
730000,0.607,0.024,0.369
730500,0.610,0.025,0.366
731000,0.626,0.025,0.349
731500,0.623,0.021,0.356
732000,0.610,0.018,0.371
732500,0.594,0.015,0.391
733000,0.594,0.017,0.390
733500,0.594,0.018,0.389
734000,0.601,0.018,0.381
734500,0.606,0.015,0.379
735000,0.605,0.017,0.379
735500,0.627,0.013,0.359
736000,0.630,0.013,0.356
736500,0.634,0.021,0.345
737000,0.630,0.025,0.345
737500,0.626,0.024,0.350
738000,0.621,0.019,0.359
738500,0.621,0.026,0.353
739000,0.616,0.021,0.363
739500,0.624,0.013,0.363
740000,0.617,0.015,0.368
740500,0.622,0.014,0.364
741000,0.631,0.017,0.352
741500,0.623,0.023,0.354
742000,0.635,0.018,0.347
742500,0.639,0.016,0.345
743000,0.645,0.013,0.342
743500,0.653,0.011,0.336
744000,0.643,0.011,0.346
744500,0.645,0.017,0.338
745000,0.648,0.015,0.336
745500,0.638,0.017,0.345
746000,0.633,0.019,0.348
746500,0.649,0.020,0.331
747000,0.641,0.018,0.341
747500,0.639,0.011,0.350
748000,0.645,0.015,0.340
748500,0.652,0.012,0.336
749000,0.647,0.011,0.342
749500,0.649,0.016,0.335
750000,0.649,0.016,0.335
750500,0.652,0.018,0.330
751000,0.639,0.014,0.347
751500,0.650,0.013,0.336
752000,0.652,0.013,0.335
752500,0.643,0.016,0.341
753000,0.663,0.015,0.322
753500,0.662,0.012,0.326
754000,0.658,0.015,0.327
754500,0.646,0.017,0.337
755000,0.652,0.015,0.332
755500,0.652,0.016,0.332
756000,0.652,0.013,0.335
756500,0.655,0.014,0.331
757000,0.651,0.010,0.339
757500,0.633,0.011,0.356
758000,0.637,0.010,0.353
758500,0.638,0.011,0.351
759000,0.643,0.010,0.347
759500,0.648,0.011,0.341
760000,0.639,0.011,0.350
760500,0.631,0.010,0.359
761000,0.637,0.016,0.347
761500,0.641,0.013,0.346
762000,0.637,0.015,0.348
762500,0.643,0.015,0.342
763000,0.631,0.015,0.354
763500,0.636,0.011,0.352
764000,0.638,0.012,0.350
764500,0.636,0.009,0.354
765000,0.636,0.011,0.352
765500,0.633,0.013,0.354
766000,0.638,0.012,0.350
766500,0.650,0.009,0.341
767000,0.656,0.013,0.330
767500,0.660,0.015,0.325
768000,0.664,0.009,0.326
768500,0.676,0.007,0.317
769000,0.695,0.006,0.299
769500,0.701,0.009,0.291
770000,0.694,0.009,0.297
770500,0.686,0.006,0.307
771000,0.671,0.011,0.317
771500,0.687,0.009,0.303
772000,0.689,0.007,0.304
772500,0.692,0.006,0.302
773000,0.683,0.007,0.309
773500,0.692,0.010,0.298
774000,0.708,0.009,0.284
774500,0.695,0.011,0.294
775000,0.695,0.009,0.296
775500,0.685,0.011,0.304
776000,0.673,0.011,0.315
776500,0.685,0.009,0.306
777000,0.702,0.005,0.293
777500,0.692,0.008,0.300
778000,0.696,0.009,0.295
778500,0.712,0.009,0.280
779000,0.711,0.007,0.282
779500,0.710,0.013,0.278
780000,0.706,0.011,0.283
780500,0.706,0.009,0.285
781000,0.699,0.008,0.293
781500,0.701,0.010,0.289
782000,0.699,0.007,0.294
782500,0.696,0.009,0.296
783000,0.708,0.009,0.283
783500,0.698,0.008,0.294
784000,0.687,0.005,0.307
784500,0.688,0.005,0.307
785000,0.672,0.004,0.324
785500,0.677,0.006,0.316
786000,0.669,0.006,0.324
786500,0.661,0.006,0.333
787000,0.662,0.007,0.330
787500,0.654,0.008,0.338
788000,0.663,0.009,0.328
788500,0.661,0.007,0.332
789000,0.653,0.009,0.337
789500,0.649,0.009,0.341
790000,0.649,0.009,0.341
790500,0.661,0.008,0.331
791000,0.676,0.005,0.319
791500,0.657,0.010,0.333
792000,0.659,0.008,0.333
792500,0.664,0.003,0.333
793000,0.655,0.009,0.336
793500,0.659,0.009,0.331
794000,0.673,0.009,0.318
794500,0.680,0.009,0.311
795000,0.684,0.007,0.309
795500,0.696,0.006,0.298
796000,0.694,0.009,0.298
796500,0.691,0.007,0.302
797000,0.693,0.007,0.300
797500,0.696,0.005,0.299
798000,0.688,0.009,0.303
798500,0.693,0.008,0.299
799000,0.691,0.009,0.300
799500,0.686,0.010,0.304
800000,0.685,0.009,0.306
800500,0.692,0.007,0.301
801000,0.691,0.009,0.300
801500,0.698,0.009,0.293
802000,0.701,0.009,0.290
802500,0.707,0.009,0.284
803000,0.698,0.009,0.293
803500,0.711,0.005,0.284
