time,n_A+p,n_B,n_AB
500,0.030,0.925,0.045
1000,0.030,0.912,0.058
1500,0.030,0.889,0.081
2000,0.031,0.863,0.106
2500,0.031,0.823,0.146
3000,0.033,0.783,0.184
3500,0.034,0.772,0.194
4000,0.036,0.719,0.245
4500,0.042,0.668,0.290
5000,0.042,0.616,0.342
5500,0.043,0.590,0.367
6000,0.052,0.558,0.390
6500,0.044,0.533,0.423
7000,0.059,0.518,0.423
7500,0.056,0.473,0.471
8000,0.080,0.468,0.452
8500,0.072,0.481,0.447
9000,0.085,0.481,0.434
9500,0.085,0.468,0.447
10000,0.086,0.435,0.479
10500,0.087,0.425,0.488
11000,0.100,0.380,0.520
11500,0.111,0.375,0.514
12000,0.096,0.380,0.524
12500,0.110,0.384,0.506
13000,0.120,0.366,0.514
13500,0.110,0.367,0.523
14000,0.113,0.368,0.519
14500,0.122,0.332,0.546
15000,0.144,0.304,0.552
15500,0.164,0.288,0.548
16000,0.144,0.266,0.590
16500,0.163,0.263,0.574
17000,0.163,0.256,0.581
17500,0.161,0.256,0.583
18000,0.176,0.253,0.571
18500,0.180,0.264,0.556
19000,0.195,0.251,0.554
19500,0.192,0.237,0.571
20000,0.192,0.224,0.584
20500,0.196,0.218,0.586
21000,0.182,0.215,0.603
21500,0.195,0.219,0.586
22000,0.204,0.203,0.593
22500,0.222,0.204,0.574
23000,0.232,0.188,0.580
23500,0.248,0.178,0.574
24000,0.236,0.179,0.585
24500,0.251,0.198,0.551
25000,0.261,0.175,0.564
25500,0.251,0.186,0.563
26000,0.228,0.176,0.596
26500,0.239,0.176,0.585
27000,0.252,0.174,0.574
27500,0.288,0.149,0.563
28000,0.285,0.158,0.557
28500,0.289,0.149,0.562
29000,0.275,0.129,0.596
29500,0.267,0.108,0.625
30000,0.308,0.124,0.568
30500,0.328,0.140,0.532
31000,0.322,0.092,0.586
31500,0.334,0.091,0.575
32000,0.321,0.086,0.593
32500,0.328,0.081,0.591
33000,0.375,0.075,0.550
33500,0.434,0.061,0.505
34000,0.435,0.059,0.506
34500,0.444,0.060,0.496
35000,0.497,0.056,0.447
35500,0.496,0.040,0.464
36000,0.463,0.038,0.499
36500,0.487,0.044,0.469
37000,0.483,0.039,0.478
37500,0.515,0.051,0.434
38000,0.500,0.053,0.447
38500,0.530,0.043,0.427
39000,0.588,0.039,0.373
39500,0.566,0.045,0.389
40000,0.560,0.034,0.406
40500,0.558,0.023,0.419
41000,0.562,0.025,0.413
41500,0.565,0.027,0.408
42000,0.580,0.027,0.393
42500,0.545,0.013,0.442
43000,0.540,0.019,0.441
43500,0.552,0.039,0.409
44000,0.557,0.038,0.405
44500,0.557,0.034,0.409
45000,0.553,0.026,0.421
45500,0.521,0.034,0.445
46000,0.540,0.035,0.425
46500,0.539,0.040,0.421
47000,0.543,0.047,0.410
47500,0.524,0.040,0.436
48000,0.526,0.037,0.437
48500,0.539,0.032,0.429
49000,0.525,0.027,0.448
49500,0.530,0.026,0.444
50000,0.510,0.033,0.457
50500,0.490,0.031,0.479
51000,0.488,0.026,0.486
51500,0.492,0.030,0.478
52000,0.496,0.031,0.473
52500,0.474,0.040,0.486
53000,0.485,0.038,0.477
53500,0.476,0.028,0.496
54000,0.506,0.037,0.457
54500,0.464,0.036,0.500
55000,0.453,0.056,0.491
55500,0.472,0.052,0.476
56000,0.453,0.045,0.502
56500,0.446,0.051,0.503
57000,0.437,0.049,0.514
57500,0.445,0.046,0.509
58000,0.476,0.027,0.497
58500,0.494,0.031,0.475
59000,0.519,0.044,0.437
59500,0.501,0.045,0.454
60000,0.511,0.039,0.450
60500,0.498,0.046,0.456
61000,0.494,0.025,0.481
61500,0.495,0.044,0.461
62000,0.489,0.030,0.481
62500,0.503,0.039,0.458
63000,0.511,0.061,0.428
63500,0.513,0.038,0.449
64000,0.536,0.030,0.434
64500,0.497,0.040,0.463
65000,0.513,0.045,0.442
65500,0.548,0.042,0.410
66000,0.539,0.037,0.424
66500,0.555,0.040,0.405
67000,0.536,0.033,0.431
67500,0.543,0.018,0.439
68000,0.525,0.028,0.447
68500,0.530,0.026,0.444
69000,0.552,0.033,0.415
69500,0.534,0.028,0.438
70000,0.560,0.026,0.414
70500,0.544,0.016,0.440
71000,0.587,0.026,0.387
71500,0.602,0.025,0.373
72000,0.593,0.016,0.391
72500,0.582,0.017,0.401
73000,0.543,0.024,0.433
73500,0.530,0.018,0.452
74000,0.543,0.022,0.435
74500,0.541,0.030,0.429
75000,0.563,0.032,0.405
75500,0.519,0.032,0.449
76000,0.529,0.033,0.438
76500,0.508,0.034,0.458
77000,0.517,0.039,0.444
77500,0.514,0.031,0.455
78000,0.523,0.027,0.450
78500,0.492,0.034,0.474
79000,0.508,0.024,0.468
79500,0.556,0.027,0.417
80000,0.557,0.028,0.415
80500,0.559,0.033,0.408
81000,0.557,0.043,0.400
81500,0.557,0.025,0.418
82000,0.560,0.026,0.414
82500,0.565,0.029,0.406
83000,0.568,0.026,0.406
83500,0.529,0.028,0.443
84000,0.522,0.031,0.447
84500,0.514,0.036,0.450
85000,0.527,0.031,0.442
85500,0.518,0.033,0.449
86000,0.524,0.035,0.441
86500,0.515,0.032,0.453
87000,0.529,0.028,0.443
87500,0.548,0.020,0.432
88000,0.571,0.017,0.412
88500,0.557,0.017,0.426
89000,0.598,0.016,0.386
89500,0.576,0.019,0.405
90000,0.570,0.014,0.416
90500,0.608,0.022,0.370
91000,0.569,0.025,0.406
91500,0.560,0.011,0.429
92000,0.590,0.008,0.402
92500,0.582,0.008,0.410
93000,0.581,0.017,0.402
93500,0.581,0.023,0.396
94000,0.577,0.018,0.405
94500,0.547,0.022,0.431
95000,0.563,0.021,0.416
95500,0.583,0.025,0.392
96000,0.581,0.031,0.388
96500,0.593,0.029,0.378
97000,0.574,0.025,0.401
97500,0.550,0.032,0.418
98000,0.563,0.033,0.404
98500,0.595,0.028,0.377
99000,0.592,0.015,0.393
99500,0.599,0.011,0.390
100000,0.629,0.015,0.356
100500,0.631,0.013,0.356
101000,0.617,0.008,0.375
101500,0.594,0.013,0.393
102000,0.577,0.016,0.407
102500,0.569,0.029,0.402
103000,0.575,0.028,0.397
103500,0.602,0.016,0.382
104000,0.622,0.011,0.367
104500,0.618,0.010,0.372
105000,0.633,0.012,0.355
105500,0.618,0.008,0.374
106000,0.594,0.010,0.396
106500,0.616,0.018,0.366
107000,0.583,0.021,0.396
107500,0.572,0.022,0.406
108000,0.576,0.015,0.409
108500,0.610,0.027,0.363
109000,0.590,0.017,0.393
109500,0.598,0.015,0.387
110000,0.613,0.027,0.360
110500,0.602,0.014,0.384
111000,0.588,0.012,0.400
111500,0.608,0.008,0.384
112000,0.636,0.016,0.348
112500,0.637,0.017,0.346
113000,0.618,0.013,0.369
113500,0.583,0.015,0.402
114000,0.564,0.025,0.411
114500,0.580,0.019,0.401
115000,0.603,0.025,0.372
115500,0.569,0.021,0.410
116000,0.571,0.022,0.407
116500,0.587,0.017,0.396
117000,0.609,0.017,0.374
117500,0.624,0.017,0.359
118000,0.630,0.020,0.350
118500,0.654,0.008,0.338
119000,0.644,0.015,0.341
119500,0.641,0.019,0.340
120000,0.632,0.012,0.356
120500,0.649,0.012,0.339
121000,0.642,0.008,0.350
121500,0.647,0.011,0.342
122000,0.624,0.009,0.367
122500,0.635,0.012,0.353
123000,0.662,0.010,0.328
123500,0.677,0.013,0.310
124000,0.689,0.006,0.305
124500,0.697,0.003,0.300
125000,0.707,0.005,0.288
125500,0.686,0.005,0.309
126000,0.656,0.008,0.336
126500,0.659,0.008,0.333
127000,0.642,0.007,0.351
127500,0.614,0.010,0.376
128000,0.592,0.014,0.394
128500,0.584,0.014,0.402
129000,0.562,0.019,0.419
129500,0.587,0.013,0.400
130000,0.570,0.009,0.421
130500,0.569,0.012,0.419
131000,0.577,0.005,0.418
131500,0.593,0.013,0.394
132000,0.608,0.019,0.373
132500,0.620,0.020,0.360
133000,0.637,0.014,0.349
133500,0.619,0.009,0.372
134000,0.667,0.008,0.325
134500,0.680,0.011,0.309
135000,0.656,0.013,0.331
135500,0.668,0.011,0.321
136000,0.665,0.013,0.322
136500,0.670,0.008,0.322
137000,0.659,0.013,0.328
137500,0.682,0.010,0.308
138000,0.650,0.007,0.343
138500,0.642,0.017,0.341
139000,0.637,0.019,0.344
139500,0.644,0.016,0.340
140000,0.636,0.016,0.348
140500,0.588,0.019,0.393
141000,0.594,0.032,0.374
141500,0.609,0.021,0.370
142000,0.605,0.012,0.383
142500,0.610,0.015,0.375
143000,0.602,0.018,0.380
143500,0.624,0.011,0.365
144000,0.613,0.021,0.366
144500,0.593,0.028,0.379
145000,0.591,0.016,0.393
145500,0.610,0.025,0.365
146000,0.618,0.020,0.362
146500,0.635,0.021,0.344
147000,0.634,0.021,0.345
147500,0.648,0.012,0.340
148000,0.634,0.016,0.350
148500,0.628,0.020,0.352
149000,0.633,0.012,0.355
149500,0.607,0.011,0.382
150000,0.596,0.014,0.390
150500,0.605,0.016,0.379
151000,0.612,0.026,0.362
151500,0.602,0.024,0.374
152000,0.607,0.019,0.374
152500,0.607,0.024,0.369
153000,0.617,0.019,0.364
153500,0.613,0.016,0.371
154000,0.600,0.023,0.377
154500,0.598,0.031,0.371
155000,0.587,0.028,0.385
155500,0.584,0.018,0.398
156000,0.542,0.028,0.430
156500,0.575,0.015,0.410
157000,0.589,0.020,0.391
157500,0.569,0.026,0.405
158000,0.580,0.023,0.397
158500,0.598,0.020,0.382
159000,0.618,0.026,0.356
159500,0.599,0.018,0.383
160000,0.595,0.021,0.384
160500,0.591,0.023,0.386
161000,0.592,0.020,0.388
161500,0.587,0.031,0.382
162000,0.579,0.018,0.403
162500,0.582,0.011,0.407
163000,0.604,0.012,0.384
163500,0.619,0.017,0.364
164000,0.637,0.011,0.352
164500,0.631,0.013,0.356
165000,0.653,0.018,0.329
165500,0.637,0.011,0.352
166000,0.625,0.010,0.365
166500,0.624,0.013,0.363
167000,0.623,0.013,0.364
167500,0.634,0.010,0.356
168000,0.631,0.014,0.355
168500,0.630,0.007,0.363
169000,0.631,0.014,0.355
169500,0.674,0.011,0.315
170000,0.691,0.014,0.295
170500,0.699,0.010,0.291
171000,0.686,0.013,0.301
171500,0.697,0.007,0.296
172000,0.714,0.009,0.277
172500,0.705,0.010,0.285
173000,0.714,0.006,0.280
173500,0.701,0.004,0.295
174000,0.699,0.001,0.300
174500,0.685,0.008,0.307
175000,0.685,0.007,0.308
175500,0.679,0.006,0.315
176000,0.711,0.002,0.287
176500,0.698,0.012,0.290
177000,0.703,0.007,0.290
177500,0.694,0.009,0.297
178000,0.702,0.011,0.287
178500,0.729,0.012,0.259
179000,0.724,0.006,0.270
179500,0.699,0.012,0.289
180000,0.688,0.014,0.298
180500,0.707,0.016,0.277
181000,0.715,0.011,0.274
181500,0.707,0.011,0.282
182000,0.684,0.008,0.308
182500,0.649,0.007,0.344
183000,0.632,0.010,0.358
183500,0.652,0.008,0.340
184000,0.623,0.014,0.363
184500,0.646,0.019,0.335
185000,0.637,0.016,0.347
185500,0.648,0.010,0.342
186000,0.675,0.014,0.311
186500,0.687,0.012,0.301
187000,0.685,0.014,0.301
187500,0.693,0.010,0.297
188000,0.698,0.008,0.294
188500,0.724,0.006,0.270
189000,0.712,0.008,0.280
189500,0.720,0.003,0.277
190000,0.704,0.009,0.287
190500,0.697,0.011,0.292
191000,0.671,0.007,0.322
191500,0.662,0.003,0.335
192000,0.681,0.004,0.315
192500,0.674,0.014,0.312
193000,0.651,0.012,0.337
193500,0.647,0.011,0.342
194000,0.637,0.014,0.349
194500,0.626,0.015,0.359
195000,0.642,0.016,0.342
195500,0.660,0.012,0.328
196000,0.643,0.017,0.340
196500,0.604,0.011,0.385
197000,0.584,0.029,0.387
197500,0.554,0.019,0.427
198000,0.560,0.026,0.414
198500,0.564,0.022,0.414
199000,0.556,0.029,0.415
199500,0.525,0.023,0.452
200000,0.534,0.033,0.433
200500,0.549,0.024,0.427
201000,0.545,0.026,0.429
201500,0.564,0.022,0.414
202000,0.565,0.028,0.407
202500,0.576,0.024,0.400
203000,0.556,0.021,0.423
203500,0.538,0.025,0.437
204000,0.540,0.036,0.424
204500,0.542,0.029,0.429
205000,0.575,0.018,0.407
205500,0.592,0.011,0.397
206000,0.591,0.027,0.382
206500,0.579,0.023,0.398
207000,0.567,0.023,0.410
207500,0.559,0.021,0.420
208000,0.524,0.022,0.454
208500,0.514,0.024,0.462
209000,0.547,0.034,0.419
209500,0.547,0.035,0.418
210000,0.568,0.033,0.399
210500,0.553,0.023,0.424
211000,0.538,0.013,0.449
211500,0.555,0.018,0.427
212000,0.569,0.013,0.418
212500,0.560,0.022,0.418
213000,0.578,0.028,0.394
213500,0.554,0.023,0.423
214000,0.552,0.019,0.429
214500,0.530,0.018,0.452
215000,0.547,0.016,0.437
215500,0.547,0.017,0.436
216000,0.555,0.018,0.427
216500,0.565,0.022,0.413
217000,0.589,0.021,0.390
217500,0.578,0.022,0.400
218000,0.564,0.014,0.422
218500,0.568,0.007,0.425
219000,0.579,0.012,0.409
219500,0.579,0.014,0.407
220000,0.585,0.016,0.399
220500,0.590,0.018,0.392
221000,0.586,0.024,0.390
221500,0.593,0.025,0.382
222000,0.591,0.031,0.378
222500,0.593,0.014,0.393
223000,0.591,0.015,0.394
223500,0.571,0.025,0.404
224000,0.543,0.031,0.426
224500,0.517,0.038,0.445
225000,0.506,0.038,0.456
225500,0.525,0.033,0.442
226000,0.532,0.025,0.443
226500,0.542,0.040,0.418
227000,0.543,0.033,0.424
227500,0.567,0.030,0.403
228000,0.562,0.025,0.413
228500,0.540,0.031,0.429
229000,0.539,0.028,0.433
229500,0.536,0.042,0.422
230000,0.521,0.043,0.436
230500,0.540,0.036,0.424
231000,0.537,0.019,0.444
231500,0.533,0.026,0.441
232000,0.541,0.023,0.436
232500,0.543,0.032,0.425
233000,0.531,0.026,0.443
233500,0.534,0.020,0.446
234000,0.541,0.032,0.427
234500,0.555,0.030,0.415
235000,0.544,0.034,0.422
235500,0.567,0.026,0.407
236000,0.562,0.043,0.395
236500,0.578,0.032,0.390
237000,0.572,0.020,0.408
237500,0.559,0.030,0.411
238000,0.538,0.028,0.434
238500,0.533,0.027,0.440
239000,0.563,0.035,0.402
239500,0.572,0.020,0.408
240000,0.600,0.018,0.382
240500,0.575,0.019,0.406
241000,0.575,0.024,0.401
241500,0.588,0.017,0.395
242000,0.599,0.014,0.387
242500,0.621,0.021,0.358
243000,0.637,0.011,0.352
243500,0.633,0.019,0.348
244000,0.633,0.015,0.352
244500,0.624,0.011,0.365
245000,0.641,0.006,0.353
245500,0.650,0.003,0.347
246000,0.653,0.009,0.338
246500,0.643,0.007,0.350
247000,0.642,0.011,0.347
247500,0.639,0.018,0.343
248000,0.628,0.011,0.361
248500,0.629,0.014,0.357
249000,0.597,0.020,0.383
249500,0.585,0.027,0.388
250000,0.591,0.025,0.384
250500,0.585,0.034,0.381
251000,0.573,0.024,0.403
251500,0.574,0.019,0.407
252000,0.555,0.034,0.411
252500,0.551,0.030,0.419
253000,0.546,0.033,0.421
253500,0.567,0.031,0.402
254000,0.578,0.033,0.389
254500,0.596,0.027,0.377
255000,0.615,0.023,0.362
255500,0.611,0.019,0.370
256000,0.593,0.017,0.390
256500,0.581,0.020,0.399
257000,0.624,0.017,0.359
257500,0.603,0.017,0.380
258000,0.606,0.014,0.380
258500,0.629,0.018,0.353
259000,0.621,0.009,0.370
259500,0.580,0.015,0.405
260000,0.593,0.016,0.391
260500,0.622,0.018,0.360
261000,0.655,0.016,0.329
261500,0.674,0.021,0.305
262000,0.705,0.012,0.283
262500,0.690,0.013,0.297
263000,0.677,0.013,0.310
263500,0.683,0.012,0.305
264000,0.697,0.007,0.296
264500,0.697,0.010,0.293
265000,0.701,0.008,0.291
265500,0.687,0.005,0.308
266000,0.691,0.006,0.303
266500,0.674,0.016,0.310
267000,0.687,0.012,0.301
267500,0.669,0.009,0.322
268000,0.665,0.008,0.327
268500,0.656,0.016,0.328
269000,0.658,0.014,0.328
269500,0.625,0.015,0.360
270000,0.631,0.013,0.356
270500,0.627,0.008,0.365
271000,0.637,0.020,0.343
271500,0.639,0.020,0.341
272000,0.642,0.024,0.334
272500,0.624,0.029,0.347
273000,0.626,0.021,0.353
273500,0.644,0.012,0.344
274000,0.667,0.007,0.326
274500,0.655,0.008,0.337
275000,0.655,0.012,0.333
275500,0.662,0.016,0.322
276000,0.648,0.018,0.334
276500,0.636,0.022,0.342
277000,0.623,0.017,0.360
277500,0.616,0.015,0.369
278000,0.620,0.011,0.369
278500,0.616,0.027,0.357
279000,0.613,0.019,0.368
279500,0.588,0.017,0.395
280000,0.597,0.013,0.390
280500,0.587,0.014,0.399
281000,0.617,0.014,0.369
281500,0.574,0.018,0.408
282000,0.591,0.022,0.387
282500,0.606,0.025,0.369
283000,0.596,0.028,0.376
283500,0.618,0.023,0.359
284000,0.623,0.011,0.366
284500,0.622,0.014,0.364
285000,0.642,0.014,0.344
285500,0.670,0.016,0.314
286000,0.666,0.010,0.324
286500,0.678,0.010,0.312
287000,0.686,0.007,0.307
287500,0.664,0.010,0.326
288000,0.654,0.004,0.342
288500,0.654,0.005,0.341
289000,0.632,0.023,0.345
289500,0.606,0.025,0.369
290000,0.619,0.025,0.356
290500,0.583,0.017,0.400
291000,0.599,0.016,0.385
291500,0.647,0.012,0.341
292000,0.674,0.011,0.315
292500,0.668,0.005,0.327
293000,0.685,0.012,0.303
293500,0.682,0.006,0.312
294000,0.656,0.010,0.334
294500,0.688,0.008,0.304
295000,0.675,0.013,0.312
295500,0.651,0.008,0.341
296000,0.667,0.008,0.325
296500,0.666,0.018,0.316
297000,0.660,0.007,0.333
297500,0.635,0.017,0.348
298000,0.624,0.013,0.363
298500,0.624,0.026,0.350
299000,0.619,0.023,0.358
299500,0.636,0.013,0.351
300000,0.651,0.015,0.334
300500,0.638,0.009,0.353
301000,0.624,0.015,0.361
301500,0.609,0.017,0.374
302000,0.613,0.022,0.365
302500,0.642,0.016,0.342
303000,0.635,0.015,0.350
303500,0.609,0.010,0.381
304000,0.592,0.016,0.392
304500,0.618,0.014,0.368
305000,0.623,0.013,0.364
305500,0.597,0.026,0.377
306000,0.603,0.027,0.370
306500,0.590,0.025,0.385
307000,0.567,0.028,0.405
307500,0.578,0.041,0.381
308000,0.597,0.029,0.374
308500,0.578,0.026,0.396
309000,0.591,0.019,0.390
309500,0.617,0.018,0.365
310000,0.634,0.018,0.348
310500,0.637,0.019,0.344
311000,0.634,0.019,0.347
311500,0.621,0.018,0.361
312000,0.622,0.020,0.358
312500,0.653,0.012,0.335
313000,0.651,0.012,0.337
313500,0.653,0.013,0.334
314000,0.658,0.005,0.337
314500,0.668,0.006,0.326
315000,0.655,0.008,0.337
315500,0.665,0.015,0.320
316000,0.624,0.010,0.366
316500,0.645,0.010,0.345
317000,0.639,0.004,0.357
317500,0.633,0.007,0.360
318000,0.644,0.010,0.346
318500,0.652,0.019,0.329
319000,0.604,0.025,0.371
319500,0.554,0.038,0.408
320000,0.563,0.031,0.406
320500,0.579,0.018,0.403
321000,0.580,0.016,0.404
321500,0.578,0.016,0.406
322000,0.570,0.021,0.409
322500,0.584,0.020,0.396
323000,0.569,0.017,0.414
323500,0.563,0.025,0.412
324000,0.560,0.028,0.412
324500,0.605,0.010,0.385
325000,0.604,0.017,0.379
325500,0.569,0.021,0.410
326000,0.557,0.037,0.406
326500,0.545,0.036,0.419
327000,0.535,0.031,0.434
327500,0.534,0.028,0.438
328000,0.526,0.029,0.445
328500,0.534,0.023,0.443
329000,0.579,0.025,0.396
329500,0.556,0.026,0.418
330000,0.536,0.022,0.442
330500,0.545,0.020,0.435
331000,0.531,0.026,0.443
331500,0.531,0.034,0.435
332000,0.538,0.037,0.425
332500,0.519,0.032,0.449
333000,0.528,0.038,0.434
333500,0.532,0.042,0.426
334000,0.516,0.036,0.448
334500,0.512,0.040,0.448
335000,0.513,0.034,0.453
335500,0.502,0.030,0.468
336000,0.524,0.040,0.436
336500,0.493,0.029,0.478
337000,0.505,0.029,0.466
337500,0.523,0.026,0.451
338000,0.580,0.011,0.409
338500,0.592,0.014,0.394
339000,0.633,0.011,0.356
339500,0.604,0.013,0.383
340000,0.596,0.012,0.392
340500,0.634,0.017,0.349
341000,0.621,0.005,0.374
341500,0.643,0.012,0.345
342000,0.628,0.021,0.351
342500,0.611,0.017,0.372
343000,0.591,0.018,0.391
343500,0.600,0.016,0.384
344000,0.578,0.017,0.405
344500,0.553,0.021,0.426
345000,0.553,0.026,0.421
345500,0.541,0.022,0.437
346000,0.535,0.019,0.446
346500,0.528,0.025,0.447
347000,0.534,0.040,0.426
347500,0.543,0.040,0.417
348000,0.546,0.036,0.418
348500,0.556,0.029,0.415
349000,0.567,0.027,0.406
349500,0.583,0.026,0.391
350000,0.583,0.023,0.394
350500,0.610,0.026,0.364
351000,0.610,0.016,0.374
351500,0.600,0.011,0.389
352000,0.626,0.009,0.365
352500,0.603,0.006,0.391
353000,0.631,0.017,0.352
353500,0.654,0.027,0.319
354000,0.640,0.024,0.336
354500,0.609,0.022,0.369
355000,0.596,0.009,0.395
355500,0.616,0.016,0.368
356000,0.590,0.012,0.398
356500,0.607,0.014,0.379
357000,0.578,0.016,0.406
357500,0.592,0.025,0.383
358000,0.569,0.032,0.399
358500,0.564,0.030,0.406
359000,0.565,0.032,0.403
359500,0.597,0.022,0.381
360000,0.582,0.020,0.398
360500,0.557,0.019,0.424
361000,0.568,0.028,0.404
361500,0.598,0.031,0.371
362000,0.576,0.037,0.387
362500,0.542,0.022,0.436
363000,0.526,0.035,0.439
363500,0.546,0.029,0.425
364000,0.547,0.022,0.431
364500,0.526,0.021,0.453
365000,0.485,0.036,0.479
365500,0.485,0.047,0.468
366000,0.431,0.038,0.531
366500,0.423,0.054,0.523
367000,0.443,0.054,0.503
367500,0.432,0.059,0.509
368000,0.483,0.055,0.462
368500,0.469,0.047,0.484
369000,0.470,0.047,0.483
369500,0.476,0.038,0.486
370000,0.449,0.043,0.508
370500,0.477,0.048,0.475
371000,0.466,0.049,0.485
371500,0.455,0.065,0.480
372000,0.460,0.072,0.468
372500,0.430,0.079,0.491
373000,0.438,0.084,0.478
373500,0.443,0.065,0.492
374000,0.430,0.049,0.521
374500,0.423,0.045,0.532
375000,0.427,0.039,0.534
375500,0.484,0.048,0.468
376000,0.527,0.030,0.443
376500,0.528,0.031,0.441
377000,0.575,0.033,0.392
377500,0.605,0.025,0.370
378000,0.603,0.018,0.379
378500,0.595,0.022,0.383
379000,0.612,0.021,0.367
379500,0.609,0.014,0.377
380000,0.607,0.019,0.374
380500,0.605,0.014,0.381
381000,0.632,0.015,0.353
381500,0.621,0.013,0.366
382000,0.597,0.021,0.382
382500,0.581,0.017,0.402
383000,0.552,0.012,0.436
383500,0.545,0.018,0.437
384000,0.544,0.019,0.437
384500,0.573,0.031,0.396
385000,0.587,0.032,0.381
385500,0.579,0.019,0.402
386000,0.585,0.030,0.385
386500,0.566,0.015,0.419
387000,0.579,0.020,0.401
387500,0.605,0.024,0.371
388000,0.587,0.023,0.390
388500,0.598,0.015,0.387
389000,0.607,0.025,0.368
389500,0.618,0.016,0.366
390000,0.594,0.020,0.386
390500,0.595,0.016,0.389
391000,0.572,0.022,0.406
391500,0.562,0.025,0.413
392000,0.563,0.025,0.412
392500,0.541,0.040,0.419
393000,0.562,0.035,0.403
393500,0.575,0.023,0.402
394000,0.559,0.031,0.410
394500,0.563,0.028,0.409
395000,0.551,0.029,0.420
395500,0.581,0.031,0.388
396000,0.595,0.022,0.383
396500,0.584,0.030,0.386
397000,0.573,0.023,0.404
397500,0.527,0.018,0.455
398000,0.538,0.021,0.441
398500,0.534,0.032,0.434
399000,0.540,0.026,0.434
399500,0.532,0.035,0.433
400000,0.525,0.031,0.444
400500,0.535,0.021,0.444
401000,0.528,0.024,0.448
401500,0.518,0.015,0.467
402000,0.540,0.026,0.434
402500,0.549,0.029,0.422
403000,0.568,0.027,0.405
403500,0.565,0.019,0.416
404000,0.587,0.017,0.396
404500,0.628,0.018,0.354
405000,0.609,0.018,0.373
405500,0.595,0.017,0.388
406000,0.595,0.023,0.382
406500,0.587,0.032,0.381
407000,0.589,0.020,0.391
407500,0.621,0.014,0.365
408000,0.654,0.015,0.331
408500,0.654,0.015,0.331
409000,0.633,0.009,0.358
409500,0.623,0.011,0.366
410000,0.610,0.012,0.378
410500,0.611,0.018,0.371
411000,0.602,0.017,0.381
411500,0.592,0.022,0.386
412000,0.563,0.029,0.408
412500,0.570,0.025,0.405
413000,0.578,0.030,0.392
413500,0.580,0.028,0.392
414000,0.596,0.026,0.378
414500,0.641,0.017,0.342
415000,0.600,0.021,0.379
415500,0.594,0.016,0.390
416000,0.585,0.016,0.399
416500,0.577,0.022,0.401
417000,0.581,0.015,0.404
417500,0.602,0.018,0.380
418000,0.591,0.027,0.382
418500,0.568,0.019,0.413
419000,0.568,0.025,0.407
419500,0.576,0.020,0.404
420000,0.568,0.016,0.416
420500,0.575,0.021,0.404
421000,0.561,0.023,0.416
421500,0.557,0.026,0.417
422000,0.527,0.033,0.440
422500,0.508,0.020,0.472
423000,0.506,0.036,0.458
423500,0.487,0.045,0.468
424000,0.487,0.055,0.458
424500,0.467,0.047,0.486
425000,0.478,0.047,0.475
425500,0.444,0.062,0.494
426000,0.488,0.043,0.469
426500,0.497,0.037,0.466
427000,0.536,0.044,0.420
427500,0.524,0.041,0.435
428000,0.486,0.037,0.477
428500,0.501,0.033,0.466
429000,0.475,0.034,0.491
429500,0.488,0.019,0.493
430000,0.493,0.055,0.452
430500,0.498,0.041,0.461
431000,0.502,0.042,0.456
431500,0.489,0.039,0.472
432000,0.473,0.040,0.487
432500,0.477,0.044,0.479
433000,0.492,0.050,0.458
433500,0.517,0.041,0.442
434000,0.543,0.038,0.419
434500,0.503,0.034,0.463
435000,0.492,0.033,0.475
435500,0.529,0.033,0.438
436000,0.507,0.040,0.453
436500,0.516,0.035,0.449
437000,0.510,0.031,0.459
437500,0.531,0.037,0.432
438000,0.513,0.041,0.446
438500,0.539,0.037,0.424
439000,0.522,0.026,0.452
439500,0.526,0.029,0.445
440000,0.549,0.047,0.404
440500,0.505,0.032,0.463
441000,0.498,0.035,0.467
441500,0.499,0.026,0.475
442000,0.478,0.026,0.496
442500,0.501,0.042,0.457
443000,0.524,0.042,0.434
443500,0.516,0.024,0.460
444000,0.553,0.027,0.420
444500,0.545,0.031,0.424
445000,0.569,0.015,0.416
445500,0.578,0.013,0.409
446000,0.552,0.022,0.426
446500,0.568,0.022,0.410
447000,0.557,0.010,0.433
447500,0.578,0.016,0.406
448000,0.586,0.029,0.385
448500,0.574,0.023,0.403
449000,0.586,0.021,0.393
449500,0.589,0.027,0.384
450000,0.605,0.021,0.374
450500,0.584,0.016,0.400
451000,0.620,0.014,0.366
451500,0.609,0.015,0.376
452000,0.619,0.008,0.373
452500,0.595,0.009,0.396
453000,0.610,0.008,0.382
453500,0.609,0.011,0.380
454000,0.589,0.010,0.401
454500,0.584,0.015,0.401
455000,0.627,0.014,0.359
455500,0.641,0.010,0.349
456000,0.629,0.019,0.352
456500,0.635,0.007,0.358
457000,0.627,0.012,0.361
457500,0.613,0.014,0.373
458000,0.616,0.009,0.375
458500,0.633,0.007,0.360
459000,0.638,0.013,0.349
459500,0.646,0.014,0.340
460000,0.675,0.009,0.316
460500,0.704,0.011,0.285
461000,0.707,0.004,0.289
461500,0.711,0.003,0.286
462000,0.704,0.004,0.292
462500,0.671,0.013,0.316
463000,0.647,0.016,0.337
463500,0.675,0.012,0.313
464000,0.683,0.011,0.306
464500,0.691,0.012,0.297
465000,0.688,0.012,0.300
465500,0.680,0.008,0.312
466000,0.668,0.010,0.322
466500,0.668,0.006,0.326
467000,0.655,0.004,0.341
467500,0.663,0.006,0.331
468000,0.683,0.004,0.313
468500,0.708,0.002,0.290
469000,0.687,0.006,0.307
469500,0.702,0.007,0.291
470000,0.659,0.004,0.337
470500,0.639,0.011,0.350
471000,0.605,0.010,0.385
471500,0.602,0.022,0.376
472000,0.595,0.022,0.383
472500,0.607,0.024,0.369
473000,0.627,0.012,0.361
473500,0.645,0.016,0.339
474000,0.623,0.018,0.359
474500,0.622,0.017,0.361
475000,0.604,0.019,0.377
475500,0.616,0.011,0.373
476000,0.602,0.009,0.389
476500,0.612,0.013,0.375
477000,0.628,0.013,0.359
477500,0.618,0.021,0.361
478000,0.620,0.014,0.366
478500,0.614,0.015,0.371
479000,0.592,0.013,0.395
479500,0.594,0.013,0.393
480000,0.583,0.023,0.394
480500,0.553,0.029,0.418
481000,0.574,0.031,0.395
481500,0.544,0.031,0.425
482000,0.549,0.038,0.413
482500,0.563,0.053,0.384
483000,0.582,0.029,0.389
483500,0.574,0.023,0.403
484000,0.588,0.011,0.401
484500,0.574,0.016,0.410
485000,0.567,0.022,0.411
485500,0.598,0.023,0.379
486000,0.601,0.017,0.382
486500,0.598,0.014,0.388
487000,0.632,0.014,0.354
487500,0.643,0.008,0.349
488000,0.643,0.013,0.344
488500,0.671,0.010,0.319
489000,0.663,0.006,0.331
489500,0.656,0.005,0.339
490000,0.630,0.008,0.362
490500,0.640,0.003,0.357
491000,0.656,0.006,0.338
491500,0.666,0.016,0.318
492000,0.663,0.015,0.322
492500,0.659,0.008,0.333
493000,0.648,0.007,0.345
493500,0.628,0.010,0.362
494000,0.609,0.008,0.383
494500,0.638,0.005,0.357
495000,0.663,0.010,0.327
495500,0.657,0.013,0.330
496000,0.627,0.017,0.356
496500,0.632,0.020,0.348
497000,0.609,0.017,0.374
497500,0.647,0.015,0.338
498000,0.673,0.013,0.314
498500,0.684,0.009,0.307
499000,0.693,0.004,0.303
499500,0.697,0.011,0.292
500000,0.691,0.009,0.300
500500,0.680,0.008,0.312
501000,0.672,0.004,0.324
501500,0.680,0.006,0.314
502000,0.670,0.007,0.323
502500,0.664,0.008,0.328
503000,0.680,0.005,0.315
503500,0.652,0.014,0.334
504000,0.624,0.008,0.368
504500,0.629,0.008,0.363
505000,0.662,0.014,0.324
505500,0.677,0.005,0.318
506000,0.709,0.011,0.280
506500,0.685,0.011,0.304
507000,0.687,0.015,0.298
507500,0.662,0.011,0.327
508000,0.638,0.006,0.356
508500,0.644,0.010,0.346
509000,0.652,0.021,0.327
509500,0.657,0.014,0.329
510000,0.654,0.012,0.334
510500,0.658,0.009,0.333
511000,0.668,0.017,0.315
511500,0.686,0.010,0.304
512000,0.659,0.008,0.333
512500,0.650,0.005,0.345
513000,0.652,0.014,0.334
513500,0.645,0.016,0.339
514000,0.643,0.022,0.335
514500,0.629,0.016,0.355
515000,0.643,0.015,0.342
515500,0.661,0.011,0.328
516000,0.655,0.012,0.333
516500,0.691,0.007,0.302
517000,0.689,0.007,0.304
517500,0.708,0.003,0.289
518000,0.735,0.007,0.258
518500,0.722,0.005,0.273
519000,0.735,0.005,0.260
519500,0.742,0.001,0.257
520000,0.753,0.000,0.247
520500,0.750,0.000,0.250
521000,0.730,0.003,0.267
521500,0.733,0.001,0.266
522000,0.715,0.005,0.280
522500,0.688,0.005,0.307
523000,0.679,0.004,0.317
523500,0.613,0.017,0.370
524000,0.643,0.018,0.339
524500,0.642,0.009,0.349
525000,0.635,0.012,0.353
525500,0.610,0.015,0.375
526000,0.637,0.011,0.352
526500,0.615,0.007,0.378
527000,0.641,0.012,0.347
527500,0.642,0.006,0.352
528000,0.657,0.009,0.334
528500,0.653,0.006,0.341
529000,0.639,0.010,0.351
529500,0.662,0.010,0.328
530000,0.675,0.006,0.319
530500,0.684,0.005,0.311
531000,0.686,0.005,0.309
531500,0.677,0.009,0.314
532000,0.683,0.009,0.308
532500,0.689,0.010,0.301
533000,0.664,0.011,0.325
533500,0.674,0.012,0.314
534000,0.671,0.020,0.309
534500,0.698,0.010,0.292
535000,0.721,0.011,0.268
535500,0.722,0.007,0.271
536000,0.683,0.006,0.311
536500,0.704,0.002,0.294
537000,0.708,0.001,0.291
537500,0.689,0.002,0.309
538000,0.704,0.002,0.294
538500,0.715,0.004,0.281
539000,0.725,0.005,0.270
539500,0.702,0.007,0.291
540000,0.681,0.013,0.306
540500,0.694,0.012,0.294
541000,0.668,0.014,0.318
541500,0.646,0.011,0.343
542000,0.628,0.015,0.357
542500,0.628,0.016,0.356
543000,0.641,0.014,0.345
543500,0.627,0.014,0.359
544000,0.633,0.006,0.361
544500,0.623,0.013,0.364
545000,0.644,0.011,0.345
545500,0.652,0.011,0.337
546000,0.668,0.007,0.325
546500,0.657,0.015,0.328
547000,0.623,0.018,0.359
547500,0.625,0.009,0.366
548000,0.635,0.009,0.356
548500,0.656,0.017,0.327
549000,0.646,0.016,0.338
549500,0.619,0.017,0.364
550000,0.587,0.021,0.392
550500,0.589,0.019,0.392
551000,0.585,0.011,0.404
551500,0.605,0.012,0.383
552000,0.591,0.018,0.391
552500,0.632,0.014,0.354
553000,0.627,0.016,0.357
553500,0.616,0.017,0.367
554000,0.641,0.012,0.347
554500,0.622,0.017,0.361
555000,0.643,0.007,0.350
555500,0.618,0.008,0.374
556000,0.621,0.007,0.372
556500,0.600,0.010,0.390
557000,0.607,0.007,0.386
557500,0.612,0.003,0.385
558000,0.628,0.004,0.368
558500,0.648,0.013,0.339
559000,0.612,0.012,0.376
559500,0.649,0.015,0.336
560000,0.627,0.014,0.359
560500,0.629,0.011,0.360
561000,0.610,0.013,0.377
561500,0.600,0.013,0.387
562000,0.616,0.017,0.367
562500,0.621,0.022,0.357
563000,0.611,0.011,0.378
563500,0.628,0.012,0.360
564000,0.647,0.012,0.341
564500,0.654,0.015,0.331
565000,0.629,0.011,0.360
565500,0.624,0.017,0.359
566000,0.622,0.028,0.350
566500,0.623,0.019,0.358
567000,0.591,0.016,0.393
567500,0.585,0.024,0.391
568000,0.575,0.019,0.406
568500,0.588,0.021,0.391
569000,0.583,0.024,0.393
569500,0.618,0.013,0.369
570000,0.639,0.009,0.352
570500,0.628,0.017,0.355
571000,0.593,0.010,0.397
571500,0.618,0.019,0.363
572000,0.617,0.020,0.363
572500,0.569,0.017,0.414
573000,0.597,0.010,0.393
573500,0.614,0.012,0.374
574000,0.609,0.028,0.363
574500,0.617,0.028,0.355
575000,0.592,0.027,0.381
575500,0.623,0.019,0.358
576000,0.637,0.022,0.341
576500,0.625,0.014,0.361
577000,0.619,0.014,0.367
577500,0.668,0.013,0.319
578000,0.660,0.014,0.326
578500,0.666,0.012,0.322
579000,0.672,0.011,0.317
579500,0.665,0.014,0.321
580000,0.635,0.016,0.349
580500,0.639,0.017,0.344
581000,0.660,0.019,0.321
581500,0.651,0.025,0.324
582000,0.652,0.026,0.322
582500,0.651,0.013,0.336
583000,0.627,0.017,0.356
583500,0.589,0.029,0.382
584000,0.571,0.023,0.406
584500,0.577,0.028,0.395
585000,0.590,0.025,0.385
585500,0.590,0.018,0.392
586000,0.593,0.022,0.385
586500,0.620,0.024,0.356
587000,0.641,0.021,0.338
587500,0.620,0.017,0.363
588000,0.577,0.015,0.408
588500,0.584,0.016,0.400
589000,0.592,0.012,0.396
589500,0.549,0.027,0.424
590000,0.569,0.028,0.403
590500,0.544,0.029,0.427
591000,0.539,0.031,0.430
591500,0.479,0.033,0.488
592000,0.498,0.031,0.471
592500,0.521,0.026,0.453
593000,0.525,0.032,0.443
593500,0.547,0.044,0.409
594000,0.570,0.032,0.398
594500,0.542,0.040,0.418
595000,0.571,0.024,0.405
595500,0.601,0.019,0.380
596000,0.623,0.024,0.353
596500,0.635,0.024,0.341
597000,0.622,0.030,0.348
597500,0.626,0.020,0.354
598000,0.654,0.020,0.326
598500,0.626,0.019,0.355
599000,0.637,0.015,0.348
599500,0.616,0.012,0.372
600000,0.594,0.015,0.391
600500,0.617,0.010,0.373
601000,0.610,0.016,0.374
601500,0.606,0.020,0.374
602000,0.611,0.018,0.371
602500,0.627,0.015,0.358
603000,0.618,0.009,0.373
603500,0.615,0.009,0.376
604000,0.614,0.012,0.374
604500,0.636,0.016,0.348
605000,0.613,0.012,0.375
605500,0.626,0.016,0.358
606000,0.623,0.021,0.356
606500,0.625,0.020,0.355
607000,0.629,0.026,0.345
607500,0.580,0.033,0.387
608000,0.576,0.017,0.407
608500,0.572,0.032,0.396
609000,0.568,0.020,0.412
609500,0.553,0.023,0.424
610000,0.555,0.020,0.425
610500,0.576,0.024,0.400
611000,0.570,0.043,0.387
611500,0.601,0.027,0.372
612000,0.607,0.018,0.375
612500,0.591,0.016,0.393
613000,0.596,0.019,0.385
613500,0.614,0.022,0.364
614000,0.616,0.015,0.369
614500,0.628,0.013,0.359
615000,0.647,0.019,0.334
615500,0.645,0.015,0.340
616000,0.652,0.015,0.333
616500,0.595,0.010,0.395
617000,0.616,0.020,0.364
617500,0.622,0.016,0.362
618000,0.646,0.012,0.342
618500,0.648,0.012,0.340
619000,0.652,0.010,0.338
619500,0.631,0.007,0.362
620000,0.674,0.006,0.320
620500,0.678,0.010,0.312
621000,0.675,0.014,0.311
621500,0.707,0.009,0.284
622000,0.677,0.016,0.307
622500,0.648,0.019,0.333
623000,0.651,0.017,0.332
623500,0.652,0.012,0.336
624000,0.644,0.012,0.344
624500,0.623,0.011,0.366
625000,0.637,0.018,0.345
625500,0.655,0.012,0.333
626000,0.633,0.009,0.358
626500,0.615,0.021,0.364
627000,0.600,0.026,0.374
627500,0.614,0.021,0.365
628000,0.632,0.014,0.354
628500,0.612,0.022,0.366
629000,0.587,0.023,0.390
629500,0.600,0.018,0.382
630000,0.614,0.019,0.367
630500,0.582,0.013,0.405
631000,0.589,0.020,0.391
631500,0.577,0.018,0.405
632000,0.590,0.011,0.399
632500,0.559,0.019,0.422
633000,0.573,0.030,0.397
633500,0.593,0.022,0.385
634000,0.608,0.023,0.369
634500,0.573,0.018,0.409
635000,0.552,0.021,0.427
635500,0.567,0.020,0.413
636000,0.575,0.016,0.409
636500,0.620,0.020,0.360
637000,0.623,0.016,0.361
637500,0.609,0.020,0.371
638000,0.583,0.013,0.404
638500,0.564,0.019,0.417
639000,0.587,0.022,0.391
639500,0.592,0.024,0.384
640000,0.591,0.023,0.386
640500,0.610,0.013,0.377
641000,0.647,0.016,0.337
641500,0.667,0.005,0.328
642000,0.652,0.009,0.339
642500,0.613,0.008,0.379
643000,0.584,0.014,0.402
643500,0.605,0.017,0.378
644000,0.581,0.027,0.392
644500,0.594,0.022,0.384
645000,0.578,0.024,0.398
645500,0.609,0.016,0.375
646000,0.643,0.018,0.339
646500,0.632,0.021,0.347
647000,0.595,0.024,0.381
647500,0.573,0.022,0.405
648000,0.589,0.014,0.397
648500,0.625,0.012,0.363
649000,0.646,0.014,0.340
649500,0.651,0.010,0.339
650000,0.665,0.003,0.332
650500,0.671,0.007,0.322
651000,0.695,0.010,0.295
651500,0.672,0.010,0.318
652000,0.686,0.009,0.305
652500,0.698,0.010,0.292
653000,0.695,0.009,0.296
653500,0.692,0.015,0.293
654000,0.698,0.009,0.293
654500,0.693,0.011,0.296
655000,0.690,0.007,0.303
655500,0.670,0.012,0.318
656000,0.656,0.013,0.331
656500,0.673,0.017,0.310
657000,0.697,0.010,0.293
657500,0.688,0.010,0.302
658000,0.717,0.007,0.276
658500,0.743,0.007,0.250
659000,0.745,0.006,0.249
659500,0.726,0.004,0.270
660000,0.737,0.005,0.258
660500,0.727,0.004,0.269
661000,0.696,0.017,0.287
661500,0.702,0.008,0.290
662000,0.692,0.007,0.301
662500,0.668,0.016,0.316
663000,0.649,0.023,0.328
663500,0.674,0.017,0.309
664000,0.638,0.018,0.344
664500,0.631,0.013,0.356
665000,0.646,0.007,0.347
665500,0.624,0.010,0.366
666000,0.638,0.015,0.347
666500,0.634,0.018,0.348
667000,0.612,0.021,0.367
667500,0.624,0.017,0.359
668000,0.623,0.007,0.370
668500,0.620,0.021,0.359
669000,0.609,0.026,0.365
669500,0.595,0.021,0.384
670000,0.607,0.015,0.378
670500,0.624,0.009,0.367
671000,0.658,0.012,0.330
671500,0.661,0.007,0.332
672000,0.675,0.006,0.319
672500,0.710,0.010,0.280
673000,0.713,0.001,0.286
673500,0.719,0.004,0.277
674000,0.725,0.004,0.271
674500,0.726,0.005,0.269
675000,0.740,0.004,0.256
675500,0.761,0.001,0.238
676000,0.746,0.007,0.247
676500,0.739,0.003,0.258
677000,0.730,0.006,0.264
677500,0.742,0.006,0.252
678000,0.761,0.009,0.230
678500,0.730,0.011,0.259
679000,0.721,0.008,0.271
679500,0.739,0.002,0.259
680000,0.747,0.006,0.247
680500,0.739,0.002,0.259
681000,0.720,0.004,0.276
681500,0.687,0.008,0.305
682000,0.678,0.008,0.314
682500,0.666,0.006,0.328
683000,0.634,0.002,0.364
683500,0.661,0.006,0.333
684000,0.675,0.004,0.321
684500,0.699,0.005,0.296
685000,0.707,0.015,0.278
685500,0.689,0.012,0.299
686000,0.643,0.018,0.339
686500,0.633,0.014,0.353
687000,0.625,0.010,0.365
687500,0.598,0.008,0.394
688000,0.591,0.012,0.397
688500,0.620,0.013,0.367
689000,0.644,0.012,0.344
689500,0.618,0.014,0.368
690000,0.589,0.009,0.402
690500,0.596,0.013,0.391
691000,0.619,0.015,0.366
691500,0.630,0.009,0.361
692000,0.604,0.024,0.372
692500,0.607,0.010,0.383
693000,0.620,0.010,0.370
693500,0.615,0.008,0.377
694000,0.639,0.008,0.353
694500,0.634,0.023,0.343
695000,0.626,0.018,0.356
695500,0.663,0.009,0.328
696000,0.664,0.006,0.330
696500,0.687,0.004,0.309
697000,0.695,0.008,0.297
697500,0.689,0.008,0.303
698000,0.682,0.014,0.304
698500,0.657,0.020,0.323
699000,0.656,0.008,0.336
699500,0.666,0.018,0.316
700000,0.643,0.014,0.343
700500,0.649,0.008,0.343
701000,0.644,0.007,0.349
701500,0.645,0.010,0.345
702000,0.610,0.019,0.371
702500,0.604,0.017,0.379
703000,0.631,0.013,0.356
703500,0.627,0.016,0.357
704000,0.631,0.009,0.360
704500,0.609,0.010,0.381
705000,0.641,0.009,0.350
705500,0.643,0.018,0.339
706000,0.622,0.010,0.368
706500,0.663,0.005,0.332
707000,0.672,0.003,0.325
707500,0.688,0.003,0.309
708000,0.694,0.009,0.297
708500,0.688,0.006,0.306
709000,0.684,0.008,0.308
709500,0.684,0.008,0.308
710000,0.663,0.014,0.323
710500,0.638,0.007,0.355
711000,0.625,0.012,0.363
711500,0.615,0.011,0.374
712000,0.594,0.014,0.392
712500,0.579,0.024,0.397
713000,0.550,0.028,0.422
713500,0.547,0.028,0.425
714000,0.582,0.025,0.393
714500,0.573,0.019,0.408
715000,0.552,0.028,0.420
715500,0.545,0.026,0.429
716000,0.523,0.040,0.437
716500,0.518,0.032,0.450
717000,0.515,0.036,0.449
717500,0.489,0.033,0.478
718000,0.495,0.030,0.475
718500,0.494,0.037,0.469
719000,0.525,0.035,0.440
719500,0.526,0.030,0.444
720000,0.541,0.028,0.431
720500,0.511,0.032,0.457
721000,0.542,0.034,0.424
721500,0.498,0.019,0.483
722000,0.531,0.024,0.445
722500,0.534,0.023,0.443
723000,0.548,0.028,0.424
723500,0.552,0.034,0.414
724000,0.563,0.032,0.405
724500,0.547,0.024,0.429
725000,0.550,0.020,0.430
725500,0.577,0.006,0.417
726000,0.596,0.019,0.385
726500,0.614,0.013,0.373
727000,0.646,0.017,0.337
727500,0.635,0.011,0.354
728000,0.639,0.005,0.356
728500,0.624,0.013,0.363
729000,0.639,0.015,0.346
729500,0.609,0.020,0.371
730000,0.596,0.013,0.391
730500,0.633,0.005,0.362
731000,0.641,0.005,0.354
731500,0.629,0.012,0.359
732000,0.613,0.024,0.363
732500,0.611,0.022,0.367
733000,0.597,0.023,0.380
733500,0.598,0.023,0.379
734000,0.610,0.020,0.370
734500,0.650,0.018,0.332
735000,0.638,0.013,0.349
735500,0.669,0.005,0.326
736000,0.666,0.007,0.327
736500,0.643,0.008,0.349
737000,0.630,0.010,0.360
737500,0.625,0.013,0.362
738000,0.626,0.018,0.356
738500,0.660,0.015,0.325
739000,0.661,0.014,0.325
739500,0.661,0.014,0.325
740000,0.652,0.022,0.326
740500,0.662,0.015,0.323
741000,0.636,0.016,0.348
741500,0.642,0.011,0.347
742000,0.639,0.008,0.353
742500,0.625,0.009,0.366
743000,0.618,0.013,0.369
743500,0.592,0.020,0.388
744000,0.573,0.027,0.400
744500,0.551,0.033,0.416
745000,0.572,0.045,0.383
745500,0.548,0.046,0.406
746000,0.532,0.047,0.421
746500,0.532,0.029,0.439
747000,0.532,0.026,0.442
747500,0.507,0.035,0.458
748000,0.514,0.031,0.455
748500,0.558,0.026,0.416
749000,0.546,0.029,0.425
749500,0.540,0.028,0.432
750000,0.575,0.019,0.406
750500,0.582,0.027,0.391
751000,0.544,0.023,0.433
751500,0.552,0.024,0.424
752000,0.568,0.026,0.406
752500,0.579,0.024,0.397
753000,0.562,0.018,0.420
753500,0.558,0.018,0.424
754000,0.560,0.025,0.415
754500,0.530,0.024,0.446
755000,0.552,0.026,0.422
755500,0.560,0.025,0.415
756000,0.563,0.020,0.417
756500,0.558,0.014,0.428
757000,0.563,0.019,0.418
757500,0.615,0.011,0.374
758000,0.630,0.011,0.359
758500,0.615,0.012,0.373
759000,0.603,0.021,0.376
759500,0.630,0.021,0.349
760000,0.640,0.016,0.344
760500,0.631,0.019,0.350
761000,0.624,0.018,0.358
761500,0.630,0.010,0.360
762000,0.618,0.014,0.368
762500,0.616,0.023,0.361
763000,0.586,0.030,0.384
763500,0.596,0.017,0.387
764000,0.607,0.012,0.381
764500,0.617,0.019,0.364
765000,0.613,0.013,0.374
765500,0.612,0.017,0.371
766000,0.629,0.017,0.354
766500,0.598,0.015,0.387
767000,0.615,0.017,0.368
767500,0.608,0.022,0.370
768000,0.575,0.019,0.406
768500,0.578,0.013,0.409
769000,0.603,0.022,0.375
769500,0.601,0.025,0.374
770000,0.599,0.016,0.385
770500,0.585,0.009,0.406
771000,0.596,0.012,0.392
771500,0.598,0.014,0.388
772000,0.601,0.020,0.379
772500,0.592,0.028,0.380
773000,0.599,0.020,0.381
773500,0.604,0.025,0.371
774000,0.616,0.020,0.364
774500,0.606,0.020,0.374
775000,0.601,0.014,0.385
775500,0.562,0.020,0.418
776000,0.546,0.029,0.425
776500,0.561,0.023,0.416
777000,0.565,0.025,0.410
777500,0.537,0.015,0.448
778000,0.554,0.031,0.415
778500,0.563,0.034,0.403
779000,0.548,0.039,0.413
779500,0.561,0.023,0.416
780000,0.536,0.030,0.434
780500,0.544,0.023,0.433
781000,0.587,0.019,0.394
781500,0.592,0.020,0.388
782000,0.577,0.028,0.395
782500,0.570,0.036,0.394
783000,0.564,0.017,0.419
783500,0.564,0.020,0.416
784000,0.563,0.025,0.412
784500,0.593,0.034,0.373
785000,0.592,0.022,0.386
785500,0.568,0.028,0.404
786000,0.592,0.032,0.376
786500,0.552,0.026,0.422
787000,0.558,0.024,0.418
787500,0.539,0.023,0.438
788000,0.577,0.026,0.397
788500,0.556,0.024,0.420
789000,0.506,0.028,0.466
789500,0.514,0.037,0.449
790000,0.513,0.043,0.444
790500,0.576,0.037,0.387
791000,0.565,0.019,0.416
791500,0.572,0.016,0.412
792000,0.607,0.014,0.379
792500,0.605,0.014,0.381
793000,0.626,0.010,0.364
793500,0.640,0.010,0.350
794000,0.633,0.014,0.353
794500,0.606,0.009,0.385
795000,0.568,0.018,0.414
795500,0.584,0.030,0.386
796000,0.567,0.031,0.402
796500,0.539,0.035,0.426
797000,0.553,0.045,0.402
797500,0.567,0.035,0.398
798000,0.564,0.035,0.401
798500,0.562,0.041,0.397
799000,0.565,0.035,0.400
799500,0.576,0.032,0.392
800000,0.558,0.028,0.414
800500,0.586,0.020,0.394
801000,0.614,0.021,0.365
801500,0.623,0.014,0.363
802000,0.625,0.009,0.366
802500,0.606,0.017,0.377
803000,0.608,0.013,0.379
803500,0.635,0.017,0.348
