time,n_A+p,n_B,n_AB
100,0.030,0.964,0.006
200,0.031,0.956,0.013
300,0.054,0.913,0.033
400,0.045,0.935,0.020
500,0.038,0.940,0.022
600,0.044,0.927,0.029
700,0.050,0.913,0.037
800,0.075,0.874,0.051
900,0.090,0.878,0.032
1000,0.108,0.842,0.050
1100,0.108,0.850,0.042
1200,0.175,0.761,0.064
1300,0.201,0.719,0.080
1400,0.211,0.711,0.078
1500,0.199,0.712,0.089
1600,0.180,0.725,0.095
1700,0.149,0.769,0.082
1800,0.151,0.796,0.053
1900,0.149,0.749,0.102
2000,0.211,0.701,0.088
2100,0.254,0.632,0.114
2200,0.251,0.618,0.131
2300,0.246,0.649,0.105
2400,0.256,0.643,0.101
2500,0.293,0.609,0.098
2600,0.332,0.561,0.107
2700,0.306,0.578,0.116
2800,0.347,0.557,0.096
2900,0.321,0.557,0.122
3000,0.302,0.559,0.139
3100,0.339,0.522,0.139
3200,0.342,0.523,0.135
3300,0.344,0.496,0.160
3400,0.342,0.512,0.146
3500,0.316,0.525,0.159
3600,0.281,0.563,0.156
3700,0.295,0.542,0.163
3800,0.310,0.542,0.148
3900,0.221,0.642,0.137
4000,0.242,0.632,0.126
4100,0.226,0.660,0.114
4200,0.198,0.730,0.072
4300,0.195,0.724,0.081
4400,0.204,0.725,0.071
4500,0.294,0.636,0.070
4600,0.246,0.637,0.117
4700,0.322,0.542,0.136
4800,0.379,0.489,0.132
4900,0.360,0.500,0.140
5000,0.488,0.368,0.144
5100,0.488,0.386,0.126
5200,0.476,0.383,0.141
5300,0.494,0.352,0.154
5400,0.514,0.374,0.112
5500,0.549,0.350,0.101
5600,0.572,0.325,0.103
5700,0.538,0.337,0.125
5800,0.541,0.354,0.105
5900,0.601,0.290,0.109
6000,0.588,0.315,0.097
6100,0.561,0.319,0.120
6200,0.539,0.335,0.126
6300,0.435,0.412,0.153
6400,0.467,0.362,0.171
6500,0.531,0.303,0.166
6600,0.639,0.229,0.132
6700,0.549,0.303,0.148
6800,0.535,0.298,0.167
6900,0.557,0.292,0.151
7000,0.534,0.344,0.122
7100,0.535,0.357,0.108
7200,0.562,0.311,0.127
7300,0.545,0.309,0.146
7400,0.598,0.266,0.136
7500,0.632,0.252,0.116
7600,0.616,0.244,0.140
7700,0.641,0.232,0.127
7800,0.640,0.218,0.142
7900,0.660,0.231,0.109
8000,0.652,0.245,0.103
8100,0.668,0.236,0.096
8200,0.628,0.261,0.111
8300,0.676,0.196,0.128
8400,0.642,0.231,0.127
8500,0.625,0.241,0.134
8600,0.658,0.220,0.122
8700,0.673,0.191,0.136
8800,0.650,0.190,0.160
8900,0.648,0.245,0.107
9000,0.689,0.201,0.110
9100,0.724,0.168,0.108
9200,0.657,0.224,0.119
9300,0.648,0.219,0.133
9400,0.637,0.230,0.133
9500,0.624,0.247,0.129
9600,0.588,0.296,0.116
9700,0.631,0.240,0.129
9800,0.603,0.278,0.119
9900,0.646,0.231,0.123
10000,0.688,0.188,0.124
10100,0.644,0.257,0.099
10200,0.632,0.237,0.131
10300,0.652,0.204,0.144
10400,0.646,0.206,0.148
10500,0.623,0.214,0.163
10600,0.672,0.193,0.135
10700,0.620,0.238,0.142
10800,0.633,0.267,0.100
10900,0.593,0.282,0.125
11000,0.582,0.283,0.135
11100,0.578,0.306,0.116
11200,0.565,0.318,0.117
11300,0.588,0.298,0.114
11400,0.631,0.238,0.131
11500,0.573,0.226,0.201
11600,0.610,0.250,0.140
11700,0.680,0.203,0.117
11800,0.676,0.223,0.101
11900,0.678,0.228,0.094
12000,0.629,0.238,0.133
12100,0.698,0.192,0.110
12200,0.669,0.223,0.108
12300,0.701,0.192,0.107
12400,0.718,0.131,0.151
12500,0.712,0.146,0.142
12600,0.801,0.091,0.108
12700,0.765,0.119,0.116
12800,0.720,0.154,0.126
12900,0.757,0.159,0.084
13000,0.752,0.169,0.079
13100,0.787,0.149,0.064
13200,0.752,0.166,0.082
13300,0.754,0.147,0.099
13400,0.642,0.271,0.087
13500,0.617,0.275,0.108
13600,0.688,0.193,0.119
13700,0.592,0.229,0.179
13800,0.587,0.201,0.212
13900,0.616,0.233,0.151
14000,0.525,0.334,0.141
14100,0.541,0.326,0.133
14200,0.478,0.358,0.164
14300,0.556,0.299,0.145
14400,0.619,0.256,0.125
14500,0.501,0.341,0.158
14600,0.462,0.391,0.147
14700,0.424,0.401,0.175
14800,0.365,0.452,0.183
14900,0.370,0.452,0.178
15000,0.407,0.437,0.156
15100,0.465,0.406,0.129
15200,0.412,0.461,0.127
15300,0.410,0.465,0.125
15400,0.443,0.434,0.123
15500,0.464,0.369,0.167
15600,0.466,0.398,0.136
15700,0.475,0.402,0.123
15800,0.399,0.470,0.131
15900,0.452,0.434,0.114
16000,0.439,0.375,0.186
16100,0.404,0.441,0.155
16200,0.393,0.476,0.131
16300,0.448,0.389,0.163
16400,0.460,0.382,0.158
16500,0.523,0.351,0.126
16600,0.561,0.296,0.143
16700,0.480,0.380,0.140
16800,0.579,0.292,0.129
16900,0.583,0.272,0.145
17000,0.670,0.211,0.119
17100,0.639,0.260,0.101
17200,0.636,0.258,0.106
17300,0.595,0.252,0.153
17400,0.630,0.255,0.115
17500,0.636,0.244,0.120
17600,0.669,0.227,0.104
17700,0.680,0.189,0.131
17800,0.677,0.216,0.107
17900,0.685,0.200,0.115
18000,0.654,0.241,0.105
18100,0.697,0.196,0.107
18200,0.684,0.185,0.131
18300,0.695,0.137,0.168
18400,0.674,0.163,0.163
18500,0.670,0.185,0.145
18600,0.731,0.139,0.130
18700,0.775,0.129,0.096
18800,0.770,0.111,0.119
18900,0.772,0.139,0.089
19000,0.764,0.144,0.092
19100,0.727,0.167,0.106
19200,0.763,0.154,0.083
19300,0.778,0.128,0.094
19400,0.773,0.118,0.109
19500,0.821,0.090,0.089
19600,0.835,0.100,0.065
19700,0.894,0.049,0.057
19800,0.922,0.031,0.047
19900,0.934,0.017,0.049
20000,0.942,0.015,0.043
20100,0.966,0.006,0.028
20200,0.974,0.004,0.022
20300,0.977,0.003,0.020
20400,0.982,0.000,0.018
20500,0.992,0.000,0.008
20600,0.994,0.000,0.006
20700,0.989,0.000,0.011
20800,0.995,0.000,0.005
20900,0.996,0.000,0.004
21000,0.997,0.000,0.003
21100,0.998,0.000,0.002
21200,0.998,0.000,0.002
21300,0.999,0.000,0.001
21400,0.999,0.000,0.001
21500,0.999,0.000,0.001
21600,1.000,0.000,0.000
