time,n_A+p,n_B,n_AB
100,0.071,0.882,0.047
200,0.076,0.878,0.046
300,0.065,0.899,0.036
400,0.070,0.885,0.045
500,0.074,0.892,0.034
600,0.102,0.866,0.032
700,0.124,0.834,0.042
800,0.121,0.838,0.041
900,0.114,0.838,0.048
1000,0.094,0.865,0.041
1100,0.078,0.865,0.057
1200,0.091,0.856,0.053
1300,0.078,0.888,0.034
1400,0.075,0.875,0.050
1500,0.080,0.881,0.039
1600,0.071,0.882,0.047
1700,0.057,0.916,0.027
1800,0.054,0.918,0.028
1900,0.042,0.902,0.056
2000,0.048,0.896,0.056
2100,0.073,0.872,0.055
2200,0.082,0.852,0.066
2300,0.107,0.816,0.077
2400,0.119,0.791,0.090
2500,0.149,0.758,0.093
2600,0.110,0.809,0.081
2700,0.101,0.833,0.066
2800,0.108,0.811,0.081
2900,0.088,0.827,0.085
3000,0.132,0.789,0.079
3100,0.125,0.802,0.073
3200,0.146,0.770,0.084
3300,0.150,0.767,0.083
3400,0.120,0.811,0.069
3500,0.083,0.848,0.069
3600,0.082,0.859,0.059
3700,0.088,0.882,0.030
3800,0.068,0.892,0.040
3900,0.096,0.855,0.049
4000,0.121,0.825,0.054
4100,0.095,0.857,0.048
4200,0.069,0.889,0.042
4300,0.061,0.873,0.066
4400,0.085,0.862,0.053
4500,0.094,0.837,0.069
4600,0.106,0.828,0.066
4700,0.099,0.841,0.060
4800,0.099,0.831,0.070
4900,0.135,0.794,0.071
5000,0.169,0.759,0.072
5100,0.193,0.725,0.082
5200,0.216,0.720,0.064
5300,0.183,0.753,0.064
5400,0.222,0.710,0.068
5500,0.220,0.665,0.115
5600,0.235,0.663,0.102
5700,0.215,0.707,0.078
5800,0.254,0.672,0.074
5900,0.220,0.694,0.086
6000,0.255,0.632,0.113
6100,0.252,0.666,0.082
6200,0.317,0.588,0.095
6300,0.328,0.564,0.108
6400,0.337,0.538,0.125
6500,0.332,0.543,0.125
6600,0.304,0.605,0.091
6700,0.287,0.629,0.084
6800,0.322,0.604,0.074
6900,0.327,0.580,0.093
7000,0.364,0.550,0.086
7100,0.388,0.536,0.076
7200,0.365,0.531,0.104
7300,0.344,0.541,0.115
7400,0.354,0.542,0.104
7500,0.436,0.472,0.092
7600,0.466,0.451,0.083
7700,0.518,0.374,0.108
7800,0.547,0.355,0.098
7900,0.537,0.378,0.085
8000,0.573,0.317,0.110
8100,0.605,0.302,0.093
8200,0.598,0.307,0.095
8300,0.657,0.251,0.092
8400,0.710,0.207,0.083
8500,0.691,0.225,0.084
8600,0.634,0.271,0.095
8700,0.555,0.335,0.110
8800,0.559,0.346,0.095
8900,0.627,0.275,0.098
9000,0.635,0.278,0.087
9100,0.595,0.305,0.100
9200,0.567,0.314,0.119
9300,0.648,0.249,0.103
9400,0.617,0.274,0.109
9500,0.661,0.240,0.099
9600,0.606,0.299,0.095
9700,0.535,0.339,0.126
9800,0.550,0.331,0.119
9900,0.574,0.320,0.106
10000,0.594,0.312,0.094
10100,0.558,0.342,0.100
10200,0.612,0.292,0.096
10300,0.530,0.383,0.087
10400,0.551,0.366,0.083
10500,0.545,0.364,0.091
10600,0.489,0.390,0.121
10700,0.453,0.421,0.126
10800,0.429,0.427,0.144
10900,0.389,0.465,0.146
11000,0.375,0.522,0.103
11100,0.383,0.512,0.105
11200,0.395,0.469,0.136
11300,0.434,0.470,0.096
11400,0.452,0.460,0.088
11500,0.475,0.414,0.111
11600,0.487,0.409,0.104
11700,0.471,0.448,0.081
11800,0.477,0.444,0.079
11900,0.546,0.338,0.116
12000,0.562,0.339,0.099
12100,0.580,0.299,0.121
12200,0.594,0.320,0.086
12300,0.581,0.333,0.086
12400,0.626,0.302,0.072
12500,0.629,0.263,0.108
12600,0.592,0.313,0.095
12700,0.544,0.364,0.092
12800,0.519,0.390,0.091
12900,0.554,0.329,0.117
13000,0.521,0.378,0.101
13100,0.519,0.359,0.122
13200,0.473,0.392,0.135
13300,0.522,0.370,0.108
13400,0.565,0.305,0.130
13500,0.620,0.271,0.109
13600,0.657,0.247,0.096
13700,0.645,0.216,0.139
13800,0.650,0.250,0.100
13900,0.657,0.236,0.107
14000,0.698,0.198,0.104
14100,0.749,0.177,0.074
14200,0.822,0.116,0.062
14300,0.853,0.095,0.052
14400,0.786,0.099,0.115
14500,0.802,0.119,0.079
14600,0.791,0.134,0.075
14700,0.856,0.070,0.074
14800,0.908,0.027,0.065
14900,0.951,0.013,0.036
15000,0.957,0.006,0.037
15100,0.967,0.003,0.030
15200,0.959,0.018,0.023
15300,0.958,0.012,0.030
15400,0.965,0.004,0.031
15500,0.939,0.036,0.025
15600,0.961,0.023,0.016
15700,0.983,0.007,0.010
15800,0.988,0.002,0.010
15900,0.994,0.001,0.005
16000,0.996,0.000,0.004
16100,0.996,0.000,0.004
16200,0.997,0.000,0.003
16300,0.999,0.000,0.001
16400,1.000,0.000,0.000
