time,n_A+p,n_B,n_AB
500,0.050,0.185,0.765
1000,0.136,0.025,0.839
1500,0.320,0.000,0.680
2000,0.297,0.000,0.703
2500,0.367,0.005,0.628
3000,0.394,0.000,0.606
3500,0.397,0.000,0.603
4000,0.252,0.000,0.748
4500,0.292,0.001,0.707
5000,0.337,0.000,0.663
5500,0.338,0.000,0.662
6000,0.314,0.000,0.686
6500,0.290,0.000,0.710
7000,0.290,0.014,0.696
7500,0.250,0.000,0.750
8000,0.173,0.009,0.818
8500,0.250,0.001,0.749
9000,0.323,0.000,0.677
9500,0.361,0.000,0.639
10000,0.312,0.000,0.688
10500,0.370,0.000,0.630
11000,0.332,0.000,0.668
11500,0.324,0.000,0.676
12000,0.289,0.000,0.711
12500,0.303,0.000,0.697
13000,0.425,0.000,0.575
13500,0.437,0.000,0.563
14000,0.242,0.000,0.758
14500,0.278,0.000,0.722
15000,0.339,0.000,0.661
15500,0.492,0.000,0.508
16000,0.337,0.000,0.663
16500,0.353,0.000,0.647
17000,0.273,0.000,0.727
17500,0.309,0.000,0.691
18000,0.399,0.000,0.601
18500,0.277,0.000,0.723
19000,0.285,0.000,0.715
19500,0.362,0.000,0.638
20000,0.315,0.000,0.685
20500,0.376,0.000,0.624
21000,0.358,0.000,0.642
21500,0.360,0.000,0.640
22000,0.355,0.000,0.645
22500,0.298,0.000,0.702
23000,0.225,0.016,0.759
23500,0.273,0.000,0.727
24000,0.316,0.000,0.684
24500,0.402,0.000,0.598
25000,0.388,0.000,0.612
25500,0.279,0.000,0.721
26000,0.317,0.000,0.683
26500,0.409,0.000,0.591
27000,0.316,0.000,0.684
27500,0.337,0.000,0.663
28000,0.349,0.002,0.649
28500,0.386,0.000,0.614
29000,0.309,0.000,0.691
29500,0.333,0.000,0.667
30000,0.289,0.016,0.695
30500,0.241,0.000,0.759
31000,0.345,0.000,0.655
31500,0.300,0.000,0.700
32000,0.374,0.000,0.626
32500,0.431,0.000,0.569
33000,0.402,0.000,0.598
33500,0.265,0.000,0.735
34000,0.255,0.000,0.745
34500,0.247,0.015,0.738
35000,0.259,0.001,0.740
35500,0.222,0.000,0.778
36000,0.321,0.000,0.679
36500,0.340,0.000,0.660
37000,0.353,0.000,0.647
37500,0.323,0.000,0.677
38000,0.329,0.000,0.671
38500,0.283,0.000,0.717
39000,0.350,0.000,0.650
39500,0.275,0.000,0.725
40000,0.356,0.000,0.644
40500,0.344,0.000,0.656
41000,0.427,0.000,0.573
41500,0.278,0.000,0.722
42000,0.338,0.000,0.662
42500,0.342,0.000,0.658
43000,0.245,0.000,0.755
43500,0.238,0.000,0.762
44000,0.260,0.000,0.740
44500,0.274,0.000,0.726
45000,0.333,0.000,0.667
45500,0.244,0.000,0.756
46000,0.342,0.000,0.658
46500,0.297,0.000,0.703
47000,0.422,0.000,0.578
47500,0.275,0.000,0.725
48000,0.398,0.003,0.599
48500,0.261,0.004,0.735
49000,0.313,0.000,0.687
49500,0.329,0.000,0.671
50000,0.451,0.000,0.549
50500,0.471,0.000,0.529
51000,0.305,0.000,0.695
51500,0.289,0.000,0.711
52000,0.373,0.000,0.627
52500,0.337,0.000,0.663
53000,0.282,0.000,0.718
53500,0.310,0.000,0.690
54000,0.316,0.000,0.684
54500,0.329,0.000,0.671
55000,0.269,0.000,0.731
55500,0.331,0.000,0.669
56000,0.327,0.000,0.673
56500,0.226,0.000,0.774
57000,0.445,0.000,0.555
57500,0.435,0.000,0.565
58000,0.353,0.000,0.647
58500,0.341,0.000,0.659
59000,0.448,0.000,0.552
59500,0.309,0.000,0.691
60000,0.404,0.000,0.596
60500,0.408,0.000,0.592
61000,0.284,0.000,0.716
61500,0.279,0.000,0.721
62000,0.358,0.000,0.642
62500,0.324,0.007,0.669
63000,0.278,0.004,0.718
63500,0.356,0.001,0.643
64000,0.357,0.000,0.643
64500,0.424,0.000,0.576
65000,0.349,0.000,0.651
65500,0.350,0.000,0.650
66000,0.381,0.000,0.619
66500,0.372,0.000,0.628
67000,0.326,0.000,0.674
67500,0.413,0.000,0.587
68000,0.314,0.000,0.686
68500,0.326,0.000,0.674
69000,0.306,0.000,0.694
69500,0.323,0.000,0.677
70000,0.340,0.000,0.660
70500,0.294,0.004,0.702
71000,0.354,0.000,0.646
71500,0.282,0.000,0.718
72000,0.316,0.000,0.684
72500,0.356,0.000,0.644
73000,0.285,0.000,0.715
73500,0.319,0.000,0.681
74000,0.358,0.000,0.642
74500,0.329,0.000,0.671
75000,0.296,0.000,0.704
75500,0.407,0.000,0.593
76000,0.321,0.000,0.679
76500,0.382,0.000,0.618
77000,0.317,0.000,0.683
77500,0.322,0.000,0.678
78000,0.332,0.000,0.668
78500,0.261,0.000,0.739
79000,0.313,0.000,0.687
79500,0.380,0.000,0.620
80000,0.261,0.000,0.739
80500,0.270,0.000,0.730
81000,0.337,0.000,0.663
81500,0.326,0.000,0.674
82000,0.351,0.000,0.649
82500,0.248,0.000,0.752
83000,0.350,0.000,0.650
83500,0.256,0.000,0.744
84000,0.287,0.000,0.713
84500,0.274,0.005,0.721
85000,0.297,0.000,0.703
85500,0.299,0.000,0.701
86000,0.278,0.000,0.722
86500,0.337,0.000,0.663
87000,0.423,0.000,0.577
87500,0.414,0.000,0.586
88000,0.412,0.000,0.588
88500,0.354,0.000,0.646
89000,0.309,0.000,0.691
89500,0.383,0.000,0.617
90000,0.378,0.000,0.622
90500,0.284,0.000,0.716
91000,0.333,0.000,0.667
91500,0.393,0.000,0.607
92000,0.330,0.000,0.670
92500,0.446,0.000,0.554
93000,0.282,0.005,0.713
93500,0.384,0.000,0.616
94000,0.265,0.000,0.735
94500,0.300,0.004,0.696
95000,0.314,0.000,0.686
95500,0.314,0.000,0.686
96000,0.351,0.000,0.649
96500,0.356,0.000,0.644
97000,0.264,0.000,0.736
97500,0.285,0.000,0.715
98000,0.319,0.000,0.681
98500,0.377,0.000,0.623
99000,0.317,0.000,0.683
99500,0.468,0.000,0.532
100000,0.349,0.000,0.651
100500,0.274,0.000,0.726
101000,0.378,0.000,0.622
101500,0.300,0.000,0.700
102000,0.356,0.000,0.644
102500,0.243,0.004,0.753
103000,0.369,0.000,0.631
103500,0.350,0.000,0.650
104000,0.283,0.000,0.717
104500,0.348,0.000,0.652
105000,0.251,0.002,0.747
105500,0.337,0.000,0.663
106000,0.365,0.000,0.635
106500,0.357,0.000,0.643
107000,0.402,0.000,0.598
107500,0.427,0.000,0.573
108000,0.370,0.000,0.630
108500,0.411,0.000,0.589
109000,0.338,0.000,0.662
109500,0.439,0.000,0.561
110000,0.274,0.000,0.726
110500,0.329,0.000,0.671
111000,0.332,0.000,0.668
111500,0.314,0.000,0.686
112000,0.301,0.000,0.699
112500,0.313,0.000,0.687
113000,0.395,0.000,0.605
113500,0.331,0.000,0.669
114000,0.282,0.000,0.718
114500,0.334,0.000,0.666
115000,0.351,0.000,0.649
115500,0.316,0.000,0.684
116000,0.427,0.000,0.573
116500,0.408,0.000,0.592
117000,0.367,0.000,0.633
117500,0.320,0.000,0.680
118000,0.317,0.000,0.683
118500,0.345,0.000,0.655
119000,0.319,0.000,0.681
119500,0.307,0.000,0.693
120000,0.364,0.000,0.636
120500,0.347,0.000,0.653
121000,0.378,0.000,0.622
121500,0.377,0.000,0.623
122000,0.398,0.000,0.602
122500,0.375,0.000,0.625
123000,0.430,0.000,0.570
123500,0.270,0.000,0.730
124000,0.284,0.000,0.716
124500,0.267,0.000,0.733
125000,0.277,0.001,0.722
125500,0.344,0.000,0.656
126000,0.282,0.000,0.718
126500,0.248,0.000,0.752
127000,0.302,0.000,0.698
127500,0.254,0.004,0.742
128000,0.376,0.000,0.624
128500,0.390,0.000,0.610
129000,0.274,0.000,0.726
129500,0.330,0.000,0.670
130000,0.296,0.000,0.704
130500,0.327,0.000,0.673
131000,0.417,0.000,0.583
131500,0.283,0.005,0.712
132000,0.336,0.000,0.664
132500,0.274,0.000,0.726
133000,0.331,0.000,0.669
133500,0.323,0.000,0.677
134000,0.297,0.003,0.700
134500,0.272,0.000,0.728
135000,0.305,0.000,0.695
135500,0.275,0.016,0.709
136000,0.278,0.002,0.720
136500,0.373,0.000,0.627
137000,0.300,0.000,0.700
137500,0.250,0.000,0.750
138000,0.304,0.000,0.696
138500,0.259,0.000,0.741
139000,0.424,0.000,0.576
139500,0.395,0.000,0.605
140000,0.388,0.000,0.612
140500,0.344,0.000,0.656
141000,0.275,0.000,0.725
141500,0.331,0.000,0.669
142000,0.413,0.000,0.587
142500,0.388,0.000,0.612
143000,0.410,0.000,0.590
143500,0.392,0.000,0.608
144000,0.311,0.000,0.689
144500,0.407,0.000,0.593
145000,0.307,0.000,0.693
145500,0.309,0.000,0.691
146000,0.359,0.000,0.641
146500,0.329,0.000,0.671
147000,0.405,0.000,0.595
147500,0.318,0.000,0.682
148000,0.277,0.000,0.723
148500,0.367,0.000,0.633
149000,0.395,0.000,0.605
149500,0.422,0.000,0.578
150000,0.409,0.000,0.591
150500,0.314,0.000,0.686
151000,0.414,0.000,0.586
151500,0.411,0.000,0.589
152000,0.346,0.000,0.654
152500,0.355,0.000,0.645
153000,0.373,0.000,0.627
153500,0.236,0.000,0.764
154000,0.320,0.000,0.680
154500,0.221,0.017,0.762
155000,0.322,0.000,0.678
155500,0.402,0.000,0.598
156000,0.430,0.000,0.570
156500,0.329,0.000,0.671
157000,0.339,0.000,0.661
157500,0.317,0.000,0.683
158000,0.337,0.000,0.663
158500,0.282,0.000,0.718
159000,0.284,0.000,0.716
159500,0.476,0.000,0.524
160000,0.306,0.000,0.694
160500,0.300,0.015,0.685
161000,0.308,0.000,0.692
161500,0.354,0.000,0.646
162000,0.394,0.000,0.606
162500,0.437,0.000,0.563
163000,0.328,0.001,0.671
163500,0.316,0.000,0.684
164000,0.351,0.000,0.649
164500,0.352,0.000,0.648
165000,0.385,0.000,0.615
165500,0.326,0.000,0.674
166000,0.374,0.000,0.626
166500,0.350,0.000,0.650
167000,0.239,0.003,0.758
167500,0.321,0.000,0.679
168000,0.419,0.000,0.581
168500,0.306,0.000,0.694
169000,0.311,0.000,0.689
169500,0.330,0.000,0.670
170000,0.284,0.000,0.716
170500,0.280,0.000,0.720
171000,0.260,0.009,0.731
171500,0.316,0.000,0.684
172000,0.348,0.000,0.652
172500,0.381,0.000,0.619
173000,0.295,0.000,0.705
173500,0.327,0.000,0.673
174000,0.217,0.012,0.771
174500,0.286,0.000,0.714
175000,0.332,0.000,0.668
175500,0.323,0.000,0.677
176000,0.320,0.000,0.680
176500,0.317,0.003,0.680
177000,0.432,0.000,0.568
177500,0.274,0.000,0.726
178000,0.296,0.001,0.703
178500,0.306,0.000,0.694
179000,0.398,0.000,0.602
179500,0.334,0.000,0.666
180000,0.331,0.000,0.669
180500,0.268,0.000,0.732
181000,0.258,0.000,0.742
181500,0.311,0.000,0.689
182000,0.273,0.016,0.711
182500,0.273,0.001,0.726
183000,0.248,0.000,0.752
183500,0.238,0.000,0.762
184000,0.311,0.000,0.689
184500,0.269,0.000,0.731
185000,0.407,0.000,0.593
185500,0.349,0.000,0.651
186000,0.335,0.000,0.665
186500,0.392,0.000,0.608
187000,0.222,0.000,0.778
187500,0.383,0.000,0.617
188000,0.340,0.000,0.660
188500,0.335,0.000,0.665
189000,0.347,0.000,0.653
189500,0.343,0.000,0.657
190000,0.282,0.000,0.718
190500,0.339,0.000,0.661
191000,0.290,0.000,0.710
191500,0.307,0.000,0.693
192000,0.320,0.000,0.680
192500,0.290,0.000,0.710
193000,0.364,0.000,0.636
193500,0.342,0.000,0.658
194000,0.281,0.014,0.705
194500,0.367,0.000,0.633
195000,0.359,0.000,0.641
195500,0.324,0.000,0.676
196000,0.440,0.000,0.560
196500,0.387,0.000,0.613
197000,0.373,0.000,0.627
197500,0.326,0.000,0.674
198000,0.321,0.000,0.679
198500,0.301,0.000,0.699
199000,0.332,0.000,0.668
199500,0.310,0.000,0.690
200000,0.247,0.000,0.753
200500,0.288,0.000,0.712
201000,0.303,0.000,0.697
201500,0.342,0.000,0.658
202000,0.335,0.000,0.665
202500,0.411,0.000,0.589
203000,0.359,0.007,0.634
203500,0.242,0.000,0.758
204000,0.408,0.000,0.592
204500,0.402,0.000,0.598
205000,0.342,0.000,0.658
205500,0.344,0.000,0.656
206000,0.285,0.000,0.715
206500,0.316,0.000,0.684
207000,0.326,0.000,0.674
207500,0.203,0.000,0.797
208000,0.358,0.000,0.642
208500,0.364,0.000,0.636
209000,0.409,0.000,0.591
209500,0.270,0.000,0.730
210000,0.355,0.000,0.645
210500,0.425,0.000,0.575
211000,0.346,0.000,0.654
211500,0.304,0.000,0.696
212000,0.363,0.000,0.637
212500,0.302,0.000,0.698
213000,0.457,0.005,0.538
213500,0.343,0.000,0.657
214000,0.306,0.000,0.694
214500,0.311,0.000,0.689
215000,0.367,0.000,0.633
215500,0.315,0.000,0.685
216000,0.274,0.000,0.726
216500,0.390,0.000,0.610
217000,0.409,0.000,0.591
217500,0.290,0.000,0.710
218000,0.252,0.000,0.748
218500,0.337,0.000,0.663
219000,0.334,0.009,0.657
219500,0.393,0.000,0.607
220000,0.415,0.000,0.585
220500,0.346,0.000,0.654
221000,0.320,0.000,0.680
221500,0.364,0.000,0.636
222000,0.324,0.000,0.676
222500,0.355,0.000,0.645
223000,0.404,0.000,0.596
223500,0.455,0.000,0.545
224000,0.304,0.000,0.696
224500,0.352,0.000,0.648
225000,0.367,0.000,0.633
225500,0.375,0.000,0.625
226000,0.341,0.000,0.659
226500,0.354,0.000,0.646
227000,0.223,0.002,0.775
227500,0.265,0.000,0.735
228000,0.224,0.000,0.776
228500,0.249,0.006,0.745
229000,0.273,0.001,0.726
229500,0.296,0.000,0.704
230000,0.375,0.000,0.625
230500,0.280,0.000,0.720
231000,0.295,0.001,0.704
231500,0.329,0.000,0.671
232000,0.348,0.000,0.652
232500,0.409,0.000,0.591
233000,0.347,0.000,0.653
233500,0.330,0.000,0.670
234000,0.298,0.000,0.702
234500,0.329,0.000,0.671
235000,0.219,0.000,0.781
235500,0.305,0.000,0.695
236000,0.297,0.000,0.703
236500,0.447,0.000,0.553
237000,0.435,0.000,0.565
237500,0.445,0.000,0.555
238000,0.384,0.000,0.616
238500,0.389,0.000,0.611
239000,0.397,0.000,0.603
239500,0.304,0.003,0.693
240000,0.341,0.000,0.659
240500,0.303,0.000,0.697
241000,0.337,0.000,0.663
241500,0.439,0.000,0.561
242000,0.348,0.000,0.652
242500,0.390,0.000,0.610
243000,0.391,0.000,0.609
243500,0.358,0.000,0.642
244000,0.338,0.000,0.662
244500,0.359,0.000,0.641
245000,0.345,0.000,0.655
245500,0.280,0.000,0.720
246000,0.448,0.000,0.552
246500,0.187,0.003,0.810
247000,0.356,0.000,0.644
247500,0.231,0.000,0.769
248000,0.349,0.000,0.651
248500,0.300,0.000,0.700
249000,0.363,0.000,0.637
249500,0.392,0.000,0.608
250000,0.279,0.000,0.721
250500,0.261,0.000,0.739
251000,0.343,0.000,0.657
251500,0.378,0.000,0.622
252000,0.432,0.000,0.568
252500,0.322,0.000,0.678
253000,0.491,0.000,0.509
253500,0.330,0.000,0.670
254000,0.347,0.000,0.653
254500,0.402,0.000,0.598
255000,0.335,0.000,0.665
255500,0.324,0.000,0.676
256000,0.381,0.000,0.619
256500,0.336,0.000,0.664
257000,0.307,0.000,0.693
257500,0.302,0.000,0.698
258000,0.339,0.000,0.661
258500,0.479,0.000,0.521
259000,0.445,0.000,0.555
259500,0.431,0.000,0.569
260000,0.290,0.000,0.710
260500,0.299,0.000,0.701
261000,0.461,0.000,0.539
261500,0.356,0.000,0.644
262000,0.392,0.000,0.608
262500,0.351,0.000,0.649
263000,0.386,0.000,0.614
263500,0.315,0.000,0.685
264000,0.251,0.000,0.749
264500,0.364,0.000,0.636
265000,0.371,0.000,0.629
265500,0.323,0.000,0.677
266000,0.442,0.000,0.558
266500,0.311,0.000,0.689
267000,0.387,0.000,0.613
267500,0.282,0.000,0.718
268000,0.308,0.000,0.692
268500,0.349,0.000,0.651
269000,0.340,0.000,0.660
269500,0.262,0.000,0.738
270000,0.257,0.000,0.743
270500,0.269,0.000,0.731
271000,0.305,0.000,0.695
271500,0.244,0.000,0.756
272000,0.317,0.000,0.683
272500,0.450,0.000,0.550
273000,0.307,0.000,0.693
273500,0.178,0.000,0.822
274000,0.268,0.009,0.723
274500,0.373,0.000,0.627
275000,0.312,0.000,0.688
275500,0.327,0.000,0.673
276000,0.368,0.000,0.632
276500,0.365,0.000,0.635
277000,0.347,0.000,0.653
277500,0.364,0.000,0.636
278000,0.337,0.000,0.663
278500,0.316,0.000,0.684
279000,0.386,0.000,0.614
279500,0.295,0.000,0.705
280000,0.309,0.000,0.691
280500,0.337,0.000,0.663
281000,0.356,0.000,0.644
281500,0.437,0.000,0.563
282000,0.314,0.002,0.684
282500,0.271,0.000,0.729
283000,0.330,0.000,0.670
283500,0.333,0.000,0.667
284000,0.280,0.000,0.720
284500,0.360,0.000,0.640
285000,0.292,0.000,0.708
285500,0.281,0.000,0.719
286000,0.309,0.000,0.691
286500,0.330,0.000,0.670
287000,0.264,0.000,0.736
287500,0.256,0.000,0.744
288000,0.293,0.000,0.707
288500,0.277,0.000,0.723
289000,0.340,0.000,0.660
289500,0.463,0.000,0.537
290000,0.386,0.000,0.614
290500,0.312,0.000,0.688
291000,0.338,0.000,0.662
291500,0.269,0.000,0.731
292000,0.248,0.001,0.751
292500,0.236,0.001,0.763
293000,0.369,0.000,0.631
293500,0.306,0.000,0.694
294000,0.371,0.000,0.629
294500,0.302,0.000,0.698
295000,0.258,0.000,0.742
295500,0.278,0.000,0.722
296000,0.397,0.000,0.603
296500,0.386,0.000,0.614
297000,0.344,0.000,0.656
297500,0.313,0.001,0.686
298000,0.409,0.000,0.591
298500,0.476,0.000,0.524
299000,0.368,0.000,0.632
299500,0.292,0.000,0.708
300000,0.385,0.000,0.615
300500,0.294,0.000,0.706
301000,0.391,0.000,0.609
301500,0.373,0.000,0.627
302000,0.283,0.001,0.716
302500,0.236,0.000,0.764
303000,0.312,0.000,0.688
303500,0.219,0.000,0.781
304000,0.310,0.000,0.690
304500,0.318,0.000,0.682
305000,0.313,0.000,0.687
305500,0.333,0.000,0.667
306000,0.312,0.000,0.688
306500,0.329,0.000,0.671
307000,0.354,0.000,0.646
307500,0.289,0.000,0.711
308000,0.299,0.000,0.701
308500,0.326,0.000,0.674
309000,0.309,0.000,0.691
309500,0.409,0.000,0.591
310000,0.342,0.000,0.658
310500,0.296,0.000,0.704
311000,0.295,0.000,0.705
311500,0.370,0.000,0.630
312000,0.254,0.000,0.746
312500,0.377,0.000,0.623
313000,0.276,0.000,0.724
313500,0.327,0.000,0.673
314000,0.277,0.000,0.723
314500,0.416,0.000,0.584
315000,0.294,0.000,0.706
315500,0.323,0.000,0.677
316000,0.249,0.000,0.751
316500,0.343,0.002,0.655
317000,0.403,0.000,0.597
317500,0.385,0.000,0.615
318000,0.417,0.000,0.583
318500,0.461,0.000,0.539
319000,0.395,0.000,0.605
319500,0.273,0.000,0.727
320000,0.310,0.000,0.690
320500,0.268,0.000,0.732
321000,0.299,0.000,0.701
321500,0.381,0.000,0.619
322000,0.345,0.000,0.655
322500,0.306,0.000,0.694
323000,0.342,0.000,0.658
323500,0.313,0.000,0.687
324000,0.307,0.003,0.690
324500,0.348,0.000,0.652
325000,0.258,0.002,0.740
325500,0.206,0.000,0.794
326000,0.286,0.000,0.714
326500,0.278,0.002,0.720
327000,0.345,0.000,0.655
327500,0.366,0.000,0.634
328000,0.390,0.000,0.610
328500,0.413,0.000,0.587
329000,0.275,0.005,0.720
329500,0.260,0.009,0.731
330000,0.211,0.000,0.789
330500,0.253,0.002,0.745
331000,0.290,0.000,0.710
331500,0.277,0.001,0.722
332000,0.397,0.000,0.603
332500,0.384,0.000,0.616
333000,0.377,0.000,0.623
333500,0.447,0.000,0.553
334000,0.279,0.000,0.721
334500,0.321,0.000,0.679
335000,0.348,0.000,0.652
335500,0.329,0.000,0.671
336000,0.297,0.000,0.703
336500,0.287,0.000,0.713
337000,0.358,0.000,0.642
337500,0.389,0.000,0.611
338000,0.279,0.000,0.721
338500,0.327,0.000,0.673
339000,0.340,0.000,0.660
339500,0.362,0.000,0.638
340000,0.280,0.000,0.720
340500,0.288,0.024,0.688
341000,0.256,0.000,0.744
341500,0.141,0.034,0.825
342000,0.347,0.004,0.649
342500,0.399,0.000,0.601
343000,0.244,0.015,0.741
343500,0.312,0.000,0.688
344000,0.319,0.000,0.681
344500,0.301,0.000,0.699
345000,0.367,0.000,0.633
345500,0.414,0.000,0.586
346000,0.311,0.000,0.689
346500,0.419,0.000,0.581
347000,0.276,0.000,0.724
347500,0.382,0.000,0.618
348000,0.243,0.001,0.756
348500,0.317,0.000,0.683
349000,0.384,0.000,0.616
349500,0.402,0.000,0.598
350000,0.326,0.000,0.674
350500,0.394,0.000,0.606
351000,0.392,0.000,0.608
351500,0.232,0.000,0.768
352000,0.271,0.000,0.729
352500,0.332,0.000,0.668
353000,0.372,0.000,0.628
353500,0.325,0.000,0.675
354000,0.382,0.000,0.618
354500,0.322,0.000,0.678
355000,0.388,0.000,0.612
355500,0.366,0.000,0.634
356000,0.386,0.000,0.614
356500,0.361,0.000,0.639
357000,0.291,0.000,0.709
357500,0.362,0.000,0.638
358000,0.353,0.000,0.647
358500,0.373,0.000,0.627
359000,0.331,0.000,0.669
359500,0.271,0.000,0.729
360000,0.332,0.000,0.668
360500,0.328,0.000,0.672
361000,0.390,0.000,0.610
361500,0.329,0.000,0.671
362000,0.351,0.000,0.649
362500,0.307,0.000,0.693
363000,0.368,0.000,0.632
363500,0.367,0.000,0.633
364000,0.300,0.000,0.700
364500,0.297,0.004,0.699
365000,0.309,0.000,0.691
365500,0.348,0.000,0.652
366000,0.268,0.000,0.732
366500,0.395,0.000,0.605
367000,0.360,0.000,0.640
367500,0.385,0.000,0.615
368000,0.468,0.000,0.532
368500,0.365,0.000,0.635
369000,0.355,0.000,0.645
369500,0.337,0.000,0.663
370000,0.431,0.000,0.569
370500,0.310,0.000,0.690
371000,0.348,0.000,0.652
371500,0.335,0.000,0.665
372000,0.377,0.000,0.623
372500,0.289,0.000,0.711
373000,0.272,0.000,0.728
373500,0.309,0.000,0.691
374000,0.357,0.000,0.643
374500,0.349,0.000,0.651
375000,0.429,0.000,0.571
375500,0.333,0.000,0.667
376000,0.372,0.000,0.628
376500,0.352,0.000,0.648
377000,0.279,0.000,0.721
377500,0.377,0.000,0.623
378000,0.405,0.000,0.595
378500,0.327,0.000,0.673
379000,0.364,0.000,0.636
379500,0.355,0.000,0.645
380000,0.311,0.000,0.689
380500,0.292,0.000,0.708
381000,0.307,0.000,0.693
381500,0.244,0.000,0.756
382000,0.313,0.001,0.686
382500,0.316,0.001,0.683
383000,0.356,0.000,0.644
383500,0.392,0.000,0.608
384000,0.351,0.000,0.649
384500,0.304,0.000,0.696
385000,0.339,0.000,0.661
385500,0.315,0.000,0.685
386000,0.245,0.000,0.755
386500,0.351,0.000,0.649
387000,0.314,0.000,0.686
387500,0.452,0.000,0.548
388000,0.444,0.000,0.556
388500,0.402,0.000,0.598
389000,0.375,0.000,0.625
389500,0.267,0.000,0.733
390000,0.251,0.000,0.749
390500,0.292,0.000,0.708
391000,0.250,0.000,0.750
391500,0.263,0.001,0.736
392000,0.314,0.000,0.686
392500,0.290,0.000,0.710
393000,0.257,0.000,0.743
393500,0.271,0.000,0.729
394000,0.315,0.000,0.685
394500,0.266,0.009,0.725
395000,0.340,0.000,0.660
395500,0.266,0.000,0.734
396000,0.323,0.000,0.677
396500,0.296,0.000,0.704
397000,0.281,0.000,0.719
397500,0.365,0.000,0.635
398000,0.379,0.000,0.621
398500,0.248,0.000,0.752
399000,0.353,0.000,0.647
399500,0.341,0.000,0.659
400000,0.433,0.000,0.567
400500,0.342,0.000,0.658
401000,0.260,0.000,0.740
401500,0.269,0.012,0.719
402000,0.382,0.000,0.618
402500,0.326,0.000,0.674
403000,0.297,0.000,0.703
403500,0.389,0.000,0.611
404000,0.323,0.000,0.677
404500,0.343,0.000,0.657
405000,0.215,0.000,0.785
405500,0.334,0.000,0.666
406000,0.393,0.000,0.607
406500,0.381,0.000,0.619
407000,0.325,0.000,0.675
407500,0.424,0.000,0.576
408000,0.308,0.000,0.692
408500,0.292,0.000,0.708
409000,0.298,0.000,0.702
409500,0.321,0.000,0.679
410000,0.342,0.000,0.658
410500,0.328,0.000,0.672
411000,0.282,0.000,0.718
411500,0.338,0.006,0.656
412000,0.304,0.000,0.696
412500,0.293,0.000,0.707
413000,0.297,0.000,0.703
413500,0.333,0.010,0.657
414000,0.323,0.001,0.676
414500,0.322,0.000,0.678
415000,0.332,0.000,0.668
415500,0.287,0.000,0.713
416000,0.267,0.000,0.733
416500,0.344,0.000,0.656
417000,0.234,0.000,0.766
417500,0.291,0.000,0.709
418000,0.281,0.009,0.710
418500,0.330,0.000,0.670
419000,0.423,0.000,0.577
419500,0.296,0.001,0.703
420000,0.315,0.000,0.685
420500,0.331,0.000,0.669
421000,0.346,0.000,0.654
421500,0.299,0.000,0.701
422000,0.303,0.000,0.697
422500,0.368,0.000,0.632
423000,0.260,0.000,0.740
423500,0.393,0.000,0.607
424000,0.249,0.000,0.751
424500,0.412,0.000,0.588
425000,0.343,0.000,0.657
425500,0.346,0.000,0.654
426000,0.267,0.000,0.733
426500,0.387,0.000,0.613
427000,0.322,0.000,0.678
427500,0.321,0.000,0.679
428000,0.365,0.000,0.635
428500,0.371,0.000,0.629
429000,0.314,0.000,0.686
429500,0.249,0.000,0.751
430000,0.245,0.000,0.755
430500,0.240,0.000,0.760
431000,0.305,0.000,0.695
431500,0.244,0.015,0.741
432000,0.308,0.000,0.692
432500,0.322,0.000,0.678
433000,0.310,0.000,0.690
433500,0.294,0.000,0.706
434000,0.309,0.000,0.691
434500,0.362,0.000,0.638
435000,0.364,0.000,0.636
435500,0.269,0.000,0.731
436000,0.334,0.000,0.666
436500,0.461,0.000,0.539
437000,0.277,0.000,0.723
437500,0.463,0.000,0.537
438000,0.419,0.000,0.581
438500,0.425,0.000,0.575
439000,0.396,0.000,0.604
439500,0.389,0.000,0.611
440000,0.360,0.000,0.640
440500,0.264,0.000,0.736
441000,0.297,0.000,0.703
441500,0.326,0.000,0.674
442000,0.390,0.000,0.610
442500,0.244,0.000,0.756
443000,0.319,0.000,0.681
443500,0.393,0.000,0.607
444000,0.328,0.000,0.672
444500,0.444,0.000,0.556
445000,0.313,0.000,0.687
445500,0.321,0.000,0.679
446000,0.516,0.000,0.484
446500,0.330,0.000,0.670
447000,0.319,0.004,0.677
447500,0.255,0.000,0.745
448000,0.305,0.000,0.695
448500,0.321,0.000,0.679
449000,0.322,0.000,0.678
449500,0.424,0.000,0.576
450000,0.309,0.000,0.691
450500,0.334,0.000,0.666
451000,0.384,0.000,0.616
451500,0.323,0.000,0.677
452000,0.299,0.000,0.701
452500,0.171,0.013,0.816
453000,0.237,0.000,0.763
453500,0.452,0.000,0.548
454000,0.373,0.000,0.627
454500,0.340,0.000,0.660
455000,0.438,0.000,0.562
455500,0.281,0.000,0.719
456000,0.253,0.000,0.747
456500,0.268,0.001,0.731
457000,0.313,0.002,0.685
457500,0.287,0.000,0.713
458000,0.283,0.000,0.717
458500,0.315,0.000,0.685
459000,0.414,0.000,0.586
459500,0.314,0.000,0.686
460000,0.362,0.000,0.638
460500,0.283,0.004,0.713
461000,0.313,0.000,0.687
461500,0.371,0.000,0.629
462000,0.390,0.000,0.610
462500,0.412,0.000,0.588
463000,0.291,0.000,0.709
463500,0.270,0.000,0.730
464000,0.253,0.000,0.747
464500,0.334,0.000,0.666
465000,0.310,0.000,0.690
465500,0.329,0.000,0.671
466000,0.247,0.002,0.751
466500,0.295,0.000,0.705
467000,0.348,0.000,0.652
467500,0.289,0.000,0.711
468000,0.272,0.000,0.728
468500,0.407,0.000,0.593
469000,0.226,0.000,0.774
469500,0.298,0.000,0.702
470000,0.448,0.000,0.552
470500,0.400,0.000,0.600
471000,0.209,0.012,0.779
471500,0.342,0.001,0.657
472000,0.350,0.000,0.650
472500,0.284,0.000,0.716
473000,0.449,0.000,0.551
473500,0.302,0.000,0.698
474000,0.446,0.000,0.554
474500,0.393,0.000,0.607
475000,0.373,0.000,0.627
475500,0.405,0.000,0.595
476000,0.359,0.000,0.641
476500,0.383,0.000,0.617
477000,0.305,0.000,0.695
477500,0.329,0.000,0.671
478000,0.361,0.000,0.639
478500,0.274,0.000,0.726
479000,0.473,0.000,0.527
479500,0.357,0.000,0.643
480000,0.251,0.003,0.746
480500,0.201,0.001,0.798
481000,0.328,0.000,0.672
481500,0.341,0.000,0.659
482000,0.388,0.000,0.612
482500,0.482,0.000,0.518
483000,0.472,0.000,0.528
483500,0.318,0.000,0.682
484000,0.321,0.000,0.679
484500,0.354,0.000,0.646
485000,0.428,0.000,0.572
485500,0.370,0.000,0.630
486000,0.229,0.000,0.771
486500,0.326,0.000,0.674
487000,0.328,0.000,0.672
487500,0.319,0.000,0.681
488000,0.405,0.000,0.595
488500,0.290,0.016,0.694
489000,0.386,0.000,0.614
489500,0.371,0.000,0.629
490000,0.295,0.000,0.705
490500,0.241,0.000,0.759
491000,0.401,0.000,0.599
491500,0.388,0.000,0.612
492000,0.273,0.000,0.727
492500,0.394,0.000,0.606
493000,0.491,0.000,0.509
493500,0.368,0.000,0.632
494000,0.480,0.000,0.520
494500,0.374,0.000,0.626
495000,0.356,0.000,0.644
495500,0.386,0.000,0.614
496000,0.343,0.000,0.657
496500,0.351,0.000,0.649
497000,0.337,0.000,0.663
497500,0.274,0.000,0.726
498000,0.329,0.000,0.671
498500,0.412,0.000,0.588
499000,0.391,0.000,0.609
499500,0.424,0.000,0.576
500000,0.327,0.000,0.673
500500,0.307,0.001,0.692
501000,0.285,0.000,0.715
501500,0.332,0.000,0.668
502000,0.395,0.000,0.605
502500,0.480,0.000,0.520
503000,0.357,0.000,0.643
503500,0.235,0.000,0.765
504000,0.282,0.000,0.718
504500,0.430,0.000,0.570
505000,0.349,0.000,0.651
505500,0.355,0.000,0.645
506000,0.453,0.000,0.547
506500,0.450,0.000,0.550
507000,0.386,0.000,0.614
507500,0.409,0.000,0.591
508000,0.284,0.000,0.716
508500,0.404,0.000,0.596
509000,0.351,0.000,0.649
509500,0.322,0.000,0.678
510000,0.256,0.001,0.743
510500,0.489,0.000,0.511
511000,0.383,0.000,0.617
511500,0.411,0.000,0.589
512000,0.363,0.000,0.637
512500,0.324,0.000,0.676
513000,0.279,0.000,0.721
513500,0.319,0.000,0.681
514000,0.316,0.000,0.684
514500,0.381,0.000,0.619
515000,0.342,0.000,0.658
515500,0.329,0.000,0.671
516000,0.394,0.000,0.606
516500,0.458,0.000,0.542
517000,0.379,0.000,0.621
517500,0.293,0.001,0.706
518000,0.297,0.000,0.703
518500,0.365,0.000,0.635
519000,0.329,0.000,0.671
519500,0.259,0.000,0.741
520000,0.317,0.000,0.683
520500,0.349,0.000,0.651
521000,0.331,0.000,0.669
521500,0.384,0.000,0.616
522000,0.362,0.000,0.638
522500,0.398,0.000,0.602
523000,0.395,0.000,0.605
523500,0.467,0.000,0.533
524000,0.448,0.000,0.552
524500,0.439,0.000,0.561
525000,0.354,0.000,0.646
525500,0.310,0.000,0.690
526000,0.417,0.000,0.583
526500,0.431,0.000,0.569
527000,0.325,0.000,0.675
527500,0.343,0.000,0.657
528000,0.272,0.000,0.728
528500,0.283,0.014,0.703
529000,0.326,0.000,0.674
529500,0.290,0.000,0.710
530000,0.250,0.016,0.734
530500,0.334,0.000,0.666
531000,0.431,0.000,0.569
531500,0.332,0.000,0.668
532000,0.316,0.000,0.684
532500,0.267,0.000,0.733
533000,0.294,0.000,0.706
533500,0.279,0.000,0.721
534000,0.353,0.000,0.647
534500,0.447,0.000,0.553
535000,0.393,0.000,0.607
535500,0.325,0.000,0.675
536000,0.372,0.000,0.628
536500,0.287,0.000,0.713
537000,0.403,0.000,0.597
537500,0.306,0.000,0.694
538000,0.334,0.000,0.666
538500,0.295,0.000,0.705
539000,0.321,0.000,0.679
539500,0.383,0.000,0.617
540000,0.405,0.000,0.595
540500,0.379,0.000,0.621
541000,0.236,0.004,0.760
541500,0.312,0.000,0.688
542000,0.365,0.000,0.635
542500,0.407,0.000,0.593
543000,0.254,0.000,0.746
543500,0.365,0.000,0.635
544000,0.382,0.000,0.618
544500,0.316,0.000,0.684
545000,0.302,0.000,0.698
545500,0.244,0.008,0.748
546000,0.298,0.001,0.701
546500,0.474,0.000,0.526
547000,0.278,0.000,0.722
547500,0.448,0.000,0.552
548000,0.360,0.000,0.640
548500,0.400,0.000,0.600
549000,0.396,0.000,0.604
549500,0.359,0.000,0.641
550000,0.247,0.000,0.753
550500,0.352,0.000,0.648
551000,0.337,0.000,0.663
551500,0.251,0.006,0.743
552000,0.264,0.010,0.726
552500,0.397,0.000,0.603
553000,0.262,0.000,0.738
553500,0.365,0.000,0.635
554000,0.372,0.000,0.628
554500,0.366,0.000,0.634
555000,0.296,0.000,0.704
555500,0.387,0.000,0.613
556000,0.268,0.000,0.732
556500,0.360,0.000,0.640
557000,0.265,0.012,0.723
557500,0.268,0.001,0.731
558000,0.517,0.000,0.483
558500,0.348,0.000,0.652
559000,0.424,0.000,0.576
559500,0.367,0.000,0.633
560000,0.301,0.000,0.699
560500,0.280,0.000,0.720
561000,0.288,0.000,0.712
561500,0.322,0.002,0.676
562000,0.281,0.000,0.719
562500,0.320,0.005,0.675
563000,0.269,0.000,0.731
563500,0.284,0.000,0.716
564000,0.380,0.000,0.620
564500,0.391,0.000,0.609
565000,0.316,0.000,0.684
565500,0.347,0.000,0.653
566000,0.302,0.000,0.698
566500,0.290,0.000,0.710
567000,0.338,0.000,0.662
567500,0.286,0.000,0.714
568000,0.216,0.010,0.774
568500,0.296,0.004,0.700
569000,0.324,0.000,0.676
569500,0.405,0.000,0.595
570000,0.365,0.000,0.635
570500,0.333,0.000,0.667
571000,0.218,0.000,0.782
571500,0.325,0.000,0.675
572000,0.278,0.000,0.722
572500,0.344,0.014,0.642
573000,0.275,0.000,0.725
573500,0.365,0.000,0.635
574000,0.348,0.000,0.652
574500,0.328,0.000,0.672
575000,0.330,0.000,0.670
575500,0.347,0.000,0.653
576000,0.331,0.000,0.669
576500,0.257,0.000,0.743
577000,0.312,0.000,0.688
577500,0.249,0.000,0.751
578000,0.232,0.000,0.768
578500,0.291,0.000,0.709
579000,0.423,0.000,0.577
579500,0.330,0.000,0.670
580000,0.277,0.000,0.723
580500,0.306,0.000,0.694
581000,0.311,0.016,0.673
581500,0.319,0.000,0.681
582000,0.345,0.000,0.655
582500,0.312,0.000,0.688
583000,0.271,0.000,0.729
583500,0.376,0.000,0.624
584000,0.451,0.000,0.549
584500,0.479,0.000,0.521
585000,0.442,0.000,0.558
585500,0.356,0.000,0.644
586000,0.383,0.000,0.617
586500,0.325,0.000,0.675
587000,0.257,0.001,0.742
587500,0.343,0.000,0.657
588000,0.433,0.000,0.567
588500,0.356,0.000,0.644
589000,0.282,0.000,0.718
589500,0.431,0.000,0.569
590000,0.246,0.000,0.754
590500,0.375,0.000,0.625
591000,0.415,0.000,0.585
591500,0.415,0.000,0.585
592000,0.445,0.000,0.555
592500,0.456,0.000,0.544
593000,0.380,0.000,0.620
593500,0.428,0.000,0.572
594000,0.357,0.000,0.643
594500,0.329,0.000,0.671
595000,0.389,0.000,0.611
595500,0.281,0.000,0.719
596000,0.433,0.000,0.567
596500,0.441,0.000,0.559
597000,0.394,0.000,0.606
597500,0.321,0.000,0.679
598000,0.407,0.000,0.593
598500,0.254,0.000,0.746
599000,0.334,0.000,0.666
599500,0.232,0.000,0.768
600000,0.281,0.000,0.719
600500,0.258,0.000,0.742
601000,0.296,0.000,0.704
601500,0.308,0.000,0.692
602000,0.292,0.000,0.708
602500,0.366,0.000,0.634
603000,0.327,0.000,0.673
603500,0.314,0.000,0.686
604000,0.338,0.000,0.662
604500,0.328,0.000,0.672
605000,0.437,0.000,0.563
605500,0.263,0.000,0.737
606000,0.211,0.020,0.769
606500,0.310,0.001,0.689
607000,0.409,0.000,0.591
607500,0.311,0.000,0.689
608000,0.344,0.000,0.656
608500,0.434,0.000,0.566
609000,0.307,0.000,0.693
609500,0.279,0.000,0.721
610000,0.269,0.000,0.731
610500,0.249,0.000,0.751
611000,0.324,0.000,0.676
611500,0.263,0.000,0.737
612000,0.295,0.000,0.705
612500,0.438,0.000,0.562
613000,0.223,0.000,0.777
613500,0.372,0.000,0.628
614000,0.513,0.000,0.487
614500,0.355,0.000,0.645
615000,0.332,0.000,0.668
615500,0.273,0.000,0.727
616000,0.273,0.000,0.727
616500,0.325,0.000,0.675
617000,0.399,0.000,0.601
617500,0.314,0.000,0.686
618000,0.279,0.000,0.721
618500,0.265,0.000,0.735
619000,0.342,0.000,0.658
619500,0.432,0.000,0.568
620000,0.313,0.000,0.687
620500,0.320,0.000,0.680
621000,0.428,0.000,0.572
621500,0.460,0.000,0.540
622000,0.307,0.000,0.693
622500,0.317,0.000,0.683
623000,0.239,0.006,0.755
623500,0.306,0.005,0.689
624000,0.354,0.000,0.646
624500,0.359,0.000,0.641
625000,0.402,0.000,0.598
625500,0.463,0.000,0.537
626000,0.428,0.000,0.572
626500,0.427,0.000,0.573
627000,0.283,0.000,0.717
627500,0.372,0.000,0.628
628000,0.345,0.000,0.655
628500,0.228,0.011,0.761
629000,0.211,0.000,0.789
629500,0.378,0.000,0.622
630000,0.342,0.000,0.658
630500,0.341,0.000,0.659
631000,0.353,0.000,0.647
631500,0.417,0.000,0.583
632000,0.339,0.000,0.661
632500,0.292,0.000,0.708
633000,0.291,0.000,0.709
633500,0.349,0.000,0.651
634000,0.316,0.000,0.684
634500,0.340,0.000,0.660
635000,0.321,0.000,0.679
635500,0.270,0.000,0.730
636000,0.296,0.000,0.704
636500,0.342,0.000,0.658
637000,0.376,0.000,0.624
637500,0.308,0.000,0.692
638000,0.345,0.000,0.655
638500,0.442,0.000,0.558
639000,0.416,0.000,0.584
639500,0.361,0.000,0.639
640000,0.192,0.000,0.808
640500,0.345,0.000,0.655
641000,0.359,0.000,0.641
641500,0.327,0.000,0.673
642000,0.296,0.000,0.704
642500,0.279,0.000,0.721
643000,0.355,0.000,0.645
643500,0.239,0.000,0.761
644000,0.310,0.000,0.690
644500,0.342,0.000,0.658
645000,0.379,0.000,0.621
645500,0.359,0.000,0.641
646000,0.385,0.000,0.615
646500,0.418,0.000,0.582
647000,0.311,0.000,0.689
647500,0.327,0.000,0.673
648000,0.369,0.000,0.631
648500,0.269,0.000,0.731
649000,0.356,0.000,0.644
649500,0.304,0.000,0.696
650000,0.286,0.000,0.714
650500,0.364,0.004,0.632
651000,0.341,0.000,0.659
651500,0.415,0.000,0.585
652000,0.336,0.000,0.664
652500,0.355,0.000,0.645
653000,0.366,0.000,0.634
653500,0.346,0.000,0.654
654000,0.315,0.000,0.685
654500,0.345,0.000,0.655
655000,0.241,0.000,0.759
655500,0.291,0.000,0.709
656000,0.275,0.000,0.725
656500,0.398,0.000,0.602
657000,0.450,0.000,0.550
657500,0.349,0.000,0.651
658000,0.353,0.000,0.647
658500,0.321,0.000,0.679
659000,0.296,0.000,0.704
659500,0.307,0.000,0.693
660000,0.277,0.000,0.723
660500,0.287,0.000,0.713
661000,0.289,0.000,0.711
661500,0.278,0.000,0.722
662000,0.260,0.000,0.740
662500,0.259,0.000,0.741
663000,0.236,0.000,0.764
663500,0.290,0.000,0.710
664000,0.333,0.000,0.667
664500,0.350,0.000,0.650
665000,0.392,0.000,0.608
665500,0.272,0.000,0.728
666000,0.293,0.000,0.707
666500,0.299,0.000,0.701
667000,0.410,0.000,0.590
667500,0.337,0.000,0.663
668000,0.383,0.000,0.617
668500,0.284,0.000,0.716
669000,0.263,0.000,0.737
669500,0.263,0.000,0.737
670000,0.398,0.000,0.602
670500,0.281,0.002,0.717
671000,0.339,0.000,0.661
671500,0.299,0.000,0.701
672000,0.356,0.000,0.644
672500,0.341,0.000,0.659
673000,0.314,0.000,0.686
673500,0.312,0.000,0.688
674000,0.308,0.000,0.692
674500,0.296,0.000,0.704
675000,0.335,0.000,0.665
675500,0.270,0.000,0.730
676000,0.315,0.004,0.681
676500,0.324,0.000,0.676
677000,0.340,0.000,0.660
677500,0.324,0.000,0.676
678000,0.394,0.000,0.606
678500,0.382,0.000,0.618
679000,0.251,0.000,0.749
679500,0.339,0.000,0.661
680000,0.416,0.000,0.584
680500,0.341,0.000,0.659
681000,0.338,0.000,0.662
681500,0.453,0.000,0.547
682000,0.337,0.000,0.663
682500,0.349,0.000,0.651
683000,0.334,0.000,0.666
683500,0.332,0.000,0.668
684000,0.357,0.000,0.643
684500,0.338,0.000,0.662
685000,0.334,0.005,0.661
685500,0.394,0.000,0.606
686000,0.322,0.000,0.678
686500,0.412,0.000,0.588
687000,0.482,0.001,0.517
687500,0.421,0.000,0.579
688000,0.367,0.000,0.633
688500,0.209,0.000,0.791
689000,0.192,0.000,0.808
689500,0.327,0.000,0.673
690000,0.333,0.000,0.667
690500,0.371,0.000,0.629
691000,0.440,0.000,0.560
691500,0.400,0.000,0.600
692000,0.297,0.000,0.703
692500,0.387,0.000,0.613
693000,0.290,0.000,0.710
693500,0.451,0.000,0.549
694000,0.371,0.000,0.629
694500,0.352,0.000,0.648
695000,0.318,0.000,0.682
695500,0.334,0.002,0.664
696000,0.363,0.000,0.637
696500,0.337,0.000,0.663
697000,0.362,0.000,0.638
697500,0.347,0.000,0.653
698000,0.412,0.000,0.588
698500,0.260,0.000,0.740
699000,0.321,0.000,0.679
699500,0.370,0.000,0.630
700000,0.349,0.000,0.651
700500,0.418,0.000,0.582
701000,0.315,0.000,0.685
701500,0.279,0.000,0.721
702000,0.359,0.000,0.641
702500,0.233,0.012,0.755
703000,0.329,0.000,0.671
703500,0.387,0.000,0.613
704000,0.397,0.000,0.603
704500,0.274,0.000,0.726
705000,0.322,0.000,0.678
705500,0.364,0.000,0.636
706000,0.340,0.000,0.660
706500,0.258,0.001,0.741
707000,0.301,0.000,0.699
707500,0.304,0.000,0.696
708000,0.251,0.000,0.749
708500,0.331,0.000,0.669
709000,0.376,0.000,0.624
709500,0.398,0.000,0.602
710000,0.367,0.000,0.633
710500,0.339,0.000,0.661
711000,0.380,0.000,0.620
711500,0.398,0.000,0.602
712000,0.384,0.000,0.616
712500,0.282,0.000,0.718
713000,0.372,0.000,0.628
713500,0.414,0.000,0.586
714000,0.391,0.000,0.609
714500,0.298,0.000,0.702
715000,0.404,0.000,0.596
715500,0.309,0.000,0.691
716000,0.416,0.000,0.584
716500,0.388,0.000,0.612
717000,0.345,0.000,0.655
717500,0.274,0.003,0.723
718000,0.346,0.000,0.654
718500,0.361,0.000,0.639
719000,0.320,0.000,0.680
719500,0.419,0.000,0.581
720000,0.406,0.000,0.594
720500,0.371,0.000,0.629
721000,0.323,0.000,0.677
721500,0.262,0.000,0.738
722000,0.373,0.001,0.626
722500,0.365,0.000,0.635
723000,0.291,0.000,0.709
723500,0.324,0.000,0.676
724000,0.322,0.000,0.678
724500,0.325,0.000,0.675
725000,0.323,0.000,0.677
725500,0.329,0.000,0.671
726000,0.345,0.000,0.655
726500,0.307,0.000,0.693
727000,0.300,0.000,0.700
727500,0.306,0.000,0.694
728000,0.287,0.000,0.713
728500,0.257,0.000,0.743
729000,0.248,0.002,0.750
729500,0.354,0.000,0.646
730000,0.343,0.000,0.657
730500,0.336,0.000,0.664
731000,0.317,0.008,0.675
731500,0.398,0.000,0.602
732000,0.332,0.000,0.668
732500,0.412,0.000,0.588
733000,0.395,0.000,0.605
733500,0.322,0.000,0.678
734000,0.433,0.000,0.567
734500,0.219,0.000,0.781
735000,0.325,0.000,0.675
735500,0.441,0.000,0.559
736000,0.243,0.000,0.757
736500,0.278,0.000,0.722
737000,0.274,0.000,0.726
737500,0.339,0.000,0.661
738000,0.353,0.000,0.647
738500,0.288,0.000,0.712
739000,0.332,0.000,0.668
739500,0.306,0.000,0.694
740000,0.364,0.000,0.636
740500,0.385,0.000,0.615
741000,0.335,0.000,0.665
741500,0.229,0.000,0.771
742000,0.303,0.000,0.697
742500,0.336,0.000,0.664
743000,0.399,0.000,0.601
743500,0.310,0.000,0.690
744000,0.349,0.000,0.651
744500,0.362,0.000,0.638
745000,0.276,0.000,0.724
745500,0.338,0.000,0.662
746000,0.360,0.000,0.640
746500,0.304,0.000,0.696
747000,0.303,0.000,0.697
747500,0.399,0.000,0.601
748000,0.349,0.000,0.651
748500,0.249,0.000,0.751
749000,0.292,0.007,0.701
749500,0.326,0.000,0.674
750000,0.335,0.000,0.665
750500,0.315,0.000,0.685
751000,0.253,0.004,0.743
751500,0.449,0.000,0.551
752000,0.312,0.000,0.688
752500,0.378,0.000,0.622
753000,0.399,0.000,0.601
753500,0.343,0.000,0.657
754000,0.314,0.002,0.684
754500,0.302,0.000,0.698
755000,0.228,0.003,0.769
755500,0.261,0.000,0.739
756000,0.321,0.000,0.679
756500,0.293,0.000,0.707
757000,0.317,0.000,0.683
757500,0.332,0.000,0.668
758000,0.307,0.000,0.693
758500,0.268,0.000,0.732
759000,0.378,0.000,0.622
759500,0.422,0.000,0.578
760000,0.366,0.000,0.634
760500,0.404,0.000,0.596
761000,0.380,0.000,0.620
761500,0.376,0.000,0.624
762000,0.257,0.000,0.743
762500,0.322,0.000,0.678
763000,0.280,0.000,0.720
763500,0.423,0.000,0.577
764000,0.278,0.000,0.722
764500,0.356,0.000,0.644
765000,0.423,0.000,0.577
765500,0.379,0.000,0.621
766000,0.278,0.000,0.722
766500,0.296,0.000,0.704
767000,0.297,0.000,0.703
767500,0.296,0.000,0.704
768000,0.354,0.000,0.646
768500,0.262,0.000,0.738
769000,0.309,0.000,0.691
769500,0.362,0.001,0.637
770000,0.304,0.000,0.696
770500,0.334,0.001,0.665
771000,0.297,0.000,0.703
771500,0.408,0.000,0.592
772000,0.384,0.000,0.616
772500,0.319,0.001,0.680
773000,0.253,0.001,0.746
773500,0.222,0.008,0.770
774000,0.373,0.004,0.623
774500,0.316,0.000,0.684
775000,0.308,0.000,0.692
775500,0.365,0.000,0.635
776000,0.307,0.000,0.693
776500,0.317,0.000,0.683
777000,0.266,0.000,0.734
777500,0.348,0.000,0.652
778000,0.295,0.000,0.705
778500,0.287,0.000,0.713
779000,0.386,0.000,0.614
779500,0.373,0.000,0.627
780000,0.365,0.000,0.635
780500,0.373,0.000,0.627
781000,0.315,0.000,0.685
781500,0.298,0.000,0.702
782000,0.283,0.000,0.717
782500,0.312,0.000,0.688
783000,0.263,0.000,0.737
783500,0.337,0.000,0.663
784000,0.258,0.000,0.742
784500,0.294,0.003,0.703
785000,0.388,0.000,0.612
785500,0.273,0.000,0.727
786000,0.288,0.000,0.712
786500,0.289,0.009,0.702
787000,0.329,0.002,0.669
787500,0.369,0.001,0.630
788000,0.332,0.000,0.668
788500,0.368,0.000,0.632
789000,0.278,0.000,0.722
789500,0.343,0.000,0.657
790000,0.231,0.000,0.769
790500,0.321,0.000,0.679
791000,0.349,0.000,0.651
791500,0.463,0.000,0.537
792000,0.357,0.000,0.643
792500,0.317,0.000,0.683
793000,0.418,0.000,0.582
793500,0.447,0.000,0.553
794000,0.320,0.000,0.680
794500,0.311,0.000,0.689
795000,0.291,0.000,0.709
795500,0.322,0.000,0.678
796000,0.323,0.000,0.677
796500,0.364,0.000,0.636
797000,0.285,0.000,0.715
797500,0.304,0.001,0.695
798000,0.290,0.000,0.710
798500,0.371,0.000,0.629
799000,0.302,0.000,0.698
799500,0.327,0.000,0.673
800000,0.281,0.000,0.719
800500,0.317,0.000,0.683
801000,0.374,0.000,0.626
801500,0.251,0.000,0.749
802000,0.255,0.000,0.745
802500,0.250,0.000,0.750
803000,0.353,0.000,0.647
803500,0.344,0.000,0.656
804000,0.292,0.000,0.708
804500,0.398,0.000,0.602
805000,0.331,0.000,0.669
805500,0.249,0.000,0.751
806000,0.338,0.000,0.662
806500,0.328,0.000,0.672
807000,0.361,0.000,0.639
807500,0.233,0.005,0.762
808000,0.360,0.000,0.640
808500,0.343,0.000,0.657
809000,0.347,0.000,0.653
809500,0.300,0.004,0.696
810000,0.296,0.001,0.703
810500,0.334,0.000,0.666
811000,0.419,0.000,0.581
811500,0.439,0.000,0.561
812000,0.361,0.000,0.639
812500,0.352,0.000,0.648
813000,0.377,0.000,0.623
813500,0.318,0.000,0.682
814000,0.351,0.000,0.649
814500,0.274,0.003,0.723
815000,0.297,0.000,0.703
815500,0.358,0.000,0.642
816000,0.299,0.000,0.701
816500,0.339,0.000,0.661
817000,0.343,0.000,0.657
817500,0.266,0.000,0.734
818000,0.303,0.000,0.697
818500,0.297,0.000,0.703
819000,0.343,0.000,0.657
819500,0.307,0.000,0.693
820000,0.322,0.000,0.678
820500,0.405,0.000,0.595
821000,0.323,0.000,0.677
821500,0.250,0.000,0.750
822000,0.282,0.000,0.718
822500,0.269,0.000,0.731
823000,0.307,0.000,0.693
823500,0.300,0.000,0.700
824000,0.448,0.000,0.552
824500,0.404,0.000,0.596
825000,0.365,0.000,0.635
825500,0.327,0.000,0.673
826000,0.409,0.000,0.591
826500,0.303,0.000,0.697
827000,0.301,0.000,0.699
827500,0.264,0.000,0.736
828000,0.299,0.002,0.699
828500,0.278,0.000,0.722
829000,0.292,0.000,0.708
829500,0.336,0.000,0.664
830000,0.230,0.000,0.770
830500,0.327,0.000,0.673
831000,0.371,0.000,0.629
831500,0.380,0.000,0.620
832000,0.354,0.000,0.646
832500,0.293,0.000,0.707
833000,0.349,0.000,0.651
833500,0.287,0.000,0.713
834000,0.323,0.000,0.677
834500,0.310,0.004,0.686
835000,0.230,0.000,0.770
835500,0.376,0.000,0.624
836000,0.359,0.000,0.641
836500,0.289,0.000,0.711
837000,0.233,0.000,0.767
837500,0.327,0.000,0.673
838000,0.279,0.000,0.721
838500,0.312,0.000,0.688
839000,0.353,0.000,0.647
839500,0.355,0.000,0.645
840000,0.380,0.000,0.620
840500,0.358,0.000,0.642
841000,0.316,0.000,0.684
841500,0.399,0.000,0.601
842000,0.359,0.000,0.641
842500,0.367,0.000,0.633
843000,0.297,0.000,0.703
843500,0.255,0.000,0.745
844000,0.270,0.004,0.726
844500,0.280,0.000,0.720
845000,0.398,0.000,0.602
845500,0.277,0.000,0.723
846000,0.365,0.000,0.635
846500,0.371,0.000,0.629
847000,0.274,0.006,0.720
847500,0.358,0.000,0.642
848000,0.363,0.000,0.637
848500,0.314,0.000,0.686
849000,0.354,0.000,0.646
849500,0.396,0.000,0.604
850000,0.407,0.000,0.593
850500,0.318,0.000,0.682
851000,0.284,0.000,0.716
851500,0.358,0.000,0.642
852000,0.438,0.000,0.562
852500,0.399,0.000,0.601
853000,0.360,0.000,0.640
853500,0.299,0.000,0.701
854000,0.194,0.027,0.779
854500,0.295,0.000,0.705
855000,0.293,0.000,0.707
855500,0.343,0.000,0.657
856000,0.376,0.000,0.624
856500,0.311,0.000,0.689
857000,0.260,0.000,0.740
857500,0.286,0.007,0.707
858000,0.273,0.000,0.727
858500,0.360,0.000,0.640
859000,0.392,0.000,0.608
859500,0.299,0.004,0.697
860000,0.353,0.000,0.647
860500,0.368,0.000,0.632
861000,0.338,0.000,0.662
861500,0.310,0.000,0.690
862000,0.349,0.000,0.651
862500,0.309,0.000,0.691
863000,0.334,0.000,0.666
863500,0.281,0.000,0.719
864000,0.267,0.000,0.733
864500,0.304,0.000,0.696
865000,0.292,0.000,0.708
865500,0.256,0.000,0.744
866000,0.266,0.000,0.734
866500,0.316,0.000,0.684
867000,0.371,0.000,0.629
867500,0.268,0.006,0.726
868000,0.304,0.000,0.696
868500,0.225,0.010,0.765
869000,0.403,0.000,0.597
869500,0.324,0.000,0.676
870000,0.342,0.000,0.658
870500,0.288,0.000,0.712
871000,0.330,0.000,0.670
871500,0.291,0.000,0.709
872000,0.310,0.000,0.690
872500,0.296,0.000,0.704
873000,0.350,0.000,0.650
873500,0.338,0.000,0.662
874000,0.311,0.000,0.689
874500,0.274,0.000,0.726
875000,0.284,0.000,0.716
875500,0.294,0.000,0.706
876000,0.393,0.000,0.607
876500,0.306,0.000,0.694
877000,0.313,0.000,0.687
877500,0.374,0.000,0.626
878000,0.267,0.000,0.733
878500,0.368,0.000,0.632
879000,0.356,0.000,0.644
879500,0.285,0.000,0.715
880000,0.417,0.000,0.583
880500,0.350,0.000,0.650
881000,0.396,0.000,0.604
881500,0.475,0.000,0.525
882000,0.277,0.000,0.723
882500,0.361,0.000,0.639
883000,0.349,0.000,0.651
883500,0.278,0.000,0.722
884000,0.361,0.000,0.639
884500,0.359,0.000,0.641
885000,0.317,0.000,0.683
885500,0.397,0.000,0.603
886000,0.358,0.000,0.642
886500,0.375,0.000,0.625
887000,0.291,0.000,0.709
887500,0.305,0.000,0.695
888000,0.370,0.000,0.630
888500,0.274,0.000,0.726
889000,0.363,0.000,0.637
889500,0.428,0.000,0.572
890000,0.307,0.000,0.693
890500,0.273,0.002,0.725
891000,0.248,0.001,0.751
891500,0.281,0.000,0.719
892000,0.324,0.000,0.676
892500,0.323,0.000,0.677
893000,0.335,0.000,0.665
893500,0.377,0.000,0.623
894000,0.294,0.000,0.706
894500,0.198,0.000,0.802
895000,0.260,0.000,0.740
895500,0.335,0.000,0.665
896000,0.351,0.000,0.649
896500,0.294,0.009,0.697
897000,0.312,0.000,0.688
897500,0.319,0.000,0.681
898000,0.336,0.000,0.664
898500,0.289,0.008,0.703
899000,0.231,0.000,0.769
899500,0.289,0.000,0.711
900000,0.323,0.000,0.677
900500,0.249,0.000,0.751
901000,0.229,0.000,0.771
901500,0.441,0.000,0.559
902000,0.349,0.000,0.651
902500,0.363,0.000,0.637
903000,0.356,0.000,0.644
903500,0.289,0.000,0.711
904000,0.362,0.000,0.638
904500,0.420,0.000,0.580
905000,0.366,0.000,0.634
905500,0.412,0.000,0.588
906000,0.370,0.000,0.630
906500,0.327,0.000,0.673
907000,0.344,0.000,0.656
907500,0.242,0.000,0.758
908000,0.316,0.000,0.684
908500,0.375,0.000,0.625
909000,0.337,0.000,0.663
909500,0.461,0.000,0.539
910000,0.361,0.000,0.639
910500,0.455,0.000,0.545
911000,0.364,0.000,0.636
911500,0.326,0.000,0.674
912000,0.349,0.000,0.651
912500,0.412,0.000,0.588
913000,0.342,0.000,0.658
913500,0.301,0.000,0.699
914000,0.419,0.000,0.581
914500,0.344,0.000,0.656
915000,0.297,0.000,0.703
915500,0.350,0.000,0.650
916000,0.298,0.000,0.702
916500,0.382,0.000,0.618
917000,0.327,0.000,0.673
917500,0.270,0.000,0.730
918000,0.366,0.000,0.634
918500,0.281,0.000,0.719
919000,0.270,0.002,0.728
919500,0.317,0.000,0.683
920000,0.253,0.003,0.744
920500,0.330,0.004,0.666
921000,0.295,0.000,0.705
921500,0.297,0.001,0.702
922000,0.317,0.000,0.683
922500,0.237,0.000,0.763
923000,0.276,0.000,0.724
923500,0.283,0.005,0.712
924000,0.484,0.000,0.516
924500,0.343,0.000,0.657
925000,0.419,0.000,0.581
925500,0.292,0.000,0.708
926000,0.268,0.000,0.732
926500,0.360,0.000,0.640
927000,0.309,0.000,0.691
927500,0.368,0.000,0.632
928000,0.359,0.000,0.641
928500,0.395,0.000,0.605
929000,0.416,0.000,0.584
929500,0.395,0.000,0.605
930000,0.271,0.000,0.729
930500,0.305,0.000,0.695
931000,0.259,0.000,0.741
931500,0.336,0.000,0.664
932000,0.363,0.000,0.637
932500,0.378,0.000,0.622
933000,0.375,0.000,0.625
933500,0.398,0.000,0.602
934000,0.238,0.000,0.762
934500,0.296,0.000,0.704
935000,0.264,0.000,0.736
935500,0.340,0.000,0.660
936000,0.277,0.000,0.723
936500,0.323,0.000,0.677
937000,0.333,0.000,0.667
937500,0.330,0.000,0.670
938000,0.297,0.000,0.703
938500,0.319,0.000,0.681
939000,0.300,0.000,0.700
939500,0.339,0.003,0.658
940000,0.400,0.000,0.600
940500,0.308,0.000,0.692
941000,0.312,0.000,0.688
941500,0.273,0.000,0.727
942000,0.241,0.000,0.759
942500,0.261,0.004,0.735
943000,0.268,0.000,0.732
943500,0.301,0.000,0.699
944000,0.386,0.000,0.614
944500,0.239,0.000,0.761
945000,0.256,0.000,0.744
945500,0.267,0.000,0.733
946000,0.249,0.000,0.751
946500,0.275,0.000,0.725
947000,0.297,0.000,0.703
947500,0.296,0.000,0.704
948000,0.261,0.000,0.739
948500,0.254,0.000,0.746
949000,0.274,0.000,0.726
949500,0.364,0.000,0.636
950000,0.348,0.000,0.652
950500,0.299,0.013,0.688
951000,0.377,0.000,0.623
951500,0.400,0.000,0.600
952000,0.319,0.012,0.669
952500,0.222,0.001,0.777
953000,0.359,0.000,0.641
953500,0.322,0.000,0.678
954000,0.228,0.000,0.772
954500,0.380,0.000,0.620
955000,0.322,0.000,0.678
955500,0.334,0.000,0.666
956000,0.409,0.000,0.591
956500,0.322,0.000,0.678
957000,0.306,0.000,0.694
957500,0.287,0.000,0.713
958000,0.296,0.000,0.704
958500,0.294,0.000,0.706
959000,0.309,0.000,0.691
959500,0.319,0.001,0.680
960000,0.310,0.000,0.690
960500,0.289,0.000,0.711
961000,0.278,0.000,0.722
961500,0.469,0.000,0.531
962000,0.313,0.000,0.687
962500,0.363,0.000,0.637
963000,0.300,0.000,0.700
963500,0.341,0.000,0.659
964000,0.366,0.000,0.634
964500,0.313,0.000,0.687
965000,0.409,0.000,0.591
965500,0.327,0.000,0.673
966000,0.335,0.000,0.665
966500,0.413,0.000,0.587
967000,0.305,0.000,0.695
967500,0.251,0.007,0.742
968000,0.312,0.000,0.688
968500,0.406,0.000,0.594
969000,0.280,0.000,0.720
969500,0.336,0.000,0.664
970000,0.238,0.007,0.755
970500,0.280,0.000,0.720
971000,0.426,0.000,0.574
971500,0.355,0.000,0.645
972000,0.317,0.006,0.677
972500,0.335,0.000,0.665
973000,0.366,0.000,0.634
973500,0.404,0.000,0.596
974000,0.333,0.000,0.667
974500,0.379,0.000,0.621
975000,0.256,0.000,0.744
975500,0.235,0.000,0.765
976000,0.323,0.000,0.677
976500,0.313,0.000,0.687
977000,0.473,0.000,0.527
977500,0.324,0.000,0.676
978000,0.262,0.000,0.738
978500,0.300,0.000,0.700
979000,0.299,0.000,0.701
979500,0.377,0.000,0.623
980000,0.281,0.000,0.719
980500,0.309,0.000,0.691
981000,0.329,0.000,0.671
981500,0.359,0.000,0.641
982000,0.329,0.000,0.671
982500,0.317,0.000,0.683
983000,0.336,0.000,0.664
983500,0.273,0.000,0.727
984000,0.411,0.000,0.589
984500,0.322,0.000,0.678
985000,0.357,0.000,0.643
985500,0.338,0.000,0.662
986000,0.427,0.000,0.573
986500,0.318,0.000,0.682
987000,0.301,0.012,0.687
987500,0.193,0.012,0.795
988000,0.278,0.001,0.721
988500,0.296,0.003,0.701
989000,0.293,0.000,0.707
989500,0.265,0.000,0.735
990000,0.304,0.000,0.696
990500,0.299,0.000,0.701
991000,0.345,0.000,0.655
991500,0.336,0.000,0.664
992000,0.355,0.000,0.645
992500,0.384,0.000,0.616
993000,0.322,0.000,0.678
993500,0.381,0.000,0.619
994000,0.332,0.000,0.668
994500,0.320,0.000,0.680
995000,0.318,0.000,0.682
995500,0.294,0.000,0.706
996000,0.363,0.000,0.637
996500,0.326,0.000,0.674
997000,0.265,0.000,0.735
997500,0.387,0.000,0.613
998000,0.303,0.000,0.697
998500,0.354,0.000,0.646
999000,0.354,0.000,0.646
999500,0.346,0.009,0.645
1000000,0.388,0.000,0.612
