time,n_A+p,n_B,n_AB
500,0.081,0.841,0.078
1000,0.084,0.775,0.141
1500,0.083,0.750,0.167
2000,0.083,0.727,0.190
2500,0.090,0.672,0.238
3000,0.097,0.625,0.278
3500,0.102,0.597,0.301
4000,0.098,0.567,0.335
4500,0.117,0.559,0.324
5000,0.116,0.522,0.362
5500,0.118,0.479,0.403
6000,0.129,0.519,0.352
6500,0.125,0.511,0.364
7000,0.126,0.481,0.393
7500,0.139,0.481,0.380
8000,0.138,0.469,0.393
8500,0.125,0.485,0.390
9000,0.132,0.489,0.379
9500,0.142,0.483,0.375
10000,0.137,0.482,0.381
10500,0.135,0.469,0.396
11000,0.138,0.487,0.375
11500,0.133,0.500,0.367
12000,0.142,0.490,0.368
12500,0.147,0.457,0.396
13000,0.157,0.447,0.396
13500,0.163,0.451,0.386
14000,0.164,0.409,0.427
14500,0.181,0.410,0.409
15000,0.193,0.374,0.433
15500,0.207,0.358,0.435
16000,0.218,0.373,0.409
16500,0.222,0.351,0.427
17000,0.197,0.327,0.476
17500,0.211,0.330,0.459
18000,0.220,0.330,0.450
18500,0.216,0.339,0.445
19000,0.237,0.347,0.416
19500,0.252,0.322,0.426
20000,0.240,0.300,0.460
20500,0.237,0.288,0.475
21000,0.251,0.259,0.490
21500,0.296,0.214,0.490
22000,0.363,0.175,0.462
22500,0.411,0.157,0.432
23000,0.463,0.126,0.411
23500,0.473,0.110,0.417
24000,0.528,0.082,0.390
24500,0.624,0.057,0.319
25000,0.670,0.040,0.290
25500,0.725,0.026,0.249
26000,0.714,0.018,0.268
26500,0.770,0.008,0.222
27000,0.812,0.005,0.183
27500,0.840,0.002,0.158
28000,0.870,0.001,0.129
28500,0.914,0.001,0.085
29000,0.926,0.000,0.074
29500,0.945,0.000,0.055
30000,0.955,0.000,0.045
30500,0.970,0.000,0.030
31000,0.972,0.000,0.028
31500,0.983,0.000,0.017
32000,0.987,0.000,0.013
32500,0.987,0.000,0.013
33000,0.996,0.000,0.004
33500,0.998,0.000,0.002
34000,0.998,0.000,0.002
34500,0.999,0.000,0.001
35000,1.000,0.000,0.000
