time,n_A+p,n_B,n_AB
500,0.382,0.000,0.618
1000,0.629,0.000,0.371
1500,0.727,0.000,0.273
2000,0.802,0.000,0.198
2500,0.659,0.000,0.341
3000,0.472,0.000,0.528
3500,0.414,0.000,0.586
4000,0.446,0.000,0.554
4500,0.465,0.000,0.535
5000,0.523,0.000,0.477
5500,0.798,0.000,0.202
6000,0.633,0.000,0.367
6500,0.392,0.000,0.608
7000,0.611,0.000,0.389
7500,0.669,0.000,0.331
8000,0.426,0.000,0.574
8500,0.450,0.000,0.550
9000,0.642,0.000,0.358
9500,0.717,0.000,0.283
10000,0.682,0.000,0.318
10500,0.563,0.000,0.437
11000,0.352,0.000,0.648
11500,0.598,0.000,0.402
12000,0.539,0.000,0.461
12500,0.681,0.000,0.319
13000,0.645,0.000,0.355
13500,0.453,0.000,0.547
14000,0.489,0.000,0.511
14500,0.521,0.000,0.479
15000,0.472,0.000,0.528
15500,0.507,0.000,0.493
16000,0.548,0.000,0.452
16500,0.725,0.000,0.275
17000,0.677,0.000,0.323
17500,0.666,0.000,0.334
18000,0.778,0.000,0.222
18500,0.493,0.000,0.507
19000,0.477,0.000,0.523
19500,0.425,0.000,0.575
20000,0.461,0.000,0.539
20500,0.475,0.000,0.525
21000,0.441,0.000,0.559
21500,0.821,0.000,0.179
22000,0.606,0.000,0.394
22500,0.788,0.000,0.212
23000,0.819,0.000,0.181
23500,0.747,0.000,0.253
24000,0.753,0.000,0.247
24500,0.732,0.000,0.268
25000,0.702,0.000,0.298
25500,0.556,0.000,0.444
26000,0.434,0.000,0.566
26500,0.506,0.000,0.494
27000,0.912,0.000,0.088
27500,0.649,0.000,0.351
28000,0.603,0.000,0.397
28500,0.315,0.000,0.685
29000,0.727,0.000,0.273
29500,0.621,0.000,0.379
30000,0.511,0.000,0.489
30500,0.485,0.000,0.515
31000,0.370,0.000,0.630
31500,0.496,0.000,0.504
32000,0.555,0.000,0.445
32500,0.399,0.000,0.601
33000,0.608,0.000,0.392
33500,0.515,0.000,0.485
34000,0.821,0.000,0.179
34500,0.647,0.000,0.353
35000,0.643,0.000,0.357
35500,0.566,0.000,0.434
36000,0.558,0.000,0.442
36500,0.573,0.000,0.427
37000,0.552,0.000,0.448
37500,0.616,0.000,0.384
38000,0.702,0.000,0.298
38500,0.615,0.000,0.385
39000,0.614,0.000,0.386
39500,0.562,0.000,0.438
40000,0.585,0.000,0.415
40500,0.587,0.000,0.413
41000,0.739,0.000,0.261
41500,0.367,0.000,0.633
42000,0.671,0.000,0.329
42500,0.566,0.000,0.434
43000,0.622,0.000,0.378
43500,0.818,0.000,0.182
44000,0.573,0.000,0.427
44500,0.667,0.000,0.333
45000,0.586,0.000,0.414
45500,0.449,0.000,0.551
46000,0.496,0.000,0.504
46500,0.562,0.000,0.438
47000,0.464,0.000,0.536
47500,0.412,0.000,0.588
48000,0.549,0.000,0.451
48500,0.694,0.000,0.306
49000,0.556,0.000,0.444
49500,0.720,0.000,0.280
50000,0.743,0.000,0.257
50500,0.683,0.000,0.317
51000,0.746,0.000,0.254
51500,0.597,0.000,0.403
52000,0.672,0.000,0.328
52500,0.665,0.000,0.335
53000,0.629,0.000,0.371
53500,0.761,0.000,0.239
54000,0.848,0.000,0.152
54500,0.806,0.000,0.194
55000,0.811,0.000,0.189
55500,0.557,0.000,0.443
56000,0.478,0.000,0.522
56500,0.497,0.000,0.503
57000,0.505,0.000,0.495
57500,0.415,0.000,0.585
58000,0.284,0.000,0.716
58500,0.400,0.000,0.600
59000,0.510,0.000,0.490
59500,0.548,0.000,0.452
60000,0.393,0.000,0.607
60500,0.659,0.000,0.341
61000,0.508,0.000,0.492
61500,0.865,0.000,0.135
62000,0.648,0.000,0.352
62500,0.487,0.000,0.513
63000,0.740,0.000,0.260
63500,0.586,0.000,0.414
64000,0.510,0.000,0.490
64500,0.511,0.000,0.489
65000,0.311,0.000,0.689
65500,0.556,0.000,0.444
66000,0.502,0.000,0.498
66500,0.572,0.000,0.428
67000,0.526,0.000,0.474
67500,0.548,0.000,0.452
68000,0.509,0.000,0.491
68500,0.559,0.000,0.441
69000,0.661,0.000,0.339
69500,0.557,0.000,0.443
70000,0.669,0.000,0.331
70500,0.635,0.000,0.365
71000,0.691,0.000,0.309
71500,0.612,0.000,0.388
72000,0.619,0.000,0.381
72500,0.810,0.000,0.190
73000,0.570,0.000,0.430
73500,0.499,0.000,0.501
74000,0.593,0.000,0.407
74500,0.535,0.000,0.465
75000,0.310,0.000,0.690
75500,0.512,0.000,0.488
76000,0.312,0.000,0.688
76500,0.627,0.000,0.373
77000,0.435,0.000,0.565
77500,0.559,0.000,0.441
78000,0.644,0.000,0.356
78500,0.530,0.000,0.470
79000,0.321,0.000,0.679
79500,0.525,0.000,0.475
80000,0.543,0.000,0.457
80500,0.627,0.000,0.373
81000,0.574,0.000,0.426
81500,0.506,0.000,0.494
82000,0.729,0.000,0.271
82500,0.672,0.000,0.328
83000,0.964,0.000,0.036
83500,1.000,0.000,0.000
