time,n_A+p,n_B,n_AB,avg_entropy_simp
500,0.031,0.950,0.019,0.081867
1000,0.031,0.951,0.018,0.062081
1500,0.031,0.945,0.025,0.089521
2000,0.031,0.923,0.046,0.107157
2500,0.031,0.922,0.047,0.094885
3000,0.036,0.903,0.061,0.156507
3500,0.039,0.902,0.059,0.153482
4000,0.039,0.910,0.051,0.109298
4500,0.038,0.910,0.052,0.118077
5000,0.046,0.905,0.049,0.144676
5500,0.043,0.882,0.076,0.197613
6000,0.045,0.862,0.093,0.247676
6500,0.042,0.860,0.098,0.211043
7000,0.042,0.872,0.086,0.180812
7500,0.042,0.882,0.077,0.136899
8000,0.037,0.900,0.063,0.106325
8500,0.051,0.885,0.064,0.139844
9000,0.047,0.855,0.098,0.203553
9500,0.041,0.846,0.113,0.202488
10000,0.050,0.846,0.104,0.210327
10500,0.059,0.813,0.128,0.269924
11000,0.088,0.789,0.124,0.290507
11500,0.082,0.773,0.145,0.307733
12000,0.085,0.785,0.130,0.255664
12500,0.081,0.774,0.145,0.259000
13000,0.074,0.783,0.143,0.256037
13500,0.072,0.775,0.153,0.281488
14000,0.069,0.764,0.166,0.260444
14500,0.064,0.777,0.158,0.210380
15000,0.068,0.758,0.174,0.233376
15500,0.082,0.747,0.172,0.279692
16000,0.093,0.759,0.148,0.240287
16500,0.094,0.722,0.184,0.278252
17000,0.107,0.711,0.182,0.290643
17500,0.113,0.703,0.184,0.311592
18000,0.131,0.714,0.155,0.261234
18500,0.113,0.705,0.182,0.261489
19000,0.099,0.708,0.193,0.273609
19500,0.093,0.722,0.185,0.241058
20000,0.091,0.724,0.185,0.263400
20500,0.090,0.722,0.188,0.312052
21000,0.088,0.722,0.190,0.323937
21500,0.085,0.715,0.200,0.294099
22000,0.083,0.724,0.193,0.262805
22500,0.077,0.721,0.202,0.287417
23000,0.093,0.704,0.203,0.299614
23500,0.114,0.687,0.198,0.277838
24000,0.128,0.680,0.192,0.277240
24500,0.109,0.691,0.200,0.262711
25000,0.112,0.695,0.193,0.285566
25500,0.106,0.696,0.198,0.262073
26000,0.104,0.689,0.206,0.310709
26500,0.109,0.703,0.188,0.298271
27000,0.089,0.688,0.223,0.330678
27500,0.098,0.708,0.194,0.275984
28000,0.102,0.682,0.216,0.306146
28500,0.100,0.694,0.206,0.288913
29000,0.107,0.670,0.223,0.348187
29500,0.102,0.655,0.243,0.309872
30000,0.094,0.640,0.266,0.336652
30500,0.107,0.649,0.244,0.367764
31000,0.113,0.662,0.225,0.299728
31500,0.121,0.651,0.229,0.296725
32000,0.140,0.633,0.227,0.321038
32500,0.136,0.627,0.237,0.319741
33000,0.142,0.604,0.254,0.334458
33500,0.129,0.613,0.258,0.360829
34000,0.129,0.593,0.278,0.340218
34500,0.126,0.599,0.276,0.329131
35000,0.116,0.611,0.273,0.355975
35500,0.103,0.607,0.290,0.348264
36000,0.108,0.629,0.263,0.300414
36500,0.115,0.629,0.255,0.302549
37000,0.098,0.669,0.233,0.260035
37500,0.095,0.659,0.246,0.284513
38000,0.118,0.657,0.225,0.269023
38500,0.109,0.660,0.231,0.284341
39000,0.110,0.685,0.204,0.219748
39500,0.111,0.670,0.219,0.242802
40000,0.096,0.689,0.215,0.240370
40500,0.096,0.694,0.210,0.246457
41000,0.098,0.692,0.210,0.262334
41500,0.086,0.682,0.232,0.291992
42000,0.092,0.674,0.234,0.308521
42500,0.095,0.691,0.215,0.256148
43000,0.092,0.687,0.221,0.264937
43500,0.088,0.702,0.210,0.249515
44000,0.087,0.720,0.193,0.259111
44500,0.074,0.748,0.179,0.207876
45000,0.073,0.751,0.177,0.189866
45500,0.075,0.750,0.176,0.196661
46000,0.073,0.751,0.177,0.201415
46500,0.085,0.744,0.172,0.250934
47000,0.074,0.723,0.203,0.265659
47500,0.070,0.743,0.187,0.231683
48000,0.063,0.754,0.183,0.201057
48500,0.069,0.745,0.186,0.209300
49000,0.062,0.753,0.185,0.217145
49500,0.055,0.767,0.178,0.192170
50000,0.061,0.756,0.183,0.195316
50500,0.056,0.767,0.177,0.163293
51000,0.070,0.755,0.175,0.181986
51500,0.072,0.754,0.175,0.196914
52000,0.072,0.717,0.211,0.234362
52500,0.075,0.710,0.216,0.234896
53000,0.091,0.716,0.193,0.231784
53500,0.089,0.726,0.185,0.224769
54000,0.090,0.685,0.225,0.297996
54500,0.091,0.683,0.226,0.306977
55000,0.097,0.672,0.231,0.299480
55500,0.076,0.688,0.236,0.276218
56000,0.088,0.671,0.241,0.311342
56500,0.089,0.707,0.204,0.273583
57000,0.080,0.702,0.219,0.278255
57500,0.079,0.723,0.198,0.259887
58000,0.083,0.698,0.220,0.305551
58500,0.077,0.698,0.226,0.316395
59000,0.081,0.685,0.234,0.332486
59500,0.096,0.665,0.239,0.316489
60000,0.090,0.681,0.229,0.256424
60500,0.080,0.677,0.243,0.247813
61000,0.105,0.658,0.237,0.303606
61500,0.110,0.645,0.245,0.332294
62000,0.116,0.659,0.225,0.272265
62500,0.114,0.662,0.224,0.289740
63000,0.113,0.659,0.228,0.296205
63500,0.109,0.666,0.225,0.303322
64000,0.108,0.677,0.215,0.292946
64500,0.107,0.679,0.213,0.288590
65000,0.091,0.695,0.215,0.265544
65500,0.089,0.700,0.211,0.276690
66000,0.093,0.697,0.210,0.274687
66500,0.096,0.678,0.226,0.289845
67000,0.092,0.700,0.208,0.241912
67500,0.088,0.702,0.210,0.251358
68000,0.094,0.708,0.198,0.267113
68500,0.110,0.697,0.193,0.271882
69000,0.114,0.679,0.206,0.299025
69500,0.105,0.669,0.226,0.285711
70000,0.112,0.675,0.212,0.280342
70500,0.118,0.687,0.194,0.299007
71000,0.096,0.691,0.213,0.287812
71500,0.099,0.676,0.225,0.262329
72000,0.112,0.671,0.217,0.288697
72500,0.108,0.681,0.210,0.267964
73000,0.107,0.687,0.205,0.269592
73500,0.123,0.654,0.224,0.326186
74000,0.132,0.634,0.234,0.343574
74500,0.118,0.645,0.237,0.339686
75000,0.123,0.665,0.212,0.311726
75500,0.123,0.645,0.233,0.300102
76000,0.112,0.681,0.206,0.300390
76500,0.094,0.657,0.249,0.307428
77000,0.105,0.654,0.241,0.343226
77500,0.111,0.634,0.254,0.344319
78000,0.124,0.630,0.246,0.350812
78500,0.117,0.640,0.242,0.376668
79000,0.106,0.645,0.249,0.287754
79500,0.118,0.661,0.221,0.282529
80000,0.130,0.641,0.229,0.315264
80500,0.138,0.619,0.243,0.333328
81000,0.125,0.636,0.239,0.320321
81500,0.125,0.646,0.230,0.330341
82000,0.123,0.647,0.231,0.288224
82500,0.132,0.631,0.237,0.331238
83000,0.140,0.616,0.244,0.295896
83500,0.151,0.614,0.235,0.316920
84000,0.141,0.616,0.243,0.360008
84500,0.127,0.627,0.246,0.345276
85000,0.118,0.621,0.260,0.354978
85500,0.125,0.626,0.249,0.324047
86000,0.128,0.647,0.226,0.295275
86500,0.132,0.639,0.229,0.271534
87000,0.133,0.631,0.236,0.289369
87500,0.125,0.632,0.243,0.300314
88000,0.134,0.592,0.274,0.328128
88500,0.147,0.577,0.276,0.323881
89000,0.154,0.568,0.278,0.337427
89500,0.151,0.557,0.292,0.362105
90000,0.143,0.544,0.313,0.381649
90500,0.169,0.543,0.288,0.376502
91000,0.172,0.527,0.301,0.411421
91500,0.178,0.531,0.291,0.385236
92000,0.184,0.533,0.283,0.387414
92500,0.153,0.543,0.303,0.385659
93000,0.151,0.534,0.315,0.391604
93500,0.157,0.535,0.307,0.361341
94000,0.168,0.534,0.298,0.355989
94500,0.148,0.547,0.304,0.338781
95000,0.146,0.540,0.314,0.345425
95500,0.162,0.547,0.290,0.362075
96000,0.165,0.540,0.294,0.363834
96500,0.172,0.528,0.300,0.424513
97000,0.172,0.534,0.294,0.423311
97500,0.176,0.533,0.291,0.383791
98000,0.172,0.529,0.299,0.396045
98500,0.176,0.530,0.294,0.386646
99000,0.183,0.529,0.288,0.397216
99500,0.188,0.517,0.295,0.376616
100000,0.191,0.509,0.300,0.397648
