time,n_A+p,n_B,n_AB
500,0.050,0.936,0.014
1000,0.050,0.919,0.030
1500,0.050,0.907,0.043
2000,0.051,0.900,0.048
2500,0.052,0.888,0.060
3000,0.052,0.882,0.066
3500,0.052,0.877,0.070
4000,0.052,0.872,0.076
4500,0.054,0.857,0.089
5000,0.054,0.852,0.094
5500,0.054,0.850,0.096
6000,0.055,0.840,0.105
6500,0.056,0.831,0.113
7000,0.058,0.823,0.120
7500,0.059,0.819,0.122
8000,0.061,0.810,0.128
8500,0.064,0.802,0.134
9000,0.063,0.787,0.150
9500,0.065,0.787,0.148
10000,0.066,0.784,0.150
10500,0.065,0.776,0.159
11000,0.062,0.776,0.161
11500,0.065,0.775,0.160
12000,0.064,0.773,0.162
12500,0.063,0.771,0.166
13000,0.062,0.775,0.162
13500,0.062,0.774,0.163
14000,0.068,0.769,0.163
14500,0.067,0.763,0.170
15000,0.066,0.768,0.166
15500,0.067,0.770,0.163
16000,0.069,0.759,0.172
16500,0.070,0.761,0.168
17000,0.069,0.763,0.168
17500,0.067,0.763,0.170
18000,0.069,0.762,0.169
18500,0.074,0.762,0.164
19000,0.073,0.773,0.153
19500,0.077,0.768,0.155
20000,0.075,0.759,0.165
20500,0.079,0.749,0.172
21000,0.077,0.748,0.175
21500,0.077,0.736,0.186
22000,0.083,0.735,0.182
22500,0.083,0.733,0.184
23000,0.084,0.732,0.185
23500,0.083,0.723,0.195
24000,0.084,0.720,0.197
24500,0.086,0.717,0.198
25000,0.083,0.715,0.203
25500,0.087,0.712,0.201
26000,0.083,0.703,0.215
26500,0.084,0.695,0.222
27000,0.084,0.690,0.227
27500,0.085,0.698,0.218
28000,0.086,0.688,0.227
28500,0.088,0.696,0.216
29000,0.088,0.689,0.223
29500,0.092,0.692,0.217
30000,0.094,0.681,0.225
30500,0.100,0.677,0.223
31000,0.096,0.676,0.228
31500,0.099,0.671,0.230
32000,0.101,0.675,0.224
32500,0.101,0.675,0.224
33000,0.102,0.679,0.218
33500,0.101,0.672,0.227
34000,0.099,0.677,0.224
34500,0.095,0.673,0.232
35000,0.094,0.681,0.225
35500,0.098,0.672,0.230
36000,0.103,0.677,0.220
36500,0.107,0.672,0.221
37000,0.106,0.673,0.220
37500,0.105,0.666,0.228
38000,0.108,0.667,0.225
38500,0.102,0.656,0.241
39000,0.101,0.659,0.240
39500,0.104,0.661,0.234
40000,0.102,0.655,0.243
40500,0.106,0.652,0.241
41000,0.110,0.647,0.243
41500,0.113,0.640,0.247
42000,0.110,0.636,0.254
42500,0.115,0.626,0.259
43000,0.118,0.624,0.258
43500,0.127,0.617,0.257
44000,0.126,0.606,0.269
44500,0.126,0.592,0.283
45000,0.128,0.591,0.282
45500,0.128,0.596,0.277
46000,0.127,0.606,0.267
46500,0.128,0.608,0.264
47000,0.128,0.603,0.270
47500,0.135,0.593,0.272
48000,0.131,0.593,0.276
48500,0.131,0.586,0.283
49000,0.131,0.582,0.287
49500,0.139,0.591,0.271
50000,0.135,0.591,0.275
50500,0.131,0.583,0.287
51000,0.136,0.570,0.295
51500,0.132,0.570,0.299
52000,0.139,0.571,0.291
52500,0.138,0.578,0.284
53000,0.139,0.571,0.290
53500,0.143,0.562,0.295
54000,0.142,0.561,0.296
54500,0.146,0.572,0.282
55000,0.140,0.580,0.281
55500,0.145,0.573,0.282
56000,0.145,0.569,0.286
56500,0.146,0.565,0.289
57000,0.148,0.561,0.290
57500,0.144,0.565,0.291
58000,0.148,0.566,0.286
58500,0.151,0.562,0.287
59000,0.145,0.563,0.292
59500,0.141,0.569,0.291
60000,0.144,0.569,0.287
60500,0.141,0.569,0.291
61000,0.146,0.569,0.285
61500,0.145,0.568,0.287
62000,0.143,0.561,0.295
62500,0.142,0.551,0.306
63000,0.137,0.549,0.314
63500,0.140,0.559,0.301
64000,0.148,0.565,0.287
64500,0.149,0.567,0.284
65000,0.139,0.572,0.290
65500,0.142,0.577,0.281
66000,0.141,0.574,0.286
66500,0.142,0.565,0.293
67000,0.142,0.562,0.296
67500,0.146,0.564,0.290
68000,0.150,0.555,0.294
68500,0.151,0.558,0.291
69000,0.155,0.549,0.296
69500,0.168,0.551,0.280
70000,0.161,0.552,0.287
70500,0.159,0.556,0.285
71000,0.161,0.540,0.299
71500,0.164,0.537,0.299
72000,0.160,0.540,0.299
72500,0.155,0.540,0.305
73000,0.153,0.556,0.290
73500,0.153,0.555,0.291
74000,0.158,0.559,0.283
74500,0.157,0.550,0.293
75000,0.155,0.552,0.292
75500,0.160,0.548,0.292
76000,0.162,0.558,0.279
76500,0.158,0.573,0.269
77000,0.154,0.567,0.279
77500,0.153,0.571,0.276
78000,0.159,0.562,0.278
78500,0.151,0.561,0.287
79000,0.141,0.564,0.295
79500,0.145,0.552,0.302
80000,0.145,0.559,0.296
80500,0.144,0.564,0.292
81000,0.147,0.564,0.289
81500,0.150,0.562,0.287
82000,0.142,0.565,0.293
82500,0.144,0.550,0.305
83000,0.143,0.549,0.308
83500,0.147,0.539,0.313
84000,0.154,0.530,0.316
84500,0.153,0.523,0.323
85000,0.160,0.540,0.300
85500,0.160,0.546,0.293
86000,0.158,0.545,0.297
86500,0.166,0.532,0.302
87000,0.159,0.540,0.300
87500,0.152,0.540,0.307
88000,0.157,0.548,0.295
88500,0.160,0.537,0.303
89000,0.164,0.542,0.294
89500,0.159,0.548,0.293
90000,0.160,0.549,0.290
90500,0.155,0.542,0.303
91000,0.159,0.545,0.296
91500,0.171,0.537,0.292
92000,0.169,0.534,0.297
92500,0.155,0.532,0.313
93000,0.151,0.530,0.318
93500,0.159,0.534,0.307
94000,0.159,0.531,0.310
94500,0.161,0.533,0.305
95000,0.165,0.531,0.304
95500,0.163,0.523,0.315
96000,0.170,0.518,0.312
96500,0.172,0.511,0.317
97000,0.170,0.517,0.313
97500,0.167,0.514,0.320
98000,0.179,0.500,0.321
98500,0.179,0.496,0.324
99000,0.183,0.492,0.325
99500,0.186,0.485,0.329
100000,0.190,0.485,0.325
100500,0.188,0.491,0.321
101000,0.187,0.493,0.319
101500,0.182,0.491,0.327
102000,0.184,0.492,0.323
102500,0.191,0.496,0.312
103000,0.195,0.492,0.313
103500,0.199,0.487,0.315
104000,0.192,0.476,0.332
104500,0.196,0.494,0.310
105000,0.198,0.486,0.316
105500,0.204,0.481,0.315
106000,0.202,0.469,0.330
106500,0.190,0.470,0.340
107000,0.192,0.474,0.334
107500,0.196,0.479,0.325
108000,0.206,0.471,0.323
108500,0.201,0.474,0.326
109000,0.196,0.472,0.332
109500,0.198,0.469,0.333
110000,0.195,0.471,0.333
110500,0.199,0.474,0.328
111000,0.200,0.471,0.329
111500,0.195,0.469,0.335
112000,0.198,0.459,0.343
112500,0.196,0.458,0.346
113000,0.201,0.463,0.336
113500,0.200,0.466,0.334
114000,0.204,0.465,0.330
114500,0.212,0.465,0.323
115000,0.214,0.459,0.328
115500,0.218,0.458,0.323
116000,0.214,0.450,0.336
116500,0.221,0.448,0.331
117000,0.228,0.448,0.325
117500,0.232,0.432,0.336
118000,0.231,0.427,0.342
118500,0.241,0.418,0.341
119000,0.248,0.417,0.335
119500,0.245,0.417,0.338
120000,0.252,0.410,0.338
120500,0.248,0.404,0.348
121000,0.251,0.402,0.348
121500,0.249,0.401,0.350
122000,0.245,0.404,0.351
122500,0.254,0.409,0.337
123000,0.255,0.411,0.334
123500,0.258,0.405,0.338
124000,0.260,0.401,0.339
124500,0.264,0.383,0.353
125000,0.263,0.370,0.368
125500,0.259,0.374,0.366
126000,0.267,0.371,0.362
126500,0.270,0.354,0.376
127000,0.281,0.354,0.364
127500,0.287,0.349,0.364
128000,0.292,0.346,0.361
128500,0.292,0.336,0.372
129000,0.292,0.338,0.370
129500,0.303,0.339,0.359
130000,0.316,0.325,0.359
130500,0.318,0.321,0.361
131000,0.330,0.316,0.354
131500,0.331,0.321,0.348
132000,0.331,0.330,0.340
132500,0.329,0.334,0.338
133000,0.333,0.334,0.334
133500,0.334,0.324,0.342
134000,0.328,0.319,0.353
134500,0.334,0.313,0.353
135000,0.327,0.302,0.371
135500,0.329,0.300,0.371
136000,0.333,0.300,0.367
136500,0.322,0.290,0.387
137000,0.332,0.279,0.390
137500,0.340,0.262,0.398
138000,0.367,0.265,0.368
138500,0.365,0.265,0.370
139000,0.371,0.273,0.356
139500,0.376,0.269,0.355
140000,0.384,0.263,0.354
140500,0.403,0.252,0.345
141000,0.406,0.246,0.349
141500,0.408,0.232,0.360
142000,0.415,0.226,0.359
142500,0.416,0.222,0.363
143000,0.419,0.221,0.360
143500,0.439,0.213,0.349
144000,0.449,0.203,0.348
144500,0.458,0.189,0.353
145000,0.449,0.196,0.356
145500,0.459,0.189,0.352
146000,0.478,0.191,0.331
146500,0.484,0.185,0.331
147000,0.490,0.167,0.344
147500,0.480,0.161,0.359
148000,0.498,0.158,0.344
148500,0.509,0.160,0.331
149000,0.510,0.163,0.327
149500,0.510,0.168,0.323
150000,0.519,0.149,0.332
150500,0.528,0.140,0.332
151000,0.538,0.141,0.321
151500,0.549,0.137,0.314
152000,0.549,0.140,0.311
152500,0.560,0.142,0.298
153000,0.566,0.136,0.298
153500,0.571,0.128,0.301
154000,0.581,0.127,0.293
154500,0.590,0.124,0.286
155000,0.599,0.115,0.287
155500,0.609,0.117,0.275
156000,0.604,0.102,0.294
156500,0.606,0.095,0.299
157000,0.604,0.088,0.308
157500,0.614,0.089,0.297
158000,0.616,0.083,0.301
158500,0.628,0.085,0.287
159000,0.637,0.084,0.279
159500,0.660,0.087,0.253
160000,0.665,0.083,0.252
160500,0.683,0.071,0.245
161000,0.693,0.067,0.240
161500,0.703,0.062,0.235
162000,0.712,0.061,0.227
162500,0.713,0.064,0.224
163000,0.720,0.057,0.223
163500,0.731,0.059,0.210
164000,0.741,0.054,0.205
164500,0.740,0.051,0.209
165000,0.752,0.047,0.201
165500,0.749,0.046,0.205
166000,0.754,0.044,0.202
166500,0.765,0.042,0.193
167000,0.773,0.033,0.194
167500,0.786,0.029,0.185
168000,0.799,0.023,0.178
168500,0.810,0.024,0.166
169000,0.821,0.024,0.156
169500,0.830,0.021,0.149
170000,0.833,0.019,0.148
170500,0.845,0.018,0.138
171000,0.848,0.014,0.138
171500,0.859,0.013,0.128
172000,0.866,0.016,0.118
172500,0.878,0.015,0.107
173000,0.886,0.011,0.103
173500,0.887,0.010,0.103
174000,0.891,0.009,0.100
174500,0.899,0.006,0.094
175000,0.904,0.006,0.090
175500,0.907,0.004,0.088
176000,0.911,0.005,0.084
176500,0.916,0.004,0.079
177000,0.918,0.003,0.079
177500,0.921,0.002,0.077
178000,0.918,0.002,0.080
178500,0.919,0.002,0.079
179000,0.923,0.002,0.075
179500,0.923,0.002,0.075
180000,0.927,0.003,0.070
180500,0.936,0.002,0.062
181000,0.940,0.002,0.059
181500,0.943,0.003,0.055
182000,0.944,0.002,0.054
182500,0.949,0.002,0.050
183000,0.953,0.002,0.046
183500,0.961,0.001,0.038
184000,0.959,0.001,0.041
184500,0.961,0.001,0.039
185000,0.961,0.000,0.039
185500,0.964,0.001,0.036
186000,0.968,0.000,0.032
186500,0.972,0.001,0.027
187000,0.974,0.001,0.026
187500,0.973,0.000,0.027
188000,0.976,0.000,0.024
188500,0.979,0.001,0.020
189000,0.980,0.001,0.019
189500,0.981,0.001,0.018
190000,0.984,0.001,0.015
190500,0.984,0.001,0.015
191000,0.985,0.001,0.014
191500,0.986,0.002,0.013
192000,0.985,0.002,0.014
192500,0.986,0.001,0.013
193000,0.986,0.001,0.013
193500,0.986,0.001,0.014
194000,0.990,0.001,0.010
194500,0.991,0.001,0.009
195000,0.992,0.001,0.008
195500,0.992,0.001,0.008
196000,0.993,0.001,0.007
196500,0.994,0.001,0.006
197000,0.993,0.000,0.007
197500,0.995,0.000,0.005
198000,0.995,0.000,0.005
198500,0.995,0.000,0.005
199000,0.996,0.000,0.004
199500,0.998,0.000,0.002
200000,0.999,0.000,0.001
200500,0.999,0.000,0.001
201000,0.999,0.000,0.001
201500,0.999,0.000,0.001
202000,0.999,0.000,0.001
202500,0.999,0.000,0.001
203000,0.999,0.000,0.001
203500,0.999,0.000,0.001
204000,0.999,0.000,0.001
204500,0.999,0.000,0.001
205000,0.998,0.000,0.002
205500,0.998,0.000,0.002
206000,0.998,0.000,0.002
206500,0.999,0.000,0.001
207000,0.999,0.000,0.001
207500,0.999,0.000,0.001
208000,0.999,0.000,0.001
208500,0.999,0.000,0.001
209000,0.999,0.000,0.001
209500,0.999,0.000,0.001
210000,0.999,0.000,0.001
210500,1.000,0.000,0.000
211000,1.000,0.000,0.000
211500,1.000,0.000,0.000
212000,0.999,0.000,0.001
212500,0.999,0.000,0.001
213000,0.999,0.000,0.001
213500,0.999,0.000,0.001
214000,0.999,0.000,0.001
214500,0.999,0.000,0.001
215000,0.999,0.000,0.001
215500,0.999,0.000,0.001
216000,0.999,0.000,0.001
216500,0.999,0.000,0.001
217000,0.999,0.000,0.001
217500,0.999,0.000,0.001
218000,0.999,0.000,0.001
218500,0.999,0.000,0.001
219000,0.999,0.000,0.001
219500,0.999,0.000,0.001
220000,0.999,0.000,0.001
220500,1.000,0.000,0.000
221000,1.000,0.000,0.000
221500,1.000,0.000,0.000
222000,1.000,0.000,0.000
222500,1.000,0.000,0.000
223000,1.000,0.000,0.000
