time,n_A+p,n_B,n_AB
500,0.081,0.897,0.022
1000,0.081,0.871,0.048
1500,0.085,0.854,0.061
2000,0.091,0.836,0.073
2500,0.099,0.820,0.081
3000,0.103,0.785,0.112
3500,0.104,0.758,0.138
4000,0.103,0.750,0.147
4500,0.110,0.748,0.142
5000,0.102,0.755,0.143
5500,0.107,0.759,0.134
6000,0.110,0.764,0.126
6500,0.108,0.775,0.117
7000,0.105,0.771,0.124
7500,0.102,0.760,0.138
8000,0.103,0.759,0.138
8500,0.110,0.753,0.137
9000,0.119,0.757,0.124
9500,0.117,0.743,0.140
10000,0.123,0.717,0.160
10500,0.118,0.694,0.188
11000,0.116,0.694,0.190
11500,0.121,0.690,0.189
12000,0.121,0.711,0.168
12500,0.117,0.696,0.187
13000,0.132,0.705,0.163
13500,0.127,0.712,0.161
14000,0.133,0.723,0.144
14500,0.133,0.723,0.144
15000,0.133,0.711,0.156
15500,0.131,0.693,0.176
16000,0.130,0.700,0.170
16500,0.149,0.680,0.171
17000,0.152,0.677,0.171
17500,0.141,0.666,0.193
18000,0.135,0.678,0.187
18500,0.133,0.681,0.186
19000,0.142,0.678,0.180
19500,0.138,0.675,0.187
20000,0.141,0.698,0.161
20500,0.140,0.683,0.177
21000,0.141,0.675,0.184
21500,0.143,0.664,0.193
22000,0.149,0.676,0.175
22500,0.149,0.670,0.181
23000,0.150,0.661,0.189
23500,0.154,0.649,0.197
24000,0.159,0.648,0.193
24500,0.159,0.660,0.181
25000,0.168,0.648,0.184
25500,0.159,0.637,0.204
26000,0.159,0.640,0.201
26500,0.165,0.630,0.205
27000,0.158,0.609,0.233
27500,0.158,0.600,0.242
28000,0.172,0.605,0.223
28500,0.169,0.628,0.203
29000,0.160,0.637,0.203
29500,0.156,0.651,0.193
30000,0.151,0.634,0.215
30500,0.164,0.653,0.183
31000,0.157,0.665,0.178
31500,0.156,0.657,0.187
32000,0.157,0.647,0.196
32500,0.169,0.631,0.200
33000,0.158,0.652,0.190
33500,0.147,0.641,0.212
34000,0.144,0.653,0.203
34500,0.147,0.658,0.195
35000,0.154,0.631,0.215
35500,0.151,0.635,0.214
36000,0.155,0.641,0.204
36500,0.152,0.652,0.196
37000,0.151,0.655,0.194
37500,0.157,0.652,0.191
38000,0.149,0.645,0.206
38500,0.149,0.644,0.207
39000,0.151,0.662,0.187
39500,0.154,0.658,0.188
40000,0.154,0.653,0.193
40500,0.162,0.658,0.180
41000,0.154,0.661,0.185
41500,0.160,0.670,0.170
42000,0.154,0.664,0.182
42500,0.149,0.669,0.182
43000,0.151,0.656,0.193
43500,0.151,0.638,0.211
44000,0.157,0.629,0.214
44500,0.159,0.640,0.201
45000,0.147,0.645,0.208
45500,0.149,0.668,0.183
46000,0.145,0.680,0.175
46500,0.149,0.668,0.183
47000,0.154,0.657,0.189
47500,0.160,0.631,0.209
48000,0.166,0.605,0.229
48500,0.178,0.620,0.202
49000,0.174,0.626,0.200
49500,0.180,0.604,0.216
50000,0.167,0.594,0.239
50500,0.174,0.603,0.223
51000,0.180,0.593,0.227
51500,0.183,0.600,0.217
52000,0.184,0.595,0.221
52500,0.190,0.602,0.208
53000,0.194,0.598,0.208
53500,0.183,0.589,0.228
54000,0.190,0.598,0.212
54500,0.180,0.595,0.225
55000,0.186,0.605,0.209
55500,0.179,0.630,0.191
56000,0.177,0.623,0.200
56500,0.192,0.630,0.178
57000,0.194,0.618,0.188
57500,0.173,0.616,0.211
58000,0.174,0.612,0.214
58500,0.179,0.628,0.193
59000,0.173,0.614,0.213
59500,0.180,0.591,0.229
60000,0.190,0.590,0.220
60500,0.194,0.563,0.243
61000,0.198,0.560,0.242
61500,0.207,0.552,0.241
62000,0.198,0.571,0.231
62500,0.193,0.579,0.228
63000,0.199,0.590,0.211
63500,0.197,0.579,0.224
64000,0.184,0.581,0.235
64500,0.188,0.559,0.253
65000,0.209,0.533,0.258
65500,0.209,0.535,0.256
66000,0.216,0.539,0.245
66500,0.214,0.538,0.248
67000,0.201,0.526,0.273
67500,0.199,0.536,0.265
68000,0.235,0.540,0.225
68500,0.239,0.523,0.238
69000,0.252,0.508,0.240
69500,0.263,0.489,0.248
70000,0.274,0.489,0.237
70500,0.278,0.462,0.260
71000,0.282,0.453,0.265
71500,0.286,0.464,0.250
72000,0.283,0.435,0.282
72500,0.300,0.426,0.274
73000,0.308,0.422,0.270
73500,0.312,0.406,0.282
74000,0.330,0.399,0.271
74500,0.351,0.402,0.247
75000,0.364,0.387,0.249
75500,0.362,0.365,0.273
76000,0.366,0.361,0.273
76500,0.362,0.363,0.275
77000,0.394,0.355,0.251
77500,0.380,0.336,0.284
78000,0.396,0.332,0.272
78500,0.387,0.321,0.292
79000,0.414,0.308,0.278
79500,0.429,0.287,0.284
80000,0.423,0.278,0.299
80500,0.460,0.270,0.270
81000,0.472,0.253,0.275
81500,0.477,0.250,0.273
82000,0.496,0.230,0.274
82500,0.529,0.221,0.250
83000,0.543,0.212,0.245
83500,0.563,0.186,0.251
84000,0.594,0.161,0.245
84500,0.607,0.144,0.249
85000,0.634,0.144,0.222
85500,0.637,0.138,0.225
86000,0.660,0.119,0.221
86500,0.697,0.101,0.202
87000,0.718,0.098,0.184
87500,0.734,0.094,0.172
88000,0.745,0.083,0.172
88500,0.757,0.060,0.183
89000,0.795,0.044,0.161
89500,0.827,0.032,0.141
90000,0.849,0.025,0.126
90500,0.879,0.021,0.100
91000,0.912,0.016,0.072
91500,0.925,0.012,0.063
92000,0.940,0.007,0.053
92500,0.944,0.009,0.047
93000,0.961,0.005,0.034
93500,0.962,0.004,0.034
94000,0.973,0.005,0.022
94500,0.972,0.003,0.025
95000,0.978,0.003,0.019
95500,0.977,0.002,0.021
96000,0.981,0.001,0.018
96500,0.986,0.001,0.013
97000,0.990,0.001,0.009
97500,0.994,0.001,0.005
98000,0.993,0.001,0.006
98500,0.993,0.001,0.006
99000,0.994,0.000,0.006
99500,0.995,0.000,0.005
100000,0.997,0.000,0.003
100500,1.000,0.000,0.000
