time,n_A+p,n_B,n_AB
200,0.029,0.955,0.017
400,0.029,0.905,0.066
600,0.029,0.884,0.087
800,0.033,0.835,0.132
1000,0.029,0.773,0.198
1200,0.045,0.748,0.207
1400,0.029,0.773,0.198
1600,0.045,0.793,0.161
1800,0.054,0.793,0.153
2000,0.045,0.806,0.149
2200,0.054,0.736,0.211
2400,0.050,0.736,0.215
2600,0.037,0.727,0.236
2800,0.029,0.744,0.227
3000,0.050,0.686,0.264
3200,0.045,0.669,0.285
3400,0.037,0.702,0.260
3600,0.029,0.665,0.306
3800,0.041,0.715,0.244
4000,0.033,0.674,0.293
4200,0.058,0.674,0.269
4400,0.070,0.595,0.335
4600,0.062,0.504,0.434
4800,0.083,0.537,0.380
5000,0.087,0.500,0.413
5200,0.087,0.475,0.438
5400,0.103,0.496,0.401
5600,0.079,0.455,0.467
5800,0.124,0.393,0.483
6000,0.149,0.314,0.537
6200,0.211,0.314,0.475
6400,0.190,0.343,0.467
6600,0.194,0.322,0.483
6800,0.211,0.281,0.508
7000,0.215,0.273,0.512
7200,0.269,0.302,0.430
7400,0.256,0.281,0.463
7600,0.223,0.302,0.475
7800,0.211,0.293,0.496
8000,0.244,0.244,0.512
8200,0.236,0.256,0.508
8400,0.273,0.273,0.455
8600,0.260,0.252,0.488
8800,0.289,0.335,0.376
9000,0.260,0.293,0.446
9200,0.260,0.281,0.459
9400,0.223,0.281,0.496
9600,0.260,0.310,0.430
9800,0.281,0.236,0.483
10000,0.256,0.223,0.521
10200,0.273,0.231,0.496
10400,0.281,0.215,0.504
10600,0.231,0.215,0.554
10800,0.289,0.231,0.479
11000,0.273,0.202,0.525
11200,0.244,0.240,0.517
11400,0.223,0.240,0.537
11600,0.240,0.264,0.496
11800,0.215,0.318,0.467
12000,0.174,0.293,0.533
12200,0.132,0.397,0.471
12400,0.140,0.426,0.434
12600,0.190,0.372,0.438
12800,0.178,0.405,0.417
13000,0.145,0.438,0.417
13200,0.165,0.421,0.413
13400,0.165,0.417,0.417
13600,0.128,0.438,0.434
13800,0.145,0.417,0.438
14000,0.140,0.401,0.459
14200,0.112,0.438,0.450
14400,0.103,0.434,0.463
14600,0.149,0.380,0.471
14800,0.174,0.347,0.479
15000,0.202,0.322,0.475
15200,0.161,0.339,0.500
15400,0.165,0.339,0.496
15600,0.149,0.360,0.492
15800,0.202,0.335,0.463
16000,0.252,0.260,0.488
16200,0.215,0.269,0.517
16400,0.211,0.281,0.508
16600,0.244,0.273,0.483
16800,0.252,0.227,0.521
17000,0.310,0.202,0.488
17200,0.281,0.219,0.500
17400,0.285,0.236,0.479
17600,0.269,0.227,0.504
17800,0.281,0.223,0.496
18000,0.281,0.227,0.492
18200,0.285,0.202,0.512
18400,0.302,0.190,0.508
18600,0.269,0.219,0.512
18800,0.240,0.256,0.504
19000,0.256,0.256,0.488
19200,0.252,0.248,0.500
19400,0.231,0.293,0.475
19600,0.240,0.273,0.488
19800,0.273,0.174,0.554
20000,0.273,0.231,0.496
20200,0.318,0.202,0.479
20400,0.347,0.178,0.475
20600,0.401,0.136,0.463
20800,0.380,0.128,0.492
21000,0.459,0.074,0.467
21200,0.459,0.083,0.459
21400,0.467,0.054,0.479
21600,0.583,0.062,0.355
21800,0.595,0.037,0.368
22000,0.554,0.054,0.393
22200,0.657,0.037,0.306
22400,0.707,0.050,0.244
22600,0.740,0.017,0.244
22800,0.814,0.008,0.178
23000,0.826,0.004,0.169
23200,0.872,0.004,0.124
23400,0.876,0.000,0.124
23600,0.893,0.000,0.107
23800,0.860,0.000,0.140
24000,0.847,0.000,0.153
24200,0.826,0.000,0.174
24400,0.810,0.004,0.186
24600,0.789,0.004,0.207
24800,0.802,0.008,0.190
25000,0.793,0.008,0.198
25200,0.789,0.000,0.211
25400,0.826,0.004,0.169
25600,0.851,0.000,0.149
25800,0.909,0.000,0.091
26000,0.942,0.000,0.058
26200,0.950,0.000,0.050
26400,0.921,0.008,0.070
26600,0.876,0.008,0.116
26800,0.897,0.004,0.099
27000,0.930,0.004,0.066
27200,0.921,0.004,0.074
27400,0.938,0.004,0.058
27600,0.913,0.004,0.083
27800,0.901,0.004,0.095
28000,0.917,0.004,0.079
28200,0.950,0.000,0.050
28400,0.946,0.000,0.054
28600,0.955,0.000,0.045
28800,0.971,0.000,0.029
29000,0.921,0.000,0.079
29200,0.880,0.000,0.120
29400,0.917,0.000,0.083
29600,0.888,0.000,0.112
29800,0.926,0.004,0.070
30000,0.905,0.000,0.095
30200,0.893,0.008,0.099
30400,0.897,0.004,0.099
30600,0.934,0.000,0.066
30800,0.921,0.000,0.079
31000,0.950,0.000,0.050
31200,0.959,0.012,0.029
31400,0.950,0.004,0.045
31600,0.967,0.000,0.033
31800,0.988,0.000,0.012
32000,0.996,0.000,0.004
32200,0.983,0.000,0.017
32400,0.992,0.000,0.008
32600,0.996,0.000,0.004
32800,0.996,0.000,0.004
33000,1.000,0.000,0.000
