time,n_A+p,n_B,n_AB
500,0.030,0.962,0.008
1000,0.030,0.955,0.015
1500,0.030,0.950,0.020
2000,0.030,0.943,0.027
2500,0.030,0.940,0.030
3000,0.032,0.929,0.039
3500,0.031,0.920,0.048
4000,0.031,0.909,0.059
4500,0.031,0.902,0.067
5000,0.031,0.897,0.072
5500,0.031,0.897,0.072
6000,0.032,0.889,0.080
6500,0.032,0.886,0.082
7000,0.032,0.875,0.093
7500,0.033,0.871,0.097
8000,0.032,0.865,0.103
8500,0.032,0.856,0.112
9000,0.034,0.843,0.124
9500,0.035,0.837,0.128
10000,0.035,0.818,0.147
10500,0.035,0.802,0.163
11000,0.035,0.800,0.164
11500,0.035,0.793,0.172
12000,0.038,0.784,0.177
12500,0.040,0.774,0.186
13000,0.041,0.761,0.198
13500,0.041,0.745,0.215
14000,0.045,0.736,0.219
14500,0.045,0.736,0.219
15000,0.049,0.731,0.220
15500,0.049,0.719,0.233
16000,0.050,0.716,0.235
16500,0.051,0.710,0.239
17000,0.049,0.701,0.251
17500,0.050,0.694,0.256
18000,0.054,0.687,0.259
18500,0.056,0.690,0.255
19000,0.056,0.681,0.263
19500,0.058,0.677,0.264
20000,0.057,0.670,0.273
20500,0.063,0.664,0.273
21000,0.061,0.664,0.274
21500,0.061,0.658,0.280
22000,0.059,0.657,0.283
22500,0.061,0.657,0.281
23000,0.060,0.646,0.293
23500,0.060,0.628,0.311
24000,0.067,0.628,0.305
24500,0.065,0.629,0.306
25000,0.068,0.614,0.318
25500,0.070,0.595,0.335
26000,0.077,0.594,0.329
26500,0.080,0.579,0.342
27000,0.086,0.565,0.350
27500,0.084,0.562,0.354
28000,0.088,0.555,0.356
28500,0.093,0.550,0.357
29000,0.092,0.548,0.359
29500,0.090,0.541,0.368
30000,0.090,0.536,0.373
30500,0.105,0.524,0.371
31000,0.113,0.514,0.373
31500,0.119,0.504,0.377
32000,0.117,0.509,0.374
32500,0.119,0.512,0.369
33000,0.115,0.500,0.385
33500,0.110,0.491,0.399
34000,0.112,0.483,0.405
34500,0.113,0.475,0.412
35000,0.123,0.469,0.408
35500,0.128,0.472,0.401
36000,0.127,0.474,0.399
36500,0.135,0.462,0.404
37000,0.136,0.455,0.409
37500,0.135,0.457,0.408
38000,0.128,0.451,0.422
38500,0.133,0.435,0.432
39000,0.138,0.424,0.438
39500,0.133,0.425,0.442
40000,0.135,0.417,0.448
40500,0.138,0.413,0.449
41000,0.136,0.405,0.460
41500,0.142,0.397,0.461
42000,0.146,0.386,0.468
42500,0.151,0.383,0.466
43000,0.156,0.378,0.466
43500,0.159,0.373,0.469
44000,0.162,0.366,0.471
44500,0.167,0.356,0.477
45000,0.166,0.356,0.478
45500,0.171,0.358,0.470
46000,0.183,0.358,0.459
46500,0.186,0.362,0.452
47000,0.193,0.352,0.455
47500,0.192,0.334,0.474
48000,0.196,0.319,0.486
48500,0.209,0.319,0.471
49000,0.212,0.313,0.474
49500,0.216,0.316,0.468
50000,0.217,0.316,0.468
50500,0.220,0.313,0.467
51000,0.227,0.302,0.471
51500,0.225,0.301,0.474
52000,0.226,0.295,0.479
52500,0.232,0.293,0.475
53000,0.234,0.284,0.482
53500,0.225,0.284,0.491
54000,0.242,0.278,0.480
54500,0.243,0.272,0.485
55000,0.251,0.271,0.479
55500,0.249,0.266,0.485
56000,0.251,0.272,0.477
56500,0.255,0.263,0.483
57000,0.256,0.249,0.495
57500,0.270,0.259,0.471
58000,0.265,0.264,0.471
58500,0.279,0.263,0.458
59000,0.273,0.263,0.465
59500,0.270,0.255,0.475
60000,0.267,0.254,0.479
60500,0.262,0.252,0.486
61000,0.266,0.261,0.473
61500,0.268,0.263,0.470
62000,0.257,0.269,0.475
62500,0.261,0.261,0.479
63000,0.247,0.262,0.491
63500,0.242,0.259,0.499
64000,0.249,0.256,0.495
64500,0.254,0.245,0.501
65000,0.265,0.258,0.478
65500,0.270,0.254,0.477
66000,0.273,0.248,0.479
66500,0.280,0.244,0.476
67000,0.275,0.242,0.482
67500,0.292,0.234,0.473
68000,0.295,0.235,0.469
68500,0.288,0.233,0.479
69000,0.288,0.232,0.480
69500,0.281,0.222,0.497
70000,0.293,0.226,0.482
70500,0.288,0.224,0.488
71000,0.295,0.219,0.486
71500,0.295,0.211,0.494
72000,0.303,0.210,0.487
72500,0.314,0.205,0.480
73000,0.324,0.205,0.472
73500,0.322,0.204,0.475
74000,0.315,0.208,0.477
74500,0.309,0.211,0.480
75000,0.315,0.197,0.489
75500,0.319,0.198,0.483
76000,0.319,0.201,0.481
76500,0.322,0.199,0.480
77000,0.326,0.199,0.476
77500,0.321,0.197,0.483
78000,0.323,0.200,0.477
78500,0.322,0.198,0.480
79000,0.315,0.200,0.485
79500,0.312,0.190,0.497
80000,0.310,0.196,0.494
80500,0.325,0.185,0.490
81000,0.331,0.183,0.486
81500,0.333,0.185,0.482
82000,0.340,0.191,0.470
82500,0.345,0.187,0.468
83000,0.338,0.186,0.475
83500,0.336,0.181,0.483
84000,0.339,0.171,0.491
84500,0.335,0.178,0.487
85000,0.343,0.178,0.479
85500,0.346,0.180,0.473
86000,0.365,0.171,0.464
86500,0.367,0.164,0.469
87000,0.367,0.168,0.465
87500,0.362,0.161,0.476
88000,0.365,0.161,0.474
88500,0.378,0.161,0.462
89000,0.370,0.163,0.467
89500,0.365,0.158,0.477
90000,0.356,0.165,0.478
90500,0.356,0.170,0.473
91000,0.364,0.158,0.479
91500,0.361,0.159,0.480
92000,0.372,0.148,0.480
92500,0.374,0.152,0.474
93000,0.376,0.160,0.465
93500,0.372,0.161,0.466
94000,0.382,0.154,0.464
94500,0.379,0.153,0.468
95000,0.381,0.154,0.465
95500,0.373,0.157,0.470
96000,0.372,0.163,0.464
96500,0.372,0.163,0.465
97000,0.381,0.160,0.459
97500,0.373,0.163,0.464
98000,0.373,0.160,0.468
98500,0.378,0.156,0.466
99000,0.370,0.155,0.474
99500,0.367,0.158,0.475
100000,0.376,0.155,0.469
100500,0.376,0.146,0.478
101000,0.374,0.149,0.477
101500,0.376,0.164,0.461
102000,0.379,0.172,0.450
102500,0.374,0.172,0.454
103000,0.373,0.172,0.455
103500,0.368,0.179,0.452
104000,0.368,0.175,0.456
104500,0.368,0.189,0.443
105000,0.363,0.184,0.453
105500,0.373,0.178,0.448
106000,0.372,0.177,0.450
106500,0.370,0.177,0.452
107000,0.370,0.168,0.463
107500,0.379,0.164,0.458
108000,0.372,0.169,0.459
108500,0.369,0.172,0.460
109000,0.369,0.171,0.460
109500,0.376,0.170,0.455
110000,0.366,0.168,0.465
110500,0.361,0.172,0.468
111000,0.361,0.172,0.467
111500,0.369,0.160,0.472
112000,0.377,0.164,0.460
112500,0.380,0.168,0.453
113000,0.380,0.167,0.454
113500,0.373,0.164,0.464
114000,0.379,0.160,0.462
114500,0.384,0.160,0.457
115000,0.383,0.152,0.465
115500,0.382,0.153,0.465
116000,0.384,0.159,0.458
116500,0.384,0.161,0.456
117000,0.382,0.153,0.465
117500,0.372,0.147,0.480
118000,0.369,0.148,0.483
118500,0.367,0.158,0.476
119000,0.374,0.157,0.468
119500,0.393,0.153,0.454
120000,0.400,0.148,0.452
120500,0.400,0.157,0.444
121000,0.393,0.154,0.453
121500,0.400,0.157,0.444
122000,0.406,0.155,0.439
122500,0.410,0.149,0.441
123000,0.408,0.141,0.450
123500,0.405,0.149,0.446
124000,0.408,0.143,0.449
124500,0.398,0.145,0.457
125000,0.396,0.152,0.452
125500,0.401,0.151,0.448
126000,0.406,0.147,0.446
126500,0.416,0.148,0.435
127000,0.412,0.140,0.448
127500,0.407,0.143,0.449
128000,0.407,0.141,0.451
128500,0.409,0.142,0.449
129000,0.415,0.141,0.444
129500,0.424,0.141,0.435
130000,0.418,0.132,0.450
130500,0.417,0.121,0.461
131000,0.410,0.126,0.465
131500,0.412,0.130,0.458
132000,0.414,0.123,0.463
132500,0.415,0.128,0.457
133000,0.420,0.135,0.445
133500,0.414,0.140,0.447
134000,0.416,0.142,0.442
134500,0.411,0.144,0.445
135000,0.408,0.142,0.449
135500,0.407,0.141,0.452
136000,0.410,0.140,0.450
136500,0.412,0.142,0.446
137000,0.418,0.142,0.440
137500,0.411,0.145,0.444
138000,0.412,0.147,0.441
138500,0.420,0.143,0.437
139000,0.414,0.144,0.442
139500,0.401,0.140,0.459
140000,0.402,0.138,0.460
140500,0.400,0.134,0.466
141000,0.402,0.133,0.466
141500,0.409,0.132,0.459
142000,0.418,0.136,0.447
142500,0.408,0.140,0.452
143000,0.403,0.136,0.461
143500,0.396,0.130,0.474
144000,0.404,0.128,0.469
144500,0.407,0.127,0.466
145000,0.416,0.121,0.463
145500,0.412,0.122,0.465
146000,0.415,0.127,0.458
146500,0.427,0.120,0.452
147000,0.426,0.123,0.451
147500,0.438,0.126,0.436
148000,0.441,0.120,0.439
148500,0.446,0.120,0.434
149000,0.447,0.121,0.431
149500,0.444,0.120,0.436
150000,0.444,0.132,0.425
150500,0.434,0.129,0.437
151000,0.427,0.126,0.447
151500,0.429,0.130,0.441
152000,0.433,0.127,0.440
152500,0.441,0.123,0.436
153000,0.427,0.127,0.446
153500,0.432,0.120,0.448
154000,0.426,0.124,0.450
154500,0.427,0.128,0.445
155000,0.425,0.131,0.444
155500,0.424,0.129,0.447
156000,0.430,0.133,0.437
156500,0.432,0.133,0.434
157000,0.427,0.134,0.439
157500,0.429,0.127,0.444
158000,0.434,0.126,0.440
158500,0.436,0.126,0.438
159000,0.435,0.126,0.439
159500,0.423,0.125,0.452
160000,0.419,0.124,0.456
160500,0.417,0.118,0.465
161000,0.415,0.120,0.465
161500,0.416,0.117,0.467
162000,0.413,0.117,0.470
162500,0.405,0.124,0.470
163000,0.416,0.125,0.459
163500,0.421,0.127,0.452
164000,0.427,0.129,0.444
164500,0.427,0.116,0.457
165000,0.421,0.121,0.457
165500,0.434,0.107,0.458
166000,0.437,0.107,0.456
166500,0.427,0.104,0.469
167000,0.432,0.116,0.453
167500,0.431,0.119,0.449
168000,0.430,0.110,0.460
168500,0.430,0.114,0.456
169000,0.426,0.115,0.459
169500,0.433,0.115,0.452
170000,0.438,0.114,0.448
170500,0.432,0.111,0.458
171000,0.442,0.106,0.452
171500,0.442,0.105,0.453
172000,0.449,0.111,0.440
172500,0.453,0.108,0.440
173000,0.459,0.108,0.432
173500,0.461,0.108,0.430
174000,0.456,0.112,0.432
174500,0.449,0.111,0.440
175000,0.452,0.115,0.433
175500,0.463,0.111,0.426
176000,0.459,0.112,0.429
176500,0.464,0.115,0.422
177000,0.468,0.113,0.419
177500,0.463,0.107,0.430
178000,0.466,0.104,0.430
178500,0.473,0.101,0.426
179000,0.460,0.102,0.438
179500,0.459,0.102,0.439
180000,0.461,0.111,0.428
180500,0.461,0.114,0.425
181000,0.466,0.111,0.424
181500,0.466,0.113,0.422
182000,0.458,0.114,0.428
182500,0.464,0.120,0.416
183000,0.458,0.115,0.427
183500,0.455,0.113,0.432
184000,0.449,0.117,0.434
184500,0.445,0.114,0.441
185000,0.443,0.119,0.437
185500,0.442,0.122,0.436
186000,0.449,0.117,0.433
186500,0.448,0.117,0.435
187000,0.445,0.113,0.442
187500,0.441,0.116,0.444
188000,0.455,0.121,0.423
188500,0.452,0.125,0.423
189000,0.453,0.135,0.412
189500,0.449,0.137,0.414
190000,0.451,0.137,0.412
190500,0.452,0.128,0.420
191000,0.461,0.127,0.412
191500,0.453,0.123,0.424
192000,0.449,0.117,0.433
192500,0.450,0.123,0.427
193000,0.458,0.118,0.424
193500,0.450,0.118,0.432
194000,0.449,0.114,0.437
194500,0.451,0.117,0.432
195000,0.449,0.116,0.435
195500,0.448,0.110,0.442
196000,0.461,0.116,0.424
196500,0.448,0.123,0.429
197000,0.446,0.137,0.418
197500,0.455,0.128,0.417
198000,0.459,0.120,0.421
198500,0.454,0.113,0.433
199000,0.456,0.114,0.430
199500,0.457,0.116,0.427
200000,0.456,0.120,0.424
200500,0.445,0.112,0.444
201000,0.448,0.115,0.438
201500,0.446,0.114,0.440
202000,0.449,0.104,0.448
202500,0.445,0.099,0.457
203000,0.444,0.098,0.458
203500,0.451,0.093,0.455
204000,0.455,0.097,0.449
204500,0.465,0.102,0.432
205000,0.463,0.104,0.432
205500,0.468,0.103,0.429
206000,0.464,0.110,0.427
206500,0.456,0.112,0.432
207000,0.465,0.105,0.429
207500,0.479,0.103,0.417
208000,0.481,0.112,0.407
208500,0.493,0.117,0.390
209000,0.489,0.114,0.396
209500,0.478,0.110,0.412
210000,0.481,0.110,0.408
210500,0.484,0.118,0.398
211000,0.482,0.113,0.406
211500,0.485,0.117,0.397
212000,0.481,0.108,0.411
212500,0.481,0.099,0.420
213000,0.491,0.097,0.412
213500,0.497,0.089,0.413
214000,0.503,0.084,0.413
214500,0.507,0.081,0.412
215000,0.493,0.079,0.428
215500,0.497,0.077,0.425
216000,0.500,0.083,0.417
216500,0.514,0.079,0.407
217000,0.514,0.083,0.403
217500,0.508,0.083,0.409
218000,0.512,0.080,0.408
218500,0.520,0.079,0.401
219000,0.520,0.084,0.396
219500,0.529,0.086,0.385
220000,0.523,0.086,0.391
220500,0.519,0.087,0.393
221000,0.521,0.088,0.390
221500,0.528,0.091,0.380
222000,0.539,0.079,0.382
222500,0.546,0.078,0.376
223000,0.545,0.080,0.375
223500,0.543,0.086,0.371
224000,0.538,0.076,0.385
224500,0.542,0.073,0.384
225000,0.539,0.074,0.387
225500,0.536,0.070,0.394
226000,0.529,0.072,0.399
226500,0.530,0.072,0.397
227000,0.525,0.062,0.413
227500,0.524,0.067,0.409
228000,0.521,0.072,0.407
228500,0.516,0.072,0.412
229000,0.512,0.078,0.410
229500,0.508,0.083,0.409
230000,0.501,0.086,0.413
230500,0.495,0.087,0.418
231000,0.509,0.087,0.403
231500,0.507,0.088,0.405
232000,0.500,0.090,0.409
232500,0.494,0.084,0.422
233000,0.486,0.085,0.429
233500,0.491,0.081,0.427
234000,0.503,0.086,0.410
234500,0.494,0.087,0.419
235000,0.488,0.096,0.416
235500,0.487,0.094,0.418
236000,0.479,0.097,0.423
236500,0.468,0.105,0.427
237000,0.473,0.103,0.424
237500,0.478,0.102,0.420
238000,0.472,0.111,0.417
238500,0.479,0.116,0.404
239000,0.478,0.118,0.403
239500,0.482,0.120,0.398
240000,0.475,0.116,0.408
240500,0.468,0.120,0.412
241000,0.463,0.118,0.419
241500,0.459,0.121,0.419
242000,0.457,0.115,0.429
242500,0.458,0.106,0.436
243000,0.459,0.120,0.421
243500,0.459,0.118,0.422
244000,0.464,0.119,0.417
244500,0.444,0.121,0.435
245000,0.451,0.122,0.427
245500,0.450,0.118,0.432
246000,0.458,0.111,0.431
246500,0.454,0.110,0.436
247000,0.455,0.118,0.427
247500,0.469,0.114,0.417
248000,0.474,0.121,0.405
248500,0.469,0.121,0.410
249000,0.466,0.120,0.414
249500,0.460,0.121,0.419
250000,0.462,0.113,0.425
250500,0.457,0.113,0.431
251000,0.465,0.106,0.429
251500,0.468,0.103,0.429
252000,0.475,0.100,0.425
252500,0.480,0.096,0.424
253000,0.481,0.099,0.420
253500,0.480,0.101,0.419
254000,0.472,0.100,0.428
254500,0.477,0.105,0.417
255000,0.482,0.099,0.419
255500,0.487,0.105,0.408
256000,0.480,0.099,0.421
256500,0.483,0.092,0.424
257000,0.484,0.084,0.432
257500,0.478,0.085,0.437
258000,0.476,0.097,0.427
258500,0.483,0.093,0.424
259000,0.492,0.091,0.417
259500,0.491,0.091,0.417
260000,0.486,0.090,0.423
260500,0.490,0.092,0.418
261000,0.483,0.093,0.423
261500,0.470,0.086,0.444
262000,0.480,0.089,0.431
262500,0.483,0.095,0.422
263000,0.490,0.099,0.411
263500,0.486,0.098,0.416
264000,0.481,0.102,0.417
264500,0.477,0.103,0.419
265000,0.470,0.109,0.421
265500,0.476,0.112,0.413
266000,0.477,0.107,0.415
266500,0.478,0.102,0.420
267000,0.471,0.104,0.425
267500,0.476,0.100,0.424
268000,0.473,0.100,0.427
268500,0.474,0.100,0.426
269000,0.462,0.102,0.436
269500,0.466,0.108,0.426
270000,0.462,0.112,0.426
270500,0.468,0.113,0.420
271000,0.474,0.114,0.412
271500,0.461,0.126,0.413
272000,0.453,0.124,0.423
272500,0.449,0.127,0.424
273000,0.449,0.124,0.427
273500,0.448,0.119,0.433
274000,0.444,0.119,0.437
274500,0.454,0.120,0.426
275000,0.464,0.117,0.419
275500,0.483,0.112,0.404
276000,0.482,0.113,0.405
276500,0.484,0.105,0.410
277000,0.489,0.107,0.403
277500,0.496,0.108,0.396
278000,0.484,0.110,0.406
278500,0.483,0.112,0.405
279000,0.485,0.110,0.405
279500,0.482,0.114,0.405
280000,0.476,0.111,0.413
280500,0.485,0.111,0.405
281000,0.480,0.107,0.412
281500,0.479,0.098,0.422
282000,0.473,0.102,0.424
282500,0.475,0.102,0.423
283000,0.477,0.102,0.421
283500,0.472,0.097,0.431
284000,0.469,0.095,0.436
284500,0.469,0.099,0.433
285000,0.468,0.104,0.428
285500,0.453,0.100,0.448
286000,0.453,0.092,0.454
286500,0.447,0.096,0.457
287000,0.450,0.099,0.452
287500,0.453,0.102,0.445
288000,0.456,0.101,0.443
288500,0.460,0.095,0.446
289000,0.466,0.099,0.435
289500,0.477,0.104,0.418
290000,0.475,0.110,0.415
290500,0.470,0.108,0.422
291000,0.472,0.107,0.421
291500,0.468,0.106,0.426
292000,0.476,0.111,0.414
292500,0.482,0.106,0.411
293000,0.478,0.103,0.418
293500,0.489,0.099,0.412
294000,0.487,0.096,0.416
294500,0.497,0.097,0.405
295000,0.488,0.099,0.413
295500,0.490,0.098,0.412
296000,0.489,0.094,0.417
296500,0.489,0.092,0.418
297000,0.479,0.092,0.428
297500,0.485,0.089,0.425
298000,0.480,0.090,0.429
298500,0.476,0.092,0.432
299000,0.468,0.089,0.443
299500,0.465,0.098,0.437
300000,0.472,0.100,0.428
300500,0.472,0.102,0.426
301000,0.466,0.101,0.433
301500,0.463,0.107,0.430
302000,0.466,0.108,0.426
302500,0.472,0.111,0.417
303000,0.469,0.113,0.418
303500,0.472,0.107,0.421
304000,0.467,0.110,0.423
304500,0.470,0.102,0.428
305000,0.477,0.099,0.423
305500,0.471,0.103,0.426
306000,0.469,0.104,0.427
306500,0.470,0.104,0.426
307000,0.467,0.103,0.430
307500,0.462,0.102,0.436
308000,0.453,0.114,0.434
308500,0.446,0.115,0.440
309000,0.450,0.113,0.438
309500,0.443,0.108,0.449
310000,0.439,0.113,0.448
310500,0.442,0.105,0.453
311000,0.440,0.110,0.451
311500,0.445,0.114,0.441
312000,0.454,0.112,0.434
312500,0.450,0.111,0.440
313000,0.472,0.116,0.412
313500,0.451,0.112,0.437
314000,0.452,0.112,0.436
314500,0.433,0.109,0.458
315000,0.432,0.116,0.453
315500,0.443,0.122,0.435
316000,0.444,0.115,0.442
316500,0.455,0.117,0.428
317000,0.445,0.126,0.429
317500,0.433,0.128,0.439
318000,0.437,0.126,0.437
318500,0.425,0.136,0.439
319000,0.413,0.141,0.446
319500,0.422,0.142,0.436
320000,0.418,0.134,0.448
320500,0.420,0.132,0.449
321000,0.426,0.133,0.441
321500,0.436,0.132,0.431
322000,0.432,0.130,0.438
322500,0.429,0.130,0.441
323000,0.435,0.128,0.437
323500,0.438,0.120,0.442
324000,0.439,0.116,0.445
324500,0.448,0.116,0.436
325000,0.445,0.116,0.440
325500,0.433,0.110,0.457
326000,0.435,0.109,0.456
326500,0.432,0.107,0.461
327000,0.435,0.113,0.452
327500,0.443,0.117,0.441
328000,0.446,0.122,0.432
328500,0.443,0.123,0.433
329000,0.444,0.124,0.432
329500,0.440,0.116,0.445
330000,0.443,0.116,0.441
330500,0.452,0.120,0.428
331000,0.454,0.120,0.426
331500,0.449,0.126,0.425
332000,0.446,0.128,0.426
332500,0.446,0.128,0.427
333000,0.443,0.129,0.428
333500,0.448,0.131,0.421
334000,0.449,0.125,0.426
334500,0.446,0.123,0.431
335000,0.433,0.118,0.449
335500,0.419,0.118,0.462
336000,0.417,0.120,0.463
336500,0.417,0.124,0.459
337000,0.417,0.125,0.458
337500,0.420,0.127,0.454
338000,0.418,0.120,0.461
338500,0.420,0.118,0.461
339000,0.414,0.123,0.463
339500,0.407,0.131,0.462
340000,0.392,0.136,0.473
340500,0.390,0.144,0.466
341000,0.386,0.143,0.471
341500,0.382,0.138,0.481
342000,0.379,0.140,0.481
342500,0.388,0.141,0.472
343000,0.384,0.154,0.462
343500,0.395,0.155,0.450
344000,0.396,0.150,0.454
344500,0.391,0.149,0.460
345000,0.387,0.142,0.471
345500,0.378,0.149,0.473
346000,0.385,0.148,0.467
346500,0.384,0.149,0.467
347000,0.383,0.155,0.462
347500,0.383,0.156,0.461
348000,0.381,0.163,0.457
348500,0.393,0.162,0.445
349000,0.392,0.158,0.450
349500,0.393,0.153,0.454
350000,0.380,0.149,0.471
350500,0.389,0.148,0.463
351000,0.383,0.148,0.469
351500,0.376,0.148,0.476
352000,0.370,0.152,0.477
352500,0.372,0.159,0.469
353000,0.378,0.163,0.460
353500,0.381,0.157,0.463
354000,0.376,0.161,0.463
354500,0.376,0.158,0.467
355000,0.377,0.160,0.463
355500,0.376,0.155,0.469
356000,0.363,0.148,0.488
356500,0.359,0.154,0.487
357000,0.361,0.153,0.485
357500,0.364,0.152,0.484
358000,0.366,0.143,0.491
358500,0.368,0.138,0.493
359000,0.371,0.142,0.487
359500,0.393,0.152,0.455
360000,0.388,0.152,0.461
360500,0.391,0.158,0.452
361000,0.387,0.153,0.460
361500,0.385,0.145,0.470
362000,0.386,0.156,0.458
362500,0.386,0.163,0.452
363000,0.385,0.161,0.455
363500,0.379,0.155,0.466
364000,0.392,0.153,0.456
364500,0.391,0.148,0.461
365000,0.396,0.159,0.446
365500,0.409,0.152,0.438
366000,0.401,0.147,0.452
366500,0.408,0.145,0.447
367000,0.415,0.142,0.443
367500,0.409,0.147,0.444
368000,0.406,0.143,0.451
368500,0.413,0.141,0.446
369000,0.407,0.141,0.452
369500,0.402,0.145,0.453
370000,0.404,0.149,0.447
370500,0.407,0.146,0.447
371000,0.417,0.148,0.434
371500,0.400,0.153,0.447
372000,0.409,0.154,0.437
372500,0.420,0.151,0.428
373000,0.421,0.143,0.435
373500,0.410,0.145,0.445
374000,0.409,0.148,0.443
374500,0.405,0.148,0.447
375000,0.406,0.149,0.446
375500,0.401,0.151,0.448
376000,0.400,0.148,0.452
376500,0.415,0.153,0.431
377000,0.415,0.154,0.430
377500,0.411,0.152,0.436
378000,0.408,0.152,0.440
378500,0.397,0.149,0.454
379000,0.390,0.147,0.463
379500,0.385,0.144,0.471
380000,0.381,0.141,0.478
380500,0.380,0.151,0.469
381000,0.384,0.147,0.469
381500,0.390,0.157,0.453
382000,0.389,0.146,0.465
382500,0.391,0.141,0.468
383000,0.391,0.141,0.469
383500,0.397,0.140,0.463
384000,0.393,0.137,0.471
384500,0.400,0.135,0.465
385000,0.404,0.131,0.466
385500,0.404,0.126,0.470
386000,0.398,0.123,0.478
386500,0.404,0.120,0.475
387000,0.410,0.132,0.458
387500,0.407,0.137,0.456
388000,0.415,0.142,0.443
388500,0.411,0.144,0.444
389000,0.412,0.146,0.442
389500,0.411,0.142,0.447
390000,0.413,0.139,0.448
390500,0.404,0.138,0.459
391000,0.401,0.139,0.460
391500,0.394,0.148,0.458
392000,0.397,0.153,0.450
392500,0.397,0.160,0.444
393000,0.391,0.165,0.444
393500,0.400,0.160,0.441
394000,0.399,0.166,0.436
394500,0.393,0.164,0.443
395000,0.385,0.161,0.454
395500,0.386,0.155,0.459
396000,0.390,0.157,0.454
396500,0.397,0.164,0.440
397000,0.389,0.152,0.459
397500,0.394,0.147,0.459
398000,0.392,0.148,0.461
398500,0.391,0.151,0.458
399000,0.388,0.147,0.465
399500,0.380,0.149,0.471
400000,0.366,0.150,0.484
400500,0.354,0.160,0.487
401000,0.370,0.157,0.473
401500,0.365,0.167,0.469
402000,0.370,0.164,0.467
402500,0.374,0.158,0.468
403000,0.370,0.167,0.463
403500,0.375,0.162,0.463
404000,0.369,0.173,0.458
404500,0.369,0.164,0.467
405000,0.367,0.158,0.475
405500,0.359,0.150,0.491
406000,0.368,0.145,0.487
406500,0.363,0.140,0.497
407000,0.361,0.144,0.495
407500,0.362,0.144,0.493
408000,0.375,0.149,0.476
408500,0.375,0.157,0.468
409000,0.370,0.154,0.475
409500,0.379,0.162,0.460
410000,0.374,0.163,0.462
410500,0.387,0.167,0.446
411000,0.385,0.160,0.456
411500,0.386,0.159,0.456
412000,0.381,0.165,0.455
412500,0.368,0.169,0.463
413000,0.362,0.167,0.472
413500,0.365,0.166,0.469
414000,0.364,0.155,0.481
414500,0.355,0.163,0.482
415000,0.364,0.164,0.473
415500,0.364,0.176,0.460
416000,0.364,0.181,0.455
416500,0.366,0.177,0.457
417000,0.366,0.184,0.449
417500,0.362,0.182,0.455
418000,0.355,0.181,0.464
418500,0.353,0.187,0.460
419000,0.357,0.190,0.453
419500,0.348,0.195,0.457
420000,0.345,0.199,0.457
420500,0.337,0.196,0.467
421000,0.340,0.210,0.449
421500,0.335,0.208,0.457
422000,0.335,0.204,0.461
422500,0.342,0.199,0.459
423000,0.348,0.203,0.448
423500,0.353,0.203,0.444
424000,0.352,0.198,0.450
424500,0.353,0.192,0.456
425000,0.351,0.186,0.463
425500,0.344,0.178,0.478
426000,0.350,0.182,0.468
426500,0.349,0.184,0.466
427000,0.348,0.184,0.468
427500,0.352,0.188,0.461
428000,0.351,0.181,0.467
428500,0.347,0.178,0.475
429000,0.348,0.170,0.481
429500,0.355,0.167,0.479
430000,0.366,0.162,0.472
430500,0.368,0.163,0.468
431000,0.374,0.169,0.457
431500,0.366,0.162,0.472
432000,0.364,0.161,0.475
432500,0.358,0.166,0.476
433000,0.358,0.163,0.479
433500,0.362,0.159,0.480
434000,0.359,0.171,0.470
434500,0.367,0.171,0.463
435000,0.373,0.165,0.462
435500,0.368,0.163,0.468
436000,0.365,0.158,0.477
436500,0.371,0.146,0.483
437000,0.374,0.149,0.476
437500,0.382,0.149,0.469
438000,0.383,0.148,0.469
438500,0.391,0.161,0.449
439000,0.402,0.161,0.438
439500,0.388,0.158,0.455
440000,0.376,0.161,0.464
440500,0.384,0.159,0.458
441000,0.387,0.156,0.457
441500,0.387,0.155,0.458
442000,0.386,0.149,0.466
442500,0.370,0.149,0.480
443000,0.377,0.144,0.479
443500,0.384,0.143,0.473
444000,0.392,0.139,0.470
444500,0.391,0.137,0.472
445000,0.387,0.145,0.468
445500,0.384,0.147,0.469
446000,0.393,0.141,0.466
446500,0.395,0.137,0.469
447000,0.398,0.142,0.461
447500,0.395,0.141,0.464
448000,0.392,0.139,0.470
448500,0.402,0.131,0.467
449000,0.405,0.132,0.463
449500,0.402,0.137,0.462
450000,0.399,0.134,0.467
450500,0.406,0.125,0.469
451000,0.406,0.121,0.472
451500,0.404,0.112,0.485
452000,0.401,0.110,0.489
452500,0.404,0.107,0.488
453000,0.412,0.110,0.478
453500,0.416,0.111,0.473
454000,0.415,0.119,0.466
454500,0.414,0.119,0.466
455000,0.416,0.122,0.461
455500,0.423,0.119,0.458
456000,0.421,0.128,0.451
456500,0.426,0.124,0.450
457000,0.429,0.118,0.452
457500,0.429,0.127,0.444
458000,0.428,0.124,0.448
458500,0.435,0.116,0.449
459000,0.442,0.117,0.441
459500,0.433,0.113,0.454
460000,0.443,0.112,0.445
460500,0.446,0.113,0.442
461000,0.448,0.117,0.436
461500,0.457,0.121,0.422
462000,0.459,0.112,0.429
462500,0.461,0.114,0.426
463000,0.465,0.117,0.418
463500,0.462,0.116,0.422
464000,0.463,0.118,0.419
464500,0.451,0.121,0.428
465000,0.449,0.123,0.427
465500,0.444,0.128,0.429
466000,0.451,0.121,0.428
466500,0.448,0.127,0.425
467000,0.447,0.132,0.421
467500,0.446,0.122,0.432
468000,0.447,0.122,0.431
468500,0.444,0.128,0.429
469000,0.450,0.126,0.425
469500,0.436,0.126,0.439
470000,0.441,0.126,0.433
470500,0.448,0.126,0.426
471000,0.448,0.120,0.432
471500,0.455,0.123,0.422
472000,0.461,0.124,0.414
472500,0.464,0.120,0.416
473000,0.469,0.114,0.417
473500,0.466,0.117,0.417
474000,0.460,0.114,0.426
474500,0.465,0.112,0.423
475000,0.460,0.107,0.433
475500,0.467,0.106,0.427
476000,0.466,0.106,0.428
476500,0.464,0.102,0.434
477000,0.456,0.105,0.440
477500,0.443,0.111,0.446
478000,0.435,0.101,0.464
478500,0.431,0.096,0.473
479000,0.440,0.100,0.461
479500,0.447,0.101,0.453
480000,0.453,0.100,0.448
480500,0.470,0.101,0.429
481000,0.466,0.104,0.430
481500,0.466,0.104,0.430
482000,0.468,0.103,0.429
482500,0.468,0.101,0.431
483000,0.469,0.101,0.430
483500,0.459,0.103,0.438
484000,0.454,0.107,0.439
484500,0.449,0.110,0.441
485000,0.460,0.102,0.439
485500,0.455,0.106,0.440
486000,0.453,0.102,0.445
486500,0.451,0.103,0.446
487000,0.453,0.107,0.439
487500,0.454,0.103,0.443
488000,0.447,0.107,0.446
488500,0.456,0.117,0.427
489000,0.458,0.123,0.419
489500,0.458,0.121,0.421
490000,0.462,0.119,0.419
490500,0.464,0.117,0.419
491000,0.457,0.115,0.428
491500,0.462,0.116,0.423
492000,0.459,0.108,0.433
492500,0.455,0.107,0.438
493000,0.456,0.110,0.435
493500,0.467,0.103,0.430
494000,0.467,0.110,0.423
494500,0.474,0.110,0.416
495000,0.470,0.106,0.424
495500,0.475,0.108,0.417
496000,0.480,0.108,0.412
496500,0.482,0.100,0.418
497000,0.475,0.106,0.418
497500,0.474,0.102,0.424
498000,0.478,0.105,0.417
498500,0.478,0.103,0.419
499000,0.493,0.102,0.405
499500,0.497,0.102,0.401
500000,0.494,0.096,0.410
500500,0.497,0.094,0.409
501000,0.491,0.093,0.415
501500,0.499,0.090,0.411
502000,0.496,0.084,0.420
502500,0.507,0.085,0.408
503000,0.510,0.096,0.394
503500,0.502,0.092,0.405
504000,0.512,0.087,0.400
504500,0.504,0.093,0.403
505000,0.507,0.091,0.401
505500,0.498,0.095,0.407
506000,0.504,0.100,0.396
506500,0.506,0.093,0.400
507000,0.497,0.096,0.406
507500,0.491,0.102,0.407
508000,0.495,0.099,0.406
508500,0.492,0.095,0.413
509000,0.494,0.093,0.412
509500,0.501,0.098,0.401
510000,0.504,0.093,0.402
510500,0.509,0.092,0.399
511000,0.510,0.087,0.402
511500,0.503,0.086,0.410
512000,0.505,0.086,0.409
512500,0.505,0.098,0.397
513000,0.492,0.103,0.404
513500,0.482,0.099,0.419
514000,0.470,0.097,0.433
514500,0.482,0.102,0.416
515000,0.487,0.104,0.409
515500,0.482,0.103,0.415
516000,0.492,0.103,0.404
516500,0.494,0.103,0.403
517000,0.496,0.103,0.401
517500,0.508,0.104,0.388
518000,0.507,0.102,0.391
518500,0.502,0.101,0.397
519000,0.509,0.100,0.391
519500,0.509,0.100,0.391
520000,0.504,0.099,0.397
520500,0.496,0.099,0.405
521000,0.487,0.103,0.410
521500,0.490,0.102,0.408
522000,0.481,0.106,0.412
522500,0.481,0.101,0.418
523000,0.476,0.096,0.428
523500,0.488,0.093,0.418
524000,0.486,0.091,0.423
524500,0.488,0.090,0.421
525000,0.490,0.085,0.425
525500,0.495,0.087,0.417
526000,0.493,0.081,0.426
526500,0.496,0.086,0.418
527000,0.488,0.093,0.418
527500,0.482,0.095,0.423
528000,0.487,0.091,0.421
528500,0.490,0.085,0.425
529000,0.491,0.088,0.421
529500,0.488,0.084,0.428
530000,0.504,0.082,0.414
530500,0.502,0.087,0.410
531000,0.511,0.087,0.401
531500,0.518,0.087,0.394
532000,0.514,0.087,0.398
532500,0.515,0.082,0.403
533000,0.504,0.092,0.403
533500,0.494,0.095,0.411
534000,0.506,0.086,0.408
534500,0.496,0.086,0.418
535000,0.514,0.083,0.403
535500,0.516,0.090,0.393
536000,0.520,0.096,0.384
536500,0.520,0.093,0.387
537000,0.515,0.088,0.397
537500,0.514,0.085,0.401
538000,0.509,0.083,0.408
538500,0.503,0.078,0.419
539000,0.512,0.086,0.402
539500,0.522,0.081,0.397
540000,0.515,0.081,0.404
540500,0.523,0.090,0.387
541000,0.513,0.087,0.400
541500,0.517,0.089,0.393
542000,0.518,0.087,0.395
542500,0.517,0.091,0.392
543000,0.518,0.094,0.388
543500,0.508,0.100,0.392
544000,0.507,0.099,0.394
544500,0.511,0.095,0.394
545000,0.515,0.096,0.389
545500,0.514,0.096,0.390
546000,0.500,0.097,0.403
546500,0.517,0.097,0.386
547000,0.517,0.091,0.392
547500,0.520,0.086,0.393
548000,0.524,0.085,0.391
548500,0.532,0.085,0.383
549000,0.529,0.085,0.386
549500,0.526,0.080,0.394
550000,0.519,0.077,0.403
550500,0.518,0.076,0.406
551000,0.516,0.078,0.406
551500,0.517,0.074,0.408
552000,0.508,0.078,0.414
552500,0.505,0.082,0.413
553000,0.501,0.083,0.416
553500,0.512,0.085,0.403
554000,0.507,0.089,0.403
554500,0.502,0.086,0.412
555000,0.502,0.080,0.418
555500,0.501,0.082,0.417
556000,0.508,0.088,0.403
556500,0.501,0.090,0.408
557000,0.499,0.095,0.406
557500,0.503,0.091,0.405
558000,0.511,0.087,0.401
558500,0.503,0.089,0.407
559000,0.512,0.097,0.391
559500,0.504,0.103,0.393
560000,0.507,0.101,0.392
560500,0.512,0.097,0.391
561000,0.519,0.093,0.388
561500,0.521,0.091,0.388
562000,0.516,0.087,0.396
562500,0.518,0.083,0.399
563000,0.522,0.080,0.398
563500,0.518,0.084,0.398
564000,0.516,0.087,0.396
564500,0.512,0.088,0.400
565000,0.508,0.096,0.396
565500,0.506,0.090,0.403
566000,0.509,0.094,0.397
566500,0.508,0.091,0.401
567000,0.499,0.096,0.405
567500,0.503,0.092,0.404
568000,0.503,0.090,0.406
568500,0.501,0.086,0.412
569000,0.499,0.084,0.417
569500,0.493,0.083,0.424
570000,0.499,0.074,0.426
570500,0.507,0.082,0.411
571000,0.499,0.089,0.411
571500,0.504,0.093,0.402
572000,0.502,0.091,0.407
572500,0.505,0.090,0.404
573000,0.499,0.095,0.406
573500,0.487,0.103,0.410
574000,0.494,0.104,0.402
574500,0.488,0.097,0.415
575000,0.497,0.101,0.401
575500,0.504,0.099,0.397
576000,0.509,0.101,0.390
576500,0.508,0.098,0.394
577000,0.501,0.102,0.397
577500,0.499,0.094,0.407
578000,0.501,0.088,0.411
578500,0.490,0.089,0.420
579000,0.488,0.091,0.420
579500,0.493,0.093,0.414
580000,0.495,0.090,0.414
580500,0.496,0.088,0.416
581000,0.505,0.087,0.407
581500,0.498,0.086,0.416
582000,0.501,0.087,0.411
582500,0.506,0.089,0.405
583000,0.503,0.086,0.411
583500,0.503,0.082,0.415
584000,0.498,0.083,0.419
584500,0.491,0.083,0.426
585000,0.492,0.086,0.421
585500,0.496,0.085,0.419
586000,0.483,0.086,0.431
586500,0.486,0.087,0.426
587000,0.493,0.082,0.424
587500,0.492,0.085,0.423
588000,0.491,0.087,0.421
588500,0.489,0.093,0.417
589000,0.495,0.100,0.405
589500,0.493,0.098,0.409
590000,0.494,0.089,0.417
590500,0.495,0.085,0.420
591000,0.493,0.091,0.416
591500,0.479,0.097,0.424
592000,0.476,0.103,0.421
592500,0.479,0.102,0.418
593000,0.480,0.096,0.424
593500,0.477,0.098,0.425
594000,0.471,0.099,0.430
594500,0.464,0.097,0.440
595000,0.468,0.095,0.438
595500,0.472,0.098,0.430
596000,0.479,0.091,0.430
596500,0.470,0.085,0.445
597000,0.477,0.090,0.432
597500,0.493,0.087,0.419
598000,0.495,0.080,0.425
598500,0.500,0.090,0.409
599000,0.501,0.097,0.402
599500,0.492,0.097,0.411
600000,0.492,0.095,0.413
600500,0.495,0.095,0.410
601000,0.493,0.095,0.412
601500,0.483,0.097,0.420
602000,0.487,0.090,0.422
602500,0.491,0.092,0.416
603000,0.498,0.088,0.413
603500,0.494,0.092,0.414
604000,0.493,0.087,0.419
604500,0.499,0.093,0.407
605000,0.487,0.088,0.424
605500,0.479,0.089,0.431
606000,0.469,0.094,0.436
606500,0.467,0.096,0.437
607000,0.478,0.097,0.425
607500,0.476,0.098,0.426
608000,0.468,0.097,0.435
608500,0.466,0.107,0.427
609000,0.461,0.113,0.426
609500,0.473,0.107,0.420
610000,0.461,0.110,0.429
610500,0.466,0.111,0.423
611000,0.466,0.117,0.417
611500,0.472,0.116,0.413
612000,0.471,0.113,0.415
612500,0.461,0.112,0.427
613000,0.451,0.122,0.427
613500,0.446,0.123,0.431
614000,0.455,0.118,0.427
614500,0.446,0.121,0.433
615000,0.443,0.117,0.440
615500,0.436,0.130,0.434
616000,0.439,0.126,0.436
616500,0.435,0.121,0.443
617000,0.422,0.124,0.454
617500,0.416,0.134,0.450
618000,0.416,0.139,0.446
618500,0.410,0.131,0.459
619000,0.406,0.134,0.461
619500,0.407,0.128,0.465
620000,0.404,0.130,0.467
620500,0.410,0.128,0.462
621000,0.409,0.132,0.459
621500,0.407,0.124,0.468
622000,0.409,0.134,0.457
622500,0.403,0.133,0.464
623000,0.407,0.139,0.454
623500,0.404,0.146,0.451
624000,0.401,0.153,0.446
624500,0.402,0.155,0.443
625000,0.401,0.146,0.453
625500,0.402,0.144,0.454
626000,0.397,0.142,0.461
626500,0.395,0.145,0.460
627000,0.393,0.143,0.464
627500,0.389,0.144,0.467
628000,0.397,0.146,0.457
628500,0.385,0.146,0.469
629000,0.383,0.140,0.477
629500,0.374,0.141,0.485
630000,0.391,0.145,0.464
630500,0.394,0.136,0.471
631000,0.393,0.139,0.468
631500,0.395,0.140,0.465
632000,0.400,0.138,0.462
632500,0.402,0.141,0.457
633000,0.396,0.142,0.462
633500,0.402,0.140,0.458
634000,0.406,0.139,0.456
634500,0.392,0.134,0.475
635000,0.387,0.134,0.480
635500,0.379,0.135,0.486
636000,0.373,0.137,0.490
636500,0.372,0.139,0.489
637000,0.373,0.144,0.482
637500,0.383,0.147,0.470
638000,0.377,0.153,0.470
638500,0.372,0.152,0.475
639000,0.377,0.147,0.476
639500,0.374,0.152,0.473
640000,0.369,0.164,0.467
640500,0.368,0.164,0.468
641000,0.361,0.156,0.483
641500,0.361,0.164,0.476
642000,0.360,0.164,0.476
642500,0.354,0.170,0.477
643000,0.353,0.166,0.481
643500,0.353,0.169,0.478
644000,0.348,0.166,0.486
644500,0.350,0.175,0.475
645000,0.355,0.173,0.472
645500,0.358,0.174,0.468
646000,0.357,0.177,0.466
646500,0.348,0.185,0.466
647000,0.343,0.180,0.477
647500,0.336,0.174,0.490
648000,0.336,0.168,0.496
648500,0.330,0.172,0.498
649000,0.329,0.178,0.493
649500,0.337,0.184,0.479
650000,0.331,0.191,0.478
650500,0.325,0.190,0.485
651000,0.329,0.189,0.483
651500,0.316,0.181,0.503
652000,0.324,0.183,0.493
652500,0.332,0.190,0.478
653000,0.335,0.193,0.473
653500,0.336,0.189,0.475
654000,0.332,0.194,0.474
654500,0.337,0.191,0.472
655000,0.336,0.196,0.469
655500,0.340,0.196,0.464
656000,0.332,0.195,0.473
656500,0.338,0.197,0.466
657000,0.332,0.191,0.477
657500,0.329,0.191,0.480
658000,0.322,0.192,0.486
658500,0.328,0.193,0.480
659000,0.318,0.188,0.494
659500,0.322,0.188,0.491
660000,0.321,0.186,0.493
660500,0.322,0.197,0.482
661000,0.327,0.200,0.474
661500,0.322,0.201,0.477
662000,0.324,0.200,0.476
662500,0.325,0.209,0.467
663000,0.323,0.213,0.464
663500,0.314,0.215,0.472
664000,0.299,0.206,0.495
664500,0.303,0.207,0.490
665000,0.312,0.210,0.478
665500,0.320,0.213,0.467
666000,0.312,0.208,0.479
666500,0.315,0.211,0.474
667000,0.325,0.212,0.463
667500,0.327,0.206,0.467
668000,0.321,0.207,0.472
668500,0.316,0.202,0.482
669000,0.314,0.197,0.489
669500,0.309,0.201,0.490
670000,0.306,0.204,0.490
670500,0.307,0.201,0.492
671000,0.308,0.204,0.488
671500,0.312,0.204,0.483
672000,0.323,0.210,0.467
672500,0.316,0.199,0.485
673000,0.320,0.193,0.487
673500,0.320,0.185,0.495
674000,0.323,0.189,0.488
674500,0.321,0.196,0.484
675000,0.323,0.194,0.484
675500,0.324,0.195,0.481
676000,0.321,0.198,0.481
676500,0.315,0.195,0.491
677000,0.312,0.185,0.502
677500,0.318,0.177,0.505
678000,0.321,0.180,0.499
678500,0.334,0.191,0.475
679000,0.329,0.195,0.476
679500,0.337,0.185,0.478
680000,0.345,0.184,0.471
680500,0.343,0.188,0.469
681000,0.356,0.183,0.461
681500,0.348,0.183,0.468
682000,0.355,0.182,0.463
682500,0.358,0.182,0.459
683000,0.361,0.176,0.462
683500,0.353,0.188,0.460
684000,0.350,0.197,0.453
684500,0.356,0.189,0.456
685000,0.352,0.171,0.477
685500,0.357,0.169,0.474
686000,0.350,0.170,0.481
686500,0.346,0.170,0.485
687000,0.340,0.168,0.493
687500,0.349,0.177,0.474
688000,0.353,0.177,0.470
688500,0.349,0.171,0.480
689000,0.354,0.161,0.485
689500,0.353,0.165,0.483
690000,0.363,0.166,0.471
690500,0.346,0.167,0.486
691000,0.357,0.163,0.480
691500,0.363,0.157,0.481
692000,0.365,0.157,0.478
692500,0.374,0.147,0.479
693000,0.364,0.145,0.490
693500,0.376,0.144,0.481
694000,0.382,0.145,0.474
694500,0.387,0.145,0.468
695000,0.379,0.145,0.476
695500,0.376,0.141,0.483
696000,0.379,0.141,0.481
696500,0.381,0.141,0.479
697000,0.380,0.152,0.469
697500,0.367,0.160,0.474
698000,0.360,0.163,0.476
698500,0.357,0.172,0.472
699000,0.360,0.165,0.476
699500,0.357,0.160,0.483
700000,0.355,0.148,0.496
700500,0.372,0.143,0.485
701000,0.373,0.151,0.475
701500,0.379,0.152,0.469
702000,0.368,0.156,0.476
702500,0.362,0.164,0.475
703000,0.371,0.165,0.464
703500,0.379,0.168,0.454
704000,0.376,0.166,0.459
704500,0.373,0.165,0.462
705000,0.365,0.160,0.475
705500,0.365,0.170,0.465
706000,0.371,0.162,0.467
706500,0.371,0.166,0.463
707000,0.372,0.173,0.454
707500,0.372,0.174,0.453
708000,0.368,0.178,0.453
708500,0.375,0.167,0.459
709000,0.375,0.163,0.462
709500,0.368,0.169,0.463
710000,0.375,0.174,0.451
710500,0.370,0.169,0.461
711000,0.361,0.165,0.474
711500,0.368,0.160,0.473
712000,0.374,0.155,0.471
712500,0.377,0.164,0.460
713000,0.378,0.162,0.460
713500,0.388,0.157,0.456
714000,0.381,0.163,0.456
714500,0.379,0.172,0.450
715000,0.382,0.170,0.448
715500,0.366,0.172,0.462
716000,0.364,0.164,0.471
716500,0.371,0.161,0.469
717000,0.364,0.168,0.468
717500,0.375,0.163,0.463
718000,0.368,0.164,0.468
718500,0.378,0.175,0.448
719000,0.376,0.168,0.457
719500,0.380,0.163,0.457
720000,0.374,0.166,0.460
720500,0.384,0.163,0.454
721000,0.392,0.165,0.443
721500,0.392,0.167,0.441
722000,0.388,0.169,0.444
722500,0.366,0.168,0.467
723000,0.365,0.165,0.470
723500,0.366,0.170,0.465
724000,0.360,0.171,0.470
724500,0.356,0.173,0.470
725000,0.356,0.170,0.474
725500,0.356,0.172,0.473
726000,0.362,0.172,0.466
726500,0.368,0.173,0.458
727000,0.369,0.165,0.466
727500,0.373,0.167,0.460
728000,0.380,0.176,0.445
728500,0.376,0.168,0.457
729000,0.372,0.166,0.462
729500,0.384,0.169,0.448
730000,0.382,0.168,0.451
730500,0.384,0.164,0.452
731000,0.387,0.180,0.433
731500,0.392,0.175,0.434
732000,0.392,0.167,0.442
732500,0.390,0.162,0.449
733000,0.385,0.163,0.453
733500,0.383,0.162,0.455
734000,0.384,0.160,0.457
734500,0.378,0.156,0.467
735000,0.385,0.143,0.472
735500,0.393,0.141,0.466
736000,0.402,0.148,0.450
736500,0.401,0.141,0.458
737000,0.399,0.146,0.455
737500,0.392,0.144,0.465
738000,0.394,0.147,0.459
738500,0.396,0.139,0.465
739000,0.394,0.137,0.470
739500,0.391,0.141,0.469
740000,0.399,0.135,0.466
740500,0.411,0.136,0.453
741000,0.409,0.138,0.453
741500,0.411,0.130,0.459
742000,0.410,0.136,0.454
742500,0.411,0.140,0.449
743000,0.407,0.136,0.457
743500,0.413,0.138,0.449
744000,0.407,0.142,0.451
744500,0.393,0.138,0.469
745000,0.393,0.142,0.465
745500,0.396,0.142,0.463
746000,0.390,0.145,0.465
746500,0.402,0.143,0.456
747000,0.402,0.140,0.458
747500,0.403,0.143,0.454
748000,0.413,0.141,0.446
748500,0.421,0.136,0.443
749000,0.421,0.129,0.450
749500,0.414,0.127,0.459
750000,0.417,0.123,0.460
750500,0.416,0.129,0.455
751000,0.416,0.136,0.449
751500,0.412,0.134,0.454
752000,0.405,0.141,0.454
752500,0.411,0.145,0.444
753000,0.414,0.135,0.451
753500,0.408,0.132,0.461
754000,0.408,0.122,0.469
754500,0.420,0.123,0.457
755000,0.415,0.120,0.465
755500,0.412,0.132,0.457
756000,0.420,0.126,0.455
756500,0.428,0.121,0.450
757000,0.425,0.130,0.445
757500,0.423,0.131,0.446
758000,0.426,0.138,0.437
758500,0.423,0.132,0.445
759000,0.412,0.136,0.452
759500,0.410,0.147,0.443
760000,0.407,0.145,0.448
760500,0.409,0.142,0.449
761000,0.410,0.134,0.456
761500,0.419,0.138,0.443
762000,0.425,0.136,0.439
762500,0.425,0.134,0.441
763000,0.423,0.135,0.442
763500,0.420,0.131,0.449
764000,0.420,0.129,0.451
764500,0.425,0.127,0.448
765000,0.429,0.132,0.439
765500,0.440,0.134,0.427
766000,0.440,0.131,0.430
766500,0.442,0.136,0.423
767000,0.439,0.138,0.423
767500,0.443,0.138,0.419
768000,0.432,0.138,0.430
768500,0.427,0.139,0.433
769000,0.424,0.136,0.440
769500,0.415,0.133,0.452
770000,0.411,0.143,0.446
770500,0.403,0.149,0.448
771000,0.406,0.146,0.448
771500,0.399,0.142,0.459
772000,0.399,0.145,0.456
772500,0.398,0.147,0.456
773000,0.419,0.147,0.434
773500,0.418,0.160,0.423
774000,0.413,0.152,0.434
774500,0.404,0.153,0.443
775000,0.397,0.154,0.449
775500,0.383,0.151,0.466
776000,0.381,0.149,0.470
776500,0.388,0.145,0.468
777000,0.387,0.141,0.472
777500,0.392,0.145,0.463
778000,0.387,0.146,0.467
778500,0.386,0.154,0.460
779000,0.382,0.154,0.464
779500,0.382,0.172,0.447
780000,0.374,0.168,0.458
780500,0.376,0.167,0.457
781000,0.380,0.162,0.458
781500,0.377,0.156,0.467
782000,0.385,0.162,0.453
782500,0.378,0.165,0.458
783000,0.376,0.158,0.467
783500,0.376,0.158,0.466
784000,0.379,0.157,0.465
784500,0.385,0.160,0.456
785000,0.379,0.159,0.462
785500,0.387,0.158,0.455
786000,0.390,0.157,0.453
786500,0.390,0.139,0.471
787000,0.393,0.140,0.467
787500,0.395,0.141,0.465
788000,0.402,0.143,0.456
788500,0.395,0.140,0.465
789000,0.389,0.140,0.471
789500,0.386,0.133,0.482
790000,0.385,0.129,0.486
790500,0.390,0.136,0.474
791000,0.386,0.141,0.473
791500,0.390,0.143,0.467
792000,0.390,0.147,0.463
792500,0.388,0.142,0.470
793000,0.386,0.141,0.473
793500,0.390,0.154,0.456
794000,0.388,0.154,0.458
794500,0.383,0.147,0.470
795000,0.389,0.154,0.457
795500,0.395,0.156,0.449
796000,0.397,0.146,0.457
796500,0.393,0.152,0.455
797000,0.389,0.148,0.463
797500,0.392,0.143,0.466
798000,0.390,0.144,0.467
798500,0.389,0.139,0.472
799000,0.387,0.145,0.468
799500,0.386,0.154,0.460
800000,0.387,0.151,0.462
800500,0.391,0.153,0.456
801000,0.393,0.142,0.465
801500,0.385,0.139,0.476
802000,0.382,0.137,0.481
802500,0.378,0.141,0.481
803000,0.387,0.143,0.470
803500,0.388,0.146,0.466
804000,0.386,0.145,0.470
804500,0.399,0.157,0.444
805000,0.396,0.157,0.448
805500,0.388,0.158,0.454
806000,0.379,0.165,0.456
806500,0.367,0.164,0.469
807000,0.371,0.171,0.458
807500,0.373,0.163,0.464
808000,0.367,0.157,0.476
808500,0.370,0.161,0.469
809000,0.358,0.163,0.480
809500,0.367,0.171,0.462
810000,0.366,0.174,0.460
810500,0.360,0.182,0.458
811000,0.363,0.173,0.464
811500,0.370,0.171,0.459
812000,0.366,0.167,0.467
812500,0.362,0.167,0.470
813000,0.356,0.169,0.476
813500,0.356,0.167,0.477
814000,0.357,0.170,0.473
814500,0.354,0.183,0.462
815000,0.359,0.185,0.456
815500,0.354,0.181,0.465
816000,0.350,0.181,0.469
816500,0.345,0.187,0.468
817000,0.347,0.186,0.466
817500,0.352,0.183,0.465
818000,0.346,0.178,0.476
818500,0.340,0.175,0.484
819000,0.344,0.180,0.476
819500,0.339,0.169,0.492
820000,0.346,0.183,0.471
820500,0.350,0.184,0.466
821000,0.357,0.187,0.456
821500,0.358,0.182,0.460
822000,0.355,0.177,0.467
822500,0.348,0.179,0.473
823000,0.351,0.170,0.479
823500,0.359,0.162,0.480
824000,0.358,0.162,0.481
824500,0.364,0.161,0.475
825000,0.376,0.161,0.464
825500,0.372,0.161,0.466
826000,0.361,0.155,0.483
826500,0.364,0.147,0.488
827000,0.375,0.145,0.480
827500,0.375,0.146,0.479
828000,0.392,0.149,0.459
828500,0.398,0.150,0.452
829000,0.398,0.155,0.448
829500,0.403,0.158,0.439
830000,0.413,0.146,0.441
830500,0.408,0.151,0.440
831000,0.410,0.146,0.444
831500,0.399,0.151,0.450
832000,0.395,0.148,0.457
832500,0.392,0.149,0.459
833000,0.406,0.143,0.450
833500,0.413,0.151,0.435
834000,0.414,0.151,0.435
834500,0.410,0.142,0.448
835000,0.405,0.143,0.452
835500,0.400,0.145,0.455
836000,0.396,0.142,0.462
836500,0.397,0.147,0.456
837000,0.402,0.141,0.457
837500,0.398,0.146,0.456
838000,0.405,0.137,0.458
838500,0.407,0.139,0.454
839000,0.407,0.141,0.451
839500,0.405,0.133,0.462
840000,0.407,0.141,0.451
840500,0.415,0.140,0.445
841000,0.407,0.144,0.449
841500,0.405,0.141,0.454
842000,0.407,0.144,0.449
842500,0.407,0.143,0.450
843000,0.399,0.138,0.463
843500,0.409,0.135,0.456
844000,0.417,0.136,0.447
844500,0.421,0.142,0.436
845000,0.416,0.141,0.443
845500,0.414,0.147,0.439
846000,0.410,0.147,0.443
846500,0.407,0.140,0.453
847000,0.406,0.134,0.460
847500,0.408,0.134,0.458
848000,0.398,0.133,0.470
848500,0.400,0.128,0.472
849000,0.402,0.129,0.470
849500,0.408,0.130,0.462
850000,0.408,0.129,0.464
850500,0.409,0.129,0.462
851000,0.410,0.137,0.453
851500,0.408,0.138,0.454
852000,0.404,0.132,0.464
852500,0.413,0.127,0.460
853000,0.415,0.123,0.461
853500,0.408,0.127,0.466
854000,0.401,0.126,0.473
854500,0.393,0.126,0.482
855000,0.395,0.129,0.477
855500,0.397,0.127,0.476
856000,0.394,0.127,0.480
856500,0.402,0.133,0.466
857000,0.405,0.124,0.470
857500,0.407,0.118,0.475
858000,0.399,0.116,0.486
858500,0.395,0.115,0.491
859000,0.396,0.118,0.487
859500,0.401,0.121,0.478
860000,0.401,0.121,0.478
860500,0.405,0.123,0.472
861000,0.411,0.130,0.459
861500,0.409,0.134,0.457
862000,0.410,0.138,0.452
862500,0.410,0.141,0.449
863000,0.418,0.144,0.438
863500,0.423,0.143,0.433
864000,0.429,0.144,0.426
864500,0.426,0.143,0.431
865000,0.415,0.142,0.443
865500,0.408,0.146,0.446
866000,0.406,0.142,0.452
866500,0.400,0.144,0.456
867000,0.400,0.142,0.458
867500,0.408,0.139,0.453
868000,0.405,0.135,0.460
868500,0.403,0.130,0.467
869000,0.415,0.133,0.452
869500,0.422,0.132,0.446
870000,0.415,0.128,0.457
870500,0.426,0.132,0.442
871000,0.415,0.129,0.456
871500,0.410,0.127,0.463
872000,0.402,0.136,0.462
872500,0.399,0.136,0.465
873000,0.391,0.131,0.478
873500,0.388,0.136,0.476
874000,0.389,0.142,0.469
874500,0.391,0.144,0.465
875000,0.388,0.137,0.475
875500,0.388,0.139,0.473
876000,0.394,0.134,0.473
876500,0.402,0.138,0.460
877000,0.404,0.135,0.461
877500,0.393,0.134,0.473
878000,0.392,0.136,0.473
878500,0.389,0.123,0.488
879000,0.396,0.133,0.472
879500,0.390,0.134,0.477
880000,0.398,0.132,0.471
880500,0.404,0.138,0.458
881000,0.401,0.141,0.458
881500,0.418,0.139,0.443
882000,0.408,0.140,0.452
882500,0.415,0.143,0.442
883000,0.415,0.148,0.436
883500,0.421,0.141,0.438
884000,0.424,0.136,0.440
884500,0.425,0.133,0.442
885000,0.421,0.133,0.446
885500,0.420,0.136,0.444
886000,0.419,0.135,0.446
886500,0.422,0.138,0.440
887000,0.413,0.145,0.442
887500,0.415,0.141,0.444
888000,0.421,0.136,0.443
888500,0.416,0.134,0.450
889000,0.406,0.126,0.469
889500,0.405,0.123,0.471
890000,0.407,0.128,0.465
890500,0.417,0.122,0.461
891000,0.418,0.122,0.460
891500,0.417,0.127,0.456
892000,0.414,0.129,0.457
892500,0.404,0.133,0.463
893000,0.395,0.128,0.477
893500,0.400,0.137,0.464
894000,0.409,0.136,0.455
894500,0.409,0.136,0.455
895000,0.416,0.145,0.438
895500,0.414,0.138,0.448
896000,0.420,0.128,0.452
896500,0.429,0.131,0.440
897000,0.426,0.132,0.442
897500,0.411,0.134,0.455
898000,0.416,0.133,0.451
898500,0.413,0.127,0.460
899000,0.409,0.129,0.462
899500,0.405,0.130,0.465
900000,0.404,0.122,0.473
900500,0.411,0.119,0.469
901000,0.411,0.130,0.459
901500,0.412,0.127,0.461
902000,0.407,0.121,0.472
902500,0.415,0.128,0.457
903000,0.410,0.135,0.455
903500,0.402,0.127,0.471
904000,0.406,0.134,0.461
904500,0.414,0.123,0.463
905000,0.417,0.123,0.460
905500,0.423,0.121,0.455
906000,0.422,0.119,0.459
906500,0.422,0.120,0.458
907000,0.428,0.122,0.450
907500,0.424,0.131,0.446
908000,0.425,0.133,0.442
908500,0.423,0.135,0.442
909000,0.417,0.128,0.455
909500,0.408,0.129,0.463
910000,0.407,0.121,0.471
910500,0.409,0.129,0.462
911000,0.405,0.134,0.461
911500,0.405,0.135,0.460
912000,0.411,0.135,0.454
912500,0.419,0.138,0.443
913000,0.405,0.141,0.454
913500,0.413,0.135,0.452
914000,0.407,0.131,0.462
914500,0.416,0.131,0.453
915000,0.415,0.130,0.455
915500,0.420,0.120,0.460
916000,0.422,0.117,0.462
916500,0.410,0.111,0.479
917000,0.410,0.121,0.469
917500,0.409,0.123,0.468
918000,0.413,0.122,0.464
918500,0.415,0.139,0.446
919000,0.413,0.141,0.446
919500,0.406,0.141,0.453
920000,0.411,0.138,0.451
920500,0.414,0.133,0.453
921000,0.420,0.136,0.444
921500,0.417,0.131,0.452
922000,0.413,0.127,0.460
922500,0.418,0.127,0.456
923000,0.424,0.137,0.440
923500,0.428,0.138,0.434
924000,0.417,0.131,0.452
924500,0.419,0.134,0.447
925000,0.415,0.130,0.455
925500,0.416,0.128,0.456
926000,0.420,0.134,0.446
926500,0.413,0.127,0.460
927000,0.412,0.129,0.459
927500,0.424,0.131,0.446
928000,0.423,0.139,0.438
928500,0.437,0.128,0.435
929000,0.442,0.127,0.431
929500,0.440,0.129,0.432
930000,0.446,0.126,0.428
930500,0.441,0.133,0.426
931000,0.431,0.134,0.435
931500,0.439,0.137,0.424
932000,0.442,0.143,0.415
932500,0.439,0.141,0.420
933000,0.431,0.144,0.424
933500,0.431,0.149,0.419
934000,0.429,0.153,0.417
934500,0.415,0.144,0.440
935000,0.414,0.141,0.444
935500,0.408,0.139,0.453
936000,0.406,0.135,0.460
936500,0.407,0.128,0.465
937000,0.416,0.128,0.456
937500,0.422,0.123,0.455
938000,0.423,0.129,0.448
938500,0.431,0.134,0.435
939000,0.441,0.133,0.426
939500,0.445,0.129,0.426
940000,0.445,0.130,0.425
940500,0.442,0.120,0.439
941000,0.439,0.117,0.444
941500,0.448,0.119,0.433
942000,0.447,0.126,0.427
942500,0.453,0.124,0.423
943000,0.451,0.118,0.431
943500,0.448,0.116,0.437
944000,0.452,0.110,0.439
944500,0.455,0.112,0.434
945000,0.448,0.112,0.441
945500,0.445,0.109,0.447
946000,0.438,0.107,0.455
946500,0.441,0.107,0.452
947000,0.450,0.112,0.439
947500,0.455,0.106,0.438
948000,0.451,0.110,0.440
948500,0.458,0.111,0.432
949000,0.452,0.113,0.435
949500,0.457,0.112,0.432
950000,0.459,0.112,0.430
950500,0.468,0.113,0.419
951000,0.469,0.114,0.418
951500,0.467,0.108,0.425
952000,0.474,0.113,0.413
952500,0.468,0.112,0.421
953000,0.468,0.107,0.425
953500,0.462,0.112,0.427
954000,0.458,0.112,0.430
954500,0.461,0.109,0.430
955000,0.458,0.107,0.435
955500,0.459,0.115,0.426
956000,0.450,0.113,0.438
956500,0.455,0.108,0.438
957000,0.449,0.107,0.443
957500,0.448,0.119,0.433
958000,0.449,0.113,0.438
958500,0.452,0.117,0.431
959000,0.460,0.123,0.417
959500,0.458,0.127,0.416
960000,0.458,0.128,0.414
960500,0.464,0.133,0.404
961000,0.459,0.121,0.420
961500,0.445,0.114,0.441
962000,0.443,0.117,0.441
962500,0.442,0.119,0.439
963000,0.436,0.126,0.439
963500,0.436,0.116,0.448
964000,0.437,0.117,0.446
964500,0.435,0.118,0.447
965000,0.434,0.109,0.457
965500,0.450,0.107,0.444
966000,0.441,0.102,0.457
966500,0.438,0.106,0.456
967000,0.445,0.104,0.451
967500,0.440,0.114,0.447
968000,0.438,0.121,0.441
968500,0.436,0.123,0.441
969000,0.432,0.131,0.438
969500,0.442,0.131,0.427
970000,0.442,0.128,0.431
970500,0.443,0.134,0.423
971000,0.445,0.132,0.423
971500,0.443,0.130,0.427
972000,0.444,0.123,0.433
972500,0.436,0.128,0.435
973000,0.431,0.133,0.436
973500,0.433,0.130,0.437
974000,0.431,0.127,0.442
974500,0.433,0.126,0.441
975000,0.436,0.122,0.442
975500,0.439,0.117,0.444
976000,0.448,0.125,0.427
976500,0.443,0.127,0.431
977000,0.438,0.122,0.440
977500,0.430,0.128,0.443
978000,0.446,0.129,0.425
978500,0.443,0.128,0.430
979000,0.441,0.122,0.436
979500,0.448,0.114,0.438
980000,0.448,0.113,0.440
980500,0.453,0.107,0.441
981000,0.456,0.103,0.442
981500,0.463,0.101,0.437
982000,0.466,0.100,0.434
982500,0.469,0.104,0.427
983000,0.464,0.097,0.440
983500,0.462,0.100,0.439
984000,0.468,0.101,0.431
984500,0.472,0.103,0.425
985000,0.476,0.108,0.416
985500,0.470,0.107,0.422
986000,0.474,0.113,0.413
986500,0.477,0.101,0.421
987000,0.478,0.097,0.425
987500,0.479,0.099,0.422
988000,0.478,0.102,0.420
988500,0.467,0.108,0.425
989000,0.464,0.113,0.423
989500,0.455,0.113,0.432
990000,0.451,0.114,0.435
990500,0.442,0.118,0.440
991000,0.440,0.120,0.440
991500,0.440,0.116,0.445
992000,0.436,0.122,0.442
992500,0.445,0.116,0.439
993000,0.440,0.120,0.440
993500,0.443,0.117,0.440
994000,0.437,0.123,0.439
994500,0.428,0.122,0.450
995000,0.432,0.119,0.449
995500,0.437,0.115,0.448
996000,0.432,0.111,0.457
996500,0.432,0.113,0.455
997000,0.433,0.109,0.458
997500,0.438,0.112,0.451
998000,0.440,0.110,0.451
998500,0.436,0.108,0.456
999000,0.434,0.107,0.459
999500,0.434,0.107,0.459
1000000,0.432,0.098,0.470
