time,n_A+p,n_B,n_AB
500,0.030,0.951,0.019
1000,0.030,0.917,0.052
1500,0.030,0.856,0.114
2000,0.030,0.873,0.097
2500,0.030,0.842,0.128
3000,0.030,0.845,0.125
3500,0.030,0.883,0.087
4000,0.030,0.876,0.094
4500,0.030,0.870,0.100
5000,0.030,0.877,0.093
5500,0.030,0.879,0.091
6000,0.030,0.875,0.095
6500,0.030,0.863,0.107
7000,0.030,0.878,0.092
7500,0.030,0.860,0.110
8000,0.030,0.850,0.120
8500,0.030,0.848,0.122
9000,0.030,0.878,0.092
9500,0.030,0.879,0.091
10000,0.030,0.902,0.068
10500,0.030,0.906,0.064
11000,0.030,0.874,0.096
11500,0.030,0.877,0.093
12000,0.030,0.882,0.088
12500,0.030,0.880,0.090
13000,0.030,0.873,0.097
13500,0.030,0.872,0.098
14000,0.030,0.853,0.117
14500,0.030,0.860,0.110
15000,0.030,0.875,0.095
15500,0.030,0.877,0.093
16000,0.030,0.856,0.114
16500,0.030,0.873,0.097
17000,0.030,0.869,0.101
17500,0.030,0.892,0.078
18000,0.030,0.869,0.101
18500,0.030,0.886,0.084
19000,0.030,0.865,0.105
19500,0.030,0.844,0.126
20000,0.030,0.850,0.120
20500,0.030,0.806,0.163
21000,0.030,0.860,0.110
21500,0.030,0.879,0.091
22000,0.030,0.854,0.116
22500,0.030,0.863,0.107
23000,0.030,0.866,0.104
23500,0.030,0.870,0.100
24000,0.030,0.874,0.096
24500,0.030,0.866,0.104
25000,0.030,0.857,0.113
25500,0.030,0.845,0.125
26000,0.030,0.837,0.133
26500,0.030,0.851,0.119
27000,0.030,0.842,0.128
27500,0.030,0.867,0.103
28000,0.030,0.853,0.117
28500,0.030,0.865,0.105
29000,0.030,0.833,0.137
29500,0.030,0.839,0.131
30000,0.030,0.848,0.122
30500,0.030,0.851,0.119
31000,0.030,0.892,0.078
31500,0.030,0.847,0.123
32000,0.030,0.818,0.152
32500,0.030,0.851,0.119
33000,0.030,0.862,0.108
33500,0.030,0.879,0.091
34000,0.030,0.887,0.083
34500,0.030,0.854,0.116
35000,0.030,0.897,0.073
35500,0.030,0.885,0.085
36000,0.030,0.863,0.107
36500,0.030,0.843,0.127
37000,0.030,0.867,0.103
37500,0.030,0.871,0.099
38000,0.030,0.834,0.136
38500,0.030,0.855,0.115
39000,0.030,0.820,0.150
39500,0.030,0.811,0.159
40000,0.030,0.851,0.119
40500,0.030,0.886,0.084
41000,0.030,0.858,0.112
41500,0.030,0.845,0.125
42000,0.030,0.844,0.126
42500,0.030,0.829,0.141
43000,0.030,0.833,0.137
43500,0.030,0.833,0.137
44000,0.030,0.833,0.137
44500,0.030,0.859,0.111
45000,0.030,0.863,0.107
45500,0.030,0.877,0.093
46000,0.030,0.889,0.081
46500,0.030,0.877,0.093
47000,0.030,0.842,0.128
47500,0.030,0.864,0.106
48000,0.030,0.852,0.118
48500,0.030,0.867,0.103
49000,0.030,0.860,0.110
49500,0.030,0.841,0.129
50000,0.030,0.863,0.107
50500,0.030,0.871,0.099
51000,0.030,0.834,0.136
51500,0.030,0.791,0.179
52000,0.030,0.817,0.153
52500,0.030,0.828,0.142
53000,0.030,0.866,0.104
53500,0.030,0.869,0.101
54000,0.030,0.864,0.106
54500,0.030,0.858,0.112
55000,0.030,0.870,0.100
55500,0.030,0.901,0.069
56000,0.030,0.869,0.101
56500,0.030,0.876,0.094
57000,0.030,0.876,0.094
57500,0.030,0.855,0.115
58000,0.030,0.869,0.101
58500,0.030,0.878,0.092
59000,0.030,0.865,0.105
59500,0.030,0.873,0.097
60000,0.030,0.860,0.110
60500,0.030,0.820,0.150
61000,0.030,0.823,0.147
61500,0.030,0.855,0.115
62000,0.030,0.868,0.102
62500,0.030,0.870,0.100
63000,0.030,0.878,0.092
63500,0.030,0.870,0.100
64000,0.030,0.866,0.104
64500,0.030,0.839,0.131
65000,0.030,0.842,0.128
65500,0.030,0.853,0.117
66000,0.030,0.873,0.097
66500,0.030,0.895,0.075
67000,0.030,0.893,0.077
67500,0.030,0.880,0.090
68000,0.030,0.882,0.088
68500,0.030,0.880,0.090
69000,0.030,0.902,0.068
69500,0.030,0.896,0.074
70000,0.030,0.882,0.088
70500,0.030,0.862,0.108
71000,0.030,0.884,0.086
71500,0.030,0.910,0.059
72000,0.030,0.880,0.090
72500,0.030,0.877,0.093
73000,0.030,0.847,0.123
73500,0.030,0.857,0.113
74000,0.030,0.868,0.102
74500,0.030,0.852,0.118
75000,0.030,0.848,0.122
75500,0.030,0.864,0.106
76000,0.030,0.882,0.088
76500,0.030,0.885,0.085
77000,0.030,0.890,0.080
77500,0.030,0.890,0.080
78000,0.030,0.883,0.087
78500,0.030,0.882,0.088
79000,0.030,0.891,0.079
79500,0.030,0.873,0.097
80000,0.030,0.877,0.093
80500,0.030,0.892,0.078
81000,0.030,0.891,0.079
81500,0.030,0.878,0.092
82000,0.030,0.878,0.092
82500,0.030,0.885,0.085
83000,0.030,0.899,0.071
83500,0.030,0.878,0.092
84000,0.030,0.879,0.091
84500,0.030,0.879,0.091
85000,0.030,0.889,0.081
85500,0.030,0.871,0.099
86000,0.030,0.868,0.102
86500,0.030,0.856,0.114
87000,0.030,0.873,0.097
87500,0.030,0.867,0.103
88000,0.030,0.913,0.057
88500,0.030,0.874,0.096
89000,0.030,0.860,0.110
89500,0.030,0.875,0.095
90000,0.030,0.886,0.084
90500,0.030,0.887,0.083
91000,0.030,0.907,0.063
91500,0.030,0.899,0.071
92000,0.030,0.878,0.092
92500,0.030,0.912,0.057
93000,0.030,0.902,0.068
93500,0.030,0.862,0.108
94000,0.030,0.851,0.119
94500,0.030,0.875,0.095
95000,0.030,0.891,0.079
95500,0.030,0.870,0.100
96000,0.030,0.881,0.089
96500,0.030,0.892,0.078
97000,0.030,0.882,0.088
97500,0.030,0.881,0.089
98000,0.030,0.899,0.071
98500,0.030,0.865,0.105
99000,0.030,0.865,0.105
99500,0.030,0.864,0.106
100000,0.030,0.854,0.116
100500,0.030,0.856,0.114
101000,0.030,0.833,0.137
101500,0.030,0.811,0.158
102000,0.030,0.810,0.159
102500,0.030,0.829,0.141
103000,0.030,0.825,0.145
103500,0.030,0.851,0.119
104000,0.030,0.866,0.104
104500,0.030,0.873,0.097
105000,0.030,0.860,0.110
105500,0.030,0.853,0.117
106000,0.030,0.860,0.110
106500,0.030,0.848,0.122
107000,0.030,0.856,0.114
107500,0.030,0.868,0.102
108000,0.030,0.871,0.099
108500,0.030,0.836,0.134
109000,0.030,0.862,0.108
109500,0.030,0.838,0.132
110000,0.030,0.847,0.123
110500,0.030,0.848,0.122
111000,0.030,0.879,0.091
111500,0.030,0.873,0.097
112000,0.030,0.865,0.105
112500,0.030,0.869,0.101
113000,0.030,0.879,0.091
113500,0.030,0.892,0.078
114000,0.030,0.882,0.088
114500,0.030,0.879,0.091
115000,0.030,0.897,0.073
115500,0.030,0.890,0.080
116000,0.030,0.884,0.086
116500,0.030,0.857,0.113
117000,0.030,0.890,0.080
117500,0.030,0.867,0.103
118000,0.030,0.872,0.098
118500,0.030,0.839,0.131
119000,0.030,0.816,0.154
119500,0.030,0.813,0.157
120000,0.030,0.883,0.087
120500,0.030,0.900,0.070
121000,0.030,0.870,0.100
121500,0.030,0.871,0.099
122000,0.030,0.880,0.090
122500,0.030,0.874,0.096
123000,0.030,0.870,0.100
123500,0.030,0.882,0.088
124000,0.030,0.887,0.083
124500,0.030,0.894,0.076
125000,0.030,0.895,0.075
125500,0.030,0.880,0.090
126000,0.030,0.913,0.057
126500,0.030,0.898,0.072
127000,0.030,0.872,0.098
127500,0.030,0.856,0.114
128000,0.030,0.887,0.083
128500,0.030,0.873,0.097
129000,0.030,0.855,0.115
129500,0.030,0.843,0.127
130000,0.030,0.846,0.124
130500,0.030,0.870,0.100
131000,0.030,0.893,0.077
131500,0.030,0.875,0.095
132000,0.030,0.864,0.106
132500,0.030,0.878,0.092
133000,0.030,0.870,0.100
133500,0.030,0.868,0.102
134000,0.030,0.856,0.114
134500,0.030,0.854,0.116
135000,0.030,0.867,0.103
135500,0.030,0.867,0.103
136000,0.030,0.861,0.109
136500,0.030,0.873,0.097
137000,0.030,0.859,0.111
137500,0.030,0.843,0.127
138000,0.030,0.870,0.100
138500,0.030,0.872,0.098
139000,0.030,0.839,0.131
139500,0.030,0.855,0.115
140000,0.030,0.852,0.118
140500,0.030,0.858,0.112
141000,0.030,0.850,0.120
141500,0.030,0.845,0.125
142000,0.030,0.851,0.119
142500,0.030,0.866,0.104
143000,0.030,0.870,0.100
143500,0.030,0.860,0.110
144000,0.030,0.900,0.070
144500,0.030,0.886,0.084
145000,0.030,0.861,0.109
145500,0.030,0.879,0.091
146000,0.030,0.868,0.102
146500,0.030,0.866,0.104
147000,0.030,0.875,0.095
147500,0.030,0.871,0.099
148000,0.030,0.838,0.132
148500,0.030,0.859,0.111
149000,0.030,0.863,0.107
149500,0.030,0.876,0.094
150000,0.030,0.897,0.073
150500,0.030,0.884,0.086
151000,0.030,0.868,0.102
151500,0.030,0.866,0.104
152000,0.030,0.858,0.112
152500,0.030,0.832,0.138
153000,0.030,0.853,0.117
153500,0.030,0.860,0.110
154000,0.030,0.856,0.114
154500,0.030,0.840,0.130
155000,0.030,0.878,0.092
155500,0.030,0.872,0.098
156000,0.030,0.870,0.100
156500,0.030,0.834,0.136
157000,0.030,0.865,0.105
157500,0.030,0.862,0.108
158000,0.030,0.845,0.125
158500,0.030,0.864,0.106
159000,0.030,0.869,0.101
159500,0.030,0.902,0.068
160000,0.030,0.891,0.079
160500,0.030,0.900,0.070
161000,0.030,0.896,0.074
161500,0.030,0.884,0.086
162000,0.030,0.887,0.083
162500,0.030,0.877,0.093
163000,0.030,0.872,0.098
163500,0.030,0.859,0.111
164000,0.030,0.875,0.095
164500,0.030,0.875,0.095
165000,0.030,0.883,0.087
165500,0.030,0.870,0.100
166000,0.030,0.875,0.095
166500,0.030,0.861,0.109
167000,0.030,0.857,0.113
167500,0.030,0.871,0.099
168000,0.030,0.857,0.113
168500,0.030,0.844,0.126
169000,0.030,0.829,0.141
169500,0.030,0.839,0.131
170000,0.030,0.850,0.120
170500,0.030,0.827,0.143
171000,0.030,0.862,0.108
171500,0.030,0.863,0.107
172000,0.030,0.863,0.107
172500,0.030,0.886,0.084
173000,0.030,0.890,0.080
173500,0.030,0.884,0.086
174000,0.030,0.857,0.113
174500,0.030,0.870,0.100
175000,0.030,0.884,0.086
175500,0.030,0.852,0.118
176000,0.030,0.864,0.106
176500,0.030,0.893,0.077
177000,0.030,0.900,0.070
177500,0.030,0.886,0.084
178000,0.030,0.887,0.083
178500,0.030,0.875,0.095
179000,0.030,0.857,0.113
179500,0.030,0.885,0.085
180000,0.030,0.895,0.075
180500,0.030,0.885,0.085
181000,0.030,0.875,0.095
181500,0.030,0.868,0.102
182000,0.030,0.870,0.100
182500,0.030,0.867,0.103
183000,0.030,0.892,0.078
183500,0.030,0.880,0.090
184000,0.030,0.864,0.106
184500,0.030,0.856,0.114
185000,0.030,0.867,0.103
185500,0.030,0.889,0.081
186000,0.030,0.892,0.078
186500,0.030,0.887,0.083
187000,0.030,0.903,0.067
187500,0.030,0.862,0.108
188000,0.030,0.871,0.099
188500,0.030,0.885,0.085
189000,0.030,0.876,0.094
189500,0.030,0.878,0.092
190000,0.030,0.864,0.106
190500,0.030,0.859,0.111
191000,0.030,0.857,0.113
191500,0.030,0.857,0.113
192000,0.030,0.847,0.123
192500,0.030,0.833,0.137
193000,0.030,0.854,0.116
193500,0.030,0.863,0.107
194000,0.030,0.874,0.096
194500,0.030,0.901,0.069
195000,0.030,0.912,0.057
195500,0.030,0.888,0.082
196000,0.030,0.871,0.099
196500,0.030,0.873,0.097
197000,0.030,0.900,0.070
197500,0.030,0.904,0.066
198000,0.030,0.894,0.076
198500,0.030,0.887,0.083
199000,0.030,0.882,0.088
199500,0.030,0.866,0.104
200000,0.030,0.869,0.101
200500,0.030,0.857,0.113
201000,0.030,0.857,0.113
201500,0.030,0.839,0.131
202000,0.030,0.859,0.111
202500,0.030,0.863,0.107
203000,0.030,0.874,0.096
203500,0.030,0.878,0.092
204000,0.030,0.844,0.126
204500,0.030,0.854,0.116
205000,0.030,0.862,0.108
205500,0.030,0.884,0.086
206000,0.030,0.864,0.106
206500,0.030,0.867,0.103
207000,0.030,0.867,0.103
207500,0.030,0.889,0.081
208000,0.030,0.904,0.066
208500,0.030,0.885,0.085
209000,0.030,0.879,0.091
209500,0.030,0.864,0.106
210000,0.030,0.848,0.122
210500,0.030,0.851,0.119
211000,0.030,0.871,0.099
211500,0.030,0.871,0.099
212000,0.030,0.850,0.120
212500,0.030,0.856,0.114
213000,0.030,0.859,0.111
213500,0.030,0.859,0.111
214000,0.030,0.820,0.150
214500,0.030,0.854,0.116
215000,0.030,0.846,0.124
215500,0.030,0.855,0.115
216000,0.030,0.881,0.089
216500,0.030,0.880,0.090
217000,0.030,0.885,0.085
217500,0.030,0.868,0.102
218000,0.030,0.873,0.097
218500,0.030,0.856,0.114
219000,0.030,0.854,0.116
219500,0.030,0.880,0.090
220000,0.030,0.877,0.093
220500,0.030,0.839,0.131
221000,0.030,0.831,0.139
221500,0.030,0.833,0.137
222000,0.030,0.863,0.107
222500,0.030,0.855,0.115
223000,0.030,0.860,0.110
223500,0.030,0.875,0.095
224000,0.030,0.845,0.125
224500,0.030,0.813,0.157
225000,0.030,0.833,0.137
225500,0.030,0.842,0.128
226000,0.030,0.838,0.132
226500,0.030,0.853,0.117
227000,0.030,0.886,0.084
227500,0.030,0.886,0.084
228000,0.030,0.888,0.082
228500,0.030,0.878,0.092
229000,0.030,0.887,0.083
229500,0.030,0.861,0.109
230000,0.030,0.868,0.102
230500,0.030,0.877,0.093
231000,0.030,0.879,0.091
231500,0.030,0.844,0.126
232000,0.030,0.850,0.120
232500,0.030,0.882,0.088
233000,0.030,0.891,0.079
233500,0.030,0.885,0.085
234000,0.030,0.902,0.068
234500,0.030,0.910,0.060
235000,0.030,0.883,0.087
235500,0.030,0.881,0.089
236000,0.030,0.873,0.097
236500,0.030,0.885,0.085
237000,0.030,0.878,0.092
237500,0.030,0.902,0.068
238000,0.030,0.885,0.085
238500,0.030,0.896,0.074
239000,0.030,0.880,0.090
239500,0.030,0.879,0.091
240000,0.030,0.845,0.125
240500,0.030,0.907,0.062
241000,0.030,0.893,0.077
241500,0.030,0.887,0.083
242000,0.030,0.886,0.084
242500,0.030,0.888,0.082
243000,0.030,0.885,0.085
243500,0.030,0.879,0.091
244000,0.030,0.878,0.092
244500,0.030,0.884,0.086
245000,0.030,0.867,0.103
245500,0.030,0.857,0.113
246000,0.030,0.862,0.108
246500,0.030,0.854,0.116
247000,0.030,0.864,0.106
247500,0.030,0.881,0.089
248000,0.030,0.891,0.079
248500,0.030,0.877,0.093
249000,0.030,0.852,0.118
249500,0.030,0.885,0.085
250000,0.030,0.877,0.093
250500,0.030,0.885,0.085
251000,0.030,0.905,0.065
251500,0.030,0.909,0.061
252000,0.030,0.892,0.078
252500,0.030,0.883,0.087
253000,0.030,0.888,0.082
253500,0.030,0.880,0.090
254000,0.030,0.883,0.087
254500,0.030,0.851,0.119
255000,0.030,0.825,0.145
255500,0.030,0.844,0.126
256000,0.030,0.869,0.101
256500,0.030,0.874,0.096
257000,0.030,0.866,0.104
257500,0.030,0.864,0.106
258000,0.030,0.890,0.080
258500,0.030,0.899,0.071
259000,0.030,0.885,0.085
259500,0.030,0.864,0.106
260000,0.030,0.854,0.116
260500,0.030,0.884,0.086
261000,0.030,0.889,0.081
261500,0.030,0.883,0.087
262000,0.030,0.863,0.107
262500,0.030,0.859,0.111
263000,0.030,0.872,0.098
263500,0.030,0.896,0.074
264000,0.030,0.873,0.097
264500,0.030,0.889,0.081
265000,0.030,0.890,0.080
265500,0.030,0.878,0.092
266000,0.030,0.856,0.114
266500,0.030,0.849,0.121
267000,0.030,0.856,0.114
267500,0.030,0.880,0.090
268000,0.030,0.891,0.079
268500,0.030,0.877,0.093
269000,0.030,0.868,0.102
269500,0.030,0.867,0.103
270000,0.030,0.864,0.106
270500,0.030,0.865,0.105
271000,0.030,0.861,0.109
271500,0.030,0.853,0.117
272000,0.030,0.878,0.092
272500,0.030,0.878,0.092
273000,0.030,0.871,0.099
273500,0.030,0.857,0.113
274000,0.030,0.866,0.104
274500,0.030,0.848,0.122
275000,0.030,0.863,0.107
275500,0.030,0.852,0.118
276000,0.030,0.887,0.083
276500,0.030,0.893,0.077
277000,0.030,0.890,0.080
277500,0.030,0.880,0.090
278000,0.030,0.864,0.106
278500,0.030,0.856,0.114
279000,0.030,0.879,0.091
279500,0.030,0.875,0.095
280000,0.030,0.884,0.086
280500,0.030,0.864,0.106
281000,0.030,0.875,0.095
281500,0.030,0.855,0.115
282000,0.030,0.858,0.112
282500,0.030,0.846,0.124
283000,0.030,0.852,0.118
283500,0.030,0.847,0.123
284000,0.030,0.856,0.114
284500,0.030,0.852,0.118
285000,0.030,0.867,0.103
285500,0.030,0.878,0.092
286000,0.030,0.869,0.101
286500,0.030,0.883,0.087
287000,0.030,0.887,0.083
287500,0.030,0.891,0.079
288000,0.030,0.865,0.105
288500,0.030,0.877,0.093
289000,0.030,0.901,0.069
289500,0.030,0.879,0.091
290000,0.030,0.876,0.094
290500,0.030,0.865,0.105
291000,0.030,0.851,0.119
291500,0.030,0.859,0.111
292000,0.030,0.846,0.124
292500,0.030,0.853,0.117
293000,0.030,0.847,0.123
293500,0.030,0.879,0.091
294000,0.030,0.869,0.101
294500,0.030,0.883,0.087
295000,0.030,0.880,0.090
295500,0.030,0.881,0.089
296000,0.030,0.869,0.101
296500,0.030,0.875,0.095
297000,0.030,0.874,0.096
297500,0.030,0.841,0.129
298000,0.030,0.867,0.103
298500,0.030,0.872,0.098
299000,0.030,0.881,0.089
299500,0.030,0.878,0.092
300000,0.030,0.867,0.103
300500,0.030,0.885,0.085
301000,0.030,0.900,0.070
301500,0.030,0.902,0.068
302000,0.030,0.837,0.133
302500,0.030,0.826,0.144
303000,0.030,0.839,0.131
303500,0.030,0.823,0.147
304000,0.030,0.838,0.132
304500,0.030,0.841,0.129
305000,0.030,0.833,0.137
305500,0.030,0.834,0.136
306000,0.030,0.830,0.140
306500,0.030,0.870,0.100
307000,0.030,0.876,0.094
307500,0.030,0.845,0.125
308000,0.030,0.899,0.071
308500,0.030,0.894,0.076
309000,0.030,0.885,0.085
309500,0.030,0.874,0.096
310000,0.030,0.867,0.103
310500,0.030,0.863,0.107
311000,0.030,0.863,0.107
311500,0.030,0.834,0.136
312000,0.030,0.847,0.123
312500,0.030,0.882,0.088
313000,0.030,0.881,0.089
313500,0.030,0.872,0.098
314000,0.030,0.866,0.104
314500,0.030,0.852,0.118
315000,0.030,0.850,0.120
315500,0.030,0.883,0.087
316000,0.030,0.878,0.092
316500,0.030,0.852,0.118
317000,0.030,0.846,0.124
317500,0.030,0.848,0.122
318000,0.030,0.863,0.107
318500,0.030,0.854,0.116
319000,0.030,0.863,0.107
319500,0.030,0.873,0.097
320000,0.030,0.889,0.081
320500,0.030,0.857,0.113
321000,0.030,0.853,0.117
321500,0.030,0.857,0.113
322000,0.030,0.869,0.101
322500,0.030,0.877,0.093
323000,0.030,0.842,0.128
323500,0.030,0.858,0.112
324000,0.030,0.860,0.110
324500,0.030,0.852,0.118
325000,0.030,0.865,0.105
325500,0.030,0.893,0.077
326000,0.030,0.883,0.087
326500,0.030,0.846,0.124
327000,0.030,0.870,0.100
327500,0.030,0.880,0.090
328000,0.030,0.876,0.094
328500,0.030,0.872,0.098
329000,0.030,0.850,0.120
329500,0.030,0.871,0.099
330000,0.030,0.886,0.084
330500,0.030,0.877,0.093
331000,0.030,0.874,0.096
331500,0.030,0.826,0.144
332000,0.030,0.859,0.111
332500,0.030,0.879,0.091
333000,0.030,0.848,0.122
333500,0.030,0.846,0.124
334000,0.030,0.844,0.126
334500,0.030,0.861,0.109
335000,0.030,0.866,0.104
335500,0.030,0.855,0.115
336000,0.030,0.806,0.164
336500,0.030,0.860,0.110
337000,0.030,0.889,0.081
337500,0.030,0.862,0.108
338000,0.030,0.877,0.093
338500,0.030,0.871,0.099
339000,0.030,0.852,0.118
339500,0.030,0.875,0.095
340000,0.030,0.889,0.081
340500,0.030,0.865,0.105
341000,0.030,0.875,0.095
341500,0.030,0.881,0.089
342000,0.030,0.839,0.131
342500,0.030,0.865,0.105
343000,0.030,0.869,0.101
343500,0.030,0.876,0.094
344000,0.030,0.868,0.102
344500,0.030,0.863,0.107
345000,0.030,0.840,0.130
345500,0.030,0.839,0.131
346000,0.030,0.882,0.088
346500,0.030,0.882,0.088
347000,0.030,0.906,0.064
347500,0.030,0.881,0.089
348000,0.030,0.867,0.103
348500,0.030,0.866,0.104
349000,0.030,0.888,0.082
349500,0.030,0.880,0.090
350000,0.030,0.883,0.087
350500,0.030,0.880,0.090
351000,0.030,0.886,0.084
351500,0.030,0.887,0.083
352000,0.030,0.884,0.086
352500,0.030,0.868,0.102
353000,0.030,0.865,0.105
353500,0.030,0.848,0.122
354000,0.030,0.841,0.129
354500,0.030,0.856,0.114
355000,0.030,0.856,0.114
355500,0.030,0.819,0.151
356000,0.030,0.849,0.121
356500,0.030,0.859,0.111
357000,0.030,0.887,0.083
357500,0.030,0.867,0.103
358000,0.030,0.898,0.072
358500,0.030,0.899,0.071
359000,0.030,0.870,0.100
359500,0.030,0.878,0.092
360000,0.030,0.860,0.110
360500,0.030,0.858,0.112
361000,0.030,0.836,0.134
361500,0.030,0.846,0.124
362000,0.030,0.825,0.145
362500,0.030,0.867,0.103
363000,0.030,0.880,0.090
363500,0.030,0.893,0.077
364000,0.030,0.897,0.073
364500,0.030,0.897,0.073
365000,0.030,0.870,0.100
365500,0.030,0.892,0.078
366000,0.030,0.910,0.059
366500,0.030,0.911,0.058
367000,0.030,0.884,0.086
367500,0.030,0.870,0.100
368000,0.030,0.864,0.106
368500,0.030,0.856,0.114
369000,0.030,0.835,0.135
369500,0.030,0.863,0.107
370000,0.030,0.854,0.116
370500,0.030,0.839,0.131
371000,0.030,0.880,0.090
371500,0.030,0.867,0.103
372000,0.030,0.876,0.094
372500,0.030,0.879,0.091
373000,0.030,0.886,0.084
373500,0.030,0.886,0.084
374000,0.030,0.890,0.080
374500,0.030,0.890,0.080
375000,0.030,0.883,0.087
375500,0.030,0.892,0.078
376000,0.030,0.859,0.111
376500,0.030,0.888,0.082
377000,0.030,0.884,0.086
377500,0.030,0.872,0.098
378000,0.030,0.885,0.085
378500,0.030,0.885,0.085
379000,0.030,0.902,0.068
379500,0.030,0.896,0.074
380000,0.030,0.865,0.105
380500,0.030,0.876,0.094
381000,0.030,0.877,0.093
381500,0.030,0.878,0.092
382000,0.030,0.875,0.095
382500,0.030,0.871,0.099
383000,0.030,0.849,0.121
383500,0.030,0.847,0.123
384000,0.030,0.872,0.098
384500,0.030,0.868,0.102
385000,0.030,0.859,0.111
385500,0.030,0.844,0.126
386000,0.030,0.851,0.119
386500,0.030,0.846,0.124
387000,0.030,0.840,0.130
387500,0.030,0.851,0.119
388000,0.030,0.809,0.160
388500,0.030,0.826,0.144
389000,0.030,0.849,0.121
389500,0.030,0.873,0.097
390000,0.030,0.875,0.095
390500,0.030,0.855,0.115
391000,0.030,0.862,0.108
391500,0.030,0.849,0.121
392000,0.030,0.800,0.169
392500,0.030,0.822,0.148
393000,0.030,0.798,0.171
393500,0.030,0.854,0.116
394000,0.030,0.863,0.107
394500,0.030,0.850,0.120
395000,0.030,0.861,0.109
395500,0.030,0.878,0.092
396000,0.030,0.870,0.100
396500,0.030,0.877,0.093
397000,0.030,0.871,0.099
397500,0.030,0.861,0.109
398000,0.030,0.862,0.108
398500,0.030,0.870,0.100
399000,0.030,0.887,0.083
399500,0.030,0.881,0.089
400000,0.030,0.852,0.118
400500,0.030,0.882,0.088
401000,0.030,0.883,0.087
401500,0.030,0.901,0.069
402000,0.030,0.882,0.088
402500,0.030,0.878,0.092
403000,0.030,0.879,0.091
403500,0.030,0.861,0.109
404000,0.030,0.881,0.089
404500,0.030,0.885,0.085
405000,0.030,0.890,0.080
405500,0.030,0.895,0.075
406000,0.030,0.885,0.085
406500,0.030,0.871,0.099
407000,0.030,0.889,0.081
407500,0.030,0.834,0.136
408000,0.030,0.844,0.126
408500,0.030,0.830,0.140
409000,0.030,0.854,0.116
409500,0.030,0.904,0.066
410000,0.030,0.897,0.073
410500,0.030,0.877,0.093
411000,0.030,0.874,0.096
411500,0.030,0.874,0.096
412000,0.030,0.867,0.103
412500,0.030,0.858,0.112
413000,0.030,0.878,0.092
413500,0.030,0.867,0.103
414000,0.030,0.869,0.101
414500,0.030,0.868,0.102
415000,0.030,0.893,0.077
415500,0.030,0.871,0.099
416000,0.030,0.882,0.088
416500,0.030,0.865,0.105
417000,0.030,0.864,0.106
417500,0.030,0.878,0.092
418000,0.030,0.869,0.101
418500,0.030,0.870,0.100
419000,0.030,0.867,0.103
419500,0.030,0.886,0.084
420000,0.030,0.879,0.091
420500,0.030,0.895,0.075
421000,0.030,0.858,0.112
421500,0.030,0.886,0.084
422000,0.030,0.862,0.108
422500,0.030,0.879,0.091
423000,0.030,0.871,0.099
423500,0.030,0.875,0.095
424000,0.030,0.868,0.102
424500,0.030,0.870,0.100
425000,0.030,0.849,0.121
425500,0.030,0.853,0.117
426000,0.030,0.841,0.129
426500,0.030,0.844,0.126
427000,0.030,0.857,0.113
427500,0.030,0.866,0.104
428000,0.030,0.861,0.109
428500,0.030,0.855,0.115
429000,0.030,0.859,0.111
429500,0.030,0.875,0.095
430000,0.030,0.887,0.083
430500,0.030,0.847,0.123
431000,0.030,0.861,0.109
431500,0.030,0.859,0.111
432000,0.030,0.853,0.117
432500,0.030,0.857,0.113
433000,0.030,0.869,0.101
433500,0.030,0.892,0.078
434000,0.030,0.885,0.085
434500,0.030,0.861,0.109
435000,0.030,0.862,0.108
435500,0.030,0.875,0.095
436000,0.030,0.850,0.120
436500,0.030,0.846,0.124
437000,0.030,0.865,0.105
437500,0.030,0.848,0.122
438000,0.030,0.858,0.112
438500,0.030,0.876,0.094
439000,0.030,0.870,0.100
439500,0.030,0.861,0.109
440000,0.030,0.843,0.127
440500,0.030,0.840,0.130
441000,0.030,0.834,0.136
441500,0.030,0.865,0.105
442000,0.030,0.888,0.082
442500,0.030,0.872,0.098
443000,0.030,0.883,0.087
443500,0.030,0.886,0.084
444000,0.030,0.903,0.067
444500,0.030,0.901,0.069
445000,0.030,0.881,0.089
445500,0.030,0.848,0.122
446000,0.030,0.868,0.102
446500,0.030,0.845,0.125
447000,0.030,0.864,0.106
447500,0.030,0.888,0.082
448000,0.030,0.862,0.108
448500,0.030,0.872,0.098
449000,0.030,0.876,0.094
449500,0.030,0.884,0.086
450000,0.030,0.877,0.093
450500,0.030,0.877,0.093
451000,0.030,0.905,0.065
451500,0.030,0.911,0.058
452000,0.030,0.879,0.091
452500,0.030,0.894,0.076
453000,0.030,0.874,0.096
453500,0.030,0.851,0.119
454000,0.030,0.849,0.121
454500,0.030,0.862,0.108
455000,0.030,0.874,0.096
455500,0.030,0.870,0.100
456000,0.030,0.863,0.107
456500,0.030,0.870,0.100
457000,0.030,0.876,0.094
457500,0.030,0.878,0.092
458000,0.030,0.865,0.105
458500,0.030,0.879,0.091
459000,0.030,0.886,0.084
459500,0.030,0.882,0.088
460000,0.030,0.894,0.076
460500,0.030,0.893,0.077
461000,0.030,0.893,0.077
461500,0.030,0.898,0.072
462000,0.030,0.904,0.066
462500,0.030,0.885,0.085
463000,0.030,0.912,0.058
463500,0.030,0.894,0.076
464000,0.030,0.897,0.073
464500,0.030,0.900,0.070
465000,0.030,0.898,0.072
465500,0.030,0.895,0.075
466000,0.030,0.887,0.083
466500,0.030,0.901,0.069
467000,0.030,0.877,0.093
467500,0.030,0.854,0.116
468000,0.030,0.881,0.089
468500,0.030,0.859,0.111
469000,0.030,0.872,0.098
469500,0.030,0.860,0.110
470000,0.030,0.872,0.098
470500,0.030,0.875,0.095
471000,0.030,0.883,0.087
471500,0.030,0.912,0.057
472000,0.030,0.910,0.060
472500,0.030,0.904,0.066
473000,0.030,0.864,0.106
473500,0.030,0.884,0.086
474000,0.030,0.862,0.108
474500,0.030,0.857,0.113
475000,0.030,0.884,0.086
475500,0.030,0.900,0.070
476000,0.030,0.890,0.080
476500,0.030,0.886,0.084
477000,0.030,0.889,0.081
477500,0.030,0.927,0.043
478000,0.030,0.911,0.058
478500,0.030,0.890,0.080
479000,0.030,0.899,0.071
479500,0.030,0.881,0.089
480000,0.030,0.879,0.091
480500,0.030,0.850,0.120
481000,0.030,0.841,0.129
481500,0.030,0.854,0.116
482000,0.030,0.857,0.113
482500,0.030,0.895,0.075
483000,0.030,0.873,0.097
483500,0.030,0.842,0.128
484000,0.030,0.856,0.114
484500,0.030,0.881,0.089
485000,0.030,0.877,0.093
485500,0.030,0.862,0.108
486000,0.030,0.890,0.080
486500,0.030,0.875,0.095
487000,0.030,0.853,0.117
487500,0.030,0.846,0.124
488000,0.030,0.856,0.114
488500,0.030,0.861,0.109
489000,0.030,0.871,0.099
489500,0.030,0.880,0.090
490000,0.030,0.857,0.113
490500,0.030,0.873,0.097
491000,0.030,0.877,0.093
491500,0.030,0.841,0.129
492000,0.030,0.845,0.125
492500,0.030,0.875,0.095
493000,0.030,0.895,0.075
493500,0.030,0.881,0.089
494000,0.030,0.878,0.092
494500,0.030,0.868,0.102
495000,0.030,0.879,0.091
495500,0.030,0.859,0.111
496000,0.030,0.875,0.095
496500,0.030,0.868,0.102
497000,0.030,0.859,0.111
497500,0.030,0.890,0.080
498000,0.030,0.865,0.105
498500,0.030,0.878,0.092
499000,0.030,0.888,0.082
499500,0.030,0.886,0.084
500000,0.030,0.890,0.080
500500,0.030,0.874,0.096
501000,0.030,0.891,0.079
501500,0.030,0.897,0.073
502000,0.030,0.885,0.085
502500,0.030,0.852,0.118
503000,0.030,0.862,0.108
503500,0.030,0.855,0.115
504000,0.030,0.861,0.109
504500,0.030,0.885,0.085
505000,0.030,0.896,0.074
505500,0.030,0.883,0.087
506000,0.030,0.876,0.094
506500,0.030,0.878,0.092
507000,0.030,0.870,0.100
507500,0.030,0.863,0.107
508000,0.030,0.868,0.102
508500,0.030,0.871,0.099
509000,0.030,0.857,0.113
509500,0.030,0.873,0.097
510000,0.030,0.893,0.077
510500,0.030,0.875,0.095
511000,0.030,0.885,0.085
511500,0.030,0.869,0.101
512000,0.030,0.872,0.098
512500,0.030,0.876,0.094
513000,0.030,0.866,0.104
513500,0.030,0.852,0.118
514000,0.030,0.874,0.096
514500,0.030,0.878,0.092
515000,0.030,0.855,0.115
515500,0.030,0.854,0.116
516000,0.030,0.864,0.106
516500,0.030,0.863,0.107
517000,0.030,0.886,0.084
517500,0.030,0.852,0.118
518000,0.030,0.816,0.154
518500,0.030,0.860,0.110
519000,0.030,0.861,0.109
519500,0.030,0.881,0.089
520000,0.030,0.888,0.082
520500,0.030,0.873,0.097
521000,0.030,0.868,0.102
521500,0.030,0.883,0.087
522000,0.030,0.881,0.089
522500,0.030,0.863,0.107
523000,0.030,0.874,0.096
523500,0.030,0.879,0.091
524000,0.030,0.904,0.066
524500,0.030,0.911,0.058
525000,0.030,0.888,0.082
525500,0.030,0.865,0.105
526000,0.030,0.887,0.083
526500,0.030,0.854,0.116
527000,0.030,0.875,0.095
527500,0.030,0.843,0.127
528000,0.030,0.849,0.121
528500,0.030,0.850,0.120
529000,0.030,0.866,0.104
529500,0.030,0.872,0.098
530000,0.030,0.863,0.107
530500,0.030,0.873,0.097
531000,0.030,0.871,0.099
531500,0.030,0.875,0.095
532000,0.030,0.863,0.107
532500,0.030,0.862,0.108
533000,0.030,0.865,0.105
533500,0.030,0.854,0.116
534000,0.030,0.849,0.121
534500,0.030,0.847,0.123
535000,0.030,0.843,0.127
535500,0.030,0.849,0.121
536000,0.030,0.846,0.124
536500,0.030,0.873,0.097
537000,0.030,0.866,0.104
537500,0.030,0.849,0.121
538000,0.030,0.826,0.144
538500,0.030,0.811,0.159
539000,0.030,0.825,0.145
539500,0.030,0.842,0.128
540000,0.030,0.852,0.118
540500,0.030,0.849,0.121
541000,0.030,0.877,0.093
541500,0.030,0.859,0.111
542000,0.030,0.867,0.103
542500,0.030,0.872,0.098
543000,0.030,0.834,0.136
543500,0.030,0.832,0.138
544000,0.030,0.832,0.138
544500,0.030,0.818,0.152
545000,0.030,0.846,0.124
545500,0.030,0.862,0.108
546000,0.030,0.849,0.121
546500,0.030,0.863,0.107
547000,0.030,0.858,0.112
547500,0.030,0.840,0.130
548000,0.030,0.847,0.123
548500,0.030,0.847,0.123
549000,0.030,0.885,0.085
549500,0.030,0.871,0.099
550000,0.030,0.855,0.115
550500,0.030,0.862,0.108
551000,0.030,0.835,0.135
551500,0.030,0.844,0.126
552000,0.030,0.828,0.142
552500,0.030,0.851,0.119
553000,0.030,0.875,0.095
553500,0.030,0.867,0.103
554000,0.030,0.864,0.106
554500,0.030,0.850,0.120
555000,0.030,0.824,0.146
555500,0.030,0.842,0.128
556000,0.030,0.845,0.125
556500,0.030,0.833,0.137
557000,0.030,0.859,0.111
557500,0.030,0.886,0.084
558000,0.030,0.887,0.083
558500,0.030,0.877,0.093
559000,0.030,0.874,0.096
559500,0.030,0.891,0.079
560000,0.030,0.856,0.114
560500,0.030,0.883,0.087
561000,0.030,0.883,0.087
561500,0.030,0.873,0.097
562000,0.030,0.882,0.088
562500,0.030,0.893,0.077
563000,0.030,0.872,0.098
563500,0.030,0.885,0.085
564000,0.030,0.906,0.064
564500,0.030,0.898,0.072
565000,0.030,0.899,0.071
565500,0.030,0.859,0.111
566000,0.030,0.867,0.103
566500,0.030,0.879,0.091
567000,0.030,0.870,0.100
567500,0.030,0.854,0.116
568000,0.030,0.874,0.096
568500,0.030,0.865,0.105
569000,0.030,0.865,0.105
569500,0.030,0.863,0.107
570000,0.030,0.865,0.105
570500,0.030,0.846,0.124
571000,0.030,0.824,0.146
571500,0.030,0.842,0.128
572000,0.030,0.849,0.121
572500,0.030,0.857,0.113
573000,0.030,0.887,0.083
573500,0.030,0.887,0.083
574000,0.030,0.905,0.065
574500,0.030,0.903,0.067
575000,0.030,0.897,0.073
575500,0.030,0.875,0.095
576000,0.030,0.868,0.102
576500,0.030,0.881,0.089
577000,0.030,0.905,0.065
577500,0.030,0.889,0.081
578000,0.030,0.858,0.112
578500,0.030,0.876,0.094
579000,0.030,0.880,0.090
579500,0.030,0.885,0.085
580000,0.030,0.884,0.086
580500,0.030,0.875,0.095
581000,0.030,0.877,0.093
581500,0.030,0.840,0.130
582000,0.030,0.850,0.120
582500,0.030,0.865,0.105
583000,0.030,0.871,0.099
583500,0.030,0.874,0.096
584000,0.030,0.823,0.147
584500,0.030,0.843,0.127
585000,0.030,0.860,0.110
585500,0.030,0.859,0.111
586000,0.030,0.861,0.109
586500,0.030,0.847,0.123
587000,0.030,0.862,0.108
587500,0.030,0.875,0.095
588000,0.030,0.863,0.107
588500,0.030,0.858,0.112
589000,0.030,0.876,0.094
589500,0.030,0.871,0.099
590000,0.030,0.886,0.084
590500,0.030,0.889,0.081
591000,0.030,0.885,0.085
591500,0.030,0.897,0.073
592000,0.030,0.892,0.078
592500,0.030,0.902,0.068
593000,0.030,0.862,0.108
593500,0.030,0.854,0.116
594000,0.030,0.863,0.107
594500,0.030,0.864,0.106
595000,0.030,0.881,0.089
595500,0.030,0.885,0.085
596000,0.030,0.878,0.092
596500,0.030,0.884,0.086
597000,0.030,0.907,0.062
597500,0.030,0.869,0.101
598000,0.030,0.861,0.109
598500,0.030,0.888,0.082
599000,0.030,0.901,0.069
599500,0.030,0.885,0.085
600000,0.030,0.873,0.097
600500,0.030,0.864,0.106
601000,0.030,0.827,0.143
601500,0.030,0.813,0.157
602000,0.030,0.847,0.123
602500,0.030,0.822,0.148
603000,0.030,0.849,0.121
603500,0.030,0.875,0.095
604000,0.030,0.864,0.106
604500,0.030,0.867,0.103
605000,0.030,0.867,0.103
605500,0.030,0.882,0.088
606000,0.030,0.849,0.121
606500,0.030,0.862,0.108
607000,0.030,0.858,0.112
607500,0.030,0.863,0.107
608000,0.030,0.850,0.120
608500,0.030,0.859,0.111
609000,0.030,0.878,0.092
609500,0.030,0.876,0.094
610000,0.030,0.878,0.092
610500,0.030,0.846,0.124
611000,0.030,0.867,0.103
611500,0.030,0.868,0.102
612000,0.030,0.870,0.100
612500,0.030,0.821,0.149
613000,0.030,0.831,0.139
613500,0.030,0.859,0.111
614000,0.030,0.891,0.079
614500,0.030,0.883,0.087
615000,0.030,0.887,0.083
615500,0.030,0.877,0.093
616000,0.030,0.885,0.085
616500,0.030,0.852,0.118
617000,0.030,0.863,0.107
617500,0.030,0.856,0.114
618000,0.030,0.850,0.120
618500,0.030,0.869,0.101
619000,0.030,0.864,0.106
619500,0.030,0.876,0.094
620000,0.030,0.869,0.101
620500,0.030,0.861,0.109
621000,0.030,0.855,0.115
621500,0.030,0.872,0.098
622000,0.030,0.889,0.081
622500,0.030,0.870,0.100
623000,0.030,0.870,0.100
623500,0.030,0.882,0.088
624000,0.030,0.867,0.103
624500,0.030,0.845,0.125
625000,0.030,0.853,0.117
625500,0.030,0.849,0.121
626000,0.030,0.847,0.123
626500,0.030,0.861,0.109
627000,0.030,0.884,0.086
627500,0.030,0.856,0.114
628000,0.030,0.849,0.121
628500,0.030,0.867,0.103
629000,0.030,0.867,0.103
629500,0.030,0.871,0.099
630000,0.030,0.894,0.076
630500,0.030,0.884,0.086
631000,0.030,0.877,0.093
631500,0.030,0.861,0.109
632000,0.030,0.871,0.099
632500,0.030,0.885,0.085
633000,0.030,0.860,0.110
633500,0.030,0.899,0.071
634000,0.030,0.878,0.092
634500,0.030,0.868,0.102
635000,0.030,0.855,0.115
635500,0.030,0.871,0.099
636000,0.030,0.869,0.101
636500,0.030,0.892,0.078
637000,0.030,0.902,0.068
637500,0.030,0.891,0.079
638000,0.030,0.869,0.101
638500,0.030,0.872,0.098
639000,0.030,0.871,0.099
639500,0.030,0.858,0.112
640000,0.030,0.871,0.099
640500,0.030,0.865,0.105
641000,0.030,0.886,0.084
641500,0.030,0.865,0.105
642000,0.030,0.877,0.093
642500,0.030,0.864,0.106
643000,0.030,0.854,0.116
643500,0.030,0.872,0.098
644000,0.030,0.892,0.078
644500,0.030,0.856,0.114
645000,0.030,0.831,0.139
645500,0.030,0.859,0.111
646000,0.030,0.819,0.151
646500,0.030,0.826,0.144
647000,0.030,0.828,0.142
647500,0.030,0.859,0.111
648000,0.030,0.852,0.118
648500,0.030,0.864,0.106
649000,0.030,0.834,0.136
649500,0.030,0.860,0.110
650000,0.030,0.860,0.110
650500,0.030,0.863,0.107
651000,0.030,0.853,0.117
651500,0.030,0.857,0.113
652000,0.030,0.847,0.123
652500,0.030,0.855,0.115
653000,0.030,0.866,0.104
653500,0.030,0.884,0.086
654000,0.030,0.875,0.095
654500,0.030,0.870,0.100
655000,0.030,0.876,0.094
655500,0.030,0.885,0.085
656000,0.030,0.878,0.092
656500,0.030,0.871,0.099
657000,0.030,0.886,0.084
657500,0.030,0.871,0.099
658000,0.030,0.860,0.110
658500,0.030,0.855,0.115
659000,0.030,0.860,0.110
659500,0.030,0.865,0.105
660000,0.030,0.894,0.076
660500,0.030,0.880,0.090
661000,0.030,0.890,0.080
661500,0.030,0.888,0.082
662000,0.030,0.892,0.078
662500,0.030,0.887,0.083
663000,0.030,0.888,0.082
663500,0.030,0.876,0.094
664000,0.030,0.873,0.097
664500,0.030,0.872,0.098
665000,0.030,0.869,0.101
665500,0.030,0.857,0.113
666000,0.030,0.868,0.102
666500,0.030,0.852,0.118
667000,0.030,0.835,0.135
667500,0.030,0.847,0.123
668000,0.030,0.861,0.109
668500,0.030,0.875,0.095
669000,0.030,0.897,0.073
669500,0.030,0.889,0.081
670000,0.030,0.859,0.111
670500,0.030,0.861,0.109
671000,0.030,0.850,0.120
671500,0.030,0.850,0.120
672000,0.030,0.885,0.085
672500,0.030,0.867,0.103
673000,0.030,0.875,0.095
673500,0.030,0.877,0.093
674000,0.030,0.888,0.082
674500,0.030,0.885,0.085
675000,0.030,0.882,0.088
675500,0.030,0.854,0.116
676000,0.030,0.860,0.110
676500,0.030,0.864,0.106
677000,0.030,0.865,0.105
677500,0.030,0.884,0.086
678000,0.030,0.863,0.107
678500,0.030,0.869,0.101
679000,0.030,0.877,0.093
679500,0.030,0.884,0.086
680000,0.030,0.885,0.085
680500,0.030,0.847,0.123
681000,0.030,0.893,0.077
681500,0.030,0.895,0.075
682000,0.030,0.882,0.088
682500,0.030,0.886,0.084
683000,0.030,0.901,0.069
683500,0.030,0.894,0.076
684000,0.030,0.895,0.075
684500,0.030,0.891,0.079
685000,0.030,0.915,0.054
685500,0.030,0.869,0.101
686000,0.030,0.876,0.094
686500,0.030,0.875,0.095
687000,0.030,0.849,0.121
687500,0.030,0.841,0.129
688000,0.030,0.825,0.145
688500,0.030,0.847,0.123
689000,0.030,0.881,0.089
689500,0.030,0.864,0.106
690000,0.030,0.876,0.094
690500,0.030,0.847,0.123
691000,0.030,0.862,0.108
691500,0.030,0.872,0.098
692000,0.030,0.864,0.106
692500,0.030,0.884,0.086
693000,0.030,0.851,0.119
693500,0.030,0.857,0.113
694000,0.030,0.854,0.116
694500,0.030,0.821,0.149
695000,0.030,0.821,0.149
695500,0.030,0.851,0.119
696000,0.030,0.857,0.113
696500,0.030,0.856,0.114
697000,0.030,0.875,0.095
697500,0.030,0.887,0.083
698000,0.030,0.852,0.118
698500,0.030,0.860,0.110
699000,0.030,0.864,0.106
699500,0.030,0.852,0.118
700000,0.030,0.870,0.100
700500,0.030,0.878,0.092
701000,0.030,0.857,0.113
701500,0.030,0.871,0.099
702000,0.030,0.904,0.066
702500,0.030,0.885,0.085
703000,0.030,0.875,0.095
703500,0.030,0.885,0.085
704000,0.030,0.877,0.093
704500,0.030,0.869,0.101
705000,0.030,0.853,0.117
705500,0.030,0.869,0.101
706000,0.030,0.873,0.097
706500,0.030,0.846,0.124
707000,0.030,0.835,0.135
707500,0.030,0.843,0.127
708000,0.030,0.875,0.095
708500,0.030,0.877,0.093
709000,0.030,0.871,0.099
709500,0.030,0.851,0.119
710000,0.030,0.842,0.128
710500,0.030,0.830,0.140
711000,0.030,0.849,0.121
711500,0.030,0.835,0.135
712000,0.030,0.833,0.137
712500,0.030,0.853,0.117
713000,0.030,0.829,0.141
713500,0.030,0.822,0.148
714000,0.030,0.831,0.139
714500,0.030,0.875,0.095
715000,0.030,0.884,0.086
715500,0.030,0.892,0.078
716000,0.030,0.893,0.077
716500,0.030,0.875,0.095
717000,0.030,0.868,0.102
717500,0.030,0.864,0.106
718000,0.030,0.840,0.130
718500,0.030,0.859,0.111
719000,0.030,0.880,0.090
719500,0.030,0.860,0.110
720000,0.030,0.861,0.109
720500,0.030,0.863,0.107
721000,0.030,0.860,0.110
721500,0.030,0.874,0.096
722000,0.030,0.886,0.084
722500,0.030,0.875,0.095
723000,0.030,0.880,0.090
723500,0.030,0.884,0.086
724000,0.030,0.873,0.097
724500,0.030,0.869,0.101
725000,0.030,0.861,0.109
725500,0.030,0.865,0.105
726000,0.030,0.872,0.098
726500,0.030,0.857,0.113
727000,0.030,0.866,0.104
727500,0.030,0.862,0.108
728000,0.030,0.886,0.084
728500,0.030,0.881,0.089
729000,0.030,0.860,0.110
729500,0.030,0.834,0.136
730000,0.030,0.842,0.128
730500,0.030,0.839,0.131
731000,0.030,0.845,0.125
731500,0.030,0.865,0.105
732000,0.030,0.862,0.108
732500,0.030,0.868,0.102
733000,0.030,0.880,0.090
733500,0.030,0.892,0.078
734000,0.030,0.893,0.077
734500,0.030,0.879,0.091
735000,0.030,0.875,0.095
735500,0.030,0.876,0.094
736000,0.030,0.878,0.092
736500,0.030,0.882,0.088
737000,0.030,0.873,0.097
737500,0.030,0.877,0.093
738000,0.030,0.894,0.076
738500,0.030,0.907,0.063
739000,0.030,0.909,0.061
739500,0.030,0.907,0.062
740000,0.030,0.871,0.099
740500,0.030,0.846,0.124
741000,0.030,0.883,0.087
741500,0.030,0.884,0.086
742000,0.030,0.864,0.106
742500,0.030,0.884,0.086
743000,0.030,0.857,0.113
743500,0.030,0.871,0.099
744000,0.030,0.880,0.090
744500,0.030,0.846,0.124
745000,0.030,0.837,0.133
745500,0.030,0.865,0.105
746000,0.030,0.866,0.104
746500,0.030,0.882,0.088
747000,0.030,0.881,0.089
747500,0.030,0.865,0.105
748000,0.030,0.853,0.117
748500,0.030,0.870,0.100
749000,0.030,0.859,0.111
749500,0.030,0.848,0.122
750000,0.030,0.858,0.112
750500,0.030,0.879,0.091
751000,0.030,0.858,0.112
751500,0.030,0.850,0.120
752000,0.030,0.847,0.123
752500,0.030,0.859,0.111
753000,0.030,0.850,0.120
753500,0.030,0.860,0.110
754000,0.030,0.858,0.112
754500,0.030,0.864,0.106
755000,0.030,0.869,0.101
755500,0.030,0.868,0.102
756000,0.030,0.852,0.118
756500,0.030,0.836,0.134
757000,0.030,0.817,0.153
757500,0.030,0.849,0.121
758000,0.030,0.868,0.102
758500,0.030,0.864,0.106
759000,0.030,0.882,0.088
759500,0.030,0.866,0.104
760000,0.030,0.866,0.104
760500,0.030,0.874,0.096
761000,0.030,0.859,0.111
761500,0.030,0.884,0.086
762000,0.030,0.843,0.127
762500,0.030,0.863,0.107
763000,0.030,0.873,0.097
763500,0.030,0.885,0.085
764000,0.030,0.880,0.090
764500,0.030,0.875,0.095
765000,0.030,0.865,0.105
765500,0.030,0.861,0.109
766000,0.030,0.850,0.120
766500,0.030,0.863,0.107
767000,0.030,0.892,0.078
767500,0.030,0.909,0.060
768000,0.030,0.864,0.106
768500,0.030,0.868,0.102
769000,0.030,0.859,0.111
769500,0.030,0.861,0.109
770000,0.030,0.849,0.121
770500,0.030,0.844,0.126
771000,0.030,0.848,0.122
771500,0.030,0.822,0.148
772000,0.030,0.850,0.120
772500,0.030,0.839,0.131
773000,0.030,0.843,0.127
773500,0.030,0.862,0.108
774000,0.030,0.886,0.084
774500,0.030,0.884,0.086
775000,0.030,0.887,0.083
775500,0.030,0.881,0.089
776000,0.030,0.883,0.087
776500,0.030,0.877,0.093
777000,0.030,0.884,0.086
777500,0.030,0.850,0.120
778000,0.030,0.862,0.108
778500,0.030,0.857,0.113
779000,0.030,0.865,0.105
779500,0.030,0.853,0.117
780000,0.030,0.847,0.123
780500,0.030,0.852,0.118
781000,0.030,0.859,0.111
781500,0.030,0.890,0.080
782000,0.030,0.872,0.098
782500,0.030,0.863,0.107
783000,0.030,0.866,0.104
783500,0.030,0.874,0.096
784000,0.030,0.876,0.094
784500,0.030,0.887,0.083
785000,0.030,0.891,0.079
785500,0.030,0.867,0.103
786000,0.030,0.849,0.121
786500,0.030,0.861,0.109
787000,0.030,0.845,0.125
787500,0.030,0.838,0.132
788000,0.030,0.839,0.131
788500,0.030,0.841,0.129
789000,0.030,0.858,0.112
789500,0.030,0.864,0.106
790000,0.030,0.837,0.133
790500,0.030,0.819,0.151
791000,0.030,0.841,0.129
791500,0.030,0.838,0.132
792000,0.030,0.838,0.132
792500,0.030,0.862,0.108
793000,0.030,0.844,0.126
793500,0.030,0.869,0.101
794000,0.030,0.873,0.097
794500,0.030,0.908,0.062
795000,0.030,0.890,0.080
795500,0.030,0.899,0.071
796000,0.030,0.900,0.070
796500,0.030,0.850,0.120
797000,0.030,0.848,0.122
797500,0.030,0.860,0.110
798000,0.030,0.853,0.117
798500,0.030,0.855,0.115
799000,0.030,0.863,0.107
799500,0.030,0.868,0.102
800000,0.030,0.865,0.105
800500,0.030,0.840,0.130
801000,0.030,0.835,0.135
801500,0.030,0.861,0.109
802000,0.030,0.858,0.112
802500,0.030,0.866,0.104
803000,0.030,0.876,0.094
803500,0.030,0.845,0.125
804000,0.030,0.867,0.103
804500,0.030,0.872,0.098
805000,0.030,0.847,0.123
805500,0.030,0.864,0.106
806000,0.030,0.875,0.095
806500,0.030,0.857,0.113
807000,0.030,0.855,0.115
807500,0.030,0.847,0.123
808000,0.030,0.847,0.123
808500,0.030,0.864,0.106
809000,0.030,0.840,0.130
809500,0.030,0.856,0.114
810000,0.030,0.852,0.118
810500,0.030,0.840,0.130
811000,0.030,0.843,0.127
811500,0.030,0.871,0.099
812000,0.030,0.857,0.113
812500,0.030,0.879,0.091
813000,0.030,0.856,0.114
813500,0.030,0.857,0.113
814000,0.030,0.853,0.117
814500,0.030,0.883,0.087
815000,0.030,0.863,0.107
815500,0.030,0.874,0.096
816000,0.030,0.884,0.086
816500,0.030,0.874,0.096
817000,0.030,0.897,0.073
817500,0.030,0.886,0.084
818000,0.030,0.893,0.077
818500,0.030,0.882,0.088
819000,0.030,0.903,0.067
819500,0.030,0.900,0.070
820000,0.030,0.870,0.100
820500,0.030,0.871,0.099
821000,0.030,0.862,0.108
821500,0.030,0.859,0.111
822000,0.030,0.882,0.088
822500,0.030,0.873,0.097
823000,0.030,0.861,0.109
823500,0.030,0.870,0.100
824000,0.030,0.861,0.109
824500,0.030,0.861,0.109
825000,0.030,0.860,0.110
825500,0.030,0.868,0.102
826000,0.030,0.838,0.132
826500,0.030,0.837,0.133
827000,0.030,0.838,0.132
827500,0.030,0.856,0.114
828000,0.030,0.877,0.093
828500,0.030,0.860,0.110
829000,0.030,0.866,0.104
829500,0.030,0.873,0.097
830000,0.030,0.860,0.110
830500,0.030,0.862,0.108
831000,0.030,0.864,0.106
831500,0.030,0.855,0.115
832000,0.030,0.858,0.112
832500,0.030,0.875,0.095
833000,0.030,0.850,0.120
833500,0.030,0.832,0.138
834000,0.030,0.839,0.131
834500,0.030,0.841,0.129
835000,0.030,0.810,0.159
835500,0.030,0.830,0.140
836000,0.030,0.827,0.143
836500,0.030,0.849,0.121
837000,0.030,0.856,0.114
837500,0.030,0.876,0.094
838000,0.030,0.863,0.107
838500,0.030,0.899,0.071
839000,0.030,0.858,0.112
839500,0.030,0.882,0.088
840000,0.030,0.871,0.099
840500,0.030,0.880,0.090
841000,0.030,0.871,0.099
841500,0.030,0.883,0.087
842000,0.030,0.860,0.110
842500,0.030,0.864,0.106
843000,0.030,0.878,0.092
843500,0.030,0.881,0.089
844000,0.030,0.875,0.095
844500,0.030,0.905,0.065
845000,0.030,0.891,0.079
845500,0.030,0.875,0.095
846000,0.030,0.869,0.101
846500,0.030,0.874,0.096
847000,0.030,0.904,0.066
847500,0.030,0.864,0.106
848000,0.030,0.846,0.124
848500,0.030,0.859,0.111
849000,0.030,0.873,0.097
849500,0.030,0.871,0.099
850000,0.030,0.870,0.100
850500,0.030,0.849,0.121
851000,0.030,0.847,0.123
851500,0.030,0.853,0.117
852000,0.030,0.859,0.111
852500,0.030,0.885,0.085
853000,0.030,0.871,0.099
853500,0.030,0.860,0.110
854000,0.030,0.837,0.133
854500,0.030,0.819,0.151
855000,0.030,0.850,0.120
855500,0.030,0.849,0.121
856000,0.030,0.885,0.085
856500,0.030,0.869,0.101
857000,0.030,0.889,0.081
857500,0.030,0.887,0.083
858000,0.030,0.881,0.089
858500,0.030,0.869,0.101
859000,0.030,0.866,0.104
859500,0.030,0.905,0.065
860000,0.030,0.897,0.073
860500,0.030,0.885,0.085
861000,0.030,0.881,0.089
861500,0.030,0.868,0.102
862000,0.030,0.850,0.120
862500,0.030,0.826,0.144
863000,0.030,0.857,0.113
863500,0.030,0.867,0.103
864000,0.030,0.865,0.105
864500,0.030,0.876,0.094
865000,0.030,0.890,0.080
865500,0.030,0.870,0.100
866000,0.030,0.914,0.056
866500,0.030,0.916,0.053
867000,0.030,0.915,0.054
867500,0.030,0.871,0.099
868000,0.030,0.870,0.100
868500,0.030,0.905,0.065
869000,0.030,0.897,0.073
869500,0.030,0.896,0.074
870000,0.030,0.897,0.073
870500,0.030,0.917,0.052
871000,0.030,0.907,0.063
871500,0.030,0.894,0.076
872000,0.030,0.860,0.110
872500,0.030,0.872,0.098
873000,0.030,0.848,0.122
873500,0.030,0.844,0.126
874000,0.030,0.861,0.109
874500,0.030,0.870,0.100
875000,0.030,0.865,0.105
875500,0.030,0.860,0.110
876000,0.030,0.901,0.069
876500,0.030,0.884,0.086
877000,0.030,0.871,0.099
877500,0.030,0.875,0.095
878000,0.030,0.873,0.097
878500,0.030,0.872,0.098
879000,0.030,0.885,0.085
879500,0.030,0.898,0.072
880000,0.030,0.876,0.094
880500,0.030,0.854,0.116
881000,0.030,0.855,0.115
881500,0.030,0.871,0.099
882000,0.030,0.887,0.083
882500,0.030,0.885,0.085
883000,0.030,0.882,0.088
883500,0.030,0.893,0.077
884000,0.030,0.860,0.110
884500,0.030,0.870,0.100
885000,0.030,0.869,0.101
885500,0.030,0.876,0.094
886000,0.030,0.869,0.101
886500,0.030,0.874,0.096
887000,0.030,0.852,0.118
887500,0.030,0.879,0.091
888000,0.030,0.891,0.079
888500,0.030,0.857,0.113
889000,0.030,0.850,0.120
889500,0.030,0.829,0.141
890000,0.030,0.847,0.123
890500,0.030,0.880,0.090
891000,0.030,0.883,0.087
891500,0.030,0.875,0.095
892000,0.030,0.887,0.083
892500,0.030,0.879,0.091
893000,0.030,0.861,0.109
893500,0.030,0.883,0.087
894000,0.030,0.861,0.109
894500,0.030,0.890,0.080
895000,0.030,0.892,0.078
895500,0.030,0.894,0.076
896000,0.030,0.895,0.075
896500,0.030,0.911,0.058
897000,0.030,0.899,0.071
897500,0.030,0.884,0.086
898000,0.030,0.860,0.110
898500,0.030,0.870,0.100
899000,0.030,0.865,0.105
899500,0.030,0.847,0.123
900000,0.030,0.866,0.104
900500,0.030,0.854,0.116
901000,0.030,0.869,0.101
901500,0.030,0.865,0.105
902000,0.030,0.875,0.095
902500,0.030,0.858,0.112
903000,0.030,0.869,0.101
903500,0.030,0.867,0.103
904000,0.030,0.875,0.095
904500,0.030,0.855,0.115
905000,0.030,0.848,0.122
905500,0.030,0.853,0.117
906000,0.030,0.833,0.137
906500,0.030,0.866,0.104
907000,0.030,0.864,0.106
907500,0.030,0.862,0.108
908000,0.030,0.863,0.107
908500,0.030,0.850,0.120
909000,0.030,0.846,0.124
909500,0.030,0.857,0.113
910000,0.030,0.862,0.108
910500,0.030,0.875,0.095
911000,0.030,0.878,0.092
911500,0.030,0.880,0.090
912000,0.030,0.876,0.094
912500,0.030,0.890,0.080
913000,0.030,0.901,0.069
913500,0.030,0.901,0.069
914000,0.030,0.900,0.070
914500,0.030,0.901,0.069
915000,0.030,0.881,0.089
915500,0.030,0.870,0.100
916000,0.030,0.878,0.092
916500,0.030,0.843,0.127
917000,0.030,0.860,0.110
917500,0.030,0.846,0.124
918000,0.030,0.855,0.115
918500,0.030,0.877,0.093
919000,0.030,0.897,0.073
919500,0.030,0.908,0.062
920000,0.030,0.896,0.074
920500,0.030,0.874,0.096
921000,0.030,0.866,0.104
921500,0.030,0.848,0.122
922000,0.030,0.861,0.109
922500,0.030,0.848,0.122
923000,0.030,0.869,0.101
923500,0.030,0.861,0.109
924000,0.030,0.883,0.087
924500,0.030,0.860,0.110
925000,0.030,0.877,0.093
925500,0.030,0.874,0.096
926000,0.030,0.860,0.110
926500,0.030,0.840,0.130
927000,0.030,0.846,0.124
927500,0.030,0.854,0.116
928000,0.030,0.863,0.107
928500,0.030,0.870,0.100
929000,0.030,0.889,0.081
929500,0.030,0.877,0.093
930000,0.030,0.870,0.100
930500,0.030,0.879,0.091
931000,0.030,0.872,0.098
931500,0.030,0.848,0.122
932000,0.030,0.862,0.108
932500,0.030,0.870,0.100
933000,0.030,0.866,0.104
933500,0.030,0.856,0.114
934000,0.030,0.850,0.120
934500,0.030,0.858,0.112
935000,0.030,0.865,0.105
935500,0.030,0.854,0.116
936000,0.030,0.852,0.118
936500,0.030,0.871,0.099
937000,0.030,0.857,0.113
937500,0.030,0.859,0.111
938000,0.030,0.856,0.114
938500,0.030,0.854,0.116
939000,0.030,0.870,0.100
939500,0.030,0.879,0.091
940000,0.030,0.887,0.083
940500,0.030,0.877,0.093
941000,0.030,0.883,0.087
941500,0.030,0.858,0.112
942000,0.030,0.865,0.105
942500,0.030,0.866,0.104
943000,0.030,0.874,0.096
943500,0.030,0.866,0.104
944000,0.030,0.854,0.116
944500,0.030,0.845,0.125
945000,0.030,0.851,0.119
945500,0.030,0.852,0.118
946000,0.030,0.870,0.100
946500,0.030,0.849,0.121
947000,0.030,0.857,0.113
947500,0.030,0.889,0.081
948000,0.030,0.901,0.069
948500,0.030,0.896,0.074
949000,0.030,0.851,0.119
949500,0.030,0.862,0.108
950000,0.030,0.853,0.117
950500,0.030,0.890,0.080
951000,0.030,0.877,0.093
951500,0.030,0.874,0.096
952000,0.030,0.877,0.093
952500,0.030,0.853,0.117
953000,0.030,0.874,0.096
953500,0.030,0.883,0.087
954000,0.030,0.885,0.085
954500,0.030,0.886,0.084
955000,0.030,0.857,0.113
955500,0.030,0.856,0.114
956000,0.030,0.842,0.128
956500,0.030,0.831,0.139
957000,0.030,0.843,0.127
957500,0.030,0.852,0.118
958000,0.030,0.849,0.121
958500,0.030,0.865,0.105
959000,0.030,0.885,0.085
959500,0.030,0.882,0.088
960000,0.030,0.835,0.135
960500,0.030,0.838,0.132
961000,0.030,0.851,0.119
961500,0.030,0.858,0.112
962000,0.030,0.859,0.111
962500,0.030,0.872,0.098
963000,0.030,0.872,0.098
963500,0.030,0.888,0.082
964000,0.030,0.869,0.101
964500,0.030,0.863,0.107
965000,0.030,0.857,0.113
965500,0.030,0.857,0.113
966000,0.030,0.857,0.113
966500,0.030,0.896,0.074
967000,0.030,0.882,0.088
967500,0.030,0.879,0.091
968000,0.030,0.885,0.085
968500,0.030,0.864,0.106
969000,0.030,0.882,0.088
969500,0.030,0.857,0.113
970000,0.030,0.861,0.109
970500,0.030,0.867,0.103
971000,0.030,0.875,0.095
971500,0.030,0.891,0.079
972000,0.030,0.888,0.082
972500,0.030,0.860,0.110
973000,0.030,0.867,0.103
973500,0.030,0.864,0.106
974000,0.030,0.858,0.112
974500,0.030,0.871,0.099
975000,0.030,0.862,0.108
975500,0.030,0.845,0.125
976000,0.030,0.839,0.131
976500,0.030,0.848,0.122
977000,0.030,0.844,0.126
977500,0.030,0.848,0.122
978000,0.030,0.841,0.129
978500,0.030,0.823,0.147
979000,0.030,0.843,0.127
979500,0.030,0.819,0.151
980000,0.030,0.827,0.143
980500,0.030,0.854,0.116
981000,0.030,0.861,0.109
981500,0.030,0.866,0.104
982000,0.030,0.860,0.110
982500,0.030,0.875,0.095
983000,0.030,0.855,0.115
983500,0.030,0.888,0.082
984000,0.030,0.872,0.098
984500,0.030,0.881,0.089
985000,0.030,0.855,0.115
985500,0.030,0.872,0.098
986000,0.030,0.846,0.124
986500,0.030,0.869,0.101
987000,0.030,0.886,0.084
987500,0.030,0.875,0.095
988000,0.030,0.892,0.078
988500,0.030,0.867,0.103
989000,0.030,0.858,0.112
989500,0.030,0.866,0.104
990000,0.030,0.857,0.113
990500,0.030,0.860,0.110
991000,0.030,0.860,0.110
991500,0.030,0.844,0.126
992000,0.030,0.846,0.124
992500,0.030,0.849,0.121
993000,0.030,0.850,0.120
993500,0.030,0.880,0.090
994000,0.030,0.886,0.084
994500,0.030,0.858,0.112
995000,0.030,0.874,0.096
995500,0.030,0.862,0.108
996000,0.030,0.854,0.116
996500,0.030,0.851,0.119
997000,0.030,0.866,0.104
997500,0.030,0.851,0.119
998000,0.030,0.836,0.134
998500,0.030,0.841,0.129
999000,0.030,0.846,0.124
999500,0.030,0.877,0.093
1000000,0.030,0.870,0.100
