time,n_A+p,n_B,n_AB
500,0.030,0.840,0.130
1000,0.030,0.784,0.186
1500,0.030,0.699,0.271
2000,0.030,0.653,0.317
2500,0.030,0.588,0.382
3000,0.030,0.614,0.356
3500,0.030,0.544,0.425
4000,0.030,0.658,0.311
4500,0.030,0.655,0.315
5000,0.030,0.606,0.364
5500,0.030,0.664,0.306
6000,0.030,0.515,0.455
6500,0.030,0.539,0.431
7000,0.030,0.606,0.364
7500,0.030,0.599,0.371
8000,0.030,0.697,0.273
8500,0.030,0.703,0.267
9000,0.030,0.649,0.321
9500,0.030,0.665,0.304
10000,0.030,0.639,0.331
10500,0.030,0.601,0.369
11000,0.030,0.674,0.296
11500,0.030,0.706,0.264
12000,0.030,0.655,0.315
12500,0.030,0.670,0.299
13000,0.030,0.627,0.343
13500,0.030,0.644,0.326
14000,0.030,0.648,0.322
14500,0.030,0.533,0.436
15000,0.030,0.583,0.387
15500,0.030,0.589,0.381
16000,0.030,0.663,0.307
16500,0.030,0.538,0.432
17000,0.030,0.536,0.433
17500,0.030,0.615,0.355
18000,0.030,0.632,0.338
18500,0.030,0.553,0.417
19000,0.030,0.591,0.379
19500,0.030,0.561,0.409
20000,0.030,0.631,0.339
20500,0.030,0.642,0.328
21000,0.030,0.567,0.403
21500,0.030,0.590,0.380
22000,0.030,0.547,0.423
22500,0.030,0.612,0.358
23000,0.030,0.577,0.393
23500,0.030,0.610,0.360
24000,0.030,0.619,0.351
24500,0.030,0.677,0.292
25000,0.030,0.600,0.370
25500,0.030,0.585,0.385
26000,0.030,0.524,0.446
26500,0.030,0.598,0.372
27000,0.030,0.610,0.360
27500,0.030,0.654,0.316
28000,0.030,0.657,0.313
28500,0.030,0.605,0.365
29000,0.030,0.639,0.331
29500,0.030,0.638,0.332
30000,0.030,0.600,0.370
30500,0.030,0.611,0.359
31000,0.030,0.531,0.439
31500,0.030,0.521,0.449
32000,0.030,0.544,0.426
32500,0.030,0.577,0.393
33000,0.030,0.549,0.420
33500,0.030,0.584,0.386
34000,0.030,0.536,0.434
34500,0.030,0.718,0.252
35000,0.030,0.578,0.392
35500,0.030,0.573,0.397
36000,0.030,0.571,0.399
36500,0.030,0.545,0.425
37000,0.030,0.532,0.438
37500,0.030,0.509,0.461
38000,0.030,0.524,0.446
38500,0.030,0.641,0.329
39000,0.030,0.622,0.348
39500,0.030,0.632,0.338
40000,0.030,0.639,0.331
40500,0.030,0.584,0.386
41000,0.030,0.596,0.374
41500,0.030,0.573,0.397
42000,0.030,0.625,0.345
42500,0.030,0.620,0.350
43000,0.030,0.598,0.372
43500,0.030,0.468,0.502
44000,0.030,0.461,0.509
44500,0.030,0.599,0.371
45000,0.030,0.561,0.408
45500,0.030,0.524,0.446
46000,0.030,0.517,0.453
46500,0.030,0.511,0.459
47000,0.030,0.544,0.426
47500,0.030,0.590,0.380
48000,0.030,0.573,0.397
48500,0.030,0.633,0.337
49000,0.030,0.550,0.419
49500,0.030,0.658,0.312
50000,0.030,0.619,0.351
50500,0.030,0.623,0.347
51000,0.030,0.620,0.350
51500,0.030,0.678,0.292
52000,0.030,0.501,0.469
52500,0.030,0.672,0.298
53000,0.030,0.630,0.340
53500,0.030,0.483,0.487
54000,0.030,0.475,0.495
54500,0.030,0.481,0.489
55000,0.030,0.460,0.510
55500,0.030,0.549,0.420
56000,0.030,0.630,0.340
56500,0.030,0.657,0.312
57000,0.030,0.607,0.363
57500,0.030,0.597,0.373
58000,0.030,0.610,0.360
58500,0.030,0.539,0.431
59000,0.030,0.559,0.411
59500,0.030,0.500,0.470
60000,0.030,0.440,0.530
60500,0.030,0.507,0.463
61000,0.030,0.477,0.493
61500,0.030,0.509,0.461
62000,0.030,0.576,0.394
62500,0.030,0.521,0.449
63000,0.030,0.586,0.384
63500,0.030,0.497,0.473
64000,0.030,0.599,0.371
64500,0.030,0.534,0.436
65000,0.030,0.472,0.498
65500,0.030,0.637,0.333
66000,0.030,0.670,0.299
66500,0.030,0.556,0.414
67000,0.030,0.472,0.497
67500,0.030,0.653,0.317
68000,0.030,0.597,0.373
68500,0.030,0.579,0.391
69000,0.030,0.577,0.393
69500,0.030,0.579,0.391
70000,0.030,0.570,0.400
70500,0.030,0.593,0.377
71000,0.030,0.653,0.317
71500,0.030,0.653,0.317
72000,0.030,0.645,0.325
72500,0.030,0.549,0.421
73000,0.030,0.526,0.444
73500,0.030,0.611,0.359
74000,0.030,0.600,0.370
74500,0.030,0.613,0.357
75000,0.030,0.514,0.456
75500,0.030,0.509,0.461
76000,0.030,0.492,0.478
76500,0.030,0.641,0.329
77000,0.030,0.652,0.318
77500,0.030,0.682,0.288
78000,0.030,0.647,0.323
78500,0.030,0.608,0.362
79000,0.030,0.572,0.398
79500,0.030,0.610,0.360
80000,0.030,0.533,0.437
80500,0.030,0.498,0.471
81000,0.030,0.555,0.415
81500,0.030,0.608,0.362
82000,0.030,0.639,0.331
82500,0.030,0.608,0.362
83000,0.030,0.549,0.421
83500,0.030,0.548,0.422
84000,0.030,0.516,0.454
84500,0.030,0.524,0.446
85000,0.030,0.528,0.442
85500,0.030,0.514,0.456
86000,0.030,0.561,0.409
86500,0.030,0.532,0.438
87000,0.030,0.631,0.339
87500,0.030,0.549,0.420
88000,0.030,0.574,0.396
88500,0.030,0.672,0.298
89000,0.030,0.584,0.386
89500,0.030,0.585,0.385
90000,0.030,0.441,0.529
90500,0.030,0.508,0.462
91000,0.030,0.586,0.384
91500,0.030,0.674,0.296
92000,0.030,0.677,0.293
92500,0.030,0.558,0.411
93000,0.030,0.646,0.324
93500,0.030,0.620,0.350
94000,0.030,0.437,0.533
94500,0.030,0.492,0.477
95000,0.030,0.574,0.396
95500,0.030,0.577,0.393
96000,0.030,0.608,0.362
96500,0.030,0.520,0.450
97000,0.030,0.553,0.417
97500,0.030,0.665,0.304
98000,0.030,0.573,0.397
98500,0.030,0.588,0.382
99000,0.030,0.555,0.414
99500,0.030,0.716,0.254
100000,0.030,0.711,0.259
100500,0.030,0.623,0.347
101000,0.030,0.613,0.357
101500,0.030,0.545,0.425
102000,0.030,0.592,0.378
102500,0.030,0.630,0.340
103000,0.030,0.588,0.382
103500,0.030,0.578,0.392
104000,0.030,0.601,0.369
104500,0.030,0.620,0.350
105000,0.030,0.601,0.369
105500,0.030,0.589,0.381
106000,0.030,0.667,0.303
106500,0.030,0.720,0.250
107000,0.030,0.694,0.276
107500,0.030,0.601,0.369
108000,0.030,0.509,0.461
108500,0.030,0.585,0.385
109000,0.030,0.509,0.461
109500,0.030,0.520,0.450
110000,0.030,0.646,0.324
110500,0.030,0.630,0.340
111000,0.030,0.546,0.424
111500,0.030,0.521,0.449
112000,0.030,0.481,0.488
112500,0.030,0.567,0.403
113000,0.030,0.567,0.403
113500,0.030,0.601,0.369
114000,0.030,0.503,0.467
114500,0.030,0.521,0.449
115000,0.030,0.565,0.405
115500,0.030,0.531,0.439
116000,0.030,0.582,0.388
116500,0.030,0.566,0.404
117000,0.030,0.633,0.337
117500,0.030,0.591,0.379
118000,0.030,0.660,0.309
118500,0.030,0.718,0.252
119000,0.030,0.557,0.412
119500,0.030,0.720,0.250
120000,0.030,0.713,0.257
120500,0.030,0.656,0.314
121000,0.030,0.613,0.357
121500,0.030,0.531,0.439
122000,0.030,0.547,0.422
122500,0.030,0.662,0.307
123000,0.030,0.662,0.307
123500,0.030,0.674,0.295
124000,0.030,0.556,0.413
124500,0.030,0.523,0.447
125000,0.030,0.537,0.432
125500,0.030,0.597,0.373
126000,0.030,0.592,0.378
126500,0.030,0.611,0.359
127000,0.030,0.557,0.412
127500,0.030,0.562,0.407
128000,0.030,0.549,0.421
128500,0.030,0.609,0.361
129000,0.030,0.594,0.376
129500,0.030,0.609,0.361
130000,0.030,0.547,0.423
130500,0.030,0.611,0.359
131000,0.030,0.624,0.346
131500,0.030,0.556,0.414
132000,0.030,0.608,0.362
132500,0.030,0.621,0.349
133000,0.030,0.586,0.384
133500,0.030,0.494,0.476
134000,0.030,0.618,0.352
134500,0.030,0.614,0.356
135000,0.030,0.532,0.438
135500,0.030,0.522,0.448
136000,0.030,0.624,0.346
136500,0.030,0.556,0.414
137000,0.030,0.558,0.412
137500,0.030,0.638,0.332
138000,0.030,0.568,0.402
138500,0.030,0.571,0.399
139000,0.030,0.607,0.363
139500,0.030,0.540,0.430
140000,0.030,0.638,0.332
140500,0.030,0.619,0.351
141000,0.030,0.648,0.322
141500,0.030,0.698,0.272
142000,0.030,0.567,0.403
142500,0.030,0.637,0.333
143000,0.030,0.599,0.371
143500,0.030,0.584,0.386
144000,0.030,0.511,0.459
144500,0.030,0.569,0.401
145000,0.030,0.514,0.456
145500,0.030,0.576,0.394
146000,0.030,0.519,0.451
146500,0.030,0.566,0.404
147000,0.030,0.650,0.320
147500,0.030,0.526,0.444
148000,0.030,0.504,0.466
148500,0.030,0.454,0.516
149000,0.030,0.469,0.500
149500,0.030,0.469,0.501
150000,0.030,0.501,0.469
150500,0.030,0.522,0.448
151000,0.030,0.560,0.409
151500,0.030,0.486,0.483
152000,0.030,0.490,0.479
152500,0.030,0.614,0.356
153000,0.030,0.544,0.426
153500,0.030,0.545,0.425
154000,0.030,0.573,0.397
154500,0.030,0.586,0.384
155000,0.030,0.546,0.423
155500,0.030,0.570,0.400
156000,0.030,0.534,0.435
156500,0.030,0.584,0.386
157000,0.030,0.440,0.530
157500,0.030,0.435,0.534
158000,0.030,0.491,0.479
158500,0.030,0.474,0.495
159000,0.030,0.587,0.383
159500,0.030,0.524,0.446
160000,0.030,0.568,0.402
160500,0.030,0.634,0.336
161000,0.030,0.574,0.396
161500,0.030,0.584,0.386
162000,0.030,0.626,0.344
162500,0.030,0.569,0.401
163000,0.030,0.626,0.344
163500,0.030,0.661,0.309
164000,0.030,0.543,0.426
164500,0.030,0.656,0.314
165000,0.030,0.707,0.263
165500,0.030,0.580,0.390
166000,0.030,0.486,0.484
166500,0.030,0.599,0.371
167000,0.030,0.576,0.394
167500,0.030,0.566,0.404
168000,0.030,0.545,0.424
168500,0.030,0.505,0.465
169000,0.030,0.573,0.397
169500,0.030,0.552,0.418
170000,0.030,0.532,0.438
170500,0.030,0.580,0.390
171000,0.030,0.561,0.408
171500,0.030,0.585,0.385
172000,0.030,0.565,0.405
172500,0.030,0.645,0.325
173000,0.030,0.633,0.337
173500,0.030,0.686,0.283
174000,0.030,0.624,0.346
174500,0.030,0.555,0.415
175000,0.030,0.575,0.395
175500,0.030,0.542,0.428
176000,0.030,0.561,0.408
176500,0.030,0.613,0.357
177000,0.030,0.483,0.487
177500,0.030,0.516,0.454
178000,0.030,0.624,0.346
178500,0.030,0.626,0.344
179000,0.030,0.636,0.334
179500,0.030,0.540,0.430
180000,0.030,0.570,0.400
180500,0.030,0.521,0.449
181000,0.030,0.490,0.480
181500,0.030,0.490,0.480
182000,0.030,0.559,0.410
182500,0.030,0.629,0.341
183000,0.030,0.641,0.329
183500,0.030,0.686,0.283
184000,0.030,0.574,0.396
184500,0.030,0.543,0.426
185000,0.030,0.707,0.263
185500,0.030,0.736,0.234
186000,0.030,0.516,0.454
186500,0.030,0.624,0.346
187000,0.030,0.619,0.351
187500,0.030,0.539,0.431
188000,0.030,0.539,0.430
188500,0.030,0.628,0.342
189000,0.030,0.572,0.398
189500,0.030,0.556,0.414
190000,0.030,0.477,0.493
190500,0.030,0.579,0.391
191000,0.030,0.621,0.349
191500,0.030,0.551,0.419
192000,0.030,0.631,0.339
192500,0.030,0.533,0.437
193000,0.030,0.551,0.419
193500,0.030,0.539,0.431
194000,0.030,0.404,0.567
194500,0.030,0.592,0.378
195000,0.030,0.662,0.307
195500,0.030,0.572,0.398
196000,0.030,0.533,0.436
196500,0.030,0.484,0.485
197000,0.030,0.456,0.514
197500,0.030,0.518,0.452
198000,0.030,0.506,0.464
198500,0.030,0.467,0.503
199000,0.030,0.570,0.400
199500,0.030,0.468,0.502
200000,0.030,0.509,0.461
200500,0.030,0.534,0.435
201000,0.030,0.603,0.367
201500,0.030,0.514,0.456
202000,0.030,0.542,0.427
202500,0.030,0.554,0.416
203000,0.030,0.610,0.360
203500,0.030,0.556,0.413
204000,0.030,0.608,0.362
204500,0.030,0.623,0.347
205000,0.030,0.634,0.336
205500,0.030,0.514,0.456
206000,0.030,0.570,0.400
206500,0.030,0.619,0.351
207000,0.030,0.574,0.396
207500,0.030,0.548,0.422
208000,0.030,0.574,0.396
208500,0.030,0.594,0.376
209000,0.030,0.507,0.463
209500,0.030,0.561,0.409
210000,0.030,0.533,0.436
210500,0.030,0.510,0.460
211000,0.030,0.518,0.452
211500,0.030,0.531,0.439
212000,0.030,0.558,0.411
212500,0.030,0.588,0.382
213000,0.030,0.554,0.415
213500,0.030,0.520,0.450
214000,0.030,0.614,0.356
214500,0.030,0.584,0.386
215000,0.030,0.598,0.372
215500,0.030,0.571,0.399
216000,0.030,0.570,0.400
216500,0.030,0.611,0.359
217000,0.030,0.637,0.333
217500,0.030,0.695,0.275
218000,0.030,0.689,0.281
218500,0.030,0.735,0.235
219000,0.030,0.687,0.283
219500,0.030,0.646,0.324
220000,0.030,0.659,0.311
220500,0.030,0.532,0.438
221000,0.030,0.640,0.330
221500,0.030,0.623,0.347
222000,0.030,0.588,0.382
222500,0.030,0.624,0.346
223000,0.030,0.610,0.360
223500,0.030,0.670,0.300
224000,0.030,0.649,0.321
224500,0.030,0.618,0.352
225000,0.030,0.604,0.366
225500,0.030,0.641,0.329
226000,0.030,0.715,0.255
226500,0.030,0.655,0.315
227000,0.030,0.644,0.326
227500,0.030,0.678,0.291
228000,0.030,0.609,0.361
228500,0.030,0.591,0.379
229000,0.030,0.697,0.273
229500,0.030,0.676,0.294
230000,0.030,0.660,0.309
230500,0.030,0.591,0.379
231000,0.030,0.600,0.370
231500,0.030,0.627,0.343
232000,0.030,0.527,0.443
232500,0.030,0.505,0.465
233000,0.030,0.556,0.414
233500,0.030,0.556,0.414
234000,0.030,0.542,0.427
234500,0.030,0.549,0.421
235000,0.030,0.615,0.355
235500,0.030,0.639,0.331
236000,0.030,0.550,0.419
236500,0.030,0.564,0.406
237000,0.030,0.557,0.412
237500,0.030,0.662,0.308
238000,0.030,0.648,0.322
238500,0.030,0.584,0.386
239000,0.030,0.664,0.306
239500,0.030,0.561,0.409
240000,0.030,0.543,0.426
240500,0.030,0.557,0.412
241000,0.030,0.564,0.406
241500,0.030,0.681,0.288
242000,0.030,0.622,0.348
242500,0.030,0.544,0.425
243000,0.030,0.448,0.522
243500,0.030,0.469,0.500
244000,0.030,0.570,0.400
244500,0.030,0.593,0.377
245000,0.030,0.666,0.303
245500,0.030,0.630,0.340
246000,0.030,0.638,0.332
246500,0.030,0.612,0.358
247000,0.030,0.577,0.393
247500,0.030,0.586,0.384
248000,0.030,0.632,0.338
248500,0.030,0.603,0.367
249000,0.030,0.511,0.459
249500,0.030,0.509,0.461
250000,0.030,0.588,0.382
250500,0.030,0.600,0.370
251000,0.030,0.544,0.426
251500,0.030,0.530,0.440
252000,0.030,0.604,0.366
252500,0.030,0.650,0.320
253000,0.030,0.706,0.264
253500,0.030,0.597,0.373
254000,0.030,0.587,0.383
254500,0.030,0.523,0.447
255000,0.030,0.501,0.469
255500,0.030,0.455,0.515
256000,0.030,0.473,0.497
256500,0.030,0.572,0.398
257000,0.030,0.606,0.364
257500,0.030,0.614,0.356
258000,0.030,0.553,0.416
258500,0.030,0.685,0.284
259000,0.030,0.667,0.303
259500,0.030,0.521,0.449
260000,0.030,0.574,0.396
260500,0.030,0.534,0.435
261000,0.030,0.576,0.394
261500,0.030,0.604,0.366
262000,0.030,0.649,0.321
262500,0.030,0.545,0.424
263000,0.030,0.450,0.520
263500,0.030,0.503,0.467
264000,0.030,0.504,0.466
264500,0.030,0.442,0.528
265000,0.030,0.545,0.425
265500,0.030,0.555,0.415
266000,0.030,0.575,0.395
266500,0.030,0.549,0.421
267000,0.030,0.590,0.380
267500,0.030,0.575,0.395
268000,0.030,0.622,0.348
268500,0.030,0.632,0.338
269000,0.030,0.667,0.302
269500,0.030,0.612,0.358
270000,0.030,0.582,0.388
270500,0.030,0.656,0.314
271000,0.030,0.583,0.387
271500,0.030,0.489,0.480
272000,0.030,0.593,0.377
272500,0.030,0.658,0.311
273000,0.030,0.575,0.395
273500,0.030,0.555,0.415
274000,0.030,0.511,0.459
274500,0.030,0.574,0.396
275000,0.030,0.553,0.416
275500,0.030,0.535,0.435
276000,0.030,0.548,0.421
276500,0.030,0.651,0.319
277000,0.030,0.601,0.369
277500,0.030,0.573,0.397
278000,0.030,0.571,0.399
278500,0.030,0.612,0.358
279000,0.030,0.557,0.412
279500,0.030,0.609,0.361
280000,0.030,0.532,0.438
280500,0.030,0.608,0.362
281000,0.030,0.542,0.427
281500,0.030,0.592,0.378
282000,0.030,0.497,0.473
282500,0.030,0.518,0.452
283000,0.030,0.549,0.420
283500,0.030,0.514,0.456
284000,0.030,0.599,0.371
284500,0.030,0.522,0.448
285000,0.030,0.625,0.345
285500,0.030,0.605,0.365
286000,0.030,0.520,0.450
286500,0.030,0.523,0.447
287000,0.030,0.593,0.377
287500,0.030,0.550,0.420
288000,0.030,0.514,0.456
288500,0.030,0.595,0.375
289000,0.030,0.572,0.398
289500,0.030,0.432,0.538
290000,0.030,0.508,0.462
290500,0.030,0.558,0.411
291000,0.030,0.608,0.362
291500,0.030,0.558,0.411
292000,0.030,0.715,0.255
292500,0.030,0.592,0.378
293000,0.030,0.600,0.370
293500,0.030,0.486,0.483
294000,0.030,0.516,0.454
294500,0.030,0.475,0.494
295000,0.030,0.525,0.445
295500,0.030,0.530,0.440
296000,0.030,0.498,0.471
296500,0.030,0.521,0.449
297000,0.030,0.541,0.428
297500,0.030,0.478,0.492
298000,0.030,0.520,0.450
298500,0.030,0.528,0.442
299000,0.030,0.501,0.469
299500,0.030,0.597,0.373
300000,0.030,0.605,0.365
300500,0.030,0.530,0.440
301000,0.030,0.470,0.500
301500,0.030,0.562,0.407
302000,0.030,0.479,0.491
302500,0.030,0.595,0.375
303000,0.030,0.522,0.448
303500,0.030,0.570,0.400
304000,0.030,0.489,0.480
304500,0.030,0.548,0.422
305000,0.030,0.578,0.392
305500,0.030,0.598,0.372
306000,0.030,0.598,0.372
306500,0.030,0.609,0.361
307000,0.030,0.559,0.410
307500,0.030,0.587,0.383
308000,0.030,0.640,0.330
308500,0.030,0.558,0.411
309000,0.030,0.542,0.427
309500,0.030,0.499,0.470
310000,0.030,0.585,0.385
310500,0.030,0.604,0.366
311000,0.030,0.566,0.404
311500,0.030,0.602,0.368
312000,0.030,0.568,0.402
312500,0.030,0.661,0.308
313000,0.030,0.655,0.315
313500,0.030,0.658,0.312
314000,0.030,0.647,0.323
314500,0.030,0.631,0.339
315000,0.030,0.631,0.339
315500,0.030,0.547,0.422
316000,0.030,0.597,0.373
316500,0.030,0.635,0.335
317000,0.030,0.550,0.419
317500,0.030,0.576,0.394
318000,0.030,0.623,0.347
318500,0.030,0.506,0.464
319000,0.030,0.514,0.456
319500,0.030,0.574,0.396
320000,0.030,0.554,0.416
320500,0.030,0.479,0.490
321000,0.030,0.530,0.440
321500,0.030,0.596,0.374
322000,0.030,0.675,0.295
322500,0.030,0.567,0.403
323000,0.030,0.610,0.360
323500,0.030,0.575,0.395
324000,0.030,0.528,0.442
324500,0.030,0.496,0.474
325000,0.030,0.599,0.371
325500,0.030,0.605,0.365
326000,0.030,0.604,0.366
326500,0.030,0.672,0.298
327000,0.030,0.656,0.314
327500,0.030,0.592,0.378
328000,0.030,0.555,0.415
328500,0.030,0.457,0.513
329000,0.030,0.627,0.343
329500,0.030,0.564,0.406
330000,0.030,0.477,0.493
330500,0.030,0.644,0.326
331000,0.030,0.567,0.403
331500,0.030,0.527,0.443
332000,0.030,0.427,0.542
332500,0.030,0.547,0.422
333000,0.030,0.565,0.405
333500,0.030,0.512,0.458
334000,0.030,0.485,0.485
334500,0.030,0.535,0.434
335000,0.030,0.603,0.367
335500,0.030,0.581,0.389
336000,0.030,0.583,0.387
336500,0.030,0.523,0.447
337000,0.030,0.566,0.404
337500,0.030,0.660,0.309
338000,0.030,0.634,0.336
338500,0.030,0.685,0.285
339000,0.030,0.714,0.256
339500,0.030,0.663,0.307
340000,0.030,0.637,0.333
340500,0.030,0.573,0.397
341000,0.030,0.596,0.374
341500,0.030,0.546,0.424
342000,0.030,0.583,0.387
342500,0.030,0.590,0.380
343000,0.030,0.554,0.416
343500,0.030,0.585,0.385
344000,0.030,0.644,0.326
344500,0.030,0.595,0.375
345000,0.030,0.637,0.333
345500,0.030,0.580,0.390
346000,0.030,0.613,0.357
346500,0.030,0.533,0.436
347000,0.030,0.515,0.455
347500,0.030,0.498,0.471
348000,0.030,0.600,0.370
348500,0.030,0.602,0.368
349000,0.030,0.562,0.407
349500,0.030,0.540,0.429
350000,0.030,0.609,0.361
350500,0.030,0.583,0.387
351000,0.030,0.583,0.387
351500,0.030,0.623,0.347
352000,0.030,0.627,0.343
352500,0.030,0.515,0.455
353000,0.030,0.552,0.418
353500,0.030,0.582,0.388
354000,0.030,0.562,0.408
354500,0.030,0.545,0.425
355000,0.030,0.578,0.392
355500,0.030,0.718,0.252
356000,0.030,0.685,0.284
356500,0.030,0.624,0.346
357000,0.030,0.620,0.350
357500,0.030,0.654,0.316
358000,0.030,0.625,0.345
358500,0.030,0.678,0.292
359000,0.030,0.656,0.314
359500,0.030,0.609,0.361
360000,0.030,0.566,0.404
360500,0.030,0.562,0.407
361000,0.030,0.532,0.438
361500,0.030,0.549,0.420
362000,0.030,0.489,0.480
362500,0.030,0.477,0.493
363000,0.030,0.555,0.414
363500,0.030,0.631,0.339
364000,0.030,0.507,0.463
364500,0.030,0.508,0.462
365000,0.030,0.619,0.351
365500,0.030,0.648,0.322
366000,0.030,0.612,0.358
366500,0.030,0.583,0.387
367000,0.030,0.485,0.484
367500,0.030,0.507,0.463
368000,0.030,0.451,0.519
368500,0.030,0.478,0.492
369000,0.030,0.414,0.555
369500,0.030,0.565,0.405
370000,0.030,0.618,0.352
370500,0.030,0.559,0.411
371000,0.030,0.496,0.473
371500,0.030,0.584,0.386
372000,0.030,0.638,0.332
372500,0.030,0.616,0.354
373000,0.030,0.639,0.331
373500,0.030,0.519,0.451
374000,0.030,0.496,0.473
374500,0.030,0.550,0.420
375000,0.030,0.537,0.432
375500,0.030,0.547,0.423
376000,0.030,0.593,0.377
376500,0.030,0.532,0.438
377000,0.030,0.544,0.425
377500,0.030,0.562,0.407
378000,0.030,0.529,0.441
378500,0.030,0.563,0.407
379000,0.030,0.550,0.420
379500,0.030,0.680,0.290
380000,0.030,0.586,0.384
380500,0.030,0.570,0.400
381000,0.030,0.527,0.443
381500,0.030,0.597,0.373
382000,0.030,0.503,0.467
382500,0.030,0.574,0.396
383000,0.030,0.632,0.338
383500,0.030,0.573,0.397
384000,0.030,0.467,0.503
384500,0.030,0.530,0.440
385000,0.030,0.382,0.588
385500,0.030,0.574,0.396
386000,0.030,0.480,0.489
386500,0.030,0.567,0.403
387000,0.030,0.619,0.351
387500,0.030,0.678,0.292
388000,0.030,0.528,0.442
388500,0.030,0.641,0.329
389000,0.030,0.502,0.468
389500,0.030,0.524,0.446
390000,0.030,0.559,0.410
390500,0.030,0.462,0.508
391000,0.030,0.578,0.392
391500,0.030,0.584,0.386
392000,0.030,0.547,0.423
392500,0.030,0.546,0.424
393000,0.030,0.576,0.394
393500,0.030,0.675,0.295
394000,0.030,0.550,0.420
394500,0.030,0.592,0.378
395000,0.030,0.579,0.391
395500,0.030,0.561,0.408
396000,0.030,0.570,0.400
396500,0.030,0.494,0.476
397000,0.030,0.576,0.394
397500,0.030,0.652,0.318
398000,0.030,0.736,0.234
398500,0.030,0.699,0.271
399000,0.030,0.618,0.352
399500,0.030,0.634,0.336
400000,0.030,0.530,0.440
400500,0.030,0.554,0.415
401000,0.030,0.611,0.359
401500,0.030,0.563,0.407
402000,0.030,0.537,0.433
402500,0.030,0.561,0.409
403000,0.030,0.547,0.423
403500,0.030,0.463,0.507
404000,0.030,0.616,0.354
404500,0.030,0.554,0.415
405000,0.030,0.527,0.443
405500,0.030,0.531,0.439
406000,0.030,0.508,0.462
406500,0.030,0.607,0.363
407000,0.030,0.598,0.372
407500,0.030,0.597,0.373
408000,0.030,0.564,0.406
408500,0.030,0.548,0.421
409000,0.030,0.526,0.444
409500,0.030,0.570,0.400
410000,0.030,0.627,0.343
410500,0.030,0.576,0.394
411000,0.030,0.626,0.344
411500,0.030,0.509,0.461
412000,0.030,0.583,0.387
412500,0.030,0.583,0.387
413000,0.030,0.597,0.373
413500,0.030,0.551,0.418
414000,0.030,0.640,0.330
414500,0.030,0.702,0.268
415000,0.030,0.672,0.298
415500,0.030,0.570,0.400
416000,0.030,0.603,0.367
416500,0.030,0.520,0.450
417000,0.030,0.493,0.477
417500,0.030,0.533,0.437
418000,0.030,0.465,0.505
418500,0.030,0.530,0.440
419000,0.030,0.604,0.366
419500,0.030,0.683,0.287
420000,0.030,0.668,0.301
420500,0.030,0.607,0.363
421000,0.030,0.572,0.398
421500,0.030,0.589,0.381
422000,0.030,0.593,0.377
422500,0.030,0.421,0.549
423000,0.030,0.536,0.433
423500,0.030,0.505,0.465
424000,0.030,0.595,0.375
424500,0.030,0.594,0.376
425000,0.030,0.552,0.417
425500,0.030,0.550,0.419
426000,0.030,0.512,0.458
426500,0.030,0.676,0.294
427000,0.030,0.582,0.388
427500,0.030,0.500,0.470
428000,0.030,0.486,0.483
428500,0.030,0.560,0.409
429000,0.030,0.595,0.375
429500,0.030,0.653,0.317
430000,0.030,0.605,0.365
430500,0.030,0.535,0.435
431000,0.030,0.601,0.369
431500,0.030,0.566,0.404
432000,0.030,0.603,0.367
432500,0.030,0.572,0.398
433000,0.030,0.588,0.382
433500,0.030,0.576,0.394
434000,0.030,0.491,0.479
434500,0.030,0.439,0.531
435000,0.030,0.574,0.396
435500,0.030,0.673,0.297
436000,0.030,0.488,0.481
436500,0.030,0.475,0.494
437000,0.030,0.609,0.361
437500,0.030,0.551,0.418
438000,0.030,0.450,0.520
438500,0.030,0.506,0.464
439000,0.030,0.535,0.435
439500,0.030,0.628,0.342
440000,0.030,0.580,0.390
440500,0.030,0.587,0.383
441000,0.030,0.655,0.315
441500,0.030,0.624,0.346
442000,0.030,0.675,0.295
442500,0.030,0.672,0.298
443000,0.030,0.628,0.342
443500,0.030,0.748,0.222
444000,0.030,0.669,0.301
444500,0.030,0.651,0.319
445000,0.030,0.589,0.381
445500,0.030,0.562,0.407
446000,0.030,0.557,0.412
446500,0.030,0.573,0.397
447000,0.030,0.535,0.434
447500,0.030,0.492,0.478
448000,0.030,0.637,0.333
448500,0.030,0.585,0.385
449000,0.030,0.625,0.345
449500,0.030,0.472,0.498
450000,0.030,0.614,0.356
450500,0.030,0.531,0.439
451000,0.030,0.523,0.447
451500,0.030,0.529,0.441
452000,0.030,0.530,0.440
452500,0.030,0.486,0.483
453000,0.030,0.516,0.454
453500,0.030,0.583,0.387
454000,0.030,0.505,0.465
454500,0.030,0.550,0.420
455000,0.030,0.592,0.378
455500,0.030,0.562,0.408
456000,0.030,0.591,0.379
456500,0.030,0.451,0.519
457000,0.030,0.472,0.497
457500,0.030,0.528,0.442
458000,0.030,0.467,0.503
458500,0.030,0.587,0.383
459000,0.030,0.532,0.438
459500,0.030,0.586,0.384
460000,0.030,0.662,0.308
460500,0.030,0.616,0.354
461000,0.030,0.625,0.345
461500,0.030,0.544,0.425
462000,0.030,0.559,0.410
462500,0.030,0.655,0.315
463000,0.030,0.629,0.341
463500,0.030,0.626,0.344
464000,0.030,0.592,0.378
464500,0.030,0.532,0.438
465000,0.030,0.536,0.434
465500,0.030,0.494,0.475
466000,0.030,0.561,0.408
466500,0.030,0.538,0.432
467000,0.030,0.500,0.470
467500,0.030,0.535,0.435
468000,0.030,0.538,0.432
468500,0.030,0.599,0.371
469000,0.030,0.560,0.410
469500,0.030,0.629,0.341
470000,0.030,0.637,0.333
470500,0.030,0.572,0.398
471000,0.030,0.540,0.429
471500,0.030,0.550,0.420
472000,0.030,0.538,0.431
472500,0.030,0.536,0.434
473000,0.030,0.508,0.462
473500,0.030,0.498,0.471
474000,0.030,0.512,0.458
474500,0.030,0.524,0.446
475000,0.030,0.569,0.401
475500,0.030,0.504,0.466
476000,0.030,0.506,0.464
476500,0.030,0.624,0.346
477000,0.030,0.588,0.382
477500,0.030,0.611,0.359
478000,0.030,0.576,0.394
478500,0.030,0.621,0.349
479000,0.030,0.571,0.399
479500,0.030,0.514,0.456
480000,0.030,0.530,0.440
480500,0.030,0.642,0.328
481000,0.030,0.528,0.442
481500,0.030,0.505,0.465
482000,0.030,0.505,0.465
482500,0.030,0.617,0.353
483000,0.030,0.509,0.461
483500,0.030,0.471,0.499
484000,0.030,0.523,0.447
484500,0.030,0.475,0.494
485000,0.030,0.510,0.460
485500,0.030,0.552,0.417
486000,0.030,0.498,0.472
486500,0.030,0.530,0.440
487000,0.030,0.569,0.401
487500,0.030,0.659,0.310
488000,0.030,0.639,0.331
488500,0.030,0.662,0.307
489000,0.030,0.642,0.328
489500,0.030,0.602,0.368
490000,0.030,0.496,0.473
490500,0.030,0.498,0.471
491000,0.030,0.469,0.500
491500,0.030,0.571,0.399
492000,0.030,0.510,0.460
492500,0.030,0.568,0.402
493000,0.030,0.614,0.356
493500,0.030,0.646,0.324
494000,0.030,0.593,0.377
494500,0.030,0.531,0.439
495000,0.030,0.603,0.367
495500,0.030,0.627,0.343
496000,0.030,0.601,0.369
496500,0.030,0.522,0.448
497000,0.030,0.550,0.420
497500,0.030,0.554,0.416
498000,0.030,0.573,0.397
498500,0.030,0.642,0.328
499000,0.030,0.483,0.486
499500,0.030,0.499,0.470
500000,0.030,0.539,0.430
500500,0.030,0.597,0.373
501000,0.030,0.558,0.411
501500,0.030,0.581,0.389
502000,0.030,0.629,0.341
502500,0.030,0.582,0.388
503000,0.030,0.568,0.402
503500,0.030,0.551,0.418
504000,0.030,0.647,0.323
504500,0.030,0.497,0.473
505000,0.030,0.549,0.420
505500,0.030,0.555,0.415
506000,0.030,0.559,0.410
506500,0.030,0.579,0.391
507000,0.030,0.596,0.374
507500,0.030,0.551,0.418
508000,0.030,0.622,0.348
508500,0.030,0.605,0.365
509000,0.030,0.590,0.380
509500,0.030,0.529,0.441
510000,0.030,0.456,0.514
510500,0.030,0.520,0.450
511000,0.030,0.633,0.337
511500,0.030,0.616,0.354
512000,0.030,0.451,0.519
512500,0.030,0.647,0.323
513000,0.030,0.591,0.379
513500,0.030,0.610,0.360
514000,0.030,0.560,0.410
514500,0.030,0.470,0.499
515000,0.030,0.582,0.388
515500,0.030,0.546,0.424
516000,0.030,0.594,0.376
516500,0.030,0.624,0.346
517000,0.030,0.507,0.463
517500,0.030,0.582,0.388
518000,0.030,0.630,0.340
518500,0.030,0.514,0.456
519000,0.030,0.575,0.395
519500,0.030,0.601,0.369
520000,0.030,0.617,0.353
520500,0.030,0.588,0.382
521000,0.030,0.701,0.269
521500,0.030,0.659,0.310
522000,0.030,0.659,0.311
522500,0.030,0.624,0.346
523000,0.030,0.551,0.418
523500,0.030,0.560,0.409
524000,0.030,0.555,0.414
524500,0.030,0.535,0.435
525000,0.030,0.578,0.392
525500,0.030,0.644,0.326
526000,0.030,0.503,0.467
526500,0.030,0.589,0.381
527000,0.030,0.538,0.431
527500,0.030,0.588,0.382
528000,0.030,0.578,0.392
528500,0.030,0.613,0.357
529000,0.030,0.646,0.324
529500,0.030,0.592,0.378
530000,0.030,0.537,0.433
530500,0.030,0.640,0.330
531000,0.030,0.668,0.301
531500,0.030,0.676,0.294
532000,0.030,0.633,0.337
532500,0.030,0.586,0.384
533000,0.030,0.518,0.452
533500,0.030,0.535,0.435
534000,0.030,0.529,0.441
534500,0.030,0.532,0.438
535000,0.030,0.508,0.462
535500,0.030,0.497,0.473
536000,0.030,0.542,0.428
536500,0.030,0.477,0.493
537000,0.030,0.511,0.459
537500,0.030,0.504,0.466
538000,0.030,0.549,0.421
538500,0.030,0.543,0.426
539000,0.030,0.621,0.349
539500,0.030,0.660,0.310
540000,0.030,0.615,0.355
540500,0.030,0.661,0.309
541000,0.030,0.595,0.375
541500,0.030,0.578,0.392
542000,0.030,0.652,0.318
542500,0.030,0.646,0.324
543000,0.030,0.623,0.347
543500,0.030,0.644,0.326
544000,0.030,0.652,0.318
544500,0.030,0.665,0.304
545000,0.030,0.607,0.363
545500,0.030,0.627,0.343
546000,0.030,0.571,0.399
546500,0.030,0.631,0.339
547000,0.030,0.723,0.247
547500,0.030,0.632,0.338
548000,0.030,0.614,0.356
548500,0.030,0.564,0.406
549000,0.030,0.528,0.442
549500,0.030,0.599,0.371
550000,0.030,0.564,0.406
550500,0.030,0.607,0.363
551000,0.030,0.524,0.446
551500,0.030,0.456,0.514
552000,0.030,0.592,0.378
552500,0.030,0.564,0.406
553000,0.030,0.613,0.357
553500,0.030,0.538,0.432
554000,0.030,0.542,0.428
554500,0.030,0.545,0.424
555000,0.030,0.531,0.439
555500,0.030,0.458,0.512
556000,0.030,0.506,0.464
556500,0.030,0.495,0.474
557000,0.030,0.544,0.425
557500,0.030,0.551,0.418
558000,0.030,0.528,0.442
558500,0.030,0.582,0.388
559000,0.030,0.569,0.401
559500,0.030,0.576,0.394
560000,0.030,0.555,0.415
560500,0.030,0.572,0.398
561000,0.030,0.591,0.379
561500,0.030,0.429,0.540
562000,0.030,0.523,0.447
562500,0.030,0.572,0.398
563000,0.030,0.540,0.430
563500,0.030,0.545,0.425
564000,0.030,0.559,0.410
564500,0.030,0.512,0.458
565000,0.030,0.585,0.385
565500,0.030,0.581,0.389
566000,0.030,0.495,0.475
566500,0.030,0.549,0.420
567000,0.030,0.610,0.360
567500,0.030,0.603,0.367
568000,0.030,0.620,0.350
568500,0.030,0.589,0.381
569000,0.030,0.601,0.369
569500,0.030,0.619,0.351
570000,0.030,0.589,0.381
570500,0.030,0.629,0.341
571000,0.030,0.579,0.391
571500,0.030,0.591,0.379
572000,0.030,0.505,0.465
572500,0.030,0.489,0.481
573000,0.030,0.654,0.316
573500,0.030,0.609,0.361
574000,0.030,0.613,0.357
574500,0.030,0.605,0.365
575000,0.030,0.532,0.438
575500,0.030,0.561,0.409
576000,0.030,0.510,0.460
576500,0.030,0.536,0.433
577000,0.030,0.580,0.390
577500,0.030,0.517,0.453
578000,0.030,0.494,0.476
578500,0.030,0.523,0.447
579000,0.030,0.540,0.429
579500,0.030,0.554,0.415
580000,0.030,0.574,0.396
580500,0.030,0.563,0.407
581000,0.030,0.580,0.390
581500,0.030,0.596,0.374
582000,0.030,0.538,0.432
582500,0.030,0.558,0.412
583000,0.030,0.654,0.316
583500,0.030,0.646,0.324
584000,0.030,0.735,0.235
584500,0.030,0.683,0.286
585000,0.030,0.681,0.289
585500,0.030,0.631,0.339
586000,0.030,0.625,0.345
586500,0.030,0.547,0.422
587000,0.030,0.528,0.442
587500,0.030,0.487,0.482
588000,0.030,0.558,0.411
588500,0.030,0.567,0.403
589000,0.030,0.554,0.416
589500,0.030,0.628,0.342
590000,0.030,0.638,0.332
590500,0.030,0.673,0.297
591000,0.030,0.691,0.279
591500,0.030,0.672,0.297
592000,0.030,0.572,0.398
592500,0.030,0.556,0.413
593000,0.030,0.636,0.334
593500,0.030,0.533,0.436
594000,0.030,0.560,0.409
594500,0.030,0.439,0.531
595000,0.030,0.470,0.500
595500,0.030,0.633,0.337
596000,0.030,0.588,0.382
596500,0.030,0.657,0.313
597000,0.030,0.659,0.311
597500,0.030,0.652,0.318
598000,0.030,0.594,0.376
598500,0.030,0.560,0.409
599000,0.030,0.460,0.510
599500,0.030,0.517,0.453
600000,0.030,0.586,0.384
600500,0.030,0.708,0.262
601000,0.030,0.587,0.383
601500,0.030,0.580,0.390
602000,0.030,0.496,0.474
602500,0.030,0.492,0.477
603000,0.030,0.628,0.342
603500,0.030,0.542,0.428
604000,0.030,0.606,0.364
604500,0.030,0.580,0.390
605000,0.030,0.596,0.374
605500,0.030,0.644,0.326
606000,0.030,0.680,0.290
606500,0.030,0.669,0.300
607000,0.030,0.629,0.341
607500,0.030,0.537,0.433
608000,0.030,0.520,0.450
608500,0.030,0.518,0.452
609000,0.030,0.502,0.468
609500,0.030,0.638,0.332
610000,0.030,0.585,0.385
610500,0.030,0.556,0.413
611000,0.030,0.693,0.277
611500,0.030,0.601,0.369
612000,0.030,0.485,0.485
612500,0.030,0.568,0.402
613000,0.030,0.586,0.384
613500,0.030,0.538,0.432
614000,0.030,0.591,0.379
614500,0.030,0.547,0.423
615000,0.030,0.568,0.402
615500,0.030,0.537,0.432
616000,0.030,0.577,0.393
616500,0.030,0.552,0.417
617000,0.030,0.591,0.379
617500,0.030,0.525,0.445
618000,0.030,0.527,0.443
618500,0.030,0.552,0.418
619000,0.030,0.568,0.402
619500,0.030,0.584,0.386
620000,0.030,0.624,0.346
620500,0.030,0.580,0.390
621000,0.030,0.548,0.422
621500,0.030,0.535,0.435
622000,0.030,0.425,0.544
622500,0.030,0.532,0.438
623000,0.030,0.579,0.391
623500,0.030,0.551,0.419
624000,0.030,0.460,0.510
624500,0.030,0.493,0.477
625000,0.030,0.513,0.457
625500,0.030,0.597,0.373
626000,0.030,0.615,0.355
626500,0.030,0.568,0.402
627000,0.030,0.688,0.282
627500,0.030,0.631,0.339
628000,0.030,0.629,0.341
628500,0.030,0.570,0.400
629000,0.030,0.595,0.375
629500,0.030,0.539,0.431
630000,0.030,0.470,0.499
630500,0.030,0.606,0.364
631000,0.030,0.607,0.363
631500,0.030,0.641,0.329
632000,0.030,0.558,0.412
632500,0.030,0.611,0.359
633000,0.030,0.614,0.356
633500,0.030,0.602,0.368
634000,0.030,0.580,0.390
634500,0.030,0.562,0.408
635000,0.030,0.547,0.423
635500,0.030,0.588,0.382
636000,0.030,0.566,0.404
636500,0.030,0.600,0.370
637000,0.030,0.663,0.306
637500,0.030,0.597,0.373
638000,0.030,0.558,0.411
638500,0.030,0.513,0.457
639000,0.030,0.578,0.392
639500,0.030,0.487,0.482
640000,0.030,0.549,0.421
640500,0.030,0.601,0.369
641000,0.030,0.510,0.460
641500,0.030,0.522,0.448
642000,0.030,0.529,0.441
642500,0.030,0.506,0.464
643000,0.030,0.508,0.462
643500,0.030,0.575,0.395
644000,0.030,0.606,0.364
644500,0.030,0.517,0.453
645000,0.030,0.537,0.433
645500,0.030,0.609,0.361
646000,0.030,0.649,0.321
646500,0.030,0.648,0.322
647000,0.030,0.594,0.376
647500,0.030,0.599,0.371
648000,0.030,0.584,0.386
648500,0.030,0.559,0.410
649000,0.030,0.522,0.448
649500,0.030,0.505,0.465
650000,0.030,0.515,0.455
650500,0.030,0.493,0.477
651000,0.030,0.512,0.458
651500,0.030,0.547,0.422
652000,0.030,0.565,0.405
652500,0.030,0.474,0.496
653000,0.030,0.492,0.477
653500,0.030,0.460,0.510
654000,0.030,0.576,0.394
654500,0.030,0.422,0.548
655000,0.030,0.456,0.514
655500,0.030,0.523,0.447
656000,0.030,0.464,0.506
656500,0.030,0.574,0.396
657000,0.030,0.503,0.467
657500,0.030,0.555,0.415
658000,0.030,0.503,0.467
658500,0.030,0.540,0.429
659000,0.030,0.572,0.398
659500,0.030,0.572,0.398
660000,0.030,0.565,0.405
660500,0.030,0.665,0.305
661000,0.030,0.557,0.413
661500,0.030,0.605,0.365
662000,0.030,0.547,0.423
662500,0.030,0.526,0.444
663000,0.030,0.574,0.396
663500,0.030,0.705,0.265
664000,0.030,0.664,0.305
664500,0.030,0.647,0.323
665000,0.030,0.549,0.420
665500,0.030,0.575,0.395
666000,0.030,0.607,0.363
666500,0.030,0.629,0.341
667000,0.030,0.602,0.368
667500,0.030,0.534,0.436
668000,0.030,0.614,0.356
668500,0.030,0.628,0.342
669000,0.030,0.609,0.361
669500,0.030,0.672,0.298
670000,0.030,0.677,0.292
670500,0.030,0.599,0.371
671000,0.030,0.588,0.382
671500,0.030,0.564,0.406
672000,0.030,0.569,0.401
672500,0.030,0.556,0.414
673000,0.030,0.629,0.341
673500,0.030,0.579,0.391
674000,0.030,0.584,0.386
674500,0.030,0.621,0.349
675000,0.030,0.550,0.420
675500,0.030,0.522,0.448
676000,0.030,0.506,0.464
676500,0.030,0.569,0.401
677000,0.030,0.620,0.350
677500,0.030,0.509,0.461
678000,0.030,0.514,0.456
678500,0.030,0.520,0.450
679000,0.030,0.509,0.461
679500,0.030,0.525,0.445
680000,0.030,0.493,0.477
680500,0.030,0.624,0.346
681000,0.030,0.467,0.503
681500,0.030,0.460,0.510
682000,0.030,0.499,0.470
682500,0.030,0.591,0.379
683000,0.030,0.629,0.341
683500,0.030,0.592,0.378
684000,0.030,0.559,0.411
684500,0.030,0.490,0.479
685000,0.030,0.598,0.372
685500,0.030,0.487,0.482
686000,0.030,0.558,0.411
686500,0.030,0.591,0.379
687000,0.030,0.631,0.339
687500,0.030,0.587,0.383
688000,0.030,0.547,0.422
688500,0.030,0.578,0.392
689000,0.030,0.566,0.404
689500,0.030,0.548,0.421
690000,0.030,0.492,0.477
690500,0.030,0.551,0.419
691000,0.030,0.628,0.342
691500,0.030,0.638,0.332
692000,0.030,0.640,0.330
692500,0.030,0.614,0.356
693000,0.030,0.679,0.290
693500,0.030,0.546,0.423
694000,0.030,0.657,0.313
694500,0.030,0.465,0.505
695000,0.030,0.580,0.390
695500,0.030,0.562,0.407
696000,0.030,0.535,0.434
696500,0.030,0.562,0.408
697000,0.030,0.584,0.386
697500,0.030,0.619,0.351
698000,0.030,0.550,0.419
698500,0.030,0.673,0.297
699000,0.030,0.744,0.226
699500,0.030,0.670,0.299
700000,0.030,0.655,0.315
700500,0.030,0.614,0.356
701000,0.030,0.553,0.416
701500,0.030,0.527,0.443
702000,0.030,0.467,0.503
702500,0.030,0.538,0.431
703000,0.030,0.489,0.480
703500,0.030,0.501,0.469
704000,0.030,0.562,0.408
704500,0.030,0.645,0.325
705000,0.030,0.511,0.459
705500,0.030,0.563,0.407
706000,0.030,0.647,0.323
706500,0.030,0.626,0.344
707000,0.030,0.511,0.459
707500,0.030,0.616,0.354
708000,0.030,0.570,0.400
708500,0.030,0.498,0.472
709000,0.030,0.573,0.397
709500,0.030,0.555,0.415
710000,0.030,0.598,0.372
710500,0.030,0.625,0.345
711000,0.030,0.640,0.330
711500,0.030,0.665,0.304
712000,0.030,0.664,0.305
712500,0.030,0.643,0.327
713000,0.030,0.609,0.361
713500,0.030,0.542,0.427
714000,0.030,0.566,0.404
714500,0.030,0.567,0.403
715000,0.030,0.580,0.390
715500,0.030,0.441,0.529
716000,0.030,0.582,0.388
716500,0.030,0.601,0.369
717000,0.030,0.633,0.337
717500,0.030,0.640,0.330
718000,0.030,0.613,0.357
718500,0.030,0.556,0.414
719000,0.030,0.558,0.412
719500,0.030,0.381,0.589
720000,0.030,0.459,0.511
720500,0.030,0.573,0.397
721000,0.030,0.520,0.450
721500,0.030,0.549,0.420
722000,0.030,0.566,0.404
722500,0.030,0.553,0.416
723000,0.030,0.574,0.396
723500,0.030,0.457,0.513
724000,0.030,0.521,0.449
724500,0.030,0.574,0.396
725000,0.030,0.564,0.406
725500,0.030,0.573,0.397
726000,0.030,0.567,0.403
726500,0.030,0.541,0.429
727000,0.030,0.668,0.302
727500,0.030,0.576,0.394
728000,0.030,0.551,0.418
728500,0.030,0.631,0.339
729000,0.030,0.591,0.379
729500,0.030,0.639,0.331
730000,0.030,0.642,0.328
730500,0.030,0.489,0.481
731000,0.030,0.499,0.470
731500,0.030,0.467,0.503
732000,0.030,0.588,0.382
732500,0.030,0.605,0.365
733000,0.030,0.556,0.413
733500,0.030,0.515,0.455
734000,0.030,0.568,0.402
734500,0.030,0.535,0.435
735000,0.030,0.538,0.431
735500,0.030,0.540,0.429
736000,0.030,0.532,0.438
736500,0.030,0.494,0.475
737000,0.030,0.530,0.440
737500,0.030,0.461,0.509
738000,0.030,0.602,0.368
738500,0.030,0.612,0.358
739000,0.030,0.555,0.415
739500,0.030,0.618,0.352
740000,0.030,0.578,0.392
740500,0.030,0.583,0.387
741000,0.030,0.545,0.425
741500,0.030,0.556,0.414
742000,0.030,0.514,0.456
742500,0.030,0.513,0.457
743000,0.030,0.461,0.509
743500,0.030,0.674,0.296
744000,0.030,0.597,0.373
744500,0.030,0.440,0.530
745000,0.030,0.571,0.399
745500,0.030,0.496,0.474
746000,0.030,0.525,0.445
746500,0.030,0.491,0.478
747000,0.030,0.460,0.510
747500,0.030,0.513,0.457
748000,0.030,0.494,0.475
748500,0.030,0.538,0.432
749000,0.030,0.471,0.499
749500,0.030,0.665,0.305
750000,0.030,0.648,0.322
750500,0.030,0.520,0.450
751000,0.030,0.532,0.438
751500,0.030,0.610,0.360
752000,0.030,0.630,0.340
752500,0.030,0.624,0.346
753000,0.030,0.528,0.442
753500,0.030,0.568,0.402
754000,0.030,0.552,0.418
754500,0.030,0.566,0.404
755000,0.030,0.516,0.454
755500,0.030,0.577,0.393
756000,0.030,0.458,0.512
756500,0.030,0.547,0.423
757000,0.030,0.497,0.472
757500,0.030,0.579,0.391
758000,0.030,0.496,0.473
758500,0.030,0.589,0.381
759000,0.030,0.646,0.324
759500,0.030,0.663,0.307
760000,0.030,0.607,0.363
760500,0.030,0.535,0.434
761000,0.030,0.462,0.508
761500,0.030,0.478,0.492
762000,0.030,0.459,0.511
762500,0.030,0.517,0.453
763000,0.030,0.525,0.445
763500,0.030,0.573,0.397
764000,0.030,0.441,0.529
764500,0.030,0.499,0.471
765000,0.030,0.496,0.473
765500,0.030,0.594,0.376
766000,0.030,0.617,0.353
766500,0.030,0.572,0.398
767000,0.030,0.558,0.411
767500,0.030,0.564,0.406
768000,0.030,0.601,0.369
768500,0.030,0.602,0.368
769000,0.030,0.559,0.410
769500,0.030,0.638,0.332
770000,0.030,0.649,0.321
770500,0.030,0.553,0.416
771000,0.030,0.525,0.445
771500,0.030,0.456,0.514
772000,0.030,0.477,0.492
772500,0.030,0.559,0.410
773000,0.030,0.499,0.470
773500,0.030,0.490,0.480
774000,0.030,0.560,0.409
774500,0.030,0.629,0.341
775000,0.030,0.585,0.385
775500,0.030,0.617,0.353
776000,0.030,0.698,0.272
776500,0.030,0.579,0.391
777000,0.030,0.638,0.332
777500,0.030,0.565,0.405
778000,0.030,0.602,0.368
778500,0.030,0.446,0.524
779000,0.030,0.454,0.516
779500,0.030,0.381,0.589
780000,0.030,0.486,0.483
780500,0.030,0.402,0.569
781000,0.030,0.474,0.496
781500,0.030,0.474,0.495
782000,0.030,0.529,0.441
782500,0.030,0.416,0.554
783000,0.030,0.544,0.425
783500,0.030,0.630,0.340
784000,0.030,0.562,0.408
784500,0.030,0.544,0.426
785000,0.030,0.604,0.366
785500,0.030,0.582,0.388
786000,0.030,0.577,0.393
786500,0.030,0.535,0.435
787000,0.030,0.604,0.366
787500,0.030,0.606,0.364
788000,0.030,0.628,0.342
788500,0.030,0.642,0.328
789000,0.030,0.523,0.447
789500,0.030,0.593,0.377
790000,0.030,0.538,0.431
790500,0.030,0.603,0.367
791000,0.030,0.542,0.427
791500,0.030,0.458,0.512
792000,0.030,0.607,0.363
792500,0.030,0.591,0.379
793000,0.030,0.581,0.389
793500,0.030,0.513,0.457
794000,0.030,0.557,0.412
794500,0.030,0.620,0.350
795000,0.030,0.616,0.354
795500,0.030,0.625,0.345
796000,0.030,0.671,0.298
796500,0.030,0.753,0.217
797000,0.030,0.731,0.239
797500,0.030,0.641,0.329
798000,0.030,0.643,0.327
798500,0.030,0.579,0.391
799000,0.030,0.478,0.491
799500,0.030,0.576,0.394
800000,0.030,0.462,0.508
800500,0.030,0.510,0.460
801000,0.030,0.619,0.351
801500,0.030,0.499,0.471
802000,0.030,0.550,0.420
802500,0.030,0.555,0.415
803000,0.030,0.518,0.452
803500,0.030,0.638,0.332
804000,0.030,0.657,0.312
804500,0.030,0.668,0.301
805000,0.030,0.709,0.261
805500,0.030,0.642,0.328
806000,0.030,0.563,0.407
806500,0.030,0.472,0.498
807000,0.030,0.575,0.395
807500,0.030,0.672,0.297
808000,0.030,0.588,0.382
808500,0.030,0.595,0.375
809000,0.030,0.430,0.539
809500,0.030,0.486,0.483
810000,0.030,0.516,0.454
810500,0.030,0.507,0.463
811000,0.030,0.527,0.443
811500,0.030,0.537,0.433
812000,0.030,0.551,0.419
812500,0.030,0.562,0.408
813000,0.030,0.592,0.378
813500,0.030,0.500,0.470
814000,0.030,0.726,0.244
814500,0.030,0.657,0.313
815000,0.030,0.478,0.491
815500,0.030,0.534,0.435
816000,0.030,0.525,0.445
816500,0.030,0.587,0.383
817000,0.030,0.609,0.361
817500,0.030,0.583,0.387
818000,0.030,0.626,0.344
818500,0.030,0.546,0.424
819000,0.030,0.552,0.417
819500,0.030,0.599,0.371
820000,0.030,0.584,0.386
820500,0.030,0.532,0.438
821000,0.030,0.530,0.440
821500,0.030,0.538,0.431
822000,0.030,0.593,0.377
822500,0.030,0.601,0.369
823000,0.030,0.679,0.290
823500,0.030,0.696,0.274
824000,0.030,0.687,0.283
824500,0.030,0.611,0.359
825000,0.030,0.596,0.374
825500,0.030,0.533,0.436
826000,0.030,0.526,0.444
826500,0.030,0.520,0.450
827000,0.030,0.488,0.482
827500,0.030,0.476,0.494
828000,0.030,0.557,0.413
828500,0.030,0.497,0.473
829000,0.030,0.602,0.368
829500,0.030,0.612,0.358
830000,0.030,0.701,0.269
830500,0.030,0.623,0.347
831000,0.030,0.626,0.344
831500,0.030,0.589,0.381
832000,0.030,0.672,0.297
832500,0.030,0.631,0.339
833000,0.030,0.646,0.324
833500,0.030,0.655,0.315
834000,0.030,0.539,0.430
834500,0.030,0.644,0.326
835000,0.030,0.538,0.432
835500,0.030,0.657,0.313
836000,0.030,0.546,0.424
836500,0.030,0.481,0.488
837000,0.030,0.524,0.446
837500,0.030,0.531,0.439
838000,0.030,0.521,0.449
838500,0.030,0.579,0.391
839000,0.030,0.588,0.382
839500,0.030,0.646,0.324
840000,0.030,0.637,0.333
840500,0.030,0.558,0.412
841000,0.030,0.610,0.360
841500,0.030,0.629,0.341
842000,0.030,0.552,0.418
842500,0.030,0.498,0.471
843000,0.030,0.462,0.508
843500,0.030,0.558,0.412
844000,0.030,0.703,0.267
844500,0.030,0.705,0.265
845000,0.030,0.623,0.347
845500,0.030,0.654,0.316
846000,0.030,0.659,0.310
846500,0.030,0.534,0.435
847000,0.030,0.547,0.423
847500,0.030,0.607,0.363
848000,0.030,0.622,0.348
848500,0.030,0.633,0.337
849000,0.030,0.625,0.345
849500,0.030,0.612,0.358
850000,0.030,0.529,0.441
850500,0.030,0.521,0.449
851000,0.030,0.349,0.621
851500,0.030,0.568,0.402
852000,0.030,0.553,0.417
852500,0.030,0.682,0.287
853000,0.030,0.615,0.355
853500,0.030,0.634,0.336
854000,0.030,0.567,0.403
854500,0.030,0.566,0.404
855000,0.030,0.444,0.526
855500,0.030,0.473,0.496
856000,0.030,0.495,0.474
856500,0.030,0.590,0.380
857000,0.030,0.541,0.428
857500,0.030,0.594,0.376
858000,0.030,0.579,0.391
858500,0.030,0.604,0.366
859000,0.030,0.554,0.416
859500,0.030,0.500,0.470
860000,0.030,0.556,0.413
860500,0.030,0.476,0.494
861000,0.030,0.479,0.491
861500,0.030,0.505,0.465
862000,0.030,0.513,0.457
862500,0.030,0.639,0.331
863000,0.030,0.620,0.350
863500,0.030,0.648,0.322
864000,0.030,0.604,0.366
864500,0.030,0.572,0.398
865000,0.030,0.515,0.455
865500,0.030,0.561,0.408
866000,0.030,0.529,0.441
866500,0.030,0.587,0.383
867000,0.030,0.654,0.316
867500,0.030,0.658,0.312
868000,0.030,0.600,0.370
868500,0.030,0.617,0.353
869000,0.030,0.679,0.291
869500,0.030,0.514,0.456
870000,0.030,0.589,0.381
870500,0.030,0.567,0.403
871000,0.030,0.501,0.469
871500,0.030,0.602,0.368
872000,0.030,0.580,0.390
872500,0.030,0.688,0.282
873000,0.030,0.693,0.277
873500,0.030,0.529,0.441
874000,0.030,0.588,0.382
874500,0.030,0.583,0.387
875000,0.030,0.483,0.486
875500,0.030,0.470,0.500
876000,0.030,0.539,0.431
876500,0.030,0.494,0.476
877000,0.030,0.568,0.402
877500,0.030,0.564,0.406
878000,0.030,0.629,0.341
878500,0.030,0.615,0.355
879000,0.030,0.616,0.354
879500,0.030,0.625,0.345
880000,0.030,0.601,0.369
880500,0.030,0.646,0.324
881000,0.030,0.605,0.365
881500,0.030,0.647,0.323
882000,0.030,0.565,0.405
882500,0.030,0.500,0.470
883000,0.030,0.542,0.428
883500,0.030,0.619,0.351
884000,0.030,0.577,0.393
884500,0.030,0.632,0.338
885000,0.030,0.531,0.439
885500,0.030,0.523,0.447
886000,0.030,0.505,0.465
886500,0.030,0.509,0.461
887000,0.030,0.602,0.368
887500,0.030,0.580,0.390
888000,0.030,0.612,0.358
888500,0.030,0.566,0.404
889000,0.030,0.661,0.309
889500,0.030,0.541,0.429
890000,0.030,0.505,0.465
890500,0.030,0.460,0.510
891000,0.030,0.560,0.410
891500,0.030,0.604,0.366
892000,0.030,0.609,0.361
892500,0.030,0.579,0.391
893000,0.030,0.459,0.511
893500,0.030,0.528,0.442
894000,0.030,0.614,0.356
894500,0.030,0.537,0.433
895000,0.030,0.511,0.459
895500,0.030,0.427,0.542
896000,0.030,0.552,0.417
896500,0.030,0.589,0.381
897000,0.030,0.583,0.387
897500,0.030,0.737,0.233
898000,0.030,0.639,0.331
898500,0.030,0.547,0.422
899000,0.030,0.573,0.397
899500,0.030,0.608,0.362
900000,0.030,0.628,0.342
900500,0.030,0.654,0.316
901000,0.030,0.650,0.320
901500,0.030,0.592,0.378
902000,0.030,0.599,0.371
902500,0.030,0.420,0.549
903000,0.030,0.500,0.470
903500,0.030,0.547,0.423
904000,0.030,0.489,0.481
904500,0.030,0.562,0.408
905000,0.030,0.554,0.416
905500,0.030,0.536,0.433
906000,0.030,0.531,0.439
906500,0.030,0.532,0.438
907000,0.030,0.564,0.406
907500,0.030,0.541,0.429
908000,0.030,0.569,0.401
908500,0.030,0.558,0.412
909000,0.030,0.590,0.380
909500,0.030,0.590,0.380
910000,0.030,0.556,0.413
910500,0.030,0.526,0.444
911000,0.030,0.537,0.433
911500,0.030,0.422,0.547
912000,0.030,0.451,0.519
912500,0.030,0.483,0.486
913000,0.030,0.580,0.390
913500,0.030,0.559,0.410
914000,0.030,0.608,0.362
914500,0.030,0.628,0.342
915000,0.030,0.567,0.403
915500,0.030,0.644,0.326
916000,0.030,0.600,0.370
916500,0.030,0.604,0.366
917000,0.030,0.607,0.363
917500,0.030,0.573,0.397
918000,0.030,0.613,0.357
918500,0.030,0.616,0.354
919000,0.030,0.483,0.486
919500,0.030,0.528,0.442
920000,0.030,0.482,0.488
920500,0.030,0.665,0.304
921000,0.030,0.689,0.281
921500,0.030,0.598,0.372
922000,0.030,0.605,0.365
922500,0.030,0.527,0.443
923000,0.030,0.543,0.427
923500,0.030,0.497,0.473
924000,0.030,0.595,0.375
924500,0.030,0.535,0.434
925000,0.030,0.515,0.455
925500,0.030,0.500,0.470
926000,0.030,0.554,0.415
926500,0.030,0.509,0.461
927000,0.030,0.589,0.381
927500,0.030,0.569,0.401
928000,0.030,0.533,0.436
928500,0.030,0.623,0.347
929000,0.030,0.570,0.400
929500,0.030,0.604,0.366
930000,0.030,0.639,0.331
930500,0.030,0.513,0.457
931000,0.030,0.523,0.447
931500,0.030,0.532,0.438
932000,0.030,0.541,0.428
932500,0.030,0.513,0.457
933000,0.030,0.633,0.337
933500,0.030,0.579,0.391
934000,0.030,0.537,0.432
934500,0.030,0.601,0.369
935000,0.030,0.587,0.383
935500,0.030,0.592,0.378
936000,0.030,0.519,0.451
936500,0.030,0.599,0.371
937000,0.030,0.640,0.330
937500,0.030,0.648,0.322
938000,0.030,0.616,0.354
938500,0.030,0.627,0.343
939000,0.030,0.550,0.420
939500,0.030,0.643,0.327
940000,0.030,0.577,0.393
940500,0.030,0.581,0.389
941000,0.030,0.684,0.286
941500,0.030,0.674,0.295
942000,0.030,0.654,0.316
942500,0.030,0.667,0.303
943000,0.030,0.587,0.383
943500,0.030,0.602,0.368
944000,0.030,0.579,0.391
944500,0.030,0.548,0.421
945000,0.030,0.518,0.452
945500,0.030,0.558,0.412
946000,0.030,0.517,0.453
946500,0.030,0.535,0.434
947000,0.030,0.628,0.342
947500,0.030,0.543,0.427
948000,0.030,0.556,0.413
948500,0.030,0.560,0.410
949000,0.030,0.611,0.359
949500,0.030,0.506,0.464
950000,0.030,0.487,0.482
950500,0.030,0.488,0.481
951000,0.030,0.511,0.459
951500,0.030,0.532,0.438
952000,0.030,0.578,0.392
952500,0.030,0.543,0.427
953000,0.030,0.613,0.357
953500,0.030,0.521,0.449
954000,0.030,0.555,0.414
954500,0.030,0.685,0.284
955000,0.030,0.636,0.334
955500,0.030,0.652,0.318
956000,0.030,0.593,0.377
956500,0.030,0.520,0.450
957000,0.030,0.544,0.425
957500,0.030,0.491,0.478
958000,0.030,0.559,0.411
958500,0.030,0.614,0.356
959000,0.030,0.584,0.386
959500,0.030,0.529,0.441
960000,0.030,0.483,0.487
960500,0.030,0.562,0.407
961000,0.030,0.543,0.426
961500,0.030,0.628,0.342
962000,0.030,0.539,0.430
962500,0.030,0.475,0.494
963000,0.030,0.557,0.413
963500,0.030,0.504,0.466
964000,0.030,0.481,0.489
964500,0.030,0.466,0.504
965000,0.030,0.523,0.447
965500,0.030,0.583,0.387
966000,0.030,0.683,0.287
966500,0.030,0.633,0.337
967000,0.030,0.664,0.306
967500,0.030,0.659,0.310
968000,0.030,0.665,0.304
968500,0.030,0.665,0.304
969000,0.030,0.625,0.345
969500,0.030,0.562,0.408
970000,0.030,0.566,0.404
970500,0.030,0.592,0.378
971000,0.030,0.637,0.333
971500,0.030,0.590,0.380
972000,0.030,0.594,0.376
972500,0.030,0.505,0.465
973000,0.030,0.486,0.484
973500,0.030,0.569,0.401
974000,0.030,0.591,0.379
974500,0.030,0.584,0.386
975000,0.030,0.545,0.425
975500,0.030,0.508,0.462
976000,0.030,0.423,0.547
976500,0.030,0.519,0.451
977000,0.030,0.566,0.404
977500,0.030,0.580,0.390
978000,0.030,0.577,0.393
978500,0.030,0.532,0.438
979000,0.030,0.597,0.373
979500,0.030,0.561,0.409
980000,0.030,0.453,0.517
980500,0.030,0.587,0.383
981000,0.030,0.514,0.456
981500,0.030,0.559,0.411
982000,0.030,0.625,0.345
982500,0.030,0.550,0.419
983000,0.030,0.610,0.360
983500,0.030,0.539,0.430
984000,0.030,0.569,0.401
984500,0.030,0.581,0.389
985000,0.030,0.547,0.423
985500,0.030,0.480,0.490
986000,0.030,0.542,0.428
986500,0.030,0.489,0.480
987000,0.030,0.517,0.453
987500,0.030,0.511,0.459
988000,0.030,0.636,0.334
988500,0.030,0.656,0.314
989000,0.030,0.589,0.381
989500,0.030,0.482,0.487
990000,0.030,0.597,0.373
990500,0.030,0.682,0.288
991000,0.030,0.642,0.328
991500,0.030,0.717,0.253
992000,0.030,0.504,0.466
992500,0.030,0.516,0.454
993000,0.030,0.502,0.468
993500,0.030,0.561,0.409
994000,0.030,0.463,0.507
994500,0.030,0.510,0.460
995000,0.030,0.448,0.522
995500,0.030,0.601,0.369
996000,0.030,0.561,0.409
996500,0.030,0.484,0.485
997000,0.030,0.488,0.482
997500,0.030,0.469,0.500
998000,0.030,0.528,0.442
998500,0.030,0.538,0.432
999000,0.030,0.562,0.407
999500,0.030,0.480,0.490
1000000,0.030,0.478,0.492
