time,n_A+p,n_B,n_AB
500,0.030,0.166,0.804
1000,0.030,0.222,0.748
1500,0.030,0.153,0.817
2000,0.030,0.175,0.795
2500,0.030,0.181,0.789
3000,0.030,0.223,0.747
3500,0.030,0.168,0.802
4000,0.030,0.243,0.727
4500,0.401,0.000,0.599
5000,0.664,0.000,0.336
5500,0.845,0.000,0.155
6000,0.770,0.000,0.230
6500,0.936,0.000,0.064
7000,0.969,0.000,0.031
7500,0.967,0.000,0.033
8000,1.000,0.000,0.000
