time,n_A+p,n_B,n_AB
500,0.080,0.840,0.080
1000,0.082,0.746,0.172
1500,0.081,0.683,0.236
2000,0.082,0.646,0.272
2500,0.092,0.603,0.305
3000,0.097,0.528,0.375
3500,0.103,0.474,0.423
4000,0.118,0.430,0.452
4500,0.119,0.398,0.483
5000,0.144,0.383,0.473
5500,0.143,0.329,0.528
6000,0.165,0.265,0.570
6500,0.213,0.225,0.562
7000,0.227,0.210,0.563
7500,0.243,0.177,0.580
8000,0.254,0.188,0.558
8500,0.276,0.167,0.557
9000,0.296,0.141,0.563
9500,0.341,0.121,0.538
10000,0.367,0.116,0.517
10500,0.370,0.104,0.526
11000,0.399,0.094,0.507
11500,0.411,0.080,0.509
12000,0.459,0.064,0.477
12500,0.468,0.046,0.486
13000,0.488,0.050,0.462
13500,0.510,0.043,0.447
14000,0.495,0.048,0.457
14500,0.510,0.047,0.443
15000,0.519,0.045,0.436
15500,0.519,0.041,0.440
16000,0.543,0.046,0.411
16500,0.553,0.030,0.417
17000,0.551,0.036,0.413
17500,0.582,0.021,0.397
18000,0.608,0.019,0.373
18500,0.612,0.009,0.379
19000,0.596,0.019,0.385
19500,0.621,0.019,0.360
20000,0.636,0.013,0.351
20500,0.622,0.010,0.368
21000,0.629,0.017,0.354
21500,0.615,0.019,0.366
22000,0.605,0.023,0.372
22500,0.570,0.028,0.402
23000,0.562,0.036,0.402
23500,0.555,0.028,0.417
24000,0.544,0.022,0.434
24500,0.556,0.036,0.408
25000,0.559,0.019,0.422
25500,0.564,0.020,0.416
26000,0.561,0.020,0.419
26500,0.600,0.019,0.381
27000,0.612,0.022,0.366
27500,0.610,0.019,0.371
28000,0.597,0.016,0.387
28500,0.622,0.024,0.354
29000,0.628,0.018,0.354
29500,0.637,0.017,0.346
30000,0.645,0.011,0.344
30500,0.646,0.014,0.340
31000,0.621,0.017,0.362
31500,0.631,0.017,0.352
32000,0.663,0.008,0.329
32500,0.667,0.010,0.323
33000,0.659,0.009,0.332
33500,0.656,0.009,0.335
34000,0.656,0.008,0.336
34500,0.661,0.015,0.324
35000,0.665,0.012,0.323
35500,0.651,0.010,0.339
36000,0.668,0.011,0.321
36500,0.680,0.011,0.309
37000,0.651,0.020,0.329
37500,0.670,0.014,0.316
38000,0.669,0.009,0.322
38500,0.679,0.006,0.315
39000,0.703,0.008,0.289
39500,0.685,0.016,0.299
40000,0.672,0.010,0.318
40500,0.653,0.013,0.334
41000,0.656,0.012,0.332
41500,0.653,0.010,0.337
42000,0.644,0.026,0.330
42500,0.634,0.023,0.343
43000,0.606,0.023,0.371
43500,0.591,0.024,0.385
44000,0.607,0.016,0.377
44500,0.609,0.012,0.379
45000,0.598,0.010,0.392
45500,0.628,0.012,0.360
46000,0.633,0.013,0.354
46500,0.658,0.015,0.327
47000,0.656,0.007,0.337
47500,0.668,0.005,0.327
48000,0.659,0.008,0.333
48500,0.656,0.007,0.337
49000,0.669,0.008,0.323
49500,0.686,0.010,0.304
50000,0.689,0.006,0.305
50500,0.701,0.004,0.295
51000,0.688,0.004,0.308
51500,0.684,0.001,0.315
52000,0.693,0.005,0.302
52500,0.664,0.013,0.323
53000,0.654,0.008,0.338
53500,0.649,0.009,0.342
54000,0.646,0.003,0.351
54500,0.647,0.005,0.348
55000,0.651,0.012,0.337
55500,0.674,0.006,0.320
56000,0.676,0.003,0.321
56500,0.677,0.005,0.318
57000,0.734,0.000,0.266
57500,0.716,0.017,0.267
58000,0.698,0.009,0.293
58500,0.694,0.008,0.298
59000,0.693,0.015,0.292
59500,0.661,0.011,0.328
60000,0.667,0.017,0.316
60500,0.663,0.012,0.325
61000,0.660,0.021,0.319
61500,0.656,0.010,0.334
62000,0.636,0.018,0.346
62500,0.654,0.012,0.334
63000,0.676,0.010,0.314
63500,0.682,0.012,0.306
64000,0.683,0.017,0.300
64500,0.653,0.015,0.332
65000,0.674,0.017,0.309
65500,0.659,0.019,0.322
66000,0.622,0.016,0.362
66500,0.618,0.022,0.360
67000,0.625,0.020,0.355
67500,0.639,0.014,0.347
68000,0.607,0.014,0.379
68500,0.606,0.017,0.377
69000,0.598,0.014,0.388
69500,0.589,0.019,0.392
70000,0.587,0.021,0.392
70500,0.578,0.022,0.400
71000,0.594,0.016,0.390
71500,0.608,0.018,0.374
72000,0.577,0.013,0.410
72500,0.574,0.020,0.406
73000,0.572,0.013,0.415
73500,0.589,0.016,0.395
74000,0.605,0.019,0.376
74500,0.621,0.017,0.362
75000,0.647,0.013,0.340
75500,0.676,0.003,0.321
76000,0.686,0.012,0.302
76500,0.675,0.003,0.322
77000,0.680,0.008,0.312
77500,0.673,0.008,0.319
78000,0.703,0.009,0.288
78500,0.704,0.010,0.286
79000,0.709,0.009,0.282
79500,0.713,0.005,0.282
80000,0.720,0.002,0.278
80500,0.723,0.008,0.269
81000,0.697,0.007,0.296
81500,0.709,0.006,0.285
82000,0.733,0.005,0.262
82500,0.730,0.006,0.264
83000,0.735,0.001,0.264
83500,0.709,0.002,0.289
84000,0.703,0.007,0.290
84500,0.700,0.006,0.294
85000,0.694,0.003,0.303
85500,0.693,0.005,0.302
86000,0.667,0.004,0.329
86500,0.687,0.002,0.311
87000,0.658,0.006,0.336
87500,0.637,0.014,0.349
88000,0.661,0.004,0.335
88500,0.674,0.010,0.316
89000,0.679,0.012,0.309
89500,0.644,0.011,0.345
90000,0.641,0.007,0.352
90500,0.636,0.012,0.352
91000,0.607,0.018,0.375
91500,0.610,0.017,0.373
92000,0.593,0.021,0.386
92500,0.589,0.019,0.392
93000,0.613,0.010,0.377
93500,0.613,0.012,0.375
94000,0.586,0.014,0.400
94500,0.614,0.014,0.372
95000,0.639,0.014,0.347
95500,0.584,0.015,0.401
96000,0.610,0.023,0.367
96500,0.613,0.019,0.368
97000,0.607,0.015,0.378
97500,0.599,0.018,0.383
98000,0.584,0.019,0.397
98500,0.573,0.023,0.404
99000,0.575,0.029,0.396
99500,0.581,0.027,0.392
100000,0.596,0.021,0.383
100500,0.617,0.020,0.363
101000,0.625,0.025,0.350
101500,0.629,0.019,0.352
102000,0.629,0.011,0.360
102500,0.612,0.019,0.369
103000,0.602,0.016,0.382
103500,0.645,0.014,0.341
104000,0.639,0.018,0.343
104500,0.638,0.017,0.345
105000,0.685,0.014,0.301
105500,0.671,0.007,0.322
106000,0.674,0.006,0.320
106500,0.660,0.009,0.331
107000,0.643,0.008,0.349
107500,0.646,0.010,0.344
108000,0.657,0.009,0.334
108500,0.665,0.007,0.328
109000,0.684,0.012,0.304
109500,0.684,0.012,0.304
110000,0.701,0.015,0.284
110500,0.698,0.008,0.294
111000,0.672,0.004,0.324
111500,0.682,0.010,0.308
112000,0.697,0.009,0.294
112500,0.713,0.008,0.279
113000,0.713,0.006,0.281
113500,0.701,0.011,0.288
114000,0.704,0.006,0.290
114500,0.693,0.013,0.294
115000,0.715,0.016,0.269
115500,0.649,0.017,0.334
116000,0.634,0.021,0.345
116500,0.638,0.015,0.347
117000,0.663,0.010,0.327
117500,0.658,0.011,0.331
118000,0.653,0.005,0.342
118500,0.636,0.013,0.351
119000,0.631,0.020,0.349
119500,0.628,0.018,0.354
120000,0.622,0.021,0.357
120500,0.622,0.019,0.359
121000,0.598,0.019,0.383
121500,0.601,0.020,0.379
122000,0.610,0.020,0.370
122500,0.640,0.021,0.339
123000,0.608,0.019,0.373
123500,0.606,0.018,0.376
124000,0.624,0.019,0.357
124500,0.631,0.012,0.357
125000,0.657,0.019,0.324
125500,0.655,0.023,0.322
126000,0.653,0.015,0.332
126500,0.641,0.005,0.354
127000,0.655,0.006,0.339
127500,0.670,0.006,0.324
128000,0.675,0.009,0.316
128500,0.706,0.011,0.283
129000,0.699,0.009,0.292
129500,0.682,0.012,0.306
130000,0.690,0.015,0.295
130500,0.673,0.012,0.315
131000,0.667,0.010,0.323
131500,0.686,0.017,0.297
132000,0.719,0.011,0.270
132500,0.726,0.014,0.260
133000,0.719,0.006,0.275
133500,0.700,0.012,0.288
134000,0.688,0.010,0.302
134500,0.682,0.005,0.313
135000,0.697,0.012,0.291
135500,0.664,0.004,0.332
136000,0.666,0.001,0.333
136500,0.671,0.002,0.327
137000,0.682,0.003,0.315
137500,0.651,0.004,0.345
138000,0.672,0.007,0.321
138500,0.699,0.003,0.298
139000,0.710,0.002,0.288
139500,0.687,0.000,0.313
140000,0.689,0.006,0.305
140500,0.686,0.006,0.308
141000,0.691,0.005,0.304
141500,0.694,0.003,0.303
142000,0.692,0.003,0.305
142500,0.721,0.002,0.277
143000,0.744,0.002,0.254
143500,0.776,0.000,0.224
144000,0.752,0.003,0.245
144500,0.764,0.002,0.234
145000,0.764,0.002,0.234
145500,0.744,0.002,0.254
146000,0.749,0.003,0.248
146500,0.746,0.002,0.252
147000,0.732,0.009,0.259
147500,0.710,0.007,0.283
148000,0.723,0.001,0.276
148500,0.723,0.004,0.273
149000,0.714,0.016,0.270
149500,0.688,0.007,0.305
150000,0.712,0.012,0.276
150500,0.719,0.010,0.271
151000,0.720,0.003,0.277
151500,0.723,0.001,0.276
152000,0.711,0.005,0.284
152500,0.696,0.005,0.299
153000,0.689,0.007,0.304
153500,0.713,0.013,0.274
154000,0.725,0.010,0.265
154500,0.739,0.014,0.247
155000,0.735,0.006,0.259
155500,0.746,0.004,0.250
156000,0.734,0.010,0.256
156500,0.771,0.002,0.227
157000,0.762,0.000,0.238
157500,0.742,0.000,0.258
158000,0.711,0.004,0.285
158500,0.701,0.004,0.295
159000,0.684,0.006,0.310
159500,0.700,0.006,0.294
160000,0.684,0.006,0.310
160500,0.687,0.006,0.307
161000,0.684,0.008,0.308
161500,0.702,0.004,0.294
162000,0.735,0.008,0.257
162500,0.733,0.009,0.258
163000,0.713,0.013,0.274
163500,0.681,0.015,0.304
164000,0.677,0.007,0.316
164500,0.692,0.005,0.303
165000,0.687,0.008,0.305
165500,0.679,0.004,0.317
166000,0.667,0.004,0.329
166500,0.657,0.012,0.331
167000,0.668,0.007,0.325
167500,0.671,0.009,0.320
168000,0.659,0.009,0.332
168500,0.645,0.010,0.345
169000,0.656,0.007,0.337
169500,0.687,0.005,0.308
170000,0.708,0.004,0.288
170500,0.689,0.003,0.308
171000,0.654,0.005,0.341
171500,0.666,0.005,0.329
172000,0.664,0.007,0.329
172500,0.649,0.011,0.340
173000,0.648,0.014,0.338
173500,0.667,0.010,0.323
174000,0.665,0.008,0.327
174500,0.658,0.017,0.325
175000,0.642,0.013,0.345
175500,0.660,0.021,0.319
176000,0.662,0.012,0.326
176500,0.665,0.011,0.324
177000,0.681,0.006,0.313
177500,0.658,0.006,0.336
178000,0.646,0.012,0.342
178500,0.631,0.014,0.355
179000,0.608,0.016,0.376
179500,0.584,0.025,0.391
180000,0.569,0.024,0.407
180500,0.575,0.021,0.404
181000,0.552,0.029,0.419
181500,0.552,0.037,0.411
182000,0.556,0.024,0.420
182500,0.570,0.035,0.395
183000,0.567,0.033,0.400
183500,0.552,0.025,0.423
184000,0.576,0.023,0.401
184500,0.592,0.017,0.391
185000,0.591,0.013,0.396
185500,0.609,0.015,0.376
186000,0.589,0.010,0.401
186500,0.579,0.030,0.391
187000,0.551,0.028,0.421
187500,0.566,0.028,0.406
188000,0.560,0.034,0.406
188500,0.588,0.026,0.386
189000,0.608,0.016,0.376
189500,0.626,0.015,0.359
190000,0.651,0.008,0.341
190500,0.645,0.008,0.347
191000,0.655,0.020,0.325
191500,0.660,0.014,0.326
192000,0.691,0.010,0.299
192500,0.686,0.006,0.308
193000,0.673,0.009,0.318
193500,0.644,0.008,0.348
194000,0.643,0.010,0.347
194500,0.634,0.026,0.340
195000,0.646,0.018,0.336
195500,0.669,0.008,0.323
196000,0.641,0.013,0.346
196500,0.664,0.008,0.328
197000,0.677,0.013,0.310
197500,0.720,0.009,0.271
198000,0.731,0.009,0.260
198500,0.733,0.004,0.263
199000,0.763,0.003,0.234
199500,0.753,0.001,0.246
200000,0.762,0.004,0.234
200500,0.782,0.005,0.213
201000,0.763,0.003,0.234
201500,0.780,0.001,0.219
202000,0.752,0.004,0.244
202500,0.757,0.001,0.242
203000,0.743,0.007,0.250
203500,0.728,0.007,0.265
204000,0.734,0.005,0.261
204500,0.735,0.007,0.258
205000,0.718,0.005,0.277
205500,0.704,0.010,0.286
206000,0.687,0.011,0.302
206500,0.721,0.004,0.275
207000,0.736,0.003,0.261
207500,0.734,0.004,0.262
208000,0.725,0.002,0.273
208500,0.725,0.004,0.271
209000,0.713,0.001,0.286
209500,0.705,0.004,0.291
210000,0.703,0.009,0.288
210500,0.698,0.013,0.289
211000,0.677,0.013,0.310
211500,0.679,0.011,0.310
212000,0.670,0.011,0.319
212500,0.629,0.011,0.360
213000,0.650,0.018,0.332
213500,0.602,0.013,0.385
214000,0.612,0.020,0.368
214500,0.621,0.023,0.356
215000,0.614,0.022,0.364
215500,0.585,0.028,0.387
216000,0.587,0.019,0.394
216500,0.586,0.028,0.386
217000,0.587,0.026,0.387
217500,0.602,0.017,0.381
218000,0.603,0.013,0.384
218500,0.625,0.010,0.365
219000,0.620,0.012,0.368
219500,0.594,0.011,0.395
220000,0.611,0.018,0.371
220500,0.599,0.014,0.387
221000,0.583,0.014,0.403
221500,0.601,0.017,0.382
222000,0.610,0.014,0.376
222500,0.623,0.012,0.365
223000,0.622,0.020,0.358
223500,0.611,0.028,0.361
224000,0.609,0.019,0.372
224500,0.650,0.021,0.329
225000,0.625,0.017,0.358
225500,0.652,0.014,0.334
226000,0.670,0.013,0.317
226500,0.651,0.010,0.339
227000,0.640,0.020,0.340
227500,0.611,0.025,0.364
228000,0.620,0.024,0.356
228500,0.604,0.020,0.376
229000,0.610,0.021,0.369
229500,0.599,0.019,0.382
230000,0.585,0.019,0.396
230500,0.562,0.032,0.406
231000,0.564,0.038,0.398
231500,0.553,0.038,0.409
232000,0.581,0.032,0.387
232500,0.588,0.025,0.387
233000,0.600,0.015,0.385
233500,0.600,0.031,0.369
234000,0.571,0.028,0.401
234500,0.588,0.027,0.385
235000,0.625,0.025,0.350
235500,0.612,0.021,0.367
236000,0.594,0.019,0.387
236500,0.621,0.017,0.362
237000,0.632,0.013,0.355
237500,0.638,0.013,0.349
238000,0.641,0.008,0.351
238500,0.653,0.010,0.337
239000,0.681,0.006,0.313
239500,0.675,0.005,0.320
240000,0.697,0.009,0.294
240500,0.706,0.011,0.283
241000,0.687,0.009,0.304
241500,0.685,0.014,0.301
242000,0.697,0.008,0.295
242500,0.685,0.008,0.307
243000,0.678,0.006,0.316
243500,0.671,0.009,0.320
244000,0.691,0.009,0.300
244500,0.679,0.009,0.312
245000,0.707,0.004,0.289
245500,0.698,0.001,0.301
246000,0.695,0.004,0.301
246500,0.665,0.009,0.326
247000,0.649,0.010,0.341
247500,0.634,0.010,0.356
248000,0.627,0.013,0.360
248500,0.629,0.025,0.346
249000,0.616,0.016,0.368
249500,0.615,0.026,0.359
250000,0.634,0.031,0.335
250500,0.632,0.024,0.344
251000,0.619,0.020,0.361
251500,0.602,0.017,0.381
252000,0.603,0.014,0.383
252500,0.588,0.009,0.403
253000,0.615,0.018,0.367
253500,0.618,0.021,0.361
254000,0.631,0.019,0.350
254500,0.592,0.007,0.401
255000,0.567,0.021,0.412
255500,0.556,0.033,0.411
256000,0.582,0.032,0.386
256500,0.600,0.025,0.375
257000,0.578,0.026,0.396
257500,0.589,0.033,0.378
258000,0.568,0.021,0.411
258500,0.571,0.027,0.402
259000,0.560,0.032,0.408
259500,0.593,0.018,0.389
260000,0.592,0.027,0.381
260500,0.606,0.027,0.367
261000,0.588,0.026,0.386
261500,0.609,0.022,0.369
262000,0.602,0.018,0.380
262500,0.622,0.026,0.352
263000,0.607,0.023,0.370
263500,0.600,0.015,0.385
264000,0.595,0.015,0.390
264500,0.605,0.008,0.387
265000,0.647,0.008,0.345
265500,0.641,0.007,0.352
266000,0.633,0.010,0.357
266500,0.631,0.009,0.360
267000,0.638,0.015,0.347
267500,0.651,0.007,0.342
268000,0.661,0.010,0.329
268500,0.649,0.008,0.343
269000,0.663,0.008,0.329
269500,0.633,0.013,0.354
270000,0.634,0.018,0.348
270500,0.643,0.006,0.351
271000,0.630,0.000,0.370
271500,0.649,0.011,0.340
272000,0.654,0.019,0.327
272500,0.636,0.008,0.356
273000,0.626,0.001,0.373
273500,0.626,0.004,0.370
274000,0.629,0.006,0.365
274500,0.634,0.018,0.348
275000,0.628,0.020,0.352
275500,0.617,0.014,0.369
276000,0.619,0.014,0.367
276500,0.601,0.023,0.376
277000,0.607,0.022,0.371
277500,0.606,0.013,0.381
278000,0.625,0.011,0.364
278500,0.652,0.012,0.336
279000,0.645,0.015,0.340
279500,0.632,0.013,0.355
280000,0.654,0.009,0.337
280500,0.710,0.020,0.270
281000,0.712,0.010,0.278
281500,0.699,0.012,0.289
282000,0.704,0.005,0.291
282500,0.714,0.002,0.284
283000,0.670,0.002,0.328
283500,0.671,0.005,0.324
284000,0.681,0.011,0.308
284500,0.668,0.005,0.327
285000,0.678,0.005,0.317
285500,0.699,0.005,0.296
286000,0.719,0.003,0.278
286500,0.689,0.010,0.301
287000,0.669,0.015,0.316
287500,0.658,0.016,0.326
288000,0.647,0.015,0.338
288500,0.642,0.014,0.344
289000,0.662,0.016,0.322
289500,0.644,0.014,0.342
290000,0.636,0.021,0.343
290500,0.628,0.017,0.355
291000,0.661,0.017,0.322
291500,0.674,0.016,0.310
292000,0.649,0.006,0.345
292500,0.639,0.010,0.351
293000,0.649,0.017,0.334
293500,0.643,0.016,0.341
294000,0.644,0.015,0.341
294500,0.657,0.009,0.334
295000,0.657,0.012,0.331
295500,0.631,0.010,0.359
296000,0.643,0.008,0.349
296500,0.658,0.009,0.333
297000,0.662,0.004,0.334
297500,0.644,0.012,0.344
298000,0.657,0.023,0.320
298500,0.681,0.014,0.305
299000,0.673,0.012,0.315
299500,0.641,0.009,0.350
300000,0.655,0.016,0.329
300500,0.669,0.032,0.299
301000,0.629,0.016,0.355
301500,0.629,0.010,0.361
302000,0.660,0.011,0.329
302500,0.686,0.004,0.310
303000,0.697,0.006,0.297
303500,0.692,0.003,0.305
304000,0.692,0.013,0.295
304500,0.674,0.007,0.319
305000,0.702,0.007,0.291
305500,0.673,0.003,0.324
306000,0.681,0.009,0.310
306500,0.697,0.011,0.292
307000,0.697,0.015,0.288
307500,0.690,0.006,0.304
308000,0.712,0.008,0.280
308500,0.678,0.002,0.320
309000,0.691,0.006,0.303
309500,0.692,0.002,0.306
310000,0.690,0.008,0.302
310500,0.694,0.005,0.301
311000,0.690,0.007,0.303
311500,0.711,0.003,0.286
312000,0.740,0.008,0.252
312500,0.744,0.007,0.249
313000,0.734,0.003,0.263
313500,0.705,0.011,0.284
314000,0.701,0.005,0.294
314500,0.663,0.006,0.331
315000,0.657,0.009,0.334
315500,0.648,0.008,0.344
316000,0.651,0.006,0.343
316500,0.640,0.012,0.348
317000,0.655,0.013,0.332
317500,0.683,0.009,0.308
318000,0.685,0.003,0.312
318500,0.685,0.005,0.310
319000,0.678,0.009,0.313
319500,0.709,0.005,0.286
320000,0.714,0.008,0.278
320500,0.749,0.003,0.248
321000,0.751,0.005,0.244
321500,0.719,0.003,0.278
322000,0.714,0.002,0.284
322500,0.716,0.001,0.283
323000,0.731,0.001,0.268
323500,0.721,0.000,0.279
324000,0.713,0.002,0.285
324500,0.701,0.000,0.299
325000,0.690,0.002,0.308
325500,0.695,0.003,0.302
326000,0.666,0.002,0.332
326500,0.674,0.001,0.325
327000,0.692,0.005,0.303
327500,0.707,0.009,0.284
328000,0.746,0.006,0.248
328500,0.752,0.004,0.244
329000,0.741,0.008,0.251
329500,0.743,0.005,0.252
330000,0.725,0.004,0.271
330500,0.718,0.002,0.280
331000,0.692,0.003,0.305
331500,0.678,0.009,0.313
332000,0.672,0.004,0.324
332500,0.678,0.009,0.313
333000,0.673,0.013,0.314
333500,0.642,0.009,0.349
334000,0.671,0.004,0.325
334500,0.665,0.009,0.326
335000,0.701,0.011,0.288
335500,0.694,0.014,0.292
336000,0.667,0.016,0.317
336500,0.691,0.008,0.301
337000,0.702,0.006,0.292
337500,0.689,0.010,0.301
338000,0.698,0.005,0.297
338500,0.692,0.004,0.304
339000,0.718,0.004,0.278
339500,0.712,0.006,0.282
340000,0.705,0.008,0.287
340500,0.706,0.008,0.286
341000,0.712,0.007,0.281
341500,0.729,0.012,0.259
342000,0.713,0.004,0.283
342500,0.701,0.007,0.292
343000,0.674,0.010,0.316
343500,0.673,0.010,0.317
344000,0.680,0.010,0.310
344500,0.687,0.005,0.308
345000,0.692,0.007,0.301
345500,0.685,0.009,0.306
346000,0.674,0.012,0.314
346500,0.669,0.009,0.322
347000,0.666,0.004,0.330
347500,0.660,0.004,0.336
348000,0.649,0.005,0.346
348500,0.678,0.003,0.319
349000,0.695,0.011,0.294
349500,0.684,0.005,0.311
350000,0.695,0.008,0.297
350500,0.682,0.010,0.308
351000,0.682,0.005,0.313
351500,0.696,0.008,0.296
352000,0.666,0.012,0.322
352500,0.642,0.008,0.350
353000,0.616,0.013,0.371
353500,0.603,0.028,0.369
354000,0.553,0.032,0.415
354500,0.547,0.025,0.428
355000,0.594,0.018,0.388
355500,0.585,0.014,0.401
356000,0.621,0.008,0.371
356500,0.627,0.014,0.359
357000,0.626,0.015,0.359
357500,0.631,0.023,0.346
358000,0.661,0.012,0.327
358500,0.681,0.014,0.305
359000,0.671,0.009,0.320
359500,0.676,0.007,0.317
360000,0.686,0.014,0.300
360500,0.694,0.009,0.297
361000,0.718,0.011,0.271
361500,0.715,0.010,0.275
362000,0.708,0.004,0.288
362500,0.700,0.005,0.295
363000,0.685,0.008,0.307
363500,0.704,0.004,0.292
364000,0.727,0.005,0.268
364500,0.741,0.005,0.254
365000,0.737,0.002,0.261
365500,0.743,0.007,0.250
366000,0.720,0.004,0.276
366500,0.719,0.002,0.279
367000,0.721,0.006,0.273
367500,0.714,0.004,0.282
368000,0.718,0.003,0.279
368500,0.707,0.007,0.286
369000,0.706,0.004,0.290
369500,0.724,0.005,0.271
370000,0.714,0.006,0.280
370500,0.721,0.008,0.271
371000,0.762,0.005,0.233
371500,0.766,0.001,0.233
372000,0.726,0.004,0.270
372500,0.725,0.003,0.272
373000,0.717,0.006,0.277
373500,0.707,0.006,0.287
374000,0.708,0.004,0.288
374500,0.706,0.009,0.285
375000,0.711,0.006,0.283
375500,0.699,0.010,0.291
376000,0.703,0.011,0.286
376500,0.701,0.006,0.293
377000,0.678,0.005,0.317
377500,0.642,0.004,0.354
378000,0.639,0.012,0.349
378500,0.641,0.011,0.348
379000,0.644,0.016,0.340
379500,0.652,0.009,0.339
380000,0.633,0.005,0.362
380500,0.617,0.009,0.374
381000,0.651,0.003,0.346
381500,0.698,0.002,0.300
382000,0.678,0.001,0.321
382500,0.684,0.008,0.308
383000,0.689,0.006,0.305
383500,0.682,0.011,0.307
384000,0.687,0.009,0.304
384500,0.675,0.009,0.316
385000,0.678,0.008,0.314
385500,0.662,0.009,0.329
386000,0.646,0.011,0.343
386500,0.660,0.009,0.331
387000,0.665,0.007,0.328
387500,0.678,0.014,0.308
388000,0.684,0.008,0.308
388500,0.666,0.009,0.325
389000,0.683,0.013,0.304
389500,0.680,0.008,0.312
390000,0.678,0.006,0.316
390500,0.665,0.008,0.327
391000,0.684,0.017,0.299
391500,0.659,0.024,0.317
392000,0.675,0.006,0.319
392500,0.680,0.006,0.314
393000,0.703,0.010,0.287
393500,0.675,0.005,0.320
394000,0.669,0.011,0.320
394500,0.679,0.011,0.310
395000,0.669,0.007,0.324
395500,0.645,0.007,0.348
396000,0.646,0.013,0.341
396500,0.626,0.013,0.361
397000,0.616,0.014,0.370
397500,0.587,0.019,0.394
398000,0.612,0.016,0.372
398500,0.645,0.015,0.340
399000,0.639,0.016,0.345
399500,0.653,0.013,0.334
400000,0.640,0.006,0.354
400500,0.632,0.010,0.358
401000,0.657,0.007,0.336
401500,0.658,0.011,0.331
402000,0.664,0.009,0.327
402500,0.664,0.011,0.325
403000,0.690,0.006,0.304
403500,0.705,0.005,0.290
404000,0.714,0.005,0.281
404500,0.704,0.001,0.295
405000,0.712,0.002,0.286
405500,0.705,0.003,0.292
406000,0.726,0.005,0.269
406500,0.718,0.013,0.269
407000,0.717,0.011,0.272
407500,0.714,0.005,0.281
408000,0.703,0.002,0.295
408500,0.729,0.004,0.267
409000,0.760,0.009,0.231
409500,0.751,0.010,0.239
410000,0.707,0.006,0.287
410500,0.716,0.005,0.279
411000,0.730,0.004,0.266
411500,0.747,0.002,0.251
412000,0.736,0.001,0.263
412500,0.758,0.001,0.241
413000,0.733,0.001,0.266
413500,0.735,0.000,0.265
414000,0.726,0.005,0.269
414500,0.728,0.009,0.263
415000,0.728,0.007,0.265
415500,0.709,0.010,0.281
416000,0.718,0.011,0.271
416500,0.760,0.007,0.233
417000,0.749,0.002,0.249
417500,0.733,0.002,0.265
418000,0.754,0.000,0.246
418500,0.772,0.000,0.228
419000,0.740,0.002,0.258
419500,0.756,0.002,0.242
420000,0.739,0.003,0.258
420500,0.745,0.004,0.251
421000,0.741,0.008,0.251
421500,0.753,0.004,0.243
422000,0.751,0.005,0.244
422500,0.739,0.004,0.257
423000,0.740,0.001,0.259
423500,0.751,0.003,0.246
424000,0.726,0.006,0.268
424500,0.700,0.001,0.299
425000,0.712,0.000,0.288
425500,0.728,0.002,0.270
426000,0.745,0.000,0.255
426500,0.758,0.004,0.238
427000,0.755,0.005,0.240
427500,0.744,0.001,0.255
428000,0.759,0.001,0.240
428500,0.782,0.004,0.214
429000,0.774,0.008,0.218
429500,0.771,0.008,0.221
430000,0.723,0.006,0.271
430500,0.696,0.006,0.298
431000,0.701,0.005,0.294
431500,0.684,0.004,0.312
432000,0.717,0.001,0.282
432500,0.707,0.007,0.286
433000,0.683,0.008,0.309
433500,0.669,0.001,0.330
434000,0.691,0.000,0.309
434500,0.682,0.005,0.313
435000,0.651,0.004,0.345
435500,0.694,0.012,0.294
436000,0.710,0.006,0.284
436500,0.715,0.008,0.277
437000,0.688,0.003,0.309
437500,0.681,0.004,0.315
438000,0.647,0.007,0.346
438500,0.664,0.015,0.321
439000,0.643,0.008,0.349
439500,0.657,0.010,0.333
440000,0.706,0.010,0.284
440500,0.707,0.014,0.279
441000,0.693,0.011,0.296
441500,0.683,0.011,0.306
442000,0.708,0.011,0.281
442500,0.707,0.006,0.287
443000,0.684,0.005,0.311
443500,0.704,0.003,0.293
444000,0.702,0.002,0.296
444500,0.677,0.008,0.315
445000,0.649,0.012,0.339
445500,0.636,0.011,0.353
446000,0.629,0.010,0.361
446500,0.617,0.009,0.374
447000,0.604,0.016,0.380
447500,0.591,0.020,0.389
448000,0.573,0.017,0.410
448500,0.594,0.016,0.390
449000,0.572,0.034,0.394
449500,0.576,0.026,0.398
450000,0.571,0.018,0.411
450500,0.579,0.015,0.406
451000,0.578,0.017,0.405
451500,0.617,0.016,0.367
452000,0.621,0.014,0.365
452500,0.634,0.011,0.355
453000,0.628,0.013,0.359
453500,0.652,0.015,0.333
454000,0.639,0.012,0.349
454500,0.622,0.014,0.364
455000,0.654,0.013,0.333
455500,0.676,0.015,0.309
456000,0.661,0.012,0.327
456500,0.655,0.014,0.331
457000,0.669,0.010,0.321
457500,0.712,0.007,0.281
458000,0.731,0.010,0.259
458500,0.726,0.005,0.269
459000,0.731,0.000,0.269
459500,0.737,0.004,0.259
460000,0.719,0.002,0.279
460500,0.721,0.002,0.277
461000,0.704,0.004,0.292
461500,0.710,0.012,0.278
462000,0.716,0.009,0.275
462500,0.721,0.009,0.270
463000,0.682,0.010,0.308
463500,0.696,0.005,0.299
464000,0.699,0.004,0.297
464500,0.716,0.014,0.270
465000,0.698,0.013,0.289
465500,0.708,0.011,0.281
466000,0.706,0.010,0.284
466500,0.681,0.006,0.313
467000,0.660,0.010,0.330
467500,0.654,0.007,0.339
468000,0.661,0.019,0.320
468500,0.654,0.016,0.330
469000,0.641,0.017,0.342
469500,0.644,0.008,0.348
470000,0.654,0.004,0.342
470500,0.669,0.013,0.318
471000,0.658,0.013,0.329
471500,0.657,0.012,0.331
472000,0.654,0.006,0.340
472500,0.624,0.004,0.372
473000,0.650,0.012,0.338
473500,0.652,0.004,0.344
474000,0.670,0.003,0.327
474500,0.682,0.007,0.311
475000,0.694,0.009,0.297
475500,0.683,0.004,0.313
476000,0.664,0.006,0.330
476500,0.679,0.011,0.310
477000,0.647,0.008,0.345
477500,0.647,0.006,0.347
478000,0.636,0.006,0.358
478500,0.624,0.008,0.368
479000,0.640,0.008,0.352
479500,0.645,0.012,0.343
480000,0.645,0.008,0.347
480500,0.668,0.007,0.325
481000,0.688,0.009,0.303
481500,0.703,0.007,0.290
482000,0.704,0.002,0.294
482500,0.713,0.004,0.283
483000,0.697,0.007,0.296
483500,0.667,0.012,0.321
484000,0.673,0.010,0.317
484500,0.685,0.010,0.305
485000,0.685,0.010,0.305
485500,0.652,0.006,0.342
486000,0.635,0.010,0.355
486500,0.635,0.004,0.361
487000,0.645,0.016,0.339
487500,0.640,0.014,0.346
488000,0.646,0.014,0.340
488500,0.640,0.009,0.351
489000,0.659,0.006,0.335
489500,0.652,0.008,0.340
490000,0.671,0.012,0.317
490500,0.667,0.009,0.324
491000,0.659,0.005,0.336
491500,0.676,0.001,0.323
492000,0.677,0.007,0.316
492500,0.661,0.014,0.325
493000,0.652,0.010,0.338
493500,0.648,0.012,0.340
494000,0.660,0.020,0.320
494500,0.653,0.006,0.341
495000,0.661,0.007,0.332
495500,0.682,0.005,0.313
496000,0.719,0.008,0.273
496500,0.704,0.008,0.288
497000,0.682,0.012,0.306
497500,0.685,0.003,0.312
498000,0.689,0.005,0.306
498500,0.727,0.003,0.270
499000,0.708,0.004,0.288
499500,0.681,0.003,0.316
500000,0.698,0.007,0.295
500500,0.696,0.003,0.301
501000,0.694,0.008,0.298
501500,0.671,0.012,0.317
502000,0.659,0.004,0.337
502500,0.671,0.009,0.320
503000,0.664,0.019,0.317
503500,0.664,0.012,0.324
504000,0.612,0.012,0.376
504500,0.609,0.012,0.379
505000,0.582,0.025,0.393
505500,0.613,0.023,0.364
506000,0.613,0.014,0.373
506500,0.593,0.022,0.385
507000,0.560,0.023,0.417
507500,0.543,0.036,0.421
508000,0.547,0.039,0.414
508500,0.560,0.041,0.399
509000,0.545,0.046,0.409
509500,0.539,0.028,0.433
510000,0.533,0.030,0.437
510500,0.530,0.028,0.442
511000,0.557,0.013,0.430
511500,0.560,0.024,0.416
512000,0.592,0.029,0.379
512500,0.591,0.022,0.387
513000,0.623,0.017,0.360
513500,0.621,0.008,0.371
514000,0.622,0.010,0.368
514500,0.620,0.006,0.374
515000,0.618,0.010,0.372
515500,0.640,0.012,0.348
516000,0.605,0.015,0.380
516500,0.657,0.012,0.331
517000,0.674,0.012,0.314
517500,0.653,0.018,0.329
518000,0.648,0.009,0.343
518500,0.661,0.009,0.330
519000,0.680,0.004,0.316
519500,0.709,0.005,0.286
520000,0.688,0.013,0.299
520500,0.697,0.010,0.293
521000,0.685,0.004,0.311
521500,0.705,0.006,0.289
522000,0.725,0.007,0.268
522500,0.710,0.007,0.283
523000,0.702,0.008,0.290
523500,0.707,0.005,0.288
524000,0.750,0.004,0.246
524500,0.762,0.003,0.235
525000,0.770,0.002,0.228
525500,0.754,0.001,0.245
526000,0.739,0.000,0.261
526500,0.736,0.003,0.261
527000,0.744,0.001,0.255
527500,0.733,0.003,0.264
528000,0.717,0.002,0.281
528500,0.711,0.002,0.287
529000,0.709,0.004,0.287
529500,0.701,0.004,0.295
530000,0.704,0.003,0.293
530500,0.705,0.004,0.291
531000,0.709,0.007,0.284
531500,0.665,0.003,0.332
532000,0.650,0.008,0.342
532500,0.650,0.007,0.343
533000,0.635,0.008,0.357
533500,0.663,0.010,0.327
534000,0.672,0.006,0.322
534500,0.686,0.008,0.306
535000,0.683,0.009,0.308
535500,0.701,0.010,0.289
536000,0.686,0.010,0.304
536500,0.673,0.008,0.319
537000,0.669,0.015,0.316
537500,0.677,0.010,0.313
538000,0.656,0.009,0.335
538500,0.706,0.007,0.287
539000,0.704,0.001,0.295
539500,0.716,0.002,0.282
540000,0.713,0.003,0.284
540500,0.722,0.005,0.273
541000,0.732,0.007,0.261
541500,0.709,0.015,0.276
542000,0.697,0.009,0.294
542500,0.662,0.008,0.330
543000,0.669,0.004,0.327
543500,0.670,0.007,0.323
544000,0.674,0.008,0.318
544500,0.667,0.016,0.317
545000,0.690,0.010,0.300
545500,0.676,0.007,0.317
546000,0.681,0.008,0.311
546500,0.710,0.005,0.285
547000,0.701,0.007,0.292
547500,0.699,0.006,0.295
548000,0.717,0.010,0.273
548500,0.711,0.006,0.283
549000,0.713,0.005,0.282
549500,0.706,0.007,0.287
550000,0.721,0.004,0.275
550500,0.721,0.008,0.271
551000,0.688,0.005,0.307
551500,0.682,0.005,0.313
552000,0.700,0.007,0.293
552500,0.715,0.010,0.275
553000,0.753,0.008,0.239
553500,0.717,0.003,0.280
554000,0.718,0.007,0.275
554500,0.732,0.004,0.264
555000,0.734,0.004,0.262
555500,0.751,0.002,0.247
556000,0.717,0.001,0.282
556500,0.683,0.004,0.313
557000,0.716,0.004,0.280
557500,0.738,0.003,0.259
558000,0.755,0.001,0.244
558500,0.738,0.000,0.262
559000,0.705,0.000,0.295
559500,0.698,0.003,0.299
560000,0.679,0.003,0.318
560500,0.675,0.012,0.313
561000,0.652,0.013,0.335
561500,0.658,0.006,0.336
562000,0.678,0.008,0.314
562500,0.656,0.012,0.332
563000,0.639,0.014,0.347
563500,0.657,0.014,0.329
564000,0.635,0.021,0.344
564500,0.645,0.011,0.344
565000,0.658,0.021,0.321
565500,0.673,0.016,0.311
566000,0.642,0.010,0.348
566500,0.645,0.011,0.344
567000,0.646,0.011,0.343
567500,0.632,0.010,0.358
568000,0.644,0.006,0.350
568500,0.654,0.011,0.335
569000,0.638,0.013,0.349
569500,0.631,0.012,0.357
570000,0.633,0.020,0.347
570500,0.650,0.008,0.342
571000,0.660,0.006,0.334
571500,0.681,0.002,0.317
572000,0.665,0.004,0.331
572500,0.659,0.007,0.334
573000,0.706,0.005,0.289
573500,0.691,0.005,0.304
574000,0.684,0.006,0.310
574500,0.680,0.007,0.313
575000,0.691,0.006,0.303
575500,0.679,0.002,0.319
576000,0.659,0.002,0.339
576500,0.653,0.005,0.342
577000,0.672,0.017,0.311
577500,0.668,0.016,0.316
578000,0.671,0.009,0.320
578500,0.675,0.012,0.313
579000,0.658,0.009,0.333
579500,0.671,0.006,0.323
580000,0.651,0.010,0.339
580500,0.640,0.014,0.346
581000,0.599,0.021,0.380
581500,0.632,0.019,0.349
582000,0.625,0.017,0.358
582500,0.645,0.017,0.338
583000,0.689,0.007,0.304
583500,0.683,0.004,0.313
584000,0.714,0.006,0.280
584500,0.723,0.002,0.275
585000,0.707,0.005,0.288
585500,0.710,0.004,0.286
586000,0.718,0.005,0.277
586500,0.711,0.014,0.275
587000,0.697,0.010,0.293
587500,0.695,0.006,0.299
588000,0.665,0.006,0.329
588500,0.695,0.004,0.301
589000,0.694,0.003,0.303
589500,0.728,0.006,0.266
590000,0.760,0.002,0.238
590500,0.762,0.004,0.234
591000,0.753,0.004,0.243
591500,0.754,0.006,0.240
592000,0.740,0.002,0.258
592500,0.723,0.003,0.274
593000,0.745,0.000,0.255
593500,0.732,0.004,0.264
594000,0.735,0.001,0.264
594500,0.742,0.001,0.257
595000,0.747,0.003,0.250
595500,0.736,0.002,0.262
596000,0.737,0.001,0.262
596500,0.733,0.001,0.266
597000,0.720,0.001,0.279
597500,0.735,0.006,0.259
598000,0.727,0.011,0.262
598500,0.679,0.008,0.313
599000,0.684,0.006,0.310
599500,0.670,0.008,0.322
600000,0.685,0.026,0.289
600500,0.689,0.008,0.303
601000,0.700,0.008,0.292
601500,0.716,0.011,0.273
602000,0.698,0.006,0.296
602500,0.704,0.006,0.290
603000,0.730,0.005,0.265
603500,0.723,0.001,0.276
604000,0.723,0.001,0.276
604500,0.727,0.003,0.270
605000,0.733,0.002,0.265
605500,0.727,0.010,0.263
606000,0.710,0.006,0.284
606500,0.725,0.002,0.273
607000,0.698,0.001,0.301
607500,0.702,0.004,0.294
608000,0.693,0.001,0.306
608500,0.718,0.003,0.279
609000,0.742,0.002,0.256
609500,0.737,0.006,0.257
610000,0.733,0.006,0.261
610500,0.753,0.003,0.244
611000,0.724,0.006,0.270
611500,0.722,0.010,0.268
612000,0.715,0.005,0.280
612500,0.706,0.005,0.289
613000,0.683,0.007,0.310
613500,0.685,0.005,0.310
614000,0.676,0.004,0.320
614500,0.673,0.009,0.318
615000,0.672,0.009,0.319
615500,0.669,0.008,0.323
616000,0.694,0.015,0.291
616500,0.685,0.009,0.306
617000,0.685,0.007,0.308
617500,0.684,0.007,0.309
618000,0.675,0.005,0.320
618500,0.674,0.005,0.321
619000,0.664,0.011,0.325
619500,0.685,0.009,0.306
620000,0.684,0.006,0.310
620500,0.693,0.013,0.294
621000,0.703,0.003,0.294
621500,0.688,0.006,0.306
622000,0.711,0.004,0.285
622500,0.717,0.014,0.269
623000,0.732,0.005,0.263
623500,0.737,0.006,0.257
624000,0.758,0.005,0.237
624500,0.745,0.005,0.250
625000,0.740,0.007,0.253
625500,0.718,0.008,0.274
626000,0.742,0.005,0.253
626500,0.746,0.004,0.250
627000,0.762,0.001,0.237
627500,0.708,0.003,0.289
628000,0.702,0.008,0.290
628500,0.726,0.003,0.271
629000,0.728,0.006,0.266
629500,0.733,0.003,0.264
630000,0.723,0.005,0.272
630500,0.697,0.005,0.298
631000,0.721,0.007,0.272
631500,0.714,0.006,0.280
632000,0.742,0.002,0.256
632500,0.725,0.006,0.269
633000,0.699,0.007,0.294
633500,0.690,0.002,0.308
634000,0.741,0.003,0.256
634500,0.724,0.006,0.270
635000,0.709,0.007,0.284
635500,0.731,0.008,0.261
636000,0.739,0.004,0.257
636500,0.742,0.006,0.252
637000,0.714,0.002,0.284
637500,0.713,0.005,0.282
638000,0.676,0.004,0.320
638500,0.721,0.008,0.271
639000,0.718,0.006,0.276
639500,0.705,0.009,0.286
640000,0.687,0.006,0.307
640500,0.723,0.011,0.266
641000,0.693,0.014,0.293
641500,0.686,0.008,0.306
642000,0.675,0.002,0.323
642500,0.681,0.005,0.314
643000,0.659,0.009,0.332
643500,0.644,0.010,0.346
644000,0.648,0.013,0.339
644500,0.628,0.018,0.354
645000,0.617,0.012,0.371
645500,0.600,0.017,0.383
646000,0.607,0.015,0.378
646500,0.643,0.022,0.335
647000,0.637,0.019,0.344
647500,0.615,0.016,0.369
648000,0.642,0.021,0.337
648500,0.619,0.018,0.363
649000,0.623,0.014,0.363
649500,0.642,0.015,0.343
650000,0.619,0.011,0.370
650500,0.637,0.016,0.347
651000,0.630,0.012,0.358
651500,0.619,0.011,0.370
652000,0.663,0.016,0.321
652500,0.679,0.012,0.309
653000,0.675,0.005,0.320
653500,0.661,0.010,0.329
654000,0.670,0.007,0.323
654500,0.658,0.005,0.337
655000,0.667,0.006,0.327
655500,0.664,0.008,0.328
656000,0.653,0.018,0.329
656500,0.663,0.009,0.328
657000,0.646,0.011,0.343
657500,0.657,0.014,0.329
658000,0.634,0.010,0.356
658500,0.628,0.013,0.359
659000,0.628,0.011,0.361
659500,0.630,0.013,0.357
660000,0.618,0.010,0.372
660500,0.621,0.012,0.367
661000,0.652,0.012,0.336
661500,0.670,0.007,0.323
662000,0.679,0.013,0.308
662500,0.681,0.017,0.302
663000,0.685,0.005,0.310
663500,0.686,0.004,0.310
664000,0.691,0.009,0.300
664500,0.679,0.006,0.315
665000,0.674,0.008,0.318
665500,0.676,0.012,0.312
666000,0.666,0.012,0.322
666500,0.682,0.012,0.306
667000,0.677,0.009,0.314
667500,0.686,0.005,0.309
668000,0.671,0.006,0.323
668500,0.656,0.014,0.330
669000,0.648,0.010,0.342
669500,0.664,0.005,0.331
670000,0.676,0.011,0.313
670500,0.676,0.008,0.316
671000,0.656,0.008,0.336
671500,0.652,0.009,0.339
672000,0.680,0.006,0.314
672500,0.658,0.011,0.331
673000,0.656,0.008,0.336
673500,0.650,0.015,0.335
674000,0.676,0.012,0.312
674500,0.658,0.016,0.326
675000,0.639,0.009,0.352
675500,0.675,0.008,0.317
676000,0.657,0.004,0.339
676500,0.654,0.014,0.332
677000,0.661,0.009,0.330
677500,0.667,0.014,0.319
678000,0.647,0.014,0.339
678500,0.669,0.018,0.313
679000,0.666,0.013,0.321
679500,0.657,0.015,0.328
680000,0.655,0.010,0.335
680500,0.671,0.014,0.315
681000,0.683,0.009,0.308
681500,0.702,0.005,0.293
682000,0.708,0.004,0.288
682500,0.707,0.004,0.289
683000,0.708,0.004,0.288
683500,0.721,0.002,0.277
684000,0.731,0.006,0.263
684500,0.743,0.001,0.256
685000,0.734,0.002,0.264
685500,0.738,0.001,0.261
686000,0.719,0.000,0.281
686500,0.730,0.007,0.263
687000,0.734,0.008,0.258
687500,0.714,0.004,0.282
688000,0.711,0.002,0.287
688500,0.729,0.007,0.264
689000,0.734,0.007,0.259
689500,0.755,0.012,0.233
690000,0.739,0.015,0.246
690500,0.731,0.014,0.255
691000,0.711,0.009,0.280
691500,0.707,0.008,0.285
692000,0.688,0.009,0.303
692500,0.687,0.007,0.306
693000,0.676,0.007,0.317
693500,0.648,0.009,0.343
694000,0.668,0.009,0.323
694500,0.663,0.009,0.328
695000,0.667,0.011,0.322
695500,0.636,0.010,0.354
696000,0.631,0.008,0.361
696500,0.638,0.015,0.347
697000,0.655,0.009,0.336
697500,0.684,0.011,0.305
698000,0.672,0.006,0.322
698500,0.653,0.011,0.336
699000,0.662,0.008,0.330
699500,0.676,0.007,0.317
700000,0.698,0.004,0.298
700500,0.694,0.006,0.300
701000,0.686,0.002,0.312
701500,0.687,0.002,0.311
702000,0.670,0.007,0.323
702500,0.665,0.004,0.331
703000,0.650,0.006,0.344
703500,0.642,0.010,0.348
704000,0.682,0.015,0.303
704500,0.682,0.008,0.310
705000,0.704,0.005,0.291
705500,0.729,0.013,0.258
706000,0.721,0.015,0.264
706500,0.704,0.008,0.288
707000,0.677,0.013,0.310
707500,0.686,0.012,0.302
708000,0.685,0.006,0.309
708500,0.689,0.010,0.301
709000,0.701,0.016,0.283
709500,0.687,0.010,0.303
710000,0.703,0.005,0.292
710500,0.711,0.004,0.285
711000,0.719,0.004,0.277
711500,0.723,0.011,0.266
712000,0.699,0.012,0.289
712500,0.700,0.009,0.291
713000,0.685,0.004,0.311
713500,0.686,0.004,0.310
714000,0.677,0.005,0.318
714500,0.682,0.015,0.303
715000,0.659,0.007,0.334
715500,0.667,0.005,0.328
716000,0.670,0.003,0.327
716500,0.669,0.005,0.326
717000,0.683,0.011,0.306
717500,0.680,0.014,0.306
718000,0.670,0.011,0.319
718500,0.665,0.012,0.323
719000,0.647,0.010,0.343
719500,0.650,0.002,0.348
720000,0.641,0.012,0.347
720500,0.633,0.016,0.351
721000,0.639,0.008,0.353
721500,0.621,0.006,0.373
722000,0.632,0.012,0.356
722500,0.647,0.015,0.338
723000,0.668,0.012,0.320
723500,0.647,0.013,0.340
724000,0.647,0.014,0.339
724500,0.670,0.011,0.319
725000,0.659,0.008,0.333
725500,0.678,0.006,0.316
726000,0.683,0.004,0.313
726500,0.675,0.010,0.315
727000,0.685,0.008,0.307
727500,0.685,0.006,0.309
728000,0.709,0.003,0.288
728500,0.697,0.004,0.299
729000,0.681,0.010,0.309
729500,0.683,0.009,0.308
730000,0.660,0.018,0.322
730500,0.664,0.015,0.321
731000,0.673,0.010,0.317
731500,0.679,0.006,0.315
732000,0.701,0.006,0.293
732500,0.687,0.004,0.309
733000,0.698,0.010,0.292
733500,0.677,0.012,0.311
734000,0.679,0.010,0.311
734500,0.635,0.006,0.359
735000,0.655,0.006,0.339
735500,0.669,0.010,0.321
736000,0.694,0.008,0.298
736500,0.673,0.006,0.321
737000,0.684,0.005,0.311
737500,0.666,0.005,0.329
738000,0.669,0.004,0.327
738500,0.704,0.004,0.292
739000,0.714,0.006,0.280
739500,0.702,0.013,0.285
740000,0.708,0.006,0.286
740500,0.729,0.004,0.267
741000,0.718,0.003,0.279
741500,0.712,0.005,0.283
742000,0.696,0.009,0.295
742500,0.684,0.011,0.305
743000,0.680,0.010,0.310
743500,0.696,0.010,0.294
744000,0.691,0.013,0.296
744500,0.671,0.007,0.322
745000,0.673,0.008,0.319
745500,0.681,0.012,0.307
746000,0.658,0.007,0.335
746500,0.667,0.009,0.324
747000,0.647,0.006,0.347
747500,0.673,0.006,0.321
748000,0.657,0.003,0.340
748500,0.656,0.005,0.339
749000,0.652,0.004,0.344
749500,0.648,0.012,0.340
750000,0.682,0.011,0.307
750500,0.684,0.006,0.310
751000,0.687,0.009,0.304
751500,0.673,0.012,0.315
752000,0.686,0.011,0.303
752500,0.683,0.013,0.304
753000,0.658,0.017,0.325
753500,0.658,0.008,0.334
754000,0.672,0.009,0.319
754500,0.670,0.009,0.321
755000,0.672,0.005,0.323
755500,0.675,0.007,0.318
756000,0.675,0.009,0.316
756500,0.661,0.005,0.334
757000,0.663,0.006,0.331
757500,0.669,0.009,0.322
758000,0.660,0.005,0.335
758500,0.661,0.013,0.326
759000,0.653,0.010,0.337
759500,0.657,0.011,0.332
760000,0.645,0.011,0.344
760500,0.664,0.016,0.320
761000,0.676,0.013,0.311
761500,0.654,0.009,0.337
762000,0.682,0.008,0.310
762500,0.652,0.015,0.333
763000,0.646,0.009,0.345
763500,0.661,0.004,0.335
764000,0.673,0.011,0.316
764500,0.680,0.010,0.310
765000,0.667,0.009,0.324
765500,0.639,0.007,0.354
766000,0.645,0.008,0.347
766500,0.640,0.008,0.352
767000,0.643,0.009,0.348
767500,0.627,0.010,0.363
768000,0.641,0.016,0.343
768500,0.622,0.014,0.364
769000,0.621,0.013,0.366
769500,0.621,0.014,0.365
770000,0.579,0.015,0.406
770500,0.597,0.022,0.381
771000,0.592,0.021,0.387
771500,0.593,0.020,0.387
772000,0.592,0.023,0.385
772500,0.585,0.019,0.396
773000,0.575,0.025,0.400
773500,0.602,0.021,0.377
774000,0.577,0.031,0.392
774500,0.576,0.025,0.399
775000,0.585,0.022,0.393
775500,0.559,0.031,0.410
776000,0.613,0.018,0.369
776500,0.629,0.014,0.357
777000,0.636,0.014,0.350
777500,0.651,0.008,0.341
778000,0.643,0.015,0.342
778500,0.625,0.012,0.363
779000,0.619,0.018,0.363
779500,0.614,0.009,0.377
780000,0.616,0.023,0.361
780500,0.607,0.015,0.378
781000,0.605,0.014,0.381
781500,0.609,0.009,0.382
782000,0.616,0.013,0.371
782500,0.595,0.009,0.396
783000,0.612,0.015,0.373
783500,0.622,0.010,0.368
784000,0.628,0.020,0.352
784500,0.643,0.012,0.345
785000,0.638,0.014,0.348
785500,0.632,0.014,0.354
786000,0.645,0.013,0.342
786500,0.615,0.020,0.365
787000,0.602,0.019,0.379
787500,0.608,0.017,0.375
788000,0.623,0.019,0.358
788500,0.645,0.018,0.337
789000,0.656,0.017,0.327
789500,0.668,0.010,0.322
790000,0.649,0.012,0.339
790500,0.654,0.016,0.330
791000,0.639,0.012,0.349
791500,0.655,0.011,0.334
792000,0.647,0.016,0.337
792500,0.684,0.013,0.303
793000,0.683,0.009,0.308
793500,0.691,0.013,0.296
794000,0.693,0.007,0.300
794500,0.698,0.002,0.300
795000,0.712,0.002,0.286
795500,0.703,0.005,0.292
796000,0.692,0.010,0.298
796500,0.676,0.022,0.302
797000,0.657,0.018,0.325
797500,0.660,0.015,0.325
798000,0.641,0.013,0.346
798500,0.626,0.014,0.360
799000,0.634,0.023,0.343
799500,0.637,0.014,0.349
800000,0.662,0.014,0.324
800500,0.673,0.010,0.317
801000,0.684,0.007,0.309
801500,0.661,0.004,0.335
802000,0.680,0.008,0.312
802500,0.702,0.011,0.287
803000,0.690,0.022,0.288
803500,0.709,0.014,0.277
804000,0.716,0.007,0.277
804500,0.730,0.008,0.262
805000,0.731,0.008,0.261
805500,0.731,0.006,0.263
806000,0.733,0.005,0.262
806500,0.722,0.012,0.266
807000,0.697,0.018,0.285
807500,0.712,0.015,0.273
808000,0.717,0.007,0.276
808500,0.712,0.003,0.285
809000,0.725,0.003,0.272
809500,0.705,0.007,0.288
810000,0.712,0.009,0.279
810500,0.705,0.009,0.286
811000,0.685,0.008,0.307
811500,0.722,0.018,0.260
812000,0.714,0.006,0.280
812500,0.735,0.004,0.261
813000,0.704,0.010,0.286
813500,0.720,0.011,0.269
814000,0.724,0.014,0.262
814500,0.717,0.009,0.274
815000,0.718,0.009,0.273
815500,0.693,0.010,0.297
816000,0.666,0.011,0.323
816500,0.681,0.007,0.312
817000,0.672,0.006,0.322
817500,0.680,0.010,0.310
818000,0.686,0.009,0.305
818500,0.694,0.011,0.295
819000,0.680,0.009,0.311
819500,0.678,0.011,0.311
820000,0.688,0.006,0.306
820500,0.679,0.010,0.311
821000,0.695,0.009,0.296
821500,0.691,0.005,0.304
822000,0.701,0.006,0.293
822500,0.702,0.004,0.294
823000,0.697,0.009,0.294
823500,0.683,0.009,0.308
824000,0.703,0.004,0.293
824500,0.706,0.006,0.288
825000,0.716,0.001,0.283
825500,0.725,0.004,0.271
826000,0.749,0.001,0.250
826500,0.738,0.000,0.262
827000,0.720,0.000,0.280
827500,0.752,0.001,0.247
828000,0.766,0.005,0.229
828500,0.785,0.003,0.212
829000,0.768,0.001,0.231
829500,0.764,0.005,0.231
830000,0.760,0.003,0.237
830500,0.748,0.010,0.242
831000,0.758,0.006,0.236
831500,0.736,0.007,0.257
832000,0.727,0.004,0.269
832500,0.740,0.006,0.254
833000,0.758,0.005,0.237
833500,0.750,0.005,0.245
834000,0.730,0.007,0.263
834500,0.740,0.007,0.253
835000,0.715,0.004,0.281
835500,0.694,0.012,0.294
836000,0.684,0.014,0.302
836500,0.676,0.009,0.315
837000,0.697,0.011,0.292
837500,0.722,0.003,0.275
838000,0.744,0.005,0.251
838500,0.769,0.007,0.224
839000,0.792,0.002,0.206
839500,0.778,0.003,0.219
840000,0.776,0.001,0.223
840500,0.810,0.001,0.189
841000,0.788,0.001,0.211
841500,0.773,0.000,0.227
842000,0.762,0.004,0.234
842500,0.758,0.005,0.237
843000,0.739,0.004,0.257
843500,0.760,0.001,0.239
844000,0.741,0.004,0.255
844500,0.708,0.004,0.288
845000,0.716,0.005,0.279
845500,0.718,0.002,0.280
846000,0.730,0.003,0.267
846500,0.741,0.003,0.256
847000,0.753,0.002,0.245
847500,0.731,0.003,0.266
848000,0.764,0.003,0.233
848500,0.781,0.003,0.216
849000,0.774,0.011,0.215
849500,0.764,0.011,0.225
850000,0.762,0.004,0.234
850500,0.758,0.001,0.241
851000,0.758,0.005,0.237
851500,0.721,0.006,0.273
852000,0.707,0.004,0.289
852500,0.697,0.003,0.300
853000,0.690,0.004,0.306
853500,0.658,0.004,0.338
854000,0.693,0.005,0.302
854500,0.655,0.011,0.334
855000,0.640,0.016,0.344
855500,0.616,0.016,0.368
856000,0.613,0.012,0.375
856500,0.614,0.016,0.370
857000,0.594,0.017,0.389
857500,0.592,0.015,0.393
858000,0.636,0.010,0.354
858500,0.574,0.020,0.406
859000,0.549,0.023,0.428
859500,0.555,0.023,0.422
860000,0.574,0.031,0.395
860500,0.548,0.023,0.429
861000,0.543,0.033,0.424
861500,0.569,0.019,0.412
862000,0.548,0.021,0.431
862500,0.575,0.017,0.408
863000,0.570,0.018,0.412
863500,0.572,0.011,0.417
864000,0.577,0.014,0.409
864500,0.622,0.011,0.367
865000,0.619,0.017,0.364
865500,0.628,0.012,0.360
866000,0.674,0.011,0.315
866500,0.691,0.018,0.291
867000,0.665,0.020,0.315
867500,0.662,0.017,0.321
868000,0.659,0.020,0.321
868500,0.678,0.013,0.309
869000,0.709,0.009,0.282
869500,0.694,0.007,0.299
870000,0.657,0.015,0.328
870500,0.654,0.016,0.330
871000,0.638,0.011,0.351
871500,0.651,0.007,0.342
872000,0.692,0.016,0.292
872500,0.715,0.011,0.274
873000,0.687,0.012,0.301
873500,0.669,0.014,0.317
874000,0.629,0.018,0.353
874500,0.639,0.018,0.343
875000,0.641,0.010,0.349
875500,0.675,0.006,0.319
876000,0.633,0.008,0.359
876500,0.621,0.014,0.365
877000,0.640,0.022,0.338
877500,0.648,0.017,0.335
878000,0.640,0.016,0.344
878500,0.626,0.011,0.363
879000,0.622,0.028,0.350
879500,0.641,0.020,0.339
880000,0.627,0.011,0.362
880500,0.604,0.009,0.387
881000,0.631,0.011,0.358
881500,0.615,0.010,0.375
882000,0.633,0.006,0.361
882500,0.641,0.015,0.344
883000,0.654,0.014,0.332
883500,0.658,0.007,0.335
884000,0.635,0.010,0.355
884500,0.626,0.014,0.360
885000,0.642,0.014,0.344
885500,0.656,0.016,0.328
886000,0.674,0.012,0.314
886500,0.666,0.012,0.322
887000,0.684,0.016,0.300
887500,0.658,0.018,0.324
888000,0.672,0.018,0.310
888500,0.653,0.014,0.333
889000,0.679,0.009,0.312
889500,0.667,0.013,0.320
890000,0.653,0.012,0.335
890500,0.635,0.017,0.348
891000,0.647,0.013,0.340
891500,0.639,0.012,0.349
892000,0.664,0.018,0.318
892500,0.656,0.013,0.331
893000,0.648,0.015,0.337
893500,0.617,0.022,0.361
894000,0.608,0.020,0.372
894500,0.614,0.017,0.369
895000,0.602,0.014,0.384
895500,0.605,0.021,0.374
896000,0.612,0.015,0.373
896500,0.603,0.024,0.373
897000,0.628,0.024,0.348
897500,0.617,0.020,0.363
898000,0.639,0.012,0.349
898500,0.660,0.006,0.334
899000,0.681,0.005,0.314
899500,0.680,0.007,0.313
900000,0.677,0.008,0.315
900500,0.652,0.020,0.328
901000,0.654,0.016,0.330
901500,0.679,0.008,0.313
902000,0.673,0.009,0.318
902500,0.676,0.007,0.317
903000,0.684,0.010,0.306
903500,0.705,0.007,0.288
904000,0.707,0.006,0.287
904500,0.705,0.005,0.290
905000,0.692,0.002,0.306
905500,0.687,0.008,0.305
906000,0.689,0.006,0.305
906500,0.711,0.004,0.285
907000,0.725,0.006,0.269
907500,0.700,0.005,0.295
908000,0.722,0.003,0.275
908500,0.721,0.005,0.274
909000,0.699,0.004,0.297
909500,0.690,0.005,0.305
910000,0.698,0.004,0.298
910500,0.699,0.004,0.297
911000,0.714,0.007,0.279
911500,0.713,0.006,0.281
912000,0.694,0.008,0.298
912500,0.685,0.012,0.303
913000,0.684,0.010,0.306
913500,0.690,0.011,0.299
914000,0.688,0.009,0.303
914500,0.663,0.005,0.332
915000,0.666,0.008,0.326
915500,0.639,0.017,0.344
916000,0.649,0.016,0.335
916500,0.638,0.016,0.346
917000,0.622,0.013,0.365
917500,0.605,0.025,0.370
918000,0.609,0.016,0.375
918500,0.616,0.026,0.358
919000,0.625,0.023,0.352
919500,0.642,0.016,0.342
920000,0.662,0.023,0.315
920500,0.665,0.011,0.324
921000,0.650,0.010,0.340
921500,0.659,0.004,0.337
922000,0.671,0.006,0.323
922500,0.685,0.009,0.306
923000,0.707,0.012,0.281
923500,0.715,0.016,0.269
924000,0.694,0.014,0.292
924500,0.686,0.008,0.306
925000,0.677,0.009,0.314
925500,0.676,0.009,0.315
926000,0.656,0.009,0.335
926500,0.680,0.021,0.299
927000,0.678,0.012,0.310
927500,0.716,0.008,0.276
928000,0.717,0.006,0.277
928500,0.671,0.004,0.325
929000,0.666,0.006,0.328
929500,0.654,0.011,0.335
930000,0.663,0.011,0.326
930500,0.681,0.007,0.312
931000,0.689,0.006,0.305
931500,0.682,0.005,0.313
932000,0.698,0.011,0.291
932500,0.722,0.006,0.272
933000,0.724,0.009,0.267
933500,0.714,0.004,0.282
934000,0.723,0.002,0.275
934500,0.727,0.007,0.266
935000,0.706,0.007,0.287
935500,0.723,0.004,0.273
936000,0.734,0.008,0.258
936500,0.720,0.014,0.266
937000,0.730,0.008,0.262
937500,0.721,0.004,0.275
938000,0.703,0.005,0.292
938500,0.692,0.013,0.295
939000,0.717,0.008,0.275
939500,0.714,0.008,0.278
940000,0.718,0.003,0.279
940500,0.723,0.002,0.275
941000,0.736,0.000,0.264
941500,0.725,0.003,0.272
942000,0.720,0.000,0.280
942500,0.698,0.008,0.294
943000,0.700,0.017,0.283
943500,0.681,0.007,0.312
944000,0.680,0.015,0.305
944500,0.676,0.009,0.315
945000,0.661,0.010,0.329
945500,0.673,0.015,0.312
946000,0.668,0.012,0.320
946500,0.697,0.011,0.292
947000,0.694,0.008,0.298
947500,0.700,0.012,0.288
948000,0.719,0.014,0.267
948500,0.722,0.006,0.272
949000,0.700,0.006,0.294
949500,0.680,0.010,0.310
950000,0.691,0.009,0.300
950500,0.698,0.005,0.297
951000,0.715,0.003,0.282
951500,0.697,0.001,0.302
952000,0.684,0.007,0.309
952500,0.676,0.016,0.308
953000,0.656,0.006,0.338
953500,0.648,0.011,0.341
954000,0.670,0.008,0.322
954500,0.689,0.007,0.304
955000,0.677,0.006,0.317
955500,0.714,0.004,0.282
956000,0.678,0.005,0.317
956500,0.661,0.006,0.333
957000,0.629,0.016,0.355
957500,0.625,0.009,0.366
958000,0.633,0.009,0.358
958500,0.652,0.004,0.344
959000,0.667,0.011,0.322
959500,0.638,0.007,0.355
960000,0.662,0.012,0.326
960500,0.661,0.005,0.334
961000,0.679,0.016,0.305
961500,0.701,0.006,0.293
962000,0.674,0.004,0.322
962500,0.701,0.004,0.295
963000,0.703,0.005,0.292
963500,0.718,0.009,0.273
964000,0.719,0.002,0.279
964500,0.688,0.004,0.308
965000,0.690,0.005,0.305
965500,0.684,0.006,0.310
966000,0.684,0.011,0.305
966500,0.671,0.007,0.322
967000,0.661,0.009,0.330
967500,0.668,0.004,0.328
968000,0.681,0.007,0.312
968500,0.665,0.014,0.321
969000,0.640,0.013,0.347
969500,0.656,0.009,0.335
970000,0.650,0.011,0.339
970500,0.633,0.012,0.355
971000,0.623,0.010,0.367
971500,0.651,0.012,0.337
972000,0.654,0.012,0.334
972500,0.645,0.012,0.343
973000,0.653,0.009,0.338
973500,0.648,0.007,0.345
974000,0.661,0.018,0.321
974500,0.654,0.014,0.332
975000,0.631,0.014,0.355
975500,0.617,0.016,0.367
976000,0.605,0.016,0.379
976500,0.612,0.007,0.381
977000,0.638,0.004,0.358
977500,0.623,0.015,0.362
978000,0.626,0.020,0.354
978500,0.603,0.015,0.382
979000,0.624,0.010,0.366
979500,0.611,0.017,0.372
980000,0.593,0.021,0.386
980500,0.590,0.022,0.388
981000,0.586,0.021,0.393
981500,0.579,0.020,0.401
982000,0.541,0.032,0.427
982500,0.557,0.029,0.414
983000,0.573,0.031,0.396
983500,0.564,0.022,0.414
984000,0.545,0.026,0.429
984500,0.556,0.030,0.414
985000,0.586,0.021,0.393
985500,0.606,0.017,0.377
986000,0.642,0.018,0.340
986500,0.632,0.010,0.358
987000,0.654,0.010,0.336
987500,0.667,0.016,0.317
988000,0.654,0.007,0.339
988500,0.643,0.011,0.346
989000,0.643,0.008,0.349
989500,0.667,0.006,0.327
990000,0.658,0.008,0.334
990500,0.657,0.007,0.336
991000,0.646,0.005,0.349
991500,0.673,0.010,0.317
992000,0.664,0.011,0.325
992500,0.665,0.011,0.324
993000,0.656,0.006,0.338
993500,0.662,0.011,0.327
994000,0.648,0.007,0.345
994500,0.646,0.006,0.348
995000,0.667,0.006,0.327
995500,0.691,0.005,0.304
996000,0.696,0.011,0.293
996500,0.691,0.007,0.302
997000,0.699,0.008,0.293
997500,0.664,0.007,0.329
998000,0.681,0.015,0.304
998500,0.721,0.009,0.270
999000,0.739,0.004,0.257
999500,0.750,0.004,0.246
1000000,0.716,0.005,0.279
