time,n_A+p,n_B,n_AB
500,0.050,0.916,0.034
1000,0.050,0.880,0.070
1500,0.050,0.825,0.125
2000,0.050,0.780,0.169
2500,0.050,0.737,0.213
3000,0.050,0.703,0.247
3500,0.052,0.676,0.271
4000,0.057,0.625,0.318
4500,0.055,0.573,0.372
5000,0.059,0.539,0.402
5500,0.056,0.500,0.444
6000,0.058,0.449,0.493
6500,0.062,0.424,0.513
7000,0.067,0.389,0.544
7500,0.070,0.355,0.575
8000,0.086,0.314,0.601
8500,0.098,0.291,0.611
9000,0.118,0.256,0.626
9500,0.127,0.234,0.639
10000,0.130,0.218,0.651
10500,0.147,0.205,0.647
11000,0.148,0.186,0.665
11500,0.168,0.183,0.649
12000,0.152,0.181,0.666
12500,0.157,0.164,0.679
13000,0.162,0.151,0.687
13500,0.184,0.153,0.662
14000,0.185,0.139,0.675
14500,0.216,0.132,0.652
15000,0.200,0.128,0.672
15500,0.212,0.124,0.663
16000,0.218,0.119,0.662
16500,0.241,0.099,0.660
17000,0.269,0.087,0.645
17500,0.269,0.076,0.655
18000,0.271,0.069,0.660
18500,0.273,0.061,0.667
19000,0.290,0.059,0.651
19500,0.301,0.062,0.636
20000,0.310,0.064,0.626
20500,0.310,0.051,0.638
21000,0.333,0.050,0.618
21500,0.343,0.053,0.604
22000,0.345,0.060,0.595
22500,0.350,0.059,0.590
23000,0.355,0.057,0.588
23500,0.350,0.049,0.601
24000,0.355,0.051,0.594
24500,0.361,0.044,0.595
25000,0.353,0.050,0.598
25500,0.346,0.046,0.608
26000,0.347,0.035,0.619
26500,0.366,0.035,0.600
27000,0.333,0.029,0.638
27500,0.333,0.034,0.633
28000,0.335,0.029,0.637
28500,0.349,0.030,0.621
29000,0.357,0.037,0.606
29500,0.359,0.042,0.599
30000,0.353,0.046,0.601
30500,0.344,0.048,0.609
31000,0.349,0.051,0.600
31500,0.357,0.045,0.598
32000,0.357,0.039,0.604
32500,0.356,0.033,0.611
33000,0.357,0.036,0.606
33500,0.383,0.029,0.588
34000,0.374,0.040,0.586
34500,0.365,0.035,0.599
35000,0.387,0.039,0.574
35500,0.384,0.037,0.579
36000,0.380,0.035,0.585
36500,0.401,0.030,0.569
37000,0.406,0.025,0.569
37500,0.432,0.019,0.548
38000,0.425,0.015,0.559
38500,0.401,0.022,0.577
39000,0.412,0.028,0.560
39500,0.403,0.028,0.570
40000,0.404,0.030,0.566
40500,0.398,0.026,0.576
41000,0.397,0.028,0.575
41500,0.422,0.025,0.552
42000,0.443,0.021,0.537
42500,0.442,0.018,0.540
43000,0.444,0.017,0.539
43500,0.440,0.017,0.543
44000,0.446,0.016,0.538
44500,0.429,0.015,0.556
45000,0.442,0.015,0.543
45500,0.422,0.022,0.555
46000,0.411,0.021,0.568
46500,0.417,0.021,0.562
47000,0.387,0.024,0.590
47500,0.391,0.021,0.589
48000,0.391,0.028,0.582
48500,0.391,0.023,0.586
49000,0.393,0.025,0.583
49500,0.390,0.035,0.575
50000,0.399,0.036,0.565
50500,0.408,0.025,0.567
51000,0.401,0.033,0.566
51500,0.404,0.031,0.566
52000,0.398,0.034,0.569
52500,0.397,0.024,0.579
53000,0.387,0.028,0.586
53500,0.376,0.033,0.592
54000,0.373,0.029,0.598
54500,0.386,0.039,0.575
55000,0.403,0.029,0.569
55500,0.387,0.033,0.581
56000,0.404,0.032,0.565
56500,0.380,0.043,0.577
57000,0.370,0.042,0.588
57500,0.356,0.040,0.605
58000,0.361,0.041,0.598
58500,0.376,0.043,0.581
59000,0.369,0.047,0.584
59500,0.353,0.045,0.601
60000,0.380,0.041,0.580
60500,0.376,0.036,0.588
61000,0.361,0.049,0.590
61500,0.346,0.051,0.603
62000,0.366,0.048,0.585
62500,0.360,0.041,0.598
63000,0.368,0.049,0.582
63500,0.357,0.050,0.593
64000,0.365,0.043,0.592
64500,0.378,0.035,0.588
65000,0.396,0.040,0.565
65500,0.398,0.034,0.569
66000,0.402,0.034,0.565
66500,0.399,0.037,0.564
67000,0.394,0.032,0.575
67500,0.381,0.035,0.584
68000,0.391,0.033,0.576
68500,0.399,0.033,0.568
69000,0.396,0.045,0.559
69500,0.395,0.035,0.570
70000,0.382,0.034,0.585
70500,0.365,0.036,0.598
71000,0.354,0.030,0.615
71500,0.352,0.033,0.616
72000,0.355,0.036,0.609
72500,0.362,0.042,0.595
73000,0.365,0.050,0.586
73500,0.363,0.040,0.597
74000,0.351,0.035,0.613
74500,0.352,0.036,0.612
75000,0.341,0.040,0.619
75500,0.373,0.041,0.586
76000,0.392,0.036,0.572
76500,0.390,0.043,0.567
77000,0.379,0.046,0.575
77500,0.391,0.042,0.568
78000,0.378,0.040,0.582
78500,0.373,0.039,0.588
79000,0.364,0.038,0.598
79500,0.347,0.038,0.615
80000,0.359,0.042,0.599
80500,0.350,0.050,0.599
81000,0.347,0.045,0.607
81500,0.340,0.048,0.612
82000,0.342,0.045,0.613
82500,0.351,0.042,0.608
83000,0.331,0.035,0.635
83500,0.347,0.043,0.610
84000,0.363,0.044,0.593
84500,0.383,0.036,0.581
85000,0.399,0.034,0.567
85500,0.404,0.030,0.566
86000,0.398,0.025,0.578
86500,0.390,0.026,0.584
87000,0.404,0.029,0.568
87500,0.416,0.022,0.562
88000,0.422,0.019,0.558
88500,0.417,0.018,0.565
89000,0.412,0.017,0.571
89500,0.405,0.018,0.577
90000,0.403,0.027,0.570
90500,0.387,0.026,0.587
91000,0.372,0.028,0.599
91500,0.390,0.030,0.580
92000,0.403,0.030,0.567
92500,0.403,0.028,0.569
93000,0.408,0.021,0.571
93500,0.417,0.024,0.559
94000,0.400,0.026,0.574
94500,0.390,0.029,0.582
95000,0.395,0.025,0.580
95500,0.398,0.028,0.575
96000,0.416,0.028,0.555
96500,0.421,0.035,0.544
97000,0.414,0.024,0.561
97500,0.419,0.026,0.554
98000,0.420,0.028,0.553
98500,0.412,0.027,0.560
99000,0.413,0.023,0.564
99500,0.415,0.027,0.557
100000,0.406,0.021,0.573
100500,0.416,0.025,0.559
101000,0.409,0.025,0.565
101500,0.423,0.031,0.546
102000,0.398,0.030,0.572
102500,0.409,0.034,0.557
103000,0.387,0.035,0.578
103500,0.389,0.032,0.580
104000,0.387,0.034,0.579
104500,0.391,0.036,0.573
105000,0.383,0.036,0.581
105500,0.381,0.035,0.584
106000,0.363,0.032,0.605
106500,0.351,0.036,0.612
107000,0.356,0.044,0.599
107500,0.328,0.048,0.625
108000,0.344,0.052,0.604
108500,0.349,0.048,0.604
109000,0.360,0.043,0.598
109500,0.349,0.043,0.608
110000,0.345,0.045,0.610
110500,0.321,0.038,0.641
111000,0.328,0.045,0.627
111500,0.356,0.041,0.604
112000,0.342,0.042,0.617
112500,0.356,0.037,0.607
113000,0.368,0.043,0.589
113500,0.375,0.042,0.583
114000,0.372,0.035,0.592
114500,0.375,0.045,0.580
115000,0.382,0.038,0.580
115500,0.368,0.036,0.595
116000,0.372,0.036,0.592
116500,0.387,0.025,0.588
117000,0.388,0.029,0.583
117500,0.397,0.032,0.572
118000,0.406,0.026,0.568
118500,0.418,0.026,0.556
119000,0.410,0.034,0.555
119500,0.401,0.035,0.565
120000,0.403,0.032,0.566
120500,0.412,0.026,0.561
121000,0.399,0.033,0.568
121500,0.405,0.034,0.561
122000,0.390,0.031,0.579
122500,0.382,0.032,0.587
123000,0.371,0.030,0.599
123500,0.384,0.035,0.582
124000,0.385,0.029,0.587
124500,0.378,0.036,0.587
125000,0.363,0.037,0.600
125500,0.359,0.046,0.595
126000,0.363,0.045,0.592
126500,0.368,0.035,0.596
127000,0.359,0.039,0.602
127500,0.371,0.038,0.590
128000,0.373,0.033,0.594
128500,0.368,0.036,0.596
129000,0.382,0.042,0.577
129500,0.395,0.034,0.572
130000,0.403,0.032,0.566
130500,0.409,0.028,0.563
131000,0.429,0.027,0.543
131500,0.451,0.021,0.527
132000,0.444,0.018,0.538
132500,0.427,0.018,0.555
133000,0.426,0.018,0.556
133500,0.422,0.025,0.552
134000,0.421,0.021,0.557
134500,0.409,0.025,0.566
135000,0.381,0.030,0.589
135500,0.401,0.031,0.568
136000,0.368,0.040,0.591
136500,0.351,0.041,0.608
137000,0.361,0.041,0.598
137500,0.373,0.040,0.587
138000,0.374,0.040,0.585
138500,0.391,0.033,0.576
139000,0.394,0.038,0.569
139500,0.385,0.025,0.590
140000,0.381,0.025,0.595
140500,0.382,0.025,0.594
141000,0.383,0.026,0.591
141500,0.382,0.036,0.583
142000,0.383,0.034,0.583
142500,0.362,0.041,0.597
143000,0.366,0.029,0.606
143500,0.363,0.037,0.599
144000,0.359,0.035,0.605
144500,0.348,0.035,0.616
145000,0.345,0.038,0.617
145500,0.337,0.043,0.620
146000,0.349,0.045,0.606
146500,0.353,0.046,0.601
147000,0.373,0.033,0.594
147500,0.386,0.035,0.580
148000,0.380,0.033,0.588
148500,0.386,0.034,0.580
149000,0.388,0.026,0.587
149500,0.376,0.026,0.599
150000,0.359,0.036,0.605
150500,0.366,0.040,0.595
151000,0.364,0.041,0.595
151500,0.370,0.035,0.595
152000,0.394,0.040,0.567
152500,0.403,0.034,0.563
153000,0.385,0.029,0.586
153500,0.403,0.030,0.567
154000,0.403,0.031,0.566
154500,0.406,0.034,0.560
155000,0.401,0.035,0.564
155500,0.406,0.025,0.569
156000,0.409,0.029,0.562
156500,0.399,0.037,0.564
157000,0.393,0.029,0.578
157500,0.359,0.038,0.603
158000,0.357,0.032,0.611
158500,0.363,0.033,0.604
159000,0.366,0.041,0.593
159500,0.361,0.046,0.592
160000,0.337,0.045,0.618
160500,0.344,0.045,0.611
161000,0.351,0.040,0.609
161500,0.378,0.035,0.588
162000,0.374,0.030,0.596
162500,0.366,0.034,0.599
163000,0.352,0.033,0.615
163500,0.367,0.030,0.603
164000,0.371,0.042,0.587
164500,0.356,0.035,0.609
165000,0.372,0.042,0.586
165500,0.383,0.035,0.583
166000,0.368,0.024,0.608
166500,0.365,0.025,0.610
167000,0.369,0.025,0.606
167500,0.420,0.025,0.555
168000,0.419,0.029,0.551
168500,0.427,0.024,0.549
169000,0.427,0.025,0.547
169500,0.424,0.019,0.556
170000,0.433,0.017,0.549
170500,0.426,0.019,0.554
171000,0.426,0.024,0.550
171500,0.434,0.020,0.545
172000,0.424,0.018,0.557
172500,0.419,0.015,0.565
173000,0.428,0.019,0.552
173500,0.427,0.023,0.549
174000,0.427,0.021,0.551
174500,0.420,0.022,0.557
175000,0.415,0.021,0.564
175500,0.414,0.024,0.561
176000,0.405,0.019,0.576
176500,0.414,0.018,0.568
177000,0.423,0.022,0.554
177500,0.420,0.023,0.556
178000,0.416,0.029,0.555
178500,0.449,0.024,0.527
179000,0.423,0.028,0.549
179500,0.444,0.028,0.528
180000,0.428,0.029,0.544
180500,0.436,0.026,0.538
181000,0.435,0.031,0.533
181500,0.413,0.030,0.556
182000,0.405,0.028,0.568
182500,0.401,0.032,0.567
183000,0.390,0.029,0.581
183500,0.383,0.026,0.591
184000,0.383,0.026,0.591
184500,0.385,0.024,0.591
185000,0.377,0.024,0.599
185500,0.390,0.035,0.576
186000,0.400,0.034,0.566
186500,0.391,0.035,0.574
187000,0.405,0.032,0.564
187500,0.424,0.028,0.548
188000,0.429,0.028,0.543
188500,0.429,0.028,0.543
189000,0.438,0.030,0.532
189500,0.430,0.031,0.539
190000,0.411,0.039,0.550
190500,0.400,0.025,0.575
191000,0.398,0.023,0.580
191500,0.395,0.018,0.588
192000,0.406,0.017,0.578
192500,0.422,0.022,0.556
193000,0.426,0.023,0.551
193500,0.420,0.022,0.557
194000,0.410,0.023,0.567
194500,0.405,0.046,0.548
195000,0.421,0.031,0.548
195500,0.439,0.028,0.534
196000,0.436,0.025,0.539
196500,0.439,0.019,0.542
197000,0.442,0.013,0.545
197500,0.452,0.015,0.534
198000,0.442,0.024,0.534
198500,0.431,0.025,0.543
199000,0.397,0.025,0.578
199500,0.413,0.018,0.569
200000,0.416,0.019,0.565
200500,0.413,0.026,0.560
201000,0.391,0.029,0.580
201500,0.388,0.035,0.577
202000,0.403,0.033,0.564
202500,0.408,0.033,0.559
203000,0.404,0.035,0.561
203500,0.409,0.026,0.565
204000,0.403,0.024,0.573
204500,0.408,0.028,0.564
205000,0.424,0.028,0.548
205500,0.429,0.025,0.545
206000,0.416,0.029,0.555
206500,0.423,0.029,0.548
207000,0.418,0.029,0.554
207500,0.426,0.025,0.549
208000,0.432,0.025,0.543
208500,0.421,0.024,0.555
209000,0.422,0.025,0.552
209500,0.414,0.025,0.560
210000,0.401,0.029,0.570
210500,0.408,0.026,0.566
211000,0.395,0.031,0.574
211500,0.399,0.028,0.574
212000,0.402,0.023,0.575
212500,0.421,0.015,0.564
213000,0.428,0.009,0.563
213500,0.435,0.013,0.552
214000,0.435,0.009,0.556
214500,0.444,0.015,0.541
215000,0.448,0.013,0.539
215500,0.445,0.018,0.537
216000,0.446,0.018,0.536
216500,0.415,0.028,0.557
217000,0.406,0.024,0.570
217500,0.408,0.016,0.576
218000,0.425,0.025,0.549
218500,0.410,0.027,0.562
219000,0.419,0.022,0.559
219500,0.430,0.023,0.546
220000,0.446,0.015,0.539
220500,0.418,0.019,0.563
221000,0.398,0.021,0.582
221500,0.393,0.029,0.578
222000,0.377,0.037,0.586
222500,0.385,0.038,0.577
223000,0.406,0.044,0.550
223500,0.412,0.042,0.546
224000,0.400,0.033,0.568
224500,0.401,0.034,0.566
225000,0.398,0.033,0.570
225500,0.397,0.028,0.576
226000,0.387,0.026,0.587
226500,0.401,0.028,0.571
227000,0.396,0.030,0.574
227500,0.402,0.033,0.565
228000,0.413,0.026,0.561
228500,0.426,0.031,0.543
229000,0.401,0.034,0.566
229500,0.385,0.040,0.576
230000,0.358,0.044,0.598
230500,0.355,0.036,0.609
231000,0.371,0.038,0.591
231500,0.378,0.038,0.585
232000,0.373,0.035,0.592
232500,0.365,0.034,0.601
233000,0.379,0.038,0.583
233500,0.349,0.041,0.610
234000,0.357,0.046,0.597
234500,0.363,0.046,0.591
235000,0.370,0.037,0.592
235500,0.352,0.044,0.604
236000,0.341,0.038,0.621
236500,0.368,0.032,0.600
237000,0.365,0.035,0.599
237500,0.361,0.033,0.606
238000,0.351,0.048,0.602
238500,0.367,0.046,0.587
239000,0.360,0.037,0.602
239500,0.361,0.036,0.603
240000,0.345,0.029,0.626
240500,0.352,0.030,0.618
241000,0.335,0.040,0.626
241500,0.351,0.041,0.609
242000,0.360,0.044,0.595
242500,0.360,0.044,0.596
243000,0.369,0.034,0.597
243500,0.351,0.026,0.623
244000,0.358,0.028,0.615
244500,0.361,0.029,0.611
245000,0.338,0.032,0.630
245500,0.357,0.025,0.619
246000,0.368,0.028,0.603
246500,0.372,0.032,0.596
247000,0.369,0.040,0.592
247500,0.380,0.033,0.588
248000,0.368,0.027,0.604
248500,0.387,0.029,0.585
249000,0.387,0.035,0.579
249500,0.360,0.037,0.602
250000,0.357,0.045,0.598
250500,0.363,0.039,0.598
251000,0.383,0.038,0.579
251500,0.359,0.035,0.606
252000,0.373,0.037,0.590
252500,0.362,0.035,0.602
253000,0.376,0.028,0.597
253500,0.402,0.032,0.567
254000,0.399,0.030,0.571
254500,0.415,0.025,0.559
255000,0.402,0.033,0.566
255500,0.409,0.033,0.558
256000,0.419,0.032,0.549
256500,0.413,0.031,0.555
257000,0.390,0.026,0.584
257500,0.398,0.029,0.574
258000,0.390,0.025,0.586
258500,0.382,0.022,0.597
259000,0.409,0.024,0.568
259500,0.409,0.028,0.563
260000,0.393,0.034,0.574
260500,0.407,0.035,0.557
261000,0.401,0.048,0.551
261500,0.385,0.040,0.575
262000,0.389,0.040,0.571
262500,0.386,0.058,0.557
263000,0.378,0.050,0.573
263500,0.368,0.049,0.582
264000,0.368,0.048,0.585
264500,0.376,0.048,0.576
265000,0.387,0.043,0.570
265500,0.380,0.033,0.588
266000,0.388,0.030,0.582
266500,0.401,0.026,0.573
267000,0.416,0.019,0.565
267500,0.423,0.020,0.557
268000,0.434,0.018,0.548
268500,0.419,0.030,0.550
269000,0.408,0.035,0.557
269500,0.398,0.032,0.571
270000,0.387,0.025,0.589
270500,0.367,0.033,0.600
271000,0.384,0.032,0.585
271500,0.377,0.041,0.582
272000,0.386,0.028,0.587
272500,0.395,0.028,0.577
273000,0.390,0.026,0.584
273500,0.398,0.033,0.569
274000,0.396,0.036,0.568
274500,0.396,0.029,0.576
275000,0.393,0.030,0.577
275500,0.388,0.035,0.577
276000,0.385,0.044,0.571
276500,0.387,0.037,0.576
277000,0.400,0.039,0.561
277500,0.374,0.042,0.585
278000,0.360,0.037,0.602
278500,0.357,0.049,0.594
279000,0.357,0.033,0.610
279500,0.349,0.033,0.618
280000,0.367,0.032,0.601
280500,0.368,0.034,0.598
281000,0.374,0.034,0.592
281500,0.388,0.032,0.581
282000,0.376,0.034,0.591
282500,0.396,0.031,0.573
283000,0.405,0.029,0.566
283500,0.409,0.033,0.558
284000,0.405,0.035,0.559
284500,0.392,0.030,0.578
285000,0.386,0.039,0.575
285500,0.381,0.040,0.579
286000,0.379,0.033,0.588
286500,0.391,0.030,0.579
287000,0.383,0.052,0.565
287500,0.360,0.054,0.586
288000,0.361,0.054,0.584
288500,0.333,0.057,0.610
289000,0.342,0.060,0.599
289500,0.344,0.051,0.606
290000,0.347,0.043,0.609
290500,0.373,0.047,0.580
291000,0.375,0.049,0.577
291500,0.361,0.048,0.591
292000,0.376,0.051,0.573
292500,0.356,0.053,0.590
293000,0.334,0.055,0.611
293500,0.343,0.051,0.607
294000,0.369,0.059,0.573
294500,0.352,0.047,0.601
295000,0.358,0.044,0.597
295500,0.333,0.045,0.622
296000,0.322,0.048,0.631
296500,0.340,0.046,0.614
297000,0.357,0.043,0.599
297500,0.361,0.049,0.590
298000,0.366,0.039,0.594
298500,0.368,0.040,0.591
299000,0.377,0.043,0.580
299500,0.374,0.044,0.581
300000,0.398,0.036,0.566
300500,0.387,0.033,0.580
301000,0.377,0.033,0.591
301500,0.366,0.034,0.601
302000,0.377,0.025,0.598
302500,0.389,0.028,0.583
303000,0.381,0.035,0.585
303500,0.352,0.039,0.609
304000,0.360,0.036,0.603
304500,0.351,0.043,0.606
305000,0.360,0.033,0.607
305500,0.366,0.032,0.602
306000,0.380,0.030,0.590
306500,0.376,0.026,0.599
307000,0.384,0.035,0.582
307500,0.378,0.037,0.585
308000,0.373,0.037,0.590
308500,0.384,0.043,0.573
309000,0.380,0.035,0.585
309500,0.379,0.037,0.584
310000,0.389,0.041,0.571
310500,0.399,0.037,0.564
311000,0.383,0.039,0.578
311500,0.381,0.041,0.579
312000,0.380,0.040,0.581
312500,0.370,0.041,0.588
313000,0.357,0.032,0.611
313500,0.361,0.032,0.608
314000,0.366,0.024,0.611
314500,0.376,0.029,0.595
315000,0.376,0.024,0.601
315500,0.375,0.028,0.597
316000,0.371,0.030,0.599
316500,0.351,0.025,0.624
317000,0.365,0.035,0.601
317500,0.361,0.039,0.600
318000,0.368,0.035,0.596
318500,0.364,0.040,0.597
319000,0.361,0.036,0.603
319500,0.353,0.051,0.596
320000,0.378,0.042,0.581
320500,0.364,0.045,0.590
321000,0.362,0.048,0.589
321500,0.357,0.049,0.594
322000,0.346,0.038,0.616
322500,0.347,0.038,0.614
323000,0.330,0.043,0.626
323500,0.334,0.044,0.622
324000,0.344,0.044,0.612
324500,0.338,0.042,0.620
325000,0.329,0.044,0.627
325500,0.317,0.043,0.640
326000,0.332,0.059,0.609
326500,0.336,0.057,0.607
327000,0.340,0.054,0.605
327500,0.348,0.050,0.601
328000,0.348,0.049,0.602
328500,0.359,0.055,0.586
329000,0.343,0.047,0.610
329500,0.341,0.052,0.607
330000,0.355,0.045,0.600
330500,0.326,0.060,0.613
331000,0.330,0.062,0.609
331500,0.338,0.053,0.609
332000,0.338,0.047,0.615
332500,0.361,0.042,0.597
333000,0.366,0.034,0.601
333500,0.358,0.036,0.606
334000,0.362,0.035,0.604
334500,0.379,0.030,0.591
335000,0.387,0.036,0.577
335500,0.406,0.032,0.562
336000,0.405,0.029,0.566
336500,0.414,0.027,0.559
337000,0.417,0.026,0.556
337500,0.422,0.029,0.549
338000,0.408,0.034,0.558
338500,0.402,0.036,0.562
339000,0.411,0.026,0.563
339500,0.410,0.019,0.571
340000,0.408,0.025,0.568
340500,0.431,0.026,0.543
341000,0.405,0.023,0.572
341500,0.402,0.025,0.573
342000,0.380,0.032,0.589
342500,0.365,0.035,0.600
343000,0.368,0.037,0.595
343500,0.362,0.032,0.606
344000,0.376,0.037,0.587
344500,0.377,0.043,0.580
345000,0.362,0.041,0.596
345500,0.346,0.046,0.608
346000,0.348,0.051,0.600
346500,0.338,0.060,0.601
347000,0.343,0.057,0.600
347500,0.350,0.054,0.595
348000,0.364,0.054,0.582
348500,0.343,0.048,0.610
349000,0.362,0.036,0.601
349500,0.361,0.036,0.602
350000,0.347,0.035,0.618
350500,0.359,0.043,0.598
351000,0.372,0.044,0.583
351500,0.374,0.051,0.575
352000,0.371,0.044,0.585
352500,0.363,0.046,0.591
353000,0.348,0.048,0.605
353500,0.354,0.046,0.599
354000,0.345,0.049,0.606
354500,0.339,0.049,0.613
355000,0.340,0.036,0.623
355500,0.353,0.051,0.597
356000,0.360,0.043,0.596
356500,0.343,0.037,0.620
357000,0.320,0.039,0.641
357500,0.328,0.045,0.627
358000,0.334,0.050,0.616
358500,0.339,0.044,0.617
359000,0.337,0.046,0.617
359500,0.332,0.057,0.611
360000,0.332,0.052,0.615
360500,0.336,0.051,0.613
361000,0.358,0.048,0.593
361500,0.370,0.043,0.588
362000,0.355,0.033,0.613
362500,0.359,0.029,0.612
363000,0.358,0.043,0.598
363500,0.366,0.045,0.589
364000,0.366,0.046,0.588
364500,0.365,0.051,0.584
365000,0.367,0.045,0.587
365500,0.354,0.034,0.613
366000,0.345,0.032,0.623
366500,0.345,0.041,0.614
367000,0.338,0.049,0.613
367500,0.332,0.045,0.623
368000,0.332,0.052,0.616
368500,0.351,0.053,0.595
369000,0.347,0.042,0.611
369500,0.365,0.040,0.595
370000,0.348,0.037,0.614
370500,0.361,0.034,0.606
371000,0.369,0.035,0.596
371500,0.369,0.035,0.597
372000,0.370,0.031,0.599
372500,0.379,0.028,0.593
373000,0.395,0.025,0.580
373500,0.403,0.025,0.572
374000,0.400,0.021,0.579
374500,0.394,0.028,0.579
375000,0.402,0.025,0.574
375500,0.427,0.031,0.542
376000,0.403,0.034,0.564
376500,0.407,0.025,0.568
377000,0.402,0.023,0.576
377500,0.401,0.026,0.573
378000,0.412,0.018,0.570
378500,0.411,0.018,0.571
379000,0.396,0.024,0.581
379500,0.384,0.023,0.594
380000,0.392,0.029,0.579
380500,0.404,0.020,0.577
381000,0.387,0.028,0.586
381500,0.392,0.026,0.583
382000,0.404,0.031,0.565
382500,0.393,0.029,0.578
383000,0.396,0.033,0.572
383500,0.409,0.024,0.567
384000,0.401,0.022,0.577
384500,0.397,0.019,0.584
385000,0.415,0.021,0.564
385500,0.434,0.015,0.551
386000,0.444,0.017,0.540
386500,0.429,0.018,0.552
387000,0.423,0.017,0.560
387500,0.430,0.017,0.553
388000,0.409,0.022,0.569
388500,0.398,0.025,0.578
389000,0.402,0.032,0.567
389500,0.399,0.026,0.575
390000,0.377,0.034,0.590
390500,0.360,0.035,0.605
391000,0.343,0.042,0.615
391500,0.353,0.042,0.605
392000,0.375,0.034,0.591
392500,0.389,0.037,0.574
393000,0.401,0.042,0.557
393500,0.409,0.033,0.557
394000,0.402,0.034,0.564
394500,0.398,0.033,0.570
395000,0.407,0.032,0.560
395500,0.390,0.023,0.588
396000,0.385,0.027,0.588
396500,0.376,0.029,0.595
397000,0.391,0.036,0.573
397500,0.389,0.041,0.571
398000,0.394,0.043,0.564
398500,0.369,0.037,0.594
399000,0.369,0.039,0.592
399500,0.370,0.038,0.591
400000,0.364,0.045,0.591
400500,0.376,0.041,0.584
401000,0.364,0.041,0.595
401500,0.356,0.038,0.606
402000,0.332,0.038,0.630
402500,0.310,0.035,0.654
403000,0.310,0.037,0.652
403500,0.328,0.055,0.617
404000,0.318,0.065,0.617
404500,0.328,0.058,0.615
405000,0.325,0.053,0.622
405500,0.312,0.055,0.632
406000,0.309,0.049,0.642
406500,0.306,0.040,0.654
407000,0.312,0.055,0.633
407500,0.327,0.070,0.603
408000,0.352,0.059,0.588
408500,0.344,0.056,0.600
409000,0.362,0.049,0.589
409500,0.371,0.043,0.587
410000,0.372,0.048,0.579
410500,0.380,0.041,0.580
411000,0.391,0.043,0.566
411500,0.396,0.033,0.572
412000,0.390,0.034,0.577
412500,0.400,0.034,0.567
413000,0.395,0.035,0.570
413500,0.401,0.028,0.571
414000,0.379,0.036,0.585
414500,0.373,0.028,0.599
415000,0.374,0.041,0.584
415500,0.374,0.036,0.589
416000,0.351,0.043,0.606
416500,0.361,0.033,0.606
417000,0.378,0.034,0.588
417500,0.368,0.036,0.595
418000,0.376,0.035,0.590
418500,0.369,0.029,0.602
419000,0.395,0.029,0.577
419500,0.408,0.021,0.570
420000,0.411,0.019,0.569
420500,0.414,0.026,0.559
421000,0.419,0.018,0.562
421500,0.433,0.024,0.542
422000,0.421,0.034,0.544
422500,0.416,0.030,0.554
423000,0.404,0.037,0.558
423500,0.402,0.041,0.557
424000,0.434,0.035,0.531
424500,0.414,0.035,0.552
425000,0.394,0.032,0.574
425500,0.386,0.029,0.585
426000,0.401,0.029,0.571
426500,0.414,0.034,0.551
427000,0.420,0.031,0.548
427500,0.415,0.030,0.554
428000,0.420,0.030,0.549
428500,0.425,0.033,0.542
429000,0.422,0.028,0.550
429500,0.428,0.035,0.536
430000,0.421,0.029,0.549
430500,0.416,0.024,0.560
431000,0.418,0.029,0.552
431500,0.428,0.023,0.548
432000,0.418,0.022,0.560
432500,0.418,0.029,0.552
433000,0.411,0.029,0.559
433500,0.422,0.028,0.549
434000,0.412,0.034,0.554
434500,0.406,0.041,0.553
435000,0.398,0.040,0.563
435500,0.410,0.044,0.545
436000,0.405,0.037,0.557
436500,0.388,0.035,0.578
437000,0.406,0.032,0.563
437500,0.413,0.031,0.556
438000,0.417,0.027,0.555
438500,0.418,0.020,0.562
439000,0.423,0.019,0.557
439500,0.447,0.018,0.535
440000,0.448,0.021,0.531
440500,0.444,0.029,0.528
441000,0.432,0.024,0.544
441500,0.421,0.019,0.559
442000,0.418,0.021,0.562
442500,0.407,0.033,0.559
443000,0.412,0.027,0.561
443500,0.417,0.037,0.545
444000,0.402,0.034,0.565
444500,0.371,0.036,0.593
445000,0.364,0.042,0.595
445500,0.352,0.035,0.613
446000,0.355,0.036,0.608
446500,0.339,0.045,0.616
447000,0.340,0.049,0.611
447500,0.337,0.046,0.617
448000,0.344,0.043,0.612
448500,0.337,0.039,0.624
449000,0.346,0.047,0.607
449500,0.328,0.051,0.621
450000,0.330,0.050,0.621
450500,0.339,0.049,0.613
451000,0.346,0.044,0.609
451500,0.349,0.046,0.605
452000,0.351,0.054,0.595
452500,0.355,0.035,0.610
453000,0.344,0.037,0.618
453500,0.358,0.037,0.605
454000,0.364,0.032,0.603
454500,0.349,0.041,0.610
455000,0.340,0.044,0.616
455500,0.321,0.046,0.633
456000,0.317,0.035,0.648
456500,0.330,0.034,0.636
457000,0.343,0.035,0.623
457500,0.362,0.045,0.592
458000,0.349,0.049,0.602
458500,0.353,0.060,0.587
459000,0.355,0.052,0.593
459500,0.334,0.046,0.620
460000,0.350,0.042,0.608
460500,0.368,0.042,0.590
461000,0.382,0.037,0.581
461500,0.385,0.034,0.582
462000,0.365,0.036,0.599
462500,0.367,0.040,0.593
463000,0.360,0.040,0.600
463500,0.375,0.049,0.577
464000,0.379,0.042,0.579
464500,0.368,0.040,0.591
465000,0.370,0.046,0.583
465500,0.364,0.041,0.594
466000,0.353,0.038,0.609
466500,0.361,0.029,0.610
467000,0.369,0.040,0.591
467500,0.344,0.033,0.623
468000,0.360,0.030,0.609
468500,0.370,0.032,0.597
469000,0.383,0.033,0.584
469500,0.376,0.030,0.594
470000,0.349,0.035,0.616
470500,0.336,0.038,0.626
471000,0.344,0.039,0.616
471500,0.354,0.035,0.610
472000,0.358,0.047,0.595
472500,0.366,0.044,0.589
473000,0.370,0.044,0.585
473500,0.362,0.042,0.595
474000,0.369,0.049,0.582
474500,0.371,0.045,0.584
475000,0.380,0.039,0.581
475500,0.385,0.034,0.582
476000,0.386,0.026,0.588
476500,0.383,0.031,0.586
477000,0.408,0.034,0.557
477500,0.397,0.034,0.569
478000,0.393,0.032,0.575
478500,0.427,0.030,0.542
479000,0.421,0.025,0.554
479500,0.419,0.021,0.559
480000,0.385,0.024,0.591
480500,0.383,0.031,0.586
481000,0.384,0.024,0.593
481500,0.381,0.020,0.599
482000,0.387,0.028,0.585
482500,0.380,0.030,0.591
483000,0.381,0.033,0.587
483500,0.393,0.036,0.571
484000,0.383,0.036,0.581
484500,0.403,0.029,0.568
485000,0.401,0.037,0.562
485500,0.384,0.039,0.577
486000,0.383,0.036,0.581
486500,0.368,0.032,0.600
487000,0.365,0.041,0.594
487500,0.372,0.035,0.594
488000,0.373,0.027,0.600
488500,0.383,0.021,0.596
489000,0.383,0.040,0.577
489500,0.385,0.045,0.570
490000,0.363,0.039,0.598
490500,0.365,0.043,0.591
491000,0.381,0.039,0.580
491500,0.393,0.029,0.579
492000,0.395,0.032,0.574
492500,0.388,0.025,0.588
493000,0.372,0.021,0.608
493500,0.373,0.020,0.607
494000,0.395,0.028,0.577
494500,0.410,0.021,0.569
495000,0.402,0.025,0.573
495500,0.401,0.033,0.566
496000,0.388,0.035,0.578
496500,0.383,0.037,0.580
497000,0.387,0.030,0.583
497500,0.405,0.029,0.566
498000,0.410,0.028,0.562
498500,0.406,0.041,0.553
499000,0.399,0.034,0.567
499500,0.396,0.030,0.574
500000,0.397,0.024,0.579
500500,0.393,0.022,0.585
501000,0.389,0.041,0.571
501500,0.351,0.049,0.600
502000,0.352,0.052,0.595
502500,0.344,0.053,0.603
503000,0.362,0.051,0.587
503500,0.367,0.045,0.587
504000,0.362,0.038,0.599
504500,0.364,0.046,0.589
505000,0.366,0.045,0.588
505500,0.376,0.041,0.583
506000,0.372,0.034,0.595
506500,0.362,0.035,0.602
507000,0.374,0.035,0.591
507500,0.387,0.034,0.580
508000,0.418,0.028,0.554
508500,0.406,0.020,0.575
509000,0.396,0.025,0.580
509500,0.396,0.026,0.579
510000,0.394,0.030,0.576
510500,0.393,0.033,0.575
511000,0.388,0.028,0.584
511500,0.398,0.036,0.567
512000,0.397,0.033,0.570
512500,0.406,0.039,0.555
513000,0.421,0.036,0.543
513500,0.415,0.024,0.561
514000,0.421,0.029,0.550
514500,0.429,0.025,0.546
515000,0.434,0.021,0.545
515500,0.435,0.024,0.541
516000,0.424,0.032,0.543
516500,0.414,0.025,0.560
517000,0.399,0.029,0.573
517500,0.393,0.022,0.585
518000,0.430,0.015,0.556
518500,0.428,0.019,0.552
519000,0.409,0.020,0.571
519500,0.405,0.018,0.577
520000,0.399,0.018,0.583
520500,0.406,0.018,0.576
521000,0.406,0.025,0.570
521500,0.388,0.028,0.584
522000,0.395,0.040,0.565
522500,0.383,0.034,0.583
523000,0.375,0.037,0.588
523500,0.394,0.029,0.577
524000,0.407,0.032,0.561
524500,0.419,0.035,0.545
525000,0.407,0.029,0.564
525500,0.416,0.025,0.559
526000,0.406,0.030,0.564
526500,0.403,0.033,0.564
527000,0.401,0.040,0.559
527500,0.380,0.035,0.586
528000,0.370,0.032,0.597
528500,0.379,0.037,0.584
529000,0.366,0.029,0.604
529500,0.364,0.035,0.600
530000,0.358,0.038,0.604
530500,0.337,0.042,0.622
531000,0.335,0.043,0.622
531500,0.340,0.038,0.621
532000,0.357,0.035,0.608
532500,0.360,0.044,0.595
533000,0.348,0.052,0.599
533500,0.347,0.049,0.604
534000,0.329,0.053,0.618
534500,0.325,0.057,0.619
535000,0.335,0.038,0.627
535500,0.350,0.041,0.608
536000,0.346,0.038,0.615
536500,0.354,0.038,0.607
537000,0.358,0.043,0.598
537500,0.353,0.042,0.605
538000,0.364,0.041,0.595
538500,0.367,0.045,0.588
539000,0.382,0.046,0.572
539500,0.385,0.043,0.573
540000,0.384,0.043,0.573
540500,0.374,0.035,0.592
541000,0.379,0.038,0.583
541500,0.364,0.033,0.602
542000,0.348,0.035,0.616
542500,0.358,0.034,0.607
543000,0.351,0.042,0.607
543500,0.344,0.050,0.606
544000,0.333,0.057,0.611
544500,0.334,0.038,0.628
545000,0.335,0.044,0.621
545500,0.325,0.042,0.633
546000,0.342,0.043,0.616
546500,0.337,0.030,0.633
547000,0.331,0.035,0.634
547500,0.330,0.038,0.632
548000,0.348,0.025,0.628
548500,0.363,0.021,0.616
549000,0.395,0.028,0.578
549500,0.416,0.026,0.557
550000,0.406,0.028,0.567
550500,0.385,0.031,0.584
551000,0.401,0.032,0.567
551500,0.404,0.033,0.564
552000,0.400,0.032,0.568
552500,0.408,0.029,0.563
553000,0.382,0.030,0.588
553500,0.369,0.029,0.603
554000,0.379,0.026,0.595
554500,0.384,0.035,0.582
555000,0.364,0.035,0.600
555500,0.353,0.041,0.606
556000,0.347,0.059,0.594
556500,0.330,0.048,0.623
557000,0.341,0.044,0.615
557500,0.335,0.048,0.618
558000,0.339,0.037,0.624
558500,0.357,0.030,0.613
559000,0.372,0.036,0.591
559500,0.367,0.038,0.595
560000,0.358,0.037,0.604
560500,0.366,0.036,0.597
561000,0.378,0.034,0.589
561500,0.385,0.029,0.586
562000,0.417,0.028,0.554
562500,0.400,0.026,0.575
563000,0.395,0.029,0.576
563500,0.384,0.033,0.584
564000,0.395,0.027,0.578
564500,0.358,0.034,0.607
565000,0.356,0.040,0.604
565500,0.342,0.044,0.614
566000,0.347,0.034,0.619
566500,0.329,0.045,0.626
567000,0.364,0.042,0.594
567500,0.381,0.036,0.583
568000,0.364,0.041,0.595
568500,0.358,0.036,0.606
569000,0.370,0.041,0.589
569500,0.381,0.036,0.583
570000,0.398,0.028,0.575
570500,0.413,0.040,0.547
571000,0.414,0.034,0.553
571500,0.434,0.024,0.542
572000,0.448,0.020,0.532
572500,0.453,0.025,0.522
573000,0.433,0.028,0.538
573500,0.409,0.027,0.564
574000,0.410,0.022,0.568
574500,0.413,0.021,0.566
575000,0.414,0.026,0.559
575500,0.395,0.025,0.580
576000,0.384,0.028,0.589
576500,0.399,0.029,0.573
577000,0.397,0.030,0.573
577500,0.382,0.034,0.585
578000,0.370,0.037,0.592
578500,0.386,0.031,0.583
579000,0.392,0.029,0.579
579500,0.385,0.037,0.578
580000,0.386,0.035,0.580
580500,0.399,0.037,0.564
581000,0.430,0.039,0.531
581500,0.414,0.035,0.550
582000,0.415,0.029,0.555
582500,0.403,0.036,0.561
583000,0.401,0.034,0.566
583500,0.413,0.022,0.565
584000,0.419,0.024,0.557
584500,0.437,0.024,0.539
585000,0.434,0.035,0.531
585500,0.406,0.040,0.554
586000,0.391,0.030,0.579
586500,0.414,0.032,0.555
587000,0.408,0.028,0.564
587500,0.406,0.025,0.569
588000,0.396,0.025,0.579
588500,0.396,0.026,0.579
589000,0.389,0.029,0.583
589500,0.371,0.034,0.595
590000,0.368,0.029,0.603
590500,0.353,0.032,0.615
591000,0.361,0.029,0.609
591500,0.363,0.040,0.597
592000,0.356,0.037,0.607
592500,0.362,0.043,0.596
593000,0.371,0.035,0.594
593500,0.379,0.027,0.594
594000,0.410,0.025,0.565
594500,0.413,0.026,0.560
595000,0.410,0.021,0.569
595500,0.435,0.020,0.544
596000,0.445,0.019,0.536
596500,0.452,0.018,0.530
597000,0.451,0.019,0.530
597500,0.464,0.020,0.516
598000,0.466,0.015,0.519
598500,0.452,0.009,0.539
599000,0.457,0.013,0.529
599500,0.480,0.014,0.506
600000,0.470,0.019,0.511
600500,0.458,0.017,0.525
601000,0.449,0.016,0.535
601500,0.441,0.012,0.547
602000,0.434,0.018,0.549
602500,0.436,0.015,0.548
603000,0.442,0.023,0.535
603500,0.452,0.023,0.525
604000,0.446,0.018,0.536
604500,0.449,0.022,0.529
605000,0.427,0.032,0.541
605500,0.408,0.030,0.562
606000,0.403,0.026,0.571
606500,0.387,0.031,0.582
607000,0.387,0.030,0.583
607500,0.367,0.024,0.609
608000,0.370,0.027,0.603
608500,0.357,0.029,0.614
609000,0.353,0.041,0.606
609500,0.366,0.040,0.594
610000,0.361,0.032,0.607
610500,0.368,0.034,0.598
611000,0.380,0.034,0.587
611500,0.374,0.027,0.598
612000,0.372,0.024,0.604
612500,0.357,0.033,0.610
613000,0.340,0.036,0.624
613500,0.331,0.030,0.639
614000,0.352,0.040,0.608
614500,0.345,0.039,0.616
615000,0.342,0.052,0.606
615500,0.340,0.048,0.612
616000,0.326,0.042,0.633
616500,0.325,0.052,0.623
617000,0.335,0.052,0.613
617500,0.341,0.051,0.608
618000,0.353,0.051,0.596
618500,0.343,0.052,0.605
619000,0.339,0.053,0.608
619500,0.344,0.064,0.592
620000,0.343,0.054,0.603
620500,0.339,0.051,0.610
621000,0.346,0.046,0.607
621500,0.343,0.038,0.619
622000,0.356,0.032,0.612
622500,0.361,0.053,0.586
623000,0.363,0.051,0.586
623500,0.355,0.045,0.600
624000,0.378,0.038,0.584
624500,0.361,0.039,0.600
625000,0.377,0.033,0.590
625500,0.394,0.027,0.580
626000,0.392,0.035,0.573
626500,0.394,0.035,0.572
627000,0.366,0.041,0.592
627500,0.362,0.036,0.602
628000,0.371,0.036,0.592
628500,0.373,0.040,0.587
629000,0.360,0.044,0.596
629500,0.364,0.043,0.593
630000,0.360,0.033,0.607
630500,0.359,0.029,0.612
631000,0.369,0.035,0.596
631500,0.379,0.042,0.580
632000,0.389,0.040,0.571
632500,0.374,0.037,0.588
633000,0.389,0.039,0.572
633500,0.378,0.035,0.587
634000,0.365,0.031,0.604
634500,0.362,0.029,0.610
635000,0.375,0.027,0.598
635500,0.381,0.034,0.585
636000,0.377,0.033,0.590
636500,0.363,0.027,0.610
637000,0.372,0.033,0.596
637500,0.385,0.026,0.589
638000,0.373,0.035,0.592
638500,0.376,0.035,0.590
639000,0.366,0.037,0.596
639500,0.369,0.035,0.596
640000,0.382,0.038,0.581
640500,0.369,0.045,0.586
641000,0.375,0.037,0.588
641500,0.384,0.037,0.579
642000,0.386,0.032,0.583
642500,0.388,0.029,0.583
643000,0.387,0.036,0.577
643500,0.374,0.033,0.594
644000,0.378,0.034,0.588
644500,0.383,0.035,0.582
645000,0.405,0.035,0.560
645500,0.398,0.030,0.573
646000,0.396,0.021,0.583
646500,0.425,0.021,0.554
647000,0.441,0.019,0.540
647500,0.430,0.022,0.548
648000,0.431,0.029,0.539
648500,0.429,0.037,0.533
649000,0.421,0.035,0.543
649500,0.391,0.035,0.575
650000,0.380,0.037,0.583
650500,0.374,0.041,0.585
651000,0.379,0.038,0.583
651500,0.392,0.037,0.571
652000,0.403,0.029,0.568
652500,0.413,0.026,0.560
653000,0.421,0.022,0.556
653500,0.393,0.022,0.585
654000,0.387,0.029,0.584
654500,0.377,0.030,0.593
655000,0.383,0.027,0.590
655500,0.383,0.022,0.595
656000,0.401,0.023,0.576
656500,0.406,0.032,0.562
657000,0.398,0.024,0.578
657500,0.398,0.029,0.574
658000,0.406,0.035,0.559
658500,0.393,0.036,0.571
659000,0.380,0.035,0.586
659500,0.369,0.034,0.598
660000,0.402,0.032,0.567
660500,0.431,0.026,0.542
661000,0.421,0.018,0.560
661500,0.426,0.019,0.554
662000,0.442,0.026,0.532
662500,0.427,0.026,0.546
663000,0.424,0.025,0.550
663500,0.421,0.022,0.556
664000,0.409,0.022,0.569
664500,0.392,0.026,0.582
665000,0.405,0.032,0.563
665500,0.419,0.022,0.558
666000,0.440,0.018,0.542
666500,0.447,0.018,0.535
667000,0.443,0.018,0.538
667500,0.420,0.018,0.562
668000,0.406,0.015,0.579
668500,0.388,0.019,0.594
669000,0.373,0.017,0.610
669500,0.369,0.040,0.591
670000,0.347,0.041,0.612
670500,0.347,0.040,0.613
671000,0.354,0.040,0.607
671500,0.344,0.038,0.618
672000,0.356,0.039,0.605
672500,0.357,0.041,0.602
673000,0.344,0.040,0.617
673500,0.367,0.033,0.600
674000,0.356,0.041,0.602
674500,0.381,0.028,0.591
675000,0.378,0.029,0.594
675500,0.365,0.036,0.599
676000,0.357,0.033,0.611
676500,0.357,0.029,0.614
677000,0.356,0.025,0.619
677500,0.380,0.035,0.585
678000,0.378,0.036,0.586
678500,0.381,0.026,0.593
679000,0.394,0.025,0.582
679500,0.389,0.022,0.589
680000,0.395,0.024,0.581
680500,0.411,0.017,0.572
681000,0.410,0.022,0.568
681500,0.419,0.032,0.549
682000,0.406,0.027,0.567
682500,0.413,0.031,0.555
683000,0.429,0.036,0.534
683500,0.427,0.029,0.543
684000,0.432,0.026,0.541
684500,0.417,0.027,0.555
685000,0.399,0.026,0.575
685500,0.418,0.027,0.554
686000,0.399,0.029,0.573
686500,0.387,0.024,0.590
687000,0.391,0.037,0.572
687500,0.396,0.034,0.571
688000,0.402,0.027,0.571
688500,0.387,0.037,0.576
689000,0.372,0.028,0.599
689500,0.366,0.025,0.610
690000,0.376,0.034,0.591
690500,0.382,0.030,0.588
691000,0.384,0.033,0.583
691500,0.391,0.029,0.580
692000,0.390,0.029,0.582
692500,0.375,0.032,0.594
693000,0.393,0.035,0.572
693500,0.395,0.040,0.565
694000,0.403,0.037,0.560
694500,0.376,0.025,0.599
695000,0.371,0.025,0.603
695500,0.378,0.028,0.595
696000,0.367,0.027,0.606
696500,0.398,0.019,0.583
697000,0.398,0.015,0.587
697500,0.401,0.035,0.564
698000,0.393,0.037,0.570
698500,0.399,0.028,0.573
699000,0.393,0.029,0.578
699500,0.388,0.036,0.577
700000,0.372,0.029,0.600
700500,0.368,0.028,0.603
701000,0.384,0.027,0.590
701500,0.389,0.030,0.581
702000,0.407,0.026,0.566
702500,0.405,0.018,0.577
703000,0.397,0.024,0.580
703500,0.383,0.029,0.588
704000,0.404,0.025,0.571
704500,0.396,0.030,0.574
705000,0.390,0.032,0.578
705500,0.380,0.037,0.583
706000,0.382,0.028,0.591
706500,0.386,0.030,0.585
707000,0.381,0.035,0.585
707500,0.393,0.027,0.580
708000,0.384,0.021,0.595
708500,0.378,0.032,0.591
709000,0.389,0.026,0.585
709500,0.400,0.017,0.584
710000,0.436,0.025,0.540
710500,0.439,0.025,0.536
711000,0.437,0.028,0.535
711500,0.426,0.029,0.545
712000,0.413,0.034,0.553
712500,0.410,0.038,0.552
713000,0.402,0.039,0.559
713500,0.411,0.036,0.552
714000,0.406,0.035,0.559
714500,0.401,0.035,0.564
715000,0.411,0.030,0.559
715500,0.395,0.038,0.567
716000,0.378,0.035,0.587
716500,0.369,0.037,0.594
717000,0.371,0.034,0.595
717500,0.374,0.029,0.597
718000,0.378,0.025,0.597
718500,0.369,0.027,0.604
719000,0.354,0.029,0.616
719500,0.353,0.032,0.616
720000,0.353,0.034,0.613
720500,0.366,0.037,0.597
721000,0.356,0.033,0.611
721500,0.342,0.045,0.612
722000,0.351,0.044,0.604
722500,0.363,0.045,0.591
723000,0.388,0.036,0.577
723500,0.405,0.029,0.566
724000,0.390,0.038,0.572
724500,0.379,0.039,0.582
725000,0.389,0.037,0.574
725500,0.379,0.037,0.584
726000,0.366,0.039,0.595
726500,0.357,0.046,0.597
727000,0.359,0.037,0.604
727500,0.368,0.038,0.593
728000,0.352,0.043,0.604
728500,0.369,0.037,0.594
729000,0.390,0.034,0.576
729500,0.387,0.037,0.576
730000,0.380,0.038,0.582
730500,0.372,0.035,0.593
731000,0.397,0.030,0.573
731500,0.377,0.032,0.592
732000,0.378,0.029,0.594
732500,0.410,0.023,0.567
733000,0.408,0.026,0.566
733500,0.398,0.027,0.575
734000,0.390,0.024,0.587
734500,0.385,0.026,0.589
735000,0.406,0.026,0.568
735500,0.398,0.031,0.572
736000,0.397,0.035,0.568
736500,0.396,0.040,0.565
737000,0.372,0.037,0.590
737500,0.391,0.029,0.580
738000,0.395,0.030,0.575
738500,0.387,0.036,0.577
739000,0.374,0.035,0.591
739500,0.377,0.033,0.590
740000,0.394,0.028,0.579
740500,0.392,0.035,0.574
741000,0.388,0.039,0.574
741500,0.373,0.043,0.584
742000,0.379,0.033,0.589
742500,0.376,0.028,0.597
743000,0.373,0.025,0.602
743500,0.403,0.028,0.569
744000,0.411,0.034,0.554
744500,0.403,0.032,0.565
745000,0.410,0.026,0.564
745500,0.415,0.023,0.561
746000,0.416,0.026,0.557
746500,0.408,0.025,0.568
747000,0.420,0.028,0.552
747500,0.412,0.027,0.561
748000,0.429,0.024,0.546
748500,0.440,0.026,0.534
749000,0.448,0.028,0.525
749500,0.434,0.020,0.545
750000,0.447,0.017,0.536
750500,0.433,0.015,0.551
751000,0.439,0.015,0.546
751500,0.428,0.026,0.545
752000,0.405,0.026,0.569
752500,0.399,0.026,0.575
753000,0.375,0.034,0.592
753500,0.382,0.027,0.591
754000,0.386,0.023,0.591
754500,0.396,0.029,0.575
755000,0.374,0.035,0.592
755500,0.370,0.034,0.596
756000,0.378,0.033,0.590
756500,0.385,0.037,0.578
757000,0.376,0.036,0.588
757500,0.364,0.024,0.613
758000,0.396,0.030,0.574
758500,0.396,0.029,0.575
759000,0.395,0.021,0.585
759500,0.376,0.019,0.605
760000,0.367,0.022,0.610
760500,0.379,0.033,0.589
761000,0.386,0.040,0.575
761500,0.385,0.050,0.565
762000,0.372,0.043,0.584
762500,0.365,0.036,0.599
763000,0.373,0.044,0.583
763500,0.382,0.036,0.583
764000,0.397,0.030,0.573
764500,0.395,0.028,0.578
765000,0.398,0.029,0.574
765500,0.421,0.033,0.545
766000,0.424,0.029,0.546
766500,0.420,0.025,0.554
767000,0.425,0.023,0.551
767500,0.443,0.024,0.533
768000,0.443,0.021,0.536
768500,0.441,0.015,0.543
769000,0.452,0.011,0.537
769500,0.468,0.011,0.522
770000,0.456,0.014,0.530
770500,0.454,0.017,0.530
771000,0.461,0.009,0.530
771500,0.447,0.015,0.538
772000,0.430,0.018,0.552
772500,0.450,0.018,0.532
773000,0.465,0.013,0.522
773500,0.447,0.018,0.535
774000,0.455,0.015,0.530
774500,0.445,0.018,0.537
775000,0.433,0.018,0.548
775500,0.434,0.018,0.549
776000,0.447,0.019,0.533
776500,0.420,0.019,0.561
777000,0.418,0.025,0.557
777500,0.432,0.021,0.547
778000,0.411,0.020,0.569
778500,0.396,0.018,0.587
779000,0.366,0.018,0.616
779500,0.358,0.026,0.616
780000,0.379,0.032,0.589
780500,0.369,0.038,0.593
781000,0.354,0.044,0.601
781500,0.354,0.037,0.608
782000,0.352,0.042,0.606
782500,0.346,0.042,0.612
783000,0.382,0.043,0.576
783500,0.385,0.043,0.573
784000,0.399,0.049,0.552
784500,0.390,0.029,0.581
785000,0.396,0.035,0.569
785500,0.371,0.032,0.597
786000,0.384,0.031,0.586
786500,0.382,0.026,0.592
787000,0.392,0.025,0.583
787500,0.410,0.021,0.570
788000,0.421,0.024,0.555
788500,0.411,0.016,0.573
789000,0.417,0.017,0.566
789500,0.403,0.021,0.576
790000,0.404,0.025,0.572
790500,0.387,0.028,0.585
791000,0.385,0.028,0.588
791500,0.380,0.027,0.594
792000,0.373,0.031,0.596
792500,0.385,0.043,0.572
793000,0.365,0.034,0.601
793500,0.364,0.044,0.592
794000,0.365,0.040,0.596
794500,0.353,0.040,0.607
795000,0.361,0.032,0.608
795500,0.367,0.033,0.600
796000,0.357,0.035,0.608
796500,0.333,0.047,0.620
797000,0.321,0.044,0.635
797500,0.335,0.034,0.631
798000,0.355,0.035,0.609
798500,0.354,0.033,0.613
799000,0.357,0.039,0.604
799500,0.363,0.035,0.601
800000,0.366,0.044,0.589
800500,0.361,0.045,0.594
801000,0.357,0.052,0.591
801500,0.379,0.050,0.572
802000,0.358,0.048,0.594
802500,0.384,0.049,0.568
803000,0.381,0.035,0.585
803500,0.395,0.036,0.569
804000,0.410,0.031,0.558
804500,0.403,0.035,0.563
805000,0.408,0.032,0.560
805500,0.412,0.037,0.550
806000,0.401,0.038,0.560
806500,0.385,0.045,0.570
807000,0.362,0.045,0.592
807500,0.367,0.036,0.597
808000,0.382,0.030,0.588
808500,0.382,0.029,0.589
809000,0.384,0.028,0.589
809500,0.396,0.026,0.578
810000,0.404,0.032,0.565
810500,0.415,0.024,0.561
811000,0.421,0.017,0.561
811500,0.392,0.024,0.584
812000,0.392,0.032,0.576
812500,0.384,0.033,0.584
813000,0.367,0.043,0.590
813500,0.362,0.044,0.593
814000,0.376,0.041,0.583
814500,0.358,0.038,0.603
815000,0.363,0.041,0.596
815500,0.380,0.047,0.574
816000,0.382,0.043,0.575
816500,0.388,0.049,0.564
817000,0.384,0.038,0.579
817500,0.382,0.038,0.580
818000,0.384,0.039,0.578
818500,0.373,0.029,0.598
819000,0.367,0.024,0.609
819500,0.369,0.028,0.603
820000,0.355,0.028,0.617
820500,0.367,0.024,0.609
821000,0.363,0.027,0.610
821500,0.405,0.022,0.573
822000,0.394,0.032,0.574
822500,0.403,0.022,0.575
823000,0.399,0.029,0.573
823500,0.387,0.031,0.582
824000,0.363,0.043,0.594
824500,0.363,0.048,0.590
825000,0.355,0.049,0.597
825500,0.366,0.047,0.586
826000,0.392,0.038,0.571
826500,0.387,0.030,0.583
827000,0.373,0.033,0.594
827500,0.370,0.029,0.600
828000,0.382,0.035,0.583
828500,0.390,0.041,0.570
829000,0.382,0.035,0.583
829500,0.395,0.033,0.572
830000,0.384,0.030,0.586
830500,0.377,0.035,0.588
831000,0.378,0.035,0.587
831500,0.372,0.029,0.598
832000,0.356,0.037,0.606
832500,0.360,0.025,0.614
833000,0.363,0.030,0.607
833500,0.348,0.038,0.614
834000,0.344,0.037,0.619
834500,0.365,0.039,0.596
835000,0.391,0.032,0.577
835500,0.384,0.030,0.586
836000,0.397,0.027,0.576
836500,0.399,0.027,0.574
837000,0.402,0.037,0.561
837500,0.368,0.042,0.589
838000,0.384,0.043,0.574
838500,0.404,0.036,0.560
839000,0.384,0.039,0.577
839500,0.378,0.034,0.588
840000,0.379,0.032,0.590
840500,0.379,0.033,0.588
841000,0.399,0.025,0.576
841500,0.409,0.032,0.559
842000,0.426,0.030,0.544
842500,0.431,0.032,0.536
843000,0.441,0.027,0.532
843500,0.440,0.020,0.540
844000,0.413,0.024,0.562
844500,0.391,0.027,0.582
845000,0.388,0.035,0.577
845500,0.402,0.033,0.566
846000,0.401,0.025,0.574
846500,0.422,0.025,0.553
847000,0.410,0.020,0.570
847500,0.408,0.021,0.572
848000,0.400,0.029,0.571
848500,0.389,0.025,0.586
849000,0.390,0.025,0.585
849500,0.393,0.020,0.587
850000,0.395,0.025,0.581
850500,0.378,0.029,0.594
851000,0.387,0.026,0.587
851500,0.390,0.025,0.585
852000,0.399,0.021,0.580
852500,0.379,0.036,0.585
853000,0.406,0.029,0.566
853500,0.393,0.027,0.580
854000,0.399,0.033,0.568
854500,0.387,0.036,0.577
855000,0.385,0.037,0.578
855500,0.373,0.037,0.590
856000,0.377,0.025,0.599
856500,0.395,0.033,0.572
857000,0.391,0.025,0.584
857500,0.375,0.029,0.597
858000,0.360,0.022,0.617
858500,0.377,0.032,0.591
859000,0.385,0.028,0.588
859500,0.388,0.040,0.573
860000,0.397,0.035,0.569
860500,0.376,0.029,0.596
861000,0.370,0.032,0.598
861500,0.370,0.036,0.594
862000,0.365,0.035,0.600
862500,0.353,0.036,0.611
863000,0.367,0.042,0.591
863500,0.359,0.044,0.597
864000,0.369,0.043,0.588
864500,0.391,0.034,0.575
865000,0.392,0.036,0.572
865500,0.370,0.032,0.599
866000,0.374,0.035,0.590
866500,0.376,0.038,0.587
867000,0.359,0.033,0.608
867500,0.371,0.038,0.591
868000,0.361,0.050,0.590
868500,0.352,0.036,0.611
869000,0.369,0.041,0.590
869500,0.365,0.030,0.605
870000,0.374,0.036,0.589
870500,0.383,0.045,0.572
871000,0.388,0.037,0.575
871500,0.381,0.034,0.585
872000,0.401,0.042,0.557
872500,0.401,0.037,0.562
873000,0.399,0.032,0.569
873500,0.383,0.029,0.588
874000,0.372,0.034,0.595
874500,0.392,0.040,0.568
875000,0.396,0.039,0.565
875500,0.370,0.043,0.587
876000,0.361,0.034,0.605
876500,0.368,0.030,0.602
877000,0.390,0.031,0.579
877500,0.380,0.024,0.597
878000,0.401,0.025,0.575
878500,0.392,0.026,0.583
879000,0.395,0.036,0.569
879500,0.405,0.030,0.565
880000,0.405,0.030,0.565
880500,0.394,0.026,0.580
881000,0.406,0.028,0.567
881500,0.396,0.034,0.571
882000,0.408,0.026,0.565
882500,0.416,0.019,0.565
883000,0.410,0.021,0.569
883500,0.403,0.020,0.577
884000,0.377,0.018,0.605
884500,0.378,0.024,0.599
885000,0.370,0.036,0.593
885500,0.366,0.032,0.602
886000,0.386,0.032,0.583
886500,0.393,0.025,0.583
887000,0.392,0.033,0.575
887500,0.388,0.035,0.578
888000,0.385,0.029,0.586
888500,0.392,0.030,0.578
889000,0.384,0.024,0.593
889500,0.385,0.033,0.582
890000,0.383,0.027,0.590
890500,0.392,0.034,0.575
891000,0.393,0.032,0.575
891500,0.392,0.030,0.578
892000,0.412,0.025,0.564
892500,0.395,0.022,0.583
893000,0.411,0.025,0.565
893500,0.411,0.028,0.561
894000,0.390,0.029,0.582
894500,0.400,0.032,0.569
895000,0.403,0.029,0.568
895500,0.424,0.021,0.556
896000,0.402,0.020,0.578
896500,0.395,0.021,0.584
897000,0.398,0.037,0.566
897500,0.406,0.035,0.559
898000,0.412,0.029,0.558
898500,0.401,0.028,0.572
899000,0.405,0.028,0.568
899500,0.399,0.018,0.583
900000,0.400,0.018,0.582
900500,0.390,0.017,0.593
901000,0.384,0.018,0.599
901500,0.380,0.021,0.600
902000,0.388,0.025,0.587
902500,0.388,0.019,0.594
903000,0.383,0.025,0.592
903500,0.392,0.032,0.577
904000,0.371,0.032,0.597
904500,0.360,0.032,0.608
905000,0.367,0.044,0.589
905500,0.358,0.046,0.596
906000,0.356,0.032,0.613
906500,0.367,0.036,0.597
907000,0.371,0.030,0.599
907500,0.403,0.035,0.562
908000,0.389,0.030,0.581
908500,0.412,0.022,0.566
909000,0.428,0.019,0.553
909500,0.418,0.026,0.555
910000,0.413,0.030,0.557
910500,0.423,0.030,0.547
911000,0.415,0.021,0.564
911500,0.406,0.029,0.565
912000,0.404,0.026,0.570
912500,0.409,0.025,0.567
913000,0.404,0.026,0.571
913500,0.388,0.037,0.575
914000,0.381,0.035,0.585
914500,0.377,0.032,0.591
915000,0.396,0.034,0.571
915500,0.413,0.024,0.563
916000,0.383,0.021,0.596
916500,0.381,0.019,0.600
917000,0.407,0.021,0.572
917500,0.423,0.023,0.553
918000,0.410,0.019,0.571
918500,0.424,0.032,0.545
919000,0.414,0.026,0.560
919500,0.432,0.031,0.536
920000,0.431,0.033,0.535
920500,0.430,0.035,0.535
921000,0.427,0.029,0.544
921500,0.431,0.029,0.539
922000,0.424,0.032,0.545
922500,0.420,0.026,0.553
923000,0.406,0.025,0.569
923500,0.392,0.024,0.584
924000,0.408,0.027,0.565
924500,0.395,0.025,0.581
925000,0.399,0.033,0.568
925500,0.408,0.028,0.565
926000,0.392,0.028,0.581
926500,0.378,0.025,0.597
927000,0.398,0.021,0.581
927500,0.397,0.028,0.576
928000,0.388,0.035,0.577
928500,0.403,0.037,0.560
929000,0.427,0.040,0.533
929500,0.424,0.037,0.538
930000,0.405,0.044,0.551
930500,0.407,0.035,0.558
931000,0.403,0.030,0.567
931500,0.367,0.030,0.603
932000,0.372,0.025,0.604
932500,0.370,0.024,0.606
933000,0.359,0.028,0.614
933500,0.385,0.024,0.591
934000,0.374,0.033,0.593
934500,0.379,0.029,0.592
935000,0.397,0.024,0.580
935500,0.413,0.029,0.557
936000,0.414,0.024,0.562
936500,0.427,0.026,0.546
937000,0.417,0.028,0.554
937500,0.427,0.028,0.544
938000,0.424,0.023,0.552
938500,0.424,0.024,0.552
939000,0.408,0.021,0.571
939500,0.392,0.022,0.586
940000,0.373,0.025,0.601
940500,0.369,0.027,0.604
941000,0.365,0.034,0.602
941500,0.368,0.040,0.592
942000,0.381,0.044,0.575
942500,0.363,0.035,0.602
943000,0.349,0.033,0.619
943500,0.356,0.043,0.601
944000,0.338,0.040,0.622
944500,0.320,0.038,0.642
945000,0.334,0.039,0.627
945500,0.326,0.053,0.621
946000,0.326,0.051,0.623
946500,0.348,0.047,0.605
947000,0.372,0.035,0.593
947500,0.357,0.039,0.604
948000,0.368,0.050,0.583
948500,0.362,0.052,0.586
949000,0.358,0.042,0.600
949500,0.341,0.042,0.617
950000,0.348,0.046,0.606
950500,0.345,0.050,0.605
951000,0.348,0.040,0.612
951500,0.325,0.049,0.626
952000,0.331,0.049,0.621
952500,0.338,0.042,0.621
953000,0.343,0.047,0.610
953500,0.345,0.048,0.607
954000,0.347,0.049,0.604
954500,0.354,0.051,0.595
955000,0.333,0.058,0.609
955500,0.327,0.060,0.613
956000,0.335,0.056,0.610
956500,0.344,0.048,0.607
957000,0.367,0.051,0.582
957500,0.371,0.043,0.587
958000,0.344,0.038,0.618
958500,0.335,0.050,0.616
959000,0.335,0.046,0.619
959500,0.324,0.056,0.620
960000,0.325,0.043,0.633
960500,0.358,0.038,0.604
961000,0.366,0.043,0.591
961500,0.359,0.045,0.596
962000,0.342,0.045,0.613
962500,0.335,0.046,0.619
963000,0.349,0.050,0.601
963500,0.353,0.040,0.607
964000,0.364,0.040,0.596
964500,0.351,0.032,0.618
965000,0.355,0.045,0.599
965500,0.345,0.053,0.602
966000,0.348,0.045,0.607
966500,0.367,0.043,0.590
967000,0.356,0.043,0.601
967500,0.372,0.048,0.579
968000,0.367,0.045,0.588
968500,0.372,0.054,0.574
969000,0.361,0.041,0.598
969500,0.361,0.046,0.593
970000,0.351,0.042,0.607
970500,0.375,0.036,0.589
971000,0.355,0.035,0.609
971500,0.352,0.037,0.610
972000,0.361,0.033,0.607
972500,0.362,0.040,0.598
973000,0.375,0.035,0.591
973500,0.373,0.033,0.594
974000,0.384,0.025,0.592
974500,0.406,0.024,0.571
975000,0.384,0.029,0.587
975500,0.392,0.032,0.577
976000,0.407,0.032,0.561
976500,0.417,0.029,0.554
977000,0.406,0.026,0.568
977500,0.409,0.038,0.552
978000,0.415,0.034,0.551
978500,0.410,0.029,0.560
979000,0.389,0.036,0.575
979500,0.380,0.035,0.585
980000,0.379,0.045,0.576
980500,0.378,0.043,0.580
981000,0.362,0.048,0.590
981500,0.368,0.043,0.589
982000,0.367,0.045,0.587
982500,0.349,0.050,0.601
983000,0.341,0.044,0.615
983500,0.354,0.068,0.577
984000,0.334,0.068,0.599
984500,0.321,0.058,0.622
985000,0.307,0.062,0.631
985500,0.337,0.062,0.601
986000,0.331,0.056,0.614
986500,0.344,0.058,0.598
987000,0.346,0.058,0.596
987500,0.334,0.051,0.615
988000,0.342,0.052,0.606
988500,0.352,0.042,0.605
989000,0.352,0.038,0.609
989500,0.364,0.038,0.598
990000,0.363,0.032,0.606
990500,0.356,0.033,0.611
991000,0.376,0.033,0.592
991500,0.360,0.034,0.606
992000,0.342,0.046,0.612
992500,0.337,0.048,0.615
993000,0.346,0.048,0.606
993500,0.352,0.052,0.596
994000,0.346,0.053,0.600
994500,0.352,0.056,0.592
995000,0.344,0.045,0.611
995500,0.360,0.040,0.599
996000,0.350,0.033,0.617
996500,0.338,0.038,0.624
997000,0.301,0.039,0.659
997500,0.302,0.059,0.638
998000,0.324,0.053,0.623
998500,0.315,0.053,0.632
999000,0.304,0.053,0.642
999500,0.308,0.059,0.633
1000000,0.348,0.059,0.593
