time,n_A+p,n_B,n_AB
500,0.050,0.889,0.061
1000,0.050,0.828,0.122
1500,0.050,0.813,0.137
2000,0.050,0.748,0.202
2500,0.055,0.740,0.205
3000,0.058,0.658,0.284
3500,0.055,0.627,0.318
4000,0.061,0.585,0.354
4500,0.053,0.582,0.365
5000,0.075,0.514,0.411
5500,0.077,0.518,0.405
6000,0.069,0.490,0.441
6500,0.073,0.496,0.431
7000,0.069,0.492,0.439
7500,0.072,0.487,0.441
8000,0.086,0.488,0.426
8500,0.072,0.472,0.456
9000,0.079,0.479,0.442
9500,0.063,0.517,0.420
10000,0.072,0.516,0.412
10500,0.070,0.504,0.426
11000,0.073,0.485,0.442
11500,0.080,0.438,0.482
12000,0.095,0.447,0.458
12500,0.117,0.374,0.509
13000,0.130,0.354,0.516
13500,0.141,0.331,0.528
14000,0.123,0.344,0.533
14500,0.142,0.370,0.488
15000,0.141,0.362,0.497
15500,0.131,0.337,0.532
16000,0.159,0.329,0.512
16500,0.144,0.318,0.538
17000,0.137,0.338,0.525
17500,0.110,0.390,0.500
18000,0.093,0.380,0.527
18500,0.100,0.329,0.571
19000,0.117,0.322,0.561
19500,0.129,0.298,0.573
20000,0.153,0.319,0.528
20500,0.131,0.315,0.554
21000,0.137,0.313,0.550
21500,0.122,0.349,0.529
22000,0.127,0.345,0.528
22500,0.136,0.304,0.560
23000,0.148,0.286,0.566
23500,0.148,0.284,0.568
24000,0.137,0.311,0.552
24500,0.168,0.294,0.538
25000,0.156,0.309,0.535
25500,0.168,0.278,0.554
26000,0.148,0.300,0.552
26500,0.155,0.308,0.537
27000,0.151,0.288,0.561
27500,0.146,0.324,0.530
28000,0.143,0.295,0.562
28500,0.154,0.293,0.553
29000,0.134,0.304,0.562
29500,0.158,0.316,0.526
30000,0.139,0.300,0.561
30500,0.157,0.302,0.541
31000,0.135,0.319,0.546
31500,0.134,0.327,0.539
32000,0.121,0.325,0.554
32500,0.122,0.306,0.572
33000,0.128,0.289,0.583
33500,0.151,0.310,0.539
34000,0.135,0.337,0.528
34500,0.159,0.278,0.563
35000,0.174,0.253,0.573
35500,0.186,0.270,0.544
36000,0.177,0.249,0.574
36500,0.210,0.240,0.550
37000,0.195,0.213,0.592
37500,0.220,0.203,0.577
38000,0.255,0.175,0.570
38500,0.300,0.166,0.534
39000,0.337,0.137,0.526
39500,0.381,0.083,0.536
40000,0.419,0.052,0.529
40500,0.494,0.039,0.467
41000,0.568,0.030,0.402
41500,0.601,0.019,0.380
42000,0.649,0.008,0.343
42500,0.679,0.002,0.319
43000,0.717,0.000,0.283
43500,0.728,0.000,0.272
44000,0.780,0.000,0.220
44500,0.803,0.000,0.197
45000,0.831,0.001,0.168
45500,0.872,0.001,0.127
46000,0.878,0.001,0.121
46500,0.905,0.001,0.094
47000,0.905,0.001,0.094
47500,0.932,0.000,0.068
48000,0.919,0.000,0.081
48500,0.935,0.000,0.065
49000,0.948,0.000,0.052
49500,0.964,0.000,0.036
50000,0.966,0.000,0.034
50500,0.971,0.000,0.029
51000,0.957,0.000,0.043
51500,0.972,0.000,0.028
52000,0.967,0.000,0.033
52500,0.975,0.000,0.025
53000,0.966,0.000,0.034
53500,0.977,0.000,0.023
54000,0.989,0.000,0.011
54500,0.993,0.000,0.007
55000,0.987,0.000,0.013
55500,0.989,0.000,0.011
56000,0.992,0.000,0.008
56500,0.995,0.000,0.005
57000,0.994,0.000,0.006
57500,0.997,0.000,0.003
58000,0.999,0.000,0.001
58500,0.996,0.000,0.004
59000,0.989,0.000,0.011
59500,0.991,0.000,0.009
60000,0.990,0.000,0.010
60500,0.990,0.000,0.010
61000,0.983,0.000,0.017
61500,0.995,0.000,0.005
62000,0.998,0.000,0.002
62500,0.998,0.000,0.002
63000,0.998,0.000,0.002
63500,0.999,0.000,0.001
64000,0.999,0.000,0.001
64500,1.000,0.000,0.000
