time,n_A+p,n_B,n_AB
500,0.150,0.012,0.838
1000,0.610,0.000,0.390
1500,0.721,0.000,0.279
2000,0.688,0.000,0.312
2500,0.550,0.000,0.450
3000,0.508,0.000,0.492
3500,0.646,0.000,0.354
4000,0.602,0.000,0.398
4500,0.478,0.000,0.522
5000,0.662,0.000,0.338
5500,0.505,0.000,0.495
6000,0.804,0.000,0.196
6500,0.795,0.000,0.205
7000,0.654,0.000,0.346
7500,0.800,0.000,0.200
8000,0.837,0.000,0.163
8500,0.584,0.000,0.416
9000,0.801,0.000,0.199
9500,0.747,0.000,0.253
10000,0.521,0.000,0.479
10500,0.759,0.000,0.241
11000,0.699,0.000,0.301
11500,0.611,0.000,0.389
12000,0.746,0.000,0.254
12500,0.477,0.000,0.523
13000,0.702,0.000,0.298
13500,0.889,0.000,0.111
14000,0.927,0.000,0.073
14500,0.838,0.000,0.162
15000,0.986,0.000,0.014
15500,1.000,0.000,0.000
