time,n_A+p,n_B,n_AB
500,0.010,0.972,0.018
1000,0.010,0.950,0.040
1500,0.010,0.890,0.100
2000,0.010,0.780,0.210
2500,0.010,0.579,0.411
3000,0.010,0.480,0.510
3500,0.010,0.405,0.585
4000,0.010,0.345,0.645
4500,0.015,0.303,0.681
5000,0.015,0.344,0.642
5500,0.011,0.343,0.646
6000,0.011,0.337,0.652
6500,0.015,0.342,0.644
7000,0.015,0.347,0.638
7500,0.013,0.366,0.621
8000,0.012,0.363,0.625
8500,0.013,0.360,0.626
9000,0.010,0.369,0.621
9500,0.014,0.362,0.623
10000,0.011,0.378,0.611
10500,0.011,0.379,0.610
11000,0.010,0.428,0.561
11500,0.010,0.377,0.613
12000,0.010,0.367,0.623
12500,0.010,0.344,0.645
13000,0.015,0.365,0.620
13500,0.011,0.323,0.666
14000,0.019,0.309,0.672
14500,0.015,0.343,0.642
15000,0.013,0.380,0.607
15500,0.011,0.424,0.565
16000,0.011,0.368,0.621
16500,0.011,0.364,0.625
17000,0.013,0.305,0.681
17500,0.020,0.323,0.657
18000,0.015,0.304,0.681
18500,0.015,0.305,0.680
19000,0.028,0.296,0.676
19500,0.021,0.298,0.680
20000,0.016,0.315,0.669
20500,0.013,0.376,0.612
21000,0.014,0.375,0.611
21500,0.011,0.462,0.527
22000,0.010,0.405,0.585
22500,0.011,0.381,0.608
23000,0.013,0.334,0.653
23500,0.017,0.342,0.641
24000,0.013,0.363,0.623
24500,0.011,0.363,0.627
25000,0.010,0.351,0.639
25500,0.018,0.307,0.675
26000,0.014,0.309,0.676
26500,0.013,0.327,0.659
27000,0.012,0.323,0.665
27500,0.010,0.322,0.668
28000,0.011,0.314,0.675
28500,0.015,0.305,0.681
29000,0.013,0.282,0.705
29500,0.022,0.270,0.708
30000,0.018,0.272,0.711
30500,0.015,0.263,0.723
31000,0.034,0.258,0.708
31500,0.031,0.247,0.722
32000,0.028,0.214,0.758
32500,0.021,0.251,0.729
33000,0.015,0.258,0.728
33500,0.018,0.299,0.683
34000,0.011,0.308,0.681
34500,0.010,0.322,0.668
35000,0.010,0.310,0.680
35500,0.010,0.323,0.667
36000,0.012,0.306,0.682
36500,0.010,0.311,0.678
37000,0.014,0.352,0.634
37500,0.016,0.344,0.639
38000,0.014,0.346,0.640
38500,0.014,0.335,0.651
39000,0.015,0.286,0.699
39500,0.014,0.303,0.682
40000,0.013,0.312,0.675
40500,0.021,0.303,0.676
41000,0.015,0.327,0.658
41500,0.011,0.358,0.631
42000,0.010,0.418,0.572
42500,0.010,0.350,0.639
43000,0.011,0.332,0.657
43500,0.014,0.327,0.659
44000,0.015,0.337,0.649
44500,0.011,0.319,0.671
45000,0.016,0.344,0.639
45500,0.018,0.318,0.664
46000,0.020,0.319,0.661
46500,0.016,0.333,0.651
47000,0.013,0.299,0.689
47500,0.018,0.264,0.718
48000,0.020,0.260,0.720
48500,0.015,0.311,0.673
49000,0.018,0.256,0.726
49500,0.025,0.238,0.737
50000,0.022,0.296,0.682
50500,0.019,0.266,0.715
51000,0.021,0.285,0.694
51500,0.013,0.334,0.654
52000,0.019,0.276,0.705
52500,0.017,0.279,0.705
53000,0.014,0.323,0.663
53500,0.013,0.337,0.649
54000,0.011,0.353,0.636
54500,0.021,0.312,0.666
55000,0.014,0.238,0.748
55500,0.012,0.304,0.683
56000,0.011,0.325,0.665
56500,0.015,0.291,0.694
57000,0.010,0.297,0.693
57500,0.015,0.331,0.655
58000,0.012,0.345,0.643
58500,0.015,0.322,0.663
59000,0.013,0.297,0.690
59500,0.019,0.321,0.660
60000,0.014,0.311,0.674
60500,0.011,0.337,0.653
61000,0.013,0.343,0.644
61500,0.010,0.352,0.638
62000,0.014,0.354,0.631
62500,0.011,0.385,0.604
63000,0.019,0.396,0.585
63500,0.013,0.379,0.608
64000,0.018,0.340,0.641
64500,0.013,0.394,0.594
65000,0.011,0.338,0.652
65500,0.017,0.327,0.657
66000,0.017,0.300,0.683
66500,0.021,0.267,0.712
67000,0.025,0.288,0.688
67500,0.018,0.334,0.647
68000,0.018,0.327,0.655
68500,0.017,0.303,0.681
69000,0.026,0.275,0.699
69500,0.024,0.260,0.716
70000,0.022,0.282,0.695
70500,0.028,0.222,0.751
71000,0.035,0.226,0.740
71500,0.017,0.247,0.736
72000,0.022,0.228,0.750
72500,0.035,0.239,0.726
73000,0.022,0.267,0.712
73500,0.017,0.262,0.721
74000,0.025,0.289,0.685
74500,0.019,0.260,0.721
75000,0.017,0.272,0.712
75500,0.014,0.303,0.683
76000,0.018,0.278,0.704
76500,0.017,0.273,0.710
77000,0.019,0.305,0.675
77500,0.018,0.314,0.669
78000,0.013,0.324,0.663
78500,0.015,0.292,0.692
79000,0.014,0.300,0.685
79500,0.017,0.339,0.644
80000,0.019,0.276,0.705
80500,0.018,0.319,0.663
81000,0.015,0.328,0.657
81500,0.018,0.321,0.661
82000,0.020,0.321,0.659
82500,0.018,0.318,0.665
83000,0.013,0.323,0.664
83500,0.011,0.314,0.675
84000,0.011,0.388,0.601
84500,0.012,0.361,0.627
85000,0.013,0.363,0.624
85500,0.011,0.416,0.574
86000,0.010,0.399,0.591
86500,0.011,0.390,0.599
87000,0.013,0.348,0.639
87500,0.016,0.376,0.609
88000,0.013,0.399,0.589
88500,0.014,0.380,0.607
89000,0.013,0.342,0.645
89500,0.013,0.297,0.691
90000,0.019,0.333,0.647
90500,0.024,0.299,0.676
91000,0.015,0.312,0.673
91500,0.011,0.312,0.676
92000,0.013,0.314,0.673
92500,0.011,0.330,0.659
93000,0.019,0.282,0.699
93500,0.027,0.241,0.732
94000,0.019,0.226,0.755
94500,0.027,0.233,0.740
95000,0.024,0.263,0.714
95500,0.025,0.208,0.767
96000,0.041,0.221,0.739
96500,0.038,0.230,0.732
97000,0.026,0.243,0.731
97500,0.022,0.294,0.683
98000,0.027,0.251,0.722
98500,0.018,0.264,0.718
99000,0.021,0.233,0.747
99500,0.025,0.277,0.699
100000,0.016,0.327,0.657
100500,0.021,0.313,0.666
101000,0.017,0.335,0.648
101500,0.011,0.348,0.641
102000,0.014,0.346,0.639
102500,0.022,0.340,0.637
103000,0.023,0.324,0.653
103500,0.019,0.344,0.637
104000,0.015,0.343,0.642
104500,0.014,0.325,0.661
105000,0.015,0.291,0.694
105500,0.012,0.298,0.690
106000,0.021,0.263,0.716
106500,0.013,0.274,0.713
107000,0.013,0.282,0.705
107500,0.013,0.327,0.660
108000,0.017,0.354,0.629
108500,0.015,0.352,0.633
109000,0.016,0.416,0.568
109500,0.011,0.425,0.563
110000,0.013,0.351,0.637
110500,0.011,0.393,0.597
111000,0.010,0.362,0.628
111500,0.015,0.339,0.647
112000,0.014,0.325,0.661
112500,0.025,0.332,0.643
113000,0.017,0.315,0.668
113500,0.015,0.305,0.679
114000,0.019,0.335,0.646
114500,0.016,0.327,0.657
115000,0.013,0.310,0.677
115500,0.013,0.271,0.716
116000,0.028,0.267,0.706
116500,0.021,0.275,0.704
117000,0.021,0.319,0.659
117500,0.015,0.321,0.664
118000,0.025,0.314,0.661
118500,0.019,0.288,0.692
119000,0.022,0.307,0.670
119500,0.014,0.368,0.618
120000,0.011,0.377,0.612
120500,0.010,0.345,0.645
121000,0.013,0.349,0.639
121500,0.014,0.319,0.667
122000,0.018,0.304,0.679
122500,0.015,0.275,0.710
123000,0.016,0.305,0.678
123500,0.019,0.275,0.706
124000,0.011,0.348,0.640
124500,0.011,0.338,0.651
125000,0.010,0.339,0.651
125500,0.010,0.315,0.675
126000,0.015,0.309,0.675
126500,0.011,0.329,0.660
127000,0.014,0.376,0.610
127500,0.011,0.415,0.574
128000,0.015,0.369,0.615
128500,0.016,0.355,0.629
129000,0.024,0.304,0.672
129500,0.021,0.299,0.679
130000,0.018,0.319,0.664
130500,0.013,0.389,0.598
131000,0.011,0.414,0.574
131500,0.014,0.385,0.601
132000,0.011,0.404,0.585
132500,0.011,0.355,0.634
133000,0.010,0.365,0.625
133500,0.011,0.307,0.681
134000,0.010,0.359,0.631
134500,0.014,0.294,0.692
135000,0.015,0.338,0.648
135500,0.013,0.312,0.674
136000,0.017,0.306,0.676
136500,0.018,0.332,0.651
137000,0.011,0.347,0.641
137500,0.011,0.396,0.593
138000,0.011,0.390,0.600
138500,0.010,0.410,0.580
139000,0.010,0.362,0.628
139500,0.013,0.256,0.731
140000,0.026,0.282,0.692
140500,0.024,0.278,0.699
141000,0.027,0.242,0.731
141500,0.024,0.255,0.721
142000,0.014,0.280,0.706
142500,0.017,0.326,0.657
143000,0.011,0.306,0.682
143500,0.018,0.293,0.689
144000,0.018,0.239,0.742
144500,0.017,0.335,0.648
145000,0.011,0.360,0.628
145500,0.011,0.358,0.631
146000,0.011,0.395,0.595
146500,0.014,0.416,0.570
147000,0.011,0.400,0.589
147500,0.011,0.356,0.633
148000,0.013,0.358,0.628
148500,0.010,0.343,0.647
149000,0.013,0.351,0.637
149500,0.015,0.362,0.624
150000,0.011,0.363,0.627
150500,0.017,0.328,0.655
151000,0.013,0.362,0.625
151500,0.017,0.331,0.653
152000,0.015,0.352,0.633
152500,0.024,0.328,0.648
153000,0.022,0.300,0.677
153500,0.018,0.310,0.671
154000,0.015,0.310,0.675
154500,0.011,0.344,0.645
155000,0.011,0.331,0.658
155500,0.010,0.312,0.677
156000,0.010,0.263,0.727
156500,0.011,0.300,0.689
157000,0.013,0.325,0.663
157500,0.015,0.365,0.620
158000,0.014,0.286,0.700
158500,0.015,0.346,0.639
159000,0.011,0.323,0.667
159500,0.013,0.395,0.593
160000,0.013,0.374,0.614
160500,0.012,0.363,0.625
161000,0.011,0.383,0.607
161500,0.010,0.365,0.625
162000,0.011,0.402,0.587
162500,0.010,0.355,0.635
163000,0.011,0.357,0.631
163500,0.011,0.344,0.646
164000,0.021,0.346,0.633
164500,0.016,0.359,0.625
165000,0.011,0.369,0.620
165500,0.018,0.343,0.639
166000,0.010,0.381,0.609
166500,0.010,0.342,0.648
167000,0.010,0.354,0.635
167500,0.014,0.305,0.680
168000,0.021,0.281,0.698
168500,0.015,0.301,0.685
169000,0.018,0.295,0.686
169500,0.011,0.296,0.693
170000,0.014,0.323,0.663
170500,0.011,0.314,0.675
171000,0.011,0.328,0.661
171500,0.010,0.371,0.619
172000,0.010,0.397,0.593
172500,0.010,0.404,0.586
173000,0.011,0.389,0.600
173500,0.013,0.332,0.656
174000,0.015,0.313,0.672
174500,0.013,0.309,0.677
175000,0.025,0.280,0.696
175500,0.029,0.244,0.728
176000,0.043,0.217,0.740
176500,0.024,0.256,0.721
177000,0.016,0.288,0.696
177500,0.012,0.335,0.653
178000,0.020,0.296,0.683
178500,0.023,0.282,0.695
179000,0.022,0.242,0.735
179500,0.018,0.254,0.728
180000,0.029,0.272,0.699
180500,0.016,0.279,0.706
181000,0.018,0.308,0.673
181500,0.012,0.332,0.656
182000,0.012,0.335,0.653
182500,0.018,0.288,0.695
183000,0.015,0.273,0.712
183500,0.016,0.294,0.690
184000,0.019,0.299,0.681
184500,0.014,0.304,0.681
185000,0.011,0.350,0.639
185500,0.011,0.316,0.674
186000,0.010,0.344,0.646
186500,0.011,0.345,0.644
187000,0.013,0.346,0.641
187500,0.010,0.373,0.617
188000,0.014,0.378,0.609
188500,0.011,0.296,0.693
189000,0.013,0.274,0.713
189500,0.014,0.305,0.681
190000,0.014,0.333,0.653
190500,0.021,0.328,0.651
191000,0.015,0.319,0.666
191500,0.019,0.337,0.644
192000,0.013,0.354,0.634
192500,0.014,0.326,0.660
193000,0.011,0.313,0.676
193500,0.018,0.305,0.676
194000,0.014,0.345,0.641
194500,0.014,0.339,0.647
195000,0.010,0.371,0.619
195500,0.012,0.368,0.619
196000,0.014,0.391,0.595
196500,0.013,0.412,0.575
197000,0.011,0.385,0.604
197500,0.010,0.370,0.620
198000,0.013,0.335,0.653
198500,0.017,0.345,0.639
199000,0.012,0.349,0.639
199500,0.013,0.341,0.645
200000,0.011,0.326,0.663
200500,0.010,0.412,0.578
201000,0.012,0.400,0.589
201500,0.013,0.366,0.622
202000,0.012,0.384,0.604
202500,0.017,0.343,0.640
203000,0.013,0.364,0.623
203500,0.013,0.342,0.645
204000,0.011,0.358,0.632
204500,0.010,0.327,0.663
205000,0.010,0.337,0.653
205500,0.015,0.327,0.659
206000,0.017,0.345,0.638
206500,0.016,0.334,0.650
207000,0.014,0.301,0.684
207500,0.015,0.319,0.666
208000,0.011,0.269,0.720
208500,0.017,0.316,0.668
209000,0.017,0.256,0.728
209500,0.018,0.255,0.727
210000,0.013,0.259,0.729
210500,0.018,0.266,0.716
211000,0.021,0.299,0.679
211500,0.017,0.357,0.626
212000,0.017,0.299,0.683
212500,0.021,0.368,0.612
213000,0.012,0.385,0.603
213500,0.011,0.377,0.613
214000,0.010,0.367,0.623
214500,0.010,0.325,0.665
215000,0.020,0.323,0.657
215500,0.013,0.320,0.667
216000,0.017,0.304,0.679
216500,0.013,0.320,0.668
217000,0.013,0.384,0.603
217500,0.011,0.408,0.581
218000,0.017,0.386,0.598
218500,0.015,0.340,0.645
219000,0.011,0.302,0.687
219500,0.017,0.302,0.681
220000,0.022,0.321,0.657
220500,0.024,0.325,0.651
221000,0.015,0.363,0.622
221500,0.011,0.328,0.661
222000,0.010,0.345,0.645
222500,0.011,0.313,0.676
223000,0.015,0.324,0.661
223500,0.023,0.273,0.704
224000,0.015,0.282,0.703
224500,0.011,0.309,0.679
225000,0.010,0.344,0.646
225500,0.012,0.359,0.629
226000,0.013,0.334,0.653
226500,0.011,0.345,0.644
227000,0.015,0.336,0.649
227500,0.013,0.373,0.613
228000,0.011,0.353,0.637
228500,0.011,0.293,0.696
229000,0.010,0.312,0.678
229500,0.010,0.350,0.640
230000,0.011,0.321,0.668
230500,0.011,0.368,0.622
231000,0.011,0.347,0.642
231500,0.010,0.344,0.646
232000,0.012,0.331,0.657
232500,0.012,0.290,0.698
233000,0.013,0.257,0.730
233500,0.020,0.289,0.691
234000,0.015,0.301,0.683
234500,0.018,0.272,0.710
235000,0.022,0.290,0.688
235500,0.018,0.246,0.736
236000,0.018,0.267,0.716
236500,0.013,0.312,0.675
237000,0.024,0.266,0.710
237500,0.031,0.230,0.739
238000,0.025,0.279,0.696
238500,0.016,0.293,0.691
239000,0.011,0.281,0.708
239500,0.011,0.295,0.694
240000,0.010,0.370,0.620
240500,0.010,0.376,0.615
241000,0.013,0.370,0.617
241500,0.015,0.382,0.604
242000,0.020,0.381,0.599
242500,0.015,0.325,0.660
243000,0.011,0.327,0.661
243500,0.015,0.361,0.624
244000,0.011,0.391,0.598
244500,0.011,0.439,0.551
245000,0.010,0.376,0.615
245500,0.013,0.396,0.591
246000,0.011,0.426,0.562
246500,0.011,0.446,0.544
247000,0.010,0.453,0.537
247500,0.010,0.416,0.574
248000,0.013,0.344,0.643
248500,0.011,0.427,0.561
249000,0.010,0.382,0.609
249500,0.010,0.352,0.637
250000,0.010,0.384,0.607
250500,0.010,0.351,0.639
251000,0.011,0.356,0.633
251500,0.015,0.308,0.677
252000,0.018,0.338,0.645
252500,0.013,0.298,0.689
253000,0.013,0.299,0.688
253500,0.018,0.362,0.619
254000,0.013,0.344,0.644
254500,0.013,0.360,0.627
255000,0.011,0.380,0.609
255500,0.015,0.347,0.639
256000,0.013,0.338,0.649
256500,0.015,0.280,0.706
257000,0.011,0.282,0.708
257500,0.025,0.290,0.685
258000,0.025,0.287,0.688
258500,0.021,0.288,0.691
259000,0.019,0.266,0.715
259500,0.011,0.318,0.671
260000,0.011,0.317,0.671
260500,0.015,0.314,0.671
261000,0.017,0.311,0.672
261500,0.012,0.320,0.668
262000,0.010,0.366,0.623
262500,0.010,0.400,0.591
263000,0.015,0.341,0.643
263500,0.011,0.343,0.646
264000,0.014,0.307,0.679
264500,0.022,0.360,0.617
265000,0.012,0.365,0.623
265500,0.010,0.360,0.630
266000,0.011,0.347,0.642
266500,0.011,0.371,0.618
267000,0.010,0.407,0.583
267500,0.010,0.379,0.611
268000,0.010,0.373,0.617
268500,0.010,0.348,0.641
269000,0.018,0.325,0.657
269500,0.013,0.317,0.671
270000,0.011,0.352,0.637
270500,0.010,0.369,0.621
271000,0.011,0.353,0.635
271500,0.011,0.370,0.620
272000,0.013,0.324,0.663
272500,0.018,0.308,0.674
273000,0.016,0.315,0.669
273500,0.012,0.310,0.677
274000,0.017,0.280,0.704
274500,0.015,0.307,0.677
275000,0.020,0.306,0.674
275500,0.021,0.349,0.630
276000,0.011,0.336,0.653
276500,0.011,0.340,0.650
277000,0.018,0.344,0.637
277500,0.011,0.348,0.641
278000,0.017,0.308,0.675
278500,0.019,0.292,0.688
279000,0.025,0.218,0.756
279500,0.019,0.262,0.719
280000,0.021,0.261,0.718
280500,0.023,0.281,0.696
281000,0.019,0.287,0.694
281500,0.017,0.308,0.674
282000,0.024,0.308,0.668
282500,0.013,0.316,0.671
283000,0.015,0.318,0.667
283500,0.011,0.368,0.622
284000,0.015,0.324,0.662
284500,0.011,0.335,0.654
285000,0.014,0.357,0.629
285500,0.011,0.370,0.619
286000,0.013,0.341,0.647
286500,0.011,0.345,0.644
287000,0.015,0.353,0.633
287500,0.011,0.366,0.624
288000,0.013,0.420,0.567
288500,0.010,0.404,0.587
289000,0.010,0.357,0.633
289500,0.018,0.349,0.633
290000,0.022,0.251,0.727
290500,0.026,0.281,0.693
291000,0.019,0.281,0.700
291500,0.021,0.297,0.682
292000,0.012,0.321,0.667
292500,0.011,0.355,0.634
293000,0.015,0.358,0.628
293500,0.015,0.360,0.625
294000,0.010,0.325,0.665
294500,0.017,0.295,0.688
295000,0.012,0.300,0.688
295500,0.015,0.330,0.656
296000,0.011,0.345,0.644
296500,0.019,0.309,0.671
297000,0.018,0.260,0.723
297500,0.040,0.210,0.750
298000,0.033,0.201,0.766
298500,0.025,0.222,0.753
299000,0.015,0.288,0.697
299500,0.021,0.333,0.647
300000,0.012,0.336,0.652
300500,0.019,0.330,0.651
301000,0.012,0.359,0.629
301500,0.011,0.353,0.637
302000,0.015,0.347,0.639
302500,0.011,0.329,0.660
303000,0.010,0.383,0.607
303500,0.010,0.336,0.654
304000,0.015,0.365,0.620
304500,0.011,0.356,0.633
305000,0.011,0.319,0.670
305500,0.014,0.331,0.655
306000,0.017,0.302,0.681
306500,0.017,0.361,0.622
307000,0.018,0.308,0.674
307500,0.018,0.303,0.679
308000,0.015,0.255,0.731
308500,0.013,0.312,0.674
309000,0.015,0.320,0.665
309500,0.029,0.323,0.649
310000,0.019,0.305,0.675
310500,0.023,0.299,0.678
311000,0.017,0.258,0.726
311500,0.021,0.272,0.707
312000,0.017,0.336,0.648
312500,0.018,0.256,0.726
313000,0.032,0.218,0.750
313500,0.022,0.254,0.724
314000,0.018,0.298,0.684
314500,0.013,0.304,0.683
315000,0.015,0.317,0.669
315500,0.015,0.326,0.659
316000,0.012,0.350,0.637
316500,0.013,0.347,0.640
317000,0.019,0.305,0.675
317500,0.015,0.290,0.695
318000,0.022,0.258,0.720
318500,0.024,0.270,0.706
319000,0.018,0.290,0.692
319500,0.033,0.270,0.698
320000,0.033,0.307,0.660
320500,0.019,0.268,0.713
321000,0.021,0.288,0.690
321500,0.021,0.322,0.657
322000,0.019,0.316,0.665
322500,0.012,0.333,0.655
323000,0.011,0.326,0.664
323500,0.013,0.360,0.627
324000,0.024,0.361,0.615
324500,0.015,0.306,0.679
325000,0.021,0.283,0.695
325500,0.013,0.310,0.677
326000,0.026,0.255,0.719
326500,0.029,0.248,0.723
327000,0.022,0.284,0.693
327500,0.018,0.299,0.683
328000,0.021,0.328,0.651
328500,0.014,0.301,0.684
329000,0.024,0.247,0.729
329500,0.015,0.258,0.727
330000,0.023,0.301,0.675
330500,0.012,0.328,0.660
331000,0.018,0.320,0.663
331500,0.022,0.320,0.658
332000,0.014,0.334,0.652
332500,0.020,0.279,0.701
333000,0.019,0.283,0.697
333500,0.026,0.330,0.644
334000,0.015,0.313,0.672
334500,0.011,0.307,0.682
335000,0.010,0.305,0.685
335500,0.011,0.370,0.620
336000,0.015,0.362,0.623
336500,0.013,0.328,0.659
337000,0.010,0.341,0.649
337500,0.010,0.351,0.639
338000,0.016,0.348,0.636
338500,0.018,0.297,0.685
339000,0.023,0.288,0.689
339500,0.027,0.283,0.690
340000,0.018,0.299,0.682
340500,0.018,0.306,0.675
341000,0.013,0.338,0.649
341500,0.013,0.349,0.638
342000,0.011,0.393,0.597
342500,0.013,0.406,0.581
343000,0.012,0.391,0.597
343500,0.012,0.373,0.615
344000,0.012,0.381,0.607
344500,0.010,0.407,0.583
345000,0.010,0.351,0.639
345500,0.015,0.334,0.651
346000,0.013,0.338,0.650
346500,0.019,0.286,0.695
347000,0.015,0.329,0.655
347500,0.017,0.336,0.647
348000,0.011,0.315,0.673
348500,0.011,0.374,0.616
349000,0.012,0.280,0.708
349500,0.019,0.306,0.674
350000,0.015,0.281,0.704
350500,0.015,0.292,0.692
351000,0.021,0.298,0.680
351500,0.015,0.326,0.659
352000,0.010,0.389,0.601
352500,0.010,0.313,0.677
353000,0.011,0.308,0.681
353500,0.010,0.313,0.677
354000,0.011,0.331,0.658
354500,0.013,0.333,0.654
355000,0.023,0.322,0.655
355500,0.017,0.342,0.641
356000,0.011,0.331,0.658
356500,0.015,0.319,0.666
357000,0.012,0.329,0.659
357500,0.011,0.353,0.636
358000,0.019,0.303,0.677
358500,0.026,0.285,0.688
359000,0.017,0.243,0.740
359500,0.025,0.271,0.704
360000,0.044,0.212,0.744
360500,0.030,0.234,0.736
361000,0.036,0.228,0.736
361500,0.021,0.276,0.704
362000,0.015,0.294,0.692
362500,0.011,0.320,0.669
363000,0.013,0.296,0.691
363500,0.015,0.323,0.663
364000,0.013,0.329,0.658
364500,0.015,0.353,0.631
365000,0.015,0.284,0.702
365500,0.013,0.322,0.666
366000,0.011,0.305,0.683
366500,0.018,0.295,0.686
367000,0.017,0.253,0.730
367500,0.017,0.234,0.750
368000,0.012,0.270,0.718
368500,0.018,0.342,0.641
369000,0.017,0.306,0.677
369500,0.015,0.328,0.657
370000,0.011,0.345,0.644
370500,0.010,0.373,0.617
371000,0.018,0.342,0.641
371500,0.013,0.305,0.682
372000,0.011,0.273,0.716
372500,0.017,0.259,0.724
373000,0.018,0.283,0.700
373500,0.019,0.281,0.700
374000,0.018,0.306,0.676
374500,0.017,0.354,0.629
375000,0.021,0.281,0.698
375500,0.017,0.277,0.707
376000,0.014,0.328,0.658
376500,0.022,0.305,0.672
377000,0.017,0.283,0.700
377500,0.015,0.294,0.692
378000,0.018,0.294,0.688
378500,0.015,0.316,0.670
379000,0.013,0.336,0.651
379500,0.014,0.346,0.640
380000,0.017,0.334,0.650
380500,0.022,0.265,0.713
381000,0.018,0.309,0.673
381500,0.017,0.351,0.632
382000,0.016,0.296,0.688
382500,0.013,0.308,0.679
383000,0.017,0.358,0.625
383500,0.018,0.328,0.654
384000,0.018,0.344,0.637
384500,0.013,0.339,0.649
385000,0.011,0.356,0.633
385500,0.013,0.359,0.627
386000,0.025,0.270,0.706
386500,0.024,0.261,0.716
387000,0.023,0.280,0.697
387500,0.018,0.302,0.680
388000,0.019,0.358,0.623
388500,0.012,0.396,0.593
389000,0.010,0.372,0.617
389500,0.010,0.372,0.617
390000,0.013,0.366,0.621
390500,0.015,0.418,0.567
391000,0.010,0.407,0.583
391500,0.015,0.374,0.611
392000,0.011,0.401,0.589
392500,0.010,0.389,0.601
393000,0.012,0.360,0.628
393500,0.015,0.398,0.588
394000,0.011,0.379,0.611
394500,0.013,0.322,0.665
395000,0.021,0.330,0.649
395500,0.019,0.320,0.661
396000,0.011,0.315,0.674
396500,0.011,0.361,0.628
397000,0.010,0.377,0.613
397500,0.010,0.375,0.615
398000,0.013,0.344,0.643
398500,0.011,0.328,0.662
399000,0.013,0.342,0.645
399500,0.015,0.336,0.649
400000,0.015,0.331,0.654
400500,0.015,0.318,0.667
401000,0.011,0.337,0.651
401500,0.015,0.361,0.625
402000,0.011,0.399,0.590
402500,0.012,0.381,0.607
403000,0.013,0.328,0.660
403500,0.015,0.344,0.641
404000,0.018,0.287,0.695
404500,0.020,0.314,0.666
405000,0.015,0.326,0.660
405500,0.010,0.339,0.651
406000,0.010,0.330,0.660
406500,0.010,0.349,0.641
407000,0.010,0.344,0.645
407500,0.010,0.318,0.672
408000,0.011,0.356,0.633
408500,0.011,0.366,0.623
409000,0.010,0.422,0.568
409500,0.010,0.414,0.576
410000,0.010,0.363,0.627
410500,0.013,0.384,0.603
411000,0.011,0.390,0.599
411500,0.010,0.384,0.607
412000,0.010,0.396,0.595
412500,0.010,0.347,0.643
413000,0.018,0.294,0.688
413500,0.013,0.344,0.643
414000,0.011,0.320,0.669
414500,0.010,0.350,0.640
415000,0.013,0.347,0.639
415500,0.010,0.344,0.646
416000,0.013,0.351,0.637
416500,0.013,0.358,0.630
417000,0.015,0.364,0.620
417500,0.015,0.318,0.667
418000,0.018,0.351,0.631
418500,0.019,0.315,0.666
419000,0.022,0.328,0.650
419500,0.015,0.348,0.638
420000,0.012,0.355,0.633
420500,0.018,0.314,0.669
421000,0.017,0.301,0.682
421500,0.012,0.320,0.668
422000,0.011,0.395,0.595
422500,0.010,0.353,0.637
423000,0.010,0.392,0.598
423500,0.012,0.422,0.566
424000,0.018,0.361,0.622
424500,0.013,0.308,0.679
425000,0.016,0.298,0.686
425500,0.018,0.324,0.659
426000,0.011,0.354,0.635
426500,0.010,0.394,0.596
427000,0.018,0.358,0.625
427500,0.013,0.373,0.614
428000,0.011,0.374,0.615
428500,0.018,0.306,0.675
429000,0.023,0.285,0.692
429500,0.030,0.261,0.709
430000,0.029,0.246,0.724
430500,0.029,0.227,0.744
431000,0.018,0.261,0.721
431500,0.016,0.306,0.678
432000,0.018,0.293,0.689
432500,0.017,0.314,0.669
433000,0.018,0.304,0.677
433500,0.025,0.329,0.646
434000,0.013,0.317,0.670
434500,0.011,0.314,0.675
435000,0.012,0.323,0.665
435500,0.016,0.336,0.648
436000,0.011,0.343,0.646
436500,0.011,0.381,0.609
437000,0.010,0.410,0.580
437500,0.011,0.435,0.554
438000,0.010,0.398,0.593
438500,0.010,0.396,0.595
439000,0.010,0.365,0.625
439500,0.010,0.344,0.646
440000,0.013,0.305,0.681
440500,0.018,0.296,0.686
441000,0.013,0.284,0.703
441500,0.015,0.316,0.669
442000,0.013,0.303,0.683
442500,0.011,0.348,0.641
443000,0.017,0.342,0.641
443500,0.011,0.343,0.645
444000,0.013,0.376,0.611
444500,0.011,0.360,0.630
445000,0.010,0.335,0.655
445500,0.019,0.343,0.638
446000,0.013,0.323,0.663
446500,0.011,0.312,0.677
447000,0.011,0.344,0.645
447500,0.011,0.396,0.594
448000,0.015,0.369,0.615
448500,0.015,0.362,0.624
449000,0.017,0.325,0.659
449500,0.012,0.330,0.658
450000,0.011,0.328,0.661
450500,0.011,0.308,0.681
451000,0.011,0.363,0.626
451500,0.010,0.348,0.642
452000,0.019,0.330,0.651
452500,0.013,0.381,0.607
453000,0.011,0.398,0.592
453500,0.013,0.367,0.620
454000,0.011,0.330,0.659
454500,0.011,0.363,0.626
455000,0.010,0.369,0.621
455500,0.010,0.393,0.597
456000,0.015,0.351,0.635
456500,0.011,0.390,0.599
457000,0.010,0.419,0.571
457500,0.010,0.411,0.579
458000,0.010,0.360,0.630
458500,0.015,0.329,0.657
459000,0.013,0.364,0.623
459500,0.010,0.309,0.680
460000,0.017,0.333,0.650
460500,0.011,0.354,0.635
461000,0.018,0.374,0.608
461500,0.017,0.374,0.609
462000,0.027,0.293,0.680
462500,0.021,0.287,0.691
463000,0.018,0.326,0.656
463500,0.018,0.338,0.643
464000,0.013,0.315,0.671
464500,0.011,0.371,0.618
465000,0.014,0.351,0.635
465500,0.011,0.359,0.630
466000,0.011,0.326,0.663
466500,0.011,0.335,0.655
467000,0.010,0.352,0.637
467500,0.010,0.322,0.668
468000,0.012,0.319,0.669
468500,0.011,0.368,0.622
469000,0.015,0.306,0.678
469500,0.018,0.270,0.712
470000,0.037,0.231,0.732
470500,0.026,0.276,0.698
471000,0.014,0.264,0.722
471500,0.024,0.261,0.716
472000,0.015,0.278,0.708
472500,0.015,0.325,0.660
473000,0.024,0.323,0.653
473500,0.020,0.325,0.655
474000,0.018,0.329,0.654
474500,0.011,0.350,0.638
475000,0.011,0.319,0.671
475500,0.021,0.292,0.686
476000,0.014,0.339,0.647
476500,0.013,0.338,0.650
477000,0.010,0.343,0.647
477500,0.010,0.340,0.650
478000,0.010,0.346,0.644
478500,0.018,0.296,0.686
479000,0.015,0.339,0.646
479500,0.011,0.343,0.646
480000,0.013,0.326,0.661
480500,0.012,0.375,0.613
481000,0.015,0.282,0.703
481500,0.020,0.274,0.706
482000,0.015,0.239,0.746
482500,0.019,0.274,0.707
483000,0.011,0.283,0.706
483500,0.017,0.280,0.704
484000,0.013,0.313,0.674
484500,0.013,0.346,0.642
485000,0.011,0.343,0.646
485500,0.015,0.340,0.646
486000,0.011,0.286,0.703
486500,0.011,0.343,0.646
487000,0.010,0.340,0.650
487500,0.013,0.363,0.623
488000,0.011,0.338,0.651
488500,0.011,0.322,0.667
489000,0.015,0.335,0.651
489500,0.013,0.298,0.689
490000,0.018,0.288,0.694
490500,0.017,0.346,0.637
491000,0.011,0.352,0.636
491500,0.010,0.347,0.643
492000,0.010,0.357,0.633
492500,0.013,0.314,0.673
493000,0.012,0.340,0.648
493500,0.013,0.345,0.642
494000,0.011,0.375,0.614
494500,0.017,0.337,0.647
495000,0.012,0.339,0.649
495500,0.010,0.323,0.667
496000,0.014,0.368,0.618
496500,0.010,0.361,0.629
497000,0.010,0.356,0.633
497500,0.010,0.333,0.657
498000,0.011,0.369,0.619
498500,0.019,0.294,0.687
499000,0.017,0.292,0.691
499500,0.014,0.278,0.708
500000,0.015,0.338,0.647
500500,0.013,0.317,0.670
501000,0.015,0.326,0.659
501500,0.013,0.328,0.660
502000,0.011,0.344,0.645
502500,0.015,0.352,0.634
503000,0.017,0.316,0.667
503500,0.015,0.326,0.660
504000,0.011,0.324,0.665
504500,0.017,0.326,0.657
505000,0.019,0.305,0.675
505500,0.033,0.252,0.716
506000,0.025,0.300,0.674
506500,0.019,0.278,0.704
507000,0.024,0.278,0.698
507500,0.018,0.303,0.678
508000,0.011,0.330,0.659
508500,0.011,0.382,0.608
509000,0.010,0.396,0.594
509500,0.010,0.371,0.619
510000,0.011,0.399,0.590
510500,0.013,0.422,0.566
511000,0.011,0.377,0.612
511500,0.011,0.406,0.583
512000,0.010,0.386,0.604
512500,0.015,0.324,0.662
513000,0.020,0.330,0.650
513500,0.015,0.359,0.626
514000,0.023,0.334,0.643
514500,0.018,0.281,0.701
515000,0.017,0.322,0.662
515500,0.011,0.331,0.658
516000,0.013,0.351,0.636
516500,0.014,0.376,0.611
517000,0.011,0.337,0.652
517500,0.011,0.374,0.615
518000,0.013,0.357,0.631
518500,0.011,0.337,0.652
519000,0.015,0.323,0.661
519500,0.013,0.271,0.716
520000,0.038,0.223,0.739
520500,0.036,0.211,0.753
521000,0.035,0.198,0.768
521500,0.030,0.245,0.725
522000,0.029,0.264,0.708
522500,0.025,0.256,0.719
523000,0.033,0.244,0.722
523500,0.021,0.294,0.685
524000,0.015,0.305,0.679
524500,0.016,0.278,0.706
525000,0.032,0.229,0.739
525500,0.025,0.278,0.698
526000,0.028,0.267,0.706
526500,0.027,0.226,0.747
527000,0.028,0.212,0.760
527500,0.037,0.237,0.725
528000,0.029,0.254,0.718
528500,0.018,0.249,0.734
529000,0.016,0.270,0.714
529500,0.026,0.291,0.682
530000,0.013,0.266,0.721
530500,0.022,0.296,0.681
531000,0.020,0.356,0.624
531500,0.019,0.318,0.663
532000,0.019,0.316,0.665
532500,0.013,0.292,0.696
533000,0.027,0.309,0.663
533500,0.019,0.265,0.716
534000,0.015,0.252,0.733
534500,0.015,0.315,0.670
535000,0.011,0.348,0.641
535500,0.016,0.327,0.657
536000,0.011,0.335,0.655
536500,0.015,0.355,0.630
537000,0.010,0.329,0.661
537500,0.010,0.373,0.617
538000,0.011,0.412,0.576
538500,0.011,0.400,0.590
539000,0.015,0.434,0.552
539500,0.015,0.354,0.631
540000,0.018,0.309,0.673
540500,0.025,0.244,0.730
541000,0.025,0.277,0.698
541500,0.018,0.291,0.691
542000,0.018,0.273,0.710
542500,0.017,0.242,0.740
543000,0.019,0.296,0.685
543500,0.011,0.336,0.653
544000,0.011,0.380,0.609
544500,0.015,0.375,0.610
545000,0.014,0.321,0.665
545500,0.013,0.316,0.671
546000,0.011,0.352,0.637
546500,0.010,0.361,0.629
547000,0.010,0.336,0.654
547500,0.017,0.344,0.639
548000,0.013,0.326,0.661
548500,0.015,0.357,0.627
549000,0.018,0.305,0.676
549500,0.024,0.284,0.692
550000,0.025,0.263,0.712
550500,0.018,0.314,0.667
551000,0.018,0.314,0.669
551500,0.015,0.292,0.694
552000,0.013,0.330,0.657
552500,0.013,0.370,0.617
553000,0.011,0.374,0.615
553500,0.011,0.409,0.581
554000,0.014,0.334,0.652
554500,0.011,0.338,0.651
555000,0.011,0.312,0.677
555500,0.010,0.319,0.671
556000,0.012,0.301,0.687
556500,0.013,0.320,0.668
557000,0.017,0.332,0.651
557500,0.012,0.342,0.646
558000,0.011,0.392,0.598
558500,0.012,0.417,0.571
559000,0.011,0.459,0.530
559500,0.011,0.434,0.556
560000,0.011,0.362,0.627
560500,0.011,0.383,0.607
561000,0.010,0.361,0.629
561500,0.010,0.312,0.678
562000,0.019,0.290,0.691
562500,0.020,0.350,0.630
563000,0.011,0.368,0.621
563500,0.013,0.338,0.649
564000,0.017,0.336,0.647
564500,0.011,0.293,0.696
565000,0.013,0.280,0.708
565500,0.021,0.258,0.721
566000,0.029,0.310,0.661
566500,0.031,0.291,0.677
567000,0.024,0.281,0.696
567500,0.013,0.348,0.639
568000,0.011,0.319,0.670
568500,0.011,0.338,0.651
569000,0.016,0.311,0.673
569500,0.018,0.290,0.692
570000,0.026,0.275,0.700
570500,0.013,0.289,0.697
571000,0.011,0.331,0.659
571500,0.012,0.360,0.628
572000,0.013,0.340,0.647
572500,0.014,0.327,0.659
573000,0.018,0.325,0.657
573500,0.015,0.297,0.688
574000,0.024,0.290,0.687
574500,0.021,0.257,0.722
575000,0.021,0.242,0.737
575500,0.030,0.274,0.696
576000,0.032,0.283,0.684
576500,0.024,0.309,0.667
577000,0.015,0.307,0.677
577500,0.019,0.306,0.674
578000,0.013,0.315,0.672
578500,0.011,0.311,0.677
579000,0.011,0.298,0.692
579500,0.015,0.300,0.685
580000,0.020,0.352,0.628
580500,0.015,0.353,0.632
581000,0.011,0.323,0.666
581500,0.010,0.319,0.671
582000,0.019,0.294,0.686
582500,0.021,0.255,0.724
583000,0.028,0.263,0.709
583500,0.021,0.285,0.694
584000,0.020,0.347,0.633
584500,0.014,0.332,0.654
585000,0.011,0.356,0.634
585500,0.010,0.373,0.617
586000,0.013,0.337,0.650
586500,0.017,0.279,0.705
587000,0.021,0.329,0.651
587500,0.013,0.359,0.628
588000,0.011,0.308,0.680
588500,0.021,0.265,0.714
589000,0.024,0.237,0.739
589500,0.023,0.246,0.731
590000,0.028,0.257,0.716
590500,0.018,0.241,0.742
591000,0.019,0.288,0.693
591500,0.012,0.285,0.703
592000,0.018,0.277,0.705
592500,0.022,0.307,0.671
593000,0.018,0.312,0.669
593500,0.013,0.341,0.647
594000,0.011,0.354,0.635
594500,0.013,0.374,0.613
595000,0.011,0.403,0.587
595500,0.010,0.376,0.614
596000,0.012,0.327,0.661
596500,0.015,0.353,0.631
597000,0.014,0.301,0.684
597500,0.017,0.307,0.676
598000,0.013,0.324,0.664
598500,0.010,0.374,0.615
599000,0.015,0.271,0.714
599500,0.021,0.248,0.730
600000,0.015,0.287,0.698
600500,0.013,0.316,0.671
601000,0.021,0.282,0.697
601500,0.020,0.335,0.645
602000,0.013,0.257,0.731
602500,0.019,0.257,0.724
603000,0.019,0.261,0.720
603500,0.025,0.251,0.725
604000,0.032,0.304,0.664
604500,0.029,0.253,0.719
605000,0.029,0.221,0.751
605500,0.018,0.245,0.737
606000,0.025,0.271,0.705
606500,0.021,0.261,0.718
607000,0.015,0.282,0.703
607500,0.010,0.344,0.645
608000,0.010,0.327,0.663
608500,0.013,0.308,0.679
609000,0.014,0.325,0.661
609500,0.011,0.337,0.652
610000,0.010,0.315,0.675
610500,0.010,0.322,0.668
611000,0.011,0.336,0.653
611500,0.018,0.319,0.663
612000,0.011,0.309,0.679
612500,0.011,0.333,0.656
613000,0.011,0.315,0.674
613500,0.010,0.309,0.681
614000,0.013,0.352,0.635
614500,0.011,0.354,0.635
615000,0.011,0.415,0.575
615500,0.010,0.373,0.617
616000,0.010,0.403,0.587
616500,0.010,0.319,0.671
617000,0.010,0.319,0.671
617500,0.010,0.330,0.660
618000,0.011,0.303,0.685
618500,0.019,0.339,0.641
619000,0.015,0.294,0.691
619500,0.016,0.277,0.708
620000,0.015,0.304,0.681
620500,0.013,0.283,0.704
621000,0.018,0.267,0.716
621500,0.019,0.280,0.702
622000,0.017,0.381,0.602
622500,0.015,0.343,0.642
623000,0.015,0.315,0.669
623500,0.011,0.283,0.706
624000,0.014,0.294,0.692
624500,0.013,0.312,0.675
625000,0.011,0.311,0.678
625500,0.016,0.291,0.693
626000,0.019,0.295,0.686
626500,0.013,0.356,0.632
627000,0.013,0.337,0.649
627500,0.010,0.386,0.604
628000,0.010,0.350,0.639
628500,0.015,0.302,0.682
629000,0.019,0.311,0.669
629500,0.018,0.303,0.679
630000,0.015,0.322,0.663
630500,0.013,0.297,0.690
631000,0.018,0.310,0.671
631500,0.011,0.321,0.668
632000,0.013,0.320,0.668
632500,0.013,0.321,0.665
633000,0.011,0.360,0.629
633500,0.011,0.322,0.667
634000,0.010,0.332,0.658
634500,0.015,0.318,0.667
635000,0.011,0.261,0.728
635500,0.025,0.300,0.675
636000,0.022,0.285,0.692
636500,0.019,0.359,0.622
637000,0.017,0.355,0.629
637500,0.011,0.353,0.637
638000,0.014,0.364,0.621
638500,0.019,0.342,0.639
639000,0.022,0.317,0.661
639500,0.015,0.327,0.658
640000,0.012,0.293,0.695
640500,0.029,0.278,0.694
641000,0.024,0.263,0.713
641500,0.017,0.338,0.646
642000,0.012,0.346,0.642
642500,0.015,0.318,0.667
643000,0.018,0.307,0.674
643500,0.012,0.288,0.700
644000,0.013,0.367,0.620
644500,0.011,0.360,0.629
645000,0.012,0.340,0.648
645500,0.013,0.350,0.637
646000,0.010,0.340,0.650
646500,0.013,0.303,0.683
647000,0.016,0.309,0.675
647500,0.021,0.323,0.657
648000,0.015,0.286,0.699
648500,0.016,0.325,0.659
649000,0.011,0.373,0.615
649500,0.015,0.356,0.629
650000,0.011,0.353,0.636
650500,0.010,0.413,0.577
651000,0.010,0.400,0.591
651500,0.010,0.385,0.605
652000,0.010,0.388,0.603
652500,0.013,0.398,0.589
653000,0.011,0.434,0.555
653500,0.014,0.387,0.599
654000,0.011,0.388,0.602
654500,0.013,0.362,0.624
655000,0.015,0.354,0.630
655500,0.011,0.386,0.604
656000,0.015,0.312,0.672
656500,0.012,0.278,0.710
657000,0.013,0.330,0.657
657500,0.014,0.273,0.713
658000,0.013,0.285,0.702
658500,0.011,0.332,0.657
659000,0.010,0.370,0.620
659500,0.021,0.353,0.626
660000,0.014,0.298,0.688
660500,0.011,0.381,0.609
661000,0.010,0.372,0.617
661500,0.014,0.346,0.639
662000,0.016,0.299,0.685
662500,0.020,0.305,0.675
663000,0.013,0.309,0.677
663500,0.010,0.342,0.648
664000,0.012,0.343,0.645
664500,0.011,0.328,0.661
665000,0.011,0.360,0.628
665500,0.011,0.377,0.612
666000,0.014,0.351,0.635
666500,0.015,0.321,0.663
667000,0.015,0.317,0.668
667500,0.022,0.292,0.686
668000,0.022,0.266,0.712
668500,0.020,0.281,0.700
669000,0.013,0.309,0.679
669500,0.010,0.331,0.659
670000,0.011,0.364,0.625
670500,0.018,0.348,0.633
671000,0.013,0.303,0.684
671500,0.013,0.319,0.668
672000,0.018,0.321,0.662
672500,0.017,0.352,0.631
673000,0.013,0.361,0.627
673500,0.011,0.282,0.707
674000,0.018,0.281,0.701
674500,0.025,0.302,0.672
675000,0.023,0.292,0.685
675500,0.021,0.300,0.679
676000,0.015,0.339,0.647
676500,0.015,0.367,0.617
677000,0.012,0.301,0.686
677500,0.018,0.317,0.665
678000,0.021,0.307,0.673
678500,0.022,0.275,0.703
679000,0.026,0.280,0.694
679500,0.029,0.254,0.717
680000,0.024,0.249,0.728
680500,0.017,0.244,0.738
681000,0.024,0.308,0.667
681500,0.025,0.264,0.711
682000,0.035,0.231,0.734
682500,0.034,0.234,0.732
683000,0.041,0.203,0.757
683500,0.039,0.199,0.762
684000,0.038,0.208,0.753
684500,0.033,0.229,0.738
685000,0.034,0.238,0.728
685500,0.025,0.250,0.725
686000,0.017,0.239,0.744
686500,0.024,0.241,0.735
687000,0.030,0.202,0.768
687500,0.037,0.217,0.745
688000,0.031,0.219,0.750
688500,0.051,0.165,0.785
689000,0.079,0.140,0.782
689500,0.100,0.107,0.793
690000,0.116,0.096,0.788
690500,0.107,0.111,0.782
691000,0.093,0.098,0.808
691500,0.139,0.068,0.793
692000,0.172,0.043,0.785
692500,0.236,0.038,0.726
693000,0.251,0.019,0.730
693500,0.268,0.018,0.714
694000,0.353,0.005,0.642
694500,0.394,0.001,0.606
695000,0.426,0.000,0.574
695500,0.418,0.000,0.582
696000,0.406,0.000,0.595
696500,0.431,0.000,0.569
697000,0.390,0.000,0.610
697500,0.402,0.000,0.598
698000,0.433,0.000,0.567
698500,0.399,0.004,0.598
699000,0.435,0.001,0.564
699500,0.429,0.004,0.567
700000,0.419,0.001,0.580
700500,0.423,0.000,0.577
701000,0.414,0.000,0.586
701500,0.468,0.000,0.532
702000,0.454,0.000,0.546
702500,0.379,0.002,0.619
703000,0.419,0.001,0.581
703500,0.429,0.000,0.571
704000,0.436,0.000,0.564
704500,0.423,0.000,0.577
705000,0.482,0.000,0.518
705500,0.447,0.000,0.553
706000,0.473,0.000,0.527
706500,0.406,0.000,0.594
707000,0.385,0.005,0.610
707500,0.406,0.000,0.594
708000,0.388,0.000,0.613
708500,0.425,0.000,0.575
709000,0.423,0.000,0.577
709500,0.386,0.000,0.615
710000,0.467,0.001,0.532
710500,0.423,0.000,0.577
711000,0.384,0.003,0.614
711500,0.379,0.001,0.621
712000,0.427,0.001,0.572
712500,0.391,0.000,0.609
713000,0.399,0.000,0.601
713500,0.445,0.000,0.555
714000,0.431,0.002,0.568
714500,0.454,0.002,0.544
715000,0.375,0.000,0.625
715500,0.441,0.000,0.559
716000,0.430,0.000,0.570
716500,0.438,0.001,0.561
717000,0.426,0.000,0.574
717500,0.377,0.000,0.623
718000,0.364,0.003,0.634
718500,0.332,0.001,0.668
719000,0.371,0.001,0.628
719500,0.392,0.003,0.606
720000,0.422,0.001,0.577
720500,0.466,0.000,0.534
721000,0.396,0.004,0.601
721500,0.475,0.000,0.524
722000,0.423,0.000,0.577
722500,0.456,0.000,0.544
723000,0.451,0.000,0.549
723500,0.437,0.000,0.563
724000,0.380,0.000,0.621
724500,0.413,0.000,0.587
725000,0.432,0.000,0.568
725500,0.409,0.000,0.591
726000,0.374,0.001,0.625
726500,0.427,0.000,0.573
727000,0.406,0.000,0.595
727500,0.467,0.000,0.533
728000,0.454,0.000,0.546
728500,0.438,0.005,0.557
729000,0.442,0.001,0.558
729500,0.501,0.000,0.499
730000,0.489,0.000,0.511
730500,0.471,0.000,0.528
731000,0.465,0.004,0.531
731500,0.383,0.001,0.617
732000,0.342,0.000,0.658
732500,0.343,0.004,0.653
733000,0.409,0.001,0.591
733500,0.369,0.000,0.631
734000,0.426,0.000,0.574
734500,0.449,0.000,0.551
735000,0.403,0.000,0.597
735500,0.455,0.000,0.545
736000,0.465,0.000,0.535
736500,0.458,0.000,0.542
737000,0.364,0.004,0.632
737500,0.422,0.002,0.576
738000,0.405,0.001,0.594
738500,0.410,0.000,0.590
739000,0.411,0.004,0.585
739500,0.408,0.001,0.591
740000,0.373,0.000,0.627
740500,0.389,0.000,0.611
741000,0.441,0.000,0.559
741500,0.491,0.000,0.508
742000,0.392,0.000,0.609
742500,0.412,0.000,0.588
743000,0.385,0.000,0.615
743500,0.480,0.000,0.520
744000,0.501,0.000,0.499
744500,0.454,0.003,0.543
745000,0.465,0.001,0.535
745500,0.393,0.004,0.604
746000,0.357,0.001,0.642
746500,0.368,0.008,0.623
747000,0.333,0.007,0.660
747500,0.337,0.004,0.660
748000,0.378,0.003,0.620
748500,0.394,0.000,0.607
749000,0.409,0.000,0.591
749500,0.439,0.003,0.558
750000,0.476,0.001,0.524
750500,0.480,0.000,0.520
751000,0.447,0.000,0.553
751500,0.430,0.000,0.570
752000,0.419,0.000,0.581
752500,0.374,0.007,0.619
753000,0.325,0.007,0.668
753500,0.386,0.003,0.612
754000,0.408,0.001,0.591
754500,0.423,0.004,0.574
755000,0.406,0.001,0.593
755500,0.348,0.000,0.652
756000,0.411,0.002,0.587
756500,0.370,0.004,0.626
757000,0.437,0.001,0.562
757500,0.424,0.000,0.576
758000,0.475,0.000,0.525
758500,0.430,0.002,0.569
759000,0.404,0.003,0.593
759500,0.413,0.001,0.586
760000,0.392,0.000,0.609
760500,0.421,0.000,0.579
761000,0.424,0.002,0.574
761500,0.368,0.005,0.626
762000,0.397,0.002,0.601
762500,0.404,0.002,0.595
763000,0.435,0.001,0.564
763500,0.506,0.000,0.494
764000,0.484,0.000,0.516
764500,0.449,0.000,0.551
765000,0.499,0.000,0.501
765500,0.463,0.000,0.537
766000,0.454,0.000,0.546
766500,0.439,0.000,0.561
767000,0.425,0.000,0.575
767500,0.433,0.000,0.567
768000,0.456,0.001,0.543
768500,0.410,0.000,0.590
769000,0.395,0.000,0.605
769500,0.397,0.000,0.603
770000,0.407,0.000,0.593
770500,0.433,0.000,0.567
771000,0.407,0.000,0.593
771500,0.402,0.004,0.595
772000,0.390,0.005,0.606
772500,0.394,0.003,0.604
773000,0.376,0.003,0.622
773500,0.467,0.000,0.533
774000,0.428,0.000,0.572
774500,0.383,0.002,0.616
775000,0.424,0.001,0.576
775500,0.450,0.000,0.550
776000,0.437,0.000,0.563
776500,0.457,0.000,0.543
777000,0.410,0.002,0.588
777500,0.405,0.000,0.595
778000,0.457,0.000,0.543
778500,0.421,0.000,0.579
779000,0.449,0.002,0.549
779500,0.518,0.000,0.482
780000,0.476,0.000,0.524
780500,0.486,0.000,0.514
781000,0.423,0.000,0.577
781500,0.434,0.000,0.566
782000,0.392,0.004,0.605
782500,0.388,0.004,0.609
783000,0.355,0.004,0.641
783500,0.366,0.004,0.631
784000,0.414,0.001,0.585
784500,0.386,0.000,0.615
785000,0.363,0.000,0.637
785500,0.391,0.004,0.605
786000,0.445,0.002,0.553
786500,0.441,0.003,0.557
787000,0.386,0.012,0.602
787500,0.455,0.003,0.543
788000,0.442,0.001,0.558
788500,0.424,0.001,0.576
789000,0.400,0.001,0.600
789500,0.384,0.000,0.616
790000,0.398,0.000,0.602
790500,0.451,0.000,0.549
791000,0.481,0.000,0.518
791500,0.456,0.000,0.544
792000,0.449,0.005,0.546
792500,0.404,0.006,0.591
793000,0.450,0.001,0.550
793500,0.446,0.000,0.554
794000,0.480,0.000,0.520
794500,0.525,0.000,0.475
795000,0.451,0.000,0.549
795500,0.401,0.002,0.597
796000,0.473,0.001,0.527
796500,0.485,0.000,0.515
797000,0.452,0.000,0.548
797500,0.455,0.000,0.545
798000,0.455,0.000,0.545
798500,0.451,0.000,0.549
799000,0.418,0.000,0.582
799500,0.363,0.004,0.634
800000,0.398,0.000,0.603
800500,0.429,0.000,0.571
801000,0.434,0.004,0.563
801500,0.433,0.003,0.564
802000,0.451,0.001,0.548
802500,0.426,0.001,0.573
803000,0.395,0.001,0.604
803500,0.403,0.001,0.597
804000,0.374,0.000,0.625
804500,0.429,0.000,0.571
805000,0.445,0.000,0.555
805500,0.402,0.000,0.599
806000,0.322,0.000,0.678
806500,0.369,0.003,0.628
807000,0.362,0.001,0.637
807500,0.397,0.001,0.603
808000,0.440,0.000,0.560
808500,0.429,0.000,0.571
809000,0.409,0.000,0.591
809500,0.386,0.000,0.614
810000,0.458,0.000,0.542
810500,0.534,0.000,0.466
811000,0.539,0.000,0.461
811500,0.505,0.000,0.495
812000,0.484,0.000,0.516
812500,0.441,0.000,0.559
813000,0.423,0.000,0.577
813500,0.461,0.000,0.539
814000,0.461,0.000,0.539
814500,0.435,0.000,0.565
815000,0.498,0.000,0.502
815500,0.470,0.000,0.530
816000,0.473,0.000,0.527
816500,0.453,0.000,0.547
817000,0.403,0.001,0.596
817500,0.439,0.000,0.561
818000,0.438,0.000,0.562
818500,0.413,0.003,0.584
819000,0.450,0.004,0.546
819500,0.389,0.001,0.611
820000,0.375,0.000,0.625
820500,0.427,0.001,0.572
821000,0.481,0.000,0.519
821500,0.470,0.000,0.530
822000,0.471,0.000,0.529
822500,0.432,0.000,0.568
823000,0.432,0.000,0.568
823500,0.447,0.000,0.553
824000,0.436,0.000,0.564
824500,0.467,0.000,0.533
825000,0.426,0.000,0.574
825500,0.456,0.000,0.544
826000,0.436,0.000,0.564
826500,0.423,0.000,0.577
827000,0.433,0.000,0.567
827500,0.409,0.000,0.591
828000,0.406,0.005,0.589
828500,0.406,0.001,0.593
829000,0.403,0.001,0.597
829500,0.432,0.000,0.568
830000,0.458,0.000,0.542
830500,0.435,0.000,0.565
831000,0.463,0.003,0.535
831500,0.436,0.001,0.563
832000,0.424,0.000,0.576
832500,0.420,0.000,0.580
833000,0.463,0.000,0.537
833500,0.428,0.000,0.572
834000,0.488,0.003,0.509
834500,0.494,0.001,0.505
835000,0.483,0.000,0.516
835500,0.478,0.000,0.522
836000,0.461,0.000,0.539
836500,0.454,0.000,0.546
837000,0.448,0.003,0.549
837500,0.439,0.000,0.561
838000,0.465,0.000,0.535
838500,0.451,0.000,0.549
839000,0.481,0.000,0.519
839500,0.483,0.003,0.514
840000,0.458,0.000,0.542
840500,0.515,0.001,0.484
841000,0.455,0.000,0.545
841500,0.406,0.000,0.594
842000,0.318,0.002,0.680
842500,0.357,0.005,0.638
843000,0.395,0.001,0.604
843500,0.395,0.006,0.599
844000,0.372,0.002,0.625
844500,0.399,0.002,0.599
845000,0.478,0.000,0.522
845500,0.488,0.000,0.512
846000,0.473,0.000,0.527
846500,0.439,0.000,0.561
847000,0.463,0.000,0.537
847500,0.397,0.000,0.603
848000,0.420,0.000,0.580
848500,0.358,0.000,0.642
849000,0.442,0.003,0.555
849500,0.442,0.000,0.558
850000,0.419,0.001,0.580
850500,0.388,0.000,0.612
851000,0.403,0.000,0.597
851500,0.430,0.000,0.570
852000,0.425,0.000,0.575
852500,0.459,0.000,0.541
853000,0.468,0.000,0.532
853500,0.426,0.001,0.573
854000,0.406,0.009,0.584
854500,0.395,0.004,0.601
855000,0.389,0.000,0.611
855500,0.412,0.000,0.588
856000,0.445,0.000,0.555
856500,0.415,0.000,0.585
857000,0.405,0.000,0.595
857500,0.422,0.000,0.578
858000,0.421,0.000,0.579
858500,0.392,0.004,0.604
859000,0.406,0.002,0.593
859500,0.443,0.001,0.556
860000,0.422,0.002,0.577
860500,0.395,0.001,0.605
861000,0.395,0.003,0.603
861500,0.380,0.005,0.615
862000,0.388,0.002,0.610
862500,0.397,0.009,0.594
863000,0.447,0.002,0.551
863500,0.428,0.001,0.572
864000,0.466,0.000,0.534
864500,0.440,0.000,0.560
865000,0.439,0.000,0.561
865500,0.463,0.000,0.537
866000,0.462,0.000,0.538
866500,0.463,0.000,0.537
867000,0.450,0.000,0.550
867500,0.437,0.000,0.563
868000,0.457,0.000,0.543
868500,0.402,0.000,0.598
869000,0.448,0.000,0.552
869500,0.459,0.000,0.541
870000,0.404,0.000,0.596
870500,0.419,0.000,0.581
871000,0.402,0.000,0.599
871500,0.444,0.000,0.556
872000,0.392,0.001,0.608
872500,0.421,0.000,0.579
873000,0.477,0.000,0.523
873500,0.482,0.000,0.518
874000,0.472,0.000,0.528
874500,0.434,0.000,0.566
875000,0.425,0.000,0.575
875500,0.422,0.000,0.578
876000,0.453,0.000,0.547
876500,0.409,0.000,0.591
877000,0.409,0.000,0.591
877500,0.347,0.004,0.650
878000,0.382,0.003,0.616
878500,0.392,0.002,0.606
879000,0.411,0.000,0.589
879500,0.440,0.000,0.560
880000,0.431,0.000,0.569
880500,0.435,0.000,0.565
881000,0.442,0.000,0.558
881500,0.489,0.000,0.510
882000,0.438,0.000,0.562
882500,0.382,0.000,0.618
883000,0.403,0.000,0.597
883500,0.430,0.000,0.570
884000,0.424,0.000,0.576
884500,0.467,0.000,0.533
885000,0.467,0.000,0.533
885500,0.471,0.000,0.528
886000,0.434,0.000,0.566
886500,0.399,0.002,0.599
887000,0.467,0.001,0.533
887500,0.475,0.000,0.524
888000,0.463,0.000,0.537
888500,0.418,0.001,0.581
889000,0.376,0.004,0.621
889500,0.338,0.013,0.649
890000,0.365,0.005,0.630
890500,0.369,0.004,0.628
891000,0.413,0.001,0.587
891500,0.406,0.001,0.594
892000,0.440,0.000,0.560
892500,0.373,0.000,0.627
893000,0.389,0.002,0.610
893500,0.394,0.004,0.602
894000,0.398,0.001,0.602
894500,0.414,0.002,0.584
895000,0.439,0.001,0.560
895500,0.466,0.000,0.534
896000,0.446,0.000,0.554
896500,0.440,0.000,0.560
897000,0.457,0.000,0.543
897500,0.459,0.000,0.541
898000,0.400,0.004,0.596
898500,0.404,0.000,0.597
899000,0.435,0.002,0.563
899500,0.372,0.004,0.625
900000,0.364,0.004,0.631
900500,0.417,0.001,0.582
901000,0.443,0.000,0.557
901500,0.456,0.000,0.544
902000,0.487,0.003,0.510
902500,0.480,0.000,0.520
903000,0.472,0.000,0.528
903500,0.433,0.000,0.567
904000,0.409,0.000,0.591
904500,0.403,0.000,0.597
905000,0.453,0.004,0.543
905500,0.446,0.001,0.554
906000,0.479,0.000,0.521
906500,0.431,0.000,0.569
907000,0.456,0.000,0.544
907500,0.442,0.000,0.558
908000,0.387,0.000,0.613
908500,0.379,0.000,0.621
909000,0.390,0.000,0.611
909500,0.377,0.002,0.622
910000,0.380,0.004,0.617
910500,0.373,0.001,0.626
911000,0.419,0.004,0.577
911500,0.400,0.002,0.598
912000,0.403,0.001,0.597
912500,0.426,0.001,0.573
913000,0.415,0.001,0.585
913500,0.370,0.004,0.627
914000,0.379,0.002,0.620
914500,0.338,0.009,0.653
915000,0.317,0.010,0.673
915500,0.310,0.002,0.688
916000,0.351,0.014,0.635
916500,0.338,0.009,0.654
917000,0.363,0.002,0.635
917500,0.409,0.000,0.591
918000,0.395,0.000,0.605
918500,0.396,0.002,0.603
919000,0.399,0.002,0.600
919500,0.374,0.006,0.620
920000,0.434,0.002,0.564
920500,0.401,0.008,0.591
921000,0.369,0.004,0.627
921500,0.372,0.002,0.627
922000,0.397,0.005,0.598
922500,0.383,0.000,0.617
923000,0.421,0.002,0.577
923500,0.448,0.001,0.552
924000,0.461,0.000,0.539
924500,0.427,0.000,0.573
925000,0.443,0.000,0.557
925500,0.415,0.004,0.581
926000,0.417,0.003,0.581
926500,0.426,0.006,0.567
927000,0.431,0.002,0.567
927500,0.381,0.001,0.619
928000,0.372,0.003,0.625
928500,0.402,0.001,0.597
929000,0.371,0.000,0.629
929500,0.391,0.000,0.609
930000,0.435,0.000,0.565
930500,0.462,0.003,0.536
931000,0.481,0.001,0.518
931500,0.446,0.001,0.554
932000,0.393,0.000,0.607
932500,0.439,0.000,0.561
933000,0.425,0.004,0.570
933500,0.431,0.001,0.568
934000,0.437,0.001,0.562
934500,0.461,0.000,0.539
935000,0.434,0.000,0.566
935500,0.484,0.000,0.516
936000,0.433,0.000,0.567
936500,0.478,0.000,0.522
937000,0.418,0.000,0.582
937500,0.387,0.000,0.613
938000,0.389,0.000,0.611
938500,0.420,0.000,0.580
939000,0.407,0.003,0.590
939500,0.469,0.001,0.530
940000,0.442,0.004,0.554
940500,0.441,0.001,0.558
941000,0.484,0.001,0.515
941500,0.421,0.001,0.579
942000,0.455,0.000,0.545
942500,0.455,0.000,0.545
943000,0.412,0.004,0.583
943500,0.408,0.001,0.591
944000,0.388,0.001,0.612
944500,0.438,0.000,0.562
945000,0.444,0.000,0.556
945500,0.419,0.000,0.581
946000,0.459,0.000,0.541
946500,0.448,0.000,0.552
947000,0.446,0.000,0.554
947500,0.453,0.000,0.547
948000,0.433,0.000,0.567
948500,0.411,0.000,0.589
949000,0.394,0.000,0.607
949500,0.375,0.000,0.625
950000,0.368,0.000,0.631
950500,0.381,0.001,0.618
951000,0.371,0.001,0.628
951500,0.440,0.000,0.560
952000,0.418,0.000,0.582
952500,0.450,0.000,0.550
953000,0.496,0.000,0.504
953500,0.471,0.000,0.528
954000,0.448,0.000,0.552
954500,0.416,0.000,0.584
955000,0.392,0.003,0.606
955500,0.415,0.001,0.584
956000,0.423,0.004,0.572
956500,0.406,0.001,0.594
957000,0.375,0.001,0.625
957500,0.373,0.004,0.624
958000,0.395,0.007,0.598
958500,0.454,0.002,0.544
959000,0.460,0.001,0.540
959500,0.504,0.000,0.496
960000,0.466,0.000,0.534
960500,0.443,0.000,0.557
961000,0.453,0.000,0.547
961500,0.459,0.000,0.541
962000,0.424,0.003,0.574
962500,0.385,0.001,0.615
963000,0.395,0.000,0.605
963500,0.439,0.000,0.561
964000,0.448,0.000,0.552
964500,0.451,0.000,0.549
965000,0.362,0.000,0.637
965500,0.414,0.000,0.586
966000,0.427,0.000,0.573
966500,0.392,0.000,0.608
967000,0.435,0.000,0.565
967500,0.419,0.000,0.581
968000,0.421,0.002,0.578
968500,0.446,0.001,0.554
969000,0.469,0.001,0.530
969500,0.432,0.000,0.568
970000,0.419,0.001,0.581
970500,0.476,0.000,0.524
971000,0.447,0.000,0.553
971500,0.361,0.004,0.635
972000,0.428,0.003,0.569
972500,0.458,0.001,0.542
973000,0.453,0.000,0.547
973500,0.479,0.000,0.520
974000,0.481,0.000,0.518
974500,0.431,0.002,0.567
975000,0.415,0.000,0.585
975500,0.400,0.003,0.598
976000,0.422,0.002,0.576
976500,0.471,0.000,0.528
977000,0.455,0.000,0.545
977500,0.465,0.000,0.535
978000,0.438,0.000,0.562
978500,0.404,0.000,0.596
979000,0.458,0.000,0.542
979500,0.420,0.000,0.580
980000,0.390,0.003,0.607
980500,0.433,0.002,0.565
981000,0.446,0.000,0.554
981500,0.470,0.000,0.530
982000,0.440,0.000,0.560
982500,0.466,0.000,0.534
983000,0.474,0.000,0.526
983500,0.537,0.000,0.463
984000,0.530,0.000,0.470
984500,0.402,0.000,0.599
985000,0.419,0.000,0.581
985500,0.421,0.000,0.579
986000,0.390,0.004,0.607
986500,0.409,0.001,0.590
987000,0.381,0.001,0.619
987500,0.366,0.001,0.633
988000,0.373,0.002,0.625
988500,0.369,0.002,0.630
989000,0.403,0.003,0.595
989500,0.429,0.006,0.564
990000,0.407,0.002,0.592
990500,0.387,0.001,0.613
991000,0.402,0.002,0.596
991500,0.452,0.000,0.548
992000,0.446,0.000,0.554
992500,0.396,0.000,0.604
993000,0.383,0.000,0.617
993500,0.420,0.000,0.580
994000,0.407,0.002,0.592
994500,0.425,0.000,0.575
995000,0.427,0.000,0.573
995500,0.430,0.000,0.570
996000,0.392,0.000,0.609
996500,0.393,0.000,0.607
997000,0.414,0.000,0.586
997500,0.444,0.000,0.556
998000,0.428,0.000,0.572
998500,0.394,0.000,0.606
999000,0.361,0.002,0.638
999500,0.441,0.000,0.559
1000000,0.388,0.003,0.610
