time,n_A+p,n_B,n_AB
0,0.446,0.554,-0.000
500,0.264,0.421,0.314
1000,0.256,0.442,0.302
1500,0.194,0.467,0.339
2000,0.178,0.566,0.256
2500,0.103,0.731,0.165
3000,0.091,0.752,0.157
3500,0.054,0.822,0.124
4000,0.017,0.888,0.095
4500,0.004,0.946,0.050
5000,0.000,0.992,0.008
5500,0.000,0.996,0.004
6000,0.000,0.988,0.012
6500,0.000,0.983,0.017
7000,0.000,0.983,0.017
7500,0.000,0.992,0.008
8000,0.000,0.996,0.004
8500,0.000,0.996,0.004
9000,0.000,0.996,0.004
9500,0.000,1.000,0.000
