time,n_A+p,n_B,n_AB
500,0.080,0.811,0.109
1000,0.080,0.746,0.174
1500,0.080,0.730,0.190
2000,0.080,0.680,0.240
2500,0.080,0.628,0.292
3000,0.080,0.638,0.282
3500,0.082,0.621,0.297
4000,0.081,0.639,0.280
4500,0.080,0.670,0.250
5000,0.080,0.636,0.284
5500,0.080,0.632,0.288
6000,0.080,0.654,0.266
6500,0.080,0.671,0.249
7000,0.080,0.666,0.254
7500,0.081,0.665,0.254
8000,0.080,0.671,0.249
8500,0.080,0.684,0.236
9000,0.081,0.667,0.252
9500,0.081,0.667,0.252
10000,0.083,0.665,0.252
10500,0.081,0.697,0.223
11000,0.081,0.639,0.280
11500,0.080,0.632,0.288
12000,0.080,0.668,0.252
12500,0.084,0.650,0.266
13000,0.080,0.689,0.231
13500,0.080,0.670,0.250
14000,0.080,0.659,0.261
14500,0.080,0.666,0.254
15000,0.080,0.693,0.228
15500,0.080,0.689,0.231
16000,0.080,0.674,0.246
16500,0.080,0.703,0.217
17000,0.080,0.705,0.216
17500,0.080,0.697,0.223
18000,0.080,0.699,0.221
18500,0.080,0.687,0.233
19000,0.080,0.688,0.233
19500,0.080,0.694,0.226
20000,0.080,0.731,0.189
20500,0.080,0.755,0.165
21000,0.080,0.734,0.186
21500,0.080,0.700,0.221
22000,0.080,0.657,0.263
22500,0.084,0.660,0.256
23000,0.081,0.690,0.230
23500,0.080,0.699,0.222
24000,0.080,0.679,0.241
24500,0.081,0.690,0.230
25000,0.080,0.670,0.250
25500,0.080,0.635,0.285
26000,0.080,0.656,0.264
26500,0.080,0.686,0.234
27000,0.080,0.661,0.259
27500,0.080,0.664,0.256
28000,0.080,0.665,0.255
28500,0.082,0.634,0.284
29000,0.081,0.688,0.232
29500,0.084,0.715,0.202
30000,0.082,0.685,0.233
30500,0.081,0.685,0.234
31000,0.081,0.671,0.248
31500,0.080,0.665,0.255
32000,0.080,0.695,0.226
32500,0.080,0.713,0.207
33000,0.080,0.678,0.242
33500,0.080,0.689,0.232
34000,0.082,0.692,0.227
34500,0.081,0.701,0.219
35000,0.080,0.679,0.241
35500,0.080,0.724,0.197
36000,0.080,0.745,0.175
36500,0.080,0.708,0.213
37000,0.080,0.704,0.216
37500,0.080,0.701,0.220
38000,0.080,0.725,0.195
38500,0.080,0.680,0.240
39000,0.080,0.704,0.217
39500,0.080,0.715,0.205
40000,0.080,0.704,0.217
40500,0.080,0.694,0.227
41000,0.080,0.719,0.202
41500,0.080,0.688,0.232
42000,0.080,0.705,0.216
42500,0.080,0.675,0.245
43000,0.080,0.693,0.227
43500,0.080,0.693,0.228
44000,0.080,0.678,0.242
44500,0.080,0.720,0.200
45000,0.080,0.701,0.220
45500,0.080,0.735,0.185
46000,0.080,0.712,0.208
46500,0.080,0.711,0.210
47000,0.080,0.675,0.245
47500,0.080,0.680,0.240
48000,0.080,0.690,0.231
48500,0.082,0.681,0.237
49000,0.081,0.666,0.253
49500,0.081,0.649,0.270
50000,0.082,0.700,0.219
50500,0.081,0.623,0.296
51000,0.080,0.657,0.263
51500,0.080,0.670,0.250
52000,0.080,0.711,0.209
52500,0.080,0.676,0.244
53000,0.080,0.696,0.225
53500,0.080,0.682,0.238
54000,0.080,0.666,0.254
54500,0.080,0.666,0.254
55000,0.080,0.669,0.251
55500,0.080,0.684,0.236
56000,0.080,0.697,0.223
56500,0.080,0.685,0.235
57000,0.080,0.663,0.257
57500,0.080,0.666,0.254
58000,0.081,0.678,0.241
58500,0.080,0.671,0.249
59000,0.080,0.654,0.266
59500,0.080,0.650,0.270
60000,0.080,0.660,0.260
60500,0.083,0.651,0.266
61000,0.082,0.635,0.283
61500,0.084,0.650,0.266
62000,0.082,0.666,0.252
62500,0.081,0.685,0.234
63000,0.080,0.720,0.200
63500,0.080,0.683,0.237
64000,0.080,0.732,0.188
64500,0.080,0.683,0.237
65000,0.081,0.698,0.222
65500,0.081,0.655,0.264
66000,0.080,0.664,0.256
66500,0.080,0.687,0.233
67000,0.080,0.681,0.239
67500,0.080,0.662,0.258
68000,0.080,0.688,0.233
68500,0.080,0.657,0.263
69000,0.082,0.661,0.257
69500,0.081,0.694,0.226
70000,0.080,0.678,0.242
70500,0.082,0.637,0.281
71000,0.081,0.660,0.259
71500,0.081,0.640,0.279
72000,0.080,0.646,0.274
72500,0.080,0.635,0.285
73000,0.082,0.651,0.267
73500,0.080,0.670,0.250
74000,0.080,0.697,0.224
74500,0.080,0.696,0.225
75000,0.080,0.710,0.211
75500,0.080,0.755,0.165
76000,0.080,0.726,0.195
76500,0.080,0.686,0.234
77000,0.080,0.711,0.209
77500,0.080,0.701,0.219
78000,0.080,0.645,0.275
78500,0.080,0.680,0.240
79000,0.080,0.705,0.216
79500,0.080,0.712,0.209
80000,0.080,0.671,0.249
80500,0.080,0.673,0.247
81000,0.080,0.686,0.234
81500,0.080,0.681,0.239
82000,0.080,0.684,0.236
82500,0.081,0.726,0.194
83000,0.081,0.719,0.201
83500,0.080,0.727,0.194
84000,0.080,0.704,0.216
84500,0.082,0.683,0.235
85000,0.080,0.665,0.255
85500,0.080,0.657,0.263
86000,0.080,0.679,0.241
86500,0.080,0.669,0.251
87000,0.080,0.741,0.179
87500,0.080,0.727,0.194
88000,0.080,0.728,0.193
88500,0.080,0.716,0.205
89000,0.080,0.716,0.205
89500,0.080,0.689,0.232
90000,0.080,0.678,0.242
90500,0.080,0.682,0.238
91000,0.082,0.676,0.242
91500,0.081,0.624,0.295
92000,0.081,0.678,0.241
92500,0.081,0.663,0.256
93000,0.081,0.638,0.281
93500,0.083,0.650,0.267
94000,0.081,0.651,0.268
94500,0.082,0.669,0.249
95000,0.081,0.678,0.241
95500,0.082,0.678,0.240
96000,0.081,0.691,0.229
96500,0.081,0.676,0.243
97000,0.080,0.707,0.213
97500,0.080,0.706,0.215
98000,0.080,0.714,0.207
98500,0.080,0.712,0.209
99000,0.080,0.715,0.205
99500,0.080,0.708,0.213
100000,0.080,0.701,0.219
100500,0.080,0.701,0.219
101000,0.080,0.699,0.222
101500,0.082,0.696,0.223
102000,0.080,0.723,0.198
102500,0.080,0.699,0.222
103000,0.080,0.706,0.215
103500,0.080,0.667,0.253
104000,0.080,0.664,0.256
104500,0.080,0.648,0.272
105000,0.080,0.675,0.245
105500,0.082,0.682,0.236
106000,0.080,0.673,0.247
106500,0.080,0.671,0.249
107000,0.080,0.700,0.220
107500,0.081,0.681,0.238
108000,0.081,0.706,0.214
108500,0.081,0.686,0.233
109000,0.081,0.652,0.267
109500,0.081,0.656,0.263
110000,0.080,0.672,0.248
110500,0.080,0.700,0.220
111000,0.080,0.669,0.251
111500,0.083,0.690,0.227
112000,0.081,0.701,0.219
112500,0.081,0.661,0.258
113000,0.080,0.718,0.203
113500,0.080,0.726,0.194
114000,0.080,0.756,0.164
114500,0.080,0.722,0.199
115000,0.082,0.698,0.221
115500,0.082,0.675,0.243
116000,0.081,0.677,0.242
116500,0.081,0.653,0.266
117000,0.080,0.619,0.301
117500,0.080,0.616,0.304
118000,0.082,0.679,0.239
118500,0.081,0.680,0.239
119000,0.080,0.673,0.247
119500,0.080,0.645,0.275
120000,0.080,0.641,0.279
120500,0.080,0.650,0.270
121000,0.080,0.665,0.255
121500,0.083,0.656,0.261
122000,0.080,0.660,0.260
122500,0.080,0.662,0.258
123000,0.080,0.652,0.268
123500,0.081,0.665,0.254
124000,0.080,0.683,0.237
124500,0.080,0.682,0.238
125000,0.080,0.644,0.276
125500,0.082,0.668,0.250
126000,0.083,0.685,0.232
126500,0.081,0.663,0.256
127000,0.080,0.668,0.252
127500,0.083,0.679,0.238
128000,0.081,0.643,0.276
128500,0.080,0.635,0.285
129000,0.080,0.694,0.227
129500,0.080,0.685,0.235
130000,0.080,0.683,0.237
130500,0.080,0.674,0.246
131000,0.080,0.669,0.251
131500,0.080,0.686,0.234
132000,0.080,0.699,0.221
132500,0.080,0.720,0.201
133000,0.080,0.676,0.244
133500,0.080,0.682,0.238
134000,0.080,0.699,0.221
134500,0.080,0.739,0.181
135000,0.080,0.713,0.208
135500,0.080,0.721,0.200
136000,0.080,0.705,0.215
136500,0.080,0.682,0.238
137000,0.083,0.654,0.263
137500,0.083,0.645,0.272
138000,0.082,0.661,0.257
138500,0.082,0.667,0.251
139000,0.081,0.697,0.223
139500,0.080,0.724,0.197
140000,0.080,0.673,0.247
140500,0.080,0.661,0.259
141000,0.080,0.666,0.254
141500,0.080,0.706,0.214
142000,0.080,0.669,0.251
142500,0.080,0.639,0.281
143000,0.080,0.612,0.308
143500,0.080,0.620,0.300
144000,0.080,0.658,0.262
144500,0.080,0.669,0.251
145000,0.080,0.677,0.243
145500,0.080,0.691,0.229
146000,0.080,0.699,0.221
146500,0.080,0.720,0.201
147000,0.080,0.697,0.224
147500,0.080,0.680,0.240
148000,0.082,0.665,0.253
148500,0.080,0.643,0.277
149000,0.080,0.684,0.236
149500,0.080,0.678,0.242
150000,0.080,0.692,0.228
150500,0.080,0.704,0.216
151000,0.080,0.689,0.232
151500,0.080,0.719,0.202
152000,0.080,0.682,0.238
152500,0.080,0.646,0.274
153000,0.080,0.653,0.267
153500,0.080,0.686,0.234
154000,0.080,0.703,0.217
154500,0.080,0.666,0.254
155000,0.081,0.657,0.262
155500,0.080,0.670,0.250
156000,0.080,0.707,0.213
156500,0.080,0.690,0.230
157000,0.080,0.691,0.230
157500,0.080,0.669,0.251
158000,0.080,0.656,0.264
158500,0.080,0.676,0.244
159000,0.080,0.693,0.228
159500,0.080,0.683,0.237
160000,0.080,0.708,0.213
160500,0.080,0.730,0.190
161000,0.080,0.732,0.189
161500,0.080,0.714,0.207
162000,0.080,0.715,0.205
162500,0.080,0.674,0.246
163000,0.080,0.702,0.219
163500,0.080,0.693,0.227
164000,0.080,0.705,0.216
164500,0.080,0.692,0.229
165000,0.080,0.669,0.251
165500,0.080,0.678,0.242
166000,0.080,0.664,0.256
166500,0.081,0.660,0.259
167000,0.080,0.680,0.240
167500,0.080,0.686,0.234
168000,0.082,0.673,0.245
168500,0.081,0.717,0.203
169000,0.081,0.708,0.212
169500,0.081,0.686,0.233
170000,0.080,0.681,0.239
170500,0.080,0.654,0.266
171000,0.080,0.653,0.267
171500,0.080,0.655,0.265
172000,0.080,0.677,0.243
172500,0.082,0.678,0.240
173000,0.081,0.638,0.281
173500,0.081,0.643,0.276
174000,0.080,0.649,0.271
174500,0.081,0.645,0.274
175000,0.081,0.640,0.279
175500,0.083,0.651,0.266
176000,0.080,0.646,0.274
176500,0.080,0.660,0.260
177000,0.080,0.660,0.260
177500,0.080,0.695,0.225
178000,0.080,0.683,0.237
178500,0.080,0.688,0.233
179000,0.080,0.669,0.251
179500,0.080,0.699,0.221
180000,0.080,0.688,0.233
180500,0.080,0.678,0.242
181000,0.080,0.673,0.247
181500,0.080,0.705,0.215
182000,0.080,0.683,0.237
182500,0.080,0.685,0.235
183000,0.080,0.670,0.250
183500,0.080,0.662,0.258
184000,0.080,0.656,0.264
184500,0.080,0.625,0.295
185000,0.080,0.644,0.276
185500,0.080,0.657,0.263
186000,0.080,0.666,0.254
186500,0.081,0.633,0.286
187000,0.081,0.644,0.275
187500,0.080,0.665,0.255
188000,0.082,0.653,0.265
188500,0.080,0.665,0.255
189000,0.080,0.635,0.285
189500,0.080,0.630,0.290
190000,0.080,0.648,0.272
190500,0.080,0.655,0.265
191000,0.082,0.633,0.285
191500,0.082,0.641,0.277
192000,0.081,0.659,0.260
192500,0.081,0.654,0.265
193000,0.080,0.606,0.315
193500,0.081,0.657,0.262
194000,0.082,0.662,0.256
194500,0.081,0.664,0.255
195000,0.080,0.676,0.244
195500,0.080,0.685,0.235
196000,0.080,0.696,0.224
196500,0.080,0.740,0.180
197000,0.080,0.708,0.212
197500,0.080,0.718,0.203
198000,0.080,0.706,0.214
198500,0.080,0.691,0.229
199000,0.080,0.666,0.254
199500,0.080,0.689,0.231
200000,0.080,0.688,0.232
200500,0.080,0.713,0.207
201000,0.080,0.694,0.227
201500,0.080,0.685,0.235
202000,0.080,0.659,0.261
202500,0.080,0.643,0.277
203000,0.080,0.648,0.272
203500,0.080,0.681,0.239
204000,0.080,0.665,0.255
204500,0.080,0.655,0.265
205000,0.080,0.709,0.212
205500,0.080,0.719,0.202
206000,0.080,0.719,0.202
206500,0.080,0.734,0.186
207000,0.080,0.708,0.213
207500,0.080,0.691,0.230
208000,0.080,0.690,0.231
208500,0.080,0.678,0.242
209000,0.080,0.648,0.272
209500,0.081,0.691,0.229
210000,0.080,0.673,0.247
210500,0.080,0.654,0.266
211000,0.080,0.666,0.254
211500,0.080,0.686,0.234
212000,0.080,0.680,0.240
212500,0.080,0.684,0.236
213000,0.081,0.698,0.221
213500,0.081,0.670,0.249
214000,0.080,0.665,0.255
214500,0.080,0.651,0.269
215000,0.080,0.678,0.242
215500,0.080,0.672,0.248
216000,0.080,0.688,0.232
216500,0.080,0.679,0.241
217000,0.080,0.659,0.261
217500,0.080,0.667,0.253
218000,0.080,0.655,0.265
218500,0.080,0.642,0.278
219000,0.080,0.633,0.287
219500,0.080,0.610,0.310
220000,0.080,0.647,0.273
220500,0.080,0.640,0.280
221000,0.080,0.674,0.246
221500,0.080,0.635,0.285
222000,0.082,0.649,0.269
222500,0.081,0.655,0.264
223000,0.082,0.652,0.266
223500,0.081,0.655,0.264
224000,0.081,0.679,0.240
224500,0.080,0.642,0.278
225000,0.085,0.662,0.253
225500,0.082,0.653,0.265
226000,0.080,0.655,0.265
226500,0.080,0.641,0.279
227000,0.082,0.679,0.239
227500,0.080,0.687,0.233
228000,0.080,0.705,0.216
228500,0.080,0.708,0.212
229000,0.080,0.693,0.227
229500,0.080,0.675,0.245
230000,0.080,0.683,0.237
230500,0.080,0.703,0.217
231000,0.082,0.691,0.228
231500,0.081,0.665,0.254
232000,0.081,0.653,0.266
232500,0.080,0.668,0.252
233000,0.080,0.644,0.276
233500,0.080,0.675,0.245
234000,0.080,0.650,0.270
234500,0.080,0.663,0.257
235000,0.080,0.650,0.270
235500,0.080,0.699,0.222
236000,0.080,0.654,0.266
236500,0.080,0.662,0.258
237000,0.080,0.674,0.246
237500,0.080,0.649,0.271
238000,0.080,0.670,0.250
238500,0.080,0.686,0.234
239000,0.080,0.699,0.222
239500,0.081,0.706,0.214
240000,0.080,0.708,0.213
240500,0.080,0.704,0.216
241000,0.080,0.681,0.239
241500,0.080,0.679,0.241
242000,0.080,0.673,0.247
242500,0.080,0.657,0.263
243000,0.080,0.634,0.286
243500,0.080,0.655,0.265
244000,0.080,0.657,0.263
244500,0.080,0.689,0.232
245000,0.080,0.676,0.244
245500,0.080,0.705,0.215
246000,0.080,0.696,0.224
246500,0.080,0.693,0.227
247000,0.080,0.713,0.208
247500,0.080,0.662,0.258
248000,0.080,0.676,0.244
248500,0.080,0.696,0.224
249000,0.080,0.730,0.190
249500,0.080,0.696,0.224
250000,0.080,0.705,0.215
250500,0.080,0.645,0.275
251000,0.080,0.666,0.254
251500,0.080,0.657,0.263
252000,0.080,0.660,0.260
252500,0.080,0.670,0.250
253000,0.080,0.699,0.221
253500,0.080,0.684,0.236
254000,0.080,0.684,0.236
254500,0.080,0.692,0.229
255000,0.080,0.742,0.178
255500,0.080,0.734,0.186
256000,0.080,0.733,0.188
256500,0.080,0.718,0.202
257000,0.080,0.701,0.220
257500,0.080,0.714,0.207
258000,0.080,0.693,0.228
258500,0.080,0.704,0.217
259000,0.080,0.693,0.227
259500,0.080,0.691,0.229
260000,0.080,0.686,0.234
260500,0.083,0.681,0.236
261000,0.081,0.717,0.203
261500,0.081,0.712,0.208
262000,0.080,0.712,0.209
262500,0.080,0.717,0.204
263000,0.080,0.707,0.214
263500,0.080,0.685,0.235
264000,0.080,0.682,0.238
264500,0.080,0.721,0.200
265000,0.080,0.702,0.219
265500,0.080,0.658,0.262
266000,0.080,0.680,0.240
266500,0.080,0.673,0.247
267000,0.080,0.677,0.243
267500,0.080,0.665,0.255
268000,0.080,0.654,0.266
268500,0.080,0.666,0.254
269000,0.080,0.683,0.237
269500,0.080,0.656,0.264
270000,0.080,0.651,0.269
270500,0.081,0.677,0.242
271000,0.083,0.673,0.244
271500,0.083,0.669,0.248
272000,0.083,0.663,0.254
272500,0.083,0.700,0.218
273000,0.082,0.692,0.226
273500,0.082,0.712,0.207
274000,0.080,0.714,0.207
274500,0.082,0.660,0.258
275000,0.081,0.670,0.249
275500,0.081,0.631,0.288
276000,0.082,0.669,0.249
276500,0.081,0.655,0.264
277000,0.080,0.673,0.247
277500,0.080,0.695,0.226
278000,0.080,0.662,0.258
278500,0.083,0.662,0.255
279000,0.082,0.640,0.278
279500,0.080,0.628,0.292
280000,0.080,0.669,0.251
280500,0.080,0.668,0.252
281000,0.080,0.693,0.227
281500,0.080,0.668,0.252
282000,0.081,0.679,0.240
282500,0.080,0.639,0.281
283000,0.080,0.655,0.265
283500,0.080,0.708,0.212
284000,0.080,0.707,0.213
284500,0.080,0.704,0.216
285000,0.080,0.731,0.190
285500,0.080,0.671,0.249
286000,0.080,0.674,0.246
286500,0.080,0.687,0.233
287000,0.080,0.688,0.232
287500,0.080,0.682,0.238
288000,0.080,0.673,0.247
288500,0.080,0.660,0.260
289000,0.080,0.670,0.250
289500,0.080,0.685,0.235
290000,0.080,0.671,0.249
290500,0.080,0.667,0.253
291000,0.080,0.650,0.270
291500,0.080,0.673,0.247
292000,0.080,0.697,0.224
292500,0.080,0.681,0.239
293000,0.080,0.719,0.201
293500,0.080,0.708,0.213
294000,0.080,0.707,0.213
294500,0.080,0.683,0.237
295000,0.080,0.685,0.235
295500,0.080,0.662,0.258
296000,0.080,0.637,0.283
296500,0.080,0.635,0.285
297000,0.080,0.653,0.267
297500,0.080,0.703,0.218
298000,0.080,0.700,0.221
298500,0.080,0.689,0.231
299000,0.080,0.679,0.241
299500,0.080,0.715,0.205
300000,0.080,0.681,0.239
300500,0.080,0.649,0.271
301000,0.080,0.629,0.291
301500,0.080,0.630,0.290
302000,0.080,0.682,0.238
302500,0.081,0.662,0.257
303000,0.081,0.664,0.255
303500,0.080,0.665,0.255
304000,0.080,0.682,0.238
304500,0.080,0.682,0.238
305000,0.080,0.669,0.251
305500,0.080,0.662,0.258
306000,0.080,0.671,0.249
306500,0.080,0.665,0.255
307000,0.080,0.635,0.285
307500,0.080,0.660,0.260
308000,0.080,0.654,0.266
308500,0.080,0.680,0.240
309000,0.080,0.692,0.229
309500,0.080,0.695,0.225
310000,0.080,0.690,0.231
310500,0.080,0.702,0.218
311000,0.080,0.653,0.267
311500,0.080,0.662,0.258
312000,0.080,0.719,0.202
312500,0.080,0.694,0.226
313000,0.080,0.700,0.220
313500,0.081,0.691,0.229
314000,0.081,0.681,0.238
314500,0.081,0.668,0.251
315000,0.080,0.693,0.227
315500,0.082,0.660,0.258
316000,0.082,0.618,0.300
316500,0.082,0.655,0.263
317000,0.081,0.675,0.244
317500,0.080,0.682,0.238
318000,0.082,0.672,0.246
318500,0.080,0.667,0.253
319000,0.080,0.646,0.274
319500,0.080,0.674,0.246
320000,0.080,0.696,0.224
320500,0.080,0.663,0.257
321000,0.082,0.657,0.261
321500,0.081,0.644,0.275
322000,0.081,0.685,0.234
322500,0.081,0.670,0.249
323000,0.080,0.654,0.266
323500,0.080,0.669,0.251
324000,0.080,0.688,0.232
324500,0.080,0.666,0.254
325000,0.080,0.649,0.271
325500,0.080,0.600,0.320
326000,0.082,0.566,0.353
326500,0.081,0.630,0.289
327000,0.083,0.668,0.249
327500,0.081,0.683,0.236
328000,0.080,0.668,0.252
328500,0.082,0.650,0.268
329000,0.082,0.665,0.253
329500,0.080,0.690,0.230
330000,0.080,0.695,0.226
330500,0.080,0.721,0.200
331000,0.080,0.730,0.191
331500,0.080,0.693,0.228
332000,0.080,0.703,0.218
332500,0.080,0.690,0.231
333000,0.080,0.674,0.246
333500,0.080,0.671,0.249
334000,0.081,0.629,0.290
334500,0.080,0.661,0.259
335000,0.080,0.674,0.246
335500,0.080,0.659,0.261
336000,0.080,0.660,0.260
336500,0.081,0.640,0.279
337000,0.080,0.659,0.261
337500,0.080,0.660,0.260
338000,0.080,0.638,0.282
338500,0.080,0.667,0.253
339000,0.080,0.689,0.231
339500,0.080,0.652,0.268
340000,0.080,0.648,0.272
340500,0.080,0.659,0.261
341000,0.080,0.667,0.253
341500,0.080,0.694,0.226
342000,0.080,0.679,0.241
342500,0.080,0.642,0.278
343000,0.080,0.625,0.295
343500,0.084,0.631,0.285
344000,0.081,0.648,0.271
344500,0.084,0.698,0.219
345000,0.081,0.716,0.204
345500,0.080,0.731,0.189
346000,0.080,0.716,0.205
346500,0.080,0.700,0.221
347000,0.080,0.684,0.236
347500,0.080,0.662,0.258
348000,0.080,0.637,0.283
348500,0.080,0.639,0.281
349000,0.080,0.672,0.248
349500,0.080,0.667,0.253
350000,0.080,0.648,0.272
350500,0.080,0.665,0.255
351000,0.083,0.655,0.262
351500,0.081,0.648,0.271
352000,0.080,0.658,0.262
352500,0.080,0.690,0.230
353000,0.080,0.678,0.242
353500,0.080,0.648,0.272
354000,0.080,0.691,0.229
354500,0.080,0.666,0.254
355000,0.080,0.696,0.225
355500,0.080,0.669,0.251
356000,0.080,0.663,0.257
356500,0.080,0.650,0.270
357000,0.080,0.669,0.251
357500,0.080,0.685,0.235
358000,0.080,0.675,0.245
358500,0.080,0.664,0.256
359000,0.083,0.660,0.257
359500,0.084,0.664,0.252
360000,0.083,0.688,0.230
360500,0.081,0.648,0.271
361000,0.080,0.685,0.235
361500,0.080,0.645,0.275
362000,0.080,0.668,0.252
362500,0.080,0.675,0.245
363000,0.080,0.728,0.193
363500,0.080,0.704,0.217
364000,0.080,0.692,0.228
364500,0.080,0.667,0.253
365000,0.080,0.695,0.226
365500,0.080,0.706,0.215
366000,0.080,0.676,0.244
366500,0.080,0.655,0.265
367000,0.080,0.620,0.300
367500,0.080,0.655,0.265
368000,0.080,0.640,0.280
368500,0.080,0.638,0.282
369000,0.084,0.636,0.280
369500,0.082,0.607,0.311
370000,0.080,0.628,0.292
370500,0.084,0.645,0.271
371000,0.083,0.636,0.281
371500,0.081,0.638,0.281
372000,0.081,0.678,0.241
372500,0.080,0.670,0.250
373000,0.082,0.682,0.236
373500,0.080,0.689,0.232
374000,0.080,0.693,0.227
374500,0.080,0.684,0.236
375000,0.080,0.690,0.231
375500,0.080,0.673,0.247
376000,0.080,0.677,0.243
376500,0.080,0.704,0.217
377000,0.081,0.684,0.235
377500,0.082,0.685,0.233
378000,0.081,0.680,0.239
378500,0.081,0.694,0.226
379000,0.082,0.699,0.220
379500,0.080,0.690,0.231
380000,0.080,0.674,0.246
380500,0.080,0.705,0.216
381000,0.080,0.734,0.186
381500,0.080,0.665,0.255
382000,0.082,0.695,0.224
382500,0.080,0.700,0.220
383000,0.080,0.689,0.231
383500,0.080,0.695,0.225
384000,0.080,0.703,0.217
384500,0.080,0.683,0.237
385000,0.080,0.668,0.252
385500,0.080,0.663,0.257
386000,0.080,0.660,0.260
386500,0.080,0.677,0.243
387000,0.080,0.687,0.233
387500,0.083,0.660,0.257
388000,0.081,0.618,0.301
388500,0.081,0.627,0.292
389000,0.080,0.638,0.282
389500,0.080,0.655,0.265
390000,0.080,0.675,0.245
390500,0.080,0.671,0.249
391000,0.080,0.693,0.228
391500,0.080,0.677,0.243
392000,0.080,0.651,0.269
392500,0.080,0.696,0.225
393000,0.080,0.649,0.271
393500,0.080,0.671,0.249
394000,0.080,0.664,0.256
394500,0.080,0.675,0.245
395000,0.080,0.685,0.235
395500,0.080,0.652,0.268
396000,0.080,0.663,0.257
396500,0.080,0.663,0.257
397000,0.080,0.641,0.279
397500,0.082,0.676,0.242
398000,0.081,0.682,0.237
398500,0.081,0.728,0.192
399000,0.080,0.678,0.242
399500,0.082,0.638,0.280
400000,0.081,0.641,0.278
400500,0.081,0.635,0.284
401000,0.080,0.639,0.281
401500,0.081,0.653,0.266
402000,0.080,0.656,0.264
402500,0.080,0.651,0.269
403000,0.080,0.655,0.265
403500,0.080,0.684,0.236
404000,0.080,0.634,0.286
404500,0.080,0.638,0.282
405000,0.080,0.638,0.282
405500,0.080,0.639,0.281
406000,0.080,0.631,0.289
406500,0.080,0.641,0.279
407000,0.080,0.638,0.282
407500,0.080,0.649,0.271
408000,0.080,0.609,0.311
408500,0.080,0.624,0.296
409000,0.080,0.678,0.242
409500,0.080,0.653,0.267
410000,0.080,0.670,0.250
410500,0.080,0.710,0.210
411000,0.080,0.671,0.249
411500,0.080,0.655,0.265
412000,0.080,0.633,0.287
412500,0.080,0.639,0.281
413000,0.080,0.653,0.267
413500,0.080,0.675,0.245
414000,0.080,0.662,0.258
414500,0.080,0.655,0.265
415000,0.080,0.686,0.234
415500,0.080,0.697,0.223
416000,0.080,0.698,0.223
416500,0.080,0.705,0.215
417000,0.082,0.689,0.230
417500,0.081,0.648,0.271
418000,0.080,0.667,0.253
418500,0.080,0.689,0.232
419000,0.080,0.729,0.191
419500,0.080,0.712,0.209
420000,0.080,0.713,0.207
420500,0.080,0.676,0.244
421000,0.080,0.707,0.214
421500,0.080,0.667,0.253
422000,0.080,0.713,0.207
422500,0.081,0.717,0.203
423000,0.081,0.679,0.240
423500,0.081,0.680,0.239
424000,0.080,0.665,0.255
424500,0.080,0.697,0.224
425000,0.080,0.704,0.216
425500,0.080,0.702,0.218
426000,0.080,0.699,0.222
426500,0.080,0.685,0.235
427000,0.080,0.672,0.248
427500,0.080,0.662,0.258
428000,0.080,0.665,0.255
428500,0.080,0.640,0.280
429000,0.080,0.613,0.307
429500,0.081,0.646,0.273
430000,0.082,0.677,0.241
430500,0.082,0.672,0.246
431000,0.081,0.686,0.233
431500,0.080,0.717,0.204
432000,0.080,0.734,0.186
432500,0.080,0.704,0.216
433000,0.080,0.697,0.224
433500,0.080,0.707,0.214
434000,0.080,0.697,0.223
434500,0.080,0.750,0.170
435000,0.080,0.743,0.177
435500,0.080,0.703,0.217
436000,0.080,0.703,0.218
436500,0.080,0.671,0.249
437000,0.080,0.676,0.244
437500,0.080,0.678,0.242
438000,0.080,0.673,0.247
438500,0.082,0.683,0.235
439000,0.081,0.665,0.254
439500,0.080,0.645,0.275
440000,0.080,0.654,0.266
440500,0.080,0.648,0.272
441000,0.080,0.651,0.269
441500,0.080,0.704,0.216
442000,0.080,0.661,0.259
442500,0.080,0.637,0.283
443000,0.080,0.631,0.289
443500,0.082,0.679,0.239
444000,0.081,0.713,0.207
444500,0.081,0.686,0.233
445000,0.081,0.680,0.239
445500,0.080,0.692,0.228
446000,0.080,0.696,0.225
446500,0.080,0.653,0.267
447000,0.080,0.673,0.247
447500,0.083,0.671,0.246
448000,0.082,0.699,0.220
448500,0.080,0.658,0.262
449000,0.080,0.662,0.258
449500,0.080,0.645,0.275
450000,0.081,0.640,0.279
450500,0.080,0.668,0.252
451000,0.080,0.674,0.246
451500,0.080,0.682,0.238
452000,0.080,0.667,0.253
452500,0.080,0.698,0.222
453000,0.080,0.697,0.223
453500,0.080,0.704,0.216
454000,0.080,0.700,0.221
454500,0.080,0.732,0.188
455000,0.080,0.756,0.164
455500,0.080,0.728,0.192
456000,0.080,0.706,0.214
456500,0.080,0.707,0.213
457000,0.080,0.679,0.241
457500,0.080,0.642,0.278
458000,0.080,0.642,0.278
458500,0.082,0.629,0.289
459000,0.080,0.649,0.271
459500,0.080,0.682,0.238
460000,0.080,0.656,0.264
460500,0.080,0.652,0.268
461000,0.080,0.686,0.234
461500,0.081,0.647,0.272
462000,0.080,0.683,0.237
462500,0.080,0.703,0.218
463000,0.080,0.706,0.215
463500,0.080,0.701,0.220
464000,0.080,0.683,0.237
464500,0.080,0.639,0.281
465000,0.080,0.643,0.277
465500,0.080,0.655,0.265
466000,0.080,0.641,0.279
466500,0.084,0.639,0.277
467000,0.081,0.660,0.259
467500,0.080,0.659,0.261
468000,0.080,0.693,0.228
468500,0.080,0.667,0.253
469000,0.080,0.672,0.248
469500,0.080,0.686,0.234
470000,0.080,0.666,0.254
470500,0.080,0.639,0.281
471000,0.080,0.633,0.287
471500,0.080,0.651,0.269
472000,0.080,0.676,0.244
472500,0.080,0.681,0.239
473000,0.080,0.629,0.291
473500,0.080,0.663,0.257
474000,0.080,0.683,0.237
474500,0.080,0.669,0.251
475000,0.080,0.646,0.274
475500,0.080,0.634,0.286
476000,0.080,0.650,0.270
476500,0.080,0.636,0.284
477000,0.080,0.605,0.316
477500,0.082,0.579,0.340
478000,0.083,0.577,0.341
478500,0.082,0.634,0.284
479000,0.081,0.657,0.262
479500,0.081,0.635,0.284
480000,0.080,0.661,0.259
480500,0.083,0.662,0.255
481000,0.081,0.672,0.247
481500,0.081,0.671,0.248
482000,0.081,0.662,0.257
482500,0.080,0.696,0.225
483000,0.080,0.679,0.241
483500,0.080,0.638,0.282
484000,0.080,0.696,0.224
484500,0.080,0.676,0.244
485000,0.080,0.654,0.266
485500,0.080,0.675,0.245
486000,0.080,0.706,0.214
486500,0.080,0.705,0.215
487000,0.080,0.699,0.221
487500,0.080,0.686,0.234
488000,0.080,0.659,0.261
488500,0.080,0.641,0.279
489000,0.082,0.627,0.291
489500,0.081,0.657,0.262
490000,0.081,0.640,0.279
490500,0.081,0.627,0.292
491000,0.085,0.627,0.288
491500,0.083,0.612,0.306
492000,0.081,0.617,0.302
492500,0.080,0.641,0.279
493000,0.080,0.645,0.275
493500,0.080,0.682,0.238
494000,0.080,0.729,0.191
494500,0.080,0.706,0.214
495000,0.080,0.724,0.196
495500,0.080,0.708,0.213
496000,0.080,0.703,0.217
496500,0.080,0.691,0.230
497000,0.080,0.735,0.185
497500,0.080,0.715,0.205
498000,0.080,0.690,0.231
498500,0.080,0.682,0.238
499000,0.080,0.681,0.239
499500,0.080,0.658,0.262
500000,0.080,0.649,0.271
500500,0.080,0.669,0.251
501000,0.080,0.646,0.274
501500,0.080,0.663,0.257
502000,0.080,0.678,0.242
502500,0.080,0.708,0.213
503000,0.081,0.703,0.216
503500,0.080,0.685,0.235
504000,0.080,0.662,0.258
504500,0.080,0.685,0.235
505000,0.080,0.661,0.259
505500,0.082,0.673,0.245
506000,0.080,0.669,0.251
506500,0.080,0.643,0.277
507000,0.080,0.677,0.243
507500,0.080,0.673,0.247
508000,0.080,0.670,0.250
508500,0.080,0.642,0.278
509000,0.080,0.635,0.285
509500,0.080,0.631,0.289
510000,0.080,0.652,0.268
510500,0.080,0.644,0.276
511000,0.080,0.679,0.241
511500,0.082,0.675,0.243
512000,0.080,0.621,0.299
512500,0.080,0.614,0.306
513000,0.082,0.627,0.291
513500,0.081,0.678,0.241
514000,0.080,0.704,0.217
514500,0.080,0.717,0.204
515000,0.080,0.678,0.242
515500,0.083,0.680,0.237
516000,0.080,0.689,0.232
516500,0.080,0.666,0.254
517000,0.080,0.675,0.245
517500,0.080,0.679,0.241
518000,0.080,0.659,0.261
518500,0.080,0.688,0.233
519000,0.080,0.674,0.246
519500,0.080,0.688,0.232
520000,0.080,0.680,0.240
520500,0.080,0.653,0.267
521000,0.080,0.649,0.271
521500,0.080,0.660,0.260
522000,0.082,0.640,0.278
522500,0.081,0.680,0.239
523000,0.080,0.675,0.245
523500,0.082,0.669,0.249
524000,0.081,0.661,0.258
524500,0.081,0.674,0.245
525000,0.081,0.602,0.318
525500,0.080,0.652,0.268
526000,0.080,0.647,0.273
526500,0.080,0.665,0.255
527000,0.080,0.648,0.272
527500,0.080,0.633,0.287
528000,0.083,0.659,0.258
528500,0.080,0.688,0.233
529000,0.081,0.647,0.272
529500,0.080,0.659,0.261
530000,0.080,0.679,0.241
530500,0.081,0.658,0.261
531000,0.080,0.654,0.266
531500,0.080,0.714,0.206
532000,0.080,0.709,0.212
532500,0.080,0.691,0.230
533000,0.080,0.686,0.234
533500,0.080,0.710,0.210
534000,0.080,0.699,0.222
534500,0.081,0.696,0.224
535000,0.081,0.647,0.272
535500,0.080,0.671,0.249
536000,0.080,0.666,0.254
536500,0.080,0.667,0.253
537000,0.080,0.704,0.217
537500,0.080,0.700,0.221
538000,0.080,0.665,0.255
538500,0.080,0.666,0.254
539000,0.080,0.668,0.252
539500,0.080,0.688,0.232
540000,0.080,0.689,0.231
540500,0.080,0.703,0.217
541000,0.080,0.674,0.246
541500,0.080,0.692,0.229
542000,0.080,0.672,0.248
542500,0.080,0.628,0.292
543000,0.083,0.629,0.288
543500,0.081,0.678,0.241
544000,0.081,0.679,0.240
544500,0.080,0.647,0.273
545000,0.080,0.666,0.254
545500,0.080,0.696,0.225
546000,0.080,0.708,0.212
546500,0.080,0.657,0.263
547000,0.080,0.678,0.242
547500,0.080,0.700,0.220
548000,0.080,0.708,0.213
548500,0.080,0.702,0.219
549000,0.080,0.702,0.218
549500,0.080,0.672,0.248
550000,0.082,0.663,0.255
550500,0.081,0.651,0.268
551000,0.081,0.662,0.257
551500,0.080,0.647,0.273
552000,0.082,0.645,0.273
552500,0.081,0.663,0.256
553000,0.080,0.659,0.261
553500,0.080,0.656,0.264
554000,0.080,0.664,0.256
554500,0.080,0.669,0.251
555000,0.083,0.666,0.251
555500,0.081,0.672,0.247
556000,0.080,0.647,0.273
556500,0.080,0.634,0.286
557000,0.080,0.678,0.242
557500,0.081,0.644,0.275
558000,0.081,0.666,0.253
558500,0.080,0.684,0.236
559000,0.080,0.696,0.224
559500,0.080,0.722,0.199
560000,0.080,0.698,0.223
560500,0.080,0.706,0.214
561000,0.080,0.689,0.231
561500,0.080,0.663,0.257
562000,0.080,0.686,0.234
562500,0.082,0.679,0.239
563000,0.081,0.674,0.245
563500,0.080,0.685,0.235
564000,0.080,0.690,0.230
564500,0.080,0.669,0.251
565000,0.080,0.699,0.222
565500,0.080,0.701,0.220
566000,0.080,0.668,0.252
566500,0.082,0.651,0.267
567000,0.080,0.666,0.254
567500,0.080,0.695,0.225
568000,0.083,0.659,0.258
568500,0.081,0.647,0.272
569000,0.081,0.661,0.258
569500,0.083,0.663,0.254
570000,0.081,0.634,0.285
570500,0.080,0.654,0.266
571000,0.080,0.683,0.237
571500,0.080,0.701,0.220
572000,0.080,0.728,0.192
572500,0.080,0.705,0.215
573000,0.080,0.697,0.224
573500,0.080,0.689,0.231
574000,0.080,0.689,0.232
574500,0.080,0.670,0.250
575000,0.080,0.676,0.244
575500,0.084,0.714,0.203
576000,0.081,0.697,0.223
576500,0.081,0.717,0.203
577000,0.081,0.695,0.225
577500,0.081,0.701,0.219
578000,0.080,0.650,0.270
578500,0.080,0.634,0.286
579000,0.081,0.661,0.258
579500,0.080,0.682,0.238
580000,0.080,0.640,0.280
580500,0.080,0.677,0.243
581000,0.080,0.668,0.252
581500,0.080,0.667,0.253
582000,0.080,0.664,0.256
582500,0.082,0.675,0.243
583000,0.080,0.680,0.240
583500,0.080,0.668,0.252
584000,0.080,0.706,0.215
584500,0.080,0.696,0.224
585000,0.080,0.706,0.215
585500,0.080,0.697,0.223
586000,0.080,0.677,0.243
586500,0.080,0.712,0.209
587000,0.080,0.679,0.241
587500,0.080,0.696,0.224
588000,0.080,0.703,0.217
588500,0.080,0.700,0.221
589000,0.082,0.671,0.247
589500,0.081,0.713,0.207
590000,0.080,0.702,0.218
590500,0.080,0.692,0.228
591000,0.080,0.669,0.251
591500,0.080,0.660,0.260
592000,0.080,0.661,0.259
592500,0.080,0.656,0.264
593000,0.080,0.667,0.253
593500,0.080,0.669,0.251
594000,0.081,0.624,0.295
594500,0.080,0.638,0.282
595000,0.080,0.648,0.272
595500,0.080,0.627,0.293
596000,0.080,0.638,0.282
596500,0.080,0.630,0.290
597000,0.080,0.661,0.259
597500,0.080,0.688,0.232
598000,0.080,0.701,0.220
598500,0.080,0.710,0.211
599000,0.080,0.689,0.231
599500,0.080,0.668,0.252
600000,0.082,0.644,0.274
600500,0.085,0.627,0.288
601000,0.083,0.619,0.298
601500,0.084,0.642,0.274
602000,0.082,0.640,0.278
602500,0.081,0.628,0.291
603000,0.081,0.672,0.247
603500,0.080,0.648,0.272
604000,0.080,0.691,0.229
604500,0.080,0.719,0.202
605000,0.080,0.693,0.228
605500,0.080,0.699,0.222
606000,0.080,0.685,0.235
606500,0.080,0.695,0.225
607000,0.080,0.727,0.193
607500,0.082,0.729,0.190
608000,0.081,0.734,0.185
608500,0.080,0.713,0.207
609000,0.080,0.712,0.209
609500,0.080,0.648,0.272
610000,0.085,0.630,0.285
610500,0.081,0.600,0.320
611000,0.081,0.619,0.300
611500,0.082,0.630,0.288
612000,0.082,0.647,0.271
612500,0.080,0.670,0.250
613000,0.080,0.640,0.280
613500,0.080,0.671,0.249
614000,0.081,0.668,0.251
614500,0.080,0.623,0.297
615000,0.080,0.634,0.286
615500,0.080,0.660,0.260
616000,0.081,0.691,0.228
616500,0.081,0.712,0.208
617000,0.081,0.725,0.195
617500,0.080,0.692,0.228
618000,0.080,0.685,0.235
618500,0.080,0.688,0.233
619000,0.080,0.644,0.276
619500,0.080,0.647,0.273
620000,0.080,0.650,0.270
620500,0.080,0.652,0.268
621000,0.080,0.650,0.270
621500,0.080,0.663,0.257
622000,0.080,0.701,0.219
622500,0.080,0.710,0.211
623000,0.080,0.679,0.241
623500,0.080,0.660,0.260
624000,0.080,0.666,0.254
624500,0.080,0.646,0.274
625000,0.083,0.647,0.270
625500,0.081,0.667,0.252
626000,0.080,0.683,0.237
626500,0.080,0.678,0.242
627000,0.080,0.708,0.212
627500,0.080,0.677,0.243
628000,0.080,0.676,0.244
628500,0.080,0.670,0.250
629000,0.080,0.688,0.233
629500,0.080,0.676,0.244
630000,0.080,0.651,0.269
630500,0.080,0.684,0.236
631000,0.080,0.726,0.194
631500,0.080,0.693,0.228
632000,0.080,0.711,0.210
632500,0.080,0.708,0.212
633000,0.080,0.708,0.213
633500,0.080,0.675,0.245
634000,0.080,0.682,0.238
634500,0.080,0.704,0.216
635000,0.080,0.706,0.214
635500,0.080,0.721,0.200
636000,0.080,0.685,0.235
636500,0.080,0.675,0.245
637000,0.080,0.662,0.258
637500,0.080,0.648,0.272
638000,0.080,0.662,0.258
638500,0.080,0.672,0.248
639000,0.080,0.677,0.243
639500,0.080,0.671,0.249
640000,0.080,0.707,0.213
640500,0.080,0.707,0.214
641000,0.080,0.712,0.209
641500,0.080,0.701,0.219
642000,0.080,0.736,0.184
642500,0.080,0.743,0.177
643000,0.080,0.713,0.207
643500,0.080,0.707,0.213
644000,0.080,0.685,0.235
644500,0.080,0.673,0.247
645000,0.080,0.680,0.240
645500,0.080,0.691,0.229
646000,0.080,0.673,0.247
646500,0.080,0.676,0.244
647000,0.080,0.709,0.211
647500,0.080,0.729,0.192
648000,0.080,0.718,0.203
648500,0.081,0.670,0.249
649000,0.080,0.677,0.243
649500,0.080,0.699,0.221
650000,0.080,0.679,0.241
650500,0.080,0.687,0.233
651000,0.082,0.690,0.229
651500,0.080,0.652,0.268
652000,0.080,0.657,0.263
652500,0.080,0.649,0.271
653000,0.080,0.665,0.255
653500,0.080,0.689,0.232
654000,0.080,0.675,0.245
654500,0.080,0.688,0.232
655000,0.080,0.673,0.247
655500,0.080,0.665,0.255
656000,0.080,0.672,0.248
656500,0.082,0.664,0.254
657000,0.081,0.669,0.250
657500,0.080,0.685,0.235
658000,0.080,0.690,0.230
658500,0.080,0.703,0.217
659000,0.080,0.729,0.192
659500,0.080,0.697,0.224
660000,0.080,0.672,0.248
660500,0.080,0.663,0.257
661000,0.084,0.678,0.238
661500,0.082,0.667,0.251
662000,0.081,0.690,0.230
662500,0.080,0.690,0.230
663000,0.080,0.680,0.240
663500,0.080,0.693,0.228
664000,0.080,0.660,0.260
664500,0.080,0.673,0.247
665000,0.080,0.678,0.242
665500,0.080,0.687,0.233
666000,0.080,0.693,0.227
666500,0.080,0.700,0.221
667000,0.080,0.703,0.217
667500,0.080,0.686,0.234
668000,0.080,0.669,0.251
668500,0.080,0.684,0.236
669000,0.080,0.682,0.238
669500,0.080,0.671,0.249
670000,0.080,0.693,0.228
670500,0.080,0.640,0.280
671000,0.082,0.647,0.271
671500,0.081,0.677,0.242
672000,0.081,0.704,0.216
672500,0.081,0.658,0.261
673000,0.080,0.654,0.266
673500,0.080,0.682,0.238
674000,0.080,0.688,0.232
674500,0.080,0.693,0.227
675000,0.080,0.711,0.209
675500,0.080,0.683,0.237
676000,0.080,0.686,0.234
676500,0.080,0.656,0.264
677000,0.080,0.666,0.254
677500,0.080,0.665,0.255
678000,0.080,0.660,0.260
678500,0.080,0.630,0.290
679000,0.080,0.668,0.252
679500,0.080,0.673,0.247
680000,0.080,0.682,0.238
680500,0.080,0.704,0.217
681000,0.080,0.726,0.194
681500,0.080,0.704,0.217
682000,0.080,0.705,0.215
682500,0.080,0.686,0.234
683000,0.080,0.687,0.233
683500,0.080,0.658,0.262
684000,0.080,0.664,0.256
684500,0.080,0.630,0.290
685000,0.080,0.663,0.257
685500,0.080,0.683,0.237
686000,0.080,0.636,0.284
686500,0.081,0.661,0.258
687000,0.081,0.666,0.253
687500,0.080,0.682,0.238
688000,0.080,0.705,0.216
688500,0.080,0.697,0.223
689000,0.080,0.684,0.236
689500,0.080,0.675,0.245
690000,0.080,0.676,0.244
690500,0.080,0.691,0.229
691000,0.080,0.690,0.230
691500,0.080,0.689,0.232
692000,0.080,0.713,0.207
692500,0.080,0.709,0.211
693000,0.080,0.681,0.239
693500,0.080,0.697,0.223
694000,0.080,0.663,0.257
694500,0.080,0.678,0.242
695000,0.080,0.675,0.245
695500,0.080,0.660,0.260
696000,0.080,0.659,0.261
696500,0.080,0.635,0.285
697000,0.080,0.694,0.227
697500,0.080,0.689,0.232
698000,0.080,0.673,0.247
698500,0.080,0.644,0.276
699000,0.080,0.670,0.250
699500,0.080,0.686,0.234
700000,0.080,0.676,0.244
700500,0.080,0.655,0.265
701000,0.080,0.651,0.269
701500,0.080,0.649,0.271
702000,0.080,0.662,0.258
702500,0.080,0.655,0.265
703000,0.080,0.668,0.252
703500,0.080,0.663,0.257
704000,0.080,0.685,0.235
704500,0.081,0.663,0.256
705000,0.080,0.673,0.247
705500,0.080,0.649,0.271
706000,0.083,0.663,0.254
706500,0.081,0.670,0.249
707000,0.081,0.688,0.232
707500,0.082,0.722,0.197
708000,0.081,0.718,0.202
708500,0.081,0.717,0.203
709000,0.081,0.692,0.228
709500,0.080,0.698,0.223
710000,0.080,0.686,0.234
710500,0.080,0.715,0.206
711000,0.082,0.666,0.252
711500,0.080,0.684,0.236
712000,0.080,0.680,0.240
712500,0.081,0.695,0.224
713000,0.081,0.662,0.257
713500,0.082,0.639,0.279
714000,0.081,0.636,0.283
714500,0.080,0.677,0.243
715000,0.080,0.677,0.243
715500,0.080,0.607,0.314
716000,0.080,0.651,0.269
716500,0.080,0.688,0.233
717000,0.080,0.706,0.215
717500,0.080,0.709,0.212
718000,0.080,0.694,0.227
718500,0.080,0.696,0.224
719000,0.080,0.644,0.276
719500,0.080,0.665,0.255
720000,0.080,0.692,0.229
720500,0.080,0.670,0.250
721000,0.080,0.657,0.263
721500,0.080,0.671,0.249
722000,0.080,0.687,0.233
722500,0.080,0.685,0.235
723000,0.080,0.656,0.264
723500,0.080,0.679,0.241
724000,0.080,0.641,0.279
724500,0.080,0.688,0.233
725000,0.080,0.665,0.255
725500,0.080,0.677,0.243
726000,0.080,0.669,0.251
726500,0.080,0.687,0.233
727000,0.080,0.640,0.280
727500,0.080,0.649,0.271
728000,0.080,0.639,0.281
728500,0.080,0.633,0.287
729000,0.080,0.682,0.238
729500,0.080,0.675,0.245
730000,0.080,0.688,0.233
730500,0.080,0.718,0.202
731000,0.080,0.680,0.240
731500,0.080,0.704,0.216
732000,0.080,0.683,0.237
732500,0.080,0.694,0.226
733000,0.080,0.705,0.215
733500,0.080,0.685,0.235
734000,0.080,0.670,0.250
734500,0.080,0.645,0.275
735000,0.080,0.675,0.245
735500,0.080,0.688,0.233
736000,0.080,0.686,0.234
736500,0.080,0.689,0.231
737000,0.080,0.666,0.254
737500,0.080,0.666,0.254
738000,0.080,0.674,0.246
738500,0.080,0.730,0.191
739000,0.080,0.721,0.199
739500,0.080,0.694,0.226
740000,0.080,0.671,0.249
740500,0.080,0.689,0.231
741000,0.080,0.663,0.257
741500,0.080,0.673,0.247
742000,0.080,0.666,0.254
742500,0.080,0.660,0.260
743000,0.082,0.621,0.297
743500,0.080,0.656,0.264
744000,0.080,0.639,0.281
744500,0.080,0.635,0.285
745000,0.080,0.628,0.292
745500,0.080,0.641,0.279
746000,0.080,0.669,0.251
746500,0.080,0.678,0.242
747000,0.080,0.643,0.277
747500,0.080,0.665,0.255
748000,0.080,0.656,0.264
748500,0.080,0.630,0.290
749000,0.080,0.641,0.279
749500,0.081,0.671,0.248
750000,0.080,0.632,0.288
750500,0.080,0.627,0.293
751000,0.080,0.614,0.306
751500,0.083,0.593,0.324
752000,0.081,0.629,0.290
752500,0.082,0.674,0.244
753000,0.081,0.651,0.268
753500,0.080,0.670,0.250
754000,0.080,0.631,0.289
754500,0.080,0.647,0.273
755000,0.082,0.644,0.274
755500,0.080,0.650,0.270
756000,0.081,0.678,0.241
756500,0.080,0.669,0.251
757000,0.080,0.670,0.250
757500,0.080,0.667,0.253
758000,0.080,0.675,0.245
758500,0.080,0.670,0.250
759000,0.082,0.601,0.318
759500,0.080,0.599,0.321
760000,0.080,0.646,0.274
760500,0.080,0.659,0.261
761000,0.080,0.692,0.228
761500,0.080,0.666,0.254
762000,0.080,0.655,0.265
762500,0.080,0.671,0.249
763000,0.080,0.684,0.236
763500,0.080,0.660,0.260
764000,0.080,0.637,0.283
764500,0.080,0.672,0.248
765000,0.080,0.662,0.258
765500,0.080,0.628,0.292
766000,0.080,0.651,0.269
766500,0.080,0.665,0.255
767000,0.080,0.689,0.231
767500,0.081,0.705,0.214
768000,0.081,0.694,0.226
768500,0.080,0.701,0.220
769000,0.080,0.714,0.207
769500,0.080,0.726,0.194
770000,0.080,0.705,0.215
770500,0.080,0.655,0.265
771000,0.080,0.673,0.247
771500,0.080,0.670,0.250
772000,0.080,0.683,0.237
772500,0.080,0.676,0.244
773000,0.080,0.682,0.238
773500,0.080,0.686,0.234
774000,0.080,0.737,0.183
774500,0.080,0.700,0.220
775000,0.080,0.690,0.230
775500,0.080,0.698,0.223
776000,0.080,0.710,0.210
776500,0.081,0.693,0.227
777000,0.081,0.686,0.233
777500,0.080,0.683,0.237
778000,0.080,0.670,0.250
778500,0.080,0.680,0.240
779000,0.080,0.683,0.237
779500,0.080,0.707,0.213
780000,0.080,0.682,0.238
780500,0.080,0.668,0.252
781000,0.080,0.707,0.213
781500,0.080,0.707,0.214
782000,0.080,0.663,0.257
782500,0.083,0.661,0.256
783000,0.081,0.656,0.263
783500,0.081,0.641,0.278
784000,0.080,0.650,0.270
784500,0.080,0.670,0.250
785000,0.082,0.654,0.264
785500,0.081,0.710,0.210
786000,0.081,0.710,0.210
786500,0.081,0.712,0.208
787000,0.080,0.679,0.241
787500,0.080,0.626,0.294
788000,0.080,0.620,0.300
788500,0.080,0.619,0.301
789000,0.082,0.637,0.281
789500,0.081,0.667,0.252
790000,0.081,0.655,0.264
790500,0.081,0.661,0.258
791000,0.080,0.671,0.249
791500,0.080,0.703,0.217
792000,0.080,0.680,0.240
792500,0.080,0.683,0.237
793000,0.080,0.659,0.261
793500,0.080,0.660,0.260
794000,0.080,0.642,0.278
794500,0.080,0.664,0.256
795000,0.083,0.658,0.259
795500,0.082,0.674,0.244
796000,0.081,0.666,0.253
796500,0.080,0.685,0.235
797000,0.082,0.689,0.230
797500,0.080,0.668,0.252
798000,0.080,0.694,0.227
798500,0.080,0.725,0.196
799000,0.080,0.703,0.218
799500,0.080,0.694,0.227
800000,0.080,0.643,0.277
800500,0.083,0.631,0.286
801000,0.082,0.638,0.280
801500,0.081,0.661,0.258
802000,0.081,0.688,0.232
802500,0.081,0.671,0.248
803000,0.080,0.657,0.263
803500,0.080,0.693,0.228
804000,0.080,0.661,0.259
804500,0.080,0.685,0.235
805000,0.080,0.688,0.232
805500,0.080,0.665,0.255
806000,0.080,0.681,0.239
806500,0.080,0.698,0.222
807000,0.080,0.677,0.243
807500,0.080,0.646,0.274
808000,0.080,0.659,0.261
808500,0.080,0.654,0.266
809000,0.082,0.665,0.253
809500,0.082,0.680,0.238
810000,0.080,0.701,0.219
810500,0.080,0.689,0.231
811000,0.080,0.668,0.252
811500,0.080,0.702,0.219
812000,0.080,0.665,0.255
812500,0.080,0.660,0.260
813000,0.080,0.663,0.257
813500,0.080,0.657,0.263
814000,0.080,0.674,0.246
814500,0.080,0.689,0.231
815000,0.080,0.691,0.229
815500,0.080,0.638,0.282
816000,0.082,0.640,0.278
816500,0.082,0.659,0.259
817000,0.080,0.691,0.230
817500,0.080,0.669,0.251
818000,0.080,0.673,0.247
818500,0.080,0.716,0.205
819000,0.080,0.688,0.233
819500,0.080,0.695,0.226
820000,0.080,0.676,0.244
820500,0.080,0.673,0.247
821000,0.080,0.647,0.273
821500,0.080,0.686,0.234
822000,0.080,0.710,0.211
822500,0.080,0.729,0.191
823000,0.080,0.712,0.209
823500,0.080,0.705,0.216
824000,0.080,0.735,0.185
824500,0.080,0.718,0.203
825000,0.082,0.681,0.237
825500,0.081,0.648,0.271
826000,0.080,0.642,0.278
826500,0.082,0.643,0.275
827000,0.081,0.657,0.262
827500,0.083,0.678,0.239
828000,0.082,0.636,0.282
828500,0.081,0.618,0.301
829000,0.080,0.611,0.309
829500,0.080,0.632,0.288
830000,0.084,0.654,0.262
830500,0.081,0.657,0.262
831000,0.080,0.635,0.285
831500,0.081,0.640,0.279
832000,0.080,0.638,0.282
832500,0.081,0.652,0.267
833000,0.081,0.628,0.291
833500,0.080,0.661,0.259
834000,0.080,0.683,0.237
834500,0.080,0.659,0.261
835000,0.080,0.686,0.234
835500,0.080,0.710,0.210
836000,0.080,0.721,0.200
836500,0.080,0.694,0.226
837000,0.080,0.681,0.239
837500,0.080,0.688,0.232
838000,0.082,0.705,0.214
838500,0.080,0.699,0.221
839000,0.081,0.672,0.247
839500,0.080,0.669,0.251
840000,0.080,0.659,0.261
840500,0.080,0.695,0.226
841000,0.080,0.681,0.239
841500,0.080,0.645,0.275
842000,0.080,0.660,0.260
842500,0.080,0.666,0.254
843000,0.080,0.665,0.255
843500,0.080,0.666,0.254
844000,0.080,0.678,0.242
844500,0.080,0.712,0.208
845000,0.080,0.684,0.236
845500,0.080,0.712,0.208
846000,0.081,0.684,0.235
846500,0.080,0.655,0.265
847000,0.080,0.674,0.246
847500,0.080,0.697,0.224
848000,0.080,0.717,0.203
848500,0.080,0.691,0.230
849000,0.080,0.683,0.237
849500,0.080,0.674,0.246
850000,0.080,0.648,0.272
850500,0.080,0.696,0.225
851000,0.080,0.675,0.245
851500,0.080,0.686,0.234
852000,0.080,0.729,0.191
852500,0.080,0.700,0.221
853000,0.080,0.653,0.267
853500,0.080,0.685,0.235
854000,0.080,0.688,0.232
854500,0.080,0.641,0.279
855000,0.080,0.605,0.315
855500,0.080,0.628,0.292
856000,0.080,0.659,0.261
856500,0.080,0.670,0.250
857000,0.080,0.640,0.280
857500,0.080,0.689,0.232
858000,0.080,0.657,0.263
858500,0.080,0.654,0.266
859000,0.080,0.598,0.323
859500,0.080,0.631,0.289
860000,0.080,0.655,0.265
860500,0.080,0.654,0.266
861000,0.080,0.659,0.261
861500,0.081,0.649,0.270
862000,0.081,0.672,0.247
862500,0.080,0.683,0.237
863000,0.080,0.713,0.207
863500,0.082,0.718,0.201
864000,0.081,0.718,0.202
864500,0.080,0.695,0.225
865000,0.080,0.725,0.195
865500,0.080,0.702,0.219
866000,0.080,0.700,0.220
866500,0.080,0.711,0.209
867000,0.080,0.688,0.233
867500,0.081,0.697,0.222
868000,0.080,0.702,0.218
868500,0.080,0.689,0.231
869000,0.080,0.716,0.204
869500,0.080,0.686,0.234
870000,0.080,0.662,0.258
870500,0.080,0.662,0.258
871000,0.080,0.642,0.278
871500,0.080,0.658,0.262
872000,0.080,0.671,0.249
872500,0.082,0.661,0.257
873000,0.081,0.662,0.257
873500,0.080,0.671,0.249
874000,0.080,0.694,0.227
874500,0.080,0.684,0.236
875000,0.080,0.654,0.266
875500,0.080,0.647,0.273
876000,0.080,0.630,0.290
876500,0.080,0.656,0.264
877000,0.080,0.636,0.284
877500,0.080,0.636,0.284
878000,0.080,0.673,0.247
878500,0.080,0.649,0.271
879000,0.080,0.693,0.228
879500,0.080,0.692,0.229
880000,0.082,0.680,0.238
880500,0.081,0.707,0.213
881000,0.080,0.685,0.235
881500,0.080,0.649,0.271
882000,0.080,0.630,0.290
882500,0.080,0.655,0.265
883000,0.080,0.642,0.278
883500,0.080,0.656,0.264
884000,0.080,0.683,0.237
884500,0.082,0.672,0.246
885000,0.082,0.680,0.238
885500,0.081,0.657,0.262
886000,0.080,0.633,0.287
886500,0.081,0.640,0.279
887000,0.083,0.611,0.307
887500,0.083,0.608,0.310
888000,0.081,0.595,0.325
888500,0.080,0.661,0.259
889000,0.080,0.684,0.236
889500,0.080,0.670,0.250
890000,0.080,0.666,0.254
890500,0.080,0.681,0.239
891000,0.080,0.720,0.200
891500,0.080,0.701,0.220
892000,0.080,0.708,0.213
892500,0.080,0.726,0.195
893000,0.080,0.685,0.235
893500,0.080,0.692,0.228
894000,0.080,0.699,0.221
894500,0.080,0.709,0.212
895000,0.080,0.717,0.203
895500,0.080,0.667,0.253
896000,0.080,0.684,0.236
896500,0.080,0.699,0.222
897000,0.080,0.705,0.215
897500,0.080,0.643,0.277
898000,0.080,0.665,0.255
898500,0.080,0.671,0.249
899000,0.080,0.677,0.243
899500,0.080,0.657,0.263
900000,0.080,0.660,0.260
900500,0.080,0.692,0.228
901000,0.081,0.674,0.245
901500,0.081,0.667,0.252
902000,0.081,0.717,0.203
902500,0.080,0.683,0.237
903000,0.080,0.700,0.221
903500,0.080,0.714,0.206
904000,0.080,0.723,0.197
904500,0.080,0.704,0.216
905000,0.080,0.727,0.194
905500,0.080,0.707,0.213
906000,0.080,0.691,0.230
906500,0.081,0.693,0.226
907000,0.081,0.665,0.254
907500,0.081,0.629,0.290
908000,0.080,0.669,0.251
908500,0.083,0.674,0.243
909000,0.081,0.676,0.243
909500,0.080,0.693,0.227
910000,0.080,0.644,0.276
910500,0.081,0.703,0.217
911000,0.080,0.682,0.238
911500,0.080,0.687,0.233
912000,0.080,0.688,0.232
912500,0.080,0.653,0.267
913000,0.080,0.667,0.253
913500,0.080,0.682,0.238
914000,0.080,0.675,0.245
914500,0.080,0.662,0.258
915000,0.080,0.685,0.235
915500,0.080,0.691,0.230
916000,0.080,0.686,0.234
916500,0.080,0.645,0.275
917000,0.080,0.667,0.253
917500,0.080,0.699,0.222
918000,0.080,0.667,0.253
918500,0.080,0.633,0.287
919000,0.080,0.649,0.271
919500,0.080,0.640,0.280
920000,0.080,0.620,0.300
920500,0.080,0.685,0.235
921000,0.080,0.666,0.254
921500,0.080,0.686,0.234
922000,0.080,0.634,0.286
922500,0.080,0.638,0.282
923000,0.080,0.654,0.266
923500,0.080,0.648,0.272
924000,0.080,0.673,0.247
924500,0.082,0.657,0.261
925000,0.081,0.665,0.254
925500,0.080,0.675,0.245
926000,0.080,0.695,0.226
926500,0.080,0.642,0.278
927000,0.080,0.657,0.263
927500,0.080,0.670,0.250
928000,0.080,0.671,0.249
928500,0.080,0.692,0.228
929000,0.080,0.688,0.233
929500,0.080,0.670,0.250
930000,0.081,0.664,0.255
930500,0.081,0.667,0.252
931000,0.081,0.655,0.264
931500,0.080,0.666,0.254
932000,0.080,0.660,0.260
932500,0.082,0.657,0.261
933000,0.081,0.644,0.275
933500,0.080,0.652,0.268
934000,0.080,0.603,0.318
934500,0.080,0.625,0.295
935000,0.080,0.627,0.293
935500,0.081,0.635,0.284
936000,0.080,0.628,0.292
936500,0.080,0.672,0.248
937000,0.080,0.693,0.227
937500,0.080,0.695,0.226
938000,0.080,0.698,0.222
938500,0.080,0.706,0.214
939000,0.080,0.687,0.233
939500,0.080,0.697,0.224
940000,0.080,0.710,0.210
940500,0.080,0.686,0.234
941000,0.080,0.701,0.220
941500,0.080,0.693,0.227
942000,0.080,0.666,0.254
942500,0.080,0.663,0.257
943000,0.081,0.627,0.292
943500,0.080,0.665,0.255
944000,0.083,0.656,0.261
944500,0.081,0.679,0.240
945000,0.083,0.619,0.299
945500,0.081,0.638,0.281
946000,0.081,0.609,0.311
946500,0.080,0.658,0.262
947000,0.080,0.671,0.249
947500,0.080,0.663,0.257
948000,0.080,0.679,0.241
948500,0.080,0.675,0.245
949000,0.080,0.681,0.239
949500,0.080,0.660,0.260
950000,0.080,0.668,0.252
950500,0.080,0.678,0.242
951000,0.082,0.690,0.229
951500,0.081,0.685,0.234
952000,0.080,0.660,0.260
952500,0.080,0.631,0.289
953000,0.082,0.656,0.262
953500,0.082,0.696,0.222
954000,0.082,0.693,0.225
954500,0.081,0.683,0.236
955000,0.082,0.681,0.237
955500,0.081,0.658,0.261
956000,0.080,0.675,0.245
956500,0.080,0.702,0.218
957000,0.080,0.709,0.211
957500,0.080,0.702,0.218
958000,0.080,0.742,0.178
958500,0.080,0.722,0.198
959000,0.080,0.719,0.202
959500,0.080,0.696,0.225
960000,0.080,0.653,0.267
960500,0.080,0.661,0.259
961000,0.080,0.691,0.229
961500,0.080,0.704,0.217
962000,0.080,0.683,0.237
962500,0.080,0.677,0.243
963000,0.080,0.695,0.226
963500,0.080,0.650,0.270
964000,0.082,0.661,0.257
964500,0.081,0.623,0.297
965000,0.081,0.637,0.282
965500,0.080,0.643,0.277
966000,0.080,0.650,0.270
966500,0.080,0.660,0.260
967000,0.080,0.708,0.213
967500,0.080,0.700,0.221
968000,0.080,0.690,0.231
968500,0.080,0.665,0.255
969000,0.080,0.690,0.231
969500,0.080,0.705,0.215
970000,0.080,0.681,0.239
970500,0.080,0.695,0.225
971000,0.080,0.695,0.225
971500,0.080,0.744,0.176
972000,0.080,0.742,0.178
972500,0.080,0.747,0.173
973000,0.080,0.736,0.184
973500,0.080,0.713,0.208
974000,0.080,0.710,0.211
974500,0.080,0.669,0.251
975000,0.080,0.678,0.242
975500,0.080,0.683,0.237
976000,0.080,0.691,0.230
976500,0.080,0.714,0.207
977000,0.080,0.684,0.236
977500,0.080,0.674,0.246
978000,0.080,0.675,0.245
978500,0.080,0.679,0.241
979000,0.080,0.613,0.307
979500,0.080,0.631,0.289
980000,0.080,0.634,0.286
980500,0.080,0.667,0.253
981000,0.080,0.671,0.249
981500,0.080,0.648,0.272
982000,0.080,0.636,0.284
982500,0.081,0.659,0.260
983000,0.080,0.667,0.253
983500,0.084,0.677,0.239
984000,0.082,0.661,0.257
984500,0.080,0.663,0.257
985000,0.080,0.664,0.256
985500,0.080,0.663,0.257
986000,0.080,0.635,0.285
986500,0.080,0.624,0.296
987000,0.080,0.628,0.292
987500,0.080,0.621,0.299
988000,0.080,0.651,0.269
988500,0.080,0.628,0.292
989000,0.081,0.630,0.289
989500,0.083,0.605,0.312
990000,0.082,0.665,0.253
990500,0.082,0.687,0.231
991000,0.081,0.690,0.230
991500,0.081,0.722,0.198
992000,0.080,0.708,0.213
992500,0.080,0.689,0.232
993000,0.080,0.673,0.247
993500,0.080,0.665,0.255
994000,0.080,0.670,0.250
994500,0.080,0.700,0.220
995000,0.080,0.694,0.227
995500,0.080,0.692,0.228
996000,0.080,0.690,0.231
996500,0.080,0.660,0.260
997000,0.080,0.670,0.250
997500,0.080,0.660,0.260
998000,0.080,0.647,0.273
998500,0.080,0.653,0.267
999000,0.080,0.662,0.258
999500,0.082,0.685,0.233
1000000,0.081,0.721,0.199
