time,n_A+p,n_B,n_AB
100,0.030,0.967,0.003
200,0.030,0.962,0.009
300,0.030,0.935,0.036
400,0.030,0.935,0.036
500,0.030,0.930,0.041
600,0.030,0.913,0.057
700,0.030,0.892,0.078
800,0.031,0.871,0.098
900,0.031,0.857,0.112
1000,0.031,0.842,0.127
1100,0.035,0.818,0.147
1200,0.031,0.817,0.153
1300,0.033,0.776,0.190
1400,0.031,0.765,0.204
1500,0.033,0.740,0.228
1600,0.033,0.717,0.250
1700,0.037,0.691,0.272
1800,0.038,0.698,0.264
1900,0.038,0.669,0.293
2000,0.036,0.643,0.321
2100,0.038,0.604,0.358
2200,0.036,0.584,0.380
2300,0.045,0.562,0.393
2400,0.044,0.538,0.419
2500,0.055,0.505,0.439
2600,0.061,0.496,0.444
2700,0.054,0.474,0.472
2800,0.055,0.439,0.505
2900,0.050,0.425,0.524
3000,0.047,0.404,0.549
3100,0.045,0.405,0.550
3200,0.058,0.374,0.568
3300,0.065,0.359,0.576
3400,0.059,0.357,0.584
3500,0.059,0.324,0.618
3600,0.070,0.308,0.622
3700,0.073,0.304,0.623
3800,0.074,0.296,0.630
3900,0.065,0.275,0.661
4000,0.066,0.276,0.657
4100,0.083,0.282,0.634
4200,0.064,0.285,0.651
4300,0.072,0.268,0.660
4400,0.076,0.281,0.643
4500,0.075,0.264,0.661
4600,0.072,0.260,0.668
4700,0.079,0.251,0.669
4800,0.088,0.240,0.672
4900,0.090,0.227,0.683
5000,0.094,0.218,0.688
5100,0.094,0.229,0.677
5200,0.091,0.219,0.690
5300,0.100,0.218,0.682
5400,0.103,0.222,0.675
5500,0.101,0.200,0.699
5600,0.101,0.205,0.694
5700,0.097,0.204,0.700
5800,0.098,0.197,0.705
5900,0.105,0.194,0.701
6000,0.102,0.187,0.711
6100,0.111,0.185,0.704
6200,0.095,0.187,0.718
6300,0.114,0.174,0.712
6400,0.136,0.175,0.689
6500,0.119,0.179,0.703
6600,0.124,0.164,0.712
6700,0.146,0.150,0.704
6800,0.152,0.149,0.699
6900,0.157,0.142,0.701
7000,0.136,0.139,0.725
7100,0.142,0.130,0.728
7200,0.159,0.126,0.715
7300,0.147,0.122,0.731
7400,0.168,0.127,0.705
7500,0.178,0.122,0.701
7600,0.193,0.117,0.690
7700,0.190,0.120,0.690
7800,0.186,0.115,0.699
7900,0.180,0.111,0.708
8000,0.169,0.104,0.727
8100,0.190,0.106,0.704
8200,0.157,0.099,0.744
8300,0.187,0.102,0.711
8400,0.166,0.101,0.733
8500,0.169,0.119,0.712
8600,0.171,0.121,0.708
8700,0.178,0.115,0.707
8800,0.169,0.111,0.721
8900,0.210,0.102,0.688
9000,0.195,0.096,0.709
9100,0.187,0.094,0.718
9200,0.208,0.095,0.697
9300,0.212,0.094,0.694
9400,0.208,0.087,0.705
9500,0.232,0.083,0.685
9600,0.239,0.088,0.672
9700,0.217,0.091,0.693
9800,0.199,0.101,0.700
9900,0.191,0.100,0.710
10000,0.186,0.100,0.715
10100,0.199,0.101,0.700
10200,0.176,0.091,0.733
10300,0.171,0.091,0.738
10400,0.176,0.080,0.744
10500,0.171,0.077,0.751
10600,0.197,0.077,0.726
10700,0.207,0.073,0.720
10800,0.199,0.065,0.736
10900,0.210,0.065,0.725
11000,0.212,0.069,0.719
11100,0.210,0.075,0.715
11200,0.199,0.068,0.733
11300,0.188,0.070,0.742
11400,0.188,0.071,0.741
11500,0.175,0.072,0.753
11600,0.198,0.071,0.731
11700,0.206,0.067,0.727
11800,0.214,0.068,0.719
11900,0.194,0.066,0.740
12000,0.196,0.061,0.743
12100,0.190,0.061,0.749
12200,0.198,0.061,0.740
12300,0.216,0.061,0.724
12400,0.221,0.054,0.725
12500,0.221,0.050,0.729
12600,0.221,0.052,0.726
12700,0.244,0.049,0.707
12800,0.247,0.052,0.700
12900,0.253,0.049,0.698
13000,0.244,0.047,0.709
13100,0.265,0.049,0.686
13200,0.278,0.051,0.672
13300,0.246,0.048,0.706
13400,0.249,0.045,0.706
13500,0.237,0.042,0.720
13600,0.226,0.045,0.728
13700,0.254,0.042,0.704
13800,0.282,0.038,0.680
13900,0.272,0.038,0.690
14000,0.264,0.035,0.701
14100,0.301,0.034,0.665
14200,0.303,0.033,0.664
14300,0.311,0.032,0.657
14400,0.292,0.036,0.672
14500,0.313,0.036,0.651
14600,0.313,0.036,0.652
14700,0.321,0.032,0.647
14800,0.305,0.031,0.664
14900,0.299,0.030,0.672
15000,0.294,0.031,0.675
15100,0.285,0.031,0.683
15200,0.297,0.032,0.671
15300,0.322,0.035,0.643
15400,0.288,0.035,0.678
15500,0.302,0.034,0.664
15600,0.308,0.031,0.661
15700,0.321,0.031,0.647
15800,0.304,0.033,0.664
15900,0.288,0.034,0.678
16000,0.272,0.045,0.682
16100,0.261,0.047,0.692
16200,0.254,0.044,0.703
16300,0.240,0.042,0.718
16400,0.227,0.042,0.731
16500,0.207,0.055,0.737
16600,0.205,0.062,0.733
16700,0.226,0.054,0.719
16800,0.215,0.055,0.729
16900,0.238,0.050,0.712
17000,0.231,0.044,0.725
17100,0.208,0.048,0.744
17200,0.233,0.050,0.717
17300,0.225,0.054,0.721
17400,0.217,0.051,0.732
17500,0.219,0.050,0.731
17600,0.228,0.051,0.722
17700,0.220,0.054,0.726
17800,0.234,0.050,0.716
17900,0.218,0.047,0.735
18000,0.244,0.052,0.704
18100,0.232,0.050,0.718
18200,0.237,0.045,0.717
18300,0.236,0.039,0.725
18400,0.231,0.041,0.728
18500,0.243,0.039,0.718
18600,0.263,0.038,0.699
18700,0.263,0.038,0.700
18800,0.264,0.037,0.698
18900,0.264,0.043,0.693
19000,0.261,0.048,0.691
19100,0.254,0.045,0.701
19200,0.235,0.056,0.710
19300,0.207,0.055,0.738
19400,0.218,0.040,0.742
19500,0.226,0.041,0.733
19600,0.266,0.045,0.689
19700,0.254,0.055,0.690
19800,0.240,0.053,0.707
19900,0.261,0.045,0.694
20000,0.261,0.041,0.697
20100,0.249,0.043,0.708
20200,0.268,0.038,0.694
20300,0.253,0.033,0.714
20400,0.272,0.031,0.697
20500,0.267,0.031,0.703
20600,0.265,0.033,0.703
20700,0.269,0.030,0.701
20800,0.270,0.033,0.697
20900,0.272,0.033,0.694
21000,0.271,0.031,0.698
21100,0.274,0.031,0.696
21200,0.283,0.027,0.690
21300,0.254,0.023,0.724
21400,0.234,0.035,0.731
21500,0.236,0.038,0.726
21600,0.251,0.033,0.716
21700,0.247,0.038,0.715
21800,0.246,0.036,0.718
21900,0.230,0.030,0.740
22000,0.257,0.028,0.715
22100,0.271,0.028,0.701
22200,0.271,0.032,0.697
22300,0.255,0.031,0.714
22400,0.250,0.031,0.719
22500,0.254,0.029,0.717
22600,0.264,0.031,0.705
22700,0.251,0.033,0.716
22800,0.244,0.029,0.727
22900,0.236,0.034,0.731
23000,0.236,0.030,0.734
23100,0.247,0.030,0.722
23200,0.276,0.026,0.698
23300,0.284,0.025,0.691
23400,0.288,0.026,0.686
23500,0.301,0.021,0.678
23600,0.310,0.025,0.665
23700,0.313,0.026,0.661
23800,0.275,0.025,0.700
23900,0.296,0.024,0.680
24000,0.283,0.024,0.692
24100,0.283,0.023,0.694
24200,0.274,0.022,0.704
24300,0.287,0.023,0.690
24400,0.304,0.027,0.668
24500,0.293,0.026,0.681
24600,0.301,0.024,0.675
24700,0.264,0.030,0.706
24800,0.237,0.027,0.736
24900,0.227,0.029,0.744
25000,0.204,0.027,0.769
25100,0.215,0.029,0.756
25200,0.210,0.035,0.756
25300,0.203,0.039,0.758
25400,0.189,0.040,0.771
25500,0.195,0.054,0.751
25600,0.187,0.047,0.766
25700,0.196,0.040,0.764
25800,0.222,0.036,0.743
25900,0.231,0.030,0.739
26000,0.244,0.029,0.726
26100,0.232,0.033,0.736
26200,0.225,0.032,0.743
26300,0.244,0.031,0.725
26400,0.233,0.041,0.726
26500,0.239,0.038,0.724
26600,0.225,0.036,0.739
26700,0.243,0.037,0.721
26800,0.220,0.036,0.744
26900,0.225,0.045,0.730
27000,0.222,0.034,0.744
27100,0.227,0.033,0.740
27200,0.231,0.031,0.738
27300,0.234,0.031,0.735
27400,0.245,0.031,0.724
27500,0.244,0.031,0.725
27600,0.247,0.027,0.726
27700,0.262,0.032,0.706
27800,0.286,0.035,0.679
27900,0.263,0.042,0.695
28000,0.260,0.040,0.700
28100,0.278,0.041,0.682
28200,0.295,0.035,0.670
28300,0.281,0.036,0.683
28400,0.279,0.031,0.689
28500,0.303,0.029,0.668
28600,0.300,0.026,0.674
28700,0.312,0.026,0.662
28800,0.325,0.029,0.646
28900,0.308,0.026,0.666
29000,0.335,0.026,0.640
29100,0.321,0.032,0.647
29200,0.293,0.026,0.681
29300,0.290,0.025,0.685
29400,0.298,0.023,0.679
29500,0.304,0.022,0.674
29600,0.309,0.020,0.671
29700,0.299,0.019,0.682
29800,0.270,0.020,0.710
29900,0.279,0.022,0.699
30000,0.266,0.033,0.701
30100,0.292,0.032,0.676
30200,0.269,0.027,0.704
30300,0.267,0.024,0.709
30400,0.285,0.024,0.692
30500,0.274,0.026,0.700
30600,0.264,0.034,0.702
30700,0.251,0.033,0.716
30800,0.252,0.028,0.720
30900,0.280,0.023,0.697
31000,0.266,0.020,0.714
31100,0.267,0.027,0.706
31200,0.300,0.025,0.675
31300,0.292,0.022,0.686
31400,0.317,0.021,0.662
31500,0.321,0.019,0.660
31600,0.332,0.018,0.650
31700,0.322,0.021,0.657
31800,0.326,0.019,0.655
31900,0.331,0.024,0.645
32000,0.313,0.026,0.661
32100,0.339,0.027,0.634
32200,0.343,0.023,0.634
32300,0.329,0.019,0.652
32400,0.331,0.019,0.650
32500,0.318,0.020,0.662
32600,0.341,0.022,0.638
32700,0.344,0.021,0.635
32800,0.360,0.020,0.620
32900,0.371,0.019,0.610
33000,0.374,0.017,0.609
33100,0.384,0.017,0.600
33200,0.367,0.016,0.617
33300,0.324,0.016,0.659
33400,0.313,0.024,0.663
33500,0.324,0.020,0.655
33600,0.316,0.023,0.661
33700,0.303,0.022,0.676
33800,0.315,0.022,0.663
33900,0.315,0.019,0.666
34000,0.300,0.023,0.677
34100,0.297,0.023,0.680
34200,0.314,0.018,0.668
34300,0.317,0.019,0.665
34400,0.296,0.022,0.682
34500,0.314,0.026,0.660
34600,0.327,0.027,0.646
34700,0.338,0.033,0.630
34800,0.329,0.028,0.643
34900,0.341,0.027,0.632
35000,0.344,0.026,0.630
35100,0.345,0.016,0.639
35200,0.361,0.017,0.621
35300,0.358,0.017,0.625
35400,0.353,0.019,0.628
35500,0.370,0.020,0.609
35600,0.357,0.020,0.623
35700,0.347,0.020,0.633
35800,0.356,0.019,0.625
35900,0.314,0.019,0.667
36000,0.304,0.022,0.674
36100,0.315,0.020,0.665
36200,0.338,0.017,0.645
36300,0.318,0.017,0.665
36400,0.324,0.015,0.661
36500,0.317,0.018,0.665
36600,0.334,0.019,0.647
36700,0.326,0.022,0.652
36800,0.319,0.017,0.664
36900,0.322,0.018,0.660
37000,0.321,0.015,0.664
37100,0.323,0.014,0.663
37200,0.325,0.016,0.658
37300,0.302,0.025,0.673
37400,0.299,0.027,0.675
37500,0.293,0.023,0.685
37600,0.281,0.022,0.697
37700,0.288,0.030,0.682
37800,0.307,0.024,0.669
37900,0.299,0.023,0.678
38000,0.332,0.026,0.642
38100,0.318,0.024,0.658
38200,0.320,0.022,0.658
38300,0.297,0.023,0.680
38400,0.315,0.020,0.664
38500,0.322,0.022,0.656
38600,0.313,0.024,0.662
38700,0.320,0.019,0.661
38800,0.341,0.019,0.640
38900,0.362,0.021,0.617
39000,0.340,0.018,0.642
39100,0.337,0.019,0.644
39200,0.316,0.020,0.664
39300,0.295,0.021,0.684
39400,0.269,0.021,0.710
39500,0.295,0.020,0.686
39600,0.289,0.017,0.694
39700,0.286,0.017,0.696
39800,0.294,0.015,0.691
39900,0.321,0.021,0.658
40000,0.315,0.018,0.666
40100,0.299,0.020,0.681
40200,0.314,0.016,0.670
40300,0.283,0.017,0.700
40400,0.317,0.014,0.669
40500,0.297,0.011,0.692
40600,0.313,0.010,0.677
40700,0.294,0.010,0.696
40800,0.305,0.011,0.684
40900,0.300,0.012,0.688
41000,0.317,0.016,0.668
41100,0.293,0.015,0.693
41200,0.274,0.016,0.710
41300,0.268,0.020,0.712
41400,0.289,0.016,0.696
41500,0.277,0.017,0.705
41600,0.292,0.017,0.692
41700,0.274,0.017,0.708
41800,0.283,0.016,0.701
41900,0.300,0.015,0.685
42000,0.313,0.014,0.673
42100,0.328,0.018,0.654
42200,0.339,0.015,0.646
42300,0.353,0.013,0.634
42400,0.360,0.012,0.628
42500,0.378,0.010,0.612
42600,0.377,0.009,0.614
42700,0.357,0.008,0.635
42800,0.342,0.009,0.650
42900,0.341,0.010,0.649
43000,0.336,0.009,0.655
43100,0.353,0.012,0.636
43200,0.363,0.009,0.628
43300,0.378,0.008,0.614
43400,0.375,0.009,0.616
43500,0.377,0.008,0.616
43600,0.346,0.010,0.643
43700,0.329,0.009,0.662
43800,0.304,0.011,0.685
43900,0.296,0.011,0.693
44000,0.304,0.016,0.680
44100,0.319,0.014,0.667
44200,0.279,0.016,0.705
44300,0.282,0.017,0.701
44400,0.303,0.013,0.684
44500,0.311,0.016,0.673
44600,0.316,0.015,0.669
44700,0.307,0.013,0.680
44800,0.311,0.014,0.675
44900,0.320,0.014,0.666
45000,0.322,0.011,0.667
45100,0.337,0.018,0.645
45200,0.312,0.015,0.673
45300,0.316,0.012,0.672
45400,0.347,0.013,0.640
45500,0.342,0.016,0.642
45600,0.334,0.016,0.651
45700,0.346,0.017,0.637
45800,0.343,0.013,0.643
45900,0.360,0.014,0.626
46000,0.361,0.013,0.626
46100,0.353,0.015,0.632
46200,0.366,0.017,0.617
46300,0.350,0.019,0.630
46400,0.374,0.018,0.608
46500,0.354,0.020,0.626
46600,0.331,0.014,0.655
46700,0.338,0.011,0.651
46800,0.328,0.017,0.654
46900,0.324,0.020,0.656
47000,0.314,0.019,0.668
47100,0.300,0.015,0.686
47200,0.299,0.014,0.687
47300,0.277,0.023,0.700
47400,0.281,0.029,0.690
47500,0.276,0.027,0.697
47600,0.317,0.030,0.653
47700,0.326,0.025,0.649
47800,0.353,0.023,0.624
47900,0.333,0.023,0.644
48000,0.327,0.020,0.654
48100,0.322,0.020,0.657
48200,0.317,0.020,0.663
48300,0.315,0.021,0.664
48400,0.318,0.022,0.660
48500,0.312,0.022,0.666
48600,0.320,0.019,0.661
48700,0.319,0.019,0.662
48800,0.283,0.023,0.693
48900,0.272,0.021,0.707
49000,0.311,0.017,0.672
49100,0.343,0.015,0.642
49200,0.331,0.017,0.651
49300,0.307,0.017,0.676
49400,0.302,0.026,0.672
49500,0.324,0.026,0.650
49600,0.304,0.022,0.673
49700,0.290,0.026,0.684
49800,0.317,0.022,0.661
49900,0.335,0.016,0.650
50000,0.353,0.012,0.634
50100,0.354,0.012,0.634
50200,0.379,0.010,0.611
50300,0.393,0.013,0.594
50400,0.373,0.017,0.609
50500,0.363,0.015,0.622
50600,0.359,0.014,0.627
50700,0.356,0.012,0.632
50800,0.359,0.015,0.627
50900,0.358,0.016,0.626
51000,0.388,0.016,0.595
51100,0.353,0.012,0.635
51200,0.349,0.012,0.639
51300,0.347,0.015,0.638
51400,0.353,0.016,0.630
51500,0.346,0.016,0.638
51600,0.332,0.015,0.653
51700,0.335,0.012,0.653
51800,0.324,0.011,0.665
51900,0.320,0.010,0.670
52000,0.336,0.017,0.647
52100,0.314,0.020,0.666
52200,0.299,0.022,0.679
52300,0.296,0.026,0.679
52400,0.279,0.028,0.693
52500,0.268,0.032,0.700
52600,0.272,0.030,0.698
52700,0.288,0.036,0.677
52800,0.269,0.031,0.700
52900,0.277,0.038,0.685
53000,0.272,0.032,0.696
53100,0.308,0.030,0.662
53200,0.327,0.028,0.646
53300,0.324,0.024,0.653
53400,0.330,0.022,0.648
53500,0.335,0.031,0.634
53600,0.357,0.027,0.616
53700,0.349,0.024,0.627
53800,0.338,0.019,0.643
53900,0.334,0.020,0.646
54000,0.333,0.022,0.646
54100,0.354,0.019,0.627
54200,0.328,0.019,0.653
54300,0.344,0.019,0.637
54400,0.333,0.015,0.653
54500,0.333,0.019,0.648
54600,0.326,0.015,0.659
54700,0.324,0.013,0.663
54800,0.331,0.023,0.647
54900,0.331,0.015,0.654
55000,0.319,0.019,0.662
55100,0.308,0.019,0.673
55200,0.307,0.016,0.676
55300,0.328,0.017,0.654
55400,0.311,0.015,0.673
55500,0.304,0.015,0.682
55600,0.312,0.016,0.672
55700,0.300,0.010,0.689
55800,0.310,0.015,0.676
55900,0.318,0.012,0.671
56000,0.308,0.012,0.679
56100,0.313,0.011,0.676
56200,0.335,0.013,0.652
56300,0.345,0.020,0.635
56400,0.332,0.019,0.650
56500,0.332,0.019,0.649
56600,0.324,0.019,0.657
56700,0.306,0.014,0.680
56800,0.334,0.018,0.648
56900,0.322,0.017,0.661
57000,0.306,0.015,0.679
57100,0.309,0.021,0.670
57200,0.318,0.021,0.661
57300,0.279,0.017,0.703
57400,0.295,0.025,0.680
57500,0.279,0.023,0.698
57600,0.274,0.021,0.705
57700,0.304,0.020,0.675
57800,0.324,0.016,0.660
57900,0.318,0.019,0.662
58000,0.313,0.017,0.669
58100,0.347,0.019,0.634
58200,0.303,0.027,0.669
58300,0.290,0.027,0.683
58400,0.279,0.019,0.701
58500,0.265,0.019,0.715
58600,0.278,0.022,0.700
58700,0.301,0.023,0.676
58800,0.298,0.019,0.683
58900,0.292,0.014,0.694
59000,0.289,0.014,0.697
59100,0.256,0.013,0.731
59200,0.262,0.015,0.724
59300,0.287,0.014,0.699
59400,0.293,0.018,0.689
59500,0.299,0.014,0.687
59600,0.297,0.017,0.686
59700,0.299,0.018,0.683
59800,0.289,0.017,0.693
59900,0.293,0.019,0.689
60000,0.261,0.016,0.723
60100,0.290,0.018,0.692
60200,0.281,0.016,0.704
60300,0.279,0.015,0.705
60400,0.293,0.022,0.685
60500,0.286,0.021,0.693
60600,0.283,0.023,0.694
60700,0.310,0.019,0.672
60800,0.292,0.036,0.673
60900,0.301,0.020,0.679
61000,0.304,0.017,0.678
61100,0.319,0.017,0.664
61200,0.299,0.022,0.679
61300,0.313,0.020,0.667
61400,0.316,0.022,0.662
61500,0.336,0.017,0.646
61600,0.314,0.019,0.667
61700,0.313,0.015,0.672
61800,0.288,0.020,0.692
61900,0.286,0.019,0.694
62000,0.275,0.019,0.706
62100,0.257,0.020,0.722
62200,0.250,0.018,0.732
62300,0.251,0.023,0.725
62400,0.252,0.022,0.726
62500,0.268,0.020,0.712
62600,0.265,0.021,0.714
62700,0.243,0.024,0.733
62800,0.229,0.029,0.742
62900,0.231,0.033,0.737
63000,0.233,0.035,0.732
63100,0.224,0.033,0.743
63200,0.226,0.040,0.734
63300,0.228,0.038,0.734
63400,0.219,0.031,0.749
63500,0.237,0.026,0.736
63600,0.231,0.022,0.748
63700,0.244,0.019,0.737
63800,0.251,0.019,0.731
63900,0.265,0.027,0.708
64000,0.258,0.028,0.714
64100,0.243,0.037,0.719
64200,0.237,0.038,0.724
64300,0.245,0.030,0.725
64400,0.270,0.030,0.700
64500,0.274,0.032,0.694
64600,0.272,0.033,0.696
64700,0.254,0.029,0.717
64800,0.249,0.026,0.725
64900,0.257,0.024,0.718
65000,0.269,0.039,0.692
65100,0.264,0.034,0.703
65200,0.264,0.040,0.696
65300,0.247,0.034,0.719
65400,0.243,0.026,0.731
65500,0.268,0.031,0.701
65600,0.272,0.026,0.701
65700,0.260,0.024,0.716
65800,0.250,0.026,0.724
65900,0.249,0.029,0.723
66000,0.258,0.026,0.716
66100,0.263,0.031,0.706
66200,0.259,0.026,0.715
66300,0.256,0.025,0.719
66400,0.268,0.020,0.712
66500,0.263,0.020,0.717
66600,0.275,0.019,0.705
66700,0.272,0.024,0.703
66800,0.261,0.022,0.717
66900,0.259,0.019,0.722
67000,0.275,0.022,0.703
67100,0.283,0.020,0.696
67200,0.268,0.022,0.710
67300,0.271,0.017,0.711
67400,0.284,0.024,0.692
67500,0.278,0.020,0.703
67600,0.281,0.023,0.696
67700,0.306,0.021,0.673
67800,0.310,0.027,0.662
67900,0.318,0.029,0.653
68000,0.284,0.024,0.692
68100,0.264,0.027,0.709
68200,0.272,0.026,0.702
68300,0.272,0.023,0.705
68400,0.263,0.027,0.710
68500,0.286,0.023,0.691
68600,0.257,0.018,0.725
68700,0.226,0.020,0.754
68800,0.253,0.019,0.728
68900,0.251,0.026,0.724
69000,0.256,0.019,0.725
69100,0.240,0.019,0.741
69200,0.265,0.016,0.719
69300,0.255,0.022,0.724
69400,0.258,0.023,0.719
69500,0.254,0.027,0.718
69600,0.246,0.025,0.729
69700,0.275,0.020,0.705
69800,0.300,0.019,0.680
69900,0.288,0.019,0.693
70000,0.285,0.021,0.694
70100,0.306,0.020,0.674
70200,0.332,0.018,0.650
70300,0.316,0.017,0.667
70400,0.325,0.019,0.656
70500,0.340,0.015,0.645
70600,0.331,0.016,0.653
70700,0.334,0.015,0.651
70800,0.310,0.015,0.676
70900,0.320,0.020,0.661
71000,0.331,0.018,0.651
71100,0.320,0.017,0.663
71200,0.343,0.020,0.637
71300,0.332,0.020,0.648
71400,0.337,0.019,0.644
71500,0.336,0.017,0.647
71600,0.336,0.017,0.647
71700,0.338,0.020,0.641
71800,0.335,0.020,0.645
71900,0.335,0.020,0.645
72000,0.305,0.015,0.680
72100,0.325,0.011,0.664
72200,0.338,0.012,0.650
72300,0.333,0.014,0.653
72400,0.331,0.016,0.653
72500,0.321,0.020,0.659
72600,0.327,0.034,0.640
72700,0.326,0.026,0.648
72800,0.319,0.024,0.657
72900,0.310,0.021,0.669
73000,0.321,0.019,0.660
73100,0.328,0.019,0.654
73200,0.331,0.017,0.652
73300,0.320,0.013,0.667
73400,0.295,0.015,0.690
73500,0.285,0.020,0.694
73600,0.279,0.029,0.692
73700,0.256,0.026,0.718
73800,0.285,0.030,0.685
73900,0.289,0.029,0.683
74000,0.282,0.032,0.686
74100,0.292,0.031,0.678
74200,0.282,0.027,0.691
74300,0.299,0.031,0.671
74400,0.283,0.028,0.689
74500,0.294,0.034,0.672
74600,0.272,0.030,0.698
74700,0.275,0.025,0.700
74800,0.287,0.020,0.693
74900,0.288,0.019,0.693
75000,0.304,0.017,0.679
75100,0.297,0.016,0.686
75200,0.281,0.019,0.700
75300,0.283,0.021,0.696
75400,0.285,0.024,0.692
75500,0.282,0.020,0.698
75600,0.276,0.020,0.704
75700,0.272,0.018,0.710
75800,0.268,0.019,0.714
75900,0.268,0.017,0.714
76000,0.252,0.022,0.726
76100,0.249,0.021,0.730
76200,0.265,0.022,0.714
76300,0.256,0.020,0.725
76400,0.260,0.019,0.721
76500,0.304,0.020,0.675
76600,0.313,0.018,0.669
76700,0.301,0.018,0.681
76800,0.299,0.016,0.685
76900,0.310,0.015,0.675
77000,0.321,0.013,0.666
77100,0.309,0.016,0.675
77200,0.325,0.020,0.655
77300,0.305,0.022,0.673
77400,0.317,0.019,0.664
77500,0.307,0.029,0.664
77600,0.314,0.024,0.662
77700,0.306,0.020,0.673
77800,0.288,0.024,0.689
77900,0.285,0.024,0.692
78000,0.303,0.021,0.676
78100,0.278,0.022,0.700
78200,0.275,0.037,0.688
78300,0.276,0.036,0.688
78400,0.266,0.031,0.703
78500,0.257,0.036,0.707
78600,0.269,0.031,0.700
78700,0.261,0.031,0.708
78800,0.274,0.029,0.697
78900,0.311,0.026,0.664
79000,0.325,0.023,0.651
79100,0.328,0.019,0.653
79200,0.331,0.018,0.651
79300,0.344,0.017,0.639
79400,0.345,0.014,0.641
79500,0.318,0.013,0.669
79600,0.315,0.012,0.673
79700,0.301,0.017,0.682
79800,0.308,0.020,0.672
79900,0.289,0.020,0.690
80000,0.321,0.019,0.661
80100,0.286,0.019,0.695
80200,0.294,0.019,0.687
80300,0.286,0.017,0.697
80400,0.300,0.017,0.682
80500,0.283,0.019,0.698
80600,0.292,0.018,0.690
80700,0.292,0.020,0.688
80800,0.324,0.016,0.660
80900,0.315,0.016,0.669
81000,0.302,0.014,0.684
81100,0.309,0.022,0.669
81200,0.311,0.022,0.667
81300,0.304,0.019,0.677
81400,0.332,0.018,0.650
81500,0.327,0.023,0.650
81600,0.307,0.020,0.673
81700,0.312,0.022,0.666
81800,0.300,0.020,0.680
81900,0.308,0.019,0.673
82000,0.308,0.020,0.672
82100,0.280,0.019,0.701
82200,0.275,0.020,0.705
82300,0.283,0.030,0.686
82400,0.282,0.024,0.694
82500,0.299,0.022,0.680
82600,0.287,0.024,0.689
82700,0.278,0.037,0.685
82800,0.279,0.030,0.690
82900,0.257,0.033,0.710
83000,0.256,0.038,0.706
83100,0.275,0.036,0.689
83200,0.288,0.032,0.680
83300,0.267,0.024,0.709
83400,0.281,0.023,0.696
83500,0.282,0.024,0.694
83600,0.299,0.021,0.680
83700,0.278,0.020,0.702
83800,0.288,0.019,0.694
83900,0.283,0.024,0.693
84000,0.266,0.021,0.713
84100,0.295,0.022,0.683
84200,0.292,0.022,0.686
84300,0.293,0.021,0.686
84400,0.294,0.026,0.680
84500,0.285,0.022,0.694
84600,0.283,0.020,0.697
84700,0.295,0.018,0.687
84800,0.289,0.017,0.694
84900,0.289,0.017,0.694
85000,0.289,0.017,0.694
85100,0.293,0.019,0.688
85200,0.299,0.016,0.686
85300,0.296,0.012,0.692
85400,0.321,0.013,0.666
85500,0.321,0.013,0.666
85600,0.324,0.014,0.662
85700,0.341,0.016,0.643
85800,0.329,0.019,0.653
85900,0.332,0.018,0.650
86000,0.310,0.023,0.667
86100,0.302,0.033,0.665
86200,0.279,0.036,0.685
86300,0.276,0.037,0.687
86400,0.275,0.030,0.695
86500,0.257,0.029,0.714
86600,0.251,0.027,0.722
86700,0.265,0.027,0.707
86800,0.253,0.030,0.718
86900,0.259,0.030,0.711
87000,0.267,0.031,0.703
87100,0.267,0.028,0.705
87200,0.254,0.023,0.724
87300,0.268,0.020,0.712
87400,0.282,0.019,0.698
87500,0.299,0.017,0.684
87600,0.296,0.016,0.688
87700,0.319,0.016,0.665
87800,0.312,0.013,0.675
87900,0.301,0.016,0.683
88000,0.296,0.016,0.688
88100,0.300,0.016,0.683
88200,0.291,0.015,0.694
88300,0.282,0.013,0.705
88400,0.285,0.010,0.705
88500,0.269,0.012,0.718
88600,0.245,0.026,0.729
88700,0.239,0.023,0.739
88800,0.214,0.023,0.763
88900,0.217,0.017,0.767
89000,0.196,0.026,0.779
89100,0.209,0.022,0.769
89200,0.245,0.024,0.731
89300,0.231,0.029,0.741
89400,0.234,0.022,0.744
89500,0.217,0.020,0.764
89600,0.216,0.018,0.766
89700,0.238,0.015,0.747
89800,0.256,0.013,0.731
89900,0.261,0.020,0.719
90000,0.237,0.022,0.741
90100,0.234,0.024,0.742
90200,0.257,0.026,0.717
90300,0.236,0.026,0.738
90400,0.214,0.024,0.763
90500,0.226,0.020,0.754
90600,0.246,0.024,0.730
90700,0.242,0.032,0.726
90800,0.237,0.030,0.733
90900,0.234,0.026,0.740
91000,0.239,0.022,0.739
91100,0.251,0.022,0.726
91200,0.249,0.020,0.731
91300,0.242,0.018,0.740
91400,0.251,0.025,0.724
91500,0.244,0.024,0.732
91600,0.260,0.022,0.718
91700,0.269,0.022,0.708
91800,0.281,0.020,0.699
91900,0.256,0.016,0.728
92000,0.285,0.019,0.697
92100,0.302,0.020,0.678
92200,0.290,0.020,0.689
92300,0.275,0.017,0.707
92400,0.276,0.017,0.707
92500,0.261,0.022,0.717
92600,0.244,0.027,0.729
92700,0.236,0.029,0.735
92800,0.255,0.028,0.717
92900,0.260,0.030,0.710
93000,0.269,0.028,0.703
93100,0.260,0.026,0.714
93200,0.273,0.026,0.701
93300,0.276,0.027,0.697
93400,0.287,0.027,0.686
93500,0.301,0.025,0.674
93600,0.253,0.027,0.720
93700,0.261,0.024,0.715
93800,0.289,0.023,0.688
93900,0.305,0.020,0.675
94000,0.300,0.021,0.679
94100,0.278,0.018,0.704
94200,0.253,0.020,0.727
94300,0.259,0.017,0.724
94400,0.281,0.017,0.701
94500,0.321,0.016,0.663
94600,0.304,0.015,0.681
94700,0.313,0.016,0.671
94800,0.314,0.012,0.675
94900,0.324,0.016,0.660
95000,0.310,0.012,0.678
95100,0.305,0.014,0.681
95200,0.315,0.016,0.669
95300,0.329,0.015,0.657
95400,0.322,0.013,0.665
95500,0.316,0.015,0.669
95600,0.295,0.012,0.694
95700,0.275,0.015,0.710
95800,0.269,0.018,0.713
95900,0.276,0.013,0.711
96000,0.288,0.016,0.696
96100,0.260,0.013,0.727
96200,0.277,0.017,0.705
96300,0.275,0.020,0.705
96400,0.261,0.018,0.721
96500,0.229,0.017,0.754
96600,0.242,0.018,0.740
96700,0.235,0.015,0.751
96800,0.255,0.018,0.727
96900,0.274,0.016,0.710
97000,0.290,0.015,0.695
97100,0.274,0.013,0.712
97200,0.273,0.013,0.714
97300,0.296,0.013,0.692
97400,0.290,0.015,0.696
97500,0.274,0.010,0.715
97600,0.280,0.010,0.710
97700,0.251,0.010,0.739
97800,0.256,0.016,0.728
97900,0.251,0.013,0.735
98000,0.249,0.024,0.727
98100,0.247,0.026,0.727
98200,0.260,0.023,0.717
98300,0.254,0.022,0.724
98400,0.257,0.016,0.726
98500,0.247,0.022,0.731
98600,0.236,0.019,0.745
98700,0.246,0.019,0.735
98800,0.244,0.018,0.737
98900,0.240,0.016,0.744
99000,0.255,0.015,0.731
99100,0.254,0.013,0.733
99200,0.288,0.017,0.695
99300,0.264,0.021,0.715
99400,0.232,0.022,0.746
99500,0.247,0.021,0.732
99600,0.239,0.023,0.739
99700,0.265,0.022,0.713
99800,0.304,0.022,0.673
99900,0.302,0.020,0.678
100000,0.298,0.018,0.684
