time,n_A+p,n_B,n_AB
100,0.329,0.329,0.342
200,0.171,0.500,0.329
300,0.118,0.605,0.276
400,0.105,0.592,0.303
500,0.092,0.526,0.382
600,0.171,0.513,0.316
700,0.224,0.368,0.408
800,0.289,0.329,0.382
900,0.211,0.513,0.276
1000,0.197,0.553,0.250
1100,0.105,0.605,0.289
1200,0.066,0.711,0.224
1300,0.197,0.474,0.329
1400,0.145,0.500,0.355
1500,0.105,0.500,0.395
1600,0.171,0.500,0.329
1700,0.263,0.434,0.303
1800,0.316,0.250,0.434
1900,0.316,0.237,0.447
2000,0.329,0.092,0.579
2100,0.461,0.079,0.461
2200,0.579,0.066,0.355
2300,0.776,0.039,0.184
2400,0.868,0.013,0.118
2500,0.882,0.013,0.105
2600,0.855,0.039,0.105
2700,0.868,0.039,0.092
2800,0.908,0.026,0.066
2900,0.829,0.053,0.118
3000,0.934,0.039,0.026
3100,0.934,0.000,0.066
3200,0.934,0.000,0.066
3300,0.934,0.000,0.066
3400,0.789,0.000,0.211
3500,0.737,0.013,0.250
3600,0.842,0.013,0.145
3700,0.947,0.000,0.053
3800,0.987,0.000,0.013
3900,1.000,0.000,0.000
