time,n_A+p,n_B,n_AB
0,0.449,0.551,0.000
500,0.337,0.433,0.230
1000,0.314,0.375,0.312
1500,0.275,0.332,0.393
2000,0.242,0.305,0.453
2500,0.229,0.281,0.490
3000,0.213,0.273,0.514
3500,0.200,0.267,0.533
4000,0.192,0.255,0.553
4500,0.192,0.249,0.559
5000,0.186,0.235,0.579
5500,0.185,0.226,0.589
6000,0.181,0.215,0.605
6500,0.165,0.219,0.616
7000,0.182,0.213,0.605
7500,0.180,0.210,0.610
8000,0.178,0.216,0.607
8500,0.171,0.202,0.627
9000,0.162,0.200,0.637
9500,0.170,0.202,0.628
10000,0.153,0.195,0.652
10500,0.152,0.195,0.653
11000,0.155,0.196,0.649
11500,0.154,0.192,0.654
12000,0.148,0.182,0.670
12500,0.147,0.176,0.677
13000,0.139,0.171,0.691
13500,0.145,0.174,0.681
14000,0.142,0.173,0.685
14500,0.145,0.172,0.683
15000,0.137,0.163,0.700
15500,0.143,0.157,0.700
16000,0.138,0.159,0.703
16500,0.136,0.164,0.700
17000,0.139,0.157,0.704
17500,0.143,0.152,0.705
18000,0.137,0.150,0.713
18500,0.138,0.153,0.709
19000,0.139,0.155,0.706
19500,0.132,0.160,0.708
20000,0.128,0.161,0.711
20500,0.130,0.169,0.702
21000,0.132,0.162,0.706
21500,0.128,0.146,0.726
22000,0.130,0.148,0.722
22500,0.125,0.147,0.728
23000,0.123,0.143,0.734
23500,0.127,0.135,0.739
24000,0.135,0.133,0.732
24500,0.131,0.139,0.730
25000,0.138,0.137,0.725
25500,0.129,0.142,0.729
26000,0.127,0.140,0.733
26500,0.122,0.147,0.731
27000,0.129,0.142,0.729
27500,0.130,0.141,0.729
28000,0.122,0.141,0.737
28500,0.118,0.139,0.743
29000,0.125,0.134,0.742
29500,0.139,0.131,0.730
30000,0.128,0.129,0.744
30500,0.135,0.130,0.735
31000,0.128,0.128,0.745
31500,0.116,0.126,0.758
32000,0.132,0.126,0.743
32500,0.117,0.131,0.752
33000,0.123,0.143,0.734
33500,0.118,0.141,0.741
34000,0.116,0.141,0.743
34500,0.112,0.146,0.742
35000,0.112,0.149,0.739
35500,0.110,0.139,0.751
36000,0.105,0.134,0.761
36500,0.109,0.134,0.757
37000,0.107,0.142,0.751
37500,0.105,0.146,0.749
38000,0.104,0.145,0.751
38500,0.109,0.142,0.749
39000,0.105,0.137,0.758
39500,0.106,0.139,0.755
40000,0.104,0.129,0.767
40500,0.107,0.125,0.768
41000,0.104,0.127,0.769
41500,0.106,0.123,0.771
42000,0.104,0.122,0.774
42500,0.105,0.127,0.768
43000,0.102,0.131,0.767
43500,0.111,0.128,0.761
44000,0.112,0.126,0.762
44500,0.107,0.126,0.767
45000,0.114,0.125,0.761
45500,0.108,0.116,0.775
46000,0.107,0.118,0.774
46500,0.107,0.112,0.780
47000,0.116,0.127,0.757
47500,0.110,0.128,0.762
48000,0.115,0.123,0.762
48500,0.111,0.122,0.767
49000,0.110,0.124,0.766
49500,0.109,0.122,0.769
50000,0.113,0.147,0.740
50500,0.127,0.141,0.732
51000,0.110,0.125,0.765
51500,0.106,0.122,0.772
52000,0.106,0.118,0.775
52500,0.125,0.110,0.765
53000,0.120,0.110,0.770
53500,0.136,0.105,0.759
54000,0.118,0.107,0.774
54500,0.112,0.108,0.779
55000,0.110,0.106,0.783
55500,0.110,0.115,0.774
56000,0.106,0.108,0.785
56500,0.122,0.121,0.758
57000,0.107,0.128,0.765
57500,0.126,0.113,0.761
58000,0.120,0.109,0.771
58500,0.122,0.105,0.773
59000,0.118,0.105,0.776
59500,0.121,0.107,0.772
60000,0.121,0.106,0.773
60500,0.115,0.110,0.774
61000,0.108,0.109,0.782
61500,0.108,0.111,0.780
62000,0.112,0.105,0.782
62500,0.104,0.123,0.773
63000,0.104,0.121,0.775
63500,0.109,0.121,0.770
64000,0.106,0.112,0.781
64500,0.111,0.107,0.781
65000,0.110,0.112,0.777
65500,0.105,0.118,0.776
66000,0.107,0.110,0.782
66500,0.112,0.107,0.780
67000,0.118,0.098,0.783
67500,0.107,0.103,0.790
68000,0.106,0.117,0.776
68500,0.095,0.109,0.796
69000,0.103,0.122,0.775
69500,0.097,0.123,0.780
70000,0.096,0.115,0.789
70500,0.099,0.124,0.777
71000,0.101,0.105,0.794
71500,0.101,0.097,0.802
72000,0.111,0.109,0.779
72500,0.099,0.108,0.793
73000,0.104,0.117,0.778
73500,0.102,0.105,0.793
74000,0.099,0.112,0.789
74500,0.094,0.102,0.804
75000,0.090,0.109,0.801
75500,0.092,0.103,0.805
76000,0.094,0.100,0.806
76500,0.090,0.108,0.802
77000,0.087,0.111,0.802
77500,0.078,0.105,0.817
78000,0.081,0.111,0.808
78500,0.080,0.120,0.801
79000,0.077,0.115,0.808
79500,0.083,0.112,0.805
80000,0.084,0.101,0.815
80500,0.088,0.101,0.811
81000,0.089,0.098,0.813
81500,0.084,0.097,0.819
82000,0.086,0.101,0.813
82500,0.091,0.094,0.815
83000,0.094,0.095,0.811
83500,0.088,0.098,0.814
84000,0.082,0.100,0.818
84500,0.084,0.098,0.818
85000,0.085,0.100,0.815
85500,0.082,0.097,0.821
86000,0.087,0.107,0.806
86500,0.085,0.110,0.805
87000,0.085,0.111,0.804
87500,0.081,0.116,0.803
88000,0.083,0.101,0.816
88500,0.087,0.098,0.815
89000,0.090,0.100,0.810
89500,0.083,0.101,0.816
90000,0.083,0.089,0.828
90500,0.081,0.090,0.829
91000,0.077,0.098,0.825
91500,0.073,0.093,0.835
92000,0.074,0.091,0.836
92500,0.081,0.090,0.829
93000,0.079,0.093,0.828
93500,0.086,0.099,0.815
94000,0.087,0.101,0.812
94500,0.085,0.096,0.819
95000,0.083,0.093,0.824
95500,0.093,0.093,0.814
96000,0.090,0.090,0.820
96500,0.091,0.096,0.813
97000,0.089,0.098,0.813
97500,0.090,0.092,0.818
98000,0.099,0.091,0.810
98500,0.097,0.092,0.811
99000,0.092,0.093,0.815
99500,0.083,0.097,0.820
100000,0.090,0.096,0.814
100500,0.087,0.097,0.816
101000,0.092,0.094,0.814
101500,0.086,0.093,0.821
102000,0.095,0.096,0.809
102500,0.093,0.099,0.808
103000,0.104,0.090,0.806
103500,0.093,0.089,0.818
104000,0.097,0.085,0.818
104500,0.094,0.085,0.821
105000,0.103,0.081,0.816
105500,0.094,0.094,0.812
106000,0.088,0.093,0.819
106500,0.089,0.090,0.821
107000,0.087,0.085,0.828
107500,0.080,0.095,0.825
108000,0.081,0.094,0.825
108500,0.086,0.100,0.814
109000,0.088,0.093,0.819
109500,0.086,0.101,0.813
110000,0.082,0.086,0.832
110500,0.088,0.087,0.825
111000,0.089,0.098,0.813
111500,0.084,0.111,0.805
112000,0.075,0.095,0.830
112500,0.084,0.103,0.813
113000,0.091,0.100,0.809
113500,0.090,0.088,0.822
114000,0.089,0.084,0.827
114500,0.086,0.087,0.827
115000,0.082,0.082,0.837
115500,0.083,0.083,0.835
116000,0.084,0.080,0.837
116500,0.077,0.085,0.839
117000,0.083,0.085,0.832
117500,0.086,0.092,0.822
118000,0.099,0.091,0.810
118500,0.089,0.090,0.821
119000,0.087,0.089,0.824
119500,0.084,0.088,0.828
120000,0.084,0.117,0.799
120500,0.086,0.113,0.801
121000,0.079,0.109,0.812
121500,0.081,0.100,0.819
122000,0.079,0.092,0.829
122500,0.078,0.104,0.818
123000,0.079,0.097,0.824
123500,0.075,0.098,0.827
124000,0.078,0.100,0.822
124500,0.094,0.094,0.812
125000,0.078,0.090,0.832
125500,0.076,0.088,0.837
126000,0.074,0.089,0.838
126500,0.081,0.087,0.832
127000,0.082,0.085,0.834
127500,0.081,0.082,0.838
128000,0.084,0.092,0.824
128500,0.080,0.094,0.826
129000,0.080,0.100,0.820
129500,0.082,0.096,0.822
130000,0.092,0.089,0.819
130500,0.102,0.089,0.809
131000,0.099,0.102,0.799
131500,0.088,0.093,0.819
132000,0.091,0.092,0.817
132500,0.089,0.103,0.808
133000,0.089,0.093,0.818
133500,0.094,0.091,0.815
134000,0.089,0.081,0.830
134500,0.089,0.090,0.821
135000,0.080,0.090,0.830
135500,0.081,0.085,0.835
136000,0.076,0.091,0.834
136500,0.076,0.089,0.836
137000,0.084,0.080,0.837
137500,0.090,0.084,0.826
138000,0.081,0.086,0.834
138500,0.087,0.085,0.828
139000,0.078,0.085,0.838
139500,0.070,0.092,0.838
140000,0.070,0.091,0.839
140500,0.075,0.097,0.828
141000,0.075,0.084,0.842
141500,0.084,0.087,0.829
142000,0.087,0.085,0.828
142500,0.087,0.085,0.828
143000,0.080,0.092,0.828
143500,0.083,0.094,0.823
144000,0.088,0.097,0.815
144500,0.084,0.096,0.820
145000,0.079,0.095,0.826
145500,0.077,0.095,0.828
146000,0.076,0.095,0.829
146500,0.072,0.097,0.831
147000,0.069,0.102,0.828
147500,0.070,0.098,0.831
148000,0.066,0.087,0.847
148500,0.067,0.080,0.853
149000,0.073,0.083,0.845
149500,0.068,0.105,0.826
150000,0.065,0.098,0.837
150500,0.064,0.097,0.839
151000,0.066,0.094,0.840
151500,0.065,0.090,0.845
152000,0.067,0.093,0.840
152500,0.068,0.094,0.838
153000,0.070,0.099,0.830
153500,0.068,0.094,0.838
154000,0.068,0.096,0.836
154500,0.062,0.101,0.837
155000,0.061,0.096,0.843
155500,0.063,0.091,0.846
156000,0.075,0.096,0.829
156500,0.066,0.094,0.840
157000,0.062,0.096,0.842
157500,0.081,0.091,0.828
158000,0.078,0.084,0.839
158500,0.074,0.105,0.821
159000,0.074,0.101,0.825
159500,0.076,0.092,0.832
160000,0.069,0.092,0.839
160500,0.074,0.085,0.842
161000,0.072,0.083,0.846
161500,0.068,0.079,0.853
162000,0.072,0.086,0.843
162500,0.070,0.085,0.845
163000,0.075,0.088,0.838
163500,0.067,0.089,0.844
164000,0.076,0.087,0.838
164500,0.069,0.088,0.843
165000,0.073,0.080,0.848
165500,0.069,0.080,0.851
166000,0.070,0.081,0.849
166500,0.063,0.077,0.860
167000,0.055,0.082,0.863
167500,0.055,0.076,0.869
168000,0.060,0.080,0.860
168500,0.075,0.082,0.844
169000,0.062,0.078,0.860
169500,0.068,0.083,0.849
170000,0.063,0.088,0.849
170500,0.063,0.086,0.851
171000,0.063,0.085,0.852
171500,0.065,0.083,0.852
172000,0.067,0.083,0.850
172500,0.065,0.087,0.848
173000,0.060,0.094,0.846
173500,0.059,0.092,0.849
174000,0.061,0.090,0.849
174500,0.065,0.091,0.844
175000,0.072,0.101,0.827
175500,0.070,0.096,0.834
176000,0.068,0.092,0.840
176500,0.077,0.097,0.826
177000,0.075,0.093,0.832
177500,0.078,0.109,0.813
178000,0.066,0.111,0.822
178500,0.062,0.099,0.839
179000,0.075,0.094,0.831
179500,0.074,0.088,0.839
180000,0.077,0.088,0.836
180500,0.072,0.083,0.846
181000,0.073,0.082,0.846
181500,0.073,0.091,0.837
182000,0.063,0.092,0.845
182500,0.061,0.090,0.849
183000,0.065,0.084,0.851
183500,0.059,0.082,0.859
184000,0.057,0.084,0.859
184500,0.061,0.087,0.852
185000,0.070,0.087,0.843
185500,0.063,0.081,0.856
186000,0.079,0.077,0.845
186500,0.079,0.081,0.841
187000,0.074,0.079,0.848
187500,0.073,0.084,0.844
188000,0.066,0.082,0.852
188500,0.080,0.082,0.839
189000,0.068,0.085,0.847
189500,0.063,0.086,0.851
190000,0.065,0.089,0.846
190500,0.067,0.078,0.855
191000,0.073,0.075,0.853
191500,0.069,0.075,0.856
192000,0.079,0.088,0.834
192500,0.092,0.084,0.824
193000,0.085,0.083,0.832
193500,0.075,0.083,0.843
194000,0.077,0.084,0.840
194500,0.078,0.085,0.838
195000,0.089,0.089,0.822
195500,0.084,0.078,0.839
196000,0.074,0.087,0.840
196500,0.075,0.085,0.841
197000,0.067,0.076,0.857
197500,0.066,0.075,0.859
198000,0.068,0.075,0.857
198500,0.063,0.068,0.868
199000,0.063,0.085,0.852
199500,0.058,0.082,0.860
200000,0.058,0.083,0.859
200500,0.060,0.077,0.863
201000,0.055,0.090,0.855
201500,0.057,0.084,0.859
202000,0.059,0.081,0.860
202500,0.061,0.079,0.860
203000,0.066,0.083,0.851
203500,0.064,0.097,0.839
204000,0.059,0.088,0.853
204500,0.057,0.086,0.857
205000,0.062,0.089,0.849
205500,0.093,0.085,0.822
206000,0.082,0.087,0.831
206500,0.085,0.083,0.832
207000,0.087,0.075,0.839
207500,0.085,0.078,0.838
208000,0.080,0.084,0.837
208500,0.076,0.076,0.849
209000,0.078,0.064,0.858
209500,0.062,0.086,0.852
210000,0.069,0.084,0.847
210500,0.065,0.070,0.864
211000,0.064,0.082,0.854
211500,0.065,0.074,0.861
212000,0.056,0.073,0.871
212500,0.068,0.079,0.853
213000,0.064,0.087,0.849
213500,0.070,0.082,0.848
214000,0.073,0.076,0.852
214500,0.066,0.074,0.860
215000,0.062,0.072,0.866
215500,0.062,0.077,0.861
216000,0.061,0.079,0.860
216500,0.053,0.072,0.875
217000,0.059,0.069,0.871
217500,0.060,0.066,0.873
218000,0.052,0.067,0.880
218500,0.058,0.078,0.864
219000,0.056,0.072,0.872
219500,0.075,0.067,0.858
220000,0.076,0.064,0.860
220500,0.072,0.067,0.861
221000,0.069,0.075,0.856
221500,0.065,0.070,0.864
222000,0.064,0.073,0.863
222500,0.064,0.085,0.851
223000,0.064,0.075,0.861
223500,0.083,0.066,0.851
224000,0.081,0.066,0.853
224500,0.073,0.065,0.862
225000,0.065,0.069,0.865
225500,0.059,0.066,0.874
226000,0.061,0.067,0.871
226500,0.058,0.065,0.876
227000,0.055,0.058,0.887
227500,0.062,0.058,0.879
228000,0.064,0.058,0.877
228500,0.056,0.068,0.875
229000,0.053,0.069,0.877
229500,0.051,0.064,0.885
230000,0.055,0.064,0.880
230500,0.066,0.068,0.865
231000,0.073,0.063,0.864
231500,0.072,0.056,0.872
232000,0.072,0.078,0.851
232500,0.063,0.066,0.870
233000,0.073,0.067,0.860
233500,0.082,0.062,0.856
234000,0.068,0.073,0.859
234500,0.066,0.077,0.857
235000,0.052,0.085,0.863
235500,0.062,0.074,0.864
236000,0.052,0.079,0.869
236500,0.051,0.076,0.873
237000,0.054,0.068,0.877
237500,0.054,0.070,0.875
238000,0.056,0.065,0.878
238500,0.055,0.064,0.880
239000,0.055,0.060,0.885
239500,0.055,0.062,0.883
240000,0.065,0.062,0.872
240500,0.076,0.059,0.865
241000,0.066,0.054,0.879
241500,0.066,0.058,0.875
242000,0.061,0.060,0.878
242500,0.069,0.055,0.875
243000,0.065,0.052,0.883
243500,0.058,0.055,0.887
244000,0.052,0.061,0.887
244500,0.053,0.067,0.879
245000,0.059,0.066,0.874
245500,0.075,0.070,0.855
246000,0.067,0.066,0.866
246500,0.064,0.060,0.875
247000,0.065,0.072,0.863
247500,0.063,0.074,0.863
248000,0.060,0.075,0.865
248500,0.057,0.066,0.876
249000,0.062,0.068,0.869
249500,0.062,0.064,0.873
250000,0.064,0.063,0.872
250500,0.058,0.058,0.884
251000,0.052,0.068,0.879
251500,0.053,0.064,0.883
252000,0.053,0.063,0.884
252500,0.054,0.060,0.886
253000,0.066,0.058,0.875
253500,0.059,0.070,0.870
254000,0.058,0.070,0.871
254500,0.057,0.065,0.877
255000,0.055,0.068,0.876
255500,0.058,0.062,0.879
256000,0.054,0.058,0.888
256500,0.054,0.075,0.871
257000,0.051,0.064,0.885
257500,0.060,0.059,0.880
258000,0.054,0.058,0.888
258500,0.055,0.058,0.887
259000,0.057,0.057,0.886
259500,0.060,0.056,0.884
260000,0.064,0.064,0.871
260500,0.056,0.062,0.882
261000,0.066,0.062,0.871
261500,0.054,0.060,0.886
262000,0.055,0.058,0.887
262500,0.057,0.063,0.879
263000,0.055,0.061,0.884
263500,0.058,0.061,0.880
264000,0.054,0.062,0.884
264500,0.062,0.059,0.878
265000,0.055,0.057,0.888
265500,0.057,0.055,0.888
266000,0.061,0.049,0.890
266500,0.060,0.049,0.891
267000,0.058,0.056,0.886
267500,0.062,0.068,0.869
268000,0.057,0.063,0.879
268500,0.058,0.058,0.884
269000,0.055,0.068,0.876
269500,0.051,0.080,0.869
270000,0.048,0.080,0.872
270500,0.057,0.083,0.860
271000,0.055,0.073,0.872
271500,0.051,0.069,0.879
272000,0.056,0.069,0.874
272500,0.056,0.072,0.872
273000,0.058,0.063,0.878
273500,0.054,0.061,0.885
274000,0.059,0.062,0.878
274500,0.055,0.064,0.880
275000,0.058,0.058,0.884
275500,0.051,0.062,0.887
276000,0.055,0.056,0.889
276500,0.061,0.053,0.886
277000,0.063,0.061,0.875
277500,0.056,0.058,0.886
278000,0.056,0.053,0.891
278500,0.056,0.058,0.886
279000,0.062,0.060,0.877
279500,0.059,0.066,0.874
280000,0.054,0.070,0.875
280500,0.059,0.068,0.872
281000,0.061,0.063,0.875
281500,0.055,0.069,0.875
282000,0.055,0.064,0.880
282500,0.063,0.059,0.877
283000,0.055,0.065,0.879
283500,0.065,0.064,0.870
284000,0.066,0.062,0.871
284500,0.077,0.058,0.865
285000,0.069,0.067,0.863
285500,0.074,0.069,0.857
286000,0.065,0.077,0.858
286500,0.061,0.064,0.874
287000,0.058,0.058,0.884
287500,0.046,0.060,0.894
288000,0.053,0.055,0.892
288500,0.049,0.056,0.895
289000,0.049,0.056,0.895
289500,0.045,0.053,0.902
290000,0.055,0.063,0.882
290500,0.051,0.063,0.886
291000,0.057,0.059,0.884
291500,0.056,0.058,0.886
292000,0.049,0.056,0.895
292500,0.054,0.066,0.879
293000,0.056,0.065,0.878
293500,0.052,0.058,0.890
294000,0.053,0.059,0.888
294500,0.058,0.064,0.877
295000,0.072,0.058,0.870
295500,0.069,0.056,0.874
296000,0.087,0.059,0.854
296500,0.081,0.062,0.857
297000,0.092,0.064,0.844
297500,0.089,0.062,0.849
298000,0.084,0.063,0.853
298500,0.078,0.062,0.860
299000,0.080,0.060,0.860
299500,0.069,0.057,0.873
300000,0.070,0.054,0.875
300500,0.068,0.052,0.879
301000,0.073,0.058,0.869
301500,0.073,0.056,0.871
302000,0.062,0.050,0.888
302500,0.057,0.053,0.890
303000,0.058,0.059,0.883
303500,0.056,0.062,0.882
304000,0.048,0.057,0.895
304500,0.056,0.059,0.885
305000,0.053,0.052,0.895
305500,0.054,0.052,0.894
306000,0.064,0.055,0.880
306500,0.055,0.053,0.892
307000,0.056,0.060,0.884
307500,0.053,0.069,0.877
308000,0.057,0.063,0.879
308500,0.053,0.059,0.888
309000,0.064,0.058,0.877
309500,0.050,0.069,0.880
310000,0.055,0.074,0.871
310500,0.056,0.070,0.873
311000,0.056,0.055,0.889
311500,0.053,0.050,0.897
312000,0.051,0.054,0.895
312500,0.052,0.052,0.896
313000,0.062,0.062,0.875
313500,0.060,0.060,0.879
314000,0.052,0.056,0.892
314500,0.048,0.058,0.894
315000,0.056,0.062,0.882
315500,0.060,0.056,0.884
316000,0.053,0.049,0.898
316500,0.050,0.050,0.900
317000,0.047,0.055,0.898
317500,0.049,0.054,0.897
318000,0.064,0.054,0.882
318500,0.056,0.058,0.886
319000,0.067,0.059,0.873
319500,0.076,0.074,0.851
320000,0.072,0.066,0.862
320500,0.063,0.058,0.878
321000,0.057,0.057,0.886
321500,0.070,0.055,0.874
322000,0.073,0.057,0.870
322500,0.075,0.059,0.866
323000,0.073,0.058,0.869
323500,0.061,0.055,0.884
324000,0.052,0.058,0.890
324500,0.054,0.055,0.891
325000,0.045,0.053,0.902
325500,0.043,0.052,0.905
326000,0.039,0.063,0.898
326500,0.048,0.074,0.878
327000,0.052,0.072,0.876
327500,0.054,0.076,0.870
328000,0.052,0.057,0.891
328500,0.041,0.059,0.900
329000,0.041,0.055,0.904
329500,0.044,0.060,0.896
330000,0.045,0.059,0.896
330500,0.051,0.058,0.891
331000,0.050,0.052,0.898
331500,0.050,0.055,0.895
332000,0.044,0.061,0.895
332500,0.045,0.058,0.897
333000,0.040,0.053,0.907
333500,0.045,0.058,0.897
334000,0.053,0.053,0.894
334500,0.053,0.052,0.895
335000,0.062,0.055,0.883
335500,0.062,0.060,0.877
336000,0.053,0.060,0.887
336500,0.063,0.058,0.878
337000,0.059,0.053,0.888
337500,0.055,0.056,0.889
338000,0.044,0.051,0.905
338500,0.046,0.056,0.898
339000,0.049,0.056,0.895
339500,0.073,0.058,0.869
340000,0.070,0.055,0.874
340500,0.061,0.055,0.884
341000,0.061,0.053,0.886
341500,0.054,0.054,0.892
342000,0.053,0.060,0.887
342500,0.053,0.055,0.892
343000,0.049,0.059,0.892
343500,0.052,0.065,0.883
344000,0.051,0.065,0.884
344500,0.050,0.066,0.884
345000,0.050,0.065,0.885
345500,0.049,0.062,0.889
346000,0.045,0.066,0.889
346500,0.039,0.062,0.899
347000,0.039,0.063,0.898
347500,0.057,0.059,0.884
348000,0.061,0.056,0.883
348500,0.053,0.061,0.886
349000,0.058,0.059,0.883
349500,0.057,0.061,0.882
350000,0.053,0.061,0.886
350500,0.057,0.063,0.879
351000,0.055,0.058,0.887
351500,0.058,0.064,0.877
352000,0.055,0.063,0.882
352500,0.061,0.074,0.865
353000,0.062,0.054,0.884
353500,0.061,0.054,0.885
354000,0.062,0.052,0.886
354500,0.058,0.060,0.882
355000,0.058,0.059,0.883
355500,0.064,0.054,0.882
356000,0.058,0.051,0.891
356500,0.069,0.057,0.873
357000,0.056,0.055,0.889
357500,0.054,0.052,0.894
358000,0.052,0.051,0.897
358500,0.062,0.059,0.878
359000,0.050,0.056,0.894
359500,0.057,0.060,0.883
360000,0.051,0.060,0.889
360500,0.045,0.058,0.897
361000,0.044,0.056,0.900
361500,0.058,0.052,0.890
362000,0.052,0.054,0.894
362500,0.049,0.055,0.896
363000,0.046,0.057,0.897
363500,0.047,0.051,0.902
364000,0.046,0.053,0.901
364500,0.050,0.054,0.896
365000,0.051,0.065,0.884
365500,0.050,0.058,0.892
366000,0.060,0.057,0.883
366500,0.057,0.057,0.886
367000,0.060,0.058,0.882
367500,0.069,0.056,0.874
368000,0.060,0.066,0.873
368500,0.066,0.064,0.869
369000,0.057,0.064,0.878
369500,0.057,0.068,0.874
370000,0.056,0.062,0.882
370500,0.049,0.068,0.883
371000,0.052,0.063,0.885
371500,0.055,0.073,0.872
372000,0.060,0.074,0.866
372500,0.059,0.070,0.870
373000,0.057,0.068,0.874
373500,0.058,0.070,0.871
374000,0.048,0.060,0.892
374500,0.044,0.052,0.904
375000,0.047,0.055,0.898
375500,0.047,0.058,0.895
376000,0.051,0.056,0.893
376500,0.042,0.061,0.897
377000,0.045,0.057,0.898
377500,0.040,0.074,0.887
378000,0.040,0.073,0.888
378500,0.049,0.059,0.892
379000,0.047,0.061,0.892
379500,0.043,0.060,0.897
380000,0.044,0.057,0.899
380500,0.045,0.060,0.895
381000,0.041,0.068,0.891
381500,0.047,0.058,0.895
382000,0.045,0.063,0.892
382500,0.051,0.059,0.890
383000,0.044,0.057,0.899
383500,0.054,0.057,0.889
384000,0.044,0.063,0.893
384500,0.041,0.079,0.880
385000,0.036,0.075,0.890
385500,0.039,0.061,0.900
386000,0.044,0.054,0.902
386500,0.043,0.061,0.896
387000,0.043,0.063,0.894
387500,0.043,0.063,0.894
388000,0.043,0.062,0.895
388500,0.044,0.066,0.890
389000,0.040,0.057,0.903
389500,0.034,0.059,0.907
390000,0.042,0.063,0.895
390500,0.043,0.059,0.898
391000,0.039,0.052,0.909
391500,0.049,0.060,0.891
392000,0.046,0.064,0.890
392500,0.041,0.056,0.903
393000,0.061,0.063,0.875
393500,0.046,0.065,0.889
394000,0.047,0.058,0.895
394500,0.043,0.062,0.895
395000,0.037,0.061,0.902
395500,0.038,0.062,0.900
396000,0.036,0.051,0.913
396500,0.044,0.056,0.900
397000,0.045,0.053,0.902
397500,0.045,0.062,0.893
398000,0.043,0.058,0.899
398500,0.046,0.057,0.897
399000,0.039,0.053,0.908
399500,0.039,0.050,0.911
400000,0.041,0.047,0.912
400500,0.039,0.048,0.913
401000,0.038,0.049,0.913
401500,0.038,0.050,0.912
402000,0.043,0.049,0.908
402500,0.041,0.053,0.906
403000,0.041,0.055,0.904
403500,0.043,0.057,0.900
404000,0.039,0.076,0.886
404500,0.037,0.074,0.890
405000,0.039,0.070,0.891
405500,0.042,0.068,0.890
406000,0.041,0.060,0.899
406500,0.044,0.059,0.897
407000,0.042,0.050,0.908
407500,0.044,0.056,0.900
408000,0.050,0.053,0.897
408500,0.052,0.056,0.892
409000,0.059,0.059,0.882
409500,0.055,0.053,0.892
410000,0.051,0.062,0.887
410500,0.052,0.072,0.876
411000,0.051,0.069,0.879
411500,0.048,0.063,0.889
412000,0.050,0.061,0.889
412500,0.051,0.057,0.892
413000,0.047,0.054,0.899
413500,0.045,0.061,0.894
414000,0.049,0.055,0.896
414500,0.051,0.057,0.892
415000,0.048,0.054,0.898
415500,0.058,0.052,0.890
416000,0.055,0.051,0.894
416500,0.051,0.046,0.903
417000,0.050,0.047,0.903
417500,0.048,0.047,0.905
418000,0.047,0.042,0.911
418500,0.058,0.037,0.905
419000,0.049,0.048,0.903
419500,0.054,0.047,0.899
420000,0.055,0.044,0.901
420500,0.053,0.042,0.905
421000,0.049,0.047,0.904
421500,0.046,0.047,0.907
422000,0.046,0.044,0.910
422500,0.038,0.046,0.916
423000,0.035,0.055,0.910
423500,0.040,0.059,0.901
424000,0.037,0.058,0.905
424500,0.059,0.061,0.879
425000,0.053,0.054,0.893
425500,0.052,0.055,0.893
426000,0.043,0.048,0.909
426500,0.041,0.045,0.914
427000,0.038,0.042,0.920
427500,0.042,0.047,0.911
428000,0.043,0.047,0.910
428500,0.041,0.045,0.914
429000,0.048,0.041,0.911
429500,0.046,0.048,0.906
430000,0.045,0.052,0.903
430500,0.045,0.046,0.909
431000,0.042,0.054,0.904
431500,0.054,0.053,0.893
432000,0.050,0.050,0.900
432500,0.047,0.054,0.899
433000,0.043,0.046,0.911
433500,0.041,0.047,0.912
434000,0.043,0.047,0.910
434500,0.049,0.048,0.903
435000,0.053,0.045,0.902
435500,0.059,0.040,0.901
436000,0.052,0.040,0.908
436500,0.043,0.047,0.910
437000,0.041,0.050,0.909
437500,0.050,0.043,0.907
438000,0.057,0.048,0.895
438500,0.053,0.052,0.895
439000,0.052,0.046,0.902
439500,0.053,0.045,0.902
440000,0.053,0.046,0.901
440500,0.049,0.044,0.907
441000,0.046,0.042,0.912
441500,0.050,0.047,0.903
442000,0.037,0.055,0.908
442500,0.034,0.057,0.909
443000,0.038,0.055,0.907
443500,0.040,0.056,0.904
444000,0.044,0.053,0.903
444500,0.049,0.048,0.903
445000,0.044,0.048,0.908
445500,0.043,0.055,0.902
446000,0.044,0.047,0.909
446500,0.043,0.049,0.908
447000,0.035,0.054,0.911
447500,0.041,0.051,0.908
448000,0.034,0.051,0.915
448500,0.045,0.053,0.902
449000,0.039,0.042,0.919
449500,0.063,0.038,0.899
450000,0.061,0.036,0.903
450500,0.059,0.048,0.893
451000,0.054,0.045,0.901
451500,0.037,0.053,0.910
452000,0.036,0.052,0.912
452500,0.039,0.045,0.916
453000,0.038,0.063,0.899
453500,0.038,0.053,0.909
454000,0.034,0.057,0.909
454500,0.036,0.045,0.919
455000,0.036,0.042,0.922
455500,0.035,0.049,0.916
456000,0.036,0.049,0.915
456500,0.032,0.042,0.926
457000,0.035,0.040,0.925
457500,0.035,0.042,0.923
458000,0.041,0.043,0.916
458500,0.046,0.059,0.895
459000,0.056,0.050,0.894
459500,0.043,0.049,0.908
460000,0.044,0.056,0.900
460500,0.039,0.049,0.912
461000,0.043,0.052,0.905
461500,0.049,0.052,0.899
462000,0.042,0.050,0.908
462500,0.039,0.054,0.907
463000,0.043,0.049,0.908
463500,0.045,0.049,0.906
464000,0.045,0.049,0.906
464500,0.047,0.055,0.898
465000,0.051,0.058,0.891
465500,0.059,0.051,0.890
466000,0.062,0.045,0.893
466500,0.066,0.048,0.886
467000,0.063,0.046,0.891
467500,0.061,0.043,0.896
468000,0.057,0.042,0.901
468500,0.056,0.051,0.893
469000,0.047,0.059,0.894
469500,0.060,0.051,0.889
470000,0.056,0.043,0.901
470500,0.062,0.050,0.888
471000,0.053,0.050,0.897
471500,0.047,0.059,0.894
472000,0.045,0.049,0.906
472500,0.047,0.053,0.900
473000,0.040,0.045,0.915
473500,0.033,0.053,0.914
474000,0.032,0.055,0.913
474500,0.040,0.061,0.899
475000,0.039,0.052,0.909
475500,0.041,0.050,0.909
476000,0.034,0.045,0.921
476500,0.040,0.046,0.914
477000,0.038,0.047,0.915
477500,0.041,0.052,0.907
478000,0.052,0.049,0.899
478500,0.046,0.047,0.907
479000,0.041,0.054,0.905
479500,0.039,0.054,0.907
480000,0.044,0.054,0.902
480500,0.047,0.050,0.903
481000,0.044,0.045,0.911
481500,0.043,0.049,0.908
482000,0.047,0.047,0.906
482500,0.041,0.046,0.913
483000,0.045,0.049,0.906
483500,0.056,0.043,0.901
484000,0.052,0.045,0.903
484500,0.046,0.049,0.905
485000,0.047,0.044,0.909
485500,0.044,0.086,0.870
486000,0.040,0.082,0.878
486500,0.042,0.091,0.867
487000,0.039,0.077,0.885
487500,0.035,0.085,0.880
488000,0.035,0.098,0.867
488500,0.037,0.087,0.876
489000,0.032,0.077,0.892
489500,0.041,0.064,0.895
490000,0.037,0.064,0.899
490500,0.035,0.063,0.902
491000,0.036,0.063,0.901
491500,0.039,0.081,0.880
492000,0.035,0.073,0.893
492500,0.054,0.064,0.882
493000,0.043,0.063,0.894
493500,0.046,0.057,0.897
494000,0.062,0.051,0.887
494500,0.059,0.048,0.893
495000,0.047,0.054,0.899
495500,0.043,0.054,0.903
496000,0.043,0.053,0.904
496500,0.039,0.052,0.909
497000,0.042,0.050,0.908
497500,0.036,0.054,0.910
498000,0.038,0.063,0.899
498500,0.033,0.066,0.901
499000,0.035,0.057,0.908
499500,0.050,0.058,0.892
500000,0.050,0.065,0.885
500500,0.043,0.056,0.901
501000,0.049,0.059,0.892
501500,0.048,0.063,0.889
502000,0.070,0.062,0.867
502500,0.068,0.062,0.869
503000,0.070,0.055,0.874
503500,0.053,0.055,0.892
504000,0.047,0.059,0.894
504500,0.047,0.067,0.886
505000,0.060,0.059,0.880
505500,0.049,0.051,0.900
506000,0.050,0.051,0.899
506500,0.046,0.049,0.905
507000,0.044,0.050,0.906
507500,0.042,0.057,0.901
508000,0.037,0.051,0.912
508500,0.039,0.054,0.907
509000,0.035,0.055,0.910
509500,0.037,0.048,0.915
510000,0.077,0.048,0.875
510500,0.063,0.047,0.890
511000,0.070,0.055,0.874
511500,0.064,0.065,0.870
512000,0.064,0.062,0.873
512500,0.054,0.060,0.886
513000,0.043,0.056,0.901
513500,0.039,0.051,0.910
514000,0.040,0.051,0.909
514500,0.048,0.054,0.898
515000,0.051,0.057,0.892
515500,0.043,0.051,0.906
516000,0.039,0.055,0.906
516500,0.048,0.056,0.896
517000,0.044,0.054,0.902
517500,0.039,0.055,0.906
518000,0.048,0.063,0.889
518500,0.048,0.056,0.896
519000,0.048,0.045,0.907
519500,0.040,0.061,0.899
520000,0.069,0.061,0.869
520500,0.063,0.073,0.864
521000,0.060,0.080,0.860
521500,0.055,0.070,0.874
522000,0.064,0.053,0.883
522500,0.064,0.054,0.882
523000,0.074,0.053,0.873
523500,0.059,0.055,0.886
524000,0.052,0.048,0.900
524500,0.061,0.044,0.895
525000,0.060,0.041,0.899
525500,0.056,0.049,0.895
526000,0.067,0.053,0.879
526500,0.064,0.050,0.886
527000,0.057,0.052,0.891
527500,0.058,0.050,0.892
528000,0.079,0.065,0.856
528500,0.073,0.056,0.871
529000,0.063,0.057,0.879
529500,0.072,0.053,0.875
530000,0.066,0.060,0.873
530500,0.052,0.044,0.904
531000,0.084,0.047,0.869
531500,0.073,0.048,0.879
532000,0.057,0.046,0.897
532500,0.057,0.059,0.884
533000,0.054,0.066,0.879
533500,0.061,0.060,0.878
534000,0.063,0.061,0.875
534500,0.057,0.061,0.882
535000,0.053,0.059,0.888
535500,0.053,0.053,0.894
536000,0.051,0.046,0.903
536500,0.079,0.048,0.873
537000,0.072,0.046,0.883
537500,0.073,0.042,0.886
538000,0.066,0.046,0.888
538500,0.062,0.043,0.895
539000,0.056,0.046,0.898
539500,0.064,0.048,0.888
540000,0.048,0.055,0.897
540500,0.045,0.049,0.906
541000,0.050,0.052,0.898
541500,0.054,0.047,0.899
542000,0.073,0.044,0.884
542500,0.065,0.039,0.896
543000,0.058,0.038,0.904
543500,0.058,0.040,0.902
544000,0.045,0.037,0.918
544500,0.048,0.034,0.918
545000,0.069,0.041,0.890
545500,0.080,0.042,0.878
546000,0.080,0.043,0.877
546500,0.084,0.036,0.880
547000,0.073,0.043,0.885
547500,0.069,0.044,0.887
548000,0.063,0.046,0.891
548500,0.057,0.054,0.889
549000,0.052,0.055,0.893
549500,0.057,0.051,0.892
550000,0.056,0.041,0.903
550500,0.046,0.040,0.914
551000,0.048,0.044,0.908
551500,0.041,0.053,0.906
552000,0.048,0.047,0.905
552500,0.051,0.042,0.907
553000,0.046,0.047,0.907
553500,0.054,0.061,0.885
554000,0.049,0.073,0.878
554500,0.053,0.063,0.884
555000,0.061,0.055,0.884
555500,0.068,0.052,0.879
556000,0.061,0.057,0.882
556500,0.049,0.063,0.888
557000,0.044,0.062,0.894
557500,0.044,0.058,0.898
558000,0.045,0.056,0.899
558500,0.044,0.066,0.890
559000,0.045,0.084,0.871
559500,0.051,0.088,0.861
560000,0.043,0.080,0.877
560500,0.046,0.060,0.894
561000,0.044,0.058,0.898
561500,0.049,0.058,0.893
562000,0.039,0.060,0.901
562500,0.033,0.060,0.907
563000,0.037,0.053,0.910
563500,0.034,0.051,0.915
564000,0.042,0.057,0.901
564500,0.036,0.054,0.910
565000,0.041,0.062,0.897
565500,0.043,0.067,0.890
566000,0.038,0.064,0.898
566500,0.047,0.054,0.899
567000,0.041,0.057,0.902
567500,0.043,0.060,0.897
568000,0.041,0.058,0.901
568500,0.041,0.055,0.904
569000,0.036,0.060,0.904
569500,0.038,0.055,0.907
570000,0.033,0.055,0.912
570500,0.033,0.053,0.914
571000,0.042,0.044,0.914
571500,0.046,0.043,0.911
572000,0.041,0.039,0.920
572500,0.048,0.049,0.903
573000,0.046,0.048,0.906
573500,0.043,0.043,0.914
574000,0.043,0.038,0.919
574500,0.048,0.061,0.891
575000,0.042,0.045,0.913
575500,0.051,0.056,0.893
576000,0.042,0.052,0.906
576500,0.053,0.038,0.909
577000,0.052,0.040,0.908
577500,0.047,0.042,0.911
578000,0.044,0.038,0.918
578500,0.043,0.047,0.910
579000,0.050,0.042,0.908
579500,0.052,0.049,0.899
580000,0.048,0.061,0.891
580500,0.046,0.049,0.905
581000,0.054,0.050,0.896
581500,0.044,0.049,0.907
582000,0.051,0.048,0.901
582500,0.063,0.045,0.892
583000,0.058,0.048,0.894
583500,0.053,0.042,0.905
584000,0.045,0.032,0.923
584500,0.051,0.037,0.912
585000,0.046,0.044,0.910
585500,0.038,0.041,0.921
586000,0.038,0.040,0.922
586500,0.038,0.042,0.920
587000,0.039,0.039,0.922
587500,0.049,0.035,0.916
588000,0.054,0.030,0.916
588500,0.045,0.030,0.925
589000,0.056,0.036,0.908
589500,0.041,0.032,0.927
590000,0.043,0.028,0.930
590500,0.047,0.023,0.930
591000,0.039,0.030,0.932
591500,0.035,0.032,0.934
592000,0.037,0.027,0.937
592500,0.036,0.033,0.932
593000,0.041,0.030,0.930
593500,0.046,0.034,0.920
594000,0.042,0.032,0.926
594500,0.040,0.041,0.919
595000,0.042,0.046,0.912
595500,0.044,0.050,0.906
596000,0.051,0.045,0.904
596500,0.044,0.038,0.918
597000,0.034,0.034,0.933
597500,0.037,0.038,0.925
598000,0.047,0.039,0.914
598500,0.038,0.037,0.925
599000,0.030,0.039,0.932
599500,0.038,0.040,0.922
600000,0.030,0.039,0.932
600500,0.032,0.048,0.920
601000,0.028,0.070,0.902
601500,0.033,0.062,0.905
602000,0.036,0.067,0.897
602500,0.027,0.055,0.918
603000,0.046,0.052,0.902
603500,0.049,0.063,0.888
604000,0.037,0.055,0.908
604500,0.032,0.056,0.912
605000,0.036,0.041,0.923
605500,0.032,0.042,0.926
606000,0.037,0.032,0.932
606500,0.035,0.037,0.928
607000,0.041,0.041,0.918
607500,0.041,0.041,0.918
608000,0.049,0.040,0.911
608500,0.040,0.039,0.921
609000,0.040,0.037,0.923
609500,0.047,0.036,0.917
610000,0.040,0.041,0.919
610500,0.048,0.049,0.903
611000,0.052,0.037,0.911
611500,0.049,0.049,0.902
612000,0.047,0.041,0.912
612500,0.051,0.036,0.913
613000,0.048,0.035,0.917
613500,0.045,0.054,0.901
614000,0.045,0.049,0.906
614500,0.057,0.046,0.897
615000,0.051,0.045,0.904
615500,0.051,0.043,0.906
616000,0.045,0.061,0.894
616500,0.034,0.047,0.919
617000,0.037,0.042,0.921
617500,0.044,0.052,0.904
618000,0.043,0.050,0.907
618500,0.041,0.039,0.920
619000,0.044,0.053,0.903
619500,0.040,0.045,0.915
620000,0.039,0.049,0.912
620500,0.036,0.046,0.918
621000,0.038,0.050,0.912
621500,0.034,0.039,0.927
622000,0.035,0.045,0.920
622500,0.038,0.041,0.921
623000,0.040,0.039,0.921
623500,0.043,0.044,0.913
624000,0.035,0.044,0.921
624500,0.031,0.049,0.920
625000,0.048,0.046,0.906
625500,0.046,0.048,0.906
626000,0.038,0.045,0.917
626500,0.036,0.044,0.920
627000,0.043,0.044,0.913
627500,0.040,0.033,0.927
628000,0.039,0.038,0.923
628500,0.047,0.035,0.918
629000,0.052,0.049,0.899
629500,0.043,0.046,0.911
630000,0.040,0.045,0.915
630500,0.038,0.037,0.925
631000,0.036,0.038,0.926
631500,0.046,0.037,0.917
632000,0.043,0.040,0.917
632500,0.041,0.037,0.922
633000,0.036,0.043,0.921
633500,0.046,0.040,0.914
634000,0.047,0.051,0.902
634500,0.046,0.046,0.908
635000,0.060,0.038,0.902
635500,0.044,0.039,0.917
636000,0.047,0.044,0.909
636500,0.042,0.043,0.915
637000,0.040,0.042,0.918
637500,0.044,0.039,0.917
638000,0.047,0.040,0.913
638500,0.048,0.035,0.917
639000,0.044,0.037,0.919
639500,0.046,0.037,0.917
640000,0.043,0.036,0.921
640500,0.044,0.033,0.923
641000,0.039,0.030,0.932
641500,0.037,0.035,0.928
642000,0.037,0.030,0.934
642500,0.038,0.047,0.915
643000,0.047,0.038,0.915
643500,0.055,0.044,0.901
644000,0.054,0.048,0.898
644500,0.051,0.045,0.904
645000,0.048,0.052,0.900
645500,0.041,0.053,0.906
646000,0.042,0.033,0.925
646500,0.043,0.048,0.909
647000,0.033,0.046,0.921
647500,0.025,0.049,0.926
648000,0.022,0.050,0.927
648500,0.026,0.043,0.932
649000,0.026,0.052,0.922
649500,0.032,0.043,0.925
650000,0.039,0.040,0.921
650500,0.032,0.050,0.918
651000,0.028,0.043,0.930
651500,0.035,0.036,0.930
652000,0.044,0.040,0.916
652500,0.041,0.041,0.918
653000,0.051,0.041,0.908
653500,0.040,0.045,0.915
654000,0.049,0.044,0.907
654500,0.046,0.045,0.909
655000,0.037,0.043,0.920
655500,0.034,0.043,0.923
656000,0.039,0.039,0.922
656500,0.039,0.034,0.927
657000,0.037,0.040,0.923
657500,0.030,0.037,0.934
658000,0.039,0.049,0.912
658500,0.064,0.046,0.890
659000,0.054,0.054,0.892
659500,0.052,0.051,0.897
660000,0.048,0.050,0.902
660500,0.038,0.047,0.915
661000,0.036,0.038,0.926
661500,0.056,0.041,0.903
662000,0.042,0.040,0.918
662500,0.052,0.034,0.914
663000,0.051,0.031,0.918
663500,0.050,0.037,0.913
664000,0.044,0.033,0.923
664500,0.041,0.033,0.926
665000,0.040,0.032,0.928
665500,0.030,0.029,0.942
666000,0.032,0.038,0.931
666500,0.037,0.035,0.928
667000,0.032,0.040,0.928
667500,0.039,0.040,0.921
668000,0.032,0.043,0.925
668500,0.029,0.034,0.938
669000,0.035,0.040,0.925
669500,0.032,0.037,0.932
670000,0.046,0.035,0.919
670500,0.044,0.040,0.916
671000,0.044,0.035,0.921
671500,0.051,0.039,0.910
672000,0.043,0.039,0.918
672500,0.036,0.034,0.931
673000,0.037,0.046,0.917
673500,0.041,0.049,0.910
674000,0.045,0.047,0.908
674500,0.041,0.045,0.914
675000,0.047,0.041,0.912
675500,0.052,0.041,0.907
676000,0.050,0.037,0.913
676500,0.044,0.038,0.918
677000,0.044,0.059,0.897
677500,0.036,0.058,0.906
678000,0.035,0.059,0.906
678500,0.032,0.050,0.918
679000,0.038,0.041,0.921
679500,0.039,0.037,0.924
680000,0.039,0.040,0.921
680500,0.036,0.039,0.925
681000,0.041,0.032,0.927
681500,0.043,0.032,0.925
682000,0.034,0.032,0.935
682500,0.031,0.031,0.939
683000,0.038,0.041,0.921
683500,0.046,0.037,0.917
684000,0.053,0.035,0.912
684500,0.044,0.036,0.920
685000,0.044,0.036,0.920
685500,0.046,0.041,0.913
686000,0.043,0.040,0.917
686500,0.044,0.039,0.917
687000,0.046,0.042,0.912
687500,0.047,0.042,0.911
688000,0.042,0.034,0.924
688500,0.044,0.034,0.922
689000,0.041,0.057,0.902
689500,0.038,0.043,0.919
690000,0.035,0.040,0.925
690500,0.043,0.046,0.911
691000,0.039,0.042,0.919
691500,0.035,0.042,0.923
692000,0.037,0.043,0.920
692500,0.038,0.037,0.925
693000,0.042,0.036,0.922
693500,0.039,0.034,0.927
694000,0.036,0.033,0.932
694500,0.035,0.040,0.925
695000,0.060,0.040,0.900
695500,0.055,0.032,0.913
696000,0.056,0.036,0.908
696500,0.052,0.049,0.899
697000,0.045,0.053,0.902
697500,0.034,0.047,0.919
698000,0.031,0.038,0.932
698500,0.050,0.039,0.911
699000,0.055,0.043,0.902
699500,0.048,0.050,0.902
700000,0.038,0.045,0.917
700500,0.044,0.054,0.902
701000,0.049,0.046,0.905
701500,0.050,0.041,0.909
702000,0.048,0.043,0.909
702500,0.044,0.039,0.917
703000,0.047,0.031,0.922
703500,0.050,0.039,0.911
704000,0.048,0.035,0.917
704500,0.050,0.032,0.918
705000,0.056,0.031,0.913
705500,0.051,0.034,0.915
706000,0.050,0.026,0.924
706500,0.055,0.027,0.918
707000,0.053,0.031,0.916
707500,0.047,0.039,0.914
708000,0.051,0.031,0.918
708500,0.058,0.044,0.898
709000,0.059,0.047,0.894
709500,0.061,0.060,0.878
710000,0.066,0.057,0.876
710500,0.056,0.058,0.886
711000,0.046,0.051,0.903
711500,0.041,0.053,0.906
712000,0.040,0.044,0.916
712500,0.037,0.042,0.921
713000,0.049,0.038,0.913
713500,0.041,0.041,0.918
714000,0.038,0.035,0.927
714500,0.039,0.035,0.926
715000,0.030,0.035,0.936
715500,0.033,0.036,0.932
716000,0.043,0.030,0.927
716500,0.036,0.029,0.936
717000,0.036,0.034,0.931
717500,0.036,0.032,0.933
718000,0.061,0.029,0.910
718500,0.056,0.032,0.912
719000,0.053,0.039,0.908
719500,0.040,0.043,0.917
720000,0.040,0.037,0.923
720500,0.038,0.035,0.927
721000,0.036,0.038,0.926
721500,0.038,0.037,0.925
722000,0.058,0.036,0.906
722500,0.050,0.029,0.921
723000,0.048,0.031,0.921
723500,0.043,0.029,0.928
724000,0.047,0.031,0.922
724500,0.053,0.029,0.918
725000,0.049,0.048,0.903
725500,0.048,0.045,0.907
726000,0.043,0.041,0.916
726500,0.050,0.046,0.904
727000,0.043,0.045,0.912
727500,0.035,0.049,0.916
728000,0.032,0.042,0.926
728500,0.031,0.054,0.915
729000,0.028,0.055,0.917
729500,0.029,0.049,0.922
730000,0.034,0.043,0.923
730500,0.034,0.040,0.926
731000,0.038,0.041,0.921
731500,0.041,0.041,0.918
732000,0.075,0.055,0.870
732500,0.062,0.050,0.888
733000,0.052,0.056,0.892
733500,0.050,0.057,0.893
734000,0.055,0.055,0.890
734500,0.050,0.048,0.902
735000,0.036,0.055,0.909
735500,0.031,0.080,0.890
736000,0.038,0.053,0.909
736500,0.040,0.048,0.912
737000,0.036,0.048,0.916
737500,0.043,0.048,0.909
738000,0.059,0.044,0.897
738500,0.050,0.038,0.912
739000,0.044,0.045,0.911
739500,0.055,0.050,0.895
740000,0.056,0.049,0.895
740500,0.055,0.038,0.907
741000,0.045,0.051,0.904
741500,0.050,0.047,0.903
742000,0.043,0.048,0.909
742500,0.038,0.048,0.914
743000,0.044,0.046,0.910
743500,0.052,0.045,0.903
744000,0.054,0.038,0.908
744500,0.048,0.038,0.914
745000,0.042,0.043,0.915
745500,0.043,0.050,0.907
746000,0.042,0.043,0.915
746500,0.043,0.045,0.912
747000,0.040,0.042,0.918
747500,0.037,0.050,0.913
748000,0.034,0.041,0.925
748500,0.043,0.039,0.918
749000,0.035,0.041,0.924
749500,0.033,0.047,0.920
750000,0.042,0.052,0.906
750500,0.037,0.037,0.926
751000,0.038,0.051,0.911
751500,0.045,0.048,0.907
752000,0.040,0.042,0.918
752500,0.039,0.046,0.915
753000,0.037,0.035,0.928
753500,0.038,0.032,0.931
754000,0.041,0.031,0.928
754500,0.038,0.030,0.933
755000,0.053,0.045,0.902
755500,0.039,0.036,0.925
756000,0.038,0.037,0.925
756500,0.039,0.041,0.920
757000,0.046,0.033,0.921
757500,0.048,0.034,0.918
758000,0.045,0.026,0.930
758500,0.041,0.034,0.925
759000,0.046,0.035,0.919
759500,0.063,0.036,0.901
760000,0.056,0.034,0.910
760500,0.059,0.035,0.906
761000,0.060,0.031,0.909
761500,0.064,0.030,0.906
762000,0.058,0.022,0.919
762500,0.053,0.025,0.922
763000,0.067,0.027,0.906
763500,0.060,0.028,0.912
764000,0.049,0.034,0.917
764500,0.049,0.033,0.918
765000,0.048,0.039,0.913
765500,0.045,0.053,0.902
766000,0.045,0.051,0.904
766500,0.047,0.041,0.912
767000,0.043,0.045,0.912
767500,0.047,0.042,0.911
768000,0.063,0.035,0.902
768500,0.056,0.040,0.904
769000,0.054,0.046,0.900
769500,0.052,0.048,0.900
770000,0.055,0.045,0.900
770500,0.050,0.042,0.908
771000,0.051,0.041,0.908
771500,0.048,0.045,0.907
772000,0.051,0.033,0.916
772500,0.053,0.039,0.908
773000,0.047,0.034,0.919
773500,0.047,0.039,0.914
774000,0.044,0.037,0.919
774500,0.045,0.033,0.922
775000,0.052,0.037,0.911
775500,0.057,0.036,0.907
776000,0.049,0.035,0.916
776500,0.060,0.031,0.909
777000,0.052,0.029,0.919
777500,0.050,0.029,0.921
778000,0.038,0.027,0.936
778500,0.032,0.036,0.933
779000,0.036,0.038,0.926
779500,0.057,0.035,0.908
780000,0.064,0.030,0.906
780500,0.064,0.039,0.897
781000,0.058,0.039,0.903
781500,0.046,0.040,0.914
782000,0.062,0.042,0.896
782500,0.058,0.036,0.906
783000,0.050,0.037,0.913
783500,0.050,0.037,0.913
784000,0.046,0.047,0.907
784500,0.049,0.048,0.903
785000,0.049,0.045,0.906
785500,0.056,0.049,0.895
786000,0.045,0.054,0.901
786500,0.050,0.050,0.900
787000,0.061,0.042,0.897
787500,0.054,0.044,0.902
788000,0.056,0.037,0.907
788500,0.045,0.041,0.914
789000,0.047,0.038,0.915
789500,0.052,0.040,0.908
790000,0.056,0.039,0.905
790500,0.049,0.033,0.918
791000,0.047,0.032,0.921
791500,0.045,0.035,0.920
792000,0.057,0.041,0.902
792500,0.053,0.043,0.904
793000,0.044,0.052,0.904
793500,0.050,0.057,0.893
794000,0.055,0.051,0.894
794500,0.056,0.045,0.899
795000,0.046,0.047,0.907
795500,0.049,0.040,0.911
796000,0.050,0.049,0.901
796500,0.045,0.047,0.908
797000,0.047,0.042,0.911
797500,0.041,0.039,0.920
798000,0.044,0.043,0.913
798500,0.038,0.045,0.917
799000,0.043,0.046,0.911
799500,0.049,0.052,0.899
800000,0.039,0.042,0.919
800500,0.033,0.037,0.931
801000,0.039,0.036,0.925
801500,0.041,0.045,0.914
802000,0.037,0.041,0.922
802500,0.036,0.037,0.927
803000,0.039,0.039,0.922
803500,0.039,0.046,0.915
