time,n_A+p,n_B,n_AB
0,0.449,0.551,0.000
500,0.388,0.479,0.133
1000,0.331,0.479,0.190
1500,0.342,0.485,0.173
2000,0.325,0.480,0.195
2500,0.318,0.465,0.218
3000,0.330,0.446,0.224
3500,0.324,0.424,0.252
4000,0.362,0.423,0.216
4500,0.350,0.426,0.224
5000,0.333,0.443,0.224
5500,0.314,0.443,0.243
6000,0.322,0.454,0.225
6500,0.291,0.462,0.247
7000,0.301,0.446,0.252
7500,0.298,0.438,0.264
8000,0.337,0.401,0.261
8500,0.321,0.412,0.268
9000,0.318,0.396,0.286
9500,0.330,0.425,0.245
10000,0.302,0.416,0.282
10500,0.297,0.440,0.263
11000,0.296,0.450,0.253
11500,0.307,0.449,0.243
12000,0.298,0.440,0.261
12500,0.302,0.440,0.257
13000,0.341,0.393,0.266
13500,0.337,0.416,0.247
14000,0.331,0.394,0.275
14500,0.343,0.403,0.253
15000,0.309,0.418,0.273
15500,0.314,0.426,0.260
16000,0.325,0.413,0.263
16500,0.296,0.430,0.274
17000,0.303,0.418,0.279
17500,0.299,0.410,0.291
18000,0.331,0.421,0.248
18500,0.344,0.406,0.250
19000,0.353,0.397,0.249
19500,0.360,0.362,0.279
20000,0.363,0.360,0.278
20500,0.359,0.345,0.296
21000,0.355,0.349,0.295
21500,0.360,0.334,0.306
22000,0.366,0.312,0.323
22500,0.403,0.313,0.284
23000,0.412,0.297,0.291
23500,0.398,0.317,0.285
24000,0.385,0.336,0.279
24500,0.382,0.325,0.293
25000,0.376,0.335,0.289
25500,0.391,0.339,0.270
26000,0.368,0.343,0.289
26500,0.349,0.344,0.306
27000,0.358,0.308,0.334
27500,0.365,0.331,0.304
28000,0.400,0.307,0.292
28500,0.432,0.286,0.282
29000,0.418,0.287,0.295
29500,0.409,0.298,0.293
30000,0.413,0.307,0.280
30500,0.406,0.284,0.311
31000,0.402,0.281,0.317
31500,0.388,0.284,0.328
32000,0.366,0.325,0.309
32500,0.350,0.316,0.334
33000,0.369,0.316,0.316
33500,0.358,0.324,0.319
34000,0.350,0.337,0.313
34500,0.353,0.353,0.293
35000,0.359,0.339,0.302
35500,0.395,0.305,0.299
36000,0.375,0.311,0.315
36500,0.378,0.333,0.289
37000,0.381,0.316,0.303
37500,0.377,0.323,0.300
38000,0.373,0.327,0.300
38500,0.363,0.330,0.307
39000,0.376,0.315,0.309
39500,0.365,0.337,0.298
40000,0.361,0.335,0.304
40500,0.334,0.339,0.327
41000,0.343,0.323,0.334
41500,0.384,0.306,0.309
42000,0.404,0.275,0.321
42500,0.415,0.243,0.342
43000,0.433,0.251,0.316
43500,0.450,0.240,0.309
44000,0.441,0.253,0.305
44500,0.493,0.233,0.274
45000,0.471,0.257,0.272
45500,0.468,0.259,0.273
46000,0.456,0.275,0.270
46500,0.471,0.258,0.271
47000,0.465,0.266,0.270
47500,0.459,0.260,0.281
48000,0.485,0.238,0.277
48500,0.510,0.225,0.266
49000,0.507,0.240,0.253
49500,0.483,0.226,0.291
50000,0.479,0.239,0.282
50500,0.478,0.241,0.281
51000,0.468,0.233,0.299
51500,0.485,0.248,0.267
52000,0.437,0.264,0.299
52500,0.418,0.283,0.299
53000,0.416,0.314,0.271
53500,0.401,0.300,0.298
54000,0.410,0.322,0.269
54500,0.411,0.328,0.261
55000,0.421,0.314,0.266
55500,0.416,0.290,0.294
56000,0.424,0.298,0.278
56500,0.436,0.281,0.283
57000,0.461,0.253,0.286
57500,0.462,0.245,0.293
58000,0.463,0.238,0.299
58500,0.475,0.221,0.304
59000,0.522,0.207,0.271
59500,0.493,0.221,0.286
60000,0.462,0.263,0.276
60500,0.451,0.271,0.278
61000,0.456,0.271,0.274
61500,0.489,0.245,0.266
62000,0.471,0.274,0.255
62500,0.480,0.255,0.265
63000,0.480,0.238,0.282
63500,0.484,0.240,0.276
64000,0.498,0.258,0.243
64500,0.471,0.261,0.268
65000,0.480,0.257,0.263
65500,0.471,0.265,0.265
66000,0.430,0.285,0.285
66500,0.402,0.298,0.299
67000,0.426,0.290,0.284
67500,0.432,0.290,0.278
68000,0.449,0.276,0.275
68500,0.468,0.269,0.264
69000,0.461,0.249,0.290
69500,0.441,0.268,0.291
70000,0.438,0.269,0.293
70500,0.451,0.286,0.263
71000,0.437,0.294,0.269
71500,0.443,0.287,0.270
72000,0.457,0.286,0.257
72500,0.409,0.330,0.261
73000,0.404,0.328,0.268
73500,0.439,0.298,0.263
74000,0.430,0.286,0.284
74500,0.436,0.266,0.298
75000,0.456,0.256,0.288
75500,0.495,0.250,0.254
76000,0.506,0.223,0.272
76500,0.530,0.225,0.245
77000,0.532,0.228,0.240
77500,0.538,0.222,0.240
78000,0.498,0.231,0.271
78500,0.510,0.236,0.254
79000,0.525,0.229,0.246
79500,0.477,0.237,0.286
80000,0.463,0.236,0.301
80500,0.440,0.257,0.302
81000,0.475,0.246,0.279
81500,0.489,0.246,0.265
82000,0.511,0.229,0.260
82500,0.511,0.216,0.274
83000,0.506,0.244,0.250
83500,0.478,0.226,0.296
84000,0.503,0.236,0.261
84500,0.480,0.230,0.290
85000,0.456,0.244,0.300
85500,0.468,0.244,0.288
86000,0.498,0.232,0.270
86500,0.499,0.225,0.276
87000,0.504,0.221,0.276
87500,0.515,0.203,0.282
88000,0.492,0.231,0.277
88500,0.460,0.260,0.280
89000,0.470,0.253,0.277
89500,0.459,0.257,0.284
90000,0.468,0.274,0.258
90500,0.463,0.248,0.289
91000,0.442,0.233,0.325
91500,0.441,0.239,0.320
92000,0.488,0.200,0.312
92500,0.536,0.192,0.272
93000,0.559,0.175,0.267
93500,0.562,0.174,0.265
94000,0.538,0.179,0.283
94500,0.566,0.170,0.265
95000,0.560,0.182,0.258
95500,0.586,0.178,0.236
96000,0.592,0.160,0.247
96500,0.573,0.164,0.263
97000,0.542,0.187,0.271
97500,0.553,0.178,0.270
98000,0.574,0.175,0.251
98500,0.550,0.220,0.231
99000,0.510,0.220,0.271
99500,0.510,0.207,0.283
100000,0.518,0.205,0.277
100500,0.495,0.220,0.285
101000,0.488,0.220,0.292
101500,0.503,0.229,0.269
102000,0.538,0.195,0.267
102500,0.533,0.190,0.277
103000,0.536,0.202,0.261
103500,0.535,0.189,0.276
104000,0.516,0.220,0.265
104500,0.497,0.227,0.276
105000,0.505,0.216,0.280
105500,0.496,0.229,0.275
106000,0.470,0.244,0.286
106500,0.445,0.250,0.304
107000,0.416,0.286,0.298
107500,0.413,0.269,0.319
108000,0.418,0.297,0.285
108500,0.435,0.260,0.304
109000,0.465,0.250,0.285
109500,0.478,0.258,0.264
110000,0.484,0.231,0.285
110500,0.462,0.254,0.284
111000,0.443,0.241,0.316
111500,0.470,0.242,0.288
112000,0.455,0.239,0.306
112500,0.477,0.228,0.295
113000,0.472,0.237,0.291
113500,0.461,0.251,0.288
114000,0.443,0.263,0.294
114500,0.443,0.270,0.287
115000,0.448,0.251,0.300
115500,0.466,0.228,0.306
116000,0.471,0.228,0.301
116500,0.472,0.224,0.304
117000,0.464,0.208,0.328
117500,0.477,0.226,0.297
118000,0.468,0.256,0.276
118500,0.455,0.269,0.277
119000,0.439,0.259,0.301
119500,0.424,0.249,0.327
120000,0.423,0.277,0.300
120500,0.417,0.281,0.302
121000,0.392,0.285,0.323
121500,0.394,0.297,0.308
122000,0.433,0.275,0.292
122500,0.433,0.274,0.293
123000,0.445,0.253,0.301
123500,0.431,0.250,0.319
124000,0.436,0.252,0.312
124500,0.444,0.251,0.304
125000,0.437,0.253,0.309
125500,0.422,0.259,0.319
126000,0.411,0.260,0.329
126500,0.376,0.287,0.337
127000,0.385,0.275,0.340
127500,0.421,0.257,0.322
128000,0.422,0.246,0.332
128500,0.419,0.238,0.343
129000,0.449,0.258,0.292
129500,0.455,0.264,0.282
130000,0.459,0.253,0.288
130500,0.464,0.246,0.290
131000,0.450,0.274,0.276
131500,0.414,0.282,0.304
132000,0.423,0.297,0.280
132500,0.432,0.274,0.294
133000,0.431,0.271,0.298
133500,0.432,0.289,0.279
134000,0.426,0.292,0.282
134500,0.432,0.260,0.307
135000,0.464,0.240,0.296
135500,0.463,0.246,0.291
136000,0.442,0.245,0.313
136500,0.457,0.228,0.316
137000,0.462,0.218,0.321
137500,0.441,0.237,0.322
138000,0.401,0.282,0.317
138500,0.434,0.251,0.315
139000,0.418,0.240,0.342
139500,0.442,0.234,0.324
140000,0.458,0.216,0.327
140500,0.442,0.248,0.309
141000,0.431,0.241,0.328
141500,0.459,0.229,0.313
142000,0.419,0.238,0.343
142500,0.430,0.251,0.319
143000,0.419,0.256,0.325
143500,0.374,0.272,0.354
144000,0.354,0.294,0.351
144500,0.372,0.288,0.340
145000,0.341,0.300,0.359
145500,0.321,0.353,0.326
146000,0.336,0.320,0.344
146500,0.342,0.301,0.356
147000,0.321,0.309,0.370
147500,0.296,0.376,0.328
148000,0.309,0.356,0.334
148500,0.309,0.367,0.324
149000,0.319,0.342,0.339
149500,0.318,0.351,0.331
150000,0.367,0.275,0.359
150500,0.387,0.264,0.349
151000,0.393,0.282,0.325
151500,0.406,0.270,0.325
152000,0.394,0.287,0.319
152500,0.384,0.291,0.325
153000,0.393,0.274,0.333
153500,0.423,0.248,0.329
154000,0.459,0.230,0.312
154500,0.432,0.254,0.314
155000,0.429,0.255,0.316
155500,0.427,0.256,0.317
156000,0.437,0.270,0.293
156500,0.406,0.285,0.309
157000,0.407,0.268,0.326
157500,0.389,0.291,0.320
158000,0.398,0.267,0.335
158500,0.367,0.300,0.333
159000,0.383,0.285,0.332
159500,0.356,0.304,0.339
160000,0.341,0.323,0.336
160500,0.351,0.349,0.299
161000,0.362,0.362,0.277
161500,0.362,0.334,0.304
162000,0.350,0.317,0.333
162500,0.363,0.311,0.327
163000,0.379,0.301,0.320
163500,0.383,0.306,0.311
164000,0.375,0.315,0.311
164500,0.372,0.335,0.293
165000,0.364,0.341,0.295
165500,0.361,0.353,0.286
166000,0.331,0.347,0.322
166500,0.341,0.339,0.320
167000,0.370,0.307,0.323
167500,0.389,0.295,0.316
168000,0.399,0.290,0.311
168500,0.394,0.284,0.322
169000,0.386,0.295,0.319
169500,0.401,0.296,0.302
170000,0.444,0.261,0.294
170500,0.441,0.267,0.292
171000,0.450,0.238,0.312
171500,0.422,0.247,0.331
172000,0.416,0.261,0.323
172500,0.418,0.274,0.308
173000,0.419,0.275,0.306
173500,0.397,0.291,0.312
174000,0.385,0.296,0.319
174500,0.364,0.309,0.327
175000,0.342,0.300,0.358
175500,0.365,0.315,0.321
176000,0.355,0.312,0.333
176500,0.355,0.305,0.339
177000,0.359,0.302,0.339
177500,0.354,0.306,0.339
178000,0.377,0.309,0.314
178500,0.403,0.277,0.320
179000,0.401,0.295,0.303
179500,0.374,0.299,0.327
180000,0.412,0.298,0.290
180500,0.381,0.295,0.324
181000,0.369,0.288,0.343
181500,0.353,0.311,0.336
182000,0.347,0.317,0.336
182500,0.351,0.306,0.342
183000,0.351,0.321,0.328
183500,0.312,0.342,0.346
184000,0.336,0.325,0.339
184500,0.345,0.329,0.326
185000,0.372,0.323,0.305
185500,0.403,0.301,0.295
186000,0.400,0.294,0.305
186500,0.388,0.290,0.322
187000,0.390,0.274,0.336
187500,0.382,0.298,0.320
188000,0.350,0.307,0.342
188500,0.352,0.306,0.341
189000,0.352,0.318,0.330
189500,0.348,0.325,0.327
190000,0.327,0.346,0.327
190500,0.282,0.374,0.344
191000,0.303,0.358,0.339
191500,0.273,0.396,0.331
192000,0.256,0.430,0.314
192500,0.249,0.416,0.335
193000,0.246,0.420,0.334
193500,0.258,0.395,0.346
194000,0.284,0.390,0.326
194500,0.278,0.411,0.312
195000,0.279,0.413,0.308
195500,0.276,0.419,0.305
196000,0.273,0.396,0.331
196500,0.269,0.404,0.327
197000,0.290,0.411,0.299
197500,0.244,0.424,0.332
198000,0.249,0.411,0.340
198500,0.235,0.448,0.317
199000,0.265,0.422,0.314
199500,0.257,0.437,0.305
200000,0.257,0.425,0.318
200500,0.264,0.410,0.327
201000,0.241,0.446,0.313
201500,0.239,0.453,0.308
202000,0.210,0.468,0.322
202500,0.205,0.483,0.312
203000,0.235,0.451,0.314
203500,0.209,0.476,0.315
204000,0.215,0.476,0.309
204500,0.227,0.446,0.327
205000,0.223,0.419,0.359
205500,0.234,0.411,0.355
206000,0.229,0.412,0.360
206500,0.235,0.425,0.340
207000,0.241,0.435,0.324
207500,0.245,0.409,0.346
208000,0.207,0.461,0.332
208500,0.185,0.482,0.333
209000,0.197,0.475,0.328
209500,0.206,0.453,0.341
210000,0.231,0.431,0.338
210500,0.215,0.424,0.362
211000,0.253,0.410,0.337
211500,0.240,0.422,0.338
212000,0.260,0.393,0.346
212500,0.268,0.394,0.338
213000,0.263,0.409,0.329
213500,0.206,0.461,0.333
214000,0.189,0.482,0.329
214500,0.196,0.478,0.326
215000,0.206,0.476,0.318
215500,0.233,0.449,0.318
216000,0.213,0.427,0.360
216500,0.216,0.457,0.328
217000,0.194,0.465,0.341
217500,0.193,0.455,0.352
218000,0.217,0.418,0.366
218500,0.215,0.432,0.353
219000,0.225,0.454,0.322
219500,0.228,0.449,0.323
220000,0.256,0.394,0.349
220500,0.244,0.390,0.366
221000,0.249,0.412,0.339
221500,0.248,0.402,0.349
222000,0.226,0.412,0.363
222500,0.263,0.402,0.335
223000,0.239,0.423,0.338
223500,0.210,0.439,0.350
224000,0.197,0.467,0.336
224500,0.189,0.472,0.339
225000,0.173,0.497,0.330
225500,0.144,0.543,0.313
226000,0.144,0.564,0.292
226500,0.138,0.573,0.289
227000,0.144,0.586,0.270
227500,0.121,0.603,0.277
228000,0.120,0.597,0.284
228500,0.140,0.585,0.275
229000,0.133,0.593,0.274
229500,0.128,0.588,0.284
230000,0.136,0.594,0.270
230500,0.144,0.563,0.293
231000,0.158,0.570,0.272
231500,0.164,0.552,0.284
232000,0.198,0.517,0.285
232500,0.226,0.476,0.298
233000,0.219,0.485,0.296
233500,0.226,0.460,0.315
234000,0.241,0.444,0.315
234500,0.217,0.463,0.321
235000,0.207,0.478,0.315
235500,0.221,0.467,0.313
236000,0.207,0.462,0.331
236500,0.220,0.463,0.318
237000,0.227,0.478,0.295
237500,0.195,0.496,0.308
238000,0.199,0.501,0.300
238500,0.196,0.531,0.273
239000,0.196,0.554,0.250
239500,0.191,0.568,0.241
240000,0.164,0.587,0.248
240500,0.174,0.579,0.247
241000,0.178,0.585,0.237
241500,0.162,0.570,0.268
242000,0.144,0.589,0.267
242500,0.143,0.607,0.250
243000,0.157,0.589,0.253
243500,0.152,0.598,0.250
244000,0.125,0.623,0.252
244500,0.130,0.639,0.231
245000,0.112,0.673,0.215
245500,0.123,0.655,0.223
246000,0.122,0.669,0.209
246500,0.138,0.654,0.208
247000,0.125,0.664,0.211
247500,0.120,0.665,0.216
248000,0.111,0.695,0.194
248500,0.146,0.608,0.246
249000,0.161,0.608,0.231
249500,0.157,0.581,0.261
250000,0.169,0.594,0.237
250500,0.165,0.576,0.258
251000,0.183,0.533,0.284
251500,0.192,0.525,0.283
252000,0.217,0.492,0.291
252500,0.219,0.503,0.279
253000,0.227,0.504,0.270
253500,0.235,0.462,0.303
254000,0.233,0.460,0.307
254500,0.250,0.462,0.288
255000,0.269,0.438,0.293
255500,0.265,0.456,0.280
256000,0.266,0.440,0.294
256500,0.228,0.473,0.299
257000,0.242,0.443,0.315
257500,0.275,0.422,0.303
258000,0.282,0.404,0.314
258500,0.284,0.396,0.320
259000,0.284,0.364,0.352
259500,0.283,0.362,0.355
260000,0.307,0.344,0.348
260500,0.303,0.348,0.348
261000,0.304,0.350,0.345
261500,0.328,0.329,0.343
262000,0.347,0.331,0.322
262500,0.329,0.344,0.327
263000,0.338,0.331,0.331
263500,0.331,0.318,0.351
264000,0.339,0.336,0.325
264500,0.363,0.317,0.321
265000,0.335,0.324,0.341
265500,0.314,0.330,0.356
266000,0.321,0.341,0.338
266500,0.350,0.331,0.319
267000,0.338,0.326,0.336
267500,0.335,0.349,0.316
268000,0.312,0.350,0.338
268500,0.289,0.380,0.331
269000,0.248,0.444,0.307
269500,0.237,0.444,0.319
270000,0.224,0.475,0.301
270500,0.223,0.450,0.327
271000,0.243,0.442,0.315
271500,0.254,0.396,0.349
272000,0.266,0.412,0.323
272500,0.271,0.396,0.333
273000,0.264,0.413,0.324
273500,0.263,0.396,0.341
274000,0.270,0.393,0.337
274500,0.289,0.376,0.335
275000,0.281,0.389,0.330
275500,0.258,0.388,0.353
276000,0.255,0.408,0.337
276500,0.243,0.388,0.369
277000,0.251,0.388,0.361
277500,0.233,0.376,0.391
278000,0.246,0.401,0.352
278500,0.217,0.401,0.382
279000,0.251,0.387,0.362
279500,0.269,0.366,0.366
280000,0.283,0.336,0.381
280500,0.282,0.341,0.377
281000,0.284,0.363,0.353
281500,0.276,0.367,0.358
282000,0.274,0.365,0.362
282500,0.241,0.406,0.353
283000,0.243,0.433,0.324
283500,0.251,0.414,0.335
284000,0.232,0.413,0.355
284500,0.220,0.446,0.334
285000,0.234,0.467,0.299
285500,0.220,0.472,0.308
286000,0.236,0.426,0.338
286500,0.229,0.436,0.335
287000,0.222,0.426,0.352
287500,0.223,0.408,0.370
288000,0.233,0.406,0.362
288500,0.246,0.402,0.351
289000,0.248,0.411,0.341
289500,0.239,0.407,0.354
290000,0.231,0.442,0.327
290500,0.252,0.408,0.340
291000,0.244,0.388,0.368
291500,0.270,0.396,0.334
292000,0.280,0.399,0.321
292500,0.247,0.432,0.321
293000,0.258,0.407,0.335
293500,0.244,0.442,0.314
294000,0.246,0.427,0.327
294500,0.242,0.414,0.344
295000,0.223,0.426,0.351
295500,0.252,0.381,0.367
296000,0.253,0.412,0.335
296500,0.242,0.406,0.352
297000,0.220,0.420,0.361
297500,0.222,0.414,0.365
298000,0.228,0.420,0.352
298500,0.238,0.399,0.363
299000,0.229,0.433,0.338
299500,0.236,0.400,0.364
300000,0.263,0.377,0.361
300500,0.239,0.400,0.361
301000,0.247,0.391,0.362
301500,0.261,0.376,0.363
302000,0.295,0.346,0.359
302500,0.328,0.333,0.339
303000,0.304,0.364,0.332
303500,0.290,0.376,0.334
304000,0.311,0.360,0.330
304500,0.291,0.380,0.329
305000,0.304,0.376,0.320
305500,0.296,0.363,0.341
306000,0.286,0.388,0.326
306500,0.273,0.371,0.356
307000,0.250,0.416,0.334
307500,0.255,0.414,0.331
308000,0.264,0.399,0.337
308500,0.260,0.367,0.373
309000,0.284,0.385,0.331
309500,0.264,0.400,0.336
310000,0.266,0.392,0.342
310500,0.274,0.381,0.345
311000,0.259,0.388,0.352
311500,0.252,0.399,0.348
312000,0.254,0.395,0.350
312500,0.221,0.444,0.335
313000,0.223,0.437,0.340
313500,0.229,0.401,0.370
314000,0.228,0.433,0.339
314500,0.200,0.451,0.348
315000,0.238,0.438,0.324
315500,0.280,0.423,0.297
316000,0.293,0.404,0.302
316500,0.299,0.385,0.316
317000,0.294,0.384,0.322
317500,0.312,0.362,0.327
318000,0.311,0.361,0.329
318500,0.290,0.361,0.349
319000,0.338,0.319,0.343
319500,0.349,0.297,0.353
320000,0.334,0.324,0.342
320500,0.328,0.316,0.356
321000,0.311,0.321,0.369
321500,0.289,0.343,0.368
322000,0.280,0.373,0.347
322500,0.246,0.403,0.350
323000,0.250,0.389,0.361
323500,0.257,0.393,0.349
324000,0.249,0.390,0.361
324500,0.228,0.411,0.362
325000,0.224,0.416,0.361
325500,0.230,0.436,0.334
326000,0.204,0.456,0.340
326500,0.224,0.451,0.325
327000,0.251,0.425,0.324
327500,0.243,0.427,0.330
328000,0.240,0.444,0.316
328500,0.225,0.468,0.307
329000,0.215,0.459,0.327
329500,0.187,0.474,0.339
330000,0.173,0.492,0.335
330500,0.172,0.510,0.319
331000,0.177,0.516,0.307
331500,0.174,0.518,0.308
332000,0.179,0.506,0.316
332500,0.164,0.510,0.326
333000,0.177,0.504,0.320
333500,0.170,0.498,0.332
334000,0.185,0.475,0.340
334500,0.173,0.480,0.347
335000,0.174,0.508,0.319
335500,0.168,0.539,0.293
336000,0.146,0.563,0.291
336500,0.132,0.571,0.297
337000,0.144,0.582,0.274
337500,0.145,0.566,0.289
338000,0.143,0.573,0.284
338500,0.135,0.545,0.320
339000,0.143,0.536,0.321
339500,0.142,0.528,0.330
340000,0.168,0.523,0.309
340500,0.166,0.491,0.342
341000,0.143,0.544,0.313
341500,0.130,0.557,0.314
342000,0.145,0.531,0.324
342500,0.154,0.553,0.293
343000,0.162,0.523,0.315
343500,0.172,0.541,0.287
344000,0.155,0.555,0.290
344500,0.157,0.545,0.297
345000,0.135,0.552,0.314
345500,0.154,0.532,0.314
346000,0.153,0.549,0.298
346500,0.172,0.531,0.297
347000,0.205,0.492,0.302
347500,0.215,0.465,0.321
348000,0.225,0.490,0.285
348500,0.207,0.494,0.298
349000,0.216,0.507,0.278
349500,0.218,0.492,0.290
350000,0.188,0.515,0.297
350500,0.189,0.495,0.316
351000,0.182,0.505,0.314
351500,0.215,0.477,0.308
352000,0.199,0.474,0.327
352500,0.213,0.457,0.330
353000,0.201,0.479,0.320
353500,0.210,0.439,0.350
354000,0.224,0.430,0.346
354500,0.234,0.399,0.367
355000,0.259,0.390,0.350
355500,0.261,0.393,0.345
356000,0.252,0.376,0.372
356500,0.268,0.387,0.345
357000,0.276,0.368,0.356
357500,0.273,0.383,0.344
358000,0.284,0.365,0.351
358500,0.297,0.363,0.340
359000,0.303,0.353,0.343
359500,0.299,0.364,0.337
360000,0.277,0.362,0.362
360500,0.261,0.367,0.372
361000,0.264,0.374,0.363
361500,0.249,0.385,0.366
362000,0.268,0.392,0.340
362500,0.309,0.352,0.338
363000,0.300,0.378,0.322
363500,0.324,0.347,0.329
364000,0.329,0.316,0.355
364500,0.307,0.308,0.384
365000,0.324,0.286,0.390
365500,0.288,0.332,0.380
366000,0.268,0.347,0.385
366500,0.255,0.371,0.374
367000,0.229,0.388,0.383
367500,0.263,0.387,0.350
368000,0.280,0.385,0.335
368500,0.287,0.378,0.335
369000,0.285,0.366,0.349
369500,0.322,0.358,0.321
370000,0.355,0.299,0.345
370500,0.340,0.314,0.346
371000,0.351,0.327,0.322
371500,0.334,0.333,0.333
372000,0.333,0.337,0.330
372500,0.353,0.346,0.300
373000,0.346,0.327,0.327
373500,0.358,0.326,0.317
374000,0.339,0.327,0.334
374500,0.276,0.388,0.336
375000,0.321,0.350,0.329
375500,0.309,0.360,0.331
376000,0.283,0.369,0.348
376500,0.293,0.343,0.364
377000,0.315,0.349,0.336
377500,0.312,0.340,0.348
378000,0.285,0.376,0.339
378500,0.255,0.382,0.363
379000,0.258,0.391,0.350
379500,0.267,0.401,0.332
380000,0.263,0.399,0.338
380500,0.258,0.393,0.348
381000,0.244,0.418,0.338
381500,0.261,0.377,0.362
382000,0.278,0.392,0.330
382500,0.260,0.372,0.368
383000,0.253,0.407,0.340
383500,0.265,0.412,0.324
384000,0.267,0.399,0.334
384500,0.270,0.409,0.322
385000,0.242,0.430,0.328
385500,0.220,0.439,0.341
386000,0.242,0.435,0.323
386500,0.244,0.415,0.341
387000,0.267,0.374,0.360
387500,0.285,0.376,0.339
388000,0.289,0.371,0.340
388500,0.289,0.345,0.366
389000,0.302,0.339,0.359
389500,0.348,0.323,0.329
390000,0.340,0.309,0.350
390500,0.382,0.281,0.337
391000,0.409,0.270,0.322
391500,0.414,0.260,0.326
392000,0.408,0.267,0.326
392500,0.420,0.263,0.318
393000,0.400,0.279,0.321
393500,0.359,0.296,0.345
394000,0.383,0.271,0.346
394500,0.355,0.255,0.389
395000,0.369,0.265,0.367
395500,0.336,0.286,0.378
396000,0.339,0.299,0.362
396500,0.338,0.297,0.365
397000,0.360,0.285,0.355
397500,0.321,0.315,0.365
398000,0.309,0.347,0.343
398500,0.296,0.374,0.330
399000,0.319,0.360,0.322
399500,0.305,0.348,0.346
400000,0.330,0.328,0.342
400500,0.323,0.325,0.352
401000,0.319,0.334,0.347
401500,0.331,0.315,0.354
402000,0.327,0.295,0.378
402500,0.323,0.302,0.375
403000,0.360,0.293,0.347
403500,0.334,0.321,0.345
404000,0.314,0.331,0.355
404500,0.311,0.316,0.374
405000,0.327,0.308,0.365
405500,0.326,0.304,0.370
406000,0.298,0.347,0.354
406500,0.298,0.366,0.336
407000,0.323,0.328,0.349
407500,0.333,0.327,0.340
408000,0.348,0.296,0.355
408500,0.361,0.270,0.370
409000,0.392,0.265,0.343
409500,0.403,0.258,0.338
410000,0.413,0.250,0.337
410500,0.437,0.243,0.320
411000,0.419,0.273,0.308
411500,0.447,0.261,0.291
412000,0.463,0.264,0.274
412500,0.419,0.272,0.309
413000,0.417,0.256,0.327
413500,0.430,0.240,0.330
414000,0.398,0.285,0.317
414500,0.406,0.276,0.319
415000,0.416,0.286,0.298
415500,0.388,0.294,0.318
416000,0.380,0.299,0.321
416500,0.398,0.284,0.318
417000,0.417,0.280,0.303
417500,0.419,0.276,0.305
418000,0.413,0.261,0.326
418500,0.428,0.243,0.329
419000,0.423,0.239,0.338
419500,0.434,0.222,0.344
420000,0.433,0.249,0.318
420500,0.439,0.247,0.314
421000,0.403,0.253,0.343
421500,0.436,0.235,0.329
422000,0.418,0.244,0.338
422500,0.419,0.232,0.349
423000,0.439,0.236,0.325
423500,0.429,0.257,0.314
424000,0.416,0.261,0.323
424500,0.411,0.254,0.335
425000,0.409,0.239,0.352
425500,0.401,0.253,0.345
426000,0.404,0.257,0.338
426500,0.407,0.264,0.330
427000,0.378,0.255,0.367
427500,0.406,0.279,0.316
428000,0.383,0.260,0.356
428500,0.365,0.273,0.363
429000,0.364,0.272,0.365
429500,0.387,0.261,0.351
430000,0.381,0.299,0.320
430500,0.436,0.255,0.308
431000,0.461,0.244,0.295
431500,0.433,0.263,0.304
432000,0.435,0.265,0.300
432500,0.411,0.309,0.280
433000,0.394,0.297,0.308
433500,0.378,0.302,0.320
434000,0.378,0.291,0.331
434500,0.376,0.275,0.349
435000,0.398,0.281,0.321
435500,0.391,0.290,0.319
436000,0.407,0.292,0.301
436500,0.422,0.270,0.308
437000,0.398,0.281,0.321
437500,0.401,0.274,0.325
438000,0.364,0.294,0.342
438500,0.407,0.263,0.331
439000,0.409,0.256,0.335
439500,0.406,0.260,0.334
440000,0.384,0.269,0.347
440500,0.378,0.281,0.341
441000,0.312,0.330,0.359
441500,0.321,0.338,0.341
442000,0.313,0.333,0.354
442500,0.324,0.311,0.366
443000,0.302,0.328,0.370
443500,0.323,0.303,0.374
444000,0.322,0.328,0.350
444500,0.320,0.327,0.353
445000,0.364,0.321,0.316
445500,0.351,0.297,0.351
446000,0.387,0.292,0.321
446500,0.384,0.274,0.342
447000,0.403,0.272,0.325
447500,0.387,0.259,0.353
448000,0.396,0.264,0.340
448500,0.384,0.257,0.359
449000,0.386,0.268,0.346
449500,0.387,0.268,0.345
450000,0.414,0.244,0.342
450500,0.418,0.223,0.360
451000,0.454,0.220,0.327
451500,0.456,0.197,0.347
452000,0.432,0.210,0.358
452500,0.465,0.206,0.329
453000,0.486,0.195,0.319
453500,0.477,0.198,0.325
454000,0.511,0.182,0.307
454500,0.485,0.187,0.328
455000,0.491,0.184,0.325
455500,0.492,0.187,0.321
456000,0.487,0.181,0.332
456500,0.492,0.186,0.322
457000,0.472,0.215,0.314
457500,0.465,0.198,0.337
458000,0.477,0.224,0.299
458500,0.472,0.204,0.324
459000,0.475,0.208,0.317
459500,0.471,0.243,0.286
460000,0.402,0.279,0.319
460500,0.440,0.249,0.311
461000,0.435,0.246,0.319
461500,0.418,0.269,0.314
462000,0.382,0.286,0.332
462500,0.359,0.292,0.349
463000,0.374,0.304,0.322
463500,0.384,0.300,0.316
464000,0.406,0.263,0.332
464500,0.406,0.244,0.350
465000,0.415,0.255,0.330
465500,0.432,0.257,0.311
466000,0.438,0.211,0.350
466500,0.478,0.196,0.326
467000,0.488,0.195,0.317
467500,0.505,0.176,0.320
468000,0.526,0.162,0.312
468500,0.517,0.184,0.299
469000,0.494,0.175,0.331
469500,0.534,0.165,0.300
470000,0.541,0.158,0.300
470500,0.543,0.163,0.293
471000,0.544,0.163,0.292
471500,0.527,0.163,0.309
472000,0.525,0.172,0.303
472500,0.520,0.165,0.315
473000,0.515,0.165,0.320
473500,0.530,0.159,0.311
474000,0.533,0.161,0.305
474500,0.536,0.161,0.302
475000,0.512,0.170,0.319
475500,0.490,0.170,0.340
476000,0.478,0.195,0.327
476500,0.437,0.221,0.342
477000,0.463,0.192,0.345
477500,0.446,0.206,0.347
478000,0.458,0.192,0.350
478500,0.450,0.213,0.336
479000,0.454,0.223,0.324
479500,0.453,0.198,0.349
480000,0.474,0.195,0.331
480500,0.480,0.216,0.304
481000,0.474,0.225,0.301
481500,0.476,0.206,0.318
482000,0.477,0.235,0.288
482500,0.495,0.225,0.280
483000,0.489,0.221,0.290
483500,0.506,0.194,0.300
484000,0.531,0.171,0.298
484500,0.513,0.164,0.323
485000,0.533,0.169,0.298
485500,0.492,0.207,0.300
486000,0.490,0.196,0.314
486500,0.499,0.187,0.314
487000,0.484,0.198,0.318
487500,0.483,0.190,0.327
488000,0.503,0.187,0.311
488500,0.505,0.199,0.296
489000,0.503,0.193,0.304
489500,0.489,0.205,0.305
490000,0.477,0.209,0.314
490500,0.438,0.238,0.324
491000,0.475,0.231,0.294
491500,0.469,0.224,0.307
492000,0.475,0.202,0.323
492500,0.494,0.210,0.295
493000,0.481,0.226,0.293
493500,0.454,0.230,0.317
494000,0.451,0.204,0.344
494500,0.456,0.208,0.336
495000,0.476,0.219,0.305
495500,0.497,0.174,0.329
496000,0.511,0.169,0.321
496500,0.514,0.158,0.328
497000,0.493,0.159,0.347
497500,0.477,0.197,0.326
498000,0.511,0.191,0.298
498500,0.527,0.172,0.301
499000,0.521,0.181,0.298
499500,0.539,0.175,0.286
500000,0.512,0.190,0.298
500500,0.494,0.190,0.316
501000,0.502,0.204,0.294
501500,0.503,0.212,0.285
502000,0.527,0.185,0.288
502500,0.538,0.166,0.295
503000,0.581,0.153,0.266
503500,0.558,0.158,0.284
504000,0.570,0.150,0.280
504500,0.556,0.160,0.284
505000,0.555,0.162,0.283
505500,0.550,0.185,0.266
506000,0.547,0.188,0.265
506500,0.529,0.194,0.277
507000,0.506,0.222,0.273
507500,0.504,0.208,0.288
508000,0.502,0.199,0.299
508500,0.531,0.204,0.265
509000,0.558,0.172,0.271
509500,0.577,0.161,0.261
510000,0.553,0.183,0.265
510500,0.565,0.156,0.279
511000,0.568,0.163,0.269
511500,0.565,0.192,0.243
512000,0.606,0.152,0.242
512500,0.615,0.136,0.249
513000,0.588,0.166,0.245
513500,0.569,0.163,0.268
514000,0.570,0.165,0.265
514500,0.530,0.193,0.277
515000,0.508,0.186,0.306
515500,0.545,0.170,0.285
516000,0.569,0.163,0.268
516500,0.559,0.172,0.270
517000,0.585,0.142,0.273
517500,0.603,0.139,0.258
518000,0.594,0.146,0.259
518500,0.583,0.138,0.279
519000,0.603,0.138,0.259
519500,0.602,0.150,0.248
520000,0.625,0.134,0.241
520500,0.609,0.159,0.232
521000,0.603,0.141,0.256
521500,0.623,0.133,0.244
522000,0.627,0.127,0.246
522500,0.602,0.140,0.258
523000,0.588,0.139,0.273
523500,0.591,0.128,0.281
524000,0.608,0.139,0.253
524500,0.609,0.131,0.260
525000,0.634,0.124,0.242
525500,0.624,0.117,0.258
526000,0.617,0.117,0.266
526500,0.634,0.121,0.245
527000,0.624,0.132,0.244
527500,0.637,0.115,0.247
528000,0.622,0.138,0.240
528500,0.654,0.126,0.221
529000,0.647,0.144,0.209
529500,0.611,0.147,0.242
530000,0.622,0.136,0.242
530500,0.599,0.160,0.241
531000,0.618,0.129,0.253
531500,0.593,0.144,0.263
532000,0.583,0.132,0.285
532500,0.604,0.140,0.256
533000,0.628,0.121,0.251
533500,0.649,0.115,0.236
534000,0.647,0.131,0.223
534500,0.618,0.130,0.252
535000,0.625,0.114,0.260
535500,0.619,0.129,0.252
536000,0.630,0.113,0.256
536500,0.618,0.131,0.251
537000,0.640,0.120,0.240
537500,0.640,0.108,0.251
538000,0.666,0.101,0.233
538500,0.682,0.097,0.221
539000,0.689,0.101,0.209
539500,0.684,0.101,0.215
540000,0.661,0.093,0.246
540500,0.661,0.105,0.234
541000,0.677,0.103,0.220
541500,0.673,0.117,0.209
542000,0.672,0.105,0.223
542500,0.668,0.099,0.233
543000,0.684,0.083,0.233
543500,0.704,0.086,0.210
544000,0.723,0.076,0.201
544500,0.706,0.073,0.222
545000,0.717,0.072,0.211
545500,0.717,0.069,0.213
546000,0.724,0.065,0.210
546500,0.712,0.079,0.209
547000,0.715,0.074,0.211
547500,0.701,0.086,0.213
548000,0.698,0.082,0.221
548500,0.707,0.083,0.210
549000,0.719,0.085,0.196
549500,0.724,0.088,0.188
550000,0.740,0.072,0.189
550500,0.735,0.089,0.176
551000,0.718,0.078,0.204
551500,0.758,0.069,0.173
552000,0.763,0.075,0.162
552500,0.778,0.069,0.152
553000,0.779,0.067,0.153
553500,0.779,0.069,0.151
554000,0.787,0.067,0.146
554500,0.780,0.064,0.155
555000,0.782,0.060,0.157
555500,0.776,0.070,0.153
556000,0.774,0.065,0.160
556500,0.785,0.067,0.147
557000,0.758,0.073,0.170
557500,0.753,0.072,0.176
558000,0.766,0.063,0.171
558500,0.774,0.066,0.159
559000,0.785,0.064,0.150
559500,0.789,0.060,0.151
560000,0.796,0.061,0.143
560500,0.797,0.059,0.144
561000,0.800,0.065,0.135
561500,0.798,0.066,0.136
562000,0.785,0.065,0.149
562500,0.795,0.068,0.137
563000,0.789,0.059,0.152
563500,0.780,0.073,0.147
564000,0.777,0.075,0.148
564500,0.755,0.083,0.162
565000,0.739,0.076,0.186
565500,0.733,0.079,0.188
566000,0.743,0.067,0.190
566500,0.745,0.075,0.181
567000,0.763,0.077,0.160
567500,0.772,0.068,0.159
568000,0.779,0.064,0.156
568500,0.779,0.062,0.158
569000,0.780,0.052,0.168
569500,0.790,0.052,0.158
570000,0.766,0.060,0.174
570500,0.788,0.072,0.141
571000,0.809,0.062,0.129
571500,0.793,0.066,0.141
572000,0.765,0.063,0.172
572500,0.765,0.069,0.165
573000,0.750,0.067,0.183
573500,0.750,0.097,0.153
574000,0.749,0.093,0.158
574500,0.747,0.099,0.154
575000,0.740,0.089,0.172
575500,0.737,0.084,0.179
576000,0.734,0.085,0.181
576500,0.755,0.075,0.171
577000,0.750,0.085,0.165
577500,0.742,0.085,0.174
578000,0.762,0.069,0.169
578500,0.754,0.069,0.177
579000,0.737,0.061,0.201
579500,0.735,0.067,0.197
580000,0.720,0.080,0.200
580500,0.704,0.093,0.203
581000,0.700,0.090,0.210
581500,0.710,0.082,0.208
582000,0.704,0.083,0.213
582500,0.711,0.081,0.208
583000,0.718,0.087,0.195
583500,0.719,0.079,0.202
584000,0.709,0.076,0.216
584500,0.712,0.092,0.196
585000,0.703,0.081,0.217
585500,0.727,0.067,0.205
586000,0.727,0.072,0.201
586500,0.726,0.070,0.203
587000,0.750,0.058,0.192
587500,0.756,0.059,0.185
588000,0.776,0.057,0.166
588500,0.785,0.052,0.162
589000,0.791,0.061,0.148
589500,0.794,0.056,0.150
590000,0.805,0.061,0.134
590500,0.792,0.064,0.144
591000,0.801,0.063,0.136
591500,0.795,0.059,0.146
592000,0.797,0.050,0.153
592500,0.784,0.053,0.162
593000,0.811,0.049,0.140
593500,0.814,0.046,0.140
594000,0.814,0.047,0.139
594500,0.821,0.052,0.127
595000,0.819,0.049,0.132
595500,0.816,0.052,0.132
596000,0.809,0.063,0.128
596500,0.809,0.065,0.126
597000,0.810,0.065,0.125
597500,0.797,0.070,0.133
598000,0.782,0.076,0.142
598500,0.785,0.078,0.137
599000,0.743,0.116,0.141
599500,0.751,0.096,0.153
600000,0.752,0.085,0.163
600500,0.749,0.091,0.160
601000,0.736,0.093,0.171
601500,0.727,0.085,0.188
602000,0.730,0.090,0.180
602500,0.711,0.091,0.198
603000,0.726,0.078,0.196
603500,0.727,0.083,0.190
604000,0.685,0.109,0.205
604500,0.705,0.105,0.190
605000,0.708,0.089,0.203
605500,0.667,0.104,0.229
606000,0.672,0.114,0.213
606500,0.691,0.094,0.216
607000,0.682,0.116,0.201
607500,0.682,0.120,0.198
608000,0.679,0.112,0.208
608500,0.680,0.101,0.219
609000,0.687,0.106,0.206
609500,0.681,0.099,0.220
610000,0.644,0.105,0.251
610500,0.631,0.127,0.242
611000,0.618,0.148,0.234
611500,0.609,0.160,0.231
612000,0.663,0.118,0.219
612500,0.684,0.114,0.201
613000,0.688,0.103,0.208
613500,0.691,0.111,0.198
614000,0.696,0.093,0.211
614500,0.719,0.090,0.191
615000,0.723,0.094,0.183
615500,0.716,0.106,0.178
616000,0.714,0.094,0.192
616500,0.710,0.084,0.206
617000,0.725,0.092,0.183
617500,0.747,0.084,0.170
618000,0.742,0.082,0.177
618500,0.740,0.069,0.191
619000,0.746,0.076,0.179
619500,0.741,0.076,0.184
620000,0.765,0.069,0.165
620500,0.761,0.067,0.172
621000,0.772,0.062,0.165
621500,0.770,0.065,0.164
622000,0.754,0.078,0.169
622500,0.743,0.082,0.176
623000,0.755,0.075,0.171
623500,0.745,0.085,0.171
624000,0.726,0.089,0.185
624500,0.742,0.083,0.176
625000,0.737,0.081,0.182
625500,0.718,0.091,0.191
626000,0.698,0.089,0.213
626500,0.717,0.096,0.187
627000,0.700,0.095,0.205
627500,0.702,0.089,0.209
628000,0.691,0.106,0.203
628500,0.722,0.099,0.179
629000,0.719,0.103,0.178
629500,0.723,0.085,0.192
630000,0.722,0.091,0.187
630500,0.682,0.092,0.226
631000,0.713,0.085,0.202
631500,0.695,0.082,0.224
632000,0.702,0.067,0.231
632500,0.720,0.060,0.220
633000,0.726,0.067,0.206
633500,0.705,0.072,0.224
634000,0.737,0.069,0.193
634500,0.740,0.061,0.199
635000,0.729,0.078,0.193
635500,0.719,0.088,0.193
636000,0.734,0.070,0.195
636500,0.709,0.084,0.207
637000,0.728,0.078,0.194
637500,0.750,0.064,0.186
638000,0.737,0.079,0.184
638500,0.719,0.093,0.188
639000,0.681,0.097,0.222
639500,0.694,0.091,0.216
640000,0.696,0.082,0.223
640500,0.698,0.074,0.229
641000,0.682,0.062,0.255
641500,0.707,0.056,0.237
642000,0.689,0.056,0.254
642500,0.702,0.055,0.243
643000,0.750,0.052,0.198
643500,0.778,0.048,0.174
644000,0.781,0.052,0.166
644500,0.795,0.051,0.154
645000,0.794,0.058,0.148
645500,0.802,0.051,0.147
646000,0.804,0.054,0.142
646500,0.815,0.051,0.134
647000,0.799,0.051,0.150
647500,0.809,0.050,0.141
648000,0.814,0.049,0.137
648500,0.792,0.062,0.146
649000,0.782,0.066,0.151
649500,0.794,0.057,0.149
650000,0.797,0.062,0.141
650500,0.796,0.063,0.141
651000,0.797,0.065,0.138
651500,0.785,0.068,0.146
652000,0.770,0.077,0.153
652500,0.781,0.064,0.154
653000,0.787,0.063,0.150
653500,0.781,0.064,0.154
654000,0.814,0.055,0.131
654500,0.818,0.057,0.125
655000,0.818,0.060,0.122
655500,0.826,0.055,0.118
656000,0.834,0.052,0.114
656500,0.838,0.052,0.110
657000,0.832,0.050,0.117
657500,0.831,0.051,0.117
658000,0.843,0.048,0.109
658500,0.852,0.048,0.100
659000,0.849,0.046,0.105
659500,0.852,0.043,0.105
660000,0.844,0.046,0.110
660500,0.846,0.046,0.108
661000,0.851,0.045,0.104
661500,0.850,0.047,0.103
662000,0.852,0.049,0.099
662500,0.852,0.046,0.102
663000,0.855,0.042,0.103
663500,0.855,0.041,0.104
664000,0.864,0.038,0.098
664500,0.869,0.039,0.092
665000,0.871,0.036,0.093
665500,0.872,0.033,0.095
666000,0.874,0.033,0.093
666500,0.874,0.033,0.093
667000,0.874,0.033,0.093
667500,0.872,0.033,0.095
668000,0.875,0.032,0.093
668500,0.873,0.032,0.095
669000,0.876,0.033,0.091
669500,0.878,0.033,0.089
670000,0.876,0.035,0.089
670500,0.879,0.033,0.088
671000,0.877,0.032,0.091
671500,0.888,0.032,0.081
672000,0.876,0.031,0.093
672500,0.874,0.031,0.095
673000,0.880,0.031,0.089
673500,0.889,0.031,0.081
674000,0.889,0.031,0.081
674500,0.886,0.031,0.084
675000,0.889,0.031,0.081
675500,0.885,0.030,0.086
676000,0.895,0.030,0.076
676500,0.894,0.030,0.077
677000,0.887,0.039,0.075
677500,0.885,0.037,0.079
678000,0.883,0.035,0.083
678500,0.879,0.037,0.084
679000,0.871,0.036,0.093
679500,0.866,0.041,0.093
680000,0.872,0.037,0.091
680500,0.876,0.035,0.089
681000,0.876,0.037,0.087
681500,0.874,0.033,0.093
682000,0.880,0.033,0.087
682500,0.886,0.032,0.083
683000,0.878,0.033,0.089
683500,0.886,0.030,0.085
684000,0.889,0.029,0.083
684500,0.888,0.029,0.084
685000,0.896,0.028,0.077
685500,0.899,0.028,0.074
686000,0.901,0.028,0.072
686500,0.904,0.027,0.069
687000,0.899,0.027,0.075
687500,0.901,0.027,0.073
688000,0.903,0.027,0.070
688500,0.903,0.021,0.076
689000,0.905,0.021,0.074
689500,0.905,0.021,0.074
690000,0.906,0.021,0.073
690500,0.905,0.021,0.074
691000,0.906,0.021,0.073
691500,0.909,0.021,0.069
692000,0.910,0.021,0.068
692500,0.907,0.021,0.072
693000,0.904,0.021,0.075
693500,0.905,0.021,0.074
694000,0.905,0.023,0.072
694500,0.908,0.022,0.069
695000,0.904,0.022,0.074
695500,0.906,0.021,0.073
696000,0.906,0.021,0.073
696500,0.907,0.021,0.072
697000,0.910,0.021,0.068
697500,0.907,0.021,0.072
698000,0.903,0.023,0.074
698500,0.889,0.023,0.088
699000,0.884,0.022,0.094
699500,0.892,0.023,0.085
700000,0.898,0.022,0.080
700500,0.904,0.022,0.074
701000,0.907,0.022,0.070
701500,0.910,0.021,0.068
702000,0.910,0.022,0.067
702500,0.912,0.020,0.067
703000,0.909,0.019,0.072
703500,0.911,0.019,0.069
704000,0.912,0.019,0.068
704500,0.914,0.019,0.066
705000,0.915,0.019,0.065
705500,0.914,0.019,0.066
706000,0.914,0.019,0.066
706500,0.910,0.019,0.070
707000,0.911,0.021,0.067
707500,0.914,0.020,0.065
708000,0.912,0.020,0.067
708500,0.908,0.019,0.073
709000,0.906,0.019,0.075
709500,0.880,0.031,0.089
710000,0.883,0.028,0.090
710500,0.886,0.026,0.089
711000,0.876,0.039,0.085
711500,0.857,0.033,0.110
712000,0.859,0.031,0.110
712500,0.867,0.029,0.104
713000,0.870,0.022,0.107
713500,0.878,0.023,0.098
714000,0.884,0.023,0.093
714500,0.891,0.022,0.087
715000,0.893,0.026,0.082
715500,0.886,0.028,0.087
716000,0.894,0.021,0.085
716500,0.902,0.020,0.078
717000,0.903,0.020,0.077
717500,0.904,0.020,0.076
718000,0.906,0.020,0.074
718500,0.911,0.020,0.068
719000,0.912,0.020,0.067
719500,0.913,0.020,0.066
720000,0.914,0.020,0.065
720500,0.915,0.020,0.064
721000,0.922,0.019,0.058
721500,0.921,0.019,0.059
722000,0.922,0.019,0.058
722500,0.923,0.019,0.057
723000,0.923,0.019,0.057
723500,0.920,0.019,0.060
724000,0.915,0.020,0.064
724500,0.919,0.019,0.061
725000,0.901,0.019,0.080
725500,0.886,0.019,0.095
726000,0.876,0.019,0.104
726500,0.890,0.021,0.089
727000,0.887,0.029,0.085
727500,0.890,0.027,0.084
728000,0.875,0.028,0.097
728500,0.873,0.025,0.102
729000,0.869,0.033,0.098
729500,0.861,0.032,0.107
730000,0.856,0.044,0.100
730500,0.872,0.041,0.087
731000,0.865,0.041,0.094
731500,0.871,0.037,0.092
732000,0.861,0.034,0.105
732500,0.860,0.034,0.106
733000,0.865,0.036,0.099
733500,0.878,0.030,0.092
734000,0.888,0.028,0.085
734500,0.887,0.025,0.089
735000,0.898,0.021,0.081
735500,0.885,0.025,0.091
736000,0.895,0.023,0.082
736500,0.901,0.023,0.076
737000,0.905,0.022,0.073
737500,0.903,0.026,0.072
738000,0.890,0.034,0.077
738500,0.896,0.031,0.074
739000,0.893,0.030,0.078
739500,0.903,0.026,0.072
740000,0.905,0.026,0.069
740500,0.907,0.023,0.069
741000,0.906,0.023,0.070
741500,0.919,0.022,0.058
742000,0.920,0.022,0.057
742500,0.920,0.022,0.057
743000,0.921,0.022,0.056
743500,0.920,0.023,0.056
744000,0.922,0.023,0.054
744500,0.923,0.022,0.054
745000,0.925,0.022,0.052
745500,0.926,0.022,0.051
746000,0.927,0.022,0.050
746500,0.930,0.021,0.049
747000,0.930,0.020,0.050
747500,0.928,0.020,0.051
748000,0.927,0.019,0.053
748500,0.917,0.026,0.057
749000,0.920,0.022,0.057
749500,0.926,0.020,0.053
750000,0.927,0.020,0.052
750500,0.927,0.019,0.053
751000,0.928,0.019,0.052
751500,0.927,0.019,0.053
752000,0.927,0.019,0.053
752500,0.931,0.019,0.050
753000,0.932,0.019,0.049
753500,0.934,0.019,0.047
754000,0.934,0.019,0.047
754500,0.933,0.019,0.048
755000,0.933,0.019,0.048
755500,0.932,0.019,0.049
756000,0.930,0.019,0.051
756500,0.927,0.019,0.053
757000,0.926,0.019,0.054
757500,0.928,0.020,0.051
758000,0.927,0.019,0.053
758500,0.932,0.018,0.050
759000,0.931,0.018,0.051
759500,0.930,0.018,0.052
760000,0.933,0.018,0.049
760500,0.930,0.018,0.052
761000,0.932,0.018,0.050
761500,0.931,0.017,0.052
762000,0.932,0.017,0.051
762500,0.935,0.017,0.048
763000,0.936,0.017,0.047
763500,0.936,0.017,0.047
764000,0.936,0.017,0.047
764500,0.936,0.017,0.047
765000,0.936,0.017,0.047
765500,0.936,0.017,0.047
766000,0.937,0.017,0.046
766500,0.936,0.017,0.047
767000,0.938,0.016,0.046
767500,0.938,0.016,0.046
768000,0.935,0.016,0.049
768500,0.937,0.018,0.045
769000,0.937,0.018,0.045
769500,0.925,0.025,0.050
770000,0.924,0.022,0.053
770500,0.924,0.020,0.055
771000,0.925,0.018,0.056
771500,0.919,0.021,0.059
772000,0.915,0.020,0.064
772500,0.920,0.019,0.060
773000,0.921,0.019,0.059
773500,0.921,0.018,0.060
774000,0.911,0.019,0.069
774500,0.908,0.019,0.073
775000,0.899,0.033,0.068
775500,0.897,0.032,0.072
776000,0.892,0.023,0.085
776500,0.897,0.035,0.068
777000,0.901,0.026,0.074
777500,0.900,0.027,0.074
778000,0.912,0.021,0.066
778500,0.898,0.022,0.080
779000,0.898,0.017,0.085
779500,0.903,0.015,0.082
780000,0.918,0.014,0.067
780500,0.921,0.014,0.064
781000,0.922,0.014,0.063
781500,0.923,0.014,0.062
782000,0.924,0.014,0.061
782500,0.905,0.017,0.078
783000,0.897,0.019,0.084
783500,0.896,0.017,0.087
784000,0.911,0.021,0.067
784500,0.909,0.021,0.069
785000,0.913,0.017,0.069
785500,0.917,0.014,0.068
786000,0.921,0.014,0.064
786500,0.920,0.014,0.065
787000,0.921,0.014,0.064
787500,0.925,0.014,0.060
788000,0.930,0.014,0.056
788500,0.931,0.014,0.055
789000,0.931,0.014,0.055
789500,0.931,0.014,0.055
790000,0.909,0.035,0.056
790500,0.905,0.031,0.064
791000,0.920,0.016,0.063
791500,0.919,0.020,0.060
792000,0.921,0.017,0.061
792500,0.921,0.016,0.062
793000,0.922,0.016,0.061
793500,0.932,0.014,0.054
794000,0.934,0.014,0.052
794500,0.935,0.016,0.049
795000,0.933,0.015,0.052
795500,0.934,0.014,0.052
796000,0.932,0.014,0.054
796500,0.936,0.014,0.050
797000,0.932,0.014,0.054
797500,0.934,0.014,0.052
798000,0.941,0.014,0.045
798500,0.944,0.014,0.042
799000,0.942,0.013,0.045
799500,0.943,0.013,0.044
800000,0.943,0.013,0.044
800500,0.943,0.013,0.044
801000,0.942,0.013,0.045
801500,0.943,0.013,0.044
802000,0.945,0.013,0.042
802500,0.945,0.013,0.042
803000,0.946,0.013,0.041
803500,0.945,0.013,0.042
