time,n_A+p,n_B,n_AB
0,0.449,0.551,0.000
500,0.365,0.439,0.196
1000,0.317,0.379,0.304
1500,0.289,0.359,0.352
2000,0.276,0.335,0.389
2500,0.253,0.311,0.436
3000,0.257,0.292,0.450
3500,0.272,0.273,0.456
4000,0.258,0.275,0.467
4500,0.246,0.261,0.492
5000,0.255,0.248,0.496
5500,0.236,0.236,0.528
6000,0.222,0.238,0.540
6500,0.205,0.235,0.560
7000,0.199,0.235,0.566
7500,0.209,0.225,0.566
8000,0.199,0.223,0.578
8500,0.190,0.228,0.582
9000,0.188,0.220,0.592
9500,0.175,0.208,0.617
10000,0.183,0.198,0.619
10500,0.174,0.206,0.620
11000,0.169,0.204,0.627
11500,0.172,0.191,0.637
12000,0.169,0.184,0.648
12500,0.172,0.177,0.652
13000,0.184,0.176,0.640
13500,0.184,0.180,0.636
14000,0.179,0.200,0.621
14500,0.194,0.196,0.610
15000,0.178,0.191,0.631
15500,0.194,0.175,0.631
16000,0.178,0.183,0.639
16500,0.166,0.181,0.653
17000,0.166,0.181,0.653
17500,0.165,0.179,0.656
18000,0.156,0.187,0.657
18500,0.155,0.189,0.656
19000,0.149,0.189,0.662
19500,0.159,0.190,0.651
20000,0.165,0.194,0.640
20500,0.165,0.179,0.656
21000,0.164,0.168,0.668
21500,0.149,0.175,0.676
22000,0.159,0.173,0.668
22500,0.157,0.157,0.685
23000,0.150,0.168,0.682
23500,0.170,0.186,0.645
24000,0.154,0.191,0.655
24500,0.144,0.208,0.648
25000,0.147,0.203,0.650
25500,0.150,0.199,0.651
26000,0.148,0.194,0.658
26500,0.151,0.165,0.683
27000,0.153,0.168,0.679
27500,0.157,0.169,0.674
28000,0.147,0.159,0.694
28500,0.141,0.165,0.694
29000,0.148,0.159,0.693
29500,0.160,0.147,0.693
30000,0.143,0.152,0.705
30500,0.151,0.154,0.695
31000,0.164,0.159,0.676
31500,0.157,0.143,0.700
32000,0.159,0.142,0.699
32500,0.152,0.154,0.694
33000,0.156,0.143,0.701
33500,0.138,0.144,0.718
34000,0.132,0.147,0.721
34500,0.141,0.150,0.709
35000,0.136,0.143,0.721
35500,0.138,0.152,0.710
36000,0.158,0.144,0.698
36500,0.155,0.151,0.694
37000,0.140,0.157,0.703
37500,0.129,0.163,0.708
38000,0.131,0.145,0.724
38500,0.135,0.144,0.721
39000,0.136,0.156,0.708
39500,0.133,0.154,0.713
40000,0.147,0.151,0.702
40500,0.154,0.153,0.693
41000,0.138,0.149,0.713
41500,0.143,0.160,0.697
42000,0.131,0.149,0.720
42500,0.130,0.141,0.729
43000,0.132,0.154,0.714
43500,0.141,0.151,0.708
44000,0.153,0.143,0.704
44500,0.154,0.144,0.702
45000,0.150,0.156,0.694
45500,0.138,0.162,0.700
46000,0.161,0.151,0.687
46500,0.152,0.137,0.711
47000,0.141,0.136,0.723
47500,0.133,0.151,0.716
48000,0.135,0.156,0.709
48500,0.140,0.137,0.723
49000,0.131,0.151,0.718
49500,0.139,0.157,0.704
50000,0.133,0.150,0.717
50500,0.133,0.151,0.716
51000,0.124,0.148,0.728
51500,0.126,0.135,0.740
52000,0.139,0.136,0.725
52500,0.134,0.134,0.732
53000,0.124,0.144,0.732
53500,0.135,0.153,0.712
54000,0.111,0.153,0.735
54500,0.113,0.148,0.739
55000,0.115,0.152,0.732
55500,0.120,0.151,0.729
56000,0.115,0.151,0.733
56500,0.115,0.143,0.742
57000,0.115,0.133,0.752
57500,0.109,0.136,0.755
58000,0.111,0.142,0.747
58500,0.126,0.142,0.732
59000,0.134,0.145,0.721
59500,0.128,0.140,0.732
60000,0.122,0.151,0.727
60500,0.113,0.141,0.746
61000,0.128,0.138,0.734
61500,0.114,0.134,0.752
62000,0.100,0.130,0.770
62500,0.098,0.132,0.770
63000,0.099,0.141,0.760
63500,0.093,0.140,0.767
64000,0.129,0.123,0.749
64500,0.131,0.129,0.741
65000,0.123,0.126,0.752
65500,0.126,0.134,0.741
66000,0.117,0.131,0.752
66500,0.117,0.128,0.755
67000,0.117,0.132,0.751
67500,0.113,0.140,0.747
68000,0.122,0.139,0.740
68500,0.120,0.122,0.759
69000,0.107,0.125,0.768
69500,0.117,0.122,0.761
70000,0.128,0.116,0.756
70500,0.125,0.125,0.751
71000,0.112,0.142,0.746
71500,0.122,0.135,0.744
72000,0.113,0.142,0.745
72500,0.123,0.111,0.766
73000,0.118,0.122,0.760
73500,0.123,0.127,0.751
74000,0.125,0.125,0.751
74500,0.120,0.123,0.758
75000,0.112,0.124,0.764
75500,0.107,0.136,0.757
76000,0.109,0.139,0.752
76500,0.102,0.143,0.755
77000,0.105,0.141,0.754
77500,0.105,0.137,0.758
78000,0.111,0.138,0.751
78500,0.120,0.129,0.752
79000,0.110,0.143,0.747
79500,0.114,0.138,0.748
80000,0.133,0.131,0.736
80500,0.121,0.134,0.746
81000,0.127,0.128,0.746
81500,0.150,0.121,0.729
82000,0.150,0.121,0.729
82500,0.145,0.125,0.730
83000,0.141,0.138,0.721
83500,0.125,0.141,0.734
84000,0.122,0.136,0.743
84500,0.118,0.141,0.741
85000,0.121,0.133,0.747
85500,0.114,0.138,0.748
86000,0.114,0.134,0.752
86500,0.144,0.128,0.728
87000,0.141,0.142,0.717
87500,0.131,0.146,0.723
88000,0.128,0.147,0.725
88500,0.125,0.152,0.723
89000,0.115,0.143,0.742
89500,0.121,0.129,0.751
90000,0.114,0.134,0.752
90500,0.112,0.127,0.761
91000,0.104,0.124,0.772
91500,0.101,0.142,0.757
92000,0.094,0.138,0.768
92500,0.110,0.131,0.759
93000,0.102,0.127,0.771
93500,0.109,0.141,0.750
94000,0.098,0.143,0.759
94500,0.094,0.143,0.763
95000,0.091,0.148,0.761
95500,0.121,0.145,0.734
96000,0.120,0.132,0.749
96500,0.113,0.130,0.757
97000,0.113,0.132,0.755
97500,0.110,0.141,0.749
98000,0.103,0.140,0.757
98500,0.106,0.141,0.753
99000,0.094,0.135,0.771
99500,0.112,0.125,0.763
100000,0.101,0.129,0.770
100500,0.091,0.134,0.775
101000,0.097,0.145,0.758
101500,0.091,0.142,0.767
102000,0.091,0.135,0.774
102500,0.107,0.140,0.753
103000,0.099,0.137,0.764
103500,0.096,0.131,0.773
104000,0.087,0.124,0.790
104500,0.093,0.133,0.774
105000,0.085,0.126,0.790
105500,0.101,0.129,0.770
106000,0.114,0.121,0.765
106500,0.093,0.137,0.770
107000,0.098,0.129,0.773
107500,0.102,0.134,0.764
108000,0.093,0.131,0.776
108500,0.097,0.137,0.766
109000,0.089,0.133,0.778
109500,0.095,0.129,0.776
110000,0.103,0.127,0.770
110500,0.106,0.115,0.778
111000,0.098,0.128,0.774
111500,0.094,0.118,0.788
112000,0.089,0.134,0.777
112500,0.093,0.147,0.760
113000,0.092,0.150,0.758
113500,0.099,0.136,0.765
114000,0.096,0.141,0.763
114500,0.100,0.143,0.757
115000,0.107,0.124,0.769
115500,0.101,0.138,0.761
116000,0.102,0.143,0.755
116500,0.097,0.158,0.745
117000,0.103,0.152,0.745
117500,0.092,0.141,0.767
118000,0.086,0.133,0.781
118500,0.082,0.135,0.783
119000,0.085,0.135,0.780
119500,0.084,0.130,0.787
120000,0.081,0.132,0.788
120500,0.086,0.132,0.782
121000,0.105,0.122,0.773
121500,0.100,0.127,0.773
122000,0.089,0.128,0.783
122500,0.100,0.134,0.766
123000,0.099,0.125,0.776
123500,0.105,0.130,0.765
124000,0.108,0.142,0.750
124500,0.089,0.133,0.778
125000,0.092,0.142,0.766
125500,0.093,0.144,0.763
126000,0.090,0.147,0.763
126500,0.083,0.151,0.766
127000,0.089,0.145,0.766
127500,0.096,0.142,0.762
128000,0.108,0.141,0.751
128500,0.102,0.140,0.758
129000,0.118,0.132,0.750
129500,0.108,0.139,0.753
130000,0.111,0.129,0.760
130500,0.112,0.127,0.761
131000,0.102,0.135,0.763
131500,0.101,0.157,0.742
132000,0.096,0.153,0.751
132500,0.087,0.151,0.762
133000,0.093,0.141,0.766
133500,0.092,0.144,0.764
134000,0.095,0.141,0.764
134500,0.084,0.133,0.783
135000,0.094,0.121,0.785
135500,0.077,0.117,0.806
136000,0.085,0.126,0.790
136500,0.086,0.112,0.802
137000,0.094,0.124,0.782
137500,0.106,0.117,0.776
138000,0.092,0.129,0.779
138500,0.089,0.134,0.777
139000,0.091,0.124,0.785
139500,0.090,0.115,0.795
140000,0.089,0.117,0.794
140500,0.114,0.111,0.774
141000,0.108,0.126,0.766
141500,0.104,0.111,0.784
142000,0.095,0.108,0.797
142500,0.081,0.148,0.771
143000,0.076,0.151,0.773
143500,0.085,0.130,0.785
144000,0.078,0.145,0.777
144500,0.076,0.153,0.771
145000,0.070,0.152,0.777
145500,0.081,0.161,0.758
146000,0.081,0.156,0.763
146500,0.080,0.162,0.758
147000,0.080,0.152,0.768
147500,0.077,0.151,0.772
148000,0.068,0.135,0.797
148500,0.075,0.128,0.798
149000,0.079,0.126,0.796
149500,0.070,0.129,0.801
150000,0.075,0.139,0.787
150500,0.087,0.136,0.777
151000,0.079,0.128,0.794
151500,0.065,0.127,0.808
152000,0.082,0.116,0.802
152500,0.075,0.122,0.804
153000,0.081,0.122,0.798
153500,0.079,0.121,0.801
154000,0.083,0.114,0.803
154500,0.081,0.130,0.790
155000,0.080,0.120,0.801
155500,0.085,0.120,0.796
156000,0.085,0.114,0.801
156500,0.087,0.116,0.797
157000,0.103,0.122,0.775
157500,0.089,0.120,0.792
158000,0.092,0.118,0.790
158500,0.081,0.115,0.804
159000,0.082,0.112,0.806
159500,0.085,0.121,0.795
160000,0.104,0.107,0.789
160500,0.099,0.117,0.783
161000,0.085,0.116,0.799
161500,0.090,0.100,0.810
162000,0.078,0.104,0.818
162500,0.095,0.105,0.800
163000,0.093,0.114,0.793
163500,0.094,0.111,0.795
164000,0.082,0.123,0.796
164500,0.089,0.131,0.780
165000,0.085,0.121,0.795
165500,0.085,0.139,0.776
166000,0.088,0.141,0.771
166500,0.091,0.142,0.767
167000,0.091,0.131,0.778
167500,0.086,0.134,0.780
168000,0.081,0.132,0.788
168500,0.087,0.125,0.789
169000,0.083,0.118,0.799
169500,0.083,0.114,0.803
170000,0.079,0.114,0.807
170500,0.091,0.115,0.794
171000,0.089,0.118,0.793
171500,0.082,0.109,0.809
172000,0.084,0.104,0.812
172500,0.095,0.131,0.774
173000,0.100,0.124,0.776
173500,0.089,0.121,0.791
174000,0.091,0.134,0.775
174500,0.089,0.129,0.782
175000,0.103,0.116,0.780
175500,0.099,0.107,0.794
176000,0.102,0.122,0.776
176500,0.101,0.106,0.793
177000,0.114,0.105,0.780
177500,0.102,0.107,0.791
178000,0.112,0.121,0.767
178500,0.110,0.125,0.765
179000,0.107,0.114,0.778
179500,0.103,0.124,0.773
180000,0.103,0.127,0.770
180500,0.106,0.122,0.772
181000,0.084,0.124,0.793
181500,0.086,0.121,0.794
182000,0.096,0.113,0.791
182500,0.094,0.116,0.790
183000,0.096,0.107,0.797
183500,0.104,0.102,0.794
184000,0.094,0.112,0.794
184500,0.107,0.111,0.781
185000,0.114,0.115,0.770
185500,0.120,0.110,0.770
186000,0.092,0.129,0.779
186500,0.089,0.116,0.795
187000,0.081,0.102,0.817
187500,0.084,0.109,0.807
188000,0.084,0.115,0.801
188500,0.078,0.111,0.811
189000,0.080,0.117,0.803
189500,0.081,0.140,0.779
190000,0.080,0.132,0.789
190500,0.075,0.149,0.776
191000,0.074,0.142,0.784
191500,0.089,0.127,0.784
192000,0.095,0.122,0.783
192500,0.082,0.117,0.801
193000,0.087,0.128,0.785
193500,0.078,0.120,0.803
194000,0.086,0.121,0.794
194500,0.095,0.116,0.789
195000,0.097,0.131,0.772
195500,0.092,0.141,0.767
196000,0.085,0.125,0.791
196500,0.083,0.132,0.785
197000,0.074,0.123,0.804
197500,0.094,0.128,0.778
198000,0.085,0.148,0.767
198500,0.086,0.133,0.781
199000,0.089,0.121,0.791
199500,0.077,0.111,0.812
200000,0.079,0.114,0.807
200500,0.084,0.133,0.783
201000,0.085,0.125,0.791
201500,0.079,0.117,0.804
202000,0.082,0.107,0.811
202500,0.069,0.117,0.813
203000,0.082,0.137,0.781
203500,0.085,0.139,0.776
204000,0.094,0.125,0.781
204500,0.095,0.115,0.790
205000,0.097,0.110,0.793
205500,0.085,0.109,0.806
206000,0.101,0.105,0.794
206500,0.114,0.096,0.790
207000,0.100,0.107,0.793
207500,0.113,0.108,0.778
208000,0.098,0.102,0.800
208500,0.097,0.103,0.800
209000,0.099,0.115,0.785
209500,0.103,0.129,0.768
210000,0.091,0.121,0.789
210500,0.088,0.123,0.790
211000,0.093,0.129,0.778
211500,0.104,0.127,0.769
212000,0.109,0.116,0.774
212500,0.103,0.109,0.788
213000,0.097,0.117,0.785
213500,0.090,0.127,0.783
214000,0.087,0.126,0.788
214500,0.089,0.131,0.780
215000,0.081,0.126,0.794
215500,0.082,0.117,0.801
216000,0.082,0.120,0.799
216500,0.090,0.134,0.776
217000,0.120,0.113,0.767
217500,0.104,0.126,0.770
218000,0.101,0.123,0.776
218500,0.100,0.122,0.778
219000,0.098,0.110,0.792
219500,0.098,0.128,0.774
220000,0.086,0.132,0.782
220500,0.094,0.120,0.787
221000,0.079,0.106,0.815
221500,0.089,0.095,0.816
222000,0.085,0.101,0.814
222500,0.098,0.097,0.805
223000,0.107,0.096,0.797
223500,0.095,0.097,0.808
224000,0.088,0.106,0.806
224500,0.086,0.105,0.809
225000,0.081,0.098,0.821
225500,0.082,0.109,0.809
226000,0.095,0.109,0.796
226500,0.093,0.107,0.800
227000,0.095,0.115,0.790
227500,0.113,0.104,0.782
228000,0.100,0.116,0.783
228500,0.109,0.128,0.763
229000,0.107,0.112,0.780
229500,0.116,0.139,0.745
230000,0.107,0.134,0.759
230500,0.109,0.118,0.772
231000,0.106,0.109,0.784
231500,0.092,0.112,0.796
232000,0.094,0.111,0.795
232500,0.095,0.107,0.798
233000,0.091,0.123,0.787
233500,0.087,0.110,0.803
234000,0.089,0.115,0.796
234500,0.096,0.121,0.783
235000,0.097,0.121,0.782
235500,0.081,0.115,0.804
236000,0.098,0.112,0.790
236500,0.089,0.124,0.788
237000,0.080,0.118,0.802
237500,0.076,0.122,0.803
238000,0.082,0.129,0.790
238500,0.079,0.124,0.798
239000,0.084,0.136,0.780
239500,0.079,0.135,0.787
240000,0.082,0.139,0.779
240500,0.100,0.126,0.774
241000,0.080,0.120,0.801
241500,0.074,0.133,0.794
242000,0.070,0.148,0.781
242500,0.082,0.146,0.772
243000,0.085,0.146,0.769
243500,0.089,0.140,0.771
244000,0.092,0.141,0.767
244500,0.091,0.123,0.787
245000,0.088,0.127,0.785
245500,0.098,0.130,0.772
246000,0.114,0.117,0.768
246500,0.097,0.110,0.793
247000,0.112,0.105,0.782
247500,0.104,0.108,0.788
248000,0.104,0.098,0.798
248500,0.095,0.120,0.785
249000,0.098,0.115,0.787
249500,0.102,0.127,0.771
250000,0.113,0.117,0.769
250500,0.113,0.097,0.790
251000,0.105,0.112,0.782
251500,0.107,0.121,0.772
252000,0.113,0.126,0.761
252500,0.102,0.137,0.761
253000,0.104,0.123,0.773
253500,0.102,0.131,0.767
254000,0.103,0.122,0.775
254500,0.094,0.127,0.779
255000,0.083,0.118,0.799
255500,0.090,0.123,0.788
256000,0.083,0.111,0.806
256500,0.104,0.104,0.792
257000,0.089,0.125,0.787
257500,0.100,0.112,0.788
258000,0.099,0.107,0.794
258500,0.112,0.102,0.785
259000,0.107,0.113,0.779
259500,0.104,0.116,0.779
260000,0.106,0.129,0.765
260500,0.107,0.113,0.779
261000,0.106,0.118,0.775
261500,0.093,0.117,0.790
262000,0.103,0.108,0.789
262500,0.099,0.105,0.796
263000,0.115,0.109,0.775
263500,0.099,0.116,0.784
264000,0.102,0.105,0.793
264500,0.097,0.112,0.791
265000,0.096,0.110,0.794
265500,0.091,0.097,0.812
266000,0.083,0.102,0.815
266500,0.101,0.112,0.787
267000,0.107,0.106,0.787
267500,0.115,0.091,0.794
268000,0.110,0.092,0.798
268500,0.099,0.098,0.803
269000,0.094,0.109,0.797
269500,0.093,0.110,0.797
270000,0.077,0.112,0.811
270500,0.082,0.114,0.804
271000,0.083,0.135,0.782
271500,0.088,0.129,0.783
272000,0.082,0.129,0.790
272500,0.082,0.129,0.790
273000,0.077,0.130,0.794
273500,0.078,0.113,0.809
274000,0.076,0.107,0.817
274500,0.082,0.104,0.814
275000,0.083,0.104,0.813
275500,0.078,0.100,0.822
276000,0.077,0.096,0.827
276500,0.069,0.090,0.841
277000,0.084,0.108,0.808
277500,0.068,0.110,0.821
278000,0.067,0.105,0.827
278500,0.090,0.136,0.774
279000,0.093,0.123,0.784
279500,0.098,0.120,0.782
280000,0.110,0.120,0.770
280500,0.095,0.121,0.784
281000,0.118,0.103,0.778
281500,0.104,0.104,0.792
282000,0.101,0.100,0.799
282500,0.097,0.104,0.799
283000,0.096,0.104,0.800
283500,0.093,0.100,0.807
284000,0.096,0.101,0.803
284500,0.086,0.099,0.815
285000,0.089,0.099,0.812
285500,0.094,0.103,0.803
286000,0.120,0.106,0.774
286500,0.110,0.122,0.768
287000,0.097,0.117,0.785
287500,0.090,0.114,0.796
288000,0.078,0.109,0.813
288500,0.075,0.125,0.801
289000,0.088,0.125,0.788
289500,0.078,0.081,0.842
290000,0.080,0.088,0.832
290500,0.085,0.115,0.800
291000,0.085,0.113,0.802
291500,0.083,0.101,0.816
292000,0.078,0.110,0.812
292500,0.081,0.098,0.821
293000,0.089,0.096,0.815
293500,0.087,0.095,0.818
294000,0.082,0.091,0.827
294500,0.091,0.081,0.828
295000,0.082,0.088,0.830
295500,0.080,0.089,0.831
296000,0.093,0.095,0.812
296500,0.095,0.108,0.797
297000,0.100,0.101,0.799
297500,0.104,0.090,0.806
298000,0.098,0.089,0.813
298500,0.088,0.094,0.818
299000,0.101,0.089,0.810
299500,0.099,0.094,0.807
300000,0.093,0.086,0.821
300500,0.087,0.084,0.829
301000,0.139,0.090,0.771
301500,0.116,0.096,0.788
302000,0.103,0.105,0.792
302500,0.100,0.117,0.782
303000,0.091,0.100,0.809
303500,0.090,0.095,0.815
304000,0.085,0.097,0.818
304500,0.087,0.104,0.809
305000,0.082,0.118,0.800
305500,0.081,0.103,0.816
306000,0.086,0.105,0.809
306500,0.113,0.096,0.791
307000,0.105,0.104,0.791
307500,0.086,0.106,0.808
308000,0.086,0.092,0.822
308500,0.087,0.088,0.825
309000,0.088,0.106,0.806
309500,0.087,0.114,0.799
310000,0.100,0.106,0.794
310500,0.097,0.098,0.805
311000,0.116,0.095,0.789
311500,0.111,0.089,0.800
312000,0.132,0.086,0.782
312500,0.096,0.093,0.811
313000,0.100,0.089,0.811
313500,0.096,0.096,0.808
314000,0.086,0.101,0.813
314500,0.095,0.101,0.804
315000,0.102,0.096,0.802
315500,0.098,0.091,0.811
316000,0.101,0.103,0.796
316500,0.096,0.110,0.794
317000,0.089,0.105,0.806
317500,0.088,0.105,0.807
318000,0.074,0.114,0.812
318500,0.116,0.100,0.783
319000,0.107,0.099,0.794
319500,0.089,0.094,0.817
320000,0.091,0.093,0.816
320500,0.091,0.092,0.817
321000,0.096,0.097,0.807
321500,0.104,0.100,0.796
322000,0.115,0.090,0.795
322500,0.101,0.078,0.821
323000,0.103,0.077,0.820
323500,0.104,0.075,0.821
324000,0.107,0.079,0.814
324500,0.118,0.089,0.793
325000,0.135,0.092,0.773
325500,0.139,0.101,0.760
326000,0.138,0.098,0.764
326500,0.127,0.085,0.789
327000,0.102,0.099,0.799
327500,0.105,0.091,0.804
328000,0.093,0.099,0.808
328500,0.093,0.100,0.807
329000,0.105,0.094,0.801
329500,0.085,0.097,0.818
330000,0.085,0.108,0.807
330500,0.084,0.102,0.814
331000,0.085,0.100,0.815
331500,0.098,0.113,0.789
332000,0.090,0.114,0.796
332500,0.095,0.118,0.787
333000,0.087,0.113,0.800
333500,0.079,0.112,0.809
334000,0.076,0.105,0.819
334500,0.075,0.108,0.817
335000,0.088,0.114,0.798
335500,0.090,0.110,0.800
336000,0.080,0.112,0.808
336500,0.084,0.137,0.779
337000,0.101,0.146,0.753
337500,0.086,0.118,0.796
338000,0.085,0.115,0.800
338500,0.101,0.112,0.787
339000,0.103,0.109,0.788
339500,0.122,0.120,0.759
340000,0.112,0.105,0.782
340500,0.098,0.100,0.802
341000,0.095,0.089,0.816
341500,0.093,0.082,0.825
342000,0.097,0.089,0.814
342500,0.086,0.090,0.824
343000,0.088,0.093,0.819
343500,0.074,0.093,0.834
344000,0.075,0.097,0.828
344500,0.076,0.092,0.832
345000,0.082,0.135,0.783
345500,0.096,0.135,0.769
346000,0.093,0.131,0.776
346500,0.078,0.129,0.794
347000,0.092,0.132,0.776
347500,0.085,0.143,0.772
348000,0.082,0.136,0.782
348500,0.084,0.126,0.791
349000,0.080,0.130,0.791
349500,0.085,0.127,0.789
350000,0.089,0.100,0.811
350500,0.086,0.106,0.808
351000,0.098,0.106,0.796
351500,0.078,0.117,0.805
352000,0.088,0.131,0.781
352500,0.080,0.129,0.792
353000,0.085,0.116,0.799
353500,0.083,0.111,0.806
354000,0.113,0.087,0.800
354500,0.108,0.102,0.790
355000,0.113,0.098,0.789
355500,0.104,0.100,0.796
356000,0.101,0.095,0.804
356500,0.116,0.087,0.797
357000,0.110,0.094,0.796
357500,0.098,0.089,0.813
358000,0.092,0.090,0.818
358500,0.093,0.098,0.809
359000,0.111,0.100,0.789
359500,0.102,0.113,0.784
360000,0.103,0.106,0.791
360500,0.102,0.086,0.812
361000,0.112,0.087,0.801
361500,0.098,0.091,0.811
362000,0.096,0.085,0.819
362500,0.079,0.088,0.834
363000,0.081,0.087,0.832
363500,0.099,0.089,0.812
364000,0.096,0.091,0.813
364500,0.087,0.090,0.823
365000,0.077,0.096,0.827
365500,0.092,0.099,0.809
366000,0.085,0.104,0.811
366500,0.085,0.113,0.802
367000,0.085,0.107,0.808
367500,0.080,0.090,0.830
368000,0.081,0.089,0.830
368500,0.091,0.094,0.815
369000,0.094,0.099,0.807
369500,0.096,0.099,0.805
370000,0.070,0.099,0.830
370500,0.084,0.095,0.821
371000,0.081,0.101,0.818
371500,0.083,0.108,0.809
372000,0.066,0.112,0.821
372500,0.073,0.093,0.835
373000,0.067,0.101,0.831
373500,0.061,0.114,0.824
374000,0.062,0.118,0.819
374500,0.082,0.117,0.801
375000,0.076,0.110,0.814
375500,0.081,0.102,0.817
376000,0.081,0.106,0.813
376500,0.085,0.110,0.805
377000,0.102,0.091,0.807
377500,0.102,0.108,0.790
378000,0.078,0.109,0.813
378500,0.075,0.118,0.807
379000,0.081,0.103,0.816
379500,0.084,0.104,0.812
380000,0.076,0.106,0.818
380500,0.073,0.115,0.812
381000,0.068,0.108,0.823
381500,0.076,0.102,0.822
382000,0.088,0.090,0.822
382500,0.093,0.102,0.805
383000,0.092,0.094,0.814
383500,0.081,0.095,0.824
384000,0.073,0.084,0.844
384500,0.065,0.093,0.842
385000,0.072,0.096,0.832
385500,0.085,0.087,0.828
386000,0.080,0.081,0.840
386500,0.087,0.091,0.822
387000,0.094,0.080,0.826
387500,0.087,0.074,0.840
388000,0.077,0.075,0.849
388500,0.073,0.074,0.854
389000,0.067,0.100,0.832
389500,0.075,0.100,0.825
390000,0.084,0.087,0.829
390500,0.107,0.080,0.813
391000,0.092,0.088,0.820
391500,0.093,0.092,0.815
392000,0.096,0.090,0.814
392500,0.098,0.089,0.813
393000,0.084,0.094,0.822
393500,0.089,0.089,0.822
394000,0.093,0.077,0.830
394500,0.079,0.076,0.846
395000,0.084,0.084,0.832
395500,0.104,0.098,0.798
396000,0.108,0.088,0.804
396500,0.103,0.095,0.802
397000,0.093,0.087,0.820
397500,0.093,0.090,0.817
398000,0.088,0.084,0.828
398500,0.076,0.102,0.822
399000,0.093,0.094,0.813
399500,0.089,0.097,0.814
400000,0.090,0.108,0.802
400500,0.096,0.117,0.787
401000,0.099,0.110,0.791
401500,0.105,0.107,0.788
402000,0.106,0.095,0.799
402500,0.106,0.093,0.801
403000,0.092,0.084,0.824
403500,0.084,0.089,0.827
404000,0.078,0.097,0.825
404500,0.094,0.110,0.796
405000,0.093,0.090,0.817
405500,0.100,0.083,0.817
406000,0.101,0.084,0.815
406500,0.094,0.076,0.830
407000,0.090,0.073,0.838
407500,0.115,0.080,0.805
408000,0.109,0.066,0.824
408500,0.105,0.079,0.816
409000,0.100,0.069,0.830
409500,0.097,0.077,0.826
410000,0.102,0.078,0.820
410500,0.095,0.092,0.813
411000,0.088,0.095,0.817
411500,0.093,0.091,0.816
412000,0.086,0.110,0.804
412500,0.095,0.106,0.799
413000,0.083,0.105,0.812
413500,0.087,0.099,0.814
414000,0.089,0.109,0.802
414500,0.084,0.111,0.805
415000,0.094,0.109,0.797
415500,0.095,0.130,0.775
416000,0.090,0.118,0.792
416500,0.102,0.107,0.791
417000,0.101,0.102,0.797
417500,0.086,0.094,0.820
418000,0.091,0.101,0.808
418500,0.092,0.096,0.812
419000,0.116,0.092,0.792
419500,0.100,0.085,0.815
420000,0.088,0.093,0.819
420500,0.089,0.097,0.814
421000,0.087,0.095,0.818
421500,0.089,0.088,0.823
422000,0.091,0.081,0.828
422500,0.088,0.077,0.836
423000,0.080,0.096,0.824
423500,0.089,0.094,0.817
424000,0.101,0.085,0.814
424500,0.093,0.101,0.806
425000,0.099,0.093,0.808
425500,0.107,0.096,0.797
426000,0.093,0.099,0.808
426500,0.079,0.115,0.806
427000,0.081,0.108,0.811
427500,0.086,0.107,0.807
428000,0.089,0.097,0.814
428500,0.102,0.093,0.805
429000,0.092,0.108,0.800
429500,0.103,0.104,0.793
430000,0.106,0.110,0.783
430500,0.094,0.117,0.789
431000,0.108,0.099,0.793
431500,0.101,0.098,0.801
432000,0.125,0.091,0.784
432500,0.116,0.089,0.795
433000,0.110,0.095,0.795
433500,0.110,0.085,0.805
434000,0.124,0.095,0.781
434500,0.106,0.104,0.790
435000,0.111,0.102,0.787
435500,0.094,0.099,0.807
436000,0.094,0.098,0.808
436500,0.082,0.090,0.828
437000,0.077,0.108,0.815
437500,0.084,0.104,0.812
438000,0.091,0.091,0.818
438500,0.095,0.114,0.791
439000,0.101,0.097,0.802
439500,0.092,0.086,0.822
440000,0.096,0.082,0.822
440500,0.094,0.085,0.821
441000,0.107,0.084,0.809
441500,0.106,0.083,0.811
442000,0.101,0.082,0.817
442500,0.097,0.084,0.819
443000,0.091,0.076,0.834
443500,0.078,0.094,0.828
444000,0.111,0.088,0.801
444500,0.095,0.079,0.826
445000,0.092,0.075,0.834
445500,0.092,0.078,0.830
446000,0.099,0.083,0.818
446500,0.086,0.085,0.829
447000,0.080,0.094,0.826
447500,0.087,0.110,0.803
448000,0.077,0.122,0.802
448500,0.073,0.113,0.814
449000,0.083,0.112,0.805
449500,0.076,0.125,0.800
450000,0.095,0.107,0.798
450500,0.097,0.106,0.797
451000,0.081,0.115,0.804
451500,0.069,0.126,0.805
452000,0.067,0.124,0.809
452500,0.073,0.116,0.811
453000,0.084,0.108,0.808
453500,0.084,0.105,0.811
454000,0.081,0.099,0.820
454500,0.072,0.101,0.827
455000,0.073,0.089,0.839
455500,0.068,0.086,0.846
456000,0.076,0.091,0.834
456500,0.075,0.094,0.831
457000,0.074,0.091,0.836
457500,0.097,0.090,0.813
458000,0.100,0.078,0.822
458500,0.081,0.095,0.824
459000,0.081,0.092,0.827
459500,0.088,0.080,0.832
460000,0.088,0.092,0.820
460500,0.092,0.094,0.814
461000,0.085,0.098,0.817
461500,0.099,0.095,0.806
462000,0.107,0.105,0.788
462500,0.106,0.094,0.800
463000,0.096,0.105,0.799
463500,0.093,0.099,0.808
464000,0.089,0.095,0.816
464500,0.096,0.101,0.803
465000,0.099,0.106,0.795
465500,0.087,0.130,0.783
466000,0.093,0.120,0.788
466500,0.089,0.106,0.805
467000,0.092,0.099,0.809
467500,0.091,0.095,0.814
468000,0.095,0.103,0.802
468500,0.096,0.106,0.798
469000,0.090,0.094,0.816
469500,0.094,0.103,0.803
470000,0.083,0.106,0.811
470500,0.086,0.112,0.802
471000,0.093,0.103,0.804
471500,0.092,0.102,0.806
472000,0.089,0.113,0.798
472500,0.080,0.109,0.811
473000,0.084,0.100,0.816
473500,0.079,0.100,0.821
474000,0.073,0.098,0.829
474500,0.077,0.097,0.826
475000,0.082,0.112,0.806
475500,0.093,0.121,0.787
476000,0.091,0.123,0.787
476500,0.089,0.116,0.795
477000,0.088,0.141,0.771
477500,0.079,0.122,0.800
478000,0.073,0.132,0.796
478500,0.076,0.131,0.794
479000,0.083,0.108,0.809
479500,0.105,0.100,0.795
480000,0.109,0.115,0.775
480500,0.091,0.126,0.783
481000,0.068,0.144,0.788
481500,0.089,0.129,0.782
482000,0.090,0.143,0.767
482500,0.091,0.132,0.777
483000,0.084,0.117,0.799
483500,0.074,0.121,0.806
484000,0.080,0.113,0.807
484500,0.094,0.096,0.810
485000,0.090,0.093,0.817
485500,0.092,0.105,0.803
486000,0.094,0.105,0.801
486500,0.100,0.111,0.789
487000,0.091,0.109,0.800
487500,0.083,0.111,0.806
488000,0.089,0.139,0.772
488500,0.079,0.147,0.774
489000,0.087,0.129,0.784
489500,0.093,0.112,0.795
490000,0.095,0.117,0.788
490500,0.100,0.123,0.777
491000,0.099,0.106,0.795
491500,0.089,0.103,0.808
492000,0.093,0.098,0.809
492500,0.090,0.093,0.817
493000,0.100,0.100,0.800
493500,0.091,0.087,0.822
494000,0.090,0.115,0.795
494500,0.092,0.112,0.796
495000,0.080,0.123,0.798
495500,0.085,0.118,0.797
496000,0.082,0.123,0.796
496500,0.080,0.115,0.805
497000,0.073,0.114,0.813
497500,0.090,0.113,0.797
498000,0.076,0.121,0.804
498500,0.087,0.104,0.809
499000,0.083,0.100,0.817
499500,0.091,0.096,0.813
500000,0.087,0.098,0.815
500500,0.090,0.093,0.817
501000,0.091,0.093,0.816
501500,0.099,0.109,0.792
502000,0.099,0.103,0.798
502500,0.083,0.115,0.802
503000,0.102,0.104,0.794
503500,0.107,0.098,0.795
504000,0.094,0.108,0.798
504500,0.088,0.087,0.825
505000,0.093,0.111,0.796
505500,0.103,0.110,0.787
506000,0.095,0.103,0.802
506500,0.102,0.083,0.815
507000,0.098,0.075,0.827
507500,0.096,0.098,0.806
508000,0.099,0.103,0.798
508500,0.092,0.090,0.818
509000,0.080,0.097,0.823
509500,0.091,0.108,0.801
510000,0.090,0.099,0.811
510500,0.123,0.102,0.775
511000,0.123,0.095,0.782
511500,0.120,0.100,0.780
512000,0.104,0.102,0.794
512500,0.110,0.104,0.785
513000,0.102,0.088,0.810
513500,0.090,0.090,0.820
514000,0.091,0.089,0.820
514500,0.090,0.083,0.827
515000,0.085,0.084,0.831
515500,0.076,0.094,0.830
516000,0.069,0.088,0.843
516500,0.069,0.086,0.845
517000,0.072,0.089,0.840
517500,0.061,0.087,0.852
518000,0.069,0.089,0.842
518500,0.076,0.082,0.843
519000,0.073,0.080,0.848
519500,0.075,0.096,0.829
520000,0.076,0.114,0.810
520500,0.088,0.108,0.804
521000,0.081,0.108,0.811
521500,0.081,0.098,0.821
522000,0.077,0.092,0.831
522500,0.099,0.096,0.805
523000,0.106,0.098,0.796
523500,0.091,0.095,0.814
524000,0.095,0.093,0.812
524500,0.078,0.094,0.828
525000,0.085,0.088,0.827
525500,0.088,0.114,0.798
526000,0.078,0.105,0.817
526500,0.099,0.095,0.806
527000,0.096,0.098,0.806
527500,0.094,0.092,0.814
528000,0.083,0.114,0.803
528500,0.085,0.120,0.796
529000,0.093,0.098,0.809
529500,0.089,0.093,0.818
530000,0.094,0.103,0.803
530500,0.075,0.113,0.812
531000,0.078,0.116,0.806
531500,0.085,0.112,0.803
532000,0.088,0.115,0.797
532500,0.089,0.101,0.810
533000,0.101,0.095,0.804
533500,0.091,0.103,0.806
534000,0.087,0.092,0.821
534500,0.109,0.092,0.799
535000,0.093,0.093,0.814
535500,0.092,0.098,0.810
536000,0.080,0.101,0.819
536500,0.079,0.094,0.827
537000,0.073,0.098,0.829
537500,0.068,0.100,0.831
538000,0.084,0.100,0.816
538500,0.078,0.095,0.827
539000,0.080,0.101,0.819
539500,0.085,0.097,0.818
540000,0.098,0.096,0.806
540500,0.082,0.100,0.818
541000,0.067,0.105,0.827
541500,0.067,0.095,0.838
542000,0.063,0.112,0.824
542500,0.072,0.108,0.820
543000,0.060,0.103,0.837
543500,0.059,0.086,0.855
544000,0.069,0.110,0.820
544500,0.072,0.113,0.815
545000,0.075,0.125,0.801
545500,0.076,0.114,0.810
546000,0.066,0.120,0.814
546500,0.078,0.115,0.807
547000,0.072,0.123,0.806
547500,0.066,0.129,0.805
548000,0.077,0.122,0.802
548500,0.074,0.117,0.809
549000,0.082,0.108,0.810
549500,0.081,0.105,0.814
550000,0.083,0.089,0.828
550500,0.087,0.086,0.827
551000,0.079,0.069,0.852
551500,0.064,0.078,0.858
552000,0.083,0.073,0.845
552500,0.090,0.075,0.836
553000,0.089,0.076,0.836
553500,0.073,0.072,0.856
554000,0.077,0.081,0.843
554500,0.080,0.077,0.844
555000,0.093,0.074,0.834
555500,0.085,0.100,0.815
556000,0.078,0.105,0.817
556500,0.076,0.105,0.819
557000,0.069,0.110,0.820
557500,0.064,0.105,0.830
558000,0.070,0.108,0.821
558500,0.084,0.096,0.820
559000,0.079,0.097,0.824
559500,0.094,0.095,0.811
560000,0.095,0.090,0.815
560500,0.092,0.098,0.810
561000,0.093,0.116,0.791
561500,0.095,0.102,0.803
562000,0.132,0.096,0.772
562500,0.105,0.089,0.806
563000,0.096,0.085,0.819
563500,0.109,0.086,0.805
564000,0.095,0.083,0.822
564500,0.099,0.078,0.823
565000,0.098,0.081,0.821
565500,0.084,0.080,0.837
566000,0.095,0.093,0.812
566500,0.094,0.080,0.826
567000,0.090,0.087,0.823
567500,0.087,0.084,0.829
568000,0.091,0.104,0.805
568500,0.085,0.085,0.830
569000,0.088,0.093,0.819
569500,0.081,0.095,0.824
570000,0.085,0.087,0.828
570500,0.084,0.101,0.815
571000,0.069,0.093,0.838
571500,0.070,0.094,0.836
572000,0.079,0.089,0.832
572500,0.084,0.087,0.829
573000,0.100,0.107,0.793
573500,0.094,0.107,0.799
574000,0.092,0.101,0.807
574500,0.083,0.101,0.816
575000,0.102,0.095,0.803
575500,0.068,0.101,0.830
576000,0.081,0.093,0.826
576500,0.087,0.089,0.824
577000,0.093,0.090,0.817
577500,0.091,0.087,0.822
578000,0.095,0.098,0.807
578500,0.094,0.104,0.802
579000,0.072,0.092,0.837
579500,0.077,0.100,0.823
580000,0.097,0.093,0.810
580500,0.096,0.094,0.810
581000,0.098,0.082,0.820
581500,0.090,0.084,0.826
582000,0.089,0.080,0.831
582500,0.086,0.085,0.829
583000,0.097,0.080,0.823
583500,0.080,0.074,0.847
584000,0.082,0.077,0.842
584500,0.093,0.079,0.828
585000,0.102,0.079,0.819
585500,0.100,0.076,0.824
586000,0.085,0.078,0.838
586500,0.086,0.077,0.838
587000,0.102,0.078,0.820
587500,0.091,0.076,0.834
588000,0.080,0.077,0.844
588500,0.078,0.090,0.832
589000,0.075,0.086,0.840
589500,0.088,0.079,0.834
590000,0.087,0.089,0.824
590500,0.089,0.084,0.827
591000,0.103,0.085,0.812
591500,0.089,0.082,0.829
592000,0.091,0.089,0.820
592500,0.080,0.083,0.838
593000,0.070,0.088,0.842
593500,0.084,0.092,0.824
594000,0.087,0.091,0.822
594500,0.085,0.080,0.836
595000,0.096,0.070,0.834
595500,0.117,0.108,0.774
596000,0.107,0.102,0.791
596500,0.102,0.106,0.792
597000,0.098,0.107,0.795
597500,0.111,0.089,0.800
598000,0.108,0.100,0.792
598500,0.093,0.100,0.807
599000,0.087,0.087,0.826
599500,0.093,0.080,0.827
600000,0.091,0.090,0.819
600500,0.088,0.093,0.819
601000,0.090,0.107,0.803
601500,0.098,0.086,0.816
602000,0.084,0.077,0.840
602500,0.085,0.082,0.834
603000,0.085,0.091,0.824
603500,0.076,0.122,0.803
604000,0.073,0.107,0.820
604500,0.088,0.111,0.801
605000,0.087,0.103,0.810
605500,0.086,0.102,0.812
606000,0.104,0.089,0.807
606500,0.092,0.089,0.819
607000,0.103,0.080,0.817
607500,0.105,0.084,0.811
608000,0.099,0.088,0.813
608500,0.102,0.092,0.806
609000,0.096,0.096,0.808
609500,0.101,0.096,0.803
610000,0.100,0.091,0.809
610500,0.092,0.106,0.802
611000,0.100,0.100,0.800
611500,0.106,0.098,0.796
612000,0.097,0.094,0.809
612500,0.094,0.088,0.818
613000,0.083,0.105,0.812
613500,0.082,0.103,0.815
614000,0.085,0.098,0.817
614500,0.073,0.104,0.823
615000,0.113,0.095,0.792
615500,0.100,0.083,0.817
616000,0.088,0.084,0.828
616500,0.105,0.070,0.824
617000,0.106,0.081,0.813
617500,0.092,0.077,0.831
618000,0.084,0.093,0.823
618500,0.081,0.090,0.829
619000,0.090,0.101,0.809
619500,0.099,0.098,0.803
620000,0.091,0.088,0.821
620500,0.085,0.073,0.843
621000,0.084,0.073,0.844
621500,0.086,0.075,0.840
622000,0.084,0.068,0.848
622500,0.108,0.072,0.820
623000,0.105,0.068,0.826
623500,0.113,0.065,0.821
624000,0.093,0.077,0.830
624500,0.091,0.076,0.834
625000,0.085,0.087,0.828
625500,0.089,0.083,0.828
626000,0.097,0.079,0.824
626500,0.097,0.070,0.832
627000,0.079,0.086,0.836
627500,0.078,0.080,0.843
628000,0.080,0.063,0.857
628500,0.101,0.075,0.824
629000,0.097,0.070,0.832
629500,0.088,0.076,0.837
630000,0.101,0.068,0.830
630500,0.091,0.088,0.821
631000,0.083,0.099,0.818
631500,0.072,0.099,0.829
632000,0.076,0.090,0.835
632500,0.063,0.094,0.843
633000,0.078,0.092,0.830
633500,0.075,0.090,0.836
634000,0.080,0.072,0.849
634500,0.089,0.070,0.841
635000,0.098,0.073,0.829
635500,0.086,0.096,0.818
636000,0.091,0.081,0.828
636500,0.096,0.089,0.815
637000,0.100,0.066,0.834
637500,0.107,0.058,0.835
638000,0.122,0.061,0.817
638500,0.102,0.063,0.835
639000,0.089,0.076,0.836
639500,0.093,0.083,0.824
640000,0.090,0.092,0.818
640500,0.070,0.093,0.837
641000,0.075,0.095,0.830
641500,0.099,0.089,0.812
642000,0.099,0.083,0.818
642500,0.080,0.096,0.824
643000,0.073,0.092,0.836
643500,0.072,0.085,0.844
644000,0.069,0.088,0.843
644500,0.077,0.110,0.813
645000,0.069,0.099,0.831
645500,0.059,0.109,0.831
646000,0.074,0.099,0.827
646500,0.088,0.085,0.827
647000,0.079,0.112,0.809
647500,0.080,0.106,0.814
648000,0.098,0.099,0.803
648500,0.095,0.109,0.796
649000,0.090,0.098,0.812
649500,0.082,0.088,0.830
650000,0.084,0.087,0.829
650500,0.061,0.086,0.853
651000,0.063,0.092,0.845
651500,0.073,0.096,0.831
652000,0.073,0.104,0.823
652500,0.082,0.104,0.814
653000,0.084,0.094,0.822
653500,0.073,0.092,0.836
654000,0.083,0.094,0.823
654500,0.084,0.102,0.814
655000,0.079,0.100,0.821
655500,0.105,0.103,0.792
656000,0.094,0.098,0.808
656500,0.100,0.100,0.800
657000,0.090,0.107,0.803
657500,0.109,0.092,0.799
658000,0.111,0.085,0.804
658500,0.099,0.090,0.811
659000,0.098,0.094,0.808
659500,0.086,0.096,0.818
660000,0.094,0.096,0.810
660500,0.083,0.110,0.807
661000,0.085,0.105,0.810
661500,0.084,0.093,0.823
662000,0.087,0.088,0.825
662500,0.090,0.083,0.827
663000,0.084,0.115,0.801
663500,0.086,0.112,0.802
664000,0.083,0.099,0.818
664500,0.064,0.088,0.848
665000,0.078,0.095,0.827
665500,0.086,0.091,0.823
666000,0.079,0.091,0.830
666500,0.080,0.099,0.821
667000,0.063,0.114,0.822
667500,0.073,0.094,0.834
668000,0.078,0.097,0.825
668500,0.072,0.114,0.814
669000,0.073,0.104,0.823
669500,0.087,0.097,0.816
670000,0.086,0.092,0.822
670500,0.082,0.094,0.824
671000,0.091,0.096,0.813
671500,0.091,0.085,0.824
672000,0.091,0.076,0.834
672500,0.078,0.089,0.834
673000,0.087,0.086,0.827
673500,0.093,0.087,0.820
674000,0.092,0.100,0.808
674500,0.089,0.088,0.823
675000,0.093,0.083,0.824
675500,0.087,0.086,0.827
676000,0.084,0.081,0.836
676500,0.079,0.080,0.842
677000,0.087,0.080,0.834
677500,0.069,0.097,0.834
678000,0.084,0.099,0.817
678500,0.083,0.090,0.827
679000,0.095,0.091,0.814
679500,0.093,0.092,0.815
680000,0.085,0.084,0.831
680500,0.074,0.096,0.830
681000,0.073,0.089,0.839
681500,0.069,0.076,0.855
682000,0.066,0.095,0.839
682500,0.068,0.095,0.837
683000,0.085,0.104,0.811
683500,0.080,0.110,0.810
684000,0.082,0.099,0.819
684500,0.081,0.094,0.825
685000,0.093,0.091,0.816
685500,0.081,0.097,0.822
686000,0.080,0.107,0.813
686500,0.082,0.087,0.831
687000,0.079,0.093,0.828
687500,0.092,0.097,0.811
688000,0.086,0.099,0.815
688500,0.078,0.091,0.831
689000,0.083,0.087,0.830
689500,0.085,0.092,0.823
690000,0.084,0.097,0.819
690500,0.087,0.099,0.814
691000,0.086,0.084,0.830
691500,0.086,0.079,0.836
692000,0.096,0.074,0.830
692500,0.097,0.069,0.834
693000,0.089,0.083,0.828
693500,0.093,0.076,0.831
694000,0.100,0.077,0.823
694500,0.102,0.086,0.812
695000,0.090,0.092,0.818
695500,0.089,0.081,0.830
696000,0.080,0.095,0.825
696500,0.075,0.084,0.842
697000,0.089,0.091,0.820
697500,0.092,0.077,0.831
698000,0.068,0.080,0.852
698500,0.072,0.100,0.828
699000,0.069,0.094,0.837
699500,0.072,0.096,0.832
700000,0.069,0.085,0.846
700500,0.066,0.084,0.850
701000,0.059,0.091,0.850
701500,0.059,0.082,0.859
702000,0.068,0.090,0.842
702500,0.091,0.097,0.812
703000,0.106,0.082,0.812
703500,0.101,0.077,0.822
704000,0.093,0.075,0.832
704500,0.089,0.079,0.832
705000,0.080,0.076,0.845
705500,0.073,0.095,0.832
706000,0.068,0.095,0.837
706500,0.074,0.085,0.842
707000,0.073,0.097,0.830
707500,0.086,0.094,0.820
708000,0.081,0.091,0.828
708500,0.077,0.091,0.832
709000,0.077,0.089,0.835
709500,0.078,0.083,0.840
710000,0.072,0.084,0.845
710500,0.087,0.076,0.838
711000,0.075,0.093,0.832
711500,0.079,0.081,0.841
712000,0.062,0.079,0.859
712500,0.064,0.082,0.854
713000,0.084,0.084,0.832
713500,0.093,0.090,0.817
714000,0.092,0.094,0.814
714500,0.091,0.082,0.827
715000,0.087,0.087,0.826
715500,0.075,0.092,0.834
716000,0.079,0.080,0.842
716500,0.074,0.073,0.854
717000,0.067,0.080,0.853
717500,0.068,0.077,0.855
718000,0.065,0.096,0.839
718500,0.064,0.097,0.839
719000,0.083,0.082,0.836
719500,0.087,0.085,0.828
720000,0.069,0.078,0.853
720500,0.076,0.084,0.841
721000,0.085,0.086,0.829
721500,0.074,0.090,0.837
722000,0.107,0.092,0.801
722500,0.101,0.095,0.804
723000,0.106,0.084,0.810
723500,0.099,0.086,0.815
724000,0.092,0.080,0.828
724500,0.100,0.082,0.818
725000,0.076,0.087,0.838
725500,0.076,0.091,0.834
726000,0.065,0.098,0.837
726500,0.062,0.115,0.822
727000,0.077,0.102,0.821
727500,0.091,0.096,0.813
728000,0.088,0.088,0.824
728500,0.089,0.094,0.817
729000,0.100,0.081,0.819
729500,0.082,0.075,0.844
730000,0.076,0.079,0.846
730500,0.093,0.069,0.838
731000,0.085,0.083,0.832
731500,0.083,0.086,0.831
732000,0.083,0.087,0.830
732500,0.088,0.086,0.826
733000,0.089,0.093,0.818
733500,0.085,0.089,0.826
734000,0.090,0.081,0.829
734500,0.101,0.083,0.816
735000,0.092,0.076,0.832
735500,0.101,0.093,0.806
736000,0.085,0.089,0.826
736500,0.097,0.076,0.827
737000,0.077,0.090,0.834
737500,0.085,0.089,0.826
738000,0.079,0.095,0.826
738500,0.080,0.085,0.836
739000,0.074,0.083,0.844
739500,0.076,0.077,0.848
740000,0.090,0.085,0.825
740500,0.090,0.101,0.809
741000,0.098,0.107,0.795
741500,0.091,0.098,0.811
742000,0.095,0.093,0.812
742500,0.092,0.086,0.822
743000,0.097,0.091,0.812
743500,0.092,0.094,0.814
744000,0.084,0.106,0.810
744500,0.085,0.089,0.826
745000,0.088,0.085,0.827
745500,0.092,0.072,0.837
746000,0.086,0.081,0.834
746500,0.092,0.080,0.828
747000,0.125,0.079,0.797
747500,0.100,0.074,0.826
748000,0.098,0.079,0.823
748500,0.097,0.069,0.834
749000,0.087,0.100,0.813
749500,0.091,0.093,0.816
750000,0.093,0.098,0.809
750500,0.093,0.111,0.796
751000,0.096,0.103,0.801
751500,0.091,0.088,0.821
752000,0.087,0.088,0.825
752500,0.093,0.081,0.826
753000,0.106,0.080,0.814
753500,0.125,0.076,0.800
754000,0.111,0.074,0.815
754500,0.096,0.085,0.819
755000,0.087,0.090,0.823
755500,0.088,0.087,0.825
756000,0.112,0.086,0.802
756500,0.097,0.090,0.813
757000,0.076,0.083,0.842
757500,0.087,0.078,0.836
758000,0.084,0.074,0.843
758500,0.074,0.072,0.855
759000,0.079,0.069,0.852
759500,0.064,0.065,0.870
760000,0.083,0.063,0.854
760500,0.076,0.072,0.853
761000,0.080,0.062,0.858
761500,0.086,0.069,0.845
762000,0.093,0.080,0.827
762500,0.092,0.074,0.835
763000,0.104,0.082,0.814
763500,0.096,0.083,0.821
764000,0.094,0.086,0.820
764500,0.088,0.078,0.835
765000,0.077,0.081,0.843
765500,0.068,0.084,0.848
766000,0.069,0.079,0.852
766500,0.082,0.073,0.846
767000,0.076,0.069,0.855
767500,0.078,0.075,0.848
768000,0.085,0.080,0.836
768500,0.090,0.077,0.834
769000,0.089,0.076,0.836
769500,0.081,0.069,0.850
770000,0.080,0.074,0.847
770500,0.089,0.067,0.844
771000,0.092,0.079,0.829
771500,0.089,0.069,0.842
772000,0.090,0.082,0.828
772500,0.079,0.085,0.837
773000,0.084,0.087,0.829
773500,0.092,0.085,0.823
774000,0.078,0.082,0.841
774500,0.077,0.096,0.827
775000,0.087,0.084,0.829
775500,0.076,0.098,0.826
776000,0.081,0.096,0.823
776500,0.079,0.092,0.829
777000,0.097,0.083,0.820
777500,0.086,0.092,0.822
778000,0.076,0.100,0.824
778500,0.068,0.099,0.832
779000,0.062,0.107,0.830
779500,0.077,0.109,0.814
780000,0.082,0.098,0.820
780500,0.077,0.094,0.829
781000,0.075,0.080,0.846
781500,0.070,0.093,0.837
782000,0.066,0.102,0.831
782500,0.069,0.101,0.829
783000,0.067,0.099,0.834
783500,0.075,0.107,0.818
784000,0.082,0.100,0.818
784500,0.087,0.087,0.826
785000,0.069,0.095,0.836
785500,0.075,0.090,0.836
786000,0.069,0.094,0.837
786500,0.079,0.090,0.831
787000,0.082,0.100,0.818
787500,0.073,0.102,0.825
788000,0.070,0.092,0.838
788500,0.084,0.084,0.832
789000,0.087,0.092,0.821
789500,0.088,0.091,0.821
790000,0.091,0.090,0.819
790500,0.090,0.080,0.830
791000,0.086,0.073,0.842
791500,0.080,0.076,0.845
792000,0.081,0.073,0.847
792500,0.106,0.069,0.824
793000,0.082,0.067,0.851
793500,0.083,0.084,0.834
794000,0.079,0.087,0.835
794500,0.091,0.097,0.812
795000,0.090,0.101,0.809
795500,0.078,0.092,0.830
796000,0.079,0.087,0.835
796500,0.076,0.086,0.839
797000,0.067,0.094,0.839
797500,0.082,0.083,0.836
798000,0.077,0.096,0.827
798500,0.068,0.109,0.822
799000,0.065,0.117,0.817
799500,0.075,0.132,0.794
800000,0.074,0.123,0.804
800500,0.101,0.132,0.767
801000,0.098,0.113,0.789
801500,0.092,0.127,0.781
802000,0.075,0.138,0.788
802500,0.057,0.129,0.814
803000,0.059,0.124,0.817
803500,0.060,0.108,0.831
804000,0.059,0.106,0.835
804500,0.060,0.091,0.849
805000,0.067,0.087,0.846
805500,0.063,0.074,0.863
806000,0.065,0.093,0.842
806500,0.074,0.096,0.830
807000,0.067,0.093,0.840
807500,0.066,0.091,0.843
808000,0.072,0.096,0.832
808500,0.074,0.102,0.824
809000,0.061,0.100,0.839
809500,0.058,0.087,0.855
810000,0.055,0.089,0.856
810500,0.063,0.082,0.855
811000,0.073,0.076,0.852
811500,0.102,0.083,0.815
812000,0.077,0.108,0.815
812500,0.069,0.110,0.820
813000,0.084,0.094,0.822
813500,0.077,0.096,0.827
814000,0.073,0.108,0.819
814500,0.070,0.092,0.838
815000,0.067,0.101,0.831
815500,0.067,0.101,0.831
816000,0.069,0.093,0.838
816500,0.068,0.088,0.844
817000,0.065,0.097,0.838
817500,0.069,0.089,0.842
818000,0.084,0.086,0.830
818500,0.094,0.086,0.820
819000,0.089,0.080,0.831
819500,0.097,0.081,0.822
820000,0.090,0.083,0.827
820500,0.090,0.092,0.818
821000,0.086,0.092,0.822
821500,0.079,0.125,0.797
822000,0.082,0.102,0.816
822500,0.092,0.139,0.769
823000,0.090,0.135,0.775
823500,0.083,0.133,0.784
824000,0.083,0.122,0.796
824500,0.080,0.114,0.806
825000,0.074,0.107,0.819
825500,0.079,0.110,0.811
826000,0.081,0.104,0.815
826500,0.082,0.104,0.814
827000,0.070,0.100,0.829
827500,0.073,0.115,0.812
828000,0.079,0.105,0.816
828500,0.088,0.100,0.812
829000,0.075,0.110,0.815
829500,0.073,0.104,0.823
830000,0.057,0.098,0.845
830500,0.070,0.099,0.830
831000,0.077,0.083,0.841
831500,0.083,0.094,0.823
832000,0.082,0.089,0.829
832500,0.090,0.115,0.795
833000,0.081,0.115,0.804
833500,0.085,0.124,0.792
834000,0.075,0.127,0.799
834500,0.077,0.100,0.823
835000,0.072,0.080,0.849
835500,0.069,0.081,0.850
836000,0.069,0.091,0.840
836500,0.073,0.096,0.831
837000,0.067,0.091,0.842
837500,0.068,0.084,0.848
838000,0.064,0.089,0.847
838500,0.081,0.087,0.832
839000,0.074,0.083,0.844
839500,0.067,0.079,0.854
840000,0.070,0.068,0.861
840500,0.063,0.065,0.871
841000,0.067,0.082,0.851
841500,0.070,0.079,0.851
842000,0.074,0.090,0.837
842500,0.056,0.106,0.838
843000,0.067,0.094,0.839
843500,0.068,0.094,0.838
844000,0.077,0.077,0.847
844500,0.084,0.070,0.846
845000,0.088,0.062,0.850
845500,0.096,0.082,0.822
846000,0.088,0.080,0.832
846500,0.089,0.077,0.835
847000,0.088,0.076,0.837
847500,0.084,0.079,0.838
848000,0.070,0.077,0.853
848500,0.076,0.070,0.854
849000,0.078,0.070,0.852
849500,0.079,0.070,0.851
850000,0.077,0.064,0.859
850500,0.093,0.062,0.845
851000,0.082,0.065,0.853
851500,0.074,0.092,0.835
852000,0.070,0.105,0.824
852500,0.076,0.089,0.836
853000,0.075,0.085,0.841
853500,0.067,0.075,0.858
854000,0.068,0.080,0.852
854500,0.064,0.081,0.855
855000,0.082,0.073,0.846
855500,0.074,0.087,0.840
856000,0.081,0.073,0.847
856500,0.076,0.095,0.829
857000,0.072,0.099,0.829
857500,0.073,0.094,0.834
858000,0.072,0.087,0.842
858500,0.090,0.093,0.817
859000,0.092,0.076,0.832
859500,0.082,0.087,0.831
860000,0.073,0.091,0.837
860500,0.077,0.093,0.830
861000,0.078,0.097,0.825
861500,0.070,0.105,0.824
862000,0.072,0.090,0.839
862500,0.068,0.086,0.846
863000,0.062,0.087,0.851
863500,0.081,0.083,0.837
864000,0.076,0.093,0.831
864500,0.070,0.091,0.839
865000,0.068,0.081,0.851
865500,0.058,0.078,0.864
866000,0.062,0.077,0.861
866500,0.076,0.078,0.847
867000,0.080,0.090,0.830
867500,0.069,0.089,0.842
868000,0.065,0.098,0.837
868500,0.070,0.107,0.822
869000,0.072,0.099,0.829
869500,0.072,0.090,0.839
870000,0.074,0.090,0.837
870500,0.066,0.077,0.857
871000,0.076,0.088,0.837
871500,0.076,0.086,0.839
872000,0.077,0.089,0.835
872500,0.078,0.077,0.846
873000,0.087,0.078,0.836
873500,0.078,0.091,0.831
874000,0.072,0.081,0.848
874500,0.081,0.082,0.838
875000,0.080,0.079,0.842
875500,0.069,0.088,0.843
876000,0.075,0.085,0.841
876500,0.070,0.081,0.849
877000,0.081,0.079,0.841
877500,0.087,0.086,0.827
878000,0.081,0.103,0.816
878500,0.078,0.102,0.820
879000,0.074,0.109,0.817
879500,0.096,0.104,0.800
880000,0.087,0.093,0.820
880500,0.085,0.091,0.824
881000,0.085,0.091,0.824
881500,0.080,0.091,0.829
882000,0.078,0.090,0.832
882500,0.099,0.086,0.815
883000,0.094,0.090,0.816
883500,0.087,0.104,0.809
884000,0.085,0.103,0.812
884500,0.080,0.097,0.823
885000,0.070,0.103,0.826
885500,0.075,0.097,0.828
886000,0.070,0.089,0.841
886500,0.066,0.084,0.850
887000,0.059,0.079,0.862
887500,0.051,0.082,0.867
888000,0.067,0.102,0.830
888500,0.068,0.090,0.842
889000,0.074,0.100,0.826
889500,0.085,0.087,0.828
890000,0.074,0.092,0.835
890500,0.060,0.091,0.849
891000,0.073,0.081,0.847
891500,0.076,0.081,0.844
892000,0.080,0.080,0.841
892500,0.082,0.094,0.824
893000,0.076,0.081,0.844
893500,0.094,0.077,0.829
894000,0.093,0.076,0.831
894500,0.091,0.061,0.848
895000,0.085,0.085,0.830
895500,0.092,0.084,0.824
896000,0.089,0.066,0.845
896500,0.082,0.076,0.843
897000,0.089,0.080,0.831
897500,0.096,0.069,0.835
898000,0.088,0.090,0.822
898500,0.089,0.074,0.838
899000,0.091,0.081,0.828
899500,0.091,0.080,0.829
900000,0.103,0.086,0.811
900500,0.114,0.081,0.805
901000,0.106,0.079,0.815
901500,0.087,0.088,0.825
902000,0.090,0.067,0.843
902500,0.086,0.061,0.853
903000,0.091,0.066,0.843
903500,0.082,0.069,0.849
904000,0.073,0.082,0.846
904500,0.072,0.084,0.845
905000,0.072,0.085,0.844
905500,0.070,0.114,0.815
906000,0.065,0.129,0.806
906500,0.078,0.127,0.796
907000,0.064,0.112,0.823
907500,0.072,0.120,0.809
908000,0.070,0.095,0.835
908500,0.068,0.088,0.844
909000,0.057,0.094,0.849
909500,0.059,0.114,0.826
910000,0.063,0.117,0.819
910500,0.052,0.117,0.830
911000,0.066,0.108,0.825
911500,0.070,0.104,0.825
912000,0.056,0.107,0.837
912500,0.062,0.108,0.829
913000,0.053,0.122,0.825
913500,0.056,0.130,0.814
914000,0.065,0.123,0.812
914500,0.075,0.108,0.817
915000,0.068,0.109,0.822
915500,0.073,0.107,0.820
916000,0.076,0.102,0.822
916500,0.078,0.096,0.826
917000,0.084,0.092,0.824
917500,0.101,0.089,0.810
918000,0.099,0.110,0.791
918500,0.099,0.097,0.804
919000,0.094,0.101,0.805
919500,0.083,0.091,0.826
920000,0.081,0.097,0.822
920500,0.108,0.094,0.798
921000,0.088,0.085,0.827
921500,0.082,0.076,0.843
922000,0.076,0.082,0.843
922500,0.074,0.091,0.836
923000,0.089,0.086,0.825
923500,0.081,0.096,0.823
924000,0.070,0.088,0.842
924500,0.074,0.099,0.827
925000,0.063,0.098,0.839
925500,0.066,0.089,0.845
926000,0.082,0.083,0.836
926500,0.078,0.079,0.844
927000,0.087,0.083,0.830
927500,0.086,0.083,0.831
928000,0.075,0.091,0.835
928500,0.076,0.095,0.829
929000,0.067,0.115,0.817
929500,0.069,0.111,0.819
930000,0.076,0.099,0.825
930500,0.074,0.092,0.835
931000,0.076,0.093,0.831
931500,0.068,0.082,0.850
932000,0.079,0.085,0.837
932500,0.088,0.076,0.837
933000,0.068,0.080,0.852
933500,0.064,0.082,0.854
934000,0.070,0.088,0.842
934500,0.086,0.083,0.831
935000,0.066,0.074,0.860
935500,0.062,0.096,0.842
936000,0.062,0.101,0.837
936500,0.060,0.097,0.843
937000,0.078,0.081,0.842
937500,0.068,0.080,0.852
938000,0.079,0.092,0.829
938500,0.083,0.100,0.817
939000,0.072,0.093,0.836
939500,0.069,0.089,0.842
940000,0.065,0.103,0.831
940500,0.068,0.091,0.841
941000,0.064,0.091,0.845
941500,0.066,0.086,0.848
942000,0.070,0.092,0.838
942500,0.065,0.088,0.847
943000,0.060,0.094,0.846
943500,0.074,0.093,0.834
944000,0.084,0.085,0.831
944500,0.088,0.094,0.818
945000,0.084,0.082,0.835
945500,0.093,0.070,0.837
946000,0.093,0.074,0.834
946500,0.088,0.075,0.838
947000,0.088,0.083,0.829
947500,0.091,0.088,0.821
948000,0.079,0.090,0.831
948500,0.097,0.085,0.818
949000,0.094,0.084,0.822
949500,0.084,0.083,0.834
950000,0.091,0.084,0.825
950500,0.083,0.083,0.835
951000,0.086,0.100,0.814
951500,0.093,0.098,0.809
952000,0.090,0.106,0.804
952500,0.087,0.104,0.809
953000,0.093,0.103,0.804
953500,0.086,0.094,0.820
954000,0.069,0.098,0.832
954500,0.065,0.095,0.840
955000,0.070,0.109,0.820
955500,0.058,0.103,0.839
956000,0.079,0.094,0.827
956500,0.074,0.108,0.818
957000,0.068,0.139,0.793
957500,0.099,0.129,0.772
958000,0.102,0.122,0.776
958500,0.083,0.115,0.802
959000,0.065,0.127,0.808
959500,0.070,0.115,0.814
960000,0.081,0.115,0.804
960500,0.072,0.143,0.785
961000,0.068,0.130,0.802
961500,0.066,0.117,0.816
962000,0.064,0.111,0.824
962500,0.055,0.092,0.853
963000,0.058,0.092,0.850
963500,0.065,0.098,0.837
964000,0.074,0.099,0.827
964500,0.072,0.114,0.814
965000,0.077,0.113,0.810
965500,0.084,0.111,0.805
966000,0.091,0.091,0.818
966500,0.096,0.078,0.826
967000,0.088,0.084,0.828
967500,0.088,0.084,0.828
968000,0.085,0.075,0.841
968500,0.072,0.083,0.846
969000,0.063,0.084,0.853
969500,0.069,0.087,0.844
970000,0.064,0.090,0.846
970500,0.057,0.076,0.867
971000,0.058,0.098,0.844
971500,0.083,0.094,0.823
972000,0.081,0.099,0.820
972500,0.087,0.091,0.822
973000,0.081,0.082,0.838
973500,0.084,0.087,0.829
974000,0.072,0.091,0.838
974500,0.063,0.090,0.847
975000,0.070,0.090,0.840
975500,0.076,0.077,0.848
976000,0.080,0.070,0.850
976500,0.073,0.078,0.850
977000,0.069,0.075,0.856
977500,0.072,0.089,0.840
978000,0.077,0.081,0.843
978500,0.078,0.088,0.835
979000,0.081,0.106,0.813
979500,0.078,0.100,0.822
980000,0.082,0.096,0.822
980500,0.078,0.104,0.818
981000,0.086,0.099,0.815
981500,0.085,0.094,0.821
982000,0.057,0.095,0.848
982500,0.058,0.087,0.855
983000,0.073,0.085,0.843
983500,0.073,0.077,0.851
984000,0.068,0.080,0.852
984500,0.079,0.086,0.836
985000,0.066,0.079,0.855
985500,0.093,0.081,0.826
986000,0.098,0.085,0.817
986500,0.083,0.085,0.832
987000,0.079,0.080,0.842
987500,0.072,0.081,0.848
988000,0.084,0.087,0.829
988500,0.074,0.082,0.845
989000,0.082,0.088,0.830
989500,0.061,0.096,0.843
990000,0.062,0.100,0.838
990500,0.062,0.083,0.855
991000,0.065,0.093,0.842
991500,0.072,0.085,0.844
992000,0.070,0.080,0.850
992500,0.075,0.092,0.834
993000,0.081,0.080,0.840
993500,0.065,0.074,0.861
994000,0.069,0.093,0.838
994500,0.076,0.087,0.838
995000,0.073,0.088,0.840
995500,0.079,0.081,0.841
996000,0.078,0.083,0.840
996500,0.083,0.090,0.827
997000,0.080,0.086,0.835
997500,0.084,0.078,0.839
998000,0.096,0.077,0.827
998500,0.096,0.077,0.827
999000,0.075,0.078,0.848
999500,0.089,0.081,0.830
1000000,0.095,0.078,0.827
