time,n_A+p,n_B,n_AB
100,0.030,0.969,0.001
200,0.030,0.965,0.005
300,0.030,0.961,0.009
400,0.030,0.958,0.012
500,0.030,0.954,0.016
600,0.030,0.943,0.027
700,0.030,0.944,0.026
800,0.030,0.949,0.021
900,0.030,0.950,0.020
1000,0.030,0.940,0.030
1100,0.030,0.930,0.040
1200,0.030,0.928,0.042
1300,0.030,0.919,0.051
1400,0.030,0.920,0.050
1500,0.030,0.918,0.052
1600,0.030,0.921,0.049
1700,0.030,0.921,0.049
1800,0.031,0.919,0.050
1900,0.031,0.918,0.051
2000,0.031,0.918,0.051
2100,0.031,0.914,0.055
2200,0.031,0.911,0.058
2300,0.031,0.910,0.059
2400,0.031,0.913,0.056
2500,0.031,0.905,0.064
2600,0.030,0.901,0.069
2700,0.030,0.904,0.066
2800,0.030,0.906,0.064
2900,0.030,0.905,0.065
3000,0.030,0.893,0.077
3100,0.030,0.890,0.080
3200,0.030,0.880,0.090
3300,0.030,0.866,0.104
3400,0.032,0.865,0.103
3500,0.033,0.868,0.099
3600,0.033,0.865,0.102
3700,0.033,0.861,0.106
3800,0.033,0.851,0.116
3900,0.032,0.846,0.122
4000,0.031,0.850,0.119
4100,0.031,0.853,0.116
4200,0.031,0.851,0.118
4300,0.033,0.844,0.123
4400,0.033,0.844,0.123
4500,0.033,0.850,0.117
4600,0.032,0.835,0.133
4700,0.032,0.833,0.135
4800,0.032,0.841,0.127
4900,0.032,0.839,0.129
5000,0.032,0.843,0.125
5100,0.034,0.839,0.127
5200,0.034,0.850,0.116
5300,0.034,0.849,0.117
5400,0.036,0.847,0.117
5500,0.037,0.848,0.115
5600,0.036,0.842,0.122
5700,0.035,0.837,0.128
5800,0.033,0.833,0.134
5900,0.032,0.834,0.134
6000,0.032,0.832,0.136
6100,0.031,0.822,0.147
6200,0.031,0.827,0.142
6300,0.031,0.828,0.141
6400,0.031,0.827,0.142
6500,0.032,0.821,0.147
6600,0.033,0.825,0.142
6700,0.032,0.824,0.144
6800,0.032,0.822,0.146
6900,0.032,0.808,0.160
7000,0.033,0.793,0.174
7100,0.034,0.786,0.180
7200,0.034,0.788,0.178
7300,0.035,0.792,0.173
7400,0.040,0.790,0.170
7500,0.042,0.786,0.172
7600,0.040,0.786,0.174
7700,0.039,0.787,0.174
7800,0.039,0.781,0.180
7900,0.038,0.786,0.176
8000,0.042,0.775,0.183
8100,0.039,0.780,0.181
8200,0.039,0.781,0.180
8300,0.037,0.777,0.186
8400,0.036,0.772,0.192
8500,0.037,0.774,0.189
8600,0.039,0.775,0.186
8700,0.040,0.771,0.189
8800,0.040,0.764,0.196
8900,0.037,0.762,0.201
9000,0.039,0.759,0.202
9100,0.037,0.758,0.205
9200,0.041,0.765,0.194
9300,0.039,0.755,0.206
9400,0.037,0.760,0.203
9500,0.041,0.761,0.198
9600,0.042,0.767,0.191
9700,0.041,0.773,0.186
9800,0.039,0.776,0.185
9900,0.040,0.775,0.185
10000,0.040,0.777,0.183
10100,0.040,0.787,0.173
10200,0.040,0.794,0.166
10300,0.040,0.791,0.169
10400,0.040,0.779,0.181
10500,0.038,0.778,0.184
10600,0.039,0.769,0.192
10700,0.040,0.772,0.188
10800,0.039,0.763,0.198
10900,0.038,0.766,0.196
11000,0.037,0.764,0.199
11100,0.040,0.771,0.189
11200,0.041,0.763,0.196
11300,0.040,0.762,0.198
11400,0.042,0.780,0.178
11500,0.039,0.777,0.184
11600,0.040,0.781,0.179
11700,0.040,0.781,0.179
11800,0.039,0.775,0.186
11900,0.037,0.768,0.195
12000,0.037,0.771,0.192
12100,0.037,0.769,0.194
12200,0.037,0.765,0.198
12300,0.037,0.764,0.199
12400,0.036,0.773,0.191
12500,0.033,0.771,0.196
12600,0.033,0.775,0.192
12700,0.035,0.784,0.181
12800,0.035,0.793,0.172
12900,0.035,0.792,0.173
13000,0.035,0.794,0.171
13100,0.040,0.807,0.153
13200,0.043,0.803,0.154
13300,0.041,0.797,0.162
13400,0.040,0.785,0.175
13500,0.039,0.789,0.172
13600,0.038,0.786,0.176
13700,0.038,0.790,0.172
13800,0.037,0.788,0.175
13900,0.037,0.785,0.178
14000,0.038,0.780,0.182
14100,0.039,0.781,0.180
14200,0.037,0.781,0.182
14300,0.037,0.782,0.181
14400,0.037,0.769,0.194
14500,0.036,0.774,0.190
14600,0.038,0.780,0.182
14700,0.040,0.774,0.186
14800,0.040,0.767,0.193
14900,0.039,0.763,0.198
15000,0.038,0.772,0.190
15100,0.040,0.772,0.188
15200,0.041,0.775,0.184
15300,0.045,0.770,0.185
15400,0.046,0.764,0.190
15500,0.042,0.764,0.194
15600,0.041,0.755,0.204
15700,0.043,0.751,0.206
15800,0.042,0.755,0.203
15900,0.043,0.750,0.207
16000,0.039,0.747,0.214
16100,0.039,0.755,0.206
16200,0.039,0.749,0.212
16300,0.038,0.743,0.219
16400,0.038,0.735,0.227
16500,0.039,0.733,0.228
16600,0.036,0.731,0.233
16700,0.037,0.727,0.236
16800,0.039,0.727,0.234
16900,0.040,0.724,0.236
17000,0.040,0.711,0.249
17100,0.040,0.713,0.247
17200,0.038,0.718,0.244
17300,0.041,0.711,0.248
17400,0.042,0.695,0.263
17500,0.047,0.705,0.248
17600,0.046,0.703,0.251
17700,0.050,0.714,0.236
17800,0.044,0.720,0.236
17900,0.046,0.723,0.231
18000,0.042,0.728,0.230
18100,0.042,0.722,0.236
18200,0.042,0.724,0.234
18300,0.041,0.721,0.238
18400,0.045,0.718,0.237
18500,0.043,0.712,0.245
18600,0.044,0.710,0.246
18700,0.043,0.716,0.241
18800,0.045,0.715,0.240
18900,0.044,0.706,0.250
19000,0.049,0.712,0.239
19100,0.047,0.719,0.234
19200,0.044,0.710,0.246
19300,0.044,0.706,0.250
19400,0.043,0.713,0.244
19500,0.044,0.710,0.246
19600,0.045,0.713,0.242
19700,0.045,0.715,0.240
19800,0.051,0.715,0.234
19900,0.046,0.700,0.254
20000,0.045,0.695,0.260
20100,0.046,0.693,0.261
20200,0.042,0.711,0.247
20300,0.042,0.708,0.250
20400,0.038,0.701,0.261
20500,0.039,0.687,0.274
20600,0.043,0.685,0.272
20700,0.051,0.684,0.265
20800,0.054,0.690,0.256
20900,0.051,0.686,0.263
21000,0.050,0.681,0.269
21100,0.050,0.683,0.267
21200,0.048,0.671,0.281
21300,0.048,0.672,0.280
21400,0.047,0.667,0.286
21500,0.050,0.675,0.275
21600,0.049,0.668,0.283
21700,0.052,0.667,0.281
21800,0.049,0.680,0.271
21900,0.050,0.678,0.272
22000,0.047,0.688,0.265
22100,0.047,0.679,0.274
22200,0.047,0.671,0.282
22300,0.046,0.663,0.291
22400,0.048,0.660,0.292
22500,0.050,0.656,0.294
22600,0.051,0.662,0.287
22700,0.048,0.660,0.292
22800,0.053,0.666,0.281
22900,0.052,0.677,0.271
23000,0.049,0.675,0.276
23100,0.050,0.668,0.282
23200,0.054,0.658,0.288
23300,0.053,0.663,0.284
23400,0.054,0.665,0.281
23500,0.058,0.663,0.279
23600,0.058,0.671,0.271
23700,0.058,0.662,0.280
23800,0.057,0.661,0.282
23900,0.056,0.656,0.288
24000,0.056,0.655,0.289
24100,0.055,0.658,0.287
24200,0.054,0.664,0.282
24300,0.056,0.673,0.271
24400,0.055,0.689,0.256
24500,0.053,0.696,0.251
24600,0.054,0.701,0.245
24700,0.051,0.678,0.271
24800,0.051,0.663,0.286
24900,0.052,0.678,0.270
25000,0.054,0.694,0.252
25100,0.053,0.701,0.246
25200,0.056,0.695,0.249
25300,0.051,0.684,0.265
25400,0.052,0.680,0.268
25500,0.052,0.688,0.260
25600,0.055,0.687,0.258
25700,0.054,0.686,0.260
25800,0.054,0.684,0.262
25900,0.053,0.678,0.269
26000,0.053,0.677,0.270
26100,0.049,0.687,0.264
26200,0.050,0.682,0.268
26300,0.049,0.686,0.265
26400,0.049,0.695,0.256
26500,0.049,0.699,0.252
26600,0.052,0.699,0.249
26700,0.059,0.691,0.250
26800,0.058,0.683,0.259
26900,0.057,0.689,0.254
27000,0.055,0.693,0.252
27100,0.052,0.679,0.269
27200,0.048,0.677,0.275
27300,0.047,0.685,0.268
27400,0.048,0.699,0.253
27500,0.050,0.695,0.255
27600,0.047,0.699,0.254
27700,0.053,0.703,0.244
27800,0.050,0.697,0.253
27900,0.049,0.705,0.246
28000,0.049,0.719,0.232
28100,0.048,0.729,0.223
28200,0.044,0.736,0.220
28300,0.048,0.731,0.221
28400,0.051,0.727,0.222
28500,0.054,0.720,0.226
28600,0.058,0.725,0.217
28700,0.052,0.719,0.229
28800,0.049,0.720,0.231
28900,0.045,0.719,0.236
29000,0.046,0.714,0.240
29100,0.050,0.721,0.229
29200,0.050,0.724,0.226
29300,0.050,0.720,0.230
29400,0.047,0.712,0.241
29500,0.041,0.710,0.249
29600,0.041,0.706,0.253
29700,0.040,0.700,0.260
29800,0.038,0.703,0.259
29900,0.042,0.700,0.258
30000,0.043,0.711,0.246
30100,0.045,0.722,0.233
30200,0.046,0.726,0.228
30300,0.048,0.721,0.231
30400,0.046,0.732,0.222
30500,0.043,0.730,0.227
30600,0.045,0.733,0.222
30700,0.046,0.727,0.227
30800,0.045,0.720,0.235
30900,0.045,0.709,0.246
31000,0.045,0.702,0.253
31100,0.046,0.709,0.245
31200,0.049,0.713,0.238
31300,0.049,0.716,0.235
31400,0.049,0.721,0.230
31500,0.051,0.719,0.230
31600,0.048,0.715,0.237
31700,0.047,0.710,0.243
31800,0.046,0.715,0.239
31900,0.049,0.711,0.240
32000,0.051,0.710,0.239
32100,0.058,0.701,0.241
32200,0.057,0.693,0.250
32300,0.060,0.683,0.257
32400,0.063,0.679,0.258
32500,0.062,0.675,0.263
32600,0.062,0.668,0.270
32700,0.058,0.666,0.276
32800,0.059,0.653,0.288
32900,0.052,0.656,0.292
33000,0.052,0.649,0.299
33100,0.047,0.649,0.304
33200,0.051,0.644,0.305
33300,0.048,0.636,0.316
33400,0.046,0.643,0.311
33500,0.048,0.642,0.310
33600,0.062,0.638,0.300
33700,0.062,0.642,0.296
33800,0.059,0.647,0.294
33900,0.060,0.644,0.296
34000,0.063,0.640,0.297
34100,0.063,0.641,0.296
34200,0.064,0.638,0.298
34300,0.065,0.642,0.293
34400,0.063,0.638,0.299
34500,0.063,0.636,0.301
34600,0.066,0.637,0.297
34700,0.066,0.639,0.295
34800,0.063,0.637,0.300
34900,0.062,0.642,0.296
35000,0.061,0.630,0.309
35100,0.058,0.625,0.317
35200,0.055,0.629,0.316
35300,0.057,0.631,0.312
35400,0.063,0.636,0.301
35500,0.063,0.623,0.314
35600,0.063,0.622,0.315
35700,0.063,0.622,0.315
35800,0.057,0.627,0.316
35900,0.063,0.625,0.312
36000,0.066,0.624,0.310
36100,0.063,0.599,0.338
36200,0.061,0.602,0.337
36300,0.060,0.594,0.346
36400,0.064,0.596,0.340
36500,0.066,0.593,0.341
36600,0.069,0.574,0.357
36700,0.071,0.584,0.345
36800,0.068,0.593,0.339
36900,0.073,0.593,0.334
37000,0.075,0.596,0.329
37100,0.076,0.583,0.341
37200,0.079,0.579,0.342
37300,0.083,0.587,0.330
37400,0.084,0.572,0.344
37500,0.079,0.565,0.356
37600,0.085,0.565,0.350
37700,0.079,0.572,0.349
37800,0.075,0.581,0.344
37900,0.074,0.587,0.339
38000,0.082,0.581,0.337
38100,0.085,0.571,0.344
38200,0.086,0.563,0.351
38300,0.088,0.570,0.342
38400,0.093,0.579,0.328
38500,0.092,0.581,0.327
38600,0.084,0.581,0.335
38700,0.084,0.596,0.320
38800,0.079,0.599,0.322
38900,0.077,0.590,0.333
39000,0.080,0.582,0.338
39100,0.077,0.591,0.332
39200,0.070,0.583,0.347
39300,0.075,0.595,0.330
39400,0.076,0.602,0.322
39500,0.079,0.602,0.319
39600,0.079,0.596,0.325
39700,0.074,0.607,0.319
39800,0.068,0.615,0.317
39900,0.066,0.625,0.309
40000,0.067,0.618,0.315
40100,0.065,0.620,0.315
40200,0.063,0.625,0.312
40300,0.069,0.626,0.305
40400,0.070,0.639,0.291
40500,0.074,0.640,0.286
40600,0.076,0.616,0.308
40700,0.083,0.612,0.305
40800,0.085,0.612,0.303
40900,0.085,0.604,0.311
41000,0.081,0.612,0.307
41100,0.088,0.624,0.288
41200,0.089,0.625,0.286
41300,0.085,0.623,0.292
41400,0.084,0.608,0.308
41500,0.076,0.610,0.314
41600,0.081,0.604,0.315
41700,0.077,0.608,0.315
41800,0.081,0.604,0.315
41900,0.085,0.600,0.315
42000,0.080,0.592,0.328
42100,0.082,0.594,0.324
42200,0.074,0.597,0.329
42300,0.073,0.597,0.330
42400,0.068,0.597,0.335
42500,0.073,0.607,0.320
42600,0.069,0.612,0.319
42700,0.069,0.604,0.327
42800,0.067,0.621,0.312
42900,0.065,0.611,0.324
43000,0.065,0.600,0.335
43100,0.062,0.609,0.329
43200,0.062,0.603,0.335
43300,0.061,0.609,0.330
43400,0.064,0.617,0.319
43500,0.069,0.619,0.312
43600,0.069,0.629,0.302
43700,0.065,0.637,0.298
43800,0.063,0.657,0.280
43900,0.063,0.652,0.285
44000,0.059,0.650,0.291
44100,0.063,0.640,0.297
44200,0.058,0.648,0.294
44300,0.059,0.649,0.292
44400,0.059,0.650,0.291
44500,0.064,0.649,0.287
44600,0.060,0.640,0.300
44700,0.061,0.643,0.296
44800,0.060,0.619,0.321
44900,0.063,0.622,0.315
45000,0.063,0.621,0.316
45100,0.063,0.628,0.309
45200,0.068,0.626,0.306
45300,0.065,0.623,0.312
45400,0.068,0.622,0.310
45500,0.063,0.626,0.311
45600,0.060,0.628,0.312
45700,0.062,0.617,0.321
45800,0.057,0.622,0.321
45900,0.056,0.624,0.320
46000,0.056,0.634,0.310
46100,0.061,0.645,0.294
46200,0.061,0.639,0.300
46300,0.063,0.634,0.303
46400,0.060,0.634,0.306
46500,0.061,0.639,0.300
46600,0.066,0.658,0.276
46700,0.067,0.651,0.282
46800,0.065,0.652,0.283
46900,0.062,0.655,0.283
47000,0.060,0.651,0.289
47100,0.059,0.649,0.292
47200,0.056,0.641,0.303
47300,0.058,0.641,0.301
47400,0.056,0.644,0.300
47500,0.057,0.648,0.295
47600,0.056,0.639,0.305
47700,0.056,0.636,0.308
47800,0.057,0.628,0.315
47900,0.062,0.622,0.316
48000,0.061,0.628,0.311
48100,0.057,0.631,0.312
48200,0.059,0.633,0.308
48300,0.066,0.643,0.291
48400,0.063,0.628,0.309
48500,0.070,0.637,0.293
48600,0.067,0.630,0.303
48700,0.069,0.617,0.314
48800,0.068,0.630,0.302
48900,0.074,0.632,0.294
49000,0.073,0.639,0.288
49100,0.071,0.623,0.306
49200,0.062,0.623,0.315
49300,0.064,0.622,0.314
49400,0.064,0.619,0.317
49500,0.062,0.620,0.318
49600,0.066,0.633,0.301
49700,0.065,0.646,0.289
49800,0.064,0.633,0.303
49900,0.068,0.633,0.299
50000,0.065,0.631,0.304
50100,0.062,0.639,0.299
50200,0.059,0.638,0.303
50300,0.062,0.634,0.304
50400,0.059,0.625,0.316
50500,0.062,0.631,0.307
50600,0.058,0.646,0.296
50700,0.056,0.656,0.288
50800,0.055,0.654,0.291
50900,0.061,0.647,0.292
51000,0.059,0.653,0.288
51100,0.055,0.655,0.290
51200,0.050,0.657,0.293
51300,0.052,0.669,0.279
51400,0.050,0.665,0.285
51500,0.052,0.673,0.275
51600,0.056,0.667,0.277
51700,0.054,0.673,0.273
51800,0.053,0.674,0.273
51900,0.052,0.674,0.274
52000,0.053,0.677,0.270
52100,0.055,0.688,0.257
52200,0.054,0.682,0.264
52300,0.052,0.670,0.278
52400,0.054,0.650,0.296
52500,0.054,0.647,0.299
52600,0.050,0.652,0.298
52700,0.050,0.646,0.304
52800,0.049,0.641,0.310
52900,0.048,0.634,0.318
53000,0.048,0.636,0.316
53100,0.047,0.644,0.309
53200,0.054,0.637,0.309
53300,0.051,0.638,0.311
53400,0.046,0.628,0.326
53500,0.044,0.639,0.317
53600,0.043,0.627,0.330
53700,0.042,0.647,0.311
53800,0.040,0.658,0.302
53900,0.037,0.665,0.298
54000,0.040,0.659,0.301
54100,0.045,0.653,0.302
54200,0.045,0.649,0.306
54300,0.044,0.658,0.298
54400,0.047,0.649,0.304
54500,0.051,0.652,0.297
54600,0.053,0.647,0.300
54700,0.057,0.656,0.287
54800,0.059,0.669,0.272
54900,0.054,0.658,0.288
55000,0.050,0.671,0.279
55100,0.046,0.672,0.282
55200,0.047,0.670,0.283
55300,0.054,0.663,0.283
55400,0.054,0.656,0.290
55500,0.053,0.650,0.297
55600,0.066,0.643,0.291
55700,0.067,0.644,0.289
55800,0.066,0.634,0.300
55900,0.063,0.648,0.289
56000,0.059,0.637,0.304
56100,0.063,0.642,0.295
56200,0.060,0.648,0.292
56300,0.063,0.639,0.298
56400,0.059,0.643,0.298
56500,0.066,0.642,0.292
56600,0.064,0.636,0.300
56700,0.061,0.618,0.321
56800,0.071,0.617,0.312
56900,0.063,0.616,0.321
57000,0.065,0.598,0.337
57100,0.068,0.614,0.318
57200,0.070,0.609,0.321
57300,0.069,0.610,0.321
57400,0.068,0.604,0.328
57500,0.072,0.603,0.325
57600,0.067,0.604,0.329
57700,0.070,0.610,0.320
57800,0.076,0.604,0.320
57900,0.079,0.608,0.313
58000,0.080,0.601,0.319
58100,0.080,0.599,0.321
58200,0.078,0.589,0.333
58300,0.073,0.575,0.352
58400,0.076,0.576,0.348
58500,0.073,0.572,0.355
58600,0.069,0.584,0.347
58700,0.071,0.590,0.339
58800,0.077,0.580,0.343
58900,0.077,0.583,0.340
59000,0.086,0.562,0.352
59100,0.091,0.553,0.356
59200,0.089,0.549,0.362
59300,0.094,0.568,0.338
59400,0.089,0.559,0.352
59500,0.090,0.561,0.349
59600,0.088,0.577,0.335
59700,0.087,0.572,0.341
59800,0.092,0.579,0.329
59900,0.098,0.581,0.321
60000,0.086,0.578,0.336
60100,0.086,0.580,0.334
60200,0.081,0.565,0.354
60300,0.080,0.558,0.362
60400,0.078,0.563,0.359
60500,0.085,0.565,0.350
60600,0.086,0.575,0.339
60700,0.090,0.562,0.348
60800,0.086,0.560,0.354
60900,0.085,0.571,0.344
61000,0.087,0.562,0.351
61100,0.082,0.568,0.350
61200,0.079,0.547,0.374
61300,0.072,0.546,0.382
61400,0.074,0.550,0.376
61500,0.082,0.553,0.365
61600,0.082,0.540,0.378
61700,0.088,0.548,0.364
61800,0.090,0.546,0.364
61900,0.082,0.543,0.375
62000,0.085,0.548,0.367
62100,0.092,0.542,0.366
62200,0.095,0.546,0.359
62300,0.095,0.556,0.349
62400,0.096,0.544,0.360
62500,0.098,0.545,0.357
62600,0.095,0.534,0.371
62700,0.095,0.529,0.376
62800,0.087,0.537,0.376
62900,0.083,0.539,0.378
63000,0.083,0.532,0.385
63100,0.083,0.532,0.385
63200,0.078,0.540,0.382
63300,0.080,0.555,0.365
63400,0.088,0.551,0.361
63500,0.084,0.553,0.363
63600,0.080,0.557,0.363
63700,0.082,0.565,0.353
63800,0.089,0.570,0.341
63900,0.091,0.549,0.360
64000,0.088,0.554,0.358
64100,0.089,0.555,0.356
64200,0.087,0.562,0.351
64300,0.086,0.551,0.363
64400,0.089,0.538,0.373
64500,0.094,0.556,0.350
64600,0.099,0.563,0.338
64700,0.101,0.565,0.334
64800,0.100,0.569,0.331
64900,0.099,0.555,0.346
65000,0.096,0.552,0.352
65100,0.107,0.536,0.357
65200,0.100,0.525,0.375
65300,0.099,0.550,0.351
65400,0.094,0.552,0.354
65500,0.093,0.547,0.360
65600,0.091,0.546,0.363
65700,0.092,0.561,0.347
65800,0.088,0.574,0.338
65900,0.087,0.581,0.332
66000,0.093,0.583,0.324
66100,0.094,0.588,0.318
66200,0.089,0.594,0.317
66300,0.083,0.598,0.319
66400,0.077,0.601,0.322
66500,0.074,0.604,0.322
66600,0.070,0.602,0.328
66700,0.071,0.612,0.317
66800,0.072,0.611,0.317
66900,0.072,0.600,0.328
67000,0.072,0.584,0.344
67100,0.074,0.576,0.350
67200,0.075,0.588,0.337
67300,0.075,0.582,0.343
67400,0.075,0.584,0.341
67500,0.080,0.572,0.348
67600,0.077,0.573,0.350
67700,0.071,0.577,0.352
67800,0.068,0.587,0.345
67900,0.071,0.580,0.349
68000,0.067,0.584,0.349
68100,0.064,0.590,0.346
68200,0.068,0.606,0.326
68300,0.069,0.596,0.335
68400,0.066,0.582,0.352
68500,0.066,0.573,0.361
68600,0.063,0.563,0.374
68700,0.071,0.562,0.367
68800,0.071,0.554,0.375
68900,0.068,0.564,0.368
69000,0.075,0.561,0.364
69100,0.076,0.574,0.350
69200,0.082,0.580,0.338
69300,0.086,0.593,0.321
69400,0.089,0.611,0.300
69500,0.081,0.611,0.308
69600,0.082,0.612,0.306
69700,0.077,0.613,0.310
69800,0.077,0.605,0.318
69900,0.073,0.593,0.334
70000,0.073,0.605,0.322
70100,0.080,0.602,0.318
70200,0.079,0.598,0.323
70300,0.073,0.601,0.326
70400,0.067,0.608,0.325
70500,0.066,0.602,0.332
70600,0.067,0.605,0.328
70700,0.065,0.602,0.333
70800,0.070,0.606,0.324
70900,0.071,0.596,0.333
71000,0.082,0.579,0.339
71100,0.080,0.576,0.344
71200,0.069,0.581,0.350
71300,0.073,0.587,0.340
71400,0.080,0.586,0.334
71500,0.080,0.579,0.341
71600,0.082,0.562,0.356
71700,0.077,0.582,0.341
71800,0.073,0.580,0.347
71900,0.075,0.590,0.335
72000,0.073,0.606,0.321
72100,0.077,0.611,0.312
72200,0.082,0.597,0.321
72300,0.084,0.598,0.318
72400,0.085,0.587,0.328
72500,0.085,0.580,0.335
72600,0.084,0.578,0.338
72700,0.076,0.570,0.354
72800,0.072,0.589,0.339
72900,0.073,0.591,0.336
73000,0.075,0.585,0.340
73100,0.073,0.588,0.339
73200,0.070,0.584,0.346
73300,0.066,0.584,0.350
73400,0.071,0.579,0.350
73500,0.076,0.592,0.332
73600,0.068,0.605,0.327
73700,0.065,0.604,0.331
73800,0.060,0.589,0.351
73900,0.060,0.586,0.354
74000,0.060,0.599,0.341
74100,0.059,0.598,0.343
74200,0.057,0.603,0.340
74300,0.057,0.609,0.334
74400,0.052,0.615,0.333
74500,0.055,0.615,0.330
74600,0.052,0.626,0.322
74700,0.051,0.636,0.313
74800,0.048,0.636,0.316
74900,0.047,0.638,0.315
75000,0.052,0.643,0.305
75100,0.051,0.640,0.309
75200,0.057,0.652,0.291
75300,0.054,0.650,0.296
75400,0.054,0.652,0.294
75500,0.053,0.652,0.295
75600,0.054,0.650,0.296
75700,0.055,0.662,0.283
75800,0.056,0.666,0.278
75900,0.053,0.647,0.300
76000,0.057,0.631,0.312
76100,0.059,0.643,0.298
76200,0.055,0.641,0.304
76300,0.058,0.644,0.298
76400,0.059,0.648,0.293
76500,0.058,0.651,0.291
76600,0.056,0.650,0.294
76700,0.058,0.637,0.305
76800,0.053,0.638,0.309
76900,0.054,0.625,0.321
77000,0.061,0.625,0.314
77100,0.062,0.627,0.311
77200,0.066,0.649,0.285
77300,0.062,0.650,0.288
77400,0.065,0.647,0.288
77500,0.063,0.643,0.294
77600,0.069,0.644,0.287
77700,0.069,0.654,0.277
77800,0.067,0.657,0.276
77900,0.063,0.661,0.276
78000,0.060,0.656,0.284
78100,0.062,0.655,0.283
78200,0.064,0.644,0.292
78300,0.064,0.635,0.301
78400,0.057,0.639,0.304
78500,0.062,0.641,0.297
78600,0.068,0.637,0.295
78700,0.069,0.632,0.299
78800,0.065,0.638,0.297
78900,0.071,0.634,0.295
79000,0.076,0.625,0.299
79100,0.070,0.631,0.299
79200,0.066,0.649,0.285
79300,0.070,0.654,0.276
79400,0.073,0.662,0.265
79500,0.069,0.658,0.273
79600,0.068,0.655,0.277
79700,0.065,0.659,0.276
79800,0.065,0.644,0.291
79900,0.065,0.648,0.287
80000,0.067,0.651,0.282
80100,0.068,0.641,0.291
80200,0.068,0.650,0.282
80300,0.068,0.643,0.289
80400,0.073,0.634,0.293
80500,0.075,0.631,0.294
80600,0.071,0.624,0.305
80700,0.069,0.626,0.305
80800,0.069,0.632,0.299
80900,0.065,0.631,0.304
81000,0.066,0.632,0.302
81100,0.065,0.635,0.300
81200,0.069,0.633,0.298
81300,0.066,0.627,0.307
81400,0.063,0.636,0.301
81500,0.067,0.645,0.288
81600,0.067,0.634,0.299
81700,0.067,0.634,0.299
81800,0.067,0.625,0.308
81900,0.060,0.625,0.315
82000,0.062,0.618,0.320
82100,0.068,0.619,0.313
82200,0.066,0.619,0.315
82300,0.068,0.607,0.325
82400,0.061,0.615,0.324
82500,0.058,0.611,0.331
82600,0.058,0.609,0.333
82700,0.060,0.595,0.345
82800,0.065,0.607,0.328
82900,0.064,0.606,0.330
83000,0.067,0.607,0.326
83100,0.065,0.607,0.328
83200,0.057,0.610,0.333
83300,0.057,0.621,0.322
83400,0.056,0.628,0.316
83500,0.054,0.621,0.325
83600,0.053,0.605,0.342
83700,0.054,0.612,0.334
83800,0.054,0.619,0.327
83900,0.057,0.634,0.309
84000,0.057,0.651,0.292
84100,0.052,0.642,0.306
84200,0.055,0.637,0.308
84300,0.060,0.629,0.311
84400,0.061,0.629,0.310
84500,0.067,0.638,0.295
84600,0.065,0.639,0.296
84700,0.066,0.631,0.303
84800,0.062,0.641,0.297
84900,0.064,0.641,0.295
85000,0.064,0.653,0.283
85100,0.060,0.647,0.293
85200,0.061,0.653,0.286
85300,0.061,0.657,0.282
85400,0.066,0.669,0.265
85500,0.062,0.668,0.270
85600,0.061,0.667,0.272
85700,0.064,0.664,0.272
85800,0.065,0.688,0.247
85900,0.067,0.690,0.243
86000,0.064,0.687,0.249
86100,0.064,0.684,0.252
86200,0.064,0.691,0.245
86300,0.060,0.693,0.247
86400,0.056,0.709,0.235
86500,0.058,0.699,0.243
86600,0.062,0.693,0.245
86700,0.059,0.684,0.257
86800,0.059,0.670,0.271
86900,0.062,0.676,0.262
87000,0.056,0.677,0.267
87100,0.055,0.683,0.262
87200,0.050,0.671,0.279
87300,0.052,0.677,0.271
87400,0.054,0.673,0.273
87500,0.061,0.665,0.274
87600,0.063,0.663,0.274
87700,0.062,0.653,0.285
87800,0.059,0.646,0.295
87900,0.062,0.643,0.295
88000,0.059,0.645,0.296
88100,0.062,0.638,0.300
88200,0.065,0.637,0.298
88300,0.065,0.638,0.297
88400,0.064,0.630,0.306
88500,0.066,0.632,0.302
88600,0.064,0.624,0.312
88700,0.057,0.625,0.318
88800,0.059,0.625,0.316
88900,0.058,0.623,0.319
89000,0.058,0.625,0.317
89100,0.063,0.631,0.306
89200,0.058,0.630,0.312
89300,0.055,0.619,0.326
89400,0.062,0.622,0.316
89500,0.065,0.622,0.313
89600,0.068,0.616,0.316
89700,0.066,0.631,0.303
89800,0.064,0.635,0.301
89900,0.070,0.641,0.289
90000,0.063,0.642,0.295
90100,0.064,0.634,0.302
90200,0.063,0.630,0.307
90300,0.064,0.627,0.309
90400,0.062,0.615,0.323
90500,0.062,0.620,0.318
90600,0.061,0.633,0.306
90700,0.057,0.637,0.306
90800,0.059,0.644,0.297
90900,0.056,0.651,0.293
91000,0.056,0.658,0.286
91100,0.051,0.672,0.277
91200,0.049,0.670,0.281
91300,0.048,0.669,0.283
91400,0.053,0.674,0.273
91500,0.051,0.678,0.271
91600,0.051,0.675,0.274
91700,0.054,0.681,0.265
91800,0.056,0.687,0.257
91900,0.061,0.678,0.261
92000,0.058,0.678,0.264
92100,0.056,0.664,0.280
92200,0.052,0.671,0.277
92300,0.053,0.686,0.261
92400,0.050,0.690,0.260
92500,0.048,0.681,0.271
92600,0.044,0.679,0.277
92700,0.051,0.681,0.268
92800,0.049,0.681,0.270
92900,0.050,0.674,0.276
93000,0.051,0.674,0.275
93100,0.055,0.671,0.274
93200,0.056,0.680,0.264
93300,0.054,0.684,0.262
93400,0.058,0.692,0.250
93500,0.056,0.687,0.257
93600,0.057,0.685,0.258
93700,0.056,0.680,0.264
93800,0.058,0.670,0.272
93900,0.056,0.658,0.286
94000,0.056,0.665,0.279
94100,0.064,0.668,0.268
94200,0.063,0.658,0.279
94300,0.064,0.659,0.277
94400,0.065,0.648,0.287
94500,0.066,0.651,0.283
94600,0.064,0.640,0.296
94700,0.067,0.642,0.291
94800,0.063,0.636,0.301
94900,0.059,0.616,0.325
95000,0.060,0.626,0.314
95100,0.059,0.636,0.305
95200,0.058,0.633,0.309
95300,0.062,0.625,0.313
95400,0.062,0.627,0.311
95500,0.058,0.635,0.307
95600,0.054,0.633,0.313
95700,0.052,0.637,0.311
95800,0.050,0.629,0.321
95900,0.049,0.625,0.326
96000,0.048,0.623,0.329
96100,0.054,0.632,0.314
96200,0.055,0.627,0.318
96300,0.056,0.625,0.319
96400,0.065,0.625,0.310
96500,0.065,0.621,0.314
96600,0.064,0.610,0.326
96700,0.069,0.614,0.317
96800,0.068,0.620,0.312
96900,0.073,0.628,0.299
97000,0.071,0.622,0.307
97100,0.072,0.626,0.302
97200,0.066,0.632,0.302
97300,0.065,0.630,0.305
97400,0.066,0.614,0.320
97500,0.068,0.609,0.323
97600,0.068,0.609,0.323
97700,0.064,0.597,0.339
97800,0.060,0.595,0.345
97900,0.056,0.601,0.343
98000,0.056,0.608,0.336
98100,0.056,0.625,0.319
98200,0.056,0.639,0.305
98300,0.058,0.644,0.298
98400,0.065,0.642,0.293
98500,0.067,0.650,0.283
98600,0.068,0.649,0.283
98700,0.066,0.645,0.289
98800,0.065,0.648,0.287
98900,0.062,0.649,0.289
99000,0.058,0.652,0.290
99100,0.057,0.654,0.289
99200,0.058,0.647,0.295
99300,0.059,0.652,0.289
99400,0.063,0.652,0.285
99500,0.063,0.651,0.286
99600,0.059,0.662,0.279
99700,0.059,0.664,0.277
99800,0.057,0.659,0.284
99900,0.060,0.663,0.277
100000,0.062,0.664,0.274
