time,n_A+p,n_B,n_AB
0,0.028,0.972,-0.000
500,0.028,0.902,0.070
1000,0.037,0.664,0.300
1500,0.043,0.440,0.517
2000,0.070,0.318,0.612
2500,0.092,0.187,0.722
3000,0.128,0.125,0.746
3500,0.131,0.098,0.771
4000,0.128,0.104,0.768
4500,0.098,0.098,0.804
5000,0.113,0.070,0.817
5500,0.141,0.089,0.771
6000,0.122,0.080,0.798
6500,0.141,0.104,0.755
7000,0.104,0.086,0.810
7500,0.165,0.113,0.722
8000,0.131,0.107,0.761
8500,0.110,0.098,0.792
9000,0.104,0.098,0.798
9500,0.131,0.049,0.820
10000,0.113,0.064,0.823
10500,0.153,0.058,0.789
11000,0.128,0.083,0.789
11500,0.128,0.067,0.804
12000,0.125,0.040,0.835
12500,0.125,0.046,0.829
13000,0.086,0.055,0.859
13500,0.095,0.043,0.862
14000,0.168,0.049,0.783
14500,0.171,0.049,0.780
15000,0.190,0.049,0.761
15500,0.150,0.055,0.795
16000,0.144,0.070,0.786
16500,0.150,0.095,0.755
17000,0.107,0.104,0.789
17500,0.144,0.073,0.783
18000,0.174,0.101,0.725
18500,0.162,0.061,0.777
19000,0.122,0.101,0.777
19500,0.104,0.086,0.810
20000,0.122,0.086,0.792
20500,0.131,0.101,0.768
21000,0.098,0.083,0.820
21500,0.092,0.058,0.850
22000,0.135,0.086,0.780
22500,0.113,0.089,0.798
23000,0.119,0.055,0.826
23500,0.147,0.073,0.780
24000,0.187,0.070,0.743
24500,0.141,0.046,0.813
25000,0.165,0.064,0.771
25500,0.165,0.073,0.761
26000,0.119,0.092,0.789
26500,0.131,0.080,0.789
27000,0.150,0.104,0.746
27500,0.183,0.076,0.740
28000,0.168,0.086,0.746
28500,0.150,0.064,0.786
29000,0.141,0.076,0.783
29500,0.104,0.098,0.798
30000,0.162,0.110,0.728
30500,0.141,0.107,0.752
31000,0.119,0.107,0.774
31500,0.116,0.113,0.771
32000,0.138,0.125,0.737
32500,0.128,0.110,0.761
33000,0.116,0.076,0.807
33500,0.113,0.049,0.838
34000,0.128,0.064,0.807
34500,0.122,0.064,0.813
35000,0.162,0.067,0.771
35500,0.128,0.049,0.823
36000,0.147,0.055,0.798
36500,0.156,0.080,0.765
37000,0.131,0.049,0.820
37500,0.125,0.061,0.813
38000,0.138,0.089,0.774
38500,0.116,0.076,0.807
39000,0.128,0.064,0.807
39500,0.168,0.076,0.755
40000,0.153,0.058,0.789
40500,0.113,0.095,0.792
41000,0.119,0.089,0.792
41500,0.098,0.086,0.817
42000,0.098,0.086,0.817
42500,0.083,0.095,0.823
43000,0.107,0.104,0.789
43500,0.122,0.089,0.789
44000,0.101,0.092,0.807
44500,0.168,0.076,0.755
45000,0.165,0.064,0.771
45500,0.153,0.049,0.798
46000,0.110,0.049,0.841
46500,0.144,0.070,0.786
47000,0.131,0.083,0.786
47500,0.153,0.073,0.774
48000,0.141,0.095,0.765
48500,0.119,0.052,0.829
49000,0.177,0.067,0.755
49500,0.165,0.076,0.758
50000,0.122,0.055,0.823
50500,0.150,0.043,0.807
51000,0.125,0.067,0.807
51500,0.153,0.076,0.771
52000,0.162,0.089,0.749
52500,0.183,0.064,0.752
53000,0.171,0.110,0.719
53500,0.125,0.116,0.758
54000,0.153,0.092,0.755
54500,0.183,0.080,0.737
55000,0.187,0.067,0.746
55500,0.156,0.043,0.801
56000,0.147,0.055,0.798
56500,0.150,0.083,0.768
57000,0.147,0.080,0.774
57500,0.135,0.055,0.810
58000,0.171,0.076,0.752
58500,0.162,0.080,0.758
59000,0.171,0.089,0.740
59500,0.131,0.104,0.765
60000,0.131,0.116,0.752
60500,0.107,0.119,0.774
61000,0.064,0.083,0.853
61500,0.086,0.080,0.835
62000,0.107,0.107,0.786
62500,0.153,0.070,0.777
63000,0.162,0.058,0.780
63500,0.135,0.086,0.780
64000,0.180,0.049,0.771
64500,0.113,0.061,0.826
65000,0.104,0.049,0.847
65500,0.098,0.052,0.850
66000,0.131,0.070,0.798
66500,0.156,0.061,0.783
67000,0.150,0.067,0.783
67500,0.138,0.110,0.752
68000,0.174,0.076,0.749
68500,0.144,0.095,0.761
69000,0.113,0.113,0.774
69500,0.144,0.104,0.752
70000,0.196,0.067,0.737
70500,0.162,0.073,0.765
71000,0.116,0.076,0.807
71500,0.156,0.055,0.789
72000,0.128,0.046,0.826
72500,0.156,0.034,0.810
73000,0.141,0.040,0.820
73500,0.135,0.043,0.823
74000,0.119,0.037,0.844
74500,0.113,0.098,0.789
75000,0.119,0.089,0.792
75500,0.101,0.098,0.801
76000,0.113,0.067,0.820
76500,0.089,0.138,0.774
77000,0.098,0.101,0.801
77500,0.122,0.070,0.807
78000,0.107,0.089,0.804
78500,0.119,0.073,0.807
79000,0.110,0.076,0.813
79500,0.113,0.101,0.786
80000,0.125,0.055,0.820
80500,0.135,0.076,0.789
81000,0.107,0.083,0.810
81500,0.086,0.086,0.829
82000,0.156,0.092,0.752
82500,0.116,0.147,0.737
83000,0.128,0.095,0.777
83500,0.187,0.070,0.743
84000,0.168,0.061,0.771
84500,0.131,0.080,0.789
85000,0.138,0.070,0.792
85500,0.110,0.083,0.807
86000,0.125,0.116,0.758
86500,0.110,0.089,0.801
87000,0.107,0.101,0.792
87500,0.125,0.076,0.798
88000,0.131,0.064,0.804
88500,0.138,0.076,0.786
89000,0.125,0.089,0.786
89500,0.095,0.107,0.798
90000,0.125,0.076,0.798
90500,0.113,0.052,0.835
91000,0.131,0.101,0.768
91500,0.101,0.098,0.801
92000,0.104,0.046,0.850
92500,0.101,0.046,0.853
93000,0.092,0.070,0.838
93500,0.089,0.073,0.838
94000,0.135,0.064,0.801
94500,0.144,0.101,0.755
95000,0.128,0.061,0.810
95500,0.128,0.089,0.783
96000,0.119,0.073,0.807
96500,0.095,0.061,0.844
97000,0.107,0.076,0.817
97500,0.104,0.080,0.817
98000,0.104,0.086,0.810
98500,0.083,0.076,0.841
99000,0.107,0.073,0.820
99500,0.162,0.070,0.768
100000,0.165,0.076,0.758
100500,0.131,0.086,0.783
101000,0.119,0.061,0.820
101500,0.104,0.046,0.850
102000,0.125,0.067,0.807
102500,0.119,0.055,0.826
103000,0.104,0.073,0.823
103500,0.138,0.080,0.783
104000,0.125,0.073,0.801
104500,0.156,0.067,0.777
105000,0.153,0.040,0.807
105500,0.125,0.064,0.810
106000,0.144,0.076,0.780
106500,0.199,0.089,0.713
107000,0.171,0.089,0.740
107500,0.165,0.083,0.752
108000,0.168,0.080,0.752
108500,0.135,0.073,0.792
109000,0.150,0.073,0.777
109500,0.144,0.070,0.786
110000,0.116,0.076,0.807
110500,0.073,0.159,0.768
111000,0.083,0.107,0.810
111500,0.125,0.067,0.807
112000,0.162,0.055,0.783
112500,0.101,0.064,0.835
113000,0.116,0.061,0.823
113500,0.131,0.098,0.771
114000,0.098,0.104,0.798
114500,0.092,0.076,0.832
115000,0.104,0.070,0.826
115500,0.138,0.092,0.771
116000,0.150,0.070,0.780
116500,0.144,0.061,0.795
117000,0.144,0.110,0.746
117500,0.113,0.076,0.810
118000,0.089,0.073,0.838
118500,0.110,0.080,0.810
119000,0.131,0.076,0.792
119500,0.135,0.073,0.792
120000,0.125,0.080,0.795
120500,0.110,0.092,0.798
121000,0.122,0.080,0.798
121500,0.107,0.070,0.823
122000,0.116,0.076,0.807
122500,0.135,0.089,0.777
123000,0.095,0.095,0.810
123500,0.131,0.040,0.829
124000,0.101,0.055,0.844
124500,0.144,0.083,0.774
125000,0.138,0.095,0.768
125500,0.116,0.089,0.795
126000,0.141,0.073,0.786
126500,0.153,0.064,0.783
127000,0.131,0.073,0.795
127500,0.116,0.104,0.780
128000,0.144,0.076,0.780
128500,0.159,0.080,0.761
129000,0.144,0.083,0.774
129500,0.122,0.083,0.795
130000,0.128,0.080,0.792
130500,0.119,0.064,0.817
131000,0.119,0.049,0.832
131500,0.122,0.070,0.807
132000,0.122,0.110,0.768
132500,0.141,0.104,0.755
133000,0.138,0.083,0.780
133500,0.104,0.073,0.823
134000,0.153,0.086,0.761
134500,0.116,0.080,0.804
135000,0.086,0.086,0.829
135500,0.122,0.058,0.820
136000,0.113,0.052,0.835
136500,0.162,0.073,0.765
137000,0.168,0.061,0.771
137500,0.092,0.067,0.841
138000,0.122,0.070,0.807
138500,0.095,0.092,0.813
139000,0.092,0.119,0.789
139500,0.125,0.073,0.801
140000,0.174,0.070,0.755
140500,0.153,0.061,0.786
141000,0.211,0.064,0.725
141500,0.183,0.043,0.774
142000,0.168,0.067,0.765
142500,0.183,0.037,0.780
143000,0.147,0.064,0.789
143500,0.138,0.080,0.783
144000,0.141,0.080,0.780
144500,0.156,0.070,0.774
145000,0.153,0.061,0.786
145500,0.122,0.064,0.813
146000,0.110,0.092,0.798
146500,0.095,0.086,0.820
147000,0.095,0.101,0.804
147500,0.095,0.101,0.804
148000,0.098,0.131,0.771
148500,0.104,0.119,0.777
149000,0.125,0.073,0.801
149500,0.131,0.058,0.810
150000,0.125,0.083,0.792
150500,0.107,0.061,0.832
151000,0.083,0.076,0.841
151500,0.113,0.104,0.783
152000,0.101,0.089,0.810
152500,0.141,0.086,0.774
153000,0.147,0.064,0.789
153500,0.128,0.098,0.774
154000,0.107,0.070,0.823
154500,0.128,0.070,0.801
155000,0.135,0.052,0.813
155500,0.125,0.101,0.774
156000,0.138,0.104,0.758
156500,0.125,0.116,0.758
157000,0.128,0.113,0.758
157500,0.122,0.110,0.768
158000,0.125,0.083,0.792
158500,0.119,0.092,0.789
159000,0.125,0.061,0.813
159500,0.128,0.101,0.771
160000,0.141,0.080,0.780
160500,0.116,0.061,0.823
161000,0.138,0.058,0.804
161500,0.138,0.040,0.823
162000,0.156,0.073,0.771
162500,0.180,0.067,0.752
163000,0.168,0.055,0.777
163500,0.168,0.055,0.777
164000,0.116,0.110,0.774
164500,0.104,0.089,0.807
165000,0.113,0.083,0.804
165500,0.128,0.083,0.789
166000,0.122,0.095,0.783
166500,0.141,0.070,0.789
167000,0.144,0.064,0.792
167500,0.168,0.076,0.755
168000,0.116,0.061,0.823
168500,0.113,0.092,0.795
169000,0.138,0.080,0.783
169500,0.113,0.080,0.807
170000,0.107,0.073,0.820
170500,0.138,0.040,0.823
171000,0.092,0.037,0.872
171500,0.162,0.055,0.783
172000,0.131,0.073,0.795
172500,0.165,0.043,0.792
173000,0.171,0.049,0.780
173500,0.153,0.080,0.768
174000,0.135,0.095,0.771
174500,0.165,0.092,0.743
175000,0.131,0.064,0.804
175500,0.098,0.110,0.792
176000,0.116,0.083,0.801
176500,0.138,0.061,0.801
177000,0.168,0.076,0.755
177500,0.135,0.058,0.807
178000,0.128,0.067,0.804
178500,0.150,0.046,0.804
179000,0.162,0.049,0.789
179500,0.138,0.073,0.789
180000,0.113,0.070,0.817
180500,0.125,0.073,0.801
181000,0.131,0.092,0.777
181500,0.150,0.107,0.743
182000,0.135,0.089,0.777
182500,0.110,0.110,0.780
183000,0.098,0.113,0.789
183500,0.107,0.098,0.795
184000,0.110,0.083,0.807
184500,0.092,0.098,0.810
185000,0.150,0.089,0.761
185500,0.190,0.064,0.746
186000,0.153,0.061,0.786
186500,0.107,0.055,0.838
187000,0.125,0.058,0.817
187500,0.147,0.049,0.804
188000,0.174,0.046,0.780
188500,0.135,0.052,0.813
189000,0.165,0.064,0.771
189500,0.113,0.076,0.810
190000,0.113,0.080,0.807
190500,0.138,0.119,0.743
191000,0.147,0.083,0.771
191500,0.159,0.064,0.777
192000,0.092,0.089,0.820
192500,0.153,0.086,0.761
193000,0.135,0.040,0.826
193500,0.156,0.061,0.783
194000,0.125,0.073,0.801
194500,0.107,0.116,0.777
195000,0.073,0.131,0.795
195500,0.116,0.122,0.761
196000,0.125,0.110,0.765
196500,0.119,0.076,0.804
197000,0.122,0.083,0.795
197500,0.141,0.083,0.777
198000,0.131,0.073,0.795
198500,0.128,0.067,0.804
199000,0.107,0.043,0.850
199500,0.098,0.104,0.798
200000,0.159,0.086,0.755
200500,0.150,0.067,0.783
201000,0.147,0.064,0.789
201500,0.153,0.067,0.780
202000,0.150,0.061,0.789
202500,0.162,0.086,0.752
203000,0.144,0.092,0.765
203500,0.119,0.098,0.783
204000,0.122,0.116,0.761
204500,0.122,0.080,0.798
205000,0.141,0.070,0.789
205500,0.101,0.098,0.801
206000,0.128,0.083,0.789
206500,0.095,0.086,0.820
207000,0.076,0.107,0.817
207500,0.104,0.089,0.807
208000,0.095,0.113,0.792
208500,0.104,0.110,0.786
209000,0.083,0.086,0.832
209500,0.076,0.104,0.820
210000,0.113,0.092,0.795
210500,0.116,0.086,0.798
211000,0.113,0.107,0.780
211500,0.113,0.116,0.771
212000,0.116,0.080,0.804
212500,0.116,0.070,0.813
213000,0.107,0.055,0.838
213500,0.116,0.101,0.783
214000,0.113,0.073,0.813
214500,0.113,0.073,0.813
215000,0.095,0.104,0.801
215500,0.141,0.101,0.758
216000,0.138,0.092,0.771
216500,0.135,0.089,0.777
217000,0.141,0.083,0.777
217500,0.092,0.083,0.826
218000,0.147,0.073,0.780
218500,0.128,0.092,0.780
219000,0.107,0.092,0.801
219500,0.131,0.052,0.817
220000,0.144,0.095,0.761
220500,0.162,0.067,0.771
221000,0.116,0.092,0.792
221500,0.128,0.070,0.801
222000,0.131,0.101,0.768
222500,0.153,0.058,0.789
223000,0.122,0.058,0.820
223500,0.147,0.098,0.755
224000,0.138,0.070,0.792
224500,0.128,0.076,0.795
225000,0.110,0.083,0.807
225500,0.095,0.153,0.752
226000,0.104,0.144,0.752
226500,0.101,0.107,0.792
227000,0.128,0.119,0.752
227500,0.116,0.138,0.746
228000,0.116,0.138,0.746
228500,0.125,0.080,0.795
229000,0.119,0.055,0.826
229500,0.119,0.095,0.786
230000,0.144,0.073,0.783
230500,0.144,0.070,0.786
231000,0.110,0.113,0.777
231500,0.131,0.089,0.780
232000,0.125,0.073,0.801
232500,0.128,0.064,0.807
233000,0.128,0.083,0.789
233500,0.116,0.086,0.798
234000,0.116,0.043,0.841
234500,0.128,0.052,0.820
235000,0.128,0.086,0.786
235500,0.141,0.070,0.789
236000,0.141,0.092,0.768
236500,0.159,0.092,0.749
237000,0.174,0.046,0.780
237500,0.138,0.083,0.780
238000,0.156,0.092,0.752
238500,0.131,0.089,0.780
239000,0.110,0.116,0.774
239500,0.150,0.089,0.761
240000,0.196,0.110,0.694
240500,0.153,0.098,0.749
241000,0.135,0.061,0.804
241500,0.125,0.058,0.817
242000,0.138,0.107,0.755
242500,0.116,0.110,0.774
243000,0.104,0.073,0.823
243500,0.110,0.055,0.835
244000,0.128,0.089,0.783
244500,0.147,0.101,0.752
245000,0.128,0.101,0.771
245500,0.089,0.125,0.786
246000,0.076,0.177,0.746
246500,0.098,0.135,0.768
247000,0.104,0.116,0.780
247500,0.095,0.119,0.786
248000,0.101,0.113,0.786
248500,0.113,0.080,0.807
249000,0.131,0.083,0.786
249500,0.119,0.113,0.768
250000,0.128,0.104,0.768
250500,0.131,0.104,0.765
251000,0.098,0.107,0.795
251500,0.131,0.061,0.807
252000,0.131,0.098,0.771
252500,0.113,0.095,0.792
253000,0.153,0.070,0.777
253500,0.141,0.067,0.792
254000,0.147,0.070,0.783
254500,0.116,0.058,0.826
255000,0.098,0.083,0.820
255500,0.095,0.098,0.807
256000,0.119,0.089,0.792
256500,0.138,0.067,0.795
257000,0.092,0.086,0.823
257500,0.153,0.104,0.743
258000,0.150,0.086,0.765
258500,0.110,0.119,0.771
259000,0.083,0.089,0.829
259500,0.101,0.098,0.801
260000,0.098,0.095,0.807
260500,0.156,0.089,0.755
261000,0.131,0.092,0.777
261500,0.131,0.070,0.798
262000,0.131,0.037,0.832
262500,0.119,0.055,0.826
263000,0.122,0.076,0.801
263500,0.101,0.055,0.844
264000,0.122,0.076,0.801
264500,0.141,0.076,0.783
265000,0.116,0.101,0.783
265500,0.086,0.104,0.810
266000,0.095,0.101,0.804
266500,0.086,0.116,0.798
267000,0.098,0.086,0.817
267500,0.113,0.052,0.835
268000,0.113,0.095,0.792
268500,0.119,0.086,0.795
269000,0.141,0.067,0.792
269500,0.110,0.116,0.774
270000,0.128,0.073,0.798
270500,0.128,0.086,0.786
271000,0.113,0.116,0.771
271500,0.101,0.122,0.777
272000,0.098,0.138,0.765
272500,0.092,0.153,0.755
273000,0.107,0.119,0.774
273500,0.131,0.116,0.752
274000,0.098,0.125,0.777
274500,0.107,0.098,0.795
275000,0.150,0.098,0.752
275500,0.125,0.125,0.749
276000,0.107,0.104,0.789
276500,0.131,0.086,0.783
277000,0.125,0.070,0.804
277500,0.128,0.104,0.768
278000,0.098,0.101,0.801
278500,0.156,0.116,0.728
279000,0.144,0.076,0.780
279500,0.092,0.086,0.823
280000,0.116,0.092,0.792
280500,0.135,0.073,0.792
281000,0.125,0.107,0.768
281500,0.147,0.095,0.758
282000,0.098,0.089,0.813
282500,0.101,0.089,0.810
283000,0.116,0.080,0.804
283500,0.135,0.083,0.783
284000,0.098,0.076,0.826
284500,0.089,0.098,0.813
285000,0.122,0.080,0.798
285500,0.156,0.055,0.789
286000,0.119,0.040,0.841
286500,0.131,0.064,0.804
287000,0.147,0.076,0.777
287500,0.141,0.058,0.801
288000,0.125,0.080,0.795
288500,0.107,0.089,0.804
289000,0.135,0.107,0.758
289500,0.131,0.083,0.786
290000,0.104,0.055,0.841
290500,0.119,0.046,0.835
291000,0.159,0.040,0.801
291500,0.196,0.046,0.758
292000,0.205,0.055,0.740
292500,0.187,0.058,0.755
293000,0.156,0.043,0.801
293500,0.150,0.067,0.783
294000,0.208,0.037,0.755
294500,0.177,0.073,0.749
295000,0.138,0.046,0.817
295500,0.113,0.107,0.780
296000,0.116,0.089,0.795
296500,0.086,0.131,0.783
297000,0.144,0.113,0.743
297500,0.162,0.110,0.728
298000,0.125,0.070,0.804
298500,0.138,0.083,0.780
299000,0.125,0.092,0.783
299500,0.119,0.122,0.758
300000,0.110,0.067,0.823
300500,0.156,0.058,0.786
301000,0.183,0.089,0.728
301500,0.144,0.076,0.780
302000,0.113,0.040,0.847
302500,0.128,0.052,0.820
303000,0.147,0.046,0.807
303500,0.196,0.067,0.737
304000,0.171,0.061,0.768
304500,0.159,0.055,0.786
305000,0.147,0.058,0.795
305500,0.162,0.046,0.792
306000,0.138,0.076,0.786
306500,0.125,0.067,0.807
307000,0.125,0.043,0.832
307500,0.156,0.046,0.798
308000,0.183,0.028,0.789
308500,0.150,0.067,0.783
309000,0.125,0.080,0.795
309500,0.147,0.055,0.798
310000,0.159,0.064,0.777
310500,0.147,0.043,0.810
311000,0.153,0.034,0.813
311500,0.135,0.061,0.804
312000,0.168,0.049,0.783
312500,0.183,0.049,0.768
313000,0.153,0.101,0.746
313500,0.131,0.064,0.804
314000,0.150,0.110,0.740
314500,0.156,0.070,0.774
315000,0.119,0.073,0.807
315500,0.131,0.064,0.804
316000,0.138,0.073,0.789
316500,0.138,0.101,0.761
317000,0.147,0.095,0.758
317500,0.165,0.049,0.786
318000,0.122,0.043,0.835
318500,0.131,0.098,0.771
319000,0.159,0.055,0.786
319500,0.177,0.040,0.783
320000,0.144,0.083,0.774
320500,0.135,0.076,0.789
321000,0.153,0.083,0.765
321500,0.138,0.067,0.795
322000,0.135,0.052,0.813
322500,0.125,0.052,0.823
323000,0.193,0.076,0.731
323500,0.144,0.067,0.789
324000,0.147,0.076,0.777
324500,0.144,0.061,0.795
325000,0.098,0.092,0.810
325500,0.092,0.101,0.807
326000,0.086,0.095,0.820
326500,0.122,0.067,0.810
327000,0.156,0.092,0.752
327500,0.156,0.055,0.789
328000,0.156,0.031,0.813
328500,0.144,0.070,0.786
329000,0.110,0.098,0.792
329500,0.153,0.101,0.746
330000,0.141,0.083,0.777
330500,0.098,0.107,0.795
331000,0.098,0.092,0.810
331500,0.147,0.086,0.768
332000,0.162,0.061,0.777
332500,0.159,0.070,0.771
333000,0.150,0.086,0.765
333500,0.125,0.095,0.780
334000,0.110,0.083,0.807
334500,0.128,0.095,0.777
335000,0.113,0.116,0.771
335500,0.119,0.080,0.801
336000,0.119,0.101,0.780
336500,0.141,0.058,0.801
337000,0.119,0.098,0.783
337500,0.083,0.098,0.820
338000,0.110,0.058,0.832
338500,0.119,0.089,0.792
339000,0.116,0.095,0.789
339500,0.076,0.101,0.823
340000,0.101,0.083,0.817
340500,0.110,0.089,0.801
341000,0.141,0.076,0.783
341500,0.113,0.061,0.826
342000,0.159,0.076,0.765
342500,0.141,0.092,0.768
343000,0.165,0.055,0.780
343500,0.171,0.058,0.771
344000,0.193,0.076,0.731
344500,0.168,0.073,0.758
345000,0.180,0.067,0.752
345500,0.147,0.086,0.768
346000,0.125,0.104,0.771
346500,0.128,0.104,0.768
347000,0.156,0.113,0.731
347500,0.159,0.067,0.774
348000,0.205,0.073,0.722
348500,0.168,0.080,0.752
349000,0.150,0.055,0.795
349500,0.159,0.046,0.795
350000,0.165,0.061,0.774
350500,0.141,0.058,0.801
351000,0.165,0.049,0.786
351500,0.141,0.086,0.774
352000,0.141,0.055,0.804
352500,0.159,0.061,0.780
353000,0.138,0.055,0.807
353500,0.156,0.049,0.795
354000,0.107,0.092,0.801
354500,0.141,0.076,0.783
355000,0.119,0.092,0.789
355500,0.101,0.089,0.810
356000,0.135,0.086,0.780
356500,0.110,0.073,0.817
357000,0.125,0.098,0.777
357500,0.110,0.064,0.826
358000,0.113,0.089,0.798
358500,0.113,0.083,0.804
359000,0.101,0.061,0.838
359500,0.135,0.095,0.771
360000,0.122,0.083,0.795
360500,0.110,0.073,0.817
361000,0.095,0.070,0.835
361500,0.122,0.122,0.755
362000,0.110,0.089,0.801
362500,0.135,0.086,0.780
363000,0.110,0.095,0.795
363500,0.138,0.092,0.771
364000,0.107,0.086,0.807
364500,0.122,0.095,0.783
365000,0.101,0.080,0.820
365500,0.098,0.086,0.817
366000,0.086,0.080,0.835
366500,0.156,0.098,0.746
367000,0.144,0.070,0.786
367500,0.150,0.046,0.804
368000,0.147,0.058,0.795
368500,0.150,0.080,0.771
369000,0.116,0.061,0.823
369500,0.147,0.058,0.795
370000,0.119,0.055,0.826
370500,0.098,0.034,0.869
371000,0.101,0.076,0.823
371500,0.104,0.067,0.829
372000,0.107,0.101,0.792
372500,0.135,0.128,0.737
373000,0.092,0.110,0.798
373500,0.107,0.095,0.798
374000,0.119,0.076,0.804
374500,0.119,0.107,0.774
375000,0.073,0.092,0.835
375500,0.131,0.098,0.771
376000,0.110,0.098,0.792
376500,0.168,0.076,0.755
377000,0.131,0.070,0.798
377500,0.107,0.083,0.810
378000,0.095,0.046,0.859
378500,0.104,0.061,0.835
379000,0.095,0.092,0.813
379500,0.110,0.089,0.801
380000,0.131,0.067,0.801
380500,0.141,0.049,0.810
381000,0.101,0.061,0.838
381500,0.131,0.092,0.777
382000,0.086,0.101,0.813
382500,0.095,0.125,0.780
383000,0.119,0.101,0.780
383500,0.095,0.076,0.829
384000,0.110,0.052,0.838
384500,0.125,0.043,0.832
385000,0.122,0.061,0.817
385500,0.168,0.058,0.774
386000,0.138,0.040,0.823
386500,0.110,0.055,0.835
387000,0.122,0.052,0.826
387500,0.156,0.073,0.771
388000,0.144,0.083,0.774
388500,0.162,0.070,0.768
389000,0.138,0.095,0.768
389500,0.119,0.086,0.795
390000,0.153,0.098,0.749
390500,0.131,0.083,0.786
391000,0.113,0.098,0.789
391500,0.147,0.064,0.789
392000,0.135,0.064,0.801
392500,0.138,0.080,0.783
393000,0.128,0.095,0.777
393500,0.147,0.070,0.783
394000,0.147,0.058,0.795
394500,0.135,0.070,0.795
395000,0.119,0.086,0.795
395500,0.104,0.073,0.823
396000,0.144,0.119,0.737
396500,0.147,0.098,0.755
397000,0.144,0.089,0.768
397500,0.165,0.101,0.734
398000,0.122,0.083,0.795
398500,0.165,0.092,0.743
399000,0.156,0.083,0.761
399500,0.174,0.086,0.740
400000,0.156,0.049,0.795
400500,0.168,0.046,0.786
401000,0.183,0.070,0.746
401500,0.128,0.070,0.801
402000,0.125,0.064,0.810
402500,0.113,0.080,0.807
403000,0.116,0.098,0.786
403500,0.119,0.101,0.780
404000,0.110,0.080,0.810
404500,0.119,0.070,0.810
405000,0.089,0.058,0.853
405500,0.144,0.046,0.810
406000,0.131,0.046,0.823
406500,0.122,0.067,0.810
407000,0.144,0.076,0.780
407500,0.144,0.076,0.780
408000,0.119,0.098,0.783
408500,0.113,0.086,0.801
409000,0.113,0.070,0.817
409500,0.101,0.095,0.804
410000,0.113,0.064,0.823
410500,0.119,0.083,0.798
411000,0.104,0.128,0.768
411500,0.073,0.086,0.841
412000,0.086,0.098,0.817
412500,0.119,0.113,0.768
413000,0.104,0.080,0.817
413500,0.095,0.116,0.789
414000,0.128,0.110,0.761
414500,0.122,0.086,0.792
415000,0.150,0.086,0.765
415500,0.125,0.086,0.789
416000,0.107,0.107,0.786
416500,0.153,0.086,0.761
417000,0.125,0.080,0.795
417500,0.098,0.073,0.829
418000,0.141,0.110,0.749
418500,0.119,0.092,0.789
419000,0.116,0.107,0.777
419500,0.125,0.104,0.771
420000,0.113,0.070,0.817
420500,0.125,0.064,0.810
421000,0.141,0.076,0.783
421500,0.122,0.104,0.774
422000,0.104,0.095,0.801
422500,0.110,0.080,0.810
423000,0.110,0.098,0.792
423500,0.153,0.110,0.737
424000,0.135,0.083,0.783
424500,0.144,0.080,0.777
425000,0.138,0.064,0.798
425500,0.131,0.080,0.789
426000,0.177,0.058,0.765
426500,0.128,0.049,0.823
427000,0.125,0.061,0.813
427500,0.092,0.061,0.847
428000,0.110,0.092,0.798
428500,0.125,0.092,0.783
429000,0.153,0.101,0.746
429500,0.138,0.098,0.765
430000,0.165,0.113,0.722
430500,0.119,0.104,0.777
431000,0.107,0.095,0.798
431500,0.131,0.083,0.786
432000,0.125,0.064,0.810
432500,0.138,0.089,0.774
433000,0.153,0.043,0.804
433500,0.159,0.058,0.783
434000,0.135,0.046,0.820
434500,0.147,0.098,0.755
435000,0.116,0.095,0.789
435500,0.110,0.086,0.804
436000,0.119,0.128,0.752
436500,0.113,0.092,0.795
437000,0.150,0.101,0.749
437500,0.153,0.092,0.755
438000,0.141,0.070,0.789
438500,0.153,0.064,0.783
439000,0.113,0.083,0.804
439500,0.104,0.086,0.810
440000,0.125,0.086,0.789
440500,0.092,0.104,0.804
441000,0.080,0.113,0.807
441500,0.098,0.092,0.810
442000,0.119,0.076,0.804
442500,0.101,0.098,0.801
443000,0.131,0.101,0.768
443500,0.113,0.070,0.817
444000,0.128,0.055,0.817
444500,0.168,0.040,0.792
445000,0.144,0.046,0.810
445500,0.131,0.080,0.789
446000,0.086,0.101,0.813
446500,0.107,0.113,0.780
447000,0.076,0.122,0.801
447500,0.083,0.116,0.801
448000,0.089,0.128,0.783
448500,0.113,0.110,0.777
449000,0.131,0.107,0.761
449500,0.131,0.086,0.783
450000,0.089,0.095,0.817
450500,0.116,0.104,0.780
451000,0.119,0.107,0.774
451500,0.141,0.086,0.774
452000,0.095,0.067,0.838
452500,0.135,0.092,0.774
453000,0.125,0.070,0.804
453500,0.092,0.107,0.801
454000,0.131,0.116,0.752
454500,0.156,0.101,0.743
455000,0.141,0.110,0.749
455500,0.119,0.061,0.820
456000,0.138,0.040,0.823
456500,0.150,0.055,0.795
457000,0.147,0.086,0.768
457500,0.162,0.073,0.765
458000,0.104,0.104,0.792
458500,0.095,0.067,0.838
459000,0.095,0.086,0.820
459500,0.110,0.095,0.795
460000,0.138,0.076,0.786
460500,0.110,0.064,0.826
461000,0.101,0.076,0.823
461500,0.095,0.107,0.798
462000,0.122,0.052,0.826
462500,0.156,0.037,0.807
463000,0.125,0.046,0.829
463500,0.116,0.080,0.804
464000,0.138,0.083,0.780
464500,0.119,0.092,0.789
465000,0.101,0.058,0.841
465500,0.159,0.049,0.792
466000,0.125,0.055,0.820
466500,0.150,0.086,0.765
467000,0.128,0.043,0.829
467500,0.128,0.089,0.783
468000,0.101,0.064,0.835
468500,0.089,0.116,0.795
469000,0.089,0.119,0.792
469500,0.095,0.080,0.826
470000,0.131,0.098,0.771
470500,0.101,0.107,0.792
471000,0.098,0.107,0.795
471500,0.113,0.083,0.804
472000,0.141,0.089,0.771
472500,0.141,0.076,0.783
473000,0.147,0.083,0.771
473500,0.128,0.095,0.777
474000,0.092,0.064,0.844
474500,0.125,0.064,0.810
475000,0.092,0.080,0.829
475500,0.101,0.138,0.761
476000,0.141,0.144,0.716
476500,0.125,0.110,0.765
477000,0.076,0.107,0.817
477500,0.104,0.138,0.758
478000,0.092,0.098,0.810
478500,0.107,0.080,0.813
479000,0.138,0.067,0.795
479500,0.153,0.070,0.777
480000,0.131,0.076,0.792
480500,0.113,0.089,0.798
481000,0.122,0.138,0.740
481500,0.110,0.083,0.807
482000,0.113,0.104,0.783
482500,0.135,0.052,0.813
483000,0.104,0.098,0.798
483500,0.122,0.061,0.817
484000,0.107,0.073,0.820
484500,0.135,0.067,0.798
485000,0.141,0.043,0.817
485500,0.101,0.080,0.820
486000,0.113,0.086,0.801
486500,0.107,0.076,0.817
487000,0.150,0.040,0.810
487500,0.150,0.058,0.792
488000,0.110,0.055,0.835
488500,0.101,0.086,0.813
489000,0.144,0.110,0.746
489500,0.156,0.080,0.765
490000,0.138,0.073,0.789
490500,0.119,0.104,0.777
491000,0.080,0.086,0.835
491500,0.080,0.101,0.820
492000,0.104,0.067,0.829
492500,0.101,0.073,0.826
493000,0.180,0.040,0.780
493500,0.107,0.064,0.829
494000,0.076,0.125,0.798
494500,0.116,0.131,0.752
495000,0.101,0.083,0.817
495500,0.098,0.110,0.792
496000,0.110,0.086,0.804
496500,0.125,0.067,0.807
497000,0.076,0.104,0.820
497500,0.086,0.110,0.804
498000,0.128,0.070,0.801
498500,0.135,0.122,0.743
499000,0.119,0.086,0.795
499500,0.153,0.064,0.783
500000,0.131,0.073,0.795
500500,0.153,0.076,0.771
501000,0.131,0.064,0.804
501500,0.138,0.070,0.792
502000,0.168,0.083,0.749
502500,0.141,0.101,0.758
503000,0.101,0.080,0.820
503500,0.119,0.080,0.801
504000,0.110,0.092,0.798
504500,0.113,0.070,0.817
505000,0.119,0.092,0.789
505500,0.119,0.055,0.826
506000,0.119,0.107,0.774
506500,0.110,0.089,0.801
507000,0.150,0.110,0.740
507500,0.159,0.101,0.740
508000,0.144,0.058,0.798
508500,0.153,0.076,0.771
509000,0.110,0.064,0.826
509500,0.131,0.052,0.817
510000,0.165,0.040,0.795
510500,0.147,0.052,0.801
511000,0.150,0.046,0.804
511500,0.131,0.067,0.801
512000,0.144,0.073,0.783
512500,0.138,0.080,0.783
513000,0.113,0.101,0.786
513500,0.113,0.098,0.789
514000,0.122,0.064,0.813
514500,0.153,0.052,0.795
515000,0.131,0.043,0.826
515500,0.122,0.076,0.801
516000,0.138,0.070,0.792
516500,0.128,0.058,0.813
517000,0.147,0.052,0.801
517500,0.131,0.080,0.789
518000,0.122,0.076,0.801
518500,0.098,0.080,0.823
519000,0.083,0.131,0.786
519500,0.101,0.086,0.813
520000,0.159,0.076,0.765
520500,0.095,0.095,0.810
521000,0.119,0.089,0.792
521500,0.144,0.086,0.771
522000,0.135,0.070,0.795
522500,0.150,0.058,0.792
523000,0.162,0.067,0.771
523500,0.153,0.064,0.783
524000,0.122,0.073,0.804
524500,0.116,0.064,0.820
525000,0.113,0.052,0.835
525500,0.092,0.086,0.823
526000,0.107,0.070,0.823
526500,0.147,0.125,0.728
527000,0.153,0.070,0.777
527500,0.156,0.070,0.774
528000,0.110,0.089,0.801
528500,0.107,0.122,0.771
529000,0.131,0.107,0.761
529500,0.119,0.067,0.813
530000,0.153,0.049,0.798
530500,0.150,0.061,0.789
531000,0.144,0.073,0.783
531500,0.156,0.046,0.798
532000,0.171,0.049,0.780
532500,0.116,0.083,0.801
533000,0.125,0.064,0.810
533500,0.150,0.076,0.774
534000,0.128,0.073,0.798
534500,0.138,0.101,0.761
535000,0.119,0.083,0.798
535500,0.107,0.104,0.789
536000,0.116,0.095,0.789
536500,0.119,0.086,0.795
537000,0.131,0.073,0.795
537500,0.107,0.080,0.813
538000,0.174,0.064,0.761
538500,0.153,0.073,0.774
539000,0.128,0.055,0.817
539500,0.116,0.067,0.817
540000,0.135,0.067,0.798
540500,0.116,0.070,0.813
541000,0.122,0.061,0.817
541500,0.110,0.092,0.798
542000,0.141,0.101,0.758
542500,0.144,0.101,0.755
543000,0.165,0.083,0.752
543500,0.156,0.046,0.798
544000,0.211,0.055,0.734
544500,0.125,0.052,0.823
545000,0.153,0.052,0.795
545500,0.156,0.055,0.789
546000,0.177,0.052,0.771
546500,0.147,0.073,0.780
547000,0.168,0.098,0.734
547500,0.135,0.095,0.771
548000,0.101,0.073,0.826
548500,0.070,0.080,0.850
549000,0.080,0.125,0.795
549500,0.083,0.107,0.810
550000,0.089,0.107,0.804
550500,0.135,0.073,0.792
551000,0.080,0.138,0.783
551500,0.095,0.110,0.795
552000,0.116,0.061,0.823
552500,0.116,0.046,0.838
553000,0.128,0.055,0.817
553500,0.131,0.089,0.780
554000,0.128,0.113,0.758
554500,0.104,0.076,0.820
555000,0.113,0.095,0.792
555500,0.098,0.083,0.820
556000,0.159,0.070,0.771
556500,0.131,0.086,0.783
557000,0.128,0.046,0.826
557500,0.131,0.064,0.804
558000,0.128,0.067,0.804
558500,0.150,0.061,0.789
559000,0.144,0.067,0.789
559500,0.135,0.043,0.823
560000,0.168,0.055,0.777
560500,0.147,0.055,0.798
561000,0.159,0.043,0.798
561500,0.131,0.076,0.792
562000,0.135,0.067,0.798
562500,0.138,0.095,0.768
563000,0.144,0.113,0.743
563500,0.122,0.107,0.771
564000,0.122,0.104,0.774
564500,0.119,0.104,0.777
565000,0.119,0.046,0.835
565500,0.141,0.064,0.795
566000,0.125,0.064,0.810
566500,0.107,0.086,0.807
567000,0.098,0.061,0.841
567500,0.104,0.080,0.817
568000,0.147,0.064,0.789
568500,0.131,0.043,0.826
569000,0.128,0.040,0.832
569500,0.153,0.061,0.786
570000,0.113,0.098,0.789
570500,0.122,0.083,0.795
571000,0.116,0.135,0.749
571500,0.083,0.128,0.789
572000,0.073,0.113,0.813
572500,0.058,0.098,0.844
573000,0.095,0.086,0.820
573500,0.156,0.089,0.755
574000,0.147,0.089,0.765
574500,0.144,0.098,0.758
575000,0.159,0.070,0.771
575500,0.153,0.058,0.789
576000,0.131,0.076,0.792
576500,0.128,0.086,0.786
577000,0.135,0.080,0.786
577500,0.122,0.076,0.801
578000,0.150,0.049,0.801
578500,0.107,0.080,0.813
579000,0.144,0.086,0.771
579500,0.141,0.095,0.765
580000,0.156,0.076,0.768
580500,0.153,0.095,0.752
581000,0.101,0.095,0.804
581500,0.131,0.083,0.786
582000,0.138,0.043,0.820
582500,0.104,0.034,0.862
583000,0.095,0.064,0.841
583500,0.095,0.110,0.795
584000,0.125,0.110,0.765
584500,0.150,0.076,0.774
585000,0.119,0.083,0.798
585500,0.128,0.046,0.826
586000,0.147,0.058,0.795
586500,0.147,0.067,0.786
587000,0.141,0.073,0.786
587500,0.144,0.086,0.771
588000,0.110,0.116,0.774
588500,0.107,0.064,0.829
589000,0.147,0.037,0.817
589500,0.168,0.046,0.786
590000,0.187,0.043,0.771
590500,0.144,0.040,0.817
591000,0.119,0.055,0.826
591500,0.159,0.052,0.789
592000,0.116,0.061,0.823
592500,0.119,0.067,0.813
593000,0.174,0.070,0.755
593500,0.119,0.058,0.823
594000,0.138,0.070,0.792
594500,0.131,0.076,0.792
595000,0.107,0.098,0.795
595500,0.116,0.086,0.798
596000,0.116,0.083,0.801
596500,0.128,0.070,0.801
597000,0.101,0.067,0.832
597500,0.153,0.070,0.777
598000,0.131,0.058,0.810
598500,0.122,0.061,0.817
599000,0.119,0.055,0.826
599500,0.110,0.101,0.789
600000,0.150,0.095,0.755
600500,0.168,0.101,0.731
601000,0.141,0.095,0.765
601500,0.144,0.098,0.758
602000,0.131,0.083,0.786
602500,0.110,0.089,0.801
603000,0.122,0.089,0.789
603500,0.113,0.076,0.810
604000,0.144,0.083,0.774
604500,0.122,0.110,0.768
605000,0.162,0.070,0.768
605500,0.107,0.104,0.789
606000,0.125,0.089,0.786
606500,0.153,0.083,0.765
607000,0.159,0.061,0.780
607500,0.144,0.076,0.780
608000,0.092,0.080,0.829
608500,0.128,0.058,0.813
609000,0.125,0.073,0.801
609500,0.083,0.086,0.832
610000,0.110,0.098,0.792
610500,0.131,0.135,0.734
611000,0.125,0.119,0.755
611500,0.095,0.086,0.820
612000,0.092,0.070,0.838
612500,0.116,0.064,0.820
613000,0.119,0.083,0.798
613500,0.141,0.067,0.792
614000,0.116,0.064,0.820
614500,0.083,0.086,0.832
615000,0.113,0.092,0.795
615500,0.131,0.092,0.777
616000,0.110,0.080,0.810
616500,0.128,0.080,0.792
617000,0.122,0.070,0.807
617500,0.150,0.083,0.768
618000,0.141,0.095,0.765
618500,0.135,0.067,0.798
619000,0.122,0.086,0.792
619500,0.144,0.067,0.789
620000,0.153,0.086,0.761
620500,0.144,0.064,0.792
621000,0.156,0.043,0.801
621500,0.122,0.058,0.820
622000,0.116,0.055,0.829
622500,0.122,0.073,0.804
623000,0.147,0.055,0.798
623500,0.135,0.076,0.789
624000,0.125,0.110,0.765
624500,0.122,0.089,0.789
625000,0.150,0.089,0.761
625500,0.153,0.073,0.774
626000,0.110,0.089,0.801
626500,0.101,0.089,0.810
627000,0.110,0.058,0.832
627500,0.138,0.061,0.801
628000,0.156,0.055,0.789
628500,0.171,0.055,0.774
629000,0.156,0.104,0.740
629500,0.153,0.046,0.801
630000,0.128,0.058,0.813
630500,0.183,0.070,0.746
631000,0.165,0.058,0.777
631500,0.135,0.061,0.804
632000,0.125,0.061,0.813
632500,0.095,0.089,0.817
633000,0.076,0.083,0.841
633500,0.095,0.113,0.792
634000,0.150,0.104,0.746
634500,0.135,0.083,0.783
635000,0.150,0.061,0.789
635500,0.147,0.076,0.777
636000,0.144,0.076,0.780
636500,0.122,0.083,0.795
637000,0.089,0.067,0.844
637500,0.116,0.083,0.801
638000,0.116,0.104,0.780
638500,0.116,0.110,0.774
639000,0.125,0.104,0.771
639500,0.131,0.089,0.780
640000,0.095,0.098,0.807
640500,0.162,0.089,0.749
641000,0.144,0.070,0.786
641500,0.150,0.076,0.774
642000,0.150,0.092,0.758
642500,0.128,0.076,0.795
643000,0.073,0.110,0.817
643500,0.104,0.144,0.752
644000,0.116,0.119,0.765
644500,0.119,0.101,0.780
645000,0.138,0.116,0.746
645500,0.144,0.101,0.755
646000,0.165,0.067,0.768
646500,0.174,0.080,0.746
647000,0.147,0.067,0.786
647500,0.119,0.080,0.801
648000,0.104,0.113,0.783
648500,0.095,0.162,0.743
649000,0.122,0.119,0.758
649500,0.122,0.101,0.777
650000,0.110,0.083,0.807
650500,0.110,0.076,0.813
651000,0.141,0.052,0.807
651500,0.119,0.098,0.783
652000,0.122,0.083,0.795
652500,0.131,0.070,0.798
653000,0.144,0.073,0.783
653500,0.165,0.076,0.758
654000,0.141,0.095,0.765
654500,0.128,0.104,0.768
655000,0.107,0.040,0.853
655500,0.098,0.089,0.813
656000,0.107,0.086,0.807
656500,0.138,0.070,0.792
657000,0.116,0.119,0.765
657500,0.092,0.110,0.798
658000,0.107,0.110,0.783
658500,0.131,0.083,0.786
659000,0.113,0.089,0.798
659500,0.162,0.083,0.755
660000,0.110,0.131,0.758
660500,0.095,0.061,0.844
661000,0.070,0.083,0.847
661500,0.089,0.107,0.804
662000,0.092,0.113,0.795
662500,0.098,0.110,0.792
663000,0.086,0.098,0.817
663500,0.128,0.086,0.786
664000,0.128,0.055,0.817
664500,0.128,0.070,0.801
665000,0.144,0.064,0.792
665500,0.162,0.061,0.777
666000,0.141,0.086,0.774
666500,0.159,0.076,0.765
667000,0.174,0.083,0.743
667500,0.171,0.083,0.746
668000,0.128,0.070,0.801
668500,0.141,0.083,0.777
669000,0.156,0.092,0.752
669500,0.113,0.080,0.807
670000,0.080,0.098,0.823
670500,0.107,0.113,0.780
671000,0.125,0.089,0.786
671500,0.119,0.107,0.774
672000,0.113,0.116,0.771
672500,0.116,0.098,0.786
673000,0.125,0.076,0.798
673500,0.144,0.119,0.737
674000,0.107,0.095,0.798
674500,0.089,0.080,0.832
675000,0.076,0.101,0.823
675500,0.104,0.080,0.817
676000,0.095,0.070,0.835
676500,0.144,0.083,0.774
677000,0.131,0.113,0.755
677500,0.122,0.135,0.743
678000,0.092,0.086,0.823
678500,0.061,0.064,0.875
679000,0.089,0.076,0.835
679500,0.098,0.101,0.801
680000,0.138,0.144,0.719
680500,0.113,0.116,0.771
681000,0.135,0.086,0.780
681500,0.135,0.058,0.807
682000,0.144,0.073,0.783
682500,0.135,0.073,0.792
683000,0.141,0.095,0.765
683500,0.168,0.131,0.700
684000,0.116,0.080,0.804
684500,0.104,0.086,0.810
685000,0.141,0.101,0.758
685500,0.153,0.104,0.743
686000,0.107,0.122,0.771
686500,0.138,0.083,0.780
687000,0.107,0.095,0.798
687500,0.119,0.058,0.823
688000,0.144,0.067,0.789
688500,0.119,0.086,0.795
689000,0.125,0.080,0.795
689500,0.131,0.101,0.768
690000,0.141,0.055,0.804
690500,0.141,0.073,0.786
691000,0.113,0.122,0.765
691500,0.110,0.116,0.774
692000,0.095,0.058,0.847
692500,0.122,0.049,0.829
693000,0.125,0.064,0.810
693500,0.116,0.089,0.795
694000,0.135,0.086,0.780
694500,0.101,0.095,0.804
695000,0.098,0.110,0.792
695500,0.168,0.073,0.758
696000,0.138,0.058,0.804
696500,0.144,0.049,0.807
697000,0.174,0.061,0.765
697500,0.156,0.080,0.765
698000,0.159,0.055,0.786
698500,0.138,0.101,0.761
699000,0.113,0.107,0.780
699500,0.116,0.122,0.761
700000,0.131,0.073,0.795
700500,0.119,0.104,0.777
701000,0.147,0.080,0.774
701500,0.150,0.067,0.783
702000,0.110,0.073,0.817
702500,0.131,0.098,0.771
703000,0.116,0.080,0.804
703500,0.131,0.073,0.795
704000,0.141,0.086,0.774
704500,0.128,0.086,0.786
705000,0.110,0.092,0.798
705500,0.092,0.113,0.795
706000,0.101,0.104,0.795
706500,0.110,0.092,0.798
707000,0.098,0.101,0.801
707500,0.107,0.110,0.783
708000,0.113,0.098,0.789
708500,0.089,0.080,0.832
709000,0.147,0.098,0.755
709500,0.135,0.080,0.786
710000,0.135,0.107,0.758
710500,0.159,0.110,0.731
711000,0.101,0.095,0.804
711500,0.107,0.073,0.820
712000,0.125,0.086,0.789
712500,0.122,0.046,0.832
713000,0.104,0.070,0.826
713500,0.095,0.080,0.826
714000,0.101,0.107,0.792
714500,0.101,0.116,0.783
715000,0.107,0.092,0.801
715500,0.092,0.076,0.832
716000,0.095,0.107,0.798
716500,0.104,0.076,0.820
717000,0.122,0.073,0.804
717500,0.110,0.110,0.780
718000,0.131,0.101,0.768
718500,0.125,0.128,0.746
719000,0.107,0.110,0.783
719500,0.104,0.086,0.810
720000,0.128,0.101,0.771
720500,0.138,0.107,0.755
721000,0.098,0.107,0.795
721500,0.113,0.107,0.780
722000,0.162,0.070,0.768
722500,0.116,0.067,0.817
723000,0.092,0.067,0.841
723500,0.141,0.076,0.783
724000,0.138,0.040,0.823
724500,0.098,0.046,0.856
725000,0.125,0.067,0.807
725500,0.113,0.101,0.786
726000,0.092,0.110,0.798
726500,0.116,0.089,0.795
727000,0.116,0.089,0.795
727500,0.110,0.107,0.783
728000,0.147,0.104,0.749
728500,0.110,0.113,0.777
729000,0.083,0.104,0.813
729500,0.131,0.076,0.792
730000,0.122,0.098,0.780
730500,0.131,0.086,0.783
731000,0.116,0.083,0.801
731500,0.162,0.107,0.731
732000,0.150,0.092,0.758
732500,0.141,0.116,0.743
733000,0.135,0.089,0.777
733500,0.162,0.095,0.743
734000,0.119,0.073,0.807
734500,0.122,0.067,0.810
735000,0.141,0.073,0.786
735500,0.141,0.101,0.758
736000,0.135,0.070,0.795
736500,0.104,0.098,0.798
737000,0.092,0.064,0.844
737500,0.104,0.080,0.817
738000,0.119,0.086,0.795
738500,0.183,0.052,0.765
739000,0.147,0.070,0.783
739500,0.153,0.080,0.768
740000,0.168,0.073,0.758
740500,0.150,0.076,0.774
741000,0.138,0.116,0.746
741500,0.125,0.095,0.780
742000,0.128,0.095,0.777
742500,0.165,0.061,0.774
743000,0.119,0.083,0.798
743500,0.135,0.067,0.798
744000,0.177,0.034,0.789
744500,0.125,0.043,0.832
745000,0.147,0.055,0.798
745500,0.125,0.113,0.761
746000,0.104,0.101,0.795
746500,0.128,0.101,0.771
747000,0.144,0.089,0.768
747500,0.135,0.104,0.761
748000,0.116,0.083,0.801
748500,0.128,0.110,0.761
749000,0.150,0.107,0.743
749500,0.138,0.116,0.746
750000,0.141,0.119,0.740
750500,0.165,0.080,0.755
751000,0.131,0.073,0.795
751500,0.098,0.125,0.777
752000,0.098,0.141,0.761
752500,0.104,0.116,0.780
753000,0.119,0.076,0.804
753500,0.080,0.110,0.810
754000,0.101,0.086,0.813
754500,0.086,0.116,0.798
755000,0.073,0.089,0.838
755500,0.070,0.095,0.835
756000,0.116,0.080,0.804
756500,0.125,0.083,0.792
757000,0.113,0.128,0.758
757500,0.092,0.110,0.798
758000,0.086,0.131,0.783
758500,0.128,0.104,0.768
759000,0.131,0.064,0.804
759500,0.174,0.064,0.761
760000,0.168,0.049,0.783
760500,0.168,0.052,0.780
761000,0.141,0.083,0.777
761500,0.153,0.104,0.743
762000,0.131,0.092,0.777
762500,0.125,0.092,0.783
763000,0.119,0.070,0.810
763500,0.156,0.064,0.780
764000,0.168,0.067,0.765
764500,0.104,0.061,0.835
765000,0.101,0.049,0.850
765500,0.122,0.052,0.826
766000,0.113,0.098,0.789
766500,0.131,0.043,0.826
767000,0.113,0.083,0.804
767500,0.122,0.070,0.807
768000,0.113,0.070,0.817
768500,0.125,0.119,0.755
769000,0.159,0.089,0.752
769500,0.147,0.055,0.798
770000,0.147,0.089,0.765
770500,0.156,0.080,0.765
771000,0.110,0.076,0.813
771500,0.107,0.101,0.792
772000,0.098,0.067,0.835
772500,0.135,0.043,0.823
773000,0.150,0.055,0.795
773500,0.104,0.095,0.801
774000,0.116,0.089,0.795
774500,0.119,0.076,0.804
775000,0.107,0.107,0.786
775500,0.128,0.104,0.768
776000,0.113,0.086,0.801
776500,0.101,0.080,0.820
777000,0.107,0.116,0.777
777500,0.113,0.083,0.804
778000,0.190,0.080,0.731
778500,0.128,0.089,0.783
779000,0.122,0.104,0.774
779500,0.147,0.101,0.752
780000,0.177,0.080,0.743
780500,0.162,0.076,0.761
781000,0.162,0.076,0.761
781500,0.183,0.076,0.740
782000,0.150,0.104,0.746
782500,0.122,0.095,0.783
783000,0.095,0.122,0.783
783500,0.092,0.104,0.804
784000,0.110,0.101,0.789
784500,0.095,0.141,0.765
785000,0.095,0.095,0.810
785500,0.107,0.076,0.817
786000,0.095,0.092,0.813
786500,0.098,0.064,0.838
787000,0.116,0.055,0.829
787500,0.122,0.083,0.795
788000,0.122,0.098,0.780
788500,0.138,0.122,0.740
789000,0.122,0.101,0.777
789500,0.110,0.098,0.792
790000,0.128,0.073,0.798
790500,0.183,0.067,0.749
791000,0.162,0.080,0.758
791500,0.147,0.089,0.765
792000,0.128,0.092,0.780
792500,0.095,0.080,0.826
793000,0.116,0.058,0.826
793500,0.141,0.067,0.792
794000,0.153,0.064,0.783
794500,0.092,0.080,0.829
795000,0.083,0.116,0.801
795500,0.089,0.119,0.792
796000,0.080,0.067,0.853
796500,0.089,0.058,0.853
797000,0.119,0.055,0.826
797500,0.125,0.058,0.817
798000,0.147,0.070,0.783
798500,0.092,0.070,0.838
799000,0.107,0.058,0.835
799500,0.098,0.076,0.826
800000,0.116,0.131,0.752
800500,0.092,0.113,0.795
801000,0.110,0.113,0.777
801500,0.128,0.083,0.789
802000,0.131,0.046,0.823
802500,0.168,0.080,0.752
803000,0.116,0.104,0.780
803500,0.101,0.073,0.826
804000,0.098,0.095,0.807
804500,0.095,0.113,0.792
805000,0.144,0.076,0.780
805500,0.183,0.028,0.789
806000,0.162,0.070,0.768
806500,0.162,0.043,0.795
807000,0.135,0.061,0.804
807500,0.131,0.080,0.789
808000,0.119,0.049,0.832
808500,0.128,0.058,0.813
809000,0.177,0.061,0.761
809500,0.147,0.076,0.777
810000,0.141,0.076,0.783
810500,0.086,0.070,0.844
811000,0.107,0.119,0.774
811500,0.122,0.086,0.792
812000,0.095,0.083,0.823
812500,0.119,0.076,0.804
813000,0.135,0.086,0.780
813500,0.128,0.049,0.823
814000,0.153,0.073,0.774
814500,0.144,0.098,0.758
815000,0.122,0.070,0.807
815500,0.165,0.086,0.749
816000,0.159,0.055,0.786
816500,0.141,0.052,0.807
817000,0.144,0.049,0.807
817500,0.135,0.092,0.774
818000,0.153,0.107,0.740
818500,0.162,0.083,0.755
819000,0.150,0.086,0.765
819500,0.128,0.083,0.789
820000,0.095,0.104,0.801
820500,0.098,0.101,0.801
821000,0.119,0.122,0.758
821500,0.110,0.086,0.804
822000,0.131,0.098,0.771
822500,0.153,0.128,0.719
823000,0.128,0.086,0.786
823500,0.135,0.089,0.777
824000,0.141,0.098,0.761
824500,0.156,0.107,0.737
825000,0.135,0.070,0.795
825500,0.119,0.107,0.774
826000,0.122,0.083,0.795
826500,0.125,0.128,0.746
827000,0.141,0.080,0.780
827500,0.104,0.092,0.804
828000,0.116,0.064,0.820
828500,0.122,0.055,0.823
829000,0.150,0.040,0.810
829500,0.135,0.098,0.768
830000,0.128,0.092,0.780
830500,0.141,0.076,0.783
831000,0.144,0.089,0.768
831500,0.141,0.098,0.761
832000,0.116,0.107,0.777
832500,0.107,0.095,0.798
833000,0.122,0.083,0.795
833500,0.128,0.098,0.774
834000,0.135,0.095,0.771
834500,0.171,0.098,0.731
835000,0.125,0.092,0.783
835500,0.159,0.086,0.755
836000,0.153,0.089,0.758
836500,0.153,0.095,0.752
837000,0.153,0.089,0.758
837500,0.116,0.113,0.771
838000,0.128,0.076,0.795
838500,0.116,0.064,0.820
839000,0.110,0.064,0.826
839500,0.107,0.046,0.847
840000,0.107,0.086,0.807
840500,0.138,0.064,0.798
841000,0.098,0.086,0.817
841500,0.080,0.076,0.844
842000,0.095,0.092,0.813
842500,0.098,0.092,0.810
843000,0.092,0.104,0.804
843500,0.073,0.070,0.856
844000,0.101,0.076,0.823
844500,0.119,0.095,0.786
845000,0.113,0.070,0.817
845500,0.092,0.073,0.835
846000,0.135,0.055,0.810
846500,0.131,0.049,0.820
847000,0.113,0.058,0.829
847500,0.101,0.076,0.823
848000,0.150,0.073,0.777
848500,0.125,0.064,0.810
849000,0.110,0.089,0.801
849500,0.153,0.061,0.786
850000,0.107,0.067,0.826
850500,0.095,0.131,0.774
851000,0.141,0.092,0.768
851500,0.122,0.095,0.783
852000,0.122,0.113,0.765
852500,0.107,0.076,0.817
853000,0.156,0.067,0.777
853500,0.122,0.092,0.786
854000,0.110,0.098,0.792
854500,0.125,0.076,0.798
855000,0.107,0.089,0.804
855500,0.119,0.104,0.777
856000,0.095,0.089,0.817
856500,0.122,0.083,0.795
857000,0.128,0.073,0.798
857500,0.150,0.086,0.765
858000,0.138,0.116,0.746
858500,0.141,0.083,0.777
859000,0.138,0.116,0.746
859500,0.147,0.089,0.765
860000,0.171,0.043,0.786
860500,0.162,0.043,0.795
861000,0.131,0.067,0.801
861500,0.159,0.040,0.801
862000,0.168,0.052,0.780
862500,0.183,0.046,0.771
863000,0.141,0.052,0.807
863500,0.141,0.049,0.810
864000,0.153,0.070,0.777
864500,0.131,0.076,0.792
865000,0.141,0.073,0.786
865500,0.131,0.070,0.798
866000,0.101,0.064,0.835
866500,0.131,0.061,0.807
867000,0.144,0.055,0.801
867500,0.122,0.067,0.810
868000,0.165,0.049,0.786
868500,0.113,0.067,0.820
869000,0.122,0.076,0.801
869500,0.113,0.095,0.792
870000,0.128,0.107,0.765
870500,0.147,0.080,0.774
871000,0.147,0.055,0.798
871500,0.165,0.049,0.786
872000,0.156,0.058,0.786
872500,0.141,0.089,0.771
873000,0.138,0.080,0.783
873500,0.125,0.076,0.798
874000,0.165,0.076,0.758
874500,0.138,0.067,0.795
875000,0.147,0.086,0.768
875500,0.131,0.055,0.813
876000,0.116,0.055,0.829
876500,0.098,0.067,0.835
877000,0.147,0.083,0.771
877500,0.113,0.052,0.835
878000,0.110,0.110,0.780
878500,0.107,0.104,0.789
879000,0.131,0.098,0.771
879500,0.138,0.058,0.804
880000,0.131,0.064,0.804
880500,0.156,0.076,0.768
881000,0.180,0.083,0.737
881500,0.159,0.058,0.783
882000,0.125,0.107,0.768
882500,0.138,0.128,0.734
883000,0.131,0.080,0.789
883500,0.156,0.098,0.746
884000,0.122,0.095,0.783
884500,0.131,0.122,0.746
885000,0.125,0.098,0.777
885500,0.150,0.076,0.774
886000,0.119,0.104,0.777
886500,0.144,0.104,0.752
887000,0.104,0.070,0.826
887500,0.113,0.055,0.832
888000,0.131,0.080,0.789
888500,0.113,0.092,0.795
889000,0.135,0.110,0.755
889500,0.128,0.073,0.798
890000,0.147,0.049,0.804
890500,0.128,0.052,0.820
891000,0.165,0.064,0.771
891500,0.128,0.058,0.813
892000,0.110,0.052,0.838
892500,0.138,0.055,0.807
893000,0.104,0.070,0.826
893500,0.147,0.073,0.780
894000,0.119,0.095,0.786
894500,0.113,0.107,0.780
895000,0.159,0.061,0.780
895500,0.171,0.076,0.752
896000,0.128,0.073,0.798
896500,0.156,0.052,0.792
897000,0.122,0.080,0.798
897500,0.144,0.067,0.789
898000,0.183,0.095,0.722
898500,0.147,0.070,0.783
899000,0.122,0.113,0.765
899500,0.110,0.110,0.780
900000,0.116,0.119,0.765
900500,0.144,0.104,0.752
901000,0.104,0.095,0.801
901500,0.116,0.086,0.798
902000,0.138,0.092,0.771
902500,0.116,0.101,0.783
903000,0.150,0.058,0.792
903500,0.104,0.067,0.829
904000,0.125,0.067,0.807
904500,0.131,0.070,0.798
905000,0.153,0.052,0.795
905500,0.125,0.061,0.813
906000,0.156,0.089,0.755
906500,0.165,0.089,0.746
907000,0.116,0.098,0.786
907500,0.141,0.104,0.755
908000,0.138,0.110,0.752
908500,0.101,0.110,0.789
909000,0.098,0.095,0.807
909500,0.107,0.107,0.786
910000,0.122,0.095,0.783
910500,0.125,0.067,0.807
911000,0.095,0.107,0.798
911500,0.153,0.098,0.749
912000,0.144,0.110,0.746
912500,0.095,0.101,0.804
913000,0.107,0.147,0.746
913500,0.116,0.086,0.798
914000,0.125,0.092,0.783
914500,0.098,0.073,0.829
915000,0.104,0.089,0.807
915500,0.122,0.095,0.783
916000,0.104,0.107,0.789
916500,0.122,0.095,0.783
917000,0.156,0.092,0.752
917500,0.141,0.113,0.746
918000,0.174,0.092,0.734
918500,0.135,0.080,0.786
919000,0.128,0.067,0.804
919500,0.131,0.064,0.804
920000,0.138,0.040,0.823
920500,0.150,0.101,0.749
921000,0.125,0.101,0.774
921500,0.150,0.080,0.771
922000,0.220,0.064,0.716
922500,0.165,0.064,0.771
923000,0.135,0.098,0.768
923500,0.165,0.073,0.761
924000,0.128,0.101,0.771
924500,0.119,0.092,0.789
925000,0.147,0.055,0.798
925500,0.141,0.067,0.792
926000,0.125,0.043,0.832
926500,0.119,0.049,0.832
927000,0.128,0.070,0.801
927500,0.110,0.058,0.832
928000,0.104,0.061,0.835
928500,0.135,0.061,0.804
929000,0.138,0.104,0.758
929500,0.113,0.089,0.798
930000,0.135,0.080,0.786
930500,0.135,0.070,0.795
931000,0.150,0.052,0.798
931500,0.131,0.052,0.817
932000,0.128,0.058,0.813
932500,0.119,0.061,0.820
933000,0.144,0.061,0.795
933500,0.147,0.058,0.795
934000,0.147,0.052,0.801
934500,0.131,0.064,0.804
935000,0.119,0.046,0.835
935500,0.089,0.080,0.832
936000,0.113,0.089,0.798
936500,0.080,0.098,0.823
937000,0.086,0.070,0.844
937500,0.128,0.092,0.780
938000,0.119,0.080,0.801
938500,0.168,0.128,0.703
939000,0.159,0.095,0.746
939500,0.150,0.092,0.758
940000,0.104,0.073,0.823
940500,0.086,0.076,0.838
941000,0.135,0.070,0.795
941500,0.174,0.092,0.734
942000,0.144,0.107,0.749
942500,0.110,0.119,0.771
943000,0.138,0.098,0.765
943500,0.135,0.098,0.768
944000,0.107,0.080,0.813
944500,0.073,0.080,0.847
945000,0.113,0.089,0.798
945500,0.162,0.086,0.752
946000,0.171,0.095,0.734
946500,0.128,0.089,0.783
947000,0.098,0.083,0.820
947500,0.119,0.089,0.792
948000,0.141,0.080,0.780
948500,0.131,0.061,0.807
949000,0.128,0.067,0.804
949500,0.116,0.055,0.829
950000,0.153,0.055,0.792
950500,0.125,0.064,0.810
951000,0.131,0.107,0.761
951500,0.107,0.086,0.807
952000,0.135,0.095,0.771
952500,0.119,0.040,0.841
953000,0.153,0.073,0.774
953500,0.147,0.083,0.771
954000,0.122,0.076,0.801
954500,0.131,0.049,0.820
955000,0.125,0.040,0.835
955500,0.104,0.052,0.844
956000,0.104,0.095,0.801
956500,0.119,0.095,0.786
957000,0.110,0.098,0.792
957500,0.141,0.101,0.758
958000,0.128,0.098,0.774
958500,0.125,0.104,0.771
959000,0.104,0.080,0.817
959500,0.125,0.095,0.780
960000,0.107,0.040,0.853
960500,0.156,0.052,0.792
961000,0.147,0.034,0.820
961500,0.107,0.104,0.789
962000,0.092,0.067,0.841
962500,0.095,0.076,0.829
963000,0.092,0.058,0.850
963500,0.107,0.110,0.783
964000,0.113,0.046,0.841
964500,0.113,0.083,0.804
965000,0.110,0.086,0.804
965500,0.125,0.089,0.786
966000,0.144,0.076,0.780
966500,0.122,0.064,0.813
967000,0.159,0.089,0.752
967500,0.128,0.064,0.807
968000,0.107,0.049,0.844
968500,0.089,0.080,0.832
969000,0.141,0.064,0.795
969500,0.165,0.058,0.777
970000,0.138,0.058,0.804
970500,0.125,0.107,0.768
971000,0.144,0.070,0.786
971500,0.138,0.080,0.783
972000,0.141,0.119,0.740
972500,0.107,0.107,0.786
973000,0.141,0.086,0.774
973500,0.156,0.073,0.771
974000,0.131,0.089,0.780
974500,0.104,0.070,0.826
975000,0.174,0.058,0.768
975500,0.128,0.061,0.810
976000,0.162,0.092,0.746
976500,0.141,0.089,0.771
977000,0.122,0.076,0.801
977500,0.135,0.107,0.758
978000,0.168,0.055,0.777
978500,0.168,0.058,0.774
979000,0.183,0.052,0.765
979500,0.162,0.089,0.749
980000,0.156,0.064,0.780
980500,0.128,0.070,0.801
981000,0.116,0.092,0.792
981500,0.110,0.101,0.789
982000,0.138,0.083,0.780
982500,0.177,0.055,0.768
983000,0.147,0.076,0.777
983500,0.125,0.076,0.798
984000,0.092,0.070,0.838
984500,0.110,0.086,0.804
985000,0.110,0.113,0.777
985500,0.122,0.083,0.795
986000,0.187,0.086,0.728
986500,0.128,0.058,0.813
987000,0.107,0.064,0.829
987500,0.119,0.080,0.801
988000,0.101,0.107,0.792
988500,0.080,0.101,0.820
989000,0.131,0.083,0.786
989500,0.165,0.092,0.743
990000,0.159,0.089,0.752
990500,0.193,0.058,0.749
991000,0.165,0.064,0.771
991500,0.150,0.061,0.789
992000,0.165,0.067,0.768
992500,0.162,0.040,0.798
993000,0.153,0.052,0.795
993500,0.128,0.067,0.804
994000,0.107,0.098,0.795
994500,0.110,0.089,0.801
995000,0.135,0.076,0.789
995500,0.131,0.089,0.780
996000,0.107,0.076,0.817
996500,0.086,0.076,0.838
997000,0.089,0.098,0.813
997500,0.095,0.055,0.850
998000,0.131,0.089,0.780
998500,0.144,0.086,0.771
999000,0.104,0.080,0.817
999500,0.119,0.073,0.807
1000000,0.128,0.055,0.817
