time,n_A+p,n_B,n_AB
100,0.398,0.468,0.135
200,0.343,0.410,0.248
300,0.321,0.419,0.260
400,0.281,0.404,0.315
500,0.251,0.407,0.343
600,0.309,0.428,0.263
700,0.303,0.425,0.272
800,0.278,0.428,0.294
900,0.275,0.416,0.309
1000,0.239,0.437,0.324
1100,0.235,0.431,0.333
1200,0.239,0.486,0.275
1300,0.245,0.477,0.278
1400,0.245,0.514,0.242
1500,0.223,0.541,0.235
1600,0.202,0.569,0.229
1700,0.171,0.606,0.223
1800,0.171,0.596,0.232
1900,0.159,0.560,0.281
2000,0.208,0.575,0.217
2100,0.211,0.578,0.211
2200,0.196,0.593,0.211
2300,0.180,0.596,0.223
2400,0.199,0.596,0.205
2500,0.205,0.569,0.226
2600,0.208,0.520,0.272
2700,0.193,0.526,0.281
2800,0.217,0.550,0.232
2900,0.180,0.563,0.257
3000,0.196,0.578,0.226
3100,0.199,0.572,0.229
3200,0.220,0.572,0.208
3300,0.199,0.584,0.217
3400,0.217,0.581,0.202
3500,0.211,0.596,0.193
3600,0.214,0.590,0.196
3700,0.220,0.575,0.205
3800,0.217,0.566,0.217
3900,0.223,0.547,0.229
4000,0.229,0.578,0.193
4100,0.202,0.602,0.196
4200,0.220,0.587,0.193
4300,0.226,0.584,0.190
4400,0.242,0.563,0.196
4500,0.254,0.535,0.211
4600,0.260,0.541,0.199
4700,0.257,0.523,0.220
4800,0.226,0.544,0.229
4900,0.217,0.547,0.235
5000,0.235,0.547,0.217
5100,0.235,0.544,0.220
5200,0.226,0.547,0.226
5300,0.235,0.541,0.223
5400,0.251,0.541,0.208
5500,0.251,0.532,0.217
5600,0.257,0.566,0.177
5700,0.239,0.541,0.220
5800,0.251,0.535,0.214
5900,0.239,0.557,0.205
6000,0.214,0.554,0.232
6100,0.208,0.511,0.281
6200,0.205,0.526,0.269
6300,0.223,0.495,0.281
6400,0.245,0.505,0.251
6500,0.239,0.498,0.263
6600,0.291,0.483,0.226
6700,0.321,0.465,0.214
6800,0.333,0.431,0.235
6900,0.339,0.407,0.254
7000,0.352,0.404,0.245
7100,0.376,0.373,0.251
7200,0.410,0.355,0.235
7300,0.410,0.361,0.229
7400,0.419,0.364,0.217
7500,0.401,0.349,0.251
7600,0.407,0.361,0.232
7700,0.428,0.349,0.223
7800,0.422,0.330,0.248
7900,0.404,0.349,0.248
8000,0.404,0.355,0.242
8100,0.437,0.361,0.202
8200,0.422,0.349,0.229
8300,0.446,0.339,0.214
8400,0.453,0.300,0.248
8500,0.456,0.303,0.242
8600,0.486,0.312,0.202
8700,0.486,0.297,0.217
8800,0.474,0.321,0.205
8900,0.471,0.303,0.226
9000,0.443,0.287,0.269
9100,0.474,0.287,0.239
9200,0.498,0.281,0.220
9300,0.508,0.263,0.229
9400,0.502,0.257,0.242
9500,0.505,0.239,0.257
9600,0.523,0.235,0.242
9700,0.544,0.251,0.205
9800,0.596,0.232,0.171
9900,0.581,0.226,0.193
10000,0.612,0.214,0.174
10100,0.599,0.239,0.162
10200,0.593,0.226,0.180
10300,0.606,0.220,0.174
10400,0.599,0.245,0.156
10500,0.593,0.214,0.193
10600,0.602,0.245,0.153
10700,0.596,0.245,0.159
10800,0.599,0.226,0.174
10900,0.590,0.254,0.156
11000,0.584,0.263,0.153
11100,0.590,0.226,0.183
11200,0.596,0.220,0.183
11300,0.602,0.220,0.177
11400,0.624,0.217,0.159
11500,0.618,0.220,0.162
11600,0.609,0.245,0.147
11700,0.624,0.226,0.150
11800,0.621,0.226,0.153
11900,0.627,0.205,0.168
12000,0.633,0.226,0.141
12100,0.636,0.220,0.144
12200,0.642,0.229,0.128
12300,0.654,0.211,0.135
12400,0.648,0.242,0.110
12500,0.651,0.223,0.125
12600,0.648,0.217,0.135
12700,0.661,0.214,0.125
12800,0.679,0.214,0.107
12900,0.673,0.229,0.098
13000,0.679,0.205,0.116
13100,0.697,0.187,0.116
13200,0.697,0.193,0.110
13300,0.709,0.193,0.098
13400,0.709,0.168,0.122
13500,0.716,0.190,0.095
13600,0.713,0.171,0.116
13700,0.716,0.174,0.110
13800,0.719,0.183,0.098
13900,0.713,0.187,0.101
14000,0.691,0.180,0.128
14100,0.667,0.205,0.128
14200,0.679,0.193,0.128
14300,0.679,0.159,0.162
14400,0.706,0.150,0.144
14500,0.697,0.156,0.147
14600,0.697,0.147,0.156
14700,0.719,0.159,0.122
14800,0.679,0.150,0.171
14900,0.667,0.156,0.177
15000,0.691,0.168,0.141
15100,0.706,0.153,0.141
15200,0.713,0.144,0.144
15300,0.722,0.131,0.147
15400,0.703,0.128,0.168
15500,0.679,0.135,0.187
15600,0.691,0.159,0.150
15700,0.694,0.177,0.128
15800,0.700,0.177,0.122
15900,0.688,0.177,0.135
16000,0.691,0.156,0.153
16100,0.694,0.135,0.171
16200,0.709,0.135,0.156
16300,0.737,0.128,0.135
16400,0.725,0.125,0.150
16500,0.728,0.122,0.150
16600,0.722,0.119,0.159
16700,0.716,0.107,0.177
16800,0.758,0.101,0.141
16900,0.740,0.119,0.141
17000,0.734,0.135,0.131
17100,0.734,0.131,0.135
17200,0.737,0.131,0.131
17300,0.746,0.098,0.156
17400,0.774,0.083,0.144
17500,0.777,0.070,0.153
17600,0.801,0.070,0.128
17700,0.810,0.070,0.119
17800,0.820,0.061,0.119
17900,0.838,0.052,0.110
18000,0.826,0.046,0.128
18100,0.847,0.021,0.131
18200,0.844,0.021,0.135
18300,0.859,0.021,0.119
18400,0.875,0.012,0.113
18500,0.890,0.009,0.101
18600,0.887,0.006,0.107
18700,0.905,0.006,0.089
18800,0.933,0.003,0.064
18900,0.936,0.003,0.061
19000,0.951,0.003,0.046
19100,0.969,0.003,0.028
19200,0.972,0.009,0.018
19300,0.979,0.009,0.012
19400,0.982,0.003,0.015
19500,0.988,0.003,0.009
19600,0.991,0.003,0.006
19700,0.994,0.003,0.003
19800,0.994,0.003,0.003
19900,0.991,0.003,0.006
20000,0.991,0.003,0.006
20100,0.991,0.003,0.006
20200,0.991,0.003,0.006
20300,0.994,0.003,0.003
20400,0.994,0.003,0.003
20500,0.994,0.003,0.003
20600,0.991,0.003,0.006
20700,0.994,0.003,0.003
20800,0.991,0.003,0.006
20900,0.991,0.003,0.006
21000,0.991,0.003,0.006
21100,0.991,0.003,0.006
21200,0.994,0.003,0.003
21300,0.997,0.003,0.000
21400,0.997,0.003,0.000
21500,0.997,0.003,0.000
21600,0.997,0.003,0.000
21700,0.997,0.003,0.000
21800,0.997,0.003,0.000
21900,0.997,0.003,0.000
22000,0.997,0.003,0.000
22100,0.997,0.003,0.000
22200,0.997,0.003,0.000
22300,0.997,0.003,0.000
22400,0.997,0.003,0.000
22500,0.997,0.003,0.000
22600,0.994,0.000,0.006
22700,0.994,0.000,0.006
22800,0.994,0.000,0.006
22900,0.997,0.000,0.003
23000,0.997,0.000,0.003
23100,1.000,0.000,0.000
