time,n_A+p,n_B,n_AB
500,0.050,0.401,0.549
1000,0.050,0.530,0.420
1500,0.050,0.507,0.443
2000,0.050,0.417,0.533
2500,0.050,0.438,0.512
3000,0.050,0.282,0.668
3500,0.050,0.315,0.635
4000,0.050,0.266,0.684
4500,0.050,0.415,0.535
5000,0.050,0.486,0.464
5500,0.050,0.322,0.628
6000,0.050,0.372,0.578
6500,0.051,0.347,0.602
7000,0.050,0.450,0.500
7500,0.050,0.240,0.710
8000,0.050,0.290,0.660
8500,0.058,0.258,0.684
9000,0.050,0.407,0.543
9500,0.050,0.324,0.626
10000,0.050,0.356,0.594
10500,0.050,0.251,0.699
11000,0.050,0.304,0.646
11500,0.050,0.290,0.660
12000,0.050,0.319,0.631
12500,0.050,0.336,0.614
13000,0.050,0.326,0.624
13500,0.050,0.251,0.699
14000,0.050,0.317,0.633
14500,0.050,0.402,0.548
15000,0.050,0.467,0.483
15500,0.050,0.351,0.599
16000,0.050,0.419,0.531
16500,0.050,0.307,0.643
17000,0.052,0.348,0.600
17500,0.050,0.323,0.627
18000,0.050,0.398,0.552
18500,0.050,0.275,0.675
19000,0.050,0.356,0.594
19500,0.050,0.410,0.540
20000,0.050,0.404,0.546
20500,0.050,0.382,0.568
21000,0.050,0.265,0.685
21500,0.050,0.294,0.656
22000,0.050,0.436,0.514
22500,0.050,0.355,0.595
23000,0.050,0.320,0.630
23500,0.050,0.311,0.639
24000,0.050,0.418,0.532
24500,0.050,0.471,0.479
25000,0.050,0.327,0.623
25500,0.050,0.340,0.610
26000,0.050,0.338,0.612
26500,0.056,0.313,0.631
27000,0.050,0.266,0.684
27500,0.050,0.297,0.653
28000,0.050,0.425,0.525
28500,0.050,0.431,0.519
29000,0.050,0.305,0.645
29500,0.050,0.308,0.642
30000,0.050,0.401,0.549
30500,0.050,0.426,0.524
31000,0.050,0.357,0.593
31500,0.050,0.303,0.647
32000,0.050,0.338,0.612
32500,0.050,0.428,0.522
33000,0.050,0.348,0.602
33500,0.050,0.361,0.589
34000,0.050,0.508,0.442
34500,0.050,0.479,0.471
35000,0.050,0.531,0.419
35500,0.057,0.489,0.454
36000,0.050,0.280,0.670
36500,0.050,0.343,0.607
37000,0.050,0.283,0.667
37500,0.053,0.252,0.695
38000,0.050,0.421,0.529
38500,0.050,0.302,0.648
39000,0.050,0.370,0.580
39500,0.050,0.232,0.718
40000,0.050,0.373,0.577
40500,0.050,0.445,0.505
41000,0.050,0.471,0.479
41500,0.050,0.464,0.486
42000,0.050,0.306,0.644
42500,0.050,0.415,0.535
43000,0.050,0.294,0.656
43500,0.050,0.332,0.618
44000,0.050,0.410,0.540
44500,0.050,0.343,0.607
45000,0.050,0.350,0.600
45500,0.050,0.438,0.512
46000,0.050,0.340,0.610
46500,0.050,0.320,0.630
47000,0.050,0.328,0.622
47500,0.050,0.246,0.704
48000,0.050,0.293,0.657
48500,0.050,0.328,0.622
49000,0.050,0.424,0.526
49500,0.050,0.321,0.629
50000,0.050,0.436,0.514
50500,0.050,0.393,0.557
51000,0.050,0.458,0.492
51500,0.050,0.416,0.534
52000,0.050,0.271,0.679
52500,0.050,0.360,0.590
53000,0.050,0.489,0.461
53500,0.050,0.337,0.613
54000,0.050,0.269,0.681
54500,0.051,0.244,0.705
55000,0.051,0.384,0.565
55500,0.050,0.225,0.725
56000,0.050,0.249,0.701
56500,0.050,0.218,0.732
57000,0.050,0.310,0.640
57500,0.050,0.317,0.633
58000,0.050,0.411,0.539
58500,0.050,0.385,0.565
59000,0.050,0.444,0.506
59500,0.050,0.332,0.618
60000,0.050,0.439,0.511
60500,0.050,0.271,0.679
61000,0.050,0.317,0.633
61500,0.050,0.495,0.455
62000,0.051,0.265,0.684
62500,0.050,0.305,0.645
63000,0.050,0.431,0.519
63500,0.050,0.318,0.632
64000,0.050,0.191,0.759
64500,0.050,0.377,0.573
65000,0.050,0.336,0.614
65500,0.240,0.021,0.739
66000,0.988,0.000,0.012
66500,1.000,0.000,0.000
