time,n_A+p,n_B,n_AB
500,0.030,0.230,0.740
1000,0.034,0.251,0.715
1500,0.038,0.101,0.861
2000,0.030,0.221,0.749
2500,0.156,0.023,0.821
3000,0.378,0.000,0.622
3500,0.510,0.000,0.490
4000,0.589,0.000,0.411
4500,0.700,0.000,0.300
5000,0.539,0.000,0.461
5500,0.667,0.000,0.333
6000,0.651,0.000,0.349
6500,0.760,0.000,0.240
7000,0.383,0.000,0.617
7500,0.516,0.000,0.484
8000,0.663,0.000,0.337
8500,0.711,0.000,0.289
9000,0.753,0.000,0.247
9500,0.486,0.000,0.514
10000,0.466,0.000,0.534
10500,0.686,0.000,0.314
11000,0.591,0.000,0.409
11500,0.502,0.000,0.498
12000,0.573,0.000,0.427
12500,0.604,0.000,0.396
13000,0.454,0.000,0.546
13500,0.574,0.000,0.426
14000,0.531,0.000,0.469
14500,0.437,0.000,0.563
15000,0.483,0.000,0.517
15500,0.657,0.000,0.343
16000,0.702,0.000,0.298
16500,0.585,0.000,0.415
17000,0.754,0.000,0.246
17500,0.601,0.000,0.399
18000,0.508,0.000,0.492
18500,0.543,0.000,0.457
19000,0.618,0.000,0.382
19500,0.666,0.000,0.334
20000,0.643,0.000,0.357
20500,0.525,0.000,0.475
21000,0.576,0.000,0.424
21500,0.687,0.000,0.313
22000,0.537,0.000,0.463
22500,0.418,0.000,0.582
23000,0.402,0.000,0.598
23500,0.464,0.000,0.536
24000,0.559,0.000,0.441
24500,0.374,0.000,0.626
25000,0.476,0.000,0.524
25500,0.580,0.000,0.420
26000,0.493,0.000,0.507
26500,0.397,0.000,0.603
27000,0.409,0.000,0.591
27500,0.731,0.000,0.269
28000,0.671,0.000,0.329
28500,0.564,0.000,0.436
29000,0.396,0.000,0.604
29500,0.583,0.000,0.417
30000,0.540,0.000,0.460
30500,0.477,0.000,0.523
31000,0.625,0.000,0.375
31500,0.575,0.000,0.425
32000,0.389,0.000,0.611
32500,0.723,0.000,0.277
33000,0.601,0.000,0.399
33500,0.506,0.000,0.494
34000,0.430,0.000,0.570
34500,0.643,0.000,0.357
35000,0.589,0.000,0.411
35500,0.625,0.000,0.375
36000,0.429,0.000,0.571
36500,0.484,0.000,0.516
37000,0.639,0.000,0.361
37500,0.522,0.000,0.478
38000,0.368,0.000,0.632
38500,0.465,0.000,0.535
39000,0.490,0.000,0.510
39500,0.594,0.000,0.406
40000,0.504,0.000,0.496
40500,0.606,0.000,0.394
41000,0.542,0.000,0.458
41500,0.591,0.000,0.409
42000,0.639,0.000,0.361
42500,0.856,0.000,0.144
43000,0.635,0.000,0.365
43500,0.610,0.000,0.390
44000,0.612,0.000,0.388
44500,0.606,0.000,0.394
45000,0.456,0.000,0.544
45500,0.408,0.000,0.592
46000,0.399,0.000,0.601
46500,0.759,0.000,0.241
47000,0.783,0.000,0.217
47500,0.686,0.000,0.314
48000,0.969,0.000,0.031
48500,0.953,0.000,0.047
49000,0.995,0.000,0.005
49500,1.000,0.000,0.000
