time,n_A+p,n_B,n_AB
1000,0.178,0.194,0.628
2000,0.116,0.290,0.594
3000,0.040,0.425,0.535
4000,0.005,0.607,0.388
5000,0.000,0.713,0.287
6000,0.000,0.735,0.265
7000,0.000,0.811,0.189
8000,0.000,0.793,0.207
9000,0.000,0.780,0.220
10000,0.000,0.824,0.176
11000,0.000,0.881,0.119
12000,0.000,0.901,0.099
13000,0.000,0.925,0.075
14000,0.000,0.924,0.076
15000,0.000,0.925,0.075
16000,0.000,0.913,0.087
17000,0.000,0.929,0.071
18000,0.000,0.924,0.076
19000,0.000,0.950,0.050
20000,0.000,0.954,0.046
21000,0.000,0.967,0.033
22000,0.000,0.981,0.019
23000,0.000,0.987,0.013
24000,0.000,0.988,0.012
25000,0.000,1.000,0.000
