time,n_A+p,n_B,n_AB
500,0.050,0.341,0.609
1000,0.050,0.338,0.612
1500,0.050,0.290,0.660
2000,0.050,0.306,0.644
2500,0.050,0.269,0.681
3000,0.050,0.287,0.663
3500,0.050,0.364,0.586
4000,0.054,0.296,0.650
4500,0.050,0.360,0.590
5000,0.050,0.339,0.611
5500,0.050,0.484,0.466
6000,0.050,0.272,0.678
6500,0.050,0.230,0.720
7000,0.052,0.376,0.572
7500,0.050,0.350,0.600
8000,0.050,0.488,0.462
8500,0.050,0.264,0.686
9000,0.050,0.228,0.722
9500,0.050,0.364,0.586
10000,0.050,0.383,0.567
10500,0.050,0.405,0.545
11000,0.050,0.263,0.687
11500,0.050,0.329,0.621
12000,0.050,0.273,0.677
12500,0.050,0.304,0.646
13000,0.050,0.291,0.659
13500,0.050,0.342,0.608
14000,0.053,0.256,0.691
14500,0.050,0.179,0.771
15000,0.050,0.341,0.609
15500,0.073,0.119,0.808
16000,0.428,0.013,0.559
16500,0.973,0.000,0.027
17000,1.000,0.000,0.000
