time,n_A+p,n_B,n_AB
500,0.080,0.498,0.422
1000,0.080,0.224,0.696
1500,0.096,0.134,0.770
2000,0.207,0.039,0.753
2500,0.552,0.003,0.445
3000,0.786,0.000,0.214
3500,0.846,0.000,0.154
4000,0.906,0.000,0.094
4500,0.894,0.000,0.106
5000,0.933,0.000,0.067
5500,0.897,0.000,0.103
6000,0.896,0.000,0.104
6500,0.950,0.000,0.050
7000,0.988,0.000,0.012
7500,0.959,0.000,0.041
8000,0.992,0.000,0.008
8500,0.999,0.000,0.001
9000,0.999,0.000,0.001
9500,1.000,0.000,0.000
