time,n_A+p,n_B,n_AB
0,0.028,0.972,-0.000
500,0.031,0.954,0.015
1000,0.034,0.933,0.034
1500,0.040,0.936,0.024
2000,0.037,0.942,0.021
2500,0.028,0.954,0.018
3000,0.034,0.924,0.043
3500,0.073,0.893,0.034
4000,0.064,0.881,0.055
4500,0.052,0.924,0.024
5000,0.043,0.917,0.040
5500,0.031,0.936,0.034
6000,0.040,0.902,0.058
6500,0.049,0.902,0.049
7000,0.049,0.896,0.055
7500,0.034,0.936,0.031
8000,0.034,0.945,0.021
8500,0.043,0.933,0.024
9000,0.040,0.930,0.031
9500,0.083,0.881,0.037
10000,0.046,0.884,0.070
10500,0.058,0.908,0.034
11000,0.043,0.908,0.049
11500,0.040,0.911,0.049
12000,0.040,0.920,0.040
12500,0.046,0.905,0.049
13000,0.040,0.939,0.021
13500,0.040,0.927,0.034
14000,0.070,0.893,0.037
14500,0.064,0.878,0.058
15000,0.043,0.939,0.018
15500,0.031,0.930,0.040
16000,0.037,0.939,0.024
16500,0.046,0.936,0.018
17000,0.043,0.917,0.040
17500,0.052,0.917,0.031
18000,0.055,0.881,0.064
18500,0.040,0.924,0.037
19000,0.031,0.945,0.024
19500,0.031,0.960,0.009
20000,0.031,0.942,0.028
20500,0.037,0.951,0.012
21000,0.037,0.914,0.049
21500,0.031,0.917,0.052
22000,0.037,0.942,0.021
22500,0.037,0.942,0.021
23000,0.040,0.927,0.034
23500,0.043,0.911,0.046
24000,0.055,0.917,0.028
24500,0.037,0.927,0.037
25000,0.028,0.951,0.021
25500,0.040,0.927,0.034
26000,0.034,0.945,0.021
26500,0.040,0.939,0.021
27000,0.046,0.911,0.043
27500,0.058,0.917,0.024
28000,0.073,0.884,0.043
28500,0.052,0.905,0.043
29000,0.040,0.920,0.040
29500,0.043,0.939,0.018
30000,0.040,0.917,0.043
30500,0.037,0.936,0.028
31000,0.031,0.911,0.058
31500,0.034,0.948,0.018
32000,0.037,0.920,0.043
32500,0.040,0.920,0.040
33000,0.046,0.920,0.034
33500,0.070,0.905,0.024
34000,0.043,0.917,0.040
34500,0.055,0.890,0.055
35000,0.034,0.936,0.031
35500,0.043,0.939,0.018
36000,0.061,0.911,0.028
36500,0.040,0.911,0.049
37000,0.055,0.905,0.040
37500,0.037,0.951,0.012
38000,0.052,0.899,0.049
38500,0.037,0.924,0.040
39000,0.037,0.945,0.018
39500,0.043,0.914,0.043
40000,0.040,0.908,0.052
40500,0.040,0.936,0.024
41000,0.028,0.945,0.028
41500,0.034,0.933,0.034
42000,0.028,0.942,0.031
42500,0.052,0.914,0.034
43000,0.052,0.887,0.061
43500,0.037,0.924,0.040
44000,0.034,0.939,0.028
44500,0.028,0.942,0.031
45000,0.031,0.948,0.021
45500,0.037,0.936,0.028
46000,0.037,0.951,0.012
46500,0.037,0.936,0.028
47000,0.061,0.920,0.018
47500,0.064,0.881,0.055
48000,0.058,0.905,0.037
48500,0.046,0.917,0.037
49000,0.049,0.939,0.012
49500,0.034,0.908,0.058
50000,0.028,0.948,0.024
50500,0.067,0.890,0.043
51000,0.101,0.838,0.061
51500,0.125,0.810,0.064
52000,0.070,0.856,0.073
52500,0.064,0.869,0.067
53000,0.076,0.856,0.067
53500,0.034,0.927,0.040
54000,0.031,0.927,0.043
54500,0.043,0.942,0.015
55000,0.058,0.911,0.031
55500,0.049,0.905,0.046
56000,0.064,0.847,0.089
56500,0.061,0.872,0.067
57000,0.037,0.939,0.024
57500,0.043,0.920,0.037
58000,0.034,0.924,0.043
58500,0.037,0.942,0.021
59000,0.028,0.948,0.024
59500,0.028,0.954,0.018
60000,0.028,0.948,0.024
60500,0.031,0.945,0.024
61000,0.031,0.957,0.012
61500,0.034,0.939,0.028
62000,0.034,0.939,0.028
62500,0.034,0.933,0.034
63000,0.028,0.930,0.043
63500,0.043,0.899,0.058
64000,0.037,0.920,0.043
64500,0.046,0.924,0.031
65000,0.034,0.933,0.034
65500,0.058,0.869,0.073
66000,0.040,0.911,0.049
66500,0.037,0.939,0.024
67000,0.037,0.936,0.028
67500,0.043,0.914,0.043
68000,0.040,0.939,0.021
68500,0.052,0.896,0.052
69000,0.040,0.924,0.037
69500,0.043,0.902,0.055
70000,0.052,0.896,0.052
70500,0.061,0.869,0.070
71000,0.067,0.865,0.067
71500,0.052,0.872,0.076
72000,0.058,0.899,0.043
72500,0.049,0.893,0.058
73000,0.040,0.911,0.049
73500,0.043,0.902,0.055
74000,0.031,0.917,0.052
74500,0.043,0.920,0.037
75000,0.049,0.890,0.061
75500,0.037,0.917,0.046
76000,0.052,0.917,0.031
76500,0.034,0.920,0.046
77000,0.043,0.930,0.028
77500,0.034,0.908,0.058
78000,0.037,0.920,0.043
78500,0.055,0.911,0.034
79000,0.046,0.899,0.055
79500,0.055,0.890,0.055
80000,0.049,0.887,0.064
80500,0.067,0.878,0.055
81000,0.067,0.875,0.058
81500,0.070,0.878,0.052
82000,0.055,0.920,0.024
82500,0.040,0.927,0.034
83000,0.031,0.951,0.018
83500,0.034,0.942,0.024
84000,0.037,0.917,0.046
84500,0.046,0.896,0.058
85000,0.080,0.856,0.064
85500,0.064,0.847,0.089
86000,0.107,0.801,0.092
86500,0.104,0.835,0.061
87000,0.076,0.853,0.070
87500,0.073,0.865,0.061
88000,0.058,0.899,0.043
88500,0.052,0.917,0.031
89000,0.043,0.924,0.034
89500,0.043,0.902,0.055
90000,0.043,0.914,0.043
90500,0.034,0.911,0.055
91000,0.034,0.936,0.031
91500,0.037,0.951,0.012
92000,0.067,0.908,0.024
92500,0.049,0.902,0.049
93000,0.037,0.924,0.040
93500,0.046,0.920,0.034
94000,0.031,0.933,0.037
94500,0.037,0.893,0.070
95000,0.040,0.930,0.031
95500,0.034,0.945,0.021
96000,0.040,0.939,0.021
96500,0.037,0.917,0.046
97000,0.052,0.896,0.052
97500,0.031,0.930,0.040
98000,0.028,0.957,0.015
98500,0.028,0.957,0.015
99000,0.031,0.960,0.009
99500,0.034,0.957,0.009
100000,0.037,0.905,0.058
100500,0.043,0.930,0.028
101000,0.055,0.902,0.043
101500,0.049,0.911,0.040
102000,0.031,0.939,0.031
102500,0.034,0.945,0.021
103000,0.037,0.942,0.021
103500,0.037,0.933,0.031
104000,0.031,0.951,0.018
104500,0.031,0.927,0.043
105000,0.031,0.951,0.018
105500,0.031,0.951,0.018
106000,0.028,0.948,0.024
106500,0.031,0.936,0.034
107000,0.040,0.951,0.009
107500,0.031,0.951,0.018
108000,0.037,0.939,0.024
108500,0.043,0.920,0.037
109000,0.037,0.936,0.028
109500,0.037,0.951,0.012
110000,0.037,0.917,0.046
110500,0.037,0.933,0.031
111000,0.034,0.930,0.037
111500,0.067,0.893,0.040
112000,0.028,0.933,0.040
112500,0.040,0.936,0.024
113000,0.031,0.917,0.052
113500,0.064,0.875,0.061
114000,0.092,0.847,0.061
114500,0.138,0.813,0.049
115000,0.098,0.807,0.095
115500,0.061,0.884,0.055
116000,0.061,0.911,0.028
116500,0.049,0.896,0.055
117000,0.043,0.927,0.031
117500,0.034,0.951,0.015
118000,0.031,0.936,0.034
118500,0.031,0.951,0.018
119000,0.031,0.957,0.012
119500,0.037,0.951,0.012
120000,0.043,0.927,0.031
120500,0.052,0.920,0.028
121000,0.049,0.927,0.024
121500,0.043,0.924,0.034
122000,0.061,0.899,0.040
122500,0.058,0.899,0.043
123000,0.040,0.936,0.024
123500,0.040,0.936,0.024
124000,0.052,0.930,0.018
124500,0.037,0.939,0.024
125000,0.034,0.939,0.028
125500,0.034,0.933,0.034
126000,0.034,0.945,0.021
126500,0.046,0.920,0.034
127000,0.040,0.930,0.031
127500,0.034,0.954,0.012
128000,0.028,0.948,0.024
128500,0.055,0.896,0.049
129000,0.031,0.945,0.024
129500,0.028,0.942,0.031
130000,0.037,0.945,0.018
130500,0.046,0.917,0.037
131000,0.055,0.905,0.040
131500,0.037,0.933,0.031
132000,0.031,0.951,0.018
132500,0.034,0.954,0.012
133000,0.028,0.945,0.028
133500,0.037,0.927,0.037
134000,0.058,0.890,0.052
134500,0.089,0.856,0.055
135000,0.049,0.893,0.058
135500,0.028,0.933,0.040
136000,0.028,0.951,0.021
136500,0.034,0.939,0.028
137000,0.028,0.954,0.018
137500,0.028,0.954,0.018
138000,0.031,0.936,0.034
138500,0.034,0.933,0.034
139000,0.034,0.936,0.031
139500,0.031,0.948,0.021
140000,0.034,0.936,0.031
140500,0.028,0.954,0.018
141000,0.031,0.951,0.018
141500,0.031,0.942,0.028
142000,0.028,0.951,0.021
142500,0.028,0.933,0.040
143000,0.031,0.957,0.012
143500,0.049,0.924,0.028
144000,0.052,0.930,0.018
144500,0.034,0.954,0.012
145000,0.031,0.933,0.037
145500,0.034,0.939,0.028
146000,0.031,0.942,0.028
146500,0.040,0.933,0.028
147000,0.040,0.905,0.055
147500,0.058,0.917,0.024
148000,0.031,0.939,0.031
148500,0.034,0.942,0.024
149000,0.046,0.924,0.031
149500,0.049,0.933,0.018
150000,0.073,0.896,0.031
150500,0.046,0.920,0.034
151000,0.043,0.917,0.040
151500,0.031,0.957,0.012
152000,0.028,0.930,0.043
152500,0.034,0.951,0.015
153000,0.031,0.948,0.021
153500,0.031,0.954,0.015
154000,0.028,0.954,0.018
154500,0.028,0.963,0.009
155000,0.028,0.960,0.012
155500,0.031,0.951,0.018
156000,0.031,0.942,0.028
156500,0.028,0.945,0.028
157000,0.028,0.951,0.021
157500,0.034,0.942,0.024
158000,0.037,0.933,0.031
158500,0.028,0.960,0.012
159000,0.028,0.954,0.018
159500,0.031,0.951,0.018
160000,0.037,0.942,0.021
160500,0.034,0.933,0.034
161000,0.031,0.951,0.018
161500,0.034,0.930,0.037
162000,0.031,0.945,0.024
162500,0.040,0.927,0.034
163000,0.040,0.936,0.024
163500,0.034,0.936,0.031
164000,0.034,0.920,0.046
164500,0.040,0.936,0.024
165000,0.037,0.939,0.024
165500,0.040,0.936,0.024
166000,0.034,0.936,0.031
166500,0.034,0.942,0.024
167000,0.028,0.954,0.018
167500,0.040,0.930,0.031
168000,0.037,0.933,0.031
168500,0.043,0.927,0.031
169000,0.034,0.951,0.015
169500,0.034,0.936,0.031
170000,0.043,0.936,0.021
170500,0.043,0.927,0.031
171000,0.040,0.939,0.021
171500,0.034,0.945,0.021
172000,0.034,0.951,0.015
172500,0.034,0.942,0.024
173000,0.028,0.933,0.040
173500,0.034,0.936,0.031
174000,0.040,0.939,0.021
174500,0.040,0.920,0.040
175000,0.037,0.942,0.021
175500,0.046,0.936,0.018
176000,0.080,0.869,0.052
176500,0.076,0.859,0.064
177000,0.049,0.896,0.055
177500,0.037,0.942,0.021
178000,0.037,0.930,0.034
178500,0.028,0.936,0.037
179000,0.028,0.930,0.043
179500,0.031,0.945,0.024
180000,0.040,0.936,0.024
180500,0.031,0.954,0.015
181000,0.040,0.914,0.046
181500,0.037,0.920,0.043
182000,0.037,0.933,0.031
182500,0.037,0.927,0.037
183000,0.031,0.939,0.031
183500,0.034,0.917,0.049
184000,0.031,0.930,0.040
184500,0.049,0.905,0.046
185000,0.037,0.911,0.052
185500,0.040,0.914,0.046
186000,0.043,0.917,0.040
186500,0.083,0.844,0.073
187000,0.086,0.832,0.083
187500,0.076,0.887,0.037
188000,0.046,0.917,0.037
188500,0.031,0.957,0.012
189000,0.046,0.911,0.043
189500,0.046,0.933,0.021
190000,0.043,0.930,0.028
190500,0.028,0.957,0.015
191000,0.046,0.924,0.031
191500,0.037,0.927,0.037
192000,0.034,0.930,0.037
192500,0.034,0.920,0.046
193000,0.028,0.936,0.037
193500,0.031,0.920,0.049
194000,0.031,0.933,0.037
194500,0.031,0.945,0.024
195000,0.037,0.924,0.040
195500,0.037,0.948,0.015
196000,0.031,0.948,0.021
196500,0.037,0.917,0.046
197000,0.028,0.960,0.012
197500,0.040,0.920,0.040
198000,0.037,0.911,0.052
198500,0.043,0.905,0.052
199000,0.040,0.905,0.055
199500,0.034,0.945,0.021
200000,0.040,0.917,0.043
200500,0.031,0.939,0.031
201000,0.031,0.933,0.037
201500,0.037,0.939,0.024
202000,0.034,0.933,0.034
202500,0.028,0.924,0.049
203000,0.046,0.939,0.015
203500,0.043,0.936,0.021
204000,0.043,0.930,0.028
204500,0.052,0.908,0.040
205000,0.043,0.893,0.064
205500,0.037,0.911,0.052
206000,0.043,0.905,0.052
206500,0.040,0.911,0.049
207000,0.043,0.911,0.046
207500,0.052,0.896,0.052
208000,0.073,0.859,0.067
208500,0.052,0.902,0.046
209000,0.034,0.960,0.006
209500,0.040,0.936,0.024
210000,0.058,0.896,0.046
210500,0.058,0.899,0.043
211000,0.034,0.936,0.031
211500,0.028,0.942,0.031
212000,0.034,0.939,0.028
212500,0.040,0.930,0.031
213000,0.049,0.917,0.034
213500,0.034,0.948,0.018
214000,0.052,0.908,0.040
214500,0.028,0.948,0.024
215000,0.028,0.936,0.037
215500,0.034,0.924,0.043
216000,0.031,0.936,0.034
216500,0.031,0.945,0.024
217000,0.046,0.936,0.018
217500,0.031,0.951,0.018
218000,0.028,0.948,0.024
218500,0.028,0.945,0.028
219000,0.043,0.914,0.043
219500,0.028,0.948,0.024
220000,0.037,0.927,0.037
220500,0.034,0.948,0.018
221000,0.037,0.917,0.046
221500,0.037,0.908,0.055
222000,0.031,0.933,0.037
222500,0.049,0.902,0.049
223000,0.043,0.942,0.015
223500,0.037,0.908,0.055
224000,0.040,0.917,0.043
224500,0.031,0.924,0.046
225000,0.058,0.902,0.040
225500,0.049,0.893,0.058
226000,0.037,0.945,0.018
226500,0.046,0.936,0.018
227000,0.055,0.908,0.037
227500,0.031,0.945,0.024
228000,0.031,0.945,0.024
228500,0.028,0.942,0.031
229000,0.043,0.936,0.021
229500,0.034,0.939,0.028
230000,0.028,0.936,0.037
230500,0.031,0.963,0.006
231000,0.049,0.924,0.028
231500,0.049,0.896,0.055
232000,0.055,0.896,0.049
232500,0.061,0.908,0.031
233000,0.043,0.905,0.052
233500,0.049,0.927,0.024
234000,0.064,0.878,0.058
234500,0.067,0.878,0.055
235000,0.034,0.942,0.024
235500,0.031,0.939,0.031
236000,0.028,0.948,0.024
236500,0.028,0.948,0.024
237000,0.034,0.957,0.009
237500,0.043,0.933,0.024
238000,0.037,0.902,0.061
238500,0.040,0.914,0.046
239000,0.052,0.924,0.024
239500,0.049,0.917,0.034
240000,0.031,0.933,0.037
240500,0.049,0.905,0.046
241000,0.061,0.844,0.095
241500,0.046,0.893,0.061
242000,0.037,0.942,0.021
242500,0.037,0.930,0.034
243000,0.043,0.917,0.040
243500,0.031,0.945,0.024
244000,0.031,0.945,0.024
244500,0.055,0.899,0.046
245000,0.040,0.924,0.037
245500,0.037,0.936,0.028
246000,0.037,0.905,0.058
246500,0.049,0.920,0.031
247000,0.040,0.939,0.021
247500,0.046,0.930,0.024
248000,0.040,0.911,0.049
248500,0.040,0.911,0.049
249000,0.037,0.914,0.049
249500,0.031,0.948,0.021
250000,0.040,0.936,0.024
250500,0.040,0.933,0.028
251000,0.034,0.920,0.046
251500,0.040,0.936,0.024
252000,0.052,0.902,0.046
252500,0.031,0.951,0.018
253000,0.028,0.960,0.012
253500,0.043,0.936,0.021
254000,0.031,0.957,0.012
254500,0.049,0.933,0.018
255000,0.040,0.927,0.034
255500,0.058,0.890,0.052
256000,0.049,0.911,0.040
256500,0.046,0.917,0.037
257000,0.040,0.911,0.049
257500,0.031,0.933,0.037
258000,0.028,0.939,0.034
258500,0.028,0.954,0.018
259000,0.037,0.917,0.046
259500,0.034,0.951,0.015
260000,0.031,0.942,0.028
260500,0.031,0.939,0.031
261000,0.052,0.875,0.073
261500,0.043,0.924,0.034
262000,0.034,0.917,0.049
262500,0.031,0.939,0.031
263000,0.028,0.948,0.024
263500,0.034,0.939,0.028
264000,0.028,0.942,0.031
264500,0.031,0.927,0.043
265000,0.031,0.936,0.034
265500,0.028,0.957,0.015
266000,0.034,0.954,0.012
266500,0.028,0.966,0.006
267000,0.028,0.933,0.040
267500,0.043,0.920,0.037
268000,0.037,0.930,0.034
268500,0.043,0.905,0.052
269000,0.049,0.899,0.052
269500,0.040,0.881,0.080
270000,0.046,0.936,0.018
270500,0.037,0.933,0.031
271000,0.031,0.942,0.028
271500,0.031,0.933,0.037
272000,0.031,0.951,0.018
272500,0.028,0.951,0.021
273000,0.031,0.951,0.018
273500,0.034,0.914,0.052
274000,0.028,0.936,0.037
274500,0.028,0.951,0.021
275000,0.028,0.954,0.018
275500,0.028,0.945,0.028
276000,0.034,0.939,0.028
276500,0.034,0.917,0.049
277000,0.034,0.924,0.043
277500,0.046,0.927,0.028
278000,0.037,0.945,0.018
278500,0.040,0.942,0.018
279000,0.034,0.939,0.028
279500,0.028,0.936,0.037
280000,0.031,0.942,0.028
280500,0.043,0.920,0.037
281000,0.049,0.936,0.015
281500,0.034,0.945,0.021
282000,0.031,0.930,0.040
282500,0.031,0.927,0.043
283000,0.046,0.927,0.028
283500,0.031,0.933,0.037
284000,0.028,0.936,0.037
284500,0.028,0.951,0.021
285000,0.034,0.942,0.024
285500,0.037,0.942,0.021
286000,0.037,0.933,0.031
286500,0.028,0.945,0.028
287000,0.046,0.902,0.052
287500,0.049,0.896,0.055
288000,0.052,0.936,0.012
288500,0.031,0.939,0.031
289000,0.031,0.905,0.064
289500,0.043,0.905,0.052
290000,0.046,0.890,0.064
290500,0.040,0.930,0.031
291000,0.043,0.933,0.024
291500,0.043,0.945,0.012
292000,0.040,0.948,0.012
292500,0.034,0.948,0.018
293000,0.034,0.954,0.012
293500,0.034,0.954,0.012
294000,0.031,0.930,0.040
294500,0.034,0.930,0.037
295000,0.028,0.948,0.024
295500,0.040,0.933,0.028
296000,0.034,0.945,0.021
296500,0.043,0.924,0.034
297000,0.034,0.924,0.043
297500,0.028,0.945,0.028
298000,0.052,0.914,0.034
298500,0.031,0.942,0.028
299000,0.034,0.920,0.046
299500,0.046,0.933,0.021
300000,0.043,0.924,0.034
300500,0.034,0.930,0.037
301000,0.031,0.954,0.015
301500,0.046,0.930,0.024
302000,0.052,0.905,0.043
302500,0.031,0.911,0.058
303000,0.046,0.899,0.055
303500,0.043,0.920,0.037
304000,0.037,0.930,0.034
304500,0.028,0.933,0.040
305000,0.043,0.911,0.046
305500,0.046,0.933,0.021
306000,0.031,0.945,0.024
306500,0.031,0.954,0.015
307000,0.034,0.957,0.009
307500,0.028,0.951,0.021
308000,0.034,0.942,0.024
308500,0.028,0.930,0.043
309000,0.034,0.948,0.018
309500,0.031,0.945,0.024
310000,0.043,0.927,0.031
310500,0.046,0.905,0.049
311000,0.028,0.945,0.028
311500,0.043,0.914,0.043
312000,0.028,0.954,0.018
312500,0.031,0.963,0.006
313000,0.037,0.939,0.024
313500,0.028,0.936,0.037
314000,0.052,0.933,0.015
314500,0.061,0.881,0.058
315000,0.061,0.862,0.076
315500,0.067,0.872,0.061
316000,0.080,0.872,0.049
316500,0.086,0.859,0.055
317000,0.061,0.893,0.046
317500,0.046,0.899,0.055
318000,0.037,0.930,0.034
318500,0.034,0.924,0.043
319000,0.028,0.945,0.028
319500,0.028,0.954,0.018
320000,0.028,0.942,0.031
320500,0.034,0.930,0.037
321000,0.049,0.908,0.043
321500,0.040,0.890,0.070
322000,0.031,0.939,0.031
322500,0.034,0.945,0.021
323000,0.034,0.936,0.031
323500,0.028,0.963,0.009
324000,0.031,0.933,0.037
324500,0.034,0.927,0.040
325000,0.031,0.930,0.040
325500,0.028,0.945,0.028
326000,0.031,0.945,0.024
326500,0.034,0.948,0.018
327000,0.040,0.927,0.034
327500,0.037,0.930,0.034
328000,0.028,0.954,0.018
328500,0.028,0.957,0.015
329000,0.031,0.942,0.028
329500,0.031,0.954,0.015
330000,0.037,0.927,0.037
330500,0.028,0.933,0.040
331000,0.046,0.920,0.034
331500,0.040,0.930,0.031
332000,0.040,0.933,0.028
332500,0.037,0.939,0.024
333000,0.046,0.896,0.058
333500,0.043,0.905,0.052
334000,0.037,0.942,0.021
334500,0.052,0.902,0.046
335000,0.040,0.936,0.024
335500,0.049,0.939,0.012
336000,0.037,0.933,0.031
336500,0.040,0.936,0.024
337000,0.034,0.957,0.009
337500,0.046,0.920,0.034
338000,0.043,0.908,0.049
338500,0.034,0.924,0.043
339000,0.028,0.960,0.012
339500,0.028,0.966,0.006
340000,0.028,0.954,0.018
340500,0.034,0.942,0.024
341000,0.061,0.899,0.040
341500,0.089,0.847,0.064
342000,0.076,0.865,0.058
342500,0.098,0.844,0.058
343000,0.058,0.881,0.061
343500,0.061,0.896,0.043
344000,0.043,0.933,0.024
344500,0.037,0.942,0.021
345000,0.028,0.924,0.049
345500,0.034,0.948,0.018
346000,0.037,0.933,0.031
346500,0.034,0.948,0.018
347000,0.034,0.948,0.018
347500,0.037,0.930,0.034
348000,0.052,0.908,0.040
348500,0.034,0.951,0.015
349000,0.034,0.936,0.031
349500,0.031,0.942,0.028
350000,0.031,0.939,0.031
350500,0.028,0.960,0.012
351000,0.028,0.960,0.012
351500,0.040,0.930,0.031
352000,0.046,0.936,0.018
352500,0.067,0.872,0.061
353000,0.037,0.930,0.034
353500,0.037,0.924,0.040
354000,0.034,0.936,0.031
354500,0.028,0.936,0.037
355000,0.040,0.939,0.021
355500,0.037,0.936,0.028
356000,0.043,0.917,0.040
356500,0.064,0.881,0.055
357000,0.034,0.951,0.015
357500,0.040,0.902,0.058
358000,0.037,0.942,0.021
358500,0.034,0.948,0.018
359000,0.028,0.945,0.028
359500,0.043,0.914,0.043
360000,0.049,0.917,0.034
360500,0.046,0.920,0.034
361000,0.040,0.911,0.049
361500,0.043,0.859,0.098
362000,0.037,0.930,0.034
362500,0.031,0.957,0.012
363000,0.031,0.933,0.037
363500,0.031,0.948,0.021
364000,0.028,0.957,0.015
364500,0.046,0.911,0.043
365000,0.037,0.939,0.024
365500,0.043,0.920,0.037
366000,0.046,0.920,0.034
366500,0.034,0.948,0.018
367000,0.037,0.942,0.021
367500,0.034,0.948,0.018
368000,0.046,0.887,0.067
368500,0.083,0.838,0.080
369000,0.061,0.872,0.067
369500,0.049,0.902,0.049
370000,0.046,0.896,0.058
370500,0.043,0.884,0.073
371000,0.034,0.951,0.015
371500,0.040,0.927,0.034
372000,0.037,0.942,0.021
372500,0.043,0.924,0.034
373000,0.028,0.933,0.040
373500,0.040,0.942,0.018
374000,0.037,0.939,0.024
374500,0.034,0.942,0.024
375000,0.061,0.902,0.037
375500,0.070,0.890,0.040
376000,0.046,0.920,0.034
376500,0.037,0.917,0.046
377000,0.040,0.933,0.028
377500,0.031,0.936,0.034
378000,0.043,0.924,0.034
378500,0.031,0.939,0.031
379000,0.028,0.942,0.031
379500,0.034,0.942,0.024
380000,0.034,0.942,0.024
380500,0.037,0.911,0.052
381000,0.043,0.911,0.046
381500,0.034,0.942,0.024
382000,0.028,0.951,0.021
382500,0.034,0.939,0.028
383000,0.031,0.920,0.049
383500,0.031,0.939,0.031
384000,0.034,0.914,0.052
384500,0.046,0.930,0.024
385000,0.052,0.872,0.076
385500,0.049,0.884,0.067
386000,0.034,0.914,0.052
386500,0.049,0.899,0.052
387000,0.046,0.902,0.052
387500,0.058,0.890,0.052
388000,0.034,0.927,0.040
388500,0.040,0.930,0.031
389000,0.037,0.927,0.037
389500,0.046,0.917,0.037
390000,0.046,0.899,0.055
390500,0.052,0.905,0.043
391000,0.052,0.908,0.040
391500,0.058,0.887,0.055
392000,0.046,0.920,0.034
392500,0.037,0.911,0.052
393000,0.040,0.933,0.028
393500,0.034,0.930,0.037
394000,0.040,0.945,0.015
394500,0.037,0.924,0.040
395000,0.037,0.908,0.055
395500,0.037,0.930,0.034
396000,0.040,0.930,0.031
396500,0.031,0.954,0.015
397000,0.028,0.960,0.012
397500,0.040,0.924,0.037
398000,0.043,0.927,0.031
398500,0.031,0.939,0.031
399000,0.031,0.945,0.024
399500,0.037,0.930,0.034
400000,0.046,0.914,0.040
400500,0.034,0.933,0.034
401000,0.034,0.933,0.034
401500,0.031,0.933,0.037
402000,0.028,0.939,0.034
402500,0.055,0.924,0.021
403000,0.028,0.957,0.015
403500,0.040,0.927,0.034
404000,0.040,0.927,0.034
404500,0.043,0.930,0.028
405000,0.037,0.942,0.021
405500,0.031,0.954,0.015
406000,0.040,0.920,0.040
406500,0.037,0.942,0.021
407000,0.031,0.963,0.006
407500,0.037,0.942,0.021
408000,0.031,0.957,0.012
408500,0.034,0.933,0.034
409000,0.031,0.942,0.028
409500,0.034,0.933,0.034
410000,0.040,0.942,0.018
410500,0.040,0.920,0.040
411000,0.031,0.957,0.012
411500,0.043,0.939,0.018
412000,0.040,0.920,0.040
412500,0.037,0.939,0.024
413000,0.028,0.927,0.046
413500,0.046,0.924,0.031
414000,0.034,0.920,0.046
414500,0.037,0.936,0.028
415000,0.028,0.945,0.028
415500,0.043,0.927,0.031
416000,0.049,0.924,0.028
416500,0.046,0.911,0.043
417000,0.034,0.954,0.012
417500,0.040,0.920,0.040
418000,0.031,0.942,0.028
418500,0.028,0.951,0.021
419000,0.034,0.936,0.031
419500,0.028,0.945,0.028
420000,0.034,0.945,0.021
420500,0.034,0.960,0.006
421000,0.028,0.936,0.037
421500,0.028,0.945,0.028
422000,0.028,0.954,0.018
422500,0.028,0.939,0.034
423000,0.040,0.945,0.015
423500,0.034,0.917,0.049
424000,0.043,0.936,0.021
424500,0.031,0.951,0.018
425000,0.034,0.920,0.046
425500,0.034,0.954,0.012
426000,0.028,0.951,0.021
426500,0.034,0.948,0.018
427000,0.037,0.933,0.031
427500,0.028,0.945,0.028
428000,0.040,0.914,0.046
428500,0.037,0.945,0.018
429000,0.034,0.948,0.018
429500,0.055,0.924,0.021
430000,0.052,0.911,0.037
430500,0.031,0.936,0.034
431000,0.028,0.972,-0.000
431500,0.028,0.963,0.009
432000,0.034,0.914,0.052
432500,0.040,0.927,0.034
433000,0.031,0.927,0.043
433500,0.043,0.905,0.052
434000,0.037,0.933,0.031
434500,0.034,0.942,0.024
435000,0.028,0.957,0.015
435500,0.034,0.939,0.028
436000,0.052,0.908,0.040
436500,0.034,0.945,0.021
437000,0.049,0.896,0.055
437500,0.086,0.841,0.073
438000,0.089,0.841,0.070
438500,0.083,0.875,0.043
439000,0.067,0.896,0.037
439500,0.061,0.902,0.037
440000,0.073,0.881,0.046
440500,0.046,0.896,0.058
441000,0.089,0.869,0.043
441500,0.067,0.853,0.080
442000,0.055,0.905,0.040
442500,0.058,0.893,0.049
443000,0.049,0.920,0.031
443500,0.034,0.933,0.034
444000,0.043,0.942,0.015
444500,0.046,0.933,0.021
445000,0.031,0.948,0.021
445500,0.028,0.960,0.012
446000,0.052,0.920,0.028
446500,0.040,0.930,0.031
447000,0.037,0.914,0.049
447500,0.037,0.939,0.024
448000,0.034,0.930,0.037
448500,0.046,0.920,0.034
449000,0.034,0.942,0.024
449500,0.037,0.942,0.021
450000,0.034,0.930,0.037
450500,0.034,0.954,0.012
451000,0.034,0.936,0.031
451500,0.031,0.951,0.018
452000,0.040,0.920,0.040
452500,0.034,0.942,0.024
453000,0.031,0.960,0.009
453500,0.031,0.954,0.015
454000,0.031,0.920,0.049
454500,0.034,0.939,0.028
455000,0.034,0.930,0.037
455500,0.040,0.927,0.034
456000,0.055,0.917,0.028
456500,0.046,0.908,0.046
457000,0.031,0.945,0.024
457500,0.031,0.951,0.018
458000,0.034,0.954,0.012
458500,0.028,0.960,0.012
459000,0.040,0.933,0.028
459500,0.040,0.914,0.046
460000,0.046,0.914,0.040
460500,0.034,0.954,0.012
461000,0.031,0.951,0.018
461500,0.055,0.908,0.037
462000,0.040,0.930,0.031
462500,0.043,0.917,0.040
463000,0.049,0.911,0.040
463500,0.061,0.884,0.055
464000,0.043,0.881,0.076
464500,0.043,0.899,0.058
465000,0.064,0.890,0.046
465500,0.043,0.927,0.031
466000,0.034,0.936,0.031
466500,0.040,0.927,0.034
467000,0.034,0.945,0.021
467500,0.034,0.939,0.028
468000,0.037,0.945,0.018
468500,0.034,0.911,0.055
469000,0.037,0.924,0.040
469500,0.031,0.920,0.049
470000,0.031,0.951,0.018
470500,0.052,0.927,0.021
471000,0.043,0.902,0.055
471500,0.034,0.908,0.058
472000,0.037,0.930,0.034
472500,0.034,0.957,0.009
473000,0.031,0.920,0.049
473500,0.055,0.924,0.021
474000,0.043,0.927,0.031
474500,0.040,0.936,0.024
475000,0.046,0.939,0.015
475500,0.034,0.927,0.040
476000,0.031,0.945,0.024
476500,0.043,0.930,0.028
477000,0.037,0.939,0.024
477500,0.031,0.948,0.021
478000,0.037,0.930,0.034
478500,0.028,0.948,0.024
479000,0.031,0.948,0.021
479500,0.028,0.951,0.021
480000,0.028,0.942,0.031
480500,0.040,0.911,0.049
481000,0.037,0.927,0.037
481500,0.049,0.890,0.061
482000,0.037,0.936,0.028
482500,0.046,0.917,0.037
483000,0.031,0.939,0.031
483500,0.034,0.942,0.024
484000,0.037,0.954,0.009
484500,0.031,0.960,0.009
485000,0.034,0.930,0.037
485500,0.043,0.917,0.040
486000,0.031,0.936,0.034
486500,0.034,0.939,0.028
487000,0.040,0.933,0.028
487500,0.046,0.914,0.040
488000,0.031,0.927,0.043
488500,0.055,0.899,0.046
489000,0.052,0.908,0.040
489500,0.061,0.905,0.034
490000,0.040,0.917,0.043
490500,0.037,0.930,0.034
491000,0.037,0.936,0.028
491500,0.043,0.927,0.031
492000,0.034,0.948,0.018
492500,0.034,0.948,0.018
493000,0.040,0.930,0.031
493500,0.046,0.924,0.031
494000,0.028,0.920,0.052
494500,0.040,0.939,0.021
495000,0.031,0.933,0.037
495500,0.028,0.933,0.040
496000,0.031,0.957,0.012
496500,0.031,0.948,0.021
497000,0.031,0.948,0.021
497500,0.034,0.957,0.009
498000,0.028,0.951,0.021
498500,0.043,0.936,0.021
499000,0.043,0.924,0.034
499500,0.040,0.939,0.021
500000,0.046,0.914,0.040
500500,0.037,0.930,0.034
501000,0.049,0.920,0.031
501500,0.052,0.908,0.040
502000,0.073,0.872,0.055
502500,0.040,0.924,0.037
503000,0.049,0.930,0.021
503500,0.031,0.930,0.040
504000,0.040,0.927,0.034
504500,0.040,0.893,0.067
505000,0.040,0.893,0.067
505500,0.028,0.917,0.055
506000,0.028,0.933,0.040
506500,0.040,0.914,0.046
507000,0.031,0.920,0.049
507500,0.028,0.917,0.055
508000,0.034,0.930,0.037
508500,0.031,0.936,0.034
509000,0.028,0.966,0.006
509500,0.028,0.954,0.018
510000,0.031,0.948,0.021
510500,0.046,0.924,0.031
511000,0.049,0.936,0.015
511500,0.043,0.908,0.049
512000,0.058,0.884,0.058
512500,0.043,0.899,0.058
513000,0.055,0.908,0.037
513500,0.064,0.908,0.028
514000,0.049,0.905,0.046
514500,0.043,0.942,0.015
515000,0.034,0.911,0.055
515500,0.037,0.933,0.031
516000,0.046,0.914,0.040
516500,0.055,0.887,0.058
517000,0.083,0.856,0.061
517500,0.083,0.853,0.064
518000,0.098,0.869,0.034
518500,0.107,0.829,0.064
519000,0.131,0.817,0.052
519500,0.098,0.869,0.034
520000,0.070,0.881,0.049
520500,0.058,0.914,0.028
521000,0.037,0.933,0.031
521500,0.046,0.905,0.049
522000,0.049,0.887,0.064
522500,0.055,0.893,0.052
523000,0.046,0.887,0.067
523500,0.043,0.914,0.043
524000,0.049,0.917,0.034
524500,0.031,0.927,0.043
525000,0.028,0.930,0.043
525500,0.049,0.927,0.024
526000,0.049,0.896,0.055
526500,0.043,0.911,0.046
527000,0.031,0.954,0.015
527500,0.034,0.924,0.043
528000,0.049,0.930,0.021
528500,0.067,0.890,0.043
529000,0.040,0.920,0.040
529500,0.034,0.948,0.018
530000,0.031,0.936,0.034
530500,0.034,0.939,0.028
531000,0.028,0.951,0.021
531500,0.031,0.945,0.024
532000,0.028,0.960,0.012
532500,0.046,0.924,0.031
533000,0.037,0.945,0.018
533500,0.031,0.905,0.064
534000,0.031,0.939,0.031
534500,0.034,0.933,0.034
535000,0.031,0.936,0.034
535500,0.034,0.927,0.040
536000,0.049,0.927,0.024
536500,0.052,0.875,0.073
537000,0.061,0.850,0.089
537500,0.034,0.917,0.049
538000,0.040,0.924,0.037
538500,0.028,0.948,0.024
539000,0.031,0.951,0.018
539500,0.040,0.939,0.021
540000,0.037,0.924,0.040
540500,0.040,0.942,0.018
541000,0.046,0.902,0.052
541500,0.043,0.899,0.058
542000,0.049,0.899,0.052
542500,0.031,0.942,0.028
543000,0.034,0.948,0.018
543500,0.037,0.911,0.052
544000,0.049,0.908,0.043
544500,0.040,0.899,0.061
545000,0.040,0.939,0.021
545500,0.031,0.942,0.028
546000,0.046,0.927,0.028
546500,0.028,0.951,0.021
547000,0.028,0.954,0.018
547500,0.037,0.945,0.018
548000,0.031,0.939,0.031
548500,0.031,0.914,0.055
549000,0.028,0.945,0.028
549500,0.028,0.957,0.015
550000,0.031,0.957,0.012
550500,0.037,0.933,0.031
551000,0.037,0.939,0.024
551500,0.043,0.948,0.009
552000,0.040,0.914,0.046
552500,0.034,0.927,0.040
553000,0.046,0.917,0.037
553500,0.040,0.905,0.055
554000,0.037,0.924,0.040
554500,0.028,0.933,0.040
555000,0.031,0.936,0.034
555500,0.037,0.902,0.061
556000,0.064,0.896,0.040
556500,0.037,0.917,0.046
557000,0.031,0.933,0.037
557500,0.037,0.954,0.009
558000,0.034,0.914,0.052
558500,0.040,0.942,0.018
559000,0.052,0.896,0.052
559500,0.049,0.893,0.058
560000,0.064,0.905,0.031
560500,0.073,0.899,0.028
561000,0.040,0.914,0.046
561500,0.055,0.905,0.040
562000,0.049,0.911,0.040
562500,0.055,0.899,0.046
563000,0.049,0.902,0.049
563500,0.064,0.859,0.076
564000,0.037,0.936,0.028
564500,0.037,0.930,0.034
565000,0.031,0.930,0.040
565500,0.043,0.927,0.031
566000,0.034,0.920,0.046
566500,0.034,0.927,0.040
567000,0.043,0.899,0.058
567500,0.040,0.911,0.049
568000,0.037,0.936,0.028
568500,0.028,0.948,0.024
569000,0.028,0.963,0.009
569500,0.043,0.924,0.034
570000,0.040,0.933,0.028
570500,0.028,0.954,0.018
571000,0.028,0.939,0.034
571500,0.043,0.905,0.052
572000,0.049,0.917,0.034
572500,0.037,0.948,0.015
573000,0.028,0.942,0.031
573500,0.028,0.948,0.024
574000,0.046,0.914,0.040
574500,0.034,0.945,0.021
575000,0.034,0.930,0.037
575500,0.034,0.939,0.028
576000,0.031,0.908,0.061
576500,0.064,0.902,0.034
577000,0.049,0.920,0.031
577500,0.031,0.957,0.012
578000,0.040,0.939,0.021
578500,0.040,0.945,0.015
579000,0.043,0.911,0.046
579500,0.028,0.945,0.028
580000,0.028,0.933,0.040
580500,0.028,0.951,0.021
581000,0.037,0.924,0.040
581500,0.034,0.936,0.031
582000,0.040,0.936,0.024
582500,0.040,0.917,0.043
583000,0.028,0.945,0.028
583500,0.031,0.927,0.043
584000,0.046,0.911,0.043
584500,0.040,0.924,0.037
585000,0.046,0.878,0.076
585500,0.052,0.890,0.058
586000,0.037,0.927,0.037
586500,0.046,0.896,0.058
587000,0.037,0.933,0.031
587500,0.040,0.917,0.043
588000,0.037,0.954,0.009
588500,0.043,0.914,0.043
589000,0.037,0.911,0.052
589500,0.040,0.924,0.037
590000,0.028,0.939,0.034
590500,0.034,0.927,0.040
591000,0.043,0.911,0.046
591500,0.040,0.911,0.049
592000,0.043,0.896,0.061
592500,0.055,0.896,0.049
593000,0.067,0.878,0.055
593500,0.058,0.896,0.046
594000,0.043,0.917,0.040
594500,0.037,0.945,0.018
595000,0.028,0.951,0.021
595500,0.040,0.911,0.049
596000,0.040,0.930,0.031
596500,0.058,0.914,0.028
597000,0.040,0.914,0.046
597500,0.031,0.945,0.024
598000,0.043,0.905,0.052
598500,0.046,0.914,0.040
599000,0.028,0.954,0.018
599500,0.034,0.936,0.031
600000,0.031,0.914,0.055
600500,0.040,0.908,0.052
601000,0.064,0.875,0.061
601500,0.049,0.911,0.040
602000,0.037,0.933,0.031
602500,0.037,0.920,0.043
603000,0.037,0.920,0.043
603500,0.043,0.933,0.024
604000,0.052,0.902,0.046
604500,0.034,0.954,0.012
605000,0.034,0.939,0.028
605500,0.052,0.917,0.031
606000,0.040,0.930,0.031
606500,0.034,0.936,0.031
607000,0.028,0.963,0.009
607500,0.040,0.933,0.028
608000,0.037,0.914,0.049
608500,0.055,0.887,0.058
609000,0.049,0.908,0.043
609500,0.037,0.933,0.031
610000,0.043,0.917,0.040
610500,0.055,0.917,0.028
611000,0.049,0.905,0.046
611500,0.037,0.917,0.046
612000,0.034,0.930,0.037
612500,0.040,0.930,0.031
613000,0.058,0.908,0.034
613500,0.046,0.924,0.031
614000,0.043,0.917,0.040
614500,0.034,0.951,0.015
615000,0.028,0.954,0.018
615500,0.031,0.936,0.034
616000,0.037,0.942,0.021
616500,0.040,0.951,0.009
617000,0.031,0.966,0.003
617500,0.031,0.936,0.034
618000,0.031,0.942,0.028
618500,0.037,0.939,0.024
619000,0.040,0.905,0.055
619500,0.043,0.905,0.052
620000,0.040,0.927,0.034
620500,0.031,0.939,0.031
621000,0.040,0.917,0.043
621500,0.028,0.930,0.043
622000,0.031,0.951,0.018
622500,0.043,0.933,0.024
623000,0.034,0.917,0.049
623500,0.040,0.908,0.052
624000,0.076,0.890,0.034
624500,0.046,0.896,0.058
625000,0.076,0.884,0.040
625500,0.049,0.878,0.073
626000,0.040,0.933,0.028
626500,0.040,0.920,0.040
627000,0.043,0.924,0.034
627500,0.040,0.927,0.034
628000,0.031,0.951,0.018
628500,0.031,0.933,0.037
629000,0.028,0.951,0.021
629500,0.037,0.939,0.024
630000,0.052,0.862,0.086
630500,0.049,0.908,0.043
631000,0.055,0.902,0.043
631500,0.034,0.896,0.070
632000,0.052,0.911,0.037
632500,0.073,0.853,0.073
633000,0.064,0.887,0.049
633500,0.070,0.884,0.046
634000,0.073,0.856,0.070
634500,0.049,0.911,0.040
635000,0.031,0.933,0.037
635500,0.037,0.948,0.015
636000,0.034,0.948,0.018
636500,0.034,0.939,0.028
637000,0.028,0.945,0.028
637500,0.028,0.954,0.018
638000,0.040,0.905,0.055
638500,0.046,0.911,0.043
639000,0.037,0.905,0.058
639500,0.031,0.914,0.055
640000,0.049,0.905,0.046
640500,0.040,0.945,0.015
641000,0.043,0.942,0.015
641500,0.046,0.933,0.021
642000,0.043,0.920,0.037
642500,0.055,0.902,0.043
643000,0.064,0.893,0.043
643500,0.034,0.927,0.040
644000,0.031,0.954,0.015
644500,0.028,0.939,0.034
645000,0.043,0.942,0.015
645500,0.028,0.948,0.024
646000,0.046,0.917,0.037
646500,0.034,0.948,0.018
647000,0.031,0.927,0.043
647500,0.034,0.939,0.028
648000,0.064,0.890,0.046
648500,0.055,0.908,0.037
649000,0.046,0.927,0.028
649500,0.043,0.933,0.024
650000,0.034,0.911,0.055
650500,0.028,0.942,0.031
651000,0.040,0.920,0.040
651500,0.037,0.942,0.021
652000,0.034,0.930,0.037
652500,0.028,0.942,0.031
653000,0.028,0.948,0.024
653500,0.028,0.957,0.015
654000,0.028,0.948,0.024
654500,0.034,0.930,0.037
655000,0.034,0.911,0.055
655500,0.049,0.887,0.064
656000,0.043,0.924,0.034
656500,0.028,0.954,0.018
657000,0.043,0.899,0.058
657500,0.040,0.939,0.021
658000,0.028,0.966,0.006
658500,0.028,0.939,0.034
659000,0.040,0.948,0.012
659500,0.034,0.939,0.028
660000,0.028,0.933,0.040
660500,0.037,0.930,0.034
661000,0.040,0.924,0.037
661500,0.067,0.893,0.040
662000,0.037,0.933,0.031
662500,0.067,0.884,0.049
663000,0.061,0.908,0.031
663500,0.037,0.939,0.024
664000,0.028,0.966,0.006
664500,0.028,0.960,0.012
665000,0.037,0.927,0.037
665500,0.028,0.930,0.043
666000,0.028,0.948,0.024
666500,0.028,0.957,0.015
667000,0.031,0.960,0.009
667500,0.028,0.951,0.021
668000,0.031,0.954,0.015
668500,0.031,0.951,0.018
669000,0.040,0.930,0.031
669500,0.061,0.896,0.043
670000,0.037,0.930,0.034
670500,0.046,0.933,0.021
671000,0.043,0.933,0.024
671500,0.031,0.933,0.037
672000,0.031,0.927,0.043
672500,0.067,0.908,0.024
673000,0.055,0.905,0.040
673500,0.055,0.905,0.040
674000,0.028,0.927,0.046
674500,0.061,0.905,0.034
675000,0.052,0.902,0.046
675500,0.037,0.942,0.021
676000,0.028,0.942,0.031
676500,0.028,0.960,0.012
677000,0.034,0.933,0.034
677500,0.043,0.936,0.021
678000,0.052,0.911,0.037
678500,0.061,0.905,0.034
679000,0.058,0.914,0.028
679500,0.043,0.927,0.031
680000,0.052,0.917,0.031
680500,0.028,0.927,0.046
681000,0.031,0.939,0.031
681500,0.037,0.930,0.034
682000,0.034,0.914,0.052
682500,0.043,0.939,0.018
683000,0.034,0.942,0.024
683500,0.028,0.948,0.024
684000,0.043,0.942,0.015
684500,0.040,0.924,0.037
685000,0.037,0.930,0.034
685500,0.031,0.920,0.049
686000,0.031,0.951,0.018
686500,0.028,0.951,0.021
687000,0.034,0.920,0.046
687500,0.061,0.899,0.040
688000,0.034,0.942,0.024
688500,0.031,0.924,0.046
689000,0.028,0.948,0.024
689500,0.028,0.963,0.009
690000,0.028,0.957,0.015
690500,0.031,0.942,0.028
691000,0.034,0.933,0.034
691500,0.034,0.945,0.021
692000,0.052,0.924,0.024
692500,0.043,0.924,0.034
693000,0.034,0.939,0.028
693500,0.034,0.924,0.043
694000,0.064,0.881,0.055
694500,0.055,0.914,0.031
695000,0.037,0.927,0.037
695500,0.034,0.917,0.049
696000,0.043,0.924,0.034
696500,0.037,0.939,0.024
697000,0.040,0.908,0.052
697500,0.043,0.933,0.024
698000,0.034,0.942,0.024
698500,0.049,0.896,0.055
699000,0.049,0.908,0.043
699500,0.034,0.939,0.028
700000,0.031,0.942,0.028
700500,0.034,0.954,0.012
701000,0.040,0.920,0.040
701500,0.070,0.908,0.021
702000,0.046,0.917,0.037
702500,0.037,0.939,0.024
703000,0.040,0.908,0.052
703500,0.043,0.908,0.049
704000,0.055,0.899,0.046
704500,0.043,0.893,0.064
705000,0.046,0.930,0.024
705500,0.034,0.963,0.003
706000,0.031,0.927,0.043
706500,0.049,0.911,0.040
707000,0.037,0.920,0.043
707500,0.040,0.930,0.031
708000,0.034,0.945,0.021
708500,0.028,0.957,0.015
709000,0.028,0.948,0.024
709500,0.037,0.939,0.024
710000,0.034,0.951,0.015
710500,0.034,0.939,0.028
711000,0.043,0.930,0.028
711500,0.046,0.924,0.031
712000,0.043,0.924,0.034
712500,0.037,0.911,0.052
713000,0.064,0.902,0.034
713500,0.119,0.810,0.070
714000,0.153,0.761,0.086
714500,0.073,0.872,0.055
715000,0.055,0.896,0.049
715500,0.031,0.927,0.043
716000,0.034,0.902,0.064
716500,0.037,0.924,0.040
717000,0.037,0.924,0.040
717500,0.034,0.927,0.040
718000,0.037,0.908,0.055
718500,0.031,0.945,0.024
719000,0.028,0.951,0.021
719500,0.037,0.917,0.046
720000,0.037,0.927,0.037
720500,0.028,0.954,0.018
721000,0.031,0.933,0.037
721500,0.043,0.911,0.046
722000,0.043,0.902,0.055
722500,0.058,0.881,0.061
723000,0.064,0.878,0.058
723500,0.080,0.850,0.070
724000,0.034,0.933,0.034
724500,0.037,0.951,0.012
725000,0.040,0.927,0.034
725500,0.043,0.930,0.028
726000,0.043,0.945,0.012
726500,0.040,0.924,0.037
727000,0.055,0.856,0.089
727500,0.034,0.945,0.021
728000,0.040,0.936,0.024
728500,0.034,0.924,0.043
729000,0.049,0.920,0.031
729500,0.040,0.924,0.037
730000,0.031,0.936,0.034
730500,0.031,0.945,0.024
731000,0.028,0.963,0.009
731500,0.031,0.960,0.009
732000,0.034,0.933,0.034
732500,0.028,0.936,0.037
733000,0.031,0.939,0.031
733500,0.055,0.917,0.028
734000,0.043,0.930,0.028
734500,0.061,0.896,0.043
735000,0.040,0.917,0.043
735500,0.055,0.887,0.058
736000,0.052,0.887,0.061
736500,0.061,0.872,0.067
737000,0.034,0.939,0.028
737500,0.028,0.942,0.031
738000,0.037,0.939,0.024
738500,0.046,0.914,0.040
739000,0.043,0.908,0.049
739500,0.052,0.924,0.024
740000,0.049,0.887,0.064
740500,0.028,0.942,0.031
741000,0.028,0.954,0.018
741500,0.028,0.960,0.012
742000,0.031,0.957,0.012
742500,0.043,0.917,0.040
743000,0.040,0.914,0.046
743500,0.043,0.911,0.046
744000,0.031,0.945,0.024
744500,0.028,0.954,0.018
745000,0.037,0.948,0.015
745500,0.040,0.905,0.055
746000,0.046,0.887,0.067
746500,0.028,0.902,0.070
747000,0.031,0.927,0.043
747500,0.037,0.936,0.028
748000,0.034,0.927,0.040
748500,0.049,0.911,0.040
749000,0.052,0.911,0.037
749500,0.037,0.933,0.031
750000,0.031,0.933,0.037
750500,0.028,0.945,0.028
751000,0.034,0.939,0.028
751500,0.034,0.939,0.028
752000,0.031,0.951,0.018
752500,0.052,0.893,0.055
753000,0.058,0.884,0.058
753500,0.089,0.841,0.070
754000,0.043,0.908,0.049
754500,0.043,0.914,0.043
755000,0.031,0.942,0.028
755500,0.040,0.945,0.015
756000,0.052,0.905,0.043
756500,0.061,0.887,0.052
757000,0.058,0.887,0.055
757500,0.040,0.902,0.058
758000,0.043,0.924,0.034
758500,0.073,0.869,0.058
759000,0.049,0.917,0.034
759500,0.031,0.933,0.037
760000,0.028,0.936,0.037
760500,0.028,0.942,0.031
761000,0.034,0.908,0.058
761500,0.031,0.939,0.031
762000,0.034,0.920,0.046
762500,0.037,0.939,0.024
763000,0.031,0.954,0.015
763500,0.040,0.914,0.046
764000,0.092,0.844,0.064
764500,0.073,0.869,0.058
765000,0.070,0.872,0.058
765500,0.064,0.902,0.034
766000,0.055,0.878,0.067
766500,0.046,0.927,0.028
767000,0.037,0.924,0.040
767500,0.040,0.948,0.012
768000,0.031,0.948,0.021
768500,0.037,0.927,0.037
769000,0.034,0.936,0.031
769500,0.034,0.933,0.034
770000,0.034,0.927,0.040
770500,0.037,0.908,0.055
771000,0.034,0.951,0.015
771500,0.037,0.936,0.028
772000,0.034,0.930,0.037
772500,0.028,0.924,0.049
773000,0.028,0.948,0.024
773500,0.034,0.936,0.031
774000,0.037,0.914,0.049
774500,0.052,0.905,0.043
775000,0.031,0.960,0.009
775500,0.028,0.954,0.018
776000,0.043,0.920,0.037
776500,0.037,0.942,0.021
777000,0.034,0.933,0.034
777500,0.028,0.960,0.012
778000,0.031,0.930,0.040
778500,0.031,0.927,0.043
779000,0.040,0.927,0.034
779500,0.037,0.936,0.028
780000,0.037,0.924,0.040
780500,0.034,0.948,0.018
781000,0.034,0.914,0.052
781500,0.037,0.920,0.043
782000,0.028,0.942,0.031
782500,0.028,0.969,0.003
783000,0.028,0.957,0.015
783500,0.031,0.927,0.043
784000,0.028,0.969,0.003
784500,0.031,0.945,0.024
785000,0.028,0.933,0.040
785500,0.040,0.927,0.034
786000,0.040,0.933,0.028
786500,0.037,0.957,0.006
787000,0.031,0.963,0.006
787500,0.037,0.927,0.037
788000,0.040,0.948,0.012
788500,0.037,0.927,0.037
789000,0.031,0.933,0.037
789500,0.031,0.945,0.024
790000,0.037,0.930,0.034
790500,0.046,0.939,0.015
791000,0.046,0.930,0.024
791500,0.034,0.930,0.037
792000,0.040,0.905,0.055
792500,0.049,0.911,0.040
793000,0.040,0.930,0.031
793500,0.040,0.920,0.040
794000,0.037,0.920,0.043
794500,0.046,0.939,0.015
795000,0.034,0.948,0.018
795500,0.031,0.942,0.028
796000,0.031,0.945,0.024
796500,0.031,0.933,0.037
797000,0.028,0.960,0.012
797500,0.031,0.924,0.046
798000,0.034,0.911,0.055
798500,0.037,0.933,0.031
799000,0.028,0.948,0.024
799500,0.031,0.945,0.024
800000,0.037,0.933,0.031
800500,0.031,0.951,0.018
801000,0.037,0.917,0.046
801500,0.043,0.899,0.058
802000,0.034,0.939,0.028
802500,0.058,0.927,0.015
803000,0.058,0.896,0.046
803500,0.031,0.933,0.037
804000,0.043,0.942,0.015
804500,0.067,0.887,0.046
805000,0.070,0.896,0.034
805500,0.043,0.924,0.034
806000,0.055,0.881,0.064
806500,0.049,0.914,0.037
807000,0.034,0.924,0.043
807500,0.046,0.933,0.021
808000,0.034,0.939,0.028
808500,0.028,0.951,0.021
809000,0.028,0.954,0.018
809500,0.028,0.945,0.028
810000,0.037,0.951,0.012
810500,0.031,0.948,0.021
811000,0.034,0.957,0.009
811500,0.037,0.942,0.021
812000,0.049,0.908,0.043
812500,0.034,0.917,0.049
813000,0.037,0.924,0.040
813500,0.031,0.948,0.021
814000,0.028,0.917,0.055
814500,0.028,0.948,0.024
815000,0.034,0.930,0.037
815500,0.028,0.945,0.028
816000,0.046,0.914,0.040
816500,0.052,0.911,0.037
817000,0.046,0.939,0.015
817500,0.031,0.939,0.031
818000,0.040,0.933,0.028
818500,0.043,0.917,0.040
819000,0.101,0.829,0.070
819500,0.086,0.813,0.101
820000,0.055,0.881,0.064
820500,0.058,0.893,0.049
821000,0.049,0.911,0.040
821500,0.040,0.911,0.049
822000,0.037,0.939,0.024
822500,0.037,0.936,0.028
823000,0.031,0.939,0.031
823500,0.034,0.939,0.028
824000,0.040,0.917,0.043
824500,0.037,0.908,0.055
825000,0.034,0.917,0.049
825500,0.046,0.911,0.043
826000,0.040,0.920,0.040
826500,0.040,0.936,0.024
827000,0.031,0.948,0.021
827500,0.034,0.942,0.024
828000,0.040,0.930,0.031
828500,0.083,0.862,0.055
829000,0.049,0.914,0.037
829500,0.058,0.881,0.061
830000,0.046,0.908,0.046
830500,0.037,0.945,0.018
831000,0.046,0.924,0.031
831500,0.061,0.899,0.040
832000,0.043,0.927,0.031
832500,0.046,0.896,0.058
833000,0.049,0.914,0.037
833500,0.049,0.920,0.031
834000,0.046,0.890,0.064
834500,0.052,0.914,0.034
835000,0.052,0.927,0.021
835500,0.037,0.942,0.021
836000,0.037,0.945,0.018
836500,0.031,0.930,0.040
837000,0.028,0.954,0.018
837500,0.037,0.942,0.021
838000,0.034,0.920,0.046
838500,0.049,0.933,0.018
839000,0.040,0.917,0.043
839500,0.043,0.936,0.021
840000,0.031,0.951,0.018
840500,0.031,0.948,0.021
841000,0.034,0.966,0.000
841500,0.028,0.939,0.034
842000,0.028,0.948,0.024
842500,0.034,0.936,0.031
843000,0.043,0.924,0.034
843500,0.064,0.899,0.037
844000,0.073,0.890,0.037
844500,0.073,0.875,0.052
845000,0.058,0.881,0.061
845500,0.086,0.841,0.073
846000,0.046,0.902,0.052
846500,0.046,0.905,0.049
847000,0.043,0.920,0.037
847500,0.034,0.927,0.040
848000,0.028,0.942,0.031
848500,0.031,0.942,0.028
849000,0.031,0.951,0.018
849500,0.037,0.945,0.018
850000,0.031,0.942,0.028
850500,0.034,0.942,0.024
851000,0.040,0.951,0.009
851500,0.031,0.954,0.015
852000,0.055,0.902,0.043
852500,0.031,0.924,0.046
853000,0.028,0.945,0.028
853500,0.040,0.933,0.028
854000,0.040,0.914,0.046
854500,0.070,0.893,0.037
855000,0.037,0.927,0.037
855500,0.031,0.945,0.024
856000,0.028,0.942,0.031
856500,0.028,0.939,0.034
857000,0.031,0.945,0.024
857500,0.031,0.957,0.012
858000,0.040,0.933,0.028
858500,0.049,0.884,0.067
859000,0.031,0.945,0.024
859500,0.031,0.951,0.018
860000,0.064,0.911,0.024
860500,0.037,0.939,0.024
861000,0.031,0.948,0.021
861500,0.034,0.933,0.034
862000,0.034,0.948,0.018
862500,0.028,0.945,0.028
863000,0.040,0.924,0.037
863500,0.043,0.936,0.021
864000,0.043,0.893,0.064
864500,0.034,0.924,0.043
865000,0.031,0.945,0.024
865500,0.034,0.936,0.031
866000,0.031,0.963,0.006
866500,0.037,0.920,0.043
867000,0.046,0.927,0.028
867500,0.031,0.936,0.034
868000,0.043,0.936,0.021
868500,0.040,0.939,0.021
869000,0.037,0.954,0.009
869500,0.031,0.957,0.012
870000,0.034,0.936,0.031
870500,0.031,0.945,0.024
871000,0.037,0.951,0.012
871500,0.034,0.948,0.018
872000,0.031,0.957,0.012
872500,0.031,0.936,0.034
873000,0.034,0.908,0.058
873500,0.037,0.951,0.012
874000,0.031,0.951,0.018
874500,0.031,0.960,0.009
875000,0.031,0.945,0.024
875500,0.037,0.917,0.046
876000,0.034,0.902,0.064
876500,0.037,0.948,0.015
877000,0.046,0.887,0.067
877500,0.043,0.908,0.049
878000,0.046,0.881,0.073
878500,0.037,0.899,0.064
879000,0.049,0.930,0.021
879500,0.046,0.914,0.040
880000,0.049,0.917,0.034
880500,0.040,0.917,0.043
881000,0.040,0.936,0.024
881500,0.028,0.954,0.018
882000,0.028,0.936,0.037
882500,0.040,0.939,0.021
883000,0.040,0.939,0.021
883500,0.043,0.914,0.043
884000,0.034,0.939,0.028
884500,0.031,0.945,0.024
885000,0.043,0.911,0.046
885500,0.037,0.951,0.012
886000,0.034,0.939,0.028
886500,0.031,0.930,0.040
887000,0.028,0.963,0.009
887500,0.043,0.933,0.024
888000,0.049,0.905,0.046
888500,0.043,0.917,0.040
889000,0.037,0.917,0.046
889500,0.037,0.927,0.037
890000,0.028,0.939,0.034
890500,0.031,0.948,0.021
891000,0.049,0.890,0.061
891500,0.043,0.911,0.046
892000,0.037,0.927,0.037
892500,0.037,0.930,0.034
893000,0.028,0.957,0.015
893500,0.028,0.936,0.037
894000,0.031,0.960,0.009
894500,0.028,0.954,0.018
895000,0.031,0.936,0.034
895500,0.043,0.933,0.024
896000,0.040,0.933,0.028
896500,0.031,0.957,0.012
897000,0.049,0.869,0.083
897500,0.052,0.920,0.028
898000,0.031,0.930,0.040
898500,0.031,0.933,0.037
899000,0.040,0.951,0.009
899500,0.040,0.948,0.012
900000,0.031,0.957,0.012
900500,0.040,0.914,0.046
901000,0.028,0.930,0.043
901500,0.040,0.927,0.034
902000,0.052,0.902,0.046
902500,0.052,0.911,0.037
903000,0.037,0.942,0.021
903500,0.034,0.942,0.024
904000,0.034,0.933,0.034
904500,0.040,0.945,0.015
905000,0.037,0.933,0.031
905500,0.076,0.872,0.052
906000,0.061,0.908,0.031
906500,0.049,0.899,0.052
907000,0.058,0.905,0.037
907500,0.058,0.896,0.046
908000,0.031,0.936,0.034
908500,0.034,0.924,0.043
909000,0.049,0.917,0.034
909500,0.052,0.893,0.055
910000,0.046,0.927,0.028
910500,0.034,0.933,0.034
911000,0.040,0.924,0.037
911500,0.073,0.875,0.052
912000,0.052,0.878,0.070
912500,0.049,0.875,0.076
913000,0.028,0.930,0.043
913500,0.037,0.933,0.031
914000,0.031,0.945,0.024
914500,0.034,0.927,0.040
915000,0.028,0.957,0.015
915500,0.028,0.948,0.024
916000,0.037,0.939,0.024
916500,0.028,0.942,0.031
917000,0.046,0.896,0.058
917500,0.037,0.902,0.061
918000,0.046,0.893,0.061
918500,0.043,0.930,0.028
919000,0.034,0.924,0.043
919500,0.040,0.930,0.031
920000,0.043,0.927,0.031
920500,0.046,0.920,0.034
921000,0.031,0.945,0.024
921500,0.034,0.939,0.028
922000,0.028,0.933,0.040
922500,0.031,0.936,0.034
923000,0.031,0.942,0.028
923500,0.028,0.963,0.009
924000,0.028,0.948,0.024
924500,0.034,0.920,0.046
925000,0.034,0.939,0.028
925500,0.034,0.942,0.024
926000,0.040,0.933,0.028
926500,0.031,0.951,0.018
927000,0.028,0.945,0.028
927500,0.046,0.920,0.034
928000,0.073,0.844,0.083
928500,0.052,0.893,0.055
929000,0.076,0.869,0.055
929500,0.089,0.813,0.098
930000,0.049,0.899,0.052
930500,0.037,0.936,0.028
931000,0.031,0.936,0.034
931500,0.034,0.945,0.021
932000,0.049,0.914,0.037
932500,0.031,0.936,0.034
933000,0.031,0.942,0.028
933500,0.031,0.948,0.021
934000,0.034,0.945,0.021
934500,0.031,0.963,0.006
935000,0.028,0.969,0.003
935500,0.028,0.951,0.021
936000,0.046,0.936,0.018
936500,0.028,0.951,0.021
937000,0.028,0.954,0.018
937500,0.031,0.948,0.021
938000,0.028,0.939,0.034
938500,0.031,0.942,0.028
939000,0.034,0.924,0.043
939500,0.049,0.914,0.037
940000,0.055,0.911,0.034
940500,0.028,0.945,0.028
941000,0.028,0.948,0.024
941500,0.046,0.905,0.049
942000,0.040,0.914,0.046
942500,0.046,0.920,0.034
943000,0.052,0.893,0.055
943500,0.049,0.902,0.049
944000,0.046,0.905,0.049
944500,0.043,0.936,0.021
945000,0.028,0.954,0.018
945500,0.031,0.942,0.028
946000,0.031,0.920,0.049
946500,0.028,0.939,0.034
947000,0.031,0.942,0.028
947500,0.034,0.917,0.049
948000,0.043,0.881,0.076
948500,0.064,0.869,0.067
949000,0.055,0.905,0.040
949500,0.034,0.930,0.037
950000,0.031,0.960,0.009
950500,0.040,0.924,0.037
951000,0.034,0.954,0.012
951500,0.040,0.927,0.034
952000,0.031,0.954,0.015
952500,0.052,0.908,0.040
953000,0.034,0.920,0.046
953500,0.043,0.933,0.024
954000,0.028,0.942,0.031
954500,0.034,0.927,0.040
955000,0.064,0.893,0.043
955500,0.040,0.917,0.043
956000,0.034,0.899,0.067
956500,0.046,0.920,0.034
957000,0.037,0.942,0.021
957500,0.064,0.908,0.028
958000,0.037,0.924,0.040
958500,0.034,0.936,0.031
959000,0.040,0.939,0.021
959500,0.034,0.930,0.037
960000,0.028,0.957,0.015
960500,0.037,0.917,0.046
961000,0.034,0.942,0.024
961500,0.040,0.948,0.012
962000,0.031,0.927,0.043
962500,0.034,0.942,0.024
963000,0.031,0.939,0.031
963500,0.028,0.930,0.043
964000,0.040,0.942,0.018
964500,0.040,0.933,0.028
965000,0.034,0.948,0.018
965500,0.034,0.945,0.021
966000,0.046,0.887,0.067
966500,0.049,0.911,0.040
967000,0.040,0.911,0.049
967500,0.031,0.908,0.061
968000,0.034,0.927,0.040
968500,0.040,0.924,0.037
969000,0.061,0.893,0.046
969500,0.049,0.911,0.040
970000,0.037,0.920,0.043
970500,0.043,0.914,0.043
971000,0.046,0.905,0.049
971500,0.064,0.893,0.043
972000,0.031,0.939,0.031
972500,0.040,0.924,0.037
973000,0.055,0.917,0.028
973500,0.046,0.902,0.052
974000,0.031,0.930,0.040
974500,0.052,0.908,0.040
975000,0.043,0.924,0.034
975500,0.028,0.942,0.031
976000,0.031,0.936,0.034
976500,0.028,0.951,0.021
977000,0.049,0.930,0.021
977500,0.031,0.939,0.031
978000,0.031,0.966,0.003
978500,0.037,0.939,0.024
979000,0.031,0.951,0.018
979500,0.028,0.924,0.049
980000,0.043,0.896,0.061
980500,0.028,0.924,0.049
981000,0.040,0.948,0.012
981500,0.031,0.933,0.037
982000,0.046,0.914,0.040
982500,0.049,0.930,0.021
983000,0.043,0.911,0.046
983500,0.031,0.957,0.012
984000,0.034,0.948,0.018
984500,0.049,0.905,0.046
985000,0.040,0.920,0.040
985500,0.034,0.957,0.009
986000,0.028,0.942,0.031
986500,0.034,0.957,0.009
987000,0.046,0.908,0.046
987500,0.043,0.924,0.034
988000,0.037,0.908,0.055
988500,0.037,0.942,0.021
989000,0.028,0.954,0.018
989500,0.031,0.948,0.021
990000,0.028,0.951,0.021
990500,0.028,0.927,0.046
991000,0.031,0.948,0.021
991500,0.037,0.939,0.024
992000,0.028,0.951,0.021
992500,0.028,0.960,0.012
993000,0.031,0.936,0.034
993500,0.034,0.917,0.049
994000,0.031,0.945,0.024
994500,0.031,0.948,0.021
995000,0.037,0.924,0.040
995500,0.055,0.914,0.031
996000,0.040,0.924,0.037
996500,0.034,0.951,0.015
997000,0.031,0.951,0.018
997500,0.034,0.927,0.040
998000,0.064,0.872,0.064
998500,0.046,0.908,0.046
999000,0.043,0.924,0.034
999500,0.040,0.936,0.024
1000000,0.031,0.936,0.034
