time,n_A+p,n_B,n_AB
100,0.030,0.965,0.005
200,0.030,0.960,0.010
300,0.030,0.958,0.012
400,0.030,0.954,0.016
500,0.030,0.951,0.019
600,0.030,0.952,0.018
700,0.030,0.950,0.020
800,0.030,0.947,0.023
900,0.031,0.946,0.023
1000,0.033,0.941,0.027
1100,0.032,0.944,0.025
1200,0.033,0.951,0.016
1300,0.032,0.951,0.017
1400,0.036,0.950,0.014
1500,0.034,0.949,0.017
1600,0.033,0.951,0.016
1700,0.034,0.949,0.017
1800,0.034,0.942,0.025
1900,0.034,0.925,0.041
2000,0.034,0.924,0.042
2100,0.034,0.922,0.044
2200,0.033,0.928,0.039
2300,0.033,0.918,0.049
2400,0.034,0.922,0.044
2500,0.035,0.918,0.047
2600,0.035,0.916,0.049
2700,0.036,0.903,0.061
2800,0.036,0.893,0.072
2900,0.036,0.899,0.065
3000,0.037,0.903,0.060
3100,0.040,0.905,0.055
3200,0.039,0.902,0.059
3300,0.037,0.896,0.067
3400,0.040,0.892,0.068
3500,0.041,0.872,0.087
3600,0.042,0.868,0.090
3700,0.043,0.859,0.098
3800,0.042,0.848,0.110
3900,0.041,0.850,0.109
4000,0.040,0.852,0.108
4100,0.039,0.846,0.115
4200,0.042,0.836,0.123
4300,0.041,0.830,0.129
4400,0.040,0.837,0.124
4500,0.050,0.840,0.110
4600,0.051,0.841,0.108
4700,0.053,0.841,0.106
4800,0.052,0.828,0.120
4900,0.051,0.835,0.114
5000,0.049,0.827,0.124
5100,0.050,0.831,0.118
5200,0.058,0.825,0.116
5300,0.062,0.820,0.117
5400,0.059,0.816,0.125
5500,0.059,0.813,0.128
5600,0.058,0.811,0.131
5700,0.061,0.805,0.134
5800,0.063,0.808,0.129
5900,0.063,0.804,0.133
6000,0.056,0.799,0.145
6100,0.052,0.803,0.145
6200,0.057,0.802,0.141
6300,0.058,0.792,0.150
6400,0.060,0.774,0.165
6500,0.057,0.782,0.160
6600,0.053,0.779,0.168
6700,0.059,0.764,0.177
6800,0.069,0.764,0.166
6900,0.072,0.772,0.156
7000,0.070,0.759,0.171
7100,0.065,0.754,0.181
7200,0.060,0.760,0.180
7300,0.060,0.756,0.184
7400,0.066,0.757,0.177
7500,0.065,0.764,0.171
7600,0.063,0.767,0.170
7700,0.066,0.762,0.172
7800,0.070,0.763,0.166
7900,0.068,0.763,0.169
8000,0.069,0.764,0.166
8100,0.068,0.762,0.170
8200,0.066,0.757,0.177
8300,0.069,0.762,0.169
8400,0.066,0.769,0.164
8500,0.066,0.767,0.166
8600,0.072,0.748,0.181
8700,0.073,0.744,0.184
8800,0.072,0.740,0.189
8900,0.070,0.733,0.196
9000,0.063,0.743,0.194
9100,0.067,0.734,0.198
9200,0.069,0.734,0.196
9300,0.066,0.725,0.208
9400,0.072,0.732,0.196
9500,0.068,0.717,0.215
9600,0.069,0.718,0.212
9700,0.066,0.711,0.223
9800,0.072,0.714,0.215
9900,0.067,0.711,0.222
10000,0.072,0.702,0.227
10100,0.066,0.712,0.222
10200,0.081,0.712,0.207
10300,0.079,0.716,0.205
10400,0.083,0.719,0.198
10500,0.081,0.717,0.202
10600,0.085,0.700,0.216
10700,0.086,0.699,0.216
10800,0.073,0.699,0.229
10900,0.074,0.681,0.245
11000,0.085,0.681,0.234
11100,0.085,0.677,0.238
11200,0.084,0.684,0.232
11300,0.086,0.688,0.226
11400,0.087,0.687,0.226
11500,0.074,0.706,0.221
11600,0.079,0.712,0.209
11700,0.072,0.710,0.219
11800,0.074,0.720,0.206
11900,0.070,0.712,0.218
12000,0.080,0.709,0.211
12100,0.080,0.710,0.210
12200,0.078,0.688,0.234
12300,0.097,0.688,0.215
12400,0.087,0.698,0.216
12500,0.084,0.692,0.225
12600,0.084,0.689,0.227
12700,0.082,0.684,0.234
12800,0.089,0.676,0.235
12900,0.086,0.676,0.238
13000,0.091,0.666,0.243
13100,0.087,0.666,0.247
13200,0.084,0.666,0.250
13300,0.085,0.661,0.254
13400,0.087,0.667,0.246
13500,0.084,0.668,0.248
13600,0.094,0.659,0.247
13700,0.105,0.650,0.245
13800,0.107,0.648,0.245
13900,0.110,0.640,0.249
14000,0.110,0.640,0.249
14100,0.100,0.633,0.267
14200,0.100,0.641,0.258
14300,0.099,0.648,0.253
14400,0.103,0.652,0.245
14500,0.101,0.656,0.243
14600,0.103,0.663,0.234
14700,0.098,0.668,0.234
14800,0.107,0.630,0.263
14900,0.106,0.631,0.263
15000,0.109,0.629,0.261
15100,0.107,0.625,0.268
15200,0.104,0.625,0.271
15300,0.115,0.625,0.259
15400,0.116,0.627,0.256
15500,0.122,0.627,0.251
15600,0.136,0.628,0.236
15700,0.130,0.625,0.245
15800,0.126,0.616,0.258
15900,0.126,0.623,0.251
16000,0.127,0.627,0.246
16100,0.131,0.624,0.245
16200,0.129,0.619,0.252
16300,0.133,0.627,0.240
16400,0.131,0.625,0.244
16500,0.130,0.620,0.250
16600,0.130,0.621,0.249
16700,0.129,0.618,0.253
16800,0.115,0.625,0.259
16900,0.122,0.629,0.249
17000,0.125,0.625,0.250
17100,0.117,0.615,0.268
17200,0.122,0.610,0.269
17300,0.124,0.606,0.271
17400,0.122,0.610,0.269
17500,0.124,0.615,0.261
17600,0.110,0.611,0.279
17700,0.118,0.610,0.272
17800,0.113,0.621,0.266
17900,0.120,0.615,0.266
18000,0.122,0.613,0.266
18100,0.121,0.607,0.273
18200,0.125,0.612,0.264
18300,0.127,0.617,0.256
18400,0.115,0.609,0.276
18500,0.131,0.608,0.261
18600,0.132,0.606,0.263
18700,0.124,0.611,0.266
18800,0.129,0.609,0.263
18900,0.124,0.610,0.267
19000,0.122,0.602,0.277
19100,0.115,0.607,0.278
19200,0.110,0.598,0.292
19300,0.120,0.586,0.294
19400,0.133,0.585,0.282
19500,0.124,0.583,0.293
19600,0.117,0.585,0.297
19700,0.126,0.586,0.288
19800,0.126,0.588,0.286
19900,0.125,0.586,0.289
20000,0.128,0.582,0.290
20100,0.125,0.583,0.292
20200,0.132,0.584,0.284
20300,0.133,0.587,0.280
20400,0.136,0.576,0.288
20500,0.141,0.571,0.288
20600,0.138,0.573,0.289
20700,0.133,0.579,0.288
20800,0.132,0.582,0.286
20900,0.130,0.583,0.287
21000,0.128,0.586,0.286
21100,0.125,0.574,0.301
21200,0.130,0.575,0.295
21300,0.126,0.569,0.305
21400,0.126,0.576,0.298
21500,0.124,0.598,0.279
21600,0.132,0.577,0.291
21700,0.129,0.585,0.286
21800,0.125,0.582,0.293
21900,0.141,0.574,0.285
22000,0.143,0.572,0.285
22100,0.147,0.568,0.285
22200,0.138,0.568,0.294
22300,0.141,0.560,0.299
22400,0.140,0.559,0.301
22500,0.134,0.557,0.309
22600,0.122,0.559,0.320
22700,0.126,0.544,0.330
22800,0.125,0.567,0.308
22900,0.115,0.563,0.322
23000,0.122,0.559,0.320
23100,0.124,0.569,0.307
23200,0.135,0.566,0.299
23300,0.136,0.564,0.300
23400,0.138,0.577,0.285
23500,0.125,0.569,0.306
23600,0.128,0.572,0.300
23700,0.126,0.569,0.305
23800,0.124,0.573,0.303
23900,0.116,0.576,0.307
24000,0.127,0.581,0.292
24100,0.129,0.580,0.291
24200,0.118,0.583,0.298
24300,0.117,0.573,0.309
24400,0.118,0.568,0.314
24500,0.124,0.574,0.302
24600,0.117,0.562,0.321
24700,0.116,0.571,0.313
24800,0.115,0.582,0.302
24900,0.108,0.580,0.312
25000,0.123,0.556,0.322
25100,0.124,0.561,0.316
25200,0.112,0.559,0.329
25300,0.116,0.555,0.329
25400,0.120,0.564,0.317
25500,0.131,0.555,0.315
25600,0.127,0.536,0.337
25700,0.149,0.540,0.311
25800,0.151,0.538,0.311
25900,0.152,0.533,0.315
26000,0.141,0.539,0.320
26100,0.144,0.544,0.312
26200,0.142,0.540,0.318
26300,0.141,0.544,0.315
26400,0.137,0.543,0.320
26500,0.143,0.533,0.324
26600,0.143,0.550,0.307
26700,0.146,0.550,0.304
26800,0.147,0.546,0.306
26900,0.148,0.538,0.314
27000,0.149,0.541,0.309
27100,0.154,0.531,0.315
27200,0.152,0.520,0.328
27300,0.154,0.517,0.329
27400,0.152,0.514,0.334
27500,0.149,0.518,0.333
27600,0.152,0.509,0.339
27700,0.153,0.510,0.337
27800,0.163,0.498,0.338
27900,0.162,0.491,0.346
28000,0.170,0.495,0.335
28100,0.172,0.490,0.338
28200,0.155,0.485,0.360
28300,0.171,0.489,0.340
28400,0.173,0.493,0.334
28500,0.168,0.496,0.336
28600,0.174,0.497,0.329
28700,0.159,0.495,0.345
28800,0.168,0.488,0.344
28900,0.185,0.487,0.328
29000,0.189,0.470,0.341
29100,0.193,0.463,0.344
29200,0.193,0.462,0.345
29300,0.197,0.456,0.347
29400,0.199,0.455,0.346
29500,0.197,0.445,0.358
29600,0.193,0.443,0.364
29700,0.192,0.455,0.353
29800,0.194,0.454,0.352
29900,0.200,0.458,0.342
30000,0.201,0.456,0.343
30100,0.210,0.454,0.336
30200,0.204,0.459,0.337
30300,0.201,0.465,0.334
30400,0.194,0.459,0.347
30500,0.191,0.458,0.351
30600,0.188,0.450,0.362
30700,0.203,0.444,0.352
30800,0.204,0.439,0.356
30900,0.201,0.441,0.358
31000,0.210,0.443,0.346
31100,0.211,0.442,0.346
31200,0.200,0.448,0.351
31300,0.202,0.454,0.344
31400,0.194,0.459,0.347
31500,0.196,0.467,0.337
31600,0.200,0.465,0.335
31700,0.201,0.455,0.344
31800,0.195,0.457,0.348
31900,0.189,0.458,0.353
32000,0.189,0.458,0.353
32100,0.203,0.461,0.336
32200,0.203,0.457,0.340
32300,0.221,0.446,0.333
32400,0.235,0.437,0.328
32500,0.246,0.428,0.326
32600,0.261,0.424,0.315
32700,0.255,0.419,0.326
32800,0.247,0.417,0.336
32900,0.248,0.425,0.327
33000,0.241,0.424,0.335
33100,0.243,0.416,0.341
33200,0.244,0.410,0.346
33300,0.233,0.417,0.350
33400,0.225,0.410,0.366
33500,0.231,0.409,0.361
33600,0.237,0.408,0.355
33700,0.233,0.410,0.358
33800,0.211,0.443,0.345
33900,0.212,0.443,0.344
34000,0.205,0.435,0.360
34100,0.202,0.436,0.362
34200,0.202,0.434,0.364
34300,0.195,0.447,0.358
34400,0.193,0.453,0.354
34500,0.190,0.450,0.360
34600,0.199,0.447,0.353
34700,0.191,0.446,0.363
34800,0.200,0.445,0.354
34900,0.204,0.445,0.350
35000,0.198,0.454,0.348
35100,0.197,0.442,0.361
35200,0.197,0.446,0.356
35300,0.192,0.447,0.361
35400,0.188,0.456,0.356
35500,0.195,0.465,0.340
35600,0.201,0.463,0.336
35700,0.197,0.470,0.333
35800,0.185,0.480,0.335
35900,0.181,0.469,0.350
36000,0.178,0.468,0.354
36100,0.187,0.465,0.348
36200,0.194,0.462,0.344
36300,0.190,0.460,0.350
36400,0.195,0.448,0.356
36500,0.210,0.454,0.336
36600,0.215,0.457,0.329
36700,0.209,0.457,0.334
36800,0.210,0.464,0.326
36900,0.208,0.453,0.339
37000,0.210,0.471,0.319
37100,0.210,0.470,0.320
37200,0.216,0.465,0.320
37300,0.211,0.460,0.329
37400,0.207,0.462,0.331
37500,0.212,0.459,0.329
37600,0.206,0.460,0.334
37700,0.210,0.446,0.343
37800,0.212,0.445,0.342
37900,0.210,0.454,0.336
38000,0.216,0.448,0.336
38100,0.220,0.429,0.351
38200,0.219,0.414,0.368
38300,0.216,0.417,0.368
38400,0.226,0.408,0.367
38500,0.218,0.406,0.377
38600,0.231,0.414,0.355
38700,0.231,0.411,0.359
38800,0.227,0.404,0.369
38900,0.233,0.392,0.375
39000,0.238,0.393,0.369
39100,0.246,0.389,0.365
39200,0.251,0.386,0.363
39300,0.254,0.391,0.354
39400,0.252,0.388,0.360
39500,0.250,0.387,0.363
39600,0.253,0.394,0.352
39700,0.246,0.401,0.352
39800,0.247,0.414,0.339
39900,0.251,0.402,0.346
40000,0.245,0.401,0.353
40100,0.246,0.403,0.350
40200,0.240,0.396,0.364
40300,0.243,0.391,0.366
40400,0.248,0.382,0.370
40500,0.249,0.391,0.360
40600,0.254,0.379,0.367
40700,0.261,0.370,0.369
40800,0.264,0.372,0.365
40900,0.276,0.373,0.351
41000,0.266,0.367,0.368
41100,0.271,0.372,0.358
41200,0.267,0.358,0.376
41300,0.276,0.358,0.367
41400,0.272,0.355,0.373
41500,0.284,0.358,0.359
41600,0.287,0.356,0.356
41700,0.293,0.359,0.348
41800,0.305,0.358,0.337
41900,0.299,0.352,0.348
42000,0.287,0.345,0.368
42100,0.288,0.344,0.368
42200,0.290,0.351,0.359
42300,0.297,0.347,0.355
42400,0.304,0.343,0.352
42500,0.319,0.344,0.337
42600,0.303,0.345,0.351
42700,0.312,0.336,0.352
42800,0.303,0.335,0.362
42900,0.315,0.337,0.348
43000,0.319,0.328,0.353
43100,0.313,0.328,0.360
43200,0.308,0.324,0.368
43300,0.314,0.326,0.361
43400,0.320,0.324,0.356
43500,0.331,0.331,0.338
43600,0.332,0.332,0.336
43700,0.336,0.343,0.321
43800,0.334,0.339,0.327
43900,0.335,0.349,0.316
44000,0.331,0.345,0.324
44100,0.333,0.331,0.336
44200,0.336,0.324,0.340
44300,0.342,0.323,0.335
44400,0.363,0.315,0.323
44500,0.359,0.311,0.331
44600,0.363,0.303,0.334
44700,0.358,0.309,0.333
44800,0.353,0.299,0.347
44900,0.356,0.300,0.343
45000,0.363,0.297,0.340
45100,0.369,0.294,0.337
45200,0.375,0.290,0.335
45300,0.373,0.293,0.334
45400,0.367,0.301,0.332
45500,0.373,0.298,0.329
45600,0.380,0.299,0.321
45700,0.370,0.299,0.331
45800,0.390,0.293,0.317
45900,0.396,0.290,0.314
46000,0.395,0.282,0.323
46100,0.392,0.277,0.331
46200,0.398,0.283,0.319
46300,0.394,0.271,0.335
46400,0.392,0.274,0.334
46500,0.387,0.291,0.322
46600,0.371,0.285,0.344
46700,0.366,0.291,0.343
46800,0.373,0.291,0.336
46900,0.377,0.289,0.334
47000,0.376,0.288,0.336
47100,0.385,0.288,0.327
47200,0.378,0.283,0.339
47300,0.369,0.289,0.342
47400,0.364,0.289,0.347
47500,0.355,0.287,0.358
47600,0.345,0.289,0.366
47700,0.337,0.284,0.379
47800,0.341,0.288,0.371
47900,0.362,0.285,0.353
48000,0.363,0.287,0.350
48100,0.353,0.288,0.359
48200,0.351,0.276,0.373
48300,0.369,0.280,0.351
48400,0.374,0.284,0.342
48500,0.367,0.289,0.344
48600,0.372,0.290,0.338
48700,0.372,0.290,0.338
48800,0.366,0.286,0.348
48900,0.362,0.292,0.346
49000,0.363,0.289,0.348
49100,0.362,0.289,0.349
49200,0.360,0.298,0.342
49300,0.343,0.302,0.354
49400,0.338,0.295,0.367
49500,0.342,0.290,0.368
49600,0.347,0.292,0.361
49700,0.342,0.295,0.363
49800,0.330,0.302,0.368
49900,0.338,0.302,0.360
50000,0.333,0.296,0.371
50100,0.333,0.297,0.370
50200,0.325,0.296,0.379
50300,0.333,0.306,0.361
50400,0.351,0.309,0.339
50500,0.359,0.299,0.342
50600,0.365,0.295,0.340
50700,0.375,0.299,0.326
50800,0.385,0.296,0.319
50900,0.391,0.294,0.315
51000,0.390,0.306,0.303
51100,0.404,0.293,0.302
51200,0.401,0.295,0.303
51300,0.397,0.293,0.309
51400,0.395,0.293,0.312
51500,0.395,0.289,0.316
51600,0.400,0.293,0.306
51700,0.403,0.288,0.308
51800,0.400,0.288,0.312
51900,0.408,0.286,0.306
52000,0.412,0.281,0.307
52100,0.413,0.279,0.308
52200,0.420,0.273,0.307
52300,0.410,0.266,0.325
52400,0.416,0.260,0.324
52500,0.428,0.260,0.312
52600,0.424,0.260,0.316
52700,0.424,0.265,0.312
52800,0.418,0.264,0.319
52900,0.429,0.259,0.312
53000,0.439,0.256,0.304
53100,0.427,0.263,0.311
53200,0.431,0.261,0.307
53300,0.427,0.259,0.314
53400,0.431,0.256,0.313
53500,0.444,0.259,0.296
53600,0.450,0.258,0.291
53700,0.456,0.255,0.289
53800,0.447,0.249,0.303
53900,0.447,0.246,0.306
54000,0.447,0.245,0.307
54100,0.442,0.249,0.308
54200,0.449,0.247,0.303
54300,0.438,0.250,0.312
54400,0.450,0.248,0.301
54500,0.456,0.245,0.299
54600,0.459,0.241,0.300
54700,0.462,0.239,0.299
54800,0.462,0.239,0.299
54900,0.445,0.241,0.314
55000,0.440,0.237,0.323
55100,0.432,0.239,0.329
55200,0.424,0.246,0.330
55300,0.423,0.248,0.329
55400,0.425,0.250,0.325
55500,0.426,0.241,0.333
55600,0.428,0.237,0.335
55700,0.417,0.238,0.345
55800,0.422,0.240,0.338
55900,0.421,0.238,0.341
56000,0.427,0.240,0.333
56100,0.437,0.236,0.327
56200,0.440,0.232,0.328
56300,0.443,0.234,0.323
56400,0.432,0.229,0.339
56500,0.429,0.231,0.340
56600,0.428,0.229,0.343
56700,0.432,0.236,0.332
56800,0.438,0.232,0.330
56900,0.443,0.232,0.325
57000,0.451,0.231,0.318
57100,0.450,0.225,0.325
57200,0.456,0.226,0.319
57300,0.462,0.226,0.313
57400,0.471,0.223,0.306
57500,0.462,0.225,0.314
57600,0.458,0.226,0.317
57700,0.455,0.227,0.319
57800,0.450,0.230,0.320
57900,0.460,0.232,0.308
58000,0.466,0.233,0.301
58100,0.475,0.232,0.293
58200,0.474,0.235,0.291
58300,0.474,0.232,0.294
58400,0.464,0.221,0.316
58500,0.476,0.218,0.306
58600,0.482,0.220,0.298
58700,0.461,0.223,0.317
58800,0.456,0.219,0.326
58900,0.467,0.222,0.312
59000,0.465,0.221,0.315
59100,0.463,0.218,0.320
59200,0.460,0.220,0.321
59300,0.473,0.219,0.308
59400,0.472,0.222,0.306
59500,0.469,0.231,0.300
59600,0.451,0.225,0.324
59700,0.449,0.227,0.324
59800,0.455,0.228,0.318
59900,0.451,0.225,0.324
60000,0.449,0.224,0.327
60100,0.440,0.218,0.342
60200,0.445,0.216,0.339
60300,0.451,0.218,0.331
60400,0.451,0.218,0.331
60500,0.456,0.219,0.326
60600,0.464,0.212,0.324
60700,0.457,0.213,0.330
60800,0.462,0.211,0.327
60900,0.462,0.210,0.328
61000,0.457,0.203,0.340
61100,0.470,0.202,0.328
61200,0.477,0.205,0.318
61300,0.476,0.207,0.317
61400,0.485,0.205,0.309
61500,0.486,0.210,0.303
61600,0.485,0.218,0.297
61700,0.497,0.220,0.283
61800,0.494,0.216,0.290
61900,0.495,0.213,0.291
62000,0.493,0.209,0.297
62100,0.507,0.210,0.283
62200,0.512,0.208,0.280
62300,0.509,0.207,0.284
62400,0.507,0.212,0.281
62500,0.514,0.213,0.273
62600,0.518,0.211,0.271
62700,0.518,0.210,0.272
62800,0.520,0.209,0.271
62900,0.526,0.205,0.269
63000,0.518,0.203,0.279
63100,0.530,0.203,0.267
63200,0.533,0.202,0.265
63300,0.535,0.201,0.264
63400,0.535,0.193,0.272
63500,0.547,0.193,0.259
63600,0.547,0.192,0.260
63700,0.552,0.191,0.257
63800,0.561,0.190,0.249
63900,0.557,0.188,0.255
64000,0.557,0.187,0.256
64100,0.562,0.185,0.253
64200,0.561,0.184,0.255
64300,0.556,0.186,0.258
64400,0.557,0.187,0.256
64500,0.560,0.189,0.251
64600,0.571,0.191,0.238
64700,0.562,0.190,0.248
64800,0.566,0.192,0.242
64900,0.575,0.195,0.230
65000,0.574,0.195,0.231
65100,0.569,0.195,0.236
65200,0.559,0.195,0.246
65300,0.559,0.196,0.245
65400,0.563,0.196,0.241
65500,0.563,0.193,0.244
65600,0.567,0.198,0.235
65700,0.571,0.201,0.228
65800,0.570,0.204,0.226
65900,0.565,0.203,0.232
66000,0.562,0.200,0.238
66100,0.562,0.197,0.241
66200,0.566,0.196,0.238
66300,0.565,0.194,0.241
66400,0.571,0.194,0.235
66500,0.579,0.194,0.227
66600,0.569,0.189,0.242
66700,0.572,0.187,0.241
66800,0.567,0.186,0.247
66900,0.563,0.187,0.250
67000,0.564,0.190,0.246
67100,0.560,0.191,0.249
67200,0.561,0.193,0.246
67300,0.564,0.195,0.241
67400,0.567,0.188,0.245
67500,0.574,0.191,0.235
67600,0.577,0.193,0.230
67700,0.586,0.188,0.226
67800,0.591,0.183,0.226
67900,0.594,0.183,0.223
68000,0.568,0.181,0.251
68100,0.562,0.183,0.255
68200,0.573,0.184,0.243
68300,0.560,0.183,0.257
68400,0.567,0.189,0.244
68500,0.567,0.186,0.247
68600,0.568,0.186,0.246
68700,0.571,0.183,0.246
68800,0.572,0.185,0.243
68900,0.566,0.183,0.251
69000,0.556,0.184,0.260
69100,0.552,0.183,0.266
69200,0.555,0.186,0.259
69300,0.558,0.184,0.258
69400,0.550,0.184,0.267
69500,0.551,0.186,0.264
69600,0.558,0.185,0.257
69700,0.554,0.180,0.267
69800,0.561,0.179,0.260
69900,0.568,0.176,0.256
70000,0.568,0.171,0.261
70100,0.556,0.175,0.270
70200,0.551,0.176,0.274
70300,0.554,0.174,0.273
70400,0.555,0.173,0.273
70500,0.557,0.179,0.265
70600,0.554,0.182,0.265
70700,0.560,0.180,0.260
70800,0.558,0.182,0.260
70900,0.559,0.176,0.266
71000,0.565,0.176,0.259
71100,0.571,0.174,0.255
71200,0.573,0.170,0.257
71300,0.581,0.170,0.249
71400,0.584,0.169,0.247
71500,0.578,0.173,0.249
71600,0.579,0.177,0.244
71700,0.587,0.175,0.238
71800,0.594,0.172,0.234
71900,0.581,0.174,0.245
72000,0.580,0.171,0.249
72100,0.593,0.173,0.234
72200,0.591,0.172,0.237
72300,0.575,0.176,0.249
72400,0.580,0.184,0.236
72500,0.578,0.177,0.245
72600,0.585,0.177,0.238
72700,0.592,0.176,0.232
72800,0.590,0.177,0.233
72900,0.584,0.180,0.236
73000,0.578,0.173,0.249
73100,0.583,0.166,0.250
73200,0.591,0.165,0.243
73300,0.599,0.166,0.235
73400,0.592,0.164,0.243
73500,0.589,0.172,0.239
73600,0.590,0.171,0.239
73700,0.594,0.172,0.234
73800,0.601,0.173,0.227
73900,0.604,0.173,0.224
74000,0.603,0.172,0.226
74100,0.605,0.171,0.225
74200,0.601,0.169,0.231
74300,0.598,0.163,0.239
74400,0.615,0.168,0.218
74500,0.615,0.162,0.223
74600,0.620,0.161,0.219
74700,0.618,0.163,0.219
74800,0.624,0.162,0.213
74900,0.629,0.162,0.208
75000,0.617,0.163,0.220
75100,0.613,0.164,0.223
75200,0.609,0.162,0.229
75300,0.610,0.164,0.226
75400,0.591,0.162,0.246
75500,0.581,0.172,0.247
75600,0.584,0.172,0.244
75700,0.583,0.166,0.250
75800,0.596,0.170,0.235
75900,0.586,0.166,0.247
76000,0.594,0.168,0.238
76100,0.600,0.164,0.236
76200,0.605,0.168,0.228
76300,0.614,0.168,0.219
76400,0.606,0.165,0.229
76500,0.599,0.163,0.238
76600,0.600,0.162,0.238
76700,0.597,0.159,0.244
76800,0.602,0.157,0.241
76900,0.608,0.157,0.235
77000,0.592,0.159,0.248
77100,0.601,0.163,0.236
77200,0.602,0.160,0.238
77300,0.601,0.156,0.243
77400,0.602,0.161,0.237
77500,0.608,0.162,0.230
77600,0.613,0.158,0.229
77700,0.613,0.155,0.232
77800,0.617,0.155,0.228
77900,0.615,0.156,0.229
78000,0.621,0.154,0.225
78100,0.623,0.153,0.224
78200,0.626,0.152,0.222
78300,0.626,0.152,0.222
78400,0.621,0.151,0.228
78500,0.618,0.149,0.233
78600,0.604,0.150,0.246
78700,0.607,0.151,0.242
78800,0.619,0.150,0.231
78900,0.627,0.151,0.222
79000,0.631,0.151,0.218
79100,0.638,0.151,0.210
79200,0.639,0.146,0.215
79300,0.646,0.146,0.208
79400,0.651,0.148,0.201
79500,0.658,0.146,0.196
79600,0.649,0.145,0.206
79700,0.645,0.147,0.208
79800,0.650,0.146,0.204
79900,0.649,0.150,0.201
80000,0.653,0.152,0.195
80100,0.653,0.153,0.194
80200,0.650,0.151,0.199
80300,0.660,0.145,0.195
80400,0.664,0.143,0.193
80500,0.673,0.140,0.187
80600,0.668,0.141,0.191
80700,0.668,0.139,0.193
80800,0.672,0.138,0.190
80900,0.675,0.138,0.187
81000,0.677,0.136,0.187
81100,0.686,0.138,0.176
81200,0.683,0.137,0.180
81300,0.698,0.136,0.166
81400,0.698,0.134,0.169
81500,0.692,0.138,0.171
81600,0.699,0.133,0.169
81700,0.702,0.133,0.165
81800,0.707,0.133,0.160
81900,0.712,0.133,0.155
82000,0.709,0.135,0.156
82100,0.710,0.135,0.155
82200,0.710,0.135,0.155
82300,0.707,0.135,0.158
82400,0.707,0.135,0.158
82500,0.704,0.133,0.163
82600,0.701,0.133,0.166
82700,0.704,0.132,0.164
82800,0.698,0.132,0.171
82900,0.702,0.131,0.168
83000,0.699,0.131,0.171
83100,0.705,0.135,0.160
83200,0.709,0.132,0.159
83300,0.713,0.131,0.156
83400,0.712,0.131,0.157
83500,0.713,0.130,0.157
83600,0.715,0.129,0.156
83700,0.715,0.129,0.156
83800,0.713,0.129,0.158
83900,0.708,0.129,0.163
84000,0.711,0.128,0.161
84100,0.709,0.128,0.163
84200,0.708,0.128,0.164
84300,0.710,0.127,0.163
84400,0.698,0.127,0.176
84500,0.709,0.129,0.162
84600,0.705,0.129,0.166
84700,0.704,0.127,0.170
84800,0.707,0.128,0.165
84900,0.714,0.130,0.156
85000,0.711,0.130,0.159
85100,0.706,0.130,0.164
85200,0.708,0.130,0.162
85300,0.713,0.134,0.153
85400,0.713,0.132,0.155
85500,0.718,0.131,0.151
85600,0.721,0.130,0.149
85700,0.713,0.130,0.157
85800,0.713,0.130,0.157
85900,0.712,0.130,0.158
86000,0.701,0.131,0.169
86100,0.705,0.132,0.163
86200,0.700,0.131,0.170
86300,0.691,0.134,0.176
86400,0.689,0.134,0.177
86500,0.693,0.135,0.173
86600,0.695,0.135,0.171
86700,0.698,0.135,0.168
86800,0.697,0.136,0.168
86900,0.700,0.133,0.168
87000,0.698,0.132,0.171
87100,0.696,0.130,0.175
87200,0.704,0.130,0.166
87300,0.706,0.128,0.166
87400,0.708,0.128,0.164
87500,0.708,0.129,0.163
87600,0.710,0.129,0.161
87700,0.707,0.128,0.165
87800,0.710,0.127,0.163
87900,0.707,0.127,0.166
88000,0.710,0.125,0.165
88100,0.708,0.124,0.169
88200,0.717,0.124,0.159
88300,0.722,0.123,0.155
88400,0.724,0.123,0.153
88500,0.729,0.123,0.148
88600,0.730,0.123,0.147
88700,0.733,0.123,0.144
88800,0.731,0.123,0.146
88900,0.728,0.123,0.149
89000,0.734,0.123,0.143
89100,0.732,0.123,0.145
89200,0.728,0.125,0.147
89300,0.731,0.124,0.145
89400,0.734,0.123,0.143
89500,0.734,0.123,0.143
89600,0.735,0.123,0.142
89700,0.740,0.123,0.138
89800,0.742,0.123,0.136
89900,0.741,0.123,0.137
90000,0.742,0.123,0.136
90100,0.744,0.123,0.134
90200,0.748,0.123,0.130
90300,0.748,0.123,0.130
90400,0.748,0.123,0.130
90500,0.753,0.123,0.125
90600,0.756,0.123,0.122
90700,0.754,0.122,0.125
90800,0.753,0.122,0.126
90900,0.750,0.122,0.129
91000,0.753,0.122,0.126
91100,0.754,0.122,0.125
91200,0.756,0.122,0.123
91300,0.756,0.122,0.123
91400,0.756,0.122,0.123
91500,0.758,0.122,0.121
91600,0.760,0.121,0.120
91700,0.762,0.121,0.117
91800,0.752,0.120,0.129
91900,0.756,0.120,0.125
92000,0.753,0.118,0.129
92100,0.756,0.118,0.126
92200,0.760,0.118,0.122
92300,0.761,0.118,0.121
92400,0.764,0.118,0.117
92500,0.763,0.118,0.118
92600,0.765,0.118,0.116
92700,0.764,0.118,0.117
92800,0.766,0.118,0.115
92900,0.762,0.118,0.120
93000,0.765,0.118,0.116
93100,0.766,0.118,0.115
93200,0.762,0.118,0.120
93300,0.767,0.117,0.115
93400,0.768,0.117,0.114
93500,0.769,0.117,0.113
93600,0.768,0.117,0.114
93700,0.770,0.118,0.111
93800,0.772,0.118,0.109
93900,0.773,0.118,0.108
94000,0.773,0.118,0.108
94100,0.775,0.118,0.106
94200,0.776,0.118,0.105
94300,0.776,0.116,0.107
94400,0.776,0.116,0.107
94500,0.775,0.116,0.108
94600,0.771,0.116,0.112
94700,0.771,0.116,0.112
94800,0.771,0.118,0.110
94900,0.772,0.118,0.109
95000,0.769,0.117,0.113
95100,0.772,0.117,0.110
95200,0.771,0.117,0.111
95300,0.772,0.117,0.110
95400,0.773,0.120,0.107
95500,0.772,0.120,0.108
95600,0.774,0.117,0.108
95700,0.774,0.117,0.108
95800,0.772,0.117,0.110
95900,0.772,0.117,0.110
96000,0.772,0.117,0.110
96100,0.771,0.117,0.111
96200,0.771,0.117,0.111
96300,0.769,0.117,0.113
96400,0.771,0.117,0.111
96500,0.773,0.117,0.109
96600,0.777,0.117,0.105
96700,0.777,0.117,0.105
96800,0.779,0.117,0.103
96900,0.777,0.117,0.105
97000,0.778,0.117,0.104
97100,0.778,0.116,0.105
97200,0.780,0.116,0.103
97300,0.778,0.116,0.105
97400,0.777,0.116,0.106
97500,0.773,0.116,0.110
97600,0.773,0.120,0.107
97700,0.774,0.120,0.106
97800,0.776,0.120,0.104
97900,0.777,0.118,0.104
98000,0.771,0.117,0.111
98100,0.764,0.116,0.120
98200,0.762,0.116,0.122
98300,0.767,0.116,0.116
98400,0.757,0.116,0.127
98500,0.757,0.116,0.127
98600,0.772,0.116,0.111
98700,0.772,0.115,0.112
98800,0.771,0.115,0.113
98900,0.774,0.115,0.110
99000,0.775,0.114,0.110
99100,0.774,0.112,0.113
99200,0.776,0.112,0.111
99300,0.780,0.112,0.107
99400,0.781,0.111,0.107
99500,0.784,0.111,0.104
99600,0.783,0.111,0.105
99700,0.784,0.110,0.105
99800,0.787,0.110,0.103
99900,0.784,0.110,0.105
100000,0.785,0.110,0.104
