time,n_A+p,n_B,n_AB
0,0.009,0.991,0.000
500,0.009,0.987,0.004
1000,0.010,0.986,0.004
1500,0.009,0.983,0.008
2000,0.009,0.986,0.005
2500,0.009,0.982,0.009
3000,0.010,0.980,0.010
3500,0.009,0.981,0.010
4000,0.009,0.982,0.009
4500,0.009,0.973,0.017
5000,0.009,0.975,0.015
5500,0.009,0.977,0.014
6000,0.009,0.973,0.017
6500,0.009,0.975,0.015
7000,0.009,0.973,0.017
7500,0.009,0.965,0.026
8000,0.009,0.964,0.027
8500,0.009,0.952,0.039
9000,0.009,0.956,0.035
9500,0.012,0.954,0.034
10000,0.014,0.926,0.059
10500,0.013,0.936,0.051
11000,0.013,0.945,0.042
11500,0.010,0.942,0.048
12000,0.009,0.942,0.049
12500,0.012,0.928,0.059
13000,0.016,0.919,0.064
13500,0.015,0.910,0.075
14000,0.017,0.913,0.069
14500,0.015,0.917,0.067
15000,0.014,0.910,0.076
15500,0.015,0.907,0.078
16000,0.018,0.886,0.096
16500,0.018,0.888,0.094
17000,0.015,0.898,0.087
17500,0.016,0.901,0.083
18000,0.015,0.889,0.096
18500,0.017,0.841,0.142
19000,0.019,0.846,0.135
19500,0.026,0.841,0.134
20000,0.028,0.860,0.112
20500,0.030,0.844,0.127
21000,0.032,0.836,0.133
21500,0.029,0.824,0.147
22000,0.025,0.831,0.144
22500,0.022,0.822,0.155
23000,0.028,0.807,0.165
23500,0.035,0.824,0.141
24000,0.030,0.834,0.137
24500,0.027,0.837,0.137
25000,0.030,0.792,0.179
25500,0.037,0.790,0.174
26000,0.039,0.788,0.174
26500,0.040,0.776,0.184
27000,0.036,0.755,0.209
27500,0.033,0.742,0.226
28000,0.044,0.726,0.230
28500,0.052,0.710,0.238
29000,0.059,0.721,0.220
29500,0.068,0.682,0.249
30000,0.072,0.671,0.257
30500,0.061,0.696,0.243
31000,0.069,0.689,0.241
31500,0.057,0.695,0.248
32000,0.061,0.659,0.280
32500,0.067,0.634,0.298
33000,0.067,0.653,0.280
33500,0.067,0.655,0.278
34000,0.052,0.678,0.270
34500,0.040,0.705,0.255
35000,0.039,0.666,0.295
35500,0.043,0.668,0.289
36000,0.048,0.693,0.259
36500,0.045,0.674,0.281
37000,0.056,0.691,0.253
37500,0.062,0.706,0.232
38000,0.069,0.692,0.239
38500,0.056,0.688,0.255
39000,0.057,0.660,0.283
39500,0.058,0.670,0.272
40000,0.061,0.660,0.279
40500,0.051,0.656,0.293
41000,0.045,0.633,0.322
41500,0.060,0.607,0.333
42000,0.067,0.593,0.339
42500,0.084,0.617,0.299
43000,0.099,0.635,0.266
43500,0.095,0.587,0.318
44000,0.090,0.575,0.335
44500,0.078,0.581,0.341
45000,0.076,0.558,0.367
45500,0.078,0.562,0.361
46000,0.088,0.569,0.343
46500,0.088,0.584,0.328
47000,0.076,0.592,0.332
47500,0.094,0.579,0.327
48000,0.086,0.582,0.332
48500,0.099,0.544,0.356
49000,0.113,0.536,0.350
49500,0.109,0.537,0.353
50000,0.115,0.529,0.355
50500,0.116,0.539,0.344
51000,0.126,0.516,0.359
51500,0.146,0.464,0.390
52000,0.146,0.461,0.393
52500,0.159,0.487,0.353
53000,0.154,0.504,0.342
53500,0.144,0.475,0.381
54000,0.155,0.466,0.379
54500,0.189,0.453,0.359
55000,0.192,0.438,0.370
55500,0.185,0.402,0.413
56000,0.190,0.414,0.396
56500,0.200,0.407,0.393
57000,0.162,0.422,0.416
57500,0.171,0.437,0.392
58000,0.201,0.427,0.372
58500,0.184,0.415,0.401
59000,0.177,0.426,0.397
59500,0.169,0.448,0.383
60000,0.146,0.461,0.393
60500,0.153,0.445,0.401
61000,0.163,0.467,0.370
61500,0.159,0.455,0.386
62000,0.159,0.471,0.370
62500,0.147,0.496,0.356
63000,0.132,0.497,0.371
63500,0.141,0.485,0.374
64000,0.143,0.454,0.403
64500,0.149,0.436,0.415
65000,0.157,0.460,0.383
65500,0.139,0.469,0.392
66000,0.150,0.434,0.416
66500,0.172,0.426,0.402
67000,0.150,0.442,0.408
67500,0.160,0.456,0.384
68000,0.143,0.447,0.410
68500,0.176,0.436,0.388
69000,0.159,0.423,0.418
69500,0.184,0.421,0.395
70000,0.194,0.396,0.410
70500,0.202,0.391,0.407
71000,0.200,0.385,0.415
71500,0.205,0.384,0.411
72000,0.200,0.383,0.417
72500,0.169,0.394,0.437
73000,0.178,0.382,0.440
73500,0.212,0.382,0.406
74000,0.183,0.379,0.438
74500,0.203,0.381,0.416
75000,0.205,0.370,0.425
75500,0.176,0.413,0.412
76000,0.168,0.397,0.435
76500,0.165,0.404,0.430
77000,0.168,0.408,0.425
77500,0.183,0.385,0.432
78000,0.176,0.381,0.443
78500,0.156,0.401,0.442
79000,0.156,0.412,0.432
79500,0.169,0.382,0.449
80000,0.165,0.388,0.446
80500,0.145,0.384,0.471
81000,0.159,0.386,0.455
81500,0.165,0.395,0.439
82000,0.159,0.396,0.444
82500,0.166,0.366,0.468
83000,0.171,0.386,0.443
83500,0.190,0.363,0.447
84000,0.187,0.366,0.447
84500,0.179,0.360,0.462
85000,0.194,0.362,0.444
85500,0.199,0.367,0.434
86000,0.208,0.367,0.425
86500,0.190,0.368,0.442
87000,0.202,0.361,0.437
87500,0.189,0.355,0.456
88000,0.200,0.348,0.451
88500,0.204,0.342,0.454
89000,0.221,0.338,0.441
89500,0.249,0.298,0.453
90000,0.265,0.306,0.429
90500,0.246,0.328,0.426
91000,0.246,0.313,0.441
91500,0.243,0.316,0.441
92000,0.232,0.320,0.448
92500,0.239,0.308,0.453
93000,0.219,0.325,0.457
93500,0.207,0.329,0.464
94000,0.218,0.316,0.467
94500,0.232,0.304,0.464
95000,0.226,0.331,0.443
95500,0.225,0.319,0.457
96000,0.218,0.340,0.442
96500,0.227,0.317,0.457
97000,0.251,0.303,0.445
97500,0.240,0.303,0.457
98000,0.209,0.306,0.484
98500,0.195,0.318,0.487
99000,0.219,0.328,0.454
99500,0.200,0.316,0.484
100000,0.206,0.306,0.487
100500,0.194,0.346,0.460
101000,0.218,0.353,0.429
101500,0.197,0.349,0.454
102000,0.196,0.334,0.470
102500,0.191,0.333,0.476
103000,0.189,0.353,0.458
103500,0.187,0.346,0.467
104000,0.208,0.346,0.445
104500,0.227,0.355,0.418
105000,0.225,0.334,0.441
105500,0.223,0.316,0.462
106000,0.209,0.330,0.461
106500,0.244,0.317,0.439
107000,0.228,0.311,0.462
107500,0.238,0.289,0.473
108000,0.246,0.299,0.455
108500,0.239,0.276,0.485
109000,0.263,0.281,0.457
109500,0.296,0.272,0.432
110000,0.295,0.265,0.440
110500,0.276,0.259,0.465
111000,0.251,0.294,0.455
111500,0.242,0.290,0.468
112000,0.260,0.297,0.442
112500,0.242,0.283,0.475
113000,0.252,0.270,0.478
113500,0.255,0.258,0.486
114000,0.287,0.244,0.469
114500,0.290,0.259,0.450
115000,0.296,0.236,0.468
115500,0.318,0.232,0.450
116000,0.339,0.229,0.432
116500,0.352,0.227,0.421
117000,0.342,0.228,0.430
117500,0.353,0.235,0.412
118000,0.344,0.226,0.430
118500,0.340,0.221,0.439
119000,0.317,0.218,0.466
119500,0.331,0.230,0.439
120000,0.364,0.210,0.426
120500,0.352,0.199,0.448
121000,0.351,0.208,0.440
121500,0.332,0.218,0.450
122000,0.295,0.241,0.464
122500,0.278,0.256,0.466
123000,0.273,0.277,0.450
123500,0.265,0.286,0.449
124000,0.238,0.273,0.489
124500,0.246,0.287,0.467
125000,0.228,0.291,0.481
125500,0.243,0.260,0.496
126000,0.248,0.264,0.488
126500,0.268,0.271,0.462
127000,0.273,0.237,0.490
127500,0.289,0.252,0.459
128000,0.270,0.250,0.480
128500,0.250,0.250,0.499
129000,0.237,0.280,0.483
129500,0.261,0.275,0.464
130000,0.263,0.255,0.482
130500,0.259,0.259,0.481
131000,0.249,0.256,0.494
131500,0.249,0.257,0.493
132000,0.234,0.251,0.515
132500,0.224,0.293,0.483
133000,0.226,0.278,0.496
133500,0.237,0.304,0.459
134000,0.235,0.296,0.469
134500,0.243,0.285,0.472
135000,0.242,0.286,0.472
135500,0.239,0.275,0.486
136000,0.242,0.279,0.479
136500,0.233,0.273,0.494
137000,0.276,0.267,0.458
137500,0.241,0.289,0.470
138000,0.244,0.268,0.488
138500,0.272,0.257,0.471
139000,0.270,0.252,0.478
139500,0.279,0.245,0.476
140000,0.268,0.257,0.475
140500,0.268,0.270,0.463
141000,0.256,0.273,0.471
141500,0.245,0.291,0.464
142000,0.221,0.286,0.493
142500,0.213,0.280,0.507
143000,0.205,0.317,0.478
143500,0.210,0.323,0.467
144000,0.212,0.333,0.455
144500,0.201,0.338,0.461
145000,0.189,0.333,0.478
145500,0.186,0.334,0.480
146000,0.197,0.319,0.484
146500,0.198,0.305,0.496
147000,0.196,0.332,0.472
147500,0.185,0.341,0.474
148000,0.187,0.342,0.471
148500,0.173,0.323,0.505
149000,0.190,0.339,0.471
149500,0.189,0.340,0.471
150000,0.184,0.346,0.470
150500,0.192,0.342,0.466
151000,0.203,0.355,0.441
151500,0.194,0.356,0.449
152000,0.184,0.342,0.474
152500,0.191,0.329,0.480
153000,0.191,0.326,0.483
153500,0.216,0.295,0.489
154000,0.239,0.273,0.488
154500,0.241,0.248,0.511
155000,0.254,0.247,0.498
155500,0.254,0.242,0.504
156000,0.250,0.269,0.481
156500,0.235,0.264,0.502
157000,0.235,0.247,0.518
157500,0.208,0.261,0.530
158000,0.213,0.269,0.518
158500,0.195,0.283,0.522
159000,0.213,0.274,0.513
159500,0.216,0.285,0.499
160000,0.208,0.297,0.494
160500,0.218,0.295,0.487
161000,0.218,0.302,0.480
161500,0.215,0.279,0.507
162000,0.226,0.283,0.491
162500,0.213,0.300,0.486
163000,0.211,0.312,0.477
163500,0.226,0.313,0.462
164000,0.212,0.306,0.481
164500,0.225,0.286,0.489
165000,0.210,0.281,0.509
165500,0.223,0.276,0.502
166000,0.231,0.252,0.517
166500,0.235,0.272,0.493
167000,0.218,0.266,0.517
167500,0.219,0.273,0.509
168000,0.223,0.265,0.513
168500,0.233,0.264,0.504
169000,0.256,0.281,0.463
169500,0.224,0.274,0.503
170000,0.209,0.272,0.519
170500,0.235,0.256,0.509
171000,0.217,0.243,0.540
171500,0.231,0.260,0.509
172000,0.219,0.248,0.533
172500,0.196,0.288,0.516
173000,0.183,0.317,0.501
173500,0.170,0.325,0.506
174000,0.187,0.322,0.491
174500,0.183,0.304,0.513
175000,0.183,0.304,0.513
175500,0.201,0.294,0.505
176000,0.196,0.287,0.517
176500,0.180,0.301,0.519
177000,0.206,0.305,0.488
177500,0.216,0.302,0.482
178000,0.232,0.290,0.478
178500,0.216,0.285,0.499
179000,0.233,0.269,0.498
179500,0.211,0.276,0.513
180000,0.210,0.287,0.503
180500,0.213,0.275,0.512
181000,0.209,0.282,0.509
181500,0.183,0.311,0.507
182000,0.194,0.318,0.488
182500,0.187,0.327,0.486
183000,0.195,0.322,0.483
183500,0.190,0.309,0.501
184000,0.186,0.319,0.495
184500,0.186,0.330,0.484
185000,0.180,0.319,0.502
185500,0.191,0.321,0.488
186000,0.199,0.307,0.493
186500,0.199,0.309,0.491
187000,0.208,0.307,0.484
187500,0.200,0.307,0.492
188000,0.215,0.295,0.490
188500,0.207,0.323,0.470
189000,0.199,0.322,0.479
189500,0.189,0.311,0.501
190000,0.175,0.299,0.526
190500,0.200,0.311,0.489
191000,0.199,0.299,0.502
191500,0.182,0.343,0.475
192000,0.191,0.333,0.476
192500,0.176,0.328,0.496
193000,0.183,0.350,0.467
193500,0.171,0.347,0.482
194000,0.190,0.340,0.470
194500,0.185,0.332,0.483
195000,0.202,0.314,0.484
195500,0.203,0.322,0.475
196000,0.211,0.311,0.478
196500,0.230,0.320,0.450
197000,0.218,0.317,0.466
197500,0.230,0.279,0.491
198000,0.223,0.297,0.480
198500,0.211,0.324,0.465
199000,0.200,0.308,0.491
199500,0.186,0.312,0.503
200000,0.149,0.313,0.538
200500,0.156,0.329,0.515
201000,0.153,0.341,0.506
201500,0.155,0.349,0.495
202000,0.174,0.365,0.462
202500,0.164,0.386,0.449
203000,0.178,0.390,0.432
203500,0.168,0.387,0.445
204000,0.195,0.353,0.451
204500,0.190,0.328,0.482
205000,0.212,0.313,0.475
205500,0.241,0.315,0.444
206000,0.250,0.329,0.421
206500,0.253,0.299,0.447
207000,0.237,0.284,0.479
207500,0.246,0.309,0.444
208000,0.224,0.312,0.465
208500,0.236,0.300,0.464
209000,0.232,0.272,0.496
209500,0.226,0.277,0.497
210000,0.215,0.294,0.491
210500,0.218,0.284,0.498
211000,0.231,0.261,0.508
211500,0.233,0.285,0.482
212000,0.217,0.274,0.510
212500,0.211,0.289,0.499
213000,0.221,0.289,0.490
213500,0.234,0.303,0.463
214000,0.229,0.290,0.481
214500,0.244,0.265,0.491
215000,0.258,0.269,0.473
215500,0.267,0.286,0.447
216000,0.259,0.289,0.451
216500,0.271,0.266,0.464
217000,0.285,0.284,0.431
217500,0.298,0.249,0.453
218000,0.309,0.226,0.465
218500,0.307,0.235,0.458
219000,0.283,0.249,0.468
219500,0.283,0.233,0.484
220000,0.303,0.250,0.446
220500,0.313,0.251,0.436
221000,0.317,0.220,0.464
221500,0.324,0.224,0.453
222000,0.342,0.222,0.436
222500,0.348,0.218,0.434
223000,0.336,0.193,0.471
223500,0.370,0.205,0.425
224000,0.377,0.197,0.426
224500,0.378,0.199,0.423
225000,0.377,0.199,0.424
225500,0.378,0.205,0.417
226000,0.390,0.196,0.414
226500,0.380,0.196,0.424
227000,0.381,0.206,0.413
227500,0.386,0.192,0.422
228000,0.404,0.189,0.407
228500,0.422,0.203,0.375
229000,0.411,0.189,0.400
229500,0.415,0.192,0.393
230000,0.391,0.190,0.419
230500,0.407,0.191,0.402
231000,0.399,0.172,0.429
231500,0.398,0.182,0.420
232000,0.393,0.187,0.420
232500,0.377,0.186,0.437
233000,0.386,0.186,0.428
233500,0.378,0.199,0.423
234000,0.391,0.203,0.406
234500,0.374,0.194,0.432
235000,0.368,0.209,0.423
235500,0.384,0.197,0.419
236000,0.363,0.200,0.437
236500,0.371,0.200,0.429
237000,0.361,0.197,0.442
237500,0.377,0.200,0.423
238000,0.372,0.221,0.408
238500,0.364,0.208,0.428
239000,0.354,0.201,0.444
239500,0.341,0.204,0.455
240000,0.368,0.196,0.436
240500,0.381,0.201,0.418
241000,0.375,0.193,0.432
241500,0.371,0.198,0.431
242000,0.393,0.189,0.418
242500,0.387,0.183,0.430
243000,0.364,0.180,0.457
243500,0.377,0.179,0.444
244000,0.372,0.177,0.451
244500,0.380,0.191,0.429
245000,0.391,0.189,0.420
245500,0.370,0.196,0.434
246000,0.365,0.187,0.448
246500,0.361,0.200,0.439
247000,0.364,0.200,0.436
247500,0.387,0.204,0.409
248000,0.360,0.196,0.444
248500,0.371,0.204,0.425
249000,0.376,0.201,0.423
249500,0.406,0.184,0.411
250000,0.418,0.175,0.408
250500,0.428,0.166,0.406
251000,0.395,0.192,0.413
251500,0.373,0.187,0.440
252000,0.385,0.185,0.430
252500,0.351,0.191,0.458
253000,0.344,0.215,0.441
253500,0.359,0.210,0.431
254000,0.346,0.193,0.461
254500,0.370,0.185,0.445
255000,0.361,0.198,0.441
255500,0.345,0.194,0.461
256000,0.362,0.196,0.442
256500,0.345,0.202,0.453
257000,0.339,0.200,0.461
257500,0.336,0.199,0.465
258000,0.337,0.194,0.469
258500,0.301,0.213,0.485
259000,0.291,0.222,0.487
259500,0.286,0.248,0.466
260000,0.293,0.254,0.453
260500,0.272,0.246,0.482
261000,0.318,0.229,0.454
261500,0.280,0.263,0.458
262000,0.289,0.238,0.473
262500,0.277,0.246,0.477
263000,0.278,0.274,0.448
263500,0.278,0.258,0.464
264000,0.258,0.246,0.495
264500,0.267,0.241,0.492
265000,0.265,0.263,0.473
265500,0.267,0.245,0.488
266000,0.270,0.242,0.488
266500,0.277,0.248,0.475
267000,0.294,0.236,0.470
267500,0.286,0.246,0.468
268000,0.277,0.232,0.491
268500,0.296,0.230,0.474
269000,0.295,0.226,0.479
269500,0.292,0.221,0.487
270000,0.267,0.218,0.516
270500,0.263,0.243,0.494
271000,0.275,0.235,0.490
271500,0.295,0.235,0.470
272000,0.270,0.244,0.486
272500,0.280,0.238,0.482
273000,0.302,0.233,0.465
273500,0.270,0.232,0.498
274000,0.279,0.228,0.493
274500,0.267,0.248,0.485
275000,0.253,0.256,0.490
275500,0.251,0.258,0.490
276000,0.264,0.252,0.484
276500,0.245,0.255,0.499
277000,0.222,0.269,0.510
277500,0.252,0.250,0.497
278000,0.252,0.248,0.499
278500,0.278,0.231,0.491
279000,0.286,0.232,0.482
279500,0.274,0.231,0.495
280000,0.257,0.242,0.501
280500,0.256,0.238,0.506
281000,0.259,0.256,0.484
281500,0.254,0.275,0.471
282000,0.268,0.276,0.457
282500,0.223,0.253,0.524
283000,0.239,0.274,0.487
283500,0.258,0.256,0.485
284000,0.275,0.264,0.462
284500,0.278,0.241,0.481
285000,0.291,0.238,0.471
285500,0.300,0.227,0.473
286000,0.296,0.230,0.474
286500,0.287,0.243,0.470
287000,0.308,0.239,0.453
287500,0.312,0.228,0.461
288000,0.306,0.230,0.464
288500,0.301,0.230,0.469
289000,0.309,0.223,0.468
289500,0.312,0.224,0.465
290000,0.305,0.223,0.472
290500,0.328,0.220,0.453
291000,0.351,0.220,0.429
291500,0.345,0.215,0.440
292000,0.297,0.221,0.482
292500,0.307,0.232,0.461
293000,0.300,0.231,0.469
293500,0.290,0.237,0.473
294000,0.260,0.235,0.505
294500,0.272,0.260,0.468
295000,0.266,0.232,0.503
295500,0.267,0.243,0.490
296000,0.273,0.224,0.504
296500,0.272,0.226,0.503
297000,0.268,0.239,0.493
297500,0.256,0.253,0.490
298000,0.279,0.259,0.462
298500,0.267,0.250,0.483
299000,0.279,0.255,0.466
299500,0.278,0.238,0.484
300000,0.256,0.252,0.491
300500,0.276,0.238,0.486
301000,0.286,0.238,0.476
301500,0.281,0.239,0.480
302000,0.288,0.241,0.471
302500,0.296,0.240,0.464
303000,0.327,0.223,0.450
303500,0.308,0.221,0.471
304000,0.312,0.220,0.469
304500,0.289,0.216,0.495
305000,0.282,0.216,0.503
305500,0.319,0.209,0.472
306000,0.317,0.211,0.472
306500,0.312,0.221,0.468
307000,0.297,0.205,0.497
307500,0.299,0.206,0.494
308000,0.322,0.204,0.474
308500,0.323,0.192,0.485
309000,0.318,0.212,0.470
309500,0.312,0.234,0.455
310000,0.301,0.231,0.468
310500,0.301,0.220,0.479
311000,0.315,0.234,0.451
311500,0.316,0.219,0.466
312000,0.307,0.219,0.474
312500,0.300,0.208,0.491
313000,0.329,0.207,0.464
313500,0.291,0.215,0.494
314000,0.276,0.220,0.505
314500,0.264,0.218,0.519
315000,0.288,0.187,0.525
315500,0.288,0.202,0.510
316000,0.312,0.197,0.491
316500,0.321,0.206,0.473
317000,0.315,0.193,0.492
317500,0.315,0.191,0.494
318000,0.302,0.192,0.506
318500,0.308,0.205,0.486
319000,0.337,0.188,0.475
319500,0.351,0.186,0.463
320000,0.351,0.186,0.463
320500,0.339,0.198,0.463
321000,0.355,0.181,0.464
321500,0.338,0.198,0.464
322000,0.352,0.196,0.451
322500,0.349,0.191,0.460
323000,0.344,0.188,0.468
323500,0.351,0.180,0.469
324000,0.356,0.188,0.456
324500,0.352,0.188,0.460
325000,0.346,0.186,0.468
325500,0.318,0.190,0.492
326000,0.312,0.195,0.493
326500,0.307,0.203,0.489
327000,0.326,0.192,0.482
327500,0.329,0.195,0.476
328000,0.341,0.193,0.466
328500,0.306,0.212,0.481
329000,0.294,0.224,0.482
329500,0.306,0.219,0.475
330000,0.289,0.221,0.490
330500,0.319,0.227,0.455
331000,0.317,0.224,0.460
331500,0.328,0.219,0.454
332000,0.307,0.219,0.474
332500,0.277,0.219,0.505
333000,0.275,0.235,0.490
333500,0.278,0.240,0.482
334000,0.291,0.226,0.483
334500,0.296,0.212,0.491
335000,0.271,0.240,0.489
335500,0.268,0.243,0.489
336000,0.238,0.265,0.497
336500,0.250,0.295,0.455
337000,0.260,0.271,0.469
337500,0.239,0.281,0.480
338000,0.239,0.282,0.479
338500,0.243,0.254,0.503
339000,0.228,0.287,0.485
339500,0.223,0.299,0.478
340000,0.241,0.291,0.468
340500,0.224,0.299,0.477
341000,0.222,0.327,0.451
341500,0.221,0.326,0.454
342000,0.222,0.311,0.468
342500,0.224,0.332,0.444
343000,0.227,0.317,0.457
343500,0.234,0.340,0.426
344000,0.239,0.332,0.429
344500,0.243,0.294,0.463
345000,0.236,0.272,0.492
345500,0.234,0.298,0.468
346000,0.241,0.296,0.463
346500,0.236,0.280,0.484
347000,0.241,0.288,0.471
347500,0.216,0.305,0.479
348000,0.218,0.283,0.499
348500,0.192,0.321,0.487
349000,0.215,0.316,0.470
349500,0.211,0.304,0.484
350000,0.199,0.325,0.476
350500,0.204,0.282,0.514
351000,0.216,0.273,0.512
351500,0.236,0.297,0.467
352000,0.249,0.288,0.463
352500,0.245,0.282,0.473
353000,0.240,0.287,0.473
353500,0.239,0.285,0.476
354000,0.252,0.281,0.467
354500,0.251,0.257,0.491
355000,0.260,0.274,0.466
355500,0.232,0.281,0.487
356000,0.247,0.288,0.465
356500,0.233,0.256,0.511
357000,0.246,0.276,0.478
357500,0.227,0.293,0.480
358000,0.237,0.283,0.480
358500,0.248,0.278,0.474
359000,0.261,0.285,0.454
359500,0.254,0.289,0.457
360000,0.229,0.274,0.497
360500,0.227,0.277,0.496
361000,0.226,0.290,0.484
361500,0.221,0.294,0.485
362000,0.233,0.302,0.465
362500,0.230,0.315,0.456
363000,0.231,0.299,0.470
363500,0.232,0.300,0.468
364000,0.235,0.286,0.479
364500,0.236,0.281,0.483
365000,0.211,0.288,0.501
365500,0.233,0.280,0.487
366000,0.238,0.269,0.493
366500,0.252,0.266,0.482
367000,0.237,0.281,0.482
367500,0.217,0.281,0.503
368000,0.223,0.289,0.488
368500,0.232,0.275,0.493
369000,0.222,0.290,0.488
369500,0.220,0.294,0.486
370000,0.216,0.278,0.507
370500,0.223,0.283,0.494
371000,0.230,0.279,0.491
371500,0.219,0.284,0.497
372000,0.221,0.301,0.478
372500,0.213,0.312,0.475
373000,0.197,0.311,0.492
373500,0.222,0.296,0.482
374000,0.230,0.285,0.485
374500,0.254,0.267,0.479
375000,0.250,0.260,0.489
375500,0.241,0.246,0.513
376000,0.263,0.258,0.479
376500,0.260,0.246,0.493
377000,0.268,0.231,0.502
377500,0.280,0.236,0.484
378000,0.282,0.250,0.468
378500,0.280,0.241,0.479
379000,0.266,0.238,0.496
379500,0.273,0.226,0.502
380000,0.303,0.223,0.474
380500,0.295,0.217,0.488
381000,0.289,0.217,0.494
381500,0.289,0.231,0.480
382000,0.297,0.210,0.492
382500,0.273,0.222,0.506
383000,0.273,0.239,0.488
383500,0.263,0.236,0.502
384000,0.263,0.254,0.483
384500,0.249,0.259,0.491
385000,0.238,0.277,0.485
385500,0.266,0.283,0.451
386000,0.272,0.266,0.463
386500,0.289,0.242,0.469
387000,0.257,0.249,0.493
387500,0.250,0.259,0.490
388000,0.238,0.255,0.507
388500,0.224,0.255,0.521
389000,0.229,0.252,0.519
389500,0.226,0.257,0.517
390000,0.233,0.285,0.482
390500,0.235,0.272,0.493
391000,0.239,0.263,0.498
391500,0.225,0.272,0.504
392000,0.238,0.265,0.497
392500,0.245,0.256,0.498
393000,0.263,0.244,0.493
393500,0.249,0.247,0.504
394000,0.272,0.253,0.475
394500,0.282,0.245,0.473
395000,0.266,0.237,0.497
395500,0.292,0.223,0.485
396000,0.312,0.215,0.474
396500,0.294,0.220,0.486
397000,0.296,0.211,0.492
397500,0.283,0.221,0.496
398000,0.283,0.215,0.503
398500,0.297,0.233,0.470
399000,0.314,0.231,0.456
399500,0.301,0.238,0.461
400000,0.271,0.224,0.506
400500,0.276,0.235,0.489
401000,0.279,0.242,0.479
401500,0.267,0.252,0.481
402000,0.250,0.249,0.501
402500,0.255,0.248,0.496
403000,0.265,0.242,0.493
403500,0.244,0.255,0.501
404000,0.244,0.272,0.484
404500,0.252,0.250,0.497
405000,0.259,0.245,0.495
405500,0.281,0.240,0.479
406000,0.285,0.241,0.474
406500,0.280,0.271,0.449
407000,0.284,0.237,0.479
407500,0.293,0.242,0.465
408000,0.302,0.227,0.471
408500,0.319,0.232,0.449
409000,0.315,0.221,0.465
409500,0.311,0.223,0.467
410000,0.320,0.230,0.450
410500,0.340,0.221,0.439
411000,0.324,0.229,0.447
411500,0.305,0.251,0.443
412000,0.306,0.246,0.447
412500,0.267,0.275,0.459
413000,0.288,0.255,0.457
413500,0.275,0.281,0.444
414000,0.283,0.278,0.439
414500,0.277,0.292,0.431
415000,0.299,0.274,0.427
415500,0.273,0.263,0.465
416000,0.286,0.284,0.430
416500,0.287,0.293,0.420
417000,0.267,0.265,0.469
417500,0.269,0.269,0.463
418000,0.269,0.277,0.455
418500,0.269,0.291,0.440
419000,0.250,0.287,0.463
419500,0.236,0.287,0.477
420000,0.251,0.295,0.454
420500,0.265,0.273,0.463
421000,0.261,0.283,0.456
421500,0.259,0.287,0.454
422000,0.243,0.259,0.497
422500,0.245,0.246,0.509
423000,0.245,0.258,0.496
423500,0.243,0.288,0.469
424000,0.243,0.258,0.498
424500,0.265,0.266,0.470
425000,0.241,0.260,0.498
425500,0.248,0.264,0.488
426000,0.232,0.253,0.515
426500,0.267,0.254,0.479
427000,0.275,0.244,0.481
427500,0.278,0.251,0.471
428000,0.260,0.246,0.493
428500,0.267,0.259,0.474
429000,0.265,0.275,0.461
429500,0.258,0.285,0.457
430000,0.263,0.268,0.470
430500,0.242,0.258,0.499
431000,0.250,0.272,0.478
431500,0.244,0.296,0.460
432000,0.250,0.279,0.471
432500,0.245,0.273,0.482
433000,0.253,0.279,0.468
433500,0.244,0.280,0.476
434000,0.239,0.251,0.510
434500,0.265,0.264,0.472
435000,0.235,0.244,0.521
435500,0.225,0.251,0.524
436000,0.224,0.250,0.526
436500,0.236,0.248,0.516
437000,0.223,0.260,0.517
437500,0.233,0.270,0.497
438000,0.218,0.276,0.507
438500,0.234,0.278,0.488
439000,0.209,0.286,0.505
439500,0.209,0.287,0.504
440000,0.222,0.296,0.482
440500,0.209,0.303,0.487
441000,0.221,0.300,0.479
441500,0.226,0.297,0.477
442000,0.211,0.295,0.493
442500,0.206,0.283,0.511
443000,0.194,0.292,0.514
443500,0.198,0.307,0.494
444000,0.209,0.279,0.512
444500,0.208,0.272,0.520
445000,0.188,0.273,0.539
445500,0.200,0.292,0.508
446000,0.194,0.293,0.513
446500,0.203,0.289,0.508
447000,0.195,0.278,0.527
447500,0.192,0.276,0.532
448000,0.193,0.263,0.544
448500,0.203,0.284,0.513
449000,0.184,0.285,0.531
449500,0.177,0.298,0.525
450000,0.188,0.334,0.478
450500,0.196,0.314,0.490
451000,0.187,0.320,0.493
451500,0.177,0.332,0.491
452000,0.176,0.334,0.490
452500,0.181,0.332,0.487
453000,0.186,0.304,0.510
453500,0.195,0.290,0.515
454000,0.194,0.296,0.510
454500,0.211,0.292,0.496
455000,0.206,0.258,0.535
455500,0.216,0.274,0.511
456000,0.203,0.271,0.526
456500,0.202,0.288,0.510
457000,0.182,0.304,0.514
457500,0.204,0.302,0.493
458000,0.183,0.305,0.512
458500,0.178,0.308,0.514
459000,0.193,0.299,0.508
459500,0.211,0.267,0.522
460000,0.223,0.245,0.532
460500,0.238,0.247,0.515
461000,0.234,0.258,0.508
461500,0.228,0.267,0.506
462000,0.240,0.260,0.499
462500,0.249,0.247,0.504
463000,0.260,0.265,0.475
463500,0.238,0.246,0.516
464000,0.257,0.246,0.496
464500,0.235,0.264,0.502
465000,0.231,0.281,0.488
465500,0.224,0.282,0.494
466000,0.211,0.252,0.536
466500,0.240,0.260,0.499
467000,0.228,0.260,0.512
467500,0.232,0.250,0.518
468000,0.247,0.271,0.482
468500,0.235,0.250,0.515
469000,0.229,0.256,0.515
469500,0.224,0.276,0.501
470000,0.217,0.276,0.508
470500,0.238,0.269,0.493
471000,0.233,0.252,0.515
471500,0.210,0.252,0.537
472000,0.230,0.255,0.515
472500,0.249,0.257,0.493
473000,0.271,0.255,0.474
473500,0.254,0.242,0.504
474000,0.261,0.252,0.486
474500,0.256,0.256,0.487
475000,0.244,0.278,0.478
475500,0.226,0.278,0.496
476000,0.234,0.270,0.496
476500,0.238,0.258,0.504
477000,0.229,0.255,0.516
477500,0.231,0.238,0.531
478000,0.233,0.228,0.539
478500,0.237,0.240,0.523
479000,0.220,0.246,0.534
479500,0.224,0.257,0.519
480000,0.230,0.266,0.505
480500,0.236,0.277,0.487
481000,0.235,0.266,0.499
481500,0.241,0.290,0.469
482000,0.247,0.278,0.475
482500,0.254,0.254,0.491
483000,0.239,0.251,0.510
483500,0.251,0.257,0.491
484000,0.284,0.264,0.453
484500,0.288,0.271,0.441
485000,0.265,0.281,0.455
485500,0.259,0.263,0.478
486000,0.248,0.263,0.489
486500,0.231,0.274,0.495
487000,0.248,0.248,0.504
487500,0.264,0.245,0.491
488000,0.250,0.244,0.506
488500,0.241,0.247,0.512
489000,0.237,0.254,0.509
489500,0.215,0.246,0.539
490000,0.245,0.245,0.510
490500,0.252,0.247,0.501
491000,0.248,0.246,0.506
491500,0.266,0.241,0.493
492000,0.281,0.242,0.477
492500,0.278,0.252,0.470
493000,0.287,0.226,0.487
493500,0.286,0.237,0.477
494000,0.294,0.242,0.464
494500,0.264,0.256,0.480
495000,0.268,0.248,0.484
495500,0.259,0.251,0.489
496000,0.260,0.245,0.494
496500,0.261,0.254,0.484
497000,0.252,0.252,0.495
497500,0.261,0.247,0.491
498000,0.256,0.245,0.498
498500,0.267,0.233,0.501
499000,0.295,0.216,0.489
499500,0.287,0.219,0.494
500000,0.263,0.211,0.526
500500,0.260,0.220,0.520
501000,0.273,0.208,0.519
501500,0.278,0.199,0.523
502000,0.275,0.221,0.505
502500,0.277,0.221,0.503
503000,0.292,0.210,0.497
503500,0.298,0.197,0.505
504000,0.290,0.200,0.510
504500,0.269,0.212,0.519
505000,0.296,0.202,0.502
505500,0.298,0.184,0.518
506000,0.269,0.194,0.537
506500,0.273,0.203,0.524
507000,0.261,0.223,0.516
507500,0.283,0.225,0.492
508000,0.277,0.240,0.483
508500,0.279,0.251,0.470
509000,0.270,0.256,0.474
509500,0.270,0.246,0.484
510000,0.274,0.235,0.491
510500,0.243,0.240,0.517
511000,0.246,0.236,0.518
511500,0.278,0.231,0.491
512000,0.264,0.236,0.501
512500,0.255,0.278,0.467
513000,0.234,0.285,0.481
513500,0.226,0.297,0.477
514000,0.224,0.289,0.487
514500,0.232,0.300,0.468
515000,0.227,0.304,0.469
515500,0.217,0.317,0.467
516000,0.210,0.327,0.463
516500,0.228,0.309,0.463
517000,0.210,0.300,0.489
517500,0.194,0.317,0.489
518000,0.187,0.302,0.511
518500,0.171,0.333,0.496
519000,0.137,0.361,0.503
519500,0.143,0.358,0.499
520000,0.141,0.365,0.494
520500,0.160,0.375,0.465
521000,0.147,0.361,0.492
521500,0.149,0.352,0.498
522000,0.148,0.374,0.478
522500,0.152,0.354,0.493
523000,0.152,0.359,0.489
523500,0.160,0.350,0.489
524000,0.166,0.340,0.493
524500,0.166,0.343,0.490
525000,0.166,0.342,0.491
525500,0.157,0.373,0.470
526000,0.159,0.372,0.469
526500,0.171,0.360,0.470
527000,0.156,0.363,0.481
527500,0.163,0.359,0.478
528000,0.156,0.373,0.471
528500,0.180,0.340,0.480
529000,0.153,0.354,0.492
529500,0.143,0.364,0.493
530000,0.144,0.361,0.495
530500,0.149,0.372,0.479
531000,0.146,0.363,0.491
531500,0.153,0.368,0.479
532000,0.169,0.341,0.490
532500,0.189,0.335,0.476
533000,0.207,0.325,0.468
533500,0.208,0.306,0.485
534000,0.207,0.304,0.488
534500,0.231,0.282,0.487
535000,0.231,0.295,0.474
535500,0.274,0.266,0.461
536000,0.290,0.244,0.466
536500,0.276,0.242,0.482
537000,0.259,0.260,0.480
537500,0.267,0.258,0.475
538000,0.280,0.217,0.504
538500,0.284,0.230,0.486
539000,0.291,0.225,0.484
539500,0.291,0.226,0.483
540000,0.300,0.218,0.482
540500,0.308,0.203,0.488
541000,0.344,0.196,0.460
541500,0.369,0.177,0.455
542000,0.369,0.185,0.446
542500,0.368,0.179,0.454
543000,0.346,0.205,0.448
543500,0.311,0.195,0.494
544000,0.285,0.217,0.498
544500,0.300,0.197,0.503
545000,0.299,0.193,0.508
545500,0.309,0.204,0.486
546000,0.327,0.200,0.473
546500,0.335,0.196,0.469
547000,0.327,0.210,0.463
547500,0.340,0.197,0.463
548000,0.305,0.202,0.492
548500,0.313,0.204,0.483
549000,0.293,0.211,0.495
549500,0.302,0.194,0.504
550000,0.312,0.193,0.495
550500,0.318,0.186,0.496
551000,0.338,0.182,0.480
551500,0.330,0.192,0.478
552000,0.333,0.184,0.483
552500,0.335,0.181,0.484
553000,0.339,0.181,0.480
553500,0.336,0.181,0.483
554000,0.330,0.163,0.507
554500,0.335,0.165,0.499
555000,0.328,0.145,0.527
555500,0.319,0.145,0.536
556000,0.327,0.177,0.496
556500,0.329,0.171,0.501
557000,0.327,0.185,0.488
557500,0.320,0.182,0.498
558000,0.328,0.192,0.480
558500,0.309,0.195,0.495
559000,0.318,0.189,0.493
559500,0.324,0.184,0.492
560000,0.326,0.171,0.504
560500,0.331,0.172,0.497
561000,0.326,0.178,0.496
561500,0.319,0.189,0.492
562000,0.293,0.197,0.510
562500,0.335,0.182,0.483
563000,0.318,0.168,0.515
563500,0.312,0.182,0.507
564000,0.319,0.176,0.506
564500,0.315,0.178,0.508
565000,0.304,0.191,0.505
565500,0.294,0.188,0.518
566000,0.348,0.170,0.482
566500,0.347,0.160,0.492
567000,0.375,0.162,0.463
567500,0.363,0.156,0.481
568000,0.380,0.148,0.472
568500,0.408,0.151,0.441
569000,0.429,0.155,0.416
569500,0.401,0.152,0.446
570000,0.366,0.165,0.469
570500,0.364,0.159,0.477
571000,0.379,0.157,0.464
571500,0.379,0.155,0.466
572000,0.394,0.165,0.440
572500,0.413,0.143,0.444
573000,0.395,0.161,0.443
573500,0.417,0.157,0.426
574000,0.399,0.160,0.440
574500,0.381,0.147,0.472
575000,0.374,0.165,0.461
575500,0.362,0.191,0.447
576000,0.355,0.181,0.464
576500,0.333,0.206,0.461
577000,0.330,0.219,0.451
577500,0.333,0.219,0.448
578000,0.342,0.189,0.469
578500,0.344,0.193,0.463
579000,0.348,0.199,0.453
579500,0.316,0.196,0.488
580000,0.318,0.203,0.479
580500,0.294,0.234,0.472
581000,0.319,0.219,0.463
581500,0.294,0.244,0.462
582000,0.302,0.224,0.474
582500,0.299,0.227,0.474
583000,0.261,0.254,0.484
583500,0.256,0.257,0.486
584000,0.274,0.243,0.483
584500,0.263,0.236,0.502
585000,0.269,0.243,0.488
585500,0.248,0.250,0.502
586000,0.238,0.246,0.516
586500,0.238,0.260,0.502
587000,0.198,0.279,0.523
587500,0.194,0.276,0.530
588000,0.190,0.290,0.520
588500,0.196,0.276,0.528
589000,0.183,0.301,0.516
589500,0.194,0.309,0.496
590000,0.186,0.306,0.508
590500,0.211,0.299,0.489
591000,0.201,0.289,0.510
591500,0.194,0.292,0.514
592000,0.183,0.285,0.532
592500,0.202,0.273,0.525
593000,0.220,0.286,0.494
593500,0.241,0.277,0.482
594000,0.222,0.291,0.487
594500,0.227,0.298,0.475
595000,0.230,0.261,0.509
595500,0.235,0.269,0.496
596000,0.248,0.274,0.478
596500,0.233,0.259,0.508
597000,0.219,0.274,0.508
597500,0.234,0.274,0.492
598000,0.230,0.278,0.492
598500,0.227,0.293,0.480
599000,0.234,0.276,0.490
599500,0.248,0.266,0.486
600000,0.232,0.244,0.524
600500,0.239,0.243,0.518
601000,0.249,0.252,0.498
601500,0.237,0.245,0.518
602000,0.252,0.245,0.503
602500,0.226,0.247,0.527
603000,0.210,0.251,0.538
603500,0.227,0.242,0.531
604000,0.235,0.256,0.509
604500,0.238,0.242,0.520
605000,0.237,0.246,0.517
605500,0.226,0.236,0.538
606000,0.232,0.243,0.525
606500,0.234,0.228,0.538
607000,0.255,0.221,0.524
607500,0.243,0.216,0.541
608000,0.270,0.196,0.534
608500,0.270,0.181,0.550
609000,0.281,0.203,0.516
609500,0.293,0.196,0.511
610000,0.322,0.178,0.501
610500,0.356,0.171,0.473
611000,0.331,0.179,0.490
611500,0.332,0.181,0.487
612000,0.336,0.179,0.485
612500,0.319,0.183,0.498
613000,0.330,0.169,0.502
613500,0.355,0.142,0.503
614000,0.360,0.156,0.484
614500,0.364,0.145,0.491
615000,0.396,0.135,0.469
615500,0.399,0.144,0.457
616000,0.389,0.145,0.466
616500,0.361,0.138,0.502
617000,0.344,0.149,0.507
617500,0.329,0.169,0.503
618000,0.328,0.164,0.508
618500,0.329,0.163,0.508
619000,0.351,0.164,0.484
619500,0.359,0.152,0.489
620000,0.359,0.159,0.482
620500,0.361,0.161,0.478
621000,0.337,0.152,0.511
621500,0.339,0.151,0.510
622000,0.350,0.147,0.503
622500,0.345,0.150,0.505
623000,0.341,0.141,0.518
623500,0.341,0.154,0.505
624000,0.319,0.147,0.534
624500,0.295,0.174,0.531
625000,0.308,0.156,0.535
625500,0.346,0.131,0.523
626000,0.356,0.133,0.511
626500,0.352,0.127,0.521
627000,0.334,0.173,0.493
627500,0.298,0.177,0.525
628000,0.305,0.193,0.502
628500,0.300,0.183,0.517
629000,0.284,0.194,0.522
629500,0.302,0.178,0.520
630000,0.343,0.174,0.483
630500,0.337,0.171,0.492
631000,0.311,0.168,0.522
631500,0.307,0.187,0.506
632000,0.315,0.171,0.515
632500,0.308,0.176,0.516
633000,0.309,0.188,0.503
633500,0.305,0.187,0.508
634000,0.299,0.197,0.504
634500,0.312,0.195,0.493
635000,0.309,0.198,0.492
635500,0.303,0.202,0.494
636000,0.302,0.218,0.480
636500,0.284,0.202,0.514
637000,0.276,0.199,0.525
637500,0.254,0.209,0.536
638000,0.258,0.204,0.537
638500,0.251,0.209,0.539
639000,0.273,0.193,0.534
639500,0.322,0.186,0.492
640000,0.327,0.182,0.491
640500,0.332,0.170,0.498
641000,0.330,0.173,0.497
641500,0.308,0.186,0.506
642000,0.315,0.178,0.508
642500,0.339,0.183,0.478
643000,0.355,0.186,0.459
643500,0.325,0.188,0.487
644000,0.335,0.197,0.468
644500,0.329,0.184,0.487
645000,0.302,0.206,0.491
645500,0.300,0.215,0.485
646000,0.298,0.208,0.493
646500,0.301,0.205,0.493
647000,0.302,0.196,0.502
647500,0.296,0.191,0.513
648000,0.316,0.184,0.501
648500,0.316,0.168,0.517
649000,0.308,0.179,0.513
649500,0.306,0.175,0.519
650000,0.312,0.168,0.521
650500,0.295,0.178,0.527
651000,0.286,0.178,0.536
651500,0.291,0.185,0.524
652000,0.300,0.185,0.515
652500,0.311,0.197,0.492
653000,0.282,0.188,0.530
653500,0.283,0.198,0.519
654000,0.279,0.180,0.541
654500,0.307,0.161,0.531
655000,0.320,0.170,0.511
655500,0.323,0.174,0.504
656000,0.326,0.151,0.523
656500,0.340,0.159,0.501
657000,0.354,0.159,0.486
657500,0.350,0.158,0.491
658000,0.366,0.149,0.485
658500,0.378,0.140,0.482
659000,0.376,0.155,0.469
659500,0.379,0.156,0.465
660000,0.395,0.136,0.469
660500,0.399,0.129,0.472
661000,0.404,0.137,0.459
661500,0.397,0.132,0.471
662000,0.397,0.127,0.476
662500,0.410,0.138,0.453
663000,0.437,0.136,0.427
663500,0.423,0.127,0.450
664000,0.410,0.130,0.461
664500,0.420,0.134,0.446
665000,0.413,0.129,0.459
665500,0.397,0.153,0.449
666000,0.384,0.141,0.475
666500,0.402,0.145,0.453
667000,0.414,0.135,0.451
667500,0.410,0.130,0.461
668000,0.424,0.129,0.447
668500,0.417,0.121,0.463
669000,0.393,0.138,0.469
669500,0.393,0.151,0.456
670000,0.398,0.150,0.451
670500,0.386,0.151,0.463
671000,0.373,0.141,0.486
671500,0.349,0.155,0.495
672000,0.337,0.172,0.491
672500,0.328,0.181,0.491
673000,0.337,0.192,0.471
673500,0.341,0.208,0.450
674000,0.324,0.199,0.477
674500,0.318,0.219,0.464
675000,0.321,0.209,0.470
675500,0.345,0.202,0.453
676000,0.340,0.184,0.476
676500,0.320,0.204,0.476
677000,0.361,0.177,0.463
677500,0.347,0.177,0.476
678000,0.355,0.176,0.469
678500,0.348,0.194,0.458
679000,0.339,0.194,0.467
679500,0.335,0.204,0.461
680000,0.300,0.192,0.508
680500,0.309,0.221,0.470
681000,0.299,0.210,0.490
681500,0.282,0.232,0.486
682000,0.287,0.232,0.481
682500,0.282,0.227,0.491
683000,0.288,0.225,0.487
683500,0.277,0.227,0.496
684000,0.254,0.219,0.527
684500,0.284,0.203,0.513
685000,0.283,0.198,0.519
685500,0.271,0.217,0.513
686000,0.285,0.208,0.507
686500,0.271,0.203,0.526
687000,0.278,0.204,0.518
687500,0.307,0.198,0.494
688000,0.298,0.199,0.503
688500,0.329,0.175,0.496
689000,0.342,0.162,0.495
689500,0.337,0.163,0.499
690000,0.363,0.155,0.482
690500,0.363,0.148,0.489
691000,0.356,0.160,0.483
691500,0.354,0.154,0.491
692000,0.338,0.162,0.499
692500,0.382,0.181,0.437
693000,0.375,0.149,0.476
693500,0.391,0.143,0.466
694000,0.359,0.159,0.482
694500,0.369,0.172,0.460
695000,0.374,0.152,0.474
695500,0.355,0.163,0.481
696000,0.354,0.159,0.486
696500,0.376,0.155,0.469
697000,0.369,0.171,0.461
697500,0.364,0.164,0.472
698000,0.365,0.148,0.487
698500,0.394,0.144,0.462
699000,0.396,0.150,0.454
699500,0.375,0.152,0.473
700000,0.395,0.134,0.471
700500,0.408,0.141,0.451
701000,0.396,0.130,0.474
701500,0.374,0.155,0.471
702000,0.366,0.166,0.468
702500,0.360,0.158,0.482
703000,0.378,0.144,0.478
703500,0.362,0.157,0.481
704000,0.354,0.160,0.485
704500,0.349,0.144,0.507
705000,0.350,0.169,0.481
705500,0.358,0.154,0.488
706000,0.326,0.166,0.508
706500,0.351,0.160,0.488
707000,0.372,0.171,0.458
707500,0.385,0.146,0.469
708000,0.387,0.149,0.464
708500,0.390,0.135,0.475
709000,0.369,0.150,0.481
709500,0.370,0.150,0.480
710000,0.392,0.135,0.473
710500,0.377,0.165,0.458
711000,0.370,0.165,0.465
711500,0.373,0.155,0.472
712000,0.379,0.159,0.462
712500,0.348,0.178,0.474
713000,0.363,0.158,0.479
713500,0.365,0.151,0.484
714000,0.390,0.147,0.463
714500,0.365,0.142,0.493
715000,0.372,0.158,0.470
715500,0.371,0.160,0.469
716000,0.373,0.148,0.479
716500,0.366,0.163,0.471
717000,0.359,0.143,0.498
717500,0.364,0.152,0.484
718000,0.347,0.148,0.505
718500,0.351,0.163,0.485
719000,0.340,0.170,0.490
719500,0.340,0.168,0.492
720000,0.338,0.162,0.499
720500,0.358,0.179,0.464
721000,0.358,0.172,0.471
721500,0.352,0.179,0.469
722000,0.342,0.185,0.473
722500,0.333,0.186,0.481
723000,0.341,0.189,0.470
723500,0.340,0.194,0.466
724000,0.329,0.189,0.482
724500,0.307,0.175,0.518
725000,0.330,0.157,0.513
725500,0.336,0.175,0.489
726000,0.318,0.179,0.504
726500,0.366,0.185,0.449
727000,0.352,0.166,0.481
727500,0.346,0.159,0.494
728000,0.367,0.159,0.474
728500,0.347,0.157,0.495
729000,0.347,0.156,0.496
729500,0.386,0.146,0.468
730000,0.378,0.180,0.442
730500,0.390,0.156,0.454
731000,0.373,0.154,0.473
731500,0.367,0.154,0.479
732000,0.352,0.155,0.492
732500,0.341,0.154,0.505
733000,0.349,0.152,0.498
733500,0.368,0.144,0.488
734000,0.367,0.150,0.483
734500,0.364,0.153,0.483
735000,0.354,0.145,0.501
735500,0.347,0.147,0.506
736000,0.358,0.132,0.511
736500,0.334,0.149,0.517
737000,0.337,0.161,0.502
737500,0.356,0.160,0.483
738000,0.337,0.186,0.477
738500,0.317,0.183,0.501
739000,0.317,0.190,0.493
739500,0.315,0.191,0.494
740000,0.311,0.189,0.501
740500,0.295,0.215,0.490
741000,0.284,0.247,0.469
741500,0.274,0.231,0.495
742000,0.290,0.219,0.491
742500,0.280,0.208,0.512
743000,0.276,0.198,0.526
743500,0.313,0.183,0.505
744000,0.319,0.163,0.518
744500,0.296,0.171,0.533
745000,0.297,0.172,0.531
745500,0.298,0.184,0.518
746000,0.300,0.189,0.511
746500,0.285,0.188,0.527
747000,0.277,0.200,0.523
747500,0.292,0.193,0.515
748000,0.276,0.203,0.521
748500,0.260,0.192,0.547
749000,0.281,0.170,0.550
749500,0.293,0.189,0.518
750000,0.313,0.161,0.526
750500,0.330,0.187,0.483
751000,0.321,0.198,0.481
751500,0.322,0.199,0.479
752000,0.303,0.215,0.482
752500,0.290,0.177,0.533
753000,0.312,0.175,0.514
753500,0.323,0.177,0.501
754000,0.311,0.174,0.516
754500,0.326,0.150,0.524
755000,0.298,0.197,0.505
755500,0.283,0.216,0.502
756000,0.282,0.182,0.536
756500,0.307,0.188,0.505
757000,0.331,0.189,0.480
757500,0.322,0.158,0.520
758000,0.321,0.157,0.522
758500,0.352,0.165,0.482
759000,0.348,0.156,0.495
759500,0.353,0.150,0.496
760000,0.342,0.151,0.507
760500,0.345,0.147,0.508
761000,0.343,0.146,0.511
761500,0.312,0.178,0.511
762000,0.324,0.196,0.480
762500,0.330,0.208,0.462
763000,0.332,0.196,0.472
763500,0.293,0.217,0.490
764000,0.282,0.199,0.519
764500,0.271,0.194,0.535
765000,0.263,0.186,0.552
765500,0.273,0.182,0.545
766000,0.273,0.179,0.549
766500,0.275,0.183,0.542
767000,0.260,0.178,0.562
767500,0.282,0.172,0.546
768000,0.277,0.179,0.544
768500,0.293,0.169,0.538
769000,0.291,0.184,0.525
769500,0.270,0.190,0.540
770000,0.266,0.192,0.542
770500,0.252,0.205,0.542
771000,0.240,0.206,0.554
771500,0.248,0.210,0.541
772000,0.272,0.204,0.524
772500,0.253,0.203,0.543
773000,0.263,0.191,0.546
773500,0.278,0.197,0.525
774000,0.305,0.186,0.509
774500,0.277,0.210,0.513
775000,0.260,0.217,0.523
775500,0.270,0.205,0.525
776000,0.303,0.196,0.501
776500,0.297,0.199,0.504
777000,0.298,0.191,0.511
777500,0.322,0.200,0.478
778000,0.341,0.180,0.479
778500,0.335,0.170,0.495
779000,0.314,0.175,0.512
779500,0.308,0.175,0.517
780000,0.307,0.192,0.501
780500,0.302,0.200,0.497
781000,0.282,0.196,0.522
781500,0.303,0.179,0.518
782000,0.282,0.187,0.531
782500,0.319,0.169,0.513
783000,0.312,0.172,0.517
783500,0.318,0.161,0.521
784000,0.316,0.179,0.506
784500,0.313,0.188,0.499
785000,0.316,0.157,0.527
785500,0.334,0.162,0.504
786000,0.323,0.173,0.505
786500,0.343,0.163,0.493
787000,0.324,0.177,0.499
787500,0.342,0.171,0.487
788000,0.381,0.151,0.468
788500,0.370,0.151,0.479
789000,0.379,0.135,0.486
789500,0.355,0.142,0.503
790000,0.345,0.163,0.491
790500,0.348,0.156,0.495
791000,0.361,0.146,0.493
791500,0.342,0.163,0.494
792000,0.340,0.165,0.494
792500,0.350,0.160,0.489
793000,0.358,0.154,0.488
793500,0.348,0.164,0.487
794000,0.358,0.160,0.482
794500,0.385,0.151,0.464
795000,0.398,0.131,0.471
795500,0.377,0.134,0.489
796000,0.408,0.125,0.468
796500,0.392,0.125,0.483
797000,0.398,0.129,0.473
797500,0.397,0.130,0.473
798000,0.356,0.131,0.513
798500,0.355,0.149,0.495
799000,0.390,0.147,0.463
799500,0.403,0.141,0.456
800000,0.403,0.115,0.481
800500,0.445,0.104,0.450
801000,0.435,0.108,0.457
801500,0.414,0.109,0.477
802000,0.398,0.123,0.479
802500,0.403,0.132,0.465
803000,0.385,0.138,0.477
803500,0.388,0.132,0.480
