time,n_A+p,n_B,n_AB
500,0.050,0.463,0.487
1000,0.054,0.283,0.663
1500,0.052,0.327,0.621
2000,0.050,0.340,0.610
2500,0.062,0.317,0.621
3000,0.050,0.315,0.635
3500,0.050,0.356,0.594
4000,0.050,0.396,0.554
4500,0.061,0.261,0.678
5000,0.064,0.156,0.780
5500,0.161,0.054,0.785
6000,0.705,0.000,0.295
6500,0.926,0.000,0.074
7000,0.971,0.000,0.029
7500,0.999,0.000,0.001
8000,1.000,0.000,0.000
