time,n_A+p,n_B,n_AB
500,0.050,0.730,0.220
1000,0.050,0.526,0.424
1500,0.050,0.484,0.466
2000,0.050,0.463,0.487
2500,0.053,0.345,0.602
3000,0.062,0.370,0.568
3500,0.053,0.308,0.639
4000,0.053,0.276,0.671
4500,0.052,0.281,0.667
5000,0.060,0.264,0.676
5500,0.069,0.217,0.714
6000,0.086,0.250,0.664
6500,0.067,0.217,0.716
7000,0.122,0.229,0.649
7500,0.147,0.150,0.703
8000,0.135,0.125,0.740
8500,0.115,0.154,0.731
9000,0.128,0.131,0.741
9500,0.249,0.066,0.685
10000,0.367,0.015,0.618
10500,0.513,0.003,0.484
11000,0.632,0.000,0.368
11500,0.554,0.000,0.446
12000,0.649,0.000,0.351
12500,0.621,0.000,0.379
13000,0.688,0.000,0.312
13500,0.778,0.000,0.222
14000,0.701,0.000,0.299
14500,0.665,0.000,0.335
15000,0.657,0.000,0.343
15500,0.736,0.000,0.264
16000,0.797,0.000,0.203
16500,0.882,0.000,0.118
17000,0.839,0.000,0.161
17500,0.816,0.000,0.184
18000,0.791,0.000,0.209
18500,0.860,0.000,0.140
19000,0.793,0.000,0.207
19500,0.872,0.000,0.128
20000,0.862,0.000,0.138
20500,0.889,0.000,0.111
21000,0.924,0.000,0.076
21500,0.930,0.000,0.070
22000,0.913,0.000,0.087
22500,0.926,0.000,0.074
23000,0.893,0.000,0.107
23500,0.877,0.000,0.123
24000,0.850,0.000,0.150
24500,0.837,0.000,0.163
25000,0.828,0.000,0.172
25500,0.826,0.000,0.174
26000,0.797,0.000,0.203
26500,0.765,0.000,0.235
27000,0.773,0.000,0.227
27500,0.820,0.000,0.180
28000,0.897,0.000,0.103
28500,0.800,0.000,0.200
29000,0.820,0.000,0.180
29500,0.809,0.000,0.191
30000,0.861,0.000,0.139
30500,0.862,0.000,0.138
31000,0.916,0.000,0.084
31500,0.955,0.000,0.045
32000,0.946,0.000,0.054
32500,0.930,0.000,0.070
33000,0.958,0.000,0.042
33500,0.986,0.000,0.014
34000,0.997,0.000,0.003
34500,0.994,0.000,0.006
35000,0.999,0.000,0.001
35500,0.994,0.000,0.006
36000,0.995,0.000,0.005
36500,0.998,0.000,0.002
37000,1.000,0.000,0.000
