time,n_A+p,n_B,n_AB
100,0.237,0.513,0.250
200,0.263,0.474,0.263
300,0.118,0.737,0.145
400,0.039,0.763,0.197
500,0.026,0.789,0.184
600,0.066,0.789,0.145
700,0.066,0.868,0.066
800,0.066,0.816,0.118
900,0.039,0.816,0.145
1000,0.118,0.697,0.184
1100,0.053,0.711,0.237
1200,0.039,0.829,0.132
1300,0.079,0.789,0.132
1400,0.053,0.724,0.224
1500,0.053,0.789,0.158
1600,0.053,0.816,0.132
1700,0.053,0.724,0.224
1800,0.053,0.776,0.171
1900,0.237,0.553,0.211
2000,0.395,0.368,0.237
2100,0.395,0.421,0.184
2200,0.224,0.539,0.237
2300,0.092,0.776,0.132
2400,0.066,0.789,0.145
2500,0.079,0.842,0.079
2600,0.053,0.842,0.105
2700,0.053,0.789,0.158
2800,0.158,0.684,0.158
2900,0.118,0.750,0.132
3000,0.092,0.789,0.118
3100,0.053,0.829,0.118
3200,0.145,0.697,0.158
3300,0.118,0.711,0.171
3400,0.066,0.737,0.197
3500,0.145,0.632,0.224
3600,0.092,0.592,0.316
3700,0.263,0.500,0.237
3800,0.434,0.382,0.184
3900,0.434,0.263,0.303
4000,0.316,0.395,0.289
4100,0.276,0.434,0.289
4200,0.329,0.382,0.289
4300,0.289,0.303,0.408
4400,0.276,0.434,0.289
4500,0.250,0.434,0.316
4600,0.276,0.421,0.303
4700,0.237,0.474,0.289
4800,0.276,0.447,0.276
4900,0.276,0.329,0.395
5000,0.250,0.395,0.355
5100,0.237,0.474,0.289
5200,0.237,0.461,0.303
5300,0.092,0.711,0.197
5400,0.053,0.737,0.211
5500,0.079,0.645,0.276
5600,0.079,0.592,0.329
5700,0.092,0.737,0.171
5800,0.053,0.816,0.132
5900,0.053,0.868,0.079
6000,0.053,0.895,0.053
6100,0.079,0.816,0.105
6200,0.079,0.829,0.092
6300,0.079,0.829,0.092
6400,0.039,0.763,0.197
6500,0.053,0.882,0.066
6600,0.026,0.908,0.066
6700,0.026,0.882,0.092
6800,0.145,0.671,0.184
6900,0.053,0.711,0.237
7000,0.066,0.724,0.211
7100,0.066,0.737,0.197
7200,0.066,0.882,0.053
7300,0.053,0.829,0.118
7400,0.053,0.868,0.079
7500,0.039,0.816,0.145
7600,0.105,0.724,0.171
7700,0.211,0.539,0.250
7800,0.263,0.342,0.395
7900,0.316,0.263,0.421
8000,0.329,0.263,0.408
8100,0.421,0.289,0.289
8200,0.276,0.447,0.276
8300,0.211,0.382,0.408
8400,0.158,0.474,0.368
8500,0.329,0.447,0.224
8600,0.237,0.487,0.276
8700,0.237,0.526,0.237
8800,0.263,0.434,0.303
8900,0.224,0.579,0.197
9000,0.342,0.395,0.263
9100,0.289,0.342,0.368
9200,0.237,0.579,0.184
9300,0.158,0.618,0.224
9400,0.118,0.697,0.184
9500,0.066,0.671,0.263
9600,0.039,0.803,0.158
9700,0.039,0.882,0.079
9800,0.039,0.921,0.039
9900,0.026,0.882,0.092
10000,0.026,0.934,0.039
10100,0.026,0.961,0.013
10200,0.026,0.908,0.066
10300,0.026,0.947,0.026
10400,0.026,0.921,0.053
10500,0.026,0.934,0.039
10600,0.026,0.921,0.053
10700,0.026,0.934,0.039
10800,0.026,0.961,0.013
10900,0.026,0.895,0.079
11000,0.079,0.868,0.053
11100,0.092,0.697,0.211
11200,0.184,0.592,0.224
11300,0.224,0.500,0.276
11400,0.184,0.474,0.342
11500,0.184,0.592,0.224
11600,0.224,0.500,0.276
11700,0.474,0.250,0.276
11800,0.579,0.132,0.289
11900,0.632,0.105,0.263
12000,0.737,0.039,0.224
12100,0.776,0.039,0.184
12200,0.868,0.013,0.118
12300,0.961,0.013,0.026
12400,0.947,0.026,0.026
12500,0.961,0.000,0.039
12600,0.987,0.000,0.013
12700,0.987,0.000,0.013
12800,0.987,0.000,0.013
12900,0.987,0.000,0.013
13000,1.000,0.000,0.000
