time,n_A+p,n_B,n_AB
500,0.030,0.918,0.051
1000,0.030,0.825,0.145
1500,0.030,0.685,0.285
2000,0.030,0.530,0.440
2500,0.030,0.386,0.584
3000,0.030,0.258,0.712
3500,0.030,0.203,0.766
4000,0.038,0.162,0.800
4500,0.061,0.114,0.826
5000,0.082,0.090,0.828
5500,0.073,0.083,0.844
6000,0.089,0.068,0.843
6500,0.086,0.057,0.857
7000,0.094,0.038,0.868
7500,0.094,0.030,0.876
8000,0.091,0.030,0.879
8500,0.088,0.037,0.874
9000,0.096,0.040,0.865
9500,0.091,0.044,0.864
10000,0.090,0.053,0.857
10500,0.101,0.043,0.857
11000,0.115,0.054,0.831
11500,0.112,0.043,0.845
12000,0.119,0.040,0.842
12500,0.121,0.035,0.843
13000,0.116,0.031,0.853
13500,0.126,0.032,0.843
14000,0.108,0.041,0.852
14500,0.103,0.051,0.845
15000,0.103,0.059,0.837
15500,0.100,0.046,0.854
16000,0.123,0.051,0.826
16500,0.101,0.056,0.843
17000,0.106,0.072,0.822
17500,0.095,0.074,0.831
18000,0.103,0.060,0.837
18500,0.104,0.045,0.850
19000,0.101,0.054,0.845
19500,0.092,0.059,0.849
20000,0.083,0.065,0.853
20500,0.085,0.065,0.851
21000,0.099,0.045,0.856
21500,0.113,0.058,0.830
22000,0.095,0.040,0.865
22500,0.085,0.043,0.872
23000,0.100,0.055,0.845
23500,0.105,0.062,0.833
24000,0.108,0.047,0.844
24500,0.119,0.046,0.835
25000,0.106,0.056,0.838
25500,0.116,0.046,0.838
26000,0.100,0.042,0.858
26500,0.102,0.043,0.855
27000,0.131,0.033,0.836
27500,0.110,0.051,0.839
28000,0.111,0.052,0.837
28500,0.096,0.059,0.845
29000,0.101,0.058,0.841
29500,0.114,0.059,0.827
30000,0.116,0.046,0.838
30500,0.103,0.038,0.859
31000,0.095,0.046,0.859
31500,0.105,0.035,0.860
32000,0.085,0.034,0.882
32500,0.091,0.040,0.868
33000,0.102,0.045,0.853
33500,0.101,0.050,0.850
34000,0.095,0.035,0.870
34500,0.113,0.041,0.847
35000,0.113,0.043,0.845
35500,0.097,0.047,0.856
36000,0.090,0.046,0.863
36500,0.104,0.051,0.846
37000,0.099,0.050,0.851
37500,0.089,0.036,0.874
38000,0.114,0.041,0.845
38500,0.116,0.033,0.851
39000,0.124,0.030,0.846
39500,0.105,0.050,0.845
40000,0.107,0.056,0.837
40500,0.124,0.052,0.824
41000,0.110,0.053,0.837
41500,0.122,0.057,0.821
42000,0.118,0.049,0.833
42500,0.103,0.052,0.844
43000,0.103,0.040,0.857
43500,0.101,0.024,0.875
44000,0.103,0.029,0.868
44500,0.098,0.042,0.860
45000,0.101,0.039,0.860
45500,0.105,0.041,0.854
46000,0.087,0.043,0.870
46500,0.093,0.064,0.843
47000,0.077,0.063,0.859
47500,0.067,0.059,0.875
48000,0.086,0.038,0.875
48500,0.108,0.040,0.851
49000,0.126,0.029,0.845
49500,0.129,0.029,0.842
50000,0.120,0.032,0.848
50500,0.130,0.036,0.835
51000,0.113,0.042,0.846
51500,0.119,0.034,0.848
52000,0.118,0.041,0.841
52500,0.094,0.050,0.857
53000,0.101,0.042,0.857
53500,0.133,0.041,0.826
54000,0.109,0.041,0.850
54500,0.096,0.029,0.876
55000,0.113,0.025,0.862
55500,0.116,0.034,0.851
56000,0.133,0.031,0.836
56500,0.144,0.023,0.833
57000,0.127,0.039,0.834
57500,0.117,0.041,0.842
58000,0.097,0.049,0.855
58500,0.120,0.052,0.828
59000,0.104,0.042,0.854
59500,0.098,0.056,0.846
60000,0.111,0.037,0.852
60500,0.099,0.029,0.873
61000,0.110,0.048,0.842
61500,0.107,0.031,0.862
62000,0.106,0.036,0.857
62500,0.121,0.029,0.850
63000,0.117,0.029,0.854
63500,0.113,0.038,0.849
64000,0.102,0.036,0.862
64500,0.116,0.036,0.848
65000,0.131,0.025,0.844
65500,0.144,0.025,0.832
66000,0.129,0.026,0.845
66500,0.128,0.033,0.840
67000,0.143,0.027,0.830
67500,0.144,0.030,0.825
68000,0.133,0.042,0.826
68500,0.123,0.026,0.851
69000,0.097,0.038,0.865
69500,0.102,0.045,0.852
70000,0.113,0.038,0.849
70500,0.106,0.053,0.840
71000,0.101,0.039,0.860
71500,0.090,0.041,0.869
72000,0.105,0.051,0.843
72500,0.112,0.063,0.825
73000,0.108,0.060,0.832
73500,0.097,0.058,0.846
74000,0.111,0.040,0.850
74500,0.105,0.041,0.854
75000,0.091,0.050,0.859
75500,0.089,0.044,0.866
76000,0.085,0.049,0.867
76500,0.089,0.048,0.862
77000,0.091,0.058,0.852
77500,0.107,0.045,0.848
78000,0.114,0.043,0.843
78500,0.093,0.034,0.872
79000,0.083,0.050,0.867
79500,0.082,0.059,0.859
80000,0.072,0.061,0.866
80500,0.085,0.075,0.840
81000,0.088,0.061,0.850
81500,0.108,0.051,0.840
82000,0.086,0.037,0.876
82500,0.104,0.040,0.856
83000,0.110,0.030,0.860
83500,0.102,0.054,0.844
84000,0.098,0.049,0.853
84500,0.103,0.043,0.854
85000,0.114,0.035,0.851
85500,0.130,0.027,0.843
86000,0.123,0.039,0.838
86500,0.121,0.039,0.840
87000,0.112,0.035,0.854
87500,0.122,0.029,0.848
88000,0.118,0.044,0.838
88500,0.102,0.041,0.858
89000,0.115,0.038,0.847
89500,0.131,0.034,0.836
90000,0.114,0.033,0.853
90500,0.109,0.033,0.858
91000,0.111,0.044,0.845
91500,0.089,0.056,0.855
92000,0.087,0.045,0.867
92500,0.091,0.051,0.858
93000,0.097,0.070,0.833
93500,0.100,0.051,0.850
94000,0.085,0.048,0.867
94500,0.113,0.033,0.854
95000,0.100,0.033,0.868
95500,0.096,0.044,0.860
96000,0.086,0.056,0.858
96500,0.090,0.050,0.861
97000,0.087,0.066,0.847
97500,0.090,0.052,0.857
98000,0.117,0.070,0.814
98500,0.102,0.060,0.839
99000,0.096,0.045,0.859
99500,0.103,0.049,0.848
100000,0.108,0.047,0.844
100500,0.116,0.041,0.843
101000,0.096,0.051,0.853
101500,0.116,0.048,0.836
102000,0.113,0.051,0.836
102500,0.103,0.058,0.839
103000,0.109,0.050,0.841
103500,0.096,0.057,0.847
104000,0.102,0.044,0.853
104500,0.112,0.030,0.858
105000,0.109,0.061,0.830
105500,0.111,0.043,0.846
106000,0.123,0.045,0.832
106500,0.106,0.051,0.843
107000,0.097,0.045,0.858
107500,0.096,0.060,0.844
108000,0.081,0.046,0.873
108500,0.099,0.046,0.855
109000,0.100,0.044,0.856
109500,0.115,0.046,0.839
110000,0.116,0.026,0.858
110500,0.139,0.023,0.838
111000,0.148,0.033,0.819
111500,0.125,0.046,0.829
112000,0.101,0.047,0.852
112500,0.111,0.035,0.854
113000,0.118,0.043,0.839
113500,0.110,0.038,0.852
114000,0.101,0.028,0.872
114500,0.099,0.041,0.860
115000,0.098,0.024,0.878
115500,0.102,0.029,0.869
116000,0.100,0.060,0.840
116500,0.096,0.059,0.845
117000,0.096,0.049,0.856
117500,0.084,0.058,0.859
118000,0.084,0.053,0.863
118500,0.094,0.044,0.862
119000,0.086,0.050,0.864
119500,0.097,0.065,0.839
120000,0.098,0.062,0.841
120500,0.109,0.044,0.847
121000,0.109,0.041,0.850
121500,0.099,0.036,0.865
122000,0.111,0.032,0.857
122500,0.104,0.050,0.845
123000,0.087,0.053,0.860
123500,0.091,0.057,0.852
124000,0.085,0.052,0.863
124500,0.084,0.049,0.868
125000,0.096,0.044,0.860
125500,0.096,0.036,0.868
126000,0.106,0.040,0.853
126500,0.089,0.044,0.867
127000,0.090,0.065,0.845
127500,0.088,0.059,0.853
128000,0.113,0.048,0.840
128500,0.105,0.040,0.856
129000,0.099,0.055,0.846
129500,0.093,0.045,0.861
130000,0.107,0.047,0.846
130500,0.105,0.035,0.860
131000,0.085,0.036,0.879
131500,0.081,0.030,0.889
132000,0.097,0.034,0.870
132500,0.099,0.036,0.865
133000,0.105,0.032,0.862
133500,0.106,0.037,0.857
134000,0.103,0.032,0.865
134500,0.101,0.042,0.857
135000,0.089,0.044,0.867
135500,0.107,0.059,0.834
136000,0.088,0.046,0.866
136500,0.112,0.027,0.861
137000,0.101,0.026,0.873
137500,0.126,0.030,0.844
138000,0.124,0.026,0.849
138500,0.126,0.035,0.839
139000,0.117,0.036,0.847
139500,0.123,0.042,0.835
140000,0.097,0.026,0.877
140500,0.111,0.024,0.865
141000,0.133,0.028,0.840
141500,0.117,0.029,0.853
142000,0.139,0.029,0.833
142500,0.128,0.028,0.845
143000,0.135,0.024,0.842
143500,0.134,0.024,0.843
144000,0.127,0.028,0.845
144500,0.120,0.036,0.844
145000,0.127,0.035,0.839
145500,0.101,0.048,0.851
146000,0.115,0.053,0.832
146500,0.107,0.050,0.842
147000,0.096,0.046,0.858
147500,0.092,0.042,0.866
148000,0.108,0.030,0.861
148500,0.117,0.029,0.855
149000,0.120,0.029,0.850
149500,0.124,0.040,0.835
150000,0.108,0.037,0.854
150500,0.108,0.049,0.842
151000,0.124,0.053,0.822
151500,0.133,0.051,0.816
152000,0.093,0.046,0.860
152500,0.123,0.058,0.820
153000,0.099,0.043,0.859
153500,0.091,0.031,0.878
154000,0.086,0.058,0.855
154500,0.095,0.061,0.845
155000,0.100,0.047,0.853
155500,0.101,0.045,0.854
156000,0.103,0.043,0.853
156500,0.101,0.043,0.857
157000,0.106,0.058,0.837
157500,0.109,0.053,0.838
158000,0.103,0.039,0.858
158500,0.113,0.051,0.836
159000,0.113,0.046,0.841
159500,0.119,0.052,0.829
160000,0.102,0.054,0.844
160500,0.110,0.051,0.839
161000,0.099,0.044,0.857
161500,0.094,0.039,0.867
162000,0.092,0.049,0.860
162500,0.110,0.026,0.864
163000,0.129,0.034,0.838
163500,0.122,0.018,0.861
164000,0.117,0.024,0.859
164500,0.120,0.030,0.849
165000,0.134,0.025,0.841
165500,0.132,0.036,0.833
166000,0.126,0.026,0.848
166500,0.125,0.026,0.849
167000,0.110,0.044,0.846
167500,0.131,0.041,0.828
168000,0.107,0.051,0.841
168500,0.112,0.056,0.832
169000,0.103,0.033,0.864
169500,0.106,0.036,0.858
170000,0.093,0.051,0.855
170500,0.099,0.056,0.846
171000,0.117,0.056,0.827
171500,0.105,0.059,0.836
172000,0.114,0.046,0.840
172500,0.112,0.045,0.843
173000,0.119,0.058,0.824
173500,0.121,0.052,0.827
174000,0.089,0.035,0.875
174500,0.103,0.043,0.853
175000,0.092,0.041,0.867
175500,0.115,0.037,0.848
176000,0.108,0.035,0.856
176500,0.090,0.050,0.861
177000,0.082,0.051,0.867
177500,0.077,0.051,0.871
178000,0.083,0.050,0.867
178500,0.102,0.041,0.856
179000,0.093,0.040,0.867
179500,0.115,0.056,0.829
180000,0.107,0.043,0.850
180500,0.106,0.053,0.841
181000,0.101,0.033,0.866
181500,0.106,0.033,0.861
182000,0.111,0.034,0.855
182500,0.121,0.029,0.850
183000,0.110,0.029,0.862
183500,0.107,0.041,0.853
184000,0.097,0.042,0.862
184500,0.121,0.052,0.826
185000,0.117,0.042,0.841
185500,0.113,0.037,0.850
186000,0.116,0.043,0.841
186500,0.093,0.037,0.869
187000,0.102,0.034,0.864
187500,0.120,0.034,0.847
188000,0.117,0.028,0.855
188500,0.117,0.027,0.856
189000,0.110,0.040,0.850
189500,0.117,0.026,0.856
190000,0.133,0.041,0.826
190500,0.142,0.042,0.817
191000,0.126,0.043,0.832
191500,0.113,0.043,0.845
192000,0.095,0.051,0.855
192500,0.111,0.045,0.844
193000,0.117,0.035,0.848
193500,0.112,0.036,0.852
194000,0.123,0.044,0.833
194500,0.131,0.033,0.836
195000,0.134,0.029,0.837
195500,0.106,0.056,0.837
196000,0.100,0.070,0.830
196500,0.088,0.053,0.859
197000,0.077,0.077,0.846
197500,0.064,0.062,0.874
198000,0.070,0.065,0.865
198500,0.075,0.065,0.860
199000,0.091,0.062,0.846
199500,0.098,0.054,0.848
200000,0.093,0.052,0.855
200500,0.074,0.053,0.872
201000,0.082,0.059,0.860
201500,0.100,0.060,0.841
202000,0.089,0.052,0.858
202500,0.090,0.040,0.869
203000,0.097,0.042,0.862
203500,0.117,0.035,0.848
204000,0.106,0.052,0.842
204500,0.095,0.052,0.853
205000,0.103,0.038,0.858
205500,0.096,0.026,0.878
206000,0.095,0.029,0.876
206500,0.095,0.038,0.867
207000,0.085,0.040,0.875
207500,0.099,0.028,0.874
208000,0.091,0.044,0.865
208500,0.094,0.038,0.868
209000,0.109,0.048,0.844
209500,0.105,0.037,0.858
210000,0.093,0.034,0.873
210500,0.092,0.040,0.868
211000,0.089,0.040,0.871
211500,0.094,0.035,0.871
212000,0.119,0.034,0.847
212500,0.123,0.024,0.853
213000,0.106,0.036,0.858
213500,0.097,0.046,0.857
214000,0.087,0.039,0.874
214500,0.105,0.038,0.857
215000,0.117,0.038,0.844
215500,0.115,0.035,0.850
216000,0.102,0.061,0.837
216500,0.114,0.069,0.818
217000,0.093,0.061,0.846
217500,0.114,0.051,0.836
218000,0.102,0.050,0.849
218500,0.100,0.029,0.871
219000,0.104,0.037,0.858
219500,0.121,0.048,0.831
220000,0.122,0.026,0.852
220500,0.159,0.027,0.814
221000,0.161,0.019,0.820
221500,0.138,0.028,0.834
222000,0.143,0.034,0.823
222500,0.161,0.029,0.809
223000,0.127,0.037,0.836
223500,0.125,0.028,0.847
224000,0.129,0.043,0.828
224500,0.144,0.042,0.814
225000,0.151,0.041,0.808
225500,0.111,0.035,0.854
226000,0.116,0.030,0.854
226500,0.118,0.031,0.851
227000,0.140,0.022,0.838
227500,0.127,0.034,0.840
228000,0.129,0.028,0.844
228500,0.114,0.026,0.860
229000,0.122,0.035,0.843
229500,0.115,0.028,0.857
230000,0.114,0.036,0.850
230500,0.121,0.035,0.843
231000,0.102,0.042,0.857
231500,0.113,0.023,0.864
232000,0.112,0.028,0.861
232500,0.121,0.038,0.841
233000,0.098,0.034,0.868
233500,0.097,0.041,0.863
234000,0.104,0.047,0.849
234500,0.117,0.037,0.846
235000,0.103,0.046,0.850
235500,0.100,0.036,0.864
236000,0.097,0.038,0.865
236500,0.109,0.040,0.851
237000,0.103,0.037,0.859
237500,0.098,0.064,0.839
238000,0.101,0.049,0.850
238500,0.115,0.043,0.842
239000,0.102,0.039,0.859
239500,0.117,0.037,0.846
240000,0.108,0.040,0.851
240500,0.117,0.033,0.851
241000,0.098,0.043,0.859
241500,0.095,0.054,0.851
242000,0.081,0.066,0.854
242500,0.090,0.067,0.843
243000,0.078,0.043,0.880
243500,0.096,0.043,0.861
244000,0.086,0.050,0.865
244500,0.106,0.040,0.854
245000,0.108,0.035,0.857
245500,0.113,0.031,0.856
246000,0.112,0.036,0.852
246500,0.124,0.035,0.841
247000,0.115,0.039,0.846
247500,0.117,0.043,0.840
248000,0.117,0.030,0.853
248500,0.130,0.033,0.838
249000,0.124,0.046,0.829
249500,0.136,0.044,0.821
250000,0.134,0.043,0.823
250500,0.119,0.040,0.841
251000,0.116,0.033,0.852
251500,0.145,0.030,0.825
252000,0.128,0.034,0.839
252500,0.116,0.038,0.846
253000,0.107,0.043,0.850
253500,0.093,0.035,0.873
254000,0.098,0.038,0.864
254500,0.108,0.042,0.850
255000,0.110,0.057,0.834
255500,0.087,0.059,0.854
256000,0.090,0.064,0.846
256500,0.069,0.065,0.867
257000,0.076,0.058,0.866
257500,0.090,0.043,0.866
258000,0.090,0.048,0.861
258500,0.090,0.042,0.867
259000,0.093,0.051,0.856
259500,0.098,0.066,0.837
260000,0.104,0.064,0.833
260500,0.097,0.048,0.855
261000,0.102,0.044,0.853
261500,0.110,0.044,0.846
262000,0.097,0.035,0.868
262500,0.116,0.030,0.854
263000,0.121,0.026,0.853
263500,0.108,0.033,0.859
264000,0.106,0.038,0.855
264500,0.099,0.033,0.869
265000,0.108,0.046,0.845
265500,0.125,0.037,0.838
266000,0.109,0.035,0.857
266500,0.085,0.052,0.863
267000,0.095,0.059,0.847
267500,0.115,0.038,0.847
268000,0.106,0.049,0.844
268500,0.101,0.049,0.851
269000,0.100,0.045,0.855
269500,0.111,0.041,0.849
270000,0.114,0.029,0.858
270500,0.111,0.032,0.858
271000,0.100,0.044,0.856
271500,0.113,0.042,0.846
272000,0.121,0.042,0.837
272500,0.128,0.034,0.838
273000,0.108,0.027,0.864
273500,0.107,0.025,0.868
274000,0.103,0.032,0.865
274500,0.102,0.038,0.860
275000,0.109,0.050,0.841
275500,0.098,0.052,0.850
276000,0.091,0.059,0.849
276500,0.087,0.055,0.858
277000,0.083,0.068,0.850
277500,0.093,0.058,0.850
278000,0.086,0.032,0.882
278500,0.098,0.044,0.858
279000,0.105,0.035,0.859
279500,0.130,0.036,0.834
280000,0.130,0.037,0.834
280500,0.130,0.021,0.849
281000,0.114,0.032,0.854
281500,0.108,0.039,0.852
282000,0.114,0.049,0.838
282500,0.117,0.029,0.854
283000,0.100,0.035,0.866
283500,0.096,0.053,0.851
284000,0.107,0.060,0.832
284500,0.105,0.043,0.852
285000,0.105,0.036,0.859
285500,0.096,0.060,0.844
286000,0.099,0.039,0.862
286500,0.087,0.048,0.864
287000,0.126,0.043,0.831
287500,0.111,0.041,0.849
288000,0.117,0.035,0.848
288500,0.106,0.035,0.859
289000,0.106,0.038,0.856
289500,0.113,0.040,0.848
290000,0.124,0.049,0.828
290500,0.110,0.044,0.846
291000,0.102,0.040,0.859
291500,0.097,0.046,0.857
292000,0.110,0.045,0.845
292500,0.103,0.038,0.859
293000,0.108,0.051,0.840
293500,0.109,0.029,0.862
294000,0.133,0.028,0.840
294500,0.128,0.030,0.843
295000,0.134,0.032,0.835
295500,0.125,0.030,0.845
296000,0.115,0.035,0.851
296500,0.135,0.031,0.834
297000,0.110,0.046,0.844
297500,0.130,0.025,0.845
298000,0.135,0.040,0.826
298500,0.106,0.028,0.865
299000,0.115,0.032,0.854
299500,0.122,0.032,0.845
300000,0.124,0.029,0.847
300500,0.115,0.046,0.839
301000,0.117,0.047,0.836
301500,0.114,0.030,0.856
302000,0.103,0.044,0.853
302500,0.120,0.041,0.839
303000,0.134,0.043,0.823
303500,0.124,0.051,0.825
304000,0.102,0.041,0.857
304500,0.082,0.050,0.869
305000,0.102,0.049,0.849
305500,0.099,0.049,0.853
306000,0.099,0.048,0.853
306500,0.086,0.054,0.860
307000,0.100,0.038,0.862
307500,0.085,0.036,0.879
308000,0.097,0.049,0.854
308500,0.083,0.042,0.875
309000,0.099,0.037,0.864
309500,0.090,0.051,0.859
310000,0.087,0.051,0.861
310500,0.083,0.048,0.869
311000,0.088,0.043,0.868
311500,0.111,0.043,0.847
312000,0.096,0.047,0.857
312500,0.091,0.044,0.864
313000,0.099,0.049,0.852
313500,0.108,0.046,0.846
314000,0.120,0.047,0.833
314500,0.118,0.043,0.838
315000,0.134,0.033,0.834
315500,0.137,0.033,0.831
316000,0.127,0.043,0.830
316500,0.104,0.042,0.854
317000,0.102,0.036,0.862
317500,0.117,0.036,0.847
318000,0.115,0.048,0.838
318500,0.107,0.042,0.852
319000,0.108,0.043,0.849
319500,0.101,0.045,0.854
320000,0.088,0.060,0.851
320500,0.101,0.045,0.854
321000,0.073,0.052,0.874
321500,0.098,0.047,0.855
322000,0.115,0.029,0.856
322500,0.115,0.037,0.848
323000,0.117,0.042,0.841
323500,0.104,0.027,0.869
324000,0.112,0.040,0.849
324500,0.103,0.048,0.849
325000,0.084,0.053,0.863
325500,0.076,0.059,0.865
326000,0.091,0.041,0.867
326500,0.108,0.040,0.852
327000,0.092,0.046,0.861
327500,0.080,0.057,0.864
328000,0.083,0.064,0.854
328500,0.086,0.046,0.868
329000,0.094,0.038,0.868
329500,0.090,0.050,0.861
330000,0.102,0.049,0.850
330500,0.110,0.039,0.851
331000,0.102,0.047,0.851
331500,0.099,0.046,0.855
332000,0.105,0.043,0.853
332500,0.102,0.055,0.843
333000,0.105,0.051,0.845
333500,0.089,0.059,0.851
334000,0.098,0.051,0.852
334500,0.098,0.043,0.859
335000,0.093,0.043,0.864
335500,0.095,0.044,0.861
336000,0.107,0.042,0.851
336500,0.105,0.022,0.872
337000,0.128,0.031,0.841
337500,0.123,0.021,0.856
338000,0.121,0.036,0.843
338500,0.118,0.037,0.844
339000,0.130,0.026,0.844
339500,0.135,0.033,0.832
340000,0.113,0.039,0.848
340500,0.110,0.038,0.852
341000,0.099,0.035,0.867
341500,0.101,0.042,0.858
342000,0.089,0.043,0.868
342500,0.101,0.033,0.867
343000,0.111,0.028,0.862
343500,0.102,0.058,0.839
344000,0.113,0.048,0.839
344500,0.115,0.040,0.845
345000,0.116,0.040,0.845
345500,0.120,0.041,0.838
346000,0.114,0.025,0.862
346500,0.131,0.038,0.831
347000,0.112,0.025,0.864
347500,0.112,0.015,0.873
348000,0.127,0.026,0.847
348500,0.111,0.043,0.846
349000,0.098,0.048,0.854
349500,0.095,0.042,0.863
350000,0.103,0.046,0.851
350500,0.108,0.029,0.863
351000,0.108,0.053,0.838
351500,0.102,0.061,0.837
352000,0.090,0.059,0.851
352500,0.101,0.052,0.847
353000,0.088,0.036,0.875
353500,0.116,0.024,0.860
354000,0.115,0.025,0.861
354500,0.114,0.029,0.858
355000,0.113,0.036,0.851
355500,0.121,0.052,0.826
356000,0.118,0.041,0.841
356500,0.128,0.026,0.846
357000,0.137,0.035,0.828
357500,0.136,0.053,0.811
358000,0.113,0.051,0.836
358500,0.090,0.048,0.861
359000,0.087,0.057,0.855
359500,0.091,0.053,0.856
360000,0.092,0.038,0.870
360500,0.105,0.057,0.839
361000,0.119,0.042,0.839
361500,0.118,0.042,0.840
362000,0.100,0.043,0.857
362500,0.111,0.040,0.850
363000,0.091,0.038,0.871
363500,0.087,0.063,0.850
364000,0.088,0.080,0.832
364500,0.093,0.052,0.855
365000,0.096,0.050,0.855
365500,0.100,0.041,0.859
366000,0.104,0.046,0.850
366500,0.107,0.041,0.851
367000,0.113,0.036,0.851
367500,0.119,0.035,0.846
368000,0.136,0.033,0.831
368500,0.119,0.059,0.822
369000,0.111,0.053,0.836
369500,0.097,0.051,0.852
370000,0.101,0.046,0.853
370500,0.104,0.047,0.849
371000,0.097,0.037,0.866
371500,0.096,0.052,0.852
372000,0.080,0.049,0.871
372500,0.089,0.052,0.858
373000,0.086,0.051,0.863
373500,0.091,0.048,0.860
374000,0.090,0.051,0.860
374500,0.084,0.053,0.863
375000,0.087,0.059,0.854
375500,0.080,0.065,0.855
376000,0.093,0.052,0.854
376500,0.110,0.042,0.848
377000,0.125,0.046,0.829
377500,0.114,0.035,0.851
378000,0.096,0.036,0.868
378500,0.106,0.042,0.853
379000,0.122,0.035,0.842
379500,0.120,0.021,0.860
380000,0.118,0.029,0.853
380500,0.097,0.043,0.860
381000,0.095,0.032,0.874
381500,0.085,0.041,0.875
382000,0.086,0.043,0.870
382500,0.087,0.046,0.867
383000,0.104,0.058,0.837
383500,0.114,0.052,0.834
384000,0.105,0.041,0.854
384500,0.099,0.043,0.859
385000,0.091,0.032,0.876
385500,0.097,0.034,0.869
386000,0.092,0.041,0.867
386500,0.092,0.048,0.859
387000,0.099,0.033,0.869
387500,0.098,0.040,0.863
388000,0.128,0.029,0.844
388500,0.120,0.034,0.847
389000,0.126,0.039,0.835
389500,0.101,0.035,0.864
390000,0.098,0.035,0.867
390500,0.110,0.041,0.850
391000,0.132,0.029,0.840
391500,0.143,0.019,0.837
392000,0.119,0.021,0.860
392500,0.137,0.032,0.831
393000,0.130,0.031,0.839
393500,0.121,0.048,0.831
394000,0.119,0.033,0.848
394500,0.109,0.038,0.853
395000,0.108,0.043,0.849
395500,0.110,0.035,0.855
396000,0.108,0.043,0.849
396500,0.127,0.043,0.830
397000,0.096,0.054,0.850
397500,0.107,0.043,0.851
398000,0.096,0.046,0.858
398500,0.082,0.051,0.867
399000,0.070,0.048,0.883
399500,0.084,0.048,0.869
400000,0.098,0.050,0.853
400500,0.114,0.044,0.842
401000,0.114,0.039,0.847
401500,0.117,0.030,0.852
402000,0.105,0.029,0.866
402500,0.103,0.035,0.861
403000,0.092,0.048,0.860
403500,0.085,0.056,0.860
404000,0.111,0.025,0.864
404500,0.118,0.027,0.854
405000,0.115,0.051,0.834
405500,0.105,0.059,0.837
406000,0.095,0.041,0.864
406500,0.100,0.038,0.862
407000,0.121,0.029,0.849
407500,0.139,0.026,0.835
408000,0.117,0.033,0.850
408500,0.104,0.063,0.833
409000,0.103,0.049,0.848
409500,0.114,0.044,0.842
410000,0.132,0.041,0.828
410500,0.118,0.030,0.852
411000,0.114,0.025,0.862
411500,0.117,0.030,0.853
412000,0.108,0.027,0.864
412500,0.127,0.038,0.835
413000,0.110,0.042,0.848
413500,0.110,0.041,0.849
414000,0.117,0.038,0.844
414500,0.125,0.038,0.837
415000,0.134,0.044,0.822
415500,0.111,0.061,0.829
416000,0.108,0.063,0.829
416500,0.100,0.057,0.843
417000,0.112,0.045,0.843
417500,0.103,0.035,0.861
418000,0.104,0.071,0.825
418500,0.092,0.072,0.836
419000,0.092,0.069,0.839
419500,0.089,0.061,0.850
420000,0.081,0.059,0.860
420500,0.064,0.060,0.877
421000,0.080,0.066,0.854
421500,0.084,0.061,0.855
422000,0.086,0.044,0.870
422500,0.098,0.043,0.860
423000,0.098,0.051,0.851
423500,0.089,0.042,0.868
424000,0.088,0.051,0.860
424500,0.073,0.050,0.877
425000,0.070,0.072,0.858
425500,0.075,0.081,0.844
426000,0.084,0.063,0.853
426500,0.096,0.044,0.860
427000,0.117,0.034,0.850
427500,0.119,0.029,0.852
428000,0.121,0.021,0.858
428500,0.103,0.031,0.866
429000,0.089,0.032,0.878
429500,0.093,0.042,0.866
430000,0.098,0.044,0.858
430500,0.107,0.053,0.840
431000,0.093,0.037,0.870
431500,0.091,0.046,0.862
432000,0.110,0.046,0.844
432500,0.115,0.044,0.841
433000,0.106,0.046,0.848
433500,0.115,0.060,0.825
434000,0.085,0.040,0.875
434500,0.089,0.032,0.880
435000,0.085,0.039,0.876
435500,0.101,0.033,0.866
436000,0.112,0.035,0.854
436500,0.123,0.048,0.830
437000,0.118,0.050,0.833
437500,0.118,0.036,0.846
438000,0.133,0.023,0.844
438500,0.114,0.028,0.858
439000,0.126,0.034,0.841
439500,0.130,0.035,0.835
440000,0.139,0.026,0.835
440500,0.133,0.022,0.845
441000,0.122,0.023,0.855
441500,0.129,0.041,0.831
442000,0.139,0.047,0.814
442500,0.130,0.044,0.826
443000,0.126,0.038,0.836
443500,0.122,0.030,0.848
444000,0.129,0.019,0.852
444500,0.137,0.037,0.826
445000,0.119,0.034,0.847
445500,0.105,0.041,0.854
446000,0.101,0.051,0.848
446500,0.105,0.043,0.851
447000,0.100,0.043,0.858
447500,0.094,0.047,0.859
448000,0.097,0.047,0.856
448500,0.101,0.037,0.862
449000,0.106,0.057,0.836
449500,0.103,0.036,0.861
450000,0.107,0.048,0.844
450500,0.107,0.038,0.854
451000,0.123,0.035,0.842
451500,0.113,0.056,0.832
452000,0.099,0.041,0.861
452500,0.096,0.048,0.856
453000,0.102,0.042,0.857
453500,0.121,0.040,0.839
454000,0.120,0.031,0.848
454500,0.102,0.038,0.859
455000,0.129,0.035,0.837
455500,0.112,0.038,0.850
456000,0.117,0.032,0.851
456500,0.116,0.045,0.839
457000,0.099,0.052,0.849
457500,0.084,0.051,0.865
458000,0.090,0.059,0.851
458500,0.092,0.058,0.850
459000,0.092,0.054,0.853
459500,0.097,0.048,0.855
460000,0.102,0.050,0.849
460500,0.102,0.050,0.849
461000,0.117,0.028,0.855
461500,0.117,0.029,0.854
462000,0.116,0.024,0.861
462500,0.132,0.035,0.834
463000,0.123,0.037,0.840
463500,0.113,0.025,0.863
464000,0.094,0.034,0.873
464500,0.096,0.053,0.851
465000,0.099,0.056,0.846
465500,0.085,0.052,0.863
466000,0.097,0.046,0.857
466500,0.098,0.051,0.851
467000,0.101,0.035,0.865
467500,0.113,0.025,0.862
468000,0.129,0.028,0.844
468500,0.152,0.034,0.815
469000,0.127,0.034,0.839
469500,0.124,0.018,0.859
470000,0.117,0.017,0.866
470500,0.130,0.044,0.826
471000,0.132,0.041,0.828
471500,0.130,0.035,0.835
472000,0.136,0.040,0.825
472500,0.131,0.021,0.848
473000,0.126,0.028,0.847
473500,0.119,0.029,0.852
474000,0.105,0.043,0.852
474500,0.115,0.046,0.839
475000,0.108,0.046,0.845
475500,0.105,0.051,0.844
476000,0.101,0.045,0.854
476500,0.089,0.035,0.876
477000,0.088,0.063,0.849
477500,0.095,0.058,0.848
478000,0.093,0.048,0.860
478500,0.113,0.029,0.858
479000,0.107,0.032,0.861
479500,0.083,0.056,0.861
480000,0.084,0.058,0.859
480500,0.089,0.069,0.842
481000,0.104,0.068,0.829
481500,0.097,0.060,0.843
482000,0.102,0.049,0.848
482500,0.128,0.030,0.843
483000,0.133,0.028,0.839
483500,0.116,0.017,0.867
484000,0.121,0.025,0.854
484500,0.117,0.034,0.850
485000,0.118,0.051,0.831
485500,0.119,0.059,0.823
486000,0.118,0.071,0.810
486500,0.108,0.070,0.821
487000,0.100,0.063,0.837
487500,0.082,0.043,0.875
488000,0.104,0.037,0.858
488500,0.114,0.047,0.839
489000,0.113,0.044,0.843
489500,0.107,0.041,0.851
490000,0.091,0.043,0.866
490500,0.096,0.035,0.869
491000,0.099,0.056,0.846
491500,0.121,0.068,0.811
492000,0.114,0.062,0.824
492500,0.105,0.047,0.847
493000,0.111,0.044,0.845
493500,0.130,0.043,0.827
494000,0.118,0.049,0.833
494500,0.098,0.038,0.864
495000,0.092,0.036,0.872
495500,0.096,0.038,0.866
496000,0.082,0.053,0.865
496500,0.106,0.040,0.853
497000,0.093,0.043,0.863
497500,0.081,0.062,0.857
498000,0.086,0.057,0.856
498500,0.081,0.049,0.871
499000,0.075,0.058,0.867
499500,0.095,0.062,0.843
500000,0.090,0.059,0.851
500500,0.099,0.053,0.848
501000,0.086,0.052,0.862
501500,0.090,0.055,0.854
502000,0.082,0.061,0.857
502500,0.096,0.042,0.862
503000,0.127,0.032,0.842
503500,0.135,0.029,0.837
504000,0.141,0.033,0.827
504500,0.116,0.042,0.843
505000,0.094,0.042,0.864
505500,0.110,0.048,0.842
506000,0.115,0.041,0.844
506500,0.117,0.042,0.841
507000,0.134,0.039,0.827
507500,0.128,0.043,0.829
508000,0.112,0.032,0.857
508500,0.101,0.040,0.859
509000,0.113,0.032,0.856
509500,0.113,0.040,0.847
510000,0.126,0.043,0.831
510500,0.124,0.036,0.839
511000,0.093,0.048,0.859
511500,0.108,0.057,0.835
512000,0.103,0.038,0.858
512500,0.114,0.051,0.835
513000,0.105,0.046,0.848
513500,0.098,0.043,0.859
514000,0.100,0.042,0.859
514500,0.104,0.035,0.861
515000,0.085,0.055,0.860
515500,0.093,0.043,0.863
516000,0.102,0.042,0.856
516500,0.109,0.036,0.855
517000,0.111,0.034,0.856
517500,0.091,0.060,0.849
518000,0.121,0.046,0.833
518500,0.105,0.035,0.860
519000,0.100,0.045,0.855
519500,0.099,0.062,0.839
520000,0.088,0.048,0.865
520500,0.091,0.058,0.851
521000,0.098,0.035,0.867
521500,0.102,0.042,0.855
522000,0.087,0.043,0.870
522500,0.086,0.035,0.878
523000,0.116,0.029,0.855
523500,0.110,0.036,0.854
524000,0.095,0.043,0.862
524500,0.098,0.037,0.865
525000,0.116,0.029,0.855
525500,0.118,0.032,0.850
526000,0.119,0.021,0.861
526500,0.124,0.017,0.859
527000,0.117,0.023,0.860
527500,0.116,0.037,0.847
528000,0.112,0.026,0.862
528500,0.113,0.045,0.842
529000,0.105,0.035,0.860
529500,0.090,0.050,0.861
530000,0.108,0.044,0.847
530500,0.102,0.035,0.862
531000,0.111,0.051,0.839
531500,0.134,0.034,0.832
532000,0.113,0.046,0.841
532500,0.126,0.030,0.844
533000,0.117,0.042,0.841
533500,0.088,0.037,0.874
534000,0.082,0.044,0.874
534500,0.083,0.037,0.880
535000,0.087,0.044,0.869
535500,0.102,0.043,0.855
536000,0.107,0.039,0.854
536500,0.111,0.035,0.854
537000,0.110,0.025,0.865
537500,0.100,0.032,0.868
538000,0.098,0.035,0.867
538500,0.111,0.036,0.853
539000,0.100,0.033,0.868
539500,0.123,0.026,0.851
540000,0.130,0.030,0.840
540500,0.110,0.036,0.854
541000,0.111,0.040,0.850
541500,0.117,0.039,0.844
542000,0.103,0.048,0.848
542500,0.104,0.032,0.863
543000,0.122,0.041,0.836
543500,0.119,0.048,0.833
544000,0.104,0.044,0.851
544500,0.118,0.047,0.835
545000,0.102,0.046,0.852
545500,0.107,0.036,0.857
546000,0.104,0.029,0.868
546500,0.105,0.055,0.840
547000,0.110,0.041,0.849
547500,0.138,0.032,0.831
548000,0.104,0.040,0.856
548500,0.103,0.033,0.865
549000,0.118,0.036,0.846
549500,0.101,0.027,0.872
550000,0.116,0.046,0.838
550500,0.103,0.066,0.831
551000,0.089,0.054,0.857
551500,0.105,0.043,0.852
552000,0.100,0.048,0.852
552500,0.094,0.066,0.841
553000,0.101,0.048,0.852
553500,0.103,0.030,0.867
554000,0.106,0.038,0.855
554500,0.113,0.047,0.840
555000,0.104,0.049,0.846
555500,0.102,0.050,0.848
556000,0.096,0.051,0.854
556500,0.097,0.045,0.858
557000,0.097,0.056,0.847
557500,0.119,0.045,0.836
558000,0.123,0.048,0.830
558500,0.114,0.053,0.833
559000,0.110,0.034,0.856
559500,0.112,0.019,0.869
560000,0.150,0.011,0.839
560500,0.134,0.017,0.850
561000,0.116,0.024,0.860
561500,0.115,0.013,0.872
562000,0.128,0.035,0.837
562500,0.108,0.027,0.865
563000,0.091,0.043,0.866
563500,0.110,0.043,0.847
564000,0.108,0.040,0.853
564500,0.098,0.040,0.862
565000,0.102,0.034,0.864
565500,0.097,0.043,0.861
566000,0.102,0.059,0.840
566500,0.111,0.059,0.830
567000,0.101,0.051,0.849
567500,0.093,0.047,0.860
568000,0.079,0.049,0.872
568500,0.085,0.060,0.855
569000,0.085,0.055,0.860
569500,0.087,0.059,0.854
570000,0.088,0.057,0.855
570500,0.081,0.062,0.857
571000,0.089,0.049,0.863
571500,0.086,0.062,0.851
572000,0.080,0.060,0.860
572500,0.093,0.050,0.857
573000,0.091,0.055,0.853
573500,0.099,0.046,0.855
574000,0.092,0.044,0.863
574500,0.087,0.048,0.866
575000,0.101,0.060,0.839
575500,0.086,0.050,0.865
576000,0.096,0.051,0.854
576500,0.108,0.053,0.839
577000,0.101,0.043,0.856
577500,0.108,0.029,0.864
578000,0.100,0.035,0.865
578500,0.091,0.039,0.869
579000,0.095,0.044,0.861
579500,0.090,0.047,0.863
580000,0.089,0.052,0.859
580500,0.117,0.049,0.835
581000,0.118,0.039,0.842
581500,0.130,0.033,0.837
582000,0.106,0.038,0.855
582500,0.094,0.047,0.859
583000,0.101,0.047,0.852
583500,0.116,0.046,0.838
584000,0.097,0.050,0.854
584500,0.114,0.030,0.856
585000,0.128,0.043,0.829
585500,0.138,0.033,0.830
586000,0.108,0.041,0.852
586500,0.095,0.026,0.879
587000,0.107,0.029,0.864
587500,0.107,0.030,0.862
588000,0.109,0.045,0.846
588500,0.111,0.045,0.844
589000,0.107,0.043,0.850
589500,0.104,0.034,0.862
590000,0.113,0.029,0.859
590500,0.118,0.029,0.852
591000,0.139,0.030,0.831
591500,0.142,0.033,0.826
592000,0.129,0.041,0.831
592500,0.104,0.046,0.850
593000,0.089,0.043,0.867
593500,0.088,0.035,0.877
594000,0.092,0.031,0.876
594500,0.105,0.034,0.861
595000,0.097,0.036,0.867
595500,0.113,0.034,0.853
596000,0.108,0.035,0.857
596500,0.127,0.030,0.843
597000,0.122,0.036,0.841
597500,0.114,0.034,0.853
598000,0.117,0.038,0.845
598500,0.134,0.041,0.826
599000,0.126,0.044,0.830
599500,0.117,0.044,0.839
600000,0.126,0.029,0.846
600500,0.105,0.033,0.861
601000,0.100,0.032,0.868
601500,0.127,0.029,0.844
602000,0.141,0.029,0.830
602500,0.129,0.033,0.838
603000,0.112,0.031,0.857
603500,0.088,0.035,0.876
604000,0.101,0.034,0.866
604500,0.117,0.027,0.856
605000,0.127,0.021,0.853
605500,0.123,0.027,0.850
606000,0.113,0.040,0.847
606500,0.093,0.038,0.868
607000,0.087,0.047,0.866
607500,0.112,0.045,0.843
608000,0.101,0.043,0.856
608500,0.107,0.039,0.853
609000,0.105,0.044,0.851
609500,0.107,0.053,0.840
610000,0.100,0.059,0.842
610500,0.090,0.051,0.859
611000,0.095,0.051,0.855
611500,0.095,0.046,0.859
612000,0.106,0.044,0.850
612500,0.126,0.052,0.822
613000,0.114,0.043,0.843
613500,0.100,0.041,0.860
614000,0.117,0.033,0.850
614500,0.116,0.056,0.828
615000,0.097,0.048,0.855
615500,0.136,0.047,0.818
616000,0.100,0.061,0.839
616500,0.104,0.045,0.851
617000,0.106,0.051,0.842
617500,0.104,0.036,0.859
618000,0.105,0.032,0.864
618500,0.117,0.045,0.838
619000,0.124,0.036,0.839
619500,0.136,0.035,0.830
620000,0.131,0.022,0.847
620500,0.146,0.030,0.824
621000,0.152,0.035,0.812
621500,0.147,0.018,0.835
622000,0.134,0.026,0.840
622500,0.124,0.018,0.858
623000,0.134,0.018,0.849
623500,0.135,0.027,0.838
624000,0.124,0.026,0.849
624500,0.110,0.034,0.857
625000,0.128,0.031,0.841
625500,0.110,0.028,0.863
626000,0.117,0.038,0.845
626500,0.115,0.039,0.846
627000,0.116,0.029,0.855
627500,0.113,0.040,0.848
628000,0.112,0.040,0.848
628500,0.111,0.047,0.842
629000,0.096,0.051,0.853
629500,0.106,0.036,0.858
630000,0.129,0.052,0.819
630500,0.119,0.040,0.841
631000,0.116,0.037,0.847
631500,0.116,0.027,0.857
632000,0.123,0.027,0.850
632500,0.126,0.035,0.839
633000,0.122,0.029,0.848
633500,0.121,0.031,0.848
634000,0.117,0.029,0.854
634500,0.121,0.033,0.846
635000,0.129,0.029,0.843
635500,0.119,0.045,0.835
636000,0.137,0.033,0.831
636500,0.126,0.044,0.830
637000,0.117,0.043,0.840
637500,0.127,0.036,0.837
638000,0.119,0.034,0.847
638500,0.101,0.045,0.854
639000,0.092,0.046,0.862
639500,0.081,0.055,0.864
640000,0.079,0.057,0.865
640500,0.081,0.068,0.851
641000,0.088,0.070,0.841
641500,0.086,0.069,0.845
642000,0.106,0.061,0.832
642500,0.109,0.043,0.849
643000,0.107,0.036,0.857
643500,0.111,0.033,0.856
644000,0.104,0.029,0.867
644500,0.077,0.042,0.880
645000,0.088,0.065,0.847
645500,0.083,0.048,0.870
646000,0.093,0.036,0.870
646500,0.122,0.034,0.844
647000,0.114,0.034,0.852
647500,0.128,0.032,0.841
648000,0.128,0.043,0.830
648500,0.114,0.048,0.838
649000,0.105,0.033,0.862
649500,0.095,0.042,0.863
650000,0.103,0.049,0.848
650500,0.092,0.043,0.866
651000,0.116,0.035,0.850
651500,0.102,0.021,0.878
652000,0.107,0.019,0.874
652500,0.117,0.024,0.860
653000,0.119,0.035,0.846
653500,0.104,0.037,0.858
654000,0.109,0.033,0.859
654500,0.094,0.049,0.857
655000,0.076,0.053,0.871
655500,0.085,0.057,0.858
656000,0.079,0.052,0.869
656500,0.086,0.058,0.855
657000,0.095,0.061,0.844
657500,0.103,0.052,0.844
658000,0.096,0.046,0.858
658500,0.086,0.058,0.855
659000,0.071,0.054,0.875
659500,0.086,0.057,0.857
660000,0.107,0.040,0.853
660500,0.108,0.041,0.850
661000,0.101,0.042,0.857
661500,0.093,0.032,0.874
662000,0.111,0.041,0.849
662500,0.128,0.045,0.827
663000,0.108,0.051,0.840
663500,0.117,0.052,0.831
664000,0.105,0.038,0.857
664500,0.095,0.036,0.869
665000,0.086,0.042,0.872
665500,0.086,0.064,0.851
666000,0.086,0.051,0.862
666500,0.077,0.056,0.866
667000,0.107,0.058,0.836
667500,0.099,0.049,0.852
668000,0.091,0.044,0.865
668500,0.080,0.053,0.867
669000,0.092,0.046,0.861
669500,0.088,0.050,0.863
670000,0.097,0.069,0.835
670500,0.103,0.039,0.858
671000,0.105,0.041,0.854
671500,0.088,0.037,0.875
672000,0.103,0.042,0.856
672500,0.096,0.049,0.856
673000,0.090,0.053,0.857
673500,0.074,0.061,0.865
674000,0.099,0.045,0.856
674500,0.090,0.049,0.860
675000,0.109,0.033,0.858
675500,0.091,0.047,0.861
676000,0.112,0.048,0.840
676500,0.117,0.044,0.838
677000,0.099,0.042,0.859
677500,0.101,0.049,0.851
678000,0.092,0.041,0.867
678500,0.116,0.033,0.852
679000,0.105,0.035,0.859
679500,0.129,0.047,0.824
680000,0.114,0.049,0.838
680500,0.105,0.050,0.844
681000,0.126,0.054,0.820
681500,0.108,0.038,0.854
682000,0.106,0.029,0.864
682500,0.119,0.033,0.849
683000,0.123,0.021,0.856
683500,0.117,0.022,0.861
684000,0.121,0.027,0.852
684500,0.122,0.033,0.846
685000,0.115,0.039,0.846
685500,0.112,0.028,0.860
686000,0.093,0.035,0.871
686500,0.084,0.040,0.876
687000,0.084,0.044,0.872
687500,0.093,0.056,0.851
688000,0.103,0.058,0.839
688500,0.111,0.041,0.849
689000,0.098,0.058,0.845
689500,0.120,0.038,0.841
690000,0.113,0.057,0.830
690500,0.114,0.042,0.844
691000,0.105,0.048,0.847
691500,0.113,0.039,0.848
692000,0.097,0.035,0.868
692500,0.126,0.035,0.840
693000,0.119,0.026,0.854
693500,0.101,0.046,0.853
694000,0.112,0.049,0.839
694500,0.094,0.031,0.875
695000,0.103,0.023,0.873
695500,0.131,0.019,0.850
696000,0.127,0.026,0.847
696500,0.119,0.048,0.833
697000,0.114,0.046,0.840
697500,0.099,0.035,0.866
698000,0.089,0.046,0.864
698500,0.105,0.053,0.841
699000,0.089,0.058,0.854
699500,0.107,0.061,0.832
700000,0.122,0.046,0.832
700500,0.104,0.044,0.852
701000,0.092,0.045,0.862
701500,0.086,0.043,0.871
702000,0.083,0.066,0.852
702500,0.093,0.051,0.856
703000,0.098,0.056,0.847
703500,0.119,0.055,0.826
704000,0.102,0.058,0.841
704500,0.112,0.044,0.844
705000,0.113,0.034,0.854
705500,0.114,0.036,0.850
706000,0.095,0.034,0.871
706500,0.107,0.036,0.857
707000,0.107,0.036,0.856
707500,0.102,0.037,0.861
708000,0.106,0.032,0.862
708500,0.119,0.029,0.853
709000,0.113,0.024,0.863
709500,0.137,0.042,0.822
710000,0.123,0.042,0.836
710500,0.116,0.035,0.849
711000,0.104,0.041,0.856
711500,0.105,0.038,0.857
712000,0.106,0.028,0.865
712500,0.093,0.040,0.867
713000,0.112,0.048,0.840
713500,0.091,0.033,0.876
714000,0.093,0.033,0.874
714500,0.123,0.036,0.841
715000,0.122,0.036,0.841
715500,0.134,0.033,0.834
716000,0.117,0.033,0.850
716500,0.124,0.041,0.835
717000,0.117,0.043,0.840
717500,0.104,0.051,0.845
718000,0.076,0.048,0.875
718500,0.100,0.049,0.852
719000,0.105,0.047,0.848
719500,0.096,0.032,0.873
720000,0.097,0.046,0.857
720500,0.092,0.043,0.865
721000,0.105,0.053,0.842
721500,0.090,0.048,0.863
722000,0.090,0.060,0.849
722500,0.105,0.051,0.843
723000,0.100,0.044,0.856
723500,0.096,0.045,0.859
724000,0.129,0.041,0.831
724500,0.104,0.035,0.861
725000,0.110,0.029,0.861
725500,0.100,0.024,0.876
726000,0.101,0.059,0.841
726500,0.102,0.044,0.854
727000,0.114,0.056,0.831
727500,0.095,0.052,0.853
728000,0.088,0.058,0.854
728500,0.087,0.057,0.856
729000,0.088,0.045,0.867
729500,0.093,0.047,0.860
730000,0.102,0.048,0.849
730500,0.104,0.053,0.842
731000,0.096,0.058,0.846
731500,0.103,0.049,0.847
732000,0.088,0.057,0.855
732500,0.095,0.052,0.853
733000,0.111,0.048,0.842
733500,0.105,0.043,0.853
734000,0.096,0.051,0.853
734500,0.102,0.059,0.838
735000,0.110,0.034,0.856
735500,0.099,0.059,0.842
736000,0.085,0.052,0.863
736500,0.090,0.049,0.861
737000,0.089,0.060,0.851
737500,0.114,0.060,0.826
738000,0.117,0.054,0.829
738500,0.119,0.043,0.838
739000,0.108,0.028,0.863
739500,0.113,0.033,0.854
740000,0.111,0.040,0.849
740500,0.117,0.036,0.847
741000,0.098,0.043,0.859
741500,0.087,0.050,0.862
742000,0.095,0.041,0.865
742500,0.093,0.029,0.877
743000,0.098,0.040,0.862
743500,0.104,0.038,0.858
744000,0.105,0.042,0.853
744500,0.113,0.036,0.851
745000,0.147,0.041,0.811
745500,0.118,0.046,0.836
746000,0.134,0.034,0.833
746500,0.119,0.034,0.847
747000,0.130,0.021,0.850
747500,0.129,0.024,0.848
748000,0.118,0.032,0.849
748500,0.103,0.034,0.863
749000,0.083,0.054,0.863
749500,0.083,0.052,0.865
750000,0.092,0.044,0.863
750500,0.089,0.051,0.859
751000,0.097,0.058,0.845
751500,0.086,0.044,0.870
752000,0.089,0.046,0.864
752500,0.097,0.039,0.864
753000,0.095,0.043,0.863
753500,0.091,0.050,0.859
754000,0.085,0.049,0.867
754500,0.085,0.051,0.864
755000,0.090,0.057,0.853
755500,0.104,0.051,0.846
756000,0.106,0.051,0.842
756500,0.081,0.061,0.858
757000,0.086,0.053,0.861
757500,0.089,0.046,0.865
758000,0.100,0.051,0.850
758500,0.110,0.038,0.852
759000,0.113,0.048,0.840
759500,0.090,0.058,0.852
760000,0.111,0.043,0.847
760500,0.116,0.030,0.854
761000,0.123,0.026,0.850
761500,0.101,0.050,0.850
762000,0.079,0.055,0.866
762500,0.077,0.049,0.875
763000,0.089,0.047,0.863
763500,0.102,0.054,0.844
764000,0.107,0.046,0.846
764500,0.110,0.059,0.831
765000,0.108,0.051,0.841
765500,0.103,0.050,0.846
766000,0.090,0.051,0.859
766500,0.103,0.048,0.848
767000,0.094,0.048,0.859
767500,0.112,0.046,0.842
768000,0.091,0.051,0.858
768500,0.091,0.046,0.862
769000,0.106,0.043,0.851
769500,0.114,0.048,0.838
770000,0.103,0.059,0.837
770500,0.089,0.046,0.864
771000,0.091,0.046,0.863
771500,0.117,0.036,0.846
772000,0.107,0.051,0.842
772500,0.119,0.046,0.835
773000,0.109,0.036,0.855
773500,0.116,0.041,0.844
774000,0.116,0.040,0.845
774500,0.095,0.046,0.859
775000,0.104,0.037,0.858
775500,0.087,0.040,0.873
776000,0.099,0.042,0.860
776500,0.127,0.043,0.831
777000,0.117,0.036,0.846
777500,0.097,0.041,0.863
778000,0.113,0.031,0.856
778500,0.128,0.030,0.842
779000,0.140,0.032,0.828
779500,0.116,0.042,0.842
780000,0.108,0.049,0.843
780500,0.088,0.034,0.877
781000,0.084,0.032,0.884
781500,0.101,0.035,0.864
782000,0.118,0.045,0.836
782500,0.134,0.048,0.818
783000,0.116,0.043,0.842
783500,0.103,0.043,0.853
784000,0.101,0.055,0.844
784500,0.101,0.046,0.853
785000,0.098,0.045,0.857
785500,0.104,0.043,0.853
786000,0.097,0.043,0.861
786500,0.100,0.039,0.861
787000,0.094,0.037,0.869
787500,0.115,0.048,0.837
788000,0.108,0.042,0.851
788500,0.119,0.033,0.848
789000,0.102,0.037,0.861
789500,0.097,0.037,0.866
790000,0.100,0.034,0.866
790500,0.099,0.036,0.865
791000,0.100,0.042,0.858
791500,0.101,0.038,0.861
792000,0.099,0.042,0.860
792500,0.118,0.034,0.848
793000,0.110,0.041,0.850
793500,0.104,0.042,0.854
794000,0.107,0.036,0.856
794500,0.111,0.046,0.843
795000,0.113,0.047,0.840
795500,0.116,0.045,0.839
796000,0.121,0.041,0.838
796500,0.108,0.047,0.845
797000,0.101,0.037,0.862
797500,0.099,0.042,0.859
798000,0.098,0.052,0.850
798500,0.104,0.036,0.860
799000,0.104,0.040,0.857
799500,0.094,0.041,0.865
800000,0.095,0.032,0.873
800500,0.102,0.043,0.855
801000,0.106,0.049,0.846
801500,0.105,0.049,0.847
802000,0.105,0.058,0.837
802500,0.102,0.049,0.848
803000,0.096,0.046,0.858
803500,0.100,0.043,0.857
804000,0.111,0.051,0.839
804500,0.102,0.059,0.838
805000,0.101,0.053,0.846
805500,0.103,0.051,0.846
806000,0.110,0.041,0.850
806500,0.123,0.050,0.827
807000,0.132,0.044,0.824
807500,0.116,0.050,0.835
808000,0.105,0.052,0.842
808500,0.117,0.047,0.836
809000,0.097,0.037,0.866
809500,0.099,0.029,0.873
810000,0.113,0.024,0.863
810500,0.095,0.025,0.881
811000,0.096,0.043,0.861
811500,0.117,0.037,0.845
812000,0.114,0.038,0.848
812500,0.114,0.046,0.840
813000,0.115,0.048,0.837
813500,0.088,0.059,0.853
814000,0.090,0.044,0.865
814500,0.092,0.036,0.872
815000,0.112,0.043,0.846
815500,0.102,0.035,0.863
816000,0.102,0.036,0.862
816500,0.104,0.041,0.854
817000,0.089,0.042,0.868
817500,0.075,0.048,0.877
818000,0.105,0.043,0.852
818500,0.103,0.040,0.857
819000,0.110,0.030,0.860
819500,0.105,0.040,0.855
820000,0.104,0.035,0.861
820500,0.106,0.035,0.859
821000,0.098,0.048,0.854
821500,0.083,0.038,0.879
822000,0.086,0.038,0.875
822500,0.095,0.038,0.867
823000,0.096,0.041,0.863
823500,0.117,0.054,0.829
824000,0.103,0.057,0.839
824500,0.093,0.050,0.858
825000,0.104,0.048,0.849
825500,0.109,0.053,0.838
826000,0.107,0.045,0.847
826500,0.087,0.038,0.874
827000,0.088,0.042,0.869
827500,0.101,0.054,0.845
828000,0.105,0.051,0.844
828500,0.106,0.048,0.845
829000,0.085,0.050,0.865
829500,0.096,0.051,0.854
830000,0.092,0.059,0.849
830500,0.102,0.057,0.841
831000,0.105,0.059,0.836
831500,0.097,0.039,0.864
832000,0.099,0.025,0.876
832500,0.101,0.037,0.862
833000,0.111,0.040,0.849
833500,0.102,0.042,0.856
834000,0.117,0.040,0.843
834500,0.101,0.039,0.860
835000,0.112,0.035,0.853
835500,0.114,0.039,0.847
836000,0.110,0.037,0.853
836500,0.093,0.058,0.850
837000,0.093,0.053,0.853
837500,0.099,0.058,0.843
838000,0.098,0.046,0.856
838500,0.107,0.041,0.851
839000,0.121,0.036,0.843
839500,0.118,0.022,0.859
840000,0.113,0.035,0.852
840500,0.115,0.028,0.857
841000,0.097,0.025,0.878
841500,0.109,0.037,0.854
842000,0.127,0.030,0.843
842500,0.114,0.029,0.857
843000,0.093,0.038,0.869
843500,0.098,0.060,0.842
844000,0.096,0.055,0.849
844500,0.098,0.053,0.849
845000,0.118,0.050,0.832
845500,0.108,0.053,0.838
846000,0.109,0.044,0.847
846500,0.110,0.055,0.835
847000,0.106,0.041,0.853
847500,0.096,0.043,0.861
848000,0.107,0.032,0.861
848500,0.117,0.035,0.848
849000,0.135,0.032,0.833
849500,0.138,0.035,0.827
850000,0.124,0.028,0.847
850500,0.097,0.041,0.862
851000,0.097,0.034,0.869
851500,0.103,0.043,0.855
852000,0.087,0.051,0.861
852500,0.092,0.038,0.870
853000,0.107,0.042,0.851
853500,0.097,0.049,0.855
854000,0.099,0.051,0.850
854500,0.098,0.049,0.853
855000,0.121,0.057,0.823
855500,0.124,0.035,0.841
856000,0.116,0.047,0.837
856500,0.106,0.048,0.846
857000,0.099,0.043,0.859
857500,0.117,0.040,0.843
858000,0.100,0.040,0.860
858500,0.118,0.041,0.841
859000,0.115,0.037,0.848
859500,0.121,0.034,0.845
860000,0.120,0.033,0.847
860500,0.132,0.028,0.840
861000,0.112,0.034,0.855
861500,0.103,0.035,0.861
862000,0.098,0.033,0.869
862500,0.090,0.041,0.870
863000,0.081,0.061,0.859
863500,0.094,0.046,0.860
864000,0.107,0.038,0.854
864500,0.116,0.041,0.843
865000,0.121,0.044,0.834
865500,0.138,0.041,0.822
866000,0.112,0.035,0.854
866500,0.117,0.029,0.854
867000,0.154,0.029,0.818
867500,0.146,0.018,0.836
868000,0.146,0.033,0.821
868500,0.145,0.036,0.819
869000,0.108,0.037,0.855
869500,0.101,0.043,0.857
870000,0.089,0.048,0.863
870500,0.108,0.050,0.843
871000,0.110,0.059,0.831
871500,0.085,0.059,0.857
872000,0.095,0.064,0.841
872500,0.123,0.037,0.840
873000,0.131,0.027,0.842
873500,0.121,0.027,0.852
874000,0.133,0.038,0.829
874500,0.135,0.037,0.828
875000,0.136,0.034,0.831
875500,0.151,0.029,0.820
876000,0.131,0.029,0.840
876500,0.095,0.038,0.867
877000,0.101,0.043,0.857
877500,0.101,0.052,0.847
878000,0.111,0.052,0.837
878500,0.103,0.059,0.838
879000,0.121,0.052,0.827
879500,0.142,0.042,0.816
880000,0.132,0.045,0.823
880500,0.115,0.046,0.839
881000,0.110,0.040,0.850
881500,0.102,0.054,0.843
882000,0.116,0.050,0.835
882500,0.098,0.051,0.851
883000,0.102,0.040,0.859
883500,0.102,0.053,0.844
884000,0.104,0.038,0.857
884500,0.090,0.054,0.856
885000,0.085,0.065,0.851
885500,0.088,0.056,0.856
886000,0.078,0.064,0.858
886500,0.084,0.063,0.853
887000,0.111,0.071,0.818
887500,0.087,0.043,0.870
888000,0.092,0.043,0.864
888500,0.121,0.025,0.853
889000,0.119,0.033,0.848
889500,0.112,0.038,0.850
890000,0.116,0.043,0.841
890500,0.113,0.031,0.856
891000,0.130,0.032,0.839
891500,0.134,0.030,0.836
892000,0.128,0.017,0.856
892500,0.132,0.030,0.838
893000,0.130,0.032,0.839
893500,0.133,0.040,0.828
894000,0.114,0.040,0.846
894500,0.123,0.041,0.837
895000,0.122,0.036,0.842
895500,0.102,0.043,0.855
896000,0.112,0.044,0.844
896500,0.101,0.057,0.843
897000,0.098,0.051,0.851
897500,0.079,0.061,0.860
898000,0.093,0.044,0.863
898500,0.098,0.046,0.856
899000,0.110,0.049,0.842
899500,0.111,0.045,0.844
900000,0.111,0.028,0.861
900500,0.099,0.037,0.864
901000,0.104,0.043,0.854
901500,0.112,0.028,0.860
902000,0.112,0.035,0.853
902500,0.117,0.030,0.853
903000,0.123,0.030,0.847
903500,0.104,0.051,0.845
904000,0.113,0.037,0.850
904500,0.126,0.023,0.851
905000,0.126,0.032,0.842
905500,0.139,0.025,0.836
906000,0.089,0.044,0.867
906500,0.103,0.060,0.836
907000,0.089,0.037,0.874
907500,0.081,0.038,0.881
908000,0.101,0.035,0.865
908500,0.102,0.045,0.852
909000,0.128,0.024,0.849
909500,0.110,0.059,0.832
910000,0.116,0.049,0.835
910500,0.114,0.039,0.847
911000,0.101,0.045,0.854
911500,0.091,0.050,0.859
912000,0.086,0.038,0.876
912500,0.089,0.042,0.869
913000,0.087,0.057,0.856
913500,0.104,0.058,0.837
914000,0.112,0.039,0.849
914500,0.134,0.047,0.820
915000,0.140,0.029,0.832
915500,0.111,0.040,0.849
916000,0.117,0.036,0.847
916500,0.101,0.028,0.872
917000,0.132,0.031,0.838
917500,0.134,0.025,0.841
918000,0.137,0.036,0.827
918500,0.131,0.023,0.846
919000,0.122,0.037,0.841
919500,0.098,0.051,0.851
920000,0.108,0.035,0.856
920500,0.121,0.038,0.841
921000,0.105,0.052,0.842
921500,0.114,0.051,0.835
922000,0.083,0.058,0.859
922500,0.087,0.048,0.865
923000,0.101,0.049,0.851
923500,0.100,0.044,0.856
924000,0.102,0.055,0.843
924500,0.120,0.042,0.838
925000,0.127,0.034,0.839
925500,0.114,0.036,0.850
926000,0.111,0.037,0.852
926500,0.119,0.035,0.846
927000,0.105,0.043,0.852
927500,0.089,0.024,0.887
928000,0.111,0.042,0.848
928500,0.097,0.041,0.862
929000,0.090,0.037,0.872
929500,0.100,0.045,0.855
930000,0.101,0.046,0.853
930500,0.085,0.052,0.863
931000,0.088,0.054,0.857
931500,0.108,0.051,0.840
932000,0.097,0.051,0.852
932500,0.113,0.040,0.848
933000,0.097,0.038,0.865
933500,0.117,0.040,0.844
934000,0.105,0.048,0.846
934500,0.111,0.064,0.825
935000,0.102,0.046,0.852
935500,0.109,0.057,0.834
936000,0.132,0.051,0.818
936500,0.119,0.030,0.851
937000,0.116,0.033,0.851
937500,0.132,0.045,0.824
938000,0.140,0.030,0.830
938500,0.119,0.041,0.840
939000,0.122,0.030,0.847
939500,0.115,0.041,0.844
940000,0.109,0.055,0.836
940500,0.098,0.048,0.854
941000,0.114,0.041,0.845
941500,0.115,0.038,0.847
942000,0.127,0.034,0.839
942500,0.124,0.043,0.833
943000,0.124,0.019,0.857
943500,0.147,0.023,0.830
944000,0.125,0.032,0.843
944500,0.115,0.029,0.856
945000,0.106,0.033,0.862
945500,0.117,0.045,0.838
946000,0.115,0.034,0.851
946500,0.111,0.038,0.851
947000,0.121,0.032,0.847
947500,0.112,0.044,0.844
948000,0.106,0.033,0.861
948500,0.102,0.043,0.856
949000,0.131,0.028,0.841
949500,0.128,0.037,0.835
950000,0.114,0.043,0.844
950500,0.103,0.041,0.857
951000,0.101,0.046,0.853
951500,0.097,0.050,0.854
952000,0.104,0.040,0.856
952500,0.108,0.046,0.846
953000,0.113,0.038,0.849
953500,0.108,0.057,0.835
954000,0.090,0.038,0.871
954500,0.108,0.043,0.848
955000,0.094,0.040,0.867
955500,0.095,0.035,0.871
956000,0.087,0.036,0.876
956500,0.108,0.043,0.849
957000,0.107,0.058,0.835
957500,0.097,0.049,0.854
958000,0.102,0.036,0.862
958500,0.082,0.057,0.862
959000,0.095,0.054,0.851
959500,0.112,0.054,0.834
960000,0.108,0.035,0.857
960500,0.115,0.033,0.853
961000,0.124,0.035,0.841
961500,0.107,0.041,0.853
962000,0.126,0.046,0.829
962500,0.125,0.048,0.828
963000,0.113,0.043,0.844
963500,0.104,0.035,0.860
964000,0.093,0.052,0.855
964500,0.104,0.052,0.843
965000,0.098,0.043,0.859
965500,0.096,0.037,0.867
966000,0.104,0.030,0.866
966500,0.110,0.032,0.859
967000,0.117,0.024,0.859
967500,0.135,0.032,0.833
968000,0.134,0.029,0.838
968500,0.121,0.026,0.852
969000,0.102,0.038,0.860
969500,0.107,0.046,0.846
970000,0.103,0.039,0.858
970500,0.110,0.055,0.835
971000,0.085,0.051,0.864
971500,0.082,0.046,0.872
972000,0.099,0.042,0.859
972500,0.089,0.051,0.860
973000,0.091,0.050,0.858
973500,0.111,0.038,0.851
974000,0.127,0.034,0.839
974500,0.106,0.038,0.856
975000,0.125,0.040,0.835
975500,0.102,0.037,0.860
976000,0.110,0.036,0.854
976500,0.108,0.040,0.851
977000,0.102,0.035,0.862
977500,0.095,0.049,0.856
978000,0.095,0.056,0.850
978500,0.103,0.059,0.837
979000,0.087,0.051,0.862
979500,0.087,0.059,0.855
980000,0.068,0.057,0.876
980500,0.087,0.053,0.859
981000,0.087,0.048,0.865
981500,0.089,0.041,0.870
982000,0.104,0.058,0.838
982500,0.100,0.053,0.847
983000,0.105,0.062,0.832
983500,0.097,0.054,0.849
984000,0.092,0.069,0.839
984500,0.096,0.077,0.827
985000,0.091,0.066,0.843
985500,0.090,0.056,0.853
986000,0.092,0.038,0.869
986500,0.106,0.042,0.851
987000,0.104,0.035,0.861
987500,0.101,0.046,0.853
988000,0.087,0.057,0.856
988500,0.089,0.051,0.860
989000,0.077,0.043,0.880
989500,0.105,0.046,0.849
990000,0.108,0.041,0.850
990500,0.102,0.035,0.863
991000,0.093,0.035,0.872
991500,0.084,0.043,0.873
992000,0.119,0.045,0.835
992500,0.138,0.028,0.835
993000,0.131,0.035,0.835
993500,0.123,0.043,0.834
994000,0.120,0.042,0.838
994500,0.102,0.041,0.857
995000,0.121,0.047,0.832
995500,0.122,0.035,0.843
996000,0.138,0.046,0.816
996500,0.120,0.046,0.833
997000,0.112,0.038,0.850
997500,0.087,0.059,0.854
998000,0.091,0.044,0.864
998500,0.106,0.041,0.852
999000,0.098,0.040,0.863
999500,0.086,0.029,0.884
1000000,0.094,0.052,0.854
