time,n_A+p,n_B,n_AB
500,0.080,0.797,0.123
1000,0.082,0.630,0.288
1500,0.084,0.581,0.335
2000,0.092,0.544,0.364
2500,0.083,0.522,0.395
3000,0.088,0.512,0.400
3500,0.090,0.477,0.433
4000,0.090,0.474,0.436
4500,0.090,0.470,0.440
5000,0.105,0.417,0.478
5500,0.113,0.434,0.453
6000,0.109,0.417,0.474
6500,0.115,0.395,0.490
7000,0.123,0.379,0.498
7500,0.130,0.373,0.497
8000,0.135,0.316,0.549
8500,0.175,0.302,0.523
9000,0.175,0.275,0.550
9500,0.173,0.271,0.556
10000,0.188,0.244,0.568
10500,0.236,0.192,0.572
11000,0.302,0.132,0.566
11500,0.403,0.060,0.537
12000,0.563,0.019,0.418
12500,0.727,0.002,0.271
13000,0.823,0.000,0.177
13500,0.879,0.000,0.121
14000,0.927,0.000,0.073
14500,0.949,0.000,0.051
15000,0.974,0.000,0.026
15500,0.986,0.000,0.014
16000,0.988,0.000,0.012
16500,0.995,0.000,0.005
17000,0.985,0.000,0.015
17500,0.995,0.000,0.005
18000,0.996,0.000,0.004
18500,0.996,0.000,0.004
19000,0.992,0.000,0.008
19500,0.991,0.000,0.009
20000,0.997,0.000,0.003
20500,0.998,0.000,0.002
21000,0.997,0.000,0.003
21500,0.984,0.000,0.016
22000,0.995,0.000,0.005
22500,0.998,0.000,0.002
23000,0.999,0.000,0.001
23500,0.991,0.000,0.009
24000,0.998,0.000,0.002
24500,0.999,0.000,0.001
25000,1.000,0.000,0.000
