time,n_A+p,n_B,n_AB
500,0.050,0.256,0.694
1000,0.050,0.267,0.683
1500,0.054,0.229,0.717
2000,0.050,0.324,0.626
2500,0.050,0.264,0.686
3000,0.050,0.328,0.622
3500,0.050,0.310,0.640
4000,0.050,0.325,0.625
4500,0.050,0.343,0.607
5000,0.054,0.172,0.774
5500,0.051,0.317,0.632
6000,0.050,0.319,0.631
6500,0.050,0.329,0.621
7000,0.050,0.269,0.681
7500,0.050,0.223,0.727
8000,0.050,0.257,0.693
8500,0.050,0.369,0.581
9000,0.050,0.381,0.569
9500,0.050,0.457,0.493
10000,0.050,0.447,0.503
10500,0.050,0.329,0.621
11000,0.050,0.195,0.755
11500,0.050,0.369,0.581
12000,0.050,0.235,0.715
12500,0.050,0.300,0.650
13000,0.050,0.270,0.680
13500,0.050,0.361,0.589
14000,0.050,0.315,0.635
14500,0.050,0.329,0.621
15000,0.050,0.354,0.596
15500,0.050,0.355,0.595
16000,0.050,0.287,0.663
16500,0.050,0.388,0.562
17000,0.050,0.516,0.434
17500,0.050,0.239,0.711
18000,0.050,0.234,0.716
18500,0.050,0.293,0.657
19000,0.050,0.280,0.670
19500,0.050,0.234,0.716
20000,0.050,0.380,0.570
20500,0.050,0.340,0.610
21000,0.050,0.276,0.674
21500,0.050,0.340,0.610
22000,0.058,0.193,0.749
22500,0.050,0.248,0.702
23000,0.050,0.427,0.523
23500,0.072,0.263,0.665
24000,0.050,0.289,0.661
24500,0.050,0.306,0.644
25000,0.057,0.166,0.777
25500,0.050,0.328,0.622
26000,0.050,0.428,0.522
26500,0.050,0.336,0.614
27000,0.050,0.407,0.543
27500,0.050,0.208,0.742
28000,0.050,0.186,0.764
28500,0.050,0.252,0.698
29000,0.050,0.236,0.714
29500,0.053,0.322,0.625
30000,0.050,0.291,0.659
30500,0.050,0.251,0.699
31000,0.051,0.115,0.834
31500,0.050,0.354,0.596
32000,0.050,0.244,0.706
32500,0.050,0.284,0.666
33000,0.050,0.268,0.682
33500,0.050,0.291,0.659
34000,0.050,0.365,0.585
34500,0.050,0.288,0.662
35000,0.050,0.275,0.675
35500,0.050,0.272,0.678
36000,0.050,0.304,0.646
36500,0.050,0.260,0.690
37000,0.063,0.232,0.705
37500,0.369,0.017,0.614
38000,1.000,0.000,0.000
