time,n_A+p,n_B,n_AB
500,0.080,0.503,0.417
1000,0.085,0.205,0.710
1500,0.095,0.080,0.826
2000,0.203,0.029,0.768
2500,0.402,0.003,0.596
3000,0.477,0.000,0.522
3500,0.570,0.000,0.430
4000,0.554,0.000,0.446
4500,0.486,0.000,0.514
5000,0.448,0.000,0.552
5500,0.504,0.000,0.496
6000,0.508,0.000,0.492
6500,0.510,0.000,0.490
7000,0.630,0.000,0.370
7500,0.632,0.000,0.368
8000,0.613,0.000,0.387
8500,0.653,0.000,0.347
9000,0.634,0.000,0.366
9500,0.656,0.000,0.344
10000,0.632,0.000,0.368
10500,0.574,0.000,0.426
11000,0.642,0.000,0.358
11500,0.600,0.000,0.400
12000,0.605,0.000,0.395
12500,0.594,0.000,0.406
13000,0.641,0.000,0.359
13500,0.630,0.000,0.370
14000,0.574,0.000,0.426
14500,0.530,0.000,0.470
15000,0.538,0.000,0.462
15500,0.568,0.000,0.432
16000,0.522,0.000,0.478
16500,0.569,0.000,0.431
17000,0.655,0.000,0.345
17500,0.592,0.000,0.408
18000,0.608,0.000,0.392
18500,0.629,0.000,0.371
19000,0.628,0.000,0.372
19500,0.590,0.000,0.410
20000,0.577,0.000,0.423
20500,0.504,0.000,0.496
21000,0.510,0.000,0.490
21500,0.556,0.000,0.444
22000,0.567,0.000,0.433
22500,0.522,0.000,0.478
23000,0.535,0.000,0.465
23500,0.516,0.000,0.484
24000,0.633,0.000,0.367
24500,0.587,0.000,0.413
25000,0.632,0.000,0.368
25500,0.589,0.000,0.411
26000,0.559,0.000,0.441
26500,0.571,0.000,0.429
27000,0.551,0.000,0.449
27500,0.562,0.000,0.438
28000,0.627,0.000,0.373
28500,0.581,0.000,0.419
29000,0.595,0.000,0.405
29500,0.630,0.000,0.370
30000,0.583,0.000,0.417
30500,0.545,0.000,0.455
31000,0.599,0.000,0.401
31500,0.614,0.000,0.386
32000,0.647,0.000,0.353
32500,0.618,0.000,0.382
33000,0.577,0.000,0.423
33500,0.573,0.000,0.427
34000,0.552,0.000,0.448
34500,0.561,0.000,0.439
35000,0.566,0.000,0.434
35500,0.605,0.000,0.395
36000,0.609,0.000,0.391
36500,0.550,0.000,0.450
37000,0.518,0.000,0.482
37500,0.626,0.000,0.374
38000,0.594,0.000,0.406
38500,0.640,0.000,0.360
39000,0.546,0.000,0.454
39500,0.525,0.000,0.475
40000,0.592,0.000,0.408
40500,0.616,0.000,0.384
41000,0.620,0.000,0.380
41500,0.591,0.000,0.409
42000,0.578,0.000,0.422
42500,0.574,0.000,0.426
43000,0.601,0.000,0.399
43500,0.587,0.000,0.413
44000,0.613,0.000,0.387
44500,0.633,0.000,0.367
45000,0.621,0.000,0.379
45500,0.560,0.000,0.440
46000,0.599,0.000,0.401
46500,0.622,0.000,0.378
47000,0.614,0.000,0.386
47500,0.587,0.000,0.413
48000,0.608,0.000,0.392
48500,0.584,0.000,0.416
49000,0.531,0.000,0.469
49500,0.537,0.000,0.463
50000,0.582,0.000,0.418
50500,0.586,0.000,0.414
51000,0.584,0.000,0.416
51500,0.601,0.000,0.399
52000,0.556,0.000,0.444
52500,0.623,0.000,0.377
53000,0.641,0.000,0.359
53500,0.615,0.000,0.385
54000,0.573,0.000,0.427
54500,0.498,0.000,0.502
55000,0.555,0.000,0.445
55500,0.574,0.000,0.426
56000,0.545,0.000,0.455
56500,0.516,0.000,0.484
57000,0.548,0.000,0.452
57500,0.604,0.000,0.396
58000,0.558,0.000,0.442
58500,0.559,0.000,0.441
59000,0.587,0.000,0.413
59500,0.574,0.000,0.426
60000,0.568,0.000,0.432
60500,0.611,0.000,0.389
61000,0.567,0.000,0.433
61500,0.571,0.000,0.429
62000,0.569,0.000,0.431
62500,0.619,0.000,0.381
63000,0.625,0.000,0.375
63500,0.624,0.000,0.376
64000,0.652,0.000,0.348
64500,0.659,0.000,0.341
65000,0.626,0.000,0.374
65500,0.599,0.000,0.401
66000,0.577,0.000,0.423
66500,0.588,0.000,0.412
67000,0.556,0.000,0.444
67500,0.594,0.000,0.406
68000,0.555,0.000,0.445
68500,0.560,0.000,0.440
69000,0.523,0.000,0.477
69500,0.516,0.000,0.484
70000,0.512,0.000,0.488
70500,0.574,0.000,0.426
71000,0.614,0.000,0.386
71500,0.627,0.000,0.373
72000,0.596,0.000,0.404
72500,0.559,0.000,0.441
73000,0.580,0.000,0.420
73500,0.554,0.000,0.446
74000,0.518,0.000,0.482
74500,0.627,0.000,0.373
75000,0.653,0.000,0.347
75500,0.643,0.000,0.357
76000,0.644,0.000,0.356
76500,0.663,0.000,0.337
77000,0.638,0.000,0.362
77500,0.620,0.000,0.380
78000,0.632,0.000,0.368
78500,0.553,0.000,0.447
79000,0.621,0.000,0.379
79500,0.629,0.000,0.371
80000,0.586,0.000,0.414
80500,0.622,0.000,0.378
81000,0.584,0.000,0.416
81500,0.573,0.000,0.427
82000,0.521,0.000,0.479
82500,0.543,0.000,0.457
83000,0.624,0.000,0.376
83500,0.651,0.000,0.349
84000,0.634,0.000,0.366
84500,0.623,0.000,0.377
85000,0.654,0.000,0.346
85500,0.657,0.000,0.343
86000,0.647,0.000,0.353
86500,0.575,0.000,0.425
87000,0.567,0.000,0.433
87500,0.580,0.000,0.420
88000,0.604,0.000,0.396
88500,0.637,0.000,0.363
89000,0.659,0.000,0.341
89500,0.624,0.000,0.376
90000,0.635,0.000,0.365
90500,0.511,0.000,0.489
91000,0.522,0.000,0.478
91500,0.565,0.000,0.435
92000,0.547,0.000,0.453
92500,0.559,0.000,0.441
93000,0.619,0.000,0.381
93500,0.560,0.000,0.440
94000,0.510,0.000,0.490
94500,0.497,0.000,0.503
95000,0.468,0.000,0.532
95500,0.525,0.000,0.475
96000,0.583,0.000,0.417
96500,0.604,0.000,0.396
97000,0.623,0.000,0.377
97500,0.600,0.000,0.400
98000,0.581,0.000,0.419
98500,0.623,0.000,0.377
99000,0.654,0.000,0.346
99500,0.687,0.000,0.313
100000,0.696,0.000,0.304
100500,0.704,0.000,0.296
101000,0.639,0.000,0.361
101500,0.543,0.000,0.457
102000,0.659,0.000,0.341
102500,0.574,0.000,0.426
103000,0.609,0.000,0.391
103500,0.600,0.000,0.400
104000,0.546,0.000,0.454
104500,0.575,0.000,0.425
105000,0.520,0.000,0.480
105500,0.515,0.000,0.485
106000,0.548,0.000,0.452
106500,0.538,0.000,0.462
107000,0.528,0.000,0.472
107500,0.524,0.000,0.476
108000,0.532,0.000,0.468
108500,0.550,0.000,0.450
109000,0.552,0.000,0.448
109500,0.479,0.000,0.521
110000,0.602,0.000,0.398
110500,0.616,0.000,0.384
111000,0.588,0.000,0.412
111500,0.666,0.000,0.334
112000,0.602,0.000,0.398
112500,0.510,0.000,0.490
113000,0.520,0.000,0.480
113500,0.609,0.000,0.391
114000,0.654,0.000,0.346
114500,0.678,0.000,0.322
115000,0.645,0.000,0.355
115500,0.572,0.000,0.428
116000,0.648,0.000,0.352
116500,0.633,0.000,0.367
117000,0.645,0.000,0.355
117500,0.593,0.000,0.407
118000,0.617,0.000,0.383
118500,0.703,0.000,0.297
119000,0.698,0.000,0.302
119500,0.595,0.000,0.405
120000,0.514,0.000,0.486
120500,0.550,0.000,0.450
121000,0.536,0.000,0.464
121500,0.528,0.000,0.472
122000,0.521,0.000,0.479
122500,0.525,0.000,0.475
123000,0.548,0.000,0.452
123500,0.520,0.000,0.480
124000,0.515,0.000,0.485
124500,0.544,0.000,0.456
125000,0.549,0.000,0.451
125500,0.537,0.000,0.463
126000,0.563,0.000,0.437
126500,0.538,0.000,0.462
127000,0.590,0.000,0.410
127500,0.568,0.000,0.432
128000,0.599,0.000,0.401
128500,0.623,0.000,0.377
129000,0.578,0.000,0.422
129500,0.576,0.000,0.424
130000,0.596,0.000,0.404
130500,0.555,0.000,0.445
131000,0.632,0.000,0.368
131500,0.664,0.000,0.336
132000,0.627,0.000,0.373
132500,0.629,0.000,0.371
133000,0.609,0.000,0.391
133500,0.648,0.000,0.352
134000,0.657,0.000,0.343
134500,0.658,0.000,0.342
135000,0.624,0.000,0.376
135500,0.614,0.000,0.386
136000,0.680,0.000,0.320
136500,0.560,0.000,0.440
137000,0.595,0.000,0.405
137500,0.552,0.000,0.448
138000,0.576,0.000,0.424
138500,0.558,0.000,0.442
139000,0.497,0.000,0.502
139500,0.519,0.000,0.481
140000,0.510,0.000,0.490
140500,0.527,0.000,0.473
141000,0.493,0.000,0.506
141500,0.546,0.000,0.454
142000,0.600,0.000,0.400
142500,0.531,0.000,0.469
143000,0.604,0.000,0.396
143500,0.609,0.000,0.391
144000,0.607,0.000,0.393
144500,0.523,0.000,0.477
145000,0.535,0.000,0.465
145500,0.522,0.000,0.478
146000,0.563,0.000,0.437
146500,0.580,0.000,0.420
147000,0.556,0.000,0.444
147500,0.570,0.000,0.430
148000,0.534,0.000,0.466
148500,0.592,0.000,0.408
149000,0.501,0.000,0.499
149500,0.615,0.000,0.385
150000,0.646,0.000,0.354
150500,0.559,0.000,0.441
151000,0.569,0.000,0.431
151500,0.610,0.000,0.390
152000,0.626,0.000,0.374
152500,0.668,0.000,0.332
153000,0.614,0.000,0.386
153500,0.611,0.000,0.389
154000,0.581,0.000,0.419
154500,0.547,0.000,0.453
155000,0.588,0.000,0.412
155500,0.672,0.000,0.328
156000,0.656,0.000,0.344
156500,0.681,0.000,0.319
157000,0.674,0.000,0.326
157500,0.592,0.000,0.408
158000,0.616,0.000,0.384
158500,0.683,0.000,0.317
159000,0.653,0.000,0.347
159500,0.665,0.000,0.335
160000,0.584,0.000,0.416
160500,0.547,0.000,0.453
161000,0.672,0.000,0.328
161500,0.668,0.000,0.332
162000,0.639,0.000,0.361
162500,0.573,0.000,0.427
163000,0.554,0.000,0.446
163500,0.614,0.000,0.386
164000,0.632,0.000,0.368
164500,0.531,0.000,0.469
165000,0.616,0.000,0.384
165500,0.547,0.000,0.453
166000,0.617,0.000,0.383
166500,0.594,0.000,0.406
167000,0.627,0.000,0.373
167500,0.600,0.000,0.400
168000,0.589,0.000,0.411
168500,0.582,0.000,0.418
169000,0.618,0.000,0.382
169500,0.590,0.000,0.410
170000,0.546,0.000,0.454
170500,0.553,0.000,0.447
171000,0.549,0.000,0.451
171500,0.588,0.000,0.412
172000,0.579,0.000,0.421
172500,0.544,0.000,0.456
173000,0.482,0.000,0.518
173500,0.546,0.000,0.454
174000,0.539,0.000,0.461
174500,0.505,0.000,0.495
175000,0.520,0.000,0.480
175500,0.579,0.000,0.421
176000,0.575,0.000,0.425
176500,0.547,0.000,0.453
177000,0.651,0.000,0.349
177500,0.615,0.000,0.385
178000,0.623,0.000,0.377
178500,0.638,0.000,0.362
179000,0.610,0.000,0.390
179500,0.562,0.000,0.438
180000,0.553,0.000,0.447
180500,0.561,0.000,0.439
181000,0.548,0.000,0.452
181500,0.520,0.000,0.480
182000,0.597,0.000,0.403
182500,0.602,0.000,0.398
183000,0.597,0.000,0.403
183500,0.571,0.000,0.429
184000,0.557,0.000,0.443
184500,0.651,0.000,0.349
185000,0.658,0.000,0.342
185500,0.675,0.000,0.325
186000,0.600,0.000,0.400
186500,0.624,0.000,0.376
187000,0.602,0.000,0.398
187500,0.662,0.000,0.338
188000,0.602,0.000,0.398
188500,0.644,0.000,0.356
189000,0.593,0.000,0.407
189500,0.636,0.000,0.364
190000,0.648,0.000,0.352
190500,0.647,0.000,0.353
191000,0.686,0.000,0.314
191500,0.643,0.000,0.357
192000,0.629,0.000,0.371
192500,0.635,0.000,0.365
193000,0.539,0.000,0.461
193500,0.551,0.000,0.449
194000,0.553,0.000,0.447
194500,0.509,0.000,0.491
195000,0.562,0.000,0.438
195500,0.505,0.000,0.495
196000,0.598,0.000,0.402
196500,0.550,0.000,0.450
197000,0.561,0.000,0.439
197500,0.648,0.000,0.352
198000,0.693,0.000,0.307
198500,0.568,0.000,0.432
199000,0.565,0.000,0.435
199500,0.627,0.000,0.373
200000,0.607,0.000,0.393
200500,0.614,0.000,0.386
201000,0.639,0.000,0.361
201500,0.591,0.000,0.409
202000,0.592,0.000,0.408
202500,0.524,0.000,0.476
203000,0.630,0.000,0.370
203500,0.588,0.000,0.412
204000,0.525,0.000,0.475
204500,0.588,0.000,0.412
205000,0.603,0.000,0.397
205500,0.572,0.000,0.428
206000,0.596,0.000,0.404
206500,0.646,0.000,0.354
207000,0.657,0.000,0.343
207500,0.581,0.000,0.419
208000,0.592,0.000,0.408
208500,0.607,0.000,0.393
209000,0.548,0.000,0.452
209500,0.636,0.000,0.364
210000,0.557,0.000,0.443
210500,0.642,0.000,0.358
211000,0.637,0.000,0.363
211500,0.593,0.000,0.407
212000,0.580,0.000,0.420
212500,0.530,0.000,0.470
213000,0.540,0.000,0.460
213500,0.598,0.000,0.402
214000,0.560,0.000,0.440
214500,0.517,0.000,0.483
215000,0.574,0.000,0.426
215500,0.565,0.000,0.435
216000,0.539,0.000,0.461
216500,0.582,0.000,0.418
217000,0.576,0.000,0.424
217500,0.610,0.000,0.390
218000,0.577,0.000,0.423
218500,0.584,0.000,0.416
219000,0.630,0.000,0.370
219500,0.633,0.000,0.367
220000,0.659,0.000,0.341
220500,0.615,0.000,0.385
221000,0.581,0.000,0.419
221500,0.519,0.000,0.481
222000,0.654,0.000,0.346
222500,0.643,0.000,0.357
223000,0.622,0.000,0.378
223500,0.538,0.000,0.462
224000,0.537,0.000,0.463
224500,0.615,0.000,0.385
225000,0.524,0.000,0.476
225500,0.595,0.000,0.405
226000,0.567,0.000,0.433
226500,0.574,0.000,0.426
227000,0.501,0.000,0.499
227500,0.541,0.000,0.459
228000,0.531,0.000,0.469
228500,0.497,0.000,0.503
229000,0.553,0.000,0.447
229500,0.606,0.000,0.394
230000,0.518,0.000,0.482
230500,0.635,0.000,0.365
231000,0.574,0.000,0.426
231500,0.511,0.000,0.489
232000,0.520,0.000,0.480
232500,0.491,0.000,0.509
233000,0.559,0.000,0.441
233500,0.635,0.000,0.365
234000,0.628,0.000,0.372
234500,0.574,0.000,0.426
235000,0.534,0.000,0.466
235500,0.567,0.000,0.433
236000,0.598,0.000,0.402
236500,0.491,0.000,0.509
237000,0.578,0.000,0.422
237500,0.569,0.000,0.431
238000,0.580,0.000,0.420
238500,0.589,0.000,0.411
239000,0.646,0.000,0.354
239500,0.689,0.000,0.311
240000,0.677,0.000,0.323
240500,0.640,0.000,0.360
241000,0.611,0.000,0.389
241500,0.526,0.000,0.474
242000,0.545,0.000,0.455
242500,0.530,0.000,0.470
243000,0.492,0.000,0.508
243500,0.527,0.000,0.473
244000,0.546,0.000,0.454
244500,0.517,0.000,0.483
245000,0.558,0.000,0.442
245500,0.599,0.000,0.401
246000,0.599,0.000,0.401
246500,0.517,0.000,0.483
247000,0.546,0.000,0.454
247500,0.592,0.000,0.408
248000,0.668,0.000,0.332
248500,0.630,0.000,0.370
249000,0.684,0.000,0.316
249500,0.604,0.000,0.396
250000,0.665,0.000,0.335
250500,0.645,0.000,0.355
251000,0.558,0.000,0.442
251500,0.570,0.000,0.430
252000,0.585,0.000,0.415
252500,0.577,0.000,0.423
253000,0.591,0.000,0.409
253500,0.560,0.000,0.440
254000,0.533,0.000,0.467
254500,0.578,0.000,0.422
255000,0.537,0.000,0.463
255500,0.567,0.000,0.433
256000,0.607,0.000,0.393
256500,0.574,0.000,0.426
257000,0.546,0.000,0.454
257500,0.628,0.000,0.372
258000,0.658,0.000,0.342
258500,0.624,0.000,0.376
259000,0.606,0.000,0.394
259500,0.634,0.000,0.366
260000,0.571,0.000,0.429
260500,0.587,0.000,0.413
261000,0.590,0.000,0.410
261500,0.617,0.000,0.383
262000,0.618,0.000,0.382
262500,0.637,0.000,0.363
263000,0.549,0.000,0.451
263500,0.573,0.000,0.427
264000,0.634,0.000,0.366
264500,0.600,0.000,0.400
265000,0.594,0.000,0.406
265500,0.665,0.000,0.335
266000,0.636,0.000,0.364
266500,0.643,0.000,0.357
267000,0.609,0.000,0.391
267500,0.616,0.000,0.384
268000,0.645,0.000,0.355
268500,0.581,0.000,0.419
269000,0.621,0.000,0.379
269500,0.613,0.000,0.387
270000,0.583,0.000,0.417
270500,0.570,0.000,0.430
271000,0.714,0.000,0.286
271500,0.649,0.000,0.351
272000,0.551,0.000,0.449
272500,0.569,0.000,0.431
273000,0.572,0.000,0.428
273500,0.620,0.000,0.380
274000,0.610,0.000,0.390
274500,0.581,0.000,0.419
275000,0.554,0.000,0.446
275500,0.552,0.000,0.448
276000,0.560,0.000,0.440
276500,0.515,0.000,0.485
277000,0.593,0.000,0.407
277500,0.547,0.000,0.453
278000,0.556,0.000,0.444
278500,0.581,0.000,0.419
279000,0.581,0.000,0.419
279500,0.548,0.000,0.452
280000,0.533,0.000,0.467
280500,0.515,0.000,0.485
281000,0.562,0.000,0.438
281500,0.557,0.000,0.443
282000,0.555,0.000,0.445
282500,0.597,0.000,0.403
283000,0.634,0.000,0.366
283500,0.617,0.000,0.383
284000,0.580,0.000,0.420
284500,0.649,0.000,0.351
285000,0.607,0.000,0.393
285500,0.615,0.000,0.385
286000,0.625,0.000,0.375
286500,0.645,0.000,0.355
287000,0.589,0.000,0.411
287500,0.535,0.000,0.465
288000,0.639,0.000,0.361
288500,0.583,0.000,0.417
289000,0.557,0.000,0.443
289500,0.578,0.000,0.422
290000,0.585,0.000,0.415
290500,0.600,0.000,0.400
291000,0.514,0.000,0.486
291500,0.588,0.000,0.412
292000,0.510,0.000,0.490
292500,0.514,0.000,0.486
293000,0.505,0.000,0.495
293500,0.487,0.000,0.512
294000,0.560,0.000,0.440
294500,0.581,0.000,0.419
295000,0.559,0.000,0.441
295500,0.598,0.000,0.402
296000,0.574,0.000,0.426
296500,0.590,0.000,0.410
297000,0.595,0.000,0.405
297500,0.672,0.000,0.328
298000,0.599,0.000,0.401
298500,0.557,0.000,0.443
299000,0.542,0.000,0.458
299500,0.538,0.000,0.462
300000,0.534,0.000,0.466
300500,0.481,0.000,0.518
301000,0.525,0.000,0.475
301500,0.604,0.000,0.396
302000,0.611,0.000,0.389
302500,0.520,0.000,0.480
303000,0.547,0.000,0.453
303500,0.629,0.000,0.371
304000,0.564,0.000,0.436
304500,0.515,0.000,0.485
305000,0.586,0.000,0.414
305500,0.523,0.000,0.477
306000,0.481,0.000,0.519
306500,0.567,0.000,0.433
307000,0.566,0.000,0.434
307500,0.626,0.000,0.374
308000,0.611,0.000,0.389
308500,0.571,0.000,0.429
309000,0.525,0.000,0.475
309500,0.590,0.000,0.410
310000,0.606,0.000,0.394
310500,0.587,0.000,0.413
311000,0.556,0.000,0.444
311500,0.618,0.000,0.382
312000,0.656,0.000,0.344
312500,0.665,0.000,0.335
313000,0.676,0.000,0.324
313500,0.684,0.000,0.316
314000,0.598,0.000,0.402
314500,0.645,0.000,0.355
315000,0.645,0.000,0.355
315500,0.651,0.000,0.349
316000,0.576,0.000,0.424
316500,0.564,0.000,0.436
317000,0.651,0.000,0.349
317500,0.640,0.000,0.360
318000,0.687,0.000,0.313
318500,0.681,0.000,0.319
319000,0.696,0.000,0.304
319500,0.685,0.000,0.315
320000,0.619,0.000,0.381
320500,0.684,0.000,0.316
321000,0.590,0.000,0.410
321500,0.628,0.000,0.372
322000,0.615,0.000,0.385
322500,0.539,0.000,0.461
323000,0.647,0.000,0.353
323500,0.672,0.000,0.328
324000,0.679,0.000,0.321
324500,0.667,0.000,0.333
325000,0.699,0.000,0.301
325500,0.722,0.000,0.278
326000,0.688,0.000,0.312
326500,0.632,0.000,0.368
327000,0.605,0.000,0.395
327500,0.589,0.000,0.411
328000,0.505,0.000,0.495
328500,0.574,0.000,0.426
329000,0.642,0.000,0.358
329500,0.596,0.000,0.404
330000,0.642,0.000,0.358
330500,0.677,0.000,0.323
331000,0.615,0.000,0.385
331500,0.564,0.000,0.436
332000,0.548,0.000,0.452
332500,0.533,0.000,0.467
333000,0.525,0.000,0.475
333500,0.491,0.000,0.509
334000,0.546,0.000,0.454
334500,0.520,0.000,0.480
335000,0.554,0.000,0.446
335500,0.630,0.000,0.370
336000,0.568,0.000,0.432
336500,0.592,0.000,0.408
337000,0.664,0.000,0.336
337500,0.623,0.000,0.377
338000,0.540,0.000,0.460
338500,0.589,0.000,0.411
339000,0.621,0.000,0.379
339500,0.618,0.000,0.382
340000,0.551,0.000,0.449
340500,0.554,0.000,0.446
341000,0.592,0.000,0.408
341500,0.603,0.000,0.397
342000,0.673,0.000,0.327
342500,0.645,0.000,0.355
343000,0.585,0.000,0.415
343500,0.592,0.000,0.408
344000,0.572,0.000,0.428
344500,0.550,0.000,0.450
345000,0.579,0.000,0.421
345500,0.672,0.000,0.328
346000,0.607,0.000,0.393
346500,0.648,0.000,0.352
347000,0.586,0.000,0.414
347500,0.583,0.000,0.417
348000,0.577,0.000,0.423
348500,0.654,0.000,0.346
349000,0.640,0.000,0.360
349500,0.585,0.000,0.415
350000,0.501,0.000,0.499
350500,0.512,0.000,0.488
351000,0.489,0.000,0.510
351500,0.538,0.000,0.462
352000,0.608,0.000,0.392
352500,0.679,0.000,0.321
353000,0.676,0.000,0.324
353500,0.650,0.000,0.350
354000,0.662,0.000,0.338
354500,0.606,0.000,0.394
355000,0.557,0.000,0.443
355500,0.616,0.000,0.384
356000,0.552,0.000,0.448
356500,0.616,0.000,0.384
357000,0.596,0.000,0.404
357500,0.591,0.000,0.409
358000,0.557,0.000,0.443
358500,0.516,0.000,0.484
359000,0.530,0.000,0.470
359500,0.540,0.000,0.460
360000,0.589,0.000,0.411
360500,0.552,0.000,0.448
361000,0.520,0.000,0.480
361500,0.520,0.000,0.480
362000,0.527,0.000,0.473
362500,0.611,0.000,0.389
363000,0.575,0.000,0.425
363500,0.564,0.000,0.436
364000,0.559,0.000,0.441
364500,0.560,0.000,0.440
365000,0.603,0.000,0.397
365500,0.540,0.000,0.460
366000,0.463,0.000,0.537
366500,0.519,0.000,0.481
367000,0.586,0.000,0.414
367500,0.585,0.000,0.415
368000,0.568,0.000,0.432
368500,0.629,0.000,0.371
369000,0.592,0.000,0.408
369500,0.555,0.000,0.445
370000,0.478,0.000,0.522
370500,0.579,0.000,0.421
371000,0.612,0.000,0.388
371500,0.605,0.000,0.395
372000,0.613,0.000,0.387
372500,0.642,0.000,0.358
373000,0.623,0.000,0.377
373500,0.662,0.000,0.338
374000,0.613,0.000,0.387
374500,0.644,0.000,0.356
375000,0.637,0.000,0.363
375500,0.573,0.000,0.427
376000,0.581,0.000,0.419
376500,0.593,0.000,0.407
377000,0.590,0.000,0.410
377500,0.614,0.000,0.386
378000,0.611,0.000,0.389
378500,0.626,0.000,0.374
379000,0.566,0.000,0.434
379500,0.632,0.000,0.368
380000,0.653,0.000,0.347
380500,0.607,0.000,0.393
381000,0.619,0.000,0.381
381500,0.655,0.000,0.345
382000,0.523,0.000,0.477
382500,0.522,0.000,0.478
383000,0.515,0.000,0.485
383500,0.545,0.000,0.455
384000,0.592,0.000,0.408
384500,0.628,0.000,0.372
385000,0.687,0.000,0.313
385500,0.689,0.000,0.311
386000,0.682,0.000,0.318
386500,0.632,0.000,0.368
387000,0.683,0.000,0.317
387500,0.622,0.000,0.378
388000,0.621,0.000,0.379
388500,0.583,0.000,0.417
389000,0.601,0.000,0.399
389500,0.565,0.000,0.435
390000,0.548,0.000,0.452
390500,0.614,0.000,0.386
391000,0.644,0.000,0.356
391500,0.654,0.000,0.346
392000,0.567,0.000,0.433
392500,0.575,0.000,0.425
393000,0.577,0.000,0.423
393500,0.607,0.000,0.393
394000,0.442,0.000,0.558
394500,0.516,0.000,0.484
395000,0.571,0.000,0.429
395500,0.542,0.000,0.458
396000,0.539,0.000,0.461
396500,0.553,0.000,0.447
397000,0.567,0.000,0.433
397500,0.556,0.000,0.444
398000,0.623,0.000,0.377
398500,0.641,0.000,0.359
399000,0.650,0.000,0.350
399500,0.659,0.000,0.341
400000,0.634,0.000,0.366
400500,0.598,0.000,0.402
401000,0.565,0.000,0.435
401500,0.557,0.000,0.443
402000,0.538,0.000,0.462
402500,0.553,0.000,0.447
403000,0.649,0.000,0.351
403500,0.631,0.000,0.369
404000,0.598,0.000,0.402
404500,0.524,0.000,0.476
405000,0.566,0.000,0.434
405500,0.599,0.000,0.401
406000,0.649,0.000,0.351
406500,0.611,0.000,0.389
407000,0.619,0.000,0.381
407500,0.613,0.000,0.387
408000,0.596,0.000,0.404
408500,0.609,0.000,0.391
409000,0.610,0.000,0.390
409500,0.599,0.000,0.401
410000,0.635,0.000,0.365
410500,0.675,0.000,0.325
411000,0.660,0.000,0.340
411500,0.604,0.000,0.396
412000,0.597,0.000,0.403
412500,0.633,0.000,0.367
413000,0.576,0.000,0.424
413500,0.571,0.000,0.429
414000,0.622,0.000,0.378
414500,0.650,0.000,0.350
415000,0.619,0.000,0.381
415500,0.540,0.000,0.460
416000,0.532,0.000,0.468
416500,0.585,0.000,0.415
417000,0.644,0.000,0.356
417500,0.586,0.000,0.414
418000,0.647,0.000,0.353
418500,0.638,0.000,0.362
419000,0.614,0.000,0.386
419500,0.599,0.000,0.401
420000,0.646,0.000,0.354
420500,0.648,0.000,0.352
421000,0.662,0.000,0.338
421500,0.639,0.000,0.361
422000,0.634,0.000,0.366
422500,0.563,0.000,0.437
423000,0.583,0.000,0.417
423500,0.585,0.000,0.415
424000,0.518,0.000,0.482
424500,0.546,0.000,0.454
425000,0.578,0.000,0.422
425500,0.606,0.000,0.394
426000,0.598,0.000,0.402
426500,0.588,0.000,0.412
427000,0.593,0.000,0.407
427500,0.640,0.000,0.360
428000,0.544,0.000,0.456
428500,0.514,0.000,0.486
429000,0.610,0.000,0.390
429500,0.567,0.000,0.433
430000,0.611,0.000,0.389
430500,0.687,0.000,0.313
431000,0.694,0.000,0.306
431500,0.556,0.000,0.444
432000,0.575,0.000,0.425
432500,0.549,0.000,0.451
433000,0.619,0.000,0.381
433500,0.619,0.000,0.381
434000,0.611,0.000,0.389
434500,0.609,0.000,0.391
435000,0.612,0.000,0.388
435500,0.574,0.000,0.426
436000,0.555,0.000,0.445
436500,0.593,0.000,0.407
437000,0.636,0.000,0.364
437500,0.501,0.000,0.499
438000,0.469,0.000,0.531
438500,0.542,0.000,0.458
439000,0.593,0.000,0.407
439500,0.668,0.000,0.332
440000,0.609,0.000,0.391
440500,0.630,0.000,0.370
441000,0.632,0.000,0.368
441500,0.643,0.000,0.357
442000,0.574,0.000,0.426
442500,0.549,0.000,0.451
443000,0.545,0.000,0.455
443500,0.462,0.000,0.538
444000,0.544,0.000,0.456
444500,0.593,0.000,0.407
445000,0.668,0.000,0.332
445500,0.612,0.000,0.388
446000,0.621,0.000,0.379
446500,0.531,0.000,0.469
447000,0.646,0.000,0.354
447500,0.607,0.000,0.393
448000,0.519,0.000,0.481
448500,0.539,0.000,0.461
449000,0.564,0.000,0.436
449500,0.603,0.000,0.397
450000,0.639,0.000,0.361
450500,0.672,0.000,0.328
451000,0.718,0.000,0.282
451500,0.587,0.000,0.413
452000,0.578,0.000,0.422
452500,0.614,0.000,0.386
453000,0.604,0.000,0.396
453500,0.569,0.000,0.431
454000,0.522,0.000,0.478
454500,0.497,0.000,0.503
455000,0.519,0.000,0.481
455500,0.544,0.000,0.456
456000,0.522,0.000,0.478
456500,0.548,0.000,0.452
457000,0.642,0.000,0.358
457500,0.544,0.000,0.456
458000,0.557,0.000,0.443
458500,0.515,0.000,0.485
459000,0.596,0.000,0.404
459500,0.576,0.000,0.424
460000,0.559,0.000,0.441
460500,0.585,0.000,0.415
461000,0.555,0.000,0.445
461500,0.592,0.000,0.408
462000,0.574,0.000,0.426
462500,0.613,0.000,0.387
463000,0.586,0.000,0.414
463500,0.592,0.000,0.408
464000,0.527,0.000,0.473
464500,0.590,0.000,0.410
465000,0.630,0.000,0.370
465500,0.674,0.000,0.326
466000,0.632,0.000,0.368
466500,0.644,0.000,0.356
467000,0.633,0.000,0.367
467500,0.548,0.000,0.452
468000,0.522,0.000,0.478
468500,0.576,0.000,0.424
469000,0.498,0.000,0.502
469500,0.510,0.000,0.490
470000,0.492,0.000,0.508
470500,0.618,0.000,0.382
471000,0.616,0.000,0.384
471500,0.632,0.000,0.368
472000,0.617,0.000,0.383
472500,0.525,0.000,0.475
473000,0.437,0.000,0.563
473500,0.507,0.000,0.493
474000,0.623,0.000,0.377
474500,0.594,0.000,0.406
475000,0.581,0.000,0.419
475500,0.587,0.000,0.413
476000,0.521,0.000,0.479
476500,0.609,0.000,0.391
477000,0.600,0.000,0.400
477500,0.528,0.000,0.472
478000,0.545,0.000,0.455
478500,0.667,0.000,0.333
479000,0.629,0.000,0.371
479500,0.612,0.000,0.388
480000,0.570,0.000,0.430
480500,0.594,0.000,0.406
481000,0.595,0.000,0.405
481500,0.619,0.000,0.381
482000,0.557,0.000,0.443
482500,0.596,0.000,0.404
483000,0.611,0.000,0.389
483500,0.589,0.000,0.411
484000,0.636,0.000,0.364
484500,0.685,0.000,0.315
485000,0.661,0.000,0.339
485500,0.650,0.000,0.350
486000,0.605,0.000,0.395
486500,0.606,0.000,0.394
487000,0.650,0.000,0.350
487500,0.691,0.000,0.309
488000,0.707,0.000,0.293
488500,0.644,0.000,0.356
489000,0.577,0.000,0.423
489500,0.462,0.000,0.538
490000,0.467,0.000,0.533
490500,0.526,0.000,0.474
491000,0.507,0.000,0.493
491500,0.441,0.000,0.559
492000,0.515,0.000,0.485
492500,0.558,0.000,0.442
493000,0.571,0.000,0.429
493500,0.618,0.000,0.382
494000,0.616,0.000,0.384
494500,0.630,0.000,0.370
495000,0.578,0.000,0.422
495500,0.551,0.000,0.449
496000,0.511,0.000,0.489
496500,0.558,0.000,0.442
497000,0.618,0.000,0.382
497500,0.628,0.000,0.372
498000,0.568,0.000,0.432
498500,0.674,0.000,0.326
499000,0.676,0.000,0.324
499500,0.541,0.000,0.459
500000,0.577,0.000,0.423
500500,0.661,0.000,0.339
501000,0.645,0.000,0.355
501500,0.582,0.000,0.418
502000,0.624,0.000,0.376
502500,0.559,0.000,0.441
503000,0.562,0.000,0.438
503500,0.530,0.000,0.470
504000,0.543,0.000,0.457
504500,0.594,0.000,0.406
505000,0.609,0.000,0.391
505500,0.587,0.000,0.413
506000,0.589,0.000,0.411
506500,0.555,0.000,0.445
507000,0.605,0.000,0.395
507500,0.608,0.000,0.392
508000,0.546,0.000,0.454
508500,0.582,0.000,0.418
509000,0.515,0.000,0.485
509500,0.540,0.000,0.460
510000,0.539,0.000,0.461
510500,0.533,0.000,0.467
511000,0.584,0.000,0.416
511500,0.599,0.000,0.401
512000,0.576,0.000,0.424
512500,0.543,0.000,0.457
513000,0.585,0.000,0.415
513500,0.622,0.000,0.378
514000,0.608,0.000,0.392
514500,0.575,0.000,0.425
515000,0.570,0.000,0.430
515500,0.558,0.000,0.442
516000,0.562,0.000,0.438
516500,0.535,0.000,0.465
517000,0.562,0.000,0.438
517500,0.619,0.000,0.381
518000,0.605,0.000,0.395
518500,0.618,0.000,0.382
519000,0.607,0.000,0.393
519500,0.559,0.000,0.441
520000,0.504,0.000,0.496
520500,0.599,0.000,0.401
521000,0.634,0.000,0.366
521500,0.528,0.000,0.472
522000,0.504,0.000,0.496
522500,0.518,0.000,0.482
523000,0.533,0.000,0.467
523500,0.580,0.000,0.420
524000,0.637,0.000,0.363
524500,0.594,0.000,0.406
525000,0.623,0.000,0.377
525500,0.631,0.000,0.369
526000,0.637,0.000,0.363
526500,0.579,0.000,0.421
527000,0.584,0.000,0.416
527500,0.613,0.000,0.387
528000,0.555,0.000,0.445
528500,0.601,0.000,0.399
529000,0.577,0.000,0.423
529500,0.577,0.000,0.423
530000,0.528,0.000,0.472
530500,0.515,0.000,0.485
531000,0.455,0.000,0.545
531500,0.537,0.000,0.463
532000,0.550,0.000,0.450
532500,0.553,0.000,0.447
533000,0.568,0.000,0.432
533500,0.612,0.000,0.388
534000,0.635,0.000,0.365
534500,0.643,0.000,0.357
535000,0.616,0.000,0.384
535500,0.578,0.000,0.422
536000,0.600,0.000,0.400
536500,0.535,0.000,0.465
537000,0.515,0.000,0.485
537500,0.585,0.000,0.415
538000,0.567,0.000,0.433
538500,0.541,0.000,0.459
539000,0.599,0.000,0.401
539500,0.638,0.000,0.362
540000,0.613,0.000,0.387
540500,0.602,0.000,0.398
541000,0.584,0.000,0.416
541500,0.578,0.000,0.422
542000,0.655,0.000,0.345
542500,0.613,0.000,0.387
543000,0.591,0.000,0.409
543500,0.605,0.000,0.395
544000,0.584,0.000,0.416
544500,0.620,0.000,0.380
545000,0.651,0.000,0.349
545500,0.597,0.000,0.403
546000,0.610,0.000,0.390
546500,0.602,0.000,0.398
547000,0.639,0.000,0.361
547500,0.619,0.000,0.381
548000,0.624,0.000,0.376
548500,0.612,0.000,0.388
549000,0.551,0.000,0.449
549500,0.586,0.000,0.414
550000,0.587,0.000,0.413
550500,0.527,0.000,0.473
551000,0.537,0.000,0.463
551500,0.514,0.000,0.486
552000,0.571,0.000,0.429
552500,0.527,0.000,0.473
553000,0.508,0.000,0.492
553500,0.610,0.000,0.390
554000,0.618,0.000,0.382
554500,0.603,0.000,0.397
555000,0.555,0.000,0.445
555500,0.491,0.000,0.509
556000,0.503,0.000,0.497
556500,0.581,0.000,0.419
557000,0.616,0.000,0.384
557500,0.620,0.000,0.380
558000,0.602,0.000,0.398
558500,0.572,0.000,0.428
559000,0.558,0.000,0.442
559500,0.579,0.000,0.421
560000,0.603,0.000,0.397
560500,0.628,0.000,0.372
561000,0.645,0.000,0.355
561500,0.636,0.000,0.364
562000,0.542,0.000,0.458
562500,0.611,0.000,0.389
563000,0.544,0.000,0.456
563500,0.520,0.000,0.480
564000,0.541,0.000,0.459
564500,0.536,0.000,0.464
565000,0.585,0.000,0.415
565500,0.649,0.000,0.351
566000,0.624,0.000,0.376
566500,0.631,0.000,0.369
567000,0.612,0.000,0.388
567500,0.607,0.000,0.393
568000,0.580,0.000,0.420
568500,0.592,0.000,0.408
569000,0.643,0.000,0.357
569500,0.676,0.000,0.324
570000,0.634,0.000,0.366
570500,0.580,0.000,0.420
571000,0.623,0.000,0.377
571500,0.620,0.000,0.380
572000,0.609,0.000,0.391
572500,0.682,0.000,0.318
573000,0.685,0.000,0.315
573500,0.614,0.000,0.386
574000,0.649,0.000,0.351
574500,0.587,0.000,0.413
575000,0.577,0.000,0.423
575500,0.546,0.000,0.454
576000,0.539,0.000,0.461
576500,0.577,0.000,0.423
577000,0.560,0.000,0.440
577500,0.550,0.000,0.450
578000,0.631,0.000,0.369
578500,0.690,0.000,0.310
579000,0.638,0.000,0.362
579500,0.604,0.000,0.396
580000,0.649,0.000,0.351
580500,0.621,0.000,0.379
581000,0.688,0.000,0.312
581500,0.692,0.000,0.308
582000,0.721,0.000,0.279
582500,0.701,0.000,0.299
583000,0.627,0.000,0.373
583500,0.576,0.000,0.424
584000,0.572,0.000,0.428
584500,0.540,0.000,0.460
585000,0.499,0.000,0.501
585500,0.554,0.000,0.446
586000,0.523,0.000,0.477
586500,0.549,0.000,0.451
587000,0.532,0.000,0.468
587500,0.599,0.000,0.401
588000,0.624,0.000,0.376
588500,0.571,0.000,0.429
589000,0.570,0.000,0.430
589500,0.597,0.000,0.403
590000,0.671,0.000,0.329
590500,0.652,0.000,0.348
591000,0.595,0.000,0.405
591500,0.521,0.000,0.479
592000,0.533,0.000,0.467
592500,0.579,0.000,0.421
593000,0.555,0.000,0.445
593500,0.610,0.000,0.390
594000,0.596,0.000,0.404
594500,0.546,0.000,0.454
595000,0.581,0.000,0.419
595500,0.607,0.000,0.393
596000,0.633,0.000,0.367
596500,0.610,0.000,0.390
597000,0.538,0.000,0.462
597500,0.586,0.000,0.414
598000,0.594,0.000,0.406
598500,0.589,0.000,0.411
599000,0.567,0.000,0.433
599500,0.539,0.000,0.461
600000,0.641,0.000,0.359
600500,0.635,0.000,0.365
601000,0.595,0.000,0.405
601500,0.574,0.000,0.426
602000,0.579,0.000,0.421
602500,0.664,0.000,0.336
603000,0.648,0.000,0.352
603500,0.633,0.000,0.367
604000,0.672,0.000,0.328
604500,0.632,0.000,0.368
605000,0.621,0.000,0.379
605500,0.583,0.000,0.417
606000,0.640,0.000,0.360
606500,0.608,0.000,0.392
607000,0.549,0.000,0.451
607500,0.545,0.000,0.455
608000,0.561,0.000,0.439
608500,0.622,0.000,0.378
609000,0.614,0.000,0.386
609500,0.558,0.000,0.442
610000,0.542,0.000,0.458
610500,0.542,0.000,0.458
611000,0.610,0.000,0.390
611500,0.579,0.000,0.421
612000,0.584,0.000,0.416
612500,0.640,0.000,0.360
613000,0.618,0.000,0.382
613500,0.626,0.000,0.374
614000,0.609,0.000,0.391
614500,0.588,0.000,0.412
615000,0.530,0.000,0.470
615500,0.565,0.000,0.435
616000,0.661,0.000,0.339
616500,0.653,0.000,0.347
617000,0.623,0.000,0.377
617500,0.625,0.000,0.375
618000,0.545,0.000,0.455
618500,0.591,0.000,0.409
619000,0.582,0.000,0.418
619500,0.584,0.000,0.416
620000,0.614,0.000,0.386
620500,0.605,0.000,0.395
621000,0.605,0.000,0.395
621500,0.590,0.000,0.410
622000,0.599,0.000,0.401
622500,0.604,0.000,0.396
623000,0.631,0.000,0.369
623500,0.629,0.000,0.371
624000,0.598,0.000,0.402
624500,0.628,0.000,0.372
625000,0.596,0.000,0.404
625500,0.629,0.000,0.371
626000,0.654,0.000,0.346
626500,0.706,0.000,0.294
627000,0.713,0.000,0.287
627500,0.700,0.000,0.300
628000,0.624,0.000,0.376
628500,0.605,0.000,0.395
629000,0.621,0.000,0.379
629500,0.635,0.000,0.365
630000,0.531,0.000,0.469
630500,0.615,0.000,0.385
631000,0.720,0.000,0.280
631500,0.651,0.000,0.349
632000,0.623,0.000,0.377
632500,0.555,0.000,0.445
633000,0.641,0.000,0.359
633500,0.663,0.000,0.337
634000,0.619,0.000,0.381
634500,0.610,0.000,0.390
635000,0.618,0.000,0.382
635500,0.555,0.000,0.445
636000,0.568,0.000,0.432
636500,0.568,0.000,0.432
637000,0.556,0.000,0.444
637500,0.614,0.000,0.386
638000,0.558,0.000,0.442
638500,0.587,0.000,0.413
639000,0.581,0.000,0.419
639500,0.589,0.000,0.411
640000,0.649,0.000,0.351
640500,0.597,0.000,0.403
641000,0.551,0.000,0.449
641500,0.602,0.000,0.398
642000,0.530,0.000,0.470
642500,0.585,0.000,0.415
643000,0.588,0.000,0.412
643500,0.631,0.000,0.369
644000,0.691,0.000,0.309
644500,0.697,0.000,0.303
645000,0.712,0.000,0.288
645500,0.708,0.000,0.292
646000,0.663,0.000,0.337
646500,0.597,0.000,0.403
647000,0.592,0.000,0.408
647500,0.587,0.000,0.413
648000,0.579,0.000,0.421
648500,0.586,0.000,0.414
649000,0.572,0.000,0.428
649500,0.539,0.000,0.461
650000,0.569,0.000,0.431
650500,0.564,0.000,0.436
651000,0.525,0.000,0.475
651500,0.558,0.000,0.442
652000,0.503,0.000,0.497
652500,0.488,0.000,0.512
653000,0.500,0.000,0.500
653500,0.574,0.000,0.426
654000,0.608,0.000,0.392
654500,0.701,0.000,0.299
655000,0.609,0.000,0.391
655500,0.603,0.000,0.397
656000,0.655,0.000,0.345
656500,0.606,0.000,0.394
657000,0.638,0.000,0.362
657500,0.576,0.000,0.424
658000,0.598,0.000,0.402
658500,0.573,0.000,0.427
659000,0.550,0.000,0.450
659500,0.522,0.000,0.478
660000,0.489,0.000,0.511
660500,0.583,0.000,0.417
661000,0.557,0.000,0.443
661500,0.485,0.000,0.515
662000,0.486,0.000,0.514
662500,0.552,0.000,0.448
663000,0.542,0.000,0.458
663500,0.623,0.000,0.377
664000,0.567,0.000,0.433
664500,0.624,0.000,0.376
665000,0.607,0.000,0.393
665500,0.561,0.000,0.439
666000,0.582,0.000,0.418
666500,0.608,0.000,0.392
667000,0.642,0.000,0.358
667500,0.608,0.000,0.392
668000,0.651,0.000,0.349
668500,0.645,0.000,0.355
669000,0.606,0.000,0.394
669500,0.610,0.000,0.390
670000,0.530,0.000,0.470
670500,0.634,0.000,0.366
671000,0.628,0.000,0.372
671500,0.582,0.000,0.418
672000,0.608,0.000,0.392
672500,0.617,0.000,0.383
673000,0.576,0.000,0.424
673500,0.592,0.000,0.408
674000,0.523,0.000,0.477
674500,0.565,0.000,0.435
675000,0.572,0.000,0.428
675500,0.510,0.000,0.490
676000,0.563,0.000,0.437
676500,0.572,0.000,0.428
677000,0.599,0.000,0.401
677500,0.602,0.000,0.398
678000,0.627,0.000,0.373
678500,0.597,0.000,0.403
679000,0.577,0.000,0.423
679500,0.588,0.000,0.412
680000,0.571,0.000,0.429
680500,0.497,0.000,0.503
681000,0.486,0.000,0.514
681500,0.571,0.000,0.429
682000,0.638,0.000,0.362
682500,0.541,0.000,0.459
683000,0.608,0.000,0.392
683500,0.634,0.000,0.366
684000,0.557,0.000,0.443
684500,0.528,0.000,0.472
685000,0.538,0.000,0.462
685500,0.544,0.000,0.456
686000,0.559,0.000,0.441
686500,0.528,0.000,0.472
687000,0.537,0.000,0.463
687500,0.574,0.000,0.426
688000,0.499,0.000,0.501
688500,0.513,0.000,0.487
689000,0.440,0.000,0.560
689500,0.472,0.000,0.528
690000,0.528,0.000,0.472
690500,0.587,0.000,0.413
691000,0.684,0.000,0.316
691500,0.679,0.000,0.321
692000,0.706,0.000,0.294
692500,0.757,0.000,0.243
693000,0.717,0.000,0.283
693500,0.723,0.000,0.277
694000,0.660,0.000,0.340
694500,0.661,0.000,0.339
695000,0.677,0.000,0.323
695500,0.617,0.000,0.383
696000,0.560,0.000,0.440
696500,0.533,0.000,0.467
697000,0.563,0.000,0.437
697500,0.590,0.000,0.410
698000,0.549,0.000,0.451
698500,0.551,0.000,0.449
699000,0.598,0.000,0.402
699500,0.603,0.000,0.397
700000,0.608,0.000,0.392
700500,0.647,0.000,0.353
701000,0.741,0.000,0.259
701500,0.653,0.000,0.347
702000,0.646,0.000,0.354
702500,0.551,0.000,0.449
703000,0.552,0.000,0.448
703500,0.558,0.000,0.442
704000,0.586,0.000,0.414
704500,0.540,0.000,0.460
705000,0.559,0.000,0.441
705500,0.531,0.000,0.469
706000,0.516,0.000,0.484
706500,0.482,0.000,0.518
707000,0.560,0.000,0.440
707500,0.560,0.000,0.440
708000,0.554,0.000,0.446
708500,0.517,0.000,0.483
709000,0.550,0.000,0.450
709500,0.535,0.000,0.465
710000,0.486,0.000,0.514
710500,0.645,0.000,0.355
711000,0.645,0.000,0.355
711500,0.646,0.000,0.354
712000,0.590,0.000,0.410
712500,0.577,0.000,0.423
713000,0.626,0.000,0.374
713500,0.625,0.000,0.375
714000,0.618,0.000,0.382
714500,0.628,0.000,0.372
715000,0.625,0.000,0.375
715500,0.594,0.000,0.406
716000,0.597,0.000,0.403
716500,0.575,0.000,0.425
717000,0.607,0.000,0.393
717500,0.552,0.000,0.448
718000,0.515,0.000,0.485
718500,0.555,0.000,0.445
719000,0.585,0.000,0.415
719500,0.550,0.000,0.450
720000,0.558,0.000,0.442
720500,0.538,0.000,0.462
721000,0.647,0.000,0.353
721500,0.629,0.000,0.371
722000,0.637,0.000,0.363
722500,0.709,0.000,0.291
723000,0.605,0.000,0.395
723500,0.613,0.000,0.387
724000,0.582,0.000,0.418
724500,0.580,0.000,0.420
725000,0.532,0.000,0.468
725500,0.517,0.000,0.483
726000,0.534,0.000,0.466
726500,0.584,0.000,0.416
727000,0.654,0.000,0.346
727500,0.568,0.000,0.432
728000,0.540,0.000,0.460
728500,0.536,0.000,0.464
729000,0.605,0.000,0.395
729500,0.597,0.000,0.403
730000,0.623,0.000,0.377
730500,0.606,0.000,0.394
731000,0.662,0.000,0.338
731500,0.659,0.000,0.341
732000,0.574,0.000,0.426
732500,0.531,0.000,0.469
733000,0.567,0.000,0.433
733500,0.593,0.000,0.407
734000,0.585,0.000,0.415
734500,0.549,0.000,0.451
735000,0.588,0.000,0.412
735500,0.564,0.000,0.436
736000,0.512,0.000,0.488
736500,0.545,0.000,0.455
737000,0.538,0.000,0.462
737500,0.556,0.000,0.444
738000,0.609,0.000,0.391
738500,0.626,0.000,0.374
739000,0.589,0.000,0.411
739500,0.624,0.000,0.376
740000,0.617,0.000,0.383
740500,0.632,0.000,0.368
741000,0.620,0.000,0.380
741500,0.596,0.000,0.404
742000,0.660,0.000,0.340
742500,0.693,0.000,0.307
743000,0.634,0.000,0.366
743500,0.641,0.000,0.359
744000,0.708,0.000,0.292
744500,0.676,0.000,0.324
745000,0.644,0.000,0.356
745500,0.622,0.000,0.378
746000,0.590,0.000,0.410
746500,0.582,0.000,0.418
747000,0.616,0.000,0.384
747500,0.601,0.000,0.399
748000,0.615,0.000,0.385
748500,0.635,0.000,0.365
749000,0.631,0.000,0.369
749500,0.597,0.000,0.403
750000,0.535,0.000,0.465
750500,0.543,0.000,0.457
751000,0.533,0.000,0.467
751500,0.533,0.000,0.467
752000,0.582,0.000,0.418
752500,0.598,0.000,0.402
753000,0.645,0.000,0.355
753500,0.575,0.000,0.425
754000,0.685,0.000,0.315
754500,0.677,0.000,0.323
755000,0.658,0.000,0.342
755500,0.565,0.000,0.435
756000,0.538,0.000,0.462
756500,0.596,0.000,0.404
757000,0.616,0.000,0.384
757500,0.583,0.000,0.417
758000,0.545,0.000,0.455
758500,0.608,0.000,0.392
759000,0.609,0.000,0.391
759500,0.604,0.000,0.396
760000,0.601,0.000,0.399
760500,0.643,0.000,0.357
761000,0.677,0.000,0.323
761500,0.674,0.000,0.326
762000,0.614,0.000,0.386
762500,0.560,0.000,0.440
763000,0.593,0.000,0.407
763500,0.589,0.000,0.411
764000,0.532,0.000,0.468
764500,0.507,0.000,0.493
765000,0.535,0.000,0.465
765500,0.564,0.000,0.436
766000,0.484,0.000,0.516
766500,0.545,0.000,0.455
767000,0.580,0.000,0.420
767500,0.613,0.000,0.387
768000,0.659,0.000,0.341
768500,0.635,0.000,0.365
769000,0.617,0.000,0.383
769500,0.601,0.000,0.399
770000,0.508,0.000,0.492
770500,0.564,0.000,0.436
771000,0.558,0.000,0.442
771500,0.560,0.000,0.440
772000,0.605,0.000,0.395
772500,0.534,0.000,0.466
773000,0.517,0.000,0.483
773500,0.490,0.000,0.510
774000,0.474,0.000,0.526
774500,0.505,0.000,0.495
775000,0.529,0.000,0.471
775500,0.484,0.000,0.516
776000,0.523,0.000,0.477
776500,0.561,0.000,0.439
777000,0.630,0.000,0.370
777500,0.577,0.000,0.423
778000,0.591,0.000,0.409
778500,0.519,0.000,0.481
779000,0.567,0.000,0.433
779500,0.482,0.000,0.518
780000,0.495,0.000,0.505
780500,0.532,0.000,0.468
781000,0.469,0.000,0.531
781500,0.567,0.000,0.433
782000,0.555,0.000,0.445
782500,0.609,0.000,0.391
783000,0.601,0.000,0.399
783500,0.635,0.000,0.365
784000,0.553,0.000,0.447
784500,0.627,0.000,0.373
785000,0.657,0.000,0.343
785500,0.619,0.000,0.381
786000,0.635,0.000,0.365
786500,0.609,0.000,0.391
787000,0.607,0.000,0.393
787500,0.654,0.000,0.346
788000,0.612,0.000,0.388
788500,0.615,0.000,0.385
789000,0.546,0.000,0.454
789500,0.604,0.000,0.396
790000,0.617,0.000,0.383
790500,0.565,0.000,0.435
791000,0.539,0.000,0.461
791500,0.582,0.000,0.418
792000,0.574,0.000,0.426
792500,0.507,0.000,0.493
793000,0.515,0.000,0.485
793500,0.596,0.000,0.404
794000,0.572,0.000,0.428
794500,0.568,0.000,0.432
795000,0.645,0.000,0.355
795500,0.635,0.000,0.365
796000,0.629,0.000,0.371
796500,0.570,0.000,0.430
797000,0.546,0.000,0.454
797500,0.564,0.000,0.436
798000,0.576,0.000,0.424
798500,0.561,0.000,0.439
799000,0.451,0.000,0.549
799500,0.522,0.000,0.478
800000,0.536,0.000,0.464
800500,0.527,0.000,0.473
801000,0.503,0.000,0.497
801500,0.583,0.000,0.417
802000,0.582,0.000,0.418
802500,0.591,0.000,0.409
803000,0.646,0.000,0.354
803500,0.652,0.000,0.348
804000,0.652,0.000,0.348
804500,0.638,0.000,0.362
805000,0.581,0.000,0.419
805500,0.618,0.000,0.382
806000,0.625,0.000,0.375
806500,0.553,0.000,0.447
807000,0.529,0.000,0.471
807500,0.536,0.000,0.464
808000,0.583,0.000,0.417
808500,0.566,0.000,0.434
809000,0.494,0.000,0.506
809500,0.567,0.000,0.433
810000,0.593,0.000,0.407
810500,0.524,0.000,0.476
811000,0.546,0.000,0.454
811500,0.610,0.000,0.390
812000,0.600,0.000,0.400
812500,0.632,0.000,0.368
813000,0.602,0.000,0.398
813500,0.628,0.000,0.372
814000,0.600,0.000,0.400
814500,0.569,0.000,0.431
815000,0.644,0.000,0.356
815500,0.587,0.000,0.413
816000,0.595,0.000,0.405
816500,0.578,0.000,0.422
817000,0.602,0.000,0.398
817500,0.543,0.000,0.457
818000,0.519,0.000,0.481
818500,0.520,0.000,0.480
819000,0.496,0.000,0.504
819500,0.482,0.000,0.518
820000,0.501,0.000,0.499
820500,0.513,0.000,0.487
821000,0.632,0.000,0.368
821500,0.619,0.000,0.381
822000,0.636,0.000,0.364
822500,0.622,0.000,0.378
823000,0.637,0.000,0.363
823500,0.631,0.000,0.369
824000,0.617,0.000,0.383
824500,0.597,0.000,0.403
825000,0.604,0.000,0.396
825500,0.586,0.000,0.414
826000,0.554,0.000,0.446
826500,0.598,0.000,0.402
827000,0.667,0.000,0.333
827500,0.664,0.000,0.336
828000,0.629,0.000,0.371
828500,0.607,0.000,0.393
829000,0.656,0.000,0.344
829500,0.681,0.000,0.319
830000,0.664,0.000,0.336
830500,0.601,0.000,0.399
831000,0.637,0.000,0.363
831500,0.583,0.000,0.417
832000,0.495,0.000,0.505
832500,0.521,0.000,0.479
833000,0.550,0.000,0.450
833500,0.553,0.000,0.447
834000,0.545,0.000,0.455
834500,0.479,0.000,0.520
835000,0.536,0.000,0.464
835500,0.568,0.000,0.432
836000,0.574,0.000,0.426
836500,0.618,0.000,0.382
837000,0.562,0.000,0.438
837500,0.615,0.000,0.385
838000,0.655,0.000,0.345
838500,0.624,0.000,0.376
839000,0.598,0.000,0.402
839500,0.622,0.000,0.378
840000,0.573,0.000,0.427
840500,0.575,0.000,0.425
841000,0.647,0.000,0.353
841500,0.691,0.000,0.309
842000,0.706,0.000,0.294
842500,0.752,0.000,0.248
843000,0.673,0.000,0.327
843500,0.601,0.000,0.399
844000,0.656,0.000,0.344
844500,0.655,0.000,0.345
845000,0.575,0.000,0.425
845500,0.572,0.000,0.428
846000,0.594,0.000,0.406
846500,0.589,0.000,0.411
847000,0.615,0.000,0.385
847500,0.612,0.000,0.388
848000,0.570,0.000,0.430
848500,0.528,0.000,0.472
849000,0.647,0.000,0.353
849500,0.610,0.000,0.390
850000,0.589,0.000,0.411
850500,0.545,0.000,0.455
851000,0.590,0.000,0.410
851500,0.599,0.000,0.401
852000,0.625,0.000,0.375
852500,0.645,0.000,0.355
853000,0.599,0.000,0.401
853500,0.569,0.000,0.431
854000,0.580,0.000,0.420
854500,0.542,0.000,0.458
855000,0.567,0.000,0.433
855500,0.552,0.000,0.448
856000,0.541,0.000,0.459
856500,0.561,0.000,0.439
857000,0.656,0.000,0.344
857500,0.572,0.000,0.428
858000,0.518,0.000,0.482
858500,0.485,0.000,0.515
859000,0.526,0.000,0.474
859500,0.526,0.000,0.474
860000,0.586,0.000,0.414
860500,0.607,0.000,0.393
861000,0.614,0.000,0.386
861500,0.637,0.000,0.363
862000,0.506,0.000,0.494
862500,0.494,0.000,0.506
863000,0.625,0.000,0.375
863500,0.514,0.000,0.486
864000,0.608,0.000,0.392
864500,0.614,0.000,0.386
865000,0.644,0.000,0.356
865500,0.628,0.000,0.372
866000,0.602,0.000,0.398
866500,0.539,0.000,0.461
867000,0.550,0.000,0.450
867500,0.585,0.000,0.415
868000,0.579,0.000,0.421
868500,0.551,0.000,0.449
869000,0.590,0.000,0.410
869500,0.599,0.000,0.401
870000,0.602,0.000,0.398
870500,0.624,0.000,0.376
871000,0.611,0.000,0.389
871500,0.580,0.000,0.420
872000,0.569,0.000,0.431
872500,0.596,0.000,0.404
873000,0.567,0.000,0.433
873500,0.523,0.000,0.477
874000,0.573,0.000,0.427
874500,0.546,0.000,0.454
875000,0.486,0.000,0.514
875500,0.540,0.000,0.460
876000,0.508,0.000,0.492
876500,0.531,0.000,0.469
877000,0.463,0.000,0.537
877500,0.416,0.000,0.584
878000,0.398,0.000,0.603
878500,0.532,0.000,0.468
879000,0.576,0.000,0.424
879500,0.568,0.000,0.432
880000,0.508,0.000,0.492
880500,0.557,0.000,0.443
881000,0.576,0.000,0.424
881500,0.591,0.000,0.409
882000,0.544,0.000,0.456
882500,0.577,0.000,0.423
883000,0.595,0.000,0.405
883500,0.562,0.000,0.438
884000,0.593,0.000,0.407
884500,0.559,0.000,0.441
885000,0.604,0.000,0.396
885500,0.571,0.000,0.429
886000,0.537,0.000,0.463
886500,0.497,0.000,0.503
887000,0.533,0.000,0.467
887500,0.573,0.000,0.427
888000,0.656,0.000,0.344
888500,0.625,0.000,0.375
889000,0.579,0.000,0.421
889500,0.613,0.000,0.387
890000,0.604,0.000,0.396
890500,0.613,0.000,0.387
891000,0.612,0.000,0.388
891500,0.612,0.000,0.388
892000,0.676,0.000,0.324
892500,0.589,0.000,0.411
893000,0.564,0.000,0.436
893500,0.532,0.000,0.468
894000,0.477,0.000,0.523
894500,0.534,0.000,0.466
895000,0.526,0.000,0.474
895500,0.561,0.000,0.439
896000,0.642,0.000,0.358
896500,0.642,0.000,0.358
897000,0.580,0.000,0.420
897500,0.601,0.000,0.399
898000,0.574,0.000,0.426
898500,0.588,0.000,0.412
899000,0.577,0.000,0.423
899500,0.580,0.000,0.420
900000,0.650,0.000,0.350
900500,0.614,0.000,0.386
901000,0.554,0.000,0.446
901500,0.557,0.000,0.443
902000,0.536,0.000,0.464
902500,0.529,0.000,0.471
903000,0.477,0.000,0.522
903500,0.595,0.000,0.405
904000,0.654,0.000,0.346
904500,0.631,0.000,0.369
905000,0.529,0.000,0.471
905500,0.509,0.000,0.491
906000,0.512,0.000,0.488
906500,0.500,0.000,0.500
907000,0.507,0.000,0.493
907500,0.611,0.000,0.389
908000,0.611,0.000,0.389
908500,0.591,0.000,0.409
909000,0.540,0.000,0.460
909500,0.667,0.000,0.333
910000,0.621,0.000,0.379
910500,0.573,0.000,0.427
911000,0.536,0.000,0.464
911500,0.609,0.000,0.391
912000,0.611,0.000,0.389
912500,0.638,0.000,0.362
913000,0.720,0.000,0.280
913500,0.620,0.000,0.380
914000,0.582,0.000,0.418
914500,0.520,0.000,0.480
915000,0.549,0.000,0.451
915500,0.578,0.000,0.422
916000,0.548,0.000,0.452
916500,0.661,0.000,0.339
917000,0.643,0.000,0.357
917500,0.636,0.000,0.364
918000,0.622,0.000,0.378
918500,0.626,0.000,0.374
919000,0.658,0.000,0.342
919500,0.637,0.000,0.363
920000,0.600,0.000,0.400
920500,0.673,0.000,0.327
921000,0.629,0.000,0.371
921500,0.652,0.000,0.348
922000,0.700,0.000,0.300
922500,0.629,0.000,0.371
923000,0.566,0.000,0.434
923500,0.588,0.000,0.412
924000,0.582,0.000,0.418
924500,0.590,0.000,0.410
925000,0.605,0.000,0.395
925500,0.629,0.000,0.371
926000,0.567,0.000,0.433
926500,0.551,0.000,0.449
927000,0.553,0.000,0.447
927500,0.568,0.000,0.432
928000,0.571,0.000,0.429
928500,0.551,0.000,0.449
929000,0.587,0.000,0.413
929500,0.590,0.000,0.410
930000,0.563,0.000,0.437
930500,0.605,0.000,0.395
931000,0.562,0.000,0.438
931500,0.626,0.000,0.374
932000,0.606,0.000,0.394
932500,0.613,0.000,0.387
933000,0.586,0.000,0.414
933500,0.618,0.000,0.382
934000,0.619,0.000,0.381
934500,0.644,0.000,0.356
935000,0.619,0.000,0.381
935500,0.595,0.000,0.405
936000,0.530,0.000,0.470
936500,0.552,0.000,0.448
937000,0.597,0.000,0.403
937500,0.616,0.000,0.384
938000,0.657,0.000,0.343
938500,0.664,0.000,0.336
939000,0.603,0.000,0.397
939500,0.573,0.000,0.427
940000,0.543,0.000,0.457
940500,0.527,0.000,0.473
941000,0.543,0.000,0.457
941500,0.534,0.000,0.466
942000,0.606,0.000,0.394
942500,0.534,0.000,0.466
943000,0.528,0.000,0.472
943500,0.570,0.000,0.430
944000,0.556,0.000,0.444
944500,0.602,0.000,0.398
945000,0.591,0.000,0.409
945500,0.522,0.000,0.478
946000,0.579,0.000,0.421
946500,0.556,0.000,0.444
947000,0.580,0.000,0.420
947500,0.548,0.000,0.452
948000,0.550,0.000,0.450
948500,0.541,0.000,0.459
949000,0.520,0.000,0.480
949500,0.572,0.000,0.428
950000,0.630,0.000,0.370
950500,0.671,0.000,0.329
951000,0.732,0.000,0.268
951500,0.757,0.000,0.243
952000,0.652,0.000,0.348
952500,0.615,0.000,0.385
953000,0.659,0.000,0.341
953500,0.630,0.000,0.370
954000,0.725,0.000,0.275
954500,0.787,0.000,0.213
955000,0.691,0.000,0.309
955500,0.726,0.000,0.274
956000,0.623,0.000,0.377
956500,0.580,0.000,0.420
957000,0.558,0.000,0.442
957500,0.578,0.000,0.422
958000,0.602,0.000,0.398
958500,0.621,0.000,0.379
959000,0.700,0.000,0.300
959500,0.631,0.000,0.369
960000,0.611,0.000,0.389
960500,0.560,0.000,0.440
961000,0.569,0.000,0.431
961500,0.595,0.000,0.405
962000,0.557,0.000,0.443
962500,0.551,0.000,0.449
963000,0.572,0.000,0.428
963500,0.686,0.000,0.314
964000,0.600,0.000,0.400
964500,0.592,0.000,0.408
965000,0.571,0.000,0.429
965500,0.610,0.000,0.390
966000,0.590,0.000,0.410
966500,0.555,0.000,0.445
967000,0.573,0.000,0.427
967500,0.612,0.000,0.388
968000,0.633,0.000,0.367
968500,0.567,0.000,0.433
969000,0.466,0.000,0.534
969500,0.562,0.000,0.438
970000,0.613,0.000,0.387
970500,0.706,0.000,0.294
971000,0.675,0.000,0.325
971500,0.700,0.000,0.300
972000,0.677,0.000,0.323
972500,0.659,0.000,0.341
973000,0.558,0.000,0.442
973500,0.511,0.000,0.489
974000,0.557,0.000,0.443
974500,0.538,0.000,0.462
975000,0.570,0.000,0.430
975500,0.577,0.000,0.423
976000,0.519,0.000,0.481
976500,0.594,0.000,0.406
977000,0.594,0.000,0.406
977500,0.567,0.000,0.433
978000,0.458,0.000,0.542
978500,0.615,0.000,0.385
979000,0.628,0.000,0.372
979500,0.657,0.000,0.343
980000,0.665,0.000,0.335
980500,0.560,0.000,0.440
981000,0.543,0.000,0.457
981500,0.594,0.000,0.406
982000,0.609,0.000,0.391
982500,0.578,0.000,0.422
983000,0.632,0.000,0.368
983500,0.586,0.000,0.414
984000,0.536,0.000,0.464
984500,0.609,0.000,0.391
985000,0.689,0.000,0.311
985500,0.682,0.000,0.318
986000,0.523,0.000,0.477
986500,0.611,0.000,0.389
987000,0.598,0.000,0.402
987500,0.598,0.000,0.402
988000,0.591,0.000,0.409
988500,0.545,0.000,0.455
989000,0.576,0.000,0.424
989500,0.545,0.000,0.455
990000,0.556,0.000,0.444
990500,0.548,0.000,0.452
991000,0.536,0.000,0.464
991500,0.525,0.000,0.475
992000,0.510,0.000,0.490
992500,0.549,0.000,0.451
993000,0.632,0.000,0.368
993500,0.626,0.000,0.374
994000,0.593,0.000,0.407
994500,0.534,0.000,0.466
995000,0.544,0.000,0.456
995500,0.559,0.000,0.441
996000,0.573,0.000,0.427
996500,0.591,0.000,0.409
997000,0.577,0.000,0.423
997500,0.603,0.000,0.397
998000,0.615,0.000,0.385
998500,0.560,0.000,0.440
999000,0.554,0.000,0.446
999500,0.620,0.000,0.380
1000000,0.556,0.000,0.444
