time,n_A+p,n_B,n_AB
500,0.010,0.543,0.447
1000,0.010,0.388,0.602
1500,0.010,0.194,0.796
2000,0.010,0.395,0.595
2500,0.010,0.309,0.681
3000,0.010,0.437,0.553
3500,0.010,0.482,0.508
4000,0.010,0.298,0.692
4500,0.010,0.298,0.692
5000,0.010,0.299,0.691
5500,0.010,0.201,0.789
6000,0.010,0.360,0.630
6500,0.010,0.323,0.667
7000,0.010,0.243,0.747
7500,0.010,0.303,0.687
8000,0.010,0.350,0.640
8500,0.010,0.323,0.667
9000,0.010,0.341,0.649
9500,0.010,0.446,0.544
10000,0.010,0.275,0.715
10500,0.010,0.424,0.566
11000,0.010,0.258,0.732
11500,0.010,0.539,0.451
12000,0.010,0.288,0.702
12500,0.010,0.321,0.669
13000,0.010,0.349,0.641
13500,0.010,0.443,0.547
14000,0.010,0.319,0.671
14500,0.010,0.424,0.566
15000,0.029,0.266,0.705
15500,0.010,0.441,0.549
16000,0.010,0.346,0.644
16500,0.010,0.200,0.790
17000,0.010,0.149,0.841
17500,0.010,0.299,0.691
18000,0.010,0.393,0.597
18500,0.010,0.480,0.510
19000,0.010,0.401,0.589
19500,0.010,0.407,0.583
20000,0.010,0.236,0.754
20500,0.010,0.348,0.642
21000,0.010,0.183,0.807
21500,0.010,0.222,0.768
22000,0.010,0.296,0.694
22500,0.010,0.424,0.566
23000,0.010,0.177,0.813
23500,0.010,0.326,0.664
24000,0.010,0.211,0.779
24500,0.010,0.204,0.786
25000,0.010,0.408,0.582
25500,0.010,0.416,0.574
26000,0.010,0.287,0.703
26500,0.010,0.278,0.712
27000,0.010,0.403,0.587
27500,0.010,0.217,0.773
28000,0.010,0.300,0.690
28500,0.035,0.131,0.834
29000,0.010,0.271,0.719
29500,0.010,0.416,0.574
30000,0.010,0.312,0.678
30500,0.010,0.489,0.501
31000,0.010,0.328,0.662
31500,0.010,0.243,0.747
32000,0.021,0.269,0.710
32500,0.010,0.491,0.499
33000,0.010,0.296,0.694
33500,0.010,0.261,0.729
34000,0.010,0.488,0.502
34500,0.010,0.363,0.627
35000,0.010,0.287,0.703
35500,0.010,0.258,0.732
36000,0.010,0.384,0.606
36500,0.010,0.379,0.611
37000,0.010,0.289,0.701
37500,0.010,0.208,0.782
38000,0.010,0.351,0.639
38500,0.010,0.384,0.606
39000,0.010,0.325,0.665
39500,0.011,0.292,0.697
40000,0.010,0.346,0.644
40500,0.010,0.279,0.711
41000,0.010,0.362,0.628
41500,0.010,0.257,0.733
42000,0.010,0.243,0.747
42500,0.010,0.218,0.772
43000,0.010,0.190,0.800
43500,0.010,0.294,0.696
44000,0.010,0.294,0.696
44500,0.010,0.426,0.564
45000,0.010,0.230,0.760
45500,0.010,0.369,0.621
46000,0.010,0.290,0.700
46500,0.010,0.487,0.503
47000,0.010,0.315,0.675
47500,0.010,0.456,0.534
48000,0.010,0.300,0.690
48500,0.010,0.337,0.653
49000,0.010,0.278,0.712
49500,0.010,0.433,0.557
50000,0.010,0.278,0.712
50500,0.012,0.305,0.683
51000,0.010,0.453,0.537
51500,0.010,0.453,0.537
52000,0.010,0.285,0.705
52500,0.010,0.313,0.677
53000,0.010,0.301,0.689
53500,0.010,0.370,0.620
54000,0.010,0.271,0.719
54500,0.010,0.379,0.611
55000,0.010,0.592,0.398
55500,0.010,0.306,0.684
56000,0.010,0.318,0.672
56500,0.010,0.416,0.574
57000,0.010,0.472,0.518
57500,0.010,0.494,0.496
58000,0.010,0.305,0.685
58500,0.010,0.275,0.715
59000,0.010,0.400,0.590
59500,0.010,0.294,0.696
60000,0.010,0.412,0.578
60500,0.010,0.476,0.514
61000,0.010,0.263,0.727
61500,0.010,0.295,0.695
62000,0.010,0.396,0.594
62500,0.010,0.469,0.521
63000,0.010,0.229,0.761
63500,0.010,0.177,0.813
64000,0.010,0.313,0.677
64500,0.010,0.293,0.697
65000,0.010,0.437,0.553
65500,0.010,0.305,0.685
66000,0.010,0.332,0.658
66500,0.010,0.430,0.560
67000,0.010,0.394,0.596
67500,0.010,0.412,0.578
68000,0.010,0.290,0.700
68500,0.010,0.423,0.567
69000,0.010,0.418,0.572
69500,0.010,0.291,0.699
70000,0.010,0.372,0.618
70500,0.010,0.383,0.607
71000,0.010,0.363,0.627
71500,0.010,0.280,0.710
72000,0.010,0.489,0.501
72500,0.010,0.287,0.703
73000,0.010,0.283,0.707
73500,0.010,0.354,0.636
74000,0.010,0.231,0.759
74500,0.010,0.393,0.597
75000,0.010,0.515,0.475
75500,0.010,0.316,0.674
76000,0.010,0.309,0.681
76500,0.010,0.285,0.705
77000,0.010,0.321,0.669
77500,0.010,0.209,0.781
78000,0.010,0.444,0.546
78500,0.010,0.246,0.744
79000,0.010,0.296,0.694
79500,0.010,0.374,0.616
80000,0.010,0.316,0.674
80500,0.010,0.516,0.474
81000,0.010,0.402,0.588
81500,0.010,0.230,0.760
82000,0.010,0.449,0.541
82500,0.010,0.390,0.600
83000,0.010,0.346,0.644
83500,0.010,0.306,0.684
84000,0.010,0.265,0.725
84500,0.010,0.333,0.657
85000,0.010,0.361,0.629
85500,0.010,0.385,0.605
86000,0.010,0.436,0.554
86500,0.010,0.498,0.492
87000,0.010,0.373,0.617
87500,0.010,0.376,0.614
88000,0.010,0.357,0.633
88500,0.010,0.431,0.559
89000,0.010,0.346,0.644
89500,0.010,0.314,0.676
90000,0.010,0.323,0.667
90500,0.010,0.503,0.487
91000,0.010,0.295,0.695
91500,0.010,0.178,0.812
92000,0.010,0.294,0.696
92500,0.010,0.464,0.526
93000,0.010,0.528,0.462
93500,0.010,0.253,0.737
94000,0.010,0.248,0.742
94500,0.010,0.291,0.699
95000,0.010,0.258,0.732
95500,0.010,0.310,0.680
96000,0.010,0.351,0.639
96500,0.010,0.438,0.552
97000,0.010,0.393,0.597
97500,0.010,0.214,0.776
98000,0.010,0.355,0.635
98500,0.010,0.395,0.595
99000,0.010,0.371,0.619
99500,0.010,0.618,0.372
100000,0.010,0.350,0.640
100500,0.010,0.343,0.647
101000,0.010,0.318,0.672
101500,0.010,0.386,0.604
102000,0.010,0.367,0.623
102500,0.010,0.282,0.708
103000,0.010,0.302,0.688
103500,0.010,0.394,0.596
104000,0.010,0.467,0.523
104500,0.010,0.224,0.766
105000,0.010,0.326,0.664
105500,0.010,0.226,0.764
106000,0.010,0.246,0.744
106500,0.010,0.409,0.581
107000,0.010,0.335,0.655
107500,0.010,0.360,0.630
108000,0.010,0.280,0.710
108500,0.010,0.312,0.678
109000,0.010,0.456,0.534
109500,0.010,0.428,0.562
110000,0.010,0.316,0.674
110500,0.010,0.254,0.736
111000,0.010,0.202,0.788
111500,0.010,0.554,0.436
112000,0.010,0.296,0.694
112500,0.010,0.217,0.773
113000,0.010,0.401,0.589
113500,0.022,0.270,0.708
114000,0.125,0.043,0.832
114500,0.534,0.000,0.466
115000,0.480,0.000,0.520
115500,0.712,0.000,0.288
116000,0.435,0.000,0.565
116500,0.631,0.000,0.369
117000,0.575,0.000,0.425
117500,0.539,0.000,0.461
118000,0.681,0.000,0.319
118500,0.468,0.000,0.532
119000,0.541,0.000,0.459
119500,0.618,0.000,0.382
120000,0.552,0.000,0.448
120500,0.473,0.000,0.527
121000,0.631,0.000,0.369
121500,0.730,0.000,0.270
122000,0.532,0.000,0.468
122500,0.667,0.000,0.333
123000,0.570,0.000,0.430
123500,0.514,0.000,0.486
124000,0.471,0.000,0.529
124500,0.582,0.000,0.418
125000,0.517,0.000,0.483
125500,0.701,0.000,0.299
126000,0.397,0.000,0.603
126500,0.550,0.000,0.450
127000,0.459,0.000,0.541
127500,0.580,0.000,0.420
128000,0.866,0.000,0.134
128500,0.847,0.000,0.153
129000,0.638,0.000,0.362
129500,0.602,0.000,0.398
130000,0.425,0.000,0.575
130500,0.419,0.000,0.581
131000,0.527,0.000,0.473
131500,0.361,0.000,0.639
132000,0.491,0.000,0.509
132500,0.782,0.000,0.218
133000,0.576,0.000,0.424
133500,0.349,0.000,0.651
134000,0.534,0.000,0.466
134500,0.494,0.000,0.506
135000,0.462,0.000,0.538
135500,0.514,0.000,0.486
136000,0.804,0.000,0.196
136500,0.885,0.000,0.115
137000,0.862,0.000,0.138
137500,0.808,0.000,0.192
138000,0.515,0.000,0.485
138500,0.518,0.000,0.482
139000,0.460,0.000,0.540
139500,0.337,0.000,0.663
140000,0.512,0.000,0.488
140500,0.778,0.000,0.222
141000,0.696,0.000,0.304
141500,0.541,0.000,0.459
142000,0.414,0.000,0.586
142500,0.555,0.000,0.445
143000,0.485,0.000,0.515
143500,0.561,0.000,0.439
144000,0.757,0.000,0.243
144500,0.491,0.000,0.509
145000,0.616,0.000,0.384
145500,0.483,0.000,0.517
146000,0.656,0.000,0.344
146500,0.731,0.000,0.269
147000,0.555,0.000,0.445
147500,0.542,0.000,0.458
148000,0.651,0.000,0.349
148500,0.482,0.000,0.518
149000,0.494,0.000,0.506
149500,0.588,0.000,0.412
150000,0.612,0.000,0.388
150500,0.531,0.000,0.469
151000,0.569,0.000,0.431
151500,0.663,0.000,0.337
152000,0.703,0.000,0.297
152500,0.659,0.000,0.341
153000,0.579,0.000,0.421
153500,0.502,0.000,0.498
154000,0.484,0.000,0.516
154500,0.477,0.000,0.523
155000,0.734,0.000,0.266
155500,0.439,0.000,0.561
156000,0.666,0.000,0.334
156500,0.834,0.000,0.166
157000,0.510,0.000,0.490
157500,0.781,0.000,0.219
158000,0.803,0.000,0.197
158500,0.621,0.000,0.379
159000,0.500,0.000,0.500
159500,0.587,0.000,0.413
160000,0.509,0.000,0.491
160500,0.617,0.000,0.383
161000,0.569,0.000,0.431
161500,0.630,0.000,0.370
162000,0.589,0.000,0.411
162500,0.435,0.000,0.565
163000,0.584,0.000,0.416
163500,0.611,0.000,0.389
164000,0.585,0.000,0.415
164500,0.549,0.000,0.451
165000,0.694,0.000,0.306
165500,0.678,0.000,0.322
166000,0.830,0.000,0.170
166500,0.947,0.000,0.053
167000,0.689,0.000,0.311
167500,0.726,0.000,0.274
168000,0.603,0.000,0.397
168500,0.574,0.000,0.426
169000,0.649,0.000,0.351
169500,0.479,0.000,0.521
170000,0.702,0.000,0.298
170500,0.423,0.000,0.577
171000,0.852,0.000,0.148
171500,0.822,0.000,0.178
172000,0.649,0.000,0.351
172500,0.480,0.000,0.520
173000,0.671,0.000,0.329
173500,0.469,0.000,0.531
174000,0.539,0.000,0.461
174500,0.465,0.000,0.535
175000,0.534,0.000,0.466
175500,0.631,0.000,0.369
176000,0.898,0.000,0.102
176500,0.641,0.000,0.359
177000,0.898,0.000,0.102
177500,0.578,0.000,0.422
178000,0.637,0.000,0.363
178500,0.634,0.000,0.366
179000,0.741,0.000,0.259
179500,0.752,0.000,0.248
180000,0.678,0.000,0.322
180500,0.495,0.000,0.505
181000,0.659,0.000,0.341
181500,0.608,0.000,0.392
182000,0.530,0.000,0.470
182500,0.484,0.000,0.516
183000,0.537,0.000,0.463
183500,0.407,0.000,0.593
184000,0.377,0.000,0.623
184500,0.600,0.000,0.400
185000,0.511,0.000,0.489
185500,0.595,0.000,0.405
186000,0.495,0.000,0.505
186500,0.575,0.000,0.425
187000,0.626,0.000,0.374
187500,0.674,0.000,0.326
188000,0.392,0.000,0.608
188500,0.430,0.000,0.570
189000,0.587,0.000,0.413
189500,0.575,0.000,0.425
190000,0.434,0.000,0.566
190500,0.551,0.000,0.449
191000,0.429,0.000,0.571
191500,0.530,0.000,0.470
192000,0.538,0.000,0.462
192500,0.554,0.000,0.446
193000,0.554,0.000,0.446
193500,0.680,0.000,0.320
194000,0.494,0.000,0.506
194500,0.520,0.000,0.480
195000,0.671,0.000,0.329
195500,0.454,0.000,0.546
196000,0.384,0.000,0.616
196500,0.467,0.000,0.533
197000,0.607,0.000,0.393
197500,0.516,0.000,0.484
198000,0.538,0.000,0.462
198500,0.550,0.000,0.450
199000,0.550,0.000,0.450
199500,0.649,0.000,0.351
200000,0.661,0.000,0.339
200500,0.543,0.000,0.457
201000,0.695,0.000,0.305
201500,0.602,0.000,0.398
202000,0.518,0.000,0.482
202500,0.566,0.000,0.434
203000,0.596,0.000,0.404
203500,0.416,0.000,0.584
204000,0.588,0.000,0.412
204500,0.573,0.000,0.427
205000,0.516,0.000,0.484
205500,0.742,0.000,0.258
206000,0.620,0.000,0.380
206500,0.709,0.000,0.291
207000,0.800,0.000,0.200
207500,0.760,0.000,0.240
208000,0.561,0.000,0.439
208500,0.722,0.000,0.278
209000,0.642,0.000,0.358
209500,0.833,0.000,0.167
210000,0.700,0.000,0.300
210500,0.528,0.000,0.472
211000,0.441,0.000,0.559
211500,0.719,0.000,0.281
212000,0.612,0.000,0.388
212500,0.617,0.000,0.383
213000,0.451,0.000,0.549
213500,0.439,0.000,0.561
214000,0.491,0.000,0.509
214500,0.665,0.000,0.335
215000,0.401,0.000,0.599
215500,0.472,0.000,0.528
216000,0.359,0.000,0.641
216500,0.599,0.000,0.401
217000,0.509,0.000,0.491
217500,0.519,0.000,0.481
218000,0.555,0.000,0.445
218500,0.686,0.000,0.314
219000,0.533,0.000,0.467
219500,0.537,0.000,0.463
220000,0.574,0.000,0.426
220500,0.549,0.000,0.451
221000,0.631,0.000,0.369
221500,0.540,0.000,0.460
222000,0.602,0.000,0.398
222500,0.564,0.000,0.436
223000,0.583,0.000,0.417
223500,0.668,0.000,0.332
224000,0.507,0.000,0.493
224500,0.554,0.000,0.446
225000,0.679,0.000,0.321
225500,0.732,0.000,0.268
226000,0.409,0.000,0.591
226500,0.560,0.000,0.440
227000,0.640,0.000,0.360
227500,0.493,0.000,0.507
228000,0.665,0.000,0.335
228500,0.605,0.000,0.395
229000,0.379,0.000,0.621
229500,0.827,0.000,0.173
230000,0.349,0.000,0.651
230500,0.499,0.000,0.501
231000,0.636,0.000,0.364
231500,0.747,0.000,0.253
232000,0.963,0.000,0.037
232500,0.459,0.000,0.541
233000,0.554,0.000,0.446
233500,0.502,0.000,0.498
234000,0.574,0.000,0.426
234500,0.430,0.000,0.570
235000,0.532,0.000,0.468
235500,0.474,0.000,0.526
236000,0.597,0.000,0.403
236500,0.454,0.000,0.546
237000,0.769,0.000,0.231
237500,0.723,0.000,0.277
238000,0.501,0.000,0.499
238500,0.688,0.000,0.312
239000,0.724,0.000,0.276
239500,0.519,0.000,0.481
240000,0.512,0.000,0.488
240500,0.538,0.000,0.462
241000,0.698,0.000,0.302
241500,0.554,0.000,0.446
242000,0.696,0.000,0.304
242500,0.738,0.000,0.262
243000,0.696,0.000,0.304
243500,0.494,0.000,0.506
244000,0.553,0.000,0.447
244500,0.560,0.000,0.440
245000,0.714,0.000,0.286
245500,0.852,0.000,0.148
246000,0.883,0.000,0.117
246500,0.997,0.000,0.003
247000,1.000,0.000,0.000
