time,n_A+p,n_B,n_AB
500,0.034,0.133,0.833
1000,0.030,0.240,0.730
1500,0.030,0.207,0.763
2000,0.030,0.215,0.755
2500,0.030,0.166,0.804
3000,0.030,0.251,0.719
3500,0.030,0.224,0.746
4000,0.030,0.244,0.726
4500,0.030,0.205,0.765
5000,0.030,0.172,0.798
5500,0.030,0.192,0.778
6000,0.034,0.212,0.754
6500,0.030,0.295,0.675
7000,0.030,0.288,0.682
7500,0.030,0.315,0.655
8000,0.030,0.186,0.784
8500,0.030,0.289,0.681
9000,0.030,0.155,0.815
9500,0.030,0.346,0.624
10000,0.030,0.481,0.489
10500,0.030,0.225,0.745
11000,0.030,0.298,0.672
11500,0.030,0.273,0.697
12000,0.030,0.149,0.821
12500,0.030,0.260,0.710
13000,0.030,0.284,0.686
13500,0.030,0.210,0.760
14000,0.030,0.329,0.641
14500,0.030,0.210,0.760
15000,0.030,0.222,0.748
15500,0.030,0.268,0.702
16000,0.030,0.229,0.741
16500,0.030,0.193,0.777
17000,0.030,0.152,0.818
17500,0.041,0.115,0.844
18000,0.030,0.339,0.631
18500,0.030,0.166,0.804
19000,0.030,0.207,0.763
19500,0.030,0.235,0.735
20000,0.030,0.174,0.796
20500,0.030,0.340,0.630
21000,0.030,0.311,0.659
21500,0.030,0.215,0.755
22000,0.030,0.225,0.745
22500,0.030,0.103,0.867
23000,0.038,0.142,0.820
23500,0.050,0.058,0.892
24000,0.712,0.000,0.288
24500,0.998,0.000,0.002
25000,1.000,0.000,0.000
