time,n_A+p,n_B,n_AB
0,0.447,0.553,0.000
500,0.175,0.429,0.396
1000,0.124,0.493,0.382
1500,0.115,0.488,0.396
2000,0.069,0.631,0.300
2500,0.069,0.645,0.286
3000,0.037,0.728,0.235
3500,0.028,0.770,0.203
4000,0.028,0.797,0.175
4500,0.000,0.880,0.120
5000,0.000,0.894,0.106
5500,0.000,0.899,0.101
6000,0.005,0.880,0.115
6500,0.000,0.899,0.101
7000,0.000,0.908,0.092
7500,0.009,0.853,0.138
8000,0.005,0.843,0.152
8500,0.000,0.903,0.097
9000,0.000,0.963,0.037
9500,0.000,0.959,0.041
10000,0.000,0.959,0.041
10500,0.000,0.954,0.046
11000,0.000,0.940,0.060
11500,0.000,0.922,0.078
12000,0.000,0.963,0.037
12500,0.000,0.977,0.023
13000,0.000,0.968,0.032
13500,0.000,0.986,0.014
14000,0.000,0.986,0.014
14500,0.000,0.982,0.018
15000,0.000,0.977,0.023
15500,0.000,0.991,0.009
16000,0.000,0.991,0.009
16500,0.000,1.000,0.000
