time,n_A+p,n_B,n_AB
100,0.030,0.970,0.000
200,0.030,0.962,0.008
300,0.045,0.947,0.008
400,0.044,0.908,0.048
500,0.036,0.926,0.038
600,0.042,0.933,0.025
700,0.063,0.884,0.053
800,0.063,0.889,0.048
900,0.046,0.893,0.061
1000,0.037,0.884,0.079
1100,0.033,0.919,0.048
1200,0.032,0.932,0.036
1300,0.031,0.898,0.071
1400,0.052,0.890,0.058
1500,0.060,0.892,0.048
1600,0.063,0.888,0.049
1700,0.074,0.864,0.062
1800,0.063,0.881,0.056
1900,0.046,0.909,0.045
2000,0.080,0.881,0.039
2100,0.064,0.864,0.072
2200,0.099,0.845,0.056
2300,0.089,0.844,0.067
2400,0.117,0.797,0.086
2500,0.120,0.752,0.128
2600,0.164,0.704,0.132
2700,0.181,0.698,0.121
2800,0.200,0.669,0.131
2900,0.190,0.631,0.179
3000,0.229,0.600,0.171
3100,0.271,0.582,0.147
3200,0.212,0.604,0.184
3300,0.190,0.609,0.201
3400,0.233,0.613,0.154
3500,0.232,0.588,0.180
3600,0.264,0.596,0.140
3700,0.269,0.590,0.141
3800,0.303,0.567,0.130
3900,0.277,0.599,0.124
4000,0.240,0.610,0.150
4100,0.305,0.572,0.123
4200,0.333,0.523,0.144
4300,0.291,0.488,0.221
4400,0.298,0.479,0.223
4500,0.441,0.351,0.208
4600,0.432,0.365,0.203
4700,0.398,0.390,0.212
4800,0.435,0.355,0.210
4900,0.469,0.365,0.166
5000,0.527,0.327,0.146
5100,0.537,0.287,0.176
5200,0.510,0.345,0.145
5300,0.453,0.373,0.174
5400,0.431,0.389,0.180
5500,0.434,0.392,0.174
5600,0.521,0.311,0.168
5700,0.550,0.253,0.197
5800,0.549,0.260,0.191
5900,0.525,0.313,0.162
6000,0.512,0.322,0.166
6100,0.518,0.282,0.200
6200,0.525,0.281,0.194
6300,0.559,0.258,0.183
6400,0.568,0.254,0.178
6500,0.616,0.219,0.165
6600,0.633,0.182,0.185
6700,0.633,0.185,0.182
6800,0.589,0.229,0.182
6900,0.625,0.224,0.151
7000,0.607,0.222,0.171
7100,0.605,0.238,0.157
7200,0.669,0.183,0.148
7300,0.721,0.116,0.163
7400,0.708,0.179,0.113
7500,0.715,0.171,0.114
7600,0.740,0.163,0.097
7700,0.675,0.204,0.121
7800,0.687,0.188,0.125
7900,0.750,0.136,0.114
8000,0.765,0.127,0.108
8100,0.717,0.137,0.146
8200,0.731,0.129,0.140
8300,0.768,0.130,0.102
8400,0.699,0.169,0.132
8500,0.681,0.137,0.182
8600,0.633,0.214,0.153
8700,0.615,0.202,0.183
8800,0.637,0.205,0.158
8900,0.595,0.264,0.141
9000,0.615,0.238,0.147
9100,0.631,0.218,0.151
9200,0.666,0.206,0.128
9300,0.712,0.133,0.155
9400,0.699,0.132,0.169
9500,0.730,0.106,0.164
9600,0.807,0.083,0.110
9700,0.774,0.087,0.139
9800,0.769,0.098,0.133
9900,0.773,0.114,0.113
10000,0.779,0.100,0.121
10100,0.742,0.130,0.128
10200,0.744,0.137,0.119
10300,0.756,0.111,0.133
10400,0.787,0.094,0.119
10500,0.781,0.099,0.120
10600,0.757,0.097,0.146
10700,0.836,0.059,0.105
10800,0.872,0.046,0.082
10900,0.898,0.044,0.058
11000,0.910,0.037,0.053
11100,0.916,0.032,0.052
11200,0.900,0.032,0.068
11300,0.898,0.032,0.070
11400,0.905,0.037,0.058
11500,0.933,0.012,0.055
11600,0.944,0.019,0.037
11700,0.950,0.012,0.038
11800,0.978,0.005,0.017
11900,0.969,0.000,0.031
12000,0.975,0.000,0.025
12100,0.971,0.000,0.029
12200,0.981,0.000,0.019
12300,0.988,0.000,0.012
12400,0.995,0.000,0.005
12500,0.995,0.000,0.005
12600,0.996,0.000,0.004
12700,0.997,0.000,0.003
12800,0.998,0.000,0.002
12900,0.999,0.000,0.001
13000,1.000,0.000,0.000
