time,n_A+p,n_B,n_AB
500,0.080,0.428,0.492
1000,0.080,0.133,0.787
1500,0.145,0.051,0.803
2000,0.413,0.003,0.584
2500,0.540,0.000,0.460
3000,0.618,0.000,0.382
3500,0.674,0.000,0.326
4000,0.688,0.000,0.312
4500,0.699,0.000,0.301
5000,0.769,0.000,0.231
5500,0.781,0.000,0.219
6000,0.766,0.000,0.234
6500,0.822,0.000,0.178
7000,0.809,0.000,0.191
7500,0.804,0.000,0.196
8000,0.880,0.000,0.120
8500,0.885,0.000,0.115
9000,0.905,0.000,0.095
9500,0.856,0.000,0.144
10000,0.854,0.000,0.146
10500,0.878,0.000,0.122
11000,0.750,0.000,0.250
11500,0.749,0.000,0.251
12000,0.802,0.000,0.198
12500,0.716,0.000,0.284
13000,0.746,0.000,0.254
13500,0.700,0.000,0.300
14000,0.757,0.000,0.243
14500,0.845,0.000,0.155
15000,0.906,0.000,0.094
15500,0.920,0.000,0.080
16000,0.908,0.000,0.092
16500,0.893,0.000,0.107
17000,0.909,0.000,0.091
17500,0.946,0.000,0.054
18000,0.949,0.000,0.051
18500,0.948,0.000,0.052
19000,0.887,0.000,0.113
19500,0.896,0.000,0.104
20000,0.897,0.000,0.103
20500,0.931,0.000,0.069
21000,0.909,0.000,0.091
21500,0.956,0.000,0.044
22000,0.956,0.000,0.044
22500,0.962,0.000,0.038
23000,0.996,0.000,0.004
23500,0.985,0.000,0.015
24000,0.994,0.000,0.006
24500,0.995,0.000,0.005
25000,0.997,0.000,0.003
25500,1.000,0.000,0.000
26000,1.000,0.000,0.000
