time,n_A+p,n_B,n_AB
500,0.269,0.003,0.728
1000,0.565,0.000,0.435
1500,0.627,0.000,0.373
2000,0.712,0.000,0.288
2500,0.895,0.000,0.105
3000,0.865,0.000,0.135
3500,0.841,0.000,0.159
4000,0.868,0.000,0.132
4500,0.780,0.000,0.220
5000,0.506,0.000,0.494
5500,0.731,0.000,0.269
6000,0.513,0.000,0.487
6500,0.524,0.000,0.476
7000,0.715,0.000,0.285
7500,0.728,0.000,0.272
8000,0.759,0.000,0.241
8500,0.523,0.000,0.477
9000,0.738,0.000,0.262
9500,0.624,0.000,0.376
10000,0.570,0.000,0.430
10500,0.609,0.000,0.391
11000,0.732,0.000,0.268
11500,0.737,0.000,0.263
12000,0.834,0.000,0.166
12500,0.614,0.000,0.386
13000,0.772,0.000,0.228
13500,0.588,0.000,0.412
14000,0.603,0.000,0.397
14500,0.566,0.000,0.434
15000,0.619,0.000,0.381
15500,0.751,0.000,0.249
16000,0.713,0.000,0.287
16500,0.694,0.000,0.306
17000,0.579,0.000,0.421
17500,0.596,0.000,0.404
18000,0.726,0.000,0.274
18500,0.489,0.000,0.511
19000,0.591,0.000,0.409
19500,0.850,0.000,0.150
20000,0.882,0.000,0.118
20500,0.840,0.000,0.160
21000,0.636,0.000,0.364
21500,0.609,0.000,0.391
22000,0.507,0.000,0.493
22500,0.535,0.000,0.465
23000,0.806,0.000,0.194
23500,0.719,0.000,0.281
24000,0.581,0.000,0.419
24500,0.763,0.000,0.237
25000,0.624,0.000,0.376
25500,0.830,0.000,0.170
26000,0.791,0.000,0.209
26500,0.610,0.000,0.390
27000,0.541,0.000,0.459
27500,0.589,0.000,0.411
28000,0.670,0.000,0.330
28500,0.552,0.000,0.448
29000,0.580,0.000,0.420
29500,0.725,0.000,0.275
30000,0.717,0.000,0.283
30500,0.544,0.000,0.456
31000,0.499,0.000,0.501
31500,0.719,0.000,0.281
32000,0.916,0.000,0.084
32500,0.620,0.000,0.380
33000,0.441,0.000,0.559
33500,0.454,0.000,0.546
34000,0.552,0.000,0.448
34500,0.544,0.000,0.456
35000,0.772,0.000,0.228
35500,0.810,0.000,0.190
36000,0.821,0.000,0.179
36500,0.547,0.000,0.453
37000,0.740,0.000,0.260
37500,0.530,0.000,0.470
38000,0.651,0.000,0.349
38500,0.602,0.000,0.398
39000,0.547,0.000,0.453
39500,0.664,0.000,0.336
40000,0.546,0.000,0.454
40500,0.548,0.000,0.452
41000,0.672,0.000,0.328
41500,0.538,0.000,0.462
42000,0.592,0.000,0.408
42500,0.509,0.000,0.491
43000,0.953,0.000,0.047
43500,0.531,0.000,0.469
44000,0.670,0.000,0.330
44500,0.469,0.000,0.531
45000,0.682,0.000,0.318
45500,0.585,0.000,0.415
46000,0.980,0.000,0.020
46500,0.999,0.000,0.001
47000,1.000,0.000,0.000
