time,n_A+p,n_B,n_AB
500,0.080,0.664,0.256
1000,0.083,0.504,0.413
1500,0.093,0.351,0.556
2000,0.117,0.238,0.645
2500,0.115,0.219,0.666
3000,0.148,0.203,0.649
3500,0.120,0.200,0.680
4000,0.155,0.171,0.674
4500,0.204,0.144,0.652
5000,0.346,0.059,0.595
5500,0.560,0.007,0.433
6000,0.674,0.000,0.326
6500,0.729,0.000,0.271
7000,0.816,0.000,0.184
7500,0.842,0.000,0.158
8000,0.869,0.000,0.131
8500,0.915,0.000,0.085
9000,0.932,0.000,0.068
9500,0.949,0.000,0.051
10000,0.947,0.000,0.053
10500,0.964,0.000,0.036
11000,0.965,0.000,0.035
11500,0.976,0.000,0.024
12000,0.984,0.000,0.016
12500,0.983,0.000,0.017
13000,0.972,0.000,0.028
13500,0.977,0.000,0.023
14000,0.989,0.000,0.011
14500,0.980,0.000,0.020
15000,0.968,0.000,0.032
15500,0.976,0.000,0.024
16000,0.970,0.000,0.030
16500,0.976,0.000,0.024
17000,0.992,0.000,0.008
17500,0.995,0.000,0.005
18000,0.996,0.000,0.004
18500,1.000,0.000,0.000
