time,n_A+p,n_B,n_AB
100,0.030,0.969,0.001
200,0.030,0.966,0.004
300,0.030,0.965,0.005
400,0.030,0.964,0.006
500,0.030,0.938,0.033
600,0.030,0.938,0.033
700,0.030,0.935,0.036
800,0.031,0.934,0.036
900,0.031,0.920,0.049
1000,0.030,0.910,0.060
1100,0.031,0.896,0.074
1200,0.049,0.889,0.062
1300,0.051,0.879,0.069
1400,0.050,0.873,0.077
1500,0.052,0.857,0.091
1600,0.049,0.864,0.087
1700,0.065,0.841,0.094
1800,0.069,0.835,0.096
1900,0.067,0.841,0.092
2000,0.061,0.829,0.109
2100,0.062,0.821,0.116
2200,0.059,0.823,0.117
2300,0.053,0.822,0.125
2400,0.058,0.822,0.120
2500,0.070,0.815,0.114
2600,0.074,0.817,0.109
2700,0.074,0.812,0.114
2800,0.067,0.807,0.126
2900,0.065,0.808,0.127
3000,0.062,0.812,0.126
3100,0.060,0.803,0.137
3200,0.064,0.803,0.133
3300,0.076,0.814,0.110
3400,0.082,0.800,0.118
3500,0.079,0.790,0.132
3600,0.079,0.775,0.146
3700,0.080,0.776,0.144
3800,0.079,0.794,0.128
3900,0.082,0.766,0.152
4000,0.084,0.753,0.163
4100,0.081,0.751,0.169
4200,0.079,0.755,0.166
4300,0.074,0.739,0.188
4400,0.072,0.735,0.193
4500,0.065,0.748,0.187
4600,0.064,0.736,0.199
4700,0.061,0.743,0.196
4800,0.084,0.736,0.180
4900,0.094,0.712,0.194
5000,0.078,0.726,0.196
5100,0.059,0.735,0.205
5200,0.063,0.748,0.189
5300,0.063,0.745,0.192
5400,0.068,0.744,0.188
5500,0.067,0.745,0.188
5600,0.075,0.723,0.202
5700,0.078,0.716,0.206
5800,0.080,0.722,0.198
5900,0.082,0.726,0.192
6000,0.084,0.730,0.186
6100,0.083,0.717,0.200
6200,0.078,0.713,0.209
6300,0.079,0.705,0.217
6400,0.073,0.694,0.234
6500,0.066,0.695,0.239
6600,0.067,0.695,0.238
6700,0.063,0.700,0.237
6800,0.094,0.685,0.221
6900,0.100,0.668,0.232
7000,0.101,0.678,0.221
7100,0.099,0.685,0.216
7200,0.094,0.651,0.255
7300,0.088,0.673,0.239
7400,0.083,0.666,0.251
7500,0.083,0.678,0.239
7600,0.090,0.675,0.235
7700,0.090,0.670,0.240
7800,0.090,0.677,0.233
7900,0.091,0.671,0.238
8000,0.085,0.675,0.240
8100,0.080,0.673,0.247
8200,0.082,0.673,0.245
8300,0.080,0.678,0.242
8400,0.076,0.680,0.244
8500,0.089,0.670,0.241
8600,0.094,0.675,0.231
8700,0.087,0.675,0.238
8800,0.086,0.686,0.228
8900,0.087,0.679,0.234
9000,0.089,0.672,0.239
9100,0.082,0.673,0.245
9200,0.070,0.703,0.227
9300,0.070,0.701,0.229
9400,0.072,0.701,0.228
9500,0.072,0.698,0.231
9600,0.067,0.693,0.240
9700,0.069,0.698,0.233
9800,0.068,0.701,0.231
9900,0.104,0.680,0.216
10000,0.113,0.673,0.213
10100,0.128,0.674,0.198
10200,0.123,0.674,0.203
10300,0.128,0.661,0.211
10400,0.120,0.658,0.223
10500,0.118,0.681,0.200
10600,0.113,0.679,0.207
10700,0.111,0.680,0.208
10800,0.108,0.667,0.225
10900,0.116,0.653,0.231
11000,0.117,0.652,0.231
11100,0.120,0.655,0.226
11200,0.114,0.652,0.234
11300,0.105,0.645,0.250
11400,0.112,0.657,0.231
11500,0.112,0.634,0.253
11600,0.108,0.653,0.239
11700,0.108,0.651,0.241
11800,0.103,0.635,0.261
11900,0.113,0.623,0.264
12000,0.111,0.621,0.268
12100,0.103,0.625,0.272
12200,0.114,0.621,0.265
12300,0.110,0.618,0.272
12400,0.111,0.602,0.287
12500,0.110,0.614,0.276
12600,0.108,0.612,0.280
12700,0.108,0.629,0.263
12800,0.114,0.627,0.258
12900,0.122,0.623,0.255
13000,0.128,0.626,0.246
13100,0.126,0.619,0.255
13200,0.121,0.608,0.272
13300,0.121,0.612,0.268
13400,0.126,0.600,0.275
13500,0.123,0.608,0.270
13600,0.120,0.600,0.281
13700,0.115,0.602,0.283
13800,0.126,0.600,0.275
13900,0.120,0.588,0.292
14000,0.124,0.587,0.289
14100,0.124,0.580,0.296
14200,0.116,0.581,0.302
14300,0.120,0.589,0.291
14400,0.121,0.582,0.297
14500,0.115,0.590,0.294
14600,0.104,0.584,0.312
14700,0.116,0.573,0.311
14800,0.114,0.567,0.319
14900,0.131,0.581,0.288
15000,0.141,0.557,0.302
15100,0.158,0.541,0.300
15200,0.155,0.545,0.299
15300,0.160,0.542,0.297
15400,0.168,0.534,0.298
15500,0.165,0.545,0.289
15600,0.164,0.542,0.293
15700,0.162,0.531,0.306
15800,0.169,0.528,0.303
15900,0.171,0.532,0.297
16000,0.176,0.526,0.298
16100,0.178,0.517,0.305
16200,0.177,0.505,0.319
16300,0.169,0.503,0.329
16400,0.172,0.503,0.326
16500,0.172,0.503,0.326
16600,0.170,0.510,0.321
16700,0.173,0.497,0.330
16800,0.174,0.497,0.329
16900,0.178,0.498,0.324
17000,0.170,0.499,0.331
17100,0.173,0.501,0.327
17200,0.164,0.502,0.334
17300,0.164,0.488,0.347
17400,0.162,0.501,0.337
17500,0.171,0.482,0.347
17600,0.171,0.483,0.346
17700,0.179,0.488,0.333
17800,0.171,0.499,0.330
17900,0.171,0.494,0.335
18000,0.173,0.482,0.345
18100,0.164,0.482,0.353
18200,0.175,0.488,0.337
18300,0.158,0.484,0.358
18400,0.158,0.481,0.361
18500,0.154,0.504,0.342
18600,0.151,0.497,0.351
18700,0.163,0.487,0.349
18800,0.162,0.499,0.338
18900,0.184,0.499,0.317
19000,0.186,0.494,0.320
19100,0.183,0.491,0.326
19200,0.190,0.479,0.331
19300,0.177,0.476,0.347
19400,0.193,0.476,0.331
19500,0.187,0.466,0.347
19600,0.183,0.481,0.336
19700,0.188,0.474,0.338
19800,0.190,0.468,0.342
19900,0.190,0.469,0.341
20000,0.199,0.467,0.334
20100,0.190,0.475,0.335
20200,0.189,0.475,0.336
20300,0.193,0.480,0.327
20400,0.199,0.474,0.327
20500,0.190,0.488,0.322
20600,0.191,0.485,0.324
20700,0.210,0.483,0.306
20800,0.209,0.478,0.313
20900,0.204,0.476,0.320
21000,0.206,0.482,0.312
21100,0.217,0.496,0.287
21200,0.224,0.497,0.279
21300,0.210,0.495,0.294
21400,0.211,0.492,0.296
21500,0.190,0.491,0.319
21600,0.191,0.491,0.318
21700,0.192,0.489,0.319
21800,0.198,0.470,0.332
21900,0.209,0.464,0.327
22000,0.208,0.465,0.327
22100,0.182,0.479,0.339
22200,0.173,0.479,0.348
22300,0.179,0.465,0.356
22400,0.176,0.471,0.353
22500,0.178,0.462,0.361
22600,0.162,0.460,0.378
22700,0.159,0.451,0.389
22800,0.158,0.453,0.389
22900,0.168,0.459,0.374
23000,0.166,0.458,0.376
23100,0.174,0.460,0.367
23200,0.172,0.468,0.361
23300,0.182,0.461,0.358
23400,0.192,0.462,0.346
23500,0.169,0.470,0.362
23600,0.166,0.473,0.361
23700,0.176,0.468,0.356
23800,0.183,0.480,0.337
23900,0.172,0.487,0.341
24000,0.186,0.486,0.328
24100,0.182,0.471,0.347
24200,0.195,0.453,0.352
24300,0.190,0.459,0.351
24400,0.189,0.461,0.350
24500,0.209,0.457,0.334
24600,0.216,0.466,0.319
24700,0.203,0.449,0.347
24800,0.198,0.470,0.332
24900,0.191,0.477,0.332
25000,0.186,0.483,0.331
25100,0.190,0.478,0.332
25200,0.201,0.482,0.317
25300,0.191,0.491,0.318
25400,0.191,0.479,0.330
25500,0.186,0.493,0.321
25600,0.192,0.493,0.315
25700,0.190,0.497,0.313
25800,0.184,0.497,0.319
25900,0.173,0.504,0.324
26000,0.176,0.497,0.327
26100,0.177,0.489,0.334
26200,0.186,0.478,0.336
26300,0.180,0.490,0.330
26400,0.179,0.494,0.327
26500,0.187,0.483,0.330
26600,0.176,0.490,0.334
26700,0.181,0.494,0.325
26800,0.182,0.493,0.325
26900,0.163,0.489,0.347
27000,0.174,0.489,0.337
27100,0.175,0.507,0.319
27200,0.183,0.488,0.329
27300,0.174,0.492,0.334
27400,0.176,0.495,0.329
27500,0.189,0.499,0.312
27600,0.194,0.489,0.317
27700,0.195,0.480,0.325
27800,0.179,0.492,0.329
27900,0.175,0.478,0.347
28000,0.176,0.479,0.345
28100,0.179,0.473,0.348
28200,0.197,0.469,0.334
28300,0.188,0.477,0.335
28400,0.202,0.465,0.333
28500,0.212,0.449,0.338
28600,0.216,0.441,0.343
28700,0.216,0.443,0.341
28800,0.215,0.436,0.349
28900,0.225,0.440,0.335
29000,0.229,0.419,0.352
29100,0.215,0.412,0.374
29200,0.210,0.404,0.385
29300,0.209,0.401,0.389
29400,0.215,0.416,0.370
29500,0.212,0.417,0.371
29600,0.193,0.431,0.376
29700,0.198,0.436,0.366
29800,0.200,0.430,0.370
29900,0.208,0.417,0.375
30000,0.224,0.417,0.360
30100,0.215,0.408,0.378
30200,0.222,0.415,0.364
30300,0.217,0.412,0.372
30400,0.219,0.394,0.387
30500,0.222,0.396,0.382
30600,0.228,0.399,0.373
30700,0.223,0.399,0.378
30800,0.217,0.402,0.381
30900,0.218,0.403,0.379
31000,0.211,0.407,0.382
31100,0.215,0.408,0.378
31200,0.212,0.401,0.386
31300,0.220,0.401,0.379
31400,0.216,0.401,0.383
31500,0.208,0.399,0.392
31600,0.211,0.395,0.393
31700,0.227,0.385,0.388
31800,0.232,0.389,0.379
31900,0.221,0.391,0.388
32000,0.215,0.390,0.395
32100,0.210,0.392,0.397
32200,0.231,0.390,0.379
32300,0.231,0.388,0.381
32400,0.234,0.385,0.381
32500,0.237,0.380,0.383
32600,0.232,0.394,0.374
32700,0.221,0.395,0.384
32800,0.226,0.416,0.359
32900,0.215,0.412,0.374
33000,0.219,0.410,0.372
33100,0.217,0.399,0.384
33200,0.222,0.393,0.385
33300,0.222,0.391,0.387
33400,0.210,0.397,0.392
33500,0.213,0.395,0.391
33600,0.221,0.397,0.382
33700,0.219,0.390,0.391
33800,0.232,0.386,0.382
33900,0.229,0.396,0.375
34000,0.220,0.398,0.382
34100,0.230,0.396,0.374
34200,0.228,0.401,0.371
34300,0.223,0.390,0.387
34400,0.228,0.386,0.386
34500,0.234,0.382,0.384
34600,0.212,0.385,0.402
34700,0.222,0.378,0.400
34800,0.219,0.389,0.392
34900,0.213,0.386,0.400
35000,0.217,0.397,0.386
35100,0.211,0.396,0.392
35200,0.223,0.391,0.386
35300,0.213,0.411,0.376
35400,0.221,0.408,0.372
35500,0.232,0.404,0.364
35600,0.234,0.403,0.363
35700,0.235,0.402,0.363
35800,0.241,0.400,0.359
35900,0.238,0.397,0.365
36000,0.243,0.394,0.363
36100,0.239,0.392,0.369
36200,0.252,0.392,0.355
36300,0.239,0.393,0.368
36400,0.252,0.384,0.364
36500,0.248,0.369,0.383
36600,0.253,0.368,0.379
36700,0.248,0.363,0.389
36800,0.255,0.377,0.368
36900,0.246,0.376,0.378
37000,0.246,0.369,0.385
37100,0.250,0.371,0.379
37200,0.252,0.372,0.376
37300,0.242,0.370,0.388
37400,0.236,0.373,0.391
37500,0.246,0.375,0.379
37600,0.247,0.367,0.386
37700,0.244,0.364,0.392
37800,0.241,0.361,0.398
37900,0.250,0.360,0.390
38000,0.242,0.358,0.400
38100,0.252,0.362,0.386
38200,0.252,0.364,0.384
38300,0.245,0.364,0.391
38400,0.261,0.359,0.380
38500,0.249,0.371,0.380
38600,0.248,0.376,0.376
38700,0.251,0.369,0.380
38800,0.264,0.359,0.378
38900,0.256,0.365,0.379
39000,0.257,0.362,0.381
39100,0.247,0.350,0.402
39200,0.240,0.341,0.419
39300,0.264,0.340,0.396
39400,0.260,0.344,0.395
39500,0.258,0.337,0.404
39600,0.249,0.350,0.400
39700,0.244,0.347,0.409
39800,0.242,0.343,0.415
39900,0.239,0.363,0.398
40000,0.260,0.359,0.381
40100,0.253,0.369,0.378
40200,0.246,0.360,0.394
40300,0.241,0.365,0.394
40400,0.251,0.354,0.394
40500,0.264,0.353,0.383
40600,0.261,0.364,0.375
40700,0.255,0.367,0.378
40800,0.269,0.353,0.378
40900,0.268,0.356,0.376
41000,0.251,0.358,0.391
41100,0.252,0.366,0.382
41200,0.255,0.359,0.386
41300,0.255,0.350,0.394
41400,0.260,0.368,0.372
41500,0.267,0.360,0.374
41600,0.254,0.382,0.364
41700,0.242,0.397,0.361
41800,0.245,0.386,0.369
41900,0.243,0.388,0.369
42000,0.241,0.387,0.372
42100,0.245,0.381,0.374
42200,0.244,0.380,0.376
42300,0.248,0.369,0.383
42400,0.252,0.369,0.379
42500,0.257,0.363,0.380
42600,0.255,0.364,0.381
42700,0.254,0.371,0.375
42800,0.253,0.389,0.358
42900,0.264,0.387,0.349
43000,0.278,0.385,0.337
43100,0.273,0.383,0.344
43200,0.277,0.389,0.334
43300,0.291,0.381,0.328
43400,0.293,0.372,0.335
43500,0.297,0.375,0.328
43600,0.304,0.361,0.335
43700,0.308,0.347,0.344
43800,0.305,0.345,0.349
43900,0.300,0.344,0.355
44000,0.295,0.344,0.361
44100,0.309,0.344,0.346
44200,0.289,0.347,0.364
44300,0.287,0.339,0.374
44400,0.271,0.339,0.390
44500,0.276,0.346,0.378
44600,0.259,0.371,0.370
44700,0.250,0.366,0.384
44800,0.254,0.376,0.370
44900,0.268,0.376,0.356
45000,0.270,0.366,0.365
45100,0.279,0.361,0.361
45200,0.268,0.368,0.365
45300,0.269,0.361,0.371
45400,0.255,0.360,0.385
45500,0.267,0.359,0.375
45600,0.291,0.354,0.354
45700,0.287,0.358,0.355
45800,0.280,0.366,0.354
45900,0.257,0.372,0.371
46000,0.264,0.367,0.370
46100,0.266,0.372,0.363
46200,0.278,0.378,0.344
46300,0.295,0.364,0.341
46400,0.293,0.362,0.345
46500,0.283,0.368,0.349
46600,0.286,0.367,0.347
46700,0.277,0.360,0.364
46800,0.307,0.356,0.336
46900,0.298,0.355,0.346
47000,0.291,0.366,0.343
47100,0.287,0.361,0.352
47200,0.287,0.346,0.367
47300,0.288,0.336,0.376
47400,0.311,0.332,0.358
47500,0.321,0.344,0.335
47600,0.313,0.343,0.344
47700,0.321,0.339,0.340
47800,0.332,0.326,0.342
47900,0.326,0.322,0.352
48000,0.324,0.320,0.356
48100,0.330,0.312,0.359
48200,0.309,0.313,0.378
48300,0.301,0.324,0.375
48400,0.312,0.325,0.364
48500,0.299,0.324,0.377
48600,0.304,0.318,0.378
48700,0.292,0.319,0.389
48800,0.305,0.322,0.373
48900,0.293,0.323,0.384
49000,0.291,0.331,0.378
49100,0.296,0.337,0.367
49200,0.303,0.332,0.365
49300,0.321,0.323,0.356
49400,0.319,0.329,0.352
49500,0.316,0.331,0.353
49600,0.321,0.325,0.354
49700,0.313,0.317,0.371
49800,0.313,0.339,0.348
49900,0.314,0.330,0.356
50000,0.303,0.322,0.375
50100,0.313,0.321,0.367
50200,0.309,0.322,0.369
50300,0.312,0.326,0.363
50400,0.314,0.325,0.362
50500,0.308,0.338,0.353
50600,0.305,0.344,0.350
50700,0.296,0.343,0.361
50800,0.294,0.337,0.369
50900,0.296,0.341,0.363
51000,0.302,0.340,0.358
51100,0.295,0.347,0.358
51200,0.302,0.342,0.355
51300,0.306,0.339,0.354
51400,0.301,0.345,0.353
51500,0.293,0.351,0.355
51600,0.296,0.347,0.356
51700,0.290,0.346,0.364
51800,0.294,0.353,0.352
51900,0.297,0.337,0.366
52000,0.286,0.328,0.386
52100,0.282,0.334,0.384
52200,0.269,0.334,0.397
52300,0.290,0.343,0.367
52400,0.286,0.345,0.369
52500,0.296,0.342,0.362
52600,0.305,0.325,0.370
52700,0.307,0.322,0.371
52800,0.311,0.323,0.367
52900,0.325,0.320,0.355
53000,0.339,0.311,0.350
53100,0.332,0.298,0.370
53200,0.338,0.303,0.359
53300,0.336,0.302,0.362
53400,0.349,0.303,0.347
53500,0.358,0.303,0.339
53600,0.360,0.291,0.349
53700,0.363,0.285,0.352
53800,0.364,0.289,0.347
53900,0.362,0.290,0.348
54000,0.344,0.291,0.365
54100,0.358,0.290,0.352
54200,0.356,0.301,0.342
54300,0.369,0.302,0.329
54400,0.361,0.298,0.341
54500,0.355,0.302,0.342
54600,0.352,0.309,0.338
54700,0.363,0.299,0.338
54800,0.355,0.307,0.337
54900,0.356,0.301,0.342
55000,0.348,0.308,0.343
55100,0.352,0.309,0.338
55200,0.358,0.306,0.336
55300,0.363,0.304,0.333
55400,0.346,0.302,0.351
55500,0.341,0.303,0.355
55600,0.332,0.300,0.368
55700,0.337,0.303,0.360
55800,0.341,0.304,0.354
55900,0.335,0.319,0.346
56000,0.324,0.311,0.366
56100,0.329,0.303,0.368
56200,0.313,0.318,0.370
56300,0.311,0.315,0.375
56400,0.326,0.300,0.374
56500,0.323,0.315,0.363
56600,0.317,0.318,0.366
56700,0.321,0.316,0.364
56800,0.314,0.314,0.373
56900,0.305,0.318,0.377
57000,0.320,0.317,0.364
57100,0.315,0.315,0.371
57200,0.316,0.321,0.364
57300,0.306,0.324,0.370
57400,0.309,0.324,0.367
57500,0.324,0.307,0.369
57600,0.306,0.304,0.389
57700,0.316,0.309,0.375
57800,0.317,0.301,0.382
57900,0.312,0.298,0.390
58000,0.311,0.292,0.397
58100,0.307,0.293,0.399
58200,0.302,0.293,0.404
58300,0.304,0.287,0.409
58400,0.319,0.290,0.391
58500,0.309,0.289,0.401
58600,0.322,0.280,0.398
58700,0.304,0.300,0.395
58800,0.311,0.306,0.383
58900,0.320,0.312,0.369
59000,0.328,0.307,0.365
59100,0.344,0.302,0.353
59200,0.341,0.303,0.355
59300,0.334,0.308,0.358
59400,0.326,0.307,0.367
59500,0.334,0.293,0.373
59600,0.325,0.303,0.372
59700,0.330,0.300,0.370
59800,0.318,0.303,0.379
59900,0.315,0.294,0.391
60000,0.305,0.299,0.395
60100,0.306,0.299,0.394
60200,0.313,0.294,0.393
60300,0.330,0.288,0.382
60400,0.333,0.287,0.380
60500,0.322,0.284,0.394
60600,0.328,0.274,0.398
60700,0.331,0.272,0.397
60800,0.317,0.270,0.414
60900,0.316,0.274,0.411
61000,0.315,0.291,0.394
61100,0.313,0.285,0.402
61200,0.326,0.289,0.385
61300,0.322,0.299,0.379
61400,0.321,0.308,0.371
61500,0.319,0.308,0.373
61600,0.334,0.297,0.369
61700,0.327,0.297,0.376
61800,0.314,0.304,0.382
61900,0.322,0.298,0.380
62000,0.323,0.293,0.384
62100,0.342,0.286,0.372
62200,0.349,0.290,0.361
62300,0.356,0.287,0.356
62400,0.349,0.291,0.360
62500,0.348,0.298,0.353
62600,0.335,0.301,0.364
62700,0.323,0.306,0.371
62800,0.320,0.314,0.367
62900,0.316,0.314,0.371
63000,0.321,0.304,0.375
63100,0.312,0.293,0.395
63200,0.314,0.293,0.393
63300,0.299,0.301,0.399
63400,0.308,0.304,0.387
63500,0.309,0.306,0.384
63600,0.312,0.293,0.395
63700,0.313,0.278,0.410
63800,0.331,0.280,0.389
63900,0.346,0.276,0.378
64000,0.343,0.277,0.380
64100,0.344,0.282,0.374
64200,0.333,0.284,0.383
64300,0.338,0.285,0.377
64400,0.319,0.289,0.392
64500,0.330,0.309,0.361
64600,0.323,0.307,0.370
64700,0.332,0.300,0.368
64800,0.325,0.329,0.346
64900,0.322,0.331,0.347
65000,0.324,0.341,0.335
65100,0.309,0.348,0.342
65200,0.304,0.349,0.346
65300,0.297,0.341,0.362
65400,0.290,0.342,0.368
65500,0.290,0.336,0.374
65600,0.287,0.339,0.374
65700,0.280,0.340,0.380
65800,0.288,0.329,0.383
65900,0.282,0.326,0.392
66000,0.301,0.299,0.399
66100,0.326,0.299,0.375
66200,0.322,0.305,0.373
66300,0.329,0.321,0.350
66400,0.327,0.312,0.362
66500,0.309,0.309,0.381
66600,0.300,0.298,0.401
66700,0.307,0.295,0.397
66800,0.313,0.295,0.392
66900,0.299,0.286,0.415
67000,0.303,0.294,0.402
67100,0.306,0.302,0.391
67200,0.307,0.294,0.398
67300,0.299,0.289,0.412
67400,0.301,0.294,0.404
67500,0.299,0.301,0.399
67600,0.303,0.304,0.392
67700,0.306,0.305,0.388
67800,0.315,0.305,0.380
67900,0.302,0.301,0.396
68000,0.317,0.291,0.392
68100,0.313,0.306,0.381
68200,0.316,0.314,0.371
68300,0.316,0.316,0.369
68400,0.323,0.315,0.363
68500,0.331,0.303,0.366
68600,0.325,0.309,0.366
68700,0.321,0.306,0.373
68800,0.315,0.299,0.386
68900,0.305,0.289,0.406
69000,0.299,0.293,0.408
69100,0.294,0.289,0.417
69200,0.297,0.299,0.403
69300,0.296,0.303,0.400
69400,0.302,0.305,0.392
69500,0.303,0.313,0.384
69600,0.315,0.303,0.382
69700,0.309,0.309,0.381
69800,0.306,0.319,0.375
69900,0.327,0.317,0.356
70000,0.303,0.321,0.376
70100,0.294,0.325,0.381
70200,0.292,0.320,0.388
70300,0.286,0.306,0.408
70400,0.273,0.332,0.395
70500,0.283,0.337,0.380
70600,0.293,0.329,0.378
70700,0.304,0.313,0.383
70800,0.312,0.309,0.379
70900,0.304,0.324,0.372
71000,0.284,0.318,0.398
71100,0.286,0.318,0.396
71200,0.270,0.317,0.414
71300,0.272,0.323,0.406
71400,0.273,0.319,0.409
71500,0.257,0.323,0.420
71600,0.266,0.306,0.428
71700,0.257,0.294,0.448
71800,0.248,0.330,0.422
71900,0.228,0.339,0.433
72000,0.237,0.335,0.428
72100,0.222,0.354,0.424
72200,0.229,0.349,0.422
72300,0.224,0.351,0.425
72400,0.227,0.349,0.424
72500,0.229,0.354,0.417
72600,0.225,0.354,0.421
72700,0.228,0.353,0.419
72800,0.227,0.342,0.431
72900,0.211,0.359,0.430
73000,0.212,0.362,0.426
73100,0.212,0.358,0.430
73200,0.218,0.370,0.413
73300,0.224,0.367,0.410
73400,0.236,0.351,0.413
73500,0.249,0.335,0.416
73600,0.235,0.327,0.438
73700,0.248,0.329,0.423
73800,0.244,0.340,0.416
73900,0.236,0.340,0.424
74000,0.241,0.338,0.421
74100,0.250,0.323,0.427
74200,0.256,0.318,0.426
74300,0.241,0.315,0.444
74400,0.230,0.319,0.451
74500,0.242,0.330,0.428
74600,0.252,0.327,0.421
74700,0.251,0.309,0.439
74800,0.249,0.317,0.434
74900,0.243,0.324,0.433
75000,0.240,0.322,0.438
75100,0.255,0.318,0.427
75200,0.257,0.317,0.426
75300,0.266,0.313,0.422
75400,0.259,0.303,0.437
75500,0.255,0.297,0.447
75600,0.273,0.291,0.436
75700,0.272,0.295,0.433
75800,0.285,0.287,0.428
75900,0.291,0.287,0.422
76000,0.272,0.296,0.432
76100,0.263,0.296,0.441
76200,0.281,0.292,0.427
76300,0.277,0.296,0.427
76400,0.277,0.294,0.429
76500,0.279,0.291,0.430
76600,0.291,0.300,0.409
76700,0.288,0.298,0.414
76800,0.294,0.289,0.417
76900,0.294,0.295,0.411
77000,0.288,0.283,0.429
77100,0.301,0.272,0.427
77200,0.307,0.284,0.409
77300,0.305,0.282,0.413
77400,0.296,0.286,0.418
77500,0.305,0.284,0.411
77600,0.297,0.274,0.429
77700,0.301,0.269,0.430
77800,0.294,0.271,0.435
77900,0.296,0.271,0.433
78000,0.303,0.256,0.440
78100,0.301,0.255,0.443
78200,0.285,0.289,0.426
78300,0.284,0.286,0.430
78400,0.285,0.282,0.433
78500,0.291,0.281,0.428
78600,0.309,0.276,0.415
78700,0.312,0.271,0.418
78800,0.301,0.272,0.427
78900,0.313,0.279,0.409
79000,0.295,0.288,0.417
79100,0.299,0.282,0.419
79200,0.301,0.278,0.421
79300,0.321,0.261,0.418
79400,0.334,0.264,0.402
79500,0.343,0.260,0.396
79600,0.349,0.267,0.384
79700,0.343,0.265,0.392
79800,0.333,0.260,0.407
79900,0.344,0.264,0.392
80000,0.341,0.272,0.387
80100,0.333,0.271,0.396
80200,0.342,0.266,0.392
80300,0.346,0.259,0.394
80400,0.342,0.253,0.404
80500,0.341,0.254,0.404
80600,0.339,0.247,0.414
80700,0.331,0.266,0.403
80800,0.327,0.274,0.399
80900,0.326,0.273,0.401
81000,0.320,0.299,0.381
81100,0.334,0.295,0.371
81200,0.329,0.295,0.376
81300,0.324,0.284,0.392
81400,0.339,0.278,0.383
81500,0.370,0.266,0.365
81600,0.356,0.260,0.383
81700,0.379,0.252,0.369
81800,0.380,0.254,0.366
81900,0.377,0.248,0.375
82000,0.366,0.248,0.386
82100,0.369,0.241,0.390
82200,0.376,0.241,0.383
82300,0.383,0.239,0.378
82400,0.388,0.238,0.374
82500,0.382,0.231,0.387
82600,0.379,0.222,0.399
82700,0.386,0.222,0.392
82800,0.382,0.224,0.394
82900,0.374,0.224,0.402
83000,0.391,0.224,0.385
83100,0.380,0.229,0.391
83200,0.383,0.223,0.394
83300,0.375,0.243,0.382
83400,0.368,0.242,0.390
83500,0.361,0.248,0.391
83600,0.343,0.245,0.412
83700,0.333,0.247,0.420
83800,0.326,0.251,0.423
83900,0.323,0.255,0.422
84000,0.321,0.254,0.425
84100,0.316,0.265,0.420
84200,0.317,0.289,0.394
84300,0.306,0.290,0.403
84400,0.303,0.283,0.414
84500,0.302,0.279,0.419
84600,0.286,0.288,0.426
84700,0.293,0.289,0.418
84800,0.291,0.293,0.416
84900,0.283,0.300,0.417
85000,0.288,0.283,0.429
85100,0.294,0.280,0.426
85200,0.280,0.275,0.445
85300,0.266,0.280,0.455
85400,0.266,0.289,0.445
85500,0.272,0.295,0.433
85600,0.280,0.287,0.433
85700,0.285,0.277,0.438
85800,0.296,0.285,0.419
85900,0.307,0.287,0.406
86000,0.302,0.281,0.417
86100,0.299,0.282,0.419
86200,0.296,0.276,0.428
86300,0.305,0.269,0.426
86400,0.305,0.278,0.417
86500,0.295,0.283,0.422
86600,0.292,0.281,0.427
86700,0.308,0.270,0.422
86800,0.315,0.286,0.399
86900,0.332,0.286,0.382
87000,0.333,0.285,0.382
87100,0.338,0.275,0.387
87200,0.325,0.271,0.404
87300,0.324,0.280,0.396
87400,0.318,0.272,0.411
87500,0.309,0.269,0.422
87600,0.300,0.280,0.420
87700,0.298,0.286,0.416
87800,0.282,0.281,0.437
87900,0.284,0.273,0.443
88000,0.288,0.281,0.431
88100,0.295,0.275,0.430
88200,0.304,0.268,0.428
88300,0.296,0.268,0.436
88400,0.302,0.267,0.431
88500,0.305,0.268,0.427
88600,0.311,0.267,0.423
88700,0.315,0.256,0.429
88800,0.320,0.258,0.422
88900,0.311,0.266,0.424
89000,0.313,0.257,0.430
89100,0.322,0.248,0.430
89200,0.322,0.257,0.421
89300,0.320,0.258,0.422
89400,0.332,0.264,0.404
89500,0.329,0.278,0.393
89600,0.330,0.278,0.392
89700,0.331,0.279,0.390
89800,0.325,0.275,0.400
89900,0.325,0.272,0.403
90000,0.325,0.283,0.392
90100,0.323,0.280,0.397
90200,0.322,0.278,0.400
90300,0.301,0.281,0.418
90400,0.306,0.277,0.417
90500,0.308,0.281,0.411
90600,0.298,0.279,0.423
90700,0.300,0.282,0.418
90800,0.301,0.275,0.424
90900,0.304,0.274,0.422
91000,0.297,0.271,0.432
91100,0.284,0.276,0.440
91200,0.290,0.277,0.433
91300,0.285,0.286,0.429
91400,0.278,0.286,0.436
91500,0.277,0.279,0.444
91600,0.285,0.277,0.438
91700,0.285,0.278,0.437
91800,0.286,0.280,0.434
91900,0.297,0.268,0.435
92000,0.307,0.269,0.424
92100,0.324,0.281,0.395
92200,0.332,0.277,0.391
92300,0.331,0.269,0.400
92400,0.334,0.276,0.390
92500,0.347,0.276,0.377
92600,0.338,0.279,0.383
92700,0.339,0.276,0.385
92800,0.328,0.290,0.382
92900,0.323,0.288,0.389
93000,0.323,0.283,0.394
93100,0.324,0.277,0.399
93200,0.330,0.290,0.380
93300,0.320,0.282,0.398
93400,0.311,0.287,0.402
93500,0.311,0.283,0.407
93600,0.316,0.277,0.408
93700,0.300,0.305,0.394
93800,0.317,0.298,0.385
93900,0.320,0.294,0.386
94000,0.330,0.288,0.382
94100,0.339,0.282,0.379
94200,0.343,0.276,0.381
94300,0.356,0.272,0.372
94400,0.359,0.271,0.371
94500,0.353,0.276,0.371
94600,0.361,0.276,0.364
94700,0.351,0.280,0.369
94800,0.349,0.284,0.367
94900,0.340,0.290,0.370
95000,0.339,0.300,0.361
95100,0.328,0.294,0.378
95200,0.312,0.287,0.401
95300,0.314,0.287,0.399
95400,0.303,0.294,0.402
95500,0.305,0.292,0.402
95600,0.305,0.281,0.414
95700,0.296,0.278,0.426
95800,0.304,0.271,0.425
95900,0.299,0.259,0.441
96000,0.306,0.253,0.440
96100,0.307,0.254,0.438
96200,0.302,0.261,0.436
96300,0.307,0.260,0.432
96400,0.320,0.257,0.423
96500,0.313,0.261,0.426
96600,0.322,0.256,0.422
96700,0.324,0.257,0.419
96800,0.321,0.248,0.431
96900,0.318,0.241,0.441
97000,0.326,0.251,0.423
97100,0.334,0.247,0.419
97200,0.341,0.240,0.419
97300,0.331,0.241,0.428
97400,0.333,0.240,0.427
97500,0.358,0.228,0.415
97600,0.354,0.225,0.421
97700,0.371,0.226,0.403
97800,0.375,0.220,0.406
97900,0.379,0.219,0.402
98000,0.366,0.221,0.414
98100,0.343,0.220,0.437
98200,0.333,0.218,0.449
98300,0.326,0.227,0.447
98400,0.332,0.230,0.438
98500,0.328,0.227,0.445
98600,0.327,0.237,0.436
98700,0.329,0.235,0.436
98800,0.330,0.242,0.428
98900,0.340,0.245,0.415
99000,0.336,0.248,0.416
99100,0.331,0.273,0.396
99200,0.328,0.265,0.408
99300,0.318,0.271,0.412
99400,0.307,0.279,0.414
99500,0.305,0.277,0.418
99600,0.296,0.265,0.439
99700,0.301,0.261,0.437
99800,0.314,0.258,0.428
99900,0.297,0.272,0.431
100000,0.298,0.261,0.440
