time,n_A+p,n_B,n_AB
500,0.030,0.445,0.525
1000,0.030,0.340,0.630
1500,0.030,0.279,0.691
2000,0.030,0.310,0.660
2500,0.030,0.298,0.672
3000,0.031,0.291,0.678
3500,0.030,0.299,0.671
4000,0.030,0.277,0.693
4500,0.030,0.257,0.713
5000,0.030,0.306,0.664
5500,0.030,0.405,0.565
6000,0.030,0.339,0.631
6500,0.030,0.316,0.654
7000,0.030,0.310,0.660
7500,0.030,0.237,0.733
8000,0.030,0.212,0.758
8500,0.030,0.310,0.660
9000,0.030,0.403,0.567
9500,0.030,0.400,0.570
10000,0.030,0.264,0.706
10500,0.030,0.284,0.686
11000,0.062,0.222,0.716
11500,0.030,0.264,0.706
12000,0.030,0.266,0.704
12500,0.030,0.268,0.702
13000,0.030,0.337,0.633
13500,0.030,0.298,0.672
14000,0.030,0.255,0.715
14500,0.030,0.323,0.647
15000,0.030,0.260,0.710
15500,0.030,0.330,0.640
16000,0.030,0.283,0.687
16500,0.030,0.218,0.752
17000,0.030,0.295,0.675
17500,0.030,0.238,0.732
18000,0.030,0.326,0.644
18500,0.030,0.283,0.687
19000,0.030,0.252,0.718
19500,0.030,0.401,0.569
20000,0.030,0.437,0.533
20500,0.030,0.222,0.748
21000,0.030,0.303,0.667
21500,0.030,0.237,0.733
22000,0.030,0.299,0.671
22500,0.030,0.395,0.575
23000,0.030,0.246,0.724
23500,0.051,0.160,0.789
24000,0.575,0.000,0.425
24500,0.494,0.000,0.506
25000,0.651,0.000,0.349
25500,0.864,0.000,0.136
26000,0.862,0.000,0.138
26500,0.887,0.000,0.113
27000,0.935,0.000,0.065
27500,0.999,0.000,0.001
28000,1.000,0.000,0.000
