time,n_A+p,n_B,n_AB
500,0.030,0.391,0.579
1000,0.030,0.186,0.784
1500,0.030,0.266,0.704
2000,0.030,0.416,0.554
2500,0.030,0.316,0.654
3000,0.030,0.281,0.689
3500,0.030,0.216,0.754
4000,0.030,0.265,0.705
4500,0.054,0.130,0.816
5000,0.030,0.242,0.728
5500,0.059,0.145,0.796
6000,0.030,0.176,0.794
6500,0.037,0.202,0.761
7000,0.034,0.202,0.764
7500,0.035,0.312,0.653
8000,0.030,0.409,0.561
8500,0.030,0.288,0.682
9000,0.030,0.282,0.688
9500,0.030,0.254,0.716
10000,0.030,0.198,0.772
10500,0.030,0.289,0.681
11000,0.030,0.301,0.669
11500,0.030,0.291,0.679
12000,0.030,0.331,0.639
12500,0.035,0.101,0.864
13000,0.039,0.334,0.627
13500,0.030,0.229,0.741
14000,0.030,0.296,0.674
14500,0.030,0.316,0.654
15000,0.030,0.271,0.699
15500,0.030,0.385,0.585
16000,0.030,0.274,0.696
16500,0.030,0.276,0.694
17000,0.030,0.343,0.627
17500,0.030,0.264,0.706
18000,0.031,0.245,0.724
18500,0.030,0.323,0.647
19000,0.030,0.328,0.642
19500,0.030,0.324,0.646
20000,0.030,0.165,0.805
20500,0.030,0.292,0.678
21000,0.030,0.321,0.649
21500,0.030,0.313,0.657
22000,0.030,0.339,0.631
22500,0.030,0.397,0.573
23000,0.030,0.260,0.710
23500,0.030,0.169,0.801
24000,0.030,0.219,0.751
24500,0.030,0.355,0.615
25000,0.030,0.331,0.639
25500,0.030,0.292,0.678
26000,0.030,0.289,0.681
26500,0.030,0.139,0.831
27000,0.030,0.329,0.641
27500,0.030,0.201,0.769
28000,0.030,0.258,0.712
28500,0.030,0.397,0.573
29000,0.030,0.272,0.698
29500,0.030,0.333,0.637
30000,0.030,0.260,0.710
30500,0.030,0.231,0.739
31000,0.030,0.246,0.724
31500,0.030,0.372,0.598
32000,0.030,0.328,0.642
32500,0.030,0.335,0.635
33000,0.030,0.311,0.659
33500,0.030,0.166,0.804
34000,0.031,0.345,0.624
34500,0.030,0.325,0.645
35000,0.030,0.263,0.707
35500,0.030,0.405,0.565
36000,0.030,0.289,0.681
36500,0.030,0.351,0.619
37000,0.030,0.330,0.640
37500,0.030,0.270,0.700
38000,0.030,0.310,0.660
38500,0.030,0.327,0.643
39000,0.030,0.251,0.719
39500,0.030,0.256,0.714
40000,0.030,0.294,0.676
40500,0.030,0.404,0.566
41000,0.030,0.257,0.713
41500,0.036,0.169,0.795
42000,0.030,0.209,0.761
42500,0.030,0.275,0.695
43000,0.030,0.439,0.531
43500,0.030,0.220,0.750
44000,0.030,0.265,0.705
44500,0.030,0.270,0.700
45000,0.065,0.099,0.836
45500,0.030,0.255,0.715
46000,0.030,0.366,0.604
46500,0.030,0.215,0.755
47000,0.030,0.250,0.720
47500,0.030,0.340,0.630
48000,0.030,0.258,0.712
48500,0.030,0.271,0.699
49000,0.030,0.285,0.685
49500,0.030,0.237,0.733
50000,0.030,0.285,0.685
50500,0.030,0.327,0.643
51000,0.030,0.215,0.755
51500,0.323,0.007,0.670
52000,0.653,0.000,0.347
52500,0.901,0.000,0.099
53000,0.903,0.000,0.097
53500,0.934,0.000,0.066
54000,0.987,0.000,0.013
54500,1.000,0.000,0.000
