time,n_A+p,n_B,n_AB
100,0.376,0.451,0.173
200,0.328,0.393,0.279
300,0.290,0.321,0.389
400,0.286,0.303,0.411
500,0.269,0.283,0.447
600,0.226,0.268,0.505
700,0.216,0.250,0.534
800,0.215,0.228,0.557
900,0.198,0.230,0.572
1000,0.191,0.233,0.576
1100,0.176,0.225,0.599
1200,0.165,0.235,0.600
1300,0.158,0.247,0.595
1400,0.147,0.240,0.612
1500,0.140,0.233,0.627
1600,0.142,0.235,0.623
1700,0.136,0.232,0.632
1800,0.132,0.229,0.639
1900,0.129,0.232,0.639
2000,0.120,0.233,0.647
2100,0.110,0.235,0.655
2200,0.111,0.236,0.653
2300,0.114,0.221,0.665
2400,0.112,0.215,0.673
2500,0.117,0.215,0.668
2600,0.127,0.215,0.657
2700,0.114,0.200,0.687
2800,0.107,0.205,0.688
2900,0.110,0.201,0.689
3000,0.114,0.176,0.710
3100,0.114,0.177,0.709
3200,0.133,0.172,0.695
3300,0.119,0.164,0.718
3400,0.115,0.156,0.729
3500,0.120,0.158,0.721
3600,0.140,0.169,0.691
3700,0.143,0.167,0.690
3800,0.145,0.166,0.689
3900,0.157,0.162,0.680
4000,0.147,0.158,0.696
4100,0.143,0.149,0.708
4200,0.141,0.134,0.725
4300,0.129,0.128,0.743
4400,0.122,0.119,0.759
4500,0.128,0.127,0.744
4600,0.112,0.127,0.761
4700,0.111,0.126,0.763
4800,0.102,0.153,0.745
4900,0.106,0.162,0.732
5000,0.110,0.166,0.724
5100,0.099,0.171,0.731
5200,0.091,0.185,0.725
5300,0.088,0.178,0.733
5400,0.084,0.188,0.728
5500,0.077,0.212,0.711
5600,0.076,0.238,0.686
5700,0.077,0.237,0.686
5800,0.075,0.229,0.696
5900,0.065,0.226,0.710
6000,0.061,0.237,0.701
6100,0.056,0.247,0.696
6200,0.052,0.264,0.684
6300,0.051,0.242,0.707
6400,0.053,0.263,0.685
6500,0.052,0.295,0.654
6600,0.056,0.290,0.654
6700,0.055,0.295,0.650
6800,0.052,0.268,0.679
6900,0.048,0.295,0.657
7000,0.059,0.288,0.653
7100,0.051,0.289,0.660
7200,0.049,0.283,0.668
7300,0.047,0.299,0.655
7400,0.048,0.306,0.646
7500,0.047,0.289,0.664
7600,0.047,0.304,0.649
7700,0.048,0.307,0.644
7800,0.048,0.334,0.618
7900,0.046,0.336,0.618
8000,0.043,0.314,0.643
8100,0.040,0.321,0.639
8200,0.054,0.288,0.658
8300,0.049,0.266,0.685
8400,0.046,0.253,0.701
8500,0.044,0.247,0.710
8600,0.044,0.248,0.708
8700,0.053,0.264,0.683
8800,0.052,0.256,0.692
8900,0.048,0.262,0.690
9000,0.048,0.256,0.696
9100,0.044,0.272,0.684
9200,0.042,0.287,0.671
9300,0.045,0.290,0.665
9400,0.047,0.288,0.665
9500,0.051,0.267,0.683
9600,0.055,0.264,0.681
9700,0.066,0.238,0.696
9800,0.062,0.254,0.685
9900,0.073,0.240,0.687
10000,0.061,0.233,0.705
10100,0.066,0.252,0.682
10200,0.062,0.251,0.687
10300,0.058,0.238,0.704
10400,0.061,0.225,0.714
10500,0.049,0.236,0.715
10600,0.049,0.232,0.718
10700,0.046,0.256,0.698
10800,0.043,0.253,0.704
10900,0.047,0.243,0.710
11000,0.049,0.246,0.705
11100,0.058,0.266,0.676
11200,0.051,0.260,0.689
11300,0.062,0.265,0.673
11400,0.064,0.259,0.677
11500,0.054,0.288,0.659
11600,0.055,0.315,0.629
11700,0.052,0.303,0.644
11800,0.052,0.289,0.659
11900,0.055,0.278,0.666
12000,0.062,0.269,0.669
12100,0.058,0.296,0.646
12200,0.056,0.288,0.656
12300,0.054,0.271,0.675
12400,0.048,0.297,0.655
12500,0.056,0.293,0.650
12600,0.061,0.316,0.623
12700,0.054,0.282,0.664
12800,0.064,0.307,0.629
12900,0.046,0.304,0.650
13000,0.041,0.309,0.650
13100,0.046,0.341,0.613
13200,0.037,0.351,0.612
13300,0.040,0.311,0.648
13400,0.041,0.297,0.662
13500,0.035,0.306,0.659
13600,0.033,0.317,0.650
13700,0.027,0.322,0.650
13800,0.029,0.316,0.655
13900,0.027,0.307,0.666
14000,0.023,0.318,0.658
14100,0.030,0.321,0.648
14200,0.029,0.318,0.653
14300,0.030,0.325,0.646
14400,0.026,0.341,0.633
14500,0.025,0.326,0.649
14600,0.026,0.342,0.632
14700,0.025,0.366,0.609
14800,0.024,0.386,0.589
14900,0.024,0.388,0.588
15000,0.024,0.398,0.578
15100,0.026,0.393,0.581
15200,0.021,0.386,0.593
15300,0.022,0.389,0.589
15400,0.024,0.404,0.572
15500,0.021,0.368,0.611
15600,0.022,0.366,0.612
15700,0.020,0.381,0.598
15800,0.026,0.378,0.597
15900,0.026,0.350,0.624
16000,0.023,0.364,0.613
16100,0.024,0.384,0.593
16200,0.023,0.380,0.598
16300,0.023,0.376,0.601
16400,0.022,0.371,0.607
16500,0.019,0.402,0.579
16600,0.017,0.412,0.570
16700,0.016,0.406,0.578
16800,0.021,0.389,0.590
16900,0.019,0.392,0.589
17000,0.018,0.425,0.556
17100,0.015,0.432,0.553
17200,0.015,0.430,0.555
17300,0.014,0.428,0.558
17400,0.014,0.432,0.554
17500,0.016,0.417,0.566
17600,0.022,0.416,0.562
17700,0.022,0.412,0.567
17800,0.024,0.385,0.591
17900,0.022,0.362,0.616
18000,0.027,0.347,0.626
18100,0.025,0.371,0.604
18200,0.019,0.377,0.604
18300,0.020,0.357,0.623
18400,0.019,0.362,0.619
18500,0.023,0.364,0.612
18600,0.029,0.345,0.626
18700,0.028,0.343,0.629
18800,0.023,0.351,0.626
18900,0.024,0.337,0.639
19000,0.024,0.315,0.661
19100,0.025,0.351,0.624
19200,0.019,0.334,0.647
19300,0.023,0.318,0.659
19400,0.019,0.318,0.663
19500,0.020,0.296,0.683
19600,0.022,0.304,0.675
19700,0.024,0.311,0.664
19800,0.020,0.318,0.662
19900,0.019,0.329,0.652
20000,0.020,0.336,0.643
20100,0.017,0.332,0.651
20200,0.020,0.346,0.634
20300,0.017,0.341,0.642
20400,0.015,0.371,0.615
20500,0.016,0.393,0.590
20600,0.016,0.395,0.588
20700,0.017,0.384,0.599
20800,0.016,0.416,0.568
20900,0.015,0.435,0.550
21000,0.013,0.427,0.561
21100,0.010,0.444,0.546
21200,0.010,0.472,0.518
21300,0.009,0.446,0.545
21400,0.012,0.436,0.552
21500,0.009,0.459,0.531
21600,0.008,0.477,0.515
21700,0.006,0.482,0.512
21800,0.007,0.487,0.506
21900,0.006,0.517,0.477
22000,0.007,0.545,0.448
22100,0.009,0.540,0.451
22200,0.010,0.547,0.442
22300,0.008,0.556,0.435
22400,0.008,0.540,0.452
22500,0.007,0.541,0.452
22600,0.008,0.541,0.452
22700,0.010,0.538,0.452
22800,0.009,0.545,0.446
22900,0.009,0.537,0.454
23000,0.008,0.531,0.462
23100,0.006,0.520,0.474
23200,0.010,0.497,0.494
23300,0.008,0.517,0.475
23400,0.008,0.544,0.449
23500,0.007,0.548,0.445
23600,0.006,0.572,0.422
23700,0.005,0.582,0.413
23800,0.004,0.612,0.384
23900,0.005,0.590,0.406
24000,0.003,0.584,0.413
24100,0.005,0.576,0.420
24200,0.005,0.568,0.427
24300,0.005,0.551,0.445
24400,0.003,0.541,0.455
24500,0.005,0.541,0.455
24600,0.006,0.550,0.444
24700,0.003,0.556,0.441
24800,0.005,0.541,0.454
24900,0.004,0.576,0.420
25000,0.003,0.588,0.409
25100,0.005,0.589,0.406
25200,0.004,0.615,0.381
25300,0.003,0.587,0.409
25400,0.003,0.576,0.421
25500,0.003,0.565,0.431
25600,0.005,0.564,0.431
25700,0.006,0.573,0.421
25800,0.005,0.537,0.458
25900,0.010,0.576,0.414
26000,0.009,0.562,0.428
26100,0.011,0.540,0.449
26200,0.013,0.540,0.448
26300,0.011,0.518,0.471
26400,0.010,0.515,0.476
26500,0.009,0.529,0.462
26600,0.014,0.512,0.474
26700,0.016,0.488,0.496
26800,0.013,0.503,0.484
26900,0.013,0.485,0.502
27000,0.015,0.463,0.522
27100,0.012,0.487,0.502
27200,0.010,0.485,0.505
27300,0.010,0.476,0.514
27400,0.009,0.522,0.469
27500,0.008,0.531,0.460
27600,0.006,0.563,0.431
27700,0.006,0.558,0.437
27800,0.005,0.547,0.448
27900,0.004,0.562,0.434
28000,0.007,0.560,0.433
28100,0.006,0.563,0.431
28200,0.007,0.570,0.423
28300,0.006,0.589,0.405
28400,0.008,0.579,0.413
28500,0.006,0.547,0.446
28600,0.006,0.516,0.478
28700,0.007,0.505,0.488
28800,0.007,0.516,0.477
28900,0.008,0.487,0.505
29000,0.010,0.506,0.484
29100,0.009,0.487,0.504
29200,0.007,0.513,0.480
29300,0.010,0.524,0.466
29400,0.008,0.527,0.465
29500,0.009,0.527,0.464
29600,0.011,0.534,0.455
29700,0.009,0.516,0.475
29800,0.009,0.517,0.474
29900,0.007,0.529,0.464
30000,0.009,0.510,0.480
30100,0.013,0.492,0.495
30200,0.015,0.489,0.497
30300,0.013,0.490,0.497
30400,0.012,0.491,0.498
30500,0.011,0.458,0.531
30600,0.017,0.467,0.516
30700,0.014,0.403,0.583
30800,0.015,0.420,0.565
30900,0.013,0.421,0.566
31000,0.012,0.425,0.563
31100,0.014,0.467,0.519
31200,0.009,0.474,0.517
31300,0.008,0.499,0.493
31400,0.007,0.485,0.508
31500,0.007,0.483,0.510
31600,0.006,0.452,0.541
31700,0.010,0.467,0.523
31800,0.012,0.450,0.538
31900,0.013,0.425,0.562
32000,0.012,0.438,0.550
32100,0.009,0.450,0.541
32200,0.010,0.441,0.549
32300,0.008,0.434,0.559
32400,0.007,0.444,0.549
32500,0.004,0.478,0.517
32600,0.005,0.492,0.503
32700,0.005,0.510,0.485
32800,0.004,0.532,0.464
32900,0.003,0.513,0.484
33000,0.004,0.511,0.485
33100,0.004,0.500,0.496
33200,0.011,0.476,0.513
33300,0.010,0.480,0.510
33400,0.010,0.481,0.509
33500,0.009,0.492,0.499
33600,0.016,0.490,0.494
33700,0.013,0.474,0.513
33800,0.011,0.485,0.503
33900,0.010,0.522,0.469
34000,0.009,0.516,0.474
34100,0.008,0.497,0.495
34200,0.006,0.503,0.491
34300,0.007,0.501,0.492
34400,0.007,0.506,0.487
34500,0.005,0.524,0.470
34600,0.006,0.548,0.445
34700,0.008,0.538,0.453
34800,0.008,0.544,0.448
34900,0.007,0.551,0.442
35000,0.005,0.537,0.458
35100,0.007,0.515,0.478
35200,0.009,0.494,0.497
35300,0.007,0.523,0.470
35400,0.007,0.534,0.459
35500,0.006,0.514,0.480
35600,0.005,0.541,0.454
35700,0.004,0.522,0.474
35800,0.003,0.511,0.486
35900,0.004,0.528,0.468
36000,0.003,0.513,0.484
36100,0.007,0.515,0.478
36200,0.006,0.492,0.502
36300,0.005,0.515,0.481
36400,0.006,0.548,0.446
36500,0.006,0.583,0.411
36600,0.006,0.614,0.381
36700,0.005,0.620,0.375
36800,0.006,0.634,0.360
36900,0.007,0.614,0.379
37000,0.006,0.598,0.396
37100,0.006,0.601,0.393
37200,0.005,0.588,0.407
37300,0.005,0.634,0.361
37400,0.004,0.614,0.382
37500,0.003,0.601,0.395
37600,0.006,0.610,0.384
37700,0.005,0.586,0.409
37800,0.005,0.581,0.414
37900,0.003,0.582,0.415
38000,0.003,0.553,0.444
38100,0.005,0.551,0.445
38200,0.004,0.540,0.456
38300,0.003,0.577,0.420
38400,0.002,0.582,0.416
38500,0.003,0.600,0.397
38600,0.003,0.613,0.384
38700,0.002,0.602,0.395
38800,0.002,0.603,0.395
38900,0.001,0.605,0.393
39000,0.001,0.607,0.392
39100,0.002,0.612,0.386
39200,0.003,0.601,0.396
39300,0.003,0.580,0.417
39400,0.004,0.593,0.403
39500,0.002,0.582,0.416
39600,0.003,0.572,0.425
39700,0.004,0.566,0.430
39800,0.005,0.567,0.428
39900,0.004,0.580,0.416
40000,0.003,0.579,0.418
40100,0.002,0.650,0.348
40200,0.002,0.641,0.356
40300,0.001,0.662,0.337
40400,0.002,0.655,0.342
40500,0.002,0.649,0.349
40600,0.005,0.623,0.372
40700,0.003,0.609,0.388
40800,0.006,0.594,0.400
40900,0.004,0.596,0.400
41000,0.003,0.614,0.384
41100,0.005,0.643,0.352
41200,0.003,0.659,0.338
41300,0.002,0.659,0.339
41400,0.003,0.658,0.339
41500,0.002,0.645,0.353
41600,0.003,0.662,0.335
41700,0.003,0.646,0.351
41800,0.003,0.659,0.338
41900,0.003,0.661,0.336
42000,0.006,0.628,0.366
42100,0.005,0.625,0.370
42200,0.006,0.614,0.381
42300,0.005,0.613,0.382
42400,0.008,0.622,0.370
42500,0.008,0.590,0.402
42600,0.006,0.566,0.427
42700,0.005,0.579,0.416
42800,0.006,0.562,0.432
42900,0.008,0.531,0.460
43000,0.006,0.522,0.471
43100,0.005,0.510,0.485
43200,0.005,0.521,0.474
43300,0.006,0.515,0.479
43400,0.008,0.536,0.456
43500,0.010,0.515,0.475
43600,0.006,0.512,0.481
43700,0.007,0.493,0.500
43800,0.009,0.476,0.515
43900,0.010,0.485,0.505
44000,0.016,0.484,0.500
44100,0.013,0.476,0.510
44200,0.015,0.477,0.508
44300,0.015,0.491,0.494
44400,0.008,0.519,0.473
44500,0.005,0.517,0.477
44600,0.006,0.546,0.448
44700,0.007,0.538,0.455
44800,0.009,0.528,0.463
44900,0.008,0.494,0.498
45000,0.015,0.495,0.491
45100,0.012,0.453,0.536
45200,0.012,0.448,0.540
45300,0.010,0.420,0.569
45400,0.009,0.459,0.532
45500,0.012,0.438,0.549
45600,0.010,0.446,0.544
45700,0.010,0.446,0.543
45800,0.010,0.463,0.527
45900,0.007,0.460,0.533
46000,0.006,0.466,0.527
46100,0.013,0.458,0.530
46200,0.012,0.473,0.516
46300,0.013,0.485,0.502
46400,0.015,0.424,0.561
46500,0.011,0.431,0.558
46600,0.012,0.429,0.559
46700,0.014,0.457,0.529
46800,0.012,0.451,0.537
46900,0.015,0.433,0.552
47000,0.022,0.435,0.542
47100,0.019,0.429,0.552
47200,0.017,0.430,0.552
47300,0.019,0.417,0.564
47400,0.016,0.425,0.559
47500,0.031,0.397,0.572
47600,0.029,0.393,0.577
47700,0.027,0.407,0.566
47800,0.017,0.405,0.577
47900,0.012,0.393,0.594
48000,0.009,0.424,0.567
48100,0.016,0.405,0.579
48200,0.013,0.422,0.565
48300,0.013,0.438,0.549
48400,0.013,0.423,0.565
48500,0.019,0.421,0.559
48600,0.017,0.421,0.562
48700,0.012,0.394,0.594
48800,0.015,0.403,0.582
48900,0.013,0.416,0.571
49000,0.015,0.424,0.561
49100,0.014,0.448,0.538
49200,0.011,0.427,0.562
49300,0.011,0.415,0.574
49400,0.014,0.391,0.595
49500,0.013,0.416,0.571
49600,0.020,0.421,0.559
49700,0.019,0.407,0.574
49800,0.016,0.412,0.572
49900,0.013,0.435,0.551
50000,0.017,0.435,0.548
50100,0.012,0.388,0.600
50200,0.017,0.391,0.591
50300,0.016,0.414,0.570
50400,0.013,0.409,0.579
50500,0.013,0.419,0.568
50600,0.015,0.413,0.572
50700,0.016,0.404,0.580
50800,0.019,0.399,0.581
50900,0.020,0.407,0.573
51000,0.016,0.416,0.568
51100,0.013,0.430,0.558
51200,0.013,0.423,0.565
51300,0.011,0.448,0.541
51400,0.009,0.423,0.569
51500,0.009,0.409,0.581
51600,0.016,0.416,0.568
51700,0.016,0.396,0.587
51800,0.013,0.421,0.565
51900,0.019,0.419,0.562
52000,0.017,0.416,0.568
52100,0.015,0.430,0.556
52200,0.010,0.446,0.544
52300,0.008,0.417,0.575
52400,0.011,0.427,0.562
52500,0.012,0.451,0.538
52600,0.008,0.428,0.563
52700,0.009,0.428,0.562
52800,0.014,0.455,0.531
52900,0.008,0.478,0.514
53000,0.009,0.451,0.541
53100,0.010,0.506,0.484
53200,0.014,0.489,0.497
53300,0.013,0.476,0.512
53400,0.020,0.477,0.502
53500,0.024,0.458,0.518
53600,0.023,0.449,0.527
53700,0.026,0.452,0.523
53800,0.027,0.434,0.538
53900,0.032,0.419,0.549
54000,0.034,0.432,0.533
54100,0.029,0.431,0.541
54200,0.038,0.410,0.552
54300,0.031,0.421,0.547
54400,0.029,0.406,0.566
54500,0.029,0.407,0.565
54600,0.022,0.389,0.588
54700,0.016,0.400,0.584
54800,0.013,0.392,0.595
54900,0.015,0.401,0.584
55000,0.023,0.423,0.554
55100,0.020,0.414,0.566
55200,0.020,0.396,0.583
55300,0.019,0.417,0.565
55400,0.014,0.436,0.550
55500,0.013,0.471,0.516
55600,0.016,0.483,0.502
55700,0.017,0.474,0.509
55800,0.017,0.455,0.528
55900,0.014,0.457,0.529
56000,0.017,0.460,0.523
56100,0.015,0.476,0.510
56200,0.011,0.467,0.522
56300,0.008,0.446,0.546
56400,0.010,0.467,0.523
56500,0.009,0.490,0.502
56600,0.009,0.484,0.507
56700,0.013,0.453,0.534
56800,0.017,0.424,0.559
56900,0.025,0.419,0.556
57000,0.022,0.425,0.553
57100,0.020,0.421,0.559
57200,0.017,0.441,0.542
57300,0.012,0.460,0.528
57400,0.012,0.487,0.501
57500,0.012,0.528,0.460
57600,0.012,0.525,0.463
57700,0.018,0.525,0.457
57800,0.015,0.533,0.453
57900,0.012,0.523,0.465
58000,0.011,0.542,0.447
58100,0.009,0.527,0.464
58200,0.010,0.483,0.507
58300,0.013,0.487,0.499
58400,0.010,0.492,0.497
58500,0.012,0.493,0.495
58600,0.015,0.492,0.492
58700,0.010,0.501,0.489
58800,0.012,0.494,0.495
58900,0.009,0.512,0.480
59000,0.010,0.518,0.472
59100,0.005,0.517,0.478
59200,0.006,0.509,0.484
59300,0.010,0.488,0.502
59400,0.022,0.469,0.509
59500,0.019,0.474,0.507
59600,0.012,0.484,0.504
59700,0.009,0.485,0.506
59800,0.009,0.482,0.509
59900,0.010,0.484,0.506
60000,0.010,0.469,0.521
60100,0.010,0.480,0.510
60200,0.008,0.469,0.524
60300,0.009,0.482,0.509
60400,0.013,0.489,0.498
60500,0.012,0.451,0.538
60600,0.011,0.464,0.524
60700,0.010,0.472,0.517
60800,0.010,0.487,0.503
60900,0.012,0.489,0.499
61000,0.010,0.484,0.506
61100,0.010,0.500,0.490
61200,0.011,0.509,0.480
61300,0.009,0.499,0.492
61400,0.008,0.502,0.491
61500,0.007,0.519,0.474
61600,0.007,0.512,0.481
61700,0.008,0.512,0.480
61800,0.015,0.514,0.471
61900,0.010,0.513,0.477
62000,0.009,0.544,0.446
62100,0.009,0.543,0.448
62200,0.007,0.556,0.437
62300,0.007,0.517,0.476
62400,0.006,0.515,0.479
62500,0.006,0.527,0.466
62600,0.009,0.518,0.473
62700,0.008,0.536,0.457
62800,0.010,0.498,0.492
62900,0.015,0.484,0.502
63000,0.013,0.522,0.464
63100,0.010,0.499,0.491
63200,0.015,0.495,0.491
63300,0.010,0.464,0.525
63400,0.017,0.477,0.506
63500,0.009,0.453,0.537
63600,0.013,0.477,0.509
63700,0.012,0.470,0.518
63800,0.013,0.464,0.523
63900,0.013,0.484,0.503
64000,0.014,0.462,0.524
64100,0.017,0.444,0.540
64200,0.019,0.430,0.552
64300,0.026,0.434,0.540
64400,0.020,0.422,0.558
64500,0.016,0.412,0.572
64600,0.012,0.409,0.579
64700,0.015,0.435,0.550
64800,0.010,0.448,0.541
64900,0.009,0.482,0.509
65000,0.006,0.471,0.523
65100,0.009,0.452,0.539
65200,0.013,0.412,0.575
65300,0.009,0.420,0.570
65400,0.009,0.419,0.572
65500,0.012,0.419,0.569
65600,0.010,0.417,0.572
65700,0.010,0.419,0.571
65800,0.014,0.459,0.527
65900,0.010,0.448,0.542
66000,0.013,0.444,0.542
66100,0.014,0.445,0.541
66200,0.011,0.433,0.556
66300,0.012,0.445,0.544
66400,0.010,0.460,0.530
66500,0.009,0.471,0.520
66600,0.009,0.478,0.513
66700,0.008,0.477,0.515
66800,0.009,0.448,0.543
66900,0.009,0.466,0.526
67000,0.009,0.451,0.540
67100,0.010,0.471,0.518
67200,0.009,0.495,0.497
67300,0.009,0.510,0.481
67400,0.008,0.490,0.502
67500,0.012,0.509,0.480
67600,0.009,0.513,0.478
67700,0.008,0.497,0.495
67800,0.010,0.501,0.489
67900,0.010,0.488,0.502
68000,0.011,0.451,0.538
68100,0.010,0.449,0.540
68200,0.016,0.427,0.556
68300,0.027,0.417,0.556
68400,0.026,0.416,0.558
68500,0.019,0.405,0.576
68600,0.019,0.384,0.597
68700,0.022,0.352,0.626
68800,0.016,0.327,0.657
68900,0.022,0.358,0.620
69000,0.026,0.341,0.633
69100,0.021,0.345,0.634
69200,0.022,0.344,0.634
69300,0.029,0.342,0.629
69400,0.030,0.310,0.660
69500,0.025,0.327,0.648
69600,0.035,0.314,0.651
69700,0.026,0.328,0.647
69800,0.029,0.354,0.616
69900,0.027,0.352,0.622
70000,0.026,0.329,0.646
70100,0.021,0.358,0.621
70200,0.024,0.374,0.601
70300,0.026,0.381,0.593
70400,0.027,0.370,0.602
70500,0.019,0.371,0.610
70600,0.014,0.419,0.567
70700,0.010,0.409,0.580
70800,0.010,0.406,0.583
70900,0.015,0.432,0.552
71000,0.017,0.438,0.544
71100,0.019,0.445,0.536
71200,0.017,0.440,0.542
71300,0.016,0.448,0.537
71400,0.013,0.467,0.520
71500,0.014,0.469,0.517
71600,0.011,0.424,0.565
71700,0.009,0.419,0.572
71800,0.012,0.436,0.552
71900,0.016,0.445,0.540
72000,0.016,0.446,0.538
72100,0.013,0.451,0.536
72200,0.013,0.454,0.533
72300,0.014,0.482,0.504
72400,0.010,0.482,0.508
72500,0.010,0.502,0.488
72600,0.010,0.502,0.488
72700,0.013,0.524,0.463
72800,0.014,0.493,0.493
72900,0.021,0.492,0.487
73000,0.018,0.433,0.549
73100,0.017,0.402,0.581
73200,0.020,0.399,0.580
73300,0.020,0.411,0.569
73400,0.016,0.428,0.555
73500,0.012,0.424,0.563
73600,0.016,0.410,0.573
73700,0.013,0.432,0.555
73800,0.012,0.426,0.562
73900,0.012,0.442,0.546
74000,0.009,0.445,0.546
74100,0.009,0.461,0.530
74200,0.007,0.426,0.567
74300,0.006,0.444,0.549
74400,0.010,0.426,0.564
74500,0.009,0.442,0.549
74600,0.008,0.459,0.533
74700,0.009,0.480,0.511
74800,0.010,0.478,0.512
74900,0.010,0.477,0.513
75000,0.010,0.494,0.496
75100,0.010,0.506,0.484
75200,0.008,0.483,0.509
75300,0.009,0.499,0.492
75400,0.008,0.500,0.492
75500,0.009,0.499,0.492
75600,0.012,0.464,0.524
75700,0.017,0.454,0.529
75800,0.019,0.469,0.513
75900,0.013,0.480,0.507
76000,0.014,0.484,0.502
76100,0.011,0.463,0.526
76200,0.009,0.455,0.536
76300,0.013,0.440,0.547
76400,0.013,0.444,0.543
76500,0.015,0.446,0.540
76600,0.012,0.482,0.506
76700,0.013,0.458,0.529
76800,0.011,0.485,0.504
76900,0.011,0.434,0.555
77000,0.019,0.431,0.549
77100,0.017,0.402,0.581
77200,0.016,0.399,0.584
77300,0.014,0.395,0.591
77400,0.015,0.437,0.548
77500,0.015,0.429,0.556
77600,0.009,0.437,0.554
77700,0.015,0.424,0.561
77800,0.015,0.423,0.562
77900,0.017,0.420,0.563
78000,0.019,0.370,0.611
78100,0.017,0.405,0.577
78200,0.015,0.435,0.550
78300,0.023,0.458,0.519
78400,0.022,0.435,0.543
78500,0.016,0.449,0.535
78600,0.015,0.495,0.490
78700,0.016,0.509,0.475
78800,0.015,0.497,0.488
78900,0.011,0.498,0.491
79000,0.012,0.511,0.477
79100,0.009,0.515,0.476
79200,0.009,0.505,0.487
79300,0.009,0.463,0.529
79400,0.011,0.469,0.520
79500,0.010,0.459,0.531
79600,0.011,0.487,0.502
79700,0.009,0.467,0.524
79800,0.008,0.458,0.535
79900,0.009,0.454,0.537
80000,0.006,0.505,0.489
80100,0.006,0.485,0.508
80200,0.011,0.468,0.521
80300,0.011,0.445,0.544
80400,0.013,0.436,0.551
80500,0.014,0.441,0.545
80600,0.019,0.426,0.555
80700,0.012,0.470,0.518
80800,0.012,0.466,0.523
80900,0.013,0.463,0.524
81000,0.016,0.460,0.524
81100,0.015,0.453,0.533
81200,0.012,0.446,0.542
81300,0.012,0.484,0.504
81400,0.012,0.460,0.527
81500,0.009,0.464,0.527
81600,0.009,0.480,0.511
81700,0.009,0.434,0.556
81800,0.006,0.462,0.532
81900,0.007,0.467,0.526
82000,0.009,0.474,0.517
82100,0.008,0.437,0.555
82200,0.009,0.432,0.558
82300,0.008,0.449,0.542
82400,0.008,0.458,0.534
82500,0.009,0.449,0.542
82600,0.009,0.410,0.580
82700,0.009,0.405,0.586
82800,0.008,0.404,0.588
82900,0.020,0.398,0.583
83000,0.013,0.414,0.572
83100,0.013,0.432,0.555
83200,0.015,0.436,0.549
83300,0.014,0.483,0.503
83400,0.010,0.493,0.497
83500,0.009,0.493,0.498
83600,0.009,0.495,0.496
83700,0.009,0.494,0.497
83800,0.008,0.473,0.519
83900,0.009,0.523,0.468
84000,0.013,0.512,0.475
84100,0.009,0.491,0.501
84200,0.008,0.478,0.513
84300,0.008,0.490,0.502
84400,0.008,0.520,0.472
84500,0.009,0.531,0.460
84600,0.007,0.522,0.471
84700,0.008,0.503,0.488
84800,0.008,0.491,0.501
84900,0.008,0.459,0.533
85000,0.010,0.480,0.510
85100,0.010,0.505,0.485
85200,0.008,0.524,0.467
85300,0.008,0.511,0.481
85400,0.007,0.488,0.505
85500,0.008,0.510,0.483
85600,0.008,0.536,0.456
85700,0.010,0.532,0.458
85800,0.011,0.515,0.474
85900,0.009,0.536,0.455
86000,0.008,0.557,0.435
86100,0.009,0.556,0.435
86200,0.004,0.567,0.429
86300,0.007,0.496,0.497
86400,0.008,0.502,0.491
86500,0.006,0.505,0.490
86600,0.004,0.471,0.525
86700,0.006,0.467,0.527
86800,0.005,0.470,0.525
86900,0.008,0.494,0.498
87000,0.008,0.490,0.502
87100,0.008,0.498,0.495
87200,0.007,0.511,0.482
87300,0.006,0.499,0.495
87400,0.005,0.495,0.501
87500,0.005,0.515,0.480
87600,0.005,0.533,0.462
87700,0.004,0.527,0.469
87800,0.004,0.538,0.458
87900,0.005,0.549,0.446
88000,0.008,0.521,0.471
88100,0.004,0.545,0.451
88200,0.003,0.523,0.473
88300,0.003,0.554,0.444
88400,0.002,0.544,0.454
88500,0.006,0.544,0.450
88600,0.005,0.537,0.458
88700,0.008,0.517,0.474
88800,0.008,0.516,0.476
88900,0.009,0.494,0.497
89000,0.008,0.492,0.500
89100,0.007,0.489,0.504
89200,0.009,0.462,0.530
89300,0.008,0.492,0.500
89400,0.006,0.477,0.516
89500,0.006,0.481,0.513
89600,0.006,0.485,0.508
89700,0.008,0.495,0.497
89800,0.008,0.492,0.501
89900,0.008,0.501,0.491
90000,0.006,0.498,0.496
90100,0.006,0.513,0.481
90200,0.008,0.520,0.472
90300,0.006,0.520,0.474
90400,0.008,0.522,0.470
90500,0.006,0.513,0.481
90600,0.006,0.503,0.490
90700,0.007,0.511,0.482
90800,0.009,0.536,0.456
90900,0.005,0.534,0.460
91000,0.005,0.543,0.452
91100,0.005,0.545,0.449
91200,0.006,0.549,0.445
91300,0.006,0.562,0.432
91400,0.005,0.554,0.442
91500,0.006,0.532,0.462
91600,0.009,0.509,0.482
91700,0.009,0.518,0.473
91800,0.010,0.523,0.467
91900,0.008,0.537,0.455
92000,0.005,0.565,0.431
92100,0.003,0.576,0.420
92200,0.003,0.576,0.421
92300,0.005,0.557,0.438
92400,0.005,0.546,0.449
92500,0.003,0.547,0.450
92600,0.003,0.517,0.479
92700,0.002,0.531,0.467
92800,0.006,0.512,0.481
92900,0.005,0.521,0.474
93000,0.003,0.524,0.473
93100,0.003,0.529,0.468
93200,0.002,0.546,0.452
93300,0.006,0.535,0.459
93400,0.010,0.510,0.480
93500,0.008,0.501,0.491
93600,0.007,0.463,0.530
93700,0.011,0.434,0.555
93800,0.007,0.480,0.513
93900,0.008,0.475,0.517
94000,0.009,0.441,0.550
94100,0.009,0.439,0.552
94200,0.008,0.414,0.579
94300,0.008,0.439,0.554
94400,0.008,0.451,0.541
94500,0.012,0.436,0.552
94600,0.013,0.415,0.572
94700,0.016,0.421,0.562
94800,0.012,0.408,0.580
94900,0.011,0.404,0.585
95000,0.014,0.396,0.590
95100,0.013,0.427,0.560
95200,0.015,0.421,0.563
95300,0.012,0.431,0.557
95400,0.019,0.409,0.573
95500,0.018,0.418,0.564
95600,0.019,0.416,0.566
95700,0.014,0.424,0.562
95800,0.016,0.413,0.570
95900,0.013,0.452,0.534
96000,0.013,0.443,0.544
96100,0.010,0.431,0.559
96200,0.007,0.429,0.564
96300,0.008,0.444,0.549
96400,0.012,0.432,0.556
96500,0.010,0.440,0.549
96600,0.007,0.444,0.549
96700,0.008,0.458,0.534
96800,0.012,0.479,0.509
96900,0.016,0.445,0.540
97000,0.018,0.456,0.526
97100,0.015,0.466,0.519
97200,0.018,0.453,0.529
97300,0.015,0.438,0.547
97400,0.018,0.446,0.536
97500,0.010,0.478,0.511
97600,0.012,0.488,0.501
97700,0.013,0.488,0.498
97800,0.007,0.484,0.509
97900,0.007,0.514,0.479
98000,0.005,0.492,0.503
98100,0.007,0.485,0.508
98200,0.005,0.499,0.495
98300,0.004,0.526,0.470
98400,0.004,0.531,0.465
98500,0.007,0.562,0.431
98600,0.006,0.548,0.445
98700,0.008,0.543,0.449
98800,0.006,0.551,0.442
98900,0.008,0.573,0.420
99000,0.005,0.583,0.413
99100,0.006,0.570,0.424
99200,0.005,0.594,0.400
99300,0.005,0.584,0.411
99400,0.005,0.580,0.414
99500,0.005,0.585,0.410
99600,0.004,0.601,0.395
99700,0.004,0.587,0.409
99800,0.002,0.568,0.430
99900,0.002,0.566,0.432
100000,0.004,0.575,0.421
