time,n_A+p,n_B,n_AB
500,0.010,0.985,0.005
1000,0.010,0.981,0.009
1500,0.010,0.973,0.017
2000,0.010,0.971,0.019
2500,0.010,0.964,0.026
3000,0.010,0.960,0.030
3500,0.010,0.956,0.034
4000,0.010,0.948,0.042
4500,0.011,0.941,0.048
5000,0.011,0.936,0.053
5500,0.011,0.919,0.071
6000,0.010,0.920,0.070
6500,0.010,0.905,0.085
7000,0.010,0.899,0.091
7500,0.010,0.890,0.100
8000,0.010,0.877,0.113
8500,0.010,0.867,0.123
9000,0.011,0.844,0.145
9500,0.011,0.836,0.153
10000,0.013,0.837,0.151
10500,0.014,0.820,0.166
11000,0.015,0.821,0.165
11500,0.013,0.801,0.185
12000,0.011,0.792,0.197
12500,0.013,0.789,0.198
13000,0.011,0.792,0.197
13500,0.013,0.776,0.211
14000,0.017,0.770,0.213
14500,0.015,0.779,0.207
15000,0.012,0.770,0.218
15500,0.014,0.767,0.219
16000,0.013,0.762,0.224
16500,0.013,0.765,0.222
17000,0.015,0.775,0.211
17500,0.016,0.772,0.212
18000,0.017,0.759,0.224
18500,0.014,0.748,0.238
19000,0.013,0.742,0.245
19500,0.013,0.725,0.262
20000,0.013,0.717,0.271
20500,0.013,0.734,0.253
21000,0.014,0.720,0.266
21500,0.013,0.705,0.282
22000,0.019,0.705,0.276
22500,0.015,0.695,0.290
23000,0.018,0.714,0.268
23500,0.016,0.721,0.263
24000,0.018,0.715,0.268
24500,0.019,0.710,0.271
25000,0.018,0.696,0.286
25500,0.017,0.689,0.294
26000,0.019,0.701,0.280
26500,0.019,0.692,0.289
27000,0.016,0.693,0.291
27500,0.021,0.694,0.286
28000,0.015,0.711,0.275
28500,0.014,0.699,0.287
29000,0.013,0.693,0.295
29500,0.013,0.686,0.300
30000,0.014,0.685,0.300
30500,0.015,0.669,0.315
31000,0.018,0.669,0.313
31500,0.017,0.659,0.324
32000,0.017,0.650,0.333
32500,0.015,0.663,0.321
33000,0.015,0.658,0.327
33500,0.015,0.652,0.334
34000,0.017,0.668,0.315
34500,0.020,0.660,0.320
35000,0.018,0.638,0.344
35500,0.016,0.653,0.331
36000,0.016,0.658,0.326
36500,0.014,0.656,0.330
37000,0.015,0.669,0.316
37500,0.018,0.676,0.305
38000,0.021,0.671,0.308
38500,0.024,0.678,0.298
39000,0.021,0.666,0.312
39500,0.018,0.650,0.332
40000,0.025,0.648,0.328
40500,0.022,0.636,0.342
41000,0.025,0.635,0.340
41500,0.021,0.650,0.329
42000,0.019,0.641,0.340
42500,0.022,0.645,0.333
43000,0.024,0.624,0.353
43500,0.021,0.619,0.360
44000,0.024,0.615,0.361
44500,0.020,0.603,0.377
45000,0.020,0.603,0.377
45500,0.025,0.608,0.367
46000,0.024,0.613,0.363
46500,0.022,0.616,0.362
47000,0.023,0.613,0.364
47500,0.023,0.614,0.363
48000,0.026,0.634,0.340
48500,0.024,0.633,0.343
49000,0.024,0.628,0.348
49500,0.022,0.635,0.343
50000,0.021,0.645,0.334
50500,0.025,0.631,0.344
51000,0.029,0.639,0.332
51500,0.029,0.654,0.317
52000,0.025,0.652,0.323
52500,0.024,0.663,0.313
53000,0.022,0.657,0.321
53500,0.022,0.657,0.320
54000,0.022,0.642,0.336
54500,0.019,0.641,0.340
55000,0.025,0.631,0.343
55500,0.033,0.629,0.338
56000,0.028,0.611,0.361
56500,0.024,0.620,0.356
57000,0.021,0.617,0.362
57500,0.022,0.629,0.348
58000,0.024,0.627,0.349
58500,0.025,0.626,0.349
59000,0.021,0.622,0.357
59500,0.025,0.613,0.362
60000,0.026,0.601,0.373
60500,0.025,0.603,0.372
61000,0.026,0.609,0.365
61500,0.024,0.620,0.356
62000,0.027,0.615,0.358
62500,0.024,0.625,0.351
63000,0.025,0.628,0.347
63500,0.023,0.629,0.348
64000,0.026,0.631,0.343
64500,0.022,0.642,0.336
65000,0.018,0.642,0.339
65500,0.018,0.640,0.341
66000,0.025,0.630,0.346
66500,0.029,0.619,0.353
67000,0.025,0.611,0.364
67500,0.021,0.621,0.358
68000,0.023,0.615,0.362
68500,0.026,0.615,0.359
69000,0.025,0.612,0.364
69500,0.024,0.612,0.365
70000,0.019,0.608,0.373
70500,0.022,0.598,0.380
71000,0.024,0.619,0.357
71500,0.024,0.620,0.356
72000,0.026,0.612,0.362
72500,0.027,0.584,0.389
73000,0.023,0.581,0.396
73500,0.025,0.594,0.382
74000,0.028,0.600,0.373
74500,0.024,0.614,0.363
75000,0.024,0.596,0.381
75500,0.027,0.590,0.383
76000,0.029,0.609,0.362
76500,0.025,0.622,0.353
77000,0.022,0.613,0.365
77500,0.027,0.606,0.367
78000,0.029,0.613,0.358
78500,0.031,0.599,0.370
79000,0.033,0.606,0.361
79500,0.032,0.617,0.352
80000,0.037,0.611,0.352
80500,0.040,0.607,0.353
81000,0.042,0.592,0.366
81500,0.037,0.600,0.363
82000,0.035,0.589,0.376
82500,0.029,0.596,0.375
83000,0.030,0.605,0.365
83500,0.030,0.611,0.359
84000,0.026,0.599,0.375
84500,0.029,0.607,0.364
85000,0.028,0.604,0.368
85500,0.029,0.612,0.359
86000,0.028,0.608,0.365
86500,0.034,0.588,0.379
87000,0.036,0.589,0.375
87500,0.032,0.580,0.388
88000,0.038,0.564,0.398
88500,0.030,0.579,0.391
89000,0.031,0.568,0.401
89500,0.030,0.550,0.420
90000,0.039,0.554,0.407
90500,0.031,0.559,0.409
91000,0.028,0.554,0.417
91500,0.030,0.578,0.392
92000,0.029,0.585,0.386
92500,0.033,0.582,0.386
93000,0.032,0.577,0.392
93500,0.029,0.567,0.404
94000,0.026,0.587,0.387
94500,0.036,0.594,0.370
95000,0.036,0.585,0.379
95500,0.030,0.570,0.400
96000,0.032,0.560,0.408
96500,0.045,0.570,0.385
97000,0.040,0.561,0.398
97500,0.044,0.569,0.387
98000,0.043,0.560,0.397
98500,0.041,0.543,0.416
99000,0.043,0.553,0.404
99500,0.038,0.539,0.422
100000,0.035,0.549,0.415
100500,0.042,0.551,0.407
101000,0.036,0.548,0.415
101500,0.035,0.565,0.401
102000,0.038,0.560,0.401
102500,0.037,0.569,0.394
103000,0.036,0.576,0.388
103500,0.035,0.557,0.407
104000,0.042,0.549,0.409
104500,0.039,0.554,0.406
105000,0.041,0.551,0.408
105500,0.039,0.554,0.407
106000,0.034,0.543,0.422
106500,0.041,0.550,0.408
107000,0.038,0.544,0.417
107500,0.036,0.546,0.418
108000,0.026,0.557,0.416
108500,0.033,0.549,0.418
109000,0.030,0.539,0.430
109500,0.036,0.543,0.420
110000,0.035,0.544,0.421
110500,0.036,0.547,0.416
111000,0.034,0.565,0.401
111500,0.030,0.573,0.397
112000,0.035,0.551,0.414
112500,0.042,0.527,0.431
113000,0.040,0.533,0.426
113500,0.043,0.534,0.422
114000,0.043,0.549,0.407
114500,0.042,0.551,0.407
115000,0.035,0.559,0.406
115500,0.032,0.560,0.407
116000,0.034,0.570,0.397
116500,0.035,0.570,0.396
117000,0.032,0.582,0.387
117500,0.033,0.585,0.383
118000,0.033,0.576,0.391
118500,0.032,0.569,0.400
119000,0.033,0.565,0.403
119500,0.034,0.551,0.415
120000,0.040,0.541,0.419
120500,0.046,0.536,0.417
121000,0.043,0.542,0.415
121500,0.043,0.537,0.420
122000,0.048,0.531,0.421
122500,0.043,0.549,0.407
123000,0.039,0.555,0.405
123500,0.035,0.561,0.403
124000,0.034,0.566,0.400
124500,0.036,0.554,0.409
125000,0.035,0.544,0.420
125500,0.039,0.539,0.421
126000,0.043,0.540,0.417
126500,0.049,0.544,0.407
127000,0.044,0.548,0.407
127500,0.040,0.551,0.408
128000,0.035,0.572,0.394
128500,0.037,0.565,0.398
129000,0.037,0.552,0.410
129500,0.034,0.568,0.399
130000,0.035,0.572,0.393
130500,0.033,0.577,0.390
131000,0.042,0.572,0.387
131500,0.048,0.550,0.402
132000,0.045,0.555,0.399
132500,0.049,0.564,0.388
133000,0.039,0.549,0.412
133500,0.045,0.548,0.406
134000,0.044,0.535,0.420
134500,0.047,0.522,0.431
135000,0.048,0.521,0.431
135500,0.055,0.496,0.449
136000,0.055,0.504,0.441
136500,0.063,0.514,0.423
137000,0.060,0.508,0.432
137500,0.062,0.498,0.440
138000,0.057,0.492,0.450
138500,0.049,0.497,0.453
139000,0.058,0.494,0.448
139500,0.051,0.486,0.463
140000,0.053,0.468,0.479
140500,0.051,0.471,0.477
141000,0.061,0.465,0.474
141500,0.063,0.472,0.465
142000,0.061,0.469,0.469
142500,0.055,0.455,0.490
143000,0.059,0.448,0.494
143500,0.071,0.454,0.476
144000,0.068,0.454,0.479
144500,0.064,0.469,0.467
145000,0.066,0.478,0.456
145500,0.060,0.480,0.460
146000,0.059,0.475,0.466
146500,0.067,0.472,0.462
147000,0.059,0.465,0.476
147500,0.060,0.474,0.465
148000,0.069,0.472,0.459
148500,0.069,0.470,0.461
149000,0.067,0.464,0.470
149500,0.062,0.475,0.463
150000,0.065,0.458,0.477
150500,0.067,0.434,0.499
151000,0.062,0.462,0.476
151500,0.063,0.473,0.464
152000,0.059,0.474,0.467
152500,0.059,0.454,0.488
153000,0.055,0.481,0.463
153500,0.060,0.475,0.464
154000,0.067,0.457,0.476
154500,0.068,0.471,0.461
155000,0.068,0.475,0.458
155500,0.075,0.472,0.453
156000,0.065,0.476,0.459
156500,0.060,0.475,0.464
157000,0.061,0.481,0.457
157500,0.054,0.470,0.476
158000,0.057,0.479,0.464
158500,0.058,0.471,0.470
159000,0.061,0.465,0.475
159500,0.062,0.464,0.474
160000,0.061,0.482,0.457
160500,0.056,0.495,0.449
161000,0.053,0.500,0.447
161500,0.058,0.511,0.431
162000,0.056,0.496,0.448
162500,0.057,0.497,0.446
163000,0.056,0.500,0.444
163500,0.058,0.511,0.431
164000,0.053,0.492,0.454
164500,0.056,0.500,0.444
165000,0.061,0.477,0.462
165500,0.064,0.482,0.455
166000,0.071,0.476,0.453
166500,0.054,0.469,0.476
167000,0.056,0.461,0.483
167500,0.063,0.459,0.478
168000,0.062,0.471,0.466
168500,0.064,0.469,0.466
169000,0.061,0.464,0.474
169500,0.070,0.470,0.460
170000,0.061,0.476,0.463
170500,0.059,0.483,0.458
171000,0.061,0.470,0.469
171500,0.065,0.474,0.462
172000,0.070,0.478,0.453
172500,0.066,0.480,0.455
173000,0.059,0.477,0.465
173500,0.059,0.475,0.466
174000,0.061,0.468,0.471
174500,0.062,0.474,0.464
175000,0.051,0.486,0.463
175500,0.057,0.476,0.467
176000,0.052,0.487,0.460
176500,0.061,0.505,0.434
177000,0.057,0.518,0.425
177500,0.056,0.523,0.421
178000,0.049,0.513,0.439
178500,0.050,0.497,0.454
179000,0.048,0.491,0.461
179500,0.050,0.480,0.471
180000,0.051,0.472,0.478
180500,0.048,0.491,0.460
181000,0.047,0.494,0.459
181500,0.046,0.492,0.462
182000,0.048,0.493,0.459
182500,0.056,0.484,0.460
183000,0.057,0.466,0.478
183500,0.056,0.453,0.492
184000,0.059,0.457,0.484
184500,0.064,0.457,0.480
185000,0.059,0.463,0.478
185500,0.061,0.456,0.482
186000,0.064,0.458,0.478
186500,0.069,0.446,0.485
187000,0.074,0.441,0.485
187500,0.075,0.448,0.477
188000,0.084,0.428,0.488
188500,0.078,0.411,0.511
189000,0.080,0.402,0.518
189500,0.076,0.409,0.515
190000,0.084,0.402,0.514
190500,0.089,0.405,0.506
191000,0.084,0.411,0.505
191500,0.086,0.417,0.496
192000,0.088,0.417,0.494
192500,0.080,0.413,0.507
193000,0.078,0.414,0.508
193500,0.085,0.389,0.526
194000,0.081,0.406,0.514
194500,0.076,0.400,0.523
195000,0.073,0.419,0.507
195500,0.075,0.414,0.511
196000,0.070,0.424,0.506
196500,0.076,0.412,0.512
197000,0.086,0.409,0.505
197500,0.082,0.409,0.509
198000,0.093,0.384,0.523
198500,0.092,0.373,0.534
199000,0.107,0.383,0.510
199500,0.105,0.380,0.515
200000,0.104,0.385,0.511
200500,0.099,0.380,0.521
201000,0.089,0.383,0.528
201500,0.088,0.390,0.521
202000,0.090,0.401,0.509
202500,0.098,0.396,0.507
203000,0.090,0.406,0.504
203500,0.095,0.416,0.489
204000,0.085,0.417,0.498
204500,0.082,0.406,0.512
205000,0.087,0.410,0.503
205500,0.084,0.414,0.502
206000,0.090,0.425,0.484
206500,0.094,0.429,0.477
207000,0.090,0.413,0.497
207500,0.094,0.404,0.502
208000,0.098,0.395,0.508
208500,0.099,0.393,0.508
209000,0.095,0.402,0.504
209500,0.096,0.400,0.504
210000,0.090,0.413,0.497
210500,0.091,0.398,0.512
211000,0.087,0.405,0.507
211500,0.094,0.388,0.518
212000,0.094,0.389,0.518
212500,0.086,0.388,0.525
213000,0.087,0.371,0.542
213500,0.080,0.380,0.540
214000,0.088,0.404,0.508
214500,0.084,0.405,0.511
215000,0.077,0.425,0.498
215500,0.088,0.419,0.493
216000,0.089,0.397,0.514
216500,0.100,0.390,0.510
217000,0.104,0.387,0.509
217500,0.100,0.373,0.526
218000,0.111,0.358,0.531
218500,0.094,0.367,0.538
219000,0.096,0.362,0.542
219500,0.101,0.387,0.512
220000,0.100,0.382,0.518
220500,0.099,0.385,0.516
221000,0.102,0.372,0.526
221500,0.103,0.378,0.518
222000,0.098,0.382,0.520
222500,0.090,0.393,0.517
223000,0.097,0.396,0.508
223500,0.097,0.401,0.502
224000,0.085,0.409,0.506
224500,0.082,0.396,0.523
225000,0.088,0.394,0.518
225500,0.090,0.392,0.518
226000,0.089,0.401,0.510
226500,0.087,0.409,0.504
227000,0.093,0.405,0.502
227500,0.091,0.418,0.490
228000,0.086,0.421,0.493
228500,0.085,0.433,0.482
229000,0.088,0.412,0.499
229500,0.096,0.406,0.498
230000,0.091,0.423,0.486
230500,0.084,0.436,0.480
231000,0.069,0.428,0.504
231500,0.071,0.424,0.504
232000,0.059,0.433,0.507
232500,0.068,0.447,0.486
233000,0.066,0.443,0.491
233500,0.060,0.463,0.476
234000,0.063,0.457,0.481
234500,0.074,0.451,0.476
235000,0.065,0.451,0.485
235500,0.067,0.462,0.472
236000,0.068,0.480,0.453
236500,0.064,0.474,0.461
237000,0.065,0.472,0.463
237500,0.066,0.487,0.447
238000,0.060,0.483,0.456
238500,0.059,0.502,0.440
239000,0.060,0.495,0.444
239500,0.058,0.495,0.446
240000,0.059,0.484,0.457
240500,0.054,0.488,0.457
241000,0.064,0.467,0.470
241500,0.058,0.481,0.460
242000,0.062,0.476,0.461
242500,0.065,0.476,0.459
243000,0.058,0.482,0.460
243500,0.068,0.492,0.439
244000,0.059,0.487,0.454
244500,0.058,0.483,0.459
245000,0.056,0.481,0.464
245500,0.050,0.502,0.448
246000,0.045,0.506,0.449
246500,0.047,0.508,0.445
247000,0.045,0.518,0.437
247500,0.042,0.499,0.459
248000,0.049,0.502,0.450
248500,0.051,0.493,0.457
249000,0.048,0.490,0.463
249500,0.044,0.499,0.456
250000,0.053,0.505,0.441
250500,0.051,0.503,0.445
251000,0.061,0.498,0.441
251500,0.057,0.493,0.451
252000,0.046,0.483,0.470
252500,0.043,0.502,0.454
253000,0.052,0.512,0.435
253500,0.049,0.507,0.445
254000,0.051,0.514,0.435
254500,0.052,0.509,0.439
255000,0.049,0.513,0.438
255500,0.055,0.525,0.420
256000,0.053,0.534,0.412
256500,0.044,0.530,0.425
257000,0.045,0.528,0.426
257500,0.039,0.520,0.441
258000,0.030,0.531,0.439
258500,0.036,0.541,0.423
259000,0.038,0.529,0.433
259500,0.035,0.514,0.450
260000,0.034,0.510,0.457
260500,0.038,0.524,0.438
261000,0.035,0.525,0.440
261500,0.032,0.527,0.441
262000,0.030,0.520,0.450
262500,0.035,0.544,0.421
263000,0.036,0.540,0.423
263500,0.042,0.525,0.433
264000,0.042,0.505,0.453
264500,0.043,0.510,0.447
265000,0.043,0.511,0.445
265500,0.043,0.520,0.438
266000,0.044,0.518,0.438
266500,0.043,0.521,0.436
267000,0.038,0.530,0.431
267500,0.048,0.518,0.434
268000,0.051,0.531,0.417
268500,0.063,0.528,0.409
269000,0.052,0.525,0.422
269500,0.052,0.513,0.434
270000,0.045,0.516,0.438
270500,0.048,0.518,0.434
271000,0.050,0.513,0.437
271500,0.052,0.501,0.447
272000,0.049,0.504,0.447
272500,0.055,0.510,0.434
273000,0.056,0.506,0.438
273500,0.057,0.472,0.471
274000,0.054,0.464,0.482
274500,0.059,0.473,0.468
275000,0.061,0.480,0.459
275500,0.054,0.480,0.466
276000,0.059,0.492,0.450
276500,0.057,0.481,0.463
277000,0.052,0.475,0.473
277500,0.057,0.465,0.478
278000,0.066,0.458,0.476
278500,0.064,0.479,0.458
279000,0.064,0.482,0.454
279500,0.069,0.469,0.462
280000,0.058,0.461,0.481
280500,0.058,0.461,0.481
281000,0.064,0.471,0.466
281500,0.067,0.481,0.452
282000,0.067,0.490,0.443
282500,0.066,0.471,0.463
283000,0.052,0.470,0.477
283500,0.044,0.465,0.491
284000,0.051,0.475,0.474
284500,0.052,0.474,0.473
285000,0.050,0.484,0.467
285500,0.046,0.510,0.443
286000,0.048,0.507,0.445
286500,0.049,0.518,0.433
287000,0.045,0.503,0.451
287500,0.050,0.494,0.456
288000,0.050,0.489,0.462
288500,0.052,0.506,0.442
289000,0.061,0.513,0.425
289500,0.059,0.510,0.430
290000,0.059,0.499,0.442
290500,0.046,0.525,0.429
291000,0.045,0.513,0.442
291500,0.043,0.504,0.452
292000,0.045,0.505,0.450
292500,0.043,0.514,0.442
293000,0.049,0.528,0.423
293500,0.044,0.535,0.420
294000,0.046,0.534,0.419
294500,0.038,0.537,0.424
295000,0.043,0.527,0.430
295500,0.041,0.531,0.428
296000,0.042,0.529,0.429
296500,0.043,0.530,0.426
297000,0.042,0.522,0.436
297500,0.046,0.538,0.415
298000,0.043,0.549,0.407
298500,0.048,0.540,0.412
299000,0.046,0.550,0.403
299500,0.043,0.535,0.421
300000,0.046,0.532,0.422
300500,0.044,0.522,0.434
301000,0.042,0.512,0.446
301500,0.047,0.500,0.453
302000,0.044,0.521,0.434
302500,0.048,0.531,0.421
303000,0.042,0.526,0.431
303500,0.044,0.524,0.431
304000,0.045,0.523,0.431
304500,0.047,0.500,0.453
305000,0.048,0.505,0.448
305500,0.040,0.510,0.450
306000,0.041,0.515,0.444
306500,0.038,0.528,0.433
307000,0.045,0.525,0.429
307500,0.048,0.522,0.429
308000,0.046,0.530,0.423
308500,0.043,0.540,0.417
309000,0.048,0.534,0.417
309500,0.045,0.527,0.427
310000,0.044,0.526,0.430
310500,0.044,0.539,0.416
311000,0.042,0.540,0.417
311500,0.041,0.535,0.423
312000,0.045,0.527,0.427
312500,0.041,0.523,0.436
313000,0.045,0.522,0.433
313500,0.048,0.539,0.413
314000,0.045,0.535,0.419
314500,0.044,0.535,0.420
315000,0.046,0.544,0.409
315500,0.042,0.543,0.415
316000,0.043,0.533,0.423
316500,0.043,0.529,0.427
317000,0.052,0.519,0.428
317500,0.052,0.511,0.436
318000,0.048,0.516,0.436
318500,0.044,0.515,0.441
319000,0.041,0.517,0.442
319500,0.044,0.515,0.441
320000,0.048,0.521,0.431
320500,0.043,0.525,0.431
321000,0.050,0.494,0.457
321500,0.060,0.480,0.459
322000,0.062,0.470,0.467
322500,0.063,0.479,0.458
323000,0.062,0.482,0.456
323500,0.066,0.467,0.467
324000,0.060,0.475,0.465
324500,0.055,0.491,0.454
325000,0.045,0.478,0.477
325500,0.044,0.478,0.478
326000,0.060,0.474,0.465
326500,0.054,0.489,0.457
327000,0.057,0.472,0.471
327500,0.067,0.470,0.463
328000,0.062,0.478,0.459
328500,0.058,0.477,0.465
329000,0.058,0.485,0.458
329500,0.052,0.479,0.468
330000,0.067,0.472,0.461
330500,0.058,0.483,0.459
331000,0.061,0.483,0.456
331500,0.066,0.473,0.462
332000,0.060,0.469,0.470
332500,0.056,0.478,0.466
333000,0.053,0.483,0.463
333500,0.058,0.473,0.469
334000,0.066,0.482,0.453
334500,0.060,0.478,0.462
335000,0.058,0.472,0.469
335500,0.059,0.472,0.469
336000,0.060,0.466,0.474
336500,0.055,0.476,0.468
337000,0.057,0.479,0.464
337500,0.061,0.492,0.447
338000,0.057,0.476,0.467
338500,0.052,0.478,0.469
339000,0.050,0.479,0.470
339500,0.050,0.491,0.460
340000,0.053,0.500,0.447
340500,0.062,0.485,0.452
341000,0.069,0.491,0.440
341500,0.072,0.480,0.448
342000,0.072,0.474,0.454
342500,0.064,0.481,0.454
343000,0.067,0.459,0.475
343500,0.074,0.459,0.467
344000,0.072,0.448,0.480
344500,0.079,0.433,0.488
345000,0.082,0.438,0.480
345500,0.074,0.425,0.501
346000,0.083,0.420,0.497
346500,0.089,0.424,0.487
347000,0.082,0.414,0.504
347500,0.086,0.431,0.482
348000,0.086,0.422,0.491
348500,0.081,0.422,0.497
349000,0.081,0.416,0.503
349500,0.081,0.448,0.472
350000,0.080,0.432,0.488
350500,0.070,0.442,0.488
351000,0.066,0.452,0.482
351500,0.071,0.463,0.466
352000,0.072,0.450,0.478
352500,0.070,0.482,0.448
353000,0.051,0.482,0.467
353500,0.058,0.486,0.456
354000,0.052,0.485,0.462
354500,0.057,0.503,0.441
355000,0.066,0.513,0.421
355500,0.060,0.504,0.435
356000,0.064,0.516,0.420
356500,0.056,0.512,0.432
357000,0.060,0.489,0.450
357500,0.057,0.492,0.451
358000,0.056,0.509,0.435
358500,0.051,0.516,0.432
359000,0.048,0.520,0.431
359500,0.051,0.528,0.421
360000,0.050,0.515,0.434
360500,0.051,0.493,0.456
361000,0.046,0.501,0.453
361500,0.043,0.505,0.451
362000,0.044,0.506,0.450
362500,0.048,0.490,0.461
363000,0.057,0.474,0.469
363500,0.053,0.472,0.474
364000,0.047,0.476,0.477
364500,0.051,0.477,0.472
365000,0.052,0.491,0.456
365500,0.061,0.475,0.464
366000,0.059,0.480,0.461
366500,0.054,0.474,0.472
367000,0.051,0.481,0.468
367500,0.046,0.464,0.489
368000,0.054,0.472,0.473
368500,0.057,0.486,0.456
369000,0.048,0.489,0.462
369500,0.046,0.501,0.453
370000,0.056,0.479,0.466
370500,0.068,0.470,0.462
371000,0.073,0.468,0.459
371500,0.071,0.482,0.447
372000,0.069,0.477,0.454
372500,0.058,0.483,0.460
373000,0.053,0.486,0.460
373500,0.052,0.483,0.464
374000,0.051,0.484,0.465
374500,0.052,0.491,0.456
375000,0.054,0.478,0.467
375500,0.055,0.482,0.463
376000,0.051,0.496,0.453
376500,0.051,0.501,0.448
377000,0.052,0.504,0.444
377500,0.054,0.502,0.443
378000,0.060,0.504,0.435
378500,0.058,0.495,0.447
379000,0.063,0.501,0.436
379500,0.057,0.497,0.446
380000,0.053,0.482,0.465
380500,0.056,0.505,0.439
381000,0.061,0.490,0.449
381500,0.060,0.480,0.460
382000,0.062,0.478,0.460
382500,0.062,0.482,0.455
383000,0.063,0.486,0.451
383500,0.061,0.470,0.469
384000,0.065,0.470,0.465
384500,0.066,0.480,0.453
385000,0.067,0.466,0.467
385500,0.057,0.462,0.481
386000,0.067,0.456,0.477
386500,0.069,0.455,0.477
387000,0.057,0.459,0.484
387500,0.055,0.466,0.479
388000,0.053,0.473,0.474
388500,0.053,0.496,0.450
389000,0.053,0.486,0.460
389500,0.053,0.493,0.454
390000,0.059,0.501,0.440
390500,0.051,0.512,0.437
391000,0.051,0.519,0.430
391500,0.050,0.512,0.438
392000,0.048,0.506,0.447
392500,0.043,0.512,0.446
393000,0.045,0.503,0.452
393500,0.052,0.491,0.456
394000,0.050,0.487,0.463
394500,0.052,0.497,0.450
395000,0.049,0.502,0.449
395500,0.052,0.504,0.444
396000,0.052,0.505,0.443
396500,0.050,0.505,0.445
397000,0.053,0.507,0.439
397500,0.049,0.507,0.444
398000,0.047,0.518,0.434
398500,0.045,0.513,0.442
399000,0.044,0.507,0.448
399500,0.047,0.515,0.438
400000,0.046,0.513,0.441
400500,0.044,0.501,0.455
401000,0.043,0.504,0.454
401500,0.051,0.497,0.452
402000,0.046,0.511,0.443
402500,0.040,0.514,0.446
403000,0.053,0.516,0.430
403500,0.048,0.516,0.436
404000,0.050,0.508,0.442
404500,0.044,0.510,0.446
405000,0.043,0.518,0.439
405500,0.045,0.523,0.431
406000,0.042,0.523,0.435
406500,0.039,0.503,0.458
407000,0.041,0.508,0.451
407500,0.046,0.519,0.435
408000,0.043,0.507,0.450
408500,0.039,0.496,0.464
409000,0.041,0.516,0.443
409500,0.045,0.517,0.438
410000,0.041,0.529,0.430
410500,0.046,0.530,0.423
411000,0.054,0.516,0.430
411500,0.048,0.522,0.430
412000,0.044,0.533,0.422
412500,0.042,0.544,0.414
413000,0.036,0.539,0.424
413500,0.038,0.561,0.400
414000,0.050,0.571,0.380
414500,0.043,0.550,0.407
415000,0.042,0.559,0.399
415500,0.042,0.567,0.391
416000,0.037,0.566,0.397
416500,0.029,0.554,0.416
417000,0.039,0.572,0.389
417500,0.038,0.555,0.406
418000,0.043,0.560,0.397
418500,0.037,0.559,0.403
419000,0.037,0.553,0.410
419500,0.037,0.532,0.430
420000,0.037,0.527,0.435
420500,0.046,0.536,0.418
421000,0.042,0.550,0.407
421500,0.037,0.554,0.408
422000,0.030,0.553,0.417
422500,0.039,0.564,0.397
423000,0.035,0.578,0.387
423500,0.033,0.582,0.386
424000,0.028,0.585,0.387
424500,0.029,0.584,0.387
425000,0.028,0.581,0.391
425500,0.026,0.577,0.397
426000,0.029,0.572,0.399
426500,0.042,0.557,0.401
427000,0.045,0.568,0.387
427500,0.036,0.551,0.412
428000,0.043,0.533,0.424
428500,0.037,0.535,0.427
429000,0.042,0.522,0.435
429500,0.036,0.526,0.438
430000,0.039,0.542,0.418
430500,0.039,0.544,0.416
431000,0.037,0.560,0.402
431500,0.044,0.548,0.407
432000,0.041,0.559,0.400
432500,0.035,0.557,0.408
433000,0.034,0.546,0.420
433500,0.037,0.526,0.436
434000,0.043,0.530,0.426
434500,0.046,0.540,0.414
435000,0.042,0.543,0.414
435500,0.042,0.526,0.431
436000,0.048,0.529,0.423
436500,0.045,0.530,0.425
437000,0.057,0.530,0.413
437500,0.054,0.531,0.415
438000,0.050,0.519,0.430
438500,0.056,0.531,0.412
439000,0.052,0.518,0.429
439500,0.055,0.523,0.421
440000,0.046,0.526,0.427
440500,0.043,0.532,0.425
441000,0.042,0.551,0.407
441500,0.035,0.565,0.400
442000,0.033,0.575,0.392
442500,0.032,0.575,0.393
443000,0.031,0.556,0.412
443500,0.030,0.534,0.435
444000,0.036,0.537,0.426
444500,0.037,0.531,0.431
445000,0.041,0.529,0.430
445500,0.048,0.528,0.423
446000,0.054,0.534,0.411
446500,0.044,0.546,0.409
447000,0.036,0.556,0.407
447500,0.037,0.539,0.424
448000,0.033,0.533,0.434
448500,0.043,0.518,0.439
449000,0.037,0.512,0.450
449500,0.041,0.509,0.451
450000,0.044,0.517,0.439
450500,0.046,0.516,0.438
451000,0.044,0.524,0.431
451500,0.046,0.508,0.445
452000,0.050,0.506,0.445
452500,0.051,0.512,0.436
453000,0.043,0.528,0.429
453500,0.046,0.528,0.425
454000,0.050,0.527,0.423
454500,0.048,0.528,0.423
455000,0.045,0.513,0.442
455500,0.049,0.531,0.420
456000,0.047,0.528,0.425
456500,0.046,0.529,0.424
457000,0.051,0.513,0.435
457500,0.053,0.511,0.436
458000,0.054,0.510,0.436
458500,0.064,0.496,0.440
459000,0.059,0.499,0.442
459500,0.059,0.500,0.442
460000,0.058,0.506,0.436
460500,0.051,0.490,0.459
461000,0.051,0.474,0.474
461500,0.059,0.493,0.448
462000,0.058,0.488,0.455
462500,0.051,0.502,0.447
463000,0.052,0.504,0.444
463500,0.048,0.504,0.448
464000,0.054,0.494,0.452
464500,0.049,0.500,0.452
465000,0.048,0.489,0.463
465500,0.049,0.474,0.476
466000,0.050,0.471,0.480
466500,0.051,0.469,0.480
467000,0.054,0.491,0.454
467500,0.056,0.487,0.457
468000,0.053,0.486,0.461
468500,0.050,0.475,0.475
469000,0.050,0.495,0.455
469500,0.057,0.492,0.451
470000,0.051,0.493,0.456
470500,0.048,0.489,0.463
471000,0.050,0.501,0.449
471500,0.059,0.506,0.435
472000,0.058,0.507,0.435
472500,0.057,0.485,0.458
473000,0.055,0.484,0.461
473500,0.064,0.477,0.460
474000,0.061,0.479,0.460
474500,0.062,0.476,0.462
475000,0.070,0.469,0.460
475500,0.068,0.453,0.480
476000,0.063,0.458,0.480
476500,0.068,0.468,0.464
477000,0.068,0.464,0.468
477500,0.065,0.445,0.490
478000,0.054,0.460,0.486
478500,0.057,0.465,0.478
479000,0.066,0.477,0.458
479500,0.063,0.475,0.462
480000,0.062,0.472,0.466
480500,0.057,0.472,0.470
481000,0.050,0.473,0.478
481500,0.054,0.492,0.454
482000,0.057,0.498,0.445
482500,0.053,0.497,0.449
483000,0.053,0.500,0.447
483500,0.052,0.518,0.430
484000,0.048,0.514,0.438
484500,0.056,0.516,0.428
485000,0.049,0.525,0.426
485500,0.043,0.523,0.434
486000,0.045,0.508,0.447
486500,0.045,0.516,0.438
487000,0.051,0.525,0.423
487500,0.048,0.524,0.427
488000,0.046,0.535,0.419
488500,0.042,0.536,0.421
489000,0.041,0.524,0.435
489500,0.044,0.505,0.451
490000,0.058,0.483,0.460
490500,0.066,0.488,0.447
491000,0.059,0.505,0.436
491500,0.056,0.500,0.444
492000,0.051,0.504,0.445
492500,0.043,0.503,0.454
493000,0.047,0.491,0.461
493500,0.053,0.496,0.451
494000,0.051,0.505,0.444
494500,0.052,0.483,0.465
495000,0.050,0.481,0.469
495500,0.053,0.492,0.454
496000,0.058,0.510,0.432
496500,0.065,0.492,0.443
497000,0.065,0.484,0.451
497500,0.054,0.489,0.457
498000,0.068,0.480,0.451
498500,0.061,0.482,0.456
499000,0.070,0.474,0.455
499500,0.070,0.466,0.464
500000,0.051,0.461,0.488
500500,0.051,0.464,0.484
501000,0.059,0.478,0.463
501500,0.058,0.469,0.472
502000,0.065,0.456,0.480
502500,0.062,0.466,0.471
503000,0.056,0.489,0.456
503500,0.059,0.484,0.457
504000,0.052,0.503,0.445
504500,0.052,0.497,0.450
505000,0.052,0.509,0.438
505500,0.048,0.515,0.437
506000,0.051,0.514,0.435
506500,0.042,0.524,0.434
507000,0.045,0.524,0.430
507500,0.049,0.508,0.443
508000,0.049,0.498,0.452
508500,0.053,0.504,0.442
509000,0.055,0.496,0.448
509500,0.060,0.497,0.442
510000,0.063,0.506,0.431
510500,0.060,0.497,0.443
511000,0.059,0.519,0.422
511500,0.055,0.509,0.436
512000,0.050,0.500,0.450
512500,0.050,0.493,0.457
513000,0.048,0.504,0.449
513500,0.046,0.496,0.457
514000,0.056,0.492,0.451
514500,0.049,0.496,0.455
515000,0.052,0.500,0.448
515500,0.044,0.496,0.460
516000,0.044,0.495,0.460
516500,0.043,0.482,0.474
517000,0.051,0.471,0.478
517500,0.048,0.465,0.488
518000,0.051,0.490,0.459
518500,0.049,0.503,0.449
519000,0.049,0.515,0.436
519500,0.046,0.525,0.429
520000,0.045,0.519,0.436
520500,0.045,0.528,0.426
521000,0.042,0.522,0.436
521500,0.041,0.527,0.432
522000,0.046,0.539,0.414
522500,0.041,0.533,0.426
523000,0.037,0.548,0.414
523500,0.037,0.552,0.410
524000,0.034,0.557,0.409
524500,0.029,0.554,0.417
525000,0.032,0.542,0.426
525500,0.031,0.548,0.421
526000,0.037,0.556,0.406
526500,0.038,0.542,0.419
527000,0.038,0.544,0.417
527500,0.033,0.532,0.434
528000,0.031,0.528,0.441
528500,0.030,0.553,0.416
529000,0.037,0.554,0.409
529500,0.035,0.555,0.410
530000,0.040,0.568,0.392
530500,0.039,0.572,0.389
531000,0.035,0.593,0.372
531500,0.033,0.606,0.362
532000,0.026,0.621,0.353
532500,0.024,0.625,0.352
533000,0.021,0.627,0.352
533500,0.024,0.634,0.342
534000,0.022,0.637,0.341
534500,0.022,0.620,0.358
535000,0.021,0.627,0.352
535500,0.025,0.622,0.353
536000,0.025,0.625,0.350
536500,0.029,0.606,0.366
537000,0.028,0.614,0.358
537500,0.027,0.610,0.363
538000,0.026,0.613,0.361
538500,0.030,0.593,0.377
539000,0.029,0.584,0.387
539500,0.032,0.593,0.375
540000,0.027,0.602,0.371
540500,0.025,0.611,0.364
541000,0.024,0.607,0.369
541500,0.026,0.603,0.371
542000,0.027,0.602,0.371
542500,0.022,0.607,0.371
543000,0.027,0.623,0.350
543500,0.026,0.618,0.356
544000,0.029,0.620,0.352
544500,0.032,0.611,0.358
545000,0.033,0.604,0.363
545500,0.035,0.571,0.394
546000,0.041,0.562,0.397
546500,0.039,0.569,0.392
547000,0.032,0.568,0.401
547500,0.036,0.556,0.408
548000,0.032,0.544,0.424
548500,0.029,0.544,0.426
549000,0.034,0.553,0.413
549500,0.035,0.552,0.413
550000,0.045,0.544,0.410
550500,0.045,0.545,0.410
551000,0.042,0.550,0.408
551500,0.039,0.559,0.401
552000,0.035,0.569,0.396
552500,0.036,0.586,0.378
553000,0.034,0.585,0.381
553500,0.038,0.585,0.377
554000,0.038,0.579,0.383
554500,0.038,0.579,0.383
555000,0.038,0.572,0.390
555500,0.034,0.579,0.387
556000,0.034,0.585,0.381
556500,0.034,0.577,0.389
557000,0.037,0.559,0.403
557500,0.045,0.562,0.393
558000,0.050,0.554,0.395
558500,0.049,0.553,0.398
559000,0.050,0.566,0.385
559500,0.044,0.565,0.391
560000,0.034,0.570,0.397
560500,0.040,0.562,0.397
561000,0.047,0.562,0.390
561500,0.044,0.552,0.403
562000,0.043,0.546,0.411
562500,0.048,0.545,0.407
563000,0.040,0.532,0.428
563500,0.045,0.513,0.442
564000,0.042,0.524,0.434
564500,0.043,0.519,0.437
565000,0.050,0.524,0.426
565500,0.048,0.530,0.421
566000,0.047,0.536,0.417
566500,0.050,0.540,0.410
567000,0.056,0.544,0.400
567500,0.057,0.532,0.411
568000,0.051,0.526,0.422
568500,0.055,0.527,0.418
569000,0.054,0.520,0.425
569500,0.046,0.513,0.440
570000,0.058,0.530,0.412
570500,0.051,0.530,0.419
571000,0.055,0.518,0.427
571500,0.059,0.507,0.433
572000,0.056,0.515,0.429
572500,0.050,0.513,0.436
573000,0.044,0.511,0.444
573500,0.049,0.519,0.431
574000,0.050,0.508,0.442
574500,0.045,0.522,0.432
575000,0.052,0.523,0.424
575500,0.051,0.520,0.429
576000,0.046,0.520,0.433
576500,0.046,0.536,0.417
577000,0.048,0.547,0.404
577500,0.043,0.530,0.427
578000,0.042,0.539,0.419
578500,0.044,0.522,0.433
579000,0.051,0.522,0.426
579500,0.039,0.522,0.439
580000,0.037,0.540,0.422
580500,0.038,0.549,0.412
581000,0.036,0.537,0.426
581500,0.039,0.546,0.414
582000,0.041,0.533,0.426
582500,0.047,0.552,0.400
583000,0.042,0.545,0.412
583500,0.046,0.577,0.377
584000,0.042,0.563,0.395
584500,0.038,0.550,0.411
585000,0.038,0.564,0.398
585500,0.035,0.562,0.402
586000,0.032,0.582,0.387
586500,0.028,0.587,0.385
587000,0.026,0.579,0.395
587500,0.026,0.579,0.395
588000,0.034,0.579,0.387
588500,0.037,0.572,0.391
589000,0.046,0.571,0.383
589500,0.043,0.585,0.372
590000,0.043,0.584,0.374
590500,0.032,0.579,0.389
591000,0.038,0.587,0.375
591500,0.039,0.596,0.365
592000,0.034,0.603,0.364
592500,0.030,0.579,0.391
593000,0.025,0.565,0.411
593500,0.033,0.588,0.379
594000,0.034,0.586,0.381
594500,0.034,0.567,0.400
595000,0.032,0.562,0.406
595500,0.030,0.560,0.410
596000,0.030,0.559,0.410
596500,0.037,0.536,0.426
597000,0.042,0.535,0.423
597500,0.041,0.541,0.418
598000,0.033,0.541,0.426
598500,0.029,0.541,0.430
599000,0.039,0.532,0.428
599500,0.051,0.516,0.432
600000,0.055,0.509,0.436
600500,0.050,0.500,0.450
601000,0.046,0.514,0.440
601500,0.054,0.509,0.436
602000,0.053,0.508,0.438
602500,0.049,0.491,0.461
603000,0.051,0.491,0.457
603500,0.053,0.486,0.460
604000,0.051,0.494,0.456
604500,0.051,0.486,0.463
605000,0.060,0.493,0.446
605500,0.068,0.485,0.446
606000,0.069,0.474,0.458
606500,0.064,0.459,0.477
607000,0.063,0.465,0.473
607500,0.061,0.478,0.461
608000,0.058,0.477,0.465
608500,0.061,0.467,0.471
609000,0.065,0.449,0.486
609500,0.070,0.453,0.477
610000,0.070,0.460,0.470
610500,0.067,0.450,0.483
611000,0.068,0.451,0.481
611500,0.066,0.454,0.480
612000,0.053,0.478,0.468
612500,0.058,0.478,0.465
613000,0.065,0.465,0.470
613500,0.065,0.462,0.473
614000,0.065,0.452,0.483
614500,0.060,0.448,0.491
615000,0.064,0.478,0.458
615500,0.069,0.474,0.457
616000,0.064,0.471,0.465
616500,0.064,0.476,0.460
617000,0.069,0.486,0.445
617500,0.059,0.493,0.447
618000,0.052,0.485,0.462
618500,0.057,0.503,0.440
619000,0.065,0.501,0.434
619500,0.056,0.505,0.439
620000,0.049,0.502,0.450
620500,0.053,0.512,0.434
621000,0.051,0.497,0.451
621500,0.057,0.497,0.446
622000,0.053,0.486,0.460
622500,0.053,0.485,0.462
623000,0.051,0.470,0.479
623500,0.055,0.476,0.469
624000,0.050,0.471,0.480
624500,0.057,0.477,0.466
625000,0.061,0.467,0.471
625500,0.061,0.448,0.490
626000,0.076,0.437,0.487
626500,0.073,0.431,0.496
627000,0.071,0.436,0.492
627500,0.080,0.436,0.484
628000,0.074,0.429,0.497
628500,0.075,0.424,0.500
629000,0.077,0.422,0.501
629500,0.077,0.420,0.503
630000,0.077,0.407,0.516
630500,0.076,0.413,0.511
631000,0.089,0.421,0.490
631500,0.079,0.430,0.491
632000,0.076,0.428,0.496
632500,0.074,0.433,0.493
633000,0.073,0.433,0.494
633500,0.082,0.419,0.499
634000,0.081,0.410,0.509
634500,0.084,0.411,0.505
635000,0.078,0.405,0.517
635500,0.073,0.395,0.531
636000,0.083,0.405,0.512
636500,0.085,0.426,0.489
637000,0.092,0.417,0.491
637500,0.089,0.401,0.509
638000,0.094,0.407,0.499
638500,0.089,0.401,0.510
639000,0.090,0.401,0.510
639500,0.091,0.399,0.510
640000,0.083,0.413,0.504
640500,0.079,0.410,0.511
641000,0.075,0.416,0.509
641500,0.090,0.419,0.491
642000,0.077,0.399,0.523
642500,0.083,0.408,0.509
643000,0.079,0.412,0.509
643500,0.082,0.414,0.504
644000,0.084,0.418,0.498
644500,0.088,0.409,0.502
645000,0.086,0.415,0.499
645500,0.080,0.433,0.487
646000,0.073,0.452,0.475
646500,0.073,0.438,0.490
647000,0.072,0.436,0.492
647500,0.080,0.443,0.478
648000,0.074,0.451,0.475
648500,0.070,0.468,0.462
649000,0.070,0.461,0.469
649500,0.068,0.461,0.471
650000,0.075,0.471,0.454
650500,0.071,0.469,0.460
651000,0.072,0.489,0.439
651500,0.064,0.462,0.474
652000,0.064,0.475,0.460
652500,0.061,0.469,0.471
653000,0.059,0.463,0.477
653500,0.050,0.482,0.467
654000,0.046,0.490,0.463
654500,0.043,0.487,0.469
655000,0.043,0.510,0.447
655500,0.043,0.535,0.422
656000,0.046,0.536,0.417
656500,0.041,0.547,0.412
657000,0.035,0.554,0.411
657500,0.041,0.549,0.409
658000,0.037,0.556,0.406
658500,0.037,0.566,0.397
659000,0.035,0.580,0.385
659500,0.034,0.575,0.392
660000,0.030,0.586,0.384
660500,0.033,0.582,0.386
661000,0.029,0.586,0.386
661500,0.029,0.569,0.402
662000,0.025,0.566,0.409
662500,0.026,0.564,0.410
663000,0.029,0.557,0.413
663500,0.043,0.540,0.417
664000,0.042,0.542,0.416
664500,0.044,0.538,0.418
665000,0.039,0.533,0.427
665500,0.036,0.541,0.422
666000,0.032,0.543,0.424
666500,0.036,0.510,0.454
667000,0.038,0.513,0.449
667500,0.040,0.504,0.456
668000,0.044,0.496,0.459
668500,0.052,0.494,0.453
669000,0.059,0.496,0.446
669500,0.065,0.500,0.435
670000,0.056,0.484,0.461
670500,0.054,0.503,0.443
671000,0.057,0.493,0.450
671500,0.065,0.481,0.455
672000,0.062,0.467,0.471
672500,0.059,0.456,0.486
673000,0.056,0.458,0.486
673500,0.059,0.446,0.495
674000,0.060,0.450,0.490
674500,0.065,0.449,0.487
675000,0.058,0.436,0.506
675500,0.063,0.427,0.510
676000,0.059,0.443,0.497
676500,0.057,0.456,0.487
677000,0.058,0.452,0.490
677500,0.062,0.476,0.462
678000,0.070,0.478,0.451
678500,0.069,0.474,0.457
679000,0.062,0.462,0.475
679500,0.065,0.470,0.465
680000,0.052,0.475,0.473
680500,0.052,0.466,0.482
681000,0.056,0.460,0.484
681500,0.064,0.493,0.443
682000,0.057,0.492,0.452
682500,0.057,0.492,0.451
683000,0.059,0.477,0.464
683500,0.052,0.480,0.467
684000,0.048,0.493,0.459
684500,0.052,0.493,0.455
685000,0.055,0.500,0.445
685500,0.051,0.490,0.460
686000,0.038,0.503,0.459
686500,0.042,0.498,0.461
687000,0.044,0.497,0.458
687500,0.045,0.503,0.452
688000,0.043,0.502,0.454
688500,0.044,0.512,0.444
689000,0.051,0.492,0.457
689500,0.051,0.512,0.436
690000,0.048,0.514,0.438
690500,0.048,0.500,0.453
691000,0.048,0.494,0.458
691500,0.041,0.515,0.444
692000,0.043,0.509,0.449
692500,0.040,0.514,0.446
693000,0.037,0.516,0.447
693500,0.038,0.516,0.446
694000,0.040,0.530,0.429
694500,0.036,0.530,0.433
695000,0.038,0.540,0.421
695500,0.037,0.553,0.409
696000,0.038,0.559,0.402
696500,0.042,0.549,0.409
697000,0.040,0.537,0.423
697500,0.035,0.538,0.426
698000,0.041,0.540,0.418
698500,0.044,0.524,0.432
699000,0.044,0.518,0.438
699500,0.046,0.532,0.421
700000,0.041,0.553,0.406
700500,0.041,0.539,0.420
701000,0.044,0.553,0.403
701500,0.037,0.537,0.425
702000,0.038,0.541,0.420
702500,0.039,0.540,0.421
703000,0.040,0.552,0.408
703500,0.034,0.558,0.408
704000,0.035,0.566,0.400
704500,0.034,0.565,0.402
705000,0.043,0.558,0.399
705500,0.042,0.557,0.400
706000,0.042,0.554,0.404
706500,0.044,0.555,0.400
707000,0.045,0.546,0.408
707500,0.038,0.558,0.403
708000,0.043,0.564,0.393
708500,0.041,0.556,0.402
709000,0.038,0.554,0.407
709500,0.042,0.548,0.410
710000,0.051,0.532,0.417
710500,0.044,0.541,0.414
711000,0.046,0.543,0.411
711500,0.040,0.537,0.423
712000,0.033,0.548,0.418
712500,0.034,0.550,0.416
713000,0.032,0.566,0.402
713500,0.036,0.563,0.401
714000,0.036,0.564,0.400
714500,0.036,0.569,0.395
715000,0.033,0.561,0.406
715500,0.032,0.558,0.410
716000,0.035,0.571,0.395
716500,0.036,0.601,0.363
717000,0.037,0.590,0.373
717500,0.044,0.574,0.382
718000,0.042,0.561,0.397
718500,0.039,0.551,0.410
719000,0.033,0.559,0.408
719500,0.033,0.573,0.395
720000,0.033,0.580,0.388
720500,0.030,0.577,0.393
721000,0.026,0.576,0.398
721500,0.030,0.589,0.381
722000,0.032,0.583,0.386
722500,0.035,0.604,0.361
723000,0.029,0.590,0.381
723500,0.030,0.592,0.378
724000,0.033,0.593,0.375
724500,0.043,0.581,0.376
725000,0.041,0.569,0.390
725500,0.035,0.561,0.404
726000,0.037,0.553,0.409
726500,0.038,0.556,0.406
727000,0.035,0.557,0.408
727500,0.038,0.557,0.404
728000,0.037,0.568,0.395
728500,0.037,0.558,0.405
729000,0.040,0.547,0.413
729500,0.036,0.530,0.433
730000,0.039,0.532,0.429
730500,0.044,0.544,0.411
731000,0.038,0.535,0.426
731500,0.032,0.561,0.407
732000,0.030,0.580,0.390
732500,0.037,0.574,0.389
733000,0.039,0.561,0.399
733500,0.037,0.567,0.396
734000,0.040,0.553,0.407
734500,0.036,0.548,0.415
735000,0.038,0.549,0.412
735500,0.034,0.544,0.422
736000,0.038,0.537,0.424
736500,0.036,0.540,0.423
737000,0.038,0.545,0.416
737500,0.043,0.535,0.421
738000,0.040,0.529,0.431
738500,0.045,0.540,0.414
739000,0.048,0.553,0.399
739500,0.042,0.544,0.414
740000,0.036,0.560,0.403
740500,0.034,0.553,0.413
741000,0.030,0.572,0.398
741500,0.035,0.576,0.390
742000,0.030,0.580,0.390
742500,0.028,0.561,0.411
743000,0.030,0.555,0.414
743500,0.035,0.562,0.403
744000,0.037,0.560,0.402
744500,0.045,0.582,0.373
745000,0.041,0.592,0.367
745500,0.041,0.583,0.377
746000,0.040,0.578,0.383
746500,0.043,0.569,0.389
747000,0.035,0.582,0.384
747500,0.033,0.576,0.391
748000,0.040,0.561,0.399
748500,0.035,0.556,0.409
749000,0.035,0.539,0.425
749500,0.036,0.530,0.433
750000,0.044,0.517,0.439
750500,0.043,0.518,0.438
751000,0.042,0.518,0.440
751500,0.040,0.524,0.436
752000,0.035,0.544,0.420
752500,0.043,0.559,0.398
753000,0.039,0.573,0.388
753500,0.037,0.579,0.384
754000,0.035,0.574,0.391
754500,0.034,0.576,0.391
755000,0.031,0.567,0.402
755500,0.035,0.561,0.403
756000,0.040,0.562,0.397
756500,0.050,0.546,0.403
757000,0.057,0.527,0.416
757500,0.057,0.537,0.406
758000,0.056,0.537,0.407
758500,0.046,0.542,0.411
759000,0.050,0.538,0.411
759500,0.058,0.533,0.409
760000,0.048,0.540,0.412
760500,0.046,0.538,0.416
761000,0.044,0.537,0.418
761500,0.042,0.537,0.421
762000,0.041,0.528,0.430
762500,0.047,0.503,0.450
763000,0.052,0.493,0.454
763500,0.048,0.502,0.451
764000,0.045,0.486,0.468
764500,0.042,0.492,0.466
765000,0.042,0.502,0.456
765500,0.051,0.504,0.446
766000,0.056,0.493,0.452
766500,0.054,0.498,0.448
767000,0.058,0.487,0.454
767500,0.053,0.499,0.447
768000,0.051,0.495,0.453
768500,0.051,0.500,0.450
769000,0.045,0.492,0.463
769500,0.053,0.505,0.442
770000,0.051,0.504,0.445
770500,0.046,0.488,0.465
771000,0.045,0.497,0.458
771500,0.042,0.490,0.469
772000,0.052,0.482,0.465
772500,0.053,0.484,0.462
773000,0.052,0.480,0.468
773500,0.050,0.481,0.470
774000,0.045,0.473,0.481
774500,0.052,0.475,0.473
775000,0.053,0.478,0.469
775500,0.059,0.486,0.455
776000,0.064,0.493,0.443
776500,0.063,0.473,0.464
777000,0.052,0.458,0.490
777500,0.050,0.452,0.498
778000,0.053,0.461,0.486
778500,0.056,0.482,0.462
779000,0.057,0.492,0.452
779500,0.054,0.483,0.462
780000,0.055,0.481,0.464
780500,0.066,0.471,0.463
781000,0.067,0.483,0.451
781500,0.072,0.488,0.440
782000,0.073,0.467,0.459
782500,0.075,0.442,0.484
783000,0.074,0.460,0.466
783500,0.076,0.447,0.476
784000,0.077,0.447,0.475
784500,0.080,0.453,0.468
785000,0.082,0.435,0.483
785500,0.079,0.452,0.469
786000,0.075,0.450,0.475
786500,0.062,0.452,0.486
787000,0.067,0.445,0.489
787500,0.072,0.440,0.489
788000,0.077,0.428,0.494
788500,0.069,0.435,0.496
789000,0.065,0.415,0.520
789500,0.073,0.430,0.496
790000,0.076,0.420,0.504
790500,0.075,0.435,0.489
791000,0.072,0.447,0.480
791500,0.067,0.464,0.469
792000,0.054,0.482,0.464
792500,0.051,0.504,0.445
793000,0.054,0.507,0.439
793500,0.053,0.505,0.442
794000,0.058,0.512,0.430
794500,0.058,0.504,0.438
795000,0.049,0.515,0.436
795500,0.046,0.513,0.441
796000,0.044,0.526,0.430
796500,0.047,0.524,0.428
797000,0.046,0.512,0.441
797500,0.039,0.507,0.454
798000,0.050,0.523,0.426
798500,0.045,0.519,0.436
799000,0.036,0.517,0.447
799500,0.037,0.528,0.434
800000,0.040,0.552,0.408
800500,0.041,0.551,0.407
801000,0.040,0.561,0.399
801500,0.040,0.548,0.412
802000,0.045,0.565,0.390
802500,0.042,0.553,0.404
803000,0.036,0.533,0.430
803500,0.036,0.529,0.434
