time,n_A+p,n_B,n_AB,avg_entropy_simp
500,0.032,0.853,0.115,0.207242
1000,0.028,0.765,0.207,0.292170
1500,0.088,0.608,0.304,0.414854
2000,0.120,0.415,0.465,0.437486
2500,0.115,0.309,0.576,0.411260
3000,0.106,0.267,0.627,0.401817
3500,0.147,0.184,0.668,0.372077
4000,0.171,0.240,0.590,0.414766
4500,0.217,0.235,0.548,0.449561
5000,0.253,0.198,0.548,0.445811
5500,0.327,0.111,0.562,0.404190
6000,0.249,0.129,0.622,0.397445
6500,0.263,0.171,0.567,0.449778
7000,0.212,0.180,0.608,0.409313
7500,0.226,0.175,0.599,0.400492
8000,0.318,0.138,0.544,0.414183
8500,0.309,0.134,0.558,0.419207
9000,0.276,0.115,0.608,0.400293
9500,0.286,0.171,0.544,0.444065
10000,0.263,0.157,0.581,0.416534
10500,0.230,0.166,0.604,0.406657
11000,0.138,0.194,0.668,0.336447
11500,0.313,0.106,0.581,0.398719
12000,0.332,0.065,0.604,0.373288
12500,0.221,0.147,0.631,0.399497
13000,0.300,0.124,0.576,0.414538
13500,0.286,0.120,0.594,0.414420
14000,0.286,0.101,0.613,0.408055
14500,0.300,0.115,0.585,0.400099
15000,0.295,0.111,0.594,0.398959
15500,0.230,0.221,0.548,0.455988
16000,0.207,0.194,0.599,0.423481
16500,0.134,0.276,0.590,0.413919
17000,0.189,0.166,0.645,0.380866
17500,0.230,0.180,0.590,0.400765
18000,0.267,0.166,0.567,0.406312
18500,0.249,0.157,0.594,0.400190
19000,0.240,0.157,0.604,0.402348
19500,0.263,0.157,0.581,0.423302
20000,0.152,0.249,0.599,0.415950
20500,0.157,0.207,0.636,0.387265
21000,0.180,0.198,0.622,0.409958
21500,0.198,0.203,0.599,0.413809
22000,0.230,0.212,0.558,0.426137
22500,0.290,0.143,0.567,0.421017
23000,0.355,0.106,0.539,0.420015
23500,0.346,0.124,0.530,0.443605
24000,0.281,0.111,0.608,0.387779
24500,0.276,0.124,0.599,0.401193
25000,0.212,0.171,0.618,0.413252
25500,0.198,0.180,0.622,0.414367
26000,0.235,0.166,0.599,0.415694
26500,0.171,0.207,0.622,0.421854
27000,0.180,0.272,0.548,0.420669
27500,0.235,0.189,0.576,0.448058
28000,0.258,0.129,0.613,0.400365
28500,0.313,0.092,0.594,0.408729
29000,0.309,0.097,0.594,0.387270
29500,0.327,0.134,0.539,0.416984
30000,0.415,0.078,0.507,0.401027
30500,0.304,0.092,0.604,0.374300
31000,0.309,0.078,0.613,0.354430
31500,0.258,0.143,0.599,0.406771
32000,0.276,0.166,0.558,0.441033
32500,0.244,0.203,0.553,0.434455
33000,0.276,0.184,0.539,0.445631
33500,0.221,0.171,0.608,0.391437
34000,0.258,0.138,0.604,0.413764
34500,0.369,0.097,0.535,0.429883
35000,0.267,0.101,0.631,0.391548
35500,0.382,0.069,0.548,0.410291
36000,0.300,0.037,0.664,0.343856
36500,0.295,0.129,0.576,0.424280
37000,0.207,0.198,0.594,0.428036
37500,0.217,0.157,0.627,0.412533
38000,0.267,0.166,0.567,0.435055
38500,0.258,0.143,0.599,0.419212
39000,0.267,0.171,0.562,0.428342
39500,0.290,0.157,0.553,0.441565
40000,0.263,0.129,0.608,0.407635
40500,0.313,0.101,0.585,0.417733
41000,0.300,0.115,0.585,0.420072
41500,0.318,0.124,0.558,0.434573
42000,0.263,0.166,0.571,0.433222
42500,0.244,0.152,0.604,0.410120
43000,0.203,0.189,0.608,0.406224
43500,0.230,0.203,0.567,0.440214
44000,0.290,0.115,0.594,0.417083
44500,0.258,0.152,0.590,0.416578
45000,0.272,0.189,0.539,0.438179
45500,0.217,0.180,0.604,0.399746
46000,0.207,0.194,0.599,0.410815
46500,0.276,0.207,0.516,0.464881
47000,0.286,0.180,0.535,0.447889
47500,0.258,0.152,0.590,0.411737
48000,0.240,0.166,0.594,0.409652
48500,0.267,0.092,0.641,0.378276
49000,0.290,0.161,0.548,0.440980
49500,0.212,0.180,0.608,0.426641
50000,0.253,0.184,0.562,0.430574
50500,0.189,0.157,0.654,0.386339
51000,0.161,0.198,0.641,0.402074
51500,0.212,0.203,0.585,0.438163
52000,0.258,0.134,0.608,0.419980
52500,0.410,0.124,0.465,0.457383
53000,0.382,0.078,0.539,0.420749
53500,0.378,0.097,0.525,0.407174
54000,0.323,0.124,0.553,0.426627
54500,0.295,0.161,0.544,0.465248
55000,0.244,0.124,0.631,0.394618
55500,0.226,0.092,0.682,0.340000
56000,0.346,0.083,0.571,0.409267
56500,0.281,0.106,0.613,0.423815
57000,0.286,0.129,0.585,0.433344
57500,0.401,0.134,0.465,0.463816
58000,0.258,0.111,0.631,0.387719
58500,0.295,0.134,0.571,0.435547
59000,0.249,0.152,0.599,0.419191
59500,0.304,0.134,0.562,0.419261
60000,0.263,0.175,0.562,0.429320
60500,0.263,0.157,0.581,0.418156
61000,0.253,0.161,0.585,0.435792
61500,0.212,0.124,0.664,0.366577
62000,0.244,0.166,0.590,0.408019
62500,0.244,0.235,0.521,0.467067
63000,0.230,0.198,0.571,0.431473
63500,0.281,0.134,0.585,0.405911
64000,0.235,0.124,0.641,0.384234
64500,0.286,0.138,0.576,0.423506
65000,0.309,0.097,0.594,0.398919
65500,0.276,0.147,0.576,0.428290
66000,0.350,0.129,0.521,0.440810
66500,0.382,0.069,0.548,0.406983
67000,0.212,0.083,0.705,0.323211
67500,0.295,0.106,0.599,0.397192
68000,0.258,0.129,0.613,0.402829
68500,0.263,0.161,0.576,0.426910
69000,0.189,0.180,0.631,0.380274
69500,0.189,0.171,0.641,0.378457
70000,0.230,0.134,0.636,0.405013
70500,0.382,0.097,0.521,0.422149
71000,0.318,0.180,0.502,0.458970
71500,0.336,0.124,0.539,0.428883
72000,0.263,0.157,0.581,0.425986
72500,0.272,0.152,0.576,0.420890
73000,0.184,0.129,0.687,0.326494
73500,0.180,0.180,0.641,0.382278
74000,0.263,0.175,0.562,0.430943
74500,0.258,0.198,0.544,0.437114
75000,0.171,0.217,0.613,0.433344
75500,0.212,0.175,0.613,0.414169
76000,0.161,0.230,0.608,0.421894
76500,0.198,0.212,0.590,0.420794
77000,0.235,0.212,0.553,0.441521
77500,0.198,0.184,0.618,0.406090
78000,0.235,0.184,0.581,0.441977
78500,0.258,0.101,0.641,0.388613
79000,0.244,0.157,0.599,0.409046
79500,0.212,0.161,0.627,0.398929
80000,0.267,0.203,0.530,0.450588
80500,0.249,0.138,0.613,0.411137
81000,0.295,0.166,0.539,0.448615
81500,0.212,0.221,0.567,0.425700
82000,0.221,0.134,0.645,0.374826
82500,0.300,0.134,0.567,0.415561
83000,0.217,0.152,0.631,0.388307
83500,0.226,0.180,0.594,0.431909
84000,0.221,0.175,0.604,0.412342
84500,0.263,0.129,0.608,0.391250
85000,0.253,0.147,0.599,0.410548
85500,0.281,0.106,0.613,0.403781
86000,0.332,0.124,0.544,0.435070
86500,0.309,0.097,0.594,0.388909
87000,0.392,0.074,0.535,0.408932
87500,0.263,0.147,0.590,0.419631
88000,0.203,0.184,0.613,0.411756
88500,0.207,0.194,0.599,0.399059
89000,0.198,0.171,0.631,0.395067
89500,0.267,0.171,0.562,0.436101
90000,0.318,0.157,0.525,0.450183
90500,0.207,0.120,0.673,0.357994
91000,0.258,0.152,0.590,0.417788
91500,0.258,0.129,0.613,0.409478
92000,0.295,0.088,0.618,0.397364
92500,0.281,0.129,0.590,0.433223
93000,0.157,0.230,0.613,0.409021
93500,0.212,0.295,0.493,0.479182
94000,0.212,0.175,0.613,0.409964
94500,0.221,0.180,0.599,0.414392
95000,0.235,0.106,0.659,0.390073
95500,0.194,0.221,0.585,0.427067
96000,0.180,0.235,0.585,0.417088
96500,0.171,0.226,0.604,0.402740
97000,0.194,0.217,0.590,0.431770
97500,0.203,0.230,0.567,0.415269
98000,0.189,0.171,0.641,0.378164
98500,0.226,0.134,0.641,0.395142
99000,0.267,0.161,0.571,0.434144
99500,0.276,0.097,0.627,0.383711
100000,0.221,0.147,0.631,0.389320
