time,n_A+p,n_B,n_AB
100,0.030,0.962,0.008
200,0.030,0.956,0.014
300,0.030,0.955,0.015
400,0.031,0.947,0.022
500,0.031,0.948,0.021
600,0.032,0.948,0.020
700,0.032,0.945,0.023
800,0.033,0.946,0.021
900,0.035,0.942,0.023
1000,0.033,0.933,0.035
1100,0.035,0.930,0.036
1200,0.035,0.928,0.037
1300,0.034,0.928,0.038
1400,0.034,0.925,0.041
1500,0.033,0.930,0.038
1600,0.035,0.928,0.037
1700,0.033,0.925,0.042
1800,0.035,0.913,0.052
1900,0.033,0.919,0.048
2000,0.033,0.919,0.048
2100,0.033,0.928,0.039
2200,0.033,0.928,0.039
2300,0.033,0.926,0.041
2400,0.032,0.925,0.043
2500,0.033,0.923,0.044
2600,0.036,0.909,0.055
2700,0.038,0.901,0.061
2800,0.038,0.898,0.064
2900,0.036,0.899,0.065
3000,0.038,0.899,0.063
3100,0.040,0.888,0.073
3200,0.038,0.890,0.073
3300,0.039,0.897,0.064
3400,0.045,0.894,0.061
3500,0.042,0.889,0.069
3600,0.043,0.878,0.079
3700,0.045,0.865,0.090
3800,0.043,0.865,0.092
3900,0.049,0.867,0.084
4000,0.056,0.858,0.086
4100,0.056,0.850,0.094
4200,0.056,0.850,0.094
4300,0.060,0.835,0.105
4400,0.070,0.824,0.105
4500,0.075,0.816,0.109
4600,0.066,0.816,0.117
4700,0.088,0.801,0.111
4800,0.083,0.812,0.105
4900,0.081,0.814,0.105
5000,0.076,0.817,0.107
5100,0.078,0.795,0.128
5200,0.080,0.797,0.124
5300,0.081,0.791,0.129
5400,0.084,0.778,0.138
5500,0.086,0.780,0.134
5600,0.084,0.780,0.136
5700,0.079,0.761,0.160
5800,0.076,0.775,0.149
5900,0.080,0.769,0.151
6000,0.077,0.770,0.153
6100,0.074,0.765,0.161
6200,0.085,0.761,0.154
6300,0.103,0.743,0.154
6400,0.101,0.747,0.152
6500,0.094,0.749,0.157
6600,0.091,0.749,0.160
6700,0.089,0.737,0.174
6800,0.082,0.749,0.170
6900,0.099,0.730,0.171
7000,0.107,0.718,0.175
7100,0.106,0.715,0.179
7200,0.118,0.699,0.183
7300,0.120,0.703,0.178
7400,0.116,0.681,0.202
7500,0.115,0.676,0.208
7600,0.123,0.683,0.194
7700,0.124,0.682,0.194
7800,0.125,0.668,0.207
7900,0.125,0.669,0.206
8000,0.137,0.659,0.204
8100,0.133,0.659,0.208
8200,0.136,0.663,0.201
8300,0.142,0.658,0.200
8400,0.139,0.669,0.192
8500,0.136,0.673,0.191
8600,0.127,0.657,0.217
8700,0.136,0.645,0.220
8800,0.134,0.644,0.223
8900,0.133,0.648,0.220
9000,0.135,0.646,0.220
9100,0.125,0.661,0.215
9200,0.122,0.664,0.215
9300,0.126,0.662,0.212
9400,0.128,0.656,0.217
9500,0.125,0.657,0.219
9600,0.131,0.653,0.217
9700,0.134,0.652,0.215
9800,0.136,0.645,0.220
9900,0.133,0.627,0.240
10000,0.124,0.623,0.253
10100,0.127,0.626,0.247
10200,0.121,0.629,0.250
10300,0.125,0.627,0.248
10400,0.135,0.611,0.254
10500,0.144,0.610,0.246
10600,0.138,0.604,0.258
10700,0.136,0.602,0.263
10800,0.140,0.602,0.258
10900,0.138,0.598,0.265
11000,0.146,0.593,0.260
11100,0.156,0.585,0.258
11200,0.151,0.596,0.253
11300,0.142,0.599,0.259
11400,0.144,0.601,0.255
11500,0.140,0.596,0.265
11600,0.147,0.587,0.266
11700,0.152,0.593,0.254
11800,0.146,0.594,0.259
11900,0.142,0.598,0.260
12000,0.154,0.584,0.261
12100,0.145,0.585,0.270
12200,0.141,0.588,0.271
12300,0.149,0.584,0.267
12400,0.151,0.566,0.283
12500,0.152,0.563,0.285
12600,0.155,0.563,0.282
12700,0.150,0.555,0.295
12800,0.154,0.563,0.283
12900,0.160,0.553,0.287
13000,0.160,0.554,0.286
13100,0.148,0.562,0.290
13200,0.157,0.554,0.289
13300,0.170,0.558,0.273
13400,0.168,0.546,0.286
13500,0.163,0.538,0.298
13600,0.177,0.539,0.284
13700,0.181,0.558,0.261
13800,0.179,0.555,0.267
13900,0.188,0.549,0.264
14000,0.192,0.544,0.264
14100,0.210,0.533,0.256
14200,0.212,0.529,0.258
14300,0.211,0.533,0.255
14400,0.201,0.553,0.246
14500,0.188,0.561,0.251
14600,0.191,0.556,0.253
14700,0.188,0.550,0.263
14800,0.190,0.550,0.260
14900,0.197,0.531,0.272
15000,0.198,0.532,0.270
15100,0.228,0.498,0.274
15200,0.238,0.499,0.263
15300,0.221,0.530,0.249
15400,0.220,0.525,0.255
15500,0.211,0.534,0.254
15600,0.209,0.525,0.266
15700,0.208,0.523,0.269
15800,0.201,0.522,0.277
15900,0.192,0.521,0.287
16000,0.197,0.510,0.293
16100,0.218,0.512,0.271
16200,0.223,0.510,0.268
16300,0.226,0.509,0.266
16400,0.212,0.536,0.251
16500,0.211,0.521,0.268
16600,0.213,0.522,0.265
16700,0.222,0.520,0.258
16800,0.217,0.509,0.275
16900,0.230,0.491,0.279
17000,0.235,0.490,0.275
17100,0.242,0.491,0.267
17200,0.244,0.494,0.261
17300,0.249,0.492,0.258
17400,0.256,0.476,0.268
17500,0.241,0.484,0.275
17600,0.242,0.476,0.282
17700,0.249,0.475,0.276
17800,0.236,0.474,0.290
17900,0.242,0.470,0.288
18000,0.243,0.476,0.281
18100,0.232,0.471,0.297
18200,0.231,0.483,0.286
18300,0.207,0.485,0.307
18400,0.208,0.497,0.294
18500,0.191,0.528,0.281
18600,0.197,0.518,0.285
18700,0.194,0.524,0.282
18800,0.192,0.514,0.294
18900,0.196,0.510,0.294
19000,0.192,0.514,0.294
19100,0.223,0.494,0.283
19200,0.225,0.478,0.297
19300,0.218,0.474,0.308
19400,0.224,0.468,0.308
19500,0.227,0.470,0.303
19600,0.233,0.473,0.294
19700,0.232,0.463,0.305
19800,0.235,0.468,0.297
19900,0.213,0.473,0.314
20000,0.207,0.472,0.321
20100,0.227,0.446,0.327
20200,0.216,0.440,0.344
20300,0.218,0.436,0.346
20400,0.250,0.401,0.348
20500,0.252,0.410,0.338
20600,0.242,0.411,0.347
20700,0.232,0.422,0.346
20800,0.235,0.430,0.335
20900,0.221,0.433,0.346
21000,0.211,0.432,0.356
21100,0.220,0.435,0.345
21200,0.225,0.426,0.349
21300,0.230,0.424,0.346
21400,0.233,0.425,0.342
21500,0.221,0.425,0.354
21600,0.239,0.415,0.346
21700,0.251,0.414,0.335
21800,0.248,0.414,0.338
21900,0.249,0.413,0.338
22000,0.259,0.424,0.317
22100,0.270,0.421,0.309
22200,0.285,0.412,0.303
22300,0.279,0.417,0.304
22400,0.294,0.418,0.288
22500,0.274,0.420,0.306
22600,0.280,0.429,0.291
22700,0.287,0.426,0.287
22800,0.294,0.420,0.286
22900,0.302,0.426,0.272
23000,0.298,0.424,0.278
23100,0.297,0.421,0.282
23200,0.306,0.415,0.279
23300,0.295,0.413,0.292
23400,0.301,0.410,0.289
23500,0.294,0.411,0.295
23600,0.289,0.409,0.302
23700,0.284,0.410,0.306
23800,0.289,0.418,0.293
23900,0.302,0.404,0.293
24000,0.303,0.414,0.283
24100,0.306,0.410,0.284
24200,0.296,0.410,0.294
24300,0.313,0.401,0.286
24400,0.319,0.392,0.289
24500,0.314,0.391,0.295
24600,0.320,0.386,0.294
24700,0.305,0.393,0.301
24800,0.305,0.383,0.312
24900,0.309,0.395,0.295
25000,0.294,0.393,0.313
25100,0.305,0.399,0.295
25200,0.303,0.393,0.303
25300,0.287,0.413,0.300
25400,0.300,0.407,0.293
25500,0.296,0.393,0.311
25600,0.298,0.398,0.303
25700,0.298,0.398,0.303
25800,0.294,0.391,0.315
25900,0.291,0.385,0.324
26000,0.287,0.401,0.312
26100,0.274,0.412,0.315
26200,0.283,0.410,0.307
26300,0.279,0.413,0.308
26400,0.240,0.422,0.338
26500,0.251,0.432,0.317
26600,0.261,0.425,0.314
26700,0.275,0.403,0.322
26800,0.282,0.403,0.315
26900,0.286,0.386,0.328
27000,0.318,0.380,0.302
27100,0.308,0.391,0.300
27200,0.318,0.386,0.296
27300,0.328,0.379,0.293
27400,0.333,0.371,0.296
27500,0.334,0.367,0.299
27600,0.307,0.381,0.312
27700,0.308,0.385,0.306
27800,0.309,0.388,0.302
27900,0.298,0.385,0.317
28000,0.290,0.386,0.324
28100,0.291,0.388,0.321
28200,0.317,0.375,0.308
28300,0.318,0.375,0.307
28400,0.314,0.370,0.317
28500,0.324,0.383,0.293
28600,0.321,0.379,0.300
28700,0.311,0.382,0.307
28800,0.314,0.379,0.307
28900,0.320,0.378,0.302
29000,0.317,0.380,0.303
29100,0.316,0.387,0.297
29200,0.329,0.380,0.291
29300,0.328,0.390,0.282
29400,0.332,0.385,0.283
29500,0.339,0.384,0.277
29600,0.338,0.379,0.283
29700,0.339,0.371,0.290
29800,0.332,0.384,0.284
29900,0.305,0.387,0.307
30000,0.295,0.381,0.324
30100,0.307,0.379,0.314
30200,0.294,0.399,0.306
30300,0.293,0.403,0.303
30400,0.304,0.398,0.297
30500,0.293,0.399,0.307
30600,0.293,0.394,0.313
30700,0.293,0.385,0.322
30800,0.277,0.385,0.338
30900,0.282,0.392,0.326
31000,0.285,0.398,0.317
31100,0.292,0.390,0.318
31200,0.300,0.384,0.316
31300,0.281,0.392,0.327
31400,0.279,0.420,0.301
31500,0.280,0.418,0.302
31600,0.286,0.432,0.282
31700,0.285,0.431,0.284
31800,0.289,0.425,0.286
31900,0.289,0.421,0.290
32000,0.288,0.423,0.289
32100,0.296,0.406,0.298
32200,0.291,0.408,0.301
32300,0.288,0.395,0.317
32400,0.287,0.394,0.319
32500,0.286,0.397,0.317
32600,0.281,0.403,0.316
32700,0.279,0.410,0.312
32800,0.295,0.403,0.301
32900,0.298,0.401,0.300
33000,0.294,0.397,0.308
33100,0.300,0.398,0.301
33200,0.313,0.390,0.297
33300,0.298,0.388,0.314
33400,0.292,0.408,0.300
33500,0.308,0.385,0.306
33600,0.307,0.377,0.316
33700,0.311,0.371,0.319
33800,0.319,0.371,0.311
33900,0.336,0.356,0.307
34000,0.330,0.356,0.314
34100,0.331,0.354,0.315
34200,0.329,0.350,0.321
34300,0.318,0.343,0.339
34400,0.320,0.349,0.331
34500,0.326,0.358,0.317
34600,0.302,0.364,0.334
34700,0.308,0.358,0.334
34800,0.296,0.367,0.337
34900,0.301,0.372,0.327
35000,0.301,0.366,0.333
35100,0.306,0.368,0.326
35200,0.294,0.356,0.349
35300,0.296,0.360,0.344
35400,0.295,0.367,0.338
35500,0.285,0.369,0.346
35600,0.284,0.369,0.347
35700,0.296,0.369,0.335
35800,0.317,0.347,0.336
35900,0.307,0.350,0.342
36000,0.319,0.351,0.330
36100,0.317,0.355,0.328
36200,0.314,0.367,0.320
36300,0.318,0.352,0.330
36400,0.309,0.368,0.323
36500,0.307,0.365,0.328
36600,0.293,0.364,0.343
36700,0.294,0.360,0.346
36800,0.291,0.370,0.339
36900,0.312,0.351,0.337
37000,0.305,0.348,0.346
37100,0.300,0.350,0.349
37200,0.318,0.351,0.331
37300,0.316,0.365,0.320
37400,0.321,0.359,0.321
37500,0.331,0.363,0.306
37600,0.329,0.370,0.301
37700,0.338,0.359,0.303
37800,0.320,0.359,0.322
37900,0.345,0.350,0.304
38000,0.335,0.355,0.309
38100,0.341,0.351,0.307
38200,0.314,0.359,0.328
38300,0.325,0.348,0.327
38400,0.314,0.353,0.333
38500,0.309,0.353,0.337
38600,0.298,0.356,0.345
38700,0.324,0.346,0.330
38800,0.332,0.335,0.333
38900,0.318,0.351,0.331
39000,0.327,0.347,0.326
39100,0.325,0.355,0.320
39200,0.323,0.344,0.333
39300,0.347,0.333,0.320
39400,0.345,0.327,0.328
39500,0.341,0.329,0.330
39600,0.344,0.329,0.327
39700,0.337,0.331,0.332
39800,0.360,0.327,0.314
39900,0.358,0.330,0.313
40000,0.362,0.327,0.312
40100,0.366,0.326,0.308
40200,0.379,0.319,0.302
40300,0.386,0.322,0.292
40400,0.397,0.316,0.287
40500,0.393,0.331,0.276
40600,0.386,0.334,0.280
40700,0.372,0.329,0.299
40800,0.364,0.336,0.300
40900,0.354,0.340,0.305
41000,0.343,0.348,0.308
41100,0.359,0.344,0.297
41200,0.356,0.345,0.298
41300,0.358,0.342,0.300
41400,0.368,0.342,0.290
41500,0.378,0.338,0.284
41600,0.378,0.330,0.292
41700,0.389,0.325,0.286
41800,0.400,0.320,0.280
41900,0.403,0.320,0.277
42000,0.397,0.326,0.277
42100,0.383,0.323,0.294
42200,0.384,0.321,0.295
42300,0.386,0.325,0.289
42400,0.373,0.328,0.299
42500,0.368,0.328,0.304
42600,0.377,0.315,0.308
42700,0.371,0.311,0.319
42800,0.371,0.309,0.320
42900,0.376,0.305,0.319
43000,0.392,0.304,0.303
43100,0.389,0.301,0.309
43200,0.377,0.319,0.304
43300,0.395,0.313,0.292
43400,0.391,0.305,0.303
43500,0.384,0.301,0.315
43600,0.379,0.298,0.323
43700,0.371,0.295,0.334
43800,0.370,0.300,0.330
43900,0.370,0.302,0.328
44000,0.359,0.304,0.337
44100,0.359,0.299,0.342
44200,0.355,0.299,0.345
44300,0.355,0.294,0.350
44400,0.349,0.326,0.325
44500,0.344,0.332,0.324
44600,0.331,0.338,0.331
44700,0.350,0.331,0.319
44800,0.359,0.322,0.320
44900,0.359,0.314,0.328
45000,0.354,0.308,0.337
45100,0.345,0.316,0.339
45200,0.349,0.314,0.337
45300,0.338,0.314,0.348
45400,0.335,0.319,0.346
45500,0.334,0.338,0.328
45600,0.320,0.345,0.335
45700,0.332,0.328,0.340
45800,0.338,0.327,0.335
45900,0.331,0.324,0.345
46000,0.319,0.315,0.367
46100,0.321,0.315,0.365
46200,0.329,0.314,0.358
46300,0.316,0.319,0.366
46400,0.304,0.337,0.359
46500,0.313,0.363,0.325
46600,0.322,0.360,0.319
46700,0.302,0.360,0.338
46800,0.320,0.376,0.304
46900,0.339,0.351,0.309
47000,0.335,0.342,0.323
47100,0.326,0.341,0.333
47200,0.312,0.343,0.345
47300,0.309,0.349,0.341
47400,0.309,0.351,0.339
47500,0.308,0.371,0.321
47600,0.302,0.377,0.321
47700,0.305,0.378,0.317
47800,0.315,0.356,0.329
47900,0.314,0.350,0.336
48000,0.323,0.370,0.307
48100,0.319,0.387,0.294
48200,0.335,0.377,0.288
48300,0.325,0.376,0.299
48400,0.330,0.377,0.293
48500,0.326,0.370,0.304
48600,0.335,0.367,0.298
48700,0.341,0.358,0.301
48800,0.334,0.360,0.306
48900,0.329,0.356,0.315
49000,0.321,0.363,0.317
49100,0.327,0.356,0.317
49200,0.331,0.359,0.311
49300,0.335,0.350,0.315
49400,0.339,0.347,0.314
49500,0.326,0.344,0.330
49600,0.334,0.351,0.315
49700,0.330,0.349,0.321
49800,0.328,0.359,0.314
49900,0.332,0.363,0.305
50000,0.327,0.366,0.307
50100,0.325,0.351,0.324
50200,0.336,0.347,0.317
50300,0.355,0.339,0.305
50400,0.349,0.333,0.318
50500,0.356,0.329,0.315
50600,0.362,0.321,0.318
50700,0.359,0.336,0.305
50800,0.370,0.333,0.297
50900,0.379,0.329,0.292
51000,0.372,0.333,0.295
51100,0.362,0.348,0.290
51200,0.351,0.353,0.295
51300,0.361,0.335,0.304
51400,0.358,0.333,0.309
51500,0.344,0.332,0.324
51600,0.338,0.343,0.319
51700,0.336,0.344,0.320
51800,0.344,0.345,0.311
51900,0.336,0.353,0.311
52000,0.351,0.352,0.296
52100,0.368,0.358,0.275
52200,0.366,0.355,0.279
52300,0.356,0.360,0.284
52400,0.359,0.362,0.280
52500,0.362,0.352,0.286
52600,0.368,0.356,0.276
52700,0.374,0.347,0.279
52800,0.363,0.345,0.292
52900,0.354,0.355,0.290
53000,0.354,0.355,0.290
53100,0.348,0.355,0.296
53200,0.362,0.356,0.282
53300,0.373,0.353,0.274
53400,0.374,0.351,0.275
53500,0.366,0.346,0.288
53600,0.351,0.359,0.290
53700,0.344,0.364,0.292
53800,0.348,0.361,0.291
53900,0.333,0.375,0.292
54000,0.347,0.372,0.281
54100,0.345,0.368,0.287
54200,0.334,0.369,0.297
54300,0.342,0.362,0.296
54400,0.335,0.363,0.302
54500,0.334,0.373,0.293
54600,0.305,0.371,0.324
54700,0.301,0.373,0.326
54800,0.300,0.364,0.336
54900,0.303,0.363,0.334
55000,0.301,0.360,0.339
55100,0.316,0.347,0.337
55200,0.313,0.365,0.323
55300,0.308,0.367,0.325
55400,0.317,0.372,0.312
55500,0.292,0.392,0.316
55600,0.280,0.386,0.334
55700,0.309,0.360,0.331
55800,0.319,0.360,0.322
55900,0.335,0.351,0.314
56000,0.326,0.352,0.322
56100,0.324,0.356,0.320
56200,0.317,0.371,0.313
56300,0.323,0.372,0.305
56400,0.323,0.368,0.309
56500,0.327,0.369,0.304
56600,0.335,0.377,0.288
56700,0.343,0.377,0.280
56800,0.337,0.371,0.292
56900,0.340,0.378,0.282
57000,0.320,0.402,0.278
57100,0.308,0.417,0.275
57200,0.304,0.410,0.286
57300,0.290,0.403,0.306
57400,0.297,0.402,0.300
57500,0.312,0.386,0.302
57600,0.319,0.391,0.290
57700,0.315,0.392,0.293
57800,0.319,0.388,0.293
57900,0.315,0.397,0.288
58000,0.312,0.412,0.277
58100,0.312,0.410,0.279
58200,0.314,0.409,0.278
58300,0.312,0.402,0.286
58400,0.314,0.398,0.288
58500,0.315,0.387,0.298
58600,0.323,0.379,0.298
58700,0.315,0.374,0.312
58800,0.319,0.378,0.303
58900,0.313,0.372,0.316
59000,0.320,0.362,0.319
59100,0.316,0.363,0.322
59200,0.315,0.353,0.332
59300,0.320,0.351,0.329
59400,0.316,0.349,0.335
59500,0.325,0.342,0.333
59600,0.342,0.324,0.334
59700,0.342,0.336,0.322
59800,0.326,0.334,0.340
59900,0.327,0.345,0.328
60000,0.324,0.344,0.332
60100,0.309,0.353,0.337
60200,0.316,0.350,0.334
60300,0.309,0.359,0.332
60400,0.298,0.354,0.347
60500,0.291,0.352,0.356
60600,0.281,0.340,0.379
60700,0.303,0.349,0.347
60800,0.289,0.365,0.346
60900,0.286,0.365,0.349
61000,0.289,0.364,0.347
61100,0.302,0.362,0.336
61200,0.298,0.366,0.336
61300,0.296,0.377,0.327
61400,0.279,0.377,0.344
61500,0.281,0.384,0.335
61600,0.279,0.389,0.332
61700,0.275,0.392,0.333
61800,0.258,0.408,0.334
61900,0.253,0.398,0.348
62000,0.248,0.393,0.359
62100,0.249,0.408,0.343
62200,0.259,0.402,0.338
62300,0.270,0.408,0.323
62400,0.270,0.400,0.330
62500,0.277,0.396,0.327
62600,0.279,0.393,0.328
62700,0.291,0.392,0.317
62800,0.287,0.388,0.325
62900,0.275,0.401,0.324
63000,0.283,0.395,0.322
63100,0.278,0.391,0.331
63200,0.288,0.370,0.342
63300,0.290,0.373,0.337
63400,0.282,0.395,0.323
63500,0.242,0.425,0.333
63600,0.246,0.431,0.323
63700,0.245,0.418,0.337
63800,0.252,0.407,0.341
63900,0.252,0.397,0.350
64000,0.249,0.400,0.350
64100,0.242,0.402,0.355
64200,0.231,0.399,0.370
64300,0.243,0.398,0.359
64400,0.255,0.385,0.360
64500,0.245,0.393,0.362
64600,0.246,0.385,0.369
64700,0.255,0.369,0.376
64800,0.258,0.381,0.361
64900,0.275,0.376,0.349
65000,0.269,0.377,0.354
65100,0.246,0.393,0.361
65200,0.249,0.410,0.341
65300,0.256,0.399,0.344
65400,0.241,0.408,0.351
65500,0.238,0.402,0.360
65600,0.242,0.394,0.364
65700,0.231,0.394,0.375
65800,0.233,0.391,0.376
65900,0.236,0.393,0.371
66000,0.237,0.394,0.369
66100,0.239,0.395,0.366
66200,0.246,0.383,0.371
66300,0.241,0.385,0.374
66400,0.250,0.390,0.360
66500,0.253,0.394,0.352
66600,0.258,0.394,0.347
66700,0.261,0.397,0.341
66800,0.267,0.399,0.334
66900,0.269,0.401,0.330
67000,0.264,0.391,0.345
67100,0.277,0.393,0.330
67200,0.276,0.392,0.332
67300,0.260,0.403,0.336
67400,0.250,0.433,0.317
67500,0.246,0.446,0.307
67600,0.246,0.446,0.307
67700,0.248,0.437,0.315
67800,0.251,0.437,0.312
67900,0.256,0.410,0.334
68000,0.249,0.411,0.340
68100,0.243,0.404,0.352
68200,0.238,0.426,0.336
68300,0.235,0.420,0.345
68400,0.233,0.417,0.350
68500,0.247,0.438,0.315
68600,0.263,0.433,0.304
68700,0.266,0.431,0.303
68800,0.258,0.428,0.314
68900,0.248,0.431,0.321
69000,0.245,0.422,0.333
69100,0.248,0.415,0.337
69200,0.256,0.399,0.344
69300,0.257,0.393,0.349
69400,0.253,0.403,0.343
69500,0.263,0.391,0.346
69600,0.271,0.390,0.339
69700,0.264,0.400,0.336
69800,0.256,0.390,0.353
69900,0.252,0.379,0.369
70000,0.275,0.365,0.361
70100,0.278,0.367,0.355
70200,0.277,0.367,0.356
70300,0.293,0.360,0.347
70400,0.292,0.353,0.354
70500,0.278,0.346,0.376
70600,0.280,0.351,0.369
70700,0.285,0.350,0.365
70800,0.279,0.350,0.371
70900,0.290,0.341,0.369
71000,0.305,0.331,0.364
71100,0.316,0.340,0.344
71200,0.327,0.338,0.335
71300,0.333,0.329,0.338
71400,0.335,0.320,0.345
71500,0.342,0.315,0.343
71600,0.339,0.311,0.350
71700,0.343,0.309,0.347
71800,0.336,0.313,0.351
71900,0.333,0.317,0.350
72000,0.324,0.316,0.361
72100,0.320,0.317,0.364
72200,0.319,0.317,0.365
72300,0.338,0.321,0.341
72400,0.341,0.319,0.340
72500,0.344,0.319,0.337
72600,0.350,0.316,0.334
72700,0.366,0.308,0.326
72800,0.352,0.306,0.341
72900,0.351,0.299,0.349
73000,0.345,0.296,0.359
73100,0.349,0.299,0.351
73200,0.349,0.294,0.356
73300,0.328,0.305,0.367
73400,0.325,0.308,0.367
73500,0.339,0.313,0.348
73600,0.342,0.306,0.351
73700,0.322,0.313,0.366
73800,0.341,0.316,0.343
73900,0.346,0.301,0.352
74000,0.347,0.299,0.353
74100,0.363,0.293,0.344
74200,0.372,0.293,0.335
74300,0.383,0.287,0.330
74400,0.389,0.280,0.331
74500,0.400,0.270,0.330
74600,0.387,0.269,0.344
74700,0.375,0.282,0.343
74800,0.380,0.286,0.334
74900,0.401,0.278,0.321
75000,0.396,0.278,0.326
75100,0.391,0.282,0.327
75200,0.375,0.293,0.332
75300,0.364,0.297,0.339
75400,0.361,0.294,0.345
75500,0.363,0.294,0.343
75600,0.370,0.297,0.333
75700,0.374,0.304,0.322
75800,0.376,0.307,0.317
75900,0.360,0.303,0.337
76000,0.365,0.316,0.320
76100,0.356,0.316,0.328
76200,0.353,0.314,0.333
76300,0.337,0.317,0.346
76400,0.340,0.307,0.352
76500,0.365,0.303,0.332
76600,0.361,0.307,0.332
76700,0.356,0.307,0.336
76800,0.359,0.316,0.326
76900,0.362,0.308,0.330
77000,0.356,0.303,0.340
77100,0.346,0.303,0.350
77200,0.355,0.299,0.345
77300,0.360,0.302,0.338
77400,0.354,0.311,0.335
77500,0.352,0.304,0.343
77600,0.346,0.313,0.341
77700,0.358,0.308,0.334
77800,0.363,0.294,0.343
77900,0.366,0.290,0.344
78000,0.346,0.300,0.353
78100,0.328,0.285,0.387
78200,0.327,0.308,0.365
78300,0.332,0.305,0.363
78400,0.338,0.311,0.351
78500,0.339,0.315,0.346
78600,0.332,0.328,0.340
78700,0.325,0.334,0.341
78800,0.331,0.334,0.335
78900,0.325,0.335,0.340
79000,0.342,0.329,0.329
79100,0.330,0.331,0.339
79200,0.336,0.325,0.339
79300,0.336,0.324,0.340
79400,0.334,0.324,0.342
79500,0.339,0.330,0.331
79600,0.347,0.317,0.336
79700,0.345,0.301,0.353
79800,0.348,0.296,0.355
79900,0.362,0.287,0.351
80000,0.352,0.287,0.361
80100,0.370,0.279,0.351
80200,0.384,0.271,0.345
80300,0.391,0.272,0.337
80400,0.393,0.272,0.335
80500,0.398,0.276,0.326
80600,0.398,0.277,0.325
80700,0.382,0.283,0.335
80800,0.375,0.274,0.351
80900,0.375,0.272,0.353
81000,0.372,0.284,0.344
81100,0.370,0.282,0.348
81200,0.359,0.291,0.350
81300,0.361,0.289,0.350
81400,0.371,0.280,0.349
81500,0.384,0.279,0.337
81600,0.384,0.268,0.348
81700,0.388,0.268,0.344
81800,0.404,0.263,0.333
81900,0.409,0.255,0.336
82000,0.388,0.286,0.326
82100,0.386,0.280,0.334
82200,0.391,0.277,0.332
82300,0.410,0.271,0.320
82400,0.425,0.268,0.307
82500,0.420,0.278,0.302
82600,0.420,0.269,0.312
82700,0.415,0.274,0.312
82800,0.404,0.267,0.329
82900,0.400,0.273,0.327
83000,0.395,0.265,0.340
83100,0.394,0.268,0.338
83200,0.396,0.275,0.329
83300,0.395,0.275,0.330
83400,0.394,0.277,0.329
83500,0.373,0.280,0.347
83600,0.368,0.285,0.347
83700,0.372,0.284,0.344
83800,0.374,0.308,0.318
83900,0.378,0.294,0.328
84000,0.382,0.301,0.317
84100,0.382,0.297,0.321
84200,0.392,0.282,0.326
84300,0.388,0.280,0.332
84400,0.397,0.271,0.332
84500,0.401,0.278,0.321
84600,0.404,0.279,0.317
84700,0.401,0.284,0.315
84800,0.403,0.284,0.313
84900,0.400,0.278,0.322
85000,0.398,0.275,0.327
85100,0.408,0.276,0.317
85200,0.428,0.269,0.303
85300,0.414,0.271,0.316
85400,0.417,0.271,0.313
85500,0.400,0.269,0.331
85600,0.393,0.278,0.329
85700,0.395,0.278,0.327
85800,0.396,0.270,0.334
85900,0.411,0.270,0.320
86000,0.397,0.275,0.328
86100,0.404,0.272,0.324
86200,0.422,0.261,0.317
86300,0.427,0.249,0.324
86400,0.431,0.255,0.314
86500,0.428,0.252,0.320
86600,0.424,0.247,0.329
86700,0.421,0.243,0.336
86800,0.424,0.239,0.337
86900,0.428,0.248,0.324
87000,0.422,0.230,0.348
87100,0.404,0.238,0.358
87200,0.414,0.242,0.344
87300,0.424,0.241,0.335
87400,0.439,0.245,0.316
87500,0.441,0.247,0.312
87600,0.440,0.242,0.318
87700,0.451,0.240,0.308
87800,0.450,0.246,0.303
87900,0.458,0.244,0.298
88000,0.437,0.260,0.302
88100,0.440,0.249,0.311
88200,0.447,0.248,0.304
88300,0.449,0.237,0.314
88400,0.446,0.233,0.321
88500,0.444,0.240,0.316
88600,0.442,0.232,0.326
88700,0.457,0.222,0.322
88800,0.441,0.234,0.325
88900,0.441,0.231,0.328
89000,0.429,0.234,0.337
89100,0.441,0.238,0.321
89200,0.430,0.234,0.336
89300,0.440,0.242,0.318
89400,0.441,0.256,0.302
89500,0.428,0.246,0.326
89600,0.430,0.245,0.325
89700,0.437,0.250,0.313
89800,0.434,0.255,0.311
89900,0.431,0.248,0.321
90000,0.429,0.254,0.317
90100,0.422,0.248,0.330
90200,0.425,0.247,0.328
90300,0.414,0.257,0.329
90400,0.426,0.255,0.319
90500,0.430,0.243,0.327
90600,0.422,0.248,0.330
90700,0.425,0.242,0.333
90800,0.424,0.253,0.323
90900,0.404,0.266,0.330
91000,0.400,0.260,0.339
91100,0.404,0.256,0.339
91200,0.407,0.255,0.338
91300,0.389,0.275,0.336
91400,0.394,0.266,0.340
91500,0.389,0.278,0.333
91600,0.379,0.281,0.340
91700,0.385,0.290,0.325
91800,0.374,0.296,0.330
91900,0.371,0.299,0.330
92000,0.380,0.287,0.333
92100,0.370,0.290,0.340
92200,0.377,0.284,0.339
92300,0.384,0.285,0.331
92400,0.401,0.273,0.326
92500,0.391,0.279,0.330
92600,0.399,0.272,0.329
92700,0.412,0.265,0.324
92800,0.408,0.251,0.341
92900,0.403,0.256,0.340
93000,0.404,0.249,0.346
93100,0.412,0.238,0.350
93200,0.418,0.239,0.343
93300,0.419,0.246,0.335
93400,0.406,0.256,0.338
93500,0.422,0.245,0.333
93600,0.426,0.243,0.331
93700,0.420,0.250,0.330
93800,0.421,0.244,0.335
93900,0.416,0.239,0.345
94000,0.421,0.243,0.336
94100,0.428,0.244,0.328
94200,0.416,0.251,0.333
94300,0.413,0.257,0.330
94400,0.407,0.274,0.320
94500,0.406,0.269,0.326
94600,0.419,0.268,0.314
94700,0.401,0.268,0.331
94800,0.406,0.269,0.326
94900,0.409,0.276,0.316
95000,0.421,0.275,0.304
95100,0.435,0.275,0.290
95200,0.435,0.260,0.304
95300,0.433,0.265,0.302
95400,0.427,0.257,0.316
95500,0.431,0.255,0.314
95600,0.438,0.243,0.319
95700,0.438,0.241,0.321
95800,0.432,0.248,0.320
95900,0.436,0.234,0.330
96000,0.441,0.241,0.318
96100,0.450,0.242,0.307
96200,0.453,0.233,0.315
96300,0.455,0.230,0.316
96400,0.447,0.231,0.322
96500,0.445,0.228,0.327
96600,0.446,0.231,0.323
96700,0.449,0.223,0.328
96800,0.453,0.231,0.317
96900,0.467,0.226,0.307
97000,0.475,0.219,0.306
97100,0.477,0.210,0.313
97200,0.473,0.216,0.312
97300,0.478,0.213,0.308
97400,0.477,0.222,0.301
97500,0.467,0.222,0.312
97600,0.465,0.223,0.313
97700,0.468,0.222,0.311
97800,0.494,0.203,0.302
97900,0.491,0.212,0.296
98000,0.488,0.215,0.297
98100,0.484,0.215,0.301
98200,0.485,0.211,0.303
98300,0.484,0.215,0.301
98400,0.499,0.217,0.284
98500,0.495,0.209,0.295
98600,0.505,0.207,0.288
98700,0.508,0.211,0.281
98800,0.508,0.205,0.287
98900,0.507,0.202,0.291
99000,0.513,0.204,0.283
99100,0.517,0.205,0.278
99200,0.515,0.210,0.275
99300,0.513,0.208,0.279
99400,0.514,0.207,0.279
99500,0.514,0.206,0.280
99600,0.516,0.202,0.282
99700,0.505,0.210,0.285
99800,0.508,0.209,0.283
99900,0.515,0.207,0.278
100000,0.523,0.206,0.271
