time,n_A+p,n_B,n_AB
100,0.407,0.459,0.135
200,0.373,0.462,0.165
300,0.315,0.474,0.211
400,0.343,0.431,0.226
500,0.367,0.419,0.214
600,0.352,0.398,0.251
700,0.376,0.358,0.266
800,0.370,0.388,0.242
900,0.346,0.416,0.239
1000,0.352,0.388,0.260
1100,0.376,0.382,0.242
1200,0.370,0.355,0.275
1300,0.367,0.361,0.272
1400,0.370,0.367,0.263
1500,0.358,0.364,0.278
1600,0.425,0.330,0.245
1700,0.419,0.352,0.229
1800,0.456,0.324,0.220
1900,0.498,0.294,0.208
2000,0.514,0.266,0.220
2100,0.554,0.214,0.232
2200,0.569,0.202,0.229
2300,0.606,0.156,0.239
2400,0.670,0.147,0.183
2500,0.664,0.138,0.199
2600,0.667,0.131,0.202
2700,0.716,0.116,0.168
2800,0.719,0.104,0.177
2900,0.765,0.073,0.162
3000,0.771,0.092,0.138
3100,0.786,0.089,0.125
3200,0.795,0.076,0.128
3300,0.804,0.067,0.128
3400,0.783,0.076,0.141
3500,0.777,0.064,0.159
3600,0.798,0.070,0.131
3700,0.807,0.064,0.128
3800,0.807,0.052,0.141
3900,0.820,0.043,0.138
4000,0.823,0.055,0.122
4100,0.826,0.058,0.116
4200,0.835,0.046,0.119
4300,0.829,0.046,0.125
4400,0.841,0.037,0.122
4500,0.835,0.034,0.131
4600,0.829,0.049,0.122
4700,0.835,0.046,0.119
4800,0.838,0.046,0.116
4900,0.865,0.043,0.092
5000,0.878,0.043,0.080
5100,0.899,0.049,0.052
5200,0.905,0.043,0.052
5300,0.902,0.043,0.055
5400,0.908,0.031,0.061
5500,0.930,0.024,0.046
5600,0.945,0.015,0.040
5700,0.945,0.015,0.040
5800,0.948,0.015,0.037
5900,0.957,0.012,0.031
6000,0.963,0.012,0.024
6100,0.966,0.009,0.024
6200,0.976,0.009,0.015
6300,0.982,0.006,0.012
6400,0.976,0.006,0.018
6500,0.982,0.003,0.015
6600,0.985,0.003,0.012
6700,0.988,0.003,0.009
6800,0.982,0.003,0.015
6900,0.982,0.003,0.015
7000,0.988,0.003,0.009
7100,0.988,0.003,0.009
7200,0.991,0.003,0.006
7300,0.991,0.000,0.009
7400,0.991,0.000,0.009
7500,0.991,0.000,0.009
7600,0.994,0.000,0.006
7700,0.994,0.000,0.006
7800,0.994,0.000,0.006
7900,0.994,0.000,0.006
8000,0.994,0.000,0.006
8100,0.994,0.000,0.006
8200,0.991,0.000,0.009
8300,0.991,0.000,0.009
8400,0.991,0.000,0.009
8500,0.991,0.000,0.009
8600,0.991,0.000,0.009
8700,0.991,0.000,0.009
8800,0.994,0.000,0.006
8900,0.997,0.000,0.003
9000,1.000,0.000,0.000
