time,n_A+p,n_B,n_AB
500,0.080,0.558,0.362
1000,0.080,0.354,0.566
1500,0.083,0.315,0.603
2000,0.090,0.226,0.684
2500,0.087,0.192,0.720
3000,0.083,0.259,0.659
3500,0.093,0.204,0.703
4000,0.133,0.139,0.729
4500,0.440,0.031,0.529
5000,0.856,0.001,0.143
5500,0.984,0.000,0.016
6000,0.982,0.000,0.018
6500,0.996,0.000,0.004
7000,1.000,0.000,0.000
