time,n_A+p,n_B,n_AB
0,0.450,0.550,0.000
500,0.232,0.416,0.352
1000,0.183,0.456,0.361
1500,0.141,0.587,0.272
2000,0.116,0.593,0.291
2500,0.095,0.661,0.245
3000,0.061,0.734,0.205
3500,0.046,0.807,0.147
4000,0.018,0.893,0.089
4500,0.009,0.951,0.040
5000,0.009,0.976,0.015
5500,0.006,0.982,0.012
6000,0.000,0.988,0.012
6500,0.000,0.997,0.003
7000,0.000,0.997,0.003
7500,0.000,0.997,0.003
8000,0.000,1.000,0.000
