time,n_A+p,n_B,n_AB
0,0.449,0.551,0.000
500,0.275,0.414,0.310
1000,0.268,0.380,0.352
1500,0.221,0.454,0.325
2000,0.196,0.469,0.335
2500,0.171,0.489,0.340
3000,0.208,0.467,0.325
3500,0.181,0.509,0.310
4000,0.161,0.481,0.357
4500,0.127,0.551,0.323
5000,0.134,0.568,0.298
5500,0.077,0.663,0.261
6000,0.047,0.749,0.203
6500,0.032,0.819,0.149
7000,0.015,0.864,0.122
7500,0.015,0.913,0.072
8000,0.007,0.938,0.055
8500,0.002,0.958,0.040
9000,0.002,0.963,0.035
9500,0.000,0.968,0.032
10000,0.000,0.985,0.015
10500,0.000,0.985,0.015
11000,0.000,0.990,0.010
11500,0.000,0.993,0.007
12000,0.000,0.993,0.007
12500,0.000,0.995,0.005
13000,0.000,0.995,0.005
13500,0.000,0.995,0.005
14000,0.000,0.995,0.005
14500,0.000,0.998,0.002
15000,0.000,0.998,0.002
15500,0.000,0.998,0.002
16000,0.000,0.998,0.002
16500,0.000,0.998,0.002
17000,0.000,1.000,0.000
