time,n_A+p,n_B,n_AB
500,0.010,0.982,0.008
1000,0.010,0.976,0.014
1500,0.010,0.959,0.031
2000,0.010,0.937,0.053
2500,0.010,0.910,0.080
3000,0.010,0.889,0.101
3500,0.010,0.868,0.122
4000,0.010,0.842,0.148
4500,0.010,0.823,0.167
5000,0.010,0.791,0.199
5500,0.010,0.753,0.237
6000,0.010,0.732,0.258
6500,0.010,0.713,0.277
7000,0.012,0.685,0.302
7500,0.011,0.653,0.336
8000,0.011,0.622,0.367
8500,0.011,0.589,0.401
9000,0.014,0.576,0.410
9500,0.013,0.539,0.448
10000,0.011,0.525,0.464
10500,0.013,0.534,0.453
11000,0.013,0.541,0.446
11500,0.014,0.497,0.489
12000,0.014,0.510,0.476
12500,0.017,0.528,0.455
13000,0.019,0.499,0.482
13500,0.015,0.514,0.472
14000,0.013,0.499,0.488
14500,0.013,0.488,0.499
15000,0.015,0.480,0.505
15500,0.013,0.459,0.529
16000,0.026,0.443,0.531
16500,0.024,0.442,0.534
17000,0.032,0.430,0.538
17500,0.033,0.405,0.562
18000,0.029,0.388,0.583
18500,0.028,0.403,0.570
19000,0.034,0.397,0.570
19500,0.030,0.379,0.591
20000,0.028,0.335,0.637
20500,0.036,0.360,0.603
21000,0.029,0.360,0.611
21500,0.032,0.357,0.611
22000,0.031,0.381,0.588
22500,0.026,0.368,0.605
23000,0.029,0.384,0.587
23500,0.025,0.391,0.584
24000,0.030,0.403,0.567
24500,0.023,0.421,0.555
25000,0.025,0.421,0.553
25500,0.036,0.396,0.568
26000,0.035,0.374,0.591
26500,0.029,0.372,0.598
27000,0.025,0.358,0.616
27500,0.028,0.388,0.585
28000,0.025,0.400,0.575
28500,0.022,0.390,0.589
29000,0.022,0.397,0.581
29500,0.021,0.406,0.573
30000,0.029,0.398,0.573
30500,0.024,0.395,0.581
31000,0.024,0.407,0.569
31500,0.022,0.418,0.560
32000,0.020,0.426,0.553
32500,0.019,0.400,0.581
33000,0.024,0.440,0.536
33500,0.026,0.432,0.542
34000,0.028,0.404,0.568
34500,0.025,0.414,0.561
35000,0.019,0.423,0.558
35500,0.021,0.417,0.562
36000,0.016,0.432,0.552
36500,0.024,0.409,0.567
37000,0.025,0.444,0.532
37500,0.022,0.438,0.540
38000,0.018,0.465,0.518
38500,0.022,0.454,0.524
39000,0.022,0.430,0.548
39500,0.021,0.432,0.546
40000,0.025,0.406,0.568
40500,0.040,0.378,0.582
41000,0.038,0.388,0.574
41500,0.037,0.382,0.581
42000,0.033,0.379,0.588
42500,0.035,0.397,0.569
43000,0.034,0.377,0.590
43500,0.042,0.371,0.587
44000,0.045,0.354,0.601
44500,0.035,0.376,0.589
45000,0.029,0.386,0.585
45500,0.028,0.391,0.581
46000,0.029,0.373,0.597
46500,0.030,0.401,0.569
47000,0.029,0.400,0.571
47500,0.036,0.384,0.581
48000,0.040,0.376,0.585
48500,0.040,0.387,0.573
49000,0.037,0.378,0.585
49500,0.029,0.367,0.604
50000,0.030,0.359,0.611
50500,0.040,0.349,0.611
51000,0.035,0.351,0.614
51500,0.037,0.355,0.607
52000,0.029,0.345,0.625
52500,0.037,0.365,0.597
53000,0.030,0.388,0.582
53500,0.028,0.383,0.590
54000,0.031,0.378,0.591
54500,0.043,0.379,0.579
55000,0.046,0.362,0.591
55500,0.045,0.372,0.583
56000,0.049,0.354,0.597
56500,0.041,0.365,0.594
57000,0.038,0.370,0.592
57500,0.040,0.348,0.612
58000,0.040,0.345,0.615
58500,0.042,0.326,0.633
59000,0.041,0.335,0.625
59500,0.045,0.337,0.618
60000,0.037,0.331,0.632
60500,0.058,0.340,0.602
61000,0.062,0.306,0.631
61500,0.054,0.312,0.633
62000,0.046,0.300,0.654
62500,0.043,0.320,0.637
63000,0.043,0.319,0.639
63500,0.062,0.328,0.610
64000,0.046,0.312,0.641
64500,0.048,0.295,0.657
65000,0.048,0.292,0.660
65500,0.062,0.302,0.635
66000,0.061,0.309,0.629
66500,0.054,0.325,0.621
67000,0.051,0.311,0.638
67500,0.068,0.324,0.608
68000,0.070,0.315,0.615
68500,0.066,0.304,0.631
69000,0.058,0.308,0.633
69500,0.061,0.284,0.655
70000,0.071,0.263,0.666
70500,0.061,0.277,0.662
71000,0.051,0.291,0.658
71500,0.070,0.290,0.641
72000,0.068,0.290,0.642
72500,0.060,0.304,0.635
73000,0.062,0.287,0.651
73500,0.057,0.282,0.661
74000,0.070,0.271,0.659
74500,0.074,0.278,0.647
75000,0.086,0.270,0.645
75500,0.083,0.280,0.637
76000,0.072,0.281,0.646
76500,0.073,0.307,0.619
77000,0.067,0.285,0.648
77500,0.065,0.287,0.648
78000,0.074,0.257,0.669
78500,0.059,0.269,0.672
79000,0.058,0.277,0.665
79500,0.070,0.260,0.670
80000,0.067,0.269,0.665
80500,0.061,0.276,0.662
81000,0.062,0.258,0.680
81500,0.055,0.279,0.666
82000,0.070,0.260,0.670
82500,0.077,0.259,0.664
83000,0.074,0.249,0.677
83500,0.074,0.272,0.654
84000,0.080,0.280,0.640
84500,0.084,0.256,0.660
85000,0.093,0.253,0.654
85500,0.091,0.224,0.685
86000,0.090,0.213,0.696
86500,0.076,0.236,0.688
87000,0.068,0.258,0.674
87500,0.094,0.226,0.680
88000,0.088,0.247,0.665
88500,0.071,0.242,0.687
89000,0.087,0.248,0.664
89500,0.082,0.226,0.693
90000,0.076,0.259,0.664
90500,0.088,0.243,0.669
91000,0.074,0.275,0.651
91500,0.063,0.294,0.643
92000,0.051,0.275,0.673
92500,0.063,0.301,0.636
93000,0.051,0.330,0.620
93500,0.056,0.310,0.633
94000,0.051,0.344,0.605
94500,0.041,0.337,0.622
95000,0.046,0.334,0.620
95500,0.052,0.302,0.645
96000,0.059,0.296,0.645
96500,0.037,0.289,0.674
97000,0.059,0.287,0.655
97500,0.071,0.287,0.641
98000,0.081,0.280,0.639
98500,0.079,0.258,0.663
99000,0.062,0.266,0.672
99500,0.077,0.239,0.683
100000,0.062,0.241,0.697
100500,0.067,0.264,0.669
101000,0.067,0.277,0.656
101500,0.066,0.269,0.666
102000,0.081,0.241,0.677
102500,0.060,0.260,0.679
103000,0.061,0.255,0.684
103500,0.061,0.273,0.667
104000,0.057,0.297,0.645
104500,0.056,0.294,0.650
105000,0.053,0.312,0.634
105500,0.057,0.292,0.651
106000,0.065,0.292,0.643
106500,0.064,0.303,0.633
107000,0.065,0.271,0.665
107500,0.047,0.309,0.644
108000,0.057,0.292,0.650
108500,0.054,0.308,0.637
109000,0.053,0.305,0.642
109500,0.073,0.269,0.658
110000,0.072,0.268,0.659
110500,0.084,0.262,0.655
111000,0.076,0.271,0.653
111500,0.073,0.244,0.682
112000,0.054,0.243,0.702
112500,0.062,0.241,0.697
113000,0.076,0.247,0.677
113500,0.062,0.261,0.676
114000,0.075,0.252,0.673
114500,0.070,0.268,0.661
115000,0.071,0.257,0.672
115500,0.070,0.263,0.668
116000,0.067,0.276,0.657
116500,0.085,0.265,0.651
117000,0.093,0.241,0.666
117500,0.095,0.228,0.678
118000,0.078,0.266,0.656
118500,0.068,0.259,0.673
119000,0.065,0.259,0.677
119500,0.071,0.266,0.663
120000,0.061,0.283,0.655
120500,0.047,0.312,0.641
121000,0.050,0.319,0.631
121500,0.048,0.342,0.611
122000,0.041,0.337,0.623
122500,0.043,0.336,0.621
123000,0.048,0.331,0.621
123500,0.043,0.333,0.624
124000,0.043,0.330,0.627
124500,0.045,0.305,0.649
125000,0.046,0.319,0.635
125500,0.045,0.324,0.631
126000,0.038,0.320,0.642
126500,0.054,0.311,0.634
127000,0.046,0.345,0.609
127500,0.052,0.360,0.587
128000,0.044,0.347,0.609
128500,0.056,0.331,0.613
129000,0.056,0.330,0.615
129500,0.053,0.321,0.625
130000,0.050,0.311,0.638
130500,0.052,0.303,0.645
131000,0.053,0.317,0.629
131500,0.046,0.305,0.649
132000,0.066,0.278,0.657
132500,0.063,0.303,0.634
133000,0.054,0.327,0.619
133500,0.042,0.327,0.631
134000,0.044,0.312,0.643
134500,0.047,0.297,0.655
135000,0.050,0.296,0.653
135500,0.048,0.301,0.651
136000,0.054,0.319,0.627
136500,0.054,0.312,0.633
137000,0.057,0.322,0.621
137500,0.050,0.360,0.590
138000,0.042,0.359,0.599
138500,0.032,0.361,0.607
139000,0.034,0.373,0.594
139500,0.039,0.348,0.613
140000,0.035,0.316,0.650
140500,0.036,0.337,0.627
141000,0.052,0.326,0.622
141500,0.041,0.331,0.628
142000,0.048,0.318,0.634
142500,0.055,0.318,0.627
143000,0.061,0.290,0.649
143500,0.052,0.319,0.629
144000,0.051,0.299,0.650
144500,0.054,0.304,0.641
145000,0.047,0.307,0.646
145500,0.061,0.310,0.628
146000,0.061,0.282,0.657
146500,0.075,0.258,0.667
147000,0.075,0.251,0.675
147500,0.072,0.247,0.681
148000,0.082,0.248,0.669
148500,0.073,0.241,0.685
149000,0.073,0.254,0.673
149500,0.066,0.248,0.686
150000,0.075,0.272,0.653
150500,0.072,0.277,0.650
151000,0.069,0.268,0.664
151500,0.078,0.260,0.663
152000,0.072,0.288,0.639
152500,0.073,0.292,0.635
153000,0.062,0.281,0.656
153500,0.069,0.313,0.619
154000,0.078,0.286,0.636
154500,0.066,0.298,0.636
155000,0.056,0.316,0.629
155500,0.059,0.308,0.633
156000,0.078,0.302,0.620
156500,0.061,0.283,0.656
157000,0.067,0.271,0.662
157500,0.073,0.255,0.671
158000,0.090,0.258,0.652
158500,0.091,0.221,0.688
159000,0.096,0.218,0.685
159500,0.100,0.196,0.705
160000,0.100,0.222,0.678
160500,0.086,0.243,0.671
161000,0.077,0.275,0.648
161500,0.086,0.270,0.643
162000,0.081,0.275,0.645
162500,0.083,0.262,0.655
163000,0.082,0.270,0.649
163500,0.073,0.262,0.665
164000,0.074,0.240,0.685
164500,0.070,0.267,0.663
165000,0.075,0.235,0.690
165500,0.074,0.243,0.682
166000,0.088,0.228,0.684
166500,0.087,0.221,0.692
167000,0.088,0.225,0.686
167500,0.070,0.197,0.734
168000,0.089,0.200,0.710
168500,0.102,0.203,0.696
169000,0.113,0.197,0.691
169500,0.121,0.176,0.703
170000,0.118,0.183,0.698
170500,0.131,0.165,0.704
171000,0.143,0.175,0.682
171500,0.150,0.182,0.667
172000,0.146,0.175,0.679
172500,0.119,0.184,0.697
173000,0.125,0.190,0.685
173500,0.148,0.173,0.678
174000,0.131,0.180,0.690
174500,0.133,0.175,0.692
175000,0.143,0.171,0.686
175500,0.136,0.171,0.693
176000,0.145,0.143,0.711
176500,0.157,0.134,0.710
177000,0.166,0.133,0.702
177500,0.192,0.113,0.695
178000,0.195,0.104,0.701
178500,0.209,0.118,0.673
179000,0.223,0.101,0.676
179500,0.235,0.086,0.678
180000,0.245,0.083,0.671
180500,0.250,0.098,0.652
181000,0.236,0.074,0.690
181500,0.269,0.075,0.655
182000,0.294,0.062,0.643
182500,0.307,0.045,0.647
183000,0.300,0.049,0.651
183500,0.300,0.050,0.649
184000,0.319,0.044,0.637
184500,0.317,0.043,0.641
185000,0.342,0.056,0.602
185500,0.361,0.052,0.587
186000,0.377,0.045,0.578
186500,0.380,0.029,0.591
187000,0.393,0.025,0.583
187500,0.406,0.024,0.570
188000,0.424,0.021,0.555
188500,0.421,0.021,0.557
189000,0.409,0.018,0.572
189500,0.390,0.023,0.587
190000,0.402,0.027,0.571
190500,0.409,0.027,0.564
191000,0.410,0.038,0.551
191500,0.406,0.034,0.559
192000,0.396,0.025,0.580
192500,0.435,0.018,0.546
193000,0.433,0.017,0.550
193500,0.439,0.008,0.553
194000,0.433,0.007,0.559
194500,0.429,0.014,0.557
195000,0.412,0.017,0.571
195500,0.430,0.018,0.551
196000,0.418,0.016,0.566
196500,0.406,0.024,0.571
197000,0.414,0.020,0.566
197500,0.395,0.022,0.583
198000,0.424,0.016,0.560
198500,0.406,0.024,0.570
199000,0.400,0.019,0.581
199500,0.406,0.013,0.581
200000,0.416,0.016,0.568
200500,0.418,0.012,0.570
201000,0.428,0.018,0.554
201500,0.428,0.012,0.560
202000,0.436,0.013,0.551
202500,0.438,0.006,0.556
203000,0.473,0.011,0.517
203500,0.482,0.011,0.507
204000,0.464,0.006,0.530
204500,0.466,0.004,0.530
205000,0.487,0.005,0.507
205500,0.488,0.009,0.503
206000,0.469,0.015,0.516
206500,0.461,0.018,0.521
207000,0.462,0.017,0.522
207500,0.474,0.009,0.517
208000,0.454,0.019,0.527
208500,0.467,0.021,0.512
209000,0.442,0.015,0.544
209500,0.438,0.023,0.539
210000,0.444,0.016,0.540
210500,0.469,0.017,0.513
211000,0.462,0.011,0.527
211500,0.451,0.018,0.531
212000,0.443,0.016,0.541
212500,0.460,0.011,0.529
213000,0.446,0.013,0.541
213500,0.439,0.024,0.538
214000,0.415,0.013,0.572
214500,0.434,0.011,0.555
215000,0.447,0.012,0.541
215500,0.434,0.014,0.552
216000,0.453,0.012,0.535
216500,0.462,0.018,0.521
217000,0.456,0.012,0.532
217500,0.449,0.017,0.534
218000,0.465,0.023,0.512
218500,0.476,0.017,0.507
219000,0.453,0.015,0.531
219500,0.411,0.019,0.569
220000,0.418,0.013,0.569
220500,0.419,0.009,0.571
221000,0.431,0.014,0.554
221500,0.426,0.013,0.561
222000,0.447,0.011,0.541
222500,0.466,0.015,0.519
223000,0.469,0.011,0.520
223500,0.447,0.008,0.545
224000,0.434,0.011,0.555
224500,0.448,0.007,0.545
225000,0.445,0.008,0.547
225500,0.445,0.015,0.540
226000,0.420,0.017,0.563
226500,0.411,0.018,0.571
227000,0.420,0.013,0.567
227500,0.405,0.017,0.578
228000,0.413,0.021,0.566
228500,0.422,0.026,0.551
229000,0.402,0.017,0.582
229500,0.425,0.020,0.554
230000,0.419,0.016,0.565
230500,0.426,0.009,0.565
231000,0.407,0.019,0.574
231500,0.414,0.024,0.563
232000,0.427,0.029,0.543
232500,0.408,0.029,0.562
233000,0.433,0.022,0.544
233500,0.430,0.021,0.548
234000,0.429,0.019,0.551
234500,0.448,0.021,0.531
235000,0.453,0.019,0.528
235500,0.465,0.011,0.524
236000,0.450,0.011,0.539
236500,0.467,0.015,0.518
237000,0.477,0.011,0.512
237500,0.472,0.016,0.512
238000,0.451,0.019,0.530
238500,0.458,0.013,0.529
239000,0.446,0.009,0.545
239500,0.449,0.010,0.541
240000,0.415,0.010,0.575
240500,0.454,0.011,0.536
241000,0.462,0.011,0.528
241500,0.465,0.008,0.527
242000,0.460,0.016,0.524
242500,0.448,0.017,0.535
243000,0.433,0.018,0.549
243500,0.433,0.018,0.549
244000,0.447,0.017,0.536
244500,0.457,0.019,0.524
245000,0.488,0.010,0.502
245500,0.480,0.012,0.508
246000,0.472,0.009,0.519
246500,0.459,0.007,0.533
247000,0.442,0.009,0.550
247500,0.439,0.015,0.546
248000,0.445,0.009,0.546
248500,0.479,0.006,0.515
249000,0.527,0.007,0.465
249500,0.496,0.011,0.493
250000,0.488,0.012,0.500
250500,0.494,0.011,0.495
251000,0.504,0.009,0.486
251500,0.522,0.005,0.472
252000,0.534,0.004,0.461
252500,0.530,0.003,0.467
253000,0.531,0.001,0.468
253500,0.526,0.004,0.469
254000,0.540,0.003,0.457
254500,0.561,0.003,0.435
255000,0.532,0.004,0.463
255500,0.525,0.002,0.473
256000,0.532,0.009,0.459
256500,0.523,0.009,0.468
257000,0.504,0.004,0.492
257500,0.502,0.005,0.493
258000,0.493,0.009,0.497
258500,0.494,0.012,0.494
259000,0.482,0.009,0.509
259500,0.517,0.006,0.476
260000,0.527,0.006,0.467
260500,0.522,0.003,0.475
261000,0.506,0.007,0.486
261500,0.510,0.013,0.477
262000,0.526,0.011,0.463
262500,0.518,0.011,0.471
263000,0.511,0.005,0.484
263500,0.497,0.009,0.493
264000,0.487,0.005,0.507
264500,0.499,0.004,0.496
265000,0.514,0.004,0.482
265500,0.501,0.007,0.492
266000,0.480,0.006,0.514
266500,0.483,0.006,0.510
267000,0.482,0.005,0.512
267500,0.494,0.009,0.496
268000,0.508,0.009,0.483
268500,0.502,0.004,0.493
269000,0.501,0.011,0.488
269500,0.498,0.011,0.490
270000,0.499,0.011,0.490
270500,0.505,0.004,0.490
271000,0.492,0.007,0.500
271500,0.506,0.009,0.485
272000,0.519,0.008,0.473
272500,0.516,0.007,0.477
273000,0.502,0.005,0.493
273500,0.542,0.003,0.455
274000,0.547,0.005,0.447
274500,0.537,0.001,0.462
275000,0.503,0.000,0.497
275500,0.516,0.001,0.483
276000,0.503,0.002,0.495
276500,0.488,0.006,0.506
277000,0.477,0.007,0.515
277500,0.464,0.011,0.525
278000,0.489,0.009,0.502
278500,0.475,0.005,0.520
279000,0.469,0.003,0.528
279500,0.460,0.012,0.528
280000,0.475,0.013,0.511
280500,0.464,0.012,0.524
281000,0.451,0.018,0.532
281500,0.453,0.011,0.535
282000,0.454,0.011,0.535
282500,0.464,0.018,0.518
283000,0.429,0.011,0.560
283500,0.455,0.009,0.536
284000,0.481,0.006,0.512
284500,0.501,0.004,0.495
285000,0.484,0.004,0.512
285500,0.477,0.003,0.521
286000,0.465,0.005,0.530
286500,0.485,0.003,0.512
287000,0.495,0.005,0.499
287500,0.487,0.006,0.506
288000,0.471,0.005,0.523
288500,0.474,0.005,0.521
289000,0.497,0.001,0.502
289500,0.511,0.004,0.485
290000,0.547,0.005,0.447
290500,0.544,0.009,0.446
291000,0.542,0.006,0.451
291500,0.501,0.005,0.493
292000,0.520,0.005,0.475
292500,0.507,0.005,0.488
293000,0.486,0.002,0.512
293500,0.471,0.005,0.523
294000,0.492,0.007,0.501
294500,0.479,0.021,0.500
295000,0.476,0.017,0.508
295500,0.472,0.017,0.511
296000,0.457,0.018,0.525
296500,0.452,0.023,0.525
297000,0.455,0.019,0.525
297500,0.487,0.011,0.501
298000,0.466,0.007,0.527
298500,0.470,0.005,0.525
299000,0.475,0.005,0.520
299500,0.449,0.007,0.544
300000,0.453,0.006,0.541
300500,0.471,0.005,0.524
301000,0.476,0.009,0.515
301500,0.461,0.008,0.531
302000,0.472,0.008,0.520
302500,0.470,0.009,0.522
303000,0.476,0.011,0.513
303500,0.520,0.011,0.469
304000,0.493,0.011,0.496
304500,0.508,0.006,0.486
305000,0.463,0.017,0.520
305500,0.466,0.009,0.526
306000,0.468,0.009,0.523
306500,0.458,0.014,0.528
307000,0.444,0.011,0.545
307500,0.454,0.015,0.532
308000,0.457,0.015,0.527
308500,0.440,0.015,0.545
309000,0.428,0.018,0.553
309500,0.421,0.017,0.561
310000,0.427,0.015,0.558
310500,0.452,0.009,0.539
311000,0.441,0.017,0.542
311500,0.436,0.018,0.546
312000,0.452,0.014,0.534
312500,0.450,0.017,0.534
313000,0.433,0.018,0.548
313500,0.408,0.014,0.578
314000,0.420,0.017,0.563
314500,0.415,0.016,0.569
315000,0.431,0.015,0.553
315500,0.430,0.017,0.553
316000,0.459,0.018,0.523
316500,0.452,0.012,0.536
317000,0.455,0.018,0.527
317500,0.423,0.025,0.552
318000,0.395,0.024,0.582
318500,0.400,0.025,0.576
319000,0.402,0.025,0.574
319500,0.406,0.019,0.576
320000,0.404,0.016,0.581
320500,0.427,0.011,0.562
321000,0.440,0.014,0.546
321500,0.476,0.013,0.511
322000,0.480,0.013,0.507
322500,0.482,0.011,0.507
323000,0.471,0.013,0.515
323500,0.455,0.009,0.536
324000,0.453,0.004,0.543
324500,0.451,0.003,0.547
325000,0.469,0.004,0.527
325500,0.493,0.007,0.499
326000,0.501,0.010,0.489
326500,0.478,0.011,0.511
327000,0.469,0.014,0.516
327500,0.450,0.009,0.541
328000,0.416,0.018,0.567
328500,0.431,0.013,0.555
329000,0.443,0.016,0.541
329500,0.406,0.013,0.582
330000,0.392,0.020,0.589
330500,0.385,0.025,0.590
331000,0.405,0.015,0.580
331500,0.437,0.018,0.545
332000,0.428,0.021,0.552
332500,0.422,0.017,0.561
333000,0.404,0.009,0.587
333500,0.415,0.013,0.571
334000,0.408,0.023,0.569
334500,0.425,0.021,0.554
335000,0.417,0.019,0.564
335500,0.442,0.022,0.536
336000,0.465,0.022,0.513
336500,0.459,0.013,0.528
337000,0.474,0.012,0.514
337500,0.454,0.013,0.533
338000,0.438,0.012,0.550
338500,0.431,0.015,0.554
339000,0.473,0.013,0.514
339500,0.470,0.013,0.517
340000,0.453,0.018,0.530
340500,0.468,0.015,0.517
341000,0.478,0.008,0.514
341500,0.505,0.007,0.488
342000,0.498,0.009,0.493
342500,0.507,0.008,0.485
343000,0.485,0.011,0.504
343500,0.502,0.011,0.487
344000,0.484,0.006,0.510
344500,0.486,0.009,0.504
345000,0.492,0.005,0.503
345500,0.494,0.004,0.503
346000,0.467,0.008,0.525
346500,0.499,0.004,0.496
347000,0.501,0.007,0.492
347500,0.496,0.004,0.501
348000,0.471,0.010,0.518
348500,0.446,0.006,0.548
349000,0.415,0.009,0.577
349500,0.432,0.009,0.559
350000,0.458,0.020,0.522
350500,0.459,0.015,0.526
351000,0.431,0.011,0.557
351500,0.438,0.014,0.548
352000,0.451,0.015,0.534
352500,0.463,0.009,0.529
353000,0.468,0.011,0.521
353500,0.476,0.009,0.514
354000,0.490,0.012,0.498
354500,0.472,0.012,0.516
355000,0.474,0.016,0.510
355500,0.478,0.009,0.512
356000,0.466,0.004,0.530
356500,0.471,0.013,0.516
357000,0.427,0.016,0.556
357500,0.428,0.016,0.555
358000,0.454,0.011,0.536
358500,0.472,0.017,0.511
359000,0.484,0.015,0.502
359500,0.472,0.011,0.517
360000,0.473,0.018,0.509
360500,0.463,0.013,0.525
361000,0.463,0.013,0.524
361500,0.444,0.018,0.538
362000,0.457,0.015,0.528
362500,0.422,0.019,0.559
363000,0.434,0.018,0.547
363500,0.402,0.015,0.583
364000,0.410,0.021,0.569
364500,0.412,0.019,0.569
365000,0.427,0.013,0.560
365500,0.443,0.010,0.547
366000,0.449,0.006,0.544
366500,0.504,0.006,0.489
367000,0.492,0.006,0.501
367500,0.506,0.004,0.490
368000,0.492,0.004,0.504
368500,0.536,0.002,0.462
369000,0.537,0.004,0.459
369500,0.494,0.005,0.500
370000,0.485,0.005,0.510
370500,0.511,0.008,0.481
371000,0.529,0.006,0.465
371500,0.510,0.005,0.485
372000,0.489,0.014,0.496
372500,0.497,0.015,0.487
373000,0.525,0.013,0.462
373500,0.496,0.011,0.492
374000,0.514,0.007,0.478
374500,0.490,0.011,0.499
375000,0.471,0.013,0.516
375500,0.447,0.013,0.540
376000,0.460,0.012,0.528
376500,0.443,0.018,0.539
377000,0.420,0.017,0.564
377500,0.420,0.011,0.569
378000,0.432,0.013,0.555
378500,0.405,0.020,0.575
379000,0.428,0.015,0.557
379500,0.433,0.015,0.552
380000,0.430,0.007,0.562
380500,0.473,0.014,0.512
381000,0.487,0.010,0.502
381500,0.490,0.009,0.501
382000,0.502,0.006,0.492
382500,0.494,0.008,0.498
383000,0.493,0.004,0.502
383500,0.487,0.001,0.511
384000,0.484,0.003,0.513
384500,0.497,0.009,0.493
385000,0.529,0.006,0.465
385500,0.520,0.011,0.469
386000,0.534,0.006,0.459
386500,0.529,0.010,0.461
387000,0.537,0.009,0.454
387500,0.533,0.007,0.459
388000,0.516,0.005,0.479
388500,0.513,0.006,0.481
389000,0.508,0.008,0.484
389500,0.506,0.004,0.490
390000,0.531,0.007,0.461
390500,0.522,0.006,0.472
391000,0.537,0.006,0.457
391500,0.519,0.002,0.479
392000,0.522,0.003,0.475
392500,0.547,0.004,0.449
393000,0.530,0.003,0.467
393500,0.502,0.005,0.493
394000,0.503,0.009,0.487
394500,0.511,0.011,0.478
395000,0.523,0.011,0.466
395500,0.474,0.009,0.517
396000,0.484,0.010,0.506
396500,0.487,0.011,0.502
397000,0.467,0.005,0.527
397500,0.483,0.008,0.509
398000,0.444,0.011,0.545
398500,0.460,0.013,0.527
399000,0.452,0.016,0.532
399500,0.452,0.018,0.531
400000,0.463,0.012,0.525
400500,0.450,0.015,0.535
401000,0.453,0.011,0.536
401500,0.476,0.009,0.515
402000,0.472,0.006,0.522
402500,0.487,0.020,0.493
403000,0.477,0.013,0.509
403500,0.512,0.012,0.476
404000,0.487,0.007,0.506
404500,0.471,0.007,0.522
405000,0.479,0.003,0.517
405500,0.469,0.005,0.526
406000,0.462,0.003,0.536
406500,0.430,0.015,0.555
407000,0.454,0.011,0.535
407500,0.471,0.011,0.517
408000,0.481,0.011,0.507
408500,0.462,0.013,0.525
409000,0.480,0.012,0.508
409500,0.480,0.014,0.506
410000,0.490,0.013,0.497
410500,0.470,0.011,0.519
411000,0.448,0.014,0.538
411500,0.455,0.015,0.530
412000,0.424,0.018,0.557
412500,0.451,0.011,0.537
413000,0.435,0.013,0.551
413500,0.464,0.018,0.518
414000,0.454,0.014,0.532
414500,0.450,0.011,0.539
415000,0.452,0.010,0.538
415500,0.449,0.011,0.540
416000,0.441,0.008,0.551
416500,0.441,0.007,0.551
417000,0.439,0.008,0.553
417500,0.421,0.010,0.569
418000,0.444,0.021,0.535
418500,0.456,0.013,0.531
419000,0.445,0.009,0.546
419500,0.452,0.011,0.538
420000,0.451,0.014,0.535
420500,0.463,0.018,0.519
421000,0.464,0.014,0.522
421500,0.466,0.016,0.518
422000,0.472,0.011,0.518
422500,0.476,0.011,0.513
423000,0.477,0.006,0.516
423500,0.464,0.014,0.522
424000,0.459,0.013,0.529
424500,0.463,0.010,0.527
425000,0.469,0.009,0.521
425500,0.494,0.015,0.490
426000,0.483,0.012,0.505
426500,0.482,0.011,0.507
427000,0.487,0.009,0.504
427500,0.503,0.008,0.489
428000,0.498,0.007,0.494
428500,0.494,0.009,0.497
429000,0.479,0.006,0.514
429500,0.472,0.006,0.521
430000,0.484,0.011,0.505
430500,0.496,0.007,0.497
431000,0.485,0.008,0.506
431500,0.514,0.005,0.481
432000,0.548,0.005,0.446
432500,0.536,0.004,0.460
433000,0.529,0.003,0.468
433500,0.531,0.004,0.464
434000,0.507,0.009,0.484
434500,0.490,0.009,0.501
435000,0.497,0.003,0.500
435500,0.462,0.003,0.535
436000,0.489,0.001,0.509
436500,0.498,0.005,0.496
437000,0.488,0.009,0.503
437500,0.487,0.007,0.505
438000,0.508,0.011,0.480
438500,0.500,0.005,0.494
439000,0.476,0.008,0.516
439500,0.485,0.013,0.502
440000,0.452,0.016,0.532
440500,0.441,0.019,0.539
441000,0.436,0.011,0.553
441500,0.470,0.008,0.522
442000,0.488,0.011,0.502
442500,0.503,0.005,0.491
443000,0.508,0.007,0.485
443500,0.498,0.007,0.494
444000,0.496,0.009,0.495
444500,0.486,0.006,0.508
445000,0.493,0.002,0.505
445500,0.490,0.004,0.507
446000,0.506,0.003,0.491
446500,0.532,0.002,0.466
447000,0.541,0.006,0.452
447500,0.535,0.011,0.454
448000,0.516,0.004,0.479
448500,0.515,0.004,0.480
449000,0.526,0.006,0.467
449500,0.542,0.002,0.456
450000,0.553,0.001,0.446
450500,0.549,0.003,0.448
451000,0.549,0.002,0.449
451500,0.535,0.001,0.464
452000,0.529,0.005,0.465
452500,0.518,0.004,0.477
453000,0.530,0.005,0.464
453500,0.534,0.005,0.460
454000,0.539,0.004,0.456
454500,0.516,0.006,0.478
455000,0.498,0.004,0.498
455500,0.473,0.011,0.516
456000,0.483,0.011,0.505
456500,0.472,0.011,0.517
457000,0.454,0.021,0.526
457500,0.447,0.021,0.532
458000,0.436,0.021,0.543
458500,0.436,0.022,0.541
459000,0.416,0.022,0.561
459500,0.426,0.015,0.559
460000,0.413,0.026,0.561
460500,0.412,0.015,0.573
461000,0.412,0.015,0.573
461500,0.418,0.009,0.572
462000,0.432,0.006,0.561
462500,0.455,0.008,0.537
463000,0.465,0.013,0.522
463500,0.440,0.013,0.547
464000,0.427,0.012,0.561
464500,0.431,0.011,0.558
465000,0.435,0.013,0.552
465500,0.443,0.011,0.545
466000,0.436,0.013,0.552
466500,0.454,0.017,0.530
467000,0.438,0.010,0.552
467500,0.425,0.010,0.565
468000,0.441,0.019,0.540
468500,0.438,0.020,0.542
469000,0.431,0.020,0.548
469500,0.427,0.015,0.557
470000,0.454,0.011,0.535
470500,0.475,0.009,0.515
471000,0.470,0.013,0.518
471500,0.514,0.009,0.477
472000,0.498,0.007,0.495
472500,0.506,0.003,0.491
473000,0.498,0.008,0.494
473500,0.492,0.009,0.499
474000,0.485,0.005,0.509
474500,0.492,0.007,0.500
475000,0.480,0.008,0.512
475500,0.467,0.003,0.530
476000,0.472,0.009,0.520
476500,0.470,0.008,0.522
477000,0.438,0.017,0.546
477500,0.430,0.021,0.549
478000,0.406,0.026,0.567
478500,0.427,0.021,0.552
479000,0.416,0.015,0.569
479500,0.421,0.019,0.559
480000,0.410,0.017,0.573
480500,0.377,0.011,0.612
481000,0.398,0.017,0.586
481500,0.419,0.015,0.566
482000,0.426,0.011,0.563
482500,0.434,0.008,0.557
483000,0.421,0.022,0.556
483500,0.432,0.023,0.545
484000,0.440,0.019,0.541
484500,0.451,0.023,0.526
485000,0.452,0.019,0.529
485500,0.458,0.013,0.529
486000,0.477,0.011,0.512
486500,0.509,0.004,0.486
487000,0.505,0.006,0.489
487500,0.485,0.006,0.509
488000,0.512,0.005,0.482
488500,0.503,0.005,0.492
489000,0.478,0.012,0.510
489500,0.482,0.013,0.505
490000,0.470,0.013,0.517
490500,0.471,0.012,0.516
491000,0.477,0.015,0.508
491500,0.462,0.013,0.525
492000,0.438,0.013,0.549
492500,0.458,0.015,0.527
493000,0.421,0.025,0.554
493500,0.408,0.028,0.564
494000,0.400,0.025,0.576
494500,0.404,0.028,0.568
495000,0.407,0.026,0.567
495500,0.396,0.032,0.573
496000,0.397,0.029,0.574
496500,0.413,0.022,0.565
497000,0.419,0.013,0.569
497500,0.435,0.009,0.556
498000,0.430,0.012,0.557
498500,0.439,0.011,0.550
499000,0.472,0.007,0.521
499500,0.465,0.009,0.527
500000,0.488,0.005,0.507
500500,0.507,0.007,0.485
501000,0.523,0.005,0.472
501500,0.524,0.008,0.468
502000,0.514,0.004,0.482
502500,0.527,0.006,0.466
503000,0.518,0.008,0.474
503500,0.517,0.009,0.474
504000,0.533,0.006,0.460
504500,0.542,0.010,0.448
505000,0.538,0.007,0.455
505500,0.567,0.008,0.425
506000,0.576,0.009,0.415
506500,0.538,0.004,0.457
507000,0.552,0.004,0.444
507500,0.572,0.005,0.423
508000,0.583,0.008,0.409
508500,0.596,0.007,0.397
509000,0.569,0.004,0.428
509500,0.534,0.008,0.458
510000,0.498,0.010,0.492
510500,0.469,0.011,0.520
511000,0.483,0.011,0.505
511500,0.479,0.011,0.510
512000,0.544,0.009,0.447
512500,0.532,0.007,0.460
513000,0.522,0.007,0.470
513500,0.546,0.005,0.449
514000,0.520,0.010,0.470
514500,0.523,0.009,0.468
515000,0.528,0.006,0.466
515500,0.522,0.006,0.472
516000,0.516,0.004,0.480
516500,0.522,0.007,0.471
517000,0.532,0.006,0.461
517500,0.548,0.003,0.449
518000,0.557,0.003,0.440
518500,0.513,0.005,0.482
519000,0.498,0.009,0.492
519500,0.516,0.007,0.477
520000,0.521,0.004,0.475
520500,0.537,0.012,0.451
521000,0.515,0.011,0.474
521500,0.526,0.012,0.462
522000,0.526,0.011,0.462
522500,0.509,0.011,0.480
523000,0.500,0.007,0.493
523500,0.491,0.008,0.500
524000,0.509,0.004,0.486
524500,0.508,0.003,0.489
525000,0.520,0.002,0.478
525500,0.535,0.004,0.461
526000,0.551,0.002,0.447
526500,0.580,0.005,0.415
527000,0.538,0.004,0.457
527500,0.528,0.005,0.467
528000,0.526,0.004,0.470
528500,0.519,0.004,0.477
529000,0.542,0.004,0.453
529500,0.513,0.004,0.482
530000,0.533,0.004,0.462
530500,0.522,0.003,0.475
531000,0.523,0.003,0.474
531500,0.560,0.010,0.430
532000,0.521,0.009,0.470
532500,0.537,0.006,0.457
533000,0.547,0.004,0.449
533500,0.530,0.004,0.466
534000,0.517,0.009,0.474
534500,0.527,0.009,0.464
535000,0.521,0.009,0.470
535500,0.509,0.009,0.482
536000,0.498,0.007,0.494
536500,0.521,0.005,0.473
537000,0.521,0.003,0.476
537500,0.492,0.006,0.502
538000,0.503,0.005,0.491
538500,0.504,0.005,0.490
539000,0.510,0.011,0.479
539500,0.512,0.008,0.480
540000,0.506,0.009,0.485
540500,0.502,0.005,0.492
541000,0.480,0.006,0.514
541500,0.485,0.006,0.509
542000,0.486,0.011,0.502
542500,0.465,0.015,0.520
543000,0.460,0.011,0.530
543500,0.422,0.014,0.564
544000,0.410,0.023,0.567
544500,0.433,0.021,0.546
545000,0.431,0.016,0.552
545500,0.448,0.017,0.536
546000,0.443,0.012,0.545
546500,0.421,0.010,0.569
547000,0.437,0.009,0.553
547500,0.454,0.015,0.531
548000,0.457,0.015,0.528
548500,0.456,0.013,0.531
549000,0.453,0.013,0.534
549500,0.445,0.011,0.544
550000,0.426,0.012,0.562
550500,0.441,0.017,0.543
551000,0.445,0.019,0.536
551500,0.450,0.017,0.533
552000,0.475,0.010,0.515
552500,0.476,0.013,0.511
553000,0.488,0.005,0.507
553500,0.498,0.009,0.492
554000,0.500,0.007,0.493
554500,0.499,0.004,0.496
555000,0.507,0.008,0.485
555500,0.493,0.014,0.493
556000,0.511,0.007,0.481
556500,0.514,0.004,0.481
557000,0.505,0.003,0.492
557500,0.525,0.006,0.469
558000,0.518,0.005,0.477
558500,0.493,0.007,0.499
559000,0.487,0.009,0.504
559500,0.469,0.008,0.523
560000,0.479,0.007,0.514
560500,0.463,0.016,0.521
561000,0.454,0.011,0.535
561500,0.436,0.015,0.549
562000,0.461,0.015,0.525
562500,0.461,0.015,0.524
563000,0.472,0.018,0.511
563500,0.434,0.014,0.552
564000,0.421,0.007,0.572
564500,0.418,0.013,0.569
565000,0.425,0.017,0.558
565500,0.406,0.013,0.580
566000,0.407,0.019,0.574
566500,0.404,0.024,0.572
567000,0.416,0.020,0.564
567500,0.388,0.032,0.581
568000,0.401,0.027,0.572
568500,0.371,0.016,0.613
569000,0.387,0.015,0.598
569500,0.420,0.011,0.568
570000,0.413,0.011,0.576
570500,0.422,0.015,0.563
571000,0.432,0.015,0.552
571500,0.408,0.010,0.582
572000,0.412,0.013,0.575
572500,0.427,0.019,0.553
573000,0.455,0.012,0.533
573500,0.465,0.011,0.524
574000,0.466,0.008,0.526
574500,0.457,0.011,0.532
575000,0.460,0.006,0.534
575500,0.474,0.007,0.518
576000,0.484,0.004,0.512
576500,0.478,0.011,0.511
577000,0.442,0.013,0.545
577500,0.458,0.015,0.528
578000,0.468,0.011,0.521
578500,0.501,0.008,0.491
579000,0.511,0.004,0.484
579500,0.495,0.003,0.503
580000,0.486,0.005,0.508
580500,0.498,0.007,0.495
581000,0.488,0.006,0.506
581500,0.478,0.013,0.509
582000,0.487,0.015,0.498
582500,0.485,0.014,0.501
583000,0.490,0.009,0.501
583500,0.504,0.012,0.484
584000,0.474,0.013,0.512
584500,0.455,0.015,0.530
585000,0.445,0.011,0.544
585500,0.437,0.006,0.556
586000,0.443,0.011,0.545
586500,0.439,0.011,0.550
587000,0.451,0.005,0.544
587500,0.466,0.007,0.527
588000,0.459,0.007,0.534
588500,0.461,0.013,0.526
589000,0.446,0.018,0.537
589500,0.481,0.018,0.500
590000,0.501,0.011,0.487
590500,0.503,0.005,0.492
591000,0.496,0.005,0.498
591500,0.501,0.004,0.494
592000,0.472,0.007,0.521
592500,0.433,0.009,0.558
593000,0.449,0.019,0.532
593500,0.451,0.013,0.536
594000,0.439,0.012,0.549
594500,0.435,0.006,0.558
595000,0.451,0.013,0.536
595500,0.419,0.021,0.559
596000,0.452,0.020,0.528
596500,0.471,0.016,0.513
597000,0.467,0.005,0.527
597500,0.439,0.014,0.547
598000,0.434,0.015,0.551
598500,0.428,0.010,0.561
599000,0.462,0.013,0.525
599500,0.450,0.009,0.541
600000,0.461,0.005,0.534
600500,0.469,0.011,0.520
601000,0.442,0.013,0.545
601500,0.462,0.013,0.525
602000,0.460,0.013,0.527
602500,0.474,0.011,0.514
603000,0.472,0.007,0.520
603500,0.477,0.012,0.510
604000,0.481,0.013,0.506
604500,0.502,0.007,0.490
605000,0.483,0.009,0.508
605500,0.468,0.011,0.521
606000,0.473,0.006,0.521
606500,0.484,0.009,0.507
607000,0.460,0.005,0.535
607500,0.474,0.005,0.521
608000,0.503,0.006,0.490
608500,0.517,0.006,0.477
609000,0.533,0.011,0.456
609500,0.533,0.009,0.458
610000,0.525,0.006,0.468
610500,0.502,0.009,0.489
611000,0.463,0.008,0.529
611500,0.450,0.009,0.542
612000,0.466,0.020,0.514
612500,0.464,0.017,0.520
613000,0.451,0.015,0.534
613500,0.462,0.006,0.532
614000,0.511,0.006,0.482
614500,0.500,0.007,0.493
615000,0.471,0.007,0.521
615500,0.448,0.007,0.545
616000,0.432,0.008,0.560
616500,0.460,0.006,0.534
617000,0.467,0.018,0.515
617500,0.457,0.014,0.529
618000,0.435,0.013,0.551
618500,0.446,0.019,0.535
619000,0.458,0.011,0.532
619500,0.434,0.008,0.557
620000,0.455,0.005,0.540
620500,0.455,0.015,0.530
621000,0.465,0.021,0.514
621500,0.463,0.021,0.516
622000,0.464,0.009,0.527
622500,0.467,0.008,0.525
623000,0.467,0.009,0.524
623500,0.457,0.014,0.529
624000,0.473,0.014,0.512
624500,0.481,0.009,0.510
625000,0.491,0.009,0.499
625500,0.489,0.011,0.499
626000,0.466,0.009,0.525
626500,0.473,0.007,0.520
627000,0.452,0.006,0.542
627500,0.470,0.007,0.523
628000,0.512,0.007,0.480
628500,0.499,0.004,0.497
629000,0.490,0.004,0.507
629500,0.490,0.004,0.506
630000,0.494,0.005,0.500
630500,0.500,0.004,0.496
631000,0.525,0.001,0.474
631500,0.535,0.003,0.462
632000,0.527,0.007,0.465
632500,0.535,0.002,0.463
633000,0.553,0.002,0.445
633500,0.569,0.002,0.429
634000,0.584,0.001,0.415
634500,0.607,0.001,0.393
635000,0.569,0.001,0.431
635500,0.544,0.002,0.454
636000,0.554,0.003,0.443
636500,0.577,0.007,0.416
637000,0.559,0.004,0.436
637500,0.560,0.003,0.437
638000,0.550,0.001,0.449
638500,0.569,0.000,0.431
639000,0.537,0.000,0.463
639500,0.533,0.002,0.465
640000,0.522,0.004,0.474
640500,0.526,0.007,0.466
641000,0.530,0.004,0.466
641500,0.514,0.001,0.485
642000,0.501,0.011,0.488
642500,0.489,0.011,0.501
643000,0.485,0.011,0.505
643500,0.503,0.005,0.491
644000,0.511,0.003,0.486
644500,0.444,0.002,0.555
645000,0.477,0.006,0.516
645500,0.476,0.004,0.521
646000,0.462,0.005,0.533
646500,0.508,0.004,0.487
647000,0.506,0.002,0.492
647500,0.515,0.003,0.482
648000,0.528,0.004,0.468
648500,0.548,0.011,0.441
649000,0.571,0.008,0.421
649500,0.574,0.008,0.418
650000,0.581,0.004,0.415
650500,0.570,0.004,0.426
651000,0.560,0.005,0.434
651500,0.529,0.006,0.464
652000,0.545,0.005,0.450
652500,0.495,0.004,0.502
653000,0.508,0.002,0.490
653500,0.472,0.004,0.524
654000,0.468,0.008,0.524
654500,0.462,0.015,0.524
655000,0.463,0.011,0.526
655500,0.496,0.006,0.497
656000,0.476,0.009,0.515
656500,0.471,0.007,0.521
657000,0.476,0.011,0.514
657500,0.478,0.013,0.509
658000,0.478,0.010,0.512
658500,0.478,0.009,0.512
659000,0.466,0.008,0.526
659500,0.486,0.004,0.510
660000,0.496,0.004,0.499
660500,0.476,0.005,0.519
661000,0.448,0.009,0.544
661500,0.449,0.003,0.548
662000,0.485,0.004,0.511
662500,0.471,0.014,0.514
663000,0.478,0.011,0.511
663500,0.518,0.005,0.477
664000,0.502,0.004,0.493
664500,0.490,0.007,0.503
665000,0.505,0.007,0.487
665500,0.511,0.006,0.483
666000,0.494,0.009,0.497
666500,0.487,0.007,0.505
667000,0.473,0.013,0.513
667500,0.460,0.013,0.528
668000,0.470,0.011,0.518
668500,0.493,0.009,0.498
669000,0.511,0.007,0.482
669500,0.514,0.004,0.482
670000,0.494,0.007,0.498
670500,0.489,0.018,0.493
671000,0.491,0.013,0.496
671500,0.469,0.010,0.520
672000,0.470,0.011,0.520
672500,0.495,0.014,0.490
673000,0.522,0.005,0.473
673500,0.514,0.007,0.479
674000,0.499,0.005,0.495
674500,0.497,0.006,0.496
675000,0.490,0.011,0.499
675500,0.483,0.006,0.511
676000,0.502,0.006,0.491
676500,0.488,0.013,0.498
677000,0.474,0.010,0.516
677500,0.486,0.006,0.508
678000,0.495,0.015,0.490
678500,0.471,0.013,0.517
679000,0.475,0.011,0.514
679500,0.492,0.012,0.496
680000,0.465,0.009,0.526
680500,0.454,0.011,0.535
681000,0.464,0.009,0.527
681500,0.465,0.009,0.526
682000,0.456,0.021,0.524
682500,0.459,0.023,0.518
683000,0.477,0.016,0.507
683500,0.464,0.015,0.521
684000,0.473,0.013,0.514
684500,0.468,0.019,0.513
685000,0.461,0.015,0.524
685500,0.454,0.009,0.537
686000,0.433,0.009,0.557
686500,0.464,0.011,0.526
687000,0.465,0.018,0.518
687500,0.456,0.013,0.531
688000,0.443,0.011,0.546
688500,0.451,0.012,0.537
689000,0.474,0.013,0.513
689500,0.467,0.011,0.521
690000,0.500,0.018,0.482
690500,0.509,0.010,0.481
691000,0.482,0.004,0.513
691500,0.466,0.017,0.518
692000,0.472,0.010,0.518
692500,0.497,0.004,0.498
693000,0.467,0.013,0.520
693500,0.437,0.022,0.541
694000,0.446,0.014,0.540
694500,0.463,0.008,0.529
695000,0.457,0.010,0.533
695500,0.460,0.013,0.528
696000,0.447,0.014,0.539
696500,0.440,0.015,0.545
697000,0.469,0.024,0.507
697500,0.472,0.024,0.504
698000,0.455,0.018,0.527
698500,0.441,0.015,0.545
699000,0.430,0.017,0.554
699500,0.473,0.010,0.517
700000,0.453,0.013,0.533
700500,0.459,0.012,0.529
701000,0.460,0.015,0.526
701500,0.453,0.011,0.536
702000,0.458,0.012,0.530
702500,0.452,0.013,0.535
703000,0.450,0.013,0.538
703500,0.432,0.018,0.550
704000,0.432,0.012,0.556
704500,0.452,0.019,0.529
705000,0.456,0.013,0.532
705500,0.481,0.013,0.505
706000,0.475,0.013,0.513
706500,0.470,0.011,0.519
707000,0.467,0.011,0.522
707500,0.460,0.009,0.532
708000,0.458,0.013,0.529
708500,0.445,0.013,0.542
709000,0.455,0.017,0.529
709500,0.460,0.011,0.529
710000,0.455,0.013,0.532
710500,0.441,0.016,0.543
711000,0.457,0.014,0.529
711500,0.434,0.013,0.552
712000,0.422,0.017,0.561
712500,0.419,0.020,0.560
713000,0.424,0.018,0.557
713500,0.443,0.021,0.536
714000,0.463,0.013,0.524
714500,0.452,0.014,0.534
715000,0.453,0.012,0.535
715500,0.444,0.011,0.545
716000,0.427,0.011,0.562
716500,0.412,0.009,0.580
717000,0.427,0.013,0.559
717500,0.422,0.015,0.564
718000,0.410,0.014,0.576
718500,0.394,0.024,0.583
719000,0.386,0.032,0.583
719500,0.398,0.028,0.575
720000,0.384,0.021,0.595
720500,0.395,0.025,0.581
721000,0.392,0.019,0.590
721500,0.406,0.024,0.571
722000,0.402,0.028,0.571
722500,0.404,0.021,0.575
723000,0.419,0.019,0.561
723500,0.419,0.016,0.565
724000,0.409,0.015,0.576
724500,0.384,0.013,0.603
725000,0.387,0.019,0.594
725500,0.389,0.022,0.589
726000,0.376,0.018,0.607
726500,0.409,0.029,0.562
727000,0.409,0.036,0.554
727500,0.407,0.022,0.571
728000,0.412,0.028,0.560
728500,0.420,0.018,0.562
729000,0.413,0.021,0.565
729500,0.418,0.021,0.561
730000,0.410,0.022,0.568
730500,0.416,0.019,0.565
731000,0.440,0.017,0.544
731500,0.425,0.013,0.562
732000,0.441,0.022,0.537
732500,0.459,0.017,0.525
733000,0.463,0.023,0.514
733500,0.429,0.016,0.554
734000,0.442,0.015,0.544
734500,0.418,0.015,0.567
735000,0.429,0.018,0.553
735500,0.433,0.013,0.553
736000,0.457,0.010,0.533
736500,0.461,0.006,0.533
737000,0.455,0.005,0.540
737500,0.467,0.010,0.523
738000,0.472,0.013,0.515
738500,0.468,0.011,0.522
739000,0.464,0.011,0.526
739500,0.443,0.013,0.545
740000,0.453,0.021,0.526
740500,0.456,0.013,0.531
741000,0.463,0.009,0.527
741500,0.493,0.009,0.497
742000,0.533,0.005,0.462
742500,0.536,0.002,0.462
743000,0.525,0.001,0.474
743500,0.521,0.003,0.476
744000,0.504,0.009,0.487
744500,0.500,0.011,0.489
745000,0.490,0.011,0.498
745500,0.481,0.006,0.513
746000,0.488,0.006,0.506
746500,0.480,0.004,0.517
747000,0.484,0.007,0.509
747500,0.495,0.007,0.497
748000,0.484,0.005,0.510
748500,0.478,0.003,0.519
749000,0.478,0.006,0.516
749500,0.489,0.009,0.501
750000,0.503,0.006,0.490
750500,0.524,0.011,0.465
751000,0.522,0.009,0.469
751500,0.519,0.003,0.478
752000,0.484,0.015,0.501
752500,0.484,0.016,0.500
753000,0.495,0.012,0.493
753500,0.498,0.009,0.493
754000,0.504,0.004,0.492
754500,0.515,0.008,0.477
755000,0.509,0.006,0.485
755500,0.496,0.004,0.500
756000,0.478,0.005,0.516
756500,0.470,0.011,0.519
757000,0.496,0.011,0.493
757500,0.484,0.013,0.504
758000,0.472,0.007,0.520
758500,0.478,0.006,0.516
759000,0.459,0.013,0.528
759500,0.436,0.009,0.555
760000,0.422,0.007,0.571
760500,0.450,0.009,0.541
761000,0.454,0.007,0.539
761500,0.469,0.006,0.524
762000,0.497,0.006,0.496
762500,0.488,0.003,0.509
763000,0.462,0.009,0.529
763500,0.446,0.013,0.541
764000,0.418,0.011,0.570
764500,0.405,0.021,0.575
765000,0.421,0.025,0.554
765500,0.412,0.016,0.572
766000,0.441,0.013,0.546
766500,0.442,0.018,0.541
767000,0.468,0.020,0.512
767500,0.468,0.024,0.509
768000,0.442,0.018,0.540
768500,0.440,0.011,0.549
769000,0.422,0.015,0.563
769500,0.445,0.025,0.530
770000,0.444,0.018,0.538
770500,0.432,0.020,0.548
771000,0.429,0.025,0.545
771500,0.420,0.019,0.560
772000,0.422,0.019,0.559
772500,0.441,0.010,0.549
773000,0.468,0.010,0.522
773500,0.468,0.013,0.519
774000,0.434,0.012,0.554
774500,0.454,0.011,0.535
775000,0.467,0.018,0.516
775500,0.453,0.010,0.537
776000,0.488,0.009,0.503
776500,0.492,0.008,0.500
777000,0.473,0.007,0.520
777500,0.495,0.009,0.496
778000,0.515,0.010,0.475
778500,0.503,0.018,0.479
779000,0.506,0.015,0.478
779500,0.495,0.009,0.495
780000,0.484,0.013,0.503
780500,0.503,0.007,0.490
781000,0.525,0.005,0.470
781500,0.541,0.004,0.454
782000,0.527,0.004,0.469
782500,0.506,0.005,0.489
783000,0.487,0.004,0.509
783500,0.488,0.009,0.503
784000,0.469,0.018,0.512
784500,0.495,0.015,0.489
785000,0.459,0.009,0.532
785500,0.450,0.007,0.543
786000,0.455,0.013,0.532
786500,0.442,0.015,0.543
787000,0.446,0.012,0.542
787500,0.425,0.016,0.558
788000,0.431,0.015,0.553
788500,0.436,0.013,0.552
789000,0.415,0.011,0.574
789500,0.455,0.011,0.534
790000,0.474,0.011,0.515
790500,0.466,0.015,0.519
791000,0.456,0.021,0.524
791500,0.467,0.018,0.516
792000,0.441,0.013,0.547
792500,0.403,0.017,0.581
793000,0.406,0.021,0.573
793500,0.405,0.020,0.575
794000,0.418,0.021,0.561
794500,0.434,0.009,0.557
795000,0.432,0.015,0.553
795500,0.442,0.015,0.544
796000,0.448,0.015,0.537
796500,0.430,0.013,0.557
797000,0.439,0.011,0.550
797500,0.444,0.016,0.540
798000,0.419,0.015,0.566
798500,0.400,0.018,0.582
799000,0.421,0.013,0.566
799500,0.419,0.013,0.568
800000,0.432,0.011,0.557
800500,0.436,0.011,0.553
801000,0.431,0.013,0.555
801500,0.441,0.016,0.543
802000,0.414,0.018,0.569
802500,0.419,0.015,0.566
803000,0.446,0.007,0.547
803500,0.465,0.005,0.529
