time,n_A+p,n_B,n_AB
500,0.050,0.809,0.141
1000,0.050,0.760,0.190
1500,0.050,0.737,0.213
2000,0.050,0.650,0.300
2500,0.050,0.594,0.356
3000,0.053,0.505,0.442
3500,0.059,0.435,0.506
4000,0.072,0.443,0.485
4500,0.071,0.417,0.512
5000,0.060,0.425,0.515
5500,0.061,0.542,0.397
6000,0.051,0.494,0.455
6500,0.056,0.481,0.463
7000,0.056,0.505,0.439
7500,0.052,0.528,0.420
8000,0.059,0.463,0.478
8500,0.052,0.543,0.405
9000,0.053,0.508,0.439
9500,0.059,0.476,0.465
10000,0.057,0.473,0.470
10500,0.067,0.477,0.456
11000,0.055,0.521,0.424
11500,0.051,0.554,0.395
12000,0.054,0.518,0.428
12500,0.054,0.517,0.429
13000,0.062,0.478,0.460
13500,0.069,0.386,0.545
14000,0.066,0.407,0.527
14500,0.065,0.365,0.570
15000,0.073,0.395,0.532
15500,0.070,0.365,0.565
16000,0.086,0.364,0.550
16500,0.081,0.364,0.555
17000,0.092,0.367,0.541
17500,0.077,0.357,0.566
18000,0.069,0.442,0.489
18500,0.063,0.444,0.493
19000,0.059,0.485,0.456
19500,0.059,0.523,0.418
20000,0.053,0.495,0.452
20500,0.065,0.498,0.437
21000,0.061,0.503,0.436
21500,0.067,0.454,0.479
22000,0.061,0.504,0.435
22500,0.052,0.513,0.435
23000,0.051,0.587,0.362
23500,0.050,0.598,0.352
24000,0.050,0.576,0.374
24500,0.054,0.491,0.455
25000,0.059,0.486,0.455
25500,0.052,0.582,0.366
26000,0.050,0.565,0.385
26500,0.054,0.535,0.411
27000,0.056,0.478,0.466
27500,0.062,0.480,0.458
28000,0.060,0.508,0.432
28500,0.052,0.634,0.314
29000,0.050,0.592,0.358
29500,0.050,0.545,0.405
30000,0.061,0.447,0.492
30500,0.060,0.447,0.493
31000,0.062,0.444,0.494
31500,0.054,0.478,0.468
32000,0.051,0.493,0.456
32500,0.051,0.545,0.404
33000,0.050,0.506,0.444
33500,0.056,0.511,0.433
34000,0.058,0.518,0.424
34500,0.055,0.505,0.440
35000,0.058,0.484,0.458
35500,0.065,0.481,0.454
36000,0.052,0.555,0.393
36500,0.051,0.549,0.400
37000,0.055,0.505,0.440
37500,0.051,0.557,0.392
38000,0.051,0.495,0.454
38500,0.066,0.466,0.468
39000,0.058,0.490,0.452
39500,0.062,0.408,0.530
40000,0.066,0.375,0.559
40500,0.060,0.461,0.479
41000,0.060,0.442,0.498
41500,0.051,0.468,0.481
42000,0.054,0.507,0.439
42500,0.051,0.505,0.444
43000,0.053,0.513,0.434
43500,0.050,0.484,0.466
44000,0.056,0.508,0.436
44500,0.065,0.409,0.526
45000,0.073,0.449,0.478
45500,0.058,0.402,0.540
46000,0.064,0.490,0.446
46500,0.066,0.388,0.546
47000,0.071,0.382,0.547
47500,0.061,0.418,0.521
48000,0.056,0.486,0.458
48500,0.059,0.512,0.429
49000,0.073,0.473,0.454
49500,0.066,0.410,0.524
50000,0.077,0.430,0.493
50500,0.062,0.462,0.476
51000,0.059,0.463,0.478
51500,0.056,0.450,0.494
52000,0.060,0.431,0.509
52500,0.068,0.469,0.463
53000,0.060,0.473,0.467
53500,0.052,0.522,0.426
54000,0.055,0.488,0.457
54500,0.051,0.538,0.411
55000,0.055,0.563,0.382
55500,0.051,0.519,0.430
56000,0.053,0.504,0.443
56500,0.053,0.498,0.449
57000,0.054,0.518,0.428
57500,0.059,0.511,0.430
58000,0.071,0.530,0.399
58500,0.066,0.461,0.473
59000,0.054,0.480,0.466
59500,0.058,0.553,0.389
60000,0.065,0.506,0.429
60500,0.054,0.557,0.389
61000,0.052,0.551,0.397
61500,0.054,0.488,0.458
62000,0.056,0.533,0.411
62500,0.055,0.515,0.430
63000,0.050,0.551,0.399
63500,0.055,0.615,0.330
64000,0.050,0.634,0.316
64500,0.050,0.539,0.411
65000,0.056,0.507,0.437
65500,0.062,0.486,0.452
66000,0.059,0.478,0.463
66500,0.056,0.535,0.409
67000,0.057,0.473,0.470
67500,0.058,0.441,0.501
68000,0.065,0.473,0.462
68500,0.059,0.453,0.488
69000,0.060,0.481,0.459
69500,0.053,0.457,0.490
70000,0.062,0.474,0.464
70500,0.065,0.410,0.525
71000,0.052,0.478,0.470
71500,0.052,0.504,0.444
72000,0.054,0.478,0.468
72500,0.055,0.509,0.436
73000,0.055,0.518,0.427
73500,0.060,0.498,0.442
74000,0.057,0.516,0.427
74500,0.051,0.569,0.380
75000,0.050,0.556,0.394
75500,0.050,0.519,0.431
76000,0.051,0.524,0.425
76500,0.052,0.526,0.422
77000,0.056,0.501,0.443
77500,0.053,0.530,0.417
78000,0.057,0.517,0.426
78500,0.060,0.441,0.499
79000,0.051,0.505,0.444
79500,0.063,0.485,0.452
80000,0.057,0.441,0.502
80500,0.062,0.382,0.556
81000,0.075,0.367,0.558
81500,0.069,0.422,0.509
82000,0.065,0.504,0.431
82500,0.060,0.509,0.431
83000,0.053,0.436,0.511
83500,0.063,0.467,0.470
84000,0.062,0.443,0.495
84500,0.051,0.503,0.446
85000,0.057,0.490,0.453
85500,0.050,0.490,0.460
86000,0.055,0.455,0.490
86500,0.056,0.502,0.442
87000,0.051,0.560,0.389
87500,0.052,0.517,0.431
88000,0.054,0.501,0.445
88500,0.051,0.455,0.494
89000,0.058,0.439,0.503
89500,0.051,0.495,0.454
90000,0.060,0.490,0.450
90500,0.062,0.488,0.450
91000,0.070,0.484,0.446
91500,0.053,0.497,0.450
92000,0.052,0.510,0.438
92500,0.056,0.536,0.408
93000,0.051,0.518,0.431
93500,0.050,0.499,0.451
94000,0.050,0.492,0.458
94500,0.056,0.492,0.452
95000,0.050,0.493,0.457
95500,0.055,0.450,0.495
96000,0.058,0.499,0.443
96500,0.065,0.428,0.507
97000,0.071,0.404,0.525
97500,0.066,0.391,0.543
98000,0.057,0.455,0.488
98500,0.065,0.479,0.456
99000,0.051,0.550,0.399
99500,0.050,0.557,0.393
100000,0.050,0.545,0.405
100500,0.051,0.492,0.457
101000,0.061,0.456,0.483
101500,0.055,0.474,0.471
102000,0.051,0.558,0.391
102500,0.050,0.538,0.412
103000,0.050,0.527,0.423
103500,0.057,0.520,0.423
104000,0.055,0.540,0.405
104500,0.051,0.600,0.349
105000,0.053,0.534,0.413
105500,0.052,0.559,0.389
106000,0.054,0.529,0.417
106500,0.053,0.542,0.405
107000,0.051,0.481,0.468
107500,0.055,0.526,0.419
108000,0.056,0.461,0.483
108500,0.059,0.472,0.469
109000,0.063,0.415,0.522
109500,0.056,0.442,0.502
110000,0.060,0.484,0.456
110500,0.071,0.430,0.499
111000,0.064,0.456,0.480
111500,0.054,0.460,0.486
112000,0.064,0.519,0.417
112500,0.060,0.508,0.432
113000,0.058,0.466,0.476
113500,0.056,0.458,0.486
114000,0.067,0.479,0.454
114500,0.069,0.427,0.504
115000,0.072,0.396,0.532
115500,0.055,0.473,0.472
116000,0.057,0.517,0.426
116500,0.052,0.499,0.449
117000,0.061,0.422,0.517
117500,0.067,0.464,0.469
118000,0.057,0.479,0.464
118500,0.053,0.517,0.430
119000,0.053,0.484,0.463
119500,0.062,0.513,0.425
120000,0.055,0.485,0.460
120500,0.059,0.489,0.452
121000,0.063,0.438,0.499
121500,0.065,0.493,0.442
122000,0.065,0.442,0.493
122500,0.061,0.456,0.483
123000,0.058,0.455,0.487
123500,0.057,0.435,0.508
124000,0.068,0.425,0.507
124500,0.068,0.429,0.503
125000,0.069,0.470,0.461
125500,0.063,0.451,0.486
126000,0.062,0.471,0.467
126500,0.057,0.510,0.433
127000,0.055,0.488,0.457
127500,0.057,0.487,0.456
128000,0.057,0.548,0.395
128500,0.052,0.551,0.397
129000,0.053,0.566,0.381
129500,0.053,0.515,0.432
130000,0.057,0.506,0.437
130500,0.057,0.603,0.340
131000,0.050,0.564,0.386
131500,0.050,0.555,0.395
132000,0.057,0.546,0.397
132500,0.052,0.611,0.337
133000,0.050,0.538,0.412
133500,0.053,0.508,0.439
134000,0.057,0.435,0.508
134500,0.065,0.387,0.548
135000,0.072,0.383,0.545
135500,0.069,0.413,0.518
136000,0.063,0.439,0.498
136500,0.065,0.470,0.465
137000,0.058,0.457,0.485
137500,0.063,0.449,0.488
138000,0.067,0.402,0.531
138500,0.058,0.459,0.483
139000,0.064,0.461,0.475
139500,0.068,0.448,0.484
140000,0.053,0.476,0.471
140500,0.064,0.433,0.503
141000,0.070,0.402,0.528
141500,0.081,0.357,0.562
142000,0.078,0.388,0.534
142500,0.066,0.420,0.514
143000,0.061,0.435,0.504
143500,0.067,0.439,0.494
144000,0.063,0.517,0.420
144500,0.056,0.500,0.444
145000,0.060,0.477,0.463
145500,0.059,0.507,0.434
146000,0.051,0.525,0.424
146500,0.062,0.479,0.459
147000,0.052,0.589,0.359
147500,0.052,0.566,0.382
148000,0.056,0.461,0.483
148500,0.070,0.417,0.513
149000,0.064,0.425,0.511
149500,0.077,0.403,0.520
150000,0.075,0.401,0.524
150500,0.079,0.402,0.519
151000,0.078,0.411,0.511
151500,0.054,0.363,0.583
152000,0.059,0.470,0.471
152500,0.051,0.550,0.399
153000,0.061,0.502,0.437
153500,0.063,0.460,0.477
154000,0.059,0.397,0.544
154500,0.093,0.324,0.583
155000,0.079,0.380,0.541
155500,0.064,0.389,0.547
156000,0.067,0.434,0.499
156500,0.066,0.376,0.558
157000,0.077,0.361,0.562
157500,0.067,0.417,0.516
158000,0.067,0.407,0.526
158500,0.066,0.397,0.537
159000,0.057,0.458,0.485
159500,0.051,0.576,0.373
160000,0.050,0.528,0.422
160500,0.050,0.551,0.399
161000,0.057,0.546,0.397
161500,0.055,0.475,0.470
162000,0.050,0.527,0.423
162500,0.050,0.564,0.386
163000,0.053,0.558,0.389
163500,0.054,0.498,0.448
164000,0.070,0.497,0.433
164500,0.052,0.513,0.435
165000,0.060,0.492,0.448
165500,0.053,0.521,0.426
166000,0.050,0.511,0.439
166500,0.050,0.525,0.425
167000,0.058,0.459,0.483
167500,0.051,0.532,0.417
168000,0.060,0.504,0.436
168500,0.058,0.525,0.417
169000,0.051,0.513,0.436
169500,0.054,0.561,0.385
170000,0.052,0.570,0.378
170500,0.051,0.542,0.407
171000,0.063,0.524,0.413
171500,0.055,0.503,0.442
172000,0.053,0.466,0.481
172500,0.050,0.485,0.465
173000,0.054,0.511,0.435
173500,0.052,0.503,0.445
174000,0.055,0.536,0.409
174500,0.052,0.535,0.413
175000,0.060,0.503,0.437
175500,0.059,0.475,0.466
176000,0.057,0.518,0.425
176500,0.063,0.503,0.434
177000,0.056,0.508,0.436
177500,0.053,0.560,0.387
178000,0.054,0.566,0.380
178500,0.052,0.573,0.375
179000,0.050,0.563,0.387
179500,0.050,0.539,0.411
180000,0.054,0.489,0.457
180500,0.052,0.467,0.481
181000,0.060,0.439,0.501
181500,0.075,0.363,0.562
182000,0.077,0.359,0.564
182500,0.063,0.394,0.543
183000,0.067,0.405,0.528
183500,0.059,0.463,0.478
184000,0.058,0.474,0.468
184500,0.054,0.458,0.488
185000,0.072,0.395,0.533
185500,0.067,0.419,0.514
186000,0.055,0.429,0.516
186500,0.062,0.433,0.505
187000,0.074,0.376,0.550
187500,0.097,0.316,0.587
188000,0.102,0.312,0.586
188500,0.089,0.294,0.617
189000,0.127,0.277,0.596
189500,0.130,0.266,0.604
190000,0.097,0.278,0.625
190500,0.092,0.329,0.579
191000,0.092,0.353,0.555
191500,0.061,0.394,0.545
192000,0.060,0.460,0.480
192500,0.051,0.490,0.459
193000,0.050,0.476,0.474
193500,0.057,0.515,0.428
194000,0.056,0.495,0.449
194500,0.058,0.553,0.389
195000,0.054,0.570,0.376
195500,0.055,0.539,0.406
196000,0.054,0.536,0.410
196500,0.058,0.504,0.438
197000,0.056,0.539,0.405
197500,0.059,0.519,0.422
198000,0.052,0.496,0.452
198500,0.060,0.532,0.408
199000,0.057,0.512,0.431
199500,0.057,0.521,0.422
200000,0.051,0.457,0.492
200500,0.053,0.456,0.491
201000,0.057,0.428,0.515
201500,0.076,0.409,0.515
202000,0.077,0.383,0.540
202500,0.071,0.410,0.519
203000,0.060,0.439,0.501
203500,0.059,0.450,0.491
204000,0.063,0.463,0.474
204500,0.052,0.482,0.466
205000,0.056,0.469,0.475
205500,0.063,0.414,0.523
206000,0.056,0.485,0.459
206500,0.056,0.465,0.479
207000,0.051,0.455,0.494
207500,0.056,0.502,0.442
208000,0.053,0.493,0.454
208500,0.051,0.548,0.401
209000,0.052,0.523,0.425
209500,0.051,0.506,0.443
210000,0.052,0.515,0.433
210500,0.053,0.516,0.431
211000,0.054,0.554,0.392
211500,0.053,0.520,0.427
212000,0.055,0.554,0.391
212500,0.053,0.500,0.447
213000,0.058,0.494,0.448
213500,0.062,0.492,0.446
214000,0.053,0.523,0.424
214500,0.050,0.512,0.438
215000,0.063,0.493,0.444
215500,0.052,0.437,0.511
216000,0.070,0.454,0.476
216500,0.056,0.434,0.510
217000,0.056,0.393,0.551
217500,0.084,0.402,0.514
218000,0.077,0.344,0.579
218500,0.076,0.401,0.523
219000,0.067,0.402,0.531
219500,0.064,0.429,0.507
220000,0.064,0.412,0.524
220500,0.056,0.496,0.448
221000,0.055,0.459,0.486
221500,0.059,0.439,0.502
222000,0.060,0.407,0.533
222500,0.051,0.441,0.508
223000,0.054,0.526,0.420
223500,0.058,0.507,0.435
224000,0.054,0.527,0.419
224500,0.053,0.486,0.461
225000,0.050,0.520,0.430
225500,0.061,0.481,0.458
226000,0.078,0.434,0.488
226500,0.060,0.464,0.476
227000,0.054,0.496,0.450
227500,0.060,0.438,0.502
228000,0.070,0.404,0.526
228500,0.063,0.429,0.508
229000,0.061,0.509,0.430
229500,0.054,0.545,0.401
230000,0.051,0.531,0.418
230500,0.057,0.495,0.448
231000,0.057,0.525,0.418
231500,0.062,0.478,0.460
232000,0.067,0.476,0.457
232500,0.060,0.468,0.472
233000,0.067,0.421,0.512
233500,0.067,0.459,0.474
234000,0.062,0.481,0.457
234500,0.056,0.548,0.396
235000,0.050,0.534,0.416
235500,0.051,0.513,0.436
236000,0.050,0.486,0.464
236500,0.053,0.507,0.440
237000,0.051,0.523,0.426
237500,0.050,0.509,0.441
238000,0.067,0.485,0.448
238500,0.057,0.505,0.438
239000,0.054,0.464,0.482
239500,0.052,0.490,0.458
240000,0.057,0.516,0.427
240500,0.056,0.507,0.437
241000,0.065,0.461,0.474
241500,0.052,0.450,0.498
242000,0.056,0.457,0.487
242500,0.058,0.473,0.469
243000,0.064,0.437,0.499
243500,0.065,0.452,0.483
244000,0.061,0.441,0.498
244500,0.061,0.480,0.459
245000,0.058,0.430,0.512
245500,0.067,0.428,0.505
246000,0.060,0.437,0.503
246500,0.065,0.438,0.497
247000,0.055,0.476,0.469
247500,0.053,0.475,0.472
248000,0.059,0.514,0.427
248500,0.060,0.441,0.499
249000,0.054,0.519,0.427
249500,0.050,0.546,0.404
250000,0.052,0.503,0.445
250500,0.054,0.499,0.447
251000,0.060,0.522,0.418
251500,0.056,0.518,0.426
252000,0.055,0.534,0.411
252500,0.050,0.563,0.387
253000,0.056,0.568,0.376
253500,0.053,0.492,0.455
254000,0.061,0.451,0.488
254500,0.066,0.534,0.400
255000,0.066,0.486,0.448
255500,0.058,0.477,0.465
256000,0.061,0.416,0.523
256500,0.057,0.467,0.476
257000,0.059,0.484,0.457
257500,0.055,0.455,0.490
258000,0.075,0.439,0.486
258500,0.055,0.485,0.460
259000,0.050,0.530,0.420
259500,0.050,0.579,0.371
260000,0.050,0.549,0.401
260500,0.050,0.546,0.404
261000,0.056,0.510,0.434
261500,0.056,0.459,0.485
262000,0.054,0.575,0.371
262500,0.051,0.519,0.430
263000,0.052,0.527,0.421
263500,0.069,0.469,0.462
264000,0.056,0.495,0.449
264500,0.063,0.458,0.479
265000,0.058,0.470,0.472
265500,0.056,0.491,0.453
266000,0.051,0.484,0.465
266500,0.061,0.471,0.468
267000,0.074,0.442,0.484
267500,0.067,0.466,0.467
268000,0.057,0.478,0.465
268500,0.062,0.510,0.428
269000,0.070,0.498,0.432
269500,0.059,0.478,0.463
270000,0.071,0.487,0.442
270500,0.059,0.522,0.419
271000,0.055,0.488,0.457
271500,0.060,0.491,0.449
272000,0.055,0.547,0.398
272500,0.053,0.490,0.457
273000,0.058,0.532,0.410
273500,0.057,0.533,0.410
274000,0.055,0.493,0.452
274500,0.052,0.545,0.403
275000,0.055,0.542,0.403
275500,0.050,0.552,0.398
276000,0.056,0.497,0.447
276500,0.052,0.571,0.377
277000,0.054,0.560,0.386
277500,0.052,0.503,0.445
278000,0.051,0.500,0.449
278500,0.058,0.467,0.475
279000,0.055,0.446,0.499
279500,0.054,0.425,0.521
280000,0.069,0.475,0.456
280500,0.052,0.488,0.460
281000,0.067,0.434,0.499
281500,0.061,0.471,0.468
282000,0.053,0.480,0.467
282500,0.061,0.477,0.462
283000,0.063,0.424,0.513
283500,0.054,0.482,0.464
284000,0.054,0.535,0.411
284500,0.055,0.474,0.471
285000,0.068,0.439,0.493
285500,0.057,0.462,0.481
286000,0.066,0.432,0.502
286500,0.056,0.453,0.491
287000,0.058,0.456,0.486
287500,0.057,0.487,0.456
288000,0.055,0.434,0.511
288500,0.055,0.448,0.497
289000,0.057,0.415,0.528
289500,0.054,0.452,0.494
290000,0.057,0.571,0.372
290500,0.051,0.537,0.412
291000,0.051,0.475,0.474
291500,0.054,0.475,0.471
292000,0.053,0.446,0.501
292500,0.058,0.475,0.467
293000,0.064,0.478,0.458
293500,0.062,0.483,0.455
294000,0.052,0.464,0.484
294500,0.060,0.488,0.452
295000,0.058,0.420,0.522
295500,0.064,0.392,0.544
296000,0.070,0.427,0.503
296500,0.053,0.464,0.483
297000,0.053,0.479,0.468
297500,0.055,0.492,0.453
298000,0.058,0.508,0.434
298500,0.054,0.501,0.445
299000,0.051,0.483,0.466
299500,0.063,0.522,0.415
300000,0.069,0.429,0.502
300500,0.068,0.376,0.556
301000,0.060,0.400,0.540
301500,0.056,0.402,0.542
302000,0.065,0.452,0.483
302500,0.083,0.342,0.575
303000,0.083,0.352,0.565
303500,0.092,0.363,0.545
304000,0.088,0.330,0.582
304500,0.086,0.358,0.556
305000,0.066,0.469,0.465
305500,0.060,0.438,0.502
306000,0.075,0.504,0.421
306500,0.071,0.411,0.518
307000,0.059,0.402,0.539
307500,0.062,0.415,0.523
308000,0.060,0.416,0.524
308500,0.065,0.430,0.505
309000,0.058,0.503,0.439
309500,0.059,0.518,0.423
310000,0.058,0.489,0.453
310500,0.054,0.504,0.442
311000,0.053,0.483,0.464
311500,0.058,0.445,0.497
312000,0.057,0.439,0.504
312500,0.069,0.411,0.520
313000,0.056,0.465,0.479
313500,0.061,0.428,0.511
314000,0.055,0.469,0.476
314500,0.051,0.526,0.423
315000,0.051,0.531,0.418
315500,0.062,0.481,0.457
316000,0.053,0.451,0.496
316500,0.065,0.429,0.506
317000,0.065,0.402,0.533
317500,0.064,0.451,0.485
318000,0.064,0.378,0.558
318500,0.078,0.371,0.551
319000,0.075,0.363,0.562
319500,0.073,0.379,0.548
320000,0.060,0.436,0.504
320500,0.057,0.435,0.508
321000,0.073,0.384,0.543
321500,0.060,0.451,0.489
322000,0.067,0.459,0.474
322500,0.061,0.423,0.516
323000,0.059,0.400,0.541
323500,0.076,0.409,0.515
324000,0.094,0.347,0.559
324500,0.070,0.352,0.578
325000,0.073,0.342,0.585
325500,0.076,0.373,0.551
326000,0.062,0.388,0.550
326500,0.066,0.430,0.504
327000,0.054,0.481,0.465
327500,0.062,0.405,0.533
328000,0.061,0.401,0.538
328500,0.060,0.442,0.498
329000,0.053,0.499,0.448
329500,0.053,0.538,0.409
330000,0.055,0.498,0.447
330500,0.060,0.445,0.495
331000,0.067,0.484,0.449
331500,0.064,0.504,0.432
332000,0.061,0.445,0.494
332500,0.054,0.500,0.446
333000,0.050,0.566,0.384
333500,0.056,0.530,0.414
334000,0.055,0.566,0.379
334500,0.058,0.530,0.412
335000,0.055,0.530,0.415
335500,0.052,0.485,0.463
336000,0.061,0.503,0.436
336500,0.055,0.498,0.447
337000,0.059,0.500,0.441
337500,0.060,0.454,0.486
338000,0.061,0.463,0.476
338500,0.054,0.426,0.520
339000,0.063,0.443,0.494
339500,0.060,0.449,0.491
340000,0.065,0.453,0.482
340500,0.067,0.407,0.526
341000,0.071,0.446,0.483
341500,0.054,0.511,0.435
342000,0.052,0.530,0.418
342500,0.058,0.519,0.423
343000,0.058,0.472,0.470
343500,0.054,0.517,0.429
344000,0.059,0.484,0.457
344500,0.059,0.505,0.436
345000,0.057,0.447,0.496
345500,0.075,0.387,0.538
346000,0.065,0.438,0.497
346500,0.062,0.428,0.510
347000,0.055,0.524,0.421
347500,0.050,0.519,0.431
348000,0.055,0.505,0.440
348500,0.052,0.567,0.381
349000,0.053,0.571,0.376
349500,0.051,0.536,0.413
350000,0.052,0.517,0.431
350500,0.057,0.502,0.441
351000,0.060,0.440,0.500
351500,0.053,0.507,0.440
352000,0.060,0.494,0.446
352500,0.059,0.573,0.368
353000,0.051,0.559,0.390
353500,0.051,0.464,0.485
354000,0.054,0.506,0.440
354500,0.063,0.461,0.476
355000,0.051,0.532,0.417
355500,0.050,0.523,0.427
356000,0.057,0.490,0.453
356500,0.056,0.486,0.458
357000,0.052,0.507,0.441
357500,0.051,0.512,0.437
358000,0.053,0.486,0.461
358500,0.063,0.527,0.410
359000,0.059,0.477,0.464
359500,0.062,0.420,0.518
360000,0.056,0.475,0.469
360500,0.057,0.499,0.444
361000,0.059,0.453,0.488
361500,0.065,0.482,0.453
362000,0.064,0.473,0.463
362500,0.074,0.390,0.536
363000,0.069,0.456,0.475
363500,0.070,0.420,0.510
364000,0.070,0.347,0.583
364500,0.105,0.323,0.572
365000,0.101,0.293,0.606
365500,0.113,0.270,0.617
366000,0.111,0.284,0.605
366500,0.124,0.284,0.592
367000,0.133,0.254,0.613
367500,0.153,0.202,0.645
368000,0.143,0.191,0.666
368500,0.150,0.204,0.646
369000,0.199,0.158,0.643
369500,0.235,0.162,0.603
370000,0.263,0.135,0.602
370500,0.321,0.068,0.611
371000,0.504,0.022,0.474
371500,0.638,0.002,0.360
372000,0.718,0.000,0.282
372500,0.761,0.000,0.239
373000,0.834,0.000,0.166
373500,0.864,0.000,0.136
374000,0.830,0.000,0.170
374500,0.854,0.000,0.146
375000,0.864,0.000,0.136
375500,0.895,0.000,0.105
376000,0.924,0.000,0.076
376500,0.936,0.000,0.064
377000,0.915,0.000,0.085
377500,0.954,0.000,0.046
378000,0.924,0.000,0.076
378500,0.931,0.000,0.069
379000,0.962,0.000,0.038
379500,0.961,0.000,0.039
380000,0.949,0.000,0.051
380500,0.934,0.000,0.066
381000,0.959,0.000,0.041
381500,0.956,0.000,0.044
382000,0.958,0.000,0.042
382500,0.972,0.000,0.028
383000,0.981,0.000,0.019
383500,0.991,0.000,0.009
384000,0.995,0.000,0.005
384500,1.000,0.000,0.000
