time,n_A+p,n_B,n_AB
500,0.080,0.663,0.257
1000,0.085,0.440,0.475
1500,0.086,0.382,0.532
2000,0.091,0.411,0.498
2500,0.096,0.290,0.614
3000,0.113,0.239,0.648
3500,0.169,0.148,0.683
4000,0.262,0.076,0.662
4500,0.526,0.018,0.456
5000,0.690,0.000,0.310
5500,0.864,0.000,0.136
6000,0.930,0.000,0.070
6500,0.944,0.000,0.056
7000,0.981,0.000,0.019
7500,0.996,0.000,0.004
8000,0.989,0.000,0.011
8500,0.996,0.000,0.004
9000,1.000,0.000,0.000
