time,n_A+p,n_B,n_AB
100,0.207,0.478,0.315
200,0.239,0.413,0.348
300,0.098,0.359,0.543
400,0.130,0.380,0.489
500,0.130,0.380,0.489
600,0.130,0.348,0.522
700,0.087,0.391,0.522
800,0.120,0.424,0.457
900,0.076,0.457,0.467
1000,0.109,0.446,0.446
1100,0.087,0.467,0.446
1200,0.065,0.533,0.402
1300,0.043,0.522,0.435
1400,0.011,0.543,0.446
1500,0.033,0.522,0.446
1600,0.076,0.424,0.500
1700,0.120,0.380,0.500
1800,0.141,0.391,0.467
1900,0.098,0.380,0.522
2000,0.120,0.370,0.511
2100,0.065,0.391,0.543
2200,0.130,0.250,0.620
2300,0.065,0.391,0.543
2400,0.109,0.413,0.478
2500,0.043,0.424,0.533
2600,0.065,0.337,0.598
2700,0.087,0.293,0.620
2800,0.109,0.217,0.674
2900,0.217,0.239,0.543
3000,0.228,0.293,0.478
3100,0.337,0.217,0.446
3200,0.293,0.196,0.511
3300,0.261,0.228,0.511
3400,0.261,0.196,0.543
3500,0.326,0.174,0.500
3600,0.315,0.130,0.554
3700,0.359,0.054,0.587
3800,0.478,0.043,0.478
3900,0.424,0.087,0.489
4000,0.446,0.098,0.457
4100,0.348,0.109,0.543
4200,0.413,0.152,0.435
4300,0.391,0.120,0.489
4400,0.293,0.120,0.587
4500,0.250,0.185,0.565
4600,0.185,0.283,0.533
4700,0.185,0.272,0.543
4800,0.141,0.402,0.457
4900,0.120,0.348,0.533
5000,0.120,0.337,0.543
5100,0.141,0.370,0.489
5200,0.065,0.326,0.609
5300,0.152,0.304,0.543
5400,0.185,0.250,0.565
5500,0.152,0.228,0.620
5600,0.196,0.207,0.598
5700,0.359,0.207,0.435
5800,0.359,0.207,0.435
5900,0.348,0.185,0.467
6000,0.185,0.163,0.652
6100,0.239,0.207,0.554
6200,0.196,0.207,0.598
6300,0.272,0.228,0.500
6400,0.283,0.239,0.478
6500,0.315,0.196,0.489
6600,0.304,0.087,0.609
6700,0.304,0.076,0.620
6800,0.402,0.043,0.554
6900,0.304,0.109,0.587
7000,0.217,0.250,0.533
7100,0.174,0.239,0.587
7200,0.207,0.228,0.565
7300,0.152,0.228,0.620
7400,0.304,0.174,0.522
7500,0.337,0.163,0.500
7600,0.391,0.109,0.500
7700,0.315,0.152,0.533
7800,0.196,0.141,0.663
7900,0.152,0.217,0.630
8000,0.196,0.239,0.565
8100,0.174,0.228,0.598
8200,0.130,0.217,0.652
8300,0.163,0.283,0.554
8400,0.152,0.272,0.576
8500,0.217,0.250,0.533
8600,0.196,0.228,0.576
8700,0.217,0.304,0.478
8800,0.228,0.217,0.554
8900,0.196,0.272,0.533
9000,0.228,0.250,0.522
9100,0.337,0.207,0.457
9200,0.174,0.228,0.598
9300,0.130,0.207,0.663
9400,0.196,0.250,0.554
9500,0.304,0.130,0.565
9600,0.293,0.120,0.587
9700,0.272,0.141,0.587
9800,0.293,0.174,0.533
9900,0.348,0.174,0.478
10000,0.261,0.217,0.522
10100,0.250,0.228,0.522
10200,0.293,0.261,0.446
10300,0.272,0.239,0.489
10400,0.272,0.217,0.511
10500,0.239,0.217,0.543
10600,0.283,0.120,0.598
10700,0.261,0.217,0.522
10800,0.283,0.217,0.500
10900,0.239,0.239,0.522
11000,0.283,0.120,0.598
11100,0.239,0.130,0.630
11200,0.196,0.185,0.620
11300,0.272,0.293,0.435
11400,0.196,0.315,0.489
11500,0.207,0.293,0.500
11600,0.174,0.261,0.565
11700,0.185,0.348,0.467
11800,0.196,0.272,0.533
11900,0.217,0.261,0.522
12000,0.315,0.207,0.478
12100,0.293,0.207,0.500
12200,0.348,0.207,0.446
12300,0.326,0.217,0.457
12400,0.283,0.272,0.446
12500,0.315,0.217,0.467
12600,0.272,0.196,0.533
12700,0.283,0.217,0.500
12800,0.185,0.283,0.533
12900,0.120,0.293,0.587
13000,0.228,0.272,0.500
13100,0.250,0.293,0.457
13200,0.228,0.272,0.500
13300,0.196,0.293,0.511
13400,0.207,0.261,0.533
13500,0.228,0.239,0.533
13600,0.228,0.185,0.587
13700,0.207,0.196,0.598
13800,0.141,0.304,0.554
13900,0.196,0.261,0.543
14000,0.174,0.163,0.663
14100,0.185,0.163,0.652
14200,0.185,0.130,0.685
14300,0.217,0.207,0.576
14400,0.250,0.185,0.565
14500,0.261,0.228,0.511
14600,0.261,0.261,0.478
14700,0.250,0.250,0.500
14800,0.261,0.293,0.446
14900,0.228,0.217,0.554
15000,0.348,0.152,0.500
15100,0.304,0.120,0.576
15200,0.293,0.152,0.554
15300,0.261,0.207,0.533
15400,0.239,0.250,0.511
15500,0.261,0.228,0.511
15600,0.261,0.207,0.533
15700,0.250,0.130,0.620
15800,0.261,0.120,0.620
15900,0.413,0.065,0.522
16000,0.261,0.098,0.641
16100,0.185,0.120,0.696
16200,0.185,0.120,0.696
16300,0.163,0.207,0.630
16400,0.130,0.293,0.576
16500,0.163,0.272,0.565
16600,0.174,0.293,0.533
16700,0.130,0.326,0.543
16800,0.174,0.315,0.511
16900,0.196,0.239,0.565
17000,0.152,0.402,0.446
17100,0.152,0.370,0.478
17200,0.141,0.348,0.511
17300,0.120,0.348,0.533
17400,0.141,0.304,0.554
17500,0.174,0.326,0.500
17600,0.174,0.272,0.554
17700,0.141,0.326,0.533
17800,0.239,0.250,0.511
17900,0.283,0.228,0.489
18000,0.174,0.239,0.587
18100,0.239,0.250,0.511
18200,0.174,0.207,0.620
18300,0.228,0.196,0.576
18400,0.217,0.217,0.565
18500,0.185,0.228,0.587
18600,0.163,0.228,0.609
18700,0.141,0.283,0.576
18800,0.185,0.283,0.533
18900,0.196,0.293,0.511
19000,0.185,0.293,0.522
19100,0.250,0.152,0.598
19200,0.174,0.163,0.663
19300,0.207,0.185,0.609
19400,0.272,0.185,0.543
19500,0.348,0.152,0.500
19600,0.315,0.207,0.478
19700,0.446,0.120,0.435
19800,0.402,0.109,0.489
19900,0.424,0.196,0.380
20000,0.424,0.217,0.359
20100,0.380,0.141,0.478
20200,0.370,0.109,0.522
20300,0.370,0.109,0.522
20400,0.315,0.120,0.565
20500,0.348,0.076,0.576
20600,0.402,0.054,0.543
20700,0.380,0.076,0.543
20800,0.391,0.130,0.478
20900,0.391,0.065,0.543
21000,0.326,0.109,0.565
21100,0.283,0.109,0.609
21200,0.250,0.152,0.598
21300,0.239,0.130,0.630
21400,0.239,0.152,0.609
21500,0.185,0.207,0.609
21600,0.130,0.380,0.489
21700,0.120,0.293,0.587
21800,0.098,0.304,0.598
21900,0.120,0.272,0.609
22000,0.163,0.304,0.533
22100,0.174,0.304,0.522
22200,0.163,0.337,0.500
22300,0.185,0.359,0.457
22400,0.163,0.391,0.446
22500,0.174,0.283,0.543
22600,0.217,0.315,0.467
22700,0.163,0.348,0.489
22800,0.098,0.359,0.543
22900,0.174,0.402,0.424
23000,0.163,0.315,0.522
23100,0.174,0.283,0.543
23200,0.141,0.337,0.522
23300,0.087,0.348,0.565
23400,0.174,0.250,0.576
23500,0.163,0.228,0.609
23600,0.163,0.239,0.598
23700,0.185,0.239,0.576
23800,0.141,0.239,0.620
23900,0.228,0.272,0.500
24000,0.217,0.196,0.587
24100,0.174,0.283,0.543
24200,0.217,0.261,0.522
24300,0.228,0.261,0.511
24400,0.207,0.228,0.565
24500,0.196,0.239,0.565
24600,0.185,0.185,0.630
24700,0.174,0.196,0.630
24800,0.163,0.141,0.696
24900,0.250,0.120,0.630
25000,0.283,0.130,0.587
25100,0.228,0.174,0.598
25200,0.272,0.207,0.522
25300,0.228,0.304,0.467
25400,0.185,0.337,0.478
25500,0.076,0.380,0.543
25600,0.130,0.326,0.543
25700,0.152,0.326,0.522
25800,0.207,0.261,0.533
25900,0.207,0.326,0.467
26000,0.163,0.250,0.587
26100,0.163,0.283,0.554
26200,0.141,0.239,0.620
26300,0.250,0.228,0.522
26400,0.261,0.359,0.380
26500,0.174,0.304,0.522
26600,0.163,0.380,0.457
26700,0.120,0.348,0.533
26800,0.130,0.250,0.620
26900,0.217,0.174,0.609
27000,0.163,0.207,0.630
27100,0.141,0.250,0.609
27200,0.098,0.293,0.609
27300,0.109,0.337,0.554
27400,0.120,0.283,0.598
27500,0.163,0.304,0.533
27600,0.174,0.283,0.543
27700,0.141,0.370,0.489
27800,0.087,0.413,0.500
27900,0.130,0.424,0.446
28000,0.163,0.337,0.500
28100,0.174,0.272,0.554
28200,0.239,0.228,0.533
28300,0.261,0.217,0.522
28400,0.293,0.207,0.500
28500,0.228,0.141,0.630
28600,0.163,0.141,0.696
28700,0.152,0.239,0.609
28800,0.185,0.163,0.652
28900,0.174,0.250,0.576
29000,0.185,0.163,0.652
29100,0.217,0.207,0.576
29200,0.272,0.174,0.554
29300,0.283,0.174,0.543
29400,0.239,0.272,0.489
29500,0.228,0.228,0.543
29600,0.304,0.163,0.533
29700,0.337,0.174,0.489
29800,0.380,0.087,0.533
29900,0.380,0.087,0.533
30000,0.293,0.087,0.620
30100,0.293,0.163,0.543
30200,0.283,0.174,0.543
30300,0.402,0.109,0.489
30400,0.370,0.120,0.511
30500,0.380,0.098,0.522
30600,0.370,0.130,0.500
30700,0.337,0.120,0.543
30800,0.402,0.109,0.489
30900,0.391,0.109,0.500
31000,0.413,0.076,0.511
31100,0.467,0.033,0.500
31200,0.500,0.054,0.446
31300,0.326,0.054,0.620
31400,0.391,0.087,0.522
31500,0.293,0.120,0.587
31600,0.250,0.239,0.511
31700,0.196,0.207,0.598
31800,0.152,0.207,0.641
31900,0.228,0.304,0.467
32000,0.152,0.250,0.598
32100,0.141,0.380,0.478
32200,0.174,0.402,0.424
32300,0.120,0.315,0.565
32400,0.120,0.283,0.598
32500,0.152,0.304,0.543
32600,0.087,0.283,0.630
32700,0.076,0.337,0.587
32800,0.130,0.359,0.511
32900,0.130,0.261,0.609
33000,0.228,0.207,0.565
33100,0.217,0.250,0.533
33200,0.185,0.239,0.576
33300,0.228,0.174,0.598
33400,0.239,0.196,0.565
33500,0.152,0.272,0.576
33600,0.185,0.217,0.598
33700,0.239,0.217,0.543
33800,0.283,0.272,0.446
33900,0.228,0.196,0.576
34000,0.152,0.283,0.565
34100,0.141,0.250,0.609
34200,0.141,0.185,0.674
34300,0.315,0.163,0.522
34400,0.413,0.109,0.478
34500,0.380,0.141,0.478
34600,0.337,0.130,0.533
34700,0.293,0.109,0.598
34800,0.293,0.185,0.522
34900,0.272,0.152,0.576
35000,0.272,0.217,0.511
35100,0.261,0.185,0.554
35200,0.359,0.120,0.522
35300,0.315,0.098,0.587
35400,0.315,0.141,0.543
35500,0.217,0.239,0.543
35600,0.250,0.228,0.522
35700,0.174,0.272,0.554
35800,0.185,0.293,0.522
35900,0.141,0.402,0.457
36000,0.087,0.413,0.500
36100,0.087,0.337,0.576
36200,0.043,0.348,0.609
36300,0.033,0.424,0.543
36400,0.033,0.391,0.576
36500,0.043,0.337,0.620
36600,0.076,0.337,0.587
36700,0.098,0.457,0.446
36800,0.141,0.424,0.435
36900,0.120,0.391,0.489
37000,0.109,0.348,0.543
37100,0.196,0.250,0.554
37200,0.152,0.239,0.609
37300,0.185,0.315,0.500
37400,0.120,0.359,0.522
37500,0.152,0.446,0.402
37600,0.163,0.424,0.413
37700,0.228,0.380,0.391
37800,0.130,0.348,0.522
37900,0.120,0.424,0.457
38000,0.076,0.500,0.424
38100,0.087,0.489,0.424
38200,0.033,0.457,0.511
38300,0.054,0.413,0.533
38400,0.011,0.402,0.587
38500,0.087,0.413,0.500
38600,0.141,0.370,0.489
38700,0.163,0.261,0.576
38800,0.304,0.174,0.522
38900,0.304,0.152,0.543
39000,0.359,0.152,0.489
39100,0.337,0.163,0.500
39200,0.326,0.185,0.489
39300,0.413,0.109,0.478
39400,0.413,0.152,0.435
39500,0.283,0.152,0.565
39600,0.315,0.141,0.543
39700,0.250,0.304,0.446
39800,0.196,0.272,0.533
39900,0.315,0.261,0.424
40000,0.359,0.163,0.478
40100,0.272,0.141,0.587
40200,0.250,0.163,0.587
40300,0.304,0.152,0.543
40400,0.370,0.152,0.478
40500,0.380,0.141,0.478
40600,0.370,0.174,0.457
40700,0.370,0.141,0.489
40800,0.402,0.087,0.511
40900,0.467,0.065,0.467
41000,0.478,0.054,0.467
41100,0.489,0.054,0.457
41200,0.457,0.098,0.446
41300,0.435,0.065,0.500
41400,0.500,0.065,0.435
41500,0.467,0.043,0.489
41600,0.500,0.065,0.435
41700,0.489,0.065,0.446
41800,0.554,0.054,0.391
41900,0.424,0.065,0.511
42000,0.500,0.098,0.402
42100,0.457,0.098,0.446
42200,0.522,0.087,0.391
42300,0.467,0.120,0.413
42400,0.533,0.054,0.413
42500,0.554,0.054,0.391
42600,0.511,0.043,0.446
42700,0.511,0.098,0.391
42800,0.435,0.152,0.413
42900,0.413,0.152,0.435
43000,0.380,0.109,0.511
43100,0.380,0.120,0.500
43200,0.359,0.098,0.543
43300,0.348,0.033,0.620
43400,0.304,0.152,0.543
43500,0.293,0.141,0.565
43600,0.424,0.141,0.435
43700,0.435,0.098,0.467
43800,0.402,0.109,0.489
43900,0.402,0.130,0.467
44000,0.337,0.174,0.489
44100,0.250,0.250,0.500
44200,0.250,0.185,0.565
44300,0.250,0.196,0.554
44400,0.228,0.250,0.522
44500,0.163,0.304,0.533
44600,0.130,0.250,0.620
44700,0.120,0.293,0.587
44800,0.174,0.315,0.511
44900,0.185,0.359,0.457
45000,0.207,0.196,0.598
45100,0.196,0.217,0.587
45200,0.250,0.228,0.522
45300,0.250,0.196,0.554
45400,0.217,0.239,0.543
45500,0.174,0.228,0.598
45600,0.304,0.174,0.522
45700,0.272,0.076,0.652
45800,0.337,0.130,0.533
45900,0.446,0.065,0.489
46000,0.467,0.054,0.478
46100,0.478,0.098,0.424
46200,0.402,0.087,0.511
46300,0.424,0.054,0.522
46400,0.500,0.054,0.446
46500,0.380,0.109,0.511
46600,0.402,0.174,0.424
46700,0.370,0.076,0.554
46800,0.402,0.130,0.467
46900,0.413,0.141,0.446
47000,0.424,0.152,0.424
47100,0.380,0.141,0.478
47200,0.293,0.207,0.500
47300,0.293,0.196,0.511
47400,0.283,0.196,0.522
47500,0.261,0.228,0.511
47600,0.239,0.217,0.543
47700,0.272,0.293,0.435
47800,0.272,0.293,0.435
47900,0.326,0.185,0.489
48000,0.261,0.207,0.533
48100,0.217,0.196,0.587
48200,0.185,0.196,0.620
48300,0.228,0.315,0.457
48400,0.185,0.217,0.598
48500,0.141,0.250,0.609
48600,0.130,0.304,0.565
48700,0.196,0.326,0.478
48800,0.185,0.293,0.522
48900,0.185,0.293,0.522
49000,0.163,0.402,0.435
49100,0.098,0.380,0.522
49200,0.109,0.359,0.533
49300,0.152,0.250,0.598
49400,0.228,0.196,0.576
49500,0.217,0.228,0.554
49600,0.163,0.261,0.576
49700,0.120,0.370,0.511
49800,0.098,0.337,0.565
49900,0.098,0.326,0.576
50000,0.120,0.359,0.522
50100,0.109,0.348,0.543
50200,0.141,0.315,0.543
50300,0.130,0.315,0.554
50400,0.185,0.239,0.576
50500,0.228,0.272,0.500
50600,0.174,0.283,0.543
50700,0.130,0.283,0.587
50800,0.141,0.370,0.489
50900,0.130,0.283,0.587
51000,0.163,0.207,0.630
51100,0.272,0.174,0.554
51200,0.272,0.163,0.565
51300,0.185,0.185,0.630
51400,0.207,0.207,0.587
51500,0.228,0.261,0.511
51600,0.130,0.348,0.522
51700,0.109,0.293,0.598
51800,0.087,0.424,0.489
51900,0.109,0.457,0.435
52000,0.065,0.457,0.478
52100,0.087,0.489,0.424
52200,0.120,0.522,0.359
52300,0.120,0.533,0.348
52400,0.098,0.587,0.315
52500,0.076,0.543,0.380
52600,0.043,0.554,0.402
52700,0.043,0.576,0.380
52800,0.076,0.707,0.217
52900,0.065,0.652,0.283
53000,0.087,0.565,0.348
53100,0.120,0.511,0.370
53200,0.098,0.424,0.478
53300,0.076,0.457,0.467
53400,0.098,0.467,0.435
53500,0.098,0.457,0.446
53600,0.109,0.511,0.380
53700,0.087,0.467,0.446
53800,0.033,0.500,0.467
53900,0.109,0.435,0.457
54000,0.152,0.272,0.576
54100,0.217,0.283,0.500
54200,0.196,0.293,0.511
54300,0.130,0.239,0.630
54400,0.141,0.228,0.630
54500,0.152,0.163,0.685
54600,0.120,0.239,0.641
54700,0.120,0.207,0.674
54800,0.217,0.261,0.522
54900,0.207,0.272,0.522
55000,0.250,0.152,0.598
55100,0.315,0.141,0.543
55200,0.272,0.228,0.500
55300,0.185,0.228,0.587
55400,0.185,0.239,0.576
55500,0.207,0.283,0.511
55600,0.207,0.250,0.543
55700,0.185,0.293,0.522
55800,0.152,0.304,0.543
55900,0.196,0.315,0.489
56000,0.141,0.391,0.467
56100,0.109,0.370,0.522
56200,0.076,0.359,0.565
56300,0.033,0.337,0.630
56400,0.185,0.261,0.554
56500,0.207,0.304,0.489
56600,0.174,0.272,0.554
56700,0.163,0.272,0.565
56800,0.163,0.272,0.565
56900,0.141,0.304,0.554
57000,0.130,0.250,0.620
57100,0.120,0.250,0.630
57200,0.207,0.250,0.543
57300,0.217,0.261,0.522
57400,0.152,0.348,0.500
57500,0.152,0.315,0.533
57600,0.109,0.250,0.641
57700,0.174,0.337,0.489
57800,0.174,0.326,0.500
57900,0.098,0.348,0.554
58000,0.217,0.348,0.435
58100,0.163,0.304,0.533
58200,0.185,0.304,0.511
58300,0.185,0.272,0.543
58400,0.130,0.261,0.609
58500,0.141,0.304,0.554
58600,0.174,0.293,0.533
58700,0.185,0.261,0.554
58800,0.174,0.337,0.489
58900,0.130,0.348,0.522
59000,0.076,0.283,0.641
59100,0.152,0.348,0.500
59200,0.120,0.359,0.522
59300,0.152,0.326,0.522
59400,0.152,0.261,0.587
59500,0.174,0.228,0.598
59600,0.152,0.250,0.598
59700,0.250,0.207,0.543
59800,0.185,0.239,0.576
59900,0.185,0.315,0.500
60000,0.152,0.326,0.522
60100,0.152,0.304,0.543
60200,0.185,0.261,0.554
60300,0.250,0.207,0.543
60400,0.217,0.272,0.511
60500,0.207,0.185,0.609
60600,0.239,0.196,0.565
60700,0.196,0.207,0.598
60800,0.239,0.228,0.533
60900,0.228,0.283,0.489
61000,0.250,0.283,0.467
61100,0.207,0.272,0.522
61200,0.130,0.370,0.500
61300,0.087,0.337,0.576
61400,0.087,0.326,0.587
61500,0.043,0.359,0.598
61600,0.163,0.315,0.522
61700,0.250,0.228,0.522
61800,0.315,0.130,0.554
61900,0.337,0.185,0.478
62000,0.250,0.250,0.500
62100,0.272,0.250,0.478
62200,0.217,0.283,0.500
62300,0.196,0.283,0.522
62400,0.141,0.337,0.522
62500,0.141,0.315,0.543
62600,0.141,0.337,0.522
62700,0.185,0.402,0.413
62800,0.141,0.348,0.511
62900,0.141,0.380,0.478
63000,0.109,0.326,0.565
63100,0.163,0.315,0.522
63200,0.152,0.283,0.565
63300,0.207,0.228,0.565
63400,0.283,0.250,0.467
63500,0.272,0.207,0.522
63600,0.293,0.207,0.500
63700,0.293,0.163,0.543
63800,0.315,0.207,0.478
63900,0.457,0.141,0.402
64000,0.337,0.152,0.511
64100,0.196,0.174,0.630
64200,0.239,0.217,0.543
64300,0.304,0.163,0.533
64400,0.304,0.152,0.543
64500,0.326,0.228,0.446
64600,0.272,0.076,0.652
64700,0.217,0.152,0.630
64800,0.293,0.109,0.598
64900,0.304,0.120,0.576
65000,0.304,0.098,0.598
65100,0.283,0.163,0.554
65200,0.315,0.152,0.533
65300,0.228,0.152,0.620
65400,0.250,0.152,0.598
65500,0.228,0.207,0.565
65600,0.315,0.141,0.543
65700,0.304,0.130,0.565
65800,0.228,0.098,0.674
65900,0.272,0.196,0.533
66000,0.239,0.207,0.554
66100,0.261,0.141,0.598
66200,0.228,0.109,0.663
66300,0.174,0.152,0.674
66400,0.196,0.207,0.598
66500,0.326,0.174,0.500
66600,0.217,0.174,0.609
66700,0.250,0.196,0.554
66800,0.250,0.207,0.543
66900,0.250,0.272,0.478
67000,0.217,0.261,0.522
67100,0.272,0.239,0.489
67200,0.304,0.196,0.500
67300,0.272,0.152,0.576
67400,0.239,0.120,0.641
67500,0.283,0.152,0.565
67600,0.272,0.217,0.511
67700,0.228,0.217,0.554
67800,0.130,0.239,0.630
67900,0.152,0.326,0.522
68000,0.163,0.326,0.511
68100,0.185,0.293,0.522
68200,0.152,0.239,0.609
68300,0.163,0.228,0.609
68400,0.163,0.348,0.489
68500,0.174,0.272,0.554
68600,0.185,0.261,0.554
68700,0.152,0.163,0.685
68800,0.185,0.283,0.533
68900,0.141,0.272,0.587
69000,0.141,0.250,0.609
69100,0.098,0.239,0.663
69200,0.152,0.304,0.543
69300,0.130,0.391,0.478
69400,0.076,0.402,0.522
69500,0.076,0.370,0.554
69600,0.098,0.337,0.565
69700,0.174,0.380,0.446
69800,0.163,0.359,0.478
69900,0.141,0.315,0.543
70000,0.174,0.315,0.511
70100,0.207,0.239,0.554
70200,0.207,0.196,0.598
70300,0.207,0.207,0.587
70400,0.261,0.196,0.543
70500,0.359,0.207,0.435
70600,0.326,0.196,0.478
70700,0.359,0.196,0.446
70800,0.348,0.228,0.424
70900,0.196,0.250,0.554
71000,0.239,0.152,0.609
71100,0.261,0.185,0.554
71200,0.283,0.217,0.500
71300,0.185,0.228,0.587
71400,0.207,0.185,0.609
71500,0.293,0.228,0.478
71600,0.250,0.261,0.489
71700,0.239,0.217,0.543
71800,0.207,0.239,0.554
71900,0.272,0.196,0.533
72000,0.337,0.130,0.533
72100,0.402,0.130,0.467
72200,0.413,0.109,0.478
72300,0.457,0.076,0.467
72400,0.359,0.120,0.522
72500,0.348,0.087,0.565
72600,0.293,0.087,0.620
72700,0.250,0.120,0.630
72800,0.283,0.120,0.598
72900,0.380,0.109,0.511
73000,0.326,0.109,0.565
73100,0.304,0.098,0.598
73200,0.359,0.076,0.565
73300,0.272,0.261,0.467
73400,0.261,0.228,0.511
73500,0.228,0.272,0.500
73600,0.185,0.359,0.457
73700,0.174,0.293,0.533
73800,0.185,0.304,0.511
73900,0.239,0.261,0.500
74000,0.152,0.380,0.467
74100,0.130,0.348,0.522
74200,0.163,0.293,0.543
74300,0.174,0.293,0.533
74400,0.163,0.250,0.587
74500,0.141,0.272,0.587
74600,0.185,0.304,0.511
74700,0.130,0.304,0.565
74800,0.130,0.326,0.543
74900,0.130,0.413,0.457
75000,0.033,0.457,0.511
75100,0.033,0.467,0.500
75200,0.087,0.435,0.478
75300,0.065,0.457,0.478
75400,0.109,0.467,0.424
75500,0.087,0.413,0.500
75600,0.098,0.337,0.565
75700,0.098,0.348,0.554
75800,0.098,0.370,0.533
75900,0.076,0.348,0.576
76000,0.076,0.337,0.587
76100,0.076,0.370,0.554
76200,0.109,0.283,0.609
76300,0.120,0.283,0.598
76400,0.109,0.326,0.565
76500,0.174,0.293,0.533
76600,0.120,0.272,0.609
76700,0.152,0.272,0.576
76800,0.130,0.239,0.630
76900,0.098,0.283,0.620
77000,0.152,0.261,0.587
77100,0.120,0.293,0.587
77200,0.098,0.283,0.620
77300,0.152,0.250,0.598
77400,0.174,0.207,0.620
77500,0.272,0.141,0.587
77600,0.283,0.174,0.543
77700,0.239,0.217,0.543
77800,0.174,0.283,0.543
77900,0.120,0.283,0.598
78000,0.109,0.293,0.598
78100,0.163,0.250,0.587
78200,0.217,0.228,0.554
78300,0.196,0.228,0.576
78400,0.141,0.283,0.576
78500,0.174,0.337,0.489
78600,0.239,0.163,0.598
78700,0.228,0.207,0.565
78800,0.152,0.283,0.565
78900,0.141,0.239,0.620
79000,0.163,0.217,0.620
79100,0.120,0.337,0.543
79200,0.185,0.326,0.489
79300,0.087,0.315,0.598
79400,0.109,0.326,0.565
79500,0.120,0.391,0.489
79600,0.120,0.337,0.543
79700,0.207,0.250,0.543
79800,0.239,0.250,0.511
79900,0.228,0.185,0.587
80000,0.239,0.174,0.587
80100,0.228,0.228,0.543
80200,0.174,0.293,0.533
80300,0.109,0.304,0.587
80400,0.152,0.272,0.576
80500,0.207,0.228,0.565
80600,0.272,0.185,0.543
80700,0.348,0.196,0.457
80800,0.304,0.163,0.533
80900,0.337,0.207,0.457
81000,0.326,0.174,0.500
81100,0.250,0.185,0.565
81200,0.304,0.098,0.598
81300,0.304,0.109,0.587
81400,0.304,0.120,0.576
81500,0.304,0.163,0.533
81600,0.337,0.163,0.500
81700,0.326,0.196,0.478
81800,0.293,0.141,0.565
81900,0.359,0.185,0.457
82000,0.293,0.185,0.522
82100,0.348,0.163,0.489
82200,0.348,0.163,0.489
82300,0.337,0.098,0.565
82400,0.250,0.196,0.554
82500,0.348,0.196,0.457
82600,0.359,0.109,0.533
82700,0.304,0.152,0.543
82800,0.304,0.196,0.500
82900,0.370,0.174,0.457
83000,0.370,0.174,0.457
83100,0.359,0.163,0.478
83200,0.304,0.174,0.522
83300,0.326,0.120,0.554
83400,0.293,0.109,0.598
83500,0.315,0.207,0.478
83600,0.283,0.120,0.598
83700,0.370,0.120,0.511
83800,0.272,0.163,0.565
83900,0.272,0.174,0.554
84000,0.196,0.196,0.609
84100,0.261,0.217,0.522
84200,0.217,0.283,0.500
84300,0.228,0.250,0.522
84400,0.152,0.337,0.511
84500,0.130,0.315,0.554
84600,0.130,0.293,0.576
84700,0.196,0.261,0.543
84800,0.185,0.250,0.565
84900,0.228,0.239,0.533
85000,0.283,0.293,0.424
85100,0.217,0.239,0.543
85200,0.239,0.152,0.609
85300,0.391,0.098,0.511
85400,0.283,0.152,0.565
85500,0.283,0.228,0.489
85600,0.293,0.239,0.467
85700,0.283,0.141,0.576
85800,0.304,0.098,0.598
85900,0.272,0.196,0.533
86000,0.250,0.163,0.587
86100,0.326,0.120,0.554
86200,0.272,0.163,0.565
86300,0.337,0.130,0.533
86400,0.293,0.152,0.554
86500,0.370,0.109,0.522
86600,0.391,0.087,0.522
86700,0.348,0.141,0.511
86800,0.380,0.196,0.424
86900,0.283,0.163,0.554
87000,0.272,0.185,0.543
87100,0.250,0.163,0.587
87200,0.380,0.130,0.489
87300,0.370,0.076,0.554
87400,0.402,0.065,0.533
87500,0.435,0.065,0.500
87600,0.380,0.065,0.554
87700,0.446,0.076,0.478
87800,0.533,0.076,0.391
87900,0.489,0.043,0.467
88000,0.457,0.054,0.489
88100,0.467,0.076,0.457
88200,0.500,0.065,0.435
88300,0.489,0.054,0.457
88400,0.533,0.054,0.413
88500,0.565,0.087,0.348
88600,0.435,0.098,0.467
88700,0.402,0.130,0.467
88800,0.380,0.152,0.467
88900,0.391,0.120,0.489
89000,0.370,0.185,0.446
89100,0.304,0.217,0.478
89200,0.261,0.217,0.522
89300,0.283,0.239,0.478
89400,0.228,0.228,0.543
89500,0.261,0.239,0.500
89600,0.163,0.207,0.630
89700,0.228,0.152,0.620
89800,0.228,0.152,0.620
89900,0.283,0.120,0.598
90000,0.315,0.152,0.533
90100,0.359,0.141,0.500
90200,0.304,0.152,0.543
90300,0.402,0.109,0.489
90400,0.413,0.130,0.457
90500,0.391,0.076,0.533
90600,0.478,0.087,0.435
90700,0.467,0.130,0.402
90800,0.435,0.087,0.478
90900,0.424,0.076,0.500
91000,0.489,0.109,0.402
91100,0.391,0.098,0.511
91200,0.446,0.130,0.424
91300,0.370,0.163,0.467
91400,0.348,0.141,0.511
91500,0.370,0.141,0.489
91600,0.272,0.207,0.522
91700,0.228,0.250,0.522
91800,0.272,0.163,0.565
91900,0.261,0.239,0.500
92000,0.261,0.228,0.511
92100,0.217,0.315,0.467
92200,0.152,0.250,0.598
92300,0.217,0.185,0.598
92400,0.272,0.185,0.543
92500,0.217,0.293,0.489
92600,0.196,0.239,0.565
92700,0.152,0.228,0.620
92800,0.163,0.250,0.587
92900,0.207,0.283,0.511
93000,0.152,0.228,0.620
93100,0.196,0.207,0.598
93200,0.207,0.239,0.554
93300,0.228,0.207,0.565
93400,0.261,0.217,0.522
93500,0.293,0.207,0.500
93600,0.380,0.217,0.402
93700,0.380,0.174,0.446
93800,0.359,0.174,0.467
93900,0.370,0.196,0.435
94000,0.359,0.174,0.467
94100,0.391,0.196,0.413
94200,0.337,0.163,0.500
94300,0.239,0.152,0.609
94400,0.228,0.217,0.554
94500,0.293,0.196,0.511
94600,0.315,0.152,0.533
94700,0.467,0.130,0.402
94800,0.554,0.076,0.370
94900,0.522,0.054,0.424
95000,0.467,0.043,0.489
95100,0.467,0.043,0.489
95200,0.489,0.022,0.489
95300,0.522,0.076,0.402
95400,0.620,0.043,0.337
95500,0.598,0.000,0.402
95600,0.565,0.043,0.391
95700,0.543,0.022,0.435
95800,0.467,0.054,0.478
95900,0.467,0.054,0.478
96000,0.478,0.130,0.391
96100,0.435,0.120,0.446
96200,0.435,0.076,0.489
96300,0.478,0.033,0.489
96400,0.391,0.130,0.478
96500,0.424,0.054,0.522
96600,0.370,0.098,0.533
96700,0.359,0.109,0.533
96800,0.370,0.076,0.554
96900,0.446,0.087,0.467
97000,0.424,0.109,0.467
97100,0.283,0.054,0.663
97200,0.272,0.065,0.663
97300,0.348,0.054,0.598
97400,0.359,0.043,0.598
97500,0.315,0.120,0.565
97600,0.326,0.152,0.522
97700,0.250,0.207,0.543
97800,0.250,0.293,0.457
97900,0.228,0.326,0.446
98000,0.272,0.272,0.457
98100,0.207,0.228,0.565
98200,0.174,0.293,0.533
98300,0.141,0.337,0.522
98400,0.109,0.359,0.533
98500,0.185,0.261,0.554
98600,0.272,0.141,0.587
98700,0.326,0.185,0.489
98800,0.207,0.185,0.609
98900,0.207,0.272,0.522
99000,0.261,0.207,0.533
99100,0.304,0.130,0.565
99200,0.283,0.217,0.500
99300,0.304,0.196,0.500
99400,0.174,0.228,0.598
99500,0.185,0.217,0.598
99600,0.130,0.283,0.587
99700,0.130,0.304,0.565
99800,0.174,0.250,0.576
99900,0.163,0.239,0.598
100000,0.207,0.185,0.609
