time,n_A+p,n_B,n_AB
100,0.376,0.477,0.147
200,0.309,0.514,0.177
300,0.297,0.462,0.242
400,0.269,0.443,0.287
500,0.281,0.431,0.287
600,0.284,0.398,0.318
700,0.266,0.413,0.321
800,0.294,0.394,0.312
900,0.318,0.413,0.269
1000,0.303,0.394,0.303
1100,0.287,0.425,0.287
1200,0.272,0.434,0.294
1300,0.260,0.407,0.333
1400,0.263,0.379,0.358
1500,0.281,0.382,0.336
1600,0.251,0.388,0.361
1700,0.275,0.398,0.327
1800,0.278,0.379,0.343
1900,0.278,0.364,0.358
2000,0.291,0.367,0.343
2100,0.272,0.385,0.343
2200,0.297,0.370,0.333
2300,0.284,0.391,0.324
2400,0.324,0.349,0.327
2500,0.327,0.352,0.321
2600,0.291,0.404,0.306
2700,0.287,0.394,0.318
2800,0.284,0.385,0.330
2900,0.309,0.364,0.327
3000,0.318,0.376,0.306
3100,0.303,0.376,0.321
3200,0.324,0.355,0.321
3300,0.352,0.327,0.321
3400,0.355,0.324,0.321
3500,0.364,0.336,0.300
3600,0.318,0.339,0.343
3700,0.297,0.355,0.349
3800,0.318,0.349,0.333
3900,0.339,0.312,0.349
4000,0.339,0.324,0.336
4100,0.312,0.352,0.336
4200,0.306,0.318,0.376
4300,0.297,0.346,0.358
4400,0.300,0.398,0.303
4500,0.379,0.370,0.251
4600,0.355,0.370,0.275
4700,0.327,0.339,0.333
4800,0.364,0.336,0.300
4900,0.367,0.306,0.327
5000,0.394,0.312,0.294
5100,0.379,0.300,0.321
5200,0.367,0.287,0.346
5300,0.413,0.272,0.315
5400,0.425,0.287,0.287
5500,0.450,0.263,0.287
5600,0.431,0.239,0.330
5700,0.456,0.229,0.315
5800,0.483,0.193,0.324
5900,0.520,0.193,0.287
6000,0.508,0.180,0.312
6100,0.511,0.180,0.309
6200,0.511,0.177,0.312
6300,0.520,0.199,0.281
6400,0.541,0.190,0.269
6500,0.557,0.147,0.297
6600,0.572,0.165,0.263
6700,0.587,0.150,0.263
6800,0.609,0.141,0.251
6900,0.609,0.119,0.272
7000,0.630,0.098,0.272
7100,0.639,0.119,0.242
7200,0.630,0.113,0.257
7300,0.630,0.144,0.226
7400,0.612,0.153,0.235
7500,0.621,0.165,0.214
7600,0.615,0.150,0.235
7700,0.624,0.147,0.229
7800,0.618,0.138,0.245
7900,0.615,0.162,0.223
8000,0.609,0.159,0.232
8100,0.639,0.144,0.217
8200,0.609,0.131,0.260
8300,0.618,0.113,0.269
8400,0.609,0.122,0.269
8500,0.612,0.119,0.269
8600,0.606,0.135,0.260
8700,0.606,0.128,0.266
8800,0.618,0.122,0.260
8900,0.630,0.107,0.263
9000,0.618,0.101,0.281
9100,0.624,0.110,0.266
9200,0.624,0.119,0.257
9300,0.584,0.107,0.309
9400,0.602,0.150,0.248
9500,0.615,0.125,0.260
9600,0.599,0.122,0.278
9700,0.630,0.135,0.235
9800,0.618,0.113,0.269
9900,0.587,0.113,0.300
10000,0.578,0.098,0.324
10100,0.563,0.147,0.291
10200,0.535,0.177,0.287
10300,0.554,0.165,0.281
10400,0.569,0.159,0.272
10500,0.547,0.174,0.278
10600,0.535,0.168,0.297
10700,0.517,0.168,0.315
10800,0.557,0.147,0.297
10900,0.557,0.147,0.297
11000,0.563,0.128,0.309
11100,0.569,0.110,0.321
11200,0.560,0.116,0.324
11300,0.550,0.141,0.309
11400,0.563,0.141,0.297
11500,0.609,0.119,0.272
11600,0.609,0.122,0.269
11700,0.560,0.141,0.300
11800,0.584,0.141,0.275
11900,0.560,0.141,0.300
12000,0.569,0.144,0.287
12100,0.550,0.190,0.260
12200,0.581,0.168,0.251
12300,0.612,0.138,0.251
12400,0.612,0.107,0.281
12500,0.627,0.104,0.269
12600,0.645,0.113,0.242
12700,0.670,0.101,0.229
12800,0.654,0.101,0.245
12900,0.673,0.092,0.235
13000,0.664,0.113,0.223
13100,0.630,0.113,0.257
13200,0.627,0.089,0.284
13300,0.642,0.089,0.269
13400,0.661,0.083,0.257
13500,0.679,0.064,0.257
13600,0.694,0.061,0.245
13700,0.722,0.061,0.217
13800,0.716,0.061,0.223
13900,0.737,0.055,0.208
14000,0.758,0.049,0.193
14100,0.752,0.028,0.220
14200,0.697,0.043,0.260
14300,0.725,0.046,0.229
14400,0.737,0.058,0.205
14500,0.725,0.067,0.208
14600,0.722,0.073,0.205
14700,0.713,0.064,0.223
14800,0.737,0.070,0.193
14900,0.725,0.080,0.196
15000,0.722,0.092,0.187
15100,0.716,0.092,0.193
15200,0.731,0.089,0.180
15300,0.700,0.098,0.202
15400,0.731,0.080,0.190
15500,0.703,0.058,0.239
15600,0.737,0.049,0.214
15700,0.740,0.046,0.214
15800,0.752,0.040,0.208
15900,0.761,0.064,0.174
16000,0.783,0.058,0.159
16100,0.768,0.055,0.177
16200,0.774,0.049,0.177
16300,0.783,0.055,0.162
16400,0.798,0.046,0.156
16500,0.810,0.043,0.147
16600,0.826,0.037,0.138
16700,0.844,0.018,0.138
16800,0.875,0.015,0.110
16900,0.905,0.018,0.076
17000,0.896,0.018,0.086
17100,0.902,0.012,0.086
17200,0.914,0.006,0.080
17300,0.920,0.012,0.067
17400,0.933,0.006,0.061
17500,0.942,0.003,0.055
17600,0.945,0.003,0.052
17700,0.942,0.003,0.055
17800,0.945,0.003,0.052
17900,0.948,0.003,0.049
18000,0.963,0.003,0.034
18100,0.957,0.003,0.040
18200,0.966,0.003,0.031
18300,0.963,0.000,0.037
18400,0.954,0.000,0.046
18500,0.957,0.000,0.043
18600,0.957,0.000,0.043
18700,0.963,0.000,0.037
18800,0.969,0.000,0.031
18900,0.972,0.000,0.028
19000,0.976,0.000,0.024
19100,0.972,0.000,0.028
19200,0.966,0.000,0.034
19300,0.966,0.000,0.034
19400,0.972,0.000,0.028
19500,0.966,0.000,0.034
19600,0.976,0.000,0.024
19700,0.979,0.000,0.021
19800,0.982,0.000,0.018
19900,0.979,0.000,0.021
20000,0.985,0.000,0.015
20100,0.988,0.000,0.012
20200,0.991,0.000,0.009
20300,0.991,0.000,0.009
20400,0.994,0.000,0.006
20500,0.994,0.000,0.006
20600,0.994,0.000,0.006
20700,0.994,0.000,0.006
20800,0.994,0.000,0.006
20900,0.994,0.000,0.006
21000,0.994,0.000,0.006
21100,0.997,0.000,0.003
21200,0.997,0.000,0.003
21300,0.997,0.000,0.003
21400,0.997,0.000,0.003
21500,0.997,0.000,0.003
21600,0.997,0.000,0.003
21700,0.997,0.000,0.003
21800,0.997,0.000,0.003
21900,0.997,0.000,0.003
22000,0.997,0.000,0.003
22100,0.997,0.000,0.003
22200,0.997,0.000,0.003
22300,0.997,0.000,0.003
22400,0.997,0.000,0.003
22500,0.997,0.000,0.003
22600,0.997,0.000,0.003
22700,0.997,0.000,0.003
22800,0.997,0.000,0.003
22900,1.000,0.000,0.000
