time,n_A+p,n_B,n_AB
500,0.050,0.731,0.219
1000,0.050,0.680,0.270
1500,0.050,0.607,0.343
2000,0.053,0.466,0.481
2500,0.054,0.433,0.513
3000,0.050,0.499,0.451
3500,0.053,0.500,0.447
4000,0.053,0.484,0.463
4500,0.050,0.546,0.404
5000,0.058,0.554,0.388
5500,0.059,0.443,0.498
6000,0.051,0.457,0.492
6500,0.053,0.422,0.525
7000,0.051,0.488,0.461
7500,0.057,0.327,0.616
8000,0.054,0.400,0.546
8500,0.054,0.385,0.561
9000,0.052,0.378,0.570
9500,0.067,0.349,0.584
10000,0.050,0.413,0.537
10500,0.054,0.369,0.577
11000,0.054,0.427,0.519
11500,0.051,0.437,0.512
12000,0.050,0.506,0.444
12500,0.050,0.471,0.479
13000,0.050,0.506,0.444
13500,0.050,0.422,0.528
14000,0.050,0.444,0.506
14500,0.050,0.513,0.437
15000,0.050,0.426,0.524
15500,0.050,0.444,0.506
16000,0.050,0.386,0.564
16500,0.050,0.350,0.600
17000,0.051,0.478,0.471
17500,0.051,0.416,0.533
18000,0.056,0.468,0.476
18500,0.052,0.462,0.486
19000,0.058,0.455,0.487
19500,0.050,0.392,0.558
20000,0.050,0.493,0.457
20500,0.051,0.397,0.552
21000,0.055,0.386,0.559
21500,0.051,0.426,0.523
22000,0.056,0.412,0.532
22500,0.051,0.431,0.518
23000,0.059,0.409,0.532
23500,0.060,0.377,0.563
24000,0.065,0.327,0.608
24500,0.061,0.349,0.590
25000,0.067,0.390,0.543
25500,0.059,0.315,0.626
26000,0.063,0.323,0.614
26500,0.054,0.332,0.614
27000,0.085,0.286,0.629
27500,0.069,0.326,0.605
28000,0.071,0.303,0.626
28500,0.064,0.342,0.594
29000,0.057,0.285,0.658
29500,0.077,0.281,0.642
30000,0.061,0.308,0.631
30500,0.059,0.336,0.605
31000,0.051,0.358,0.591
31500,0.058,0.450,0.492
32000,0.059,0.346,0.595
32500,0.059,0.422,0.519
33000,0.054,0.381,0.565
33500,0.050,0.471,0.479
34000,0.050,0.430,0.520
34500,0.058,0.434,0.508
35000,0.074,0.357,0.569
35500,0.063,0.363,0.574
36000,0.053,0.452,0.495
36500,0.050,0.430,0.520
37000,0.056,0.332,0.612
37500,0.055,0.377,0.568
38000,0.051,0.501,0.448
38500,0.050,0.558,0.392
39000,0.050,0.470,0.480
39500,0.050,0.426,0.524
40000,0.050,0.457,0.493
40500,0.050,0.486,0.464
41000,0.051,0.398,0.551
41500,0.050,0.511,0.439
42000,0.054,0.437,0.509
42500,0.059,0.376,0.565
43000,0.050,0.438,0.512
43500,0.050,0.460,0.490
44000,0.051,0.410,0.539
44500,0.051,0.484,0.465
45000,0.050,0.389,0.561
45500,0.050,0.446,0.504
46000,0.050,0.437,0.513
46500,0.055,0.384,0.561
47000,0.054,0.412,0.534
47500,0.055,0.371,0.574
48000,0.052,0.375,0.573
48500,0.050,0.470,0.480
49000,0.050,0.488,0.462
49500,0.050,0.415,0.535
50000,0.058,0.326,0.616
50500,0.068,0.363,0.569
51000,0.050,0.457,0.493
51500,0.052,0.453,0.495
52000,0.050,0.479,0.471
52500,0.050,0.430,0.520
53000,0.050,0.508,0.442
53500,0.050,0.478,0.472
54000,0.051,0.526,0.423
54500,0.050,0.456,0.494
55000,0.055,0.454,0.491
55500,0.054,0.340,0.606
56000,0.050,0.420,0.530
56500,0.051,0.442,0.507
57000,0.057,0.408,0.535
57500,0.053,0.333,0.614
58000,0.061,0.353,0.586
58500,0.056,0.338,0.606
59000,0.060,0.343,0.597
59500,0.054,0.426,0.520
60000,0.066,0.320,0.614
60500,0.063,0.357,0.580
61000,0.051,0.465,0.484
61500,0.050,0.559,0.391
62000,0.050,0.461,0.489
62500,0.053,0.514,0.433
63000,0.050,0.482,0.468
63500,0.053,0.472,0.475
64000,0.050,0.434,0.516
64500,0.050,0.494,0.456
65000,0.050,0.500,0.450
65500,0.050,0.446,0.504
66000,0.050,0.500,0.450
66500,0.057,0.526,0.417
67000,0.051,0.446,0.503
67500,0.053,0.413,0.534
68000,0.050,0.409,0.541
68500,0.050,0.421,0.529
69000,0.064,0.426,0.510
69500,0.050,0.403,0.547
70000,0.050,0.419,0.531
70500,0.050,0.404,0.546
71000,0.054,0.385,0.561
71500,0.050,0.435,0.515
72000,0.050,0.501,0.449
72500,0.053,0.402,0.545
73000,0.059,0.363,0.578
73500,0.054,0.351,0.595
74000,0.061,0.428,0.511
74500,0.062,0.447,0.491
75000,0.051,0.460,0.489
75500,0.056,0.322,0.622
76000,0.054,0.384,0.562
76500,0.052,0.457,0.491
77000,0.060,0.460,0.480
77500,0.051,0.470,0.479
78000,0.050,0.451,0.499
78500,0.050,0.407,0.543
79000,0.050,0.412,0.538
79500,0.050,0.484,0.466
80000,0.050,0.415,0.535
80500,0.050,0.398,0.552
81000,0.050,0.442,0.508
81500,0.050,0.415,0.535
82000,0.053,0.387,0.560
82500,0.050,0.464,0.486
83000,0.050,0.477,0.473
83500,0.050,0.449,0.501
84000,0.051,0.497,0.452
84500,0.050,0.398,0.552
85000,0.051,0.382,0.567
85500,0.059,0.399,0.542
86000,0.056,0.411,0.533
86500,0.052,0.476,0.472
87000,0.050,0.442,0.508
87500,0.050,0.483,0.467
88000,0.051,0.510,0.439
88500,0.055,0.494,0.451
89000,0.051,0.447,0.502
89500,0.050,0.466,0.484
90000,0.054,0.427,0.519
90500,0.057,0.323,0.620
91000,0.052,0.366,0.582
91500,0.050,0.451,0.499
92000,0.051,0.493,0.456
92500,0.056,0.404,0.540
93000,0.056,0.341,0.603
93500,0.056,0.385,0.559
94000,0.059,0.339,0.602
94500,0.053,0.483,0.464
95000,0.050,0.482,0.468
95500,0.051,0.471,0.478
96000,0.055,0.489,0.456
96500,0.050,0.445,0.505
97000,0.050,0.445,0.505
97500,0.050,0.562,0.388
98000,0.050,0.558,0.392
98500,0.050,0.501,0.449
99000,0.050,0.515,0.435
99500,0.050,0.531,0.419
100000,0.050,0.495,0.455
100500,0.050,0.502,0.448
101000,0.050,0.426,0.524
101500,0.064,0.406,0.530
102000,0.061,0.371,0.568
102500,0.054,0.457,0.489
103000,0.054,0.355,0.591
103500,0.055,0.408,0.537
104000,0.050,0.421,0.529
104500,0.054,0.445,0.501
105000,0.051,0.457,0.492
105500,0.051,0.491,0.458
106000,0.053,0.426,0.521
106500,0.052,0.511,0.437
107000,0.050,0.378,0.572
107500,0.051,0.454,0.495
108000,0.051,0.485,0.464
108500,0.050,0.498,0.452
109000,0.050,0.429,0.521
109500,0.050,0.563,0.387
110000,0.051,0.505,0.444
110500,0.050,0.462,0.488
111000,0.050,0.464,0.486
111500,0.050,0.491,0.459
112000,0.050,0.419,0.531
112500,0.052,0.445,0.503
113000,0.050,0.477,0.473
113500,0.050,0.471,0.479
114000,0.054,0.428,0.518
114500,0.050,0.471,0.479
115000,0.053,0.395,0.552
115500,0.053,0.382,0.565
116000,0.050,0.397,0.553
116500,0.050,0.485,0.465
117000,0.050,0.505,0.445
117500,0.050,0.439,0.511
118000,0.050,0.466,0.484
118500,0.050,0.536,0.414
119000,0.050,0.438,0.512
119500,0.058,0.389,0.553
120000,0.054,0.386,0.560
120500,0.056,0.470,0.474
121000,0.050,0.402,0.548
121500,0.086,0.275,0.639
122000,0.076,0.278,0.646
122500,0.059,0.326,0.615
123000,0.057,0.422,0.521
123500,0.056,0.431,0.513
124000,0.051,0.436,0.513
124500,0.070,0.386,0.544
125000,0.050,0.468,0.482
125500,0.050,0.528,0.422
126000,0.059,0.535,0.406
126500,0.058,0.414,0.528
127000,0.052,0.415,0.533
127500,0.050,0.353,0.597
128000,0.056,0.432,0.512
128500,0.053,0.440,0.507
129000,0.050,0.436,0.514
129500,0.050,0.534,0.416
130000,0.050,0.479,0.471
130500,0.052,0.421,0.527
131000,0.050,0.448,0.502
131500,0.050,0.496,0.454
132000,0.050,0.421,0.529
132500,0.050,0.508,0.442
133000,0.053,0.453,0.494
133500,0.064,0.412,0.524
134000,0.061,0.371,0.568
134500,0.055,0.387,0.558
135000,0.065,0.415,0.520
135500,0.064,0.410,0.526
136000,0.051,0.424,0.525
136500,0.067,0.369,0.564
137000,0.060,0.391,0.549
137500,0.053,0.383,0.564
138000,0.071,0.353,0.576
138500,0.055,0.380,0.565
139000,0.050,0.426,0.524
139500,0.050,0.477,0.473
140000,0.050,0.424,0.526
140500,0.051,0.443,0.506
141000,0.050,0.524,0.426
141500,0.050,0.561,0.389
142000,0.050,0.541,0.409
142500,0.050,0.452,0.498
143000,0.050,0.486,0.464
143500,0.070,0.355,0.575
144000,0.071,0.382,0.547
144500,0.084,0.231,0.685
145000,0.056,0.398,0.546
145500,0.066,0.307,0.627
146000,0.097,0.257,0.646
146500,0.125,0.247,0.628
147000,0.068,0.315,0.617
147500,0.057,0.320,0.623
148000,0.059,0.296,0.645
148500,0.063,0.250,0.687
149000,0.060,0.366,0.574
149500,0.050,0.452,0.498
150000,0.050,0.398,0.552
150500,0.052,0.500,0.448
151000,0.050,0.452,0.498
151500,0.062,0.300,0.638
152000,0.055,0.401,0.544
152500,0.076,0.290,0.634
153000,0.070,0.297,0.633
153500,0.082,0.256,0.662
154000,0.076,0.337,0.587
154500,0.061,0.384,0.555
155000,0.058,0.465,0.477
155500,0.053,0.381,0.566
156000,0.059,0.385,0.556
156500,0.050,0.429,0.521
157000,0.058,0.350,0.592
157500,0.051,0.399,0.550
158000,0.050,0.457,0.493
158500,0.050,0.469,0.481
159000,0.050,0.522,0.428
159500,0.050,0.465,0.485
160000,0.050,0.423,0.527
160500,0.050,0.432,0.518
161000,0.050,0.464,0.486
161500,0.050,0.479,0.471
162000,0.059,0.432,0.509
162500,0.057,0.396,0.547
163000,0.054,0.367,0.579
163500,0.051,0.432,0.517
164000,0.051,0.488,0.461
164500,0.050,0.451,0.499
165000,0.057,0.418,0.525
165500,0.054,0.377,0.569
166000,0.059,0.437,0.504
166500,0.050,0.476,0.474
167000,0.050,0.476,0.474
167500,0.050,0.478,0.472
168000,0.056,0.418,0.526
168500,0.050,0.419,0.531
169000,0.053,0.408,0.539
169500,0.050,0.437,0.513
170000,0.052,0.448,0.500
170500,0.050,0.405,0.545
171000,0.053,0.493,0.454
171500,0.050,0.549,0.401
172000,0.050,0.556,0.394
172500,0.050,0.471,0.479
173000,0.055,0.375,0.570
173500,0.052,0.517,0.431
174000,0.050,0.441,0.509
174500,0.051,0.457,0.492
175000,0.050,0.468,0.482
175500,0.050,0.474,0.476
176000,0.050,0.435,0.515
176500,0.050,0.453,0.497
177000,0.050,0.457,0.493
177500,0.051,0.390,0.559
178000,0.050,0.395,0.555
178500,0.050,0.462,0.488
179000,0.052,0.412,0.536
179500,0.051,0.451,0.498
180000,0.060,0.422,0.518
180500,0.056,0.410,0.534
181000,0.054,0.352,0.594
181500,0.058,0.368,0.574
182000,0.058,0.398,0.544
182500,0.054,0.299,0.647
183000,0.063,0.356,0.581
183500,0.051,0.468,0.481
184000,0.050,0.543,0.407
184500,0.050,0.447,0.503
185000,0.055,0.477,0.468
185500,0.051,0.464,0.485
186000,0.060,0.409,0.531
186500,0.059,0.414,0.527
187000,0.052,0.425,0.523
187500,0.053,0.362,0.585
188000,0.051,0.405,0.544
188500,0.062,0.410,0.528
189000,0.076,0.242,0.682
189500,0.098,0.218,0.684
190000,0.062,0.337,0.601
190500,0.070,0.355,0.575
191000,0.052,0.389,0.559
191500,0.050,0.391,0.559
192000,0.057,0.348,0.595
192500,0.054,0.440,0.506
193000,0.069,0.280,0.651
193500,0.053,0.335,0.612
194000,0.066,0.291,0.643
194500,0.055,0.433,0.512
195000,0.050,0.468,0.482
195500,0.050,0.436,0.514
196000,0.050,0.460,0.490
196500,0.050,0.476,0.474
197000,0.050,0.492,0.458
197500,0.050,0.515,0.435
198000,0.055,0.408,0.537
198500,0.050,0.472,0.478
199000,0.050,0.507,0.443
199500,0.050,0.412,0.538
200000,0.050,0.438,0.512
200500,0.050,0.483,0.467
201000,0.050,0.579,0.371
201500,0.050,0.568,0.382
202000,0.050,0.550,0.400
202500,0.050,0.494,0.456
203000,0.063,0.356,0.581
203500,0.060,0.335,0.605
204000,0.097,0.272,0.631
204500,0.065,0.279,0.656
205000,0.054,0.376,0.570
205500,0.050,0.387,0.563
206000,0.067,0.377,0.556
206500,0.052,0.413,0.535
207000,0.053,0.350,0.597
207500,0.056,0.422,0.522
208000,0.055,0.438,0.507
208500,0.050,0.436,0.514
209000,0.050,0.484,0.466
209500,0.050,0.554,0.396
210000,0.050,0.500,0.450
210500,0.050,0.442,0.508
211000,0.050,0.421,0.529
211500,0.050,0.491,0.459
212000,0.050,0.485,0.465
212500,0.050,0.376,0.574
213000,0.050,0.483,0.467
213500,0.050,0.434,0.516
214000,0.054,0.421,0.525
214500,0.050,0.436,0.514
215000,0.050,0.427,0.523
215500,0.064,0.328,0.608
216000,0.054,0.432,0.514
216500,0.050,0.399,0.551
217000,0.065,0.407,0.528
217500,0.054,0.311,0.635
218000,0.068,0.313,0.619
218500,0.066,0.316,0.618
219000,0.061,0.370,0.569
219500,0.050,0.408,0.542
220000,0.050,0.506,0.444
220500,0.053,0.472,0.475
221000,0.054,0.447,0.499
221500,0.055,0.407,0.538
222000,0.057,0.373,0.570
222500,0.052,0.361,0.587
223000,0.050,0.461,0.489
223500,0.057,0.456,0.487
224000,0.052,0.352,0.596
224500,0.051,0.400,0.549
225000,0.053,0.423,0.524
225500,0.064,0.353,0.583
226000,0.106,0.235,0.659
226500,0.112,0.220,0.668
227000,0.168,0.159,0.673
227500,0.370,0.048,0.582
228000,0.649,0.007,0.344
228500,0.807,0.001,0.192
229000,0.882,0.000,0.118
229500,0.913,0.000,0.087
230000,0.976,0.000,0.024
230500,0.993,0.000,0.007
231000,0.993,0.000,0.007
231500,0.999,0.000,0.001
232000,0.998,0.000,0.002
232500,0.998,0.000,0.002
233000,0.996,0.000,0.004
233500,0.981,0.000,0.019
234000,1.000,0.000,0.000
