time,n_A+p,n_B,n_AB
500,0.010,0.972,0.018
1000,0.010,0.945,0.045
1500,0.010,0.972,0.018
2000,0.010,0.813,0.177
2500,0.010,0.902,0.088
3000,0.010,0.928,0.062
3500,0.010,0.956,0.034
4000,0.010,0.930,0.060
4500,0.010,0.933,0.057
5000,0.010,0.975,0.015
5500,0.010,0.947,0.043
6000,0.010,0.923,0.067
6500,0.010,0.952,0.038
7000,0.010,0.888,0.102
7500,0.010,0.989,0.001
8000,0.010,0.933,0.057
8500,0.010,0.929,0.061
9000,0.010,0.965,0.025
9500,0.010,0.985,0.005
10000,0.010,0.953,0.037
10500,0.010,0.780,0.210
11000,0.010,0.976,0.014
11500,0.010,0.794,0.196
12000,0.010,0.925,0.065
12500,0.010,0.943,0.047
13000,0.010,0.938,0.052
13500,0.010,0.989,0.001
14000,0.010,0.955,0.035
14500,0.010,0.897,0.093
15000,0.010,0.886,0.104
15500,0.010,0.904,0.086
16000,0.010,0.914,0.076
16500,0.010,0.838,0.152
17000,0.010,0.982,0.008
17500,0.010,0.909,0.081
18000,0.010,0.967,0.023
18500,0.010,0.886,0.104
19000,0.010,0.838,0.152
19500,0.010,0.939,0.051
20000,0.010,0.903,0.087
20500,0.010,0.738,0.252
21000,0.010,0.973,0.017
21500,0.010,0.970,0.020
22000,0.010,0.984,0.006
22500,0.010,0.921,0.069
23000,0.010,0.966,0.024
23500,0.010,0.943,0.047
24000,0.010,0.934,0.056
24500,0.010,0.953,0.037
25000,0.010,0.990,0.000
25500,0.010,0.977,0.013
26000,0.010,0.960,0.030
26500,0.010,0.988,0.002
27000,0.010,0.940,0.050
27500,0.010,0.990,0.000
28000,0.010,0.892,0.098
28500,0.010,0.969,0.021
29000,0.010,0.967,0.023
29500,0.010,0.955,0.035
30000,0.010,0.808,0.182
30500,0.010,0.960,0.030
31000,0.010,0.918,0.072
31500,0.010,0.908,0.082
32000,0.010,0.957,0.033
32500,0.010,0.797,0.193
33000,0.010,0.883,0.107
33500,0.010,0.890,0.100
34000,0.010,0.826,0.164
34500,0.010,0.970,0.020
35000,0.010,0.933,0.057
35500,0.010,0.987,0.003
36000,0.010,0.882,0.108
36500,0.010,0.982,0.008
37000,0.010,0.970,0.020
37500,0.010,0.990,0.000
38000,0.010,0.936,0.054
38500,0.010,0.976,0.014
39000,0.010,0.988,0.002
39500,0.010,0.973,0.017
40000,0.010,0.825,0.165
40500,0.010,0.936,0.054
41000,0.010,0.990,0.000
41500,0.010,0.990,0.000
42000,0.010,0.902,0.088
42500,0.010,0.928,0.062
43000,0.010,0.912,0.078
43500,0.010,0.966,0.024
44000,0.010,0.885,0.105
44500,0.010,0.926,0.064
45000,0.010,0.941,0.049
45500,0.010,0.942,0.048
46000,0.010,0.971,0.019
46500,0.010,0.936,0.054
47000,0.010,0.970,0.020
47500,0.010,0.985,0.005
48000,0.010,0.930,0.060
48500,0.010,0.918,0.072
49000,0.010,0.912,0.078
49500,0.010,0.869,0.121
50000,0.010,0.864,0.126
50500,0.010,0.969,0.021
51000,0.010,0.918,0.072
51500,0.010,0.958,0.032
52000,0.010,0.875,0.115
52500,0.010,0.989,0.001
53000,0.010,0.947,0.043
53500,0.010,0.932,0.058
54000,0.010,0.973,0.017
54500,0.010,0.884,0.106
55000,0.010,0.960,0.030
55500,0.010,0.864,0.126
56000,0.010,0.831,0.159
56500,0.010,0.961,0.029
57000,0.010,0.940,0.050
57500,0.010,0.903,0.087
58000,0.010,0.950,0.040
58500,0.010,0.941,0.049
59000,0.010,0.990,0.000
59500,0.010,0.883,0.107
60000,0.010,0.933,0.057
60500,0.010,0.939,0.051
61000,0.010,0.896,0.094
61500,0.010,0.845,0.145
62000,0.010,0.942,0.048
62500,0.010,0.964,0.026
63000,0.010,0.871,0.119
63500,0.010,0.872,0.118
64000,0.010,0.952,0.038
64500,0.010,0.957,0.033
65000,0.010,0.929,0.061
65500,0.010,0.966,0.024
66000,0.010,0.809,0.181
66500,0.010,0.953,0.037
67000,0.010,0.976,0.014
67500,0.010,0.972,0.018
68000,0.010,0.820,0.170
68500,0.010,0.930,0.060
69000,0.010,0.923,0.067
69500,0.010,0.919,0.071
70000,0.010,0.981,0.009
70500,0.010,0.894,0.096
71000,0.010,0.974,0.016
71500,0.010,0.930,0.060
72000,0.010,0.917,0.073
72500,0.010,0.986,0.004
73000,0.010,0.839,0.151
73500,0.010,0.983,0.007
74000,0.010,0.990,0.000
74500,0.010,0.963,0.027
75000,0.010,0.956,0.034
75500,0.010,0.951,0.039
76000,0.010,0.972,0.018
76500,0.010,0.920,0.070
77000,0.010,0.874,0.116
77500,0.010,0.934,0.056
78000,0.010,0.891,0.099
78500,0.010,0.972,0.018
79000,0.010,0.988,0.002
79500,0.010,0.989,0.001
80000,0.010,0.843,0.147
80500,0.010,0.830,0.160
81000,0.010,0.928,0.062
81500,0.010,0.967,0.023
82000,0.010,0.837,0.153
82500,0.010,0.988,0.002
83000,0.010,0.829,0.161
83500,0.010,0.966,0.024
84000,0.010,0.918,0.072
84500,0.010,0.985,0.005
85000,0.010,0.797,0.193
85500,0.010,0.982,0.008
86000,0.010,0.990,0.000
86500,0.010,0.944,0.046
87000,0.010,0.944,0.046
87500,0.010,0.882,0.108
88000,0.010,0.989,0.001
88500,0.010,0.929,0.061
89000,0.010,0.909,0.081
89500,0.010,0.899,0.091
90000,0.010,0.965,0.025
90500,0.010,0.989,0.001
91000,0.010,0.926,0.064
91500,0.010,0.944,0.046
92000,0.010,0.982,0.008
92500,0.010,0.980,0.010
93000,0.010,0.970,0.020
93500,0.010,0.989,0.001
94000,0.010,0.935,0.055
94500,0.010,0.931,0.059
95000,0.010,0.663,0.327
95500,0.010,0.987,0.003
96000,0.010,0.990,0.000
96500,0.010,0.912,0.078
97000,0.010,0.882,0.108
97500,0.010,0.978,0.012
98000,0.010,0.962,0.028
98500,0.010,0.941,0.049
99000,0.010,0.990,0.000
99500,0.010,0.979,0.011
100000,0.010,0.946,0.044
100500,0.010,0.795,0.195
101000,0.010,0.911,0.079
101500,0.010,0.869,0.121
102000,0.010,0.909,0.081
102500,0.010,0.961,0.029
103000,0.010,0.900,0.090
103500,0.010,0.950,0.040
104000,0.010,0.830,0.160
104500,0.010,0.882,0.108
105000,0.010,0.909,0.081
105500,0.010,0.971,0.019
106000,0.010,0.934,0.056
106500,0.010,0.934,0.056
107000,0.010,0.937,0.053
107500,0.010,0.963,0.027
108000,0.010,0.911,0.079
108500,0.010,0.906,0.084
109000,0.010,0.860,0.130
109500,0.010,0.986,0.004
110000,0.010,0.965,0.025
110500,0.010,0.961,0.029
111000,0.010,0.924,0.066
111500,0.010,0.893,0.097
112000,0.010,0.944,0.046
112500,0.010,0.965,0.025
113000,0.010,0.960,0.030
113500,0.010,0.990,0.000
114000,0.010,0.910,0.080
114500,0.010,0.812,0.178
115000,0.010,0.892,0.098
115500,0.010,0.921,0.069
116000,0.010,0.917,0.073
116500,0.010,0.922,0.068
117000,0.010,0.937,0.053
117500,0.010,0.957,0.033
118000,0.010,0.944,0.046
118500,0.010,0.949,0.041
119000,0.010,0.901,0.089
119500,0.010,0.872,0.118
120000,0.010,0.989,0.001
120500,0.010,0.990,0.000
121000,0.010,0.988,0.002
121500,0.010,0.986,0.004
122000,0.010,0.849,0.141
122500,0.010,0.880,0.110
123000,0.010,0.929,0.061
123500,0.010,0.948,0.042
124000,0.010,0.949,0.041
124500,0.010,0.930,0.060
125000,0.010,0.969,0.021
125500,0.010,0.976,0.014
126000,0.010,0.968,0.022
126500,0.010,0.923,0.067
127000,0.010,0.967,0.023
127500,0.010,0.859,0.131
128000,0.010,0.813,0.177
128500,0.010,0.974,0.016
129000,0.010,0.974,0.016
129500,0.010,0.974,0.016
130000,0.010,0.928,0.062
130500,0.010,0.901,0.089
131000,0.010,0.963,0.027
131500,0.010,0.954,0.036
132000,0.010,0.990,0.000
132500,0.010,0.832,0.158
133000,0.010,0.974,0.016
133500,0.010,0.921,0.069
134000,0.010,0.920,0.070
134500,0.010,0.990,0.000
135000,0.010,0.982,0.008
135500,0.010,0.895,0.095
136000,0.010,0.832,0.158
136500,0.010,0.977,0.013
137000,0.010,0.987,0.003
137500,0.010,0.975,0.015
138000,0.010,0.896,0.094
138500,0.010,0.896,0.094
139000,0.010,0.850,0.140
139500,0.010,0.988,0.002
140000,0.010,0.957,0.033
140500,0.010,0.990,0.000
141000,0.010,0.913,0.077
141500,0.010,0.980,0.010
142000,0.010,0.979,0.011
142500,0.010,0.914,0.076
143000,0.010,0.842,0.148
143500,0.010,0.967,0.023
144000,0.010,0.841,0.149
144500,0.010,0.964,0.026
145000,0.010,0.969,0.021
145500,0.010,0.959,0.031
146000,0.010,0.760,0.230
146500,0.010,0.839,0.151
147000,0.010,0.979,0.011
147500,0.010,0.923,0.067
148000,0.010,0.949,0.041
148500,0.010,0.845,0.145
149000,0.010,0.952,0.038
149500,0.010,0.944,0.046
150000,0.010,0.988,0.002
150500,0.010,0.980,0.010
151000,0.010,0.891,0.099
151500,0.010,0.969,0.021
152000,0.010,0.875,0.115
152500,0.010,0.986,0.004
153000,0.010,0.902,0.088
153500,0.010,0.964,0.026
154000,0.010,0.961,0.029
154500,0.010,0.957,0.033
155000,0.010,0.961,0.029
155500,0.010,0.971,0.019
156000,0.010,0.895,0.095
156500,0.010,0.990,0.000
157000,0.010,0.939,0.051
157500,0.010,0.964,0.026
158000,0.010,0.949,0.041
158500,0.010,0.963,0.027
159000,0.010,0.896,0.094
159500,0.010,0.983,0.007
160000,0.010,0.929,0.061
160500,0.010,0.956,0.034
161000,0.010,0.930,0.060
161500,0.010,0.927,0.063
162000,0.010,0.888,0.102
162500,0.010,0.973,0.017
163000,0.010,0.908,0.082
163500,0.010,0.936,0.054
164000,0.010,0.898,0.092
164500,0.010,0.898,0.092
165000,0.010,0.880,0.110
165500,0.010,0.946,0.044
166000,0.010,0.880,0.110
166500,0.010,0.990,0.000
167000,0.010,0.961,0.029
167500,0.010,0.936,0.054
168000,0.010,0.894,0.096
168500,0.010,0.946,0.044
169000,0.010,0.979,0.011
169500,0.010,0.977,0.013
170000,0.010,0.704,0.286
170500,0.010,0.794,0.196
171000,0.010,0.853,0.137
171500,0.010,0.976,0.014
172000,0.010,0.987,0.003
172500,0.010,0.954,0.036
173000,0.010,0.899,0.091
173500,0.010,0.934,0.056
174000,0.010,0.938,0.052
174500,0.010,0.955,0.035
175000,0.010,0.975,0.015
175500,0.010,0.913,0.077
176000,0.010,0.984,0.006
176500,0.010,0.983,0.007
177000,0.010,0.959,0.031
177500,0.010,0.894,0.096
178000,0.010,0.990,0.000
178500,0.010,0.937,0.053
179000,0.010,0.951,0.039
179500,0.010,0.929,0.061
180000,0.010,0.988,0.002
180500,0.010,0.937,0.053
181000,0.010,0.906,0.084
181500,0.010,0.890,0.100
182000,0.010,0.927,0.063
182500,0.010,0.987,0.003
183000,0.010,0.942,0.048
183500,0.010,0.980,0.010
184000,0.010,0.856,0.134
184500,0.010,0.852,0.138
185000,0.010,0.874,0.116
185500,0.010,0.990,0.000
186000,0.010,0.982,0.008
186500,0.010,0.953,0.037
187000,0.010,0.982,0.008
187500,0.010,0.989,0.001
188000,0.010,0.944,0.046
188500,0.010,0.902,0.088
189000,0.010,0.912,0.078
189500,0.010,0.960,0.030
190000,0.010,0.824,0.166
190500,0.010,0.955,0.035
191000,0.010,0.990,0.000
191500,0.010,0.963,0.027
192000,0.010,0.886,0.104
192500,0.010,0.979,0.011
193000,0.010,0.974,0.016
193500,0.010,0.986,0.004
194000,0.010,0.975,0.015
194500,0.010,0.902,0.088
195000,0.010,0.919,0.071
195500,0.010,0.954,0.036
196000,0.010,0.990,0.000
196500,0.010,0.968,0.022
197000,0.010,0.871,0.119
197500,0.010,0.935,0.055
198000,0.010,0.981,0.009
198500,0.010,0.905,0.085
199000,0.010,0.971,0.019
199500,0.010,0.942,0.048
200000,0.010,0.981,0.009
200500,0.010,0.970,0.020
201000,0.010,0.929,0.061
201500,0.010,0.939,0.051
202000,0.010,0.935,0.055
202500,0.010,0.938,0.052
203000,0.010,0.942,0.048
203500,0.010,0.891,0.099
204000,0.010,0.844,0.146
204500,0.010,0.943,0.047
205000,0.010,0.990,0.000
205500,0.010,0.987,0.003
206000,0.010,0.985,0.005
206500,0.010,0.924,0.066
207000,0.010,0.969,0.021
207500,0.010,0.756,0.234
208000,0.010,0.880,0.110
208500,0.010,0.932,0.058
209000,0.010,0.948,0.042
209500,0.010,0.973,0.017
210000,0.010,0.923,0.067
210500,0.010,0.987,0.003
211000,0.010,0.979,0.011
211500,0.010,0.990,0.000
212000,0.010,0.990,0.000
212500,0.010,0.941,0.049
213000,0.010,0.984,0.006
213500,0.010,0.876,0.114
214000,0.010,0.937,0.053
214500,0.010,0.913,0.077
215000,0.010,0.938,0.052
215500,0.010,0.949,0.041
216000,0.010,0.954,0.036
216500,0.010,0.917,0.073
217000,0.010,0.859,0.131
217500,0.010,0.910,0.080
218000,0.010,0.965,0.025
218500,0.010,0.985,0.005
219000,0.010,0.936,0.054
219500,0.010,0.936,0.054
220000,0.010,0.973,0.017
220500,0.010,0.986,0.004
221000,0.010,0.963,0.027
221500,0.010,0.973,0.017
222000,0.010,0.900,0.090
222500,0.010,0.903,0.087
223000,0.010,0.975,0.015
223500,0.010,0.943,0.047
224000,0.010,0.879,0.111
224500,0.010,0.967,0.023
225000,0.010,0.925,0.065
225500,0.010,0.957,0.033
226000,0.010,0.893,0.097
226500,0.010,0.896,0.094
227000,0.010,0.958,0.032
227500,0.010,0.895,0.095
228000,0.010,0.864,0.126
228500,0.010,0.805,0.185
229000,0.010,0.911,0.079
229500,0.010,0.968,0.022
230000,0.010,0.952,0.038
230500,0.010,0.974,0.016
231000,0.010,0.980,0.010
231500,0.010,0.963,0.027
232000,0.010,0.920,0.070
232500,0.010,0.882,0.108
233000,0.010,0.781,0.209
233500,0.010,0.941,0.049
234000,0.010,0.989,0.001
234500,0.010,0.988,0.002
235000,0.010,0.928,0.062
235500,0.010,0.873,0.117
236000,0.010,0.990,0.000
236500,0.010,0.877,0.113
237000,0.010,0.944,0.046
237500,0.010,0.984,0.006
238000,0.010,0.932,0.058
238500,0.010,0.878,0.112
239000,0.010,0.966,0.024
239500,0.010,0.983,0.007
240000,0.010,0.723,0.267
240500,0.010,0.886,0.104
241000,0.010,0.959,0.031
241500,0.010,0.989,0.001
242000,0.010,0.972,0.018
242500,0.010,0.957,0.033
243000,0.010,0.982,0.008
243500,0.010,0.941,0.049
244000,0.010,0.922,0.068
244500,0.010,0.990,0.000
245000,0.010,0.905,0.085
245500,0.010,0.942,0.048
246000,0.010,0.940,0.050
246500,0.010,0.951,0.039
247000,0.010,0.866,0.124
247500,0.010,0.917,0.073
248000,0.010,0.917,0.073
248500,0.010,0.987,0.003
249000,0.010,0.971,0.019
249500,0.010,0.990,0.000
250000,0.010,0.870,0.120
250500,0.010,0.988,0.002
251000,0.010,0.986,0.004
251500,0.010,0.961,0.029
252000,0.010,0.951,0.039
252500,0.010,0.910,0.080
253000,0.010,0.987,0.003
253500,0.010,0.951,0.039
254000,0.010,0.941,0.049
254500,0.010,0.908,0.082
255000,0.010,0.969,0.021
255500,0.010,0.980,0.010
256000,0.010,0.965,0.025
256500,0.010,0.909,0.081
257000,0.010,0.857,0.133
257500,0.010,0.962,0.028
258000,0.010,0.941,0.049
258500,0.010,0.955,0.035
259000,0.010,0.890,0.100
259500,0.010,0.958,0.032
260000,0.010,0.987,0.003
260500,0.010,0.990,0.000
261000,0.010,0.934,0.056
261500,0.010,0.981,0.009
262000,0.010,0.963,0.027
262500,0.010,0.968,0.022
263000,0.010,0.832,0.158
263500,0.010,0.975,0.015
264000,0.010,0.905,0.085
264500,0.010,0.800,0.190
265000,0.010,0.886,0.104
265500,0.010,0.907,0.083
266000,0.010,0.808,0.182
266500,0.010,0.981,0.009
267000,0.010,0.966,0.024
267500,0.010,0.906,0.084
268000,0.010,0.942,0.048
268500,0.010,0.965,0.025
269000,0.010,0.964,0.026
269500,0.010,0.950,0.040
270000,0.010,0.868,0.122
270500,0.010,0.907,0.083
271000,0.010,0.918,0.072
271500,0.010,0.955,0.035
272000,0.010,0.850,0.140
272500,0.010,0.959,0.031
273000,0.010,0.990,0.000
273500,0.010,0.669,0.321
274000,0.010,0.968,0.022
274500,0.010,0.974,0.016
275000,0.010,0.943,0.047
275500,0.010,0.944,0.046
276000,0.010,0.931,0.059
276500,0.010,0.977,0.013
277000,0.010,0.859,0.131
277500,0.010,0.969,0.021
278000,0.010,0.803,0.187
278500,0.010,0.936,0.054
279000,0.010,0.879,0.111
279500,0.010,0.984,0.006
280000,0.010,0.878,0.112
280500,0.010,0.965,0.025
281000,0.010,0.961,0.029
281500,0.010,0.920,0.070
282000,0.010,0.976,0.014
282500,0.010,0.960,0.030
283000,0.010,0.911,0.079
283500,0.010,0.923,0.067
284000,0.010,0.946,0.044
284500,0.010,0.830,0.160
285000,0.010,0.942,0.048
285500,0.010,0.967,0.023
286000,0.010,0.986,0.004
286500,0.010,0.982,0.008
287000,0.010,0.956,0.034
287500,0.010,0.947,0.043
288000,0.010,0.781,0.209
288500,0.010,0.969,0.021
289000,0.010,0.941,0.049
289500,0.010,0.888,0.102
290000,0.010,0.976,0.014
290500,0.010,0.987,0.003
291000,0.010,0.978,0.012
291500,0.010,0.970,0.020
292000,0.010,0.987,0.003
292500,0.010,0.964,0.026
293000,0.010,0.909,0.081
293500,0.010,0.940,0.050
294000,0.010,0.972,0.018
294500,0.010,0.965,0.025
295000,0.010,0.979,0.011
295500,0.010,0.957,0.033
296000,0.010,0.955,0.035
296500,0.010,0.957,0.033
297000,0.010,0.945,0.045
297500,0.010,0.968,0.022
298000,0.010,0.857,0.133
298500,0.010,0.990,0.000
299000,0.010,0.989,0.001
299500,0.010,0.776,0.214
300000,0.010,0.987,0.003
300500,0.010,0.990,0.000
301000,0.010,0.971,0.019
301500,0.010,0.928,0.062
302000,0.010,0.905,0.085
302500,0.010,0.979,0.011
303000,0.010,0.929,0.061
303500,0.010,0.928,0.062
304000,0.010,0.901,0.089
304500,0.010,0.932,0.058
305000,0.010,0.990,0.000
305500,0.010,0.853,0.137
306000,0.010,0.883,0.107
306500,0.010,0.948,0.042
307000,0.010,0.942,0.048
307500,0.010,0.990,0.000
308000,0.010,0.986,0.004
308500,0.010,0.986,0.004
309000,0.010,0.881,0.109
309500,0.010,0.937,0.053
310000,0.010,0.960,0.030
310500,0.010,0.989,0.001
311000,0.010,0.989,0.001
311500,0.010,0.980,0.010
312000,0.010,0.846,0.144
312500,0.010,0.915,0.075
313000,0.010,0.975,0.015
313500,0.010,0.810,0.180
314000,0.010,0.956,0.034
314500,0.010,0.967,0.023
315000,0.010,0.963,0.027
315500,0.010,0.959,0.031
316000,0.010,0.916,0.074
316500,0.010,0.971,0.019
317000,0.010,0.976,0.014
317500,0.010,0.916,0.074
318000,0.010,0.879,0.111
318500,0.010,0.986,0.004
319000,0.010,0.955,0.035
319500,0.010,0.987,0.003
320000,0.010,0.943,0.047
320500,0.010,0.889,0.101
321000,0.010,0.865,0.125
321500,0.010,0.933,0.057
322000,0.010,0.985,0.005
322500,0.010,0.961,0.029
323000,0.010,0.929,0.061
323500,0.010,0.855,0.135
324000,0.010,0.980,0.010
324500,0.010,0.930,0.060
325000,0.010,0.924,0.066
325500,0.010,0.945,0.045
326000,0.010,0.904,0.086
326500,0.010,0.771,0.219
327000,0.010,0.985,0.005
327500,0.010,0.978,0.012
328000,0.010,0.986,0.004
328500,0.010,0.883,0.107
329000,0.010,0.904,0.086
329500,0.010,0.856,0.134
330000,0.010,0.883,0.107
330500,0.010,0.983,0.007
331000,0.010,0.918,0.072
331500,0.010,0.971,0.019
332000,0.010,0.962,0.028
332500,0.010,0.986,0.004
333000,0.010,0.953,0.037
333500,0.010,0.965,0.025
334000,0.010,0.918,0.072
334500,0.010,0.954,0.036
335000,0.010,0.981,0.009
335500,0.010,0.990,0.000
336000,0.010,0.792,0.198
336500,0.010,0.946,0.044
337000,0.010,0.970,0.020
337500,0.010,0.990,0.000
338000,0.010,0.954,0.036
338500,0.010,0.990,0.000
339000,0.010,0.921,0.069
339500,0.010,0.938,0.052
340000,0.010,0.990,0.000
340500,0.010,0.936,0.054
341000,0.010,0.833,0.157
341500,0.010,0.886,0.104
342000,0.010,0.925,0.065
342500,0.010,0.990,0.000
343000,0.010,0.876,0.114
343500,0.010,0.952,0.038
344000,0.010,0.905,0.085
344500,0.010,0.976,0.014
345000,0.010,0.971,0.019
345500,0.010,0.974,0.016
346000,0.010,0.871,0.119
346500,0.010,0.956,0.034
347000,0.010,0.966,0.024
347500,0.010,0.950,0.040
348000,0.010,0.936,0.054
348500,0.010,0.904,0.086
349000,0.010,0.924,0.066
349500,0.010,0.968,0.022
350000,0.010,0.989,0.001
350500,0.010,0.863,0.127
351000,0.010,0.917,0.073
351500,0.010,0.829,0.161
352000,0.010,0.873,0.117
352500,0.010,0.985,0.005
353000,0.010,0.972,0.018
353500,0.010,0.955,0.035
354000,0.010,0.989,0.001
354500,0.010,0.918,0.072
355000,0.010,0.883,0.107
355500,0.010,0.933,0.057
356000,0.010,0.811,0.179
356500,0.010,0.977,0.013
357000,0.010,0.940,0.050
357500,0.010,0.907,0.083
358000,0.010,0.974,0.016
358500,0.010,0.913,0.077
359000,0.010,0.988,0.002
359500,0.010,0.881,0.109
360000,0.010,0.909,0.081
360500,0.010,0.885,0.105
361000,0.010,0.963,0.027
361500,0.010,0.989,0.001
362000,0.010,0.913,0.077
362500,0.010,0.919,0.071
363000,0.010,0.865,0.125
363500,0.010,0.967,0.023
364000,0.010,0.973,0.017
364500,0.010,0.925,0.065
365000,0.010,0.836,0.154
365500,0.010,0.866,0.124
366000,0.010,0.931,0.059
366500,0.010,0.913,0.077
367000,0.010,0.960,0.030
367500,0.010,0.954,0.036
368000,0.010,0.889,0.101
368500,0.010,0.988,0.002
369000,0.010,0.955,0.035
369500,0.010,0.770,0.220
370000,0.010,0.941,0.049
370500,0.010,0.861,0.129
371000,0.010,0.971,0.019
371500,0.010,0.985,0.005
372000,0.010,0.896,0.094
372500,0.010,0.982,0.008
373000,0.010,0.948,0.042
373500,0.010,0.900,0.090
374000,0.010,0.961,0.029
374500,0.010,0.972,0.018
375000,0.010,0.948,0.042
375500,0.010,0.939,0.051
376000,0.010,0.933,0.057
376500,0.010,0.933,0.057
377000,0.010,0.966,0.024
377500,0.010,0.963,0.027
378000,0.010,0.945,0.045
378500,0.010,0.869,0.121
379000,0.010,0.964,0.026
379500,0.010,0.982,0.008
380000,0.010,0.925,0.065
380500,0.010,0.958,0.032
381000,0.010,0.947,0.043
381500,0.010,0.955,0.035
382000,0.010,0.987,0.003
382500,0.010,0.857,0.133
383000,0.010,0.985,0.005
383500,0.010,0.946,0.044
384000,0.010,0.989,0.001
384500,0.010,0.889,0.101
385000,0.010,0.912,0.078
385500,0.010,0.985,0.005
386000,0.010,0.947,0.043
386500,0.010,0.987,0.003
387000,0.010,0.990,0.000
387500,0.010,0.943,0.047
388000,0.010,0.984,0.006
388500,0.010,0.903,0.087
389000,0.010,0.973,0.017
389500,0.010,0.947,0.043
390000,0.010,0.925,0.065
390500,0.010,0.836,0.154
391000,0.010,0.922,0.068
391500,0.010,0.849,0.141
392000,0.010,0.982,0.008
392500,0.010,0.957,0.033
393000,0.010,0.974,0.016
393500,0.010,0.973,0.017
394000,0.010,0.976,0.014
394500,0.010,0.927,0.063
395000,0.010,0.899,0.091
395500,0.010,0.965,0.025
396000,0.010,0.989,0.001
396500,0.010,0.985,0.005
397000,0.010,0.946,0.044
397500,0.010,0.989,0.001
398000,0.010,0.988,0.002
398500,0.010,0.893,0.097
399000,0.010,0.938,0.052
399500,0.010,0.989,0.001
400000,0.010,0.920,0.070
400500,0.010,0.891,0.099
401000,0.010,0.959,0.031
401500,0.010,0.913,0.077
402000,0.010,0.918,0.072
402500,0.010,0.989,0.001
403000,0.010,0.822,0.168
403500,0.010,0.924,0.066
404000,0.010,0.971,0.019
404500,0.010,0.966,0.024
405000,0.010,0.958,0.032
405500,0.010,0.955,0.035
406000,0.010,0.979,0.011
406500,0.010,0.982,0.008
407000,0.010,0.955,0.035
407500,0.010,0.931,0.059
408000,0.010,0.951,0.039
408500,0.010,0.990,0.000
409000,0.010,0.907,0.083
409500,0.010,0.877,0.113
410000,0.010,0.883,0.107
410500,0.010,0.948,0.042
411000,0.010,0.939,0.051
411500,0.010,0.946,0.044
412000,0.010,0.874,0.116
412500,0.010,0.942,0.048
413000,0.010,0.902,0.088
413500,0.010,0.868,0.122
414000,0.010,0.946,0.044
414500,0.010,0.946,0.044
415000,0.010,0.930,0.060
415500,0.010,0.803,0.187
416000,0.010,0.990,0.000
416500,0.010,0.974,0.016
417000,0.010,0.989,0.001
417500,0.010,0.965,0.025
418000,0.010,0.990,0.000
418500,0.010,0.977,0.013
419000,0.010,0.936,0.054
419500,0.010,0.986,0.004
420000,0.010,0.952,0.038
420500,0.010,0.917,0.073
421000,0.010,0.920,0.070
421500,0.010,0.901,0.089
422000,0.010,0.906,0.084
422500,0.010,0.941,0.049
423000,0.010,0.855,0.135
423500,0.010,0.947,0.043
424000,0.010,0.848,0.142
424500,0.010,0.967,0.023
425000,0.010,0.921,0.069
425500,0.010,0.937,0.053
426000,0.010,0.974,0.016
426500,0.010,0.946,0.044
427000,0.010,0.880,0.110
427500,0.010,0.877,0.113
428000,0.010,0.942,0.048
428500,0.010,0.925,0.065
429000,0.010,0.903,0.087
429500,0.010,0.850,0.140
430000,0.010,0.913,0.077
430500,0.010,0.888,0.102
431000,0.010,0.940,0.050
431500,0.010,0.911,0.079
432000,0.010,0.988,0.002
432500,0.010,0.973,0.017
433000,0.010,0.975,0.015
433500,0.010,0.956,0.034
434000,0.010,0.809,0.181
434500,0.010,0.945,0.045
435000,0.010,0.937,0.053
435500,0.010,0.985,0.005
436000,0.010,0.932,0.058
436500,0.010,0.905,0.085
437000,0.010,0.961,0.029
437500,0.010,0.984,0.006
438000,0.010,0.977,0.013
438500,0.010,0.988,0.002
439000,0.010,0.988,0.002
439500,0.010,0.985,0.005
440000,0.010,0.990,0.000
440500,0.010,0.976,0.014
441000,0.010,0.971,0.019
441500,0.010,0.938,0.052
442000,0.010,0.960,0.030
442500,0.010,0.913,0.077
443000,0.010,0.989,0.001
443500,0.010,0.929,0.061
444000,0.010,0.952,0.038
444500,0.010,0.929,0.061
445000,0.010,0.876,0.114
445500,0.010,0.958,0.032
446000,0.010,0.936,0.054
446500,0.010,0.924,0.066
447000,0.010,0.974,0.016
447500,0.010,0.990,0.000
448000,0.010,0.941,0.049
448500,0.010,0.957,0.033
449000,0.010,0.955,0.035
449500,0.010,0.963,0.027
450000,0.010,0.983,0.007
450500,0.010,0.959,0.031
451000,0.010,0.930,0.060
451500,0.010,0.946,0.044
452000,0.010,0.858,0.132
452500,0.010,0.812,0.178
453000,0.010,0.628,0.362
453500,0.010,0.956,0.034
454000,0.010,0.901,0.089
454500,0.010,0.983,0.007
455000,0.010,0.948,0.042
455500,0.010,0.948,0.042
456000,0.010,0.986,0.004
456500,0.010,0.973,0.017
457000,0.010,0.966,0.024
457500,0.010,0.955,0.035
458000,0.010,0.830,0.160
458500,0.010,0.972,0.018
459000,0.010,0.758,0.232
459500,0.010,0.960,0.030
460000,0.010,0.949,0.041
460500,0.010,0.984,0.006
461000,0.010,0.927,0.063
461500,0.010,0.920,0.070
462000,0.010,0.968,0.022
462500,0.010,0.958,0.032
463000,0.010,0.989,0.001
463500,0.010,0.990,0.000
464000,0.010,0.986,0.004
464500,0.010,0.981,0.009
465000,0.010,0.960,0.030
465500,0.010,0.990,0.000
466000,0.010,0.923,0.067
466500,0.010,0.938,0.052
467000,0.010,0.877,0.113
467500,0.010,0.865,0.125
468000,0.010,0.938,0.052
468500,0.010,0.828,0.162
469000,0.010,0.969,0.021
469500,0.010,0.882,0.108
470000,0.010,0.782,0.208
470500,0.010,0.952,0.038
471000,0.010,0.969,0.021
471500,0.010,0.945,0.045
472000,0.010,0.945,0.045
472500,0.010,0.973,0.017
473000,0.010,0.917,0.073
473500,0.010,0.946,0.044
474000,0.010,0.965,0.025
474500,0.010,0.982,0.008
475000,0.010,0.909,0.081
475500,0.010,0.897,0.093
476000,0.010,0.969,0.021
476500,0.010,0.971,0.019
477000,0.010,0.965,0.025
477500,0.010,0.956,0.034
478000,0.010,0.955,0.035
478500,0.010,0.985,0.005
479000,0.010,0.812,0.178
479500,0.010,0.881,0.109
480000,0.010,0.811,0.179
480500,0.010,0.928,0.062
481000,0.010,0.981,0.009
481500,0.010,0.975,0.015
482000,0.010,0.987,0.003
482500,0.010,0.987,0.003
483000,0.010,0.989,0.001
483500,0.010,0.868,0.122
484000,0.010,0.760,0.230
484500,0.010,0.850,0.140
485000,0.010,0.950,0.040
485500,0.010,0.912,0.078
486000,0.010,0.898,0.092
486500,0.010,0.864,0.126
487000,0.010,0.949,0.041
487500,0.010,0.960,0.030
488000,0.010,0.973,0.017
488500,0.010,0.981,0.009
489000,0.010,0.974,0.016
489500,0.010,0.940,0.050
490000,0.010,0.973,0.017
490500,0.010,0.927,0.063
491000,0.010,0.953,0.037
491500,0.010,0.867,0.123
492000,0.010,0.952,0.038
492500,0.010,0.908,0.082
493000,0.010,0.977,0.013
493500,0.010,0.982,0.008
494000,0.010,0.990,0.000
494500,0.010,0.990,0.000
495000,0.010,0.990,0.000
495500,0.010,0.990,0.000
496000,0.010,0.946,0.044
496500,0.010,0.906,0.084
497000,0.010,0.963,0.027
497500,0.010,0.982,0.008
498000,0.010,0.985,0.005
498500,0.010,0.950,0.040
499000,0.010,0.954,0.036
499500,0.010,0.941,0.049
500000,0.010,0.980,0.010
500500,0.010,0.872,0.118
501000,0.010,0.989,0.001
501500,0.010,0.962,0.028
502000,0.010,0.951,0.039
502500,0.010,0.903,0.087
503000,0.010,0.796,0.194
503500,0.010,0.931,0.059
504000,0.010,0.962,0.028
504500,0.010,0.990,0.000
505000,0.010,0.944,0.046
505500,0.010,0.989,0.001
506000,0.010,0.906,0.084
506500,0.010,0.913,0.077
507000,0.010,0.962,0.028
507500,0.010,0.988,0.002
508000,0.010,0.990,0.000
508500,0.010,0.909,0.081
509000,0.010,0.859,0.131
509500,0.010,0.965,0.025
510000,0.010,0.945,0.045
510500,0.010,0.847,0.143
511000,0.010,0.952,0.038
511500,0.010,0.911,0.079
512000,0.010,0.948,0.042
512500,0.010,0.954,0.036
513000,0.010,0.987,0.003
513500,0.010,0.989,0.001
514000,0.010,0.980,0.010
514500,0.010,0.833,0.157
515000,0.010,0.989,0.001
515500,0.010,0.980,0.010
516000,0.010,0.982,0.008
516500,0.010,0.966,0.024
517000,0.010,0.968,0.022
517500,0.010,0.904,0.086
518000,0.010,0.943,0.047
518500,0.010,0.989,0.001
519000,0.010,0.945,0.045
519500,0.010,0.880,0.110
520000,0.010,0.960,0.030
520500,0.010,0.982,0.008
521000,0.010,0.962,0.028
521500,0.010,0.987,0.003
522000,0.010,0.873,0.117
522500,0.010,0.983,0.007
523000,0.010,0.990,0.000
523500,0.010,0.937,0.053
524000,0.010,0.924,0.066
524500,0.010,0.882,0.108
525000,0.010,0.931,0.059
525500,0.010,0.851,0.139
526000,0.010,0.987,0.003
526500,0.010,0.941,0.049
527000,0.010,0.970,0.020
527500,0.010,0.898,0.092
528000,0.010,0.912,0.078
528500,0.010,0.971,0.019
529000,0.010,0.963,0.027
529500,0.010,0.963,0.027
530000,0.010,0.988,0.002
530500,0.010,0.987,0.003
531000,0.010,0.896,0.094
531500,0.010,0.976,0.014
532000,0.010,0.877,0.113
532500,0.010,0.973,0.017
533000,0.010,0.926,0.064
533500,0.010,0.988,0.002
534000,0.010,0.986,0.004
534500,0.010,0.919,0.071
535000,0.010,0.904,0.086
535500,0.010,0.862,0.128
536000,0.010,0.961,0.029
536500,0.010,0.959,0.031
537000,0.010,0.894,0.096
537500,0.010,0.964,0.026
538000,0.010,0.982,0.008
538500,0.010,0.857,0.133
539000,0.010,0.907,0.083
539500,0.010,0.961,0.029
540000,0.010,0.990,0.000
540500,0.010,0.953,0.037
541000,0.010,0.958,0.032
541500,0.010,0.990,0.000
542000,0.010,0.957,0.033
542500,0.010,0.983,0.007
543000,0.010,0.962,0.028
543500,0.010,0.833,0.157
544000,0.010,0.985,0.005
544500,0.010,0.896,0.094
545000,0.010,0.970,0.020
545500,0.010,0.927,0.063
546000,0.010,0.985,0.005
546500,0.010,0.939,0.051
547000,0.010,0.915,0.075
547500,0.010,0.942,0.048
548000,0.010,0.910,0.080
548500,0.010,0.977,0.013
549000,0.010,0.930,0.060
549500,0.010,0.842,0.148
550000,0.010,0.955,0.035
550500,0.010,0.851,0.139
551000,0.010,0.768,0.222
551500,0.010,0.883,0.107
552000,0.010,0.958,0.032
552500,0.010,0.976,0.014
553000,0.010,0.983,0.007
553500,0.010,0.979,0.011
554000,0.010,0.826,0.164
554500,0.010,0.958,0.032
555000,0.010,0.990,0.000
555500,0.010,0.983,0.007
556000,0.010,0.972,0.018
556500,0.010,0.855,0.135
557000,0.010,0.947,0.043
557500,0.010,0.976,0.014
558000,0.010,0.958,0.032
558500,0.010,0.790,0.200
559000,0.010,0.989,0.001
559500,0.010,0.985,0.005
560000,0.010,0.946,0.044
560500,0.010,0.983,0.007
561000,0.010,0.990,0.000
561500,0.010,0.981,0.009
562000,0.010,0.953,0.037
562500,0.010,0.916,0.074
563000,0.010,0.951,0.039
563500,0.010,0.973,0.017
564000,0.010,0.963,0.027
564500,0.010,0.989,0.001
565000,0.010,0.828,0.162
565500,0.010,0.937,0.053
566000,0.010,0.955,0.035
566500,0.010,0.961,0.029
567000,0.010,0.913,0.077
567500,0.010,0.791,0.199
568000,0.010,0.926,0.064
568500,0.010,0.990,0.000
569000,0.010,0.952,0.038
569500,0.010,0.864,0.126
570000,0.010,0.985,0.005
570500,0.010,0.801,0.189
571000,0.010,0.953,0.037
571500,0.010,0.935,0.055
572000,0.010,0.963,0.027
572500,0.010,0.965,0.025
573000,0.010,0.915,0.075
573500,0.010,0.897,0.093
574000,0.010,0.912,0.078
574500,0.010,0.990,0.000
575000,0.010,0.912,0.078
575500,0.010,0.962,0.028
576000,0.010,0.953,0.037
576500,0.010,0.941,0.049
577000,0.010,0.974,0.016
577500,0.010,0.962,0.028
578000,0.010,0.990,0.000
578500,0.010,0.975,0.015
579000,0.010,0.916,0.074
579500,0.010,0.990,0.000
580000,0.010,0.982,0.008
580500,0.010,0.938,0.052
581000,0.010,0.961,0.029
581500,0.010,0.795,0.195
582000,0.010,0.941,0.049
582500,0.010,0.950,0.040
583000,0.010,0.990,0.000
583500,0.010,0.932,0.058
584000,0.010,0.740,0.250
584500,0.010,0.909,0.081
585000,0.010,0.824,0.166
585500,0.010,0.985,0.005
586000,0.010,0.988,0.002
586500,0.010,0.960,0.030
587000,0.010,0.969,0.021
587500,0.010,0.882,0.108
588000,0.010,0.758,0.232
588500,0.010,0.859,0.131
589000,0.010,0.979,0.011
589500,0.010,0.895,0.095
590000,0.010,0.989,0.001
590500,0.010,0.943,0.047
591000,0.010,0.937,0.053
591500,0.010,0.987,0.003
592000,0.010,0.951,0.039
592500,0.010,0.938,0.052
593000,0.010,0.953,0.037
593500,0.010,0.965,0.025
594000,0.010,0.990,0.000
594500,0.010,0.971,0.019
595000,0.010,0.927,0.063
595500,0.010,0.957,0.033
596000,0.010,0.957,0.033
596500,0.010,0.908,0.082
597000,0.010,0.979,0.011
597500,0.010,0.938,0.052
598000,0.010,0.908,0.082
598500,0.010,0.956,0.034
599000,0.010,0.986,0.004
599500,0.010,0.947,0.043
600000,0.010,0.843,0.147
600500,0.010,0.980,0.010
601000,0.010,0.990,0.000
601500,0.010,0.990,0.000
602000,0.010,0.975,0.015
602500,0.010,0.956,0.034
603000,0.010,0.901,0.089
603500,0.010,0.860,0.130
604000,0.010,0.980,0.010
604500,0.010,0.978,0.012
605000,0.010,0.943,0.047
605500,0.010,0.959,0.031
606000,0.010,0.909,0.081
606500,0.010,0.941,0.049
607000,0.010,0.927,0.063
607500,0.010,0.990,0.000
608000,0.010,0.982,0.008
608500,0.010,0.971,0.019
609000,0.010,0.902,0.088
609500,0.010,0.920,0.070
610000,0.010,0.899,0.091
610500,0.010,0.942,0.048
611000,0.010,0.963,0.027
611500,0.010,0.831,0.159
612000,0.010,0.862,0.128
612500,0.010,0.940,0.050
613000,0.010,0.886,0.104
613500,0.010,0.983,0.007
614000,0.010,0.952,0.038
614500,0.010,0.888,0.102
615000,0.010,0.884,0.106
615500,0.010,0.913,0.077
616000,0.010,0.933,0.057
616500,0.010,0.951,0.039
617000,0.010,0.921,0.069
617500,0.010,0.988,0.002
618000,0.010,0.908,0.082
618500,0.010,0.928,0.062
619000,0.010,0.852,0.138
619500,0.010,0.944,0.046
620000,0.010,0.955,0.035
620500,0.010,0.847,0.143
621000,0.010,0.975,0.015
621500,0.010,0.981,0.009
622000,0.010,0.906,0.084
622500,0.010,0.958,0.032
623000,0.010,0.909,0.081
623500,0.010,0.914,0.076
624000,0.010,0.949,0.041
624500,0.010,0.935,0.055
625000,0.010,0.958,0.032
625500,0.010,0.990,0.000
626000,0.010,0.984,0.006
626500,0.010,0.977,0.013
627000,0.010,0.909,0.081
627500,0.010,0.946,0.044
628000,0.010,0.925,0.065
628500,0.010,0.951,0.039
629000,0.010,0.965,0.025
629500,0.010,0.977,0.013
630000,0.010,0.923,0.067
630500,0.010,0.933,0.057
631000,0.010,0.961,0.029
631500,0.010,0.941,0.049
632000,0.010,0.885,0.105
632500,0.010,0.975,0.015
633000,0.010,0.971,0.019
633500,0.010,0.985,0.005
634000,0.010,0.953,0.037
634500,0.010,0.922,0.068
635000,0.010,0.983,0.007
635500,0.010,0.922,0.068
636000,0.010,0.855,0.135
636500,0.010,0.887,0.103
637000,0.010,0.946,0.044
637500,0.010,0.968,0.022
638000,0.010,0.989,0.001
638500,0.010,0.990,0.000
639000,0.010,0.909,0.081
639500,0.010,0.946,0.044
640000,0.010,0.978,0.012
640500,0.010,0.942,0.048
641000,0.010,0.988,0.002
641500,0.010,0.984,0.006
642000,0.010,0.919,0.071
642500,0.010,0.962,0.028
643000,0.010,0.959,0.031
643500,0.010,0.879,0.111
644000,0.010,0.989,0.001
644500,0.010,0.923,0.067
645000,0.010,0.961,0.029
645500,0.010,0.882,0.108
646000,0.010,0.874,0.116
646500,0.010,0.982,0.008
647000,0.010,0.989,0.001
647500,0.010,0.984,0.006
648000,0.010,0.964,0.026
648500,0.010,0.804,0.186
649000,0.010,0.950,0.040
649500,0.010,0.966,0.024
650000,0.010,0.990,0.000
650500,0.010,0.967,0.023
651000,0.010,0.989,0.001
651500,0.010,0.886,0.104
652000,0.010,0.981,0.009
652500,0.010,0.957,0.033
653000,0.010,0.858,0.132
653500,0.010,0.886,0.104
654000,0.010,0.982,0.008
654500,0.010,0.965,0.025
655000,0.010,0.860,0.130
655500,0.010,0.961,0.029
656000,0.010,0.941,0.049
656500,0.010,0.971,0.019
657000,0.010,0.988,0.002
657500,0.010,0.846,0.144
658000,0.010,0.962,0.028
658500,0.010,0.981,0.009
659000,0.010,0.961,0.029
659500,0.010,0.926,0.064
660000,0.010,0.981,0.009
660500,0.010,0.984,0.006
661000,0.010,0.937,0.053
661500,0.010,0.951,0.039
662000,0.010,0.973,0.017
662500,0.010,0.963,0.027
663000,0.010,0.980,0.010
663500,0.010,0.944,0.046
664000,0.010,0.858,0.132
664500,0.010,0.940,0.050
665000,0.010,0.792,0.198
665500,0.010,0.807,0.183
666000,0.010,0.789,0.201
666500,0.010,0.984,0.006
667000,0.010,0.944,0.046
667500,0.010,0.885,0.105
668000,0.010,0.961,0.029
668500,0.010,0.936,0.054
669000,0.010,0.946,0.044
669500,0.010,0.925,0.065
670000,0.010,0.877,0.113
670500,0.010,0.843,0.147
671000,0.010,0.957,0.033
671500,0.010,0.920,0.070
672000,0.010,0.888,0.102
672500,0.010,0.893,0.097
673000,0.010,0.891,0.099
673500,0.010,0.987,0.003
674000,0.010,0.976,0.014
674500,0.010,0.891,0.099
675000,0.010,0.962,0.028
675500,0.010,0.988,0.002
676000,0.010,0.968,0.022
676500,0.010,0.915,0.075
677000,0.010,0.943,0.047
677500,0.010,0.968,0.022
678000,0.010,0.915,0.075
678500,0.010,0.975,0.015
679000,0.010,0.913,0.077
679500,0.010,0.921,0.069
680000,0.010,0.930,0.060
680500,0.010,0.976,0.014
681000,0.010,0.887,0.103
681500,0.010,0.707,0.283
682000,0.010,0.951,0.039
682500,0.010,0.917,0.073
683000,0.010,0.964,0.026
683500,0.010,0.938,0.052
684000,0.010,0.972,0.018
684500,0.010,0.977,0.013
685000,0.010,0.970,0.020
685500,0.010,0.984,0.006
686000,0.010,0.949,0.041
686500,0.010,0.956,0.034
687000,0.010,0.932,0.058
687500,0.010,0.963,0.027
688000,0.010,0.933,0.057
688500,0.010,0.840,0.150
689000,0.010,0.967,0.023
689500,0.010,0.944,0.046
690000,0.010,0.926,0.064
690500,0.010,0.981,0.009
691000,0.010,0.901,0.089
691500,0.010,0.941,0.049
692000,0.010,0.969,0.021
692500,0.010,0.971,0.019
693000,0.010,0.867,0.123
693500,0.010,0.889,0.101
694000,0.010,0.917,0.073
694500,0.010,0.898,0.092
695000,0.010,0.928,0.062
695500,0.010,0.833,0.157
696000,0.010,0.971,0.019
696500,0.010,0.925,0.065
697000,0.010,0.927,0.063
697500,0.010,0.827,0.163
698000,0.010,0.798,0.192
698500,0.010,0.981,0.009
699000,0.010,0.969,0.021
699500,0.010,0.930,0.060
700000,0.010,0.974,0.016
700500,0.010,0.988,0.002
701000,0.010,0.937,0.053
701500,0.010,0.946,0.044
702000,0.010,0.960,0.030
702500,0.010,0.851,0.139
703000,0.010,0.917,0.073
703500,0.010,0.910,0.080
704000,0.010,0.957,0.033
704500,0.010,0.990,0.000
705000,0.010,0.949,0.041
705500,0.010,0.915,0.075
706000,0.010,0.798,0.192
706500,0.010,0.931,0.059
707000,0.010,0.980,0.010
707500,0.010,0.777,0.213
708000,0.010,0.989,0.001
708500,0.010,0.881,0.109
709000,0.010,0.915,0.075
709500,0.010,0.971,0.019
710000,0.010,0.928,0.062
710500,0.010,0.836,0.154
711000,0.010,0.842,0.148
711500,0.010,0.877,0.113
712000,0.010,0.834,0.156
712500,0.010,0.808,0.182
713000,0.010,0.919,0.071
713500,0.010,0.895,0.095
714000,0.010,0.949,0.041
714500,0.010,0.970,0.020
715000,0.010,0.830,0.160
715500,0.010,0.904,0.086
716000,0.010,0.922,0.068
716500,0.010,0.933,0.057
717000,0.010,0.939,0.051
717500,0.010,0.958,0.032
718000,0.010,0.921,0.069
718500,0.010,0.789,0.201
719000,0.010,0.989,0.001
719500,0.010,0.884,0.106
720000,0.010,0.969,0.021
720500,0.010,0.825,0.165
721000,0.010,0.895,0.095
721500,0.010,0.982,0.008
722000,0.010,0.799,0.191
722500,0.010,0.929,0.061
723000,0.010,0.927,0.063
723500,0.010,0.857,0.133
724000,0.010,0.965,0.025
724500,0.010,0.979,0.011
725000,0.010,0.973,0.017
725500,0.010,0.923,0.067
726000,0.010,0.951,0.039
726500,0.010,0.885,0.105
727000,0.010,0.920,0.070
727500,0.010,0.988,0.002
728000,0.010,0.984,0.006
728500,0.010,0.897,0.093
729000,0.010,0.927,0.063
729500,0.010,0.872,0.118
730000,0.010,0.979,0.011
730500,0.010,0.940,0.050
731000,0.010,0.922,0.068
731500,0.010,0.965,0.025
732000,0.010,0.895,0.095
732500,0.010,0.986,0.004
733000,0.010,0.974,0.016
733500,0.010,0.937,0.053
734000,0.010,0.927,0.063
734500,0.010,0.936,0.054
735000,0.010,0.936,0.054
735500,0.010,0.910,0.080
736000,0.010,0.825,0.165
736500,0.010,0.963,0.027
737000,0.010,0.866,0.124
737500,0.010,0.990,0.000
738000,0.010,0.962,0.028
738500,0.010,0.915,0.075
739000,0.010,0.902,0.088
739500,0.010,0.949,0.041
740000,0.010,0.953,0.037
740500,0.010,0.953,0.037
741000,0.010,0.963,0.027
741500,0.010,0.990,0.000
742000,0.010,0.978,0.012
742500,0.010,0.933,0.057
743000,0.010,0.889,0.101
743500,0.010,0.961,0.029
744000,0.010,0.966,0.024
744500,0.010,0.926,0.064
745000,0.010,0.783,0.207
745500,0.010,0.834,0.156
746000,0.010,0.974,0.016
746500,0.010,0.916,0.074
747000,0.010,0.984,0.006
747500,0.010,0.961,0.029
748000,0.010,0.943,0.047
748500,0.010,0.918,0.072
749000,0.010,0.990,0.000
749500,0.010,0.837,0.153
750000,0.010,0.933,0.057
750500,0.010,0.990,0.000
751000,0.010,0.894,0.096
751500,0.010,0.966,0.024
752000,0.010,0.977,0.013
752500,0.010,0.988,0.002
753000,0.010,0.846,0.144
753500,0.010,0.967,0.023
754000,0.010,0.938,0.052
754500,0.010,0.966,0.024
755000,0.010,0.977,0.013
755500,0.010,0.990,0.000
756000,0.010,0.880,0.110
756500,0.010,0.941,0.049
757000,0.010,0.963,0.027
757500,0.010,0.945,0.045
758000,0.010,0.896,0.094
758500,0.010,0.921,0.069
759000,0.010,0.878,0.112
759500,0.010,0.897,0.093
760000,0.010,0.900,0.090
760500,0.010,0.946,0.044
761000,0.010,0.952,0.038
761500,0.010,0.984,0.006
762000,0.010,0.968,0.022
762500,0.010,0.957,0.033
763000,0.010,0.947,0.043
763500,0.010,0.970,0.020
764000,0.010,0.960,0.030
764500,0.010,0.989,0.001
765000,0.010,0.955,0.035
765500,0.010,0.965,0.025
766000,0.010,0.735,0.255
766500,0.010,0.884,0.106
767000,0.010,0.951,0.039
767500,0.010,0.973,0.017
768000,0.010,0.979,0.011
768500,0.010,0.917,0.073
769000,0.010,0.910,0.080
769500,0.010,0.973,0.017
770000,0.010,0.869,0.121
770500,0.010,0.800,0.190
771000,0.010,0.960,0.030
771500,0.010,0.817,0.173
772000,0.010,0.900,0.090
772500,0.010,0.989,0.001
773000,0.010,0.970,0.020
773500,0.010,0.990,0.000
774000,0.010,0.910,0.080
774500,0.010,0.966,0.024
775000,0.010,0.962,0.028
775500,0.010,0.927,0.063
776000,0.010,0.857,0.133
776500,0.010,0.961,0.029
777000,0.010,0.933,0.057
777500,0.010,0.785,0.205
778000,0.010,0.982,0.008
778500,0.010,0.859,0.131
779000,0.010,0.880,0.110
779500,0.010,0.963,0.027
780000,0.010,0.964,0.026
780500,0.010,0.937,0.053
781000,0.010,0.894,0.096
781500,0.010,0.898,0.092
782000,0.010,0.974,0.016
782500,0.010,0.953,0.037
783000,0.010,0.960,0.030
783500,0.010,0.961,0.029
784000,0.010,0.959,0.031
784500,0.010,0.952,0.038
785000,0.010,0.888,0.102
785500,0.010,0.960,0.030
786000,0.010,0.978,0.012
786500,0.010,0.903,0.087
787000,0.010,0.967,0.023
787500,0.010,0.989,0.001
788000,0.010,0.981,0.009
788500,0.010,0.965,0.025
789000,0.010,0.989,0.001
789500,0.010,0.958,0.032
790000,0.010,0.905,0.085
790500,0.010,0.975,0.015
791000,0.010,0.980,0.010
791500,0.010,0.984,0.006
792000,0.010,0.882,0.108
792500,0.010,0.970,0.020
793000,0.010,0.969,0.021
793500,0.010,0.989,0.001
794000,0.010,0.876,0.114
794500,0.010,0.890,0.100
795000,0.010,0.833,0.157
795500,0.010,0.964,0.026
796000,0.010,0.959,0.031
796500,0.010,0.922,0.068
797000,0.010,0.964,0.026
797500,0.010,0.989,0.001
798000,0.010,0.937,0.053
798500,0.010,0.962,0.028
799000,0.010,0.866,0.124
799500,0.010,0.852,0.138
800000,0.010,0.965,0.025
800500,0.010,0.990,0.000
801000,0.010,0.959,0.031
801500,0.010,0.856,0.134
802000,0.010,0.944,0.046
802500,0.010,0.983,0.007
803000,0.010,0.884,0.106
803500,0.010,0.968,0.022
804000,0.010,0.903,0.087
804500,0.010,0.867,0.123
805000,0.010,0.977,0.013
805500,0.010,0.910,0.080
806000,0.010,0.990,0.000
806500,0.010,0.961,0.029
807000,0.010,0.883,0.107
807500,0.010,0.892,0.098
808000,0.010,0.938,0.052
808500,0.010,0.866,0.124
809000,0.010,0.971,0.019
809500,0.010,0.971,0.019
810000,0.010,0.813,0.177
810500,0.010,0.914,0.076
811000,0.010,0.973,0.017
811500,0.010,0.978,0.012
812000,0.010,0.958,0.032
812500,0.010,0.949,0.041
813000,0.010,0.956,0.034
813500,0.010,0.962,0.028
814000,0.010,0.852,0.138
814500,0.010,0.940,0.050
815000,0.010,0.950,0.040
815500,0.010,0.971,0.019
816000,0.010,0.954,0.036
816500,0.010,0.936,0.054
817000,0.010,0.962,0.028
817500,0.010,0.976,0.014
818000,0.010,0.911,0.079
818500,0.010,0.979,0.011
819000,0.010,0.927,0.063
819500,0.010,0.990,0.000
820000,0.010,0.904,0.086
820500,0.010,0.891,0.099
821000,0.010,0.955,0.035
821500,0.010,0.986,0.004
822000,0.010,0.973,0.017
822500,0.010,0.923,0.067
823000,0.010,0.904,0.086
823500,0.010,0.945,0.045
824000,0.010,0.954,0.036
824500,0.010,0.862,0.128
825000,0.010,0.828,0.162
825500,0.010,0.981,0.009
826000,0.010,0.987,0.003
826500,0.010,0.986,0.004
827000,0.010,0.948,0.042
827500,0.010,0.971,0.019
828000,0.010,0.982,0.008
828500,0.010,0.865,0.125
829000,0.010,0.985,0.005
829500,0.010,0.932,0.058
830000,0.010,0.979,0.011
830500,0.010,0.990,0.000
831000,0.010,0.960,0.030
831500,0.010,0.990,0.000
832000,0.010,0.947,0.043
832500,0.010,0.958,0.032
833000,0.010,0.990,0.000
833500,0.010,0.966,0.024
834000,0.010,0.968,0.022
834500,0.010,0.980,0.010
835000,0.010,0.954,0.036
835500,0.010,0.976,0.014
836000,0.010,0.956,0.034
836500,0.010,0.979,0.011
837000,0.010,0.889,0.101
837500,0.010,0.976,0.014
838000,0.010,0.963,0.027
838500,0.010,0.886,0.104
839000,0.010,0.954,0.036
839500,0.010,0.964,0.026
840000,0.010,0.881,0.109
840500,0.010,0.971,0.019
841000,0.010,0.886,0.104
841500,0.010,0.852,0.138
842000,0.010,0.987,0.003
842500,0.010,0.904,0.086
843000,0.010,0.943,0.047
843500,0.010,0.984,0.006
844000,0.010,0.978,0.012
844500,0.010,0.857,0.133
845000,0.010,0.931,0.059
845500,0.010,0.910,0.080
846000,0.010,0.945,0.045
846500,0.010,0.873,0.117
847000,0.010,0.966,0.024
847500,0.010,0.927,0.063
848000,0.010,0.942,0.048
848500,0.010,0.966,0.024
849000,0.010,0.962,0.028
849500,0.010,0.966,0.024
850000,0.010,0.947,0.043
850500,0.010,0.959,0.031
851000,0.010,0.965,0.025
851500,0.010,0.928,0.062
852000,0.010,0.973,0.017
852500,0.010,0.947,0.043
853000,0.010,0.921,0.069
853500,0.010,0.960,0.030
854000,0.010,0.929,0.061
854500,0.010,0.849,0.141
855000,0.010,0.927,0.063
855500,0.010,0.973,0.017
856000,0.010,0.885,0.105
856500,0.010,0.988,0.002
857000,0.010,0.947,0.043
857500,0.010,0.959,0.031
858000,0.010,0.934,0.056
858500,0.010,0.943,0.047
859000,0.010,0.828,0.162
859500,0.010,0.905,0.085
860000,0.010,0.964,0.026
860500,0.010,0.930,0.060
861000,0.010,0.923,0.067
861500,0.010,0.969,0.021
862000,0.010,0.917,0.073
862500,0.010,0.960,0.030
863000,0.010,0.912,0.078
863500,0.010,0.954,0.036
864000,0.010,0.944,0.046
864500,0.010,0.795,0.195
865000,0.010,0.932,0.058
865500,0.010,0.926,0.064
866000,0.010,0.945,0.045
866500,0.010,0.961,0.029
867000,0.010,0.986,0.004
867500,0.010,0.972,0.018
868000,0.010,0.876,0.114
868500,0.010,0.945,0.045
869000,0.010,0.976,0.014
869500,0.010,0.956,0.034
870000,0.010,0.803,0.187
870500,0.010,0.885,0.105
871000,0.010,0.822,0.168
871500,0.010,0.911,0.079
872000,0.010,0.920,0.070
872500,0.010,0.974,0.016
873000,0.010,0.969,0.021
873500,0.010,0.905,0.085
874000,0.010,0.869,0.121
874500,0.010,0.967,0.023
875000,0.010,0.985,0.005
875500,0.010,0.972,0.018
876000,0.010,0.952,0.038
876500,0.010,0.981,0.009
877000,0.010,0.848,0.142
877500,0.010,0.984,0.006
878000,0.010,0.920,0.070
878500,0.010,0.955,0.035
879000,0.010,0.981,0.009
879500,0.010,0.968,0.022
880000,0.010,0.957,0.033
880500,0.010,0.956,0.034
881000,0.010,0.986,0.004
881500,0.010,0.978,0.012
882000,0.010,0.990,0.000
882500,0.010,0.984,0.006
883000,0.010,0.841,0.149
883500,0.010,0.983,0.007
884000,0.010,0.990,0.000
884500,0.010,0.947,0.043
885000,0.010,0.892,0.098
885500,0.010,0.864,0.126
886000,0.010,0.925,0.065
886500,0.010,0.957,0.033
887000,0.010,0.926,0.064
887500,0.010,0.942,0.048
888000,0.010,0.977,0.013
888500,0.010,0.979,0.011
889000,0.010,0.899,0.091
889500,0.010,0.971,0.019
890000,0.010,0.988,0.002
890500,0.010,0.914,0.076
891000,0.010,0.939,0.051
891500,0.010,0.949,0.041
892000,0.010,0.940,0.050
892500,0.010,0.947,0.043
893000,0.010,0.931,0.059
893500,0.010,0.905,0.085
894000,0.010,0.969,0.021
894500,0.010,0.989,0.001
895000,0.010,0.954,0.036
895500,0.010,0.940,0.050
896000,0.010,0.990,0.000
896500,0.010,0.955,0.035
897000,0.010,0.989,0.001
897500,0.010,0.961,0.029
898000,0.010,0.990,0.000
898500,0.010,0.982,0.008
899000,0.010,0.889,0.101
899500,0.010,0.932,0.058
900000,0.010,0.910,0.080
900500,0.010,0.960,0.030
901000,0.010,0.940,0.050
901500,0.010,0.977,0.013
902000,0.010,0.975,0.015
902500,0.010,0.877,0.113
903000,0.010,0.989,0.001
903500,0.010,0.980,0.010
904000,0.010,0.905,0.085
904500,0.010,0.989,0.001
905000,0.010,0.903,0.087
905500,0.010,0.922,0.068
906000,0.010,0.954,0.036
906500,0.010,0.836,0.154
907000,0.010,0.985,0.005
907500,0.010,0.990,0.000
908000,0.010,0.928,0.062
908500,0.010,0.929,0.061
909000,0.010,0.907,0.083
909500,0.010,0.970,0.020
910000,0.010,0.976,0.014
910500,0.010,0.854,0.136
911000,0.010,0.970,0.020
911500,0.010,0.972,0.018
912000,0.010,0.977,0.013
912500,0.010,0.945,0.045
913000,0.010,0.911,0.079
913500,0.010,0.985,0.005
914000,0.010,0.987,0.003
914500,0.010,0.941,0.049
915000,0.010,0.833,0.157
915500,0.010,0.916,0.074
916000,0.010,0.985,0.005
916500,0.010,0.989,0.001
917000,0.010,0.988,0.002
917500,0.010,0.906,0.084
918000,0.010,0.973,0.017
918500,0.010,0.938,0.052
919000,0.010,0.936,0.054
919500,0.010,0.982,0.008
920000,0.010,0.927,0.063
920500,0.010,0.979,0.011
921000,0.010,0.966,0.024
921500,0.010,0.967,0.023
922000,0.010,0.979,0.011
922500,0.010,0.934,0.056
923000,0.010,0.885,0.105
923500,0.010,0.887,0.103
924000,0.010,0.971,0.019
924500,0.010,0.952,0.038
925000,0.010,0.951,0.039
925500,0.010,0.988,0.002
926000,0.010,0.990,0.000
926500,0.010,0.990,0.000
927000,0.010,0.952,0.038
927500,0.010,0.815,0.175
928000,0.010,0.943,0.047
928500,0.010,0.922,0.068
929000,0.010,0.899,0.091
929500,0.010,0.916,0.074
930000,0.010,0.870,0.120
930500,0.010,0.921,0.069
931000,0.010,0.973,0.017
931500,0.010,0.964,0.026
932000,0.010,0.987,0.003
932500,0.010,0.990,0.000
933000,0.010,0.989,0.001
933500,0.010,0.935,0.055
934000,0.010,0.974,0.016
934500,0.010,0.893,0.097
935000,0.010,0.966,0.024
935500,0.010,0.934,0.056
936000,0.010,0.984,0.006
936500,0.010,0.921,0.069
937000,0.010,0.990,0.000
937500,0.010,0.988,0.002
938000,0.010,0.897,0.093
938500,0.010,0.840,0.150
939000,0.010,0.986,0.004
939500,0.010,0.961,0.029
940000,0.010,0.891,0.099
940500,0.010,0.980,0.010
941000,0.010,0.971,0.019
941500,0.010,0.921,0.069
942000,0.010,0.924,0.066
942500,0.010,0.747,0.243
943000,0.010,0.970,0.020
943500,0.010,0.976,0.014
944000,0.010,0.937,0.053
944500,0.010,0.911,0.079
945000,0.010,0.960,0.030
945500,0.010,0.942,0.048
946000,0.010,0.846,0.144
946500,0.010,0.903,0.087
947000,0.010,0.857,0.133
947500,0.010,0.960,0.030
948000,0.010,0.954,0.036
948500,0.010,0.917,0.073
949000,0.010,0.963,0.027
949500,0.010,0.989,0.001
950000,0.010,0.985,0.005
950500,0.010,0.885,0.105
951000,0.010,0.984,0.006
951500,0.010,0.890,0.100
952000,0.010,0.953,0.037
952500,0.010,0.990,0.000
953000,0.010,0.967,0.023
953500,0.010,0.987,0.003
954000,0.010,0.941,0.049
954500,0.010,0.966,0.024
955000,0.010,0.926,0.064
955500,0.010,0.939,0.051
956000,0.010,0.969,0.021
956500,0.010,0.857,0.133
957000,0.010,0.928,0.062
957500,0.010,0.859,0.131
958000,0.010,0.933,0.057
958500,0.010,0.984,0.006
959000,0.010,0.976,0.014
959500,0.010,0.932,0.058
960000,0.010,0.989,0.001
960500,0.010,0.868,0.122
961000,0.010,0.845,0.145
961500,0.010,0.940,0.050
962000,0.010,0.979,0.011
962500,0.010,0.751,0.239
963000,0.010,0.888,0.102
963500,0.010,0.929,0.061
964000,0.010,0.910,0.080
964500,0.010,0.940,0.050
965000,0.010,0.984,0.006
965500,0.010,0.949,0.041
966000,0.010,0.801,0.189
966500,0.010,0.909,0.081
967000,0.010,0.990,0.000
967500,0.010,0.876,0.114
968000,0.010,0.982,0.008
968500,0.010,0.960,0.030
969000,0.010,0.918,0.072
969500,0.010,0.966,0.024
970000,0.010,0.901,0.089
970500,0.010,0.785,0.205
971000,0.010,0.926,0.064
971500,0.010,0.974,0.016
972000,0.010,0.987,0.003
972500,0.010,0.953,0.037
973000,0.010,0.971,0.019
973500,0.010,0.896,0.094
974000,0.010,0.921,0.069
974500,0.010,0.990,0.000
975000,0.010,0.962,0.028
975500,0.010,0.875,0.115
976000,0.010,0.684,0.306
976500,0.010,0.941,0.049
977000,0.010,0.988,0.002
977500,0.010,0.990,0.000
978000,0.010,0.929,0.061
978500,0.010,0.920,0.070
979000,0.010,0.987,0.003
979500,0.010,0.906,0.084
980000,0.010,0.978,0.012
980500,0.010,0.884,0.106
981000,0.010,0.977,0.013
981500,0.010,0.939,0.051
982000,0.010,0.970,0.020
982500,0.010,0.962,0.028
983000,0.010,0.918,0.072
983500,0.010,0.942,0.048
984000,0.010,0.963,0.027
984500,0.010,0.986,0.004
985000,0.010,0.962,0.028
985500,0.010,0.934,0.056
986000,0.010,0.932,0.058
986500,0.010,0.812,0.178
987000,0.010,0.988,0.002
987500,0.010,0.922,0.068
988000,0.010,0.958,0.032
988500,0.010,0.987,0.003
989000,0.010,0.958,0.032
989500,0.010,0.975,0.015
990000,0.010,0.959,0.031
990500,0.010,0.962,0.028
991000,0.010,0.955,0.035
991500,0.010,0.985,0.005
992000,0.010,0.934,0.056
992500,0.010,0.963,0.027
993000,0.010,0.900,0.090
993500,0.010,0.972,0.018
994000,0.010,0.982,0.008
994500,0.010,0.979,0.011
995000,0.010,0.970,0.020
995500,0.010,0.963,0.027
996000,0.010,0.972,0.018
996500,0.010,0.979,0.011
997000,0.010,0.960,0.030
997500,0.010,0.963,0.027
998000,0.010,0.901,0.089
998500,0.010,0.920,0.070
999000,0.010,0.805,0.185
999500,0.010,0.872,0.118
1000000,0.010,0.920,0.070
