time,n_A+p,n_B,n_AB
500,0.050,0.408,0.542
1000,0.050,0.285,0.665
1500,0.050,0.330,0.620
2000,0.061,0.285,0.654
2500,0.055,0.291,0.654
3000,0.060,0.228,0.712
3500,0.079,0.197,0.724
4000,0.141,0.058,0.801
4500,0.561,0.000,0.439
5000,0.804,0.000,0.196
5500,0.899,0.000,0.101
6000,0.994,0.000,0.006
6500,0.972,0.000,0.028
7000,0.977,0.000,0.023
7500,1.000,0.000,0.000
