time,n_A+p,n_B,n_AB
500,0.050,0.789,0.161
1000,0.050,0.685,0.265
1500,0.050,0.541,0.409
2000,0.050,0.427,0.522
2500,0.050,0.411,0.538
3000,0.050,0.444,0.506
3500,0.050,0.384,0.566
4000,0.050,0.429,0.521
4500,0.050,0.452,0.498
5000,0.050,0.342,0.608
5500,0.050,0.335,0.615
6000,0.052,0.362,0.586
6500,0.051,0.330,0.619
7000,0.053,0.388,0.559
7500,0.051,0.407,0.542
8000,0.050,0.441,0.509
8500,0.050,0.439,0.511
9000,0.050,0.438,0.512
9500,0.050,0.369,0.581
10000,0.050,0.393,0.557
10500,0.050,0.363,0.587
11000,0.050,0.363,0.587
11500,0.051,0.415,0.533
12000,0.050,0.406,0.544
12500,0.050,0.398,0.552
13000,0.052,0.370,0.578
13500,0.051,0.372,0.577
14000,0.050,0.399,0.551
14500,0.056,0.325,0.619
15000,0.052,0.351,0.597
15500,0.051,0.340,0.609
16000,0.051,0.337,0.611
16500,0.054,0.287,0.659
17000,0.053,0.292,0.655
17500,0.053,0.335,0.611
18000,0.056,0.348,0.596
18500,0.051,0.358,0.591
19000,0.050,0.364,0.585
19500,0.050,0.384,0.567
20000,0.050,0.374,0.576
20500,0.052,0.349,0.599
21000,0.067,0.276,0.658
21500,0.057,0.283,0.659
22000,0.069,0.252,0.680
22500,0.053,0.314,0.633
23000,0.056,0.363,0.582
23500,0.051,0.378,0.572
24000,0.050,0.439,0.511
24500,0.055,0.375,0.570
25000,0.054,0.292,0.653
25500,0.051,0.353,0.597
26000,0.050,0.413,0.536
26500,0.050,0.404,0.546
27000,0.050,0.385,0.565
27500,0.055,0.351,0.593
28000,0.056,0.369,0.575
28500,0.051,0.346,0.603
29000,0.050,0.426,0.524
29500,0.050,0.351,0.599
30000,0.050,0.329,0.621
30500,0.050,0.331,0.619
31000,0.051,0.356,0.592
31500,0.052,0.398,0.549
32000,0.051,0.389,0.559
32500,0.051,0.380,0.569
33000,0.051,0.393,0.556
33500,0.050,0.400,0.550
34000,0.050,0.398,0.552
34500,0.052,0.335,0.613
35000,0.052,0.318,0.630
35500,0.050,0.326,0.624
36000,0.050,0.310,0.639
36500,0.050,0.337,0.613
37000,0.050,0.308,0.641
37500,0.051,0.358,0.591
38000,0.054,0.266,0.680
38500,0.056,0.347,0.597
39000,0.062,0.296,0.641
39500,0.054,0.326,0.619
40000,0.058,0.307,0.635
40500,0.058,0.288,0.654
41000,0.056,0.265,0.679
41500,0.070,0.301,0.629
42000,0.060,0.277,0.662
42500,0.056,0.353,0.592
43000,0.051,0.331,0.619
43500,0.050,0.369,0.581
44000,0.050,0.389,0.561
44500,0.060,0.330,0.610
45000,0.060,0.298,0.641
45500,0.051,0.380,0.569
46000,0.051,0.377,0.573
46500,0.050,0.441,0.509
47000,0.050,0.431,0.518
47500,0.050,0.411,0.539
48000,0.050,0.388,0.562
48500,0.050,0.329,0.621
49000,0.050,0.344,0.606
49500,0.052,0.343,0.605
50000,0.053,0.334,0.613
50500,0.050,0.359,0.591
51000,0.050,0.340,0.610
51500,0.050,0.368,0.582
52000,0.056,0.337,0.607
52500,0.055,0.333,0.612
53000,0.051,0.315,0.635
53500,0.051,0.301,0.649
54000,0.052,0.346,0.602
54500,0.051,0.347,0.603
55000,0.050,0.351,0.599
55500,0.050,0.397,0.553
56000,0.050,0.423,0.526
56500,0.050,0.322,0.628
57000,0.053,0.377,0.570
57500,0.051,0.358,0.591
58000,0.050,0.342,0.608
58500,0.050,0.364,0.586
59000,0.050,0.445,0.505
59500,0.053,0.349,0.597
60000,0.050,0.338,0.612
60500,0.056,0.312,0.631
61000,0.080,0.259,0.662
61500,0.079,0.235,0.686
62000,0.073,0.209,0.718
62500,0.060,0.221,0.719
63000,0.058,0.285,0.657
63500,0.051,0.309,0.639
64000,0.057,0.304,0.639
64500,0.051,0.370,0.579
65000,0.050,0.297,0.652
65500,0.050,0.333,0.617
66000,0.061,0.297,0.642
66500,0.056,0.328,0.617
67000,0.051,0.415,0.534
67500,0.051,0.381,0.569
68000,0.050,0.344,0.606
68500,0.053,0.383,0.564
69000,0.050,0.372,0.577
69500,0.050,0.371,0.579
70000,0.050,0.338,0.612
70500,0.051,0.342,0.607
71000,0.054,0.317,0.629
71500,0.051,0.344,0.606
72000,0.054,0.336,0.609
72500,0.057,0.353,0.591
73000,0.052,0.323,0.625
73500,0.051,0.285,0.663
74000,0.057,0.306,0.637
74500,0.054,0.304,0.641
75000,0.051,0.312,0.637
75500,0.050,0.336,0.614
76000,0.050,0.358,0.592
76500,0.050,0.331,0.619
77000,0.050,0.392,0.558
77500,0.051,0.376,0.573
78000,0.050,0.363,0.587
78500,0.050,0.374,0.576
79000,0.050,0.313,0.637
79500,0.056,0.266,0.678
80000,0.059,0.279,0.662
80500,0.053,0.328,0.619
81000,0.050,0.329,0.621
81500,0.050,0.359,0.591
82000,0.055,0.308,0.637
82500,0.051,0.318,0.631
83000,0.051,0.329,0.621
83500,0.050,0.335,0.615
84000,0.051,0.401,0.547
84500,0.050,0.409,0.540
85000,0.050,0.449,0.501
85500,0.050,0.419,0.531
86000,0.053,0.381,0.567
86500,0.051,0.351,0.599
87000,0.050,0.330,0.620
87500,0.050,0.314,0.636
88000,0.050,0.299,0.650
88500,0.051,0.337,0.612
89000,0.051,0.382,0.568
89500,0.050,0.405,0.545
90000,0.050,0.406,0.544
90500,0.050,0.386,0.564
91000,0.050,0.396,0.554
91500,0.050,0.486,0.463
92000,0.050,0.459,0.491
92500,0.050,0.448,0.502
93000,0.050,0.409,0.540
93500,0.050,0.419,0.530
94000,0.050,0.382,0.569
94500,0.054,0.361,0.585
95000,0.050,0.362,0.587
95500,0.051,0.381,0.568
96000,0.051,0.414,0.536
96500,0.051,0.372,0.576
97000,0.051,0.406,0.543
97500,0.050,0.336,0.614
98000,0.050,0.309,0.640
98500,0.051,0.355,0.593
99000,0.051,0.362,0.586
99500,0.050,0.422,0.528
100000,0.050,0.481,0.469
100500,0.050,0.473,0.477
101000,0.050,0.390,0.560
101500,0.050,0.371,0.579
102000,0.056,0.346,0.597
102500,0.051,0.360,0.589
103000,0.050,0.398,0.552
103500,0.050,0.418,0.531
104000,0.054,0.428,0.518
104500,0.051,0.456,0.493
105000,0.054,0.462,0.483
105500,0.050,0.319,0.631
106000,0.051,0.351,0.597
106500,0.051,0.380,0.570
107000,0.050,0.376,0.574
107500,0.050,0.374,0.575
108000,0.050,0.376,0.575
108500,0.056,0.422,0.522
109000,0.050,0.360,0.590
109500,0.050,0.361,0.589
110000,0.050,0.379,0.571
110500,0.052,0.376,0.572
111000,0.052,0.355,0.593
111500,0.050,0.366,0.584
112000,0.050,0.350,0.600
112500,0.054,0.324,0.621
113000,0.051,0.352,0.597
113500,0.050,0.286,0.664
114000,0.070,0.263,0.667
114500,0.060,0.237,0.702
115000,0.073,0.186,0.740
115500,0.102,0.190,0.709
116000,0.088,0.145,0.766
116500,0.118,0.140,0.742
117000,0.146,0.129,0.725
117500,0.193,0.066,0.742
118000,0.404,0.011,0.585
118500,0.621,0.003,0.377
119000,0.735,0.001,0.264
119500,0.764,0.000,0.236
120000,0.852,0.000,0.148
120500,0.921,0.000,0.079
121000,0.967,0.000,0.033
121500,0.935,0.000,0.065
122000,0.937,0.000,0.063
122500,0.934,0.000,0.066
123000,0.950,0.000,0.050
123500,0.981,0.000,0.019
124000,0.994,0.000,0.006
124500,0.997,0.000,0.003
125000,0.999,0.000,0.001
125500,1.000,0.000,0.000
