time,n_A+p,n_B,n_AB
500,0.050,0.580,0.370
1000,0.062,0.377,0.561
1500,0.067,0.298,0.635
2000,0.061,0.234,0.705
2500,0.054,0.317,0.629
3000,0.054,0.205,0.741
3500,0.052,0.283,0.665
4000,0.050,0.371,0.579
4500,0.086,0.235,0.679
5000,0.054,0.243,0.703
5500,0.068,0.148,0.784
6000,0.256,0.036,0.708
6500,0.590,0.000,0.410
7000,0.813,0.000,0.187
7500,0.913,0.000,0.087
8000,0.912,0.000,0.088
8500,0.904,0.000,0.096
9000,0.923,0.000,0.077
9500,0.981,0.000,0.019
10000,0.997,0.000,0.003
10500,1.000,0.000,0.000
