time,n_A+p,n_B,n_AB
500,0.050,0.450,0.500
1000,0.050,0.298,0.652
1500,0.050,0.288,0.662
2000,0.050,0.299,0.651
2500,0.050,0.273,0.677
3000,0.050,0.318,0.632
3500,0.050,0.326,0.624
4000,0.050,0.268,0.682
4500,0.050,0.428,0.522
5000,0.050,0.286,0.664
5500,0.059,0.225,0.716
6000,0.050,0.259,0.691
6500,0.050,0.269,0.681
7000,0.063,0.177,0.760
7500,0.050,0.244,0.706
8000,0.050,0.383,0.567
8500,0.050,0.339,0.611
9000,0.050,0.213,0.737
9500,0.050,0.281,0.669
10000,0.050,0.336,0.614
10500,0.050,0.286,0.664
11000,0.050,0.328,0.622
11500,0.050,0.257,0.693
12000,0.072,0.173,0.755
12500,0.051,0.254,0.695
13000,0.050,0.312,0.638
13500,0.062,0.245,0.693
14000,0.050,0.367,0.583
14500,0.050,0.339,0.611
15000,0.050,0.288,0.662
15500,0.050,0.419,0.531
16000,0.050,0.260,0.690
16500,0.066,0.195,0.739
17000,0.051,0.351,0.598
17500,0.050,0.306,0.644
18000,0.051,0.314,0.635
18500,0.050,0.259,0.691
19000,0.050,0.242,0.708
19500,0.050,0.310,0.640
20000,0.050,0.300,0.650
20500,0.050,0.361,0.589
21000,0.050,0.319,0.631
21500,0.050,0.312,0.638
22000,0.091,0.198,0.711
22500,0.262,0.020,0.718
23000,0.866,0.000,0.134
23500,0.999,0.000,0.001
24000,1.000,0.000,0.000
