time,n_A+p,n_B,n_AB
0,0.009,0.991,0.000
500,0.009,0.991,0.000
1000,0.009,0.991,0.000
1500,0.009,0.982,0.009
2000,0.009,0.991,0.000
2500,0.009,0.991,0.000
3000,0.009,0.991,0.000
3500,0.009,0.986,0.005
4000,0.009,0.991,0.000
4500,0.009,0.982,0.009
5000,0.009,0.991,0.000
5500,0.009,0.986,0.005
6000,0.009,0.991,0.000
6500,0.009,0.991,0.000
7000,0.014,0.982,0.005
7500,0.009,0.991,0.000
8000,0.009,0.991,0.000
8500,0.009,0.982,0.009
9000,0.009,0.986,0.005
9500,0.009,0.991,0.000
10000,0.009,0.991,0.000
10500,0.009,0.986,0.005
11000,0.009,0.991,0.000
11500,0.009,0.986,0.005
12000,0.009,0.991,0.000
12500,0.009,0.986,0.005
13000,0.009,0.986,0.005
13500,0.009,0.991,0.000
14000,0.009,0.986,0.005
14500,0.009,0.982,0.009
15000,0.009,0.991,0.000
15500,0.009,0.982,0.009
16000,0.009,0.954,0.037
16500,0.009,0.986,0.005
17000,0.009,0.986,0.005
17500,0.009,0.991,0.000
18000,0.009,0.991,0.000
18500,0.009,0.991,0.000
19000,0.009,0.991,0.000
19500,0.009,0.986,0.005
20000,0.009,0.986,0.005
20500,0.009,0.986,0.005
21000,0.009,0.991,0.000
21500,0.009,0.991,0.000
22000,0.009,0.982,0.009
22500,0.009,0.991,0.000
23000,0.009,0.986,0.005
23500,0.009,0.991,0.000
24000,0.009,0.986,0.005
24500,0.009,0.986,0.005
25000,0.009,0.977,0.014
25500,0.009,0.986,0.005
26000,0.009,0.982,0.009
26500,0.009,0.982,0.009
27000,0.009,0.986,0.005
27500,0.009,0.982,0.009
28000,0.009,0.991,0.000
28500,0.009,0.986,0.005
29000,0.009,0.991,0.000
29500,0.009,0.991,0.000
30000,0.009,0.991,0.000
30500,0.009,0.982,0.009
31000,0.009,0.991,0.000
31500,0.009,0.991,0.000
32000,0.009,0.986,0.005
32500,0.009,0.982,0.009
33000,0.009,0.991,0.000
33500,0.009,0.986,0.005
34000,0.009,0.972,0.018
34500,0.009,0.977,0.014
35000,0.009,0.986,0.005
35500,0.009,0.982,0.009
36000,0.009,0.963,0.028
36500,0.009,0.982,0.009
37000,0.009,0.982,0.009
37500,0.009,0.977,0.014
38000,0.009,0.991,0.000
38500,0.009,0.986,0.005
39000,0.009,0.991,0.000
39500,0.009,0.991,0.000
40000,0.009,0.986,0.005
40500,0.009,0.991,0.000
41000,0.009,0.991,0.000
41500,0.009,0.991,0.000
42000,0.009,0.991,0.000
42500,0.009,0.986,0.005
43000,0.009,0.977,0.014
43500,0.009,0.991,0.000
44000,0.009,0.982,0.009
44500,0.009,0.986,0.005
45000,0.009,0.991,0.000
45500,0.009,0.986,0.005
46000,0.009,0.991,0.000
46500,0.009,0.986,0.005
47000,0.009,0.986,0.005
47500,0.009,0.991,0.000
48000,0.009,0.972,0.018
48500,0.009,0.982,0.009
49000,0.009,0.982,0.009
49500,0.009,0.986,0.005
50000,0.009,0.986,0.005
50500,0.009,0.982,0.009
51000,0.009,0.977,0.014
51500,0.009,0.977,0.014
52000,0.009,0.977,0.014
52500,0.009,0.991,0.000
53000,0.009,0.982,0.009
53500,0.009,0.991,0.000
54000,0.009,0.982,0.009
54500,0.009,0.986,0.005
55000,0.009,0.991,0.000
55500,0.009,0.991,0.000
56000,0.009,0.991,0.000
56500,0.009,0.991,0.000
57000,0.009,0.991,0.000
57500,0.009,0.991,0.000
58000,0.009,0.968,0.023
58500,0.009,0.986,0.005
59000,0.009,0.991,0.000
59500,0.009,0.991,0.000
60000,0.009,0.991,0.000
60500,0.009,0.991,0.000
61000,0.009,0.991,0.000
61500,0.009,0.977,0.014
62000,0.009,0.986,0.005
62500,0.009,0.991,0.000
63000,0.009,0.986,0.005
63500,0.009,0.982,0.009
64000,0.009,0.991,0.000
64500,0.009,0.991,0.000
65000,0.009,0.991,0.000
65500,0.009,0.991,0.000
66000,0.009,0.991,0.000
66500,0.009,0.982,0.009
67000,0.009,0.991,0.000
67500,0.009,0.986,0.005
68000,0.009,0.991,0.000
68500,0.009,0.982,0.009
69000,0.009,0.982,0.009
69500,0.009,0.986,0.005
70000,0.009,0.986,0.005
70500,0.009,0.991,0.000
71000,0.009,0.986,0.005
71500,0.009,0.982,0.009
72000,0.009,0.982,0.009
72500,0.009,0.986,0.005
73000,0.009,0.982,0.009
73500,0.009,0.977,0.014
74000,0.009,0.986,0.005
74500,0.009,0.986,0.005
75000,0.009,0.977,0.014
75500,0.009,0.991,0.000
76000,0.009,0.986,0.005
76500,0.009,0.986,0.005
77000,0.009,0.986,0.005
77500,0.009,0.991,0.000
78000,0.009,0.991,0.000
78500,0.009,0.991,0.000
79000,0.009,0.986,0.005
79500,0.009,0.991,0.000
80000,0.009,0.991,0.000
80500,0.009,0.982,0.009
81000,0.009,0.972,0.018
81500,0.009,0.991,0.000
82000,0.009,0.991,0.000
82500,0.009,0.986,0.005
83000,0.009,0.991,0.000
83500,0.009,0.991,0.000
84000,0.009,0.991,0.000
84500,0.009,0.982,0.009
85000,0.009,0.982,0.009
85500,0.009,0.991,0.000
86000,0.009,0.991,0.000
86500,0.009,0.991,0.000
87000,0.009,0.986,0.005
87500,0.009,0.986,0.005
88000,0.009,0.991,0.000
88500,0.009,0.972,0.018
89000,0.009,0.991,0.000
89500,0.009,0.991,0.000
90000,0.009,0.986,0.005
90500,0.009,0.986,0.005
91000,0.009,0.986,0.005
91500,0.009,0.991,0.000
92000,0.009,0.991,0.000
92500,0.009,0.986,0.005
93000,0.009,0.991,0.000
93500,0.009,0.986,0.005
94000,0.009,0.986,0.005
94500,0.009,0.991,0.000
95000,0.009,0.991,0.000
95500,0.009,0.991,0.000
96000,0.009,0.991,0.000
96500,0.009,0.977,0.014
97000,0.009,0.982,0.009
97500,0.009,0.963,0.028
98000,0.009,0.991,0.000
98500,0.009,0.991,0.000
99000,0.009,0.991,0.000
99500,0.009,0.972,0.018
100000,0.009,0.977,0.014
100500,0.009,0.968,0.023
101000,0.009,0.982,0.009
101500,0.009,0.986,0.005
102000,0.009,0.991,0.000
102500,0.009,0.986,0.005
103000,0.009,0.991,0.000
103500,0.009,0.986,0.005
104000,0.009,0.986,0.005
104500,0.009,0.982,0.009
105000,0.009,0.991,0.000
105500,0.009,0.991,0.000
106000,0.018,0.972,0.009
106500,0.009,0.972,0.018
107000,0.009,0.977,0.014
107500,0.009,0.986,0.005
108000,0.009,0.986,0.005
108500,0.009,0.991,0.000
109000,0.009,0.991,0.000
109500,0.009,0.991,0.000
110000,0.014,0.968,0.018
110500,0.009,0.991,0.000
111000,0.009,0.991,0.000
111500,0.009,0.991,0.000
112000,0.009,0.991,0.000
112500,0.009,0.991,0.000
113000,0.009,0.986,0.005
113500,0.009,0.991,0.000
114000,0.009,0.991,0.000
114500,0.009,0.991,0.000
115000,0.009,0.991,0.000
115500,0.009,0.991,0.000
116000,0.009,0.991,0.000
116500,0.009,0.991,0.000
117000,0.009,0.986,0.005
117500,0.009,0.982,0.009
118000,0.014,0.982,0.005
118500,0.009,0.982,0.009
119000,0.009,0.991,0.000
119500,0.009,0.986,0.005
120000,0.009,0.991,0.000
120500,0.009,0.991,0.000
121000,0.009,0.982,0.009
121500,0.009,0.982,0.009
122000,0.009,0.982,0.009
122500,0.009,0.968,0.023
123000,0.009,0.954,0.037
123500,0.009,0.972,0.018
124000,0.009,0.968,0.023
124500,0.009,0.991,0.000
125000,0.009,0.991,0.000
125500,0.009,0.982,0.009
126000,0.009,0.991,0.000
126500,0.009,0.991,0.000
127000,0.009,0.991,0.000
127500,0.009,0.991,0.000
128000,0.009,0.982,0.009
128500,0.009,0.982,0.009
129000,0.009,0.991,0.000
129500,0.009,0.991,0.000
130000,0.009,0.991,0.000
130500,0.009,0.991,0.000
131000,0.009,0.991,0.000
131500,0.009,0.982,0.009
132000,0.009,0.991,0.000
132500,0.009,0.991,0.000
133000,0.009,0.986,0.005
133500,0.009,0.986,0.005
134000,0.009,0.986,0.005
134500,0.014,0.977,0.009
135000,0.009,0.986,0.005
135500,0.009,0.986,0.005
136000,0.009,0.986,0.005
136500,0.009,0.991,0.000
137000,0.009,0.986,0.005
137500,0.009,0.991,0.000
138000,0.009,0.991,0.000
138500,0.009,0.986,0.005
139000,0.009,0.986,0.005
139500,0.009,0.982,0.009
140000,0.009,0.991,0.000
140500,0.009,0.991,0.000
141000,0.009,0.991,0.000
141500,0.009,0.991,0.000
142000,0.009,0.991,0.000
142500,0.009,0.986,0.005
143000,0.009,0.991,0.000
143500,0.009,0.991,0.000
144000,0.009,0.986,0.005
144500,0.009,0.991,0.000
145000,0.009,0.986,0.005
145500,0.014,0.972,0.014
146000,0.009,0.982,0.009
146500,0.009,0.986,0.005
147000,0.009,0.991,0.000
147500,0.009,0.991,0.000
148000,0.009,0.991,0.000
148500,0.009,0.986,0.005
149000,0.009,0.986,0.005
149500,0.009,0.986,0.005
150000,0.009,0.991,0.000
150500,0.009,0.986,0.005
151000,0.009,0.991,0.000
151500,0.009,0.986,0.005
152000,0.009,0.991,0.000
152500,0.009,0.982,0.009
153000,0.009,0.982,0.009
153500,0.009,0.991,0.000
154000,0.009,0.986,0.005
154500,0.009,0.991,0.000
155000,0.009,0.982,0.009
155500,0.009,0.977,0.014
156000,0.009,0.991,0.000
156500,0.009,0.982,0.009
157000,0.009,0.991,0.000
157500,0.009,0.991,0.000
158000,0.009,0.991,0.000
158500,0.009,0.991,0.000
159000,0.009,0.982,0.009
159500,0.009,0.954,0.037
160000,0.014,0.931,0.055
160500,0.014,0.954,0.032
161000,0.014,0.982,0.005
161500,0.014,0.972,0.014
162000,0.009,0.977,0.014
162500,0.009,0.991,0.000
163000,0.009,0.982,0.009
163500,0.009,0.986,0.005
164000,0.009,0.991,0.000
164500,0.009,0.991,0.000
165000,0.009,0.991,0.000
165500,0.009,0.986,0.005
166000,0.009,0.991,0.000
166500,0.009,0.982,0.009
167000,0.009,0.982,0.009
167500,0.009,0.991,0.000
168000,0.009,0.986,0.005
168500,0.009,0.977,0.014
169000,0.009,0.986,0.005
169500,0.014,0.986,0.000
170000,0.009,0.982,0.009
170500,0.009,0.982,0.009
171000,0.009,0.986,0.005
171500,0.009,0.972,0.018
172000,0.009,0.982,0.009
172500,0.009,0.986,0.005
173000,0.009,0.991,0.000
173500,0.009,0.991,0.000
174000,0.009,0.991,0.000
174500,0.009,0.991,0.000
175000,0.009,0.991,0.000
175500,0.009,0.991,0.000
176000,0.009,0.991,0.000
176500,0.009,0.986,0.005
177000,0.009,0.991,0.000
177500,0.009,0.991,0.000
178000,0.009,0.991,0.000
178500,0.009,0.986,0.005
179000,0.009,0.991,0.000
179500,0.009,0.982,0.009
180000,0.009,0.982,0.009
180500,0.009,0.972,0.018
181000,0.009,0.991,0.000
181500,0.009,0.991,0.000
182000,0.009,0.991,0.000
182500,0.009,0.991,0.000
183000,0.009,0.991,0.000
183500,0.009,0.991,0.000
184000,0.009,0.982,0.009
184500,0.009,0.982,0.009
185000,0.009,0.991,0.000
185500,0.023,0.972,0.005
186000,0.014,0.972,0.014
186500,0.009,0.982,0.009
187000,0.009,0.986,0.005
187500,0.009,0.991,0.000
188000,0.009,0.977,0.014
188500,0.009,0.972,0.018
189000,0.009,0.982,0.009
189500,0.009,0.986,0.005
190000,0.009,0.982,0.009
190500,0.009,0.991,0.000
191000,0.009,0.982,0.009
191500,0.009,0.986,0.005
192000,0.009,0.991,0.000
192500,0.009,0.991,0.000
193000,0.009,0.991,0.000
193500,0.009,0.986,0.005
194000,0.009,0.977,0.014
194500,0.009,0.986,0.005
195000,0.009,0.991,0.000
195500,0.009,0.991,0.000
196000,0.009,0.986,0.005
196500,0.009,0.991,0.000
197000,0.014,0.982,0.005
197500,0.014,0.954,0.032
198000,0.009,0.963,0.028
198500,0.009,0.977,0.014
199000,0.009,0.991,0.000
199500,0.009,0.977,0.014
200000,0.009,0.986,0.005
200500,0.009,0.991,0.000
201000,0.009,0.991,0.000
201500,0.009,0.982,0.009
202000,0.009,0.991,0.000
202500,0.009,0.991,0.000
203000,0.009,0.991,0.000
203500,0.009,0.991,0.000
204000,0.009,0.986,0.005
204500,0.009,0.991,0.000
205000,0.009,0.991,0.000
205500,0.009,0.986,0.005
206000,0.009,0.991,0.000
206500,0.009,0.991,0.000
207000,0.009,0.972,0.018
207500,0.009,0.991,0.000
208000,0.009,0.991,0.000
208500,0.009,0.991,0.000
209000,0.009,0.991,0.000
209500,0.009,0.991,0.000
210000,0.009,0.986,0.005
210500,0.009,0.991,0.000
211000,0.009,0.982,0.009
211500,0.009,0.991,0.000
212000,0.009,0.982,0.009
212500,0.009,0.991,0.000
213000,0.009,0.963,0.028
213500,0.009,0.949,0.041
214000,0.009,0.991,0.000
214500,0.009,0.986,0.005
215000,0.009,0.986,0.005
215500,0.009,0.991,0.000
216000,0.009,0.991,0.000
216500,0.009,0.991,0.000
217000,0.009,0.986,0.005
217500,0.009,0.991,0.000
218000,0.009,0.986,0.005
218500,0.009,0.982,0.009
219000,0.009,0.991,0.000
219500,0.009,0.986,0.005
220000,0.009,0.986,0.005
220500,0.009,0.991,0.000
221000,0.009,0.986,0.005
221500,0.009,0.963,0.028
222000,0.009,0.959,0.032
222500,0.009,0.977,0.014
223000,0.009,0.991,0.000
223500,0.009,0.986,0.005
224000,0.009,0.982,0.009
224500,0.009,0.986,0.005
225000,0.009,0.986,0.005
225500,0.009,0.986,0.005
226000,0.009,0.986,0.005
226500,0.009,0.991,0.000
227000,0.009,0.991,0.000
227500,0.009,0.986,0.005
228000,0.009,0.986,0.005
228500,0.009,0.991,0.000
229000,0.009,0.991,0.000
229500,0.009,0.991,0.000
230000,0.009,0.986,0.005
230500,0.009,0.977,0.014
231000,0.009,0.977,0.014
231500,0.009,0.982,0.009
232000,0.009,0.986,0.005
232500,0.009,0.991,0.000
233000,0.009,0.977,0.014
233500,0.009,0.991,0.000
234000,0.009,0.986,0.005
234500,0.009,0.991,0.000
235000,0.009,0.991,0.000
235500,0.009,0.991,0.000
236000,0.009,0.991,0.000
236500,0.009,0.991,0.000
237000,0.009,0.991,0.000
237500,0.009,0.991,0.000
238000,0.009,0.991,0.000
238500,0.009,0.986,0.005
239000,0.009,0.991,0.000
239500,0.009,0.991,0.000
240000,0.009,0.991,0.000
240500,0.009,0.991,0.000
241000,0.009,0.986,0.005
241500,0.009,0.991,0.000
242000,0.009,0.977,0.014
242500,0.009,0.982,0.009
243000,0.009,0.991,0.000
243500,0.009,0.991,0.000
244000,0.009,0.986,0.005
244500,0.009,0.986,0.005
245000,0.009,0.991,0.000
245500,0.009,0.991,0.000
246000,0.009,0.991,0.000
246500,0.009,0.991,0.000
247000,0.009,0.982,0.009
247500,0.009,0.986,0.005
248000,0.009,0.986,0.005
248500,0.009,0.972,0.018
249000,0.009,0.977,0.014
249500,0.009,0.991,0.000
250000,0.009,0.991,0.000
250500,0.009,0.991,0.000
251000,0.009,0.991,0.000
251500,0.009,0.986,0.005
252000,0.009,0.986,0.005
252500,0.009,0.986,0.005
253000,0.009,0.986,0.005
253500,0.009,0.968,0.023
254000,0.009,0.977,0.014
254500,0.009,0.986,0.005
255000,0.009,0.977,0.014
255500,0.009,0.986,0.005
256000,0.009,0.991,0.000
256500,0.009,0.991,0.000
257000,0.009,0.982,0.009
257500,0.014,0.977,0.009
258000,0.009,0.991,0.000
258500,0.009,0.982,0.009
259000,0.009,0.968,0.023
259500,0.009,0.968,0.023
260000,0.009,0.991,0.000
260500,0.009,0.991,0.000
261000,0.009,0.991,0.000
261500,0.009,0.991,0.000
262000,0.009,0.991,0.000
262500,0.009,0.991,0.000
263000,0.009,0.991,0.000
263500,0.009,0.982,0.009
264000,0.009,0.991,0.000
264500,0.009,0.991,0.000
265000,0.009,0.986,0.005
265500,0.009,0.986,0.005
266000,0.009,0.982,0.009
266500,0.009,0.991,0.000
267000,0.014,0.982,0.005
267500,0.014,0.963,0.023
268000,0.014,0.968,0.018
268500,0.014,0.972,0.014
269000,0.009,0.982,0.009
269500,0.009,0.991,0.000
270000,0.009,0.982,0.009
270500,0.009,0.991,0.000
271000,0.009,0.991,0.000
271500,0.009,0.986,0.005
272000,0.009,0.977,0.014
272500,0.009,0.991,0.000
273000,0.009,0.986,0.005
273500,0.009,0.977,0.014
274000,0.009,0.991,0.000
274500,0.009,0.986,0.005
275000,0.009,0.986,0.005
275500,0.009,0.986,0.005
276000,0.009,0.991,0.000
276500,0.009,0.986,0.005
277000,0.009,0.986,0.005
277500,0.009,0.972,0.018
278000,0.009,0.982,0.009
278500,0.009,0.991,0.000
279000,0.009,0.991,0.000
279500,0.009,0.986,0.005
280000,0.009,0.977,0.014
280500,0.009,0.977,0.014
281000,0.014,0.977,0.009
281500,0.014,0.986,0.000
282000,0.014,0.982,0.005
282500,0.009,0.986,0.005
283000,0.009,0.986,0.005
283500,0.009,0.977,0.014
284000,0.009,0.963,0.028
284500,0.009,0.977,0.014
285000,0.009,0.954,0.037
285500,0.009,0.982,0.009
286000,0.009,0.982,0.009
286500,0.009,0.959,0.032
287000,0.009,0.972,0.018
287500,0.009,0.991,0.000
288000,0.009,0.991,0.000
288500,0.009,0.986,0.005
289000,0.009,0.991,0.000
289500,0.009,0.991,0.000
290000,0.009,0.991,0.000
290500,0.009,0.991,0.000
291000,0.009,0.991,0.000
291500,0.009,0.986,0.005
292000,0.009,0.991,0.000
292500,0.009,0.986,0.005
293000,0.014,0.972,0.014
293500,0.009,0.982,0.009
294000,0.009,0.991,0.000
294500,0.009,0.986,0.005
295000,0.009,0.991,0.000
295500,0.009,0.991,0.000
296000,0.009,0.991,0.000
296500,0.009,0.986,0.005
297000,0.009,0.991,0.000
297500,0.009,0.991,0.000
298000,0.009,0.991,0.000
298500,0.009,0.986,0.005
299000,0.009,0.991,0.000
299500,0.009,0.982,0.009
300000,0.009,0.986,0.005
300500,0.009,0.986,0.005
301000,0.009,0.991,0.000
301500,0.009,0.986,0.005
302000,0.009,0.991,0.000
302500,0.009,0.991,0.000
303000,0.009,0.991,0.000
303500,0.009,0.991,0.000
304000,0.009,0.986,0.005
304500,0.009,0.982,0.009
305000,0.009,0.982,0.009
305500,0.009,0.982,0.009
306000,0.009,0.991,0.000
306500,0.009,0.991,0.000
307000,0.009,0.977,0.014
307500,0.009,0.982,0.009
308000,0.009,0.986,0.005
308500,0.009,0.991,0.000
309000,0.009,0.991,0.000
309500,0.009,0.986,0.005
310000,0.009,0.986,0.005
310500,0.009,0.986,0.005
311000,0.009,0.972,0.018
311500,0.009,0.991,0.000
312000,0.009,0.991,0.000
312500,0.009,0.991,0.000
313000,0.009,0.977,0.014
313500,0.009,0.963,0.028
314000,0.009,0.972,0.018
314500,0.009,0.991,0.000
315000,0.009,0.977,0.014
315500,0.009,0.991,0.000
316000,0.009,0.986,0.005
316500,0.009,0.968,0.023
317000,0.009,0.977,0.014
317500,0.009,0.982,0.009
318000,0.009,0.986,0.005
318500,0.009,0.986,0.005
319000,0.009,0.991,0.000
319500,0.009,0.982,0.009
320000,0.009,0.977,0.014
320500,0.009,0.986,0.005
321000,0.009,0.991,0.000
321500,0.009,0.986,0.005
322000,0.009,0.991,0.000
322500,0.009,0.991,0.000
323000,0.009,0.991,0.000
323500,0.009,0.972,0.018
324000,0.009,0.991,0.000
324500,0.009,0.982,0.009
325000,0.009,0.991,0.000
325500,0.009,0.991,0.000
326000,0.009,0.972,0.018
326500,0.009,0.982,0.009
327000,0.009,0.959,0.032
327500,0.023,0.945,0.032
328000,0.014,0.977,0.009
328500,0.014,0.982,0.005
329000,0.014,0.982,0.005
329500,0.014,0.977,0.009
330000,0.009,0.972,0.018
330500,0.009,0.968,0.023
331000,0.009,0.977,0.014
331500,0.009,0.986,0.005
332000,0.009,0.991,0.000
332500,0.009,0.977,0.014
333000,0.009,0.986,0.005
333500,0.009,0.986,0.005
334000,0.009,0.991,0.000
334500,0.009,0.991,0.000
335000,0.009,0.986,0.005
335500,0.009,0.991,0.000
336000,0.009,0.986,0.005
336500,0.009,0.991,0.000
337000,0.009,0.991,0.000
337500,0.009,0.991,0.000
338000,0.009,0.991,0.000
338500,0.009,0.986,0.005
339000,0.009,0.986,0.005
339500,0.009,0.986,0.005
340000,0.009,0.991,0.000
340500,0.009,0.991,0.000
341000,0.009,0.991,0.000
341500,0.009,0.991,0.000
342000,0.009,0.991,0.000
342500,0.009,0.986,0.005
343000,0.009,0.986,0.005
343500,0.009,0.986,0.005
344000,0.009,0.991,0.000
344500,0.009,0.986,0.005
345000,0.009,0.986,0.005
345500,0.009,0.986,0.005
346000,0.009,0.991,0.000
346500,0.009,0.991,0.000
347000,0.009,0.986,0.005
347500,0.009,0.986,0.005
348000,0.009,0.986,0.005
348500,0.014,0.982,0.005
349000,0.009,0.986,0.005
349500,0.009,0.982,0.009
350000,0.009,0.977,0.014
350500,0.009,0.982,0.009
351000,0.009,0.986,0.005
351500,0.009,0.986,0.005
352000,0.009,0.982,0.009
352500,0.009,0.986,0.005
353000,0.009,0.986,0.005
353500,0.009,0.991,0.000
354000,0.009,0.991,0.000
354500,0.009,0.959,0.032
355000,0.009,0.986,0.005
355500,0.009,0.991,0.000
356000,0.009,0.991,0.000
356500,0.009,0.986,0.005
357000,0.009,0.986,0.005
357500,0.009,0.986,0.005
358000,0.009,0.982,0.009
358500,0.009,0.986,0.005
359000,0.009,0.991,0.000
359500,0.009,0.986,0.005
360000,0.009,0.991,0.000
360500,0.009,0.986,0.005
361000,0.009,0.986,0.005
361500,0.009,0.977,0.014
362000,0.009,0.991,0.000
362500,0.009,0.986,0.005
363000,0.009,0.991,0.000
363500,0.009,0.986,0.005
364000,0.014,0.968,0.018
364500,0.009,0.991,0.000
365000,0.009,0.991,0.000
365500,0.009,0.986,0.005
366000,0.009,0.991,0.000
366500,0.009,0.991,0.000
367000,0.009,0.986,0.005
367500,0.009,0.991,0.000
368000,0.009,0.982,0.009
368500,0.009,0.986,0.005
369000,0.009,0.991,0.000
369500,0.009,0.991,0.000
370000,0.009,0.982,0.009
370500,0.018,0.972,0.009
371000,0.009,0.972,0.018
371500,0.009,0.986,0.005
372000,0.009,0.991,0.000
372500,0.009,0.991,0.000
373000,0.009,0.982,0.009
373500,0.009,0.986,0.005
374000,0.009,0.991,0.000
374500,0.009,0.968,0.023
375000,0.009,0.972,0.018
375500,0.009,0.986,0.005
376000,0.009,0.986,0.005
376500,0.009,0.991,0.000
377000,0.009,0.986,0.005
377500,0.009,0.986,0.005
378000,0.009,0.991,0.000
378500,0.009,0.986,0.005
379000,0.009,0.982,0.009
379500,0.009,0.991,0.000
380000,0.009,0.986,0.005
380500,0.009,0.991,0.000
381000,0.009,0.991,0.000
381500,0.009,0.986,0.005
382000,0.009,0.986,0.005
382500,0.009,0.982,0.009
383000,0.009,0.972,0.018
383500,0.009,0.977,0.014
384000,0.009,0.986,0.005
384500,0.009,0.982,0.009
385000,0.009,0.991,0.000
385500,0.009,0.986,0.005
386000,0.009,0.972,0.018
386500,0.009,0.982,0.009
387000,0.009,0.986,0.005
387500,0.009,0.991,0.000
388000,0.009,0.982,0.009
388500,0.009,0.991,0.000
389000,0.009,0.991,0.000
389500,0.009,0.986,0.005
390000,0.009,0.991,0.000
390500,0.009,0.991,0.000
391000,0.009,0.991,0.000
391500,0.009,0.991,0.000
392000,0.009,0.991,0.000
392500,0.009,0.991,0.000
393000,0.009,0.991,0.000
393500,0.009,0.986,0.005
394000,0.014,0.982,0.005
394500,0.009,0.963,0.028
395000,0.009,0.991,0.000
395500,0.009,0.991,0.000
396000,0.009,0.991,0.000
396500,0.009,0.977,0.014
397000,0.009,0.991,0.000
397500,0.009,0.991,0.000
398000,0.009,0.986,0.005
398500,0.009,0.991,0.000
399000,0.009,0.991,0.000
399500,0.009,0.986,0.005
400000,0.009,0.986,0.005
400500,0.009,0.991,0.000
401000,0.009,0.982,0.009
401500,0.009,0.991,0.000
402000,0.009,0.991,0.000
402500,0.009,0.986,0.005
403000,0.009,0.986,0.005
403500,0.009,0.982,0.009
404000,0.009,0.986,0.005
404500,0.009,0.986,0.005
405000,0.009,0.986,0.005
405500,0.009,0.986,0.005
406000,0.009,0.986,0.005
406500,0.009,0.991,0.000
407000,0.009,0.991,0.000
407500,0.009,0.991,0.000
408000,0.009,0.986,0.005
408500,0.009,0.991,0.000
409000,0.009,0.991,0.000
409500,0.009,0.991,0.000
410000,0.009,0.972,0.018
410500,0.009,0.982,0.009
411000,0.009,0.991,0.000
411500,0.009,0.986,0.005
412000,0.009,0.986,0.005
412500,0.009,0.991,0.000
413000,0.009,0.982,0.009
413500,0.009,0.991,0.000
414000,0.009,0.991,0.000
414500,0.009,0.991,0.000
415000,0.009,0.991,0.000
415500,0.009,0.991,0.000
416000,0.009,0.991,0.000
416500,0.009,0.991,0.000
417000,0.009,0.991,0.000
417500,0.009,0.986,0.005
418000,0.009,0.986,0.005
418500,0.009,0.991,0.000
419000,0.009,0.986,0.005
419500,0.014,0.972,0.014
420000,0.023,0.945,0.032
420500,0.009,0.972,0.018
421000,0.009,0.977,0.014
421500,0.009,0.986,0.005
422000,0.009,0.991,0.000
422500,0.009,0.991,0.000
423000,0.009,0.968,0.023
423500,0.014,0.986,0.000
424000,0.009,0.982,0.009
424500,0.009,0.991,0.000
425000,0.009,0.982,0.009
425500,0.009,0.991,0.000
426000,0.009,0.991,0.000
426500,0.009,0.986,0.005
427000,0.009,0.991,0.000
427500,0.009,0.991,0.000
428000,0.009,0.991,0.000
428500,0.009,0.982,0.009
429000,0.009,0.986,0.005
429500,0.009,0.991,0.000
430000,0.009,0.991,0.000
430500,0.009,0.986,0.005
431000,0.009,0.991,0.000
431500,0.009,0.986,0.005
432000,0.009,0.977,0.014
432500,0.009,0.982,0.009
433000,0.009,0.991,0.000
433500,0.009,0.991,0.000
434000,0.009,0.991,0.000
434500,0.009,0.986,0.005
435000,0.009,0.977,0.014
435500,0.009,0.991,0.000
436000,0.009,0.991,0.000
436500,0.009,0.986,0.005
437000,0.009,0.986,0.005
437500,0.009,0.986,0.005
438000,0.009,0.991,0.000
438500,0.009,0.991,0.000
439000,0.009,0.991,0.000
439500,0.009,0.991,0.000
440000,0.009,0.986,0.005
440500,0.009,0.991,0.000
441000,0.009,0.991,0.000
441500,0.009,0.986,0.005
442000,0.009,0.991,0.000
442500,0.009,0.982,0.009
443000,0.009,0.991,0.000
443500,0.009,0.991,0.000
444000,0.009,0.977,0.014
444500,0.009,0.991,0.000
445000,0.009,0.986,0.005
445500,0.009,0.986,0.005
446000,0.009,0.991,0.000
446500,0.009,0.991,0.000
447000,0.009,0.991,0.000
447500,0.009,0.991,0.000
448000,0.009,0.991,0.000
448500,0.009,0.991,0.000
449000,0.009,0.991,0.000
449500,0.009,0.986,0.005
450000,0.009,0.982,0.009
450500,0.009,0.986,0.005
451000,0.009,0.991,0.000
451500,0.009,0.991,0.000
452000,0.009,0.982,0.009
452500,0.014,0.986,0.000
453000,0.014,0.982,0.005
453500,0.014,0.986,0.000
454000,0.009,0.991,0.000
454500,0.009,0.991,0.000
455000,0.009,0.991,0.000
455500,0.009,0.991,0.000
456000,0.009,0.991,0.000
456500,0.009,0.991,0.000
457000,0.009,0.991,0.000
457500,0.009,0.982,0.009
458000,0.009,0.986,0.005
458500,0.009,0.982,0.009
459000,0.009,0.991,0.000
459500,0.009,0.991,0.000
460000,0.009,0.991,0.000
460500,0.009,0.982,0.009
461000,0.009,0.982,0.009
461500,0.009,0.991,0.000
462000,0.009,0.986,0.005
462500,0.009,0.986,0.005
463000,0.009,0.977,0.014
463500,0.009,0.986,0.005
464000,0.009,0.986,0.005
464500,0.009,0.991,0.000
465000,0.009,0.991,0.000
465500,0.009,0.991,0.000
466000,0.009,0.991,0.000
466500,0.009,0.991,0.000
467000,0.009,0.982,0.009
467500,0.009,0.986,0.005
468000,0.009,0.991,0.000
468500,0.009,0.991,0.000
469000,0.009,0.986,0.005
469500,0.014,0.977,0.009
470000,0.009,0.982,0.009
470500,0.009,0.977,0.014
471000,0.009,0.986,0.005
471500,0.009,0.991,0.000
472000,0.009,0.991,0.000
472500,0.009,0.991,0.000
473000,0.009,0.982,0.009
473500,0.009,0.986,0.005
474000,0.009,0.991,0.000
474500,0.009,0.986,0.005
475000,0.009,0.977,0.014
475500,0.009,0.977,0.014
476000,0.009,0.991,0.000
476500,0.009,0.986,0.005
477000,0.009,0.977,0.014
477500,0.009,0.991,0.000
478000,0.009,0.991,0.000
478500,0.009,0.986,0.005
479000,0.009,0.986,0.005
479500,0.009,0.991,0.000
480000,0.009,0.991,0.000
480500,0.009,0.991,0.000
481000,0.009,0.991,0.000
481500,0.009,0.991,0.000
482000,0.009,0.991,0.000
482500,0.009,0.986,0.005
483000,0.009,0.982,0.009
483500,0.014,0.986,0.000
484000,0.009,0.991,0.000
484500,0.009,0.991,0.000
485000,0.009,0.986,0.005
485500,0.009,0.986,0.005
486000,0.009,0.982,0.009
486500,0.009,0.986,0.005
487000,0.009,0.991,0.000
487500,0.009,0.991,0.000
488000,0.009,0.991,0.000
488500,0.014,0.982,0.005
489000,0.014,0.986,0.000
489500,0.009,0.991,0.000
490000,0.009,0.982,0.009
490500,0.009,0.986,0.005
491000,0.009,0.991,0.000
491500,0.009,0.977,0.014
492000,0.009,0.986,0.005
492500,0.009,0.977,0.014
493000,0.009,0.972,0.018
493500,0.009,0.982,0.009
494000,0.009,0.986,0.005
494500,0.009,0.977,0.014
495000,0.009,0.991,0.000
495500,0.009,0.991,0.000
496000,0.009,0.991,0.000
496500,0.009,0.991,0.000
497000,0.009,0.991,0.000
497500,0.009,0.991,0.000
498000,0.009,0.991,0.000
498500,0.009,0.982,0.009
499000,0.009,0.968,0.023
499500,0.009,0.986,0.005
500000,0.009,0.991,0.000
500500,0.009,0.991,0.000
501000,0.009,0.991,0.000
501500,0.009,0.991,0.000
502000,0.009,0.991,0.000
502500,0.009,0.986,0.005
503000,0.009,0.986,0.005
503500,0.009,0.986,0.005
504000,0.009,0.991,0.000
504500,0.009,0.991,0.000
505000,0.009,0.991,0.000
505500,0.009,0.991,0.000
506000,0.009,0.991,0.000
506500,0.009,0.977,0.014
507000,0.009,0.968,0.023
507500,0.009,0.991,0.000
508000,0.009,0.982,0.009
508500,0.009,0.991,0.000
509000,0.009,0.991,0.000
509500,0.009,0.986,0.005
510000,0.009,0.991,0.000
510500,0.009,0.991,0.000
511000,0.009,0.991,0.000
511500,0.009,0.991,0.000
512000,0.009,0.991,0.000
512500,0.009,0.991,0.000
513000,0.009,0.982,0.009
513500,0.009,0.991,0.000
514000,0.014,0.977,0.009
514500,0.009,0.968,0.023
515000,0.009,0.977,0.014
515500,0.009,0.991,0.000
516000,0.009,0.991,0.000
516500,0.009,0.986,0.005
517000,0.009,0.991,0.000
517500,0.009,0.986,0.005
518000,0.009,0.986,0.005
518500,0.009,0.982,0.009
519000,0.009,0.991,0.000
519500,0.009,0.991,0.000
520000,0.009,0.977,0.014
520500,0.009,0.991,0.000
521000,0.009,0.991,0.000
521500,0.009,0.991,0.000
522000,0.009,0.991,0.000
522500,0.009,0.991,0.000
523000,0.009,0.991,0.000
523500,0.009,0.991,0.000
524000,0.009,0.991,0.000
524500,0.009,0.977,0.014
525000,0.014,0.986,0.000
525500,0.009,0.991,0.000
526000,0.009,0.991,0.000
526500,0.009,0.991,0.000
527000,0.009,0.991,0.000
527500,0.009,0.982,0.009
528000,0.009,0.986,0.005
528500,0.009,0.972,0.018
529000,0.009,0.991,0.000
529500,0.009,0.991,0.000
530000,0.009,0.991,0.000
530500,0.009,0.991,0.000
531000,0.009,0.986,0.005
531500,0.009,0.991,0.000
532000,0.009,0.986,0.005
532500,0.009,0.977,0.014
533000,0.009,0.982,0.009
533500,0.014,0.977,0.009
534000,0.014,0.982,0.005
534500,0.009,0.986,0.005
535000,0.009,0.991,0.000
535500,0.009,0.963,0.028
536000,0.009,0.972,0.018
536500,0.009,0.986,0.005
537000,0.009,0.986,0.005
537500,0.009,0.986,0.005
538000,0.009,0.986,0.005
538500,0.009,0.991,0.000
539000,0.009,0.991,0.000
539500,0.009,0.986,0.005
540000,0.009,0.991,0.000
540500,0.009,0.982,0.009
541000,0.009,0.986,0.005
541500,0.009,0.991,0.000
542000,0.009,0.986,0.005
542500,0.009,0.982,0.009
543000,0.009,0.986,0.005
543500,0.009,0.991,0.000
544000,0.009,0.991,0.000
544500,0.009,0.982,0.009
545000,0.009,0.991,0.000
545500,0.009,0.972,0.018
546000,0.009,0.991,0.000
546500,0.009,0.991,0.000
547000,0.009,0.986,0.005
547500,0.009,0.991,0.000
548000,0.009,0.982,0.009
548500,0.009,0.986,0.005
549000,0.009,0.986,0.005
549500,0.009,0.991,0.000
550000,0.009,0.991,0.000
550500,0.014,0.968,0.018
551000,0.009,0.982,0.009
551500,0.009,0.968,0.023
552000,0.009,0.968,0.023
552500,0.009,0.977,0.014
553000,0.009,0.986,0.005
553500,0.009,0.982,0.009
554000,0.009,0.986,0.005
554500,0.009,0.977,0.014
555000,0.009,0.986,0.005
555500,0.009,0.986,0.005
556000,0.009,0.991,0.000
556500,0.009,0.977,0.014
557000,0.009,0.991,0.000
557500,0.009,0.991,0.000
558000,0.009,0.991,0.000
558500,0.009,0.991,0.000
559000,0.009,0.991,0.000
559500,0.009,0.982,0.009
560000,0.009,0.986,0.005
560500,0.009,0.986,0.005
561000,0.009,0.982,0.009
561500,0.009,0.986,0.005
562000,0.009,0.977,0.014
562500,0.009,0.982,0.009
563000,0.009,0.991,0.000
563500,0.009,0.986,0.005
564000,0.009,0.972,0.018
564500,0.009,0.986,0.005
565000,0.009,0.986,0.005
565500,0.009,0.991,0.000
566000,0.009,0.991,0.000
566500,0.009,0.991,0.000
567000,0.009,0.963,0.028
567500,0.009,0.972,0.018
568000,0.009,0.986,0.005
568500,0.009,0.986,0.005
569000,0.009,0.991,0.000
569500,0.009,0.991,0.000
570000,0.009,0.991,0.000
570500,0.009,0.986,0.005
571000,0.009,0.991,0.000
571500,0.009,0.986,0.005
572000,0.009,0.991,0.000
572500,0.009,0.986,0.005
573000,0.009,0.991,0.000
573500,0.009,0.991,0.000
574000,0.009,0.982,0.009
574500,0.009,0.986,0.005
575000,0.009,0.972,0.018
575500,0.009,0.982,0.009
576000,0.009,0.977,0.014
576500,0.009,0.991,0.000
577000,0.009,0.986,0.005
577500,0.009,0.977,0.014
578000,0.009,0.986,0.005
578500,0.009,0.991,0.000
579000,0.009,0.991,0.000
579500,0.009,0.991,0.000
580000,0.009,0.991,0.000
580500,0.009,0.991,0.000
581000,0.009,0.991,0.000
581500,0.009,0.963,0.028
582000,0.009,0.986,0.005
582500,0.009,0.986,0.005
583000,0.014,0.982,0.005
583500,0.014,0.972,0.014
584000,0.014,0.986,0.000
584500,0.014,0.982,0.005
585000,0.014,0.986,0.000
585500,0.014,0.986,0.000
586000,0.009,0.977,0.014
586500,0.009,0.991,0.000
587000,0.009,0.991,0.000
587500,0.009,0.991,0.000
588000,0.009,0.991,0.000
588500,0.009,0.986,0.005
589000,0.009,0.982,0.009
589500,0.009,0.991,0.000
590000,0.009,0.986,0.005
590500,0.009,0.991,0.000
591000,0.009,0.991,0.000
591500,0.009,0.991,0.000
592000,0.009,0.982,0.009
592500,0.009,0.982,0.009
593000,0.009,0.982,0.009
593500,0.009,0.991,0.000
594000,0.009,0.991,0.000
594500,0.009,0.991,0.000
595000,0.009,0.991,0.000
595500,0.009,0.986,0.005
596000,0.009,0.982,0.009
596500,0.009,0.986,0.005
597000,0.009,0.986,0.005
597500,0.009,0.982,0.009
598000,0.009,0.982,0.009
598500,0.009,0.991,0.000
599000,0.009,0.991,0.000
599500,0.009,0.991,0.000
600000,0.009,0.986,0.005
600500,0.009,0.986,0.005
601000,0.009,0.991,0.000
601500,0.009,0.972,0.018
602000,0.009,0.991,0.000
602500,0.009,0.991,0.000
603000,0.009,0.982,0.009
603500,0.018,0.977,0.005
604000,0.009,0.991,0.000
604500,0.009,0.991,0.000
605000,0.009,0.986,0.005
605500,0.009,0.986,0.005
606000,0.009,0.991,0.000
606500,0.009,0.977,0.014
607000,0.009,0.982,0.009
607500,0.009,0.977,0.014
608000,0.009,0.977,0.014
608500,0.009,0.991,0.000
609000,0.009,0.991,0.000
609500,0.009,0.982,0.009
610000,0.009,0.991,0.000
610500,0.009,0.977,0.014
611000,0.009,0.986,0.005
611500,0.009,0.991,0.000
612000,0.009,0.986,0.005
612500,0.009,0.991,0.000
613000,0.009,0.977,0.014
613500,0.009,0.977,0.014
614000,0.009,0.977,0.014
614500,0.009,0.972,0.018
615000,0.009,0.982,0.009
615500,0.009,0.991,0.000
616000,0.009,0.991,0.000
616500,0.009,0.991,0.000
617000,0.009,0.986,0.005
617500,0.009,0.991,0.000
618000,0.009,0.972,0.018
618500,0.009,0.982,0.009
619000,0.009,0.986,0.005
619500,0.009,0.986,0.005
620000,0.009,0.991,0.000
620500,0.009,0.986,0.005
621000,0.009,0.986,0.005
621500,0.009,0.991,0.000
622000,0.009,0.991,0.000
622500,0.009,0.986,0.005
623000,0.009,0.986,0.005
623500,0.009,0.982,0.009
624000,0.009,0.968,0.023
624500,0.009,0.991,0.000
625000,0.009,0.991,0.000
625500,0.009,0.991,0.000
626000,0.009,0.982,0.009
626500,0.009,0.986,0.005
627000,0.009,0.986,0.005
627500,0.009,0.982,0.009
628000,0.009,0.991,0.000
628500,0.009,0.986,0.005
629000,0.009,0.991,0.000
629500,0.009,0.982,0.009
630000,0.009,0.968,0.023
630500,0.009,0.986,0.005
631000,0.009,0.991,0.000
631500,0.009,0.991,0.000
632000,0.009,0.991,0.000
632500,0.009,0.986,0.005
633000,0.009,0.977,0.014
633500,0.009,0.991,0.000
634000,0.009,0.982,0.009
634500,0.009,0.986,0.005
635000,0.009,0.982,0.009
635500,0.009,0.982,0.009
636000,0.009,0.982,0.009
636500,0.009,0.986,0.005
637000,0.009,0.991,0.000
637500,0.009,0.991,0.000
638000,0.009,0.991,0.000
638500,0.009,0.991,0.000
639000,0.009,0.986,0.005
639500,0.009,0.991,0.000
640000,0.009,0.991,0.000
640500,0.009,0.986,0.005
641000,0.009,0.972,0.018
641500,0.009,0.986,0.005
642000,0.009,0.977,0.014
642500,0.009,0.982,0.009
643000,0.009,0.977,0.014
643500,0.009,0.982,0.009
644000,0.009,0.986,0.005
644500,0.009,0.986,0.005
645000,0.009,0.982,0.009
645500,0.009,0.991,0.000
646000,0.009,0.982,0.009
646500,0.009,0.986,0.005
647000,0.009,0.991,0.000
647500,0.009,0.991,0.000
648000,0.009,0.991,0.000
648500,0.009,0.991,0.000
649000,0.009,0.991,0.000
649500,0.009,0.986,0.005
650000,0.009,0.991,0.000
650500,0.009,0.986,0.005
651000,0.009,0.986,0.005
651500,0.009,0.986,0.005
652000,0.009,0.991,0.000
652500,0.009,0.982,0.009
653000,0.009,0.991,0.000
653500,0.009,0.991,0.000
654000,0.009,0.991,0.000
654500,0.009,0.977,0.014
655000,0.014,0.977,0.009
655500,0.009,0.986,0.005
656000,0.009,0.986,0.005
656500,0.009,0.986,0.005
657000,0.009,0.991,0.000
657500,0.009,0.982,0.009
658000,0.009,0.986,0.005
658500,0.009,0.977,0.014
659000,0.009,0.977,0.014
659500,0.009,0.986,0.005
660000,0.009,0.991,0.000
660500,0.009,0.991,0.000
661000,0.009,0.991,0.000
661500,0.009,0.986,0.005
662000,0.009,0.991,0.000
662500,0.009,0.991,0.000
663000,0.009,0.991,0.000
663500,0.009,0.991,0.000
664000,0.009,0.991,0.000
664500,0.009,0.986,0.005
665000,0.009,0.986,0.005
665500,0.014,0.977,0.009
666000,0.009,0.982,0.009
666500,0.009,0.968,0.023
667000,0.009,0.982,0.009
667500,0.023,0.945,0.032
668000,0.018,0.959,0.023
668500,0.009,0.986,0.005
669000,0.009,0.991,0.000
669500,0.009,0.991,0.000
670000,0.009,0.991,0.000
670500,0.009,0.982,0.009
671000,0.009,0.991,0.000
671500,0.009,0.972,0.018
672000,0.009,0.991,0.000
672500,0.009,0.991,0.000
673000,0.009,0.991,0.000
673500,0.009,0.991,0.000
674000,0.009,0.972,0.018
674500,0.009,0.991,0.000
675000,0.018,0.968,0.014
675500,0.009,0.977,0.014
676000,0.009,0.986,0.005
676500,0.009,0.986,0.005
677000,0.009,0.991,0.000
677500,0.009,0.982,0.009
678000,0.009,0.986,0.005
678500,0.009,0.982,0.009
679000,0.009,0.954,0.037
679500,0.009,0.991,0.000
680000,0.009,0.986,0.005
680500,0.009,0.986,0.005
681000,0.009,0.991,0.000
681500,0.009,0.991,0.000
682000,0.009,0.982,0.009
682500,0.009,0.991,0.000
683000,0.009,0.986,0.005
683500,0.009,0.991,0.000
684000,0.014,0.977,0.009
684500,0.014,0.968,0.018
685000,0.009,0.982,0.009
685500,0.009,0.991,0.000
686000,0.009,0.991,0.000
686500,0.009,0.986,0.005
687000,0.009,0.982,0.009
687500,0.009,0.986,0.005
688000,0.009,0.986,0.005
688500,0.009,0.986,0.005
689000,0.009,0.991,0.000
689500,0.009,0.982,0.009
690000,0.009,0.986,0.005
690500,0.009,0.972,0.018
691000,0.009,0.991,0.000
691500,0.009,0.986,0.005
692000,0.009,0.991,0.000
692500,0.009,0.986,0.005
693000,0.009,0.991,0.000
693500,0.009,0.986,0.005
694000,0.009,0.991,0.000
694500,0.009,0.991,0.000
695000,0.009,0.991,0.000
695500,0.009,0.982,0.009
696000,0.009,0.991,0.000
696500,0.009,0.982,0.009
697000,0.009,0.991,0.000
697500,0.009,0.986,0.005
698000,0.009,0.991,0.000
698500,0.009,0.991,0.000
699000,0.009,0.986,0.005
699500,0.009,0.986,0.005
700000,0.009,0.986,0.005
700500,0.009,0.986,0.005
701000,0.009,0.986,0.005
701500,0.009,0.986,0.005
702000,0.009,0.986,0.005
702500,0.009,0.982,0.009
703000,0.009,0.991,0.000
703500,0.009,0.991,0.000
704000,0.009,0.991,0.000
704500,0.009,0.991,0.000
705000,0.009,0.991,0.000
705500,0.009,0.982,0.009
706000,0.009,0.986,0.005
706500,0.009,0.968,0.023
707000,0.009,0.977,0.014
707500,0.014,0.982,0.005
708000,0.014,0.986,0.000
708500,0.009,0.968,0.023
709000,0.009,0.982,0.009
709500,0.009,0.986,0.005
710000,0.018,0.949,0.032
710500,0.014,0.972,0.014
711000,0.014,0.986,0.000
711500,0.009,0.986,0.005
712000,0.014,0.963,0.023
712500,0.014,0.968,0.018
713000,0.014,0.982,0.005
713500,0.009,0.982,0.009
714000,0.009,0.977,0.014
714500,0.009,0.991,0.000
715000,0.009,0.991,0.000
715500,0.009,0.991,0.000
716000,0.009,0.986,0.005
716500,0.009,0.986,0.005
717000,0.009,0.991,0.000
717500,0.009,0.986,0.005
718000,0.009,0.991,0.000
718500,0.009,0.986,0.005
719000,0.009,0.986,0.005
719500,0.009,0.986,0.005
720000,0.009,0.986,0.005
720500,0.009,0.991,0.000
721000,0.009,0.991,0.000
721500,0.009,0.986,0.005
722000,0.009,0.991,0.000
722500,0.009,0.991,0.000
723000,0.009,0.991,0.000
723500,0.009,0.982,0.009
724000,0.009,0.991,0.000
724500,0.009,0.986,0.005
725000,0.009,0.991,0.000
725500,0.009,0.991,0.000
726000,0.009,0.991,0.000
726500,0.009,0.991,0.000
727000,0.009,0.991,0.000
727500,0.009,0.991,0.000
728000,0.009,0.977,0.014
728500,0.009,0.991,0.000
729000,0.009,0.986,0.005
729500,0.009,0.991,0.000
730000,0.009,0.991,0.000
730500,0.009,0.986,0.005
731000,0.009,0.991,0.000
731500,0.009,0.986,0.005
732000,0.009,0.986,0.005
732500,0.009,0.982,0.009
733000,0.009,0.972,0.018
733500,0.009,0.982,0.009
734000,0.009,0.991,0.000
734500,0.009,0.982,0.009
735000,0.009,0.986,0.005
735500,0.009,0.986,0.005
736000,0.009,0.991,0.000
736500,0.009,0.991,0.000
737000,0.009,0.991,0.000
737500,0.009,0.991,0.000
738000,0.009,0.991,0.000
738500,0.009,0.991,0.000
739000,0.009,0.991,0.000
739500,0.009,0.986,0.005
740000,0.009,0.991,0.000
740500,0.009,0.986,0.005
741000,0.009,0.991,0.000
741500,0.009,0.982,0.009
742000,0.009,0.986,0.005
742500,0.009,0.991,0.000
743000,0.009,0.986,0.005
743500,0.009,0.991,0.000
744000,0.009,0.991,0.000
744500,0.009,0.991,0.000
745000,0.009,0.977,0.014
745500,0.009,0.986,0.005
746000,0.009,0.982,0.009
746500,0.009,0.991,0.000
747000,0.009,0.986,0.005
747500,0.009,0.991,0.000
748000,0.009,0.991,0.000
748500,0.009,0.986,0.005
749000,0.009,0.986,0.005
749500,0.009,0.986,0.005
750000,0.009,0.977,0.014
750500,0.009,0.991,0.000
751000,0.009,0.982,0.009
751500,0.009,0.991,0.000
752000,0.009,0.991,0.000
752500,0.009,0.991,0.000
753000,0.009,0.991,0.000
753500,0.009,0.991,0.000
754000,0.009,0.986,0.005
754500,0.009,0.986,0.005
755000,0.009,0.991,0.000
755500,0.009,0.991,0.000
756000,0.009,0.991,0.000
756500,0.009,0.986,0.005
757000,0.009,0.991,0.000
757500,0.009,0.986,0.005
758000,0.009,0.991,0.000
758500,0.009,0.986,0.005
759000,0.009,0.986,0.005
759500,0.009,0.991,0.000
760000,0.009,0.986,0.005
760500,0.009,0.991,0.000
761000,0.009,0.991,0.000
761500,0.009,0.991,0.000
762000,0.009,0.991,0.000
762500,0.009,0.982,0.009
763000,0.009,0.991,0.000
763500,0.009,0.991,0.000
764000,0.009,0.986,0.005
764500,0.009,0.982,0.009
765000,0.009,0.986,0.005
765500,0.009,0.977,0.014
766000,0.009,0.982,0.009
766500,0.009,0.986,0.005
767000,0.009,0.986,0.005
767500,0.009,0.977,0.014
768000,0.009,0.982,0.009
768500,0.009,0.977,0.014
769000,0.009,0.977,0.014
769500,0.009,0.991,0.000
770000,0.009,0.986,0.005
770500,0.009,0.991,0.000
771000,0.009,0.991,0.000
771500,0.009,0.991,0.000
772000,0.009,0.991,0.000
772500,0.009,0.991,0.000
773000,0.009,0.977,0.014
773500,0.009,0.968,0.023
774000,0.009,0.991,0.000
774500,0.009,0.991,0.000
775000,0.009,0.991,0.000
775500,0.009,0.982,0.009
776000,0.009,0.991,0.000
776500,0.009,0.968,0.023
777000,0.009,0.986,0.005
777500,0.009,0.991,0.000
778000,0.009,0.991,0.000
778500,0.009,0.986,0.005
779000,0.009,0.977,0.014
779500,0.009,0.991,0.000
780000,0.009,0.991,0.000
780500,0.009,0.991,0.000
781000,0.009,0.986,0.005
781500,0.009,0.982,0.009
782000,0.009,0.991,0.000
782500,0.009,0.991,0.000
783000,0.009,0.991,0.000
783500,0.009,0.991,0.000
784000,0.009,0.991,0.000
784500,0.009,0.986,0.005
785000,0.009,0.977,0.014
785500,0.009,0.986,0.005
786000,0.009,0.986,0.005
786500,0.014,0.972,0.014
787000,0.009,0.991,0.000
787500,0.009,0.991,0.000
788000,0.009,0.991,0.000
788500,0.009,0.986,0.005
789000,0.009,0.982,0.009
789500,0.009,0.991,0.000
790000,0.009,0.991,0.000
790500,0.009,0.982,0.009
791000,0.009,0.982,0.009
791500,0.009,0.986,0.005
792000,0.009,0.982,0.009
792500,0.009,0.986,0.005
793000,0.009,0.986,0.005
793500,0.009,0.982,0.009
794000,0.009,0.991,0.000
794500,0.009,0.986,0.005
795000,0.009,0.982,0.009
795500,0.009,0.991,0.000
796000,0.009,0.986,0.005
796500,0.009,0.982,0.009
797000,0.009,0.972,0.018
797500,0.009,0.982,0.009
798000,0.009,0.986,0.005
798500,0.009,0.982,0.009
799000,0.009,0.977,0.014
799500,0.009,0.982,0.009
800000,0.009,0.986,0.005
800500,0.009,0.991,0.000
801000,0.009,0.991,0.000
801500,0.009,0.986,0.005
802000,0.009,0.991,0.000
802500,0.009,0.991,0.000
803000,0.009,0.991,0.000
803500,0.009,0.991,0.000
804000,0.009,0.991,0.000
804500,0.009,0.991,0.000
805000,0.009,0.986,0.005
805500,0.009,0.991,0.000
806000,0.009,0.991,0.000
806500,0.009,0.991,0.000
807000,0.009,0.991,0.000
807500,0.009,0.986,0.005
808000,0.009,0.991,0.000
808500,0.009,0.982,0.009
809000,0.009,0.982,0.009
809500,0.009,0.982,0.009
810000,0.014,0.982,0.005
810500,0.009,0.991,0.000
811000,0.009,0.977,0.014
811500,0.009,0.991,0.000
812000,0.009,0.977,0.014
812500,0.009,0.986,0.005
813000,0.009,0.982,0.009
813500,0.009,0.991,0.000
814000,0.009,0.991,0.000
814500,0.009,0.986,0.005
815000,0.009,0.982,0.009
815500,0.009,0.982,0.009
816000,0.009,0.991,0.000
816500,0.009,0.991,0.000
817000,0.009,0.991,0.000
817500,0.009,0.991,0.000
818000,0.009,0.991,0.000
818500,0.009,0.982,0.009
819000,0.009,0.972,0.018
819500,0.014,0.977,0.009
820000,0.014,0.972,0.014
820500,0.009,0.982,0.009
821000,0.009,0.991,0.000
821500,0.009,0.991,0.000
822000,0.009,0.991,0.000
822500,0.009,0.991,0.000
823000,0.009,0.991,0.000
823500,0.009,0.991,0.000
824000,0.009,0.982,0.009
824500,0.009,0.982,0.009
825000,0.009,0.991,0.000
825500,0.009,0.986,0.005
826000,0.009,0.986,0.005
826500,0.009,0.991,0.000
827000,0.009,0.982,0.009
827500,0.009,0.986,0.005
828000,0.009,0.982,0.009
828500,0.009,0.977,0.014
829000,0.009,0.972,0.018
829500,0.009,0.972,0.018
830000,0.009,0.982,0.009
830500,0.009,0.982,0.009
831000,0.009,0.991,0.000
831500,0.009,0.977,0.014
832000,0.009,0.986,0.005
832500,0.009,0.972,0.018
833000,0.009,0.986,0.005
833500,0.009,0.982,0.009
834000,0.009,0.991,0.000
834500,0.009,0.986,0.005
835000,0.009,0.986,0.005
835500,0.018,0.982,0.000
836000,0.014,0.986,0.000
836500,0.009,0.982,0.009
837000,0.009,0.991,0.000
837500,0.009,0.986,0.005
838000,0.009,0.991,0.000
838500,0.009,0.982,0.009
839000,0.009,0.991,0.000
839500,0.009,0.991,0.000
840000,0.009,0.991,0.000
840500,0.009,0.991,0.000
841000,0.009,0.991,0.000
841500,0.009,0.986,0.005
842000,0.009,0.991,0.000
842500,0.009,0.991,0.000
843000,0.009,0.986,0.005
843500,0.009,0.991,0.000
844000,0.009,0.991,0.000
844500,0.009,0.991,0.000
845000,0.009,0.982,0.009
845500,0.009,0.986,0.005
846000,0.009,0.991,0.000
846500,0.009,0.991,0.000
847000,0.009,0.986,0.005
847500,0.009,0.977,0.014
848000,0.009,0.991,0.000
848500,0.009,0.991,0.000
849000,0.009,0.991,0.000
849500,0.009,0.986,0.005
850000,0.009,0.972,0.018
850500,0.009,0.986,0.005
851000,0.009,0.982,0.009
851500,0.009,0.968,0.023
852000,0.009,0.991,0.000
852500,0.009,0.986,0.005
853000,0.009,0.982,0.009
853500,0.009,0.982,0.009
854000,0.009,0.982,0.009
854500,0.009,0.991,0.000
855000,0.009,0.986,0.005
855500,0.009,0.991,0.000
856000,0.009,0.991,0.000
856500,0.009,0.991,0.000
857000,0.009,0.991,0.000
857500,0.009,0.986,0.005
858000,0.009,0.991,0.000
858500,0.009,0.986,0.005
859000,0.009,0.986,0.005
859500,0.009,0.991,0.000
860000,0.009,0.991,0.000
860500,0.009,0.991,0.000
861000,0.009,0.991,0.000
861500,0.009,0.991,0.000
862000,0.009,0.972,0.018
862500,0.009,0.972,0.018
863000,0.009,0.991,0.000
863500,0.009,0.991,0.000
864000,0.009,0.991,0.000
864500,0.009,0.982,0.009
865000,0.009,0.986,0.005
865500,0.009,0.977,0.014
866000,0.009,0.991,0.000
866500,0.009,0.991,0.000
867000,0.009,0.986,0.005
867500,0.009,0.986,0.005
868000,0.009,0.991,0.000
868500,0.009,0.991,0.000
869000,0.009,0.991,0.000
869500,0.009,0.982,0.009
870000,0.009,0.991,0.000
870500,0.009,0.991,0.000
871000,0.009,0.991,0.000
871500,0.009,0.991,0.000
872000,0.009,0.991,0.000
872500,0.009,0.986,0.005
873000,0.009,0.991,0.000
873500,0.009,0.991,0.000
874000,0.009,0.982,0.009
874500,0.009,0.977,0.014
875000,0.023,0.968,0.009
875500,0.018,0.972,0.009
876000,0.014,0.972,0.014
876500,0.014,0.968,0.018
877000,0.014,0.963,0.023
877500,0.014,0.977,0.009
878000,0.009,0.986,0.005
878500,0.009,0.991,0.000
879000,0.009,0.991,0.000
879500,0.009,0.991,0.000
880000,0.009,0.991,0.000
880500,0.009,0.986,0.005
881000,0.009,0.986,0.005
881500,0.009,0.986,0.005
882000,0.009,0.982,0.009
882500,0.009,0.977,0.014
883000,0.009,0.982,0.009
883500,0.009,0.991,0.000
884000,0.009,0.986,0.005
884500,0.009,0.968,0.023
885000,0.009,0.991,0.000
885500,0.014,0.977,0.009
886000,0.014,0.972,0.014
886500,0.009,0.977,0.014
887000,0.009,0.986,0.005
887500,0.009,0.986,0.005
888000,0.009,0.991,0.000
888500,0.009,0.986,0.005
889000,0.009,0.986,0.005
889500,0.009,0.986,0.005
890000,0.009,0.986,0.005
890500,0.009,0.982,0.009
891000,0.009,0.977,0.014
891500,0.009,0.977,0.014
892000,0.009,0.982,0.009
892500,0.009,0.986,0.005
893000,0.009,0.982,0.009
893500,0.009,0.991,0.000
894000,0.009,0.991,0.000
894500,0.009,0.977,0.014
895000,0.009,0.991,0.000
895500,0.009,0.986,0.005
896000,0.009,0.991,0.000
896500,0.009,0.986,0.005
897000,0.009,0.991,0.000
897500,0.009,0.991,0.000
898000,0.009,0.991,0.000
898500,0.009,0.986,0.005
899000,0.009,0.986,0.005
899500,0.009,0.991,0.000
900000,0.009,0.991,0.000
900500,0.009,0.977,0.014
901000,0.009,0.949,0.041
901500,0.009,0.991,0.000
902000,0.009,0.986,0.005
902500,0.009,0.986,0.005
903000,0.009,0.991,0.000
903500,0.009,0.986,0.005
904000,0.009,0.972,0.018
904500,0.009,0.986,0.005
905000,0.009,0.991,0.000
905500,0.009,0.991,0.000
906000,0.009,0.991,0.000
906500,0.009,0.972,0.018
907000,0.009,0.986,0.005
907500,0.009,0.982,0.009
908000,0.009,0.991,0.000
908500,0.009,0.986,0.005
909000,0.009,0.991,0.000
909500,0.009,0.991,0.000
910000,0.009,0.991,0.000
910500,0.009,0.991,0.000
911000,0.009,0.982,0.009
911500,0.009,0.968,0.023
912000,0.009,0.972,0.018
912500,0.009,0.972,0.018
913000,0.009,0.986,0.005
913500,0.009,0.986,0.005
914000,0.009,0.986,0.005
914500,0.009,0.977,0.014
915000,0.009,0.972,0.018
915500,0.009,0.982,0.009
916000,0.009,0.977,0.014
916500,0.009,0.991,0.000
917000,0.009,0.982,0.009
917500,0.009,0.991,0.000
918000,0.009,0.986,0.005
918500,0.009,0.991,0.000
919000,0.009,0.991,0.000
919500,0.009,0.977,0.014
920000,0.009,0.986,0.005
920500,0.009,0.991,0.000
921000,0.009,0.991,0.000
921500,0.009,0.982,0.009
922000,0.009,0.991,0.000
922500,0.009,0.991,0.000
923000,0.009,0.991,0.000
923500,0.009,0.991,0.000
924000,0.009,0.991,0.000
924500,0.009,0.991,0.000
925000,0.009,0.991,0.000
925500,0.009,0.991,0.000
926000,0.009,0.991,0.000
926500,0.009,0.991,0.000
927000,0.009,0.986,0.005
927500,0.009,0.982,0.009
928000,0.009,0.986,0.005
928500,0.009,0.982,0.009
929000,0.009,0.977,0.014
929500,0.009,0.986,0.005
930000,0.014,0.982,0.005
930500,0.009,0.977,0.014
931000,0.009,0.986,0.005
931500,0.009,0.986,0.005
932000,0.009,0.982,0.009
932500,0.009,0.986,0.005
933000,0.018,0.972,0.009
933500,0.009,0.982,0.009
934000,0.009,0.986,0.005
934500,0.009,0.991,0.000
935000,0.009,0.991,0.000
935500,0.009,0.991,0.000
936000,0.014,0.986,0.000
936500,0.009,0.977,0.014
937000,0.009,0.982,0.009
937500,0.009,0.986,0.005
938000,0.009,0.991,0.000
938500,0.009,0.991,0.000
939000,0.009,0.982,0.009
939500,0.009,0.986,0.005
940000,0.009,0.991,0.000
940500,0.009,0.982,0.009
941000,0.009,0.986,0.005
941500,0.009,0.991,0.000
942000,0.009,0.991,0.000
942500,0.009,0.977,0.014
943000,0.009,0.986,0.005
943500,0.009,0.991,0.000
944000,0.009,0.977,0.014
944500,0.009,0.991,0.000
945000,0.009,0.991,0.000
945500,0.009,0.991,0.000
946000,0.009,0.991,0.000
946500,0.009,0.986,0.005
947000,0.009,0.986,0.005
947500,0.009,0.986,0.005
948000,0.009,0.991,0.000
948500,0.009,0.991,0.000
949000,0.009,0.991,0.000
949500,0.009,0.991,0.000
950000,0.009,0.977,0.014
950500,0.009,0.991,0.000
951000,0.009,0.991,0.000
951500,0.009,0.991,0.000
952000,0.009,0.991,0.000
952500,0.009,0.991,0.000
953000,0.009,0.986,0.005
953500,0.009,0.991,0.000
954000,0.009,0.991,0.000
954500,0.009,0.986,0.005
955000,0.009,0.991,0.000
955500,0.009,0.986,0.005
956000,0.009,0.982,0.009
956500,0.009,0.963,0.028
957000,0.009,0.991,0.000
957500,0.009,0.991,0.000
958000,0.009,0.991,0.000
958500,0.009,0.982,0.009
959000,0.009,0.977,0.014
959500,0.009,0.963,0.028
960000,0.009,0.972,0.018
960500,0.009,0.986,0.005
961000,0.009,0.991,0.000
961500,0.009,0.982,0.009
962000,0.009,0.991,0.000
962500,0.009,0.991,0.000
963000,0.009,0.986,0.005
963500,0.009,0.982,0.009
964000,0.009,0.986,0.005
964500,0.009,0.986,0.005
965000,0.009,0.991,0.000
965500,0.009,0.991,0.000
966000,0.009,0.991,0.000
966500,0.009,0.972,0.018
967000,0.009,0.991,0.000
967500,0.009,0.991,0.000
968000,0.009,0.986,0.005
968500,0.009,0.991,0.000
969000,0.009,0.991,0.000
969500,0.009,0.986,0.005
970000,0.009,0.986,0.005
970500,0.014,0.982,0.005
971000,0.009,0.986,0.005
971500,0.009,0.972,0.018
972000,0.009,0.991,0.000
972500,0.009,0.963,0.028
973000,0.009,0.963,0.028
973500,0.009,0.991,0.000
974000,0.009,0.982,0.009
974500,0.009,0.991,0.000
975000,0.009,0.986,0.005
975500,0.009,0.991,0.000
976000,0.009,0.991,0.000
976500,0.009,0.991,0.000
977000,0.009,0.991,0.000
977500,0.009,0.982,0.009
978000,0.009,0.991,0.000
978500,0.009,0.982,0.009
979000,0.009,0.986,0.005
979500,0.009,0.986,0.005
980000,0.009,0.991,0.000
980500,0.009,0.991,0.000
981000,0.009,0.991,0.000
981500,0.009,0.986,0.005
982000,0.009,0.986,0.005
982500,0.009,0.977,0.014
983000,0.009,0.986,0.005
983500,0.009,0.982,0.009
984000,0.009,0.986,0.005
984500,0.009,0.991,0.000
985000,0.009,0.986,0.005
985500,0.009,0.986,0.005
986000,0.009,0.991,0.000
986500,0.009,0.986,0.005
987000,0.009,0.986,0.005
987500,0.014,0.982,0.005
988000,0.009,0.991,0.000
988500,0.009,0.986,0.005
989000,0.009,0.991,0.000
989500,0.009,0.991,0.000
990000,0.009,0.991,0.000
990500,0.009,0.986,0.005
991000,0.009,0.986,0.005
991500,0.009,0.986,0.005
992000,0.009,0.986,0.005
992500,0.009,0.986,0.005
993000,0.009,0.986,0.005
993500,0.009,0.982,0.009
994000,0.009,0.991,0.000
994500,0.009,0.991,0.000
995000,0.009,0.977,0.014
995500,0.009,0.972,0.018
996000,0.009,0.968,0.023
996500,0.009,0.959,0.032
997000,0.009,0.968,0.023
997500,0.009,0.986,0.005
998000,0.009,0.982,0.009
998500,0.009,0.977,0.014
999000,0.009,0.991,0.000
999500,0.009,0.991,0.000
1000000,0.009,0.982,0.009
