time,n_A+p,n_B,n_AB
0,0.450,0.550,0.000
500,0.269,0.443,0.287
1000,0.165,0.581,0.254
1500,0.070,0.746,0.183
2000,0.058,0.792,0.150
2500,0.031,0.872,0.098
3000,0.009,0.914,0.076
3500,0.012,0.948,0.040
4000,0.012,0.942,0.046
4500,0.006,0.933,0.061
5000,0.003,0.979,0.018
5500,0.003,0.985,0.012
6000,0.003,0.979,0.018
6500,0.000,0.991,0.009
7000,0.000,0.997,0.003
7500,0.000,0.997,0.003
8000,0.000,0.997,0.003
8500,0.000,0.997,0.003
9000,0.000,0.997,0.003
9500,0.000,1.000,0.000
