time,n_A+p,n_B,n_AB
100,0.392,0.476,0.132
200,0.365,0.444,0.191
300,0.333,0.387,0.280
400,0.295,0.365,0.340
500,0.295,0.335,0.370
600,0.263,0.315,0.422
700,0.236,0.290,0.474
800,0.221,0.290,0.489
900,0.208,0.288,0.504
1000,0.206,0.293,0.501
1100,0.231,0.288,0.481
1200,0.201,0.300,0.499
1300,0.196,0.300,0.504
1400,0.194,0.273,0.533
1500,0.203,0.278,0.519
1600,0.174,0.290,0.536
1700,0.179,0.283,0.538
1800,0.169,0.283,0.548
1900,0.166,0.263,0.571
2000,0.164,0.248,0.588
2100,0.164,0.231,0.605
2200,0.184,0.228,0.588
2300,0.184,0.241,0.576
2400,0.186,0.228,0.586
2500,0.189,0.226,0.586
2600,0.189,0.236,0.576
2700,0.181,0.246,0.573
2800,0.171,0.246,0.583
2900,0.159,0.241,0.600
3000,0.164,0.248,0.588
3100,0.161,0.248,0.591
3200,0.164,0.256,0.581
3300,0.169,0.270,0.561
3400,0.179,0.263,0.558
3500,0.201,0.248,0.551
3600,0.186,0.226,0.588
3700,0.196,0.203,0.600
3800,0.194,0.203,0.603
3900,0.184,0.211,0.605
4000,0.166,0.236,0.598
4100,0.186,0.218,0.596
4200,0.174,0.206,0.620
4300,0.171,0.201,0.628
4400,0.189,0.206,0.605
4500,0.174,0.196,0.630
4600,0.171,0.199,0.630
4700,0.179,0.208,0.613
4800,0.171,0.206,0.623
4900,0.176,0.199,0.625
5000,0.186,0.194,0.620
5100,0.181,0.194,0.625
5200,0.226,0.184,0.591
5300,0.211,0.181,0.608
5400,0.206,0.169,0.625
5500,0.194,0.181,0.625
5600,0.174,0.184,0.643
5700,0.164,0.184,0.653
5800,0.181,0.194,0.625
5900,0.179,0.196,0.625
6000,0.164,0.199,0.638
6100,0.169,0.196,0.635
6200,0.174,0.199,0.628
6300,0.194,0.171,0.635
6400,0.174,0.169,0.658
6500,0.179,0.174,0.648
6600,0.184,0.176,0.640
6700,0.189,0.194,0.618
6800,0.181,0.179,0.640
6900,0.196,0.176,0.628
7000,0.206,0.184,0.610
7100,0.194,0.169,0.638
7200,0.223,0.169,0.608
7300,0.241,0.164,0.596
7400,0.228,0.154,0.618
7500,0.216,0.141,0.643
7600,0.218,0.149,0.633
7700,0.241,0.144,0.615
7800,0.248,0.139,0.613
7900,0.266,0.134,0.600
8000,0.253,0.144,0.603
8100,0.278,0.122,0.600
8200,0.263,0.114,0.623
8300,0.231,0.136,0.633
8400,0.223,0.132,0.645
8500,0.213,0.136,0.650
8600,0.233,0.134,0.633
8700,0.243,0.144,0.613
8800,0.243,0.149,0.608
8900,0.211,0.159,0.630
9000,0.216,0.186,0.598
9100,0.201,0.199,0.600
9200,0.211,0.206,0.583
9300,0.201,0.199,0.600
9400,0.191,0.186,0.623
9500,0.201,0.169,0.630
9600,0.201,0.164,0.635
9700,0.211,0.156,0.633
9800,0.208,0.156,0.635
9900,0.203,0.146,0.650
10000,0.201,0.144,0.655
10100,0.206,0.164,0.630
10200,0.213,0.161,0.625
10300,0.211,0.159,0.630
10400,0.194,0.164,0.643
10500,0.206,0.166,0.628
10600,0.186,0.169,0.645
10700,0.181,0.186,0.633
10800,0.191,0.189,0.620
10900,0.199,0.171,0.630
11000,0.208,0.199,0.593
11100,0.199,0.186,0.615
11200,0.196,0.201,0.603
11300,0.206,0.206,0.588
11400,0.213,0.203,0.583
11500,0.218,0.189,0.593
11600,0.203,0.189,0.608
11700,0.218,0.164,0.618
11800,0.221,0.186,0.593
11900,0.223,0.171,0.605
12000,0.189,0.199,0.613
12100,0.194,0.171,0.635
12200,0.184,0.206,0.610
12300,0.206,0.186,0.608
12400,0.199,0.184,0.618
12500,0.196,0.189,0.615
12600,0.196,0.161,0.643
12700,0.189,0.159,0.653
12800,0.196,0.151,0.653
12900,0.201,0.171,0.628
13000,0.201,0.171,0.628
13100,0.226,0.176,0.598
13200,0.203,0.181,0.615
13300,0.201,0.191,0.608
13400,0.208,0.189,0.603
13500,0.221,0.201,0.578
13600,0.241,0.179,0.581
13700,0.221,0.179,0.600
13800,0.218,0.186,0.596
13900,0.206,0.199,0.596
14000,0.211,0.186,0.603
14100,0.206,0.206,0.588
14200,0.196,0.186,0.618
14300,0.189,0.179,0.633
14400,0.181,0.176,0.643
14500,0.201,0.146,0.653
14600,0.213,0.134,0.653
14700,0.211,0.136,0.653
14800,0.203,0.154,0.643
14900,0.211,0.166,0.623
15000,0.203,0.161,0.635
15100,0.231,0.139,0.630
15200,0.231,0.154,0.615
15300,0.231,0.174,0.596
15400,0.243,0.179,0.578
15500,0.206,0.211,0.583
15600,0.203,0.211,0.586
15700,0.166,0.223,0.610
15800,0.176,0.218,0.605
15900,0.213,0.216,0.571
16000,0.194,0.208,0.598
16100,0.201,0.216,0.583
16200,0.206,0.243,0.551
16300,0.206,0.233,0.561
16400,0.223,0.226,0.551
16500,0.233,0.228,0.538
16600,0.221,0.216,0.563
16700,0.228,0.189,0.583
16800,0.236,0.194,0.571
16900,0.221,0.181,0.598
17000,0.203,0.189,0.608
17100,0.186,0.206,0.608
17200,0.196,0.194,0.610
17300,0.196,0.181,0.623
17400,0.194,0.174,0.633
17500,0.201,0.169,0.630
17600,0.199,0.169,0.633
17700,0.243,0.144,0.613
17800,0.231,0.151,0.618
17900,0.243,0.136,0.620
18000,0.211,0.166,0.623
18100,0.213,0.199,0.588
18200,0.208,0.221,0.571
18300,0.208,0.201,0.591
18400,0.208,0.196,0.596
18500,0.218,0.184,0.598
18600,0.238,0.171,0.591
18700,0.248,0.171,0.581
18800,0.238,0.174,0.588
18900,0.228,0.156,0.615
19000,0.208,0.169,0.623
19100,0.206,0.186,0.608
19200,0.181,0.191,0.628
19300,0.199,0.186,0.615
19400,0.189,0.184,0.628
19500,0.191,0.179,0.630
19600,0.201,0.161,0.638
19700,0.194,0.166,0.640
19800,0.216,0.149,0.635
19900,0.208,0.174,0.618
20000,0.223,0.184,0.593
20100,0.216,0.154,0.630
20200,0.191,0.174,0.635
20300,0.171,0.189,0.640
20400,0.149,0.196,0.655
20500,0.132,0.201,0.667
20600,0.151,0.221,0.628
20700,0.151,0.226,0.623
20800,0.164,0.228,0.608
20900,0.141,0.243,0.615
21000,0.141,0.199,0.660
21100,0.144,0.226,0.630
21200,0.122,0.236,0.643
21300,0.122,0.216,0.663
21400,0.107,0.228,0.665
21500,0.099,0.216,0.685
21600,0.141,0.189,0.670
21700,0.169,0.179,0.653
21800,0.181,0.176,0.643
21900,0.208,0.169,0.623
22000,0.223,0.161,0.615
22100,0.223,0.171,0.605
22200,0.206,0.171,0.623
22300,0.226,0.154,0.620
22400,0.226,0.134,0.640
22500,0.236,0.122,0.643
22600,0.266,0.129,0.605
22700,0.288,0.117,0.596
22800,0.285,0.136,0.578
22900,0.283,0.146,0.571
23000,0.275,0.132,0.593
23100,0.258,0.146,0.596
23200,0.261,0.144,0.596
23300,0.241,0.164,0.596
23400,0.251,0.161,0.588
23500,0.248,0.164,0.588
23600,0.221,0.144,0.635
23700,0.206,0.144,0.650
23800,0.226,0.149,0.625
23900,0.213,0.149,0.638
24000,0.218,0.136,0.645
24100,0.211,0.161,0.628
24200,0.208,0.151,0.640
24300,0.206,0.179,0.615
24400,0.206,0.184,0.610
24500,0.203,0.166,0.630
24600,0.186,0.196,0.618
24700,0.199,0.174,0.628
24800,0.211,0.171,0.618
24900,0.186,0.164,0.650
25000,0.203,0.151,0.645
25100,0.216,0.132,0.653
25200,0.218,0.146,0.635
25300,0.238,0.129,0.633
25400,0.243,0.129,0.628
25500,0.246,0.149,0.605
25600,0.221,0.159,0.620
25700,0.216,0.154,0.630
25800,0.218,0.139,0.643
25900,0.228,0.122,0.650
26000,0.231,0.132,0.638
26100,0.223,0.164,0.613
26200,0.226,0.179,0.596
26300,0.218,0.186,0.596
26400,0.213,0.189,0.598
26500,0.218,0.191,0.591
26600,0.196,0.191,0.613
26700,0.181,0.201,0.618
26800,0.191,0.191,0.618
26900,0.223,0.171,0.605
27000,0.228,0.151,0.620
27100,0.211,0.181,0.608
27200,0.191,0.191,0.618
27300,0.181,0.169,0.650
27400,0.184,0.171,0.645
27500,0.169,0.169,0.663
27600,0.186,0.184,0.630
27700,0.191,0.189,0.620
27800,0.206,0.161,0.633
27900,0.231,0.159,0.610
28000,0.208,0.146,0.645
28100,0.208,0.144,0.648
28200,0.206,0.154,0.640
28300,0.189,0.129,0.682
28400,0.189,0.132,0.680
28500,0.174,0.164,0.663
28600,0.161,0.176,0.663
28700,0.171,0.161,0.667
28800,0.184,0.164,0.653
28900,0.213,0.144,0.643
29000,0.218,0.156,0.625
29100,0.228,0.151,0.620
29200,0.226,0.166,0.608
29300,0.208,0.174,0.618
29400,0.196,0.184,0.620
29500,0.176,0.211,0.613
29600,0.161,0.208,0.630
29700,0.181,0.196,0.623
29800,0.191,0.184,0.625
29900,0.186,0.206,0.608
30000,0.189,0.228,0.583
30100,0.176,0.228,0.596
30200,0.164,0.223,0.613
30300,0.171,0.206,0.623
30400,0.201,0.194,0.605
30500,0.194,0.213,0.593
30600,0.186,0.218,0.596
30700,0.166,0.231,0.603
30800,0.181,0.203,0.615
30900,0.199,0.216,0.586
31000,0.208,0.211,0.581
31100,0.208,0.208,0.583
31200,0.196,0.206,0.598
31300,0.201,0.206,0.593
31400,0.206,0.196,0.598
31500,0.194,0.194,0.613
31600,0.169,0.203,0.628
31700,0.166,0.223,0.610
31800,0.164,0.233,0.603
31900,0.181,0.228,0.591
32000,0.166,0.211,0.623
32100,0.186,0.208,0.605
32200,0.206,0.218,0.576
32300,0.194,0.223,0.583
32400,0.199,0.213,0.588
32500,0.216,0.213,0.571
32600,0.186,0.201,0.613
32700,0.174,0.208,0.618
32800,0.169,0.211,0.620
32900,0.164,0.218,0.618
33000,0.174,0.223,0.603
33100,0.189,0.228,0.583
33200,0.169,0.241,0.591
33300,0.169,0.226,0.605
33400,0.149,0.238,0.613
33500,0.144,0.275,0.581
33600,0.134,0.270,0.596
33700,0.129,0.251,0.620
33800,0.124,0.266,0.610
33900,0.149,0.243,0.608
34000,0.141,0.261,0.598
34100,0.146,0.263,0.591
34200,0.149,0.248,0.603
34300,0.127,0.238,0.635
34400,0.122,0.206,0.672
34500,0.134,0.208,0.658
34600,0.136,0.221,0.643
34700,0.139,0.196,0.665
34800,0.124,0.189,0.687
34900,0.124,0.201,0.675
35000,0.127,0.203,0.670
35100,0.132,0.211,0.658
35200,0.164,0.196,0.640
35300,0.159,0.203,0.638
35400,0.141,0.199,0.660
35500,0.127,0.218,0.655
35600,0.129,0.223,0.648
35700,0.146,0.238,0.615
35800,0.139,0.236,0.625
35900,0.134,0.216,0.650
36000,0.127,0.208,0.665
36100,0.136,0.203,0.660
36200,0.141,0.238,0.620
36300,0.132,0.268,0.600
36400,0.122,0.238,0.640
36500,0.124,0.258,0.618
36600,0.122,0.221,0.658
36700,0.141,0.226,0.633
36800,0.144,0.216,0.640
36900,0.141,0.211,0.648
37000,0.139,0.211,0.650
37100,0.144,0.196,0.660
37200,0.139,0.194,0.667
37300,0.151,0.189,0.660
37400,0.149,0.181,0.670
37500,0.141,0.218,0.640
37600,0.129,0.216,0.655
37700,0.107,0.226,0.667
37800,0.102,0.221,0.677
37900,0.132,0.223,0.645
38000,0.127,0.236,0.638
38100,0.127,0.248,0.625
38200,0.124,0.246,0.630
38300,0.114,0.246,0.640
38400,0.144,0.233,0.623
38500,0.174,0.241,0.586
38600,0.176,0.223,0.600
38700,0.176,0.226,0.598
38800,0.159,0.283,0.558
38900,0.156,0.295,0.548
39000,0.146,0.266,0.588
39100,0.141,0.246,0.613
39200,0.161,0.231,0.608
39300,0.154,0.233,0.613
39400,0.159,0.216,0.625
39500,0.159,0.226,0.615
39600,0.151,0.211,0.638
39700,0.134,0.213,0.653
39800,0.132,0.203,0.665
39900,0.151,0.186,0.663
40000,0.134,0.201,0.665
40100,0.141,0.213,0.645
40200,0.154,0.194,0.653
40300,0.151,0.194,0.655
40400,0.154,0.196,0.650
40500,0.196,0.189,0.615
40600,0.181,0.176,0.643
40700,0.174,0.221,0.605
40800,0.151,0.236,0.613
40900,0.149,0.253,0.598
41000,0.139,0.241,0.620
41100,0.127,0.238,0.635
41200,0.146,0.233,0.620
41300,0.136,0.238,0.625
41400,0.122,0.246,0.633
41500,0.119,0.223,0.658
41600,0.112,0.233,0.655
41700,0.109,0.243,0.648
41800,0.132,0.241,0.628
41900,0.134,0.228,0.638
42000,0.164,0.218,0.618
42100,0.179,0.199,0.623
42200,0.156,0.196,0.648
42300,0.171,0.186,0.643
42400,0.194,0.194,0.613
42500,0.194,0.199,0.608
42600,0.194,0.176,0.630
42700,0.194,0.194,0.613
42800,0.194,0.208,0.598
42900,0.186,0.203,0.610
43000,0.216,0.206,0.578
43100,0.208,0.186,0.605
43200,0.199,0.179,0.623
43300,0.196,0.186,0.618
43400,0.199,0.184,0.618
43500,0.191,0.186,0.623
43600,0.206,0.154,0.640
43700,0.218,0.161,0.620
43800,0.246,0.164,0.591
43900,0.253,0.166,0.581
44000,0.258,0.151,0.591
44100,0.266,0.156,0.578
44200,0.273,0.171,0.556
44300,0.273,0.154,0.573
44400,0.266,0.164,0.571
44500,0.258,0.154,0.588
44600,0.238,0.151,0.610
44700,0.236,0.151,0.613
44800,0.238,0.149,0.613
44900,0.233,0.136,0.630
45000,0.258,0.149,0.593
45100,0.233,0.169,0.598
45200,0.248,0.161,0.591
45300,0.253,0.154,0.593
45400,0.256,0.176,0.568
45500,0.241,0.164,0.596
45600,0.246,0.151,0.603
45700,0.256,0.151,0.593
45800,0.233,0.166,0.600
45900,0.228,0.161,0.610
46000,0.218,0.176,0.605
46100,0.213,0.171,0.615
46200,0.231,0.184,0.586
46300,0.231,0.174,0.596
46400,0.228,0.166,0.605
46500,0.226,0.174,0.600
46600,0.206,0.179,0.615
46700,0.211,0.189,0.600
46800,0.216,0.186,0.598
46900,0.228,0.184,0.588
47000,0.216,0.169,0.615
47100,0.213,0.176,0.610
47200,0.233,0.166,0.600
47300,0.253,0.159,0.588
47400,0.236,0.191,0.573
47500,0.216,0.206,0.578
47600,0.213,0.194,0.593
47700,0.196,0.184,0.620
47800,0.189,0.203,0.608
47900,0.186,0.174,0.640
48000,0.194,0.203,0.603
48100,0.194,0.216,0.591
48200,0.196,0.216,0.588
48300,0.189,0.221,0.591
48400,0.196,0.226,0.578
48500,0.166,0.218,0.615
48600,0.169,0.218,0.613
48700,0.171,0.208,0.620
48800,0.189,0.208,0.603
48900,0.201,0.206,0.593
49000,0.186,0.208,0.605
49100,0.194,0.203,0.603
49200,0.186,0.194,0.620
49300,0.186,0.201,0.613
49400,0.221,0.208,0.571
49500,0.208,0.211,0.581
49600,0.201,0.208,0.591
49700,0.189,0.228,0.583
49800,0.186,0.231,0.583
49900,0.186,0.248,0.566
50000,0.179,0.238,0.583
50100,0.194,0.241,0.566
50200,0.186,0.251,0.563
50300,0.196,0.236,0.568
50400,0.203,0.216,0.581
50500,0.174,0.233,0.593
50600,0.179,0.238,0.583
50700,0.174,0.226,0.600
50800,0.169,0.228,0.603
50900,0.191,0.223,0.586
51000,0.184,0.221,0.596
51100,0.186,0.208,0.605
51200,0.176,0.206,0.618
51300,0.181,0.206,0.613
51400,0.171,0.201,0.628
51500,0.166,0.174,0.660
51600,0.171,0.174,0.655
51700,0.194,0.164,0.643
51800,0.191,0.151,0.658
51900,0.194,0.149,0.658
52000,0.196,0.216,0.588
52100,0.191,0.223,0.586
52200,0.184,0.213,0.603
52300,0.169,0.236,0.596
52400,0.201,0.231,0.568
52500,0.201,0.223,0.576
52600,0.203,0.218,0.578
52700,0.179,0.233,0.588
52800,0.194,0.238,0.568
52900,0.199,0.233,0.568
53000,0.181,0.256,0.563
53100,0.174,0.266,0.561
53200,0.161,0.256,0.583
53300,0.186,0.256,0.558
53400,0.191,0.246,0.563
53500,0.159,0.236,0.605
53600,0.154,0.241,0.605
53700,0.171,0.248,0.581
53800,0.179,0.218,0.603
53900,0.179,0.201,0.620
54000,0.176,0.201,0.623
54100,0.176,0.203,0.620
54200,0.191,0.191,0.618
54300,0.196,0.218,0.586
54400,0.203,0.226,0.571
54500,0.203,0.203,0.593
54600,0.186,0.184,0.630
54700,0.184,0.176,0.640
54800,0.194,0.161,0.645
54900,0.208,0.139,0.653
55000,0.238,0.144,0.618
55100,0.218,0.166,0.615
55200,0.226,0.186,0.588
55300,0.189,0.194,0.618
55400,0.206,0.199,0.596
55500,0.196,0.184,0.620
55600,0.189,0.186,0.625
55700,0.206,0.189,0.605
55800,0.194,0.203,0.603
55900,0.171,0.223,0.605
56000,0.179,0.213,0.608
56100,0.191,0.221,0.588
56200,0.194,0.213,0.593
56300,0.206,0.181,0.613
56400,0.208,0.181,0.610
56500,0.216,0.161,0.623
56600,0.231,0.151,0.618
56700,0.280,0.132,0.588
56800,0.285,0.132,0.583
56900,0.273,0.136,0.591
57000,0.248,0.127,0.625
57100,0.261,0.132,0.608
57200,0.258,0.114,0.628
57300,0.275,0.112,0.613
57400,0.266,0.141,0.593
57500,0.246,0.146,0.608
57600,0.246,0.149,0.605
57700,0.221,0.141,0.638
57800,0.221,0.136,0.643
57900,0.223,0.144,0.633
58000,0.236,0.127,0.638
58100,0.201,0.124,0.675
58200,0.218,0.139,0.643
58300,0.221,0.139,0.640
58400,0.221,0.151,0.628
58500,0.228,0.154,0.618
58600,0.248,0.159,0.593
58700,0.273,0.151,0.576
58800,0.273,0.134,0.593
58900,0.275,0.129,0.596
59000,0.263,0.132,0.605
59100,0.258,0.129,0.613
59200,0.253,0.159,0.588
59300,0.243,0.184,0.573
59400,0.231,0.196,0.573
59500,0.213,0.213,0.573
59600,0.223,0.186,0.591
59700,0.226,0.176,0.598
59800,0.236,0.191,0.573
59900,0.241,0.189,0.571
60000,0.211,0.181,0.608
60100,0.233,0.184,0.583
60200,0.216,0.176,0.608
60300,0.233,0.154,0.613
60400,0.226,0.176,0.598
60500,0.206,0.159,0.635
60600,0.216,0.156,0.628
60700,0.233,0.179,0.588
60800,0.228,0.169,0.603
60900,0.241,0.159,0.600
61000,0.226,0.159,0.615
61100,0.238,0.159,0.603
61200,0.258,0.141,0.600
61300,0.263,0.119,0.618
61400,0.256,0.129,0.615
61500,0.241,0.127,0.633
61600,0.238,0.097,0.665
61700,0.285,0.119,0.596
61800,0.288,0.114,0.598
61900,0.261,0.127,0.613
62000,0.251,0.129,0.620
62100,0.273,0.149,0.578
62200,0.266,0.139,0.596
62300,0.236,0.151,0.613
62400,0.221,0.144,0.635
62500,0.206,0.169,0.625
62600,0.199,0.156,0.645
62700,0.194,0.139,0.667
62800,0.184,0.174,0.643
62900,0.189,0.176,0.635
63000,0.203,0.191,0.605
63100,0.201,0.196,0.603
63200,0.201,0.179,0.620
63300,0.208,0.201,0.591
63400,0.228,0.184,0.588
63500,0.233,0.208,0.558
63600,0.223,0.184,0.593
63700,0.231,0.171,0.598
63800,0.216,0.201,0.583
63900,0.216,0.199,0.586
64000,0.184,0.194,0.623
64100,0.184,0.191,0.625
64200,0.166,0.179,0.655
64300,0.189,0.184,0.628
64400,0.191,0.184,0.625
64500,0.221,0.174,0.605
64600,0.241,0.166,0.593
64700,0.236,0.136,0.628
64800,0.253,0.134,0.613
64900,0.285,0.144,0.571
65000,0.270,0.141,0.588
65100,0.273,0.139,0.588
65200,0.273,0.141,0.586
65300,0.273,0.141,0.586
65400,0.273,0.149,0.578
65500,0.280,0.159,0.561
65600,0.268,0.154,0.578
65700,0.285,0.127,0.588
65800,0.275,0.114,0.610
65900,0.298,0.114,0.588
66000,0.285,0.107,0.608
66100,0.253,0.136,0.610
66200,0.270,0.144,0.586
66300,0.251,0.141,0.608
66400,0.226,0.146,0.628
66500,0.228,0.171,0.600
66600,0.246,0.146,0.608
66700,0.228,0.149,0.623
66800,0.236,0.154,0.610
66900,0.221,0.179,0.600
67000,0.233,0.184,0.583
67100,0.221,0.176,0.603
67200,0.216,0.179,0.605
67300,0.213,0.169,0.618
67400,0.233,0.171,0.596
67500,0.226,0.166,0.608
67600,0.226,0.149,0.625
67700,0.231,0.136,0.633
67800,0.231,0.139,0.630
67900,0.243,0.171,0.586
68000,0.223,0.179,0.598
68100,0.236,0.174,0.591
68200,0.236,0.144,0.620
68300,0.256,0.141,0.603
68400,0.248,0.151,0.600
68500,0.226,0.154,0.620
68600,0.213,0.169,0.618
68700,0.203,0.166,0.630
68800,0.199,0.154,0.648
68900,0.194,0.159,0.648
69000,0.199,0.156,0.645
69100,0.201,0.141,0.658
69200,0.211,0.159,0.630
69300,0.226,0.179,0.596
69400,0.208,0.161,0.630
69500,0.233,0.176,0.591
69600,0.216,0.194,0.591
69700,0.211,0.196,0.593
69800,0.216,0.201,0.583
69900,0.201,0.194,0.605
70000,0.189,0.226,0.586
70100,0.189,0.246,0.566
70200,0.191,0.258,0.551
70300,0.194,0.251,0.556
70400,0.196,0.273,0.531
70500,0.194,0.266,0.541
70600,0.171,0.266,0.563
70700,0.166,0.246,0.588
70800,0.166,0.243,0.591
70900,0.176,0.228,0.596
71000,0.171,0.243,0.586
71100,0.184,0.223,0.593
71200,0.186,0.203,0.610
71300,0.211,0.208,0.581
71400,0.206,0.208,0.586
71500,0.196,0.199,0.605
71600,0.186,0.189,0.625
71700,0.201,0.166,0.633
71800,0.196,0.211,0.593
71900,0.196,0.184,0.620
72000,0.199,0.223,0.578
72100,0.174,0.241,0.586
72200,0.156,0.221,0.623
72300,0.166,0.218,0.615
72400,0.181,0.218,0.600
72500,0.174,0.213,0.613
72600,0.181,0.203,0.615
72700,0.186,0.228,0.586
72800,0.203,0.233,0.563
72900,0.203,0.223,0.573
73000,0.196,0.228,0.576
73100,0.186,0.208,0.605
73200,0.184,0.211,0.605
73300,0.186,0.218,0.596
73400,0.199,0.216,0.586
73500,0.206,0.201,0.593
73600,0.203,0.196,0.600
73700,0.226,0.184,0.591
73800,0.213,0.196,0.591
73900,0.206,0.223,0.571
74000,0.211,0.213,0.576
74100,0.206,0.216,0.578
74200,0.196,0.203,0.600
74300,0.189,0.241,0.571
74400,0.174,0.223,0.603
74500,0.174,0.213,0.613
74600,0.151,0.238,0.610
74700,0.144,0.256,0.600
74800,0.124,0.258,0.618
74900,0.136,0.246,0.618
75000,0.151,0.241,0.608
75100,0.169,0.236,0.596
75200,0.146,0.261,0.593
75300,0.166,0.246,0.588
75400,0.171,0.258,0.571
75500,0.186,0.226,0.588
75600,0.166,0.223,0.610
75700,0.151,0.241,0.608
75800,0.141,0.208,0.650
75900,0.161,0.196,0.643
76000,0.149,0.196,0.655
76100,0.174,0.238,0.588
76200,0.179,0.236,0.586
76300,0.179,0.213,0.608
76400,0.184,0.221,0.596
76500,0.181,0.211,0.608
76600,0.166,0.216,0.618
76700,0.189,0.228,0.583
76800,0.184,0.241,0.576
76900,0.176,0.241,0.583
77000,0.156,0.236,0.608
77100,0.156,0.218,0.625
77200,0.164,0.208,0.628
77300,0.176,0.201,0.623
77400,0.174,0.181,0.645
77500,0.191,0.176,0.633
77600,0.191,0.191,0.618
77700,0.208,0.196,0.596
77800,0.184,0.201,0.615
77900,0.164,0.216,0.620
78000,0.171,0.218,0.610
78100,0.171,0.206,0.623
78200,0.146,0.194,0.660
78300,0.166,0.201,0.633
78400,0.171,0.228,0.600
78500,0.154,0.218,0.628
78600,0.134,0.216,0.650
78700,0.146,0.266,0.588
78800,0.141,0.258,0.600
78900,0.149,0.231,0.620
79000,0.154,0.236,0.610
79100,0.144,0.226,0.630
79200,0.124,0.238,0.638
79300,0.122,0.228,0.650
79400,0.124,0.213,0.663
79500,0.146,0.213,0.640
79600,0.139,0.248,0.613
79700,0.117,0.258,0.625
79800,0.127,0.285,0.588
79900,0.134,0.278,0.588
80000,0.124,0.268,0.608
80100,0.139,0.278,0.583
80200,0.132,0.270,0.598
80300,0.132,0.256,0.613
80400,0.134,0.300,0.566
80500,0.124,0.283,0.593
80600,0.132,0.285,0.583
80700,0.141,0.298,0.561
80800,0.151,0.280,0.568
80900,0.171,0.275,0.553
81000,0.164,0.243,0.593
81100,0.179,0.226,0.596
81200,0.189,0.208,0.603
81300,0.189,0.201,0.610
81400,0.184,0.164,0.653
81500,0.211,0.156,0.633
81600,0.186,0.166,0.648
81700,0.203,0.174,0.623
81800,0.181,0.166,0.653
81900,0.169,0.184,0.648
82000,0.171,0.213,0.615
82100,0.166,0.203,0.630
82200,0.136,0.201,0.663
82300,0.136,0.231,0.633
82400,0.154,0.238,0.608
82500,0.141,0.228,0.630
82600,0.156,0.208,0.635
82700,0.159,0.228,0.613
82800,0.161,0.223,0.615
82900,0.159,0.228,0.613
83000,0.144,0.213,0.643
83100,0.144,0.233,0.623
83200,0.139,0.246,0.615
83300,0.164,0.241,0.596
83400,0.159,0.251,0.591
83500,0.174,0.251,0.576
83600,0.161,0.261,0.578
83700,0.176,0.246,0.578
83800,0.171,0.221,0.608
83900,0.203,0.196,0.600
84000,0.181,0.199,0.620
84100,0.189,0.184,0.628
84200,0.176,0.203,0.620
84300,0.179,0.191,0.630
84400,0.179,0.191,0.630
84500,0.181,0.164,0.655
84600,0.176,0.189,0.635
84700,0.186,0.194,0.620
84800,0.164,0.226,0.610
84900,0.164,0.251,0.586
85000,0.181,0.248,0.571
85100,0.166,0.233,0.600
85200,0.174,0.228,0.598
85300,0.156,0.236,0.608
85400,0.174,0.253,0.573
85500,0.176,0.253,0.571
85600,0.146,0.270,0.583
85700,0.124,0.278,0.598
85800,0.146,0.261,0.593
85900,0.161,0.266,0.573
86000,0.141,0.258,0.600
86100,0.141,0.223,0.635
86200,0.136,0.218,0.645
86300,0.104,0.241,0.655
86400,0.112,0.248,0.640
86500,0.127,0.268,0.605
86600,0.154,0.263,0.583
86700,0.164,0.258,0.578
86800,0.166,0.238,0.596
86900,0.174,0.243,0.583
87000,0.176,0.256,0.568
87100,0.154,0.236,0.610
87200,0.144,0.236,0.620
87300,0.151,0.256,0.593
87400,0.139,0.261,0.600
87500,0.164,0.256,0.581
87600,0.159,0.236,0.605
87700,0.146,0.228,0.625
87800,0.156,0.223,0.620
87900,0.161,0.226,0.613
88000,0.156,0.226,0.618
88100,0.146,0.223,0.630
88200,0.141,0.261,0.598
88300,0.154,0.263,0.583
88400,0.161,0.246,0.593
88500,0.144,0.221,0.635
88600,0.139,0.208,0.653
88700,0.151,0.221,0.628
88800,0.144,0.213,0.643
88900,0.134,0.196,0.670
89000,0.144,0.213,0.643
89100,0.127,0.189,0.685
89200,0.156,0.184,0.660
89300,0.149,0.186,0.665
89400,0.179,0.216,0.605
89500,0.181,0.218,0.600
89600,0.199,0.196,0.605
89700,0.186,0.211,0.603
89800,0.191,0.206,0.603
89900,0.166,0.213,0.620
90000,0.166,0.211,0.623
90100,0.186,0.211,0.603
90200,0.196,0.199,0.605
90300,0.203,0.186,0.610
90400,0.208,0.211,0.581
90500,0.206,0.206,0.588
90600,0.211,0.231,0.558
90700,0.261,0.211,0.529
90800,0.231,0.211,0.558
90900,0.203,0.213,0.583
91000,0.206,0.223,0.571
91100,0.196,0.218,0.586
91200,0.171,0.221,0.608
91300,0.159,0.203,0.638
91400,0.189,0.201,0.610
91500,0.189,0.196,0.615
91600,0.176,0.191,0.633
91700,0.169,0.199,0.633
91800,0.151,0.199,0.650
91900,0.151,0.181,0.667
92000,0.151,0.199,0.650
92100,0.216,0.203,0.581
92200,0.201,0.208,0.591
92300,0.179,0.231,0.591
92400,0.171,0.231,0.598
92500,0.199,0.228,0.573
92600,0.191,0.236,0.573
92700,0.216,0.196,0.588
92800,0.199,0.228,0.573
92900,0.216,0.213,0.571
93000,0.194,0.221,0.586
93100,0.191,0.218,0.591
93200,0.194,0.221,0.586
93300,0.191,0.228,0.581
93400,0.164,0.216,0.620
93500,0.169,0.218,0.613
93600,0.174,0.216,0.610
93700,0.179,0.203,0.618
93800,0.166,0.221,0.613
93900,0.169,0.233,0.598
94000,0.149,0.243,0.608
94100,0.151,0.236,0.613
94200,0.171,0.233,0.596
94300,0.161,0.263,0.576
94400,0.161,0.253,0.586
94500,0.169,0.273,0.558
94600,0.169,0.248,0.583
94700,0.161,0.270,0.568
94800,0.127,0.253,0.620
94900,0.141,0.258,0.600
95000,0.164,0.243,0.593
95100,0.164,0.256,0.581
95200,0.156,0.256,0.588
95300,0.159,0.251,0.591
95400,0.174,0.236,0.591
95500,0.171,0.221,0.608
95600,0.184,0.218,0.598
95700,0.174,0.216,0.610
95800,0.179,0.179,0.643
95900,0.181,0.201,0.618
96000,0.191,0.206,0.603
96100,0.196,0.196,0.608
96200,0.206,0.186,0.608
96300,0.208,0.154,0.638
96400,0.216,0.174,0.610
96500,0.211,0.174,0.615
96600,0.223,0.189,0.588
96700,0.213,0.184,0.603
96800,0.216,0.164,0.620
96900,0.226,0.184,0.591
97000,0.213,0.203,0.583
97100,0.211,0.181,0.608
97200,0.221,0.208,0.571
97300,0.213,0.186,0.600
97400,0.208,0.186,0.605
97500,0.203,0.194,0.603
97600,0.228,0.176,0.596
97700,0.226,0.176,0.598
97800,0.221,0.184,0.596
97900,0.246,0.213,0.541
98000,0.228,0.236,0.536
98100,0.211,0.211,0.578
98200,0.199,0.211,0.591
98300,0.174,0.211,0.615
98400,0.184,0.201,0.615
98500,0.191,0.206,0.603
98600,0.194,0.191,0.615
98700,0.201,0.171,0.628
98800,0.199,0.174,0.628
98900,0.206,0.181,0.613
99000,0.218,0.164,0.618
99100,0.208,0.196,0.596
99200,0.194,0.189,0.618
99300,0.228,0.176,0.596
99400,0.233,0.159,0.608
99500,0.223,0.159,0.618
99600,0.221,0.154,0.625
99700,0.236,0.186,0.578
99800,0.236,0.176,0.588
99900,0.226,0.176,0.598
100000,0.211,0.174,0.615
