time,n_A+p,n_B,n_AB
500,0.080,0.766,0.154
1000,0.084,0.660,0.256
1500,0.082,0.609,0.309
2000,0.083,0.559,0.358
2500,0.083,0.561,0.356
3000,0.101,0.546,0.353
3500,0.101,0.505,0.394
4000,0.091,0.485,0.424
4500,0.106,0.441,0.453
5000,0.108,0.416,0.476
5500,0.119,0.457,0.424
6000,0.114,0.449,0.437
6500,0.102,0.443,0.455
7000,0.094,0.453,0.453
7500,0.115,0.434,0.451
8000,0.114,0.391,0.495
8500,0.129,0.429,0.442
9000,0.111,0.469,0.420
9500,0.098,0.468,0.434
10000,0.117,0.464,0.419
10500,0.097,0.492,0.411
11000,0.104,0.462,0.434
11500,0.117,0.384,0.499
12000,0.137,0.340,0.523
12500,0.163,0.322,0.515
13000,0.206,0.221,0.573
13500,0.237,0.214,0.549
14000,0.293,0.178,0.529
14500,0.385,0.137,0.478
15000,0.524,0.045,0.431
15500,0.685,0.015,0.300
16000,0.788,0.003,0.209
16500,0.871,0.000,0.129
17000,0.961,0.000,0.039
17500,0.985,0.000,0.015
18000,0.992,0.000,0.008
18500,0.990,0.000,0.010
19000,0.999,0.000,0.001
19500,1.000,0.000,0.000
