time,n_A+p,n_B,n_AB
100,0.342,0.342,0.316
200,0.276,0.329,0.395
300,0.395,0.250,0.355
400,0.224,0.303,0.474
500,0.197,0.461,0.342
600,0.184,0.395,0.421
700,0.118,0.474,0.408
800,0.118,0.618,0.263
900,0.145,0.658,0.197
1000,0.079,0.658,0.263
1100,0.118,0.592,0.289
1200,0.092,0.566,0.342
1300,0.066,0.618,0.316
1400,0.066,0.645,0.289
1500,0.013,0.763,0.224
1600,0.026,0.645,0.329
1700,0.079,0.618,0.303
1800,0.079,0.632,0.289
1900,0.039,0.645,0.316
2000,0.000,0.724,0.276
2100,0.079,0.566,0.355
2200,0.118,0.513,0.368
2300,0.053,0.579,0.368
2400,0.026,0.697,0.276
2500,0.013,0.671,0.316
2600,0.039,0.711,0.250
2700,0.013,0.763,0.224
2800,0.000,0.829,0.171
2900,0.000,0.868,0.132
3000,0.000,0.868,0.132
3100,0.000,0.947,0.053
3200,0.000,0.947,0.053
3300,0.000,0.961,0.039
3400,0.000,0.961,0.039
3500,0.000,1.000,0.000
