time,n_A+p,n_B,n_AB
100,0.422,0.531,0.047
200,0.407,0.510,0.084
300,0.400,0.495,0.104
400,0.384,0.491,0.125
500,0.375,0.496,0.129
600,0.365,0.499,0.136
700,0.362,0.505,0.134
800,0.361,0.502,0.138
900,0.359,0.493,0.148
1000,0.344,0.499,0.156
1100,0.325,0.514,0.161
1200,0.327,0.508,0.165
1300,0.323,0.505,0.173
1400,0.322,0.504,0.175
1500,0.325,0.503,0.173
1600,0.324,0.510,0.166
1700,0.324,0.502,0.175
1800,0.324,0.470,0.206
1900,0.331,0.475,0.194
2000,0.334,0.461,0.205
2100,0.327,0.458,0.216
2200,0.321,0.451,0.228
2300,0.327,0.441,0.232
2400,0.324,0.430,0.246
2500,0.328,0.431,0.241
2600,0.335,0.429,0.236
2700,0.336,0.429,0.235
2800,0.333,0.443,0.224
2900,0.325,0.456,0.220
3000,0.320,0.459,0.222
3100,0.320,0.459,0.222
3200,0.308,0.455,0.237
3300,0.314,0.445,0.241
3400,0.307,0.448,0.244
3500,0.309,0.435,0.255
3600,0.315,0.440,0.245
3700,0.309,0.449,0.241
3800,0.311,0.463,0.227
3900,0.306,0.470,0.224
4000,0.307,0.466,0.227
4100,0.298,0.461,0.241
4200,0.303,0.470,0.227
4300,0.302,0.469,0.229
4400,0.290,0.459,0.251
4500,0.295,0.463,0.242
4600,0.285,0.467,0.248
4700,0.293,0.457,0.250
4800,0.295,0.453,0.252
4900,0.297,0.465,0.238
5000,0.291,0.465,0.244
5100,0.307,0.448,0.244
5200,0.312,0.450,0.238
5300,0.314,0.448,0.238
5400,0.306,0.436,0.257
5500,0.304,0.436,0.259
5600,0.294,0.440,0.266
5700,0.293,0.444,0.263
5800,0.307,0.431,0.261
5900,0.312,0.428,0.260
6000,0.318,0.417,0.266
6100,0.316,0.410,0.275
6200,0.313,0.414,0.274
6300,0.317,0.416,0.268
6400,0.319,0.400,0.281
6500,0.307,0.422,0.271
6600,0.291,0.437,0.272
6700,0.289,0.438,0.273
6800,0.294,0.436,0.270
6900,0.286,0.454,0.260
7000,0.280,0.454,0.267
7100,0.276,0.455,0.270
7200,0.277,0.449,0.274
7300,0.278,0.455,0.268
7400,0.285,0.447,0.268
7500,0.289,0.437,0.274
7600,0.291,0.438,0.271
7700,0.288,0.439,0.273
7800,0.316,0.433,0.251
7900,0.314,0.433,0.253
8000,0.308,0.426,0.266
8100,0.317,0.420,0.264
8200,0.313,0.424,0.264
8300,0.313,0.428,0.259
8400,0.307,0.422,0.271
8500,0.313,0.423,0.265
8600,0.309,0.418,0.273
8700,0.302,0.408,0.290
8800,0.297,0.407,0.296
8900,0.296,0.421,0.283
9000,0.303,0.414,0.283
9100,0.303,0.414,0.283
9200,0.305,0.425,0.270
9300,0.303,0.422,0.275
9400,0.301,0.433,0.266
9500,0.296,0.420,0.284
9600,0.299,0.402,0.298
9700,0.301,0.397,0.301
9800,0.285,0.406,0.309
9900,0.300,0.395,0.304
10000,0.302,0.403,0.294
10100,0.295,0.423,0.282
10200,0.289,0.432,0.279
10300,0.295,0.409,0.296
10400,0.301,0.396,0.302
10500,0.309,0.397,0.293
10600,0.304,0.402,0.293
10700,0.314,0.400,0.286
10800,0.315,0.406,0.280
10900,0.305,0.410,0.285
11000,0.329,0.372,0.299
11100,0.330,0.383,0.287
11200,0.327,0.386,0.287
11300,0.322,0.397,0.281
11400,0.329,0.399,0.272
11500,0.326,0.396,0.278
11600,0.325,0.393,0.282
11700,0.334,0.383,0.283
11800,0.329,0.388,0.283
11900,0.324,0.391,0.285
12000,0.316,0.388,0.296
12100,0.327,0.384,0.289
12200,0.320,0.385,0.295
12300,0.311,0.383,0.306
12400,0.312,0.382,0.306
12500,0.324,0.381,0.295
12600,0.318,0.383,0.299
12700,0.315,0.384,0.301
12800,0.316,0.379,0.305
12900,0.327,0.368,0.305
13000,0.319,0.369,0.313
13100,0.321,0.367,0.313
13200,0.323,0.365,0.313
13300,0.325,0.364,0.312
13400,0.315,0.364,0.322
13500,0.315,0.364,0.322
13600,0.326,0.366,0.308
13700,0.324,0.378,0.298
13800,0.322,0.386,0.292
13900,0.304,0.404,0.291
14000,0.295,0.406,0.299
14100,0.300,0.408,0.292
14200,0.296,0.416,0.288
14300,0.297,0.412,0.291
14400,0.287,0.414,0.299
14500,0.285,0.417,0.298
14600,0.279,0.411,0.311
14700,0.279,0.398,0.323
14800,0.280,0.406,0.315
14900,0.280,0.416,0.304
15000,0.282,0.416,0.302
15100,0.274,0.423,0.303
15200,0.275,0.433,0.292
15300,0.269,0.436,0.295
15400,0.282,0.419,0.299
15500,0.278,0.422,0.300
15600,0.289,0.423,0.288
15700,0.287,0.417,0.296
15800,0.289,0.420,0.291
15900,0.282,0.435,0.283
16000,0.272,0.436,0.292
16100,0.269,0.435,0.296
16200,0.258,0.444,0.297
16300,0.254,0.445,0.300
16400,0.251,0.445,0.303
16500,0.254,0.444,0.301
16600,0.257,0.444,0.298
16700,0.260,0.432,0.307
16800,0.271,0.422,0.307
16900,0.273,0.412,0.316
17000,0.273,0.423,0.304
17100,0.276,0.417,0.307
17200,0.293,0.407,0.300
17300,0.290,0.411,0.299
17400,0.286,0.413,0.301
17500,0.284,0.417,0.299
17600,0.287,0.420,0.293
17700,0.282,0.428,0.290
17800,0.272,0.419,0.309
17900,0.277,0.423,0.300
18000,0.279,0.421,0.300
18100,0.272,0.420,0.308
18200,0.277,0.415,0.308
18300,0.287,0.410,0.303
18400,0.287,0.406,0.307
18500,0.283,0.408,0.309
18600,0.286,0.401,0.313
18700,0.288,0.404,0.307
18800,0.295,0.399,0.305
18900,0.286,0.397,0.317
19000,0.296,0.391,0.313
19100,0.295,0.388,0.317
19200,0.292,0.382,0.326
19300,0.291,0.380,0.329
19400,0.296,0.385,0.319
19500,0.289,0.388,0.323
19600,0.282,0.385,0.333
19700,0.282,0.390,0.328
19800,0.289,0.381,0.330
19900,0.299,0.376,0.325
20000,0.317,0.361,0.323
20100,0.316,0.361,0.324
20200,0.322,0.366,0.313
20300,0.319,0.371,0.311
20400,0.312,0.372,0.317
20500,0.311,0.363,0.327
20600,0.306,0.359,0.335
20700,0.312,0.347,0.341
20800,0.324,0.347,0.329
20900,0.326,0.358,0.317
21000,0.330,0.358,0.313
21100,0.335,0.360,0.305
21200,0.346,0.356,0.297
21300,0.359,0.356,0.285
21400,0.358,0.350,0.292
21500,0.344,0.348,0.307
21600,0.341,0.338,0.321
21700,0.348,0.338,0.314
21800,0.345,0.348,0.306
21900,0.343,0.338,0.319
22000,0.362,0.325,0.314
22100,0.367,0.325,0.308
22200,0.379,0.325,0.296
22300,0.371,0.318,0.312
22400,0.360,0.316,0.325
22500,0.368,0.316,0.317
22600,0.361,0.317,0.323
22700,0.365,0.332,0.303
22800,0.363,0.342,0.295
22900,0.347,0.334,0.319
23000,0.340,0.347,0.313
23100,0.335,0.340,0.325
23200,0.340,0.344,0.316
23300,0.339,0.344,0.317
23400,0.342,0.348,0.309
23500,0.336,0.348,0.316
23600,0.342,0.347,0.311
23700,0.343,0.356,0.300
23800,0.349,0.348,0.302
23900,0.345,0.337,0.318
24000,0.351,0.335,0.314
24100,0.349,0.340,0.311
24200,0.348,0.342,0.309
24300,0.352,0.347,0.300
24400,0.355,0.344,0.300
24500,0.363,0.334,0.303
24600,0.358,0.351,0.291
24700,0.348,0.347,0.304
24800,0.323,0.360,0.318
24900,0.326,0.369,0.305
25000,0.338,0.364,0.298
25100,0.337,0.364,0.299
25200,0.342,0.362,0.296
25300,0.348,0.364,0.288
25400,0.351,0.364,0.285
25500,0.352,0.365,0.283
25600,0.352,0.367,0.281
25700,0.358,0.371,0.272
25800,0.352,0.361,0.287
25900,0.334,0.386,0.280
26000,0.327,0.384,0.289
26100,0.318,0.379,0.303
26200,0.311,0.385,0.304
26300,0.324,0.379,0.297
26400,0.320,0.381,0.299
26500,0.324,0.380,0.296
26600,0.333,0.363,0.304
26700,0.336,0.365,0.299
26800,0.330,0.361,0.309
26900,0.326,0.347,0.327
27000,0.334,0.353,0.313
27100,0.329,0.359,0.313
27200,0.320,0.363,0.318
27300,0.316,0.370,0.315
27400,0.314,0.360,0.327
27500,0.298,0.365,0.337
27600,0.293,0.369,0.338
27700,0.294,0.385,0.321
27800,0.302,0.378,0.320
27900,0.300,0.369,0.331
28000,0.302,0.384,0.314
28100,0.297,0.389,0.314
28200,0.297,0.390,0.313
28300,0.300,0.387,0.313
28400,0.285,0.396,0.319
28500,0.288,0.388,0.324
28600,0.289,0.388,0.323
28700,0.285,0.391,0.324
28800,0.287,0.379,0.334
28900,0.293,0.352,0.354
29000,0.291,0.359,0.350
29100,0.297,0.360,0.343
29200,0.303,0.349,0.347
29300,0.320,0.346,0.334
29400,0.308,0.355,0.336
29500,0.313,0.352,0.335
29600,0.317,0.343,0.340
29700,0.336,0.337,0.327
29800,0.337,0.337,0.326
29900,0.342,0.335,0.323
30000,0.337,0.347,0.316
30100,0.346,0.351,0.302
30200,0.342,0.345,0.313
30300,0.323,0.346,0.331
30400,0.316,0.368,0.317
30500,0.309,0.365,0.326
30600,0.318,0.358,0.325
30700,0.315,0.361,0.325
30800,0.314,0.356,0.330
30900,0.308,0.361,0.331
31000,0.317,0.360,0.324
31100,0.320,0.351,0.329
31200,0.296,0.371,0.333
31300,0.315,0.352,0.333
31400,0.303,0.367,0.330
31500,0.309,0.368,0.323
31600,0.314,0.366,0.321
31700,0.318,0.364,0.319
31800,0.321,0.368,0.312
31900,0.319,0.359,0.323
32000,0.313,0.341,0.346
32100,0.308,0.347,0.344
32200,0.312,0.351,0.337
32300,0.329,0.346,0.325
32400,0.331,0.353,0.316
32500,0.323,0.351,0.326
32600,0.319,0.353,0.328
32700,0.315,0.346,0.339
32800,0.314,0.335,0.351
32900,0.306,0.329,0.365
33000,0.315,0.330,0.355
33100,0.319,0.323,0.359
33200,0.318,0.337,0.345
33300,0.315,0.331,0.354
33400,0.309,0.344,0.346
33500,0.309,0.339,0.351
33600,0.319,0.332,0.349
33700,0.311,0.332,0.358
33800,0.328,0.332,0.340
33900,0.317,0.329,0.354
34000,0.309,0.344,0.346
34100,0.313,0.344,0.343
34200,0.311,0.346,0.343
34300,0.332,0.336,0.332
34400,0.323,0.336,0.341
34500,0.318,0.337,0.345
34600,0.307,0.348,0.344
34700,0.301,0.361,0.338
34800,0.283,0.366,0.351
34900,0.289,0.375,0.336
35000,0.283,0.387,0.330
35100,0.287,0.400,0.313
35200,0.285,0.393,0.322
35300,0.279,0.394,0.327
35400,0.283,0.393,0.324
35500,0.287,0.399,0.314
35600,0.296,0.385,0.319
35700,0.307,0.381,0.312
35800,0.302,0.374,0.324
35900,0.303,0.370,0.327
36000,0.305,0.369,0.326
36100,0.309,0.382,0.308
36200,0.300,0.383,0.317
36300,0.295,0.398,0.306
36400,0.282,0.416,0.302
36500,0.275,0.418,0.307
36600,0.265,0.433,0.302
36700,0.267,0.435,0.298
36800,0.265,0.429,0.306
36900,0.258,0.424,0.318
37000,0.258,0.426,0.316
37100,0.261,0.421,0.318
37200,0.261,0.429,0.309
37300,0.258,0.422,0.320
37400,0.269,0.408,0.324
37500,0.265,0.418,0.318
37600,0.257,0.424,0.319
37700,0.265,0.416,0.320
37800,0.259,0.420,0.321
37900,0.256,0.426,0.318
38000,0.249,0.427,0.324
38100,0.245,0.430,0.325
38200,0.239,0.447,0.314
38300,0.236,0.444,0.320
38400,0.228,0.440,0.332
38500,0.229,0.439,0.332
38600,0.228,0.444,0.328
38700,0.241,0.438,0.321
38800,0.229,0.446,0.325
38900,0.232,0.443,0.325
39000,0.241,0.435,0.324
39100,0.227,0.464,0.309
39200,0.224,0.447,0.329
39300,0.228,0.435,0.337
39400,0.224,0.432,0.344
39500,0.226,0.421,0.353
39600,0.227,0.423,0.350
39700,0.229,0.423,0.348
39800,0.229,0.427,0.344
39900,0.239,0.439,0.322
40000,0.236,0.438,0.326
40100,0.241,0.433,0.326
40200,0.235,0.418,0.347
40300,0.237,0.408,0.355
40400,0.234,0.408,0.359
40500,0.245,0.401,0.353
40600,0.244,0.399,0.356
40700,0.252,0.385,0.363
40800,0.255,0.379,0.366
40900,0.252,0.387,0.361
41000,0.251,0.397,0.351
41100,0.251,0.398,0.350
41200,0.247,0.395,0.358
41300,0.256,0.397,0.346
41400,0.260,0.398,0.341
41500,0.252,0.393,0.354
41600,0.249,0.396,0.354
41700,0.254,0.388,0.358
41800,0.255,0.395,0.349
41900,0.257,0.391,0.351
42000,0.259,0.396,0.344
42100,0.256,0.390,0.353
42200,0.263,0.383,0.354
42300,0.274,0.381,0.345
42400,0.257,0.375,0.368
42500,0.281,0.370,0.349
42600,0.284,0.373,0.343
42700,0.281,0.379,0.340
42800,0.304,0.366,0.330
42900,0.304,0.358,0.338
43000,0.308,0.353,0.338
43100,0.296,0.351,0.352
43200,0.281,0.356,0.363
43300,0.296,0.352,0.351
43400,0.297,0.355,0.347
43500,0.302,0.351,0.346
43600,0.303,0.345,0.351
43700,0.300,0.347,0.352
43800,0.294,0.341,0.365
43900,0.311,0.328,0.362
44000,0.301,0.331,0.368
44100,0.317,0.337,0.346
44200,0.338,0.328,0.334
44300,0.337,0.325,0.338
44400,0.332,0.320,0.348
44500,0.350,0.315,0.335
44600,0.349,0.307,0.343
44700,0.349,0.301,0.349
44800,0.362,0.284,0.354
44900,0.353,0.291,0.355
45000,0.348,0.300,0.351
45100,0.348,0.301,0.350
45200,0.345,0.293,0.362
45300,0.349,0.300,0.350
45400,0.321,0.304,0.375
45500,0.299,0.324,0.377
45600,0.291,0.319,0.390
45700,0.294,0.338,0.368
45800,0.298,0.336,0.366
45900,0.307,0.343,0.349
46000,0.302,0.341,0.356
46100,0.299,0.341,0.360
46200,0.301,0.351,0.347
46300,0.299,0.362,0.339
46400,0.304,0.359,0.337
46500,0.314,0.359,0.328
46600,0.315,0.355,0.330
46700,0.318,0.346,0.336
46800,0.317,0.344,0.339
46900,0.319,0.347,0.334
47000,0.322,0.355,0.323
47100,0.324,0.360,0.317
47200,0.344,0.334,0.322
47300,0.334,0.330,0.336
47400,0.339,0.334,0.327
47500,0.352,0.320,0.328
47600,0.368,0.328,0.304
47700,0.366,0.326,0.308
47800,0.351,0.326,0.323
47900,0.348,0.309,0.342
48000,0.354,0.304,0.341
48100,0.350,0.301,0.348
48200,0.344,0.299,0.356
48300,0.340,0.305,0.354
48400,0.353,0.309,0.337
48500,0.358,0.304,0.338
48600,0.358,0.288,0.354
48700,0.376,0.282,0.342
48800,0.374,0.290,0.336
48900,0.366,0.287,0.347
49000,0.367,0.288,0.345
49100,0.384,0.283,0.333
49200,0.384,0.271,0.345
49300,0.413,0.267,0.321
49400,0.409,0.271,0.321
49500,0.409,0.267,0.325
49600,0.406,0.280,0.315
49700,0.414,0.287,0.299
49800,0.436,0.284,0.280
49900,0.431,0.283,0.286
50000,0.425,0.277,0.298
50100,0.394,0.298,0.307
50200,0.393,0.303,0.303
50300,0.389,0.300,0.311
50400,0.384,0.298,0.318
50500,0.393,0.309,0.297
50600,0.385,0.313,0.302
50700,0.374,0.320,0.306
50800,0.365,0.312,0.324
50900,0.361,0.311,0.329
51000,0.355,0.309,0.335
51100,0.363,0.323,0.315
51200,0.362,0.321,0.318
51300,0.368,0.319,0.314
51400,0.373,0.314,0.314
51500,0.364,0.325,0.312
51600,0.372,0.321,0.307
51700,0.369,0.320,0.312
51800,0.355,0.309,0.335
51900,0.353,0.313,0.334
52000,0.344,0.311,0.345
52100,0.350,0.308,0.341
52200,0.354,0.302,0.343
52300,0.364,0.287,0.349
52400,0.358,0.291,0.351
52500,0.371,0.289,0.340
52600,0.363,0.286,0.351
52700,0.359,0.288,0.353
52800,0.387,0.275,0.338
52900,0.392,0.273,0.335
53000,0.397,0.270,0.333
53100,0.379,0.269,0.352
53200,0.394,0.269,0.337
53300,0.383,0.273,0.344
53400,0.384,0.266,0.350
53500,0.375,0.273,0.352
53600,0.376,0.260,0.364
53700,0.367,0.261,0.372
53800,0.378,0.264,0.359
53900,0.371,0.275,0.354
54000,0.373,0.275,0.352
54100,0.376,0.266,0.359
54200,0.384,0.261,0.354
54300,0.383,0.259,0.358
54400,0.382,0.275,0.343
54500,0.393,0.277,0.330
54600,0.392,0.281,0.327
54700,0.382,0.282,0.336
54800,0.375,0.283,0.342
54900,0.381,0.286,0.333
55000,0.383,0.284,0.333
55100,0.384,0.293,0.323
55200,0.375,0.289,0.336
55300,0.371,0.295,0.334
55400,0.364,0.305,0.331
55500,0.375,0.299,0.326
55600,0.383,0.294,0.323
55700,0.367,0.289,0.344
55800,0.362,0.283,0.355
55900,0.354,0.281,0.365
56000,0.346,0.303,0.350
56100,0.342,0.308,0.349
56200,0.349,0.317,0.334
56300,0.336,0.320,0.344
56400,0.333,0.331,0.336
56500,0.347,0.329,0.324
56600,0.350,0.321,0.329
56700,0.349,0.330,0.321
56800,0.335,0.332,0.333
56900,0.354,0.320,0.326
57000,0.350,0.322,0.328
57100,0.374,0.302,0.324
57200,0.372,0.300,0.328
57300,0.372,0.299,0.329
57400,0.370,0.299,0.331
57500,0.397,0.283,0.320
57600,0.379,0.293,0.328
57700,0.383,0.296,0.321
57800,0.391,0.286,0.323
57900,0.383,0.284,0.333
58000,0.379,0.275,0.346
58100,0.373,0.273,0.354
58200,0.397,0.267,0.336
58300,0.410,0.255,0.335
58400,0.408,0.258,0.334
58500,0.416,0.257,0.327
58600,0.417,0.260,0.323
58700,0.407,0.256,0.337
58800,0.406,0.256,0.338
58900,0.409,0.250,0.341
59000,0.407,0.243,0.350
59100,0.401,0.252,0.346
59200,0.408,0.251,0.341
59300,0.409,0.266,0.326
59400,0.408,0.263,0.330
59500,0.403,0.256,0.340
59600,0.396,0.257,0.346
59700,0.407,0.254,0.339
59800,0.422,0.264,0.315
59900,0.422,0.254,0.324
60000,0.412,0.265,0.324
60100,0.413,0.259,0.328
60200,0.414,0.254,0.332
60300,0.406,0.255,0.339
60400,0.410,0.263,0.328
60500,0.392,0.277,0.331
60600,0.392,0.283,0.325
60700,0.379,0.278,0.343
60800,0.381,0.277,0.342
60900,0.384,0.281,0.335
61000,0.391,0.277,0.332
61100,0.384,0.265,0.351
61200,0.392,0.261,0.346
61300,0.385,0.265,0.350
61400,0.379,0.284,0.337
61500,0.372,0.292,0.336
61600,0.368,0.297,0.335
61700,0.364,0.292,0.344
61800,0.363,0.307,0.330
61900,0.350,0.323,0.327
62000,0.356,0.319,0.325
62100,0.351,0.313,0.336
62200,0.341,0.327,0.332
62300,0.362,0.314,0.325
62400,0.360,0.316,0.325
62500,0.347,0.313,0.340
62600,0.339,0.320,0.341
62700,0.331,0.321,0.348
62800,0.316,0.340,0.344
62900,0.309,0.343,0.347
63000,0.301,0.323,0.376
63100,0.308,0.336,0.355
63200,0.301,0.339,0.360
63300,0.307,0.342,0.350
63400,0.325,0.337,0.338
63500,0.329,0.326,0.345
63600,0.324,0.323,0.353
63700,0.315,0.334,0.351
63800,0.306,0.325,0.369
63900,0.287,0.336,0.377
64000,0.288,0.346,0.366
64100,0.284,0.355,0.361
64200,0.287,0.360,0.353
64300,0.284,0.365,0.351
64400,0.284,0.359,0.358
64500,0.285,0.367,0.348
64600,0.282,0.372,0.346
64700,0.273,0.376,0.351
64800,0.273,0.373,0.354
64900,0.259,0.404,0.336
65000,0.259,0.419,0.322
65100,0.243,0.411,0.346
65200,0.234,0.411,0.355
65300,0.233,0.403,0.364
65400,0.239,0.411,0.350
65500,0.240,0.413,0.347
65600,0.227,0.413,0.361
65700,0.227,0.415,0.359
65800,0.234,0.418,0.348
65900,0.236,0.410,0.354
66000,0.237,0.397,0.366
66100,0.229,0.391,0.380
66200,0.233,0.390,0.377
66300,0.225,0.394,0.381
66400,0.215,0.397,0.388
66500,0.204,0.397,0.398
66600,0.211,0.403,0.385
66700,0.217,0.407,0.377
66800,0.226,0.395,0.379
66900,0.223,0.387,0.390
67000,0.224,0.376,0.400
67100,0.228,0.393,0.379
67200,0.224,0.392,0.384
67300,0.228,0.385,0.387
67400,0.226,0.386,0.388
67500,0.225,0.386,0.389
67600,0.222,0.400,0.378
67700,0.243,0.387,0.370
67800,0.249,0.386,0.365
67900,0.252,0.383,0.365
68000,0.249,0.404,0.346
68100,0.248,0.402,0.349
68200,0.248,0.389,0.363
68300,0.242,0.410,0.348
68400,0.244,0.415,0.341
68500,0.247,0.406,0.347
68600,0.248,0.419,0.333
68700,0.244,0.434,0.322
68800,0.237,0.421,0.342
68900,0.271,0.380,0.349
69000,0.260,0.375,0.365
69100,0.260,0.381,0.359
69200,0.261,0.360,0.379
69300,0.249,0.365,0.386
69400,0.259,0.347,0.393
69500,0.264,0.344,0.392
69600,0.261,0.334,0.404
69700,0.267,0.323,0.411
69800,0.266,0.323,0.412
69900,0.282,0.324,0.394
70000,0.279,0.317,0.404
70100,0.269,0.324,0.408
70200,0.268,0.336,0.396
70300,0.275,0.335,0.390
70400,0.275,0.337,0.388
70500,0.268,0.355,0.377
70600,0.277,0.351,0.372
70700,0.271,0.336,0.393
70800,0.285,0.327,0.388
70900,0.296,0.327,0.377
71000,0.285,0.326,0.389
71100,0.292,0.305,0.402
71200,0.295,0.301,0.403
71300,0.303,0.300,0.396
71400,0.306,0.307,0.386
71500,0.317,0.303,0.380
71600,0.311,0.303,0.386
71700,0.314,0.305,0.381
71800,0.300,0.309,0.390
71900,0.284,0.309,0.407
72000,0.291,0.299,0.410
72100,0.287,0.311,0.402
72200,0.295,0.306,0.398
72300,0.303,0.318,0.379
72400,0.318,0.327,0.355
72500,0.314,0.316,0.371
72600,0.313,0.314,0.374
72700,0.315,0.321,0.365
72800,0.321,0.317,0.363
72900,0.331,0.317,0.352
73000,0.339,0.306,0.354
73100,0.329,0.302,0.369
73200,0.332,0.289,0.379
73300,0.333,0.286,0.381
73400,0.318,0.292,0.390
73500,0.315,0.294,0.391
73600,0.318,0.301,0.381
73700,0.327,0.306,0.367
73800,0.324,0.305,0.371
73900,0.327,0.295,0.378
74000,0.330,0.288,0.382
74100,0.328,0.296,0.376
74200,0.316,0.316,0.369
74300,0.326,0.304,0.370
74400,0.318,0.307,0.375
74500,0.320,0.316,0.365
74600,0.308,0.320,0.372
74700,0.314,0.323,0.364
74800,0.325,0.323,0.352
74900,0.326,0.324,0.350
75000,0.316,0.328,0.356
75100,0.314,0.313,0.374
75200,0.312,0.304,0.384
75300,0.325,0.307,0.368
75400,0.320,0.314,0.367
75500,0.322,0.325,0.353
75600,0.330,0.323,0.347
75700,0.323,0.328,0.349
75800,0.337,0.319,0.344
75900,0.346,0.313,0.341
76000,0.351,0.313,0.336
76100,0.351,0.301,0.347
76200,0.346,0.298,0.355
76300,0.350,0.290,0.360
76400,0.353,0.283,0.364
76500,0.350,0.283,0.367
76600,0.343,0.279,0.378
76700,0.335,0.264,0.401
76800,0.346,0.257,0.396
76900,0.327,0.254,0.419
77000,0.337,0.255,0.408
77100,0.340,0.253,0.407
77200,0.343,0.260,0.396
77300,0.353,0.259,0.387
77400,0.349,0.271,0.380
77500,0.336,0.286,0.378
77600,0.326,0.300,0.374
77700,0.315,0.300,0.385
77800,0.312,0.294,0.394
77900,0.320,0.306,0.374
78000,0.311,0.297,0.392
78100,0.322,0.285,0.393
78200,0.323,0.295,0.382
78300,0.319,0.301,0.380
78400,0.315,0.301,0.384
78500,0.309,0.336,0.354
78600,0.319,0.326,0.355
78700,0.309,0.303,0.387
78800,0.311,0.299,0.390
78900,0.308,0.301,0.390
79000,0.300,0.320,0.380
79100,0.300,0.307,0.392
79200,0.292,0.316,0.392
79300,0.280,0.334,0.386
79400,0.281,0.330,0.389
79500,0.269,0.341,0.390
79600,0.268,0.355,0.377
79700,0.268,0.360,0.373
79800,0.272,0.365,0.364
79900,0.273,0.377,0.350
80000,0.270,0.372,0.359
80100,0.269,0.367,0.365
80200,0.282,0.368,0.350
80300,0.279,0.368,0.353
80400,0.273,0.364,0.364
80500,0.254,0.369,0.377
80600,0.250,0.377,0.373
80700,0.242,0.372,0.386
80800,0.279,0.355,0.366
80900,0.282,0.363,0.355
81000,0.279,0.361,0.361
81100,0.280,0.358,0.363
81200,0.282,0.359,0.360
81300,0.268,0.364,0.369
81400,0.283,0.352,0.365
81500,0.295,0.340,0.365
81600,0.287,0.339,0.374
81700,0.276,0.344,0.380
81800,0.268,0.343,0.389
81900,0.275,0.351,0.374
82000,0.270,0.351,0.379
82100,0.275,0.347,0.378
82200,0.282,0.331,0.387
82300,0.305,0.328,0.367
82400,0.296,0.343,0.361
82500,0.293,0.339,0.368
82600,0.292,0.342,0.366
82700,0.274,0.346,0.380
82800,0.268,0.346,0.386
82900,0.274,0.334,0.392
83000,0.278,0.351,0.371
83100,0.292,0.335,0.373
83200,0.286,0.336,0.378
83300,0.283,0.339,0.378
83400,0.279,0.329,0.392
83500,0.275,0.329,0.396
83600,0.277,0.328,0.395
83700,0.295,0.323,0.382
83800,0.323,0.306,0.371
83900,0.322,0.318,0.361
84000,0.315,0.319,0.367
84100,0.323,0.321,0.356
84200,0.326,0.319,0.355
84300,0.313,0.336,0.351
84400,0.321,0.337,0.342
84500,0.319,0.330,0.351
84600,0.324,0.328,0.348
84700,0.312,0.324,0.365
84800,0.308,0.341,0.350
84900,0.298,0.335,0.367
85000,0.284,0.328,0.388
85100,0.280,0.329,0.391
85200,0.299,0.313,0.388
85300,0.300,0.323,0.377
85400,0.298,0.330,0.372
85500,0.298,0.335,0.367
85600,0.296,0.332,0.372
85700,0.291,0.335,0.374
85800,0.294,0.330,0.376
85900,0.283,0.343,0.374
86000,0.289,0.347,0.364
86100,0.297,0.333,0.370
86200,0.296,0.331,0.373
86300,0.311,0.324,0.366
86400,0.312,0.321,0.368
86500,0.299,0.314,0.387
86600,0.302,0.309,0.388
86700,0.301,0.296,0.402
86800,0.297,0.299,0.403
86900,0.296,0.290,0.414
87000,0.316,0.290,0.394
87100,0.316,0.303,0.381
87200,0.305,0.302,0.392
87300,0.284,0.317,0.399
87400,0.278,0.307,0.415
87500,0.289,0.299,0.412
87600,0.318,0.290,0.392
87700,0.312,0.287,0.401
87800,0.306,0.273,0.421
87900,0.323,0.258,0.419
88000,0.321,0.258,0.421
88100,0.324,0.259,0.417
88200,0.325,0.283,0.392
88300,0.325,0.281,0.394
88400,0.323,0.290,0.387
88500,0.314,0.288,0.398
88600,0.311,0.296,0.393
88700,0.320,0.301,0.379
88800,0.307,0.312,0.381
88900,0.289,0.327,0.384
89000,0.291,0.321,0.388
89100,0.288,0.326,0.386
89200,0.277,0.344,0.379
89300,0.284,0.332,0.384
89400,0.278,0.337,0.385
89500,0.290,0.334,0.376
89600,0.306,0.334,0.360
89700,0.298,0.336,0.366
89800,0.293,0.327,0.380
89900,0.289,0.324,0.387
90000,0.285,0.322,0.393
90100,0.297,0.318,0.385
90200,0.295,0.309,0.395
90300,0.287,0.317,0.396
90400,0.281,0.316,0.403
90500,0.284,0.327,0.389
90600,0.294,0.322,0.384
90700,0.307,0.328,0.365
90800,0.307,0.329,0.364
90900,0.316,0.324,0.361
91000,0.332,0.306,0.362
91100,0.318,0.313,0.370
91200,0.314,0.298,0.388
91300,0.301,0.295,0.403
91400,0.307,0.297,0.395
91500,0.299,0.283,0.418
91600,0.327,0.282,0.391
91700,0.322,0.293,0.385
91800,0.331,0.294,0.375
91900,0.335,0.294,0.371
92000,0.337,0.293,0.370
92100,0.333,0.300,0.367
92200,0.322,0.305,0.373
92300,0.330,0.295,0.375
92400,0.348,0.286,0.366
92500,0.351,0.284,0.365
92600,0.354,0.273,0.373
92700,0.356,0.283,0.361
92800,0.356,0.289,0.354
92900,0.353,0.298,0.348
93000,0.348,0.287,0.365
93100,0.347,0.288,0.365
93200,0.351,0.277,0.372
93300,0.353,0.285,0.362
93400,0.354,0.287,0.359
93500,0.358,0.289,0.353
93600,0.348,0.285,0.367
93700,0.338,0.293,0.369
93800,0.329,0.308,0.363
93900,0.314,0.322,0.365
94000,0.314,0.323,0.364
94100,0.315,0.321,0.365
94200,0.315,0.307,0.378
94300,0.306,0.303,0.390
94400,0.302,0.312,0.386
94500,0.286,0.318,0.396
94600,0.288,0.322,0.390
94700,0.293,0.319,0.388
94800,0.297,0.325,0.378
94900,0.305,0.312,0.383
95000,0.295,0.311,0.394
95100,0.302,0.308,0.389
95200,0.311,0.301,0.388
95300,0.314,0.303,0.383
95400,0.314,0.297,0.389
95500,0.318,0.296,0.386
95600,0.319,0.300,0.381
95700,0.301,0.300,0.398
95800,0.302,0.311,0.387
95900,0.304,0.303,0.392
96000,0.323,0.297,0.380
96100,0.321,0.291,0.388
96200,0.328,0.283,0.389
96300,0.315,0.280,0.406
96400,0.307,0.296,0.396
96500,0.312,0.304,0.384
96600,0.307,0.311,0.382
96700,0.316,0.307,0.377
96800,0.319,0.305,0.376
96900,0.324,0.302,0.374
97000,0.326,0.305,0.369
97100,0.324,0.302,0.374
97200,0.329,0.300,0.371
97300,0.329,0.311,0.361
97400,0.323,0.303,0.374
97500,0.316,0.291,0.393
97600,0.326,0.290,0.384
97700,0.316,0.279,0.406
97800,0.315,0.271,0.415
97900,0.327,0.284,0.389
98000,0.323,0.275,0.402
98100,0.328,0.275,0.397
98200,0.332,0.279,0.389
98300,0.325,0.270,0.406
98400,0.337,0.269,0.394
98500,0.340,0.272,0.388
98600,0.339,0.274,0.387
98700,0.347,0.270,0.383
98800,0.335,0.273,0.392
98900,0.340,0.277,0.383
99000,0.330,0.276,0.394
99100,0.333,0.284,0.383
99200,0.332,0.273,0.395
99300,0.325,0.281,0.394
99400,0.322,0.271,0.408
99500,0.324,0.274,0.402
99600,0.329,0.272,0.399
99700,0.341,0.267,0.392
99800,0.330,0.276,0.394
99900,0.326,0.268,0.407
100000,0.323,0.284,0.393
