time,n_A+p,n_B,n_AB
500,0.050,0.869,0.081
1000,0.050,0.628,0.322
1500,0.050,0.483,0.466
2000,0.050,0.350,0.599
2500,0.050,0.288,0.661
3000,0.050,0.297,0.652
3500,0.056,0.327,0.617
4000,0.051,0.282,0.666
4500,0.050,0.255,0.696
5000,0.053,0.255,0.692
5500,0.055,0.261,0.684
6000,0.052,0.324,0.624
6500,0.051,0.327,0.623
7000,0.052,0.287,0.660
7500,0.053,0.310,0.637
8000,0.059,0.286,0.655
8500,0.062,0.250,0.688
9000,0.058,0.274,0.668
9500,0.050,0.253,0.697
10000,0.050,0.300,0.650
10500,0.053,0.323,0.624
11000,0.051,0.303,0.646
11500,0.050,0.253,0.697
12000,0.051,0.265,0.684
12500,0.050,0.268,0.682
13000,0.050,0.260,0.690
13500,0.050,0.355,0.595
14000,0.050,0.342,0.608
14500,0.055,0.324,0.621
15000,0.054,0.267,0.678
15500,0.055,0.253,0.692
16000,0.056,0.346,0.597
16500,0.052,0.272,0.675
17000,0.058,0.280,0.662
17500,0.062,0.237,0.701
18000,0.060,0.227,0.713
18500,0.057,0.294,0.648
19000,0.062,0.270,0.668
19500,0.058,0.239,0.703
20000,0.055,0.227,0.718
20500,0.081,0.180,0.739
21000,0.068,0.197,0.736
21500,0.059,0.238,0.703
22000,0.058,0.241,0.701
22500,0.057,0.256,0.688
23000,0.057,0.207,0.735
23500,0.060,0.214,0.726
24000,0.083,0.188,0.730
24500,0.079,0.176,0.745
25000,0.077,0.211,0.712
25500,0.081,0.213,0.706
26000,0.073,0.176,0.751
26500,0.083,0.183,0.734
27000,0.106,0.150,0.743
27500,0.101,0.109,0.790
28000,0.087,0.191,0.722
28500,0.074,0.155,0.771
29000,0.117,0.097,0.787
29500,0.188,0.057,0.756
30000,0.366,0.013,0.620
30500,0.584,0.001,0.416
31000,0.692,0.000,0.308
31500,0.749,0.000,0.251
32000,0.823,0.000,0.177
32500,0.761,0.000,0.239
33000,0.844,0.000,0.156
33500,0.883,0.000,0.117
34000,0.927,0.000,0.073
34500,0.917,0.000,0.083
35000,0.899,0.000,0.101
35500,0.933,0.000,0.067
36000,0.929,0.000,0.071
36500,0.940,0.000,0.060
37000,0.956,0.000,0.044
37500,0.943,0.000,0.057
38000,0.983,0.000,0.017
38500,0.985,0.000,0.015
39000,0.993,0.000,0.007
39500,0.984,0.000,0.016
40000,0.975,0.000,0.025
40500,0.981,0.000,0.019
41000,0.965,0.000,0.035
41500,0.968,0.000,0.032
42000,0.978,0.000,0.022
42500,0.990,0.000,0.010
43000,0.986,0.000,0.014
43500,0.982,0.000,0.018
44000,0.971,0.000,0.029
44500,0.993,0.000,0.007
45000,0.997,0.000,0.003
45500,1.000,0.000,0.000
