time,n_A+p,n_B,n_AB
500,0.050,0.142,0.808
1000,0.630,0.000,0.370
1500,0.764,0.000,0.236
2000,0.852,0.000,0.148
2500,0.768,0.000,0.232
3000,0.791,0.000,0.209
3500,0.693,0.000,0.307
4000,0.951,0.000,0.049
4500,0.552,0.000,0.448
5000,0.822,0.000,0.178
5500,0.857,0.000,0.143
6000,0.846,0.000,0.154
6500,0.892,0.000,0.108
7000,0.803,0.000,0.197
7500,0.991,0.000,0.009
8000,1.000,0.000,0.000
