time,n_A+p,n_B,n_AB
100,0.030,0.966,0.004
200,0.030,0.966,0.004
300,0.030,0.963,0.007
400,0.030,0.963,0.007
500,0.032,0.961,0.007
600,0.046,0.943,0.011
700,0.047,0.926,0.027
800,0.043,0.928,0.029
900,0.042,0.932,0.027
1000,0.039,0.927,0.034
1100,0.039,0.921,0.040
1200,0.039,0.923,0.038
1300,0.039,0.925,0.036
1400,0.039,0.928,0.033
1500,0.037,0.926,0.037
1600,0.037,0.924,0.039
1700,0.037,0.916,0.047
1800,0.043,0.913,0.044
1900,0.048,0.909,0.043
2000,0.053,0.890,0.057
2100,0.074,0.871,0.055
2200,0.068,0.869,0.062
2300,0.070,0.867,0.062
2400,0.073,0.866,0.061
2500,0.070,0.865,0.064
2600,0.068,0.863,0.068
2700,0.078,0.853,0.069
2800,0.077,0.859,0.064
2900,0.085,0.856,0.059
3000,0.076,0.865,0.059
3100,0.075,0.862,0.063
3200,0.079,0.858,0.063
3300,0.091,0.843,0.066
3400,0.102,0.829,0.068
3500,0.089,0.849,0.062
3600,0.091,0.815,0.094
3700,0.099,0.813,0.088
3800,0.104,0.806,0.090
3900,0.096,0.809,0.095
4000,0.094,0.810,0.096
4100,0.097,0.805,0.098
4200,0.095,0.803,0.102
4300,0.093,0.793,0.114
4400,0.103,0.792,0.105
4500,0.106,0.792,0.102
4600,0.088,0.809,0.103
4700,0.085,0.810,0.105
4800,0.080,0.799,0.122
4900,0.081,0.794,0.126
5000,0.083,0.798,0.120
5100,0.099,0.783,0.117
5200,0.088,0.791,0.122
5300,0.090,0.791,0.120
5400,0.095,0.780,0.125
5500,0.096,0.777,0.127
5600,0.104,0.784,0.111
5700,0.096,0.785,0.118
5800,0.091,0.775,0.134
5900,0.084,0.780,0.136
6000,0.087,0.779,0.134
6100,0.081,0.769,0.150
6200,0.086,0.782,0.132
6300,0.088,0.772,0.140
6400,0.100,0.771,0.129
6500,0.104,0.765,0.131
6600,0.110,0.769,0.121
6700,0.123,0.748,0.130
6800,0.125,0.753,0.123
6900,0.123,0.743,0.135
7000,0.110,0.755,0.135
7100,0.110,0.755,0.135
7200,0.100,0.756,0.144
7300,0.097,0.760,0.143
7400,0.097,0.755,0.148
7500,0.097,0.755,0.148
7600,0.113,0.746,0.141
7700,0.122,0.740,0.139
7800,0.120,0.743,0.138
7900,0.116,0.732,0.151
8000,0.120,0.728,0.152
8100,0.110,0.734,0.155
8200,0.103,0.741,0.156
8300,0.111,0.745,0.144
8400,0.117,0.728,0.154
8500,0.115,0.728,0.156
8600,0.109,0.739,0.152
8700,0.123,0.726,0.151
8800,0.135,0.712,0.153
8900,0.136,0.719,0.145
9000,0.134,0.720,0.146
9100,0.132,0.727,0.141
9200,0.117,0.731,0.151
9300,0.115,0.732,0.152
9400,0.122,0.708,0.171
9500,0.111,0.714,0.175
9600,0.118,0.729,0.152
9700,0.107,0.749,0.144
9800,0.092,0.762,0.146
9900,0.095,0.751,0.154
10000,0.094,0.743,0.163
10100,0.100,0.743,0.157
10200,0.107,0.739,0.154
10300,0.110,0.721,0.169
10400,0.114,0.726,0.159
10500,0.121,0.723,0.156
10600,0.110,0.729,0.160
10700,0.109,0.721,0.170
10800,0.101,0.727,0.172
10900,0.105,0.729,0.165
11000,0.113,0.716,0.171
11100,0.108,0.712,0.180
11200,0.107,0.711,0.182
11300,0.106,0.722,0.172
11400,0.101,0.723,0.176
11500,0.096,0.732,0.172
11600,0.101,0.732,0.166
11700,0.112,0.714,0.174
11800,0.118,0.709,0.173
11900,0.110,0.701,0.189
12000,0.106,0.700,0.194
12100,0.115,0.680,0.204
12200,0.117,0.691,0.192
12300,0.141,0.682,0.177
12400,0.134,0.674,0.192
12500,0.141,0.664,0.195
12600,0.140,0.641,0.219
12700,0.138,0.660,0.202
12800,0.134,0.662,0.204
12900,0.132,0.667,0.201
13000,0.118,0.692,0.190
13100,0.107,0.706,0.187
13200,0.112,0.708,0.180
13300,0.108,0.727,0.164
13400,0.107,0.734,0.158
13500,0.114,0.732,0.153
13600,0.116,0.726,0.157
13700,0.112,0.715,0.173
13800,0.113,0.708,0.179
13900,0.124,0.698,0.179
14000,0.128,0.696,0.177
14100,0.135,0.689,0.176
14200,0.130,0.688,0.182
14300,0.139,0.683,0.178
14400,0.125,0.673,0.202
14500,0.123,0.686,0.191
14600,0.120,0.691,0.190
14700,0.105,0.697,0.198
14800,0.102,0.705,0.193
14900,0.107,0.705,0.188
15000,0.104,0.704,0.192
15100,0.103,0.693,0.204
15200,0.100,0.680,0.220
15300,0.102,0.689,0.208
15400,0.107,0.676,0.217
15500,0.110,0.685,0.204
15600,0.112,0.694,0.194
15700,0.130,0.677,0.193
15800,0.131,0.673,0.196
15900,0.143,0.663,0.194
16000,0.125,0.682,0.193
16100,0.130,0.683,0.187
16200,0.138,0.679,0.183
16300,0.137,0.673,0.190
16400,0.128,0.684,0.188
16500,0.133,0.678,0.189
16600,0.129,0.694,0.178
16700,0.126,0.696,0.179
16800,0.134,0.695,0.172
16900,0.138,0.694,0.169
17000,0.135,0.707,0.158
17100,0.137,0.696,0.168
17200,0.136,0.695,0.170
17300,0.147,0.683,0.170
17400,0.153,0.665,0.182
17500,0.153,0.667,0.180
17600,0.148,0.675,0.177
17700,0.146,0.673,0.181
17800,0.145,0.677,0.178
17900,0.136,0.678,0.186
18000,0.140,0.664,0.196
18100,0.127,0.651,0.223
18200,0.130,0.650,0.221
18300,0.117,0.651,0.232
18400,0.135,0.644,0.222
18500,0.131,0.655,0.215
18600,0.132,0.648,0.221
18700,0.136,0.652,0.212
18800,0.142,0.649,0.209
18900,0.141,0.649,0.210
19000,0.150,0.644,0.206
19100,0.141,0.658,0.201
19200,0.135,0.664,0.201
19300,0.133,0.663,0.204
19400,0.136,0.668,0.196
19500,0.127,0.671,0.202
19600,0.126,0.680,0.194
19700,0.123,0.689,0.188
19800,0.125,0.691,0.185
19900,0.128,0.686,0.186
20000,0.122,0.683,0.195
20100,0.113,0.680,0.206
20200,0.104,0.655,0.241
20300,0.099,0.658,0.243
20400,0.104,0.659,0.237
20500,0.111,0.649,0.240
20600,0.106,0.653,0.241
20700,0.090,0.665,0.245
20800,0.113,0.648,0.239
20900,0.116,0.637,0.246
21000,0.112,0.638,0.249
21100,0.105,0.659,0.236
21200,0.102,0.666,0.232
21300,0.105,0.661,0.234
21400,0.115,0.666,0.219
21500,0.127,0.656,0.218
21600,0.114,0.665,0.221
21700,0.109,0.670,0.221
21800,0.099,0.663,0.238
21900,0.127,0.658,0.216
22000,0.121,0.658,0.222
22100,0.121,0.665,0.215
22200,0.117,0.665,0.218
22300,0.107,0.665,0.228
22400,0.106,0.672,0.222
22500,0.102,0.671,0.227
22600,0.109,0.663,0.228
22700,0.130,0.655,0.216
22800,0.124,0.662,0.215
22900,0.117,0.652,0.231
23000,0.125,0.652,0.224
23100,0.132,0.648,0.221
23200,0.133,0.648,0.220
23300,0.139,0.635,0.226
23400,0.133,0.628,0.239
23500,0.149,0.622,0.229
23600,0.142,0.630,0.228
23700,0.143,0.636,0.221
23800,0.128,0.650,0.223
23900,0.127,0.649,0.225
24000,0.123,0.653,0.225
24100,0.122,0.657,0.222
24200,0.110,0.670,0.220
24300,0.116,0.663,0.221
24400,0.116,0.661,0.223
24500,0.111,0.665,0.224
24600,0.116,0.659,0.225
24700,0.112,0.656,0.232
24800,0.120,0.657,0.224
24900,0.105,0.664,0.231
25000,0.114,0.664,0.222
25100,0.113,0.672,0.215
25200,0.118,0.681,0.200
25300,0.111,0.692,0.197
25400,0.116,0.695,0.189
25500,0.113,0.698,0.189
25600,0.109,0.706,0.185
25700,0.109,0.701,0.190
25800,0.118,0.684,0.197
25900,0.120,0.697,0.184
26000,0.107,0.703,0.190
26100,0.115,0.697,0.188
26200,0.115,0.689,0.195
26300,0.122,0.694,0.185
26400,0.113,0.701,0.186
26500,0.108,0.709,0.183
26600,0.109,0.713,0.178
26700,0.107,0.705,0.188
26800,0.099,0.714,0.187
26900,0.097,0.715,0.188
27000,0.094,0.716,0.190
27100,0.093,0.723,0.184
27200,0.090,0.732,0.178
27300,0.084,0.729,0.187
27400,0.086,0.726,0.188
27500,0.109,0.718,0.173
27600,0.113,0.717,0.170
27700,0.105,0.711,0.184
27800,0.102,0.717,0.181
27900,0.126,0.687,0.187
28000,0.123,0.688,0.189
28100,0.125,0.670,0.205
28200,0.126,0.672,0.202
28300,0.123,0.672,0.205
28400,0.118,0.671,0.210
28500,0.127,0.668,0.205
28600,0.126,0.678,0.196
28700,0.130,0.667,0.203
28800,0.140,0.663,0.197
28900,0.137,0.661,0.202
29000,0.127,0.668,0.205
29100,0.138,0.672,0.190
29200,0.142,0.673,0.185
29300,0.143,0.653,0.204
29400,0.149,0.651,0.200
29500,0.135,0.653,0.212
29600,0.130,0.658,0.212
29700,0.138,0.649,0.213
29800,0.142,0.646,0.212
29900,0.132,0.652,0.217
30000,0.144,0.645,0.211
30100,0.144,0.654,0.202
30200,0.147,0.641,0.211
30300,0.138,0.654,0.208
30400,0.145,0.640,0.215
30500,0.148,0.648,0.204
30600,0.146,0.633,0.221
30700,0.153,0.631,0.216
30800,0.146,0.623,0.231
30900,0.145,0.642,0.212
31000,0.143,0.641,0.216
31100,0.137,0.639,0.224
31200,0.142,0.609,0.249
31300,0.147,0.608,0.245
31400,0.132,0.612,0.256
31500,0.143,0.618,0.239
31600,0.142,0.604,0.254
31700,0.139,0.604,0.257
31800,0.154,0.612,0.234
31900,0.168,0.597,0.236
32000,0.156,0.588,0.255
32100,0.135,0.594,0.271
32200,0.144,0.583,0.273
32300,0.145,0.591,0.264
32400,0.151,0.584,0.265
32500,0.150,0.586,0.264
32600,0.146,0.590,0.264
32700,0.146,0.590,0.264
32800,0.147,0.600,0.253
32900,0.154,0.605,0.241
33000,0.155,0.601,0.244
33100,0.149,0.591,0.259
33200,0.166,0.587,0.246
33300,0.172,0.581,0.247
33400,0.168,0.600,0.233
33500,0.186,0.596,0.219
33600,0.193,0.593,0.213
33700,0.188,0.599,0.213
33800,0.200,0.579,0.221
33900,0.199,0.589,0.211
34000,0.195,0.587,0.218
34100,0.187,0.582,0.231
34200,0.187,0.582,0.231
34300,0.194,0.571,0.235
34400,0.189,0.565,0.246
34500,0.185,0.567,0.248
34600,0.192,0.557,0.251
34700,0.197,0.564,0.239
34800,0.195,0.560,0.245
34900,0.198,0.562,0.240
35000,0.188,0.555,0.257
35100,0.188,0.546,0.266
35200,0.184,0.542,0.274
35300,0.164,0.573,0.263
35400,0.162,0.574,0.264
35500,0.166,0.575,0.258
35600,0.163,0.570,0.267
35700,0.141,0.588,0.271
35800,0.147,0.589,0.264
35900,0.164,0.591,0.244
36000,0.161,0.592,0.246
36100,0.168,0.576,0.256
36200,0.174,0.588,0.238
36300,0.180,0.589,0.231
36400,0.183,0.588,0.229
36500,0.193,0.573,0.234
36600,0.179,0.586,0.235
36700,0.179,0.585,0.236
36800,0.212,0.569,0.219
36900,0.212,0.552,0.236
37000,0.210,0.545,0.244
37100,0.201,0.532,0.267
37200,0.204,0.524,0.272
37300,0.208,0.516,0.276
37400,0.201,0.541,0.257
37500,0.195,0.557,0.248
37600,0.190,0.555,0.255
37700,0.199,0.551,0.250
37800,0.219,0.527,0.254
37900,0.216,0.512,0.273
38000,0.225,0.516,0.259
38100,0.233,0.512,0.255
38200,0.213,0.517,0.270
38300,0.212,0.526,0.261
38400,0.216,0.528,0.256
38500,0.218,0.524,0.258
38600,0.211,0.529,0.259
38700,0.210,0.526,0.264
38800,0.215,0.526,0.259
38900,0.210,0.532,0.257
39000,0.217,0.520,0.264
39100,0.260,0.490,0.249
39200,0.266,0.488,0.246
39300,0.259,0.488,0.252
39400,0.282,0.479,0.239
39500,0.293,0.464,0.243
39600,0.288,0.477,0.235
39700,0.296,0.455,0.249
39800,0.298,0.455,0.247
39900,0.290,0.458,0.252
40000,0.291,0.456,0.253
40100,0.289,0.442,0.269
40200,0.303,0.429,0.268
40300,0.295,0.435,0.270
40400,0.294,0.429,0.277
40500,0.294,0.433,0.273
40600,0.297,0.444,0.258
40700,0.308,0.433,0.258
40800,0.307,0.431,0.261
40900,0.308,0.426,0.266
41000,0.322,0.428,0.250
41100,0.321,0.428,0.251
41200,0.316,0.439,0.245
41300,0.313,0.435,0.252
41400,0.318,0.440,0.242
41500,0.331,0.432,0.237
41600,0.333,0.426,0.241
41700,0.324,0.414,0.263
41800,0.322,0.411,0.268
41900,0.312,0.410,0.279
42000,0.325,0.406,0.270
42100,0.318,0.416,0.267
42200,0.321,0.421,0.258
42300,0.307,0.435,0.257
42400,0.305,0.435,0.259
42500,0.289,0.442,0.269
42600,0.295,0.432,0.273
42700,0.300,0.420,0.280
42800,0.309,0.414,0.277
42900,0.316,0.406,0.279
43000,0.324,0.420,0.256
43100,0.325,0.417,0.258
43200,0.319,0.421,0.260
43300,0.330,0.411,0.259
43400,0.325,0.425,0.250
43500,0.343,0.411,0.246
43600,0.339,0.403,0.257
43700,0.340,0.392,0.268
43800,0.331,0.397,0.272
43900,0.322,0.413,0.266
44000,0.314,0.432,0.254
44100,0.302,0.423,0.275
44200,0.312,0.437,0.251
44300,0.298,0.441,0.260
44400,0.294,0.436,0.270
44500,0.297,0.435,0.268
44600,0.313,0.426,0.261
44700,0.313,0.418,0.270
44800,0.317,0.421,0.263
44900,0.317,0.409,0.275
45000,0.300,0.418,0.282
45100,0.292,0.422,0.286
45200,0.303,0.418,0.279
45300,0.309,0.409,0.282
45400,0.301,0.415,0.284
45500,0.300,0.427,0.273
45600,0.281,0.425,0.294
45700,0.297,0.426,0.277
45800,0.297,0.422,0.281
45900,0.291,0.426,0.283
46000,0.299,0.429,0.272
46100,0.319,0.422,0.259
46200,0.319,0.406,0.276
46300,0.322,0.410,0.269
46400,0.327,0.411,0.263
46500,0.334,0.414,0.252
46600,0.328,0.423,0.249
46700,0.326,0.421,0.253
46800,0.332,0.421,0.247
46900,0.334,0.420,0.246
47000,0.329,0.423,0.248
47100,0.340,0.420,0.240
47200,0.339,0.416,0.245
47300,0.322,0.412,0.267
47400,0.307,0.409,0.284
47500,0.303,0.403,0.293
47600,0.309,0.402,0.288
47700,0.296,0.398,0.305
47800,0.296,0.407,0.297
47900,0.274,0.424,0.302
48000,0.287,0.423,0.290
48100,0.288,0.420,0.292
48200,0.286,0.422,0.292
48300,0.292,0.410,0.298
48400,0.299,0.417,0.284
48500,0.292,0.421,0.287
48600,0.298,0.426,0.276
48700,0.297,0.418,0.285
48800,0.290,0.432,0.278
48900,0.279,0.466,0.255
49000,0.286,0.462,0.252
49100,0.288,0.458,0.254
49200,0.276,0.480,0.244
49300,0.258,0.474,0.268
49400,0.263,0.481,0.256
49500,0.282,0.472,0.246
49600,0.303,0.445,0.251
49700,0.316,0.447,0.237
49800,0.294,0.433,0.273
49900,0.297,0.433,0.270
50000,0.286,0.431,0.283
50100,0.269,0.426,0.305
50200,0.278,0.436,0.286
50300,0.275,0.438,0.287
50400,0.277,0.436,0.287
50500,0.288,0.438,0.274
50600,0.298,0.434,0.268
50700,0.301,0.432,0.267
50800,0.298,0.432,0.270
50900,0.286,0.439,0.275
51000,0.295,0.429,0.276
51100,0.297,0.427,0.276
51200,0.291,0.428,0.281
51300,0.283,0.431,0.286
51400,0.265,0.446,0.289
51500,0.267,0.448,0.285
51600,0.271,0.447,0.282
51700,0.272,0.446,0.282
51800,0.266,0.438,0.296
51900,0.263,0.424,0.314
52000,0.253,0.451,0.295
52100,0.249,0.454,0.297
52200,0.266,0.436,0.298
52300,0.272,0.446,0.282
52400,0.259,0.445,0.295
52500,0.270,0.438,0.292
52600,0.270,0.446,0.284
52700,0.268,0.449,0.283
52800,0.266,0.458,0.277
52900,0.263,0.435,0.302
53000,0.265,0.428,0.307
53100,0.263,0.431,0.306
53200,0.269,0.431,0.300
53300,0.275,0.422,0.303
53400,0.265,0.413,0.323
53500,0.264,0.431,0.305
53600,0.273,0.428,0.299
53700,0.287,0.435,0.278
53800,0.281,0.432,0.287
53900,0.281,0.437,0.282
54000,0.290,0.445,0.265
54100,0.312,0.433,0.255
54200,0.303,0.434,0.263
54300,0.297,0.428,0.275
54400,0.297,0.426,0.277
54500,0.303,0.426,0.271
54600,0.305,0.424,0.271
54700,0.304,0.419,0.277
54800,0.303,0.420,0.277
54900,0.304,0.414,0.282
55000,0.291,0.424,0.285
55100,0.291,0.422,0.287
55200,0.299,0.415,0.286
55300,0.297,0.399,0.303
55400,0.306,0.390,0.303
55500,0.307,0.393,0.299
55600,0.323,0.385,0.292
55700,0.337,0.378,0.285
55800,0.340,0.372,0.288
55900,0.325,0.371,0.304
56000,0.333,0.382,0.285
56100,0.341,0.373,0.286
56200,0.325,0.388,0.287
56300,0.328,0.385,0.287
56400,0.346,0.379,0.275
56500,0.335,0.379,0.286
56600,0.328,0.385,0.287
56700,0.346,0.382,0.272
56800,0.344,0.380,0.276
56900,0.344,0.378,0.278
57000,0.350,0.388,0.261
57100,0.371,0.381,0.248
57200,0.370,0.380,0.250
57300,0.368,0.376,0.256
57400,0.364,0.383,0.253
57500,0.369,0.371,0.260
57600,0.376,0.360,0.265
57700,0.376,0.364,0.260
57800,0.370,0.356,0.274
57900,0.371,0.359,0.271
58000,0.364,0.360,0.277
58100,0.361,0.362,0.278
58200,0.356,0.349,0.294
58300,0.358,0.353,0.289
58400,0.341,0.355,0.303
58500,0.346,0.354,0.299
58600,0.351,0.343,0.305
58700,0.374,0.330,0.296
58800,0.379,0.324,0.297
58900,0.386,0.319,0.295
59000,0.388,0.326,0.286
59100,0.378,0.327,0.295
59200,0.372,0.346,0.282
59300,0.362,0.354,0.284
59400,0.360,0.364,0.277
59500,0.350,0.366,0.284
59600,0.354,0.377,0.269
59700,0.342,0.389,0.269
59800,0.355,0.378,0.267
59900,0.366,0.375,0.259
60000,0.349,0.389,0.261
60100,0.343,0.384,0.273
60200,0.343,0.374,0.283
60300,0.343,0.379,0.278
60400,0.349,0.383,0.268
60500,0.347,0.367,0.286
60600,0.352,0.374,0.274
60700,0.356,0.365,0.279
60800,0.366,0.360,0.275
60900,0.371,0.342,0.287
61000,0.373,0.328,0.299
61100,0.366,0.331,0.303
61200,0.365,0.343,0.292
61300,0.364,0.338,0.298
61400,0.382,0.332,0.286
61500,0.387,0.322,0.291
61600,0.382,0.315,0.303
61700,0.394,0.308,0.297
61800,0.403,0.307,0.289
61900,0.412,0.291,0.297
62000,0.426,0.286,0.288
62100,0.422,0.283,0.295
62200,0.411,0.294,0.295
62300,0.413,0.307,0.280
62400,0.419,0.295,0.286
62500,0.423,0.293,0.284
62600,0.420,0.284,0.296
62700,0.420,0.287,0.293
62800,0.407,0.300,0.293
62900,0.407,0.298,0.295
63000,0.409,0.293,0.298
63100,0.410,0.292,0.298
63200,0.395,0.308,0.296
63300,0.378,0.318,0.304
63400,0.368,0.307,0.325
63500,0.375,0.314,0.312
63600,0.374,0.315,0.312
63700,0.380,0.319,0.301
63800,0.386,0.319,0.295
63900,0.381,0.322,0.297
64000,0.390,0.315,0.295
64100,0.395,0.315,0.290
64200,0.392,0.315,0.293
64300,0.394,0.314,0.292
64400,0.392,0.319,0.289
64500,0.368,0.318,0.315
64600,0.367,0.303,0.330
64700,0.392,0.301,0.306
64800,0.391,0.296,0.313
64900,0.376,0.295,0.329
65000,0.377,0.290,0.333
65100,0.380,0.305,0.315
65200,0.379,0.319,0.302
65300,0.381,0.327,0.292
65400,0.384,0.324,0.292
65500,0.387,0.325,0.288
65600,0.383,0.318,0.299
65700,0.376,0.319,0.305
65800,0.374,0.326,0.300
65900,0.375,0.317,0.308
66000,0.382,0.308,0.309
66100,0.382,0.312,0.306
66200,0.387,0.307,0.305
66300,0.403,0.302,0.294
66400,0.407,0.296,0.297
66500,0.412,0.298,0.290
66600,0.425,0.300,0.275
66700,0.432,0.293,0.275
66800,0.443,0.297,0.259
66900,0.445,0.287,0.268
67000,0.446,0.282,0.272
67100,0.438,0.282,0.280
67200,0.442,0.279,0.279
67300,0.448,0.284,0.268
67400,0.443,0.290,0.267
67500,0.442,0.288,0.270
67600,0.445,0.277,0.278
67700,0.449,0.275,0.276
67800,0.447,0.278,0.275
67900,0.446,0.279,0.275
68000,0.443,0.279,0.278
68100,0.429,0.297,0.274
68200,0.432,0.291,0.277
68300,0.448,0.284,0.268
68400,0.433,0.302,0.265
68500,0.431,0.295,0.274
68600,0.424,0.299,0.277
68700,0.409,0.291,0.300
68800,0.413,0.282,0.305
68900,0.418,0.283,0.299
69000,0.426,0.286,0.288
69100,0.445,0.287,0.268
69200,0.430,0.286,0.284
69300,0.422,0.289,0.289
69400,0.417,0.293,0.290
69500,0.426,0.293,0.281
69600,0.435,0.290,0.275
69700,0.419,0.306,0.275
69800,0.422,0.296,0.282
69900,0.414,0.296,0.290
70000,0.411,0.287,0.302
70100,0.402,0.290,0.307
70200,0.424,0.287,0.289
70300,0.413,0.287,0.300
70400,0.429,0.282,0.289
70500,0.430,0.277,0.293
70600,0.430,0.279,0.291
70700,0.418,0.287,0.295
70800,0.411,0.291,0.298
70900,0.424,0.285,0.291
71000,0.420,0.270,0.311
71100,0.408,0.265,0.328
71200,0.410,0.277,0.314
71300,0.404,0.284,0.312
71400,0.395,0.299,0.305
71500,0.391,0.307,0.301
71600,0.397,0.306,0.296
71700,0.395,0.305,0.299
71800,0.379,0.324,0.297
71900,0.363,0.315,0.323
72000,0.368,0.328,0.304
72100,0.364,0.327,0.309
72200,0.353,0.331,0.316
72300,0.363,0.333,0.304
72400,0.368,0.333,0.299
72500,0.377,0.316,0.307
72600,0.356,0.305,0.338
72700,0.360,0.306,0.334
72800,0.365,0.309,0.326
72900,0.359,0.301,0.340
73000,0.360,0.300,0.340
73100,0.354,0.295,0.350
73200,0.359,0.294,0.347
73300,0.367,0.304,0.329
73400,0.361,0.309,0.330
73500,0.352,0.326,0.322
73600,0.347,0.339,0.314
73700,0.341,0.339,0.320
73800,0.322,0.372,0.306
73900,0.324,0.348,0.328
74000,0.341,0.324,0.335
74100,0.345,0.329,0.326
74200,0.369,0.326,0.305
74300,0.371,0.314,0.316
74400,0.363,0.325,0.313
74500,0.369,0.328,0.303
74600,0.356,0.334,0.309
74700,0.362,0.336,0.302
74800,0.360,0.341,0.299
74900,0.371,0.321,0.308
75000,0.383,0.316,0.301
75100,0.381,0.297,0.322
75200,0.390,0.293,0.317
75300,0.368,0.299,0.333
75400,0.361,0.306,0.333
75500,0.379,0.307,0.314
75600,0.376,0.309,0.315
75700,0.380,0.315,0.305
75800,0.377,0.309,0.314
75900,0.379,0.302,0.319
76000,0.390,0.302,0.307
76100,0.407,0.303,0.290
76200,0.414,0.304,0.282
76300,0.427,0.296,0.277
76400,0.424,0.301,0.275
76500,0.411,0.302,0.287
76600,0.411,0.295,0.294
76700,0.411,0.295,0.294
76800,0.412,0.285,0.303
76900,0.406,0.295,0.299
77000,0.403,0.303,0.293
77100,0.393,0.305,0.301
77200,0.380,0.307,0.313
77300,0.380,0.302,0.318
77400,0.386,0.298,0.316
77500,0.394,0.287,0.319
77600,0.411,0.282,0.307
77700,0.418,0.282,0.300
77800,0.423,0.280,0.297
77900,0.410,0.276,0.315
78000,0.411,0.274,0.316
78100,0.416,0.288,0.296
78200,0.414,0.287,0.299
78300,0.429,0.278,0.293
78400,0.430,0.287,0.283
78500,0.427,0.282,0.291
78600,0.429,0.288,0.283
78700,0.425,0.290,0.285
78800,0.418,0.286,0.296
78900,0.416,0.283,0.301
79000,0.427,0.276,0.297
79100,0.426,0.276,0.298
79200,0.434,0.267,0.299
79300,0.449,0.258,0.292
79400,0.462,0.259,0.279
79500,0.462,0.261,0.277
79600,0.455,0.254,0.291
79700,0.476,0.254,0.270
79800,0.480,0.252,0.268
79900,0.487,0.241,0.272
80000,0.486,0.246,0.268
80100,0.482,0.251,0.267
80200,0.481,0.244,0.275
80300,0.485,0.241,0.274
80400,0.489,0.242,0.269
80500,0.495,0.239,0.266
80600,0.493,0.235,0.272
80700,0.501,0.230,0.270
80800,0.496,0.244,0.259
80900,0.485,0.244,0.271
81000,0.488,0.232,0.280
81100,0.494,0.238,0.268
81200,0.493,0.235,0.272
81300,0.486,0.241,0.273
81400,0.482,0.238,0.280
81500,0.477,0.245,0.278
81600,0.468,0.249,0.283
81700,0.488,0.245,0.267
81800,0.492,0.251,0.256
81900,0.489,0.245,0.266
82000,0.488,0.260,0.251
82100,0.490,0.252,0.257
82200,0.492,0.246,0.261
82300,0.510,0.233,0.257
82400,0.530,0.227,0.243
82500,0.520,0.243,0.237
82600,0.510,0.237,0.253
82700,0.505,0.231,0.265
82800,0.508,0.233,0.259
82900,0.508,0.224,0.269
83000,0.519,0.211,0.270
83100,0.533,0.208,0.258
83200,0.533,0.212,0.254
83300,0.529,0.212,0.258
83400,0.512,0.245,0.243
83500,0.516,0.247,0.237
83600,0.519,0.242,0.239
83700,0.512,0.244,0.244
83800,0.502,0.240,0.258
83900,0.507,0.237,0.256
84000,0.504,0.243,0.253
84100,0.521,0.238,0.241
84200,0.555,0.213,0.232
84300,0.558,0.209,0.233
84400,0.555,0.206,0.239
84500,0.560,0.204,0.236
84600,0.570,0.203,0.227
84700,0.576,0.200,0.224
84800,0.578,0.202,0.220
84900,0.577,0.199,0.224
85000,0.564,0.208,0.228
85100,0.564,0.209,0.227
85200,0.555,0.210,0.235
85300,0.552,0.222,0.227
85400,0.554,0.206,0.240
85500,0.545,0.216,0.239
85600,0.536,0.215,0.249
85700,0.546,0.205,0.248
85800,0.545,0.199,0.255
85900,0.551,0.200,0.249
86000,0.546,0.205,0.248
86100,0.551,0.200,0.249
86200,0.552,0.203,0.245
86300,0.552,0.206,0.242
86400,0.564,0.192,0.244
86500,0.556,0.198,0.246
86600,0.554,0.201,0.245
86700,0.550,0.198,0.252
86800,0.545,0.202,0.252
86900,0.540,0.204,0.255
87000,0.539,0.209,0.251
87100,0.538,0.208,0.253
87200,0.538,0.213,0.248
87300,0.536,0.209,0.254
87400,0.538,0.202,0.259
87500,0.550,0.205,0.245
87600,0.553,0.202,0.245
87700,0.560,0.196,0.244
87800,0.563,0.193,0.244
87900,0.569,0.188,0.243
88000,0.584,0.186,0.230
88100,0.574,0.185,0.241
88200,0.582,0.186,0.232
88300,0.586,0.184,0.230
88400,0.588,0.183,0.229
88500,0.580,0.185,0.235
88600,0.575,0.185,0.240
88700,0.585,0.176,0.239
88800,0.585,0.175,0.240
88900,0.599,0.177,0.225
89000,0.605,0.174,0.222
89100,0.591,0.177,0.232
89200,0.602,0.174,0.225
89300,0.609,0.173,0.219
89400,0.611,0.169,0.221
89500,0.616,0.170,0.215
89600,0.609,0.171,0.221
89700,0.607,0.166,0.227
89800,0.606,0.169,0.226
89900,0.617,0.169,0.215
90000,0.620,0.164,0.216
90100,0.616,0.158,0.226
90200,0.619,0.157,0.224
90300,0.624,0.158,0.218
90400,0.627,0.160,0.212
90500,0.623,0.157,0.220
90600,0.626,0.155,0.219
90700,0.620,0.159,0.221
90800,0.609,0.161,0.230
90900,0.616,0.157,0.227
91000,0.623,0.158,0.219
91100,0.630,0.151,0.219
91200,0.632,0.153,0.215
91300,0.636,0.151,0.212
91400,0.636,0.149,0.215
91500,0.644,0.146,0.210
91600,0.652,0.145,0.203
91700,0.650,0.144,0.206
91800,0.652,0.146,0.202
91900,0.655,0.148,0.197
92000,0.654,0.154,0.192
92100,0.657,0.156,0.187
92200,0.657,0.155,0.188
92300,0.658,0.152,0.190
92400,0.655,0.158,0.187
92500,0.652,0.156,0.192
92600,0.660,0.157,0.183
92700,0.664,0.156,0.180
92800,0.658,0.153,0.189
92900,0.661,0.153,0.186
93000,0.666,0.148,0.186
93100,0.666,0.144,0.190
93200,0.665,0.146,0.189
93300,0.673,0.142,0.185
93400,0.677,0.143,0.180
93500,0.679,0.143,0.178
93600,0.679,0.142,0.179
93700,0.679,0.142,0.179
93800,0.687,0.140,0.173
93900,0.686,0.155,0.158
94000,0.682,0.154,0.163
94100,0.681,0.151,0.168
94200,0.681,0.147,0.172
94300,0.677,0.151,0.172
94400,0.680,0.148,0.172
94500,0.679,0.148,0.173
94600,0.679,0.151,0.170
94700,0.675,0.149,0.176
94800,0.659,0.155,0.186
94900,0.652,0.158,0.190
95000,0.654,0.155,0.191
95100,0.657,0.153,0.190
95200,0.646,0.173,0.182
95300,0.624,0.170,0.206
95400,0.628,0.166,0.205
95500,0.625,0.178,0.197
95600,0.629,0.176,0.195
95700,0.624,0.182,0.194
95800,0.641,0.174,0.185
95900,0.642,0.169,0.189
96000,0.639,0.163,0.197
96100,0.639,0.160,0.200
96200,0.645,0.159,0.196
96300,0.638,0.156,0.205
96400,0.635,0.159,0.205
96500,0.641,0.161,0.197
96600,0.655,0.156,0.189
96700,0.655,0.157,0.188
96800,0.655,0.155,0.190
96900,0.661,0.157,0.182
97000,0.668,0.154,0.178
97100,0.667,0.153,0.180
97200,0.663,0.159,0.178
97300,0.655,0.160,0.185
97400,0.656,0.162,0.182
97500,0.654,0.164,0.182
97600,0.659,0.164,0.177
97700,0.652,0.163,0.185
97800,0.662,0.160,0.178
97900,0.658,0.158,0.184
98000,0.661,0.161,0.178
98100,0.661,0.158,0.181
98200,0.641,0.158,0.200
98300,0.641,0.156,0.202
98400,0.627,0.155,0.218
98500,0.632,0.151,0.217
98600,0.644,0.150,0.206
98700,0.647,0.147,0.206
98800,0.649,0.146,0.205
98900,0.648,0.146,0.206
99000,0.641,0.150,0.208
99100,0.654,0.152,0.194
99200,0.654,0.149,0.197
99300,0.648,0.151,0.201
99400,0.646,0.154,0.200
99500,0.646,0.155,0.199
99600,0.640,0.155,0.204
99700,0.640,0.159,0.200
99800,0.622,0.160,0.218
99900,0.627,0.159,0.213
100000,0.628,0.156,0.216
