time,n_A+p,n_B,n_AB
500,0.050,0.548,0.402
1000,0.058,0.134,0.808
1500,0.066,0.069,0.865
2000,0.069,0.077,0.854
2500,0.152,0.020,0.828
3000,0.208,0.007,0.785
3500,0.317,0.000,0.683
4000,0.300,0.000,0.700
4500,0.335,0.000,0.665
5000,0.281,0.000,0.719
5500,0.316,0.000,0.684
6000,0.335,0.000,0.665
6500,0.304,0.000,0.696
7000,0.258,0.005,0.737
7500,0.269,0.001,0.730
8000,0.271,0.003,0.726
8500,0.341,0.000,0.659
9000,0.323,0.000,0.677
9500,0.270,0.000,0.730
10000,0.298,0.000,0.702
10500,0.354,0.000,0.645
11000,0.297,0.000,0.703
11500,0.260,0.000,0.740
12000,0.263,0.000,0.738
12500,0.292,0.000,0.708
13000,0.301,0.000,0.699
13500,0.338,0.000,0.662
14000,0.314,0.000,0.686
14500,0.362,0.000,0.638
15000,0.308,0.000,0.692
15500,0.360,0.000,0.640
16000,0.287,0.000,0.713
16500,0.257,0.001,0.742
17000,0.309,0.000,0.691
17500,0.364,0.000,0.636
18000,0.287,0.000,0.713
18500,0.309,0.000,0.691
19000,0.257,0.000,0.743
19500,0.287,0.000,0.713
20000,0.286,0.000,0.714
20500,0.247,0.000,0.752
21000,0.293,0.000,0.707
21500,0.300,0.000,0.700
22000,0.223,0.000,0.777
22500,0.295,0.003,0.703
23000,0.298,0.001,0.702
23500,0.333,0.000,0.667
24000,0.341,0.000,0.659
24500,0.285,0.000,0.715
25000,0.345,0.000,0.655
25500,0.336,0.000,0.664
26000,0.245,0.000,0.754
26500,0.260,0.000,0.740
27000,0.314,0.000,0.686
27500,0.312,0.000,0.688
28000,0.332,0.000,0.668
28500,0.311,0.000,0.689
29000,0.309,0.000,0.691
29500,0.340,0.000,0.660
30000,0.341,0.000,0.659
30500,0.346,0.000,0.654
31000,0.268,0.000,0.732
31500,0.368,0.000,0.631
32000,0.312,0.000,0.688
32500,0.312,0.000,0.688
33000,0.263,0.000,0.737
33500,0.274,0.000,0.726
34000,0.303,0.000,0.697
34500,0.353,0.000,0.647
35000,0.283,0.000,0.717
35500,0.265,0.000,0.735
36000,0.234,0.000,0.766
36500,0.300,0.000,0.700
37000,0.259,0.000,0.741
37500,0.315,0.000,0.685
38000,0.240,0.000,0.760
38500,0.257,0.000,0.744
39000,0.329,0.000,0.671
39500,0.308,0.004,0.688
40000,0.321,0.000,0.679
40500,0.307,0.000,0.693
41000,0.332,0.000,0.668
41500,0.315,0.000,0.685
42000,0.289,0.000,0.711
42500,0.332,0.000,0.668
43000,0.318,0.000,0.682
43500,0.307,0.000,0.693
44000,0.344,0.000,0.656
44500,0.258,0.000,0.742
45000,0.253,0.000,0.747
45500,0.277,0.000,0.724
46000,0.263,0.000,0.738
46500,0.226,0.000,0.774
47000,0.272,0.000,0.728
47500,0.398,0.000,0.603
48000,0.297,0.000,0.703
48500,0.246,0.000,0.754
49000,0.267,0.000,0.733
49500,0.266,0.000,0.734
50000,0.347,0.000,0.653
50500,0.302,0.000,0.698
51000,0.294,0.000,0.706
51500,0.264,0.000,0.736
52000,0.292,0.000,0.708
52500,0.284,0.000,0.716
53000,0.262,0.000,0.738
53500,0.241,0.000,0.759
54000,0.324,0.000,0.676
54500,0.376,0.000,0.625
55000,0.356,0.000,0.644
55500,0.277,0.000,0.724
56000,0.298,0.000,0.702
56500,0.274,0.000,0.726
57000,0.310,0.000,0.690
57500,0.317,0.000,0.683
58000,0.298,0.000,0.702
58500,0.290,0.001,0.709
59000,0.250,0.000,0.750
59500,0.293,0.000,0.707
60000,0.305,0.000,0.695
60500,0.338,0.000,0.662
61000,0.325,0.000,0.675
61500,0.273,0.000,0.728
62000,0.342,0.000,0.658
62500,0.321,0.000,0.679
63000,0.271,0.000,0.730
63500,0.317,0.000,0.683
64000,0.281,0.000,0.720
64500,0.351,0.000,0.649
65000,0.372,0.000,0.628
65500,0.345,0.000,0.655
66000,0.318,0.000,0.682
66500,0.328,0.000,0.672
67000,0.324,0.000,0.676
67500,0.282,0.000,0.718
68000,0.261,0.000,0.740
68500,0.298,0.000,0.702
69000,0.271,0.000,0.730
69500,0.306,0.000,0.694
70000,0.336,0.000,0.664
70500,0.348,0.000,0.651
71000,0.383,0.000,0.617
71500,0.343,0.000,0.657
72000,0.331,0.000,0.669
72500,0.306,0.000,0.694
73000,0.329,0.000,0.671
73500,0.336,0.000,0.664
74000,0.258,0.009,0.733
74500,0.317,0.004,0.679
75000,0.336,0.000,0.664
75500,0.278,0.000,0.722
76000,0.246,0.000,0.754
76500,0.306,0.000,0.694
77000,0.307,0.000,0.693
77500,0.305,0.000,0.695
78000,0.306,0.000,0.694
78500,0.326,0.000,0.674
79000,0.340,0.000,0.660
79500,0.265,0.000,0.736
80000,0.316,0.000,0.684
80500,0.250,0.000,0.750
81000,0.355,0.000,0.645
81500,0.319,0.000,0.681
82000,0.303,0.000,0.697
82500,0.292,0.000,0.708
83000,0.227,0.000,0.773
83500,0.274,0.000,0.726
84000,0.360,0.000,0.640
84500,0.311,0.000,0.689
85000,0.312,0.000,0.688
85500,0.355,0.000,0.645
86000,0.269,0.000,0.732
86500,0.208,0.000,0.791
87000,0.288,0.000,0.712
87500,0.277,0.000,0.723
88000,0.321,0.000,0.679
88500,0.340,0.000,0.660
89000,0.306,0.000,0.694
89500,0.300,0.000,0.700
90000,0.262,0.000,0.738
90500,0.322,0.000,0.678
91000,0.371,0.000,0.629
91500,0.379,0.000,0.621
92000,0.340,0.000,0.660
92500,0.285,0.000,0.715
93000,0.285,0.006,0.709
93500,0.318,0.001,0.681
94000,0.331,0.000,0.669
94500,0.241,0.000,0.758
95000,0.259,0.001,0.740
95500,0.288,0.000,0.712
96000,0.280,0.000,0.720
96500,0.327,0.000,0.673
97000,0.282,0.000,0.718
97500,0.280,0.000,0.720
98000,0.352,0.000,0.648
98500,0.305,0.000,0.695
99000,0.242,0.000,0.758
99500,0.265,0.000,0.735
100000,0.330,0.000,0.670
100500,0.325,0.000,0.675
101000,0.322,0.000,0.678
101500,0.342,0.000,0.658
102000,0.338,0.000,0.662
102500,0.233,0.000,0.767
103000,0.266,0.000,0.734
103500,0.300,0.000,0.700
104000,0.317,0.000,0.683
104500,0.338,0.000,0.662
105000,0.358,0.000,0.641
105500,0.314,0.000,0.686
106000,0.281,0.000,0.719
106500,0.268,0.000,0.732
107000,0.311,0.000,0.689
107500,0.301,0.000,0.699
108000,0.254,0.000,0.746
108500,0.286,0.000,0.714
109000,0.286,0.000,0.714
109500,0.232,0.000,0.768
110000,0.283,0.000,0.717
110500,0.323,0.000,0.677
111000,0.354,0.000,0.645
111500,0.343,0.000,0.657
112000,0.244,0.000,0.756
112500,0.336,0.000,0.664
113000,0.351,0.000,0.649
113500,0.355,0.000,0.645
114000,0.254,0.000,0.746
114500,0.341,0.000,0.659
115000,0.281,0.000,0.719
115500,0.346,0.000,0.654
116000,0.277,0.000,0.723
116500,0.274,0.000,0.726
117000,0.322,0.000,0.678
117500,0.301,0.002,0.697
118000,0.220,0.012,0.768
118500,0.292,0.001,0.707
119000,0.270,0.000,0.730
119500,0.384,0.000,0.616
120000,0.346,0.000,0.653
120500,0.220,0.000,0.780
121000,0.296,0.000,0.704
121500,0.353,0.000,0.647
122000,0.289,0.000,0.711
122500,0.221,0.007,0.772
123000,0.240,0.000,0.760
123500,0.317,0.000,0.683
124000,0.269,0.000,0.731
124500,0.275,0.000,0.726
125000,0.320,0.000,0.680
125500,0.241,0.006,0.753
126000,0.278,0.000,0.722
126500,0.245,0.000,0.754
127000,0.361,0.000,0.639
127500,0.334,0.000,0.666
128000,0.268,0.000,0.732
128500,0.329,0.000,0.671
129000,0.321,0.000,0.679
129500,0.295,0.000,0.705
130000,0.271,0.000,0.729
130500,0.305,0.000,0.695
131000,0.343,0.000,0.657
131500,0.341,0.000,0.659
132000,0.319,0.000,0.681
132500,0.378,0.000,0.622
133000,0.336,0.000,0.664
133500,0.331,0.000,0.669
134000,0.328,0.000,0.672
134500,0.297,0.000,0.703
135000,0.249,0.000,0.751
135500,0.346,0.000,0.654
136000,0.331,0.000,0.669
136500,0.308,0.000,0.692
137000,0.343,0.000,0.657
137500,0.320,0.000,0.680
138000,0.344,0.000,0.656
138500,0.293,0.000,0.707
139000,0.297,0.000,0.703
139500,0.303,0.000,0.697
140000,0.260,0.000,0.740
140500,0.318,0.000,0.682
141000,0.300,0.000,0.700
141500,0.373,0.000,0.627
142000,0.307,0.000,0.693
142500,0.327,0.000,0.673
143000,0.322,0.000,0.678
143500,0.306,0.000,0.694
144000,0.279,0.000,0.721
144500,0.354,0.000,0.645
145000,0.367,0.000,0.633
145500,0.301,0.000,0.699
146000,0.288,0.000,0.712
146500,0.270,0.000,0.730
147000,0.363,0.000,0.637
147500,0.306,0.000,0.694
148000,0.304,0.000,0.696
148500,0.342,0.000,0.658
149000,0.335,0.000,0.665
149500,0.359,0.000,0.641
150000,0.312,0.000,0.688
150500,0.309,0.000,0.691
151000,0.265,0.000,0.735
151500,0.280,0.000,0.720
152000,0.247,0.000,0.753
152500,0.307,0.000,0.693
153000,0.326,0.000,0.674
153500,0.267,0.000,0.733
154000,0.340,0.000,0.660
154500,0.287,0.000,0.713
155000,0.261,0.000,0.739
155500,0.310,0.000,0.690
156000,0.362,0.000,0.638
156500,0.298,0.000,0.702
157000,0.310,0.000,0.690
157500,0.332,0.000,0.668
158000,0.343,0.000,0.657
158500,0.363,0.000,0.637
159000,0.426,0.000,0.574
159500,0.380,0.000,0.620
160000,0.300,0.000,0.700
160500,0.311,0.000,0.689
161000,0.323,0.000,0.677
161500,0.256,0.000,0.744
162000,0.278,0.000,0.722
162500,0.273,0.000,0.727
163000,0.287,0.000,0.713
163500,0.327,0.000,0.673
164000,0.232,0.000,0.768
164500,0.275,0.000,0.726
165000,0.280,0.000,0.720
165500,0.291,0.000,0.709
166000,0.287,0.000,0.713
166500,0.282,0.000,0.718
167000,0.335,0.000,0.665
167500,0.313,0.000,0.687
168000,0.342,0.000,0.658
168500,0.268,0.000,0.732
169000,0.273,0.000,0.728
169500,0.289,0.003,0.708
170000,0.338,0.001,0.661
170500,0.339,0.000,0.661
171000,0.296,0.000,0.704
171500,0.262,0.000,0.738
172000,0.289,0.000,0.711
172500,0.353,0.000,0.647
173000,0.272,0.000,0.728
173500,0.304,0.000,0.696
174000,0.284,0.000,0.716
174500,0.316,0.000,0.684
175000,0.321,0.000,0.679
175500,0.338,0.000,0.662
176000,0.356,0.000,0.644
176500,0.276,0.000,0.724
177000,0.249,0.007,0.743
177500,0.291,0.000,0.709
178000,0.243,0.000,0.757
178500,0.290,0.000,0.710
179000,0.305,0.000,0.695
179500,0.258,0.000,0.742
180000,0.295,0.000,0.705
180500,0.239,0.000,0.760
181000,0.282,0.000,0.718
181500,0.248,0.000,0.752
182000,0.302,0.000,0.698
182500,0.259,0.000,0.742
183000,0.327,0.000,0.673
183500,0.276,0.000,0.724
184000,0.258,0.000,0.742
184500,0.245,0.000,0.755
185000,0.309,0.000,0.691
185500,0.416,0.000,0.584
186000,0.239,0.000,0.761
186500,0.281,0.000,0.719
187000,0.322,0.000,0.678
187500,0.311,0.000,0.689
188000,0.282,0.000,0.718
188500,0.295,0.000,0.705
189000,0.284,0.000,0.716
189500,0.262,0.000,0.738
190000,0.267,0.000,0.733
190500,0.350,0.000,0.650
191000,0.264,0.000,0.736
191500,0.241,0.003,0.757
192000,0.264,0.003,0.733
192500,0.290,0.001,0.709
193000,0.395,0.000,0.605
193500,0.359,0.000,0.641
194000,0.342,0.000,0.658
194500,0.323,0.000,0.677
195000,0.309,0.000,0.691
195500,0.253,0.000,0.747
196000,0.310,0.000,0.690
196500,0.299,0.000,0.701
197000,0.268,0.000,0.732
197500,0.292,0.000,0.708
198000,0.283,0.000,0.717
198500,0.278,0.000,0.722
199000,0.284,0.000,0.716
199500,0.317,0.000,0.683
200000,0.354,0.000,0.646
200500,0.264,0.000,0.736
201000,0.254,0.000,0.746
201500,0.300,0.000,0.700
202000,0.270,0.000,0.730
202500,0.257,0.000,0.743
203000,0.255,0.000,0.746
203500,0.342,0.000,0.658
204000,0.167,0.000,0.833
204500,0.284,0.000,0.716
205000,0.288,0.000,0.712
205500,0.329,0.000,0.671
206000,0.287,0.000,0.713
206500,0.246,0.004,0.751
207000,0.298,0.001,0.701
207500,0.307,0.000,0.693
208000,0.243,0.000,0.756
208500,0.287,0.000,0.713
209000,0.354,0.000,0.645
209500,0.272,0.000,0.728
210000,0.278,0.000,0.722
210500,0.249,0.000,0.751
211000,0.297,0.000,0.703
211500,0.299,0.000,0.701
212000,0.276,0.000,0.724
212500,0.298,0.004,0.698
213000,0.271,0.001,0.729
213500,0.370,0.000,0.629
214000,0.298,0.000,0.702
214500,0.304,0.000,0.696
215000,0.343,0.000,0.657
215500,0.327,0.000,0.673
216000,0.368,0.000,0.632
216500,0.382,0.000,0.619
217000,0.264,0.000,0.736
217500,0.221,0.000,0.779
218000,0.407,0.000,0.593
218500,0.300,0.000,0.700
219000,0.273,0.000,0.727
219500,0.370,0.000,0.629
220000,0.293,0.000,0.707
220500,0.344,0.000,0.655
221000,0.264,0.000,0.736
221500,0.382,0.000,0.618
222000,0.395,0.000,0.605
222500,0.310,0.000,0.690
223000,0.282,0.000,0.718
223500,0.309,0.000,0.691
224000,0.315,0.000,0.685
224500,0.289,0.000,0.711
225000,0.301,0.001,0.698
225500,0.235,0.000,0.764
226000,0.363,0.000,0.637
226500,0.301,0.000,0.699
227000,0.281,0.000,0.719
227500,0.281,0.000,0.720
228000,0.293,0.000,0.707
228500,0.390,0.000,0.610
229000,0.389,0.000,0.611
229500,0.326,0.000,0.674
230000,0.318,0.000,0.682
230500,0.330,0.000,0.670
231000,0.286,0.000,0.714
231500,0.270,0.000,0.730
232000,0.334,0.000,0.666
232500,0.326,0.000,0.674
233000,0.345,0.000,0.655
233500,0.252,0.000,0.748
234000,0.298,0.000,0.702
234500,0.315,0.000,0.685
235000,0.379,0.000,0.621
235500,0.354,0.000,0.645
236000,0.306,0.000,0.694
236500,0.239,0.000,0.761
237000,0.338,0.000,0.662
237500,0.342,0.000,0.658
238000,0.309,0.000,0.691
238500,0.326,0.000,0.674
239000,0.377,0.000,0.623
239500,0.321,0.000,0.679
240000,0.334,0.000,0.666
240500,0.276,0.000,0.724
241000,0.291,0.000,0.709
241500,0.398,0.000,0.602
242000,0.282,0.000,0.718
242500,0.237,0.001,0.761
243000,0.260,0.001,0.740
243500,0.307,0.000,0.693
244000,0.247,0.000,0.753
244500,0.270,0.000,0.730
245000,0.281,0.000,0.719
245500,0.271,0.000,0.729
246000,0.273,0.000,0.728
246500,0.344,0.000,0.656
247000,0.276,0.000,0.724
247500,0.276,0.000,0.724
248000,0.225,0.000,0.775
248500,0.267,0.000,0.734
249000,0.341,0.000,0.659
249500,0.367,0.000,0.633
250000,0.327,0.000,0.673
250500,0.394,0.000,0.607
251000,0.351,0.000,0.649
251500,0.326,0.000,0.674
252000,0.319,0.000,0.681
252500,0.337,0.000,0.663
253000,0.244,0.000,0.756
253500,0.283,0.002,0.715
254000,0.216,0.000,0.784
254500,0.278,0.000,0.722
255000,0.343,0.000,0.657
255500,0.344,0.000,0.656
256000,0.322,0.000,0.678
256500,0.322,0.000,0.678
257000,0.304,0.000,0.696
257500,0.344,0.000,0.655
258000,0.339,0.000,0.661
258500,0.324,0.000,0.676
259000,0.305,0.000,0.695
259500,0.356,0.000,0.643
260000,0.331,0.000,0.669
260500,0.373,0.000,0.627
261000,0.273,0.000,0.727
261500,0.371,0.000,0.629
262000,0.309,0.000,0.691
262500,0.304,0.000,0.696
263000,0.329,0.000,0.671
263500,0.293,0.000,0.707
264000,0.338,0.000,0.662
264500,0.296,0.000,0.704
265000,0.357,0.000,0.643
265500,0.378,0.000,0.623
266000,0.300,0.000,0.700
266500,0.285,0.000,0.715
267000,0.272,0.000,0.728
267500,0.196,0.000,0.804
268000,0.333,0.000,0.667
268500,0.270,0.000,0.730
269000,0.348,0.000,0.651
269500,0.308,0.000,0.692
270000,0.311,0.000,0.689
270500,0.319,0.000,0.681
271000,0.269,0.000,0.732
271500,0.271,0.000,0.729
272000,0.245,0.000,0.755
272500,0.299,0.000,0.701
273000,0.366,0.000,0.634
273500,0.332,0.000,0.668
274000,0.345,0.000,0.655
274500,0.323,0.000,0.677
275000,0.341,0.000,0.659
275500,0.284,0.000,0.716
276000,0.312,0.000,0.688
276500,0.322,0.000,0.678
277000,0.317,0.000,0.683
277500,0.279,0.000,0.721
278000,0.309,0.000,0.691
278500,0.233,0.008,0.759
279000,0.248,0.000,0.752
279500,0.329,0.000,0.671
280000,0.287,0.000,0.713
280500,0.282,0.000,0.718
281000,0.260,0.003,0.738
281500,0.222,0.000,0.778
282000,0.263,0.000,0.737
282500,0.238,0.001,0.762
283000,0.334,0.000,0.666
283500,0.275,0.000,0.726
284000,0.310,0.000,0.690
284500,0.314,0.000,0.686
285000,0.359,0.000,0.641
285500,0.296,0.000,0.704
286000,0.302,0.000,0.698
286500,0.320,0.000,0.680
287000,0.234,0.000,0.766
287500,0.351,0.000,0.649
288000,0.303,0.000,0.697
288500,0.333,0.000,0.667
289000,0.318,0.000,0.682
289500,0.241,0.000,0.758
290000,0.283,0.000,0.717
290500,0.292,0.000,0.708
291000,0.332,0.000,0.668
291500,0.303,0.000,0.697
292000,0.296,0.000,0.704
292500,0.261,0.000,0.739
293000,0.317,0.000,0.683
293500,0.286,0.000,0.714
294000,0.308,0.000,0.692
294500,0.293,0.000,0.707
295000,0.282,0.000,0.718
295500,0.309,0.000,0.691
296000,0.318,0.000,0.682
296500,0.305,0.000,0.695
297000,0.312,0.000,0.688
297500,0.311,0.000,0.689
298000,0.325,0.000,0.675
298500,0.271,0.000,0.729
299000,0.300,0.000,0.700
299500,0.254,0.000,0.746
300000,0.271,0.000,0.730
300500,0.264,0.000,0.736
301000,0.340,0.000,0.660
301500,0.346,0.000,0.654
302000,0.299,0.000,0.701
302500,0.307,0.000,0.693
303000,0.287,0.000,0.713
303500,0.321,0.000,0.679
304000,0.292,0.001,0.708
304500,0.313,0.000,0.687
305000,0.420,0.000,0.580
305500,0.323,0.000,0.677
306000,0.300,0.000,0.700
306500,0.297,0.000,0.703
307000,0.313,0.000,0.687
307500,0.317,0.000,0.683
308000,0.288,0.000,0.712
308500,0.295,0.000,0.705
309000,0.220,0.000,0.780
309500,0.327,0.000,0.673
310000,0.332,0.000,0.668
310500,0.296,0.000,0.704
311000,0.253,0.000,0.747
311500,0.269,0.000,0.732
312000,0.310,0.000,0.690
312500,0.301,0.005,0.693
313000,0.356,0.001,0.644
313500,0.330,0.000,0.670
314000,0.254,0.000,0.746
314500,0.416,0.000,0.584
315000,0.342,0.000,0.658
315500,0.358,0.000,0.642
316000,0.347,0.000,0.653
316500,0.293,0.000,0.707
317000,0.228,0.000,0.772
317500,0.276,0.000,0.724
318000,0.319,0.000,0.681
318500,0.370,0.000,0.630
319000,0.295,0.000,0.705
319500,0.281,0.000,0.720
320000,0.237,0.000,0.763
320500,0.258,0.000,0.742
321000,0.279,0.000,0.721
321500,0.222,0.000,0.778
322000,0.251,0.000,0.749
322500,0.255,0.000,0.745
323000,0.299,0.000,0.701
323500,0.282,0.000,0.718
324000,0.321,0.000,0.679
324500,0.203,0.000,0.797
325000,0.323,0.000,0.677
325500,0.325,0.000,0.675
326000,0.351,0.000,0.649
326500,0.360,0.000,0.639
327000,0.304,0.000,0.696
327500,0.340,0.000,0.660
328000,0.273,0.000,0.728
328500,0.316,0.000,0.684
329000,0.261,0.006,0.733
329500,0.270,0.001,0.730
330000,0.441,0.000,0.559
330500,0.358,0.000,0.641
331000,0.381,0.000,0.619
331500,0.343,0.000,0.657
332000,0.359,0.000,0.641
332500,0.331,0.000,0.669
333000,0.339,0.000,0.661
333500,0.338,0.000,0.662
334000,0.271,0.000,0.730
334500,0.331,0.000,0.669
335000,0.302,0.000,0.698
335500,0.330,0.000,0.670
336000,0.299,0.000,0.701
336500,0.263,0.000,0.737
337000,0.384,0.000,0.617
337500,0.282,0.000,0.718
338000,0.300,0.000,0.700
338500,0.261,0.000,0.739
339000,0.336,0.000,0.664
339500,0.315,0.000,0.685
340000,0.339,0.000,0.661
340500,0.288,0.000,0.712
341000,0.340,0.000,0.660
341500,0.290,0.000,0.710
342000,0.257,0.000,0.744
342500,0.285,0.000,0.715
343000,0.285,0.000,0.715
343500,0.288,0.000,0.712
344000,0.342,0.000,0.658
344500,0.238,0.000,0.762
345000,0.249,0.000,0.750
345500,0.277,0.000,0.723
346000,0.316,0.000,0.684
346500,0.344,0.000,0.656
347000,0.350,0.000,0.649
347500,0.287,0.000,0.713
348000,0.267,0.000,0.734
348500,0.316,0.000,0.684
349000,0.315,0.000,0.685
349500,0.349,0.000,0.651
350000,0.294,0.000,0.706
350500,0.225,0.000,0.775
351000,0.253,0.000,0.747
351500,0.335,0.000,0.665
352000,0.271,0.000,0.729
352500,0.294,0.000,0.706
353000,0.269,0.000,0.731
353500,0.254,0.000,0.746
354000,0.241,0.000,0.758
354500,0.294,0.000,0.706
355000,0.283,0.000,0.717
355500,0.306,0.000,0.694
356000,0.352,0.000,0.647
356500,0.312,0.000,0.688
357000,0.337,0.000,0.663
357500,0.317,0.000,0.683
358000,0.326,0.000,0.674
358500,0.320,0.000,0.680
359000,0.262,0.000,0.738
359500,0.327,0.000,0.673
360000,0.336,0.000,0.664
360500,0.357,0.000,0.643
361000,0.331,0.000,0.669
361500,0.284,0.000,0.716
362000,0.251,0.000,0.750
362500,0.292,0.000,0.708
363000,0.266,0.000,0.734
363500,0.248,0.000,0.752
364000,0.293,0.000,0.707
364500,0.327,0.000,0.673
365000,0.277,0.000,0.724
365500,0.292,0.000,0.708
366000,0.308,0.000,0.692
366500,0.258,0.000,0.742
367000,0.273,0.000,0.728
367500,0.337,0.000,0.663
368000,0.369,0.000,0.631
368500,0.311,0.000,0.689
369000,0.331,0.000,0.669
369500,0.318,0.000,0.682
370000,0.225,0.000,0.775
370500,0.282,0.000,0.718
371000,0.349,0.000,0.651
371500,0.297,0.000,0.703
372000,0.251,0.000,0.749
372500,0.226,0.000,0.774
373000,0.298,0.000,0.702
373500,0.282,0.000,0.718
374000,0.283,0.000,0.717
374500,0.264,0.000,0.736
375000,0.361,0.000,0.639
375500,0.297,0.000,0.703
376000,0.281,0.000,0.720
376500,0.321,0.000,0.679
377000,0.298,0.000,0.702
377500,0.270,0.000,0.730
378000,0.296,0.000,0.704
378500,0.259,0.000,0.742
379000,0.302,0.001,0.697
379500,0.263,0.009,0.729
380000,0.316,0.000,0.684
380500,0.294,0.000,0.706
381000,0.272,0.000,0.728
381500,0.247,0.000,0.752
382000,0.255,0.000,0.746
382500,0.249,0.000,0.751
383000,0.302,0.000,0.698
383500,0.283,0.000,0.717
384000,0.364,0.000,0.636
384500,0.272,0.000,0.728
385000,0.311,0.000,0.689
385500,0.230,0.000,0.770
386000,0.306,0.000,0.694
386500,0.310,0.000,0.690
387000,0.291,0.000,0.709
387500,0.299,0.000,0.701
388000,0.365,0.000,0.635
388500,0.282,0.000,0.718
389000,0.331,0.000,0.669
389500,0.281,0.000,0.719
390000,0.200,0.004,0.797
390500,0.311,0.001,0.688
391000,0.350,0.000,0.649
391500,0.369,0.000,0.631
392000,0.369,0.000,0.631
392500,0.278,0.000,0.722
393000,0.319,0.000,0.681
393500,0.243,0.000,0.757
394000,0.267,0.000,0.733
394500,0.397,0.000,0.603
395000,0.308,0.000,0.692
395500,0.268,0.000,0.732
396000,0.306,0.000,0.694
396500,0.229,0.000,0.771
397000,0.230,0.000,0.770
397500,0.269,0.000,0.731
398000,0.235,0.000,0.764
398500,0.326,0.000,0.674
399000,0.338,0.000,0.662
399500,0.298,0.000,0.702
400000,0.287,0.000,0.713
400500,0.285,0.000,0.715
401000,0.298,0.000,0.702
401500,0.342,0.003,0.656
402000,0.273,0.000,0.728
402500,0.288,0.000,0.712
403000,0.398,0.000,0.603
403500,0.307,0.000,0.693
404000,0.338,0.000,0.662
404500,0.337,0.000,0.663
405000,0.293,0.000,0.707
405500,0.293,0.000,0.707
406000,0.218,0.000,0.782
406500,0.341,0.003,0.657
407000,0.300,0.000,0.700
407500,0.269,0.000,0.731
408000,0.250,0.000,0.750
408500,0.288,0.000,0.712
409000,0.305,0.000,0.695
409500,0.263,0.000,0.737
410000,0.234,0.000,0.766
410500,0.319,0.000,0.681
411000,0.326,0.000,0.674
411500,0.265,0.000,0.735
412000,0.239,0.000,0.761
412500,0.289,0.000,0.711
413000,0.328,0.000,0.672
413500,0.351,0.000,0.649
414000,0.354,0.000,0.646
414500,0.318,0.000,0.682
415000,0.319,0.000,0.681
415500,0.360,0.000,0.640
416000,0.331,0.000,0.669
416500,0.306,0.000,0.694
417000,0.388,0.000,0.613
417500,0.348,0.000,0.652
418000,0.350,0.000,0.650
418500,0.255,0.000,0.746
419000,0.278,0.000,0.722
419500,0.257,0.000,0.744
420000,0.281,0.000,0.719
420500,0.266,0.000,0.734
421000,0.341,0.002,0.658
421500,0.377,0.001,0.623
422000,0.387,0.000,0.613
422500,0.302,0.000,0.698
423000,0.382,0.000,0.618
423500,0.283,0.000,0.717
424000,0.273,0.000,0.727
424500,0.298,0.000,0.702
425000,0.333,0.000,0.667
425500,0.323,0.000,0.677
426000,0.309,0.000,0.691
426500,0.249,0.000,0.750
427000,0.295,0.000,0.705
427500,0.287,0.000,0.713
428000,0.304,0.000,0.696
428500,0.309,0.000,0.691
429000,0.256,0.000,0.744
429500,0.308,0.000,0.692
430000,0.350,0.004,0.646
430500,0.364,0.001,0.634
431000,0.259,0.000,0.742
431500,0.261,0.000,0.740
432000,0.373,0.000,0.627
432500,0.288,0.000,0.712
433000,0.317,0.000,0.683
433500,0.370,0.000,0.630
434000,0.321,0.000,0.679
434500,0.309,0.000,0.691
435000,0.352,0.000,0.648
435500,0.316,0.000,0.684
436000,0.382,0.000,0.619
436500,0.338,0.000,0.662
437000,0.277,0.002,0.722
437500,0.289,0.001,0.710
438000,0.223,0.000,0.777
438500,0.311,0.000,0.689
439000,0.305,0.000,0.695
439500,0.302,0.000,0.698
440000,0.284,0.000,0.716
440500,0.241,0.000,0.759
441000,0.320,0.000,0.680
441500,0.347,0.000,0.653
442000,0.328,0.000,0.672
442500,0.355,0.000,0.645
443000,0.252,0.000,0.748
443500,0.257,0.000,0.743
444000,0.234,0.000,0.766
444500,0.259,0.000,0.741
445000,0.315,0.000,0.685
445500,0.291,0.000,0.709
446000,0.314,0.000,0.686
446500,0.323,0.000,0.677
447000,0.328,0.000,0.672
447500,0.277,0.000,0.724
448000,0.262,0.002,0.736
448500,0.318,0.000,0.682
449000,0.287,0.000,0.713
449500,0.282,0.000,0.718
450000,0.252,0.007,0.741
450500,0.288,0.000,0.712
451000,0.260,0.000,0.740
451500,0.264,0.000,0.736
452000,0.371,0.000,0.629
452500,0.361,0.000,0.639
453000,0.336,0.000,0.664
453500,0.295,0.000,0.705
454000,0.246,0.000,0.754
454500,0.305,0.000,0.695
455000,0.322,0.000,0.678
455500,0.384,0.000,0.616
456000,0.336,0.000,0.664
456500,0.304,0.000,0.696
457000,0.269,0.000,0.732
457500,0.313,0.000,0.687
458000,0.304,0.000,0.696
458500,0.370,0.000,0.630
459000,0.294,0.000,0.706
459500,0.353,0.000,0.647
460000,0.342,0.000,0.658
460500,0.295,0.000,0.705
461000,0.336,0.000,0.664
461500,0.312,0.000,0.688
462000,0.337,0.000,0.663
462500,0.329,0.000,0.671
463000,0.274,0.000,0.726
463500,0.267,0.000,0.734
464000,0.383,0.000,0.617
464500,0.339,0.000,0.661
465000,0.271,0.000,0.729
465500,0.303,0.000,0.697
466000,0.246,0.000,0.754
466500,0.300,0.000,0.700
467000,0.383,0.000,0.617
467500,0.366,0.000,0.634
468000,0.285,0.000,0.715
468500,0.347,0.000,0.653
469000,0.290,0.000,0.710
469500,0.339,0.000,0.661
470000,0.300,0.000,0.700
470500,0.327,0.000,0.673
471000,0.347,0.000,0.653
471500,0.332,0.000,0.668
472000,0.377,0.000,0.623
472500,0.328,0.000,0.672
473000,0.302,0.000,0.698
473500,0.316,0.000,0.684
474000,0.270,0.000,0.730
474500,0.276,0.000,0.724
475000,0.332,0.000,0.668
475500,0.274,0.000,0.726
476000,0.358,0.000,0.641
476500,0.319,0.000,0.681
477000,0.291,0.000,0.709
477500,0.355,0.000,0.645
478000,0.350,0.000,0.649
478500,0.287,0.000,0.713
479000,0.336,0.001,0.664
479500,0.294,0.000,0.706
480000,0.340,0.000,0.660
480500,0.308,0.000,0.692
481000,0.422,0.000,0.578
481500,0.271,0.000,0.730
482000,0.278,0.000,0.722
482500,0.316,0.006,0.678
483000,0.233,0.003,0.764
483500,0.278,0.000,0.722
484000,0.272,0.000,0.728
484500,0.369,0.000,0.631
485000,0.317,0.000,0.683
485500,0.237,0.000,0.762
486000,0.255,0.000,0.746
486500,0.292,0.002,0.706
487000,0.294,0.000,0.706
487500,0.346,0.000,0.654
488000,0.325,0.000,0.675
488500,0.333,0.000,0.667
489000,0.320,0.000,0.680
489500,0.342,0.000,0.658
490000,0.331,0.000,0.669
490500,0.284,0.000,0.716
491000,0.289,0.000,0.711
491500,0.367,0.000,0.633
492000,0.272,0.000,0.728
492500,0.280,0.000,0.720
493000,0.381,0.000,0.619
493500,0.361,0.000,0.639
494000,0.235,0.006,0.758
494500,0.301,0.000,0.699
495000,0.415,0.000,0.585
495500,0.321,0.000,0.679
496000,0.352,0.000,0.648
496500,0.404,0.000,0.596
497000,0.450,0.000,0.550
497500,0.401,0.000,0.599
498000,0.332,0.000,0.668
498500,0.301,0.000,0.699
499000,0.297,0.000,0.703
499500,0.294,0.000,0.706
500000,0.339,0.000,0.661
500500,0.284,0.000,0.716
501000,0.301,0.000,0.699
501500,0.308,0.000,0.692
502000,0.300,0.000,0.700
502500,0.332,0.000,0.668
503000,0.380,0.000,0.621
503500,0.278,0.000,0.722
504000,0.348,0.000,0.652
504500,0.253,0.000,0.747
505000,0.286,0.000,0.714
505500,0.268,0.000,0.732
506000,0.259,0.004,0.738
506500,0.310,0.001,0.690
507000,0.267,0.000,0.734
507500,0.284,0.000,0.716
508000,0.323,0.000,0.677
508500,0.265,0.006,0.729
509000,0.338,0.001,0.661
509500,0.351,0.000,0.649
510000,0.367,0.000,0.633
510500,0.419,0.000,0.581
511000,0.386,0.000,0.615
511500,0.353,0.000,0.647
512000,0.327,0.000,0.673
512500,0.308,0.000,0.692
513000,0.337,0.000,0.663
513500,0.278,0.000,0.722
514000,0.291,0.000,0.709
514500,0.315,0.000,0.685
515000,0.312,0.000,0.688
515500,0.234,0.000,0.766
516000,0.334,0.000,0.666
516500,0.276,0.000,0.724
517000,0.263,0.000,0.737
517500,0.278,0.000,0.722
518000,0.307,0.000,0.693
518500,0.257,0.000,0.743
519000,0.232,0.000,0.768
519500,0.302,0.000,0.698
520000,0.260,0.000,0.740
520500,0.300,0.000,0.700
521000,0.359,0.000,0.641
521500,0.334,0.000,0.666
522000,0.305,0.000,0.695
522500,0.319,0.000,0.681
523000,0.280,0.000,0.720
523500,0.313,0.002,0.686
524000,0.301,0.001,0.698
524500,0.312,0.000,0.688
525000,0.349,0.000,0.651
525500,0.344,0.000,0.656
526000,0.329,0.000,0.671
526500,0.314,0.000,0.686
527000,0.277,0.000,0.724
527500,0.350,0.000,0.650
528000,0.311,0.000,0.689
528500,0.372,0.000,0.627
529000,0.330,0.000,0.670
529500,0.278,0.000,0.722
530000,0.307,0.000,0.693
530500,0.286,0.000,0.714
531000,0.291,0.000,0.709
531500,0.341,0.000,0.659
532000,0.271,0.000,0.729
532500,0.348,0.000,0.651
533000,0.306,0.000,0.694
533500,0.255,0.000,0.745
534000,0.285,0.000,0.715
534500,0.355,0.000,0.645
535000,0.324,0.000,0.676
535500,0.407,0.000,0.593
536000,0.374,0.000,0.626
536500,0.284,0.000,0.716
537000,0.302,0.000,0.698
537500,0.255,0.000,0.745
538000,0.379,0.000,0.621
538500,0.280,0.000,0.720
539000,0.350,0.000,0.650
539500,0.308,0.002,0.690
540000,0.269,0.003,0.728
540500,0.254,0.000,0.746
541000,0.333,0.000,0.667
541500,0.271,0.000,0.730
542000,0.306,0.000,0.694
542500,0.309,0.000,0.691
543000,0.243,0.000,0.756
543500,0.286,0.000,0.714
544000,0.356,0.000,0.643
544500,0.335,0.000,0.665
545000,0.308,0.000,0.692
545500,0.337,0.000,0.663
546000,0.337,0.000,0.663
546500,0.282,0.000,0.718
547000,0.309,0.000,0.691
547500,0.298,0.000,0.702
548000,0.257,0.000,0.743
548500,0.221,0.000,0.779
549000,0.264,0.000,0.736
549500,0.280,0.000,0.720
550000,0.343,0.000,0.657
550500,0.311,0.000,0.689
551000,0.232,0.000,0.768
551500,0.340,0.000,0.660
552000,0.334,0.000,0.666
552500,0.303,0.000,0.697
553000,0.258,0.000,0.742
553500,0.310,0.000,0.690
554000,0.286,0.000,0.714
554500,0.378,0.000,0.622
555000,0.283,0.000,0.717
555500,0.339,0.000,0.661
556000,0.383,0.000,0.617
556500,0.366,0.000,0.634
557000,0.292,0.000,0.708
557500,0.293,0.000,0.707
558000,0.320,0.000,0.680
558500,0.354,0.000,0.646
559000,0.270,0.000,0.730
559500,0.243,0.000,0.756
560000,0.348,0.000,0.652
560500,0.290,0.000,0.710
561000,0.314,0.000,0.686
561500,0.294,0.000,0.706
562000,0.311,0.000,0.689
562500,0.257,0.000,0.743
563000,0.305,0.002,0.694
563500,0.305,0.000,0.695
564000,0.280,0.000,0.720
564500,0.364,0.000,0.635
565000,0.296,0.000,0.704
565500,0.344,0.000,0.656
566000,0.283,0.000,0.717
566500,0.313,0.000,0.687
567000,0.294,0.000,0.706
567500,0.317,0.000,0.683
568000,0.315,0.000,0.685
568500,0.351,0.000,0.649
569000,0.335,0.000,0.665
569500,0.312,0.000,0.688
570000,0.245,0.000,0.754
570500,0.289,0.000,0.711
571000,0.270,0.000,0.730
571500,0.295,0.000,0.705
572000,0.251,0.000,0.750
572500,0.272,0.000,0.728
573000,0.261,0.000,0.739
573500,0.293,0.000,0.707
574000,0.290,0.000,0.710
574500,0.263,0.000,0.737
575000,0.268,0.000,0.732
575500,0.357,0.000,0.643
576000,0.281,0.000,0.719
576500,0.339,0.000,0.661
577000,0.279,0.000,0.721
577500,0.317,0.000,0.683
578000,0.238,0.000,0.762
578500,0.298,0.000,0.702
579000,0.336,0.000,0.664
579500,0.374,0.000,0.625
580000,0.364,0.000,0.636
580500,0.302,0.000,0.698
581000,0.329,0.000,0.671
581500,0.320,0.000,0.680
582000,0.337,0.000,0.663
582500,0.284,0.000,0.716
583000,0.341,0.000,0.659
583500,0.280,0.000,0.720
584000,0.291,0.000,0.709
584500,0.329,0.000,0.671
585000,0.287,0.000,0.713
585500,0.271,0.000,0.730
586000,0.281,0.000,0.720
586500,0.266,0.000,0.734
587000,0.272,0.000,0.728
587500,0.347,0.000,0.653
588000,0.321,0.000,0.679
588500,0.379,0.000,0.621
589000,0.300,0.000,0.700
589500,0.284,0.000,0.716
590000,0.211,0.000,0.788
590500,0.245,0.000,0.754
591000,0.333,0.000,0.667
591500,0.277,0.000,0.723
592000,0.287,0.000,0.713
592500,0.367,0.000,0.633
593000,0.302,0.000,0.698
593500,0.320,0.000,0.680
594000,0.312,0.000,0.688
594500,0.387,0.000,0.613
595000,0.336,0.000,0.664
595500,0.321,0.000,0.679
596000,0.260,0.000,0.740
596500,0.237,0.000,0.763
597000,0.337,0.000,0.663
597500,0.294,0.000,0.706
598000,0.288,0.000,0.712
598500,0.232,0.000,0.768
599000,0.365,0.000,0.635
599500,0.286,0.000,0.714
600000,0.292,0.000,0.708
600500,0.309,0.000,0.691
601000,0.303,0.000,0.697
601500,0.305,0.000,0.695
602000,0.288,0.000,0.712
602500,0.253,0.000,0.748
603000,0.271,0.000,0.730
603500,0.341,0.000,0.659
604000,0.321,0.000,0.679
604500,0.324,0.000,0.676
605000,0.260,0.000,0.740
605500,0.318,0.000,0.682
606000,0.284,0.000,0.716
606500,0.310,0.000,0.690
607000,0.344,0.000,0.655
607500,0.265,0.000,0.736
608000,0.288,0.000,0.712
608500,0.260,0.000,0.740
609000,0.312,0.000,0.688
609500,0.209,0.001,0.789
610000,0.244,0.000,0.756
610500,0.370,0.000,0.629
611000,0.342,0.000,0.658
611500,0.290,0.000,0.710
612000,0.350,0.000,0.649
612500,0.340,0.000,0.660
613000,0.268,0.000,0.732
613500,0.260,0.000,0.740
614000,0.271,0.000,0.730
614500,0.304,0.000,0.696
615000,0.330,0.000,0.670
615500,0.368,0.000,0.632
616000,0.363,0.000,0.637
616500,0.242,0.000,0.758
617000,0.247,0.000,0.753
617500,0.312,0.000,0.688
618000,0.342,0.000,0.658
618500,0.327,0.000,0.673
619000,0.371,0.000,0.629
619500,0.324,0.000,0.676
620000,0.330,0.000,0.670
620500,0.301,0.000,0.699
621000,0.329,0.000,0.671
621500,0.284,0.000,0.716
622000,0.273,0.000,0.728
622500,0.353,0.000,0.647
623000,0.382,0.000,0.619
623500,0.317,0.000,0.683
624000,0.296,0.000,0.704
624500,0.273,0.000,0.728
625000,0.285,0.000,0.715
625500,0.360,0.000,0.639
626000,0.365,0.000,0.635
626500,0.266,0.000,0.734
627000,0.313,0.000,0.687
627500,0.238,0.000,0.762
628000,0.288,0.000,0.712
628500,0.307,0.000,0.693
629000,0.248,0.007,0.745
629500,0.298,0.001,0.701
630000,0.266,0.001,0.734
630500,0.276,0.000,0.724
631000,0.235,0.000,0.764
631500,0.282,0.000,0.718
632000,0.371,0.000,0.629
632500,0.335,0.000,0.665
633000,0.358,0.000,0.641
633500,0.365,0.000,0.635
634000,0.338,0.000,0.662
634500,0.354,0.000,0.645
635000,0.315,0.000,0.685
635500,0.329,0.000,0.671
636000,0.338,0.000,0.662
636500,0.334,0.000,0.666
637000,0.349,0.000,0.651
637500,0.319,0.000,0.681
638000,0.281,0.000,0.719
638500,0.257,0.000,0.743
639000,0.287,0.000,0.713
639500,0.212,0.000,0.787
640000,0.336,0.000,0.664
640500,0.392,0.000,0.608
641000,0.435,0.000,0.565
641500,0.334,0.000,0.666
642000,0.272,0.005,0.723
642500,0.286,0.000,0.714
643000,0.285,0.000,0.715
643500,0.245,0.000,0.754
644000,0.321,0.000,0.679
644500,0.359,0.000,0.641
645000,0.415,0.000,0.585
645500,0.385,0.000,0.615
646000,0.385,0.000,0.615
646500,0.271,0.000,0.730
647000,0.307,0.000,0.693
647500,0.326,0.000,0.674
648000,0.399,0.000,0.601
648500,0.263,0.000,0.737
649000,0.317,0.000,0.683
649500,0.247,0.000,0.753
650000,0.310,0.000,0.690
650500,0.267,0.000,0.734
651000,0.246,0.000,0.754
651500,0.252,0.009,0.739
652000,0.281,0.001,0.718
652500,0.275,0.000,0.725
653000,0.353,0.000,0.647
653500,0.298,0.000,0.702
654000,0.335,0.000,0.665
654500,0.312,0.000,0.688
655000,0.258,0.000,0.742
655500,0.381,0.000,0.619
656000,0.347,0.000,0.653
656500,0.322,0.000,0.678
657000,0.260,0.000,0.740
657500,0.340,0.000,0.660
658000,0.290,0.000,0.710
658500,0.299,0.001,0.700
659000,0.362,0.000,0.638
659500,0.298,0.000,0.702
660000,0.333,0.000,0.667
660500,0.336,0.000,0.664
661000,0.259,0.000,0.742
661500,0.251,0.000,0.749
662000,0.218,0.000,0.782
662500,0.228,0.009,0.763
663000,0.261,0.005,0.735
663500,0.255,0.001,0.745
664000,0.197,0.000,0.803
664500,0.381,0.000,0.619
665000,0.379,0.000,0.621
665500,0.320,0.000,0.680
666000,0.305,0.000,0.695
666500,0.377,0.000,0.623
667000,0.262,0.000,0.738
667500,0.396,0.000,0.605
668000,0.334,0.000,0.666
668500,0.365,0.000,0.635
669000,0.278,0.000,0.722
669500,0.265,0.000,0.735
670000,0.294,0.000,0.706
670500,0.278,0.000,0.722
671000,0.344,0.000,0.656
671500,0.374,0.000,0.626
672000,0.290,0.000,0.710
672500,0.265,0.000,0.735
673000,0.229,0.002,0.769
673500,0.318,0.000,0.682
674000,0.293,0.000,0.707
674500,0.246,0.000,0.754
675000,0.247,0.000,0.752
675500,0.281,0.000,0.719
676000,0.275,0.000,0.725
676500,0.274,0.000,0.726
677000,0.319,0.000,0.681
677500,0.302,0.000,0.698
678000,0.352,0.000,0.648
678500,0.344,0.000,0.656
679000,0.290,0.000,0.710
679500,0.234,0.000,0.766
680000,0.288,0.002,0.710
680500,0.290,0.000,0.710
681000,0.270,0.000,0.730
681500,0.314,0.000,0.686
682000,0.274,0.005,0.721
682500,0.327,0.001,0.673
683000,0.279,0.000,0.721
683500,0.277,0.002,0.722
684000,0.281,0.000,0.719
684500,0.289,0.000,0.711
685000,0.294,0.000,0.706
685500,0.323,0.000,0.677
686000,0.291,0.000,0.709
686500,0.272,0.000,0.728
687000,0.296,0.000,0.704
687500,0.290,0.000,0.710
688000,0.317,0.000,0.683
688500,0.293,0.001,0.707
689000,0.330,0.000,0.670
689500,0.423,0.000,0.577
690000,0.338,0.000,0.662
690500,0.347,0.000,0.653
691000,0.357,0.000,0.643
691500,0.335,0.000,0.665
692000,0.317,0.000,0.683
692500,0.297,0.000,0.703
693000,0.286,0.000,0.714
693500,0.314,0.000,0.686
694000,0.305,0.000,0.695
694500,0.244,0.000,0.756
695000,0.246,0.000,0.754
695500,0.248,0.000,0.752
696000,0.222,0.000,0.778
696500,0.266,0.000,0.734
697000,0.368,0.000,0.632
697500,0.357,0.000,0.643
698000,0.313,0.000,0.687
698500,0.320,0.000,0.680
699000,0.256,0.000,0.744
699500,0.258,0.000,0.742
700000,0.322,0.000,0.678
700500,0.317,0.000,0.683
701000,0.361,0.000,0.639
701500,0.284,0.000,0.716
702000,0.241,0.007,0.751
702500,0.192,0.001,0.808
703000,0.280,0.000,0.720
703500,0.284,0.000,0.716
704000,0.379,0.000,0.621
704500,0.368,0.000,0.631
705000,0.330,0.000,0.670
705500,0.313,0.000,0.687
706000,0.346,0.000,0.654
706500,0.350,0.000,0.649
707000,0.353,0.000,0.647
707500,0.289,0.000,0.711
708000,0.320,0.000,0.680
708500,0.294,0.000,0.706
709000,0.353,0.000,0.647
709500,0.280,0.001,0.720
710000,0.333,0.000,0.667
710500,0.254,0.000,0.746
711000,0.260,0.000,0.740
711500,0.301,0.000,0.699
712000,0.218,0.000,0.781
712500,0.270,0.000,0.730
713000,0.286,0.000,0.714
713500,0.334,0.000,0.666
714000,0.242,0.000,0.758
714500,0.241,0.000,0.758
715000,0.296,0.000,0.704
715500,0.325,0.000,0.675
716000,0.259,0.000,0.742
716500,0.291,0.000,0.709
717000,0.231,0.000,0.769
717500,0.241,0.000,0.758
718000,0.312,0.000,0.688
718500,0.291,0.000,0.709
719000,0.299,0.000,0.701
719500,0.256,0.000,0.744
720000,0.287,0.000,0.713
720500,0.341,0.000,0.659
721000,0.331,0.000,0.669
721500,0.360,0.000,0.639
722000,0.288,0.000,0.712
722500,0.275,0.000,0.726
723000,0.308,0.000,0.692
723500,0.331,0.000,0.669
724000,0.291,0.000,0.709
724500,0.293,0.000,0.707
725000,0.338,0.000,0.662
725500,0.339,0.000,0.661
726000,0.353,0.000,0.647
726500,0.257,0.000,0.743
727000,0.271,0.000,0.729
727500,0.248,0.000,0.752
728000,0.290,0.000,0.710
728500,0.273,0.000,0.728
729000,0.267,0.000,0.733
729500,0.277,0.000,0.723
730000,0.292,0.000,0.708
730500,0.370,0.000,0.629
731000,0.330,0.000,0.670
731500,0.272,0.004,0.724
732000,0.239,0.001,0.759
732500,0.329,0.000,0.671
733000,0.324,0.000,0.676
733500,0.309,0.000,0.691
734000,0.327,0.000,0.673
734500,0.350,0.000,0.650
735000,0.297,0.000,0.703
735500,0.259,0.000,0.742
736000,0.387,0.000,0.613
736500,0.265,0.000,0.735
737000,0.259,0.000,0.741
737500,0.278,0.004,0.718
738000,0.259,0.000,0.741
738500,0.287,0.000,0.713
739000,0.275,0.000,0.725
739500,0.254,0.000,0.746
740000,0.342,0.000,0.658
740500,0.334,0.000,0.666
741000,0.340,0.000,0.660
741500,0.284,0.000,0.716
742000,0.336,0.000,0.664
742500,0.301,0.000,0.699
743000,0.341,0.000,0.659
743500,0.393,0.000,0.607
744000,0.380,0.000,0.621
744500,0.358,0.000,0.642
745000,0.292,0.000,0.708
745500,0.356,0.000,0.643
746000,0.320,0.000,0.680
746500,0.313,0.000,0.687
747000,0.300,0.000,0.700
747500,0.356,0.000,0.643
748000,0.281,0.000,0.719
748500,0.259,0.000,0.742
749000,0.251,0.000,0.749
749500,0.255,0.000,0.746
750000,0.210,0.007,0.782
750500,0.285,0.000,0.715
751000,0.283,0.000,0.717
751500,0.295,0.003,0.702
752000,0.288,0.000,0.712
752500,0.284,0.000,0.716
753000,0.266,0.000,0.734
753500,0.254,0.000,0.746
754000,0.281,0.000,0.720
754500,0.387,0.000,0.613
755000,0.272,0.000,0.728
755500,0.367,0.000,0.633
756000,0.321,0.000,0.679
756500,0.319,0.000,0.681
757000,0.313,0.000,0.687
757500,0.338,0.000,0.662
758000,0.394,0.000,0.607
758500,0.302,0.000,0.698
759000,0.376,0.000,0.625
759500,0.347,0.000,0.653
760000,0.407,0.000,0.593
760500,0.391,0.000,0.609
761000,0.317,0.000,0.683
761500,0.265,0.000,0.736
762000,0.268,0.000,0.732
762500,0.236,0.009,0.755
763000,0.307,0.001,0.692
763500,0.255,0.000,0.745
764000,0.284,0.000,0.716
764500,0.328,0.000,0.672
765000,0.332,0.000,0.668
765500,0.312,0.000,0.688
766000,0.267,0.000,0.733
766500,0.304,0.000,0.696
767000,0.301,0.000,0.699
767500,0.315,0.000,0.685
768000,0.271,0.006,0.723
768500,0.294,0.000,0.706
769000,0.326,0.000,0.674
769500,0.296,0.000,0.704
770000,0.304,0.000,0.696
770500,0.333,0.000,0.667
771000,0.323,0.000,0.677
771500,0.244,0.000,0.756
772000,0.249,0.001,0.750
772500,0.294,0.000,0.706
773000,0.295,0.000,0.705
773500,0.364,0.000,0.635
774000,0.300,0.000,0.700
774500,0.275,0.000,0.725
775000,0.227,0.000,0.773
775500,0.269,0.000,0.731
776000,0.215,0.002,0.782
776500,0.277,0.000,0.723
777000,0.288,0.000,0.712
777500,0.282,0.000,0.718
778000,0.307,0.000,0.693
778500,0.256,0.000,0.744
779000,0.296,0.000,0.704
779500,0.374,0.000,0.626
780000,0.312,0.000,0.688
780500,0.330,0.007,0.663
781000,0.344,0.001,0.656
781500,0.286,0.000,0.714
782000,0.286,0.000,0.714
782500,0.309,0.000,0.691
783000,0.277,0.000,0.723
783500,0.247,0.009,0.743
784000,0.320,0.000,0.680
784500,0.313,0.000,0.687
785000,0.256,0.000,0.744
785500,0.229,0.000,0.771
786000,0.235,0.000,0.764
786500,0.271,0.000,0.729
787000,0.281,0.000,0.719
787500,0.295,0.000,0.705
788000,0.341,0.000,0.659
788500,0.331,0.000,0.669
789000,0.333,0.000,0.667
789500,0.326,0.000,0.674
790000,0.370,0.000,0.629
790500,0.334,0.000,0.666
791000,0.350,0.000,0.650
791500,0.303,0.000,0.697
792000,0.305,0.000,0.695
792500,0.284,0.000,0.716
793000,0.310,0.000,0.690
793500,0.228,0.000,0.772
794000,0.221,0.000,0.779
794500,0.326,0.000,0.674
795000,0.295,0.000,0.705
795500,0.284,0.000,0.716
796000,0.306,0.000,0.694
796500,0.309,0.000,0.691
797000,0.288,0.000,0.712
797500,0.324,0.000,0.676
798000,0.348,0.000,0.652
798500,0.359,0.000,0.641
799000,0.412,0.000,0.588
799500,0.282,0.000,0.718
800000,0.300,0.000,0.700
800500,0.258,0.000,0.742
801000,0.299,0.000,0.701
801500,0.331,0.000,0.669
802000,0.347,0.008,0.645
802500,0.267,0.000,0.734
803000,0.217,0.000,0.782
803500,0.278,0.002,0.721
804000,0.291,0.000,0.709
804500,0.303,0.000,0.697
805000,0.302,0.000,0.698
805500,0.269,0.000,0.731
806000,0.333,0.000,0.667
806500,0.340,0.000,0.660
807000,0.301,0.000,0.699
807500,0.293,0.000,0.707
808000,0.251,0.000,0.750
808500,0.320,0.000,0.680
809000,0.305,0.000,0.695
809500,0.320,0.000,0.680
810000,0.383,0.000,0.617
810500,0.289,0.000,0.711
811000,0.281,0.000,0.720
811500,0.344,0.000,0.656
812000,0.317,0.000,0.683
812500,0.355,0.000,0.645
813000,0.340,0.000,0.660
813500,0.265,0.000,0.735
814000,0.291,0.000,0.709
814500,0.348,0.000,0.652
815000,0.356,0.000,0.644
815500,0.261,0.000,0.740
816000,0.318,0.000,0.682
816500,0.301,0.000,0.699
817000,0.268,0.000,0.732
817500,0.290,0.000,0.710
818000,0.340,0.000,0.660
818500,0.305,0.000,0.695
819000,0.321,0.000,0.679
819500,0.301,0.000,0.699
820000,0.372,0.000,0.628
820500,0.286,0.000,0.714
821000,0.291,0.000,0.709
821500,0.309,0.000,0.691
822000,0.391,0.000,0.609
822500,0.261,0.000,0.740
823000,0.230,0.000,0.770
823500,0.245,0.000,0.755
824000,0.342,0.000,0.658
824500,0.367,0.000,0.633
825000,0.379,0.000,0.621
825500,0.344,0.000,0.656
826000,0.308,0.000,0.692
826500,0.330,0.000,0.670
827000,0.283,0.000,0.717
827500,0.320,0.000,0.680
828000,0.320,0.000,0.680
828500,0.350,0.000,0.649
829000,0.320,0.000,0.680
829500,0.290,0.000,0.710
830000,0.286,0.000,0.714
830500,0.327,0.000,0.673
831000,0.328,0.000,0.672
831500,0.323,0.000,0.677
832000,0.363,0.000,0.637
832500,0.302,0.000,0.698
833000,0.226,0.010,0.764
833500,0.308,0.001,0.691
834000,0.308,0.000,0.692
834500,0.326,0.000,0.674
835000,0.228,0.000,0.772
835500,0.252,0.000,0.748
836000,0.266,0.000,0.734
836500,0.257,0.006,0.737
837000,0.257,0.001,0.743
837500,0.252,0.000,0.748
838000,0.257,0.000,0.744
838500,0.341,0.000,0.659
839000,0.297,0.000,0.703
839500,0.319,0.000,0.681
840000,0.360,0.000,0.640
840500,0.331,0.000,0.669
841000,0.309,0.000,0.691
841500,0.290,0.004,0.705
842000,0.258,0.001,0.742
842500,0.272,0.000,0.728
843000,0.302,0.000,0.698
843500,0.367,0.000,0.633
844000,0.323,0.000,0.677
844500,0.324,0.000,0.676
845000,0.272,0.000,0.728
845500,0.276,0.000,0.724
846000,0.342,0.000,0.658
846500,0.311,0.000,0.689
847000,0.322,0.000,0.678
847500,0.296,0.000,0.704
848000,0.241,0.000,0.758
848500,0.268,0.001,0.731
849000,0.310,0.000,0.690
849500,0.287,0.000,0.713
850000,0.313,0.000,0.687
850500,0.293,0.000,0.707
851000,0.356,0.000,0.643
851500,0.278,0.000,0.722
852000,0.271,0.000,0.729
852500,0.267,0.000,0.734
853000,0.341,0.000,0.659
853500,0.376,0.000,0.624
854000,0.367,0.000,0.633
854500,0.255,0.000,0.746
855000,0.212,0.000,0.787
855500,0.247,0.000,0.753
856000,0.253,0.000,0.747
856500,0.296,0.002,0.702
857000,0.324,0.000,0.676
857500,0.253,0.000,0.748
858000,0.301,0.000,0.699
858500,0.340,0.000,0.660
859000,0.343,0.000,0.657
859500,0.307,0.000,0.693
860000,0.285,0.000,0.715
860500,0.301,0.000,0.699
861000,0.300,0.000,0.700
861500,0.354,0.000,0.646
862000,0.349,0.000,0.651
862500,0.349,0.000,0.651
863000,0.342,0.000,0.658
863500,0.289,0.000,0.711
864000,0.325,0.000,0.675
864500,0.266,0.000,0.734
865000,0.257,0.001,0.742
865500,0.287,0.000,0.713
866000,0.251,0.000,0.750
866500,0.279,0.000,0.722
867000,0.229,0.000,0.771
867500,0.332,0.000,0.668
868000,0.293,0.000,0.707
868500,0.268,0.000,0.732
869000,0.264,0.000,0.736
869500,0.294,0.000,0.706
870000,0.274,0.000,0.726
870500,0.294,0.007,0.699
871000,0.215,0.000,0.785
871500,0.278,0.000,0.722
872000,0.342,0.000,0.658
872500,0.322,0.000,0.678
873000,0.248,0.000,0.752
873500,0.253,0.005,0.742
874000,0.292,0.000,0.708
874500,0.317,0.000,0.683
875000,0.345,0.000,0.655
875500,0.361,0.000,0.639
876000,0.241,0.000,0.758
876500,0.355,0.000,0.645
877000,0.340,0.000,0.660
877500,0.323,0.000,0.677
878000,0.271,0.000,0.729
878500,0.248,0.002,0.750
879000,0.343,0.000,0.657
879500,0.287,0.000,0.713
880000,0.320,0.000,0.680
880500,0.338,0.000,0.662
881000,0.281,0.000,0.719
881500,0.273,0.000,0.727
882000,0.317,0.000,0.683
882500,0.256,0.000,0.744
883000,0.306,0.000,0.694
883500,0.280,0.000,0.720
884000,0.318,0.000,0.682
884500,0.321,0.000,0.679
885000,0.300,0.000,0.700
885500,0.279,0.000,0.722
886000,0.325,0.000,0.675
886500,0.283,0.000,0.717
887000,0.299,0.000,0.701
887500,0.232,0.000,0.768
888000,0.347,0.000,0.653
888500,0.297,0.000,0.703
889000,0.262,0.000,0.738
889500,0.345,0.000,0.655
890000,0.328,0.000,0.672
890500,0.292,0.000,0.708
891000,0.306,0.000,0.694
891500,0.344,0.000,0.656
892000,0.325,0.000,0.675
892500,0.263,0.007,0.730
893000,0.322,0.004,0.674
893500,0.276,0.000,0.724
894000,0.312,0.000,0.688
894500,0.381,0.000,0.619
895000,0.311,0.000,0.689
895500,0.303,0.001,0.696
896000,0.318,0.009,0.672
896500,0.318,0.000,0.682
897000,0.330,0.000,0.670
897500,0.272,0.000,0.728
898000,0.312,0.000,0.688
898500,0.311,0.000,0.689
899000,0.351,0.000,0.649
899500,0.348,0.000,0.652
900000,0.279,0.000,0.721
900500,0.325,0.000,0.675
901000,0.295,0.000,0.705
901500,0.303,0.000,0.697
902000,0.331,0.000,0.669
902500,0.324,0.000,0.676
903000,0.306,0.000,0.694
903500,0.276,0.000,0.724
904000,0.316,0.000,0.684
904500,0.283,0.000,0.717
905000,0.304,0.000,0.696
905500,0.309,0.000,0.691
906000,0.383,0.000,0.617
906500,0.344,0.000,0.655
907000,0.290,0.000,0.710
907500,0.283,0.000,0.717
908000,0.257,0.000,0.744
908500,0.267,0.001,0.733
909000,0.299,0.000,0.701
909500,0.343,0.000,0.657
910000,0.388,0.000,0.613
910500,0.373,0.000,0.627
911000,0.343,0.000,0.657
911500,0.363,0.000,0.637
912000,0.286,0.000,0.714
912500,0.321,0.000,0.679
913000,0.265,0.000,0.735
913500,0.338,0.000,0.662
914000,0.311,0.000,0.689
914500,0.301,0.000,0.699
915000,0.318,0.000,0.682
915500,0.344,0.000,0.656
916000,0.280,0.000,0.720
916500,0.357,0.000,0.643
917000,0.283,0.000,0.717
917500,0.293,0.000,0.707
918000,0.252,0.000,0.748
918500,0.254,0.000,0.746
919000,0.240,0.000,0.760
919500,0.324,0.000,0.676
920000,0.308,0.000,0.692
920500,0.294,0.000,0.706
921000,0.326,0.000,0.674
921500,0.283,0.000,0.717
922000,0.297,0.000,0.703
922500,0.342,0.000,0.658
923000,0.305,0.000,0.695
923500,0.293,0.000,0.707
924000,0.292,0.000,0.708
924500,0.283,0.000,0.717
925000,0.275,0.000,0.726
925500,0.289,0.000,0.711
926000,0.300,0.000,0.700
926500,0.304,0.000,0.696
927000,0.306,0.000,0.694
927500,0.292,0.000,0.708
928000,0.341,0.000,0.659
928500,0.331,0.000,0.669
929000,0.325,0.000,0.675
929500,0.310,0.000,0.690
930000,0.302,0.000,0.698
930500,0.319,0.000,0.681
931000,0.343,0.000,0.657
931500,0.336,0.000,0.664
932000,0.357,0.000,0.643
932500,0.357,0.000,0.643
933000,0.345,0.000,0.655
933500,0.338,0.000,0.662
934000,0.315,0.000,0.685
934500,0.328,0.000,0.672
935000,0.340,0.000,0.660
935500,0.281,0.000,0.719
936000,0.261,0.000,0.739
936500,0.321,0.000,0.679
937000,0.254,0.000,0.746
937500,0.289,0.000,0.711
938000,0.333,0.000,0.667
938500,0.408,0.000,0.592
939000,0.236,0.000,0.764
939500,0.327,0.000,0.673
940000,0.269,0.000,0.732
940500,0.287,0.000,0.713
941000,0.270,0.000,0.730
941500,0.310,0.000,0.690
942000,0.307,0.000,0.693
942500,0.267,0.000,0.733
943000,0.287,0.000,0.713
943500,0.299,0.000,0.701
944000,0.335,0.000,0.665
944500,0.307,0.000,0.693
945000,0.329,0.000,0.671
945500,0.264,0.000,0.736
946000,0.227,0.000,0.773
946500,0.321,0.000,0.679
947000,0.378,0.000,0.623
947500,0.310,0.000,0.690
948000,0.299,0.000,0.701
948500,0.307,0.000,0.693
949000,0.296,0.000,0.704
949500,0.334,0.000,0.666
950000,0.314,0.000,0.686
950500,0.323,0.000,0.677
951000,0.279,0.000,0.722
951500,0.253,0.000,0.747
952000,0.271,0.000,0.730
952500,0.297,0.000,0.703
953000,0.296,0.000,0.704
953500,0.287,0.000,0.713
954000,0.304,0.000,0.696
954500,0.293,0.000,0.707
955000,0.306,0.000,0.694
955500,0.369,0.000,0.631
956000,0.325,0.000,0.675
956500,0.288,0.000,0.712
957000,0.252,0.000,0.748
957500,0.188,0.000,0.812
958000,0.292,0.000,0.708
958500,0.310,0.000,0.690
959000,0.323,0.000,0.677
959500,0.273,0.000,0.727
960000,0.291,0.005,0.704
960500,0.283,0.000,0.717
961000,0.298,0.000,0.702
961500,0.262,0.000,0.738
962000,0.282,0.000,0.718
962500,0.305,0.000,0.695
963000,0.306,0.000,0.694
963500,0.377,0.000,0.623
964000,0.325,0.000,0.675
964500,0.326,0.000,0.674
965000,0.312,0.000,0.688
965500,0.259,0.004,0.737
966000,0.301,0.001,0.698
966500,0.333,0.000,0.667
967000,0.313,0.000,0.687
967500,0.381,0.000,0.619
968000,0.366,0.000,0.633
968500,0.308,0.000,0.692
969000,0.284,0.000,0.716
969500,0.225,0.000,0.775
970000,0.346,0.000,0.653
970500,0.382,0.000,0.619
971000,0.319,0.000,0.681
971500,0.302,0.000,0.698
972000,0.309,0.000,0.691
972500,0.354,0.000,0.646
973000,0.285,0.000,0.715
973500,0.314,0.000,0.686
974000,0.311,0.000,0.689
974500,0.340,0.000,0.660
975000,0.365,0.000,0.635
975500,0.313,0.000,0.687
976000,0.260,0.001,0.740
976500,0.256,0.000,0.744
977000,0.313,0.000,0.687
977500,0.346,0.000,0.653
978000,0.294,0.000,0.706
978500,0.337,0.000,0.663
979000,0.297,0.000,0.703
979500,0.331,0.000,0.669
980000,0.335,0.000,0.665
980500,0.292,0.000,0.708
981000,0.321,0.000,0.679
981500,0.331,0.000,0.669
982000,0.317,0.000,0.683
982500,0.297,0.000,0.703
983000,0.284,0.000,0.716
983500,0.314,0.000,0.686
984000,0.292,0.000,0.708
984500,0.220,0.000,0.780
985000,0.326,0.000,0.674
985500,0.361,0.000,0.639
986000,0.326,0.000,0.674
986500,0.330,0.000,0.670
987000,0.309,0.000,0.691
987500,0.282,0.000,0.718
988000,0.234,0.000,0.766
988500,0.279,0.000,0.722
989000,0.231,0.005,0.764
989500,0.252,0.000,0.748
990000,0.277,0.000,0.724
990500,0.257,0.000,0.743
991000,0.298,0.000,0.702
991500,0.323,0.000,0.677
992000,0.307,0.000,0.693
992500,0.295,0.000,0.705
993000,0.341,0.000,0.659
993500,0.389,0.000,0.611
994000,0.277,0.000,0.724
994500,0.286,0.000,0.714
995000,0.300,0.000,0.700
995500,0.324,0.000,0.676
996000,0.273,0.000,0.727
996500,0.349,0.000,0.651
997000,0.346,0.000,0.653
997500,0.352,0.000,0.648
998000,0.322,0.000,0.678
998500,0.276,0.000,0.724
999000,0.276,0.000,0.724
999500,0.305,0.000,0.695
1000000,0.287,0.000,0.713
