time,n_A+p,n_B,n_AB
500,0.080,0.900,0.020
1000,0.081,0.886,0.033
1500,0.081,0.874,0.045
2000,0.083,0.861,0.057
2500,0.083,0.851,0.067
3000,0.084,0.834,0.083
3500,0.086,0.818,0.096
4000,0.088,0.809,0.103
4500,0.087,0.795,0.118
5000,0.090,0.782,0.128
5500,0.092,0.773,0.135
6000,0.094,0.763,0.143
6500,0.102,0.753,0.145
7000,0.103,0.748,0.148
7500,0.105,0.741,0.154
8000,0.105,0.733,0.162
8500,0.107,0.717,0.176
9000,0.107,0.720,0.172
9500,0.108,0.726,0.165
10000,0.108,0.713,0.179
10500,0.109,0.712,0.179
11000,0.110,0.707,0.183
11500,0.115,0.690,0.196
12000,0.114,0.679,0.207
12500,0.118,0.673,0.209
13000,0.123,0.664,0.213
13500,0.126,0.663,0.211
14000,0.129,0.658,0.213
14500,0.131,0.653,0.216
15000,0.135,0.645,0.220
15500,0.136,0.637,0.227
16000,0.132,0.628,0.240
16500,0.132,0.630,0.238
17000,0.137,0.622,0.241
17500,0.140,0.615,0.245
18000,0.145,0.620,0.235
18500,0.150,0.607,0.243
19000,0.153,0.604,0.243
19500,0.150,0.599,0.251
20000,0.153,0.602,0.245
20500,0.155,0.597,0.248
21000,0.162,0.577,0.262
21500,0.164,0.575,0.262
22000,0.171,0.563,0.267
22500,0.174,0.554,0.271
23000,0.177,0.558,0.265
23500,0.187,0.538,0.275
24000,0.182,0.532,0.286
24500,0.189,0.538,0.273
25000,0.197,0.536,0.267
25500,0.193,0.533,0.273
26000,0.190,0.536,0.274
26500,0.193,0.515,0.292
27000,0.191,0.525,0.284
27500,0.201,0.524,0.275
28000,0.199,0.517,0.284
28500,0.201,0.508,0.291
29000,0.194,0.503,0.303
29500,0.198,0.501,0.301
30000,0.202,0.502,0.296
30500,0.212,0.500,0.287
31000,0.210,0.495,0.295
31500,0.206,0.499,0.295
32000,0.209,0.490,0.301
32500,0.211,0.491,0.297
33000,0.216,0.487,0.296
33500,0.226,0.487,0.287
34000,0.224,0.490,0.286
34500,0.231,0.478,0.291
35000,0.231,0.465,0.304
35500,0.239,0.460,0.300
36000,0.244,0.445,0.311
36500,0.248,0.440,0.312
37000,0.253,0.435,0.312
37500,0.249,0.432,0.319
38000,0.242,0.428,0.329
38500,0.247,0.426,0.326
39000,0.243,0.424,0.332
39500,0.253,0.412,0.335
40000,0.265,0.406,0.329
40500,0.258,0.398,0.344
41000,0.257,0.391,0.352
41500,0.263,0.391,0.346
42000,0.274,0.380,0.346
42500,0.277,0.366,0.357
43000,0.292,0.363,0.344
43500,0.301,0.355,0.344
44000,0.299,0.349,0.352
44500,0.315,0.346,0.339
45000,0.319,0.353,0.329
45500,0.322,0.336,0.342
46000,0.332,0.337,0.332
46500,0.342,0.335,0.323
47000,0.347,0.334,0.319
47500,0.358,0.328,0.314
48000,0.374,0.319,0.306
48500,0.383,0.303,0.314
49000,0.389,0.290,0.321
49500,0.391,0.283,0.326
50000,0.398,0.274,0.329
50500,0.405,0.267,0.328
51000,0.406,0.261,0.333
51500,0.404,0.251,0.345
52000,0.417,0.239,0.343
52500,0.424,0.226,0.350
53000,0.433,0.229,0.338
53500,0.443,0.226,0.331
54000,0.451,0.228,0.322
54500,0.449,0.229,0.323
55000,0.468,0.220,0.313
55500,0.465,0.213,0.322
56000,0.466,0.204,0.330
56500,0.479,0.191,0.330
57000,0.478,0.189,0.333
57500,0.486,0.179,0.335
58000,0.492,0.175,0.333
58500,0.512,0.168,0.320
59000,0.525,0.155,0.320
59500,0.526,0.157,0.318
60000,0.549,0.157,0.294
60500,0.548,0.146,0.305
61000,0.561,0.141,0.297
61500,0.568,0.138,0.295
62000,0.559,0.133,0.307
62500,0.571,0.129,0.301
63000,0.575,0.130,0.296
63500,0.595,0.121,0.284
64000,0.608,0.114,0.279
64500,0.624,0.113,0.263
65000,0.625,0.108,0.267
65500,0.636,0.104,0.260
66000,0.634,0.096,0.270
66500,0.651,0.092,0.257
67000,0.662,0.089,0.249
67500,0.668,0.082,0.250
68000,0.687,0.076,0.237
68500,0.701,0.069,0.231
69000,0.697,0.070,0.233
69500,0.710,0.070,0.220
70000,0.722,0.063,0.215
70500,0.737,0.060,0.203
71000,0.739,0.056,0.205
71500,0.753,0.045,0.202
72000,0.767,0.043,0.190
72500,0.772,0.039,0.189
73000,0.790,0.036,0.173
73500,0.802,0.036,0.162
74000,0.810,0.034,0.155
74500,0.811,0.034,0.155
75000,0.817,0.030,0.153
75500,0.823,0.032,0.146
76000,0.832,0.029,0.140
76500,0.842,0.022,0.136
77000,0.849,0.021,0.131
77500,0.864,0.016,0.120
78000,0.869,0.015,0.116
78500,0.880,0.013,0.106
79000,0.889,0.012,0.099
79500,0.892,0.013,0.095
80000,0.900,0.014,0.086
80500,0.906,0.011,0.083
81000,0.914,0.009,0.077
81500,0.915,0.009,0.076
82000,0.923,0.009,0.068
82500,0.928,0.006,0.065
83000,0.931,0.005,0.063
83500,0.935,0.004,0.060
84000,0.940,0.004,0.057
84500,0.941,0.002,0.057
85000,0.952,0.004,0.045
85500,0.957,0.003,0.041
86000,0.960,0.002,0.039
86500,0.964,0.002,0.035
87000,0.968,0.001,0.031
87500,0.965,0.001,0.035
88000,0.967,0.001,0.033
88500,0.968,0.001,0.032
89000,0.969,0.001,0.031
89500,0.968,0.001,0.032
90000,0.967,0.002,0.032
90500,0.967,0.001,0.032
91000,0.969,0.001,0.030
91500,0.971,0.001,0.029
92000,0.973,0.001,0.027
92500,0.975,0.001,0.025
93000,0.979,0.001,0.021
93500,0.979,0.001,0.021
94000,0.980,0.001,0.020
94500,0.982,0.001,0.018
95000,0.987,0.000,0.013
95500,0.988,0.000,0.012
96000,0.989,0.000,0.011
96500,0.988,0.001,0.011
97000,0.990,0.001,0.009
97500,0.990,0.001,0.009
98000,0.992,0.001,0.007
98500,0.991,0.001,0.009
99000,0.993,0.001,0.007
99500,0.993,0.001,0.007
100000,0.994,0.000,0.006
100500,0.995,0.000,0.005
101000,0.995,0.000,0.005
101500,0.995,0.000,0.005
102000,0.994,0.000,0.006
102500,0.994,0.000,0.006
103000,0.995,0.000,0.005
103500,0.996,0.000,0.004
104000,0.995,0.000,0.005
104500,0.996,0.000,0.004
105000,0.997,0.000,0.003
105500,0.997,0.000,0.003
106000,0.997,0.000,0.003
106500,0.997,0.000,0.003
107000,0.998,0.000,0.002
107500,0.998,0.000,0.002
108000,0.998,0.000,0.002
108500,0.998,0.000,0.002
109000,0.998,0.000,0.002
109500,0.998,0.000,0.002
110000,0.999,0.000,0.001
110500,0.999,0.000,0.001
111000,0.999,0.000,0.001
111500,0.999,0.000,0.001
112000,1.000,0.000,0.000
112500,1.000,0.000,0.000
113000,1.000,0.000,0.000
113500,1.000,0.000,0.000
114000,1.000,0.000,0.000
114500,1.000,0.000,0.000
115000,1.000,0.000,0.000
115500,1.000,0.000,0.000
116000,1.000,0.000,0.000
116500,1.000,0.000,0.000
