time,n_A+p,n_B,n_AB
500,0.080,0.882,0.038
1000,0.081,0.855,0.064
1500,0.083,0.829,0.088
2000,0.086,0.811,0.103
2500,0.087,0.788,0.125
3000,0.083,0.775,0.142
3500,0.088,0.759,0.153
4000,0.090,0.746,0.164
4500,0.098,0.750,0.152
5000,0.100,0.723,0.177
5500,0.095,0.715,0.190
6000,0.090,0.701,0.209
6500,0.101,0.695,0.204
7000,0.109,0.675,0.216
7500,0.116,0.670,0.214
8000,0.114,0.672,0.214
8500,0.122,0.667,0.211
9000,0.119,0.658,0.223
9500,0.125,0.651,0.224
10000,0.130,0.638,0.232
10500,0.125,0.614,0.261
11000,0.132,0.601,0.267
11500,0.145,0.576,0.279
12000,0.151,0.550,0.299
12500,0.159,0.544,0.297
13000,0.170,0.522,0.308
13500,0.164,0.512,0.324
14000,0.167,0.529,0.304
14500,0.168,0.535,0.297
15000,0.161,0.533,0.306
15500,0.171,0.508,0.321
16000,0.177,0.506,0.317
16500,0.195,0.477,0.328
17000,0.219,0.442,0.339
17500,0.219,0.425,0.356
18000,0.215,0.422,0.363
18500,0.223,0.418,0.359
19000,0.246,0.400,0.354
19500,0.248,0.384,0.368
20000,0.254,0.393,0.353
20500,0.242,0.404,0.354
21000,0.250,0.404,0.346
21500,0.231,0.404,0.365
22000,0.237,0.376,0.387
22500,0.250,0.342,0.408
23000,0.252,0.347,0.401
23500,0.266,0.357,0.377
24000,0.284,0.352,0.364
24500,0.296,0.318,0.386
25000,0.305,0.314,0.381
25500,0.324,0.323,0.353
26000,0.333,0.314,0.353
26500,0.345,0.306,0.349
27000,0.357,0.309,0.334
27500,0.345,0.280,0.375
28000,0.347,0.283,0.370
28500,0.358,0.266,0.376
29000,0.369,0.245,0.386
29500,0.365,0.241,0.394
30000,0.390,0.237,0.373
30500,0.399,0.227,0.374
31000,0.425,0.225,0.350
31500,0.449,0.210,0.341
32000,0.460,0.205,0.335
32500,0.475,0.194,0.331
33000,0.498,0.186,0.316
33500,0.472,0.170,0.358
34000,0.500,0.163,0.337
34500,0.518,0.156,0.326
35000,0.530,0.148,0.322
35500,0.536,0.126,0.338
36000,0.555,0.125,0.320
36500,0.560,0.097,0.343
37000,0.587,0.093,0.320
37500,0.614,0.078,0.308
38000,0.628,0.086,0.286
38500,0.649,0.082,0.269
39000,0.651,0.076,0.273
39500,0.675,0.069,0.256
40000,0.690,0.059,0.251
40500,0.713,0.050,0.237
41000,0.728,0.041,0.231
41500,0.773,0.035,0.192
42000,0.780,0.041,0.179
42500,0.801,0.033,0.166
43000,0.814,0.030,0.156
43500,0.822,0.027,0.151
44000,0.828,0.014,0.158
44500,0.854,0.011,0.135
45000,0.864,0.009,0.127
45500,0.865,0.009,0.126
46000,0.874,0.008,0.118
46500,0.886,0.008,0.106
47000,0.896,0.007,0.097
47500,0.905,0.007,0.088
48000,0.900,0.005,0.095
48500,0.900,0.005,0.095
49000,0.916,0.004,0.080
49500,0.917,0.004,0.079
50000,0.925,0.003,0.072
50500,0.944,0.002,0.054
51000,0.948,0.000,0.052
51500,0.963,0.000,0.037
52000,0.968,0.000,0.032
52500,0.971,0.000,0.029
53000,0.973,0.000,0.027
53500,0.978,0.000,0.022
54000,0.979,0.000,0.021
54500,0.976,0.000,0.024
55000,0.978,0.000,0.022
55500,0.977,0.000,0.023
56000,0.981,0.000,0.019
56500,0.976,0.000,0.024
57000,0.981,0.000,0.019
57500,0.983,0.000,0.017
58000,0.984,0.000,0.016
58500,0.983,0.000,0.017
59000,0.982,0.000,0.018
59500,0.988,0.000,0.012
60000,0.984,0.000,0.016
60500,0.983,0.000,0.017
61000,0.982,0.000,0.018
61500,0.985,0.000,0.015
62000,0.984,0.000,0.016
62500,0.987,0.000,0.013
63000,0.989,0.000,0.011
63500,0.988,0.000,0.012
64000,0.989,0.000,0.011
64500,0.991,0.000,0.009
65000,0.994,0.000,0.006
65500,0.995,0.000,0.005
66000,0.995,0.000,0.005
66500,0.999,0.000,0.001
67000,0.999,0.000,0.001
67500,0.999,0.000,0.001
68000,0.999,0.000,0.001
68500,0.999,0.000,0.001
69000,0.999,0.000,0.001
69500,0.999,0.000,0.001
70000,1.000,0.000,0.000
