time,n_A+p,n_B,n_AB
100,0.302,0.434,0.264
200,0.252,0.384,0.364
300,0.277,0.372,0.351
400,0.273,0.339,0.388
500,0.244,0.450,0.306
600,0.256,0.364,0.380
700,0.223,0.417,0.360
800,0.219,0.450,0.331
900,0.190,0.442,0.368
1000,0.219,0.372,0.409
1100,0.211,0.372,0.417
1200,0.194,0.442,0.364
1300,0.207,0.463,0.331
1400,0.186,0.492,0.322
1500,0.194,0.442,0.364
1600,0.182,0.492,0.326
1700,0.174,0.467,0.360
1800,0.178,0.450,0.372
1900,0.211,0.475,0.314
2000,0.174,0.459,0.368
2100,0.153,0.492,0.355
2200,0.116,0.554,0.331
2300,0.140,0.541,0.318
2400,0.132,0.591,0.277
2500,0.120,0.537,0.343
2600,0.107,0.562,0.331
2700,0.103,0.537,0.360
2800,0.107,0.562,0.331
2900,0.074,0.612,0.314
3000,0.087,0.628,0.285
3100,0.058,0.649,0.293
3200,0.050,0.740,0.211
3300,0.050,0.760,0.190
3400,0.050,0.769,0.182
3500,0.025,0.793,0.182
3600,0.025,0.798,0.178
3700,0.025,0.851,0.124
3800,0.041,0.835,0.124
3900,0.017,0.835,0.149
4000,0.025,0.860,0.116
4100,0.021,0.880,0.099
4200,0.012,0.913,0.074
4300,0.012,0.926,0.062
4400,0.012,0.926,0.062
4500,0.008,0.926,0.066
4600,0.004,0.917,0.079
4700,0.004,0.921,0.074
4800,0.004,0.921,0.074
4900,0.000,0.934,0.066
5000,0.000,0.950,0.050
5100,0.000,0.934,0.066
5200,0.000,0.946,0.054
5300,0.000,0.963,0.037
5400,0.000,0.975,0.025
5500,0.000,0.975,0.025
5600,0.000,0.955,0.045
5700,0.000,0.959,0.041
5800,0.000,0.975,0.025
5900,0.000,0.942,0.058
6000,0.000,0.950,0.050
6100,0.000,0.971,0.029
6200,0.000,0.967,0.033
6300,0.000,0.967,0.033
6400,0.000,0.971,0.029
6500,0.000,0.967,0.033
6600,0.000,0.967,0.033
6700,0.000,0.971,0.029
6800,0.000,0.971,0.029
6900,0.000,0.967,0.033
7000,0.000,0.959,0.041
7100,0.000,0.963,0.037
7200,0.000,0.955,0.045
7300,0.000,0.950,0.050
7400,0.008,0.917,0.074
7500,0.008,0.934,0.058
7600,0.008,0.934,0.058
7700,0.008,0.930,0.062
7800,0.008,0.942,0.050
7900,0.008,0.946,0.045
8000,0.008,0.926,0.066
8100,0.004,0.934,0.062
8200,0.004,0.938,0.058
8300,0.000,0.955,0.045
8400,0.000,0.963,0.037
8500,0.000,0.946,0.054
8600,0.000,0.950,0.050
8700,0.000,0.967,0.033
8800,0.000,0.959,0.041
8900,0.000,0.971,0.029
9000,0.000,0.979,0.021
9100,0.000,0.988,0.012
9200,0.000,0.983,0.017
9300,0.000,0.992,0.008
9400,0.000,0.996,0.004
9500,0.000,1.000,0.000
