time,n_A+p,n_B,n_AB
500,0.080,0.754,0.166
1000,0.080,0.629,0.291
1500,0.081,0.593,0.326
2000,0.087,0.479,0.434
2500,0.094,0.387,0.519
3000,0.116,0.379,0.505
3500,0.120,0.368,0.512
4000,0.147,0.333,0.520
4500,0.177,0.315,0.508
5000,0.173,0.276,0.551
5500,0.218,0.188,0.594
6000,0.272,0.114,0.614
6500,0.406,0.066,0.528
7000,0.603,0.023,0.374
7500,0.702,0.003,0.295
8000,0.762,0.000,0.238
8500,0.865,0.000,0.135
9000,0.900,0.000,0.100
9500,0.928,0.000,0.072
10000,0.951,0.000,0.049
10500,0.972,0.000,0.028
11000,0.973,0.000,0.027
11500,0.979,0.000,0.021
12000,0.981,0.000,0.019
12500,0.986,0.000,0.014
13000,0.997,0.000,0.003
13500,0.999,0.000,0.001
14000,0.999,0.000,0.001
14500,0.997,0.000,0.003
15000,0.994,0.000,0.006
15500,0.999,0.000,0.001
16000,0.999,0.000,0.001
16500,1.000,0.000,0.000
