time,n_A+p,n_B,n_AB
500,0.080,0.619,0.301
1000,0.080,0.301,0.619
1500,0.096,0.228,0.676
2000,0.126,0.089,0.785
2500,0.281,0.021,0.698
3000,0.530,0.003,0.467
3500,0.676,0.000,0.324
4000,0.763,0.000,0.237
4500,0.867,0.000,0.133
5000,0.852,0.000,0.148
5500,0.875,0.000,0.125
6000,0.939,0.000,0.061
6500,0.955,0.000,0.045
7000,0.978,0.000,0.022
7500,0.997,0.000,0.003
8000,1.000,0.000,0.000
