time,n_A+p,n_B,n_AB
100,0.401,0.462,0.138
200,0.382,0.422,0.196
300,0.385,0.410,0.205
400,0.346,0.407,0.248
500,0.361,0.385,0.254
600,0.364,0.361,0.275
700,0.401,0.321,0.278
800,0.385,0.306,0.309
900,0.364,0.287,0.349
1000,0.413,0.278,0.309
1100,0.428,0.281,0.291
1200,0.440,0.287,0.272
1300,0.437,0.297,0.266
1400,0.446,0.281,0.272
1500,0.480,0.278,0.242
1600,0.489,0.269,0.242
1700,0.495,0.229,0.275
1800,0.514,0.214,0.272
1900,0.535,0.217,0.248
2000,0.554,0.229,0.217
2100,0.554,0.217,0.229
2200,0.572,0.208,0.220
2300,0.578,0.202,0.220
2400,0.606,0.183,0.211
2500,0.599,0.193,0.208
2600,0.596,0.159,0.245
2700,0.627,0.131,0.242
2800,0.648,0.125,0.226
2900,0.664,0.135,0.202
3000,0.670,0.122,0.208
3100,0.694,0.116,0.190
3200,0.734,0.098,0.168
3300,0.731,0.076,0.193
3400,0.740,0.089,0.171
3500,0.749,0.073,0.177
3600,0.752,0.061,0.187
3700,0.777,0.067,0.156
3800,0.780,0.061,0.159
3900,0.813,0.058,0.128
4000,0.835,0.058,0.107
4100,0.847,0.049,0.104
4200,0.869,0.037,0.095
4300,0.853,0.040,0.107
4400,0.865,0.037,0.098
4500,0.887,0.031,0.083
4600,0.908,0.028,0.064
4700,0.920,0.028,0.052
4800,0.927,0.015,0.058
4900,0.930,0.015,0.055
5000,0.924,0.021,0.055
5100,0.936,0.015,0.049
5200,0.957,0.012,0.031
5300,0.957,0.006,0.037
5400,0.960,0.006,0.034
5500,0.951,0.003,0.046
5600,0.948,0.009,0.043
5700,0.954,0.006,0.040
5800,0.954,0.006,0.040
5900,0.945,0.009,0.046
6000,0.960,0.006,0.034
6100,0.960,0.006,0.034
6200,0.972,0.003,0.024
6300,0.979,0.003,0.018
6400,0.976,0.003,0.021
6500,0.972,0.000,0.028
6600,0.972,0.000,0.028
6700,0.979,0.000,0.021
6800,0.979,0.000,0.021
6900,0.976,0.000,0.024
7000,0.988,0.000,0.012
7100,0.994,0.000,0.006
7200,0.994,0.000,0.006
7300,0.988,0.000,0.012
7400,0.982,0.000,0.018
7500,0.972,0.000,0.028
7600,0.979,0.000,0.021
7700,0.985,0.000,0.015
7800,0.985,0.006,0.009
7900,0.988,0.006,0.006
8000,0.988,0.006,0.006
8100,0.991,0.003,0.006
8200,0.994,0.003,0.003
8300,0.994,0.003,0.003
8400,0.991,0.003,0.006
8500,0.991,0.003,0.006
8600,0.994,0.003,0.003
8700,0.994,0.003,0.003
8800,0.994,0.003,0.003
8900,0.991,0.000,0.009
9000,0.988,0.000,0.012
9100,0.991,0.000,0.009
9200,0.991,0.000,0.009
9300,0.982,0.000,0.018
9400,0.985,0.000,0.015
9500,0.994,0.000,0.006
9600,0.994,0.000,0.006
9700,0.991,0.000,0.009
9800,0.997,0.000,0.003
9900,1.000,0.000,0.000
