time,n_A+p,n_B,n_AB
500,0.080,0.652,0.268
1000,0.080,0.385,0.535
1500,0.080,0.318,0.603
2000,0.085,0.284,0.631
2500,0.085,0.228,0.688
3000,0.095,0.167,0.738
3500,0.144,0.129,0.728
4000,0.324,0.036,0.640
4500,0.624,0.002,0.374
5000,0.888,0.000,0.112
5500,0.963,0.000,0.037
6000,0.972,0.000,0.028
6500,0.997,0.000,0.003
7000,1.000,0.000,0.000
7500,1.000,0.000,0.000
