time,n_A+p,n_B,n_AB
500,0.030,0.881,0.089
1000,0.030,0.781,0.189
1500,0.030,0.676,0.294
2000,0.036,0.602,0.362
2500,0.035,0.566,0.399
3000,0.049,0.481,0.470
3500,0.035,0.506,0.459
4000,0.034,0.446,0.520
4500,0.035,0.513,0.452
5000,0.043,0.493,0.464
5500,0.040,0.500,0.460
6000,0.041,0.512,0.447
6500,0.050,0.460,0.490
7000,0.038,0.411,0.551
7500,0.037,0.494,0.469
8000,0.038,0.542,0.420
8500,0.036,0.564,0.400
9000,0.038,0.501,0.461
9500,0.033,0.529,0.438
10000,0.044,0.492,0.464
10500,0.046,0.456,0.498
11000,0.043,0.463,0.494
11500,0.040,0.440,0.520
12000,0.035,0.458,0.507
12500,0.041,0.533,0.426
13000,0.037,0.479,0.484
13500,0.041,0.422,0.537
14000,0.065,0.346,0.589
14500,0.058,0.390,0.552
15000,0.051,0.436,0.513
15500,0.049,0.490,0.461
16000,0.041,0.490,0.469
16500,0.038,0.492,0.470
17000,0.034,0.481,0.485
17500,0.041,0.475,0.484
18000,0.038,0.483,0.479
18500,0.036,0.467,0.497
19000,0.068,0.364,0.568
19500,0.060,0.387,0.553
20000,0.040,0.425,0.535
20500,0.042,0.436,0.522
21000,0.043,0.468,0.489
21500,0.038,0.504,0.458
22000,0.032,0.516,0.452
22500,0.035,0.493,0.472
23000,0.036,0.491,0.473
23500,0.033,0.526,0.441
24000,0.034,0.610,0.356
24500,0.032,0.619,0.349
25000,0.033,0.618,0.349
25500,0.030,0.515,0.455
26000,0.036,0.522,0.442
26500,0.036,0.543,0.421
27000,0.037,0.527,0.436
27500,0.038,0.532,0.430
28000,0.039,0.515,0.446
28500,0.039,0.525,0.436
29000,0.041,0.444,0.515
29500,0.046,0.375,0.579
30000,0.050,0.394,0.556
30500,0.047,0.384,0.569
31000,0.045,0.449,0.506
31500,0.049,0.419,0.532
32000,0.042,0.477,0.481
32500,0.048,0.466,0.486
33000,0.040,0.499,0.461
33500,0.043,0.493,0.464
34000,0.051,0.489,0.460
34500,0.039,0.478,0.483
35000,0.040,0.502,0.458
35500,0.044,0.512,0.444
36000,0.034,0.467,0.499
36500,0.041,0.452,0.507
37000,0.060,0.417,0.523
37500,0.046,0.417,0.537
38000,0.064,0.373,0.563
38500,0.056,0.361,0.583
39000,0.063,0.379,0.558
39500,0.061,0.375,0.564
40000,0.059,0.385,0.556
40500,0.056,0.401,0.543
41000,0.046,0.380,0.574
41500,0.043,0.420,0.537
42000,0.041,0.494,0.465
42500,0.037,0.475,0.488
43000,0.055,0.442,0.503
43500,0.062,0.350,0.588
44000,0.047,0.400,0.553
44500,0.041,0.436,0.523
45000,0.042,0.433,0.525
45500,0.049,0.442,0.509
46000,0.038,0.469,0.493
46500,0.055,0.470,0.475
47000,0.042,0.471,0.487
47500,0.035,0.507,0.458
48000,0.042,0.519,0.439
48500,0.044,0.488,0.468
49000,0.047,0.470,0.483
49500,0.046,0.547,0.407
50000,0.035,0.548,0.417
50500,0.036,0.532,0.432
51000,0.035,0.452,0.513
51500,0.031,0.534,0.435
52000,0.040,0.533,0.427
52500,0.033,0.564,0.403
53000,0.044,0.516,0.440
53500,0.032,0.576,0.392
54000,0.040,0.493,0.467
54500,0.040,0.505,0.455
55000,0.043,0.536,0.421
55500,0.039,0.457,0.504
56000,0.039,0.410,0.551
56500,0.037,0.419,0.544
57000,0.040,0.499,0.461
57500,0.037,0.468,0.495
58000,0.037,0.512,0.451
58500,0.036,0.467,0.497
59000,0.038,0.412,0.550
59500,0.047,0.400,0.553
60000,0.059,0.368,0.573
60500,0.063,0.399,0.538
61000,0.057,0.391,0.552
61500,0.051,0.401,0.548
62000,0.054,0.433,0.513
62500,0.052,0.375,0.573
63000,0.051,0.459,0.490
63500,0.043,0.522,0.435
64000,0.032,0.515,0.453
64500,0.032,0.521,0.447
65000,0.034,0.552,0.414
65500,0.037,0.440,0.523
66000,0.032,0.597,0.371
66500,0.038,0.490,0.472
67000,0.049,0.472,0.479
67500,0.049,0.462,0.489
68000,0.045,0.434,0.521
68500,0.049,0.448,0.503
69000,0.040,0.428,0.532
69500,0.048,0.389,0.563
70000,0.053,0.340,0.607
70500,0.038,0.379,0.583
71000,0.037,0.373,0.590
71500,0.055,0.384,0.561
72000,0.054,0.394,0.552
72500,0.063,0.390,0.547
73000,0.068,0.330,0.602
73500,0.050,0.343,0.607
74000,0.049,0.355,0.596
74500,0.061,0.394,0.545
75000,0.043,0.388,0.569
75500,0.055,0.350,0.595
76000,0.043,0.430,0.527
76500,0.044,0.412,0.544
77000,0.051,0.414,0.535
77500,0.040,0.454,0.506
78000,0.039,0.473,0.488
78500,0.039,0.496,0.465
79000,0.035,0.462,0.503
79500,0.034,0.509,0.457
80000,0.035,0.546,0.419
80500,0.034,0.518,0.448
81000,0.034,0.585,0.381
81500,0.030,0.616,0.354
82000,0.031,0.610,0.359
82500,0.032,0.577,0.391
83000,0.032,0.592,0.376
83500,0.031,0.619,0.350
84000,0.030,0.594,0.376
84500,0.033,0.537,0.430
85000,0.042,0.456,0.502
85500,0.042,0.446,0.512
86000,0.039,0.416,0.545
86500,0.063,0.410,0.527
87000,0.046,0.400,0.554
87500,0.059,0.436,0.505
88000,0.059,0.392,0.549
88500,0.037,0.420,0.543
89000,0.051,0.368,0.581
89500,0.040,0.426,0.534
90000,0.052,0.461,0.487
90500,0.039,0.455,0.506
91000,0.044,0.447,0.509
91500,0.054,0.411,0.535
92000,0.041,0.463,0.496
92500,0.038,0.526,0.436
93000,0.036,0.505,0.459
93500,0.052,0.355,0.593
94000,0.078,0.342,0.580
94500,0.061,0.295,0.644
95000,0.059,0.347,0.594
95500,0.074,0.303,0.623
96000,0.049,0.348,0.603
96500,0.050,0.397,0.553
97000,0.054,0.412,0.534
97500,0.062,0.374,0.564
98000,0.055,0.352,0.593
98500,0.053,0.392,0.555
99000,0.041,0.500,0.459
99500,0.049,0.463,0.488
100000,0.035,0.394,0.571
100500,0.043,0.463,0.494
101000,0.045,0.462,0.493
101500,0.042,0.443,0.515
102000,0.047,0.405,0.548
102500,0.045,0.400,0.555
103000,0.068,0.365,0.567
103500,0.058,0.333,0.609
104000,0.056,0.393,0.551
104500,0.047,0.444,0.509
105000,0.038,0.454,0.508
105500,0.045,0.458,0.497
106000,0.048,0.388,0.564
106500,0.052,0.480,0.468
107000,0.045,0.448,0.507
107500,0.043,0.481,0.476
108000,0.042,0.505,0.453
108500,0.048,0.433,0.519
109000,0.040,0.418,0.542
109500,0.037,0.475,0.488
110000,0.038,0.427,0.535
110500,0.058,0.455,0.487
111000,0.044,0.402,0.554
111500,0.036,0.451,0.513
112000,0.041,0.484,0.475
112500,0.033,0.548,0.419
113000,0.040,0.426,0.534
113500,0.059,0.377,0.564
114000,0.050,0.353,0.597
114500,0.056,0.423,0.521
115000,0.051,0.448,0.501
115500,0.055,0.390,0.555
116000,0.050,0.414,0.536
116500,0.043,0.429,0.528
117000,0.039,0.516,0.445
117500,0.037,0.529,0.434
118000,0.044,0.494,0.462
118500,0.034,0.466,0.500
119000,0.036,0.454,0.510
119500,0.043,0.445,0.512
120000,0.043,0.421,0.536
120500,0.048,0.494,0.458
121000,0.050,0.432,0.518
121500,0.044,0.500,0.456
122000,0.051,0.420,0.529
122500,0.068,0.294,0.638
123000,0.091,0.284,0.625
123500,0.074,0.307,0.619
124000,0.081,0.325,0.594
124500,0.062,0.326,0.612
125000,0.060,0.366,0.574
125500,0.069,0.323,0.608
126000,0.085,0.278,0.637
126500,0.091,0.227,0.682
127000,0.086,0.254,0.660
127500,0.088,0.253,0.659
128000,0.133,0.197,0.670
128500,0.143,0.185,0.672
129000,0.187,0.148,0.665
129500,0.240,0.074,0.686
130000,0.319,0.090,0.591
130500,0.479,0.026,0.495
131000,0.550,0.007,0.443
131500,0.635,0.003,0.362
132000,0.654,0.004,0.342
132500,0.692,0.002,0.306
133000,0.777,0.002,0.221
133500,0.830,0.000,0.170
134000,0.839,0.000,0.161
134500,0.862,0.000,0.138
135000,0.841,0.000,0.159
135500,0.856,0.001,0.143
136000,0.890,0.001,0.109
136500,0.807,0.001,0.192
137000,0.794,0.001,0.205
137500,0.768,0.003,0.229
138000,0.743,0.001,0.256
138500,0.703,0.001,0.296
139000,0.746,0.001,0.253
139500,0.675,0.001,0.324
140000,0.752,0.002,0.246
140500,0.814,0.001,0.185
141000,0.808,0.000,0.192
141500,0.898,0.000,0.102
142000,0.894,0.000,0.106
142500,0.899,0.000,0.101
143000,0.860,0.000,0.140
143500,0.874,0.000,0.126
144000,0.873,0.000,0.127
144500,0.842,0.000,0.158
145000,0.897,0.000,0.103
145500,0.863,0.000,0.137
146000,0.854,0.000,0.146
146500,0.823,0.000,0.177
147000,0.792,0.003,0.205
147500,0.766,0.002,0.232
148000,0.877,0.001,0.122
148500,0.887,0.002,0.111
149000,0.910,0.000,0.090
149500,0.918,0.000,0.082
150000,0.930,0.000,0.070
150500,0.940,0.000,0.060
151000,0.966,0.000,0.034
151500,0.977,0.000,0.023
152000,0.965,0.000,0.035
152500,0.953,0.000,0.047
153000,0.975,0.000,0.025
153500,0.963,0.000,0.037
154000,0.950,0.000,0.050
154500,0.983,0.000,0.017
155000,0.970,0.000,0.030
155500,0.956,0.000,0.044
156000,0.958,0.000,0.042
156500,0.952,0.000,0.048
157000,0.975,0.000,0.025
157500,0.949,0.000,0.051
158000,0.904,0.000,0.096
158500,0.886,0.000,0.114
159000,0.863,0.000,0.137
159500,0.922,0.000,0.078
160000,0.931,0.000,0.069
160500,0.917,0.000,0.083
161000,0.901,0.000,0.099
161500,0.921,0.000,0.079
162000,0.943,0.000,0.057
162500,0.950,0.000,0.050
163000,0.933,0.000,0.067
163500,0.953,0.000,0.047
164000,0.969,0.000,0.031
164500,0.950,0.000,0.050
165000,0.973,0.000,0.027
165500,0.991,0.000,0.009
166000,0.995,0.000,0.005
166500,0.994,0.000,0.006
167000,0.987,0.000,0.013
167500,0.998,0.000,0.002
168000,0.999,0.000,0.001
168500,0.998,0.000,0.002
169000,0.996,0.000,0.004
169500,0.998,0.000,0.002
170000,0.997,0.000,0.003
170500,0.999,0.000,0.001
171000,1.000,0.000,0.000
