time,n_A+p,n_B,n_AB
500,0.030,0.330,0.640
1000,0.030,0.370,0.600
1500,0.030,0.328,0.642
2000,0.030,0.400,0.570
2500,0.030,0.423,0.547
3000,0.030,0.264,0.706
3500,0.030,0.311,0.659
4000,0.030,0.311,0.659
4500,0.030,0.204,0.766
5000,0.030,0.240,0.730
5500,0.030,0.260,0.710
6000,0.030,0.253,0.717
6500,0.030,0.283,0.687
7000,0.030,0.390,0.580
7500,0.030,0.322,0.648
8000,0.030,0.487,0.483
8500,0.030,0.327,0.643
9000,0.030,0.368,0.602
9500,0.030,0.396,0.574
10000,0.030,0.469,0.501
10500,0.030,0.379,0.591
11000,0.030,0.357,0.613
11500,0.030,0.315,0.655
12000,0.030,0.348,0.622
12500,0.030,0.378,0.592
13000,0.030,0.411,0.559
13500,0.039,0.141,0.820
14000,0.046,0.156,0.798
14500,0.030,0.357,0.613
15000,0.030,0.252,0.718
15500,0.030,0.351,0.619
16000,0.030,0.300,0.670
16500,0.030,0.304,0.666
17000,0.030,0.252,0.718
17500,0.030,0.286,0.684
18000,0.030,0.305,0.665
18500,0.030,0.342,0.628
19000,0.030,0.256,0.714
19500,0.030,0.514,0.456
20000,0.030,0.338,0.632
20500,0.030,0.391,0.579
21000,0.030,0.427,0.543
21500,0.030,0.432,0.538
22000,0.030,0.420,0.550
22500,0.030,0.268,0.702
23000,0.030,0.370,0.600
23500,0.030,0.258,0.712
24000,0.030,0.329,0.641
24500,0.041,0.219,0.740
25000,0.030,0.282,0.688
25500,0.030,0.303,0.667
26000,0.030,0.299,0.671
26500,0.030,0.211,0.759
27000,0.030,0.326,0.644
27500,0.030,0.217,0.753
28000,0.052,0.278,0.670
28500,0.031,0.257,0.712
29000,0.030,0.515,0.455
29500,0.030,0.335,0.635
30000,0.030,0.274,0.696
30500,0.030,0.184,0.786
31000,0.030,0.358,0.612
31500,0.030,0.469,0.501
32000,0.030,0.398,0.572
32500,0.055,0.337,0.608
33000,0.030,0.339,0.631
33500,0.030,0.330,0.640
34000,0.030,0.320,0.650
34500,0.043,0.099,0.858
35000,0.030,0.206,0.764
35500,0.030,0.388,0.582
36000,0.030,0.290,0.680
36500,0.030,0.320,0.650
37000,0.030,0.340,0.630
37500,0.030,0.293,0.677
38000,0.030,0.276,0.694
38500,0.030,0.293,0.677
39000,0.030,0.337,0.633
39500,0.030,0.285,0.685
40000,0.030,0.242,0.728
40500,0.030,0.312,0.658
41000,0.033,0.318,0.649
41500,0.030,0.218,0.752
42000,0.033,0.230,0.737
42500,0.030,0.359,0.611
43000,0.030,0.228,0.742
43500,0.030,0.283,0.687
44000,0.030,0.369,0.601
44500,0.030,0.298,0.672
45000,0.030,0.385,0.585
45500,0.030,0.298,0.672
46000,0.030,0.254,0.716
46500,0.030,0.244,0.726
47000,0.030,0.391,0.579
47500,0.030,0.375,0.595
48000,0.030,0.328,0.642
48500,0.030,0.219,0.751
49000,0.030,0.272,0.698
49500,0.030,0.251,0.719
50000,0.030,0.297,0.673
50500,0.030,0.363,0.607
51000,0.030,0.323,0.647
51500,0.030,0.354,0.616
52000,0.030,0.403,0.567
52500,0.030,0.335,0.635
53000,0.030,0.218,0.752
53500,0.030,0.390,0.580
54000,0.030,0.319,0.651
54500,0.031,0.324,0.645
55000,0.030,0.317,0.653
55500,0.030,0.455,0.515
56000,0.030,0.367,0.603
56500,0.030,0.390,0.580
57000,0.030,0.379,0.591
57500,0.030,0.316,0.654
58000,0.030,0.334,0.636
58500,0.030,0.277,0.693
59000,0.030,0.218,0.752
59500,0.030,0.272,0.698
60000,0.030,0.391,0.579
60500,0.030,0.282,0.688
61000,0.030,0.362,0.608
61500,0.030,0.436,0.534
62000,0.030,0.294,0.676
62500,0.030,0.220,0.750
63000,0.030,0.342,0.628
63500,0.030,0.410,0.560
64000,0.030,0.308,0.662
64500,0.037,0.150,0.813
65000,0.030,0.235,0.735
65500,0.030,0.386,0.584
66000,0.030,0.225,0.745
66500,0.030,0.288,0.682
67000,0.032,0.235,0.733
67500,0.030,0.343,0.627
68000,0.030,0.279,0.691
68500,0.030,0.244,0.726
69000,0.030,0.475,0.495
69500,0.030,0.310,0.660
70000,0.030,0.411,0.559
70500,0.030,0.315,0.655
71000,0.030,0.252,0.718
71500,0.030,0.328,0.642
72000,0.030,0.255,0.715
72500,0.030,0.328,0.642
73000,0.030,0.254,0.716
73500,0.030,0.263,0.707
74000,0.030,0.281,0.689
74500,0.030,0.372,0.598
75000,0.030,0.261,0.709
75500,0.030,0.356,0.614
76000,0.030,0.435,0.535
76500,0.030,0.407,0.563
77000,0.030,0.341,0.629
77500,0.030,0.306,0.664
78000,0.030,0.319,0.651
78500,0.030,0.333,0.637
79000,0.030,0.298,0.672
79500,0.030,0.274,0.696
80000,0.030,0.349,0.621
80500,0.030,0.343,0.627
81000,0.030,0.291,0.679
81500,0.030,0.327,0.643
82000,0.030,0.256,0.714
82500,0.030,0.327,0.643
83000,0.030,0.178,0.792
83500,0.030,0.214,0.756
84000,0.030,0.278,0.692
84500,0.030,0.279,0.691
85000,0.030,0.393,0.577
85500,0.030,0.320,0.650
86000,0.030,0.418,0.552
86500,0.073,0.076,0.851
87000,0.030,0.305,0.665
87500,0.030,0.280,0.690
88000,0.030,0.317,0.653
88500,0.030,0.303,0.667
89000,0.041,0.193,0.766
89500,0.030,0.192,0.778
90000,0.030,0.324,0.646
90500,0.030,0.459,0.511
91000,0.030,0.319,0.651
91500,0.030,0.330,0.640
92000,0.030,0.340,0.630
92500,0.030,0.285,0.685
93000,0.030,0.289,0.681
93500,0.030,0.319,0.651
94000,0.030,0.467,0.503
94500,0.030,0.428,0.542
95000,0.030,0.400,0.570
95500,0.030,0.163,0.807
96000,0.030,0.249,0.721
96500,0.030,0.355,0.615
97000,0.030,0.308,0.662
97500,0.030,0.301,0.669
98000,0.030,0.519,0.451
98500,0.030,0.323,0.647
99000,0.030,0.366,0.604
99500,0.030,0.413,0.557
100000,0.030,0.171,0.799
100500,0.030,0.311,0.659
101000,0.030,0.206,0.764
101500,0.030,0.267,0.703
102000,0.030,0.272,0.698
102500,0.030,0.252,0.718
103000,0.030,0.214,0.756
103500,0.030,0.365,0.605
104000,0.030,0.206,0.764
104500,0.030,0.233,0.737
105000,0.030,0.229,0.741
105500,0.030,0.312,0.658
106000,0.030,0.355,0.615
106500,0.030,0.335,0.635
107000,0.030,0.359,0.611
107500,0.030,0.433,0.537
108000,0.030,0.206,0.764
108500,0.030,0.339,0.631
109000,0.030,0.334,0.636
109500,0.030,0.289,0.681
110000,0.030,0.282,0.688
110500,0.030,0.379,0.591
111000,0.030,0.442,0.528
111500,0.030,0.350,0.620
112000,0.030,0.369,0.601
112500,0.064,0.099,0.837
113000,0.709,0.000,0.291
113500,0.864,0.000,0.136
114000,0.997,0.000,0.003
114500,1.000,0.000,0.000
