time,n_A+p,n_B,n_AB
500,0.030,0.885,0.085
1000,0.030,0.522,0.448
1500,0.030,0.400,0.570
2000,0.030,0.246,0.724
2500,0.030,0.286,0.684
3000,0.030,0.281,0.689
3500,0.030,0.372,0.598
4000,0.061,0.187,0.752
4500,0.064,0.172,0.764
5000,0.088,0.086,0.826
5500,0.484,0.001,0.515
6000,0.650,0.000,0.350
6500,0.573,0.000,0.427
7000,0.748,0.000,0.252
7500,0.837,0.000,0.163
8000,0.793,0.000,0.207
8500,0.869,0.000,0.131
9000,0.784,0.000,0.216
9500,0.771,0.000,0.229
10000,0.746,0.000,0.254
10500,0.793,0.000,0.207
11000,0.781,0.000,0.219
11500,0.675,0.000,0.325
12000,0.707,0.000,0.293
12500,0.564,0.000,0.436
13000,0.638,0.000,0.362
13500,0.776,0.000,0.224
14000,0.854,0.000,0.146
14500,0.789,0.000,0.211
15000,0.831,0.000,0.169
15500,0.734,0.000,0.266
16000,0.730,0.000,0.270
16500,0.799,0.000,0.201
17000,0.808,0.000,0.192
17500,0.785,0.000,0.215
18000,0.766,0.000,0.234
18500,0.806,0.000,0.194
19000,0.669,0.000,0.331
19500,0.552,0.000,0.448
20000,0.750,0.000,0.250
20500,0.706,0.000,0.294
21000,0.668,0.000,0.332
21500,0.783,0.000,0.217
22000,0.889,0.000,0.111
22500,0.790,0.000,0.210
23000,0.702,0.000,0.298
23500,0.688,0.000,0.312
24000,0.735,0.000,0.265
24500,0.748,0.000,0.252
25000,0.829,0.000,0.171
25500,0.815,0.000,0.185
26000,0.873,0.000,0.127
26500,0.873,0.000,0.127
27000,0.868,0.000,0.132
27500,0.785,0.000,0.215
28000,0.767,0.000,0.233
28500,0.798,0.000,0.202
29000,0.862,0.000,0.138
29500,0.861,0.000,0.139
30000,0.862,0.000,0.138
30500,0.779,0.000,0.221
31000,0.651,0.000,0.349
31500,0.494,0.000,0.506
32000,0.577,0.000,0.423
32500,0.753,0.000,0.247
33000,0.596,0.000,0.404
33500,0.558,0.000,0.442
34000,0.676,0.000,0.324
34500,0.642,0.000,0.358
35000,0.817,0.000,0.183
35500,0.866,0.000,0.134
36000,0.758,0.000,0.242
36500,0.751,0.000,0.249
37000,0.769,0.000,0.231
37500,0.690,0.000,0.310
38000,0.536,0.000,0.464
38500,0.720,0.000,0.280
39000,0.788,0.000,0.212
39500,0.890,0.000,0.110
40000,0.760,0.000,0.240
40500,0.741,0.000,0.259
41000,0.641,0.000,0.359
41500,0.730,0.000,0.270
42000,0.734,0.000,0.266
42500,0.856,0.000,0.144
43000,0.921,0.000,0.079
43500,0.813,0.000,0.187
44000,0.792,0.000,0.208
44500,0.763,0.000,0.237
45000,0.692,0.000,0.308
45500,0.719,0.000,0.281
46000,0.613,0.000,0.387
46500,0.592,0.000,0.408
47000,0.675,0.000,0.325
47500,0.793,0.000,0.207
48000,0.782,0.000,0.218
48500,0.940,0.000,0.060
49000,0.763,0.000,0.237
49500,0.725,0.000,0.275
50000,0.786,0.000,0.214
50500,0.646,0.000,0.354
51000,0.681,0.000,0.319
51500,0.679,0.000,0.321
52000,0.733,0.000,0.267
52500,0.745,0.000,0.255
53000,0.680,0.000,0.320
53500,0.729,0.000,0.271
54000,0.684,0.000,0.316
54500,0.820,0.000,0.180
55000,0.820,0.000,0.180
55500,0.761,0.000,0.239
56000,0.705,0.000,0.295
56500,0.655,0.000,0.345
57000,0.704,0.000,0.296
57500,0.644,0.000,0.356
58000,0.819,0.000,0.181
58500,0.754,0.000,0.246
59000,0.786,0.000,0.214
59500,0.940,0.000,0.060
60000,0.947,0.000,0.053
60500,0.925,0.000,0.075
61000,0.735,0.000,0.265
61500,0.762,0.000,0.238
62000,0.618,0.000,0.382
62500,0.603,0.000,0.397
63000,0.536,0.000,0.464
63500,0.678,0.000,0.322
64000,0.782,0.000,0.218
64500,0.698,0.000,0.302
65000,0.710,0.000,0.290
65500,0.762,0.000,0.238
66000,0.921,0.000,0.079
66500,0.900,0.000,0.100
67000,0.872,0.000,0.128
67500,0.811,0.000,0.189
68000,0.839,0.000,0.161
68500,0.853,0.000,0.147
69000,0.886,0.000,0.114
69500,0.808,0.000,0.192
70000,0.598,0.000,0.402
70500,0.617,0.000,0.383
71000,0.769,0.000,0.231
71500,0.817,0.000,0.183
72000,0.808,0.000,0.192
72500,0.705,0.000,0.295
73000,0.793,0.000,0.207
73500,0.768,0.000,0.232
74000,0.777,0.000,0.223
74500,0.683,0.000,0.317
75000,0.793,0.000,0.207
75500,0.746,0.000,0.254
76000,0.745,0.000,0.255
76500,0.756,0.000,0.244
77000,0.580,0.000,0.420
77500,0.679,0.000,0.321
78000,0.838,0.000,0.162
78500,0.836,0.000,0.164
79000,0.676,0.000,0.324
79500,0.556,0.000,0.444
80000,0.570,0.000,0.430
80500,0.733,0.000,0.267
81000,0.765,0.000,0.235
81500,0.751,0.000,0.249
82000,0.751,0.000,0.249
82500,0.683,0.000,0.317
83000,0.676,0.000,0.324
83500,0.727,0.000,0.273
84000,0.779,0.000,0.221
84500,0.782,0.000,0.218
85000,0.653,0.000,0.347
85500,0.642,0.000,0.358
86000,0.734,0.000,0.266
86500,0.743,0.000,0.257
87000,0.669,0.000,0.331
87500,0.788,0.000,0.212
88000,0.780,0.000,0.220
88500,0.709,0.000,0.291
89000,0.589,0.000,0.411
89500,0.691,0.000,0.309
90000,0.760,0.000,0.240
90500,0.757,0.000,0.243
91000,0.668,0.000,0.332
91500,0.783,0.000,0.217
92000,0.805,0.000,0.195
92500,0.880,0.000,0.120
93000,0.679,0.000,0.321
93500,0.665,0.000,0.335
94000,0.624,0.000,0.376
94500,0.791,0.000,0.209
95000,0.920,0.000,0.080
95500,0.763,0.000,0.237
96000,0.906,0.000,0.094
96500,0.867,0.000,0.133
97000,0.874,0.000,0.126
97500,0.822,0.000,0.178
98000,0.858,0.000,0.142
98500,0.911,0.000,0.089
99000,0.864,0.000,0.136
99500,0.877,0.000,0.123
100000,0.883,0.000,0.117
100500,0.764,0.000,0.236
101000,0.694,0.000,0.306
101500,0.691,0.000,0.309
102000,0.650,0.000,0.350
102500,0.602,0.000,0.398
103000,0.626,0.000,0.374
103500,0.702,0.000,0.298
104000,0.742,0.000,0.258
104500,0.738,0.000,0.262
105000,0.693,0.000,0.307
105500,0.632,0.000,0.368
106000,0.778,0.000,0.222
106500,0.732,0.000,0.268
107000,0.660,0.000,0.340
107500,0.700,0.000,0.300
108000,0.595,0.000,0.405
108500,0.689,0.000,0.311
109000,0.729,0.000,0.271
109500,0.754,0.000,0.246
110000,0.655,0.000,0.345
110500,0.674,0.000,0.326
111000,0.631,0.000,0.369
111500,0.582,0.000,0.418
112000,0.889,0.000,0.111
112500,0.931,0.000,0.069
113000,0.866,0.000,0.134
113500,0.775,0.000,0.225
114000,0.719,0.000,0.281
114500,0.853,0.000,0.147
115000,0.940,0.000,0.060
115500,0.865,0.000,0.135
116000,0.829,0.000,0.171
116500,0.821,0.000,0.179
117000,0.633,0.000,0.367
117500,0.677,0.000,0.323
118000,0.815,0.000,0.185
118500,0.836,0.000,0.164
119000,0.844,0.000,0.156
119500,0.737,0.000,0.263
120000,0.592,0.000,0.408
120500,0.728,0.000,0.272
121000,0.692,0.000,0.308
121500,0.763,0.000,0.237
122000,0.781,0.000,0.219
122500,0.766,0.000,0.234
123000,0.708,0.000,0.292
123500,0.793,0.000,0.207
124000,0.851,0.000,0.149
124500,0.870,0.000,0.130
125000,0.799,0.000,0.201
125500,0.843,0.000,0.157
126000,0.756,0.000,0.244
126500,0.716,0.000,0.284
127000,0.694,0.000,0.306
127500,0.645,0.000,0.355
128000,0.788,0.000,0.212
128500,0.767,0.000,0.233
129000,0.718,0.000,0.282
129500,0.711,0.000,0.289
130000,0.696,0.000,0.304
130500,0.682,0.000,0.318
131000,0.768,0.000,0.232
131500,0.869,0.000,0.131
132000,0.923,0.000,0.077
132500,0.966,0.000,0.034
133000,0.979,0.000,0.021
133500,0.990,0.000,0.010
134000,1.000,0.000,0.000
