time,n_A+p,n_B,n_AB
500,0.080,0.741,0.179
1000,0.080,0.711,0.209
1500,0.082,0.565,0.353
2000,0.086,0.557,0.357
2500,0.083,0.563,0.354
3000,0.083,0.480,0.437
3500,0.083,0.489,0.428
4000,0.089,0.504,0.407
4500,0.092,0.512,0.396
5000,0.087,0.518,0.395
5500,0.096,0.499,0.405
6000,0.088,0.550,0.362
6500,0.089,0.603,0.308
7000,0.082,0.527,0.391
7500,0.082,0.511,0.407
8000,0.081,0.524,0.395
8500,0.084,0.497,0.419
9000,0.080,0.557,0.363
9500,0.080,0.564,0.356
10000,0.087,0.523,0.390
10500,0.092,0.483,0.425
11000,0.106,0.434,0.460
11500,0.101,0.404,0.495
12000,0.089,0.373,0.538
12500,0.106,0.430,0.464
13000,0.100,0.439,0.461
13500,0.099,0.436,0.465
14000,0.109,0.401,0.490
14500,0.099,0.433,0.468
15000,0.087,0.490,0.423
15500,0.084,0.509,0.407
16000,0.090,0.506,0.404
16500,0.090,0.450,0.460
17000,0.086,0.461,0.453
17500,0.088,0.463,0.449
18000,0.090,0.510,0.400
18500,0.083,0.500,0.417
19000,0.081,0.503,0.416
19500,0.088,0.461,0.451
20000,0.085,0.498,0.417
20500,0.090,0.517,0.393
21000,0.094,0.494,0.412
21500,0.089,0.484,0.427
22000,0.091,0.498,0.411
22500,0.084,0.490,0.426
23000,0.085,0.490,0.425
23500,0.087,0.496,0.417
24000,0.096,0.500,0.404
24500,0.082,0.505,0.413
25000,0.081,0.553,0.366
25500,0.082,0.493,0.425
26000,0.084,0.534,0.382
26500,0.086,0.538,0.376
27000,0.082,0.552,0.366
27500,0.084,0.526,0.390
28000,0.082,0.523,0.395
28500,0.091,0.503,0.406
29000,0.093,0.471,0.436
29500,0.084,0.531,0.385
30000,0.088,0.483,0.429
30500,0.082,0.490,0.428
31000,0.093,0.477,0.430
31500,0.101,0.452,0.447
32000,0.099,0.366,0.535
32500,0.124,0.396,0.480
33000,0.125,0.404,0.471
33500,0.100,0.427,0.473
34000,0.094,0.456,0.450
34500,0.104,0.446,0.450
35000,0.104,0.425,0.471
35500,0.120,0.387,0.493
36000,0.104,0.373,0.523
36500,0.142,0.306,0.552
37000,0.156,0.294,0.550
37500,0.144,0.273,0.583
38000,0.164,0.326,0.510
38500,0.159,0.331,0.510
39000,0.141,0.357,0.502
39500,0.146,0.300,0.554
40000,0.168,0.232,0.600
40500,0.222,0.198,0.580
41000,0.303,0.117,0.580
41500,0.484,0.040,0.476
42000,0.692,0.007,0.301
42500,0.851,0.001,0.148
43000,0.937,0.000,0.063
43500,0.956,0.000,0.044
44000,0.965,0.000,0.035
44500,0.973,0.000,0.027
45000,0.972,0.000,0.028
45500,0.992,0.000,0.008
46000,0.990,0.000,0.010
46500,0.998,0.000,0.002
47000,0.999,0.000,0.001
47500,0.999,0.000,0.001
48000,1.000,0.000,0.000
