time,n_A+p,n_B,n_AB
500,0.050,0.586,0.364
1000,0.050,0.449,0.501
1500,0.050,0.360,0.590
2000,0.050,0.334,0.616
2500,0.050,0.339,0.611
3000,0.050,0.384,0.566
3500,0.050,0.426,0.524
4000,0.050,0.458,0.492
4500,0.050,0.515,0.435
5000,0.050,0.458,0.492
5500,0.057,0.363,0.580
6000,0.051,0.450,0.499
6500,0.050,0.421,0.529
7000,0.050,0.380,0.570
7500,0.050,0.427,0.523
8000,0.050,0.357,0.593
8500,0.050,0.449,0.501
9000,0.053,0.387,0.560
9500,0.050,0.373,0.577
10000,0.051,0.458,0.491
10500,0.050,0.422,0.528
11000,0.050,0.307,0.643
11500,0.050,0.459,0.491
12000,0.050,0.497,0.453
12500,0.050,0.492,0.458
13000,0.050,0.452,0.498
13500,0.050,0.400,0.550
14000,0.051,0.284,0.665
14500,0.050,0.430,0.520
15000,0.057,0.352,0.591
15500,0.050,0.410,0.540
16000,0.050,0.461,0.489
16500,0.050,0.435,0.515
17000,0.050,0.340,0.610
17500,0.050,0.430,0.520
18000,0.050,0.463,0.487
18500,0.050,0.359,0.591
19000,0.050,0.445,0.505
19500,0.051,0.405,0.544
20000,0.050,0.463,0.487
20500,0.050,0.389,0.561
21000,0.050,0.499,0.451
21500,0.050,0.423,0.527
22000,0.050,0.476,0.474
22500,0.051,0.316,0.633
23000,0.057,0.363,0.580
23500,0.059,0.327,0.614
24000,0.052,0.327,0.621
24500,0.058,0.384,0.558
25000,0.050,0.382,0.568
25500,0.050,0.380,0.570
26000,0.050,0.400,0.550
26500,0.051,0.368,0.581
27000,0.050,0.433,0.517
27500,0.059,0.430,0.511
28000,0.050,0.429,0.521
28500,0.050,0.432,0.518
29000,0.050,0.375,0.575
29500,0.054,0.386,0.560
30000,0.050,0.497,0.453
30500,0.050,0.497,0.453
31000,0.050,0.470,0.480
31500,0.050,0.456,0.494
32000,0.063,0.306,0.631
32500,0.051,0.478,0.471
33000,0.050,0.476,0.474
33500,0.050,0.422,0.528
34000,0.050,0.447,0.503
34500,0.050,0.398,0.552
35000,0.052,0.442,0.506
35500,0.056,0.322,0.622
36000,0.050,0.454,0.496
36500,0.050,0.385,0.565
37000,0.051,0.401,0.548
37500,0.050,0.389,0.561
38000,0.050,0.477,0.473
38500,0.050,0.453,0.497
39000,0.050,0.410,0.540
39500,0.050,0.485,0.465
40000,0.050,0.452,0.498
40500,0.050,0.447,0.503
41000,0.051,0.372,0.577
41500,0.051,0.365,0.584
42000,0.050,0.437,0.513
42500,0.050,0.348,0.602
43000,0.051,0.409,0.540
43500,0.050,0.375,0.575
44000,0.050,0.406,0.544
44500,0.050,0.428,0.522
45000,0.050,0.465,0.485
45500,0.050,0.452,0.498
46000,0.053,0.349,0.598
46500,0.059,0.311,0.630
47000,0.052,0.494,0.454
47500,0.050,0.415,0.535
48000,0.050,0.329,0.621
48500,0.050,0.338,0.612
49000,0.050,0.372,0.578
49500,0.057,0.317,0.626
50000,0.050,0.394,0.556
50500,0.051,0.290,0.659
51000,0.053,0.377,0.570
51500,0.054,0.463,0.483
52000,0.050,0.477,0.473
52500,0.050,0.442,0.508
53000,0.050,0.440,0.510
53500,0.055,0.383,0.562
54000,0.055,0.428,0.517
54500,0.050,0.591,0.359
55000,0.050,0.541,0.409
55500,0.050,0.372,0.578
56000,0.050,0.446,0.504
56500,0.050,0.411,0.539
57000,0.050,0.419,0.531
57500,0.083,0.259,0.658
58000,0.060,0.339,0.601
58500,0.051,0.326,0.623
59000,0.055,0.340,0.605
59500,0.050,0.345,0.605
60000,0.050,0.374,0.576
60500,0.068,0.292,0.640
61000,0.053,0.333,0.614
61500,0.050,0.399,0.551
62000,0.050,0.517,0.433
62500,0.050,0.329,0.621
63000,0.050,0.379,0.571
63500,0.050,0.448,0.502
64000,0.050,0.431,0.519
64500,0.050,0.442,0.508
65000,0.054,0.355,0.591
65500,0.050,0.366,0.584
66000,0.050,0.510,0.440
66500,0.058,0.368,0.574
67000,0.050,0.442,0.508
67500,0.050,0.447,0.503
68000,0.050,0.330,0.620
68500,0.050,0.408,0.542
69000,0.050,0.371,0.579
69500,0.050,0.400,0.550
70000,0.052,0.316,0.632
70500,0.051,0.363,0.586
71000,0.050,0.412,0.538
71500,0.050,0.376,0.574
72000,0.050,0.395,0.555
72500,0.074,0.304,0.622
73000,0.059,0.297,0.644
73500,0.050,0.337,0.613
74000,0.050,0.352,0.598
74500,0.050,0.420,0.530
75000,0.066,0.317,0.617
75500,0.050,0.311,0.639
76000,0.050,0.451,0.499
76500,0.050,0.394,0.556
77000,0.050,0.374,0.576
77500,0.050,0.391,0.559
78000,0.050,0.359,0.591
78500,0.051,0.393,0.556
79000,0.050,0.391,0.559
79500,0.058,0.282,0.660
80000,0.050,0.325,0.625
80500,0.050,0.392,0.558
81000,0.050,0.381,0.569
81500,0.050,0.396,0.554
82000,0.050,0.344,0.606
82500,0.052,0.303,0.645
83000,0.050,0.401,0.549
83500,0.050,0.332,0.618
84000,0.050,0.401,0.549
84500,0.050,0.455,0.495
85000,0.050,0.322,0.628
85500,0.050,0.433,0.517
86000,0.058,0.393,0.549
86500,0.050,0.444,0.506
87000,0.050,0.446,0.504
87500,0.054,0.387,0.559
88000,0.060,0.432,0.508
88500,0.060,0.345,0.595
89000,0.051,0.437,0.512
89500,0.050,0.383,0.567
90000,0.050,0.399,0.551
90500,0.050,0.417,0.533
91000,0.050,0.477,0.473
91500,0.050,0.420,0.530
92000,0.050,0.509,0.441
92500,0.050,0.392,0.558
93000,0.050,0.500,0.450
93500,0.050,0.377,0.573
94000,0.050,0.445,0.505
94500,0.050,0.486,0.464
95000,0.050,0.480,0.470
95500,0.050,0.479,0.471
96000,0.050,0.422,0.528
96500,0.054,0.357,0.589
97000,0.050,0.458,0.492
97500,0.050,0.335,0.615
98000,0.050,0.365,0.585
98500,0.050,0.372,0.578
99000,0.050,0.355,0.595
99500,0.055,0.371,0.574
100000,0.068,0.281,0.651
100500,0.053,0.358,0.589
101000,0.053,0.393,0.554
101500,0.050,0.302,0.648
102000,0.050,0.317,0.633
102500,0.058,0.356,0.586
103000,0.050,0.467,0.483
103500,0.050,0.449,0.501
104000,0.050,0.503,0.447
104500,0.050,0.461,0.489
105000,0.050,0.471,0.479
105500,0.050,0.383,0.567
106000,0.058,0.342,0.600
106500,0.050,0.425,0.525
107000,0.053,0.443,0.504
107500,0.050,0.401,0.549
108000,0.053,0.368,0.579
108500,0.062,0.418,0.520
109000,0.050,0.419,0.531
109500,0.050,0.505,0.445
110000,0.050,0.531,0.419
110500,0.050,0.412,0.538
111000,0.079,0.261,0.660
111500,0.084,0.229,0.687
112000,0.090,0.195,0.715
112500,0.117,0.146,0.737
113000,0.250,0.040,0.710
113500,0.726,0.000,0.274
114000,0.841,0.000,0.159
114500,0.938,0.000,0.062
115000,0.963,0.000,0.037
115500,0.978,0.000,0.022
116000,0.999,0.000,0.001
116500,1.000,0.000,0.000
