time,n_A+p,n_B,n_AB
500,0.605,0.000,0.395
1000,0.617,0.000,0.383
1500,0.447,0.000,0.553
2000,0.400,0.000,0.600
2500,0.732,0.000,0.268
3000,0.698,0.000,0.302
3500,0.497,0.000,0.503
4000,0.469,0.000,0.531
4500,0.744,0.000,0.256
5000,0.966,0.000,0.034
5500,0.784,0.000,0.216
6000,0.731,0.000,0.269
6500,0.882,0.000,0.118
7000,0.986,0.000,0.014
7500,0.595,0.000,0.405
8000,0.452,0.000,0.548
8500,0.662,0.000,0.338
9000,0.541,0.000,0.459
9500,0.727,0.000,0.273
10000,0.675,0.000,0.325
10500,0.612,0.000,0.388
11000,0.794,0.000,0.206
11500,0.681,0.000,0.319
12000,0.686,0.000,0.314
12500,0.632,0.000,0.368
13000,0.804,0.000,0.196
13500,0.704,0.000,0.296
14000,0.870,0.000,0.130
14500,0.675,0.000,0.325
15000,0.999,0.000,0.001
15500,1.000,0.000,0.000
