time,n_A+p,n_B,n_AB
500,0.080,0.627,0.293
1000,0.080,0.436,0.484
1500,0.089,0.389,0.522
2000,0.083,0.315,0.602
2500,0.083,0.288,0.629
3000,0.087,0.418,0.495
3500,0.084,0.372,0.544
4000,0.103,0.274,0.623
4500,0.166,0.196,0.638
5000,0.425,0.032,0.543
5500,0.867,0.000,0.133
6000,0.971,0.000,0.029
6500,0.998,0.000,0.002
7000,1.000,0.000,0.000
