time,n_A+p,n_B,n_AB
100,0.416,0.480,0.104
200,0.376,0.425,0.199
300,0.349,0.425,0.226
400,0.309,0.410,0.281
500,0.294,0.398,0.309
600,0.306,0.385,0.309
700,0.327,0.358,0.315
800,0.324,0.343,0.333
900,0.303,0.367,0.330
1000,0.278,0.385,0.336
1100,0.278,0.376,0.346
1200,0.284,0.379,0.336
1300,0.263,0.410,0.327
1400,0.266,0.407,0.327
1500,0.242,0.401,0.358
1600,0.232,0.373,0.394
1700,0.226,0.358,0.416
1800,0.223,0.388,0.388
1900,0.229,0.373,0.398
2000,0.229,0.355,0.416
2100,0.223,0.376,0.401
2200,0.235,0.398,0.367
2300,0.275,0.422,0.303
2400,0.257,0.453,0.291
2500,0.245,0.468,0.287
2600,0.217,0.520,0.263
2700,0.196,0.526,0.278
2800,0.168,0.538,0.294
2900,0.187,0.514,0.300
3000,0.187,0.541,0.272
3100,0.190,0.535,0.275
3200,0.187,0.544,0.269
3300,0.187,0.550,0.263
3400,0.202,0.526,0.272
3500,0.211,0.511,0.278
3600,0.235,0.511,0.254
3700,0.214,0.538,0.248
3800,0.208,0.535,0.257
3900,0.190,0.560,0.251
4000,0.165,0.566,0.269
4100,0.138,0.599,0.263
4200,0.131,0.575,0.294
4300,0.110,0.584,0.306
4400,0.128,0.590,0.281
4500,0.122,0.615,0.263
4600,0.147,0.618,0.235
4700,0.156,0.621,0.223
4800,0.138,0.609,0.254
4900,0.131,0.621,0.248
5000,0.159,0.587,0.254
5100,0.156,0.560,0.284
5200,0.159,0.593,0.248
5300,0.165,0.575,0.260
5400,0.141,0.596,0.263
5500,0.162,0.578,0.260
5600,0.159,0.581,0.260
5700,0.147,0.590,0.263
5800,0.153,0.587,0.260
5900,0.141,0.624,0.235
6000,0.138,0.606,0.257
6100,0.153,0.593,0.254
6200,0.165,0.606,0.229
6300,0.162,0.593,0.245
6400,0.165,0.572,0.263
6500,0.174,0.581,0.245
6600,0.165,0.572,0.263
6700,0.162,0.560,0.278
6800,0.196,0.575,0.229
6900,0.193,0.557,0.251
7000,0.183,0.572,0.245
7100,0.174,0.569,0.257
7200,0.180,0.547,0.272
7300,0.177,0.572,0.251
7400,0.153,0.584,0.263
7500,0.125,0.602,0.272
7600,0.122,0.621,0.257
7700,0.122,0.624,0.254
7800,0.125,0.618,0.257
7900,0.101,0.618,0.281
8000,0.131,0.615,0.254
8100,0.116,0.630,0.254
8200,0.141,0.630,0.229
8300,0.122,0.648,0.229
8400,0.113,0.630,0.257
8500,0.128,0.633,0.239
8600,0.122,0.609,0.269
8700,0.119,0.602,0.278
8800,0.110,0.630,0.260
8900,0.147,0.618,0.235
9000,0.138,0.593,0.269
9100,0.128,0.590,0.281
9200,0.110,0.612,0.278
9300,0.107,0.624,0.269
9400,0.116,0.596,0.287
9500,0.107,0.609,0.284
9600,0.095,0.657,0.248
9700,0.070,0.679,0.251
9800,0.076,0.679,0.245
9900,0.080,0.688,0.232
10000,0.101,0.691,0.208
10100,0.070,0.670,0.260
10200,0.098,0.654,0.248
10300,0.089,0.633,0.278
10400,0.080,0.673,0.248
10500,0.098,0.657,0.245
10600,0.098,0.709,0.193
10700,0.101,0.694,0.205
10800,0.122,0.719,0.159
10900,0.135,0.697,0.168
11000,0.116,0.691,0.193
11100,0.125,0.645,0.229
11200,0.119,0.648,0.232
11300,0.113,0.654,0.232
11400,0.101,0.648,0.251
11500,0.107,0.676,0.217
11600,0.083,0.697,0.220
11700,0.076,0.688,0.235
11800,0.070,0.716,0.214
11900,0.058,0.749,0.193
12000,0.049,0.761,0.190
12100,0.037,0.761,0.202
12200,0.028,0.777,0.196
12300,0.028,0.789,0.183
12400,0.024,0.798,0.177
12500,0.034,0.823,0.144
12600,0.021,0.829,0.150
12700,0.028,0.829,0.144
12800,0.024,0.817,0.159
12900,0.061,0.783,0.156
13000,0.046,0.774,0.180
13100,0.055,0.780,0.165
13200,0.046,0.789,0.165
13300,0.043,0.807,0.150
13400,0.028,0.801,0.171
13500,0.037,0.823,0.141
13600,0.028,0.829,0.144
13700,0.021,0.850,0.128
13800,0.018,0.881,0.101
13900,0.012,0.872,0.116
14000,0.009,0.899,0.092
14100,0.006,0.887,0.107
14200,0.031,0.872,0.098
14300,0.034,0.865,0.101
14400,0.028,0.875,0.098
14500,0.028,0.896,0.076
14600,0.015,0.899,0.086
14700,0.015,0.893,0.092
14800,0.006,0.881,0.113
14900,0.003,0.881,0.116
15000,0.015,0.878,0.107
15100,0.024,0.869,0.107
15200,0.012,0.856,0.131
15300,0.009,0.856,0.135
15400,0.021,0.850,0.128
15500,0.018,0.862,0.119
15600,0.024,0.878,0.098
15700,0.012,0.884,0.104
15800,0.015,0.887,0.098
15900,0.018,0.902,0.080
16000,0.015,0.905,0.080
16100,0.034,0.902,0.064
16200,0.024,0.890,0.086
16300,0.009,0.893,0.098
16400,0.009,0.899,0.092
16500,0.006,0.920,0.073
16600,0.003,0.920,0.076
16700,0.000,0.930,0.070
16800,0.000,0.930,0.070
16900,0.000,0.945,0.055
17000,0.000,0.945,0.055
17100,0.000,0.945,0.055
17200,0.000,0.945,0.055
17300,0.000,0.945,0.055
17400,0.000,0.954,0.046
17500,0.000,0.951,0.049
17600,0.000,0.954,0.046
17700,0.000,0.963,0.037
17800,0.000,0.963,0.037
17900,0.000,0.972,0.028
18000,0.000,0.985,0.015
18100,0.000,0.988,0.012
18200,0.000,0.994,0.006
18300,0.000,0.994,0.006
18400,0.000,0.994,0.006
18500,0.000,0.994,0.006
18600,0.000,0.994,0.006
18700,0.000,0.997,0.003
18800,0.000,0.997,0.003
18900,0.000,0.997,0.003
19000,0.000,0.997,0.003
19100,0.000,0.997,0.003
19200,0.000,0.997,0.003
19300,0.000,0.997,0.003
19400,0.000,0.997,0.003
19500,0.000,0.997,0.003
19600,0.000,0.997,0.003
19700,0.000,0.997,0.003
19800,0.000,0.994,0.006
19900,0.000,0.994,0.006
20000,0.000,0.994,0.006
20100,0.000,0.994,0.006
20200,0.000,0.994,0.006
20300,0.000,0.997,0.003
20400,0.000,0.997,0.003
20500,0.000,0.997,0.003
20600,0.000,0.997,0.003
20700,0.000,0.997,0.003
20800,0.000,0.997,0.003
20900,0.000,0.997,0.003
21000,0.000,0.997,0.003
21100,0.000,0.997,0.003
21200,0.000,0.997,0.003
21300,0.000,1.000,0.000
