time,n_A+p,n_B,n_AB
0,0.450,0.550,0.000
500,0.244,0.289,0.467
1000,0.218,0.192,0.590
1500,0.197,0.154,0.648
2000,0.232,0.130,0.637
2500,0.186,0.136,0.679
3000,0.207,0.115,0.678
3500,0.194,0.105,0.700
4000,0.139,0.112,0.749
4500,0.111,0.126,0.763
5000,0.094,0.172,0.734
5500,0.122,0.142,0.736
6000,0.084,0.161,0.755
6500,0.098,0.143,0.759
7000,0.133,0.122,0.745
7500,0.122,0.138,0.740
8000,0.138,0.118,0.744
8500,0.105,0.145,0.750
9000,0.104,0.144,0.752
9500,0.114,0.147,0.739
10000,0.119,0.136,0.745
10500,0.115,0.129,0.757
11000,0.070,0.169,0.761
11500,0.084,0.153,0.763
12000,0.089,0.127,0.784
12500,0.056,0.200,0.744
13000,0.073,0.238,0.689
13500,0.049,0.237,0.714
14000,0.061,0.232,0.708
14500,0.048,0.238,0.714
15000,0.056,0.194,0.750
15500,0.050,0.205,0.745
16000,0.048,0.211,0.742
16500,0.044,0.234,0.722
17000,0.041,0.237,0.721
17500,0.036,0.310,0.654
18000,0.028,0.280,0.692
18500,0.034,0.306,0.660
19000,0.029,0.317,0.654
19500,0.020,0.328,0.651
20000,0.029,0.338,0.633
20500,0.021,0.388,0.591
21000,0.015,0.419,0.567
21500,0.015,0.425,0.561
22000,0.013,0.419,0.568
22500,0.016,0.435,0.548
23000,0.015,0.471,0.515
23500,0.017,0.460,0.523
24000,0.011,0.397,0.592
24500,0.012,0.395,0.593
25000,0.008,0.456,0.536
25500,0.006,0.426,0.568
26000,0.007,0.371,0.622
26500,0.012,0.406,0.583
27000,0.012,0.342,0.647
27500,0.022,0.290,0.688
28000,0.038,0.298,0.664
28500,0.061,0.278,0.661
29000,0.051,0.329,0.620
29500,0.032,0.295,0.673
30000,0.031,0.301,0.668
30500,0.020,0.320,0.659
31000,0.021,0.328,0.651
31500,0.020,0.380,0.600
32000,0.026,0.406,0.568
32500,0.019,0.350,0.631
33000,0.017,0.404,0.579
33500,0.018,0.406,0.576
34000,0.039,0.328,0.633
34500,0.043,0.307,0.650
35000,0.059,0.261,0.680
35500,0.043,0.313,0.644
36000,0.062,0.285,0.654
36500,0.056,0.252,0.692
37000,0.023,0.249,0.729
37500,0.030,0.246,0.724
38000,0.034,0.285,0.681
38500,0.037,0.290,0.673
39000,0.030,0.345,0.625
39500,0.028,0.265,0.707
40000,0.033,0.263,0.704
40500,0.063,0.201,0.736
41000,0.052,0.198,0.749
41500,0.051,0.244,0.704
42000,0.047,0.264,0.689
42500,0.047,0.260,0.693
43000,0.026,0.300,0.674
43500,0.037,0.307,0.656
44000,0.068,0.280,0.652
44500,0.047,0.274,0.679
45000,0.041,0.288,0.671
45500,0.030,0.281,0.690
46000,0.025,0.306,0.669
46500,0.024,0.288,0.689
47000,0.034,0.301,0.665
47500,0.035,0.253,0.712
48000,0.029,0.278,0.693
48500,0.023,0.308,0.669
49000,0.016,0.315,0.669
49500,0.013,0.356,0.631
50000,0.012,0.345,0.643
50500,0.017,0.403,0.580
51000,0.009,0.426,0.565
51500,0.011,0.444,0.545
52000,0.012,0.473,0.515
52500,0.008,0.476,0.516
53000,0.009,0.460,0.531
53500,0.008,0.442,0.550
54000,0.003,0.425,0.572
54500,0.008,0.456,0.537
55000,0.009,0.453,0.538
55500,0.006,0.431,0.563
56000,0.012,0.415,0.573
56500,0.013,0.412,0.576
57000,0.021,0.353,0.626
57500,0.018,0.366,0.616
58000,0.040,0.320,0.640
58500,0.026,0.327,0.647
59000,0.026,0.300,0.674
59500,0.017,0.320,0.662
60000,0.014,0.292,0.694
60500,0.027,0.276,0.697
61000,0.029,0.236,0.736
61500,0.026,0.336,0.638
62000,0.020,0.341,0.639
62500,0.013,0.374,0.613
63000,0.011,0.409,0.580
63500,0.013,0.408,0.579
64000,0.024,0.350,0.625
64500,0.015,0.327,0.658
65000,0.010,0.340,0.650
65500,0.010,0.386,0.603
66000,0.011,0.434,0.555
66500,0.015,0.431,0.554
67000,0.008,0.399,0.593
67500,0.008,0.387,0.605
68000,0.007,0.409,0.584
68500,0.026,0.356,0.618
69000,0.025,0.332,0.643
69500,0.016,0.377,0.607
70000,0.010,0.419,0.572
70500,0.023,0.343,0.634
71000,0.027,0.336,0.637
71500,0.026,0.317,0.658
72000,0.025,0.310,0.665
72500,0.033,0.285,0.683
73000,0.036,0.264,0.700
73500,0.036,0.345,0.620
74000,0.022,0.339,0.639
74500,0.026,0.332,0.642
75000,0.030,0.271,0.700
75500,0.027,0.264,0.708
76000,0.014,0.309,0.677
76500,0.012,0.308,0.680
77000,0.013,0.303,0.684
77500,0.017,0.338,0.645
78000,0.023,0.345,0.632
78500,0.014,0.390,0.596
79000,0.016,0.366,0.619
79500,0.013,0.357,0.629
80000,0.019,0.357,0.624
80500,0.014,0.393,0.593
81000,0.010,0.396,0.594
81500,0.011,0.412,0.577
82000,0.008,0.413,0.580
82500,0.008,0.437,0.555
83000,0.013,0.375,0.612
83500,0.013,0.419,0.568
84000,0.019,0.373,0.609
84500,0.022,0.435,0.542
85000,0.013,0.474,0.513
85500,0.015,0.456,0.529
86000,0.009,0.426,0.565
86500,0.008,0.437,0.556
87000,0.008,0.430,0.562
87500,0.009,0.375,0.616
88000,0.006,0.435,0.559
88500,0.015,0.388,0.597
89000,0.007,0.384,0.609
89500,0.011,0.430,0.559
90000,0.019,0.370,0.612
90500,0.017,0.339,0.643
91000,0.016,0.381,0.604
91500,0.017,0.390,0.593
92000,0.020,0.354,0.625
92500,0.024,0.302,0.674
93000,0.033,0.315,0.653
93500,0.036,0.349,0.616
94000,0.042,0.342,0.615
94500,0.048,0.339,0.612
95000,0.043,0.352,0.605
95500,0.044,0.293,0.663
96000,0.042,0.267,0.691
96500,0.080,0.254,0.666
97000,0.065,0.264,0.671
97500,0.045,0.300,0.655
98000,0.051,0.271,0.678
98500,0.050,0.224,0.726
99000,0.037,0.218,0.746
99500,0.034,0.218,0.747
100000,0.024,0.257,0.719
100500,0.023,0.245,0.732
101000,0.027,0.256,0.717
101500,0.016,0.322,0.662
102000,0.013,0.290,0.696
102500,0.020,0.346,0.634
103000,0.019,0.345,0.636
103500,0.020,0.334,0.646
104000,0.013,0.323,0.664
104500,0.015,0.352,0.633
105000,0.013,0.368,0.618
105500,0.012,0.359,0.630
106000,0.013,0.388,0.598
106500,0.019,0.378,0.603
107000,0.017,0.364,0.619
107500,0.012,0.396,0.591
108000,0.009,0.489,0.502
108500,0.012,0.441,0.547
109000,0.010,0.370,0.620
109500,0.005,0.437,0.558
110000,0.008,0.378,0.615
110500,0.012,0.417,0.572
111000,0.015,0.419,0.567
111500,0.010,0.417,0.573
112000,0.010,0.443,0.547
112500,0.017,0.473,0.510
113000,0.009,0.467,0.523
113500,0.015,0.445,0.540
114000,0.006,0.454,0.540
114500,0.009,0.425,0.565
115000,0.008,0.435,0.557
115500,0.019,0.351,0.630
116000,0.017,0.370,0.612
116500,0.012,0.405,0.583
117000,0.037,0.277,0.686
117500,0.052,0.247,0.701
118000,0.047,0.231,0.722
118500,0.056,0.210,0.735
119000,0.066,0.198,0.735
119500,0.073,0.176,0.750
120000,0.077,0.226,0.696
120500,0.042,0.194,0.764
121000,0.050,0.229,0.721
121500,0.048,0.196,0.756
122000,0.049,0.207,0.744
122500,0.072,0.185,0.744
123000,0.044,0.226,0.730
123500,0.044,0.253,0.704
124000,0.029,0.275,0.697
124500,0.026,0.319,0.655
125000,0.027,0.267,0.706
125500,0.024,0.316,0.659
126000,0.035,0.274,0.691
126500,0.023,0.317,0.660
127000,0.017,0.392,0.591
127500,0.014,0.317,0.669
128000,0.010,0.368,0.622
128500,0.017,0.329,0.654
129000,0.013,0.360,0.627
129500,0.017,0.361,0.622
130000,0.009,0.360,0.631
130500,0.019,0.326,0.655
131000,0.015,0.363,0.623
131500,0.016,0.349,0.636
132000,0.022,0.295,0.684
132500,0.038,0.241,0.721
133000,0.029,0.268,0.704
133500,0.040,0.286,0.674
134000,0.027,0.339,0.634
134500,0.033,0.281,0.686
135000,0.033,0.267,0.700
135500,0.028,0.307,0.665
136000,0.016,0.302,0.682
136500,0.023,0.310,0.667
137000,0.024,0.281,0.695
137500,0.020,0.282,0.698
138000,0.020,0.303,0.678
138500,0.014,0.313,0.673
139000,0.024,0.292,0.684
139500,0.024,0.297,0.679
140000,0.036,0.256,0.709
140500,0.029,0.284,0.687
141000,0.025,0.291,0.684
141500,0.020,0.288,0.692
142000,0.023,0.340,0.637
142500,0.012,0.391,0.597
143000,0.015,0.393,0.593
143500,0.012,0.403,0.585
144000,0.020,0.362,0.618
144500,0.012,0.451,0.537
145000,0.016,0.396,0.587
145500,0.019,0.384,0.597
146000,0.016,0.374,0.611
146500,0.016,0.367,0.617
147000,0.013,0.366,0.620
147500,0.014,0.404,0.582
148000,0.008,0.322,0.669
148500,0.027,0.304,0.669
149000,0.025,0.317,0.658
149500,0.024,0.326,0.650
150000,0.020,0.343,0.636
150500,0.023,0.332,0.646
151000,0.024,0.299,0.678
151500,0.022,0.262,0.716
152000,0.019,0.265,0.716
152500,0.037,0.243,0.720
153000,0.027,0.240,0.733
153500,0.044,0.260,0.696
154000,0.036,0.286,0.678
154500,0.072,0.285,0.644
155000,0.076,0.229,0.695
155500,0.079,0.205,0.715
156000,0.065,0.180,0.755
156500,0.057,0.177,0.766
157000,0.066,0.162,0.772
157500,0.075,0.167,0.758
158000,0.104,0.162,0.735
158500,0.145,0.136,0.719
159000,0.104,0.121,0.775
159500,0.094,0.132,0.774
160000,0.160,0.092,0.748
160500,0.183,0.086,0.731
161000,0.194,0.087,0.719
161500,0.220,0.062,0.718
162000,0.235,0.052,0.713
162500,0.174,0.070,0.756
163000,0.176,0.066,0.757
163500,0.188,0.068,0.744
164000,0.200,0.072,0.729
164500,0.209,0.069,0.722
165000,0.159,0.063,0.778
165500,0.159,0.081,0.759
166000,0.183,0.070,0.747
166500,0.186,0.079,0.735
167000,0.192,0.071,0.737
167500,0.247,0.045,0.708
168000,0.253,0.037,0.710
168500,0.321,0.034,0.646
169000,0.275,0.030,0.694
169500,0.272,0.034,0.694
170000,0.304,0.027,0.669
170500,0.283,0.029,0.688
171000,0.239,0.045,0.715
171500,0.235,0.047,0.718
172000,0.201,0.069,0.731
172500,0.212,0.068,0.721
173000,0.187,0.046,0.767
173500,0.198,0.042,0.759
174000,0.184,0.054,0.763
174500,0.166,0.053,0.781
175000,0.144,0.091,0.764
175500,0.134,0.084,0.781
176000,0.197,0.068,0.735
176500,0.177,0.044,0.779
177000,0.183,0.066,0.751
177500,0.180,0.056,0.764
178000,0.235,0.048,0.717
178500,0.181,0.048,0.771
179000,0.179,0.062,0.759
179500,0.174,0.055,0.771
180000,0.173,0.079,0.748
180500,0.214,0.067,0.719
181000,0.267,0.034,0.698
181500,0.328,0.027,0.644
182000,0.319,0.029,0.653
182500,0.255,0.049,0.696
183000,0.276,0.037,0.687
183500,0.257,0.041,0.703
184000,0.260,0.037,0.703
184500,0.279,0.034,0.687
185000,0.308,0.028,0.664
185500,0.329,0.023,0.647
186000,0.292,0.026,0.682
186500,0.253,0.025,0.722
187000,0.299,0.019,0.683
187500,0.342,0.017,0.640
188000,0.314,0.024,0.661
188500,0.308,0.024,0.668
189000,0.289,0.025,0.686
189500,0.286,0.028,0.686
190000,0.327,0.045,0.628
190500,0.367,0.033,0.600
191000,0.413,0.032,0.555
191500,0.377,0.032,0.591
192000,0.409,0.020,0.571
192500,0.376,0.016,0.608
193000,0.368,0.019,0.613
193500,0.350,0.018,0.632
194000,0.326,0.026,0.648
194500,0.360,0.022,0.618
195000,0.448,0.021,0.531
195500,0.435,0.016,0.549
196000,0.405,0.019,0.576
196500,0.424,0.022,0.554
197000,0.394,0.019,0.587
197500,0.409,0.022,0.569
198000,0.375,0.021,0.604
198500,0.329,0.021,0.650
199000,0.335,0.022,0.643
199500,0.360,0.019,0.621
200000,0.378,0.020,0.602
200500,0.382,0.023,0.595
201000,0.363,0.020,0.618
201500,0.387,0.013,0.600
202000,0.410,0.016,0.573
202500,0.395,0.014,0.591
203000,0.359,0.014,0.627
203500,0.424,0.011,0.565
204000,0.487,0.010,0.502
204500,0.443,0.010,0.547
205000,0.472,0.012,0.516
205500,0.439,0.013,0.548
206000,0.337,0.020,0.643
206500,0.349,0.015,0.636
207000,0.376,0.017,0.607
207500,0.407,0.013,0.579
208000,0.404,0.016,0.580
208500,0.402,0.012,0.586
209000,0.346,0.013,0.641
209500,0.357,0.015,0.627
210000,0.358,0.017,0.625
210500,0.327,0.022,0.651
211000,0.323,0.017,0.659
211500,0.307,0.035,0.658
212000,0.278,0.031,0.692
212500,0.306,0.020,0.674
213000,0.317,0.023,0.660
213500,0.328,0.022,0.650
214000,0.306,0.024,0.670
214500,0.304,0.022,0.675
215000,0.360,0.012,0.629
215500,0.378,0.015,0.607
216000,0.405,0.015,0.580
216500,0.394,0.017,0.588
217000,0.346,0.015,0.639
217500,0.354,0.016,0.630
218000,0.327,0.022,0.652
218500,0.341,0.019,0.640
219000,0.322,0.030,0.647
219500,0.349,0.026,0.626
220000,0.322,0.045,0.633
220500,0.378,0.023,0.600
221000,0.439,0.011,0.549
221500,0.401,0.012,0.587
222000,0.429,0.018,0.553
222500,0.361,0.022,0.617
223000,0.366,0.017,0.618
223500,0.364,0.016,0.620
224000,0.284,0.025,0.691
224500,0.326,0.012,0.662
225000,0.349,0.018,0.633
225500,0.290,0.027,0.683
226000,0.251,0.040,0.709
226500,0.296,0.025,0.679
227000,0.357,0.025,0.618
227500,0.354,0.031,0.615
228000,0.325,0.029,0.647
228500,0.304,0.033,0.663
229000,0.346,0.025,0.629
229500,0.373,0.023,0.605
230000,0.369,0.020,0.611
230500,0.375,0.033,0.591
231000,0.369,0.027,0.604
231500,0.349,0.029,0.622
232000,0.318,0.037,0.645
232500,0.361,0.029,0.609
233000,0.364,0.020,0.616
233500,0.340,0.014,0.646
234000,0.305,0.012,0.683
234500,0.357,0.015,0.629
235000,0.352,0.017,0.630
235500,0.376,0.016,0.608
236000,0.373,0.017,0.609
236500,0.380,0.018,0.602
237000,0.358,0.017,0.625
237500,0.384,0.015,0.601
238000,0.303,0.024,0.673
238500,0.245,0.030,0.725
239000,0.257,0.040,0.704
239500,0.247,0.035,0.718
240000,0.215,0.051,0.733
240500,0.235,0.041,0.724
241000,0.217,0.038,0.745
241500,0.272,0.040,0.688
242000,0.289,0.025,0.686
242500,0.279,0.033,0.688
243000,0.327,0.024,0.649
243500,0.309,0.026,0.665
244000,0.314,0.020,0.665
244500,0.272,0.027,0.701
245000,0.308,0.028,0.664
245500,0.291,0.030,0.679
246000,0.296,0.023,0.680
246500,0.320,0.020,0.660
247000,0.374,0.023,0.603
247500,0.356,0.022,0.622
248000,0.332,0.020,0.647
248500,0.306,0.029,0.665
249000,0.328,0.022,0.650
249500,0.318,0.015,0.666
250000,0.329,0.016,0.654
250500,0.377,0.015,0.608
251000,0.357,0.017,0.626
251500,0.343,0.016,0.641
252000,0.331,0.024,0.645
252500,0.328,0.033,0.639
253000,0.294,0.034,0.672
253500,0.299,0.030,0.672
254000,0.299,0.040,0.662
254500,0.248,0.048,0.704
255000,0.230,0.051,0.719
255500,0.193,0.053,0.754
256000,0.201,0.062,0.737
256500,0.176,0.069,0.756
257000,0.172,0.076,0.752
257500,0.171,0.062,0.768
258000,0.181,0.049,0.769
258500,0.203,0.040,0.757
259000,0.201,0.037,0.761
259500,0.201,0.030,0.769
260000,0.232,0.024,0.744
260500,0.274,0.021,0.705
261000,0.363,0.020,0.618
261500,0.299,0.023,0.678
262000,0.310,0.022,0.669
262500,0.251,0.026,0.724
263000,0.237,0.040,0.723
263500,0.266,0.028,0.706
264000,0.282,0.028,0.690
264500,0.332,0.016,0.651
265000,0.306,0.028,0.666
265500,0.302,0.022,0.676
266000,0.367,0.015,0.618
266500,0.352,0.016,0.632
267000,0.275,0.023,0.701
267500,0.278,0.027,0.694
268000,0.265,0.021,0.714
268500,0.296,0.023,0.680
269000,0.297,0.028,0.675
269500,0.350,0.016,0.633
270000,0.328,0.015,0.657
270500,0.359,0.015,0.627
271000,0.311,0.015,0.674
271500,0.343,0.017,0.640
272000,0.349,0.017,0.634
272500,0.299,0.017,0.684
273000,0.325,0.020,0.655
273500,0.316,0.023,0.661
274000,0.323,0.022,0.655
274500,0.332,0.019,0.648
275000,0.310,0.033,0.657
275500,0.300,0.026,0.674
276000,0.363,0.034,0.602
276500,0.398,0.027,0.575
277000,0.397,0.029,0.574
277500,0.320,0.023,0.658
278000,0.385,0.014,0.601
278500,0.384,0.015,0.601
279000,0.387,0.015,0.598
279500,0.358,0.033,0.609
280000,0.372,0.019,0.609
280500,0.335,0.041,0.623
281000,0.331,0.045,0.623
281500,0.295,0.047,0.658
282000,0.243,0.045,0.711
282500,0.254,0.052,0.694
283000,0.227,0.049,0.724
283500,0.226,0.064,0.710
284000,0.250,0.057,0.693
284500,0.238,0.070,0.692
285000,0.232,0.058,0.710
285500,0.214,0.068,0.718
286000,0.218,0.072,0.710
286500,0.228,0.058,0.715
287000,0.216,0.043,0.741
287500,0.187,0.041,0.772
288000,0.189,0.053,0.758
288500,0.256,0.069,0.675
289000,0.236,0.075,0.689
289500,0.235,0.079,0.686
290000,0.213,0.054,0.733
290500,0.226,0.066,0.708
291000,0.203,0.075,0.722
291500,0.223,0.116,0.661
292000,0.198,0.109,0.693
292500,0.201,0.100,0.699
293000,0.230,0.094,0.676
293500,0.214,0.076,0.710
294000,0.236,0.091,0.673
294500,0.211,0.110,0.679
295000,0.184,0.131,0.685
295500,0.198,0.100,0.702
296000,0.174,0.100,0.726
296500,0.186,0.117,0.697
297000,0.168,0.135,0.697
297500,0.140,0.193,0.667
298000,0.132,0.187,0.681
298500,0.100,0.202,0.698
299000,0.093,0.182,0.725
299500,0.072,0.179,0.749
300000,0.069,0.221,0.711
300500,0.065,0.242,0.693
301000,0.049,0.259,0.692
301500,0.049,0.192,0.760
302000,0.047,0.215,0.738
302500,0.043,0.248,0.709
303000,0.060,0.251,0.689
303500,0.055,0.267,0.679
304000,0.066,0.237,0.697
304500,0.052,0.239,0.710
305000,0.040,0.275,0.685
305500,0.038,0.272,0.690
306000,0.033,0.249,0.718
306500,0.034,0.246,0.721
307000,0.041,0.218,0.741
307500,0.039,0.304,0.657
308000,0.033,0.271,0.696
308500,0.040,0.262,0.698
309000,0.035,0.326,0.639
309500,0.022,0.340,0.638
310000,0.016,0.319,0.665
310500,0.027,0.297,0.675
311000,0.021,0.325,0.654
311500,0.024,0.319,0.657
312000,0.021,0.299,0.680
312500,0.016,0.259,0.725
313000,0.023,0.275,0.702
313500,0.023,0.273,0.704
314000,0.013,0.343,0.643
314500,0.032,0.284,0.684
315000,0.021,0.296,0.683
315500,0.016,0.417,0.567
316000,0.020,0.382,0.598
316500,0.014,0.444,0.542
317000,0.010,0.442,0.547
317500,0.021,0.357,0.622
318000,0.015,0.382,0.603
318500,0.012,0.399,0.588
319000,0.015,0.424,0.561
319500,0.014,0.392,0.594
320000,0.021,0.388,0.591
320500,0.015,0.400,0.586
321000,0.012,0.430,0.559
321500,0.016,0.384,0.600
322000,0.012,0.382,0.606
322500,0.018,0.361,0.620
323000,0.019,0.328,0.653
323500,0.019,0.378,0.604
324000,0.013,0.349,0.637
324500,0.016,0.375,0.609
325000,0.012,0.386,0.602
325500,0.015,0.311,0.674
326000,0.020,0.327,0.654
326500,0.024,0.254,0.722
327000,0.022,0.269,0.709
327500,0.026,0.246,0.728
328000,0.033,0.208,0.759
328500,0.029,0.283,0.688
329000,0.030,0.307,0.663
329500,0.017,0.343,0.640
330000,0.033,0.303,0.664
330500,0.022,0.274,0.704
331000,0.022,0.284,0.694
331500,0.030,0.269,0.700
332000,0.023,0.291,0.686
332500,0.017,0.328,0.655
333000,0.017,0.345,0.639
333500,0.017,0.355,0.628
334000,0.012,0.329,0.658
334500,0.023,0.338,0.639
335000,0.014,0.350,0.636
335500,0.015,0.399,0.586
336000,0.013,0.353,0.633
336500,0.017,0.341,0.642
337000,0.014,0.326,0.660
337500,0.010,0.366,0.623
338000,0.012,0.391,0.597
338500,0.016,0.359,0.625
339000,0.024,0.310,0.666
339500,0.023,0.317,0.661
340000,0.022,0.278,0.701
340500,0.017,0.306,0.677
341000,0.024,0.338,0.637
341500,0.032,0.361,0.607
342000,0.025,0.346,0.629
342500,0.029,0.335,0.636
343000,0.026,0.283,0.690
343500,0.026,0.293,0.680
344000,0.044,0.287,0.669
344500,0.020,0.289,0.692
345000,0.017,0.349,0.634
345500,0.019,0.346,0.635
346000,0.019,0.327,0.654
346500,0.015,0.371,0.614
347000,0.015,0.352,0.633
347500,0.022,0.321,0.657
348000,0.029,0.343,0.628
348500,0.022,0.418,0.560
349000,0.026,0.393,0.581
349500,0.013,0.411,0.576
350000,0.026,0.359,0.615
350500,0.015,0.344,0.641
351000,0.022,0.400,0.578
351500,0.021,0.378,0.601
352000,0.022,0.290,0.688
352500,0.026,0.276,0.698
353000,0.027,0.238,0.735
353500,0.019,0.272,0.709
354000,0.026,0.261,0.714
354500,0.044,0.235,0.721
355000,0.051,0.198,0.751
355500,0.051,0.211,0.739
356000,0.054,0.208,0.738
356500,0.046,0.243,0.711
357000,0.029,0.261,0.710
357500,0.029,0.260,0.711
358000,0.020,0.349,0.631
358500,0.033,0.296,0.672
359000,0.050,0.245,0.705
359500,0.055,0.197,0.747
360000,0.055,0.219,0.726
360500,0.046,0.205,0.749
361000,0.056,0.212,0.731
361500,0.049,0.203,0.749
362000,0.047,0.205,0.748
362500,0.076,0.229,0.694
363000,0.045,0.221,0.734
363500,0.033,0.256,0.712
364000,0.040,0.257,0.703
364500,0.039,0.258,0.703
365000,0.024,0.288,0.688
365500,0.037,0.282,0.681
366000,0.028,0.243,0.729
366500,0.037,0.243,0.719
367000,0.068,0.230,0.703
367500,0.072,0.243,0.685
368000,0.069,0.254,0.677
368500,0.069,0.244,0.687
369000,0.052,0.226,0.722
369500,0.062,0.255,0.683
370000,0.051,0.267,0.682
370500,0.039,0.229,0.732
371000,0.048,0.262,0.690
371500,0.046,0.259,0.695
372000,0.043,0.267,0.690
372500,0.045,0.261,0.694
373000,0.061,0.243,0.696
373500,0.042,0.296,0.662
374000,0.055,0.264,0.681
374500,0.061,0.264,0.676
375000,0.046,0.293,0.661
375500,0.045,0.334,0.620
376000,0.027,0.367,0.605
376500,0.020,0.355,0.625
377000,0.023,0.414,0.562
377500,0.016,0.367,0.616
378000,0.017,0.361,0.622
378500,0.017,0.380,0.603
379000,0.021,0.390,0.589
379500,0.036,0.313,0.652
380000,0.030,0.324,0.646
380500,0.033,0.337,0.630
381000,0.026,0.337,0.637
381500,0.030,0.308,0.661
382000,0.021,0.325,0.654
382500,0.027,0.302,0.671
383000,0.018,0.324,0.658
383500,0.022,0.320,0.658
384000,0.024,0.290,0.686
384500,0.018,0.347,0.634
385000,0.017,0.375,0.608
385500,0.024,0.328,0.648
386000,0.020,0.342,0.637
386500,0.011,0.371,0.618
387000,0.017,0.319,0.664
387500,0.013,0.321,0.666
388000,0.019,0.305,0.676
388500,0.020,0.328,0.651
389000,0.020,0.344,0.636
389500,0.029,0.315,0.656
390000,0.029,0.289,0.682
390500,0.024,0.306,0.670
391000,0.029,0.306,0.665
391500,0.042,0.278,0.680
392000,0.020,0.301,0.679
392500,0.018,0.229,0.753
393000,0.024,0.299,0.677
393500,0.013,0.331,0.656
394000,0.012,0.332,0.657
394500,0.012,0.294,0.694
395000,0.020,0.313,0.668
395500,0.026,0.275,0.699
396000,0.022,0.308,0.670
396500,0.022,0.279,0.699
397000,0.019,0.312,0.669
397500,0.023,0.308,0.669
398000,0.019,0.306,0.676
398500,0.012,0.302,0.686
399000,0.026,0.315,0.659
399500,0.018,0.256,0.726
400000,0.020,0.234,0.746
400500,0.020,0.271,0.708
401000,0.011,0.329,0.659
401500,0.010,0.396,0.594
402000,0.027,0.378,0.595
402500,0.020,0.352,0.627
403000,0.012,0.377,0.611
403500,0.012,0.347,0.641
404000,0.020,0.279,0.701
404500,0.023,0.219,0.757
405000,0.020,0.290,0.690
405500,0.017,0.269,0.714
406000,0.028,0.264,0.708
406500,0.027,0.282,0.691
407000,0.051,0.207,0.742
407500,0.033,0.237,0.729
408000,0.037,0.247,0.716
408500,0.044,0.229,0.727
409000,0.044,0.222,0.734
409500,0.072,0.198,0.731
410000,0.082,0.175,0.743
410500,0.077,0.169,0.754
411000,0.068,0.189,0.743
411500,0.056,0.193,0.750
412000,0.048,0.189,0.763
412500,0.081,0.182,0.737
413000,0.063,0.187,0.750
413500,0.057,0.213,0.730
414000,0.049,0.190,0.761
414500,0.030,0.212,0.758
415000,0.042,0.229,0.729
415500,0.035,0.267,0.698
416000,0.043,0.244,0.712
416500,0.042,0.218,0.740
417000,0.033,0.232,0.735
417500,0.047,0.212,0.741
418000,0.057,0.226,0.717
418500,0.032,0.263,0.705
419000,0.024,0.242,0.734
419500,0.031,0.310,0.659
420000,0.026,0.296,0.679
420500,0.036,0.292,0.672
421000,0.029,0.326,0.645
421500,0.017,0.296,0.687
422000,0.023,0.338,0.639
422500,0.031,0.342,0.627
423000,0.018,0.355,0.627
423500,0.026,0.334,0.640
424000,0.033,0.264,0.703
424500,0.038,0.257,0.704
425000,0.027,0.280,0.693
425500,0.020,0.264,0.716
426000,0.036,0.283,0.682
426500,0.020,0.336,0.643
427000,0.022,0.328,0.650
427500,0.023,0.371,0.606
428000,0.017,0.400,0.583
428500,0.019,0.376,0.605
429000,0.038,0.354,0.607
429500,0.031,0.329,0.639
430000,0.041,0.289,0.670
430500,0.026,0.285,0.689
431000,0.038,0.253,0.708
431500,0.037,0.257,0.706
432000,0.031,0.229,0.740
432500,0.035,0.272,0.693
433000,0.023,0.286,0.691
433500,0.020,0.289,0.691
434000,0.026,0.254,0.720
434500,0.036,0.289,0.675
435000,0.024,0.278,0.698
435500,0.030,0.233,0.737
436000,0.023,0.269,0.708
436500,0.024,0.295,0.680
437000,0.023,0.352,0.625
437500,0.018,0.331,0.651
438000,0.029,0.289,0.682
438500,0.049,0.300,0.650
439000,0.025,0.320,0.655
439500,0.036,0.309,0.655
440000,0.031,0.299,0.670
440500,0.039,0.360,0.601
441000,0.022,0.310,0.668
441500,0.023,0.324,0.653
442000,0.014,0.388,0.598
442500,0.013,0.396,0.591
443000,0.013,0.368,0.619
443500,0.013,0.420,0.568
444000,0.011,0.439,0.550
444500,0.013,0.408,0.579
445000,0.018,0.374,0.608
445500,0.020,0.406,0.574
446000,0.020,0.394,0.586
446500,0.030,0.357,0.613
447000,0.020,0.341,0.639
447500,0.019,0.342,0.639
448000,0.019,0.308,0.673
448500,0.018,0.317,0.665
449000,0.011,0.339,0.650
449500,0.017,0.339,0.644
450000,0.017,0.311,0.672
450500,0.022,0.307,0.671
451000,0.028,0.293,0.679
451500,0.038,0.278,0.683
452000,0.027,0.295,0.679
452500,0.033,0.239,0.728
453000,0.056,0.221,0.724
453500,0.040,0.204,0.756
454000,0.030,0.242,0.728
454500,0.069,0.176,0.755
455000,0.084,0.190,0.726
455500,0.055,0.217,0.728
456000,0.065,0.205,0.731
456500,0.072,0.190,0.738
457000,0.040,0.235,0.725
457500,0.025,0.272,0.703
458000,0.034,0.260,0.705
458500,0.034,0.292,0.675
459000,0.036,0.288,0.676
459500,0.024,0.361,0.615
460000,0.024,0.348,0.627
460500,0.024,0.375,0.601
461000,0.027,0.325,0.648
461500,0.027,0.334,0.639
462000,0.030,0.315,0.655
462500,0.019,0.338,0.643
463000,0.020,0.348,0.632
463500,0.020,0.359,0.620
464000,0.019,0.317,0.665
464500,0.017,0.296,0.687
465000,0.030,0.258,0.712
465500,0.027,0.296,0.676
466000,0.017,0.360,0.622
466500,0.017,0.361,0.622
467000,0.015,0.357,0.628
467500,0.012,0.397,0.591
468000,0.016,0.342,0.641
468500,0.019,0.338,0.643
469000,0.016,0.308,0.676
469500,0.031,0.311,0.658
470000,0.019,0.317,0.665
470500,0.015,0.353,0.633
471000,0.024,0.310,0.666
471500,0.041,0.281,0.678
472000,0.036,0.231,0.733
472500,0.049,0.205,0.746
473000,0.056,0.215,0.729
473500,0.059,0.206,0.735
474000,0.054,0.224,0.723
474500,0.050,0.219,0.731
475000,0.033,0.268,0.699
475500,0.023,0.261,0.715
476000,0.024,0.297,0.679
476500,0.041,0.255,0.704
477000,0.029,0.279,0.692
477500,0.023,0.325,0.652
478000,0.020,0.304,0.676
478500,0.020,0.323,0.657
479000,0.016,0.378,0.605
479500,0.024,0.336,0.639
480000,0.023,0.322,0.655
480500,0.030,0.318,0.651
481000,0.027,0.320,0.653
481500,0.030,0.336,0.634
482000,0.024,0.345,0.631
482500,0.025,0.348,0.627
483000,0.037,0.371,0.593
483500,0.031,0.391,0.578
484000,0.022,0.382,0.597
484500,0.015,0.381,0.604
485000,0.021,0.329,0.650
485500,0.030,0.331,0.639
486000,0.031,0.320,0.649
486500,0.026,0.330,0.644
487000,0.029,0.287,0.684
487500,0.029,0.282,0.689
488000,0.063,0.232,0.704
488500,0.068,0.210,0.722
489000,0.049,0.216,0.735
489500,0.048,0.214,0.738
490000,0.056,0.225,0.719
490500,0.069,0.234,0.697
491000,0.065,0.240,0.696
491500,0.047,0.256,0.697
492000,0.059,0.220,0.721
492500,0.055,0.255,0.690
493000,0.048,0.233,0.718
493500,0.049,0.274,0.677
494000,0.065,0.284,0.651
494500,0.063,0.240,0.697
495000,0.079,0.240,0.681
495500,0.088,0.230,0.682
496000,0.061,0.259,0.680
496500,0.049,0.243,0.708
497000,0.060,0.221,0.719
497500,0.080,0.242,0.678
498000,0.082,0.220,0.698
498500,0.056,0.231,0.713
499000,0.036,0.284,0.680
499500,0.041,0.270,0.689
500000,0.042,0.267,0.691
500500,0.044,0.285,0.671
501000,0.067,0.264,0.669
501500,0.049,0.216,0.735
502000,0.054,0.226,0.720
502500,0.064,0.180,0.756
503000,0.097,0.173,0.730
503500,0.126,0.153,0.721
504000,0.104,0.154,0.742
504500,0.128,0.136,0.736
505000,0.103,0.127,0.769
505500,0.122,0.125,0.753
506000,0.122,0.119,0.759
506500,0.099,0.107,0.794
507000,0.100,0.107,0.793
507500,0.099,0.104,0.797
508000,0.112,0.091,0.797
508500,0.151,0.070,0.779
509000,0.112,0.102,0.786
509500,0.123,0.105,0.772
510000,0.140,0.095,0.765
510500,0.162,0.109,0.729
511000,0.195,0.060,0.745
511500,0.258,0.051,0.691
512000,0.307,0.040,0.653
512500,0.292,0.029,0.679
513000,0.316,0.031,0.653
513500,0.328,0.033,0.639
514000,0.331,0.031,0.638
514500,0.341,0.026,0.633
515000,0.327,0.024,0.648
515500,0.349,0.018,0.633
516000,0.300,0.026,0.675
516500,0.322,0.022,0.656
517000,0.293,0.032,0.675
517500,0.304,0.025,0.671
518000,0.333,0.022,0.645
518500,0.315,0.024,0.661
519000,0.321,0.016,0.663
519500,0.359,0.022,0.619
520000,0.343,0.027,0.630
520500,0.324,0.031,0.645
521000,0.346,0.014,0.640
521500,0.341,0.013,0.646
522000,0.371,0.013,0.616
522500,0.370,0.020,0.609
523000,0.359,0.024,0.618
523500,0.382,0.013,0.605
524000,0.393,0.018,0.589
524500,0.366,0.013,0.621
525000,0.357,0.016,0.626
525500,0.331,0.014,0.655
526000,0.355,0.020,0.625
526500,0.320,0.018,0.662
527000,0.307,0.015,0.678
527500,0.299,0.024,0.676
528000,0.289,0.026,0.685
528500,0.283,0.033,0.684
529000,0.236,0.034,0.730
529500,0.265,0.048,0.687
530000,0.310,0.024,0.666
530500,0.335,0.029,0.637
531000,0.342,0.016,0.642
531500,0.385,0.014,0.601
532000,0.409,0.012,0.579
532500,0.449,0.008,0.544
533000,0.432,0.006,0.561
533500,0.408,0.010,0.582
534000,0.370,0.011,0.619
534500,0.417,0.010,0.573
535000,0.438,0.012,0.549
535500,0.396,0.016,0.588
536000,0.378,0.016,0.607
536500,0.391,0.010,0.600
537000,0.390,0.016,0.594
537500,0.377,0.013,0.611
538000,0.342,0.015,0.643
538500,0.357,0.011,0.632
539000,0.374,0.013,0.613
539500,0.362,0.020,0.618
540000,0.344,0.015,0.641
540500,0.373,0.015,0.612
541000,0.382,0.015,0.604
541500,0.350,0.012,0.639
542000,0.359,0.015,0.626
542500,0.360,0.013,0.627
543000,0.299,0.022,0.679
543500,0.293,0.029,0.678
544000,0.275,0.030,0.695
544500,0.265,0.033,0.701
545000,0.273,0.028,0.699
545500,0.287,0.017,0.696
546000,0.261,0.027,0.711
546500,0.302,0.020,0.678
547000,0.330,0.022,0.648
547500,0.385,0.021,0.594
548000,0.356,0.030,0.614
548500,0.418,0.017,0.565
549000,0.374,0.022,0.604
549500,0.340,0.022,0.638
550000,0.265,0.033,0.701
550500,0.315,0.030,0.655
551000,0.327,0.026,0.647
551500,0.307,0.032,0.661
552000,0.354,0.028,0.618
552500,0.283,0.038,0.679
553000,0.265,0.030,0.705
553500,0.320,0.036,0.644
554000,0.343,0.039,0.618
554500,0.352,0.030,0.618
555000,0.355,0.025,0.620
555500,0.402,0.019,0.580
556000,0.346,0.019,0.635
556500,0.323,0.048,0.629
557000,0.264,0.037,0.699
557500,0.236,0.049,0.715
558000,0.269,0.044,0.687
558500,0.250,0.051,0.700
559000,0.237,0.062,0.701
559500,0.251,0.052,0.696
560000,0.251,0.050,0.698
560500,0.254,0.040,0.706
561000,0.265,0.031,0.704
561500,0.266,0.057,0.677
562000,0.249,0.036,0.716
562500,0.270,0.023,0.707
563000,0.296,0.031,0.673
563500,0.330,0.033,0.637
564000,0.299,0.026,0.676
564500,0.291,0.034,0.675
565000,0.320,0.017,0.663
565500,0.338,0.022,0.640
566000,0.376,0.023,0.601
566500,0.354,0.017,0.629
567000,0.346,0.012,0.642
567500,0.340,0.013,0.647
568000,0.336,0.013,0.650
568500,0.254,0.024,0.721
569000,0.275,0.026,0.699
569500,0.274,0.031,0.694
570000,0.272,0.026,0.701
570500,0.288,0.016,0.696
571000,0.237,0.028,0.735
571500,0.238,0.021,0.741
572000,0.288,0.013,0.699
572500,0.260,0.015,0.726
573000,0.237,0.017,0.746
573500,0.266,0.027,0.707
574000,0.264,0.066,0.671
574500,0.260,0.052,0.688
575000,0.298,0.039,0.663
575500,0.273,0.022,0.705
576000,0.299,0.030,0.671
576500,0.316,0.026,0.658
577000,0.317,0.015,0.668
577500,0.286,0.018,0.696
578000,0.300,0.013,0.686
578500,0.349,0.015,0.636
579000,0.326,0.023,0.651
579500,0.254,0.045,0.701
580000,0.272,0.044,0.683
580500,0.222,0.058,0.720
581000,0.253,0.045,0.702
581500,0.233,0.051,0.716
582000,0.230,0.045,0.725
582500,0.265,0.058,0.677
583000,0.286,0.034,0.680
583500,0.307,0.035,0.658
584000,0.299,0.026,0.675
584500,0.350,0.020,0.630
585000,0.320,0.019,0.661
585500,0.314,0.039,0.647
586000,0.372,0.027,0.601
586500,0.437,0.017,0.546
587000,0.446,0.014,0.540
587500,0.401,0.026,0.573
588000,0.361,0.024,0.614
588500,0.342,0.024,0.633
589000,0.318,0.032,0.650
589500,0.297,0.027,0.675
590000,0.290,0.030,0.680
590500,0.292,0.026,0.682
591000,0.286,0.015,0.699
591500,0.300,0.015,0.685
592000,0.322,0.022,0.656
592500,0.278,0.031,0.690
593000,0.328,0.023,0.650
593500,0.278,0.024,0.698
594000,0.288,0.033,0.680
594500,0.246,0.034,0.720
595000,0.270,0.026,0.704
595500,0.282,0.017,0.701
596000,0.312,0.013,0.675
596500,0.295,0.021,0.684
597000,0.294,0.023,0.683
597500,0.278,0.023,0.699
598000,0.374,0.017,0.608
598500,0.375,0.013,0.611
599000,0.389,0.012,0.600
599500,0.431,0.009,0.559
600000,0.437,0.006,0.558
600500,0.425,0.009,0.566
601000,0.479,0.009,0.512
601500,0.473,0.002,0.525
602000,0.493,0.004,0.503
602500,0.458,0.007,0.536
603000,0.431,0.012,0.556
603500,0.442,0.012,0.546
604000,0.477,0.008,0.515
604500,0.471,0.009,0.520
605000,0.445,0.009,0.546
605500,0.424,0.010,0.566
606000,0.491,0.010,0.499
606500,0.524,0.010,0.466
607000,0.481,0.012,0.508
607500,0.457,0.012,0.531
608000,0.406,0.007,0.587
608500,0.396,0.010,0.593
609000,0.444,0.012,0.544
609500,0.483,0.009,0.508
610000,0.523,0.009,0.468
610500,0.502,0.005,0.493
611000,0.480,0.007,0.513
611500,0.464,0.006,0.530
612000,0.468,0.008,0.524
612500,0.471,0.003,0.526
613000,0.427,0.012,0.561
613500,0.410,0.013,0.577
614000,0.369,0.018,0.613
614500,0.359,0.020,0.620
615000,0.296,0.019,0.685
615500,0.307,0.023,0.670
616000,0.296,0.015,0.689
616500,0.321,0.017,0.662
617000,0.317,0.023,0.660
617500,0.311,0.019,0.670
618000,0.289,0.032,0.679
618500,0.319,0.026,0.655
619000,0.314,0.024,0.661
619500,0.268,0.028,0.704
620000,0.226,0.053,0.721
620500,0.199,0.036,0.765
621000,0.208,0.032,0.760
621500,0.251,0.038,0.711
622000,0.254,0.032,0.714
622500,0.244,0.026,0.729
623000,0.255,0.028,0.717
623500,0.264,0.039,0.697
624000,0.323,0.036,0.641
624500,0.332,0.026,0.641
625000,0.299,0.031,0.670
625500,0.277,0.027,0.696
626000,0.306,0.031,0.664
626500,0.292,0.025,0.683
627000,0.296,0.028,0.676
627500,0.213,0.049,0.738
628000,0.272,0.032,0.696
628500,0.297,0.029,0.674
629000,0.254,0.026,0.720
629500,0.395,0.013,0.592
630000,0.459,0.013,0.527
630500,0.415,0.014,0.571
631000,0.373,0.020,0.608
631500,0.359,0.023,0.618
632000,0.343,0.030,0.627
632500,0.336,0.029,0.635
633000,0.355,0.030,0.615
633500,0.383,0.019,0.598
634000,0.393,0.010,0.597
634500,0.444,0.019,0.538
635000,0.386,0.024,0.590
635500,0.371,0.022,0.607
636000,0.403,0.022,0.575
636500,0.355,0.012,0.633
637000,0.384,0.016,0.601
637500,0.371,0.019,0.611
638000,0.391,0.010,0.600
638500,0.432,0.009,0.559
639000,0.425,0.010,0.565
639500,0.448,0.009,0.543
640000,0.418,0.013,0.569
640500,0.452,0.009,0.539
641000,0.434,0.012,0.554
641500,0.463,0.022,0.516
642000,0.419,0.023,0.558
642500,0.396,0.018,0.586
643000,0.327,0.035,0.638
643500,0.352,0.026,0.622
644000,0.353,0.019,0.627
644500,0.321,0.024,0.654
645000,0.336,0.029,0.635
645500,0.361,0.025,0.614
646000,0.292,0.037,0.671
646500,0.324,0.027,0.649
647000,0.339,0.023,0.639
647500,0.341,0.024,0.634
648000,0.292,0.020,0.688
648500,0.299,0.024,0.677
649000,0.248,0.033,0.719
649500,0.207,0.049,0.743
650000,0.201,0.070,0.729
650500,0.193,0.073,0.734
651000,0.211,0.053,0.736
651500,0.192,0.065,0.744
652000,0.250,0.054,0.696
652500,0.247,0.045,0.707
653000,0.263,0.030,0.707
653500,0.256,0.024,0.720
654000,0.289,0.027,0.685
654500,0.243,0.024,0.733
655000,0.236,0.037,0.728
655500,0.256,0.023,0.721
656000,0.201,0.047,0.753
656500,0.185,0.041,0.774
657000,0.176,0.050,0.774
657500,0.183,0.068,0.749
658000,0.147,0.082,0.771
658500,0.172,0.065,0.764
659000,0.146,0.065,0.789
659500,0.175,0.076,0.749
660000,0.161,0.077,0.762
660500,0.147,0.072,0.781
661000,0.171,0.088,0.741
661500,0.220,0.062,0.718
662000,0.219,0.052,0.729
662500,0.190,0.047,0.763
663000,0.183,0.056,0.761
663500,0.204,0.045,0.750
664000,0.203,0.046,0.751
664500,0.171,0.044,0.785
665000,0.206,0.031,0.763
665500,0.250,0.042,0.708
666000,0.205,0.042,0.753
666500,0.187,0.041,0.772
667000,0.257,0.035,0.708
667500,0.217,0.031,0.752
668000,0.235,0.037,0.728
668500,0.253,0.027,0.720
669000,0.265,0.029,0.706
669500,0.296,0.026,0.678
670000,0.274,0.029,0.697
670500,0.321,0.026,0.653
671000,0.295,0.017,0.689
671500,0.272,0.020,0.707
672000,0.286,0.019,0.696
672500,0.325,0.020,0.655
673000,0.306,0.013,0.681
673500,0.331,0.017,0.651
674000,0.295,0.028,0.678
674500,0.310,0.030,0.661
675000,0.230,0.038,0.732
675500,0.292,0.029,0.680
676000,0.246,0.030,0.724
676500,0.292,0.021,0.687
677000,0.295,0.023,0.682
677500,0.307,0.014,0.679
678000,0.278,0.018,0.704
678500,0.315,0.012,0.673
679000,0.353,0.014,0.633
679500,0.353,0.012,0.635
680000,0.410,0.010,0.580
680500,0.451,0.012,0.538
681000,0.432,0.009,0.559
681500,0.360,0.026,0.615
682000,0.349,0.027,0.625
682500,0.371,0.015,0.614
683000,0.353,0.015,0.632
683500,0.354,0.019,0.627
684000,0.305,0.022,0.673
684500,0.342,0.019,0.639
685000,0.387,0.020,0.593
685500,0.375,0.022,0.604
686000,0.346,0.013,0.641
686500,0.321,0.014,0.665
687000,0.332,0.011,0.657
687500,0.347,0.017,0.636
688000,0.393,0.012,0.595
688500,0.394,0.010,0.596
689000,0.295,0.026,0.679
689500,0.292,0.020,0.687
690000,0.259,0.038,0.703
690500,0.243,0.031,0.725
691000,0.284,0.030,0.686
691500,0.265,0.024,0.711
692000,0.276,0.033,0.692
692500,0.317,0.027,0.655
693000,0.391,0.020,0.589
693500,0.388,0.016,0.595
694000,0.374,0.016,0.611
694500,0.385,0.016,0.599
695000,0.342,0.020,0.637
695500,0.395,0.015,0.590
696000,0.413,0.015,0.572
696500,0.402,0.021,0.577
697000,0.388,0.019,0.594
697500,0.451,0.013,0.537
698000,0.416,0.013,0.571
698500,0.384,0.015,0.602
699000,0.388,0.016,0.596
699500,0.385,0.016,0.600
700000,0.327,0.022,0.652
700500,0.347,0.023,0.630
701000,0.331,0.029,0.641
701500,0.398,0.017,0.585
702000,0.385,0.029,0.586
702500,0.375,0.017,0.607
703000,0.352,0.022,0.626
703500,0.353,0.020,0.627
704000,0.321,0.026,0.653
704500,0.318,0.022,0.660
705000,0.293,0.016,0.692
705500,0.348,0.017,0.635
706000,0.373,0.019,0.608
706500,0.342,0.017,0.641
707000,0.363,0.020,0.618
707500,0.396,0.013,0.591
708000,0.381,0.009,0.611
708500,0.393,0.013,0.594
709000,0.418,0.014,0.568
709500,0.401,0.015,0.584
710000,0.464,0.013,0.523
710500,0.506,0.011,0.483
711000,0.503,0.015,0.482
711500,0.538,0.010,0.452
712000,0.497,0.010,0.492
712500,0.464,0.007,0.529
713000,0.449,0.010,0.541
713500,0.404,0.010,0.586
714000,0.453,0.010,0.537
714500,0.452,0.010,0.538
715000,0.456,0.011,0.533
715500,0.451,0.008,0.541
716000,0.361,0.033,0.605
716500,0.377,0.020,0.602
717000,0.368,0.024,0.608
717500,0.361,0.034,0.604
718000,0.285,0.042,0.673
718500,0.265,0.044,0.691
719000,0.252,0.065,0.683
719500,0.274,0.038,0.688
720000,0.279,0.029,0.692
720500,0.328,0.022,0.650
721000,0.395,0.016,0.590
721500,0.438,0.034,0.528
722000,0.396,0.032,0.572
722500,0.362,0.037,0.601
723000,0.365,0.020,0.615
723500,0.379,0.017,0.604
724000,0.421,0.016,0.563
724500,0.434,0.013,0.554
725000,0.470,0.013,0.517
725500,0.428,0.007,0.565
726000,0.452,0.017,0.531
726500,0.401,0.018,0.581
727000,0.395,0.030,0.576
727500,0.391,0.025,0.584
728000,0.366,0.022,0.612
728500,0.373,0.040,0.588
729000,0.343,0.030,0.627
729500,0.366,0.029,0.605
730000,0.388,0.029,0.584
730500,0.339,0.027,0.634
731000,0.284,0.044,0.672
731500,0.249,0.027,0.724
732000,0.275,0.044,0.682
732500,0.308,0.065,0.627
733000,0.286,0.072,0.643
733500,0.311,0.033,0.656
734000,0.345,0.034,0.621
734500,0.363,0.040,0.597
735000,0.261,0.054,0.685
735500,0.283,0.068,0.650
736000,0.250,0.047,0.703
736500,0.237,0.051,0.711
737000,0.241,0.068,0.691
737500,0.203,0.073,0.724
738000,0.256,0.054,0.690
738500,0.257,0.059,0.684
739000,0.326,0.057,0.617
739500,0.359,0.031,0.610
740000,0.347,0.025,0.628
740500,0.370,0.025,0.605
741000,0.360,0.014,0.626
741500,0.320,0.019,0.661
742000,0.361,0.020,0.619
742500,0.364,0.019,0.618
743000,0.332,0.032,0.636
743500,0.263,0.036,0.701
744000,0.230,0.030,0.740
744500,0.246,0.027,0.726
745000,0.289,0.037,0.673
745500,0.231,0.037,0.732
746000,0.369,0.038,0.593
746500,0.290,0.043,0.666
747000,0.321,0.031,0.648
747500,0.302,0.029,0.669
748000,0.300,0.038,0.661
748500,0.297,0.026,0.677
749000,0.300,0.022,0.679
749500,0.269,0.029,0.702
750000,0.235,0.029,0.736
750500,0.236,0.037,0.727
751000,0.249,0.030,0.722
751500,0.290,0.028,0.682
752000,0.347,0.028,0.625
752500,0.366,0.029,0.605
753000,0.336,0.037,0.627
753500,0.329,0.031,0.640
754000,0.265,0.030,0.705
754500,0.327,0.029,0.645
755000,0.352,0.018,0.630
755500,0.356,0.024,0.620
756000,0.315,0.023,0.662
756500,0.284,0.029,0.687
757000,0.324,0.027,0.650
757500,0.303,0.020,0.677
758000,0.217,0.042,0.741
758500,0.213,0.044,0.743
759000,0.219,0.050,0.731
759500,0.242,0.044,0.715
760000,0.261,0.022,0.717
760500,0.302,0.017,0.681
761000,0.321,0.010,0.669
761500,0.307,0.016,0.677
762000,0.312,0.015,0.673
762500,0.303,0.027,0.671
763000,0.328,0.017,0.655
763500,0.334,0.015,0.651
764000,0.360,0.019,0.621
764500,0.328,0.022,0.650
765000,0.377,0.017,0.605
765500,0.407,0.013,0.579
766000,0.372,0.010,0.618
766500,0.334,0.010,0.656
767000,0.388,0.013,0.599
767500,0.433,0.009,0.558
768000,0.467,0.005,0.527
768500,0.464,0.004,0.532
769000,0.437,0.008,0.556
769500,0.430,0.007,0.563
770000,0.428,0.013,0.559
770500,0.420,0.013,0.567
771000,0.361,0.013,0.625
771500,0.386,0.021,0.593
772000,0.347,0.019,0.634
772500,0.396,0.008,0.596
773000,0.346,0.012,0.642
773500,0.391,0.007,0.602
774000,0.413,0.006,0.581
774500,0.409,0.009,0.582
775000,0.475,0.009,0.516
775500,0.407,0.007,0.586
776000,0.367,0.024,0.609
776500,0.335,0.028,0.637
777000,0.360,0.020,0.619
777500,0.461,0.015,0.524
778000,0.378,0.013,0.609
778500,0.403,0.017,0.580
779000,0.367,0.020,0.613
779500,0.313,0.020,0.667
780000,0.324,0.025,0.651
780500,0.281,0.017,0.703
781000,0.287,0.019,0.694
781500,0.331,0.015,0.654
782000,0.357,0.014,0.629
782500,0.323,0.019,0.658
783000,0.356,0.013,0.631
783500,0.341,0.016,0.643
784000,0.334,0.032,0.634
784500,0.327,0.028,0.646
785000,0.371,0.021,0.608
785500,0.364,0.014,0.622
786000,0.374,0.028,0.598
786500,0.413,0.027,0.561
787000,0.397,0.019,0.584
787500,0.421,0.011,0.568
788000,0.428,0.009,0.563
788500,0.416,0.015,0.569
789000,0.373,0.011,0.616
789500,0.342,0.025,0.633
790000,0.392,0.015,0.593
790500,0.459,0.009,0.531
791000,0.423,0.005,0.573
791500,0.414,0.003,0.583
792000,0.359,0.008,0.634
792500,0.368,0.004,0.627
793000,0.396,0.007,0.597
793500,0.430,0.007,0.563
794000,0.434,0.004,0.562
794500,0.318,0.006,0.676
795000,0.366,0.010,0.624
795500,0.338,0.012,0.651
796000,0.335,0.009,0.656
796500,0.357,0.009,0.634
797000,0.345,0.023,0.632
797500,0.311,0.023,0.666
798000,0.324,0.047,0.629
798500,0.346,0.041,0.613
799000,0.336,0.023,0.641
799500,0.347,0.030,0.623
800000,0.273,0.040,0.687
800500,0.252,0.037,0.711
801000,0.300,0.024,0.676
801500,0.286,0.033,0.682
802000,0.286,0.024,0.690
802500,0.253,0.027,0.720
803000,0.253,0.041,0.707
803500,0.204,0.054,0.743
