time,n_A+p,n_B,n_AB
100,0.380,0.471,0.148
200,0.334,0.417,0.249
300,0.290,0.378,0.332
400,0.282,0.356,0.363
500,0.269,0.320,0.411
600,0.247,0.314,0.439
700,0.244,0.289,0.467
800,0.242,0.265,0.493
900,0.218,0.251,0.530
1000,0.227,0.239,0.534
1100,0.224,0.231,0.545
1200,0.240,0.218,0.541
1300,0.228,0.226,0.545
1400,0.214,0.214,0.572
1500,0.202,0.230,0.568
1600,0.186,0.242,0.572
1700,0.176,0.245,0.579
1800,0.169,0.233,0.598
1900,0.159,0.236,0.605
2000,0.165,0.230,0.605
2100,0.165,0.221,0.614
2200,0.161,0.200,0.639
2300,0.165,0.187,0.648
2400,0.169,0.188,0.643
2500,0.172,0.194,0.634
2600,0.158,0.185,0.657
2700,0.150,0.199,0.651
2800,0.155,0.182,0.663
2900,0.166,0.156,0.678
3000,0.189,0.156,0.655
3100,0.175,0.169,0.656
3200,0.165,0.162,0.673
3300,0.170,0.153,0.678
3400,0.156,0.171,0.673
3500,0.158,0.173,0.668
3600,0.159,0.172,0.669
3700,0.159,0.171,0.669
3800,0.163,0.161,0.676
3900,0.169,0.167,0.664
4000,0.195,0.151,0.654
4100,0.200,0.141,0.659
4200,0.201,0.131,0.668
4300,0.207,0.132,0.661
4400,0.235,0.127,0.638
4500,0.211,0.120,0.668
4600,0.207,0.125,0.668
4700,0.238,0.125,0.637
4800,0.280,0.130,0.590
4900,0.282,0.119,0.599
5000,0.254,0.118,0.628
5100,0.243,0.108,0.648
5200,0.248,0.109,0.643
5300,0.237,0.111,0.651
5400,0.236,0.112,0.653
5500,0.232,0.125,0.644
5600,0.211,0.118,0.671
5700,0.235,0.126,0.640
5800,0.216,0.120,0.664
5900,0.229,0.115,0.655
6000,0.244,0.111,0.646
6100,0.246,0.113,0.641
6200,0.261,0.103,0.636
6300,0.236,0.105,0.659
6400,0.236,0.099,0.665
6500,0.244,0.090,0.666
6600,0.257,0.088,0.655
6700,0.293,0.082,0.625
6800,0.286,0.079,0.634
6900,0.282,0.076,0.643
7000,0.281,0.077,0.642
7100,0.302,0.072,0.626
7200,0.283,0.066,0.651
7300,0.289,0.070,0.641
7400,0.311,0.073,0.616
7500,0.334,0.065,0.601
7600,0.339,0.073,0.588
7700,0.347,0.063,0.590
7800,0.338,0.062,0.601
7900,0.352,0.062,0.587
8000,0.366,0.064,0.570
8100,0.359,0.060,0.581
8200,0.343,0.059,0.598
8300,0.377,0.057,0.566
8400,0.389,0.055,0.556
8500,0.362,0.054,0.584
8600,0.400,0.049,0.551
8700,0.436,0.047,0.517
8800,0.462,0.050,0.488
8900,0.478,0.048,0.474
9000,0.481,0.045,0.474
9100,0.476,0.046,0.478
9200,0.477,0.046,0.477
9300,0.513,0.043,0.444
9400,0.519,0.041,0.440
9500,0.522,0.040,0.438
9600,0.524,0.038,0.438
9700,0.533,0.038,0.429
9800,0.494,0.037,0.469
9900,0.485,0.036,0.479
10000,0.470,0.033,0.497
10100,0.491,0.032,0.477
10200,0.493,0.031,0.476
10300,0.477,0.030,0.494
10400,0.482,0.028,0.490
10500,0.478,0.027,0.495
10600,0.477,0.027,0.496
10700,0.499,0.026,0.475
10800,0.525,0.029,0.446
10900,0.558,0.026,0.416
11000,0.580,0.025,0.395
11100,0.559,0.026,0.415
11200,0.562,0.026,0.412
11300,0.567,0.024,0.409
11400,0.595,0.024,0.381
11500,0.600,0.023,0.378
11600,0.616,0.021,0.363
11700,0.579,0.020,0.402
11800,0.588,0.019,0.393
11900,0.593,0.018,0.389
12000,0.605,0.021,0.374
12100,0.597,0.019,0.384
12200,0.580,0.020,0.400
12300,0.582,0.022,0.396
12400,0.582,0.018,0.400
12500,0.569,0.017,0.414
12600,0.566,0.017,0.416
12700,0.579,0.017,0.405
12800,0.581,0.017,0.402
12900,0.590,0.017,0.393
13000,0.599,0.017,0.384
13100,0.623,0.015,0.363
13200,0.651,0.016,0.333
13300,0.677,0.016,0.307
13400,0.672,0.015,0.313
13500,0.648,0.015,0.338
13600,0.631,0.015,0.354
13700,0.636,0.015,0.349
13800,0.627,0.015,0.359
13900,0.640,0.013,0.346
14000,0.632,0.012,0.356
14100,0.639,0.012,0.349
14200,0.595,0.012,0.392
14300,0.575,0.016,0.409
14400,0.587,0.015,0.398
14500,0.611,0.013,0.377
14600,0.606,0.013,0.381
14700,0.592,0.015,0.393
14800,0.609,0.013,0.377
14900,0.581,0.012,0.407
15000,0.590,0.013,0.398
15100,0.594,0.012,0.393
15200,0.569,0.014,0.417
15300,0.576,0.013,0.411
15400,0.601,0.013,0.386
15500,0.561,0.012,0.427
15600,0.573,0.012,0.414
15700,0.594,0.012,0.395
15800,0.615,0.010,0.375
15900,0.624,0.015,0.361
16000,0.634,0.013,0.353
16100,0.647,0.013,0.339
16200,0.630,0.011,0.359
16300,0.633,0.010,0.356
16400,0.612,0.010,0.377
16500,0.626,0.009,0.364
16600,0.589,0.008,0.403
16700,0.567,0.009,0.424
16800,0.595,0.010,0.394
16900,0.594,0.010,0.396
17000,0.621,0.010,0.368
17100,0.638,0.009,0.353
17200,0.628,0.008,0.364
17300,0.645,0.011,0.344
17400,0.661,0.010,0.328
17500,0.672,0.010,0.317
17600,0.686,0.010,0.304
17700,0.712,0.009,0.278
17800,0.728,0.009,0.264
17900,0.704,0.012,0.284
18000,0.705,0.010,0.285
18100,0.714,0.009,0.277
18200,0.742,0.009,0.249
18300,0.725,0.010,0.264
18400,0.702,0.009,0.289
18500,0.713,0.009,0.278
18600,0.739,0.008,0.253
18700,0.745,0.008,0.247
18800,0.750,0.008,0.242
18900,0.724,0.008,0.268
19000,0.745,0.007,0.248
19100,0.737,0.009,0.254
19200,0.736,0.006,0.258
19300,0.727,0.006,0.267
19400,0.729,0.005,0.265
19500,0.728,0.005,0.268
19600,0.704,0.004,0.292
19700,0.693,0.004,0.303
19800,0.676,0.005,0.320
19900,0.650,0.005,0.345
20000,0.648,0.006,0.346
20100,0.657,0.006,0.338
20200,0.634,0.007,0.359
20300,0.632,0.005,0.363
20400,0.656,0.005,0.339
20500,0.662,0.006,0.332
20600,0.671,0.005,0.324
20700,0.661,0.008,0.332
20800,0.700,0.006,0.294
20900,0.711,0.005,0.283
21000,0.718,0.007,0.275
21100,0.704,0.006,0.290
21200,0.691,0.005,0.304
21300,0.701,0.005,0.293
21400,0.721,0.005,0.274
21500,0.710,0.005,0.285
21600,0.708,0.005,0.288
21700,0.714,0.004,0.282
21800,0.679,0.004,0.317
21900,0.653,0.003,0.343
22000,0.637,0.005,0.358
22100,0.664,0.006,0.329
22200,0.682,0.005,0.313
22300,0.697,0.006,0.297
22400,0.697,0.006,0.297
22500,0.696,0.006,0.298
22600,0.658,0.006,0.335
22700,0.708,0.005,0.286
22800,0.718,0.005,0.278
22900,0.719,0.003,0.277
23000,0.707,0.003,0.289
23100,0.710,0.003,0.286
23200,0.685,0.003,0.311
23300,0.681,0.005,0.314
23400,0.682,0.005,0.313
23500,0.662,0.006,0.331
23600,0.692,0.008,0.301
23700,0.683,0.009,0.308
23800,0.687,0.007,0.306
23900,0.715,0.006,0.279
24000,0.724,0.007,0.269
24100,0.731,0.006,0.263
24200,0.725,0.005,0.270
24300,0.726,0.006,0.268
24400,0.771,0.006,0.223
24500,0.774,0.006,0.221
24600,0.782,0.006,0.211
24700,0.774,0.006,0.221
24800,0.779,0.004,0.217
24900,0.748,0.005,0.247
25000,0.736,0.005,0.259
25100,0.726,0.006,0.268
25200,0.729,0.005,0.266
25300,0.758,0.003,0.239
25400,0.750,0.003,0.247
25500,0.772,0.003,0.225
25600,0.766,0.003,0.231
25700,0.759,0.003,0.238
25800,0.771,0.003,0.226
25900,0.785,0.003,0.212
26000,0.779,0.004,0.217
26100,0.776,0.003,0.220
26200,0.791,0.003,0.205
26300,0.787,0.002,0.211
26400,0.797,0.002,0.200
26500,0.802,0.002,0.196
26600,0.778,0.002,0.219
26700,0.763,0.003,0.234
26800,0.776,0.006,0.218
26900,0.760,0.005,0.236
27000,0.738,0.006,0.256
27100,0.750,0.006,0.244
27200,0.732,0.005,0.264
27300,0.747,0.005,0.249
27400,0.742,0.006,0.253
27500,0.760,0.006,0.234
27600,0.750,0.003,0.247
27700,0.729,0.005,0.267
27800,0.741,0.005,0.254
27900,0.749,0.003,0.248
28000,0.753,0.006,0.241
28100,0.739,0.007,0.254
28200,0.719,0.007,0.274
28300,0.732,0.006,0.262
28400,0.724,0.007,0.269
28500,0.709,0.007,0.284
28600,0.715,0.005,0.280
28700,0.721,0.006,0.274
28800,0.706,0.009,0.285
28900,0.708,0.008,0.285
29000,0.693,0.008,0.299
29100,0.669,0.008,0.323
29200,0.708,0.006,0.285
29300,0.737,0.005,0.258
29400,0.737,0.006,0.257
29500,0.743,0.007,0.250
29600,0.744,0.006,0.249
29700,0.754,0.006,0.240
29800,0.739,0.006,0.255
29900,0.751,0.009,0.240
30000,0.729,0.005,0.265
30100,0.724,0.005,0.272
30200,0.733,0.005,0.263
30300,0.729,0.005,0.266
30400,0.757,0.003,0.239
30500,0.776,0.003,0.221
30600,0.795,0.003,0.202
30700,0.799,0.003,0.198
30800,0.802,0.003,0.196
30900,0.815,0.003,0.182
31000,0.814,0.003,0.183
31100,0.817,0.003,0.180
31200,0.799,0.003,0.198
31300,0.806,0.003,0.191
31400,0.815,0.004,0.181
31500,0.824,0.005,0.171
31600,0.814,0.005,0.182
31700,0.809,0.004,0.187
31800,0.805,0.004,0.191
31900,0.797,0.004,0.198
32000,0.775,0.004,0.221
32100,0.777,0.003,0.219
32200,0.757,0.003,0.240
32300,0.736,0.003,0.261
32400,0.747,0.003,0.250
32500,0.727,0.004,0.269
32600,0.682,0.003,0.315
32700,0.714,0.004,0.282
32800,0.724,0.004,0.272
32900,0.712,0.003,0.285
33000,0.735,0.003,0.262
33100,0.724,0.002,0.274
33200,0.699,0.002,0.299
33300,0.712,0.002,0.285
33400,0.716,0.003,0.281
33500,0.680,0.005,0.315
33600,0.680,0.003,0.316
33700,0.687,0.003,0.310
33800,0.683,0.005,0.312
33900,0.668,0.005,0.327
34000,0.644,0.005,0.351
34100,0.623,0.006,0.371
34200,0.629,0.004,0.367
34300,0.645,0.005,0.350
34400,0.632,0.005,0.363
34500,0.629,0.006,0.365
34600,0.591,0.005,0.405
34700,0.605,0.007,0.388
34800,0.601,0.006,0.393
34900,0.597,0.007,0.396
35000,0.649,0.004,0.347
35100,0.650,0.004,0.346
35200,0.650,0.004,0.346
35300,0.665,0.006,0.329
35400,0.681,0.006,0.313
35500,0.668,0.005,0.327
35600,0.678,0.005,0.317
35700,0.650,0.005,0.345
35800,0.666,0.005,0.329
35900,0.668,0.007,0.325
36000,0.689,0.010,0.301
36100,0.658,0.008,0.335
36200,0.664,0.006,0.331
36300,0.674,0.004,0.322
36400,0.685,0.003,0.311
36500,0.685,0.005,0.310
36600,0.663,0.005,0.332
36700,0.643,0.003,0.354
36800,0.671,0.003,0.326
36900,0.682,0.003,0.315
37000,0.701,0.003,0.296
37100,0.667,0.006,0.327
37200,0.692,0.005,0.303
37300,0.697,0.006,0.297
37400,0.723,0.006,0.271
37500,0.707,0.005,0.288
37600,0.710,0.005,0.285
37700,0.728,0.006,0.265
37800,0.692,0.005,0.303
37900,0.702,0.006,0.292
38000,0.672,0.006,0.322
38100,0.687,0.005,0.308
38200,0.682,0.004,0.314
38300,0.681,0.003,0.316
38400,0.700,0.003,0.296
38500,0.722,0.003,0.275
38600,0.686,0.003,0.311
38700,0.694,0.006,0.299
38800,0.694,0.004,0.302
38900,0.714,0.003,0.283
39000,0.712,0.003,0.285
39100,0.708,0.005,0.287
39200,0.720,0.007,0.273
39300,0.753,0.003,0.243
39400,0.785,0.002,0.212
39500,0.783,0.002,0.215
39600,0.729,0.002,0.268
39700,0.714,0.002,0.283
39800,0.728,0.002,0.270
39900,0.708,0.002,0.289
40000,0.700,0.002,0.297
40100,0.713,0.002,0.285
40200,0.723,0.002,0.275
40300,0.719,0.002,0.278
40400,0.732,0.002,0.266
40500,0.750,0.002,0.247
40600,0.773,0.002,0.225
40700,0.763,0.002,0.235
40800,0.768,0.002,0.230
40900,0.760,0.002,0.238
41000,0.758,0.002,0.239
41100,0.763,0.003,0.235
41200,0.733,0.004,0.263
41300,0.741,0.003,0.256
41400,0.721,0.003,0.275
41500,0.729,0.004,0.267
41600,0.726,0.006,0.268
41700,0.711,0.009,0.279
41800,0.729,0.008,0.263
41900,0.739,0.007,0.254
42000,0.749,0.005,0.246
42100,0.714,0.004,0.282
42200,0.721,0.003,0.276
42300,0.717,0.002,0.281
42400,0.686,0.003,0.310
42500,0.693,0.003,0.304
42600,0.708,0.003,0.289
42700,0.740,0.002,0.257
42800,0.726,0.002,0.271
42900,0.726,0.005,0.269
43000,0.724,0.005,0.271
43100,0.739,0.005,0.257
43200,0.728,0.005,0.267
43300,0.708,0.005,0.288
43400,0.659,0.003,0.338
43500,0.647,0.003,0.350
43600,0.688,0.002,0.310
43700,0.711,0.002,0.287
43800,0.721,0.002,0.277
43900,0.725,0.002,0.273
44000,0.728,0.002,0.271
44100,0.750,0.002,0.248
44200,0.763,0.002,0.236
44300,0.774,0.002,0.225
44400,0.782,0.002,0.216
44500,0.802,0.002,0.196
44600,0.810,0.002,0.189
44700,0.818,0.002,0.180
44800,0.821,0.002,0.178
44900,0.826,0.002,0.172
45000,0.818,0.002,0.180
45100,0.821,0.002,0.178
45200,0.828,0.002,0.171
45300,0.824,0.002,0.175
45400,0.819,0.002,0.179
45500,0.824,0.002,0.174
45600,0.820,0.002,0.179
45700,0.831,0.002,0.168
45800,0.853,0.002,0.145
45900,0.847,0.002,0.151
46000,0.829,0.002,0.169
46100,0.796,0.002,0.202
46200,0.809,0.002,0.189
46300,0.802,0.002,0.197
46400,0.778,0.002,0.220
46500,0.778,0.003,0.219
46600,0.757,0.003,0.240
46700,0.764,0.002,0.235
46800,0.772,0.002,0.226
46900,0.767,0.002,0.232
47000,0.765,0.002,0.233
47100,0.769,0.002,0.229
47200,0.772,0.002,0.226
47300,0.761,0.002,0.237
47400,0.760,0.002,0.239
47500,0.734,0.002,0.264
47600,0.738,0.002,0.260
47700,0.753,0.002,0.246
47800,0.758,0.002,0.240
47900,0.781,0.002,0.217
48000,0.776,0.003,0.221
48100,0.747,0.002,0.251
48200,0.752,0.002,0.246
48300,0.782,0.002,0.216
48400,0.792,0.002,0.207
48500,0.768,0.003,0.229
48600,0.771,0.002,0.227
48700,0.776,0.002,0.222
48800,0.774,0.003,0.223
48900,0.774,0.003,0.223
49000,0.783,0.005,0.211
49100,0.788,0.003,0.208
49200,0.753,0.003,0.244
49300,0.764,0.003,0.233
49400,0.757,0.002,0.240
49500,0.770,0.002,0.228
49600,0.777,0.002,0.221
49700,0.786,0.002,0.211
49800,0.776,0.002,0.221
49900,0.765,0.002,0.233
50000,0.747,0.002,0.251
50100,0.750,0.002,0.247
50200,0.759,0.002,0.239
50300,0.753,0.002,0.244
50400,0.753,0.002,0.244
50500,0.760,0.002,0.237
50600,0.760,0.002,0.238
50700,0.750,0.002,0.248
50800,0.775,0.002,0.223
50900,0.793,0.002,0.205
51000,0.810,0.002,0.188
51100,0.812,0.002,0.186
51200,0.823,0.002,0.175
51300,0.825,0.002,0.173
51400,0.818,0.003,0.179
51500,0.816,0.003,0.181
51600,0.803,0.005,0.192
51700,0.801,0.006,0.193
51800,0.799,0.004,0.197
51900,0.813,0.004,0.183
52000,0.816,0.003,0.180
52100,0.831,0.003,0.166
52200,0.830,0.003,0.167
52300,0.788,0.002,0.210
52400,0.807,0.002,0.190
52500,0.808,0.003,0.189
52600,0.807,0.003,0.190
52700,0.830,0.002,0.168
52800,0.842,0.002,0.156
52900,0.827,0.002,0.171
53000,0.839,0.002,0.159
53100,0.836,0.003,0.161
53200,0.832,0.003,0.165
53300,0.822,0.003,0.175
53400,0.833,0.002,0.165
53500,0.834,0.002,0.164
53600,0.840,0.002,0.158
53700,0.847,0.002,0.151
53800,0.845,0.002,0.153
53900,0.860,0.002,0.137
54000,0.841,0.002,0.157
54100,0.836,0.002,0.162
54200,0.829,0.002,0.168
54300,0.823,0.002,0.175
54400,0.821,0.002,0.177
54500,0.832,0.002,0.165
54600,0.824,0.002,0.174
54700,0.827,0.002,0.171
54800,0.837,0.002,0.161
54900,0.853,0.002,0.144
55000,0.839,0.002,0.159
55100,0.836,0.002,0.162
55200,0.830,0.002,0.168
55300,0.831,0.002,0.167
55400,0.813,0.002,0.185
55500,0.815,0.002,0.182
55600,0.825,0.002,0.173
55700,0.803,0.002,0.195
55800,0.817,0.002,0.180
55900,0.849,0.002,0.148
56000,0.857,0.002,0.141
56100,0.866,0.002,0.132
56200,0.815,0.002,0.183
56300,0.828,0.002,0.169
56400,0.827,0.003,0.169
56500,0.828,0.002,0.170
56600,0.817,0.002,0.180
56700,0.818,0.002,0.180
56800,0.817,0.002,0.180
56900,0.802,0.002,0.196
57000,0.800,0.002,0.197
57100,0.792,0.002,0.206
57200,0.775,0.003,0.222
57300,0.779,0.002,0.218
57400,0.749,0.002,0.249
57500,0.742,0.002,0.256
57600,0.745,0.002,0.253
57700,0.743,0.002,0.254
57800,0.735,0.002,0.263
57900,0.737,0.002,0.261
58000,0.716,0.002,0.282
58100,0.763,0.002,0.235
58200,0.758,0.005,0.237
58300,0.764,0.005,0.232
58400,0.718,0.008,0.274
58500,0.726,0.005,0.269
58600,0.715,0.005,0.279
58700,0.753,0.002,0.244
58800,0.765,0.002,0.233
58900,0.767,0.003,0.231
59000,0.754,0.002,0.243
59100,0.740,0.002,0.258
59200,0.751,0.002,0.247
59300,0.747,0.001,0.252
59400,0.731,0.001,0.268
59500,0.736,0.001,0.263
59600,0.720,0.001,0.279
59700,0.720,0.005,0.275
59800,0.723,0.004,0.273
59900,0.747,0.003,0.250
60000,0.754,0.003,0.243
60100,0.755,0.002,0.243
60200,0.732,0.002,0.266
60300,0.769,0.002,0.229
60400,0.756,0.002,0.242
60500,0.746,0.002,0.253
60600,0.757,0.002,0.241
60700,0.757,0.001,0.242
60800,0.762,0.001,0.237
60900,0.762,0.001,0.237
61000,0.767,0.001,0.232
61100,0.769,0.002,0.228
61200,0.768,0.002,0.229
61300,0.769,0.003,0.227
61400,0.762,0.003,0.235
61500,0.740,0.002,0.258
61600,0.757,0.002,0.240
61700,0.764,0.005,0.231
61800,0.769,0.003,0.228
61900,0.759,0.003,0.238
62000,0.754,0.003,0.243
62100,0.773,0.002,0.225
62200,0.795,0.002,0.204
62300,0.799,0.001,0.200
62400,0.789,0.001,0.210
62500,0.790,0.001,0.208
62600,0.751,0.005,0.244
62700,0.747,0.002,0.251
62800,0.758,0.002,0.239
62900,0.758,0.003,0.239
63000,0.760,0.003,0.237
63100,0.768,0.002,0.231
63200,0.786,0.001,0.213
63300,0.761,0.001,0.237
63400,0.772,0.001,0.227
63500,0.753,0.002,0.245
63600,0.742,0.005,0.253
63700,0.750,0.003,0.247
63800,0.737,0.003,0.259
63900,0.719,0.003,0.278
64000,0.712,0.002,0.286
64100,0.715,0.002,0.283
64200,0.728,0.002,0.270
64300,0.726,0.002,0.272
64400,0.739,0.002,0.260
64500,0.689,0.002,0.310
64600,0.703,0.002,0.296
64700,0.702,0.002,0.296
64800,0.711,0.003,0.286
64900,0.716,0.003,0.281
65000,0.737,0.002,0.261
65100,0.727,0.002,0.271
65200,0.729,0.003,0.267
65300,0.722,0.003,0.274
65400,0.757,0.002,0.241
65500,0.729,0.003,0.268
65600,0.724,0.003,0.273
65700,0.732,0.005,0.264
65800,0.744,0.004,0.251
65900,0.747,0.003,0.250
66000,0.756,0.003,0.241
66100,0.758,0.003,0.238
66200,0.756,0.004,0.240
66300,0.758,0.004,0.237
66400,0.754,0.003,0.243
66500,0.760,0.002,0.237
66600,0.740,0.002,0.258
66700,0.764,0.003,0.233
66800,0.789,0.003,0.208
66900,0.795,0.002,0.203
67000,0.779,0.003,0.218
67100,0.789,0.003,0.207
67200,0.782,0.003,0.215
67300,0.779,0.003,0.218
67400,0.788,0.003,0.209
67500,0.790,0.003,0.207
67600,0.790,0.003,0.207
67700,0.792,0.003,0.205
67800,0.804,0.002,0.194
67900,0.804,0.002,0.194
68000,0.785,0.002,0.212
68100,0.785,0.002,0.212
68200,0.807,0.002,0.192
68300,0.795,0.002,0.203
68400,0.806,0.002,0.193
68500,0.816,0.002,0.182
68600,0.834,0.002,0.164
68700,0.835,0.002,0.164
68800,0.854,0.002,0.144
68900,0.834,0.002,0.164
69000,0.843,0.002,0.155
69100,0.830,0.002,0.168
69200,0.840,0.003,0.157
69300,0.850,0.002,0.147
69400,0.847,0.002,0.151
69500,0.811,0.005,0.184
69600,0.827,0.006,0.167
69700,0.812,0.002,0.186
69800,0.839,0.003,0.158
69900,0.840,0.002,0.158
70000,0.850,0.003,0.147
70100,0.860,0.005,0.135
70200,0.851,0.004,0.145
70300,0.848,0.002,0.150
70400,0.842,0.002,0.156
70500,0.847,0.002,0.151
70600,0.842,0.002,0.157
70700,0.856,0.004,0.140
70800,0.850,0.003,0.147
70900,0.847,0.002,0.151
71000,0.824,0.002,0.175
71100,0.804,0.002,0.194
71200,0.783,0.002,0.215
71300,0.770,0.002,0.228
71400,0.720,0.002,0.278
71500,0.755,0.003,0.242
71600,0.753,0.002,0.246
71700,0.785,0.002,0.214
71800,0.796,0.001,0.203
71900,0.790,0.001,0.209
72000,0.799,0.001,0.200
72100,0.772,0.001,0.226
72200,0.794,0.002,0.204
72300,0.795,0.002,0.204
72400,0.806,0.003,0.191
72500,0.835,0.002,0.163
72600,0.814,0.004,0.182
72700,0.810,0.002,0.187
72800,0.793,0.002,0.205
72900,0.810,0.001,0.189
73000,0.785,0.002,0.212
73100,0.786,0.003,0.211
73200,0.803,0.003,0.194
73300,0.795,0.002,0.203
73400,0.818,0.002,0.180
73500,0.828,0.002,0.171
73600,0.843,0.003,0.154
73700,0.860,0.001,0.139
73800,0.874,0.001,0.125
73900,0.867,0.001,0.132
74000,0.869,0.001,0.130
74100,0.840,0.001,0.159
74200,0.828,0.001,0.171
74300,0.802,0.001,0.197
74400,0.826,0.001,0.173
74500,0.844,0.001,0.155
74600,0.858,0.001,0.141
74700,0.865,0.001,0.134
74800,0.868,0.001,0.130
74900,0.858,0.001,0.141
75000,0.875,0.001,0.124
75100,0.887,0.001,0.112
75200,0.898,0.001,0.101
75300,0.897,0.001,0.102
75400,0.894,0.002,0.104
75500,0.894,0.003,0.102
75600,0.897,0.003,0.100
75700,0.908,0.002,0.090
75800,0.898,0.002,0.101
75900,0.889,0.002,0.109
76000,0.880,0.002,0.118
76100,0.870,0.002,0.129
76200,0.856,0.002,0.142
76300,0.873,0.002,0.125
76400,0.893,0.002,0.105
76500,0.894,0.002,0.104
76600,0.888,0.001,0.111
76700,0.904,0.001,0.095
76800,0.906,0.001,0.093
76900,0.910,0.001,0.088
77000,0.914,0.001,0.084
77100,0.919,0.001,0.080
77200,0.895,0.001,0.104
77300,0.898,0.001,0.101
77400,0.900,0.001,0.099
77500,0.907,0.001,0.091
77600,0.914,0.001,0.085
77700,0.910,0.001,0.088
77800,0.914,0.001,0.084
77900,0.921,0.001,0.077
78000,0.925,0.001,0.073
78100,0.906,0.001,0.093
78200,0.888,0.001,0.111
78300,0.902,0.001,0.097
78400,0.910,0.001,0.089
78500,0.892,0.001,0.107
78600,0.871,0.001,0.127
78700,0.864,0.001,0.135
78800,0.871,0.001,0.127
78900,0.872,0.001,0.127
79000,0.882,0.002,0.116
79100,0.902,0.001,0.097
79200,0.894,0.001,0.105
79300,0.856,0.001,0.143
79400,0.869,0.010,0.121
79500,0.880,0.009,0.111
79600,0.876,0.007,0.117
79700,0.850,0.004,0.146
79800,0.867,0.005,0.128
79900,0.853,0.004,0.143
80000,0.846,0.003,0.151
80100,0.836,0.003,0.161
80200,0.832,0.002,0.166
80300,0.850,0.002,0.148
80400,0.846,0.002,0.152
80500,0.853,0.002,0.146
80600,0.863,0.002,0.136
80700,0.868,0.002,0.130
80800,0.854,0.002,0.144
80900,0.846,0.001,0.153
81000,0.853,0.002,0.145
81100,0.843,0.003,0.153
81200,0.857,0.005,0.137
81300,0.867,0.008,0.126
81400,0.854,0.006,0.140
81500,0.856,0.007,0.137
81600,0.876,0.008,0.116
81700,0.873,0.005,0.122
81800,0.832,0.006,0.162
81900,0.839,0.005,0.157
82000,0.815,0.006,0.179
82100,0.811,0.007,0.182
82200,0.814,0.005,0.181
82300,0.817,0.005,0.178
82400,0.834,0.003,0.164
82500,0.840,0.002,0.158
82600,0.810,0.002,0.189
82700,0.817,0.003,0.180
82800,0.824,0.003,0.173
82900,0.825,0.003,0.172
83000,0.829,0.002,0.169
83100,0.846,0.002,0.152
83200,0.832,0.002,0.166
83300,0.837,0.002,0.161
83400,0.843,0.002,0.155
83500,0.828,0.003,0.169
83600,0.813,0.003,0.184
83700,0.815,0.005,0.180
83800,0.824,0.006,0.170
83900,0.838,0.005,0.157
84000,0.841,0.005,0.154
84100,0.815,0.003,0.182
84200,0.825,0.003,0.171
84300,0.825,0.002,0.173
84400,0.817,0.005,0.179
84500,0.841,0.004,0.155
84600,0.842,0.002,0.155
84700,0.851,0.001,0.148
84800,0.860,0.001,0.139
84900,0.872,0.001,0.127
85000,0.860,0.001,0.139
85100,0.865,0.002,0.133
85200,0.869,0.002,0.129
85300,0.871,0.002,0.127
85400,0.866,0.001,0.133
85500,0.859,0.001,0.140
85600,0.869,0.001,0.130
85700,0.870,0.001,0.129
85800,0.870,0.001,0.129
85900,0.870,0.001,0.129
86000,0.870,0.001,0.129
86100,0.885,0.001,0.114
86200,0.892,0.001,0.107
86300,0.879,0.001,0.120
86400,0.888,0.001,0.111
86500,0.853,0.001,0.146
86600,0.861,0.001,0.137
86700,0.854,0.001,0.144
86800,0.866,0.001,0.133
86900,0.866,0.001,0.133
87000,0.879,0.001,0.120
87100,0.867,0.001,0.132
87200,0.875,0.001,0.124
87300,0.870,0.002,0.129
87400,0.857,0.002,0.141
87500,0.838,0.002,0.160
87600,0.841,0.003,0.157
87700,0.866,0.002,0.133
87800,0.867,0.001,0.132
87900,0.838,0.001,0.161
88000,0.829,0.001,0.169
88100,0.849,0.001,0.150
88200,0.862,0.001,0.137
88300,0.884,0.001,0.115
88400,0.888,0.001,0.111
88500,0.882,0.001,0.117
88600,0.889,0.001,0.109
88700,0.902,0.001,0.097
88800,0.917,0.001,0.082
88900,0.909,0.001,0.090
89000,0.913,0.001,0.086
89100,0.918,0.001,0.081
89200,0.917,0.002,0.081
89300,0.924,0.002,0.075
89400,0.932,0.002,0.066
89500,0.923,0.002,0.075
89600,0.932,0.002,0.066
89700,0.941,0.002,0.057
89800,0.950,0.002,0.048
89900,0.955,0.001,0.044
90000,0.956,0.001,0.042
90100,0.957,0.001,0.042
90200,0.958,0.001,0.041
90300,0.943,0.001,0.056
90400,0.948,0.001,0.051
90500,0.935,0.001,0.064
90600,0.944,0.001,0.055
90700,0.945,0.001,0.054
90800,0.940,0.001,0.059
90900,0.935,0.001,0.064
91000,0.925,0.001,0.073
91100,0.928,0.001,0.070
91200,0.930,0.001,0.069
91300,0.934,0.001,0.065
91400,0.937,0.001,0.062
91500,0.924,0.001,0.075
91600,0.927,0.001,0.072
91700,0.930,0.001,0.069
91800,0.936,0.001,0.063
91900,0.935,0.001,0.064
92000,0.932,0.001,0.066
92100,0.937,0.001,0.062
92200,0.935,0.001,0.064
92300,0.945,0.001,0.054
92400,0.948,0.001,0.051
92500,0.949,0.001,0.050
92600,0.952,0.001,0.047
92700,0.959,0.001,0.040
92800,0.960,0.001,0.038
92900,0.963,0.001,0.036
93000,0.966,0.001,0.033
93100,0.966,0.001,0.033
93200,0.968,0.001,0.031
93300,0.970,0.001,0.029
93400,0.971,0.001,0.027
93500,0.970,0.001,0.029
93600,0.974,0.001,0.024
93700,0.977,0.001,0.022
93800,0.977,0.001,0.022
93900,0.973,0.001,0.026
94000,0.963,0.001,0.036
94100,0.957,0.001,0.042
94200,0.959,0.001,0.040
94300,0.963,0.001,0.036
94400,0.962,0.001,0.037
94500,0.972,0.001,0.027
94600,0.974,0.001,0.025
94700,0.977,0.001,0.022
94800,0.970,0.001,0.029
94900,0.972,0.001,0.027
95000,0.970,0.001,0.029
95100,0.972,0.001,0.027
95200,0.975,0.001,0.024
95300,0.975,0.001,0.024
95400,0.977,0.001,0.022
95500,0.978,0.001,0.021
95600,0.978,0.001,0.021
95700,0.978,0.001,0.020
95800,0.980,0.001,0.019
95900,0.981,0.001,0.018
96000,0.982,0.001,0.017
96100,0.982,0.001,0.017
96200,0.983,0.001,0.016
96300,0.983,0.001,0.016
96400,0.983,0.001,0.016
96500,0.984,0.001,0.015
96600,0.984,0.001,0.015
96700,0.984,0.001,0.015
96800,0.985,0.001,0.013
96900,0.985,0.001,0.013
97000,0.987,0.001,0.012
97100,0.987,0.001,0.012
97200,0.987,0.001,0.012
97300,0.987,0.001,0.012
97400,0.987,0.001,0.012
97500,0.987,0.001,0.012
97600,0.987,0.001,0.012
97700,0.987,0.001,0.012
97800,0.988,0.001,0.010
97900,0.989,0.001,0.010
98000,0.990,0.001,0.009
98100,0.990,0.001,0.009
98200,0.990,0.001,0.009
98300,0.990,0.001,0.009
98400,0.990,0.001,0.009
98500,0.991,0.001,0.008
98600,0.991,0.001,0.008
98700,0.991,0.001,0.008
98800,0.992,0.001,0.007
98900,0.992,0.001,0.007
99000,0.992,0.001,0.006
99100,0.993,0.001,0.006
99200,0.993,0.001,0.006
99300,0.994,0.001,0.005
99400,0.994,0.001,0.005
99500,0.994,0.001,0.005
99600,0.994,0.001,0.005
99700,0.994,0.001,0.005
99800,0.994,0.001,0.005
99900,0.994,0.001,0.005
100000,0.994,0.001,0.005
