time,n_A+p,n_B,n_AB
100,0.369,0.476,0.155
200,0.308,0.427,0.265
300,0.280,0.392,0.328
400,0.246,0.388,0.366
500,0.229,0.354,0.417
600,0.211,0.331,0.458
700,0.194,0.307,0.498
800,0.180,0.308,0.511
900,0.167,0.300,0.533
1000,0.158,0.272,0.570
1100,0.154,0.286,0.559
1200,0.153,0.264,0.583
1300,0.149,0.239,0.612
1400,0.148,0.225,0.627
1500,0.154,0.212,0.633
1600,0.169,0.195,0.636
1700,0.157,0.186,0.657
1800,0.149,0.188,0.663
1900,0.151,0.196,0.654
2000,0.137,0.193,0.670
2100,0.132,0.213,0.655
2200,0.140,0.228,0.632
2300,0.134,0.225,0.641
2400,0.126,0.236,0.638
2500,0.118,0.218,0.665
2600,0.113,0.221,0.666
2700,0.109,0.210,0.682
2800,0.116,0.214,0.669
2900,0.113,0.188,0.699
3000,0.108,0.211,0.682
3100,0.107,0.197,0.696
3200,0.099,0.207,0.694
3300,0.101,0.197,0.702
3400,0.103,0.189,0.708
3500,0.100,0.208,0.692
3600,0.094,0.198,0.708
3700,0.098,0.189,0.714
3800,0.101,0.192,0.707
3900,0.091,0.197,0.712
4000,0.098,0.208,0.694
4100,0.096,0.204,0.700
4200,0.091,0.207,0.702
4300,0.102,0.209,0.689
4400,0.096,0.185,0.719
4500,0.087,0.170,0.743
4600,0.095,0.190,0.715
4700,0.086,0.196,0.719
4800,0.090,0.186,0.724
4900,0.093,0.170,0.737
5000,0.097,0.193,0.710
5100,0.091,0.206,0.703
5200,0.090,0.217,0.693
5300,0.084,0.219,0.697
5400,0.084,0.216,0.700
5500,0.090,0.205,0.704
5600,0.092,0.197,0.711
5700,0.107,0.193,0.700
5800,0.087,0.202,0.711
5900,0.075,0.205,0.721
6000,0.065,0.187,0.748
6100,0.070,0.211,0.719
6200,0.066,0.228,0.705
6300,0.058,0.222,0.719
6400,0.062,0.239,0.699
6500,0.053,0.242,0.705
6600,0.056,0.247,0.696
6700,0.060,0.230,0.710
6800,0.053,0.244,0.703
6900,0.054,0.222,0.724
7000,0.054,0.221,0.726
7100,0.052,0.228,0.720
7200,0.045,0.239,0.716
7300,0.042,0.267,0.690
7400,0.044,0.258,0.697
7500,0.044,0.235,0.722
7600,0.052,0.236,0.712
7700,0.053,0.222,0.725
7800,0.051,0.237,0.712
7900,0.056,0.228,0.716
8000,0.049,0.224,0.727
8100,0.049,0.239,0.712
8200,0.048,0.211,0.741
8300,0.051,0.199,0.750
8400,0.056,0.232,0.711
8500,0.051,0.222,0.726
8600,0.059,0.200,0.741
8700,0.066,0.194,0.740
8800,0.071,0.217,0.712
8900,0.067,0.236,0.697
9000,0.072,0.207,0.721
9100,0.069,0.183,0.749
9200,0.073,0.183,0.744
9300,0.076,0.196,0.729
9400,0.065,0.179,0.756
9500,0.066,0.183,0.751
9600,0.065,0.166,0.769
9700,0.077,0.189,0.733
9800,0.079,0.161,0.760
9900,0.066,0.159,0.775
10000,0.076,0.164,0.760
10100,0.093,0.158,0.749
10200,0.118,0.162,0.720
10300,0.115,0.146,0.739
10400,0.112,0.139,0.749
10500,0.120,0.132,0.748
10600,0.099,0.151,0.750
10700,0.090,0.147,0.763
10800,0.097,0.149,0.754
10900,0.103,0.147,0.750
11000,0.119,0.136,0.745
11100,0.124,0.124,0.752
11200,0.144,0.119,0.737
11300,0.133,0.118,0.750
11400,0.125,0.114,0.761
11500,0.115,0.102,0.782
11600,0.107,0.105,0.788
11700,0.098,0.102,0.800
11800,0.094,0.103,0.803
11900,0.109,0.099,0.792
12000,0.115,0.109,0.776
12100,0.120,0.098,0.781
12200,0.140,0.095,0.764
12300,0.154,0.100,0.746
12400,0.140,0.095,0.764
12500,0.150,0.094,0.756
12600,0.151,0.105,0.744
12700,0.175,0.099,0.726
12800,0.171,0.100,0.729
12900,0.154,0.098,0.748
13000,0.134,0.095,0.771
13100,0.140,0.087,0.773
13200,0.153,0.084,0.764
13300,0.164,0.078,0.758
13400,0.171,0.072,0.757
13500,0.178,0.067,0.756
13600,0.190,0.068,0.742
13700,0.237,0.068,0.696
13800,0.237,0.066,0.697
13900,0.247,0.059,0.694
14000,0.263,0.056,0.682
14100,0.250,0.057,0.693
14200,0.236,0.061,0.704
14300,0.231,0.063,0.705
14400,0.226,0.064,0.710
14500,0.227,0.056,0.717
14600,0.237,0.061,0.702
14700,0.271,0.069,0.660
14800,0.279,0.064,0.657
14900,0.294,0.059,0.647
15000,0.296,0.058,0.647
15100,0.288,0.056,0.655
15200,0.292,0.051,0.657
15300,0.270,0.049,0.680
15400,0.278,0.043,0.679
15500,0.299,0.045,0.656
15600,0.307,0.044,0.650
15700,0.324,0.047,0.629
15800,0.304,0.036,0.659
15900,0.282,0.033,0.686
16000,0.313,0.033,0.654
16100,0.303,0.036,0.662
16200,0.289,0.041,0.670
16300,0.289,0.040,0.671
16400,0.269,0.042,0.688
16500,0.254,0.041,0.705
16600,0.274,0.039,0.687
16700,0.299,0.038,0.662
16800,0.305,0.038,0.657
16900,0.318,0.042,0.639
17000,0.307,0.035,0.658
17100,0.329,0.033,0.638
17200,0.324,0.040,0.636
17300,0.341,0.037,0.622
17400,0.333,0.037,0.630
17500,0.313,0.036,0.651
17600,0.281,0.039,0.680
17700,0.297,0.037,0.666
17800,0.311,0.038,0.651
17900,0.314,0.040,0.646
18000,0.298,0.038,0.664
18100,0.301,0.034,0.665
18200,0.271,0.037,0.692
18300,0.290,0.031,0.679
18400,0.292,0.029,0.679
18500,0.290,0.030,0.680
18600,0.298,0.027,0.675
18700,0.307,0.026,0.668
18800,0.283,0.023,0.694
18900,0.274,0.027,0.698
19000,0.292,0.033,0.676
19100,0.302,0.029,0.669
19200,0.289,0.024,0.686
19300,0.296,0.025,0.679
19400,0.296,0.023,0.681
19500,0.302,0.024,0.674
19600,0.306,0.026,0.668
19700,0.293,0.026,0.681
19800,0.298,0.027,0.675
19900,0.313,0.033,0.654
20000,0.318,0.029,0.653
20100,0.322,0.029,0.650
20200,0.320,0.026,0.655
20300,0.306,0.027,0.666
20400,0.313,0.026,0.661
20500,0.314,0.023,0.662
20600,0.318,0.026,0.655
20700,0.304,0.024,0.672
20800,0.317,0.022,0.661
20900,0.324,0.022,0.654
21000,0.309,0.021,0.670
21100,0.323,0.022,0.655
21200,0.322,0.026,0.652
21300,0.321,0.027,0.653
21400,0.311,0.026,0.664
21500,0.301,0.022,0.677
21600,0.296,0.023,0.681
21700,0.311,0.020,0.669
21800,0.311,0.024,0.665
21900,0.322,0.022,0.656
22000,0.366,0.024,0.610
22100,0.370,0.022,0.609
22200,0.357,0.022,0.622
22300,0.371,0.022,0.607
22400,0.359,0.020,0.620
22500,0.378,0.022,0.601
22600,0.379,0.019,0.602
22700,0.393,0.019,0.588
22800,0.387,0.019,0.594
22900,0.374,0.019,0.607
23000,0.346,0.020,0.634
23100,0.346,0.020,0.634
23200,0.317,0.019,0.664
23300,0.295,0.027,0.678
23400,0.297,0.024,0.679
23500,0.331,0.026,0.644
23600,0.334,0.026,0.641
23700,0.318,0.024,0.658
23800,0.332,0.035,0.633
23900,0.346,0.030,0.623
24000,0.318,0.025,0.657
24100,0.298,0.026,0.676
24200,0.302,0.026,0.672
24300,0.292,0.026,0.683
24400,0.317,0.027,0.655
24500,0.293,0.038,0.669
24600,0.307,0.031,0.662
24700,0.321,0.031,0.648
24800,0.303,0.025,0.672
24900,0.304,0.027,0.669
25000,0.303,0.028,0.669
25100,0.315,0.023,0.661
25200,0.343,0.023,0.634
25300,0.331,0.028,0.641
25400,0.357,0.026,0.617
25500,0.362,0.030,0.608
25600,0.338,0.027,0.635
25700,0.342,0.027,0.631
25800,0.336,0.027,0.636
25900,0.332,0.030,0.639
26000,0.327,0.034,0.639
26100,0.328,0.031,0.641
26200,0.340,0.029,0.632
26300,0.334,0.024,0.642
26400,0.322,0.026,0.652
26500,0.339,0.024,0.637
26600,0.338,0.022,0.640
26700,0.340,0.022,0.639
26800,0.351,0.018,0.631
26900,0.339,0.019,0.643
27000,0.368,0.018,0.614
27100,0.385,0.022,0.593
27200,0.388,0.022,0.590
27300,0.391,0.022,0.588
27400,0.370,0.022,0.608
27500,0.390,0.020,0.590
27600,0.396,0.026,0.577
27700,0.389,0.032,0.579
27800,0.370,0.039,0.591
27900,0.353,0.037,0.611
28000,0.345,0.029,0.626
28100,0.324,0.031,0.644
28200,0.316,0.029,0.655
28300,0.311,0.030,0.659
28400,0.303,0.029,0.668
28500,0.318,0.031,0.651
28600,0.303,0.028,0.669
28700,0.323,0.032,0.645
28800,0.331,0.027,0.642
28900,0.337,0.026,0.637
29000,0.372,0.024,0.604
29100,0.374,0.024,0.601
29200,0.384,0.026,0.590
29300,0.373,0.022,0.605
29400,0.373,0.022,0.605
29500,0.371,0.024,0.605
29600,0.384,0.024,0.591
29700,0.402,0.027,0.571
29800,0.397,0.025,0.578
29900,0.367,0.026,0.607
30000,0.341,0.024,0.635
30100,0.328,0.025,0.647
30200,0.321,0.023,0.656
30300,0.338,0.022,0.640
30400,0.344,0.019,0.637
30500,0.327,0.020,0.653
30600,0.318,0.020,0.662
30700,0.317,0.018,0.665
30800,0.314,0.019,0.666
30900,0.325,0.019,0.657
31000,0.335,0.020,0.645
31100,0.315,0.027,0.658
31200,0.305,0.031,0.664
31300,0.287,0.026,0.687
31400,0.286,0.027,0.687
31500,0.290,0.028,0.682
31600,0.323,0.031,0.646
31700,0.336,0.029,0.636
31800,0.322,0.020,0.658
31900,0.327,0.021,0.653
32000,0.331,0.021,0.648
32100,0.320,0.019,0.662
32200,0.316,0.025,0.659
32300,0.329,0.026,0.645
32400,0.334,0.023,0.643
32500,0.361,0.020,0.619
32600,0.344,0.019,0.637
32700,0.369,0.018,0.613
32800,0.360,0.017,0.623
32900,0.346,0.022,0.633
33000,0.359,0.028,0.614
33100,0.369,0.023,0.608
33200,0.379,0.022,0.599
33300,0.387,0.023,0.590
33400,0.369,0.028,0.603
33500,0.372,0.026,0.602
33600,0.356,0.021,0.623
33700,0.376,0.026,0.598
33800,0.386,0.018,0.596
33900,0.403,0.019,0.578
34000,0.431,0.016,0.553
34100,0.423,0.014,0.563
34200,0.431,0.012,0.557
34300,0.412,0.011,0.577
34400,0.405,0.016,0.579
34500,0.383,0.016,0.601
34600,0.354,0.016,0.630
34700,0.372,0.014,0.614
34800,0.421,0.012,0.567
34900,0.423,0.012,0.565
35000,0.413,0.013,0.573
35100,0.412,0.010,0.579
35200,0.419,0.010,0.572
35300,0.413,0.010,0.577
35400,0.417,0.015,0.568
35500,0.372,0.014,0.614
35600,0.354,0.015,0.631
35700,0.354,0.020,0.626
35800,0.345,0.022,0.633
35900,0.329,0.028,0.643
36000,0.340,0.039,0.621
36100,0.371,0.033,0.597
36200,0.371,0.026,0.602
36300,0.378,0.023,0.599
36400,0.361,0.021,0.618
36500,0.393,0.022,0.584
36600,0.396,0.021,0.583
36700,0.413,0.022,0.565
36800,0.419,0.015,0.567
36900,0.431,0.012,0.557
37000,0.426,0.016,0.558
37100,0.425,0.015,0.560
37200,0.437,0.014,0.549
37300,0.412,0.016,0.572
37400,0.433,0.016,0.551
37500,0.471,0.012,0.517
37600,0.474,0.013,0.513
37700,0.483,0.012,0.505
37800,0.474,0.014,0.512
37900,0.459,0.018,0.523
38000,0.464,0.015,0.520
38100,0.441,0.015,0.544
38200,0.409,0.015,0.576
38300,0.398,0.016,0.587
38400,0.385,0.016,0.600
38500,0.388,0.013,0.598
38600,0.374,0.012,0.614
38700,0.400,0.013,0.586
38800,0.405,0.012,0.583
38900,0.445,0.013,0.542
39000,0.432,0.011,0.557
39100,0.410,0.012,0.578
39200,0.414,0.011,0.575
39300,0.371,0.009,0.620
39400,0.377,0.010,0.614
39500,0.375,0.010,0.615
39600,0.388,0.013,0.599
39700,0.409,0.013,0.577
39800,0.384,0.013,0.602
39900,0.404,0.013,0.583
40000,0.389,0.010,0.601
40100,0.385,0.010,0.605
40200,0.398,0.012,0.590
40300,0.401,0.010,0.588
40400,0.396,0.011,0.593
40500,0.370,0.010,0.620
40600,0.357,0.016,0.627
40700,0.344,0.017,0.639
40800,0.372,0.012,0.616
40900,0.375,0.020,0.605
41000,0.409,0.019,0.572
41100,0.417,0.018,0.565
41200,0.375,0.019,0.606
41300,0.378,0.032,0.590
41400,0.369,0.023,0.608
41500,0.359,0.023,0.618
41600,0.360,0.027,0.613
41700,0.353,0.024,0.623
41800,0.347,0.023,0.630
41900,0.336,0.017,0.647
42000,0.317,0.020,0.664
42100,0.290,0.020,0.690
42200,0.297,0.020,0.683
42300,0.299,0.020,0.680
42400,0.286,0.023,0.692
42500,0.257,0.039,0.704
42600,0.246,0.048,0.706
42700,0.229,0.052,0.718
42800,0.217,0.042,0.741
42900,0.204,0.041,0.755
43000,0.204,0.052,0.744
43100,0.194,0.056,0.749
43200,0.200,0.054,0.746
43300,0.202,0.073,0.725
43400,0.201,0.060,0.739
43500,0.204,0.063,0.733
43600,0.197,0.048,0.756
43700,0.203,0.045,0.752
43800,0.238,0.033,0.729
43900,0.249,0.027,0.725
44000,0.269,0.024,0.706
44100,0.298,0.021,0.681
44200,0.301,0.024,0.675
44300,0.277,0.024,0.699
44400,0.274,0.024,0.702
44500,0.295,0.019,0.687
44600,0.293,0.017,0.689
44700,0.311,0.021,0.668
44800,0.291,0.027,0.682
44900,0.310,0.021,0.669
45000,0.288,0.019,0.693
45100,0.292,0.016,0.692
45200,0.310,0.020,0.670
45300,0.346,0.018,0.636
45400,0.332,0.016,0.651
45500,0.316,0.020,0.664
45600,0.300,0.019,0.682
45700,0.318,0.014,0.668
45800,0.330,0.015,0.655
45900,0.342,0.016,0.641
46000,0.357,0.015,0.628
46100,0.372,0.015,0.614
46200,0.339,0.017,0.644
46300,0.348,0.017,0.634
46400,0.378,0.015,0.608
46500,0.367,0.013,0.620
46600,0.391,0.012,0.597
46700,0.359,0.017,0.624
46800,0.362,0.016,0.622
46900,0.378,0.013,0.609
47000,0.374,0.019,0.607
47100,0.350,0.020,0.630
47200,0.342,0.019,0.640
47300,0.336,0.016,0.647
47400,0.355,0.022,0.623
47500,0.363,0.020,0.617
47600,0.339,0.019,0.643
47700,0.335,0.022,0.644
47800,0.315,0.022,0.663
47900,0.356,0.021,0.623
48000,0.364,0.022,0.614
48100,0.357,0.019,0.624
48200,0.364,0.020,0.616
48300,0.352,0.027,0.621
48400,0.353,0.021,0.626
48500,0.386,0.018,0.595
48600,0.383,0.014,0.603
48700,0.388,0.012,0.600
48800,0.390,0.015,0.595
48900,0.370,0.015,0.615
49000,0.350,0.016,0.634
49100,0.326,0.018,0.656
49200,0.332,0.021,0.647
49300,0.317,0.034,0.649
49400,0.337,0.027,0.636
49500,0.318,0.022,0.660
49600,0.323,0.017,0.659
49700,0.330,0.024,0.646
49800,0.340,0.022,0.639
49900,0.321,0.020,0.659
50000,0.323,0.018,0.659
50100,0.324,0.015,0.661
50200,0.363,0.013,0.624
50300,0.351,0.010,0.639
50400,0.360,0.012,0.628
50500,0.334,0.013,0.653
50600,0.318,0.013,0.669
50700,0.299,0.029,0.672
50800,0.295,0.027,0.679
50900,0.295,0.024,0.681
51000,0.302,0.022,0.676
51100,0.336,0.023,0.640
51200,0.307,0.025,0.668
51300,0.307,0.020,0.673
51400,0.299,0.022,0.680
51500,0.289,0.016,0.695
51600,0.331,0.020,0.648
51700,0.324,0.020,0.655
51800,0.328,0.022,0.650
51900,0.313,0.026,0.661
52000,0.302,0.023,0.675
52100,0.315,0.028,0.657
52200,0.332,0.027,0.641
52300,0.314,0.028,0.658
52400,0.315,0.031,0.653
52500,0.310,0.030,0.660
52600,0.282,0.027,0.690
52700,0.278,0.034,0.688
52800,0.257,0.032,0.711
52900,0.263,0.033,0.704
53000,0.275,0.031,0.693
53100,0.283,0.031,0.686
53200,0.281,0.029,0.690
53300,0.282,0.031,0.687
53400,0.289,0.029,0.682
53500,0.290,0.023,0.686
53600,0.276,0.031,0.693
53700,0.258,0.029,0.712
53800,0.257,0.027,0.716
53900,0.275,0.026,0.699
54000,0.308,0.025,0.667
54100,0.304,0.021,0.675
54200,0.315,0.016,0.669
54300,0.343,0.017,0.639
54400,0.329,0.019,0.651
54500,0.346,0.028,0.626
54600,0.336,0.029,0.635
54700,0.317,0.028,0.655
54800,0.315,0.024,0.661
54900,0.302,0.029,0.670
55000,0.298,0.029,0.673
55100,0.282,0.031,0.687
55200,0.274,0.031,0.694
55300,0.305,0.025,0.670
55400,0.314,0.023,0.664
55500,0.289,0.021,0.690
55600,0.305,0.021,0.674
55700,0.311,0.022,0.668
55800,0.289,0.031,0.680
55900,0.276,0.024,0.700
56000,0.260,0.027,0.714
56100,0.292,0.031,0.677
56200,0.277,0.026,0.697
56300,0.291,0.026,0.683
56400,0.273,0.027,0.700
56500,0.265,0.027,0.708
56600,0.253,0.034,0.714
56700,0.242,0.031,0.728
56800,0.242,0.030,0.729
56900,0.244,0.027,0.729
57000,0.256,0.026,0.719
57100,0.242,0.021,0.737
57200,0.215,0.019,0.765
57300,0.278,0.019,0.704
57400,0.286,0.028,0.686
57500,0.286,0.026,0.688
57600,0.283,0.020,0.697
57700,0.275,0.019,0.707
57800,0.284,0.017,0.699
57900,0.257,0.023,0.719
58000,0.249,0.023,0.728
58100,0.244,0.024,0.731
58200,0.235,0.027,0.738
58300,0.236,0.029,0.736
58400,0.244,0.026,0.731
58500,0.253,0.023,0.724
58600,0.274,0.020,0.707
58700,0.288,0.022,0.690
58800,0.299,0.019,0.683
58900,0.290,0.014,0.696
59000,0.327,0.014,0.659
59100,0.311,0.016,0.673
59200,0.341,0.019,0.640
59300,0.321,0.020,0.659
59400,0.328,0.018,0.654
59500,0.302,0.021,0.678
59600,0.285,0.024,0.691
59700,0.306,0.023,0.671
59800,0.314,0.019,0.667
59900,0.316,0.025,0.659
60000,0.300,0.037,0.663
60100,0.313,0.025,0.662
60200,0.309,0.019,0.672
60300,0.294,0.019,0.687
60400,0.289,0.016,0.695
60500,0.333,0.017,0.650
60600,0.324,0.020,0.655
60700,0.320,0.027,0.653
60800,0.336,0.028,0.636
60900,0.371,0.020,0.609
61000,0.363,0.020,0.618
61100,0.356,0.015,0.629
61200,0.348,0.019,0.633
61300,0.350,0.025,0.625
61400,0.371,0.024,0.605
61500,0.363,0.016,0.621
61600,0.362,0.019,0.619
61700,0.367,0.020,0.613
61800,0.353,0.020,0.627
61900,0.344,0.024,0.632
62000,0.334,0.033,0.633
62100,0.346,0.028,0.626
62200,0.356,0.026,0.619
62300,0.364,0.022,0.614
62400,0.327,0.026,0.647
62500,0.302,0.035,0.663
62600,0.286,0.026,0.687
62700,0.293,0.029,0.678
62800,0.297,0.033,0.671
62900,0.304,0.027,0.669
63000,0.341,0.025,0.634
63100,0.318,0.025,0.657
63200,0.321,0.022,0.657
63300,0.345,0.017,0.638
63400,0.357,0.015,0.628
63500,0.346,0.015,0.639
63600,0.332,0.017,0.651
63700,0.327,0.017,0.656
63800,0.335,0.016,0.649
63900,0.345,0.015,0.640
64000,0.348,0.014,0.638
64100,0.334,0.019,0.647
64200,0.328,0.021,0.651
64300,0.312,0.021,0.667
64400,0.310,0.026,0.664
64500,0.313,0.022,0.665
64600,0.322,0.020,0.658
64700,0.322,0.019,0.659
64800,0.325,0.022,0.653
64900,0.315,0.031,0.654
65000,0.319,0.033,0.648
65100,0.313,0.032,0.655
65200,0.332,0.029,0.639
65300,0.350,0.029,0.621
65400,0.330,0.029,0.641
65500,0.275,0.034,0.691
65600,0.276,0.039,0.685
65700,0.303,0.037,0.659
65800,0.299,0.034,0.667
65900,0.310,0.029,0.662
66000,0.292,0.028,0.680
66100,0.288,0.027,0.686
66200,0.288,0.039,0.673
66300,0.287,0.046,0.667
66400,0.294,0.044,0.662
66500,0.308,0.044,0.648
66600,0.310,0.038,0.651
66700,0.303,0.034,0.663
66800,0.278,0.040,0.682
66900,0.296,0.037,0.668
67000,0.300,0.033,0.667
67100,0.296,0.031,0.672
67200,0.276,0.034,0.689
67300,0.289,0.027,0.684
67400,0.253,0.046,0.701
67500,0.245,0.049,0.706
67600,0.251,0.045,0.704
67700,0.246,0.034,0.720
67800,0.282,0.026,0.692
67900,0.289,0.025,0.686
68000,0.296,0.027,0.677
68100,0.290,0.027,0.683
68200,0.310,0.026,0.665
68300,0.292,0.029,0.679
68400,0.292,0.025,0.683
68500,0.289,0.023,0.688
68600,0.312,0.033,0.655
68700,0.306,0.038,0.656
68800,0.327,0.030,0.643
68900,0.328,0.029,0.643
69000,0.343,0.027,0.630
69100,0.386,0.019,0.595
69200,0.406,0.023,0.572
69300,0.412,0.021,0.567
69400,0.417,0.019,0.564
69500,0.386,0.013,0.600
69600,0.396,0.017,0.586
69700,0.388,0.022,0.591
69800,0.400,0.020,0.579
69900,0.398,0.015,0.587
70000,0.419,0.019,0.563
70100,0.431,0.024,0.545
70200,0.455,0.013,0.531
70300,0.457,0.012,0.531
70400,0.451,0.010,0.538
70500,0.482,0.010,0.508
70600,0.510,0.012,0.478
70700,0.517,0.012,0.470
70800,0.481,0.010,0.509
70900,0.448,0.018,0.534
71000,0.446,0.020,0.534
71100,0.448,0.016,0.536
71200,0.448,0.016,0.536
71300,0.434,0.019,0.548
71400,0.435,0.020,0.545
71500,0.441,0.017,0.542
71600,0.407,0.019,0.574
71700,0.408,0.017,0.575
71800,0.403,0.017,0.580
71900,0.423,0.016,0.561
72000,0.429,0.013,0.558
72100,0.446,0.018,0.536
72200,0.415,0.014,0.571
72300,0.409,0.014,0.577
72400,0.411,0.015,0.574
72500,0.413,0.014,0.573
72600,0.434,0.010,0.556
72700,0.417,0.008,0.575
72800,0.416,0.009,0.575
72900,0.417,0.010,0.572
73000,0.441,0.009,0.550
73100,0.445,0.009,0.545
73200,0.420,0.010,0.569
73300,0.409,0.013,0.577
73400,0.402,0.012,0.586
73500,0.421,0.015,0.565
73600,0.417,0.013,0.570
73700,0.393,0.015,0.591
73800,0.382,0.013,0.605
73900,0.371,0.016,0.613
74000,0.375,0.014,0.611
74100,0.375,0.018,0.607
74200,0.405,0.015,0.581
74300,0.414,0.015,0.571
74400,0.409,0.016,0.575
74500,0.415,0.016,0.569
74600,0.392,0.014,0.594
74700,0.424,0.011,0.565
74800,0.427,0.014,0.559
74900,0.428,0.015,0.557
75000,0.403,0.015,0.582
75100,0.384,0.016,0.600
75200,0.346,0.010,0.644
75300,0.362,0.010,0.628
75400,0.362,0.009,0.629
75500,0.382,0.008,0.610
75600,0.388,0.007,0.605
75700,0.397,0.008,0.595
75800,0.444,0.009,0.547
75900,0.428,0.010,0.562
76000,0.425,0.011,0.563
76100,0.414,0.011,0.575
76200,0.369,0.015,0.616
76300,0.368,0.017,0.615
76400,0.363,0.011,0.626
76500,0.385,0.014,0.601
76600,0.362,0.015,0.623
76700,0.330,0.015,0.655
76800,0.346,0.017,0.637
76900,0.324,0.017,0.659
77000,0.368,0.018,0.614
77100,0.380,0.016,0.605
77200,0.370,0.019,0.611
77300,0.353,0.019,0.629
77400,0.320,0.016,0.665
77500,0.311,0.019,0.670
77600,0.296,0.021,0.683
77700,0.293,0.019,0.688
77800,0.292,0.018,0.690
77900,0.317,0.019,0.665
78000,0.318,0.015,0.668
78100,0.308,0.013,0.679
78200,0.304,0.009,0.686
78300,0.313,0.015,0.672
78400,0.307,0.024,0.668
78500,0.302,0.037,0.662
78600,0.290,0.037,0.672
78700,0.294,0.033,0.673
78800,0.291,0.036,0.673
78900,0.285,0.030,0.685
79000,0.289,0.027,0.684
79100,0.301,0.032,0.667
79200,0.320,0.029,0.651
79300,0.325,0.029,0.646
79400,0.329,0.027,0.644
79500,0.325,0.027,0.648
79600,0.313,0.029,0.659
79700,0.322,0.033,0.644
79800,0.330,0.037,0.633
79900,0.338,0.063,0.600
80000,0.321,0.065,0.614
80100,0.292,0.062,0.647
80200,0.283,0.063,0.654
80300,0.298,0.059,0.643
80400,0.307,0.042,0.651
80500,0.326,0.039,0.635
80600,0.334,0.033,0.633
80700,0.360,0.026,0.614
80800,0.371,0.022,0.607
80900,0.378,0.020,0.601
81000,0.372,0.012,0.616
81100,0.379,0.016,0.605
81200,0.395,0.015,0.590
81300,0.385,0.019,0.596
81400,0.378,0.018,0.604
81500,0.385,0.022,0.593
81600,0.389,0.020,0.591
81700,0.387,0.021,0.592
81800,0.371,0.022,0.607
81900,0.353,0.031,0.616
82000,0.340,0.040,0.620
82100,0.349,0.036,0.615
82200,0.364,0.036,0.600
82300,0.352,0.033,0.616
82400,0.325,0.025,0.650
82500,0.317,0.024,0.659
82600,0.339,0.021,0.640
82700,0.341,0.025,0.634
82800,0.317,0.025,0.658
82900,0.337,0.019,0.644
83000,0.374,0.019,0.607
83100,0.344,0.035,0.621
83200,0.368,0.029,0.603
83300,0.342,0.038,0.620
83400,0.362,0.036,0.602
83500,0.334,0.029,0.637
83600,0.334,0.031,0.635
83700,0.307,0.031,0.662
83800,0.292,0.031,0.677
83900,0.291,0.028,0.681
84000,0.267,0.040,0.693
84100,0.286,0.037,0.677
84200,0.292,0.037,0.671
84300,0.279,0.033,0.688
84400,0.296,0.038,0.666
84500,0.308,0.034,0.658
84600,0.314,0.031,0.655
84700,0.309,0.027,0.664
84800,0.311,0.027,0.662
84900,0.329,0.029,0.643
85000,0.335,0.027,0.639
85100,0.347,0.033,0.620
85200,0.335,0.030,0.635
85300,0.327,0.032,0.641
85400,0.338,0.030,0.633
85500,0.326,0.031,0.643
85600,0.303,0.027,0.669
85700,0.299,0.027,0.675
85800,0.321,0.026,0.653
85900,0.325,0.029,0.647
86000,0.309,0.024,0.666
86100,0.308,0.024,0.667
86200,0.290,0.023,0.687
86300,0.288,0.022,0.690
86400,0.286,0.020,0.694
86500,0.258,0.029,0.712
86600,0.273,0.024,0.703
86700,0.279,0.025,0.696
86800,0.293,0.027,0.680
86900,0.270,0.034,0.696
87000,0.297,0.037,0.666
87100,0.331,0.026,0.643
87200,0.337,0.027,0.636
87300,0.300,0.026,0.673
87400,0.299,0.021,0.680
87500,0.311,0.021,0.668
87600,0.297,0.019,0.683
87700,0.289,0.029,0.682
87800,0.299,0.020,0.682
87900,0.294,0.016,0.690
88000,0.317,0.014,0.669
88100,0.304,0.018,0.678
88200,0.302,0.019,0.679
88300,0.301,0.017,0.682
88400,0.288,0.020,0.692
88500,0.304,0.019,0.677
88600,0.334,0.024,0.641
88700,0.317,0.020,0.662
88800,0.311,0.020,0.669
88900,0.352,0.019,0.629
89000,0.332,0.019,0.649
89100,0.314,0.023,0.663
89200,0.322,0.023,0.654
89300,0.339,0.022,0.639
89400,0.331,0.025,0.644
89500,0.297,0.029,0.675
89600,0.303,0.027,0.671
89700,0.297,0.023,0.679
89800,0.294,0.037,0.669
89900,0.297,0.030,0.672
90000,0.288,0.031,0.681
90100,0.272,0.031,0.697
90200,0.286,0.024,0.690
90300,0.288,0.025,0.687
90400,0.312,0.023,0.665
90500,0.332,0.022,0.646
90600,0.324,0.022,0.655
90700,0.310,0.029,0.661
90800,0.299,0.028,0.673
90900,0.284,0.024,0.692
91000,0.288,0.023,0.690
91100,0.301,0.029,0.670
91200,0.304,0.033,0.662
91300,0.308,0.030,0.662
91400,0.302,0.022,0.676
91500,0.310,0.018,0.672
91600,0.339,0.023,0.639
91700,0.321,0.022,0.657
91800,0.329,0.024,0.647
91900,0.335,0.019,0.646
92000,0.352,0.019,0.630
92100,0.364,0.017,0.619
92200,0.361,0.015,0.624
92300,0.340,0.015,0.645
92400,0.350,0.017,0.633
92500,0.364,0.016,0.619
92600,0.361,0.016,0.623
92700,0.391,0.010,0.599
92800,0.369,0.009,0.622
92900,0.382,0.012,0.606
93000,0.387,0.011,0.602
93100,0.350,0.009,0.641
93200,0.337,0.010,0.653
93300,0.353,0.014,0.633
93400,0.377,0.009,0.614
93500,0.363,0.011,0.626
93600,0.363,0.008,0.629
93700,0.371,0.006,0.623
93800,0.380,0.009,0.612
93900,0.408,0.008,0.584
94000,0.432,0.006,0.562
94100,0.409,0.005,0.587
94200,0.467,0.005,0.527
94300,0.472,0.006,0.522
94400,0.455,0.008,0.537
94500,0.429,0.007,0.564
94600,0.442,0.008,0.550
94700,0.464,0.007,0.529
94800,0.455,0.005,0.541
94900,0.505,0.005,0.490
95000,0.497,0.003,0.499
95100,0.471,0.004,0.524
95200,0.454,0.006,0.540
95300,0.469,0.010,0.521
95400,0.486,0.012,0.502
95500,0.499,0.007,0.494
95600,0.482,0.006,0.512
95700,0.498,0.005,0.498
95800,0.472,0.006,0.522
95900,0.467,0.008,0.525
96000,0.485,0.006,0.508
96100,0.474,0.006,0.520
96200,0.480,0.006,0.515
96300,0.490,0.008,0.502
96400,0.468,0.010,0.522
96500,0.425,0.008,0.567
96600,0.424,0.012,0.565
96700,0.448,0.006,0.545
96800,0.444,0.010,0.546
96900,0.449,0.010,0.541
97000,0.453,0.010,0.537
97100,0.444,0.008,0.549
97200,0.441,0.009,0.550
97300,0.480,0.012,0.508
97400,0.450,0.010,0.540
97500,0.414,0.020,0.566
97600,0.423,0.014,0.563
97700,0.413,0.016,0.570
97800,0.444,0.013,0.544
97900,0.462,0.011,0.527
98000,0.443,0.011,0.546
98100,0.425,0.009,0.565
98200,0.448,0.010,0.542
98300,0.414,0.008,0.577
98400,0.389,0.008,0.604
98500,0.388,0.008,0.604
98600,0.370,0.016,0.615
98700,0.386,0.016,0.598
98800,0.417,0.016,0.566
98900,0.420,0.013,0.568
99000,0.409,0.013,0.578
99100,0.424,0.009,0.568
99200,0.433,0.008,0.559
99300,0.414,0.006,0.579
99400,0.391,0.006,0.602
99500,0.402,0.012,0.586
99600,0.396,0.012,0.591
99700,0.402,0.009,0.589
99800,0.389,0.010,0.601
99900,0.381,0.008,0.611
100000,0.408,0.008,0.584
