time,n_A+p,n_B,n_AB
500,0.080,0.645,0.275
1000,0.080,0.409,0.511
1500,0.086,0.281,0.633
2000,0.100,0.234,0.667
2500,0.086,0.231,0.683
3000,0.087,0.236,0.677
3500,0.091,0.276,0.633
4000,0.088,0.246,0.665
4500,0.111,0.198,0.692
5000,0.108,0.172,0.720
5500,0.119,0.159,0.722
6000,0.154,0.136,0.710
6500,0.377,0.029,0.594
7000,0.619,0.004,0.377
7500,0.789,0.000,0.211
8000,0.874,0.000,0.126
8500,0.913,0.000,0.087
9000,0.953,0.000,0.047
9500,0.971,0.000,0.029
10000,0.989,0.000,0.011
10500,0.996,0.000,0.004
11000,0.997,0.000,0.003
11500,1.000,0.000,0.000
