time,n_A+p,n_B,n_AB
500,0.080,0.511,0.409
1000,0.085,0.215,0.700
1500,0.110,0.112,0.779
2000,0.199,0.056,0.745
2500,0.483,0.003,0.515
3000,0.683,0.000,0.317
3500,0.792,0.000,0.208
4000,0.791,0.000,0.209
4500,0.838,0.000,0.162
5000,0.851,0.000,0.149
5500,0.863,0.000,0.137
6000,0.900,0.000,0.100
6500,0.971,0.000,0.029
7000,0.978,0.000,0.022
7500,0.978,0.000,0.022
8000,0.998,0.000,0.002
8500,1.000,0.000,0.000
