time,n_A+p,n_B,n_AB
0,0.028,0.972,0.000
500,0.028,0.917,0.055
1000,0.037,0.816,0.147
1500,0.051,0.783,0.166
2000,0.065,0.751,0.184
2500,0.041,0.700,0.258
3000,0.078,0.618,0.304
3500,0.120,0.516,0.364
4000,0.083,0.567,0.350
4500,0.083,0.548,0.369
5000,0.152,0.507,0.341
5500,0.184,0.433,0.382
6000,0.240,0.290,0.470
6500,0.221,0.300,0.479
7000,0.244,0.341,0.415
7500,0.286,0.272,0.442
8000,0.359,0.175,0.465
8500,0.341,0.143,0.516
9000,0.433,0.171,0.396
9500,0.493,0.147,0.359
10000,0.525,0.106,0.369
10500,0.493,0.111,0.396
11000,0.359,0.189,0.452
11500,0.484,0.129,0.387
12000,0.424,0.166,0.410
12500,0.465,0.101,0.433
13000,0.415,0.083,0.502
13500,0.535,0.106,0.359
14000,0.618,0.051,0.332
14500,0.604,0.060,0.336
15000,0.682,0.055,0.263
15500,0.700,0.046,0.253
16000,0.719,0.055,0.226
16500,0.747,0.032,0.221
17000,0.742,0.037,0.221
17500,0.774,0.028,0.198
18000,0.733,0.018,0.249
18500,0.793,0.000,0.207
19000,0.848,0.023,0.129
19500,0.922,0.005,0.074
20000,0.954,0.000,0.046
20500,0.912,0.000,0.088
21000,0.963,0.000,0.037
21500,0.982,0.000,0.018
22000,0.977,0.000,0.023
22500,0.995,0.000,0.005
23000,0.995,0.000,0.005
23500,0.995,0.000,0.005
24000,0.995,0.000,0.005
24500,0.995,0.000,0.005
25000,0.995,0.000,0.005
25500,0.995,0.000,0.005
26000,0.995,0.000,0.005
26500,0.995,0.000,0.005
27000,0.995,0.000,0.005
27500,0.995,0.000,0.005
28000,0.995,0.000,0.005
28500,0.995,0.000,0.005
29000,0.995,0.000,0.005
29500,0.995,0.000,0.005
30000,1.000,0.000,0.000
