time,n_A+p,n_B,n_AB
500,0.030,0.472,0.498
1000,0.030,0.224,0.746
1500,0.030,0.234,0.736
2000,0.030,0.251,0.719
2500,0.030,0.177,0.793
3000,0.030,0.308,0.662
3500,0.030,0.298,0.672
4000,0.030,0.226,0.744
4500,0.030,0.233,0.737
5000,0.030,0.358,0.612
5500,0.030,0.235,0.735
6000,0.030,0.302,0.668
6500,0.359,0.002,0.639
7000,0.642,0.000,0.358
7500,0.695,0.000,0.305
8000,0.780,0.000,0.220
8500,0.840,0.000,0.160
9000,0.807,0.000,0.193
9500,0.719,0.000,0.281
10000,0.923,0.000,0.077
10500,0.998,0.000,0.002
11000,1.000,0.000,0.000
