time,n_A+p,n_B,n_AB
500,0.030,0.669,0.301
1000,0.030,0.577,0.393
1500,0.030,0.527,0.443
2000,0.030,0.448,0.522
2500,0.030,0.376,0.594
3000,0.030,0.518,0.452
3500,0.030,0.368,0.602
4000,0.030,0.391,0.579
4500,0.030,0.420,0.550
5000,0.030,0.451,0.519
5500,0.030,0.475,0.495
6000,0.030,0.407,0.563
6500,0.030,0.445,0.525
7000,0.030,0.352,0.618
7500,0.030,0.404,0.566
8000,0.030,0.364,0.606
8500,0.030,0.353,0.617
9000,0.030,0.403,0.567
9500,0.030,0.573,0.397
10000,0.030,0.510,0.460
10500,0.030,0.464,0.506
11000,0.030,0.525,0.445
11500,0.030,0.439,0.531
12000,0.030,0.547,0.423
12500,0.030,0.426,0.544
13000,0.030,0.403,0.567
13500,0.030,0.318,0.652
14000,0.030,0.374,0.596
14500,0.030,0.505,0.465
15000,0.030,0.388,0.582
15500,0.030,0.466,0.504
16000,0.030,0.412,0.558
16500,0.030,0.457,0.513
17000,0.030,0.555,0.415
17500,0.030,0.538,0.432
18000,0.030,0.573,0.397
18500,0.030,0.491,0.479
19000,0.030,0.425,0.545
19500,0.030,0.479,0.491
20000,0.030,0.397,0.573
20500,0.030,0.421,0.549
21000,0.030,0.455,0.515
21500,0.030,0.377,0.593
22000,0.030,0.403,0.567
22500,0.030,0.374,0.596
23000,0.030,0.484,0.486
23500,0.030,0.551,0.419
24000,0.030,0.474,0.496
24500,0.030,0.526,0.444
25000,0.030,0.465,0.505
25500,0.030,0.437,0.533
26000,0.030,0.435,0.535
26500,0.030,0.497,0.473
27000,0.030,0.462,0.508
27500,0.030,0.336,0.634
28000,0.030,0.283,0.687
28500,0.030,0.428,0.542
29000,0.030,0.524,0.446
29500,0.030,0.516,0.454
30000,0.030,0.503,0.467
30500,0.030,0.459,0.511
31000,0.030,0.502,0.468
31500,0.030,0.453,0.517
32000,0.030,0.528,0.442
32500,0.030,0.551,0.419
33000,0.030,0.299,0.671
33500,0.030,0.418,0.552
34000,0.030,0.352,0.618
34500,0.030,0.402,0.568
35000,0.030,0.529,0.441
35500,0.030,0.468,0.502
36000,0.030,0.450,0.520
36500,0.030,0.449,0.521
37000,0.030,0.443,0.527
37500,0.030,0.472,0.498
38000,0.030,0.572,0.398
38500,0.030,0.343,0.627
39000,0.038,0.297,0.665
39500,0.033,0.295,0.672
40000,0.030,0.395,0.575
40500,0.030,0.492,0.478
41000,0.030,0.407,0.563
41500,0.030,0.517,0.453
42000,0.030,0.529,0.441
42500,0.030,0.519,0.451
43000,0.030,0.494,0.476
43500,0.030,0.360,0.610
44000,0.030,0.353,0.617
44500,0.030,0.426,0.544
45000,0.030,0.461,0.509
45500,0.030,0.336,0.634
46000,0.030,0.438,0.532
46500,0.030,0.439,0.531
47000,0.030,0.487,0.483
47500,0.030,0.534,0.436
48000,0.030,0.473,0.497
48500,0.030,0.380,0.590
49000,0.030,0.401,0.569
49500,0.030,0.384,0.586
50000,0.030,0.411,0.559
50500,0.030,0.598,0.372
51000,0.030,0.462,0.508
51500,0.030,0.440,0.530
52000,0.030,0.479,0.491
52500,0.030,0.486,0.484
53000,0.030,0.393,0.577
53500,0.030,0.372,0.598
54000,0.030,0.430,0.540
54500,0.030,0.475,0.495
55000,0.030,0.567,0.403
55500,0.030,0.436,0.534
56000,0.030,0.465,0.505
56500,0.030,0.420,0.550
57000,0.030,0.526,0.444
57500,0.030,0.344,0.626
58000,0.030,0.330,0.640
58500,0.030,0.411,0.559
59000,0.030,0.406,0.564
59500,0.030,0.463,0.507
60000,0.030,0.425,0.545
60500,0.030,0.461,0.509
61000,0.030,0.467,0.503
61500,0.030,0.540,0.430
62000,0.030,0.434,0.536
62500,0.030,0.483,0.487
63000,0.030,0.458,0.512
63500,0.030,0.390,0.580
64000,0.030,0.359,0.611
64500,0.030,0.504,0.466
65000,0.030,0.611,0.359
65500,0.030,0.481,0.489
66000,0.030,0.440,0.530
66500,0.030,0.442,0.528
67000,0.030,0.400,0.570
67500,0.030,0.447,0.523
68000,0.030,0.524,0.446
68500,0.030,0.455,0.515
69000,0.030,0.486,0.484
69500,0.030,0.600,0.370
70000,0.030,0.500,0.470
70500,0.030,0.558,0.412
71000,0.033,0.452,0.515
71500,0.030,0.358,0.612
72000,0.030,0.379,0.591
72500,0.030,0.503,0.467
73000,0.030,0.249,0.721
73500,0.030,0.375,0.595
74000,0.030,0.431,0.539
74500,0.030,0.392,0.578
75000,0.030,0.455,0.515
75500,0.030,0.539,0.431
76000,0.030,0.467,0.503
76500,0.030,0.452,0.518
77000,0.030,0.362,0.608
77500,0.030,0.406,0.564
78000,0.030,0.420,0.550
78500,0.030,0.517,0.453
79000,0.030,0.371,0.599
79500,0.030,0.336,0.634
80000,0.030,0.457,0.513
80500,0.030,0.368,0.602
81000,0.030,0.421,0.549
81500,0.030,0.497,0.473
82000,0.030,0.451,0.519
82500,0.030,0.457,0.513
83000,0.030,0.360,0.610
83500,0.032,0.323,0.645
84000,0.030,0.322,0.648
84500,0.030,0.455,0.515
85000,0.030,0.507,0.463
85500,0.030,0.511,0.459
86000,0.030,0.496,0.474
86500,0.030,0.373,0.597
87000,0.030,0.486,0.484
87500,0.030,0.380,0.590
88000,0.030,0.422,0.548
88500,0.030,0.636,0.334
89000,0.030,0.596,0.374
89500,0.030,0.458,0.512
90000,0.030,0.258,0.712
90500,0.030,0.483,0.487
91000,0.030,0.487,0.483
91500,0.030,0.461,0.509
92000,0.030,0.669,0.301
92500,0.030,0.592,0.378
93000,0.030,0.515,0.455
93500,0.030,0.509,0.461
94000,0.030,0.520,0.450
94500,0.030,0.458,0.512
95000,0.030,0.411,0.559
95500,0.030,0.501,0.469
96000,0.030,0.494,0.476
96500,0.030,0.430,0.540
97000,0.032,0.426,0.542
97500,0.030,0.431,0.539
98000,0.030,0.438,0.532
98500,0.030,0.438,0.532
99000,0.030,0.430,0.540
99500,0.031,0.320,0.649
100000,0.031,0.310,0.659
100500,0.030,0.425,0.545
101000,0.030,0.387,0.583
101500,0.030,0.488,0.482
102000,0.030,0.427,0.543
102500,0.030,0.489,0.481
103000,0.030,0.408,0.562
103500,0.030,0.445,0.525
104000,0.030,0.351,0.619
104500,0.030,0.459,0.511
105000,0.030,0.499,0.471
105500,0.030,0.492,0.478
106000,0.030,0.485,0.485
106500,0.030,0.456,0.514
107000,0.030,0.403,0.567
107500,0.030,0.425,0.545
108000,0.030,0.564,0.406
108500,0.030,0.472,0.498
109000,0.030,0.451,0.519
109500,0.030,0.458,0.512
110000,0.030,0.463,0.507
110500,0.030,0.424,0.546
111000,0.030,0.505,0.465
111500,0.030,0.549,0.421
112000,0.042,0.354,0.604
112500,0.030,0.373,0.597
113000,0.030,0.365,0.605
113500,0.032,0.364,0.604
114000,0.030,0.562,0.408
114500,0.030,0.433,0.537
115000,0.030,0.482,0.488
115500,0.030,0.506,0.464
116000,0.030,0.517,0.453
116500,0.030,0.394,0.576
117000,0.030,0.548,0.422
117500,0.030,0.557,0.413
118000,0.030,0.482,0.488
118500,0.030,0.369,0.601
119000,0.030,0.422,0.548
119500,0.030,0.448,0.522
120000,0.030,0.545,0.425
120500,0.030,0.450,0.520
121000,0.030,0.524,0.446
121500,0.030,0.477,0.493
122000,0.030,0.522,0.448
122500,0.030,0.406,0.564
123000,0.030,0.492,0.478
123500,0.030,0.294,0.676
124000,0.030,0.430,0.540
124500,0.030,0.485,0.485
125000,0.030,0.470,0.500
125500,0.030,0.579,0.391
126000,0.030,0.460,0.510
126500,0.030,0.485,0.485
127000,0.030,0.462,0.508
127500,0.030,0.560,0.410
128000,0.030,0.438,0.532
128500,0.030,0.535,0.435
129000,0.030,0.423,0.547
129500,0.030,0.390,0.580
130000,0.030,0.395,0.575
130500,0.030,0.456,0.514
131000,0.030,0.465,0.505
131500,0.030,0.443,0.527
132000,0.030,0.389,0.581
132500,0.030,0.352,0.618
133000,0.030,0.539,0.431
133500,0.030,0.392,0.578
134000,0.030,0.457,0.513
134500,0.030,0.476,0.494
135000,0.030,0.414,0.556
135500,0.030,0.351,0.619
136000,0.030,0.482,0.488
136500,0.030,0.394,0.576
137000,0.030,0.599,0.371
137500,0.030,0.671,0.299
138000,0.030,0.499,0.471
138500,0.030,0.406,0.564
139000,0.030,0.506,0.464
139500,0.030,0.563,0.407
140000,0.030,0.476,0.494
140500,0.030,0.393,0.577
141000,0.030,0.542,0.428
141500,0.030,0.502,0.468
142000,0.030,0.428,0.542
142500,0.030,0.370,0.600
143000,0.031,0.351,0.618
143500,0.030,0.332,0.638
144000,0.030,0.384,0.586
144500,0.030,0.402,0.568
145000,0.030,0.468,0.502
145500,0.030,0.408,0.562
146000,0.030,0.430,0.540
146500,0.030,0.360,0.610
147000,0.059,0.236,0.705
147500,0.030,0.335,0.635
148000,0.030,0.351,0.619
148500,0.030,0.466,0.504
149000,0.030,0.364,0.606
149500,0.030,0.397,0.573
150000,0.030,0.404,0.566
150500,0.030,0.349,0.621
151000,0.030,0.368,0.602
151500,0.030,0.526,0.444
152000,0.030,0.367,0.603
152500,0.030,0.391,0.579
153000,0.030,0.511,0.459
153500,0.030,0.288,0.682
154000,0.030,0.449,0.521
154500,0.030,0.395,0.575
155000,0.030,0.380,0.590
155500,0.030,0.407,0.563
156000,0.030,0.439,0.531
156500,0.030,0.521,0.449
157000,0.030,0.431,0.539
157500,0.030,0.492,0.478
158000,0.030,0.527,0.443
158500,0.030,0.469,0.501
159000,0.030,0.513,0.457
159500,0.030,0.397,0.573
160000,0.030,0.319,0.651
160500,0.030,0.476,0.494
161000,0.030,0.472,0.498
161500,0.030,0.531,0.439
162000,0.030,0.573,0.397
162500,0.030,0.570,0.400
163000,0.030,0.405,0.565
163500,0.030,0.454,0.516
164000,0.030,0.498,0.472
164500,0.030,0.381,0.589
165000,0.030,0.443,0.527
165500,0.030,0.407,0.563
166000,0.030,0.417,0.553
166500,0.030,0.341,0.629
167000,0.030,0.487,0.483
167500,0.030,0.363,0.607
168000,0.030,0.345,0.625
168500,0.030,0.536,0.434
169000,0.030,0.438,0.532
169500,0.030,0.460,0.510
170000,0.030,0.455,0.515
170500,0.030,0.467,0.503
171000,0.030,0.464,0.506
171500,0.030,0.478,0.492
172000,0.030,0.461,0.509
172500,0.030,0.404,0.566
173000,0.030,0.518,0.452
173500,0.030,0.465,0.505
174000,0.030,0.459,0.511
174500,0.030,0.351,0.619
175000,0.031,0.390,0.579
175500,0.036,0.321,0.643
176000,0.030,0.449,0.521
176500,0.030,0.460,0.510
177000,0.030,0.331,0.639
177500,0.030,0.416,0.554
178000,0.030,0.449,0.521
178500,0.030,0.459,0.511
179000,0.030,0.547,0.423
179500,0.030,0.392,0.578
180000,0.030,0.510,0.460
180500,0.030,0.471,0.499
181000,0.030,0.401,0.569
181500,0.030,0.510,0.460
182000,0.030,0.459,0.511
182500,0.030,0.481,0.489
183000,0.030,0.463,0.507
183500,0.030,0.505,0.465
184000,0.030,0.315,0.655
184500,0.030,0.465,0.505
185000,0.030,0.361,0.609
185500,0.030,0.355,0.615
186000,0.030,0.456,0.514
186500,0.030,0.369,0.601
187000,0.034,0.386,0.580
187500,0.030,0.380,0.590
188000,0.035,0.368,0.597
188500,0.030,0.477,0.493
189000,0.042,0.437,0.521
189500,0.030,0.483,0.487
190000,0.030,0.454,0.516
190500,0.030,0.514,0.456
191000,0.030,0.470,0.500
191500,0.030,0.344,0.626
192000,0.042,0.341,0.617
192500,0.030,0.433,0.537
193000,0.030,0.433,0.537
193500,0.030,0.418,0.552
194000,0.030,0.330,0.640
194500,0.030,0.393,0.577
195000,0.030,0.599,0.371
195500,0.030,0.492,0.478
196000,0.030,0.386,0.584
196500,0.044,0.280,0.676
197000,0.030,0.549,0.421
197500,0.030,0.619,0.351
198000,0.030,0.473,0.497
198500,0.030,0.395,0.575
199000,0.030,0.420,0.550
199500,0.030,0.419,0.551
200000,0.030,0.527,0.443
200500,0.030,0.456,0.514
201000,0.030,0.494,0.476
201500,0.030,0.400,0.570
202000,0.030,0.417,0.553
202500,0.030,0.510,0.460
203000,0.030,0.525,0.445
203500,0.030,0.485,0.485
204000,0.030,0.357,0.613
204500,0.030,0.364,0.606
205000,0.030,0.419,0.551
205500,0.030,0.515,0.455
206000,0.030,0.395,0.575
206500,0.030,0.476,0.494
207000,0.030,0.327,0.643
207500,0.030,0.348,0.622
208000,0.030,0.527,0.443
208500,0.030,0.481,0.489
209000,0.030,0.345,0.625
209500,0.030,0.435,0.535
210000,0.030,0.446,0.524
210500,0.030,0.473,0.497
211000,0.030,0.312,0.658
211500,0.031,0.357,0.612
212000,0.030,0.445,0.525
212500,0.030,0.386,0.584
213000,0.030,0.334,0.636
213500,0.031,0.401,0.568
214000,0.030,0.442,0.528
214500,0.030,0.416,0.554
215000,0.030,0.427,0.543
215500,0.030,0.481,0.489
216000,0.030,0.442,0.528
216500,0.030,0.360,0.610
217000,0.030,0.321,0.649
217500,0.030,0.498,0.472
218000,0.030,0.546,0.424
218500,0.030,0.430,0.540
219000,0.030,0.493,0.477
219500,0.030,0.342,0.628
220000,0.030,0.342,0.628
220500,0.030,0.454,0.516
221000,0.030,0.411,0.559
221500,0.030,0.439,0.531
222000,0.042,0.286,0.672
222500,0.030,0.397,0.573
223000,0.030,0.522,0.448
223500,0.030,0.418,0.552
224000,0.030,0.502,0.468
224500,0.030,0.462,0.508
225000,0.030,0.416,0.554
225500,0.030,0.442,0.528
226000,0.030,0.417,0.553
226500,0.030,0.426,0.544
227000,0.030,0.462,0.508
227500,0.030,0.443,0.527
228000,0.030,0.373,0.597
228500,0.030,0.509,0.461
229000,0.030,0.400,0.570
229500,0.030,0.503,0.467
230000,0.030,0.501,0.469
230500,0.030,0.545,0.425
231000,0.030,0.523,0.447
231500,0.030,0.444,0.526
232000,0.030,0.474,0.496
232500,0.030,0.510,0.460
233000,0.030,0.544,0.426
233500,0.030,0.439,0.531
234000,0.030,0.547,0.423
234500,0.030,0.474,0.496
235000,0.030,0.366,0.604
235500,0.030,0.426,0.544
236000,0.030,0.422,0.548
236500,0.030,0.491,0.479
237000,0.030,0.359,0.611
237500,0.030,0.352,0.618
238000,0.030,0.301,0.669
238500,0.030,0.436,0.534
239000,0.030,0.559,0.411
239500,0.030,0.508,0.462
240000,0.030,0.473,0.497
240500,0.030,0.466,0.504
241000,0.030,0.550,0.420
241500,0.030,0.443,0.527
242000,0.030,0.474,0.496
242500,0.030,0.596,0.374
243000,0.030,0.362,0.608
243500,0.030,0.646,0.324
244000,0.030,0.543,0.427
244500,0.030,0.616,0.354
245000,0.030,0.468,0.502
245500,0.030,0.486,0.484
246000,0.030,0.414,0.556
246500,0.030,0.441,0.529
247000,0.030,0.402,0.568
247500,0.030,0.324,0.646
248000,0.030,0.364,0.606
248500,0.030,0.388,0.582
249000,0.031,0.374,0.595
249500,0.030,0.428,0.542
250000,0.030,0.433,0.537
250500,0.030,0.543,0.427
251000,0.030,0.507,0.463
251500,0.030,0.516,0.454
252000,0.030,0.444,0.526
252500,0.030,0.465,0.505
253000,0.030,0.445,0.525
253500,0.030,0.500,0.470
254000,0.030,0.435,0.535
254500,0.030,0.518,0.452
255000,0.030,0.442,0.528
255500,0.030,0.559,0.411
256000,0.030,0.504,0.466
256500,0.030,0.404,0.566
257000,0.030,0.475,0.495
257500,0.030,0.395,0.575
258000,0.030,0.384,0.586
258500,0.030,0.412,0.558
259000,0.030,0.501,0.469
259500,0.030,0.534,0.436
260000,0.030,0.410,0.560
260500,0.030,0.472,0.498
261000,0.030,0.410,0.560
261500,0.030,0.335,0.635
262000,0.036,0.312,0.652
262500,0.030,0.527,0.443
263000,0.030,0.484,0.486
263500,0.030,0.533,0.437
264000,0.030,0.428,0.542
264500,0.030,0.496,0.474
265000,0.030,0.441,0.529
265500,0.030,0.440,0.530
266000,0.030,0.331,0.639
266500,0.030,0.440,0.530
267000,0.030,0.362,0.608
267500,0.030,0.472,0.498
268000,0.030,0.506,0.464
268500,0.030,0.460,0.510
269000,0.033,0.403,0.564
269500,0.030,0.346,0.624
270000,0.030,0.358,0.612
270500,0.030,0.373,0.597
271000,0.030,0.442,0.528
271500,0.030,0.494,0.476
272000,0.030,0.428,0.542
272500,0.030,0.410,0.560
273000,0.030,0.398,0.572
273500,0.030,0.418,0.552
274000,0.030,0.442,0.528
274500,0.030,0.521,0.449
275000,0.030,0.398,0.572
275500,0.030,0.410,0.560
276000,0.030,0.505,0.465
276500,0.030,0.425,0.545
277000,0.030,0.485,0.485
277500,0.030,0.473,0.497
278000,0.030,0.492,0.478
278500,0.030,0.441,0.529
279000,0.030,0.467,0.503
279500,0.030,0.219,0.751
280000,0.034,0.333,0.633
280500,0.030,0.417,0.553
281000,0.030,0.537,0.433
281500,0.030,0.474,0.496
282000,0.030,0.384,0.586
282500,0.030,0.541,0.429
283000,0.030,0.558,0.412
283500,0.030,0.320,0.650
284000,0.030,0.627,0.343
284500,0.030,0.485,0.485
285000,0.030,0.483,0.487
285500,0.030,0.453,0.517
286000,0.030,0.408,0.562
286500,0.030,0.514,0.456
287000,0.030,0.492,0.478
287500,0.030,0.353,0.617
288000,0.030,0.632,0.338
288500,0.030,0.384,0.586
289000,0.030,0.611,0.359
289500,0.030,0.436,0.534
290000,0.030,0.448,0.522
290500,0.035,0.316,0.649
291000,0.030,0.511,0.459
291500,0.030,0.419,0.551
292000,0.030,0.655,0.315
292500,0.030,0.641,0.329
293000,0.030,0.394,0.576
293500,0.030,0.547,0.423
294000,0.030,0.478,0.492
294500,0.030,0.345,0.625
295000,0.030,0.428,0.542
295500,0.030,0.476,0.494
296000,0.030,0.525,0.445
296500,0.030,0.401,0.569
297000,0.030,0.489,0.481
297500,0.030,0.481,0.489
298000,0.030,0.525,0.445
298500,0.030,0.359,0.611
299000,0.030,0.468,0.502
299500,0.030,0.411,0.559
300000,0.030,0.508,0.462
300500,0.030,0.441,0.529
301000,0.030,0.433,0.537
301500,0.030,0.480,0.490
302000,0.030,0.492,0.478
302500,0.030,0.387,0.583
303000,0.030,0.520,0.450
303500,0.030,0.391,0.579
304000,0.030,0.435,0.535
304500,0.030,0.428,0.542
305000,0.030,0.421,0.549
305500,0.030,0.417,0.553
306000,0.030,0.421,0.549
306500,0.030,0.443,0.527
307000,0.030,0.478,0.492
307500,0.041,0.306,0.653
308000,0.030,0.423,0.547
308500,0.030,0.386,0.584
309000,0.030,0.356,0.614
309500,0.030,0.443,0.527
310000,0.030,0.413,0.557
310500,0.030,0.384,0.586
311000,0.030,0.400,0.570
311500,0.030,0.386,0.584
312000,0.030,0.500,0.470
312500,0.030,0.348,0.622
313000,0.030,0.429,0.541
313500,0.030,0.495,0.475
314000,0.030,0.420,0.550
314500,0.030,0.355,0.615
315000,0.030,0.491,0.479
315500,0.030,0.471,0.499
316000,0.030,0.521,0.449
316500,0.030,0.458,0.512
317000,0.030,0.359,0.611
317500,0.030,0.394,0.576
318000,0.030,0.311,0.659
318500,0.030,0.321,0.649
319000,0.030,0.511,0.459
319500,0.030,0.439,0.531
320000,0.030,0.545,0.425
320500,0.030,0.432,0.538
321000,0.030,0.358,0.612
321500,0.030,0.433,0.537
322000,0.030,0.416,0.554
322500,0.030,0.355,0.615
323000,0.030,0.389,0.581
323500,0.030,0.429,0.541
324000,0.030,0.436,0.534
324500,0.030,0.451,0.519
325000,0.030,0.345,0.625
325500,0.030,0.458,0.512
326000,0.030,0.558,0.412
326500,0.030,0.475,0.495
327000,0.030,0.418,0.552
327500,0.030,0.467,0.503
328000,0.030,0.432,0.538
328500,0.030,0.514,0.456
329000,0.030,0.510,0.460
329500,0.030,0.418,0.552
330000,0.030,0.398,0.572
330500,0.030,0.432,0.538
331000,0.030,0.432,0.538
331500,0.030,0.368,0.602
332000,0.030,0.388,0.582
332500,0.030,0.440,0.530
333000,0.030,0.464,0.506
333500,0.030,0.363,0.607
334000,0.030,0.510,0.460
334500,0.030,0.511,0.459
335000,0.030,0.539,0.431
335500,0.030,0.468,0.502
336000,0.030,0.372,0.598
336500,0.030,0.310,0.660
337000,0.030,0.419,0.551
337500,0.030,0.497,0.473
338000,0.030,0.420,0.550
338500,0.030,0.421,0.549
339000,0.030,0.499,0.471
339500,0.030,0.400,0.570
340000,0.030,0.479,0.491
340500,0.030,0.534,0.436
341000,0.030,0.476,0.494
341500,0.030,0.435,0.535
342000,0.030,0.382,0.588
342500,0.039,0.389,0.572
343000,0.030,0.491,0.479
343500,0.030,0.469,0.501
344000,0.030,0.317,0.653
344500,0.030,0.483,0.487
345000,0.030,0.510,0.460
345500,0.030,0.390,0.580
346000,0.030,0.558,0.412
346500,0.030,0.510,0.460
347000,0.030,0.585,0.385
347500,0.030,0.528,0.442
348000,0.030,0.373,0.597
348500,0.030,0.481,0.489
349000,0.030,0.401,0.569
349500,0.030,0.387,0.583
350000,0.030,0.316,0.654
350500,0.030,0.355,0.615
351000,0.030,0.403,0.567
351500,0.030,0.363,0.607
352000,0.030,0.467,0.503
352500,0.030,0.448,0.522
353000,0.030,0.420,0.550
353500,0.030,0.442,0.528
354000,0.030,0.355,0.615
354500,0.030,0.507,0.463
355000,0.030,0.481,0.489
355500,0.030,0.405,0.565
356000,0.030,0.378,0.592
356500,0.030,0.428,0.542
357000,0.030,0.445,0.525
357500,0.030,0.501,0.469
358000,0.030,0.421,0.549
358500,0.030,0.523,0.447
359000,0.030,0.489,0.481
359500,0.030,0.399,0.571
360000,0.030,0.386,0.584
360500,0.030,0.538,0.432
361000,0.030,0.486,0.484
361500,0.030,0.533,0.437
362000,0.030,0.498,0.472
362500,0.030,0.285,0.685
363000,0.030,0.375,0.595
363500,0.030,0.422,0.548
364000,0.030,0.459,0.511
364500,0.030,0.422,0.548
365000,0.030,0.339,0.631
365500,0.030,0.369,0.601
366000,0.030,0.391,0.579
366500,0.030,0.477,0.493
367000,0.030,0.413,0.557
367500,0.030,0.499,0.471
368000,0.030,0.456,0.514
368500,0.030,0.524,0.446
369000,0.030,0.508,0.462
369500,0.030,0.462,0.508
370000,0.030,0.539,0.431
370500,0.030,0.486,0.484
371000,0.030,0.462,0.508
371500,0.030,0.565,0.405
372000,0.030,0.375,0.595
372500,0.030,0.402,0.568
373000,0.030,0.466,0.504
373500,0.030,0.393,0.577
374000,0.030,0.418,0.552
374500,0.030,0.438,0.532
375000,0.030,0.627,0.343
375500,0.030,0.498,0.472
376000,0.030,0.493,0.477
376500,0.030,0.416,0.554
377000,0.030,0.475,0.495
377500,0.030,0.318,0.652
378000,0.030,0.508,0.462
378500,0.030,0.435,0.535
379000,0.030,0.500,0.470
379500,0.030,0.481,0.489
380000,0.030,0.474,0.496
380500,0.030,0.490,0.480
381000,0.030,0.454,0.516
381500,0.030,0.434,0.536
382000,0.030,0.490,0.480
382500,0.030,0.428,0.542
383000,0.030,0.321,0.649
383500,0.030,0.535,0.435
384000,0.030,0.503,0.467
384500,0.030,0.447,0.523
385000,0.030,0.452,0.518
385500,0.030,0.534,0.436
386000,0.030,0.522,0.448
386500,0.030,0.459,0.511
387000,0.030,0.455,0.515
387500,0.030,0.505,0.465
388000,0.030,0.477,0.493
388500,0.030,0.491,0.479
389000,0.030,0.470,0.500
389500,0.030,0.419,0.551
390000,0.030,0.533,0.437
390500,0.030,0.537,0.433
391000,0.030,0.446,0.524
391500,0.030,0.397,0.573
392000,0.030,0.492,0.478
392500,0.030,0.448,0.522
393000,0.030,0.452,0.518
393500,0.030,0.406,0.564
394000,0.030,0.450,0.520
394500,0.030,0.520,0.450
395000,0.030,0.589,0.381
395500,0.030,0.387,0.583
396000,0.030,0.416,0.554
396500,0.030,0.375,0.595
397000,0.030,0.527,0.443
397500,0.030,0.329,0.641
398000,0.030,0.467,0.503
398500,0.030,0.496,0.474
399000,0.030,0.433,0.537
399500,0.030,0.540,0.430
400000,0.030,0.489,0.481
400500,0.030,0.407,0.563
401000,0.030,0.323,0.647
401500,0.030,0.573,0.397
402000,0.030,0.383,0.587
402500,0.030,0.307,0.663
403000,0.030,0.430,0.540
403500,0.030,0.490,0.480
404000,0.030,0.334,0.636
404500,0.030,0.511,0.459
405000,0.030,0.428,0.542
405500,0.030,0.256,0.714
406000,0.046,0.413,0.541
406500,0.030,0.410,0.560
407000,0.030,0.423,0.547
407500,0.030,0.468,0.502
408000,0.030,0.453,0.517
408500,0.030,0.448,0.522
409000,0.030,0.462,0.508
409500,0.030,0.403,0.567
410000,0.030,0.418,0.552
410500,0.030,0.318,0.652
411000,0.030,0.441,0.529
411500,0.030,0.458,0.512
412000,0.030,0.377,0.593
412500,0.030,0.438,0.532
413000,0.030,0.419,0.551
413500,0.030,0.440,0.530
414000,0.030,0.404,0.566
414500,0.030,0.398,0.572
415000,0.030,0.372,0.598
415500,0.030,0.426,0.544
416000,0.030,0.485,0.485
416500,0.030,0.355,0.615
417000,0.030,0.478,0.492
417500,0.030,0.424,0.546
418000,0.030,0.551,0.419
418500,0.030,0.480,0.490
419000,0.030,0.476,0.494
419500,0.030,0.478,0.492
420000,0.030,0.428,0.542
420500,0.039,0.280,0.681
421000,0.030,0.489,0.481
421500,0.030,0.491,0.479
422000,0.030,0.420,0.550
422500,0.030,0.339,0.631
423000,0.030,0.398,0.572
423500,0.030,0.443,0.527
424000,0.030,0.391,0.579
424500,0.030,0.345,0.625
425000,0.030,0.406,0.564
425500,0.030,0.447,0.523
426000,0.030,0.466,0.504
426500,0.030,0.404,0.566
427000,0.030,0.479,0.491
427500,0.030,0.350,0.620
428000,0.030,0.380,0.590
428500,0.040,0.298,0.662
429000,0.030,0.374,0.596
429500,0.030,0.454,0.516
430000,0.030,0.591,0.379
430500,0.030,0.401,0.569
431000,0.032,0.265,0.703
431500,0.030,0.482,0.488
432000,0.030,0.512,0.458
432500,0.030,0.380,0.590
433000,0.030,0.504,0.466
433500,0.030,0.520,0.450
434000,0.030,0.364,0.606
434500,0.030,0.483,0.487
435000,0.030,0.517,0.453
435500,0.030,0.367,0.603
436000,0.030,0.567,0.403
436500,0.030,0.455,0.515
437000,0.030,0.479,0.491
437500,0.030,0.420,0.550
438000,0.030,0.421,0.549
438500,0.030,0.333,0.637
439000,0.030,0.463,0.507
439500,0.030,0.372,0.598
440000,0.030,0.419,0.551
440500,0.030,0.573,0.397
441000,0.030,0.385,0.585
441500,0.030,0.462,0.508
442000,0.030,0.400,0.570
442500,0.030,0.455,0.515
443000,0.030,0.375,0.595
443500,0.030,0.427,0.543
444000,0.030,0.342,0.628
444500,0.030,0.406,0.564
445000,0.030,0.450,0.520
445500,0.030,0.417,0.553
446000,0.030,0.495,0.475
446500,0.030,0.521,0.449
447000,0.030,0.468,0.502
447500,0.030,0.470,0.500
448000,0.030,0.429,0.541
448500,0.030,0.480,0.490
449000,0.030,0.506,0.464
449500,0.030,0.512,0.458
450000,0.030,0.458,0.512
450500,0.030,0.316,0.654
451000,0.030,0.402,0.568
451500,0.030,0.467,0.503
452000,0.030,0.447,0.523
452500,0.030,0.400,0.570
453000,0.030,0.387,0.583
453500,0.030,0.386,0.584
454000,0.030,0.349,0.621
454500,0.030,0.514,0.456
455000,0.030,0.308,0.662
455500,0.030,0.380,0.590
456000,0.030,0.374,0.596
456500,0.030,0.476,0.494
457000,0.034,0.369,0.597
457500,0.030,0.396,0.574
458000,0.030,0.396,0.574
458500,0.030,0.385,0.585
459000,0.030,0.442,0.528
459500,0.030,0.332,0.638
460000,0.030,0.470,0.500
460500,0.030,0.445,0.525
461000,0.030,0.482,0.488
461500,0.030,0.537,0.433
462000,0.030,0.564,0.406
462500,0.030,0.594,0.376
463000,0.030,0.378,0.592
463500,0.030,0.532,0.438
464000,0.030,0.513,0.457
464500,0.030,0.350,0.620
465000,0.030,0.358,0.612
465500,0.030,0.479,0.491
466000,0.030,0.547,0.423
466500,0.030,0.545,0.425
467000,0.030,0.382,0.588
467500,0.030,0.516,0.454
468000,0.030,0.439,0.531
468500,0.030,0.262,0.708
469000,0.030,0.373,0.597
469500,0.030,0.353,0.617
470000,0.030,0.361,0.609
470500,0.030,0.338,0.632
471000,0.030,0.395,0.575
471500,0.030,0.446,0.524
472000,0.030,0.505,0.465
472500,0.030,0.341,0.629
473000,0.030,0.407,0.563
473500,0.030,0.329,0.641
474000,0.030,0.461,0.509
474500,0.030,0.527,0.443
475000,0.030,0.433,0.537
475500,0.030,0.425,0.545
476000,0.030,0.442,0.528
476500,0.030,0.394,0.576
477000,0.030,0.561,0.409
477500,0.030,0.556,0.414
478000,0.030,0.577,0.393
478500,0.030,0.471,0.499
479000,0.030,0.461,0.509
479500,0.030,0.553,0.417
480000,0.030,0.315,0.655
480500,0.030,0.457,0.513
481000,0.030,0.401,0.569
481500,0.030,0.406,0.564
482000,0.030,0.429,0.541
482500,0.030,0.362,0.608
483000,0.030,0.382,0.588
483500,0.030,0.437,0.533
484000,0.030,0.489,0.481
484500,0.030,0.516,0.454
485000,0.030,0.448,0.522
485500,0.030,0.433,0.537
486000,0.030,0.503,0.467
486500,0.030,0.420,0.550
487000,0.030,0.308,0.662
487500,0.038,0.256,0.706
488000,0.030,0.343,0.627
488500,0.030,0.501,0.469
489000,0.030,0.403,0.567
489500,0.030,0.469,0.501
490000,0.030,0.463,0.507
490500,0.030,0.326,0.644
491000,0.030,0.455,0.515
491500,0.030,0.495,0.475
492000,0.030,0.431,0.539
492500,0.030,0.393,0.577
493000,0.030,0.465,0.505
493500,0.030,0.363,0.607
494000,0.030,0.508,0.462
494500,0.030,0.433,0.537
495000,0.030,0.398,0.572
495500,0.030,0.334,0.636
496000,0.030,0.520,0.450
496500,0.030,0.449,0.521
497000,0.030,0.380,0.590
497500,0.030,0.551,0.419
498000,0.030,0.450,0.520
498500,0.030,0.329,0.641
499000,0.030,0.558,0.412
499500,0.030,0.538,0.432
500000,0.030,0.319,0.651
500500,0.030,0.420,0.550
501000,0.030,0.302,0.668
501500,0.030,0.381,0.589
502000,0.030,0.326,0.644
502500,0.030,0.394,0.576
503000,0.030,0.476,0.494
503500,0.030,0.549,0.421
504000,0.030,0.642,0.328
504500,0.030,0.578,0.392
505000,0.030,0.371,0.599
505500,0.030,0.496,0.474
506000,0.030,0.429,0.541
506500,0.030,0.322,0.648
507000,0.030,0.503,0.467
507500,0.030,0.412,0.558
508000,0.030,0.329,0.641
508500,0.038,0.404,0.558
509000,0.030,0.430,0.540
509500,0.030,0.528,0.442
510000,0.030,0.586,0.384
510500,0.030,0.473,0.497
511000,0.030,0.503,0.467
511500,0.030,0.503,0.467
512000,0.030,0.363,0.607
512500,0.030,0.458,0.512
513000,0.030,0.385,0.585
513500,0.030,0.455,0.515
514000,0.030,0.402,0.568
514500,0.030,0.346,0.624
515000,0.030,0.462,0.508
515500,0.030,0.410,0.560
516000,0.030,0.477,0.493
516500,0.030,0.522,0.448
517000,0.030,0.400,0.570
517500,0.030,0.439,0.531
518000,0.030,0.495,0.475
518500,0.030,0.390,0.580
519000,0.030,0.391,0.579
519500,0.030,0.485,0.485
520000,0.030,0.443,0.527
520500,0.030,0.417,0.553
521000,0.030,0.437,0.533
521500,0.030,0.428,0.542
522000,0.030,0.414,0.556
522500,0.034,0.476,0.490
523000,0.030,0.422,0.548
523500,0.030,0.490,0.480
524000,0.030,0.428,0.542
524500,0.030,0.521,0.449
525000,0.030,0.516,0.454
525500,0.030,0.596,0.374
526000,0.030,0.481,0.489
526500,0.030,0.428,0.542
527000,0.030,0.435,0.535
527500,0.030,0.508,0.462
528000,0.030,0.343,0.627
528500,0.039,0.397,0.564
529000,0.030,0.424,0.546
529500,0.030,0.413,0.557
530000,0.030,0.533,0.437
530500,0.030,0.406,0.564
531000,0.030,0.413,0.557
531500,0.030,0.316,0.654
532000,0.030,0.391,0.579
532500,0.030,0.422,0.548
533000,0.030,0.382,0.588
533500,0.030,0.340,0.630
534000,0.030,0.413,0.557
534500,0.030,0.428,0.542
535000,0.030,0.444,0.526
535500,0.030,0.514,0.456
536000,0.030,0.538,0.432
536500,0.030,0.529,0.441
537000,0.030,0.475,0.495
537500,0.030,0.415,0.555
538000,0.030,0.466,0.504
538500,0.030,0.416,0.554
539000,0.030,0.400,0.570
539500,0.030,0.442,0.528
540000,0.030,0.453,0.517
540500,0.030,0.496,0.474
541000,0.030,0.388,0.582
541500,0.030,0.536,0.434
542000,0.030,0.442,0.528
542500,0.030,0.359,0.611
543000,0.030,0.471,0.499
543500,0.030,0.459,0.511
544000,0.030,0.407,0.563
544500,0.030,0.377,0.593
545000,0.030,0.401,0.569
545500,0.030,0.438,0.532
546000,0.030,0.453,0.517
546500,0.030,0.431,0.539
547000,0.030,0.393,0.577
547500,0.030,0.378,0.592
548000,0.030,0.406,0.564
548500,0.030,0.472,0.498
549000,0.030,0.421,0.549
549500,0.030,0.499,0.471
550000,0.030,0.393,0.577
550500,0.030,0.383,0.587
551000,0.030,0.478,0.492
551500,0.030,0.423,0.547
552000,0.030,0.388,0.582
552500,0.030,0.443,0.527
553000,0.030,0.385,0.585
553500,0.030,0.342,0.628
554000,0.030,0.332,0.638
554500,0.030,0.378,0.592
555000,0.030,0.397,0.573
555500,0.030,0.562,0.408
556000,0.030,0.438,0.532
556500,0.030,0.452,0.518
557000,0.030,0.427,0.543
557500,0.030,0.442,0.528
558000,0.030,0.546,0.424
558500,0.030,0.421,0.549
559000,0.030,0.474,0.496
559500,0.030,0.457,0.513
560000,0.030,0.515,0.455
560500,0.030,0.555,0.415
561000,0.030,0.408,0.562
561500,0.030,0.469,0.501
562000,0.030,0.441,0.529
562500,0.030,0.506,0.464
563000,0.030,0.493,0.477
563500,0.030,0.603,0.367
564000,0.030,0.406,0.564
564500,0.030,0.453,0.517
565000,0.030,0.426,0.544
565500,0.030,0.429,0.541
566000,0.030,0.307,0.663
566500,0.030,0.408,0.562
567000,0.030,0.598,0.372
567500,0.030,0.548,0.422
568000,0.030,0.534,0.436
568500,0.030,0.520,0.450
569000,0.030,0.471,0.499
569500,0.030,0.335,0.635
570000,0.030,0.331,0.639
570500,0.030,0.452,0.518
571000,0.030,0.394,0.576
571500,0.030,0.468,0.502
572000,0.030,0.496,0.474
572500,0.030,0.378,0.592
573000,0.030,0.465,0.505
573500,0.030,0.312,0.658
574000,0.030,0.430,0.540
574500,0.030,0.393,0.577
575000,0.030,0.391,0.579
575500,0.030,0.505,0.465
576000,0.030,0.500,0.470
576500,0.030,0.585,0.385
577000,0.030,0.444,0.526
577500,0.030,0.347,0.623
578000,0.030,0.424,0.546
578500,0.030,0.444,0.526
579000,0.030,0.493,0.477
579500,0.030,0.517,0.453
580000,0.030,0.402,0.568
580500,0.030,0.391,0.579
581000,0.030,0.485,0.485
581500,0.030,0.445,0.525
582000,0.030,0.405,0.565
582500,0.030,0.431,0.539
583000,0.030,0.438,0.532
583500,0.030,0.457,0.513
584000,0.030,0.463,0.507
584500,0.030,0.334,0.636
585000,0.030,0.470,0.500
585500,0.030,0.373,0.597
586000,0.030,0.320,0.650
586500,0.030,0.410,0.560
587000,0.030,0.459,0.511
587500,0.030,0.349,0.621
588000,0.030,0.443,0.527
588500,0.030,0.398,0.572
589000,0.030,0.413,0.557
589500,0.030,0.451,0.519
590000,0.030,0.460,0.510
590500,0.030,0.377,0.593
591000,0.030,0.312,0.658
591500,0.030,0.333,0.637
592000,0.030,0.471,0.499
592500,0.030,0.403,0.567
593000,0.030,0.398,0.572
593500,0.030,0.515,0.455
594000,0.030,0.401,0.569
594500,0.030,0.403,0.567
595000,0.030,0.479,0.491
595500,0.030,0.459,0.511
596000,0.030,0.482,0.488
596500,0.030,0.402,0.568
597000,0.030,0.382,0.588
597500,0.030,0.608,0.362
598000,0.030,0.454,0.516
598500,0.030,0.414,0.556
599000,0.030,0.451,0.519
599500,0.030,0.395,0.575
600000,0.030,0.426,0.544
600500,0.030,0.520,0.450
601000,0.030,0.347,0.623
601500,0.030,0.356,0.614
602000,0.030,0.459,0.511
602500,0.030,0.302,0.668
603000,0.034,0.202,0.764
603500,0.030,0.418,0.552
604000,0.030,0.384,0.586
604500,0.030,0.431,0.539
605000,0.030,0.416,0.554
605500,0.030,0.367,0.603
606000,0.030,0.483,0.487
606500,0.030,0.482,0.488
607000,0.033,0.360,0.607
607500,0.030,0.484,0.486
608000,0.030,0.353,0.617
608500,0.030,0.388,0.582
609000,0.030,0.429,0.541
609500,0.030,0.398,0.572
610000,0.030,0.486,0.484
610500,0.030,0.475,0.495
611000,0.030,0.446,0.524
611500,0.030,0.650,0.320
612000,0.030,0.549,0.421
612500,0.030,0.520,0.450
613000,0.030,0.395,0.575
613500,0.030,0.490,0.480
614000,0.030,0.396,0.574
614500,0.030,0.422,0.548
615000,0.030,0.458,0.512
615500,0.030,0.612,0.358
616000,0.030,0.495,0.475
616500,0.030,0.557,0.413
617000,0.030,0.517,0.453
617500,0.030,0.393,0.577
618000,0.030,0.362,0.608
618500,0.030,0.395,0.575
619000,0.030,0.411,0.559
619500,0.030,0.340,0.630
620000,0.030,0.384,0.586
620500,0.030,0.566,0.404
621000,0.030,0.461,0.509
621500,0.030,0.298,0.672
622000,0.030,0.474,0.496
622500,0.030,0.466,0.504
623000,0.030,0.480,0.490
623500,0.030,0.567,0.403
624000,0.030,0.500,0.470
624500,0.030,0.442,0.528
625000,0.030,0.449,0.521
625500,0.030,0.402,0.568
626000,0.030,0.542,0.428
626500,0.030,0.530,0.440
627000,0.030,0.360,0.610
627500,0.030,0.542,0.428
628000,0.030,0.465,0.505
628500,0.030,0.536,0.434
629000,0.030,0.476,0.494
629500,0.030,0.501,0.469
630000,0.030,0.446,0.524
630500,0.030,0.428,0.542
631000,0.030,0.382,0.588
631500,0.030,0.421,0.549
632000,0.030,0.470,0.500
632500,0.030,0.500,0.470
633000,0.030,0.354,0.616
633500,0.030,0.334,0.636
634000,0.030,0.396,0.574
634500,0.030,0.434,0.536
635000,0.030,0.476,0.494
635500,0.030,0.420,0.550
636000,0.030,0.496,0.474
636500,0.030,0.520,0.450
637000,0.030,0.645,0.325
637500,0.030,0.453,0.517
638000,0.030,0.382,0.588
638500,0.030,0.443,0.527
639000,0.030,0.444,0.526
639500,0.030,0.576,0.394
640000,0.030,0.366,0.604
640500,0.030,0.348,0.622
641000,0.030,0.467,0.503
641500,0.030,0.321,0.649
642000,0.030,0.448,0.522
642500,0.030,0.623,0.347
643000,0.030,0.337,0.633
643500,0.030,0.412,0.558
644000,0.030,0.386,0.584
644500,0.038,0.444,0.518
645000,0.030,0.340,0.630
645500,0.030,0.479,0.491
646000,0.030,0.602,0.368
646500,0.030,0.534,0.436
647000,0.030,0.622,0.348
647500,0.030,0.508,0.462
648000,0.030,0.471,0.499
648500,0.030,0.417,0.553
649000,0.030,0.363,0.607
649500,0.030,0.510,0.460
650000,0.030,0.443,0.527
650500,0.030,0.476,0.494
651000,0.030,0.519,0.451
651500,0.030,0.447,0.523
652000,0.030,0.436,0.534
652500,0.030,0.410,0.560
653000,0.030,0.297,0.673
653500,0.030,0.328,0.642
654000,0.030,0.426,0.544
654500,0.030,0.373,0.597
655000,0.030,0.412,0.558
655500,0.030,0.392,0.578
656000,0.030,0.505,0.465
656500,0.030,0.514,0.456
657000,0.030,0.429,0.541
657500,0.030,0.431,0.539
658000,0.030,0.432,0.538
658500,0.030,0.389,0.581
659000,0.030,0.432,0.538
659500,0.030,0.387,0.583
660000,0.030,0.510,0.460
660500,0.030,0.362,0.608
661000,0.030,0.462,0.508
661500,0.030,0.417,0.553
662000,0.030,0.604,0.366
662500,0.030,0.428,0.542
663000,0.030,0.423,0.547
663500,0.030,0.361,0.609
664000,0.030,0.442,0.528
664500,0.030,0.412,0.558
665000,0.030,0.489,0.481
665500,0.030,0.507,0.463
666000,0.030,0.375,0.595
666500,0.030,0.463,0.507
667000,0.030,0.503,0.467
667500,0.030,0.519,0.451
668000,0.030,0.423,0.547
668500,0.030,0.411,0.559
669000,0.030,0.417,0.553
669500,0.030,0.389,0.581
670000,0.030,0.539,0.431
670500,0.030,0.450,0.520
671000,0.030,0.465,0.505
671500,0.030,0.596,0.374
672000,0.030,0.439,0.531
672500,0.030,0.439,0.531
673000,0.034,0.337,0.629
673500,0.030,0.448,0.522
674000,0.030,0.413,0.557
674500,0.030,0.422,0.548
675000,0.030,0.387,0.583
675500,0.030,0.431,0.539
676000,0.030,0.436,0.534
676500,0.030,0.478,0.492
677000,0.030,0.462,0.508
677500,0.030,0.341,0.629
678000,0.030,0.468,0.502
678500,0.030,0.456,0.514
679000,0.030,0.287,0.683
679500,0.032,0.329,0.639
680000,0.030,0.457,0.513
680500,0.030,0.398,0.572
681000,0.030,0.466,0.504
681500,0.030,0.411,0.559
682000,0.030,0.463,0.507
682500,0.030,0.444,0.526
683000,0.030,0.496,0.474
683500,0.030,0.399,0.571
684000,0.030,0.466,0.504
684500,0.030,0.478,0.492
685000,0.030,0.376,0.594
685500,0.030,0.419,0.551
686000,0.030,0.403,0.567
686500,0.030,0.373,0.597
687000,0.030,0.431,0.539
687500,0.030,0.417,0.553
688000,0.030,0.463,0.507
688500,0.030,0.469,0.501
689000,0.030,0.525,0.445
689500,0.030,0.481,0.489
690000,0.030,0.446,0.524
690500,0.030,0.451,0.519
691000,0.030,0.564,0.406
691500,0.030,0.475,0.495
692000,0.030,0.537,0.433
692500,0.030,0.631,0.339
693000,0.030,0.507,0.463
693500,0.030,0.439,0.531
694000,0.030,0.504,0.466
694500,0.030,0.492,0.478
695000,0.030,0.452,0.518
695500,0.030,0.266,0.704
696000,0.030,0.431,0.539
696500,0.030,0.392,0.578
697000,0.030,0.426,0.544
697500,0.030,0.461,0.509
698000,0.030,0.521,0.449
698500,0.030,0.474,0.496
699000,0.030,0.545,0.425
699500,0.030,0.513,0.457
700000,0.030,0.386,0.584
700500,0.030,0.437,0.533
701000,0.030,0.549,0.421
701500,0.030,0.472,0.498
702000,0.030,0.426,0.544
702500,0.035,0.390,0.575
703000,0.030,0.478,0.492
703500,0.030,0.528,0.442
704000,0.030,0.457,0.513
704500,0.030,0.443,0.527
705000,0.030,0.487,0.483
705500,0.030,0.521,0.449
706000,0.030,0.411,0.559
706500,0.030,0.413,0.557
707000,0.030,0.510,0.460
707500,0.030,0.534,0.436
708000,0.030,0.471,0.499
708500,0.030,0.333,0.637
709000,0.030,0.479,0.491
709500,0.030,0.585,0.385
710000,0.030,0.485,0.485
710500,0.030,0.614,0.356
711000,0.030,0.405,0.565
711500,0.030,0.560,0.410
712000,0.030,0.364,0.606
712500,0.030,0.477,0.493
713000,0.030,0.428,0.542
713500,0.030,0.439,0.531
714000,0.030,0.360,0.610
714500,0.030,0.414,0.556
715000,0.030,0.459,0.511
715500,0.030,0.394,0.576
716000,0.030,0.371,0.599
716500,0.030,0.430,0.540
717000,0.043,0.331,0.626
717500,0.030,0.467,0.503
718000,0.030,0.389,0.581
718500,0.030,0.245,0.725
719000,0.030,0.420,0.550
719500,0.045,0.343,0.612
720000,0.037,0.259,0.704
720500,0.030,0.398,0.572
721000,0.030,0.391,0.579
721500,0.030,0.517,0.453
722000,0.030,0.456,0.514
722500,0.030,0.411,0.559
723000,0.030,0.407,0.563
723500,0.030,0.421,0.549
724000,0.030,0.471,0.499
724500,0.030,0.335,0.635
725000,0.030,0.399,0.571
725500,0.030,0.476,0.494
726000,0.030,0.545,0.425
726500,0.030,0.522,0.448
727000,0.030,0.417,0.553
727500,0.030,0.385,0.585
728000,0.030,0.471,0.499
728500,0.030,0.493,0.477
729000,0.030,0.468,0.502
729500,0.030,0.418,0.552
730000,0.032,0.304,0.664
730500,0.030,0.362,0.608
731000,0.030,0.455,0.515
731500,0.030,0.324,0.646
732000,0.030,0.475,0.495
732500,0.030,0.470,0.500
733000,0.030,0.352,0.618
733500,0.030,0.412,0.558
734000,0.030,0.402,0.568
734500,0.030,0.485,0.485
735000,0.030,0.614,0.356
735500,0.030,0.598,0.372
736000,0.030,0.527,0.443
736500,0.030,0.493,0.477
737000,0.030,0.384,0.586
737500,0.030,0.279,0.691
738000,0.030,0.440,0.530
738500,0.030,0.389,0.581
739000,0.030,0.463,0.507
739500,0.030,0.485,0.485
740000,0.030,0.477,0.493
740500,0.030,0.500,0.470
741000,0.030,0.493,0.477
741500,0.030,0.442,0.528
742000,0.030,0.438,0.532
742500,0.030,0.499,0.471
743000,0.030,0.376,0.594
743500,0.030,0.492,0.478
744000,0.030,0.315,0.655
744500,0.030,0.371,0.599
745000,0.030,0.438,0.532
745500,0.030,0.442,0.528
746000,0.030,0.461,0.509
746500,0.030,0.476,0.494
747000,0.030,0.511,0.459
747500,0.030,0.309,0.661
748000,0.030,0.382,0.588
748500,0.030,0.451,0.519
749000,0.030,0.378,0.592
749500,0.030,0.473,0.497
750000,0.030,0.394,0.576
750500,0.030,0.459,0.511
751000,0.030,0.406,0.564
751500,0.030,0.467,0.503
752000,0.030,0.429,0.541
752500,0.030,0.412,0.558
753000,0.030,0.452,0.518
753500,0.030,0.380,0.590
754000,0.030,0.465,0.505
754500,0.030,0.424,0.546
755000,0.030,0.379,0.591
755500,0.030,0.469,0.501
756000,0.030,0.492,0.478
756500,0.030,0.517,0.453
757000,0.030,0.438,0.532
757500,0.032,0.377,0.591
758000,0.030,0.396,0.574
758500,0.030,0.428,0.542
759000,0.030,0.340,0.630
759500,0.030,0.342,0.628
760000,0.030,0.381,0.589
760500,0.030,0.492,0.478
761000,0.030,0.632,0.338
761500,0.030,0.470,0.500
762000,0.030,0.436,0.534
762500,0.030,0.466,0.504
763000,0.030,0.482,0.488
763500,0.030,0.352,0.618
764000,0.030,0.371,0.599
764500,0.030,0.386,0.584
765000,0.030,0.419,0.551
765500,0.030,0.396,0.574
766000,0.030,0.515,0.455
766500,0.030,0.538,0.432
767000,0.030,0.481,0.489
767500,0.030,0.417,0.553
768000,0.030,0.299,0.671
768500,0.030,0.433,0.537
769000,0.030,0.307,0.663
769500,0.030,0.391,0.579
770000,0.030,0.375,0.595
770500,0.030,0.414,0.556
771000,0.030,0.344,0.626
771500,0.030,0.479,0.491
772000,0.035,0.402,0.563
772500,0.030,0.412,0.558
773000,0.030,0.418,0.552
773500,0.031,0.304,0.665
774000,0.030,0.409,0.561
774500,0.030,0.522,0.448
775000,0.030,0.466,0.504
775500,0.030,0.338,0.632
776000,0.030,0.313,0.657
776500,0.030,0.413,0.557
777000,0.030,0.375,0.595
777500,0.030,0.407,0.563
778000,0.030,0.350,0.620
778500,0.030,0.407,0.563
779000,0.030,0.437,0.533
779500,0.030,0.439,0.531
780000,0.030,0.525,0.445
780500,0.030,0.433,0.537
781000,0.030,0.395,0.575
781500,0.030,0.423,0.547
782000,0.030,0.483,0.487
782500,0.030,0.443,0.527
783000,0.030,0.603,0.367
783500,0.030,0.480,0.490
784000,0.030,0.347,0.623
784500,0.030,0.405,0.565
785000,0.030,0.384,0.586
785500,0.030,0.432,0.538
786000,0.030,0.415,0.555
786500,0.030,0.375,0.595
787000,0.030,0.462,0.508
787500,0.030,0.364,0.606
788000,0.030,0.453,0.517
788500,0.030,0.535,0.435
789000,0.030,0.495,0.475
789500,0.030,0.591,0.379
790000,0.030,0.385,0.585
790500,0.030,0.508,0.462
791000,0.030,0.471,0.499
791500,0.030,0.568,0.402
792000,0.030,0.489,0.481
792500,0.030,0.464,0.506
793000,0.030,0.544,0.426
793500,0.030,0.543,0.427
794000,0.030,0.425,0.545
794500,0.030,0.376,0.594
795000,0.030,0.408,0.562
795500,0.030,0.411,0.559
796000,0.030,0.367,0.603
796500,0.030,0.458,0.512
797000,0.030,0.535,0.435
797500,0.030,0.558,0.412
798000,0.030,0.479,0.491
798500,0.030,0.437,0.533
799000,0.030,0.415,0.555
799500,0.030,0.437,0.533
800000,0.030,0.339,0.631
800500,0.030,0.427,0.543
801000,0.030,0.410,0.560
801500,0.030,0.495,0.475
802000,0.030,0.407,0.563
802500,0.030,0.425,0.545
803000,0.030,0.516,0.454
803500,0.030,0.425,0.545
804000,0.030,0.337,0.633
804500,0.030,0.336,0.634
805000,0.038,0.297,0.665
805500,0.030,0.377,0.593
806000,0.043,0.247,0.710
806500,0.030,0.314,0.656
807000,0.030,0.444,0.526
807500,0.030,0.375,0.595
808000,0.030,0.559,0.411
808500,0.030,0.573,0.397
809000,0.030,0.576,0.394
809500,0.030,0.485,0.485
810000,0.030,0.392,0.578
810500,0.030,0.501,0.469
811000,0.030,0.376,0.594
811500,0.030,0.386,0.584
812000,0.030,0.515,0.455
812500,0.030,0.465,0.505
813000,0.030,0.458,0.512
813500,0.030,0.505,0.465
814000,0.030,0.461,0.509
814500,0.030,0.506,0.464
815000,0.030,0.379,0.591
815500,0.030,0.426,0.544
816000,0.030,0.386,0.584
816500,0.030,0.438,0.532
817000,0.030,0.441,0.529
817500,0.030,0.482,0.488
818000,0.030,0.484,0.486
818500,0.030,0.327,0.643
819000,0.030,0.430,0.540
819500,0.030,0.547,0.423
820000,0.030,0.463,0.507
820500,0.030,0.454,0.516
821000,0.030,0.564,0.406
821500,0.030,0.430,0.540
822000,0.030,0.358,0.612
822500,0.030,0.477,0.493
823000,0.030,0.335,0.635
823500,0.030,0.524,0.446
824000,0.030,0.527,0.443
824500,0.030,0.396,0.574
825000,0.030,0.453,0.517
825500,0.030,0.523,0.447
826000,0.030,0.502,0.468
826500,0.030,0.431,0.539
827000,0.030,0.363,0.607
827500,0.030,0.362,0.608
828000,0.030,0.329,0.641
828500,0.030,0.437,0.533
829000,0.030,0.455,0.515
829500,0.030,0.421,0.549
830000,0.030,0.405,0.565
830500,0.030,0.434,0.536
831000,0.030,0.374,0.596
831500,0.030,0.569,0.401
832000,0.030,0.407,0.563
832500,0.030,0.354,0.616
833000,0.030,0.477,0.493
833500,0.030,0.317,0.653
834000,0.039,0.351,0.610
834500,0.030,0.373,0.597
835000,0.030,0.508,0.462
835500,0.030,0.514,0.456
836000,0.030,0.521,0.449
836500,0.030,0.438,0.532
837000,0.030,0.360,0.610
837500,0.030,0.428,0.542
838000,0.030,0.374,0.596
838500,0.030,0.391,0.579
839000,0.030,0.400,0.570
839500,0.030,0.580,0.390
840000,0.030,0.508,0.462
840500,0.030,0.448,0.522
841000,0.030,0.533,0.437
841500,0.030,0.387,0.583
842000,0.030,0.585,0.385
842500,0.030,0.561,0.409
843000,0.030,0.496,0.474
843500,0.030,0.418,0.552
844000,0.030,0.315,0.655
844500,0.030,0.419,0.551
845000,0.030,0.436,0.534
845500,0.030,0.413,0.557
846000,0.030,0.454,0.516
846500,0.030,0.468,0.502
847000,0.030,0.432,0.538
847500,0.030,0.379,0.591
848000,0.030,0.242,0.728
848500,0.030,0.476,0.494
849000,0.030,0.474,0.496
849500,0.030,0.458,0.512
850000,0.030,0.448,0.522
850500,0.030,0.406,0.564
851000,0.030,0.422,0.548
851500,0.032,0.401,0.567
852000,0.030,0.352,0.618
852500,0.030,0.423,0.547
853000,0.030,0.404,0.566
853500,0.030,0.386,0.584
854000,0.030,0.450,0.520
854500,0.030,0.350,0.620
855000,0.030,0.362,0.608
855500,0.030,0.480,0.490
856000,0.030,0.430,0.540
856500,0.030,0.491,0.479
857000,0.030,0.395,0.575
857500,0.030,0.450,0.520
858000,0.030,0.400,0.570
858500,0.030,0.364,0.606
859000,0.030,0.405,0.565
859500,0.030,0.503,0.467
860000,0.030,0.509,0.461
860500,0.030,0.500,0.470
861000,0.030,0.638,0.332
861500,0.030,0.495,0.475
862000,0.030,0.576,0.394
862500,0.030,0.426,0.544
863000,0.030,0.366,0.604
863500,0.030,0.481,0.489
864000,0.033,0.387,0.580
864500,0.030,0.404,0.566
865000,0.030,0.529,0.441
865500,0.030,0.483,0.487
866000,0.030,0.441,0.529
866500,0.030,0.510,0.460
867000,0.030,0.436,0.534
867500,0.030,0.576,0.394
868000,0.030,0.446,0.524
868500,0.030,0.539,0.431
869000,0.030,0.389,0.581
869500,0.030,0.483,0.487
870000,0.030,0.338,0.632
870500,0.030,0.473,0.497
871000,0.030,0.413,0.557
871500,0.030,0.453,0.517
872000,0.030,0.415,0.555
872500,0.030,0.559,0.411
873000,0.030,0.409,0.561
873500,0.030,0.441,0.529
874000,0.030,0.586,0.384
874500,0.030,0.596,0.374
875000,0.030,0.429,0.541
875500,0.030,0.341,0.629
876000,0.030,0.313,0.657
876500,0.030,0.442,0.528
877000,0.030,0.434,0.536
877500,0.030,0.512,0.458
878000,0.030,0.482,0.488
878500,0.030,0.502,0.468
879000,0.030,0.429,0.541
879500,0.030,0.414,0.556
880000,0.030,0.502,0.468
880500,0.030,0.455,0.515
881000,0.030,0.443,0.527
881500,0.030,0.474,0.496
882000,0.030,0.437,0.533
882500,0.030,0.349,0.621
883000,0.030,0.446,0.524
883500,0.030,0.462,0.508
884000,0.030,0.399,0.571
884500,0.030,0.461,0.509
885000,0.030,0.542,0.428
885500,0.030,0.491,0.479
886000,0.030,0.581,0.389
886500,0.030,0.416,0.554
887000,0.030,0.387,0.583
887500,0.030,0.536,0.434
888000,0.030,0.474,0.496
888500,0.030,0.414,0.556
889000,0.030,0.406,0.564
889500,0.030,0.426,0.544
890000,0.030,0.367,0.603
890500,0.030,0.447,0.523
891000,0.030,0.309,0.661
891500,0.030,0.407,0.563
892000,0.030,0.339,0.631
892500,0.040,0.230,0.730
893000,0.030,0.440,0.530
893500,0.030,0.454,0.516
894000,0.030,0.431,0.539
894500,0.030,0.510,0.460
895000,0.030,0.452,0.518
895500,0.030,0.518,0.452
896000,0.030,0.493,0.477
896500,0.030,0.467,0.503
897000,0.030,0.522,0.448
897500,0.030,0.512,0.458
898000,0.030,0.501,0.469
898500,0.030,0.533,0.437
899000,0.030,0.411,0.559
899500,0.030,0.366,0.604
900000,0.030,0.358,0.612
900500,0.030,0.393,0.577
901000,0.030,0.425,0.545
901500,0.030,0.360,0.610
902000,0.030,0.424,0.546
902500,0.030,0.472,0.498
903000,0.030,0.464,0.506
903500,0.030,0.535,0.435
904000,0.030,0.443,0.527
904500,0.030,0.420,0.550
905000,0.030,0.485,0.485
905500,0.030,0.354,0.616
906000,0.030,0.480,0.490
906500,0.030,0.492,0.478
907000,0.030,0.396,0.574
907500,0.030,0.497,0.473
908000,0.030,0.373,0.597
908500,0.030,0.634,0.336
909000,0.030,0.298,0.672
909500,0.030,0.347,0.623
910000,0.030,0.457,0.513
910500,0.030,0.487,0.483
911000,0.030,0.597,0.373
911500,0.030,0.454,0.516
912000,0.030,0.514,0.456
912500,0.030,0.591,0.379
913000,0.030,0.507,0.463
913500,0.030,0.495,0.475
914000,0.030,0.523,0.447
914500,0.030,0.404,0.566
915000,0.030,0.508,0.462
915500,0.030,0.417,0.553
916000,0.030,0.348,0.622
916500,0.030,0.396,0.574
917000,0.030,0.441,0.529
917500,0.030,0.357,0.613
918000,0.030,0.511,0.459
918500,0.030,0.431,0.539
919000,0.030,0.357,0.613
919500,0.030,0.480,0.490
920000,0.030,0.492,0.478
920500,0.030,0.557,0.413
921000,0.030,0.444,0.526
921500,0.030,0.467,0.503
922000,0.030,0.416,0.554
922500,0.030,0.446,0.524
923000,0.030,0.429,0.541
923500,0.030,0.487,0.483
924000,0.030,0.314,0.656
924500,0.030,0.451,0.519
925000,0.030,0.445,0.525
925500,0.030,0.404,0.566
926000,0.030,0.419,0.551
926500,0.030,0.363,0.607
927000,0.030,0.403,0.567
927500,0.030,0.395,0.575
928000,0.030,0.412,0.558
928500,0.030,0.436,0.534
929000,0.030,0.464,0.506
929500,0.030,0.532,0.438
930000,0.030,0.405,0.565
930500,0.030,0.478,0.492
931000,0.030,0.489,0.481
931500,0.030,0.452,0.518
932000,0.030,0.308,0.662
932500,0.030,0.366,0.604
933000,0.030,0.536,0.434
933500,0.030,0.438,0.532
934000,0.030,0.454,0.516
934500,0.030,0.362,0.608
935000,0.030,0.375,0.595
935500,0.030,0.441,0.529
936000,0.030,0.505,0.465
936500,0.030,0.463,0.507
937000,0.030,0.566,0.404
937500,0.030,0.567,0.403
938000,0.030,0.484,0.486
938500,0.030,0.462,0.508
939000,0.030,0.433,0.537
939500,0.030,0.414,0.556
940000,0.030,0.327,0.643
940500,0.030,0.392,0.578
941000,0.030,0.477,0.493
941500,0.030,0.373,0.597
942000,0.030,0.493,0.477
942500,0.030,0.432,0.538
943000,0.030,0.465,0.505
943500,0.030,0.409,0.561
944000,0.030,0.454,0.516
944500,0.030,0.420,0.550
945000,0.030,0.482,0.488
945500,0.030,0.477,0.493
946000,0.030,0.396,0.574
946500,0.030,0.466,0.504
947000,0.030,0.438,0.532
947500,0.030,0.467,0.503
948000,0.030,0.524,0.446
948500,0.030,0.391,0.579
949000,0.030,0.492,0.478
949500,0.030,0.393,0.577
950000,0.030,0.378,0.592
950500,0.030,0.580,0.390
951000,0.030,0.415,0.555
951500,0.030,0.349,0.621
952000,0.030,0.442,0.528
952500,0.030,0.357,0.613
953000,0.030,0.441,0.529
953500,0.030,0.526,0.444
954000,0.030,0.474,0.496
954500,0.030,0.437,0.533
955000,0.030,0.479,0.491
955500,0.030,0.510,0.460
956000,0.030,0.563,0.407
956500,0.030,0.467,0.503
957000,0.030,0.371,0.599
957500,0.030,0.487,0.483
958000,0.045,0.331,0.624
958500,0.030,0.455,0.515
959000,0.030,0.480,0.490
959500,0.030,0.496,0.474
960000,0.030,0.517,0.453
960500,0.030,0.341,0.629
961000,0.030,0.453,0.517
961500,0.030,0.492,0.478
962000,0.030,0.501,0.469
962500,0.030,0.357,0.613
963000,0.030,0.398,0.572
963500,0.030,0.393,0.577
964000,0.030,0.422,0.548
964500,0.030,0.523,0.447
965000,0.030,0.470,0.500
965500,0.030,0.472,0.498
966000,0.030,0.470,0.500
966500,0.030,0.422,0.548
967000,0.030,0.373,0.597
967500,0.030,0.578,0.392
968000,0.030,0.469,0.501
968500,0.030,0.487,0.483
969000,0.030,0.373,0.597
969500,0.030,0.488,0.482
970000,0.030,0.426,0.544
970500,0.030,0.425,0.545
971000,0.030,0.463,0.507
971500,0.030,0.375,0.595
972000,0.030,0.469,0.501
972500,0.030,0.508,0.462
973000,0.030,0.427,0.543
973500,0.030,0.409,0.561
974000,0.030,0.418,0.552
974500,0.030,0.392,0.578
975000,0.030,0.425,0.545
975500,0.030,0.391,0.579
976000,0.030,0.415,0.555
976500,0.030,0.336,0.634
977000,0.031,0.347,0.622
977500,0.030,0.391,0.579
978000,0.030,0.404,0.566
978500,0.030,0.389,0.581
979000,0.030,0.512,0.458
979500,0.030,0.386,0.584
980000,0.030,0.481,0.489
980500,0.030,0.565,0.405
981000,0.030,0.445,0.525
981500,0.030,0.493,0.477
982000,0.030,0.434,0.536
982500,0.030,0.356,0.614
983000,0.030,0.435,0.535
983500,0.030,0.446,0.524
984000,0.030,0.426,0.544
984500,0.030,0.402,0.568
985000,0.030,0.401,0.569
985500,0.030,0.500,0.470
986000,0.030,0.536,0.434
986500,0.030,0.405,0.565
987000,0.030,0.493,0.477
987500,0.030,0.389,0.581
988000,0.030,0.436,0.534
988500,0.030,0.410,0.560
989000,0.030,0.442,0.528
989500,0.030,0.435,0.535
990000,0.030,0.313,0.657
990500,0.030,0.381,0.589
991000,0.030,0.513,0.457
991500,0.030,0.346,0.624
992000,0.030,0.522,0.448
992500,0.030,0.422,0.548
993000,0.030,0.351,0.619
993500,0.030,0.441,0.529
994000,0.030,0.363,0.607
994500,0.036,0.277,0.687
995000,0.030,0.572,0.398
995500,0.030,0.408,0.562
996000,0.030,0.392,0.578
996500,0.030,0.354,0.616
997000,0.045,0.246,0.709
997500,0.030,0.372,0.598
998000,0.030,0.560,0.410
998500,0.030,0.416,0.554
999000,0.030,0.398,0.572
999500,0.030,0.457,0.513
1000000,0.030,0.485,0.485
