time,n_A+p,n_B,n_AB,avg_entropy_simp
500,0.037,0.945,0.018,0.090922
1000,0.049,0.902,0.049,0.133487
1500,0.083,0.862,0.055,0.183369
2000,0.076,0.835,0.089,0.210647
2500,0.107,0.820,0.073,0.186073
3000,0.098,0.859,0.043,0.180872
3500,0.089,0.820,0.092,0.219114
4000,0.092,0.826,0.083,0.213673
4500,0.092,0.838,0.070,0.208140
5000,0.101,0.841,0.058,0.213307
5500,0.104,0.838,0.058,0.175298
6000,0.104,0.820,0.076,0.215704
6500,0.080,0.817,0.104,0.233282
7000,0.073,0.847,0.080,0.202198
7500,0.070,0.865,0.064,0.179327
8000,0.058,0.905,0.037,0.123500
8500,0.043,0.865,0.092,0.194087
9000,0.034,0.936,0.031,0.091661
9500,0.037,0.939,0.024,0.090406
10000,0.028,0.930,0.043,0.112719
10500,0.028,0.945,0.028,0.081556
11000,0.028,0.939,0.034,0.083515
11500,0.037,0.936,0.028,0.089383
12000,0.028,0.945,0.028,0.067343
12500,0.037,0.896,0.067,0.127155
13000,0.052,0.890,0.058,0.140473
13500,0.055,0.875,0.070,0.173200
14000,0.070,0.859,0.070,0.189518
14500,0.061,0.881,0.058,0.166800
15000,0.049,0.911,0.040,0.137142
15500,0.034,0.914,0.052,0.121124
16000,0.037,0.927,0.037,0.094290
16500,0.049,0.905,0.046,0.142546
17000,0.061,0.887,0.052,0.161743
17500,0.037,0.899,0.064,0.162312
18000,0.037,0.927,0.037,0.079039
18500,0.049,0.896,0.055,0.146911
19000,0.052,0.896,0.052,0.127212
19500,0.061,0.859,0.080,0.172338
20000,0.061,0.865,0.073,0.178256
20500,0.086,0.853,0.061,0.220278
21000,0.055,0.869,0.076,0.175225
21500,0.052,0.865,0.083,0.193903
22000,0.052,0.875,0.073,0.173869
22500,0.052,0.902,0.046,0.136766
23000,0.046,0.902,0.052,0.116144
23500,0.040,0.914,0.046,0.116299
24000,0.034,0.948,0.018,0.055574
24500,0.034,0.936,0.031,0.086668
25000,0.034,0.933,0.034,0.097455
25500,0.034,0.954,0.012,0.061333
26000,0.034,0.936,0.031,0.093907
26500,0.028,0.939,0.034,0.089931
27000,0.034,0.948,0.018,0.074978
27500,0.034,0.936,0.031,0.102811
28000,0.034,0.930,0.037,0.104124
28500,0.031,0.905,0.064,0.147264
29000,0.040,0.920,0.040,0.127294
29500,0.031,0.914,0.055,0.119123
30000,0.040,0.887,0.073,0.141507
30500,0.049,0.914,0.037,0.128018
31000,0.052,0.908,0.040,0.126611
31500,0.049,0.884,0.067,0.161206
32000,0.043,0.902,0.055,0.123903
32500,0.049,0.908,0.043,0.137913
33000,0.052,0.884,0.064,0.168068
33500,0.031,0.933,0.037,0.093272
34000,0.037,0.893,0.070,0.152402
34500,0.031,0.945,0.024,0.087585
35000,0.031,0.911,0.058,0.127441
35500,0.031,0.920,0.049,0.111830
36000,0.046,0.914,0.040,0.113693
36500,0.043,0.899,0.058,0.143509
37000,0.080,0.869,0.052,0.179830
37500,0.104,0.792,0.104,0.251996
38000,0.113,0.807,0.080,0.261914
38500,0.135,0.783,0.083,0.242859
39000,0.153,0.743,0.104,0.265747
39500,0.138,0.795,0.067,0.199161
40000,0.165,0.731,0.104,0.291224
40500,0.174,0.703,0.122,0.304385
41000,0.147,0.725,0.128,0.272898
41500,0.156,0.740,0.104,0.242197
42000,0.104,0.765,0.131,0.263503
42500,0.128,0.786,0.086,0.225163
43000,0.138,0.768,0.095,0.252028
43500,0.107,0.801,0.092,0.218832
44000,0.125,0.768,0.107,0.257664
44500,0.125,0.740,0.135,0.285393
45000,0.138,0.768,0.095,0.214724
45500,0.153,0.780,0.067,0.193975
46000,0.131,0.777,0.092,0.200741
46500,0.171,0.734,0.095,0.258853
47000,0.150,0.725,0.125,0.299191
47500,0.119,0.765,0.116,0.250267
48000,0.159,0.740,0.101,0.229740
48500,0.180,0.740,0.080,0.217036
49000,0.171,0.734,0.095,0.245800
49500,0.190,0.691,0.119,0.309362
50000,0.125,0.737,0.138,0.289482
50500,0.141,0.771,0.089,0.240470
51000,0.116,0.783,0.101,0.225117
51500,0.141,0.780,0.080,0.196320
52000,0.144,0.777,0.080,0.217951
52500,0.107,0.804,0.089,0.230311
53000,0.128,0.780,0.092,0.243114
53500,0.135,0.786,0.080,0.229515
54000,0.168,0.755,0.076,0.240429
54500,0.116,0.823,0.061,0.187315
55000,0.086,0.826,0.089,0.197239
55500,0.067,0.865,0.067,0.150977
56000,0.067,0.899,0.034,0.110236
56500,0.049,0.896,0.055,0.132839
57000,0.058,0.887,0.055,0.129950
57500,0.110,0.820,0.070,0.185158
58000,0.067,0.872,0.061,0.171595
58500,0.089,0.829,0.083,0.210713
59000,0.080,0.838,0.083,0.220819
59500,0.058,0.859,0.083,0.188010
60000,0.043,0.884,0.073,0.143822
60500,0.058,0.859,0.083,0.181194
61000,0.052,0.859,0.089,0.178406
61500,0.049,0.869,0.083,0.155080
62000,0.046,0.844,0.110,0.195114
62500,0.046,0.878,0.076,0.146983
63000,0.046,0.930,0.024,0.083292
63500,0.043,0.887,0.070,0.134964
64000,0.040,0.917,0.043,0.110794
64500,0.037,0.924,0.040,0.100818
65000,0.037,0.917,0.046,0.110102
65500,0.046,0.872,0.083,0.170239
66000,0.046,0.917,0.037,0.108816
66500,0.040,0.920,0.040,0.109440
67000,0.043,0.884,0.073,0.156010
67500,0.034,0.896,0.070,0.153762
68000,0.034,0.914,0.052,0.123274
68500,0.037,0.930,0.034,0.114151
69000,0.031,0.924,0.046,0.105617
69500,0.031,0.942,0.028,0.081504
70000,0.028,0.927,0.046,0.101966
70500,0.037,0.899,0.064,0.157268
71000,0.028,0.936,0.037,0.088599
71500,0.034,0.917,0.049,0.120976
72000,0.028,0.927,0.046,0.105686
72500,0.034,0.930,0.037,0.094192
73000,0.028,0.945,0.028,0.080084
73500,0.028,0.939,0.034,0.084878
74000,0.028,0.911,0.061,0.129247
74500,0.034,0.902,0.064,0.139377
75000,0.028,0.933,0.040,0.080892
75500,0.046,0.908,0.046,0.117560
76000,0.046,0.902,0.052,0.136854
76500,0.031,0.908,0.061,0.148591
77000,0.040,0.930,0.031,0.089845
77500,0.043,0.917,0.040,0.111577
78000,0.028,0.920,0.052,0.111063
78500,0.040,0.936,0.024,0.088146
79000,0.037,0.920,0.043,0.115538
79500,0.037,0.902,0.061,0.136466
80000,0.031,0.933,0.037,0.096813
80500,0.034,0.924,0.043,0.110942
81000,0.040,0.920,0.040,0.096360
81500,0.031,0.927,0.043,0.099006
82000,0.031,0.924,0.046,0.097056
82500,0.043,0.887,0.070,0.143367
83000,0.049,0.896,0.055,0.144433
83500,0.046,0.899,0.055,0.153926
84000,0.043,0.908,0.049,0.134006
84500,0.034,0.927,0.040,0.099569
85000,0.034,0.920,0.046,0.097848
85500,0.037,0.905,0.058,0.132781
86000,0.040,0.920,0.040,0.111243
86500,0.061,0.884,0.055,0.149217
87000,0.067,0.859,0.073,0.188377
87500,0.076,0.872,0.052,0.169491
88000,0.070,0.859,0.070,0.173696
88500,0.064,0.847,0.089,0.199314
89000,0.070,0.835,0.095,0.206978
89500,0.073,0.835,0.092,0.199170
90000,0.064,0.826,0.110,0.217131
90500,0.037,0.914,0.049,0.110575
91000,0.064,0.850,0.086,0.201999
91500,0.052,0.865,0.083,0.167083
92000,0.052,0.856,0.092,0.190710
92500,0.037,0.911,0.052,0.130712
93000,0.046,0.917,0.037,0.108745
93500,0.052,0.902,0.046,0.125906
94000,0.064,0.844,0.092,0.204582
94500,0.049,0.899,0.052,0.123851
95000,0.040,0.899,0.061,0.135174
95500,0.043,0.908,0.049,0.124757
96000,0.031,0.936,0.034,0.081114
96500,0.037,0.911,0.052,0.129301
97000,0.028,0.920,0.052,0.105494
97500,0.028,0.942,0.031,0.080243
98000,0.052,0.890,0.058,0.178764
98500,0.031,0.930,0.040,0.093320
99000,0.040,0.902,0.058,0.136349
99500,0.028,0.936,0.037,0.095897
100000,0.046,0.911,0.043,0.120845
