time,n_A+p,n_B,n_AB
100,0.343,0.459,0.198
200,0.285,0.442,0.273
300,0.236,0.475,0.289
400,0.207,0.475,0.318
500,0.215,0.483,0.302
600,0.244,0.450,0.306
700,0.223,0.430,0.347
800,0.240,0.430,0.331
900,0.211,0.417,0.372
1000,0.207,0.434,0.360
1100,0.186,0.434,0.380
1200,0.182,0.434,0.384
1300,0.186,0.401,0.413
1400,0.149,0.364,0.488
1500,0.161,0.355,0.483
1600,0.223,0.405,0.372
1700,0.256,0.364,0.380
1800,0.302,0.351,0.347
1900,0.302,0.380,0.318
2000,0.223,0.446,0.331
2100,0.186,0.450,0.364
2200,0.194,0.438,0.368
2300,0.244,0.376,0.380
2400,0.277,0.314,0.409
2500,0.260,0.289,0.450
2600,0.285,0.260,0.455
2700,0.281,0.285,0.434
2800,0.281,0.314,0.405
2900,0.277,0.318,0.405
3000,0.264,0.355,0.380
3100,0.240,0.393,0.368
3200,0.211,0.380,0.409
3300,0.215,0.372,0.413
3400,0.231,0.401,0.368
3500,0.240,0.397,0.364
3600,0.198,0.446,0.355
3700,0.157,0.467,0.376
3800,0.145,0.483,0.372
3900,0.095,0.504,0.401
4000,0.103,0.541,0.355
4100,0.099,0.496,0.405
4200,0.103,0.492,0.405
4300,0.107,0.492,0.401
4400,0.091,0.508,0.401
4500,0.103,0.587,0.310
4600,0.091,0.591,0.318
4700,0.107,0.607,0.285
4800,0.103,0.591,0.306
4900,0.066,0.616,0.318
5000,0.054,0.632,0.314
5100,0.062,0.686,0.252
5200,0.095,0.707,0.198
5300,0.083,0.694,0.223
5400,0.091,0.694,0.215
5500,0.074,0.682,0.244
5600,0.070,0.686,0.244
5700,0.050,0.690,0.260
5800,0.050,0.690,0.260
5900,0.050,0.682,0.269
6000,0.045,0.616,0.339
6100,0.050,0.620,0.331
6200,0.066,0.628,0.306
6300,0.066,0.579,0.355
6400,0.140,0.500,0.360
6500,0.116,0.525,0.360
6600,0.091,0.562,0.347
6700,0.107,0.599,0.293
6800,0.120,0.566,0.314
6900,0.124,0.574,0.302
7000,0.099,0.595,0.306
7100,0.107,0.570,0.322
7200,0.103,0.579,0.318
7300,0.112,0.645,0.244
7400,0.074,0.698,0.227
7500,0.087,0.690,0.223
7600,0.083,0.624,0.293
7700,0.087,0.599,0.314
7800,0.103,0.583,0.314
7900,0.112,0.591,0.298
8000,0.107,0.607,0.285
8100,0.087,0.636,0.277
8200,0.070,0.649,0.281
8300,0.083,0.657,0.260
8400,0.091,0.653,0.256
8500,0.083,0.640,0.277
8600,0.083,0.678,0.240
8700,0.124,0.645,0.231
8800,0.116,0.624,0.260
8900,0.099,0.616,0.285
9000,0.116,0.620,0.264
9100,0.079,0.632,0.289
9200,0.050,0.640,0.310
9300,0.112,0.661,0.227
9400,0.079,0.645,0.277
9500,0.112,0.640,0.248
9600,0.091,0.628,0.281
9700,0.091,0.632,0.277
9800,0.083,0.649,0.269
9900,0.070,0.645,0.285
10000,0.099,0.653,0.248
10100,0.070,0.690,0.240
10200,0.087,0.686,0.227
10300,0.045,0.645,0.310
10400,0.054,0.620,0.326
10500,0.087,0.616,0.298
10600,0.074,0.628,0.298
10700,0.050,0.624,0.326
10800,0.033,0.645,0.322
10900,0.029,0.669,0.302
11000,0.041,0.653,0.306
11100,0.037,0.665,0.298
11200,0.021,0.665,0.314
11300,0.017,0.711,0.273
11400,0.029,0.719,0.252
11500,0.017,0.769,0.215
11600,0.033,0.740,0.227
11700,0.025,0.744,0.231
11800,0.050,0.748,0.202
11900,0.021,0.740,0.240
12000,0.037,0.769,0.194
12100,0.037,0.777,0.186
12200,0.029,0.773,0.198
12300,0.029,0.777,0.194
12400,0.029,0.781,0.190
12500,0.041,0.760,0.198
12600,0.017,0.777,0.207
12700,0.021,0.822,0.157
12800,0.021,0.802,0.178
12900,0.008,0.826,0.165
13000,0.004,0.843,0.153
13100,0.004,0.888,0.107
13200,0.004,0.855,0.140
13300,0.012,0.855,0.132
13400,0.012,0.872,0.116
13500,0.021,0.888,0.091
13600,0.012,0.876,0.112
13700,0.000,0.876,0.124
13800,0.000,0.884,0.116
13900,0.000,0.888,0.112
14000,0.000,0.876,0.124
14100,0.008,0.893,0.099
14200,0.008,0.901,0.091
14300,0.012,0.880,0.107
14400,0.017,0.880,0.103
14500,0.017,0.855,0.128
14600,0.021,0.880,0.099
14700,0.012,0.901,0.087
14800,0.000,0.921,0.079
14900,0.008,0.913,0.079
15000,0.004,0.897,0.099
15100,0.012,0.876,0.112
15200,0.017,0.860,0.124
15300,0.000,0.880,0.120
15400,0.000,0.901,0.099
15500,0.000,0.926,0.074
15600,0.000,0.913,0.087
15700,0.008,0.926,0.066
15800,0.000,0.921,0.079
15900,0.004,0.905,0.091
16000,0.000,0.901,0.099
16100,0.000,0.897,0.103
16200,0.008,0.880,0.112
16300,0.008,0.893,0.099
16400,0.004,0.884,0.112
16500,0.004,0.888,0.107
16600,0.000,0.905,0.095
16700,0.008,0.901,0.091
16800,0.012,0.901,0.087
16900,0.017,0.909,0.074
17000,0.025,0.909,0.066
17100,0.004,0.934,0.062
17200,0.004,0.930,0.066
17300,0.004,0.942,0.054
17400,0.000,0.967,0.033
17500,0.000,0.955,0.045
17600,0.000,0.963,0.037
17700,0.000,0.959,0.041
17800,0.000,0.971,0.029
17900,0.000,0.971,0.029
18000,0.000,0.983,0.017
18100,0.000,0.988,0.012
18200,0.000,0.992,0.008
18300,0.000,0.992,0.008
18400,0.000,0.992,0.008
18500,0.000,0.992,0.008
18600,0.000,0.992,0.008
18700,0.000,0.988,0.012
18800,0.000,0.992,0.008
18900,0.000,0.988,0.012
19000,0.000,0.988,0.012
19100,0.000,0.992,0.008
19200,0.000,0.988,0.012
19300,0.000,0.988,0.012
19400,0.000,0.983,0.017
19500,0.000,0.971,0.029
19600,0.000,0.979,0.021
19700,0.000,0.983,0.017
19800,0.000,0.988,0.012
19900,0.000,0.992,0.008
20000,0.000,0.992,0.008
20100,0.000,0.996,0.004
20200,0.000,0.996,0.004
20300,0.000,0.996,0.004
20400,0.000,0.996,0.004
20500,0.000,0.988,0.012
20600,0.000,0.979,0.021
20700,0.000,0.979,0.021
20800,0.000,0.983,0.017
20900,0.000,0.996,0.004
21000,0.000,1.000,0.000
