time,n_A+p,n_B,n_AB
0,0.446,0.554,-0.000
500,0.256,0.471,0.273
1000,0.157,0.554,0.289
1500,0.240,0.442,0.318
2000,0.182,0.488,0.331
2500,0.149,0.653,0.198
3000,0.107,0.686,0.207
3500,0.058,0.731,0.211
4000,0.037,0.839,0.124
4500,0.012,0.893,0.095
5000,0.000,0.979,0.021
5500,0.000,0.979,0.021
6000,0.000,1.000,0.000
