time,n_A+p,n_B,n_AB,avg_entropy_simp
500,0.043,0.926,0.031,0.215003
1000,0.040,0.931,0.030,0.126687
1500,0.033,0.926,0.041,0.149565
2000,0.035,0.934,0.032,0.092180
2500,0.039,0.923,0.038,0.129367
3000,0.040,0.937,0.023,0.106031
3500,0.043,0.926,0.031,0.141337
4000,0.045,0.912,0.043,0.154689
4500,0.073,0.883,0.045,0.209280
5000,0.068,0.874,0.057,0.213779
5500,0.077,0.861,0.062,0.203799
6000,0.077,0.855,0.068,0.227065
6500,0.107,0.812,0.081,0.268233
7000,0.135,0.784,0.081,0.266562
7500,0.131,0.781,0.088,0.309684
8000,0.140,0.752,0.108,0.338593
8500,0.162,0.729,0.108,0.347519
9000,0.132,0.746,0.123,0.344947
9500,0.166,0.739,0.095,0.259664
10000,0.163,0.739,0.098,0.283477
10500,0.169,0.736,0.095,0.297226
11000,0.177,0.715,0.108,0.287815
11500,0.204,0.702,0.094,0.309017
12000,0.206,0.691,0.103,0.341365
12500,0.218,0.672,0.110,0.329524
13000,0.194,0.679,0.127,0.336282
13500,0.210,0.689,0.100,0.285790
14000,0.208,0.676,0.115,0.334811
14500,0.204,0.677,0.118,0.340223
15000,0.211,0.659,0.130,0.338988
15500,0.226,0.673,0.101,0.279719
16000,0.253,0.633,0.113,0.328176
16500,0.292,0.574,0.134,0.331597
17000,0.304,0.569,0.127,0.339244
17500,0.329,0.547,0.124,0.309109
18000,0.330,0.532,0.138,0.315981
18500,0.336,0.522,0.142,0.335366
19000,0.344,0.501,0.155,0.346209
19500,0.383,0.483,0.134,0.276623
20000,0.369,0.471,0.160,0.327752
20500,0.421,0.429,0.150,0.313374
21000,0.434,0.418,0.148,0.313379
21500,0.419,0.428,0.153,0.306407
22000,0.453,0.394,0.153,0.250545
22500,0.475,0.390,0.135,0.206652
23000,0.515,0.358,0.128,0.168223
23500,0.551,0.333,0.116,0.142286
24000,0.543,0.333,0.124,0.172344
24500,0.568,0.323,0.109,0.136514
25000,0.591,0.304,0.104,0.106827
25500,0.587,0.294,0.118,0.160397
26000,0.597,0.289,0.114,0.150040
26500,0.609,0.281,0.110,0.149432
27000,0.633,0.271,0.096,0.095702
27500,0.642,0.271,0.087,0.071479
28000,0.637,0.275,0.088,0.106349
28500,0.644,0.270,0.087,0.082630
29000,0.647,0.267,0.087,0.075699
29500,0.656,0.264,0.081,0.065346
30000,0.664,0.255,0.081,0.074799
30500,0.665,0.250,0.085,0.053121
31000,0.666,0.250,0.084,0.066115
31500,0.679,0.240,0.081,0.047922
32000,0.673,0.250,0.077,0.061318
32500,0.677,0.247,0.076,0.048028
33000,0.681,0.241,0.078,0.049447
33500,0.684,0.236,0.080,0.052403
34000,0.689,0.231,0.080,0.048761
34500,0.695,0.225,0.081,0.054135
35000,0.677,0.241,0.082,0.113702
35500,0.681,0.233,0.086,0.071306
36000,0.674,0.244,0.082,0.060768
36500,0.674,0.239,0.087,0.069663
37000,0.682,0.232,0.086,0.059768
37500,0.683,0.232,0.085,0.070217
38000,0.691,0.226,0.084,0.063799
38500,0.696,0.221,0.084,0.059143
39000,0.707,0.218,0.076,0.041865
39500,0.710,0.212,0.078,0.057597
40000,0.709,0.211,0.080,0.046952
40500,0.711,0.211,0.078,0.053411
41000,0.717,0.208,0.075,0.043416
41500,0.727,0.203,0.069,0.032386
42000,0.729,0.204,0.066,0.048865
42500,0.727,0.205,0.067,0.077853
43000,0.740,0.202,0.058,0.030240
43500,0.734,0.204,0.061,0.029670
44000,0.739,0.203,0.058,0.020543
44500,0.733,0.200,0.066,0.060700
45000,0.734,0.197,0.068,0.059392
45500,0.747,0.193,0.060,0.030239
46000,0.751,0.192,0.057,0.024401
46500,0.754,0.190,0.056,0.023128
47000,0.768,0.183,0.049,0.016659
47500,0.761,0.179,0.060,0.025944
48000,0.767,0.176,0.057,0.015582
48500,0.768,0.174,0.058,0.017877
49000,0.770,0.172,0.058,0.021809
49500,0.778,0.169,0.053,0.011516
50000,0.782,0.161,0.056,0.031831
50500,0.780,0.160,0.059,0.022498
51000,0.781,0.163,0.055,0.017067
51500,0.781,0.159,0.059,0.019959
52000,0.777,0.158,0.064,0.025111
52500,0.781,0.154,0.064,0.020910
53000,0.783,0.148,0.068,0.019033
53500,0.787,0.143,0.070,0.020739
54000,0.791,0.140,0.069,0.017861
54500,0.797,0.140,0.063,0.007311
55000,0.797,0.140,0.063,0.008274
55500,0.797,0.140,0.063,0.009231
56000,0.796,0.140,0.064,0.023496
56500,0.799,0.138,0.063,0.010944
57000,0.794,0.139,0.067,0.023173
57500,0.796,0.136,0.068,0.012530
58000,0.803,0.130,0.067,0.011465
58500,0.804,0.129,0.067,0.011265
59000,0.810,0.130,0.060,0.006492
59500,0.810,0.128,0.062,0.007765
60000,0.812,0.128,0.060,0.005587
60500,0.814,0.127,0.059,0.005302
61000,0.817,0.125,0.058,0.005288
61500,0.818,0.124,0.058,0.005237
62000,0.820,0.123,0.057,0.004725
62500,0.820,0.123,0.057,0.004725
63000,0.822,0.123,0.055,0.004364
63500,0.821,0.120,0.059,0.005691
64000,0.820,0.117,0.062,0.009954
64500,0.821,0.116,0.062,0.006641
65000,0.823,0.116,0.060,0.005200
65500,0.823,0.115,0.061,0.005640
66000,0.823,0.112,0.064,0.010905
66500,0.823,0.112,0.064,0.009848
67000,0.826,0.109,0.064,0.005149
67500,0.827,0.108,0.064,0.004785
68000,0.827,0.108,0.064,0.004785
68500,0.827,0.107,0.065,0.005406
69000,0.826,0.107,0.066,0.009809
69500,0.823,0.108,0.068,0.007637
70000,0.828,0.107,0.064,0.006302
70500,0.830,0.107,0.062,0.005088
71000,0.832,0.106,0.061,0.003781
71500,0.834,0.106,0.060,0.004494
72000,0.834,0.104,0.062,0.005672
72500,0.835,0.104,0.061,0.005524
73000,0.836,0.104,0.060,0.005466
73500,0.838,0.104,0.058,0.004041
74000,0.839,0.103,0.058,0.003581
74500,0.841,0.102,0.057,0.003521
75000,0.841,0.102,0.057,0.003503
75500,0.840,0.102,0.058,0.009519
76000,0.841,0.102,0.057,0.004890
76500,0.843,0.100,0.057,0.003575
77000,0.843,0.099,0.058,0.003577
77500,0.843,0.099,0.058,0.003577
78000,0.847,0.099,0.054,0.002691
78500,0.847,0.098,0.055,0.002791
79000,0.849,0.097,0.054,0.002941
79500,0.847,0.096,0.057,0.007030
80000,0.849,0.096,0.055,0.002608
80500,0.847,0.096,0.057,0.009602
81000,0.850,0.095,0.055,0.004359
81500,0.851,0.095,0.054,0.004223
82000,0.853,0.095,0.052,0.002152
82500,0.853,0.094,0.053,0.002152
83000,0.854,0.094,0.052,0.002142
83500,0.854,0.094,0.052,0.002142
84000,0.854,0.094,0.052,0.003541
84500,0.855,0.094,0.051,0.002115
85000,0.855,0.094,0.051,0.002115
85500,0.855,0.094,0.051,0.002115
86000,0.854,0.094,0.052,0.003455
86500,0.854,0.094,0.052,0.003455
87000,0.854,0.094,0.052,0.009836
87500,0.856,0.094,0.050,0.003406
88000,0.857,0.093,0.050,0.003373
88500,0.859,0.093,0.048,0.001832
89000,0.859,0.093,0.048,0.001832
89500,0.858,0.093,0.049,0.002679
90000,0.858,0.094,0.048,0.002662
90500,0.858,0.094,0.048,0.002662
91000,0.859,0.094,0.047,0.001816
91500,0.860,0.094,0.046,0.001801
92000,0.860,0.094,0.046,0.001801
92500,0.861,0.094,0.045,0.001744
93000,0.857,0.094,0.049,0.004094
93500,0.859,0.093,0.048,0.004589
94000,0.861,0.093,0.046,0.003797
94500,0.860,0.093,0.047,0.009320
95000,0.855,0.093,0.052,0.013751
95500,0.858,0.096,0.046,0.008181
96000,0.856,0.099,0.045,0.005485
96500,0.851,0.099,0.050,0.019377
97000,0.854,0.095,0.051,0.012850
97500,0.858,0.095,0.047,0.009609
98000,0.860,0.093,0.047,0.004768
98500,0.862,0.093,0.045,0.003004
99000,0.861,0.094,0.045,0.006867
99500,0.862,0.092,0.046,0.003953
100000,0.862,0.091,0.047,0.004266
