time,n_A+p,n_B,n_AB
500,0.165,0.000,0.835
1000,0.267,0.000,0.733
1500,0.231,0.000,0.769
2000,0.188,0.000,0.812
2500,0.200,0.000,0.800
3000,0.116,0.000,0.884
3500,0.275,0.000,0.725
4000,0.124,0.000,0.876
4500,0.168,0.000,0.832
5000,0.234,0.000,0.766
5500,0.202,0.000,0.798
6000,0.178,0.000,0.822
6500,0.148,0.000,0.852
7000,0.159,0.000,0.841
7500,0.171,0.000,0.829
8000,0.135,0.000,0.865
8500,0.093,0.008,0.899
9000,0.092,0.000,0.908
9500,0.199,0.000,0.801
10000,0.126,0.000,0.874
10500,0.167,0.000,0.833
11000,0.215,0.000,0.785
11500,0.268,0.000,0.732
12000,0.299,0.000,0.701
12500,0.115,0.000,0.885
13000,0.219,0.000,0.781
13500,0.169,0.000,0.831
14000,0.158,0.000,0.842
14500,0.163,0.000,0.837
15000,0.138,0.000,0.862
15500,0.274,0.000,0.726
16000,0.134,0.000,0.866
16500,0.194,0.000,0.806
17000,0.177,0.002,0.821
17500,0.216,0.000,0.784
18000,0.269,0.000,0.731
18500,0.137,0.000,0.863
19000,0.148,0.000,0.852
19500,0.139,0.000,0.861
20000,0.129,0.028,0.843
20500,0.190,0.000,0.810
21000,0.144,0.000,0.856
21500,0.247,0.000,0.753
22000,0.162,0.000,0.838
22500,0.140,0.000,0.860
23000,0.116,0.000,0.884
23500,0.263,0.000,0.737
24000,0.104,0.000,0.896
24500,0.124,0.000,0.876
25000,0.161,0.000,0.839
25500,0.150,0.000,0.850
26000,0.175,0.000,0.825
26500,0.208,0.000,0.792
27000,0.126,0.000,0.874
27500,0.280,0.000,0.720
28000,0.225,0.000,0.775
28500,0.192,0.000,0.808
29000,0.247,0.000,0.753
29500,0.168,0.000,0.832
30000,0.135,0.000,0.865
30500,0.205,0.000,0.795
31000,0.201,0.000,0.799
31500,0.162,0.000,0.838
32000,0.173,0.000,0.827
32500,0.235,0.000,0.765
33000,0.183,0.000,0.817
33500,0.170,0.000,0.830
34000,0.128,0.000,0.872
34500,0.259,0.000,0.741
35000,0.181,0.000,0.819
35500,0.146,0.000,0.854
36000,0.172,0.000,0.828
36500,0.229,0.000,0.771
37000,0.191,0.000,0.809
37500,0.151,0.000,0.849
38000,0.221,0.000,0.779
38500,0.175,0.004,0.821
39000,0.269,0.000,0.731
39500,0.133,0.000,0.867
40000,0.177,0.000,0.823
40500,0.174,0.000,0.826
41000,0.298,0.000,0.702
41500,0.184,0.000,0.816
42000,0.171,0.000,0.829
42500,0.164,0.000,0.836
43000,0.140,0.000,0.860
43500,0.221,0.000,0.779
44000,0.194,0.000,0.806
44500,0.206,0.000,0.794
45000,0.188,0.000,0.812
45500,0.102,0.000,0.898
46000,0.212,0.000,0.788
46500,0.287,0.000,0.713
47000,0.147,0.000,0.853
47500,0.172,0.000,0.828
48000,0.251,0.000,0.749
48500,0.121,0.000,0.879
49000,0.162,0.000,0.838
49500,0.195,0.000,0.805
50000,0.155,0.000,0.845
50500,0.260,0.000,0.740
51000,0.133,0.000,0.867
51500,0.183,0.000,0.817
52000,0.127,0.000,0.873
52500,0.116,0.000,0.884
53000,0.200,0.000,0.800
53500,0.151,0.000,0.849
54000,0.092,0.033,0.875
54500,0.177,0.000,0.823
55000,0.230,0.000,0.770
55500,0.311,0.000,0.689
56000,0.107,0.000,0.893
56500,0.156,0.000,0.844
57000,0.144,0.000,0.856
57500,0.106,0.000,0.894
58000,0.088,0.000,0.912
58500,0.134,0.000,0.866
59000,0.163,0.000,0.837
59500,0.127,0.000,0.873
60000,0.136,0.000,0.864
60500,0.204,0.000,0.796
61000,0.139,0.000,0.861
61500,0.238,0.000,0.762
62000,0.194,0.000,0.806
62500,0.066,0.017,0.917
63000,0.111,0.000,0.889
63500,0.186,0.000,0.814
64000,0.120,0.000,0.880
64500,0.162,0.000,0.838
65000,0.168,0.000,0.832
65500,0.106,0.000,0.894
66000,0.164,0.000,0.836
66500,0.145,0.000,0.855
67000,0.161,0.000,0.839
67500,0.159,0.000,0.841
68000,0.104,0.000,0.896
68500,0.135,0.000,0.865
69000,0.204,0.000,0.796
69500,0.153,0.000,0.847
70000,0.119,0.001,0.880
70500,0.202,0.000,0.798
71000,0.170,0.000,0.830
71500,0.204,0.000,0.796
72000,0.234,0.000,0.766
72500,0.174,0.000,0.826
73000,0.076,0.002,0.922
73500,0.260,0.000,0.740
74000,0.179,0.000,0.821
74500,0.142,0.000,0.858
75000,0.173,0.000,0.827
75500,0.125,0.000,0.875
76000,0.219,0.000,0.781
76500,0.240,0.000,0.760
77000,0.167,0.000,0.833
77500,0.280,0.000,0.720
78000,0.201,0.000,0.799
78500,0.099,0.000,0.901
79000,0.200,0.000,0.800
79500,0.092,0.026,0.882
80000,0.170,0.000,0.830
80500,0.170,0.000,0.830
81000,0.200,0.000,0.800
81500,0.142,0.000,0.858
82000,0.211,0.000,0.789
82500,0.122,0.001,0.877
83000,0.187,0.000,0.813
83500,0.129,0.001,0.870
84000,0.216,0.000,0.784
84500,0.141,0.000,0.859
85000,0.152,0.000,0.848
85500,0.150,0.000,0.850
86000,0.202,0.000,0.798
86500,0.194,0.000,0.806
87000,0.247,0.000,0.753
87500,0.212,0.000,0.788
88000,0.143,0.000,0.857
88500,0.161,0.000,0.839
89000,0.158,0.000,0.842
89500,0.243,0.000,0.757
90000,0.257,0.000,0.743
90500,0.157,0.000,0.843
91000,0.172,0.000,0.828
91500,0.232,0.000,0.768
92000,0.254,0.000,0.746
92500,0.220,0.000,0.780
93000,0.212,0.000,0.788
93500,0.154,0.000,0.846
94000,0.181,0.000,0.819
94500,0.130,0.000,0.870
95000,0.197,0.000,0.803
95500,0.192,0.000,0.808
96000,0.226,0.000,0.774
96500,0.146,0.000,0.854
97000,0.212,0.000,0.788
97500,0.237,0.000,0.763
98000,0.167,0.000,0.833
98500,0.155,0.000,0.845
99000,0.230,0.000,0.770
99500,0.246,0.000,0.754
100000,0.231,0.000,0.769
100500,0.160,0.000,0.840
101000,0.197,0.000,0.803
101500,0.151,0.000,0.849
102000,0.121,0.000,0.879
102500,0.225,0.000,0.775
103000,0.141,0.000,0.859
103500,0.113,0.000,0.887
104000,0.214,0.000,0.786
104500,0.174,0.000,0.826
105000,0.197,0.000,0.803
105500,0.268,0.000,0.732
106000,0.209,0.000,0.791
106500,0.124,0.000,0.876
107000,0.220,0.000,0.780
107500,0.138,0.000,0.862
108000,0.137,0.000,0.863
108500,0.164,0.000,0.836
109000,0.200,0.000,0.800
109500,0.186,0.000,0.814
110000,0.192,0.000,0.808
110500,0.237,0.000,0.763
111000,0.141,0.000,0.859
111500,0.236,0.000,0.764
112000,0.198,0.000,0.802
112500,0.169,0.000,0.831
113000,0.188,0.000,0.812
113500,0.156,0.000,0.844
114000,0.188,0.000,0.812
114500,0.265,0.000,0.735
115000,0.116,0.000,0.884
115500,0.205,0.000,0.795
116000,0.178,0.000,0.822
116500,0.190,0.000,0.810
117000,0.210,0.000,0.790
117500,0.158,0.000,0.842
118000,0.197,0.000,0.803
118500,0.197,0.000,0.803
119000,0.154,0.000,0.846
119500,0.110,0.000,0.890
120000,0.160,0.000,0.840
120500,0.166,0.000,0.834
121000,0.228,0.000,0.772
121500,0.162,0.000,0.838
122000,0.227,0.000,0.773
122500,0.186,0.000,0.814
123000,0.242,0.000,0.758
123500,0.196,0.000,0.804
124000,0.073,0.008,0.919
124500,0.105,0.000,0.895
125000,0.067,0.000,0.933
125500,0.321,0.000,0.679
126000,0.133,0.000,0.867
126500,0.231,0.000,0.769
127000,0.232,0.000,0.768
127500,0.212,0.000,0.788
128000,0.078,0.000,0.922
128500,0.173,0.000,0.827
129000,0.187,0.000,0.813
129500,0.213,0.000,0.787
130000,0.236,0.000,0.764
130500,0.100,0.000,0.900
131000,0.102,0.000,0.898
131500,0.155,0.000,0.845
132000,0.196,0.000,0.804
132500,0.193,0.000,0.807
133000,0.215,0.000,0.785
133500,0.165,0.000,0.835
134000,0.238,0.000,0.762
134500,0.099,0.000,0.901
135000,0.187,0.000,0.813
135500,0.276,0.000,0.724
136000,0.145,0.000,0.855
136500,0.160,0.002,0.838
137000,0.146,0.000,0.854
137500,0.080,0.021,0.899
138000,0.199,0.000,0.801
138500,0.190,0.000,0.810
139000,0.209,0.000,0.791
139500,0.150,0.000,0.850
140000,0.084,0.000,0.916
140500,0.172,0.000,0.828
141000,0.123,0.000,0.877
141500,0.168,0.000,0.832
142000,0.132,0.000,0.868
142500,0.129,0.000,0.871
143000,0.162,0.000,0.838
143500,0.126,0.000,0.874
144000,0.162,0.000,0.838
144500,0.159,0.000,0.841
145000,0.218,0.000,0.782
145500,0.140,0.000,0.860
146000,0.169,0.000,0.831
146500,0.197,0.000,0.803
147000,0.156,0.003,0.841
147500,0.189,0.000,0.811
148000,0.133,0.000,0.867
148500,0.311,0.000,0.689
149000,0.168,0.000,0.832
149500,0.164,0.000,0.836
150000,0.250,0.000,0.750
150500,0.194,0.000,0.806
151000,0.149,0.000,0.851
151500,0.267,0.000,0.733
152000,0.235,0.000,0.765
152500,0.153,0.000,0.847
153000,0.233,0.000,0.767
153500,0.218,0.000,0.782
154000,0.182,0.000,0.818
154500,0.120,0.000,0.880
155000,0.194,0.000,0.806
155500,0.155,0.001,0.844
156000,0.155,0.000,0.845
156500,0.087,0.010,0.903
157000,0.178,0.000,0.822
157500,0.113,0.001,0.886
158000,0.119,0.000,0.881
158500,0.102,0.000,0.898
159000,0.223,0.000,0.777
159500,0.183,0.000,0.817
160000,0.124,0.000,0.876
160500,0.237,0.000,0.763
161000,0.258,0.000,0.742
161500,0.144,0.000,0.856
162000,0.184,0.000,0.816
162500,0.171,0.000,0.829
163000,0.169,0.000,0.831
163500,0.187,0.000,0.813
164000,0.220,0.000,0.780
164500,0.131,0.000,0.869
165000,0.170,0.000,0.830
165500,0.144,0.000,0.856
166000,0.187,0.000,0.813
166500,0.241,0.000,0.759
167000,0.096,0.000,0.904
167500,0.241,0.000,0.759
168000,0.154,0.000,0.846
168500,0.224,0.000,0.776
169000,0.184,0.000,0.816
169500,0.214,0.000,0.786
170000,0.189,0.000,0.811
170500,0.229,0.000,0.771
171000,0.179,0.000,0.821
171500,0.200,0.000,0.800
172000,0.181,0.000,0.819
172500,0.183,0.000,0.817
173000,0.060,0.009,0.931
173500,0.155,0.000,0.845
174000,0.171,0.000,0.829
174500,0.210,0.000,0.790
175000,0.197,0.000,0.803
175500,0.235,0.000,0.765
176000,0.127,0.000,0.873
176500,0.061,0.001,0.938
177000,0.190,0.000,0.810
177500,0.340,0.000,0.660
178000,0.217,0.000,0.783
178500,0.105,0.000,0.895
179000,0.155,0.000,0.845
179500,0.088,0.011,0.901
180000,0.286,0.000,0.714
180500,0.095,0.012,0.893
181000,0.131,0.000,0.869
181500,0.238,0.000,0.762
182000,0.232,0.000,0.768
182500,0.088,0.000,0.912
183000,0.157,0.000,0.843
183500,0.191,0.000,0.809
184000,0.198,0.000,0.802
184500,0.185,0.000,0.815
185000,0.204,0.000,0.796
185500,0.235,0.000,0.765
186000,0.159,0.000,0.841
186500,0.155,0.000,0.845
187000,0.218,0.000,0.782
187500,0.118,0.000,0.882
188000,0.199,0.000,0.801
188500,0.173,0.000,0.827
189000,0.122,0.000,0.878
189500,0.267,0.000,0.733
190000,0.241,0.000,0.759
190500,0.177,0.000,0.823
191000,0.114,0.000,0.886
191500,0.170,0.000,0.830
192000,0.143,0.000,0.857
192500,0.174,0.000,0.826
193000,0.170,0.000,0.830
193500,0.141,0.000,0.859
194000,0.168,0.000,0.832
194500,0.221,0.000,0.779
195000,0.109,0.000,0.891
195500,0.165,0.000,0.835
196000,0.199,0.000,0.801
196500,0.271,0.000,0.729
197000,0.170,0.000,0.830
197500,0.171,0.000,0.829
198000,0.142,0.000,0.858
198500,0.163,0.000,0.837
199000,0.270,0.000,0.730
199500,0.152,0.000,0.848
200000,0.206,0.000,0.794
200500,0.130,0.000,0.870
201000,0.147,0.000,0.853
201500,0.134,0.000,0.866
202000,0.209,0.000,0.791
202500,0.205,0.000,0.795
203000,0.112,0.025,0.863
203500,0.159,0.000,0.841
204000,0.174,0.000,0.826
204500,0.129,0.000,0.871
205000,0.192,0.000,0.808
205500,0.159,0.000,0.841
206000,0.189,0.000,0.811
206500,0.164,0.000,0.836
207000,0.196,0.000,0.804
207500,0.202,0.000,0.798
208000,0.137,0.000,0.863
208500,0.231,0.000,0.769
209000,0.175,0.002,0.823
209500,0.133,0.000,0.867
210000,0.160,0.000,0.840
210500,0.144,0.000,0.856
211000,0.166,0.000,0.834
211500,0.226,0.000,0.774
212000,0.150,0.000,0.850
212500,0.208,0.000,0.792
213000,0.145,0.000,0.855
213500,0.159,0.000,0.841
214000,0.216,0.000,0.784
214500,0.138,0.000,0.862
215000,0.168,0.000,0.832
215500,0.222,0.000,0.778
216000,0.256,0.000,0.744
216500,0.158,0.000,0.842
217000,0.223,0.000,0.777
217500,0.246,0.000,0.754
218000,0.220,0.000,0.780
218500,0.171,0.000,0.829
219000,0.203,0.000,0.797
219500,0.205,0.000,0.795
220000,0.187,0.000,0.813
220500,0.187,0.000,0.813
221000,0.136,0.000,0.864
221500,0.139,0.000,0.861
222000,0.155,0.000,0.845
222500,0.207,0.000,0.793
223000,0.136,0.000,0.864
223500,0.161,0.000,0.839
224000,0.226,0.000,0.774
224500,0.159,0.000,0.841
225000,0.201,0.000,0.799
225500,0.130,0.000,0.870
226000,0.184,0.000,0.816
226500,0.191,0.000,0.809
227000,0.141,0.000,0.859
227500,0.130,0.000,0.870
228000,0.229,0.000,0.771
228500,0.221,0.000,0.779
229000,0.153,0.000,0.847
229500,0.133,0.006,0.861
230000,0.255,0.000,0.745
230500,0.147,0.000,0.853
231000,0.209,0.000,0.791
231500,0.227,0.000,0.773
232000,0.129,0.000,0.871
232500,0.118,0.000,0.882
233000,0.232,0.000,0.768
233500,0.151,0.000,0.849
234000,0.184,0.000,0.816
234500,0.174,0.000,0.826
235000,0.171,0.000,0.829
235500,0.274,0.000,0.726
236000,0.154,0.000,0.846
236500,0.131,0.000,0.869
237000,0.162,0.000,0.838
237500,0.190,0.001,0.809
238000,0.099,0.002,0.899
238500,0.220,0.000,0.780
239000,0.123,0.000,0.877
239500,0.175,0.000,0.825
240000,0.174,0.000,0.826
240500,0.195,0.000,0.805
241000,0.197,0.000,0.803
241500,0.234,0.000,0.766
242000,0.351,0.000,0.649
242500,0.197,0.000,0.803
243000,0.111,0.000,0.889
243500,0.133,0.000,0.867
244000,0.190,0.000,0.810
244500,0.139,0.000,0.861
245000,0.088,0.000,0.912
245500,0.126,0.000,0.874
246000,0.209,0.000,0.791
246500,0.169,0.000,0.831
247000,0.198,0.000,0.802
247500,0.140,0.000,0.860
248000,0.130,0.001,0.869
248500,0.207,0.000,0.793
249000,0.195,0.000,0.805
249500,0.088,0.000,0.912
250000,0.173,0.000,0.827
250500,0.193,0.000,0.807
251000,0.173,0.000,0.827
251500,0.281,0.000,0.719
252000,0.121,0.000,0.879
252500,0.223,0.000,0.777
253000,0.209,0.000,0.791
253500,0.216,0.000,0.784
254000,0.128,0.000,0.872
254500,0.116,0.000,0.884
255000,0.223,0.000,0.777
255500,0.148,0.000,0.852
256000,0.137,0.000,0.863
256500,0.340,0.000,0.660
257000,0.131,0.015,0.854
257500,0.216,0.000,0.784
258000,0.198,0.000,0.802
258500,0.093,0.000,0.907
259000,0.137,0.000,0.863
259500,0.213,0.000,0.787
260000,0.175,0.000,0.825
260500,0.115,0.010,0.875
261000,0.177,0.000,0.823
261500,0.128,0.000,0.872
262000,0.174,0.000,0.826
262500,0.107,0.000,0.893
263000,0.279,0.000,0.721
263500,0.232,0.000,0.768
264000,0.211,0.000,0.789
264500,0.205,0.000,0.795
265000,0.218,0.000,0.782
265500,0.153,0.000,0.847
266000,0.178,0.000,0.822
266500,0.082,0.000,0.918
267000,0.127,0.000,0.873
267500,0.176,0.000,0.824
268000,0.177,0.000,0.823
268500,0.202,0.000,0.798
269000,0.191,0.000,0.809
269500,0.219,0.000,0.781
270000,0.162,0.000,0.838
270500,0.157,0.000,0.843
271000,0.144,0.000,0.856
271500,0.166,0.000,0.834
272000,0.139,0.002,0.859
272500,0.226,0.000,0.774
273000,0.191,0.000,0.809
273500,0.160,0.000,0.840
274000,0.093,0.000,0.907
274500,0.147,0.000,0.853
275000,0.110,0.004,0.886
275500,0.178,0.000,0.822
276000,0.154,0.000,0.846
276500,0.153,0.000,0.847
277000,0.160,0.000,0.840
277500,0.108,0.000,0.892
278000,0.229,0.000,0.771
278500,0.131,0.000,0.869
279000,0.240,0.000,0.760
279500,0.160,0.000,0.840
280000,0.121,0.000,0.879
280500,0.175,0.000,0.825
281000,0.120,0.000,0.880
281500,0.198,0.000,0.802
282000,0.108,0.000,0.892
282500,0.165,0.000,0.835
283000,0.242,0.000,0.758
283500,0.227,0.000,0.773
284000,0.164,0.000,0.836
284500,0.202,0.000,0.798
285000,0.205,0.000,0.795
285500,0.216,0.000,0.784
286000,0.225,0.000,0.775
286500,0.226,0.000,0.774
287000,0.154,0.000,0.846
287500,0.134,0.000,0.866
288000,0.164,0.000,0.836
288500,0.188,0.000,0.812
289000,0.130,0.000,0.870
289500,0.207,0.000,0.793
290000,0.207,0.000,0.793
290500,0.189,0.000,0.811
291000,0.197,0.000,0.803
291500,0.265,0.000,0.735
292000,0.141,0.000,0.859
292500,0.150,0.000,0.850
293000,0.171,0.000,0.829
293500,0.151,0.000,0.849
294000,0.183,0.000,0.817
294500,0.232,0.000,0.768
295000,0.147,0.002,0.851
295500,0.121,0.000,0.879
296000,0.140,0.000,0.860
296500,0.162,0.000,0.838
297000,0.165,0.000,0.835
297500,0.156,0.000,0.844
298000,0.185,0.000,0.815
298500,0.209,0.000,0.791
299000,0.168,0.000,0.832
299500,0.168,0.000,0.832
300000,0.143,0.000,0.857
300500,0.135,0.000,0.865
301000,0.118,0.000,0.882
301500,0.118,0.000,0.882
302000,0.098,0.000,0.902
302500,0.147,0.000,0.853
303000,0.154,0.000,0.846
303500,0.197,0.000,0.803
304000,0.254,0.000,0.746
304500,0.245,0.000,0.755
305000,0.150,0.000,0.850
305500,0.091,0.013,0.896
306000,0.126,0.000,0.874
306500,0.113,0.000,0.887
307000,0.174,0.000,0.826
307500,0.173,0.000,0.827
308000,0.202,0.000,0.798
308500,0.144,0.000,0.856
309000,0.364,0.000,0.636
309500,0.098,0.000,0.902
310000,0.139,0.000,0.861
310500,0.105,0.000,0.895
311000,0.134,0.000,0.866
311500,0.205,0.000,0.795
312000,0.116,0.000,0.884
312500,0.141,0.000,0.859
313000,0.179,0.000,0.821
313500,0.176,0.000,0.824
314000,0.170,0.000,0.830
314500,0.152,0.000,0.848
315000,0.167,0.000,0.833
315500,0.154,0.000,0.846
316000,0.145,0.000,0.855
316500,0.232,0.000,0.768
317000,0.194,0.000,0.806
317500,0.267,0.000,0.733
318000,0.128,0.000,0.872
318500,0.203,0.000,0.797
319000,0.165,0.000,0.835
319500,0.211,0.000,0.789
320000,0.234,0.000,0.766
320500,0.202,0.000,0.798
321000,0.149,0.000,0.851
321500,0.119,0.000,0.881
322000,0.113,0.000,0.887
322500,0.176,0.000,0.824
323000,0.168,0.000,0.832
323500,0.265,0.000,0.735
324000,0.189,0.000,0.811
324500,0.177,0.000,0.823
325000,0.302,0.000,0.698
325500,0.303,0.000,0.697
326000,0.147,0.001,0.852
326500,0.097,0.007,0.896
327000,0.202,0.000,0.798
327500,0.197,0.000,0.803
328000,0.136,0.000,0.864
328500,0.166,0.000,0.834
329000,0.188,0.000,0.812
329500,0.199,0.000,0.801
330000,0.142,0.000,0.858
330500,0.146,0.000,0.854
331000,0.128,0.000,0.872
331500,0.156,0.000,0.844
332000,0.251,0.000,0.749
332500,0.147,0.000,0.853
333000,0.181,0.000,0.819
333500,0.116,0.013,0.871
334000,0.213,0.000,0.787
334500,0.287,0.000,0.713
335000,0.209,0.000,0.791
335500,0.110,0.000,0.890
336000,0.159,0.000,0.841
336500,0.147,0.000,0.853
337000,0.247,0.000,0.753
337500,0.160,0.000,0.840
338000,0.165,0.000,0.835
338500,0.173,0.000,0.827
339000,0.223,0.000,0.777
339500,0.203,0.000,0.797
340000,0.229,0.000,0.771
340500,0.179,0.000,0.821
341000,0.107,0.000,0.893
341500,0.127,0.000,0.873
342000,0.263,0.000,0.737
342500,0.165,0.000,0.835
343000,0.138,0.000,0.862
343500,0.126,0.000,0.874
344000,0.084,0.003,0.913
344500,0.108,0.017,0.875
345000,0.222,0.000,0.778
345500,0.108,0.000,0.892
346000,0.200,0.000,0.800
346500,0.095,0.000,0.905
347000,0.135,0.000,0.865
347500,0.274,0.000,0.726
348000,0.151,0.000,0.849
348500,0.197,0.000,0.803
349000,0.144,0.000,0.856
349500,0.161,0.000,0.839
350000,0.146,0.000,0.854
350500,0.166,0.000,0.834
351000,0.213,0.000,0.787
351500,0.160,0.000,0.840
352000,0.302,0.000,0.698
352500,0.166,0.000,0.834
353000,0.275,0.000,0.725
353500,0.156,0.000,0.844
354000,0.122,0.011,0.867
354500,0.167,0.000,0.833
355000,0.156,0.000,0.844
355500,0.170,0.000,0.830
356000,0.211,0.000,0.789
356500,0.133,0.000,0.867
357000,0.109,0.000,0.891
357500,0.197,0.000,0.803
358000,0.129,0.000,0.871
358500,0.103,0.000,0.897
359000,0.137,0.000,0.863
359500,0.111,0.000,0.889
360000,0.093,0.000,0.907
360500,0.156,0.000,0.844
361000,0.200,0.000,0.800
361500,0.122,0.000,0.878
362000,0.119,0.023,0.858
362500,0.198,0.000,0.802
363000,0.199,0.000,0.801
363500,0.159,0.000,0.841
364000,0.167,0.000,0.833
364500,0.178,0.000,0.822
365000,0.184,0.000,0.816
365500,0.138,0.000,0.862
366000,0.144,0.000,0.856
366500,0.166,0.000,0.834
367000,0.187,0.000,0.813
367500,0.235,0.000,0.765
368000,0.155,0.000,0.845
368500,0.183,0.000,0.817
369000,0.212,0.000,0.788
369500,0.179,0.000,0.821
370000,0.163,0.000,0.837
370500,0.120,0.000,0.880
371000,0.207,0.000,0.793
371500,0.175,0.000,0.825
372000,0.143,0.000,0.857
372500,0.166,0.000,0.834
373000,0.167,0.000,0.833
373500,0.165,0.000,0.835
374000,0.080,0.000,0.920
374500,0.251,0.000,0.749
375000,0.124,0.000,0.876
375500,0.102,0.000,0.898
376000,0.141,0.000,0.859
376500,0.171,0.000,0.829
377000,0.119,0.000,0.881
377500,0.211,0.000,0.789
378000,0.159,0.009,0.832
378500,0.108,0.000,0.892
379000,0.127,0.009,0.864
379500,0.202,0.000,0.798
380000,0.151,0.000,0.849
380500,0.239,0.000,0.761
381000,0.162,0.000,0.838
381500,0.216,0.000,0.784
382000,0.117,0.000,0.883
382500,0.163,0.000,0.837
383000,0.258,0.000,0.742
383500,0.201,0.000,0.799
384000,0.158,0.000,0.842
384500,0.131,0.000,0.869
385000,0.175,0.000,0.825
385500,0.178,0.000,0.822
386000,0.337,0.000,0.663
386500,0.134,0.000,0.866
387000,0.135,0.000,0.865
387500,0.203,0.000,0.797
388000,0.145,0.000,0.855
388500,0.235,0.000,0.765
389000,0.167,0.000,0.833
389500,0.195,0.000,0.805
390000,0.217,0.000,0.783
390500,0.133,0.000,0.867
391000,0.180,0.000,0.820
391500,0.112,0.000,0.888
392000,0.114,0.000,0.886
392500,0.190,0.000,0.810
393000,0.188,0.000,0.812
393500,0.341,0.000,0.659
394000,0.127,0.000,0.873
394500,0.153,0.000,0.847
395000,0.165,0.000,0.835
395500,0.213,0.000,0.787
396000,0.156,0.000,0.844
396500,0.161,0.000,0.839
397000,0.115,0.000,0.885
397500,0.125,0.000,0.875
398000,0.167,0.000,0.833
398500,0.182,0.000,0.818
399000,0.254,0.000,0.746
399500,0.078,0.000,0.922
400000,0.175,0.000,0.825
400500,0.207,0.000,0.793
401000,0.164,0.000,0.836
401500,0.145,0.000,0.855
402000,0.140,0.000,0.860
402500,0.189,0.000,0.811
403000,0.081,0.038,0.881
403500,0.202,0.000,0.798
404000,0.118,0.000,0.882
404500,0.240,0.000,0.760
405000,0.085,0.000,0.915
405500,0.206,0.000,0.794
406000,0.131,0.000,0.869
406500,0.220,0.000,0.780
407000,0.135,0.000,0.865
407500,0.205,0.000,0.795
408000,0.198,0.000,0.802
408500,0.229,0.000,0.771
409000,0.113,0.000,0.887
409500,0.180,0.000,0.820
410000,0.138,0.000,0.862
410500,0.205,0.000,0.795
411000,0.143,0.000,0.857
411500,0.195,0.000,0.805
412000,0.276,0.000,0.724
412500,0.306,0.000,0.694
413000,0.262,0.000,0.738
413500,0.132,0.000,0.868
414000,0.095,0.000,0.905
414500,0.276,0.000,0.724
415000,0.126,0.000,0.874
415500,0.201,0.000,0.799
416000,0.176,0.000,0.824
416500,0.080,0.000,0.920
417000,0.093,0.000,0.907
417500,0.166,0.000,0.834
418000,0.188,0.000,0.812
418500,0.124,0.001,0.875
419000,0.178,0.000,0.822
419500,0.179,0.000,0.821
420000,0.216,0.000,0.784
420500,0.264,0.000,0.736
421000,0.203,0.000,0.797
421500,0.219,0.000,0.781
422000,0.246,0.000,0.754
422500,0.175,0.000,0.825
423000,0.161,0.000,0.839
423500,0.120,0.000,0.880
424000,0.230,0.000,0.770
424500,0.078,0.000,0.922
425000,0.187,0.000,0.813
425500,0.150,0.000,0.850
426000,0.159,0.000,0.841
426500,0.233,0.000,0.767
427000,0.184,0.000,0.816
427500,0.086,0.000,0.914
428000,0.265,0.000,0.735
428500,0.227,0.000,0.773
429000,0.114,0.000,0.886
429500,0.298,0.000,0.702
430000,0.135,0.000,0.865
430500,0.133,0.000,0.867
431000,0.092,0.007,0.901
431500,0.195,0.000,0.805
432000,0.179,0.000,0.821
432500,0.177,0.000,0.823
433000,0.201,0.000,0.799
433500,0.113,0.000,0.887
434000,0.084,0.000,0.916
434500,0.153,0.000,0.847
435000,0.234,0.000,0.766
435500,0.127,0.000,0.873
436000,0.157,0.000,0.843
436500,0.168,0.000,0.832
437000,0.148,0.000,0.852
437500,0.133,0.000,0.867
438000,0.172,0.000,0.828
438500,0.164,0.000,0.836
439000,0.177,0.000,0.823
439500,0.240,0.000,0.760
440000,0.172,0.000,0.828
440500,0.142,0.000,0.858
441000,0.182,0.000,0.818
441500,0.204,0.000,0.796
442000,0.114,0.000,0.886
442500,0.160,0.000,0.840
443000,0.221,0.000,0.779
443500,0.199,0.000,0.801
444000,0.151,0.000,0.849
444500,0.124,0.000,0.876
445000,0.160,0.000,0.840
445500,0.140,0.000,0.860
446000,0.211,0.000,0.789
446500,0.143,0.000,0.857
447000,0.149,0.000,0.851
447500,0.169,0.000,0.831
448000,0.177,0.000,0.823
448500,0.129,0.000,0.871
449000,0.243,0.000,0.757
449500,0.204,0.000,0.796
450000,0.257,0.000,0.743
450500,0.153,0.000,0.847
451000,0.084,0.000,0.916
451500,0.150,0.000,0.850
452000,0.201,0.000,0.799
452500,0.142,0.000,0.858
453000,0.205,0.000,0.795
453500,0.192,0.000,0.808
454000,0.138,0.000,0.862
454500,0.211,0.000,0.789
455000,0.247,0.000,0.753
455500,0.089,0.000,0.911
456000,0.159,0.000,0.841
456500,0.154,0.000,0.846
457000,0.175,0.000,0.825
457500,0.108,0.000,0.892
458000,0.251,0.000,0.749
458500,0.209,0.000,0.791
459000,0.149,0.000,0.851
459500,0.216,0.000,0.784
460000,0.135,0.000,0.865
460500,0.139,0.000,0.861
461000,0.200,0.000,0.800
461500,0.152,0.000,0.848
462000,0.290,0.000,0.710
462500,0.210,0.000,0.790
463000,0.138,0.000,0.862
463500,0.263,0.000,0.737
464000,0.201,0.000,0.799
464500,0.174,0.000,0.826
465000,0.109,0.000,0.891
465500,0.078,0.000,0.922
466000,0.168,0.000,0.832
466500,0.143,0.000,0.857
467000,0.175,0.000,0.825
467500,0.120,0.000,0.880
468000,0.196,0.004,0.800
468500,0.220,0.000,0.780
469000,0.279,0.000,0.721
469500,0.146,0.000,0.854
470000,0.122,0.000,0.878
470500,0.152,0.000,0.848
471000,0.198,0.000,0.802
471500,0.187,0.000,0.813
472000,0.164,0.000,0.836
472500,0.147,0.000,0.853
473000,0.113,0.002,0.885
473500,0.151,0.000,0.849
474000,0.128,0.000,0.872
474500,0.256,0.000,0.744
475000,0.301,0.000,0.699
475500,0.182,0.000,0.818
476000,0.206,0.000,0.794
476500,0.274,0.000,0.726
477000,0.104,0.000,0.896
477500,0.157,0.000,0.843
478000,0.187,0.000,0.813
478500,0.123,0.001,0.876
479000,0.183,0.000,0.817
479500,0.199,0.000,0.801
480000,0.125,0.000,0.875
480500,0.161,0.000,0.839
481000,0.147,0.000,0.853
481500,0.197,0.000,0.803
482000,0.088,0.000,0.912
482500,0.302,0.000,0.698
483000,0.125,0.000,0.875
483500,0.219,0.000,0.781
484000,0.095,0.000,0.905
484500,0.180,0.000,0.820
485000,0.230,0.000,0.770
485500,0.227,0.000,0.773
486000,0.072,0.000,0.928
486500,0.158,0.000,0.842
487000,0.265,0.000,0.735
487500,0.192,0.000,0.808
488000,0.263,0.000,0.737
488500,0.146,0.000,0.854
489000,0.188,0.000,0.812
489500,0.080,0.011,0.909
490000,0.172,0.000,0.828
490500,0.208,0.000,0.792
491000,0.170,0.000,0.830
491500,0.174,0.000,0.826
492000,0.167,0.000,0.833
492500,0.099,0.000,0.901
493000,0.076,0.000,0.924
493500,0.177,0.000,0.823
494000,0.150,0.000,0.850
494500,0.136,0.000,0.864
495000,0.280,0.000,0.720
495500,0.220,0.000,0.780
496000,0.148,0.000,0.852
496500,0.226,0.000,0.774
497000,0.118,0.000,0.882
497500,0.172,0.000,0.828
498000,0.219,0.000,0.781
498500,0.227,0.000,0.773
499000,0.248,0.000,0.752
499500,0.203,0.000,0.797
500000,0.142,0.000,0.858
500500,0.240,0.000,0.760
501000,0.147,0.000,0.853
501500,0.184,0.000,0.816
502000,0.140,0.000,0.860
502500,0.122,0.000,0.878
503000,0.228,0.000,0.772
503500,0.250,0.000,0.750
504000,0.125,0.000,0.875
504500,0.205,0.001,0.794
505000,0.227,0.000,0.773
505500,0.189,0.000,0.811
506000,0.135,0.000,0.865
506500,0.212,0.000,0.788
507000,0.278,0.000,0.722
507500,0.197,0.000,0.803
508000,0.236,0.000,0.764
508500,0.193,0.000,0.807
509000,0.172,0.000,0.828
509500,0.145,0.000,0.855
510000,0.163,0.000,0.837
510500,0.284,0.000,0.716
511000,0.316,0.000,0.684
511500,0.118,0.000,0.882
512000,0.153,0.000,0.847
512500,0.225,0.000,0.775
513000,0.191,0.000,0.809
513500,0.190,0.000,0.810
514000,0.207,0.000,0.793
514500,0.112,0.000,0.888
515000,0.070,0.000,0.930
515500,0.197,0.000,0.803
516000,0.135,0.000,0.865
516500,0.247,0.000,0.753
517000,0.100,0.000,0.900
517500,0.119,0.001,0.880
518000,0.177,0.000,0.823
518500,0.115,0.000,0.885
519000,0.216,0.000,0.784
519500,0.227,0.000,0.773
520000,0.146,0.000,0.854
520500,0.243,0.000,0.757
521000,0.185,0.000,0.815
521500,0.206,0.000,0.794
522000,0.227,0.000,0.773
522500,0.184,0.000,0.816
523000,0.271,0.000,0.729
523500,0.177,0.000,0.823
524000,0.185,0.000,0.815
524500,0.194,0.000,0.806
525000,0.248,0.000,0.752
525500,0.145,0.000,0.855
526000,0.162,0.000,0.838
526500,0.217,0.000,0.783
527000,0.125,0.000,0.875
527500,0.224,0.000,0.776
528000,0.128,0.000,0.872
528500,0.114,0.000,0.886
529000,0.169,0.000,0.831
529500,0.152,0.000,0.848
530000,0.244,0.000,0.756
530500,0.142,0.001,0.857
531000,0.134,0.000,0.866
531500,0.095,0.000,0.905
532000,0.171,0.000,0.829
532500,0.237,0.000,0.763
533000,0.197,0.000,0.803
533500,0.132,0.000,0.868
534000,0.138,0.000,0.862
534500,0.161,0.000,0.839
535000,0.150,0.000,0.850
535500,0.246,0.000,0.754
536000,0.121,0.000,0.879
536500,0.244,0.000,0.756
537000,0.140,0.000,0.860
537500,0.214,0.000,0.786
538000,0.173,0.000,0.827
538500,0.151,0.000,0.849
539000,0.146,0.000,0.854
539500,0.133,0.000,0.867
540000,0.126,0.001,0.873
540500,0.202,0.000,0.798
541000,0.103,0.000,0.897
541500,0.139,0.000,0.861
542000,0.213,0.000,0.787
542500,0.135,0.000,0.865
543000,0.229,0.000,0.771
543500,0.084,0.000,0.916
544000,0.154,0.000,0.846
544500,0.169,0.000,0.831
545000,0.218,0.000,0.782
545500,0.097,0.000,0.903
546000,0.127,0.000,0.873
546500,0.136,0.000,0.864
547000,0.154,0.000,0.846
547500,0.168,0.000,0.832
548000,0.236,0.000,0.764
548500,0.236,0.000,0.764
549000,0.235,0.000,0.765
549500,0.156,0.000,0.844
550000,0.213,0.000,0.787
550500,0.181,0.000,0.819
551000,0.146,0.000,0.854
551500,0.138,0.000,0.862
552000,0.176,0.000,0.824
552500,0.136,0.000,0.864
553000,0.279,0.000,0.721
553500,0.248,0.000,0.752
554000,0.160,0.000,0.840
554500,0.163,0.000,0.837
555000,0.197,0.000,0.803
555500,0.252,0.000,0.748
556000,0.165,0.000,0.835
556500,0.170,0.000,0.830
557000,0.101,0.024,0.875
557500,0.159,0.000,0.841
558000,0.213,0.000,0.787
558500,0.170,0.000,0.830
559000,0.167,0.000,0.833
559500,0.143,0.000,0.857
560000,0.266,0.000,0.734
560500,0.178,0.000,0.822
561000,0.195,0.000,0.805
561500,0.193,0.000,0.807
562000,0.152,0.000,0.848
562500,0.167,0.000,0.833
563000,0.144,0.000,0.856
563500,0.148,0.000,0.852
564000,0.173,0.000,0.827
564500,0.161,0.000,0.839
565000,0.171,0.000,0.829
565500,0.131,0.000,0.869
566000,0.147,0.000,0.853
566500,0.230,0.000,0.770
567000,0.172,0.000,0.828
567500,0.272,0.000,0.728
568000,0.186,0.000,0.814
568500,0.192,0.000,0.808
569000,0.167,0.000,0.833
569500,0.270,0.000,0.730
570000,0.145,0.000,0.855
570500,0.188,0.000,0.812
571000,0.148,0.000,0.852
571500,0.157,0.000,0.843
572000,0.136,0.000,0.864
572500,0.219,0.000,0.781
573000,0.194,0.000,0.806
573500,0.253,0.000,0.747
574000,0.209,0.000,0.791
574500,0.210,0.000,0.790
575000,0.155,0.000,0.845
575500,0.161,0.000,0.839
576000,0.162,0.000,0.838
576500,0.182,0.000,0.818
577000,0.203,0.000,0.797
577500,0.141,0.000,0.859
578000,0.205,0.000,0.795
578500,0.173,0.000,0.827
579000,0.118,0.000,0.882
579500,0.107,0.000,0.893
580000,0.115,0.000,0.885
580500,0.189,0.000,0.811
581000,0.184,0.000,0.816
581500,0.163,0.000,0.837
582000,0.253,0.000,0.747
582500,0.219,0.000,0.781
583000,0.191,0.000,0.809
583500,0.170,0.000,0.830
584000,0.199,0.000,0.801
584500,0.096,0.000,0.904
585000,0.204,0.000,0.796
585500,0.141,0.000,0.859
586000,0.196,0.000,0.804
586500,0.267,0.000,0.733
587000,0.103,0.000,0.897
587500,0.167,0.000,0.833
588000,0.192,0.000,0.808
588500,0.213,0.000,0.787
589000,0.101,0.000,0.899
589500,0.174,0.000,0.826
590000,0.243,0.000,0.757
590500,0.128,0.000,0.872
591000,0.179,0.000,0.821
591500,0.240,0.000,0.760
592000,0.320,0.000,0.680
592500,0.162,0.000,0.838
593000,0.224,0.000,0.776
593500,0.175,0.000,0.825
594000,0.173,0.000,0.827
594500,0.223,0.002,0.775
595000,0.248,0.000,0.752
595500,0.169,0.000,0.831
596000,0.185,0.000,0.815
596500,0.249,0.000,0.751
597000,0.225,0.000,0.775
597500,0.114,0.000,0.886
598000,0.240,0.000,0.760
598500,0.184,0.000,0.816
599000,0.253,0.000,0.747
599500,0.191,0.000,0.809
600000,0.170,0.000,0.830
600500,0.231,0.000,0.769
601000,0.154,0.000,0.846
601500,0.194,0.000,0.806
602000,0.159,0.000,0.841
602500,0.153,0.000,0.847
603000,0.072,0.021,0.907
603500,0.207,0.000,0.793
604000,0.146,0.001,0.853
604500,0.201,0.000,0.799
605000,0.211,0.000,0.789
605500,0.155,0.000,0.845
606000,0.186,0.000,0.814
606500,0.186,0.000,0.814
607000,0.120,0.000,0.880
607500,0.186,0.000,0.814
608000,0.174,0.000,0.826
608500,0.246,0.000,0.754
609000,0.237,0.000,0.763
609500,0.241,0.000,0.759
610000,0.149,0.000,0.851
610500,0.231,0.000,0.769
611000,0.194,0.000,0.806
611500,0.141,0.000,0.859
612000,0.171,0.000,0.829
612500,0.251,0.000,0.749
613000,0.166,0.000,0.834
613500,0.138,0.000,0.862
614000,0.135,0.000,0.865
614500,0.143,0.001,0.856
615000,0.164,0.000,0.836
615500,0.213,0.000,0.787
616000,0.134,0.000,0.866
616500,0.212,0.000,0.788
617000,0.220,0.000,0.780
617500,0.244,0.000,0.756
618000,0.159,0.000,0.841
618500,0.239,0.000,0.761
619000,0.144,0.000,0.856
619500,0.215,0.000,0.785
620000,0.182,0.000,0.818
620500,0.123,0.000,0.877
621000,0.202,0.000,0.798
621500,0.311,0.000,0.689
622000,0.243,0.000,0.757
622500,0.134,0.000,0.866
623000,0.118,0.003,0.879
623500,0.153,0.000,0.847
624000,0.142,0.000,0.858
624500,0.126,0.000,0.874
625000,0.163,0.000,0.837
625500,0.186,0.000,0.814
626000,0.172,0.000,0.828
626500,0.158,0.000,0.842
627000,0.200,0.000,0.800
627500,0.200,0.000,0.800
628000,0.110,0.000,0.890
628500,0.140,0.016,0.844
629000,0.270,0.000,0.730
629500,0.165,0.000,0.835
630000,0.182,0.000,0.818
630500,0.252,0.000,0.748
631000,0.168,0.000,0.832
631500,0.143,0.000,0.857
632000,0.121,0.000,0.879
632500,0.180,0.000,0.820
633000,0.145,0.000,0.855
633500,0.167,0.000,0.833
634000,0.190,0.000,0.810
634500,0.190,0.000,0.810
635000,0.190,0.000,0.810
635500,0.175,0.000,0.825
636000,0.165,0.000,0.835
636500,0.267,0.000,0.733
637000,0.249,0.000,0.751
637500,0.150,0.000,0.850
638000,0.223,0.000,0.777
638500,0.142,0.000,0.858
639000,0.283,0.000,0.717
639500,0.110,0.000,0.890
640000,0.263,0.000,0.737
640500,0.250,0.000,0.750
641000,0.089,0.024,0.887
641500,0.190,0.000,0.810
642000,0.112,0.007,0.881
642500,0.227,0.000,0.773
643000,0.180,0.000,0.820
643500,0.094,0.007,0.899
644000,0.168,0.000,0.832
644500,0.137,0.000,0.863
645000,0.103,0.000,0.897
645500,0.204,0.000,0.796
646000,0.095,0.000,0.905
646500,0.208,0.000,0.792
647000,0.216,0.000,0.784
647500,0.181,0.000,0.819
648000,0.204,0.000,0.796
648500,0.122,0.000,0.878
649000,0.162,0.000,0.838
649500,0.138,0.000,0.862
650000,0.272,0.000,0.728
650500,0.101,0.000,0.899
651000,0.220,0.000,0.780
651500,0.233,0.000,0.767
652000,0.164,0.000,0.836
652500,0.165,0.000,0.835
653000,0.211,0.000,0.789
653500,0.183,0.000,0.817
654000,0.174,0.000,0.826
654500,0.254,0.000,0.746
655000,0.204,0.000,0.796
655500,0.165,0.000,0.835
656000,0.150,0.000,0.850
656500,0.104,0.000,0.896
657000,0.132,0.000,0.868
657500,0.208,0.000,0.792
658000,0.183,0.000,0.817
658500,0.089,0.030,0.881
659000,0.199,0.000,0.801
659500,0.150,0.000,0.850
660000,0.174,0.000,0.826
660500,0.172,0.000,0.828
661000,0.243,0.000,0.757
661500,0.169,0.000,0.831
662000,0.177,0.000,0.823
662500,0.169,0.000,0.831
663000,0.190,0.000,0.810
663500,0.210,0.000,0.790
664000,0.164,0.000,0.836
664500,0.116,0.004,0.880
665000,0.135,0.000,0.865
665500,0.125,0.000,0.875
666000,0.206,0.000,0.794
666500,0.201,0.000,0.799
667000,0.215,0.000,0.785
667500,0.240,0.000,0.760
668000,0.154,0.000,0.846
668500,0.158,0.000,0.842
669000,0.200,0.001,0.799
669500,0.150,0.001,0.849
670000,0.165,0.000,0.835
670500,0.156,0.000,0.844
671000,0.135,0.000,0.865
671500,0.151,0.000,0.849
672000,0.176,0.000,0.824
672500,0.200,0.000,0.800
673000,0.238,0.000,0.762
673500,0.118,0.000,0.882
674000,0.180,0.000,0.820
674500,0.220,0.000,0.780
675000,0.120,0.000,0.880
675500,0.173,0.000,0.827
676000,0.150,0.000,0.850
676500,0.147,0.000,0.853
677000,0.104,0.000,0.896
677500,0.232,0.000,0.768
678000,0.138,0.000,0.862
678500,0.173,0.000,0.827
679000,0.127,0.000,0.873
679500,0.181,0.000,0.819
680000,0.168,0.000,0.832
680500,0.289,0.000,0.711
681000,0.136,0.000,0.864
681500,0.142,0.000,0.858
682000,0.058,0.000,0.942
682500,0.255,0.000,0.745
683000,0.109,0.000,0.891
683500,0.147,0.000,0.853
684000,0.111,0.000,0.889
684500,0.160,0.000,0.840
685000,0.284,0.000,0.716
685500,0.141,0.000,0.859
686000,0.151,0.000,0.849
686500,0.190,0.000,0.810
687000,0.188,0.000,0.812
687500,0.143,0.000,0.857
688000,0.281,0.000,0.719
688500,0.162,0.000,0.838
689000,0.159,0.000,0.841
689500,0.142,0.000,0.858
690000,0.253,0.000,0.747
690500,0.244,0.000,0.756
691000,0.261,0.000,0.739
691500,0.137,0.000,0.863
692000,0.120,0.000,0.880
692500,0.199,0.000,0.801
693000,0.274,0.000,0.726
693500,0.143,0.000,0.857
694000,0.181,0.000,0.819
694500,0.181,0.000,0.819
695000,0.219,0.000,0.781
695500,0.252,0.000,0.748
696000,0.209,0.000,0.791
696500,0.182,0.000,0.818
697000,0.130,0.000,0.870
697500,0.160,0.000,0.840
698000,0.145,0.000,0.855
698500,0.201,0.000,0.799
699000,0.192,0.000,0.808
699500,0.188,0.000,0.812
700000,0.081,0.000,0.919
700500,0.167,0.000,0.833
701000,0.150,0.000,0.850
701500,0.127,0.000,0.873
702000,0.224,0.000,0.776
702500,0.232,0.000,0.768
703000,0.223,0.000,0.777
703500,0.189,0.000,0.811
704000,0.122,0.000,0.878
704500,0.165,0.000,0.835
705000,0.224,0.000,0.776
705500,0.113,0.000,0.887
706000,0.170,0.000,0.830
706500,0.209,0.000,0.791
707000,0.216,0.000,0.784
707500,0.219,0.000,0.781
708000,0.169,0.000,0.831
708500,0.214,0.000,0.786
709000,0.212,0.000,0.788
709500,0.285,0.000,0.715
710000,0.165,0.000,0.835
710500,0.154,0.000,0.846
711000,0.110,0.056,0.834
711500,0.146,0.000,0.854
712000,0.195,0.000,0.805
712500,0.199,0.000,0.801
713000,0.116,0.000,0.884
713500,0.079,0.000,0.921
714000,0.146,0.005,0.849
714500,0.138,0.000,0.862
715000,0.251,0.000,0.749
715500,0.189,0.000,0.811
716000,0.199,0.000,0.801
716500,0.097,0.000,0.903
717000,0.159,0.000,0.841
717500,0.243,0.000,0.757
718000,0.150,0.000,0.850
718500,0.186,0.000,0.814
719000,0.209,0.000,0.791
719500,0.231,0.000,0.769
720000,0.061,0.008,0.931
720500,0.176,0.000,0.824
721000,0.225,0.000,0.775
721500,0.107,0.000,0.893
722000,0.197,0.000,0.803
722500,0.142,0.000,0.858
723000,0.119,0.000,0.881
723500,0.185,0.000,0.815
724000,0.219,0.000,0.781
724500,0.204,0.000,0.796
725000,0.149,0.000,0.851
725500,0.142,0.000,0.858
726000,0.220,0.000,0.780
726500,0.125,0.000,0.875
727000,0.184,0.000,0.816
727500,0.122,0.000,0.878
728000,0.200,0.000,0.800
728500,0.106,0.000,0.894
729000,0.135,0.015,0.850
729500,0.138,0.000,0.862
730000,0.098,0.000,0.902
730500,0.132,0.000,0.868
731000,0.161,0.000,0.839
731500,0.225,0.000,0.775
732000,0.178,0.000,0.822
732500,0.193,0.000,0.807
733000,0.150,0.000,0.850
733500,0.109,0.000,0.891
734000,0.173,0.002,0.825
734500,0.098,0.000,0.902
735000,0.230,0.000,0.770
735500,0.128,0.000,0.872
736000,0.239,0.000,0.761
736500,0.130,0.000,0.870
737000,0.200,0.000,0.800
737500,0.193,0.000,0.807
738000,0.185,0.000,0.815
738500,0.201,0.000,0.799
739000,0.265,0.000,0.735
739500,0.092,0.000,0.908
740000,0.170,0.000,0.830
740500,0.132,0.000,0.868
741000,0.236,0.000,0.764
741500,0.106,0.000,0.894
742000,0.152,0.000,0.848
742500,0.215,0.000,0.785
743000,0.118,0.000,0.882
743500,0.155,0.000,0.845
744000,0.211,0.000,0.789
744500,0.093,0.000,0.907
745000,0.116,0.000,0.884
745500,0.165,0.000,0.835
746000,0.136,0.000,0.864
746500,0.173,0.000,0.827
747000,0.227,0.000,0.773
747500,0.167,0.000,0.833
748000,0.166,0.000,0.834
748500,0.138,0.000,0.862
749000,0.184,0.000,0.816
749500,0.198,0.000,0.802
750000,0.138,0.000,0.862
750500,0.186,0.000,0.814
751000,0.216,0.000,0.784
751500,0.245,0.000,0.755
752000,0.202,0.000,0.798
752500,0.150,0.000,0.850
753000,0.165,0.000,0.835
753500,0.152,0.000,0.848
754000,0.113,0.000,0.887
754500,0.122,0.000,0.878
755000,0.214,0.000,0.786
755500,0.203,0.000,0.797
756000,0.208,0.000,0.792
756500,0.188,0.000,0.812
757000,0.228,0.000,0.772
757500,0.184,0.000,0.816
758000,0.184,0.000,0.816
758500,0.183,0.000,0.817
759000,0.243,0.000,0.757
759500,0.214,0.000,0.786
760000,0.186,0.000,0.814
760500,0.168,0.000,0.832
761000,0.236,0.000,0.764
761500,0.184,0.000,0.816
762000,0.203,0.000,0.797
762500,0.218,0.000,0.782
763000,0.225,0.000,0.775
763500,0.169,0.000,0.831
764000,0.228,0.000,0.772
764500,0.180,0.000,0.820
765000,0.122,0.000,0.878
765500,0.306,0.000,0.694
766000,0.185,0.000,0.815
766500,0.259,0.000,0.741
767000,0.157,0.000,0.843
767500,0.211,0.000,0.789
768000,0.148,0.000,0.852
768500,0.136,0.000,0.864
769000,0.146,0.017,0.837
769500,0.067,0.019,0.914
770000,0.222,0.000,0.778
770500,0.097,0.000,0.903
771000,0.177,0.000,0.823
771500,0.261,0.000,0.739
772000,0.129,0.009,0.862
772500,0.175,0.000,0.825
773000,0.240,0.000,0.760
773500,0.240,0.000,0.760
774000,0.268,0.000,0.732
774500,0.101,0.000,0.899
775000,0.132,0.017,0.851
775500,0.251,0.000,0.749
776000,0.146,0.000,0.854
776500,0.264,0.000,0.736
777000,0.150,0.000,0.850
777500,0.137,0.000,0.863
778000,0.141,0.000,0.859
778500,0.153,0.000,0.847
779000,0.106,0.000,0.894
779500,0.228,0.000,0.772
780000,0.114,0.000,0.886
780500,0.094,0.000,0.906
781000,0.091,0.000,0.909
781500,0.212,0.000,0.788
782000,0.213,0.000,0.787
782500,0.156,0.000,0.844
783000,0.148,0.000,0.852
783500,0.168,0.000,0.832
784000,0.091,0.000,0.909
784500,0.146,0.000,0.854
785000,0.214,0.000,0.786
785500,0.187,0.000,0.813
786000,0.155,0.000,0.845
786500,0.201,0.000,0.799
787000,0.215,0.000,0.785
787500,0.241,0.000,0.759
788000,0.100,0.000,0.900
788500,0.163,0.000,0.837
789000,0.175,0.000,0.825
789500,0.201,0.000,0.799
790000,0.194,0.000,0.806
790500,0.187,0.000,0.813
791000,0.196,0.000,0.804
791500,0.079,0.000,0.921
792000,0.187,0.000,0.813
792500,0.220,0.000,0.780
793000,0.194,0.000,0.806
793500,0.213,0.000,0.787
794000,0.129,0.000,0.871
794500,0.122,0.000,0.878
795000,0.195,0.000,0.805
795500,0.124,0.000,0.876
796000,0.218,0.000,0.782
796500,0.140,0.000,0.860
797000,0.263,0.000,0.737
797500,0.098,0.000,0.902
798000,0.148,0.000,0.852
798500,0.167,0.000,0.833
799000,0.103,0.000,0.897
799500,0.203,0.000,0.797
800000,0.188,0.000,0.812
800500,0.192,0.000,0.808
801000,0.111,0.000,0.889
801500,0.185,0.000,0.815
802000,0.183,0.000,0.817
802500,0.164,0.000,0.836
803000,0.163,0.000,0.837
803500,0.204,0.000,0.796
804000,0.126,0.000,0.874
804500,0.147,0.000,0.853
805000,0.091,0.000,0.909
805500,0.074,0.025,0.901
806000,0.112,0.000,0.888
806500,0.138,0.000,0.862
807000,0.216,0.000,0.784
807500,0.250,0.000,0.750
808000,0.240,0.000,0.760
808500,0.141,0.000,0.859
809000,0.160,0.000,0.840
809500,0.192,0.000,0.808
810000,0.149,0.000,0.851
810500,0.257,0.000,0.743
811000,0.138,0.000,0.862
811500,0.138,0.000,0.862
812000,0.124,0.000,0.876
812500,0.287,0.000,0.713
813000,0.239,0.000,0.761
813500,0.217,0.000,0.783
814000,0.212,0.000,0.788
814500,0.179,0.000,0.821
815000,0.208,0.000,0.792
815500,0.187,0.002,0.811
816000,0.206,0.000,0.794
816500,0.133,0.000,0.867
817000,0.143,0.000,0.857
817500,0.238,0.000,0.762
818000,0.196,0.000,0.804
818500,0.281,0.000,0.719
819000,0.113,0.000,0.887
819500,0.148,0.000,0.852
820000,0.198,0.000,0.802
820500,0.210,0.000,0.790
821000,0.129,0.000,0.871
821500,0.138,0.000,0.862
822000,0.189,0.000,0.811
822500,0.224,0.000,0.776
823000,0.147,0.000,0.853
823500,0.173,0.000,0.827
824000,0.144,0.000,0.856
824500,0.207,0.000,0.793
825000,0.212,0.000,0.788
825500,0.195,0.000,0.805
826000,0.285,0.000,0.715
826500,0.126,0.017,0.857
827000,0.183,0.000,0.817
827500,0.181,0.000,0.819
828000,0.227,0.000,0.773
828500,0.071,0.015,0.914
829000,0.200,0.000,0.800
829500,0.303,0.000,0.697
830000,0.146,0.000,0.854
830500,0.208,0.000,0.792
831000,0.156,0.003,0.841
831500,0.143,0.000,0.857
832000,0.231,0.000,0.769
832500,0.317,0.000,0.683
833000,0.144,0.000,0.856
833500,0.124,0.000,0.876
834000,0.146,0.000,0.854
834500,0.157,0.000,0.843
835000,0.132,0.000,0.868
835500,0.119,0.000,0.881
836000,0.149,0.025,0.826
836500,0.198,0.000,0.802
837000,0.191,0.000,0.809
837500,0.212,0.000,0.788
838000,0.143,0.000,0.857
838500,0.128,0.000,0.872
839000,0.141,0.000,0.859
839500,0.127,0.000,0.873
840000,0.151,0.000,0.849
840500,0.126,0.000,0.874
841000,0.202,0.000,0.798
841500,0.203,0.000,0.797
842000,0.120,0.000,0.880
842500,0.072,0.000,0.928
843000,0.209,0.000,0.791
843500,0.172,0.000,0.828
844000,0.127,0.000,0.873
844500,0.278,0.000,0.722
845000,0.167,0.000,0.833
845500,0.215,0.000,0.785
846000,0.258,0.000,0.742
846500,0.205,0.000,0.795
847000,0.132,0.000,0.868
847500,0.121,0.000,0.879
848000,0.144,0.000,0.856
848500,0.188,0.000,0.812
849000,0.176,0.000,0.824
849500,0.206,0.000,0.794
850000,0.298,0.000,0.702
850500,0.099,0.000,0.901
851000,0.153,0.000,0.847
851500,0.166,0.000,0.834
852000,0.156,0.000,0.844
852500,0.145,0.000,0.855
853000,0.164,0.000,0.836
853500,0.216,0.000,0.784
854000,0.167,0.023,0.810
854500,0.132,0.000,0.868
855000,0.197,0.000,0.803
855500,0.162,0.000,0.838
856000,0.180,0.000,0.820
856500,0.135,0.007,0.858
857000,0.154,0.000,0.846
857500,0.203,0.000,0.797
858000,0.174,0.000,0.826
858500,0.141,0.000,0.859
859000,0.140,0.000,0.860
859500,0.159,0.000,0.841
860000,0.123,0.000,0.877
860500,0.161,0.000,0.839
861000,0.134,0.000,0.866
861500,0.207,0.000,0.793
862000,0.123,0.000,0.877
862500,0.095,0.003,0.902
863000,0.111,0.000,0.889
863500,0.221,0.000,0.779
864000,0.163,0.000,0.837
864500,0.170,0.000,0.830
865000,0.196,0.000,0.804
865500,0.135,0.000,0.865
866000,0.095,0.000,0.905
866500,0.127,0.000,0.873
867000,0.274,0.000,0.726
867500,0.098,0.000,0.902
868000,0.125,0.000,0.875
868500,0.104,0.000,0.896
869000,0.227,0.000,0.773
869500,0.226,0.000,0.774
870000,0.134,0.000,0.866
870500,0.227,0.000,0.773
871000,0.293,0.000,0.707
871500,0.130,0.000,0.870
872000,0.186,0.000,0.814
872500,0.223,0.000,0.777
873000,0.203,0.000,0.797
873500,0.214,0.000,0.786
874000,0.185,0.000,0.815
874500,0.177,0.000,0.823
875000,0.272,0.000,0.728
875500,0.173,0.000,0.827
876000,0.165,0.000,0.835
876500,0.136,0.000,0.864
877000,0.103,0.000,0.897
877500,0.118,0.000,0.882
878000,0.073,0.020,0.907
878500,0.179,0.000,0.821
879000,0.224,0.000,0.776
879500,0.161,0.000,0.839
880000,0.148,0.000,0.852
880500,0.065,0.013,0.922
881000,0.250,0.000,0.750
881500,0.131,0.000,0.869
882000,0.159,0.000,0.841
882500,0.189,0.000,0.811
883000,0.230,0.000,0.770
883500,0.139,0.000,0.861
884000,0.195,0.000,0.805
884500,0.148,0.000,0.852
885000,0.227,0.000,0.773
885500,0.160,0.001,0.839
886000,0.163,0.000,0.837
886500,0.150,0.000,0.850
887000,0.191,0.000,0.809
887500,0.284,0.000,0.716
888000,0.130,0.002,0.868
888500,0.183,0.000,0.817
889000,0.110,0.000,0.890
889500,0.139,0.000,0.861
890000,0.161,0.000,0.839
890500,0.115,0.000,0.885
891000,0.247,0.000,0.753
891500,0.142,0.000,0.858
892000,0.212,0.000,0.788
892500,0.169,0.000,0.831
893000,0.230,0.000,0.770
893500,0.227,0.000,0.773
894000,0.193,0.000,0.807
894500,0.237,0.000,0.763
895000,0.271,0.000,0.729
895500,0.239,0.000,0.761
896000,0.116,0.000,0.884
896500,0.141,0.000,0.859
897000,0.172,0.000,0.828
897500,0.224,0.000,0.776
898000,0.164,0.000,0.836
898500,0.113,0.000,0.887
899000,0.196,0.000,0.804
899500,0.189,0.000,0.811
900000,0.166,0.000,0.834
900500,0.147,0.000,0.853
901000,0.099,0.000,0.901
901500,0.142,0.000,0.858
902000,0.116,0.000,0.884
902500,0.229,0.000,0.771
903000,0.174,0.000,0.826
903500,0.112,0.000,0.888
904000,0.236,0.000,0.764
904500,0.112,0.000,0.888
905000,0.207,0.000,0.793
905500,0.159,0.000,0.841
906000,0.170,0.000,0.830
906500,0.147,0.000,0.853
907000,0.146,0.000,0.854
907500,0.109,0.000,0.891
908000,0.169,0.000,0.831
908500,0.133,0.000,0.867
909000,0.189,0.000,0.811
909500,0.145,0.000,0.855
910000,0.287,0.000,0.713
910500,0.208,0.000,0.792
911000,0.136,0.000,0.864
911500,0.153,0.000,0.847
912000,0.138,0.000,0.862
912500,0.163,0.000,0.837
913000,0.127,0.000,0.873
913500,0.133,0.000,0.867
914000,0.123,0.027,0.850
914500,0.200,0.000,0.800
915000,0.181,0.000,0.819
915500,0.176,0.000,0.824
916000,0.173,0.000,0.827
916500,0.148,0.000,0.852
917000,0.060,0.000,0.940
917500,0.218,0.000,0.782
918000,0.187,0.000,0.813
918500,0.190,0.000,0.810
919000,0.082,0.031,0.887
919500,0.148,0.000,0.852
920000,0.136,0.000,0.864
920500,0.208,0.000,0.792
921000,0.123,0.000,0.877
921500,0.290,0.000,0.710
922000,0.071,0.003,0.926
922500,0.163,0.000,0.837
923000,0.168,0.000,0.832
923500,0.102,0.000,0.898
924000,0.181,0.000,0.819
924500,0.146,0.000,0.854
925000,0.133,0.000,0.867
925500,0.173,0.000,0.827
926000,0.189,0.000,0.811
926500,0.122,0.000,0.878
927000,0.304,0.000,0.696
927500,0.186,0.000,0.814
928000,0.196,0.000,0.804
928500,0.173,0.018,0.809
929000,0.153,0.000,0.847
929500,0.209,0.000,0.791
930000,0.090,0.000,0.910
930500,0.165,0.000,0.835
931000,0.195,0.000,0.805
931500,0.157,0.000,0.843
932000,0.141,0.000,0.859
932500,0.186,0.000,0.814
933000,0.200,0.000,0.800
933500,0.210,0.000,0.790
934000,0.155,0.000,0.845
934500,0.163,0.000,0.837
935000,0.149,0.000,0.851
935500,0.114,0.000,0.886
936000,0.182,0.000,0.818
936500,0.223,0.000,0.777
937000,0.119,0.000,0.881
937500,0.186,0.000,0.814
938000,0.176,0.000,0.824
938500,0.159,0.000,0.841
939000,0.308,0.000,0.692
939500,0.234,0.000,0.766
940000,0.265,0.000,0.735
940500,0.087,0.000,0.913
941000,0.314,0.000,0.686
941500,0.128,0.016,0.856
942000,0.213,0.000,0.787
942500,0.138,0.000,0.862
943000,0.192,0.000,0.808
943500,0.190,0.000,0.810
944000,0.179,0.000,0.821
944500,0.209,0.000,0.791
945000,0.181,0.000,0.819
945500,0.142,0.000,0.858
946000,0.165,0.000,0.835
946500,0.130,0.000,0.870
947000,0.128,0.000,0.872
947500,0.265,0.000,0.735
948000,0.125,0.000,0.875
948500,0.225,0.000,0.775
949000,0.180,0.000,0.820
949500,0.112,0.000,0.888
950000,0.122,0.000,0.878
950500,0.152,0.000,0.848
951000,0.106,0.000,0.894
951500,0.330,0.000,0.670
952000,0.153,0.000,0.847
952500,0.153,0.000,0.847
953000,0.142,0.000,0.858
953500,0.143,0.001,0.856
954000,0.227,0.000,0.773
954500,0.133,0.000,0.867
955000,0.121,0.000,0.879
955500,0.154,0.000,0.846
956000,0.191,0.000,0.809
956500,0.088,0.000,0.912
957000,0.241,0.000,0.759
957500,0.169,0.000,0.831
958000,0.163,0.000,0.837
958500,0.175,0.000,0.825
959000,0.132,0.000,0.868
959500,0.258,0.000,0.742
960000,0.167,0.000,0.833
960500,0.142,0.000,0.858
961000,0.109,0.000,0.891
961500,0.271,0.000,0.729
962000,0.184,0.000,0.816
962500,0.194,0.000,0.806
963000,0.183,0.000,0.817
963500,0.161,0.000,0.839
964000,0.171,0.000,0.829
964500,0.214,0.000,0.786
965000,0.275,0.000,0.725
965500,0.175,0.000,0.825
966000,0.230,0.000,0.770
966500,0.192,0.000,0.808
967000,0.171,0.000,0.829
967500,0.150,0.000,0.850
968000,0.185,0.000,0.815
968500,0.165,0.000,0.835
969000,0.097,0.000,0.903
969500,0.124,0.000,0.876
970000,0.201,0.000,0.799
970500,0.066,0.000,0.934
971000,0.184,0.000,0.816
971500,0.163,0.000,0.837
972000,0.132,0.000,0.868
972500,0.193,0.002,0.805
973000,0.135,0.000,0.865
973500,0.113,0.000,0.887
974000,0.215,0.000,0.785
974500,0.227,0.000,0.773
975000,0.205,0.000,0.795
975500,0.135,0.000,0.865
976000,0.119,0.000,0.881
976500,0.136,0.000,0.864
977000,0.124,0.000,0.876
977500,0.176,0.000,0.824
978000,0.266,0.000,0.734
978500,0.167,0.000,0.833
979000,0.140,0.025,0.835
979500,0.143,0.000,0.857
980000,0.136,0.000,0.864
980500,0.182,0.000,0.818
981000,0.144,0.000,0.856
981500,0.132,0.000,0.868
982000,0.228,0.000,0.772
982500,0.100,0.015,0.885
983000,0.100,0.000,0.900
983500,0.196,0.000,0.804
984000,0.175,0.000,0.825
984500,0.166,0.000,0.834
985000,0.218,0.000,0.782
985500,0.150,0.000,0.850
986000,0.223,0.000,0.777
986500,0.156,0.000,0.844
987000,0.162,0.000,0.838
987500,0.226,0.000,0.774
988000,0.156,0.000,0.844
988500,0.071,0.005,0.924
989000,0.241,0.000,0.759
989500,0.235,0.000,0.765
990000,0.141,0.000,0.859
990500,0.081,0.000,0.919
991000,0.139,0.000,0.861
991500,0.212,0.000,0.788
992000,0.166,0.000,0.834
992500,0.158,0.000,0.842
993000,0.237,0.000,0.763
993500,0.120,0.000,0.880
994000,0.184,0.000,0.816
994500,0.149,0.000,0.851
995000,0.092,0.000,0.908
995500,0.190,0.000,0.810
996000,0.093,0.002,0.905
996500,0.214,0.000,0.786
997000,0.175,0.000,0.825
997500,0.094,0.000,0.906
998000,0.122,0.000,0.878
998500,0.088,0.000,0.912
999000,0.141,0.000,0.859
999500,0.151,0.000,0.849
1000000,0.231,0.000,0.769
