time,n_A+p,n_B,n_AB,avg_entropy_simp
500,0.030,0.907,0.063,0.228255
1000,0.030,0.905,0.065,0.194630
1500,0.030,0.862,0.108,0.314392
2000,0.031,0.770,0.199,0.401134
2500,0.034,0.725,0.242,0.524977
3000,0.033,0.780,0.187,0.383144
3500,0.031,0.791,0.178,0.338875
4000,0.030,0.748,0.222,0.375157
4500,0.031,0.764,0.205,0.318089
5000,0.031,0.733,0.236,0.378957
5500,0.033,0.702,0.265,0.386411
6000,0.033,0.666,0.301,0.374173
6500,0.035,0.669,0.296,0.450390
7000,0.034,0.627,0.339,0.473606
7500,0.036,0.655,0.308,0.433297
8000,0.034,0.630,0.335,0.435769
8500,0.035,0.591,0.374,0.483551
9000,0.031,0.639,0.329,0.387895
9500,0.040,0.586,0.375,0.478453
10000,0.042,0.550,0.407,0.451660
10500,0.041,0.577,0.382,0.389894
11000,0.040,0.590,0.370,0.416164
11500,0.043,0.559,0.398,0.500620
12000,0.044,0.543,0.413,0.501040
12500,0.040,0.478,0.483,0.499484
13000,0.044,0.454,0.502,0.577959
13500,0.040,0.485,0.476,0.518335
14000,0.040,0.455,0.505,0.551917
14500,0.037,0.552,0.411,0.453386
15000,0.037,0.561,0.402,0.488083
15500,0.037,0.579,0.384,0.458996
16000,0.036,0.602,0.363,0.387733
16500,0.037,0.587,0.377,0.448383
17000,0.041,0.537,0.423,0.425684
17500,0.036,0.612,0.353,0.382002
18000,0.040,0.585,0.375,0.429318
18500,0.039,0.551,0.410,0.399387
19000,0.039,0.572,0.389,0.447309
19500,0.041,0.565,0.394,0.403008
20000,0.041,0.545,0.414,0.418535
20500,0.038,0.600,0.362,0.386989
21000,0.038,0.588,0.374,0.465222
21500,0.040,0.554,0.406,0.485462
22000,0.041,0.615,0.344,0.407257
22500,0.038,0.575,0.387,0.514842
23000,0.033,0.587,0.380,0.508334
23500,0.038,0.601,0.360,0.539528
24000,0.034,0.647,0.320,0.479529
24500,0.035,0.602,0.363,0.531049
25000,0.034,0.612,0.354,0.516464
25500,0.036,0.654,0.311,0.452900
26000,0.033,0.668,0.299,0.378354
26500,0.035,0.643,0.322,0.369423
27000,0.032,0.591,0.377,0.395024
27500,0.033,0.610,0.357,0.380790
28000,0.034,0.612,0.354,0.448595
28500,0.036,0.556,0.407,0.468120
29000,0.040,0.529,0.431,0.464129
29500,0.038,0.549,0.413,0.393413
30000,0.036,0.608,0.356,0.375231
30500,0.034,0.584,0.381,0.429733
31000,0.037,0.618,0.345,0.420359
31500,0.034,0.630,0.336,0.418415
32000,0.035,0.638,0.327,0.393464
32500,0.037,0.659,0.304,0.406096
33000,0.032,0.679,0.289,0.351695
33500,0.034,0.651,0.314,0.533096
34000,0.037,0.686,0.277,0.408862
34500,0.031,0.657,0.312,0.386078
35000,0.031,0.659,0.309,0.374633
35500,0.031,0.620,0.349,0.506636
36000,0.033,0.655,0.313,0.447940
36500,0.034,0.725,0.241,0.353385
37000,0.031,0.677,0.292,0.513180
37500,0.031,0.664,0.305,0.438476
38000,0.031,0.679,0.290,0.441034
38500,0.031,0.678,0.290,0.357668
39000,0.036,0.624,0.341,0.375499
39500,0.033,0.617,0.350,0.437756
40000,0.036,0.655,0.309,0.398297
40500,0.033,0.649,0.318,0.375894
41000,0.036,0.684,0.281,0.334440
41500,0.033,0.650,0.317,0.391078
42000,0.036,0.682,0.283,0.369304
42500,0.035,0.635,0.330,0.431259
43000,0.034,0.626,0.340,0.425657
43500,0.033,0.643,0.324,0.404780
44000,0.036,0.626,0.338,0.437037
44500,0.037,0.607,0.356,0.431926
45000,0.040,0.600,0.360,0.462959
45500,0.038,0.632,0.329,0.410314
46000,0.035,0.619,0.346,0.403939
46500,0.040,0.590,0.370,0.480284
47000,0.042,0.562,0.396,0.530870
47500,0.037,0.629,0.334,0.372270
48000,0.034,0.663,0.303,0.365009
48500,0.032,0.657,0.311,0.360296
49000,0.035,0.633,0.332,0.416458
49500,0.035,0.634,0.331,0.369741
50000,0.037,0.599,0.364,0.414156
50500,0.045,0.575,0.380,0.432275
51000,0.041,0.545,0.414,0.418866
51500,0.041,0.553,0.406,0.452594
52000,0.047,0.554,0.399,0.495852
52500,0.038,0.628,0.334,0.455942
53000,0.041,0.611,0.349,0.455915
53500,0.037,0.573,0.390,0.518487
54000,0.040,0.583,0.377,0.401169
54500,0.041,0.622,0.337,0.403039
55000,0.041,0.573,0.386,0.532146
55500,0.039,0.526,0.435,0.539473
56000,0.039,0.564,0.397,0.478447
56500,0.041,0.585,0.374,0.386653
57000,0.044,0.589,0.367,0.396151
57500,0.047,0.530,0.423,0.574404
58000,0.051,0.446,0.503,0.564342
58500,0.048,0.470,0.482,0.459389
59000,0.044,0.467,0.488,0.574854
59500,0.044,0.560,0.396,0.565107
60000,0.040,0.573,0.386,0.520654
60500,0.038,0.595,0.366,0.500680
61000,0.045,0.555,0.400,0.486308
61500,0.040,0.531,0.429,0.518004
62000,0.042,0.509,0.449,0.541617
62500,0.049,0.477,0.474,0.575359
63000,0.045,0.507,0.448,0.539689
63500,0.039,0.477,0.484,0.577122
64000,0.037,0.586,0.377,0.496381
64500,0.038,0.601,0.361,0.505697
65000,0.041,0.588,0.370,0.473870
65500,0.039,0.561,0.400,0.462036
66000,0.044,0.579,0.377,0.413217
66500,0.040,0.558,0.403,0.441866
67000,0.038,0.505,0.456,0.507336
67500,0.041,0.485,0.474,0.497377
68000,0.040,0.513,0.446,0.491435
68500,0.040,0.534,0.425,0.547838
69000,0.036,0.630,0.334,0.422992
69500,0.040,0.588,0.372,0.492144
70000,0.038,0.548,0.414,0.494686
70500,0.036,0.579,0.386,0.450245
71000,0.035,0.586,0.379,0.482152
71500,0.034,0.584,0.382,0.492631
72000,0.036,0.549,0.416,0.535818
72500,0.040,0.562,0.399,0.552808
73000,0.042,0.566,0.391,0.514095
73500,0.040,0.576,0.384,0.492672
74000,0.038,0.552,0.410,0.470995
74500,0.037,0.567,0.396,0.459238
75000,0.040,0.569,0.392,0.523500
75500,0.038,0.551,0.412,0.486324
76000,0.037,0.576,0.386,0.454463
76500,0.040,0.555,0.405,0.549998
77000,0.046,0.532,0.422,0.611259
77500,0.040,0.523,0.437,0.575170
78000,0.043,0.487,0.470,0.561487
78500,0.040,0.572,0.389,0.543105
79000,0.050,0.494,0.456,0.605012
79500,0.040,0.555,0.405,0.564612
80000,0.044,0.574,0.382,0.502861
80500,0.038,0.611,0.352,0.472625
81000,0.036,0.644,0.320,0.484056
81500,0.039,0.612,0.349,0.435816
82000,0.037,0.618,0.346,0.430486
82500,0.034,0.618,0.348,0.372450
83000,0.036,0.619,0.345,0.439191
83500,0.036,0.694,0.270,0.336824
84000,0.034,0.671,0.295,0.425310
84500,0.038,0.639,0.323,0.390717
85000,0.036,0.639,0.326,0.492194
85500,0.033,0.645,0.322,0.407000
86000,0.032,0.683,0.285,0.351454
86500,0.032,0.639,0.329,0.466586
87000,0.031,0.661,0.307,0.365316
87500,0.036,0.635,0.329,0.418913
88000,0.036,0.631,0.334,0.472683
88500,0.032,0.645,0.323,0.437785
89000,0.037,0.618,0.345,0.483133
89500,0.038,0.562,0.399,0.497609
90000,0.040,0.556,0.403,0.506232
90500,0.038,0.572,0.390,0.428224
91000,0.044,0.566,0.391,0.481413
91500,0.040,0.584,0.377,0.482769
92000,0.037,0.618,0.345,0.379233
92500,0.036,0.643,0.322,0.390463
93000,0.037,0.618,0.346,0.479217
93500,0.041,0.580,0.379,0.513539
94000,0.043,0.544,0.413,0.460229
94500,0.041,0.624,0.335,0.376864
95000,0.041,0.598,0.360,0.402484
95500,0.038,0.583,0.379,0.409224
96000,0.039,0.597,0.364,0.432974
96500,0.039,0.622,0.339,0.415344
97000,0.036,0.577,0.386,0.501005
97500,0.037,0.590,0.373,0.496030
98000,0.047,0.524,0.429,0.590287
98500,0.044,0.517,0.439,0.593681
99000,0.045,0.484,0.471,0.567647
99500,0.040,0.482,0.478,0.557834
100000,0.051,0.430,0.519,0.451223
