time,n_A+p,n_B,n_AB
100,0.331,0.421,0.248
200,0.223,0.335,0.442
300,0.165,0.240,0.595
400,0.112,0.198,0.690
500,0.112,0.178,0.711
600,0.095,0.136,0.769
700,0.083,0.140,0.777
800,0.066,0.136,0.798
900,0.041,0.120,0.839
1000,0.041,0.112,0.847
1100,0.045,0.103,0.851
1200,0.033,0.103,0.864
1300,0.029,0.099,0.872
1400,0.017,0.070,0.913
1500,0.012,0.054,0.934
1600,0.029,0.045,0.926
1700,0.021,0.041,0.938
1800,0.033,0.045,0.921
1900,0.050,0.058,0.893
2000,0.041,0.045,0.913
2100,0.062,0.041,0.897
2200,0.070,0.037,0.893
2300,0.066,0.050,0.884
2400,0.045,0.070,0.884
2500,0.050,0.062,0.888
2600,0.033,0.054,0.913
2700,0.062,0.050,0.888
2800,0.054,0.045,0.901
2900,0.037,0.054,0.909
3000,0.037,0.037,0.926
3100,0.033,0.041,0.926
3200,0.029,0.037,0.934
3300,0.033,0.037,0.930
3400,0.025,0.037,0.938
3500,0.029,0.037,0.934
3600,0.021,0.041,0.938
3700,0.029,0.041,0.930
3800,0.021,0.021,0.959
3900,0.025,0.025,0.950
4000,0.033,0.025,0.942
4100,0.025,0.025,0.950
4200,0.029,0.021,0.950
4300,0.021,0.029,0.950
4400,0.017,0.029,0.955
4500,0.037,0.050,0.913
4600,0.058,0.033,0.909
4700,0.041,0.033,0.926
4800,0.045,0.037,0.917
4900,0.050,0.033,0.917
5000,0.045,0.033,0.921
5100,0.058,0.029,0.913
5200,0.058,0.029,0.913
5300,0.054,0.021,0.926
5400,0.079,0.017,0.905
5500,0.095,0.008,0.897
5600,0.079,0.012,0.909
5700,0.058,0.008,0.934
5800,0.058,0.004,0.938
5900,0.050,0.012,0.938
6000,0.033,0.037,0.930
6100,0.025,0.025,0.950
6200,0.012,0.025,0.963
6300,0.012,0.017,0.971
6400,0.021,0.012,0.967
6500,0.029,0.021,0.950
6600,0.033,0.021,0.946
6700,0.021,0.033,0.946
6800,0.029,0.037,0.934
6900,0.037,0.054,0.909
7000,0.033,0.045,0.921
7100,0.025,0.033,0.942
7200,0.050,0.021,0.930
7300,0.045,0.017,0.938
7400,0.058,0.017,0.926
7500,0.041,0.012,0.946
7600,0.029,0.017,0.955
7700,0.037,0.012,0.950
7800,0.029,0.012,0.959
7900,0.037,0.012,0.950
8000,0.045,0.025,0.930
8100,0.037,0.025,0.938
8200,0.041,0.050,0.909
8300,0.062,0.033,0.905
8400,0.045,0.054,0.901
8500,0.045,0.041,0.913
8600,0.041,0.037,0.921
8700,0.045,0.025,0.930
8800,0.050,0.025,0.926
8900,0.062,0.029,0.909
9000,0.062,0.037,0.901
9100,0.045,0.021,0.934
9200,0.029,0.012,0.959
9300,0.033,0.017,0.950
9400,0.029,0.012,0.959
9500,0.025,0.000,0.975
9600,0.012,0.012,0.975
9700,0.012,0.025,0.963
9800,0.037,0.021,0.942
9900,0.037,0.017,0.946
10000,0.041,0.008,0.950
10100,0.050,0.021,0.930
10200,0.050,0.041,0.909
10300,0.041,0.033,0.926
10400,0.033,0.037,0.930
10500,0.037,0.029,0.934
10600,0.037,0.021,0.942
10700,0.050,0.008,0.942
10800,0.050,0.004,0.946
10900,0.045,0.000,0.955
11000,0.070,0.012,0.917
11100,0.079,0.008,0.913
11200,0.058,0.012,0.930
11300,0.050,0.008,0.942
11400,0.037,0.008,0.955
11500,0.033,0.008,0.959
11600,0.045,0.004,0.950
11700,0.033,0.017,0.950
11800,0.037,0.004,0.959
11900,0.062,0.000,0.938
12000,0.054,0.000,0.946
12100,0.045,0.021,0.934
12200,0.058,0.029,0.913
12300,0.066,0.037,0.897
12400,0.074,0.041,0.884
12500,0.083,0.033,0.884
12600,0.066,0.033,0.901
12700,0.054,0.029,0.917
12800,0.050,0.029,0.921
12900,0.050,0.037,0.913
13000,0.041,0.037,0.921
13100,0.029,0.058,0.913
13200,0.029,0.070,0.901
13300,0.033,0.037,0.930
13400,0.021,0.045,0.934
13500,0.029,0.033,0.938
13600,0.041,0.021,0.938
13700,0.045,0.021,0.934
13800,0.041,0.012,0.946
13900,0.045,0.021,0.934
14000,0.037,0.025,0.938
14100,0.025,0.025,0.950
14200,0.037,0.037,0.926
14300,0.037,0.050,0.913
14400,0.037,0.029,0.934
14500,0.041,0.021,0.938
14600,0.041,0.033,0.926
14700,0.029,0.037,0.934
14800,0.017,0.041,0.942
14900,0.021,0.029,0.950
15000,0.017,0.029,0.955
15100,0.037,0.033,0.930
15200,0.037,0.025,0.938
15300,0.050,0.029,0.921
15400,0.037,0.041,0.921
15500,0.033,0.025,0.942
15600,0.037,0.017,0.946
15700,0.029,0.004,0.967
15800,0.054,0.004,0.942
15900,0.054,0.012,0.934
16000,0.045,0.012,0.942
16100,0.045,0.021,0.934
16200,0.037,0.037,0.926
16300,0.033,0.029,0.938
16400,0.062,0.041,0.897
16500,0.070,0.017,0.913
16600,0.074,0.017,0.909
16700,0.079,0.008,0.913
16800,0.050,0.017,0.934
16900,0.041,0.037,0.921
17000,0.062,0.037,0.901
17100,0.041,0.021,0.938
17200,0.025,0.021,0.955
17300,0.037,0.037,0.926
17400,0.021,0.033,0.946
17500,0.012,0.008,0.979
17600,0.008,0.008,0.983
17700,0.008,0.004,0.988
17800,0.008,0.012,0.979
17900,0.008,0.033,0.959
18000,0.021,0.050,0.930
18100,0.008,0.041,0.950
18200,0.017,0.033,0.950
18300,0.008,0.033,0.959
18400,0.037,0.025,0.938
18500,0.041,0.029,0.930
18600,0.025,0.033,0.942
18700,0.017,0.012,0.971
18800,0.017,0.012,0.971
18900,0.021,0.012,0.967
19000,0.037,0.008,0.955
19100,0.025,0.000,0.975
19200,0.029,0.017,0.955
19300,0.037,0.017,0.946
19400,0.033,0.017,0.950
19500,0.037,0.012,0.950
19600,0.037,0.012,0.950
19700,0.021,0.021,0.959
19800,0.021,0.025,0.955
19900,0.012,0.017,0.971
20000,0.008,0.008,0.983
20100,0.008,0.025,0.967
20200,0.021,0.017,0.963
20300,0.021,0.012,0.967
20400,0.037,0.017,0.946
20500,0.029,0.025,0.946
20600,0.021,0.025,0.955
20700,0.017,0.025,0.959
20800,0.008,0.029,0.963
20900,0.008,0.033,0.959
21000,0.008,0.037,0.955
21100,0.008,0.054,0.938
21200,0.004,0.079,0.917
21300,0.025,0.054,0.921
21400,0.037,0.037,0.926
21500,0.029,0.050,0.921
21600,0.012,0.041,0.946
21700,0.012,0.033,0.955
21800,0.017,0.025,0.959
21900,0.017,0.025,0.959
22000,0.021,0.012,0.967
22100,0.029,0.021,0.950
22200,0.033,0.037,0.930
22300,0.045,0.045,0.909
22400,0.025,0.029,0.946
22500,0.037,0.021,0.942
22600,0.025,0.017,0.959
22700,0.029,0.004,0.967
22800,0.012,0.017,0.971
22900,0.008,0.033,0.959
23000,0.025,0.017,0.959
23100,0.029,0.017,0.955
23200,0.025,0.025,0.950
23300,0.021,0.021,0.959
23400,0.017,0.017,0.967
23500,0.021,0.012,0.967
23600,0.041,0.021,0.938
23700,0.066,0.012,0.921
23800,0.058,0.025,0.917
23900,0.037,0.029,0.934
24000,0.045,0.017,0.938
24100,0.029,0.025,0.946
24200,0.029,0.025,0.946
24300,0.033,0.017,0.950
24400,0.025,0.041,0.934
24500,0.037,0.045,0.917
24600,0.050,0.021,0.930
24700,0.045,0.033,0.921
24800,0.037,0.029,0.934
24900,0.033,0.012,0.955
25000,0.033,0.012,0.955
25100,0.066,0.008,0.926
25200,0.058,0.008,0.934
25300,0.054,0.008,0.938
25400,0.041,0.017,0.942
25500,0.041,0.017,0.942
25600,0.021,0.021,0.959
25700,0.029,0.029,0.942
25800,0.033,0.037,0.930
25900,0.029,0.041,0.930
26000,0.033,0.050,0.917
26100,0.058,0.058,0.884
26200,0.033,0.050,0.917
26300,0.017,0.033,0.950
26400,0.008,0.017,0.975
26500,0.008,0.033,0.959
26600,0.025,0.033,0.942
26700,0.021,0.037,0.942
26800,0.008,0.033,0.959
26900,0.025,0.033,0.942
27000,0.017,0.033,0.950
27100,0.025,0.041,0.934
27200,0.017,0.033,0.950
27300,0.012,0.062,0.926
27400,0.012,0.041,0.946
27500,0.017,0.033,0.950
27600,0.017,0.033,0.950
27700,0.008,0.033,0.959
27800,0.004,0.021,0.975
27900,0.004,0.033,0.963
28000,0.000,0.041,0.959
28100,0.041,0.050,0.909
28200,0.017,0.045,0.938
28300,0.004,0.037,0.959
28400,0.004,0.029,0.967
28500,0.000,0.029,0.971
28600,0.012,0.029,0.959
28700,0.017,0.025,0.959
28800,0.012,0.029,0.959
28900,0.008,0.033,0.959
29000,0.029,0.033,0.938
29100,0.033,0.037,0.930
29200,0.029,0.029,0.942
29300,0.025,0.017,0.959
29400,0.025,0.037,0.938
29500,0.021,0.062,0.917
29600,0.025,0.058,0.917
29700,0.033,0.058,0.909
29800,0.045,0.054,0.901
29900,0.045,0.050,0.905
30000,0.041,0.029,0.930
30100,0.041,0.017,0.942
30200,0.037,0.012,0.950
30300,0.033,0.037,0.930
30400,0.041,0.041,0.917
30500,0.045,0.029,0.926
30600,0.033,0.033,0.934
30700,0.033,0.033,0.934
30800,0.029,0.025,0.946
30900,0.037,0.017,0.946
31000,0.033,0.017,0.950
31100,0.037,0.012,0.950
31200,0.054,0.012,0.934
31300,0.058,0.012,0.930
31400,0.033,0.008,0.959
31500,0.045,0.025,0.930
31600,0.041,0.012,0.946
31700,0.050,0.021,0.930
31800,0.079,0.033,0.888
31900,0.050,0.025,0.926
32000,0.041,0.004,0.955
32100,0.037,0.004,0.959
32200,0.058,0.012,0.930
32300,0.025,0.012,0.963
32400,0.029,0.021,0.950
32500,0.033,0.041,0.926
32600,0.029,0.041,0.930
32700,0.025,0.066,0.909
32800,0.029,0.054,0.917
32900,0.021,0.041,0.938
33000,0.025,0.025,0.950
33100,0.033,0.025,0.942
33200,0.025,0.025,0.950
33300,0.029,0.074,0.897
33400,0.033,0.058,0.909
33500,0.029,0.037,0.934
33600,0.037,0.033,0.930
33700,0.045,0.033,0.921
33800,0.033,0.029,0.938
33900,0.021,0.012,0.967
34000,0.021,0.037,0.942
34100,0.029,0.033,0.938
34200,0.037,0.004,0.959
34300,0.025,0.008,0.967
34400,0.025,0.004,0.971
34500,0.021,0.004,0.975
34600,0.045,0.021,0.934
34700,0.045,0.008,0.946
34800,0.037,0.008,0.955
34900,0.029,0.017,0.955
35000,0.029,0.025,0.946
35100,0.033,0.021,0.946
35200,0.025,0.021,0.955
35300,0.029,0.058,0.913
35400,0.021,0.045,0.934
35500,0.029,0.037,0.934
35600,0.033,0.029,0.938
35700,0.037,0.021,0.942
35800,0.041,0.025,0.934
35900,0.029,0.017,0.955
36000,0.025,0.017,0.959
36100,0.025,0.021,0.955
36200,0.021,0.017,0.963
36300,0.037,0.012,0.950
36400,0.029,0.021,0.950
36500,0.017,0.029,0.955
36600,0.021,0.025,0.955
36700,0.029,0.021,0.950
36800,0.029,0.033,0.938
36900,0.021,0.029,0.950
37000,0.025,0.021,0.955
37100,0.017,0.017,0.967
37200,0.017,0.012,0.971
37300,0.012,0.012,0.975
37400,0.008,0.029,0.963
37500,0.033,0.054,0.913
37600,0.033,0.054,0.913
37700,0.062,0.041,0.897
37800,0.054,0.029,0.917
37900,0.054,0.017,0.930
38000,0.041,0.017,0.942
38100,0.045,0.017,0.938
38200,0.066,0.017,0.917
38300,0.054,0.017,0.930
38400,0.041,0.012,0.946
38500,0.050,0.021,0.930
38600,0.050,0.021,0.930
38700,0.041,0.041,0.917
38800,0.029,0.029,0.942
38900,0.037,0.041,0.921
39000,0.054,0.033,0.913
39100,0.041,0.033,0.926
39200,0.041,0.033,0.926
39300,0.037,0.029,0.934
39400,0.050,0.029,0.921
39500,0.037,0.037,0.926
39600,0.033,0.050,0.917
39700,0.021,0.054,0.926
39800,0.012,0.037,0.950
39900,0.012,0.041,0.946
40000,0.021,0.054,0.926
40100,0.029,0.041,0.930
40200,0.058,0.041,0.901
40300,0.041,0.050,0.909
40400,0.025,0.041,0.934
40500,0.029,0.041,0.930
40600,0.012,0.029,0.959
40700,0.021,0.029,0.950
40800,0.033,0.037,0.930
40900,0.025,0.045,0.930
41000,0.017,0.062,0.921
41100,0.012,0.045,0.942
41200,0.017,0.037,0.946
41300,0.012,0.033,0.955
41400,0.004,0.029,0.967
41500,0.017,0.025,0.959
41600,0.012,0.025,0.963
41700,0.017,0.017,0.967
41800,0.033,0.050,0.917
41900,0.029,0.041,0.930
42000,0.029,0.062,0.909
42100,0.017,0.050,0.934
42200,0.017,0.050,0.934
42300,0.041,0.066,0.893
42400,0.033,0.070,0.897
42500,0.021,0.070,0.909
42600,0.021,0.062,0.917
42700,0.029,0.054,0.917
42800,0.058,0.050,0.893
42900,0.050,0.054,0.897
43000,0.062,0.041,0.897
43100,0.058,0.045,0.897
43200,0.058,0.050,0.893
43300,0.050,0.045,0.905
43400,0.037,0.037,0.926
43500,0.045,0.037,0.917
43600,0.041,0.058,0.901
43700,0.054,0.041,0.905
43800,0.058,0.058,0.884
43900,0.050,0.041,0.909
44000,0.058,0.045,0.897
44100,0.054,0.045,0.901
44200,0.041,0.045,0.913
44300,0.054,0.025,0.921
44400,0.066,0.025,0.909
44500,0.050,0.033,0.917
44600,0.054,0.025,0.921
44700,0.058,0.029,0.913
44800,0.050,0.033,0.917
44900,0.037,0.041,0.921
45000,0.029,0.041,0.930
45100,0.033,0.045,0.921
45200,0.033,0.041,0.926
45300,0.029,0.033,0.938
45400,0.025,0.045,0.930
45500,0.029,0.041,0.930
45600,0.025,0.058,0.917
45700,0.029,0.054,0.917
45800,0.025,0.054,0.921
45900,0.041,0.054,0.905
46000,0.045,0.050,0.905
46100,0.029,0.045,0.926
46200,0.029,0.041,0.930
46300,0.029,0.025,0.946
46400,0.037,0.025,0.938
46500,0.037,0.017,0.946
46600,0.045,0.025,0.930
46700,0.037,0.021,0.942
46800,0.037,0.017,0.946
46900,0.041,0.017,0.942
47000,0.037,0.004,0.959
47100,0.029,0.017,0.955
47200,0.037,0.029,0.934
47300,0.045,0.025,0.930
47400,0.041,0.025,0.934
47500,0.050,0.041,0.909
47600,0.054,0.029,0.917
47700,0.045,0.037,0.917
47800,0.037,0.041,0.921
47900,0.041,0.017,0.942
48000,0.045,0.029,0.926
48100,0.025,0.021,0.955
48200,0.033,0.017,0.950
48300,0.033,0.017,0.950
48400,0.021,0.017,0.963
48500,0.029,0.017,0.955
48600,0.021,0.012,0.967
48700,0.017,0.017,0.967
48800,0.021,0.021,0.959
48900,0.029,0.025,0.946
49000,0.025,0.045,0.930
49100,0.037,0.045,0.917
49200,0.050,0.041,0.909
49300,0.050,0.029,0.921
49400,0.054,0.021,0.926
49500,0.041,0.017,0.942
49600,0.041,0.037,0.921
49700,0.033,0.025,0.942
49800,0.029,0.029,0.942
49900,0.021,0.017,0.963
50000,0.021,0.033,0.946
50100,0.017,0.021,0.963
50200,0.008,0.029,0.963
50300,0.008,0.033,0.959
50400,0.008,0.021,0.971
50500,0.017,0.025,0.959
50600,0.008,0.017,0.975
50700,0.021,0.021,0.959
50800,0.021,0.025,0.955
50900,0.017,0.045,0.938
51000,0.017,0.033,0.950
51100,0.017,0.029,0.955
51200,0.021,0.029,0.950
51300,0.017,0.012,0.971
51400,0.025,0.008,0.967
51500,0.041,0.025,0.934
51600,0.033,0.012,0.955
51700,0.021,0.021,0.959
51800,0.012,0.033,0.955
51900,0.008,0.029,0.963
52000,0.000,0.037,0.963
52100,0.017,0.041,0.942
52200,0.017,0.045,0.938
52300,0.017,0.054,0.930
52400,0.008,0.054,0.938
52500,0.004,0.054,0.942
52600,0.017,0.033,0.950
52700,0.025,0.045,0.930
52800,0.021,0.029,0.950
52900,0.021,0.033,0.946
53000,0.025,0.033,0.942
53100,0.025,0.021,0.955
53200,0.050,0.021,0.930
53300,0.041,0.021,0.938
53400,0.029,0.017,0.955
53500,0.021,0.025,0.955
53600,0.012,0.025,0.963
53700,0.025,0.050,0.926
53800,0.029,0.029,0.942
53900,0.050,0.025,0.926
54000,0.037,0.012,0.950
54100,0.050,0.021,0.930
54200,0.045,0.041,0.913
54300,0.029,0.029,0.942
54400,0.021,0.012,0.967
54500,0.029,0.045,0.926
54600,0.025,0.037,0.938
54700,0.025,0.037,0.938
54800,0.033,0.029,0.938
54900,0.041,0.017,0.942
55000,0.037,0.025,0.938
55100,0.041,0.037,0.921
55200,0.021,0.054,0.926
55300,0.021,0.037,0.942
55400,0.021,0.037,0.942
55500,0.025,0.045,0.930
55600,0.029,0.041,0.930
55700,0.033,0.045,0.921
55800,0.037,0.054,0.909
55900,0.033,0.050,0.917
56000,0.066,0.041,0.893
56100,0.074,0.017,0.909
56200,0.066,0.025,0.909
56300,0.045,0.021,0.934
56400,0.045,0.033,0.921
56500,0.033,0.025,0.942
56600,0.037,0.012,0.950
56700,0.033,0.008,0.959
56800,0.037,0.008,0.955
56900,0.017,0.004,0.979
57000,0.021,0.004,0.975
57100,0.012,0.000,0.988
57200,0.017,0.000,0.983
57300,0.041,0.000,0.959
57400,0.045,0.000,0.955
57500,0.054,0.000,0.946
57600,0.054,0.000,0.946
57700,0.058,0.000,0.942
57800,0.041,0.008,0.950
57900,0.062,0.004,0.934
58000,0.045,0.000,0.955
58100,0.029,0.025,0.946
58200,0.021,0.021,0.959
58300,0.021,0.012,0.967
58400,0.017,0.012,0.971
58500,0.017,0.021,0.963
58600,0.012,0.058,0.930
58700,0.017,0.058,0.926
58800,0.017,0.062,0.921
58900,0.017,0.062,0.921
59000,0.012,0.054,0.934
59100,0.012,0.041,0.946
59200,0.008,0.045,0.946
59300,0.025,0.041,0.934
59400,0.021,0.045,0.934
59500,0.017,0.054,0.930
59600,0.045,0.033,0.921
59700,0.033,0.029,0.938
59800,0.045,0.017,0.938
59900,0.037,0.017,0.946
60000,0.037,0.012,0.950
60100,0.033,0.017,0.950
60200,0.021,0.017,0.963
60300,0.012,0.021,0.967
60400,0.021,0.025,0.955
60500,0.041,0.033,0.926
60600,0.033,0.029,0.938
60700,0.041,0.021,0.938
60800,0.029,0.033,0.938
60900,0.033,0.029,0.938
61000,0.029,0.025,0.946
61100,0.029,0.025,0.946
61200,0.025,0.033,0.942
61300,0.033,0.025,0.942
61400,0.025,0.029,0.946
61500,0.021,0.029,0.950
61600,0.029,0.029,0.942
61700,0.025,0.021,0.955
61800,0.025,0.021,0.955
61900,0.012,0.012,0.975
62000,0.012,0.021,0.967
62100,0.012,0.008,0.979
62200,0.017,0.012,0.971
62300,0.017,0.008,0.975
62400,0.008,0.008,0.983
62500,0.008,0.004,0.988
62600,0.029,0.021,0.950
62700,0.029,0.017,0.955
62800,0.021,0.021,0.959
62900,0.033,0.017,0.950
63000,0.045,0.017,0.938
63100,0.054,0.021,0.926
63200,0.054,0.025,0.921
63300,0.045,0.021,0.934
63400,0.033,0.008,0.959
63500,0.041,0.012,0.946
63600,0.025,0.008,0.967
63700,0.029,0.021,0.950
63800,0.025,0.008,0.967
63900,0.025,0.008,0.967
64000,0.017,0.017,0.967
64100,0.021,0.041,0.938
64200,0.012,0.054,0.934
64300,0.012,0.050,0.938
64400,0.008,0.070,0.921
64500,0.008,0.058,0.934
64600,0.008,0.062,0.930
64700,0.017,0.050,0.934
64800,0.017,0.074,0.909
64900,0.033,0.058,0.909
65000,0.029,0.045,0.926
65100,0.017,0.050,0.934
65200,0.017,0.045,0.938
65300,0.021,0.045,0.934
65400,0.029,0.033,0.938
65500,0.017,0.025,0.959
65600,0.012,0.033,0.955
65700,0.021,0.050,0.930
65800,0.017,0.079,0.905
65900,0.017,0.083,0.901
66000,0.008,0.074,0.917
66100,0.012,0.054,0.934
66200,0.008,0.054,0.938
66300,0.004,0.054,0.942
66400,0.021,0.058,0.921
66500,0.033,0.033,0.934
66600,0.029,0.037,0.934
66700,0.029,0.033,0.938
66800,0.029,0.033,0.938
66900,0.029,0.037,0.934
67000,0.017,0.021,0.963
67100,0.008,0.021,0.971
67200,0.004,0.017,0.979
67300,0.004,0.033,0.963
67400,0.025,0.017,0.959
67500,0.021,0.029,0.950
67600,0.033,0.021,0.946
67700,0.025,0.012,0.963
67800,0.012,0.008,0.979
67900,0.000,0.008,0.992
68000,0.008,0.004,0.988
68100,0.012,0.021,0.967
68200,0.012,0.025,0.963
68300,0.025,0.017,0.959
68400,0.025,0.004,0.971
68500,0.033,0.029,0.938
68600,0.041,0.021,0.938
68700,0.033,0.012,0.955
68800,0.029,0.017,0.955
68900,0.045,0.008,0.946
69000,0.037,0.004,0.959
69100,0.025,0.012,0.963
69200,0.045,0.004,0.950
69300,0.054,0.000,0.946
69400,0.058,0.012,0.930
69500,0.045,0.012,0.942
69600,0.058,0.008,0.934
69700,0.050,0.008,0.942
69800,0.054,0.017,0.930
69900,0.029,0.008,0.963
70000,0.025,0.008,0.967
70100,0.029,0.008,0.963
70200,0.054,0.008,0.938
70300,0.041,0.004,0.955
70400,0.037,0.012,0.950
70500,0.025,0.025,0.950
70600,0.033,0.033,0.934
70700,0.021,0.045,0.934
70800,0.029,0.029,0.942
70900,0.021,0.021,0.959
71000,0.021,0.029,0.950
71100,0.033,0.017,0.950
71200,0.045,0.012,0.942
71300,0.041,0.021,0.938
71400,0.041,0.025,0.934
71500,0.025,0.017,0.959
71600,0.033,0.021,0.946
71700,0.029,0.021,0.950
71800,0.029,0.012,0.959
71900,0.029,0.037,0.934
72000,0.021,0.045,0.934
72100,0.021,0.037,0.942
72200,0.021,0.025,0.955
72300,0.029,0.041,0.930
72400,0.029,0.066,0.905
72500,0.012,0.062,0.926
72600,0.012,0.058,0.930
72700,0.012,0.037,0.950
72800,0.008,0.045,0.946
72900,0.008,0.041,0.950
73000,0.008,0.054,0.938
73100,0.012,0.070,0.917
73200,0.008,0.050,0.942
73300,0.008,0.070,0.921
73400,0.004,0.062,0.934
73500,0.008,0.066,0.926
73600,0.008,0.050,0.942
73700,0.008,0.062,0.930
73800,0.021,0.050,0.930
73900,0.017,0.041,0.942
74000,0.012,0.025,0.963
74100,0.025,0.021,0.955
74200,0.017,0.029,0.955
74300,0.008,0.025,0.967
74400,0.008,0.033,0.959
74500,0.004,0.025,0.971
74600,0.025,0.021,0.955
74700,0.037,0.017,0.946
74800,0.029,0.017,0.955
74900,0.021,0.012,0.967
75000,0.012,0.025,0.963
75100,0.033,0.025,0.942
75200,0.025,0.029,0.946
75300,0.017,0.025,0.959
75400,0.004,0.012,0.983
75500,0.004,0.029,0.967
75600,0.000,0.033,0.967
75700,0.012,0.041,0.946
75800,0.033,0.054,0.913
75900,0.033,0.050,0.917
76000,0.045,0.050,0.905
76100,0.041,0.045,0.913
76200,0.041,0.050,0.909
76300,0.029,0.037,0.934
76400,0.037,0.037,0.926
76500,0.029,0.025,0.946
76600,0.025,0.037,0.938
76700,0.021,0.033,0.946
76800,0.029,0.045,0.926
76900,0.029,0.037,0.934
77000,0.033,0.033,0.934
77100,0.012,0.058,0.930
77200,0.021,0.041,0.938
77300,0.012,0.041,0.946
77400,0.008,0.041,0.950
77500,0.008,0.041,0.950
77600,0.021,0.050,0.930
77700,0.017,0.025,0.959
77800,0.021,0.025,0.955
77900,0.021,0.017,0.963
78000,0.037,0.058,0.905
78100,0.045,0.058,0.897
78200,0.033,0.045,0.921
78300,0.041,0.083,0.876
78400,0.045,0.066,0.888
78500,0.050,0.054,0.897
78600,0.054,0.058,0.888
78700,0.041,0.054,0.905
78800,0.045,0.033,0.921
78900,0.033,0.037,0.930
79000,0.017,0.033,0.950
79100,0.025,0.050,0.926
79200,0.037,0.037,0.926
79300,0.033,0.037,0.930
79400,0.017,0.037,0.946
79500,0.017,0.045,0.938
79600,0.008,0.062,0.930
79700,0.029,0.062,0.909
79800,0.033,0.066,0.901
79900,0.021,0.062,0.917
80000,0.008,0.062,0.930
80100,0.008,0.054,0.938
80200,0.008,0.045,0.946
80300,0.037,0.054,0.909
80400,0.050,0.050,0.901
80500,0.041,0.041,0.917
80600,0.058,0.033,0.909
80700,0.041,0.054,0.905
80800,0.050,0.041,0.909
80900,0.037,0.041,0.921
81000,0.037,0.066,0.897
81100,0.050,0.066,0.884
81200,0.050,0.058,0.893
81300,0.058,0.054,0.888
81400,0.062,0.029,0.909
81500,0.058,0.025,0.917
81600,0.045,0.025,0.930
81700,0.033,0.012,0.955
81800,0.029,0.012,0.959
81900,0.021,0.012,0.967
82000,0.017,0.017,0.967
82100,0.025,0.017,0.959
82200,0.033,0.037,0.930
82300,0.029,0.025,0.946
82400,0.029,0.021,0.950
82500,0.054,0.012,0.934
82600,0.037,0.021,0.942
82700,0.070,0.045,0.884
82800,0.087,0.033,0.880
82900,0.083,0.058,0.860
83000,0.050,0.045,0.905
83100,0.037,0.041,0.921
83200,0.037,0.037,0.926
83300,0.025,0.033,0.942
83400,0.033,0.025,0.942
83500,0.029,0.045,0.926
83600,0.029,0.029,0.942
83700,0.012,0.033,0.955
83800,0.012,0.033,0.955
83900,0.017,0.037,0.946
84000,0.025,0.017,0.959
84100,0.025,0.012,0.963
84200,0.029,0.021,0.950
84300,0.021,0.025,0.955
84400,0.025,0.025,0.950
84500,0.021,0.017,0.963
84600,0.025,0.021,0.955
84700,0.021,0.017,0.963
84800,0.012,0.017,0.971
84900,0.017,0.017,0.967
85000,0.012,0.012,0.975
85100,0.021,0.012,0.967
85200,0.025,0.008,0.967
85300,0.029,0.004,0.967
85400,0.025,0.012,0.963
85500,0.041,0.008,0.950
85600,0.033,0.033,0.934
85700,0.025,0.041,0.934
85800,0.012,0.050,0.938
85900,0.021,0.058,0.921
86000,0.025,0.054,0.921
86100,0.012,0.062,0.926
86200,0.021,0.050,0.930
86300,0.037,0.033,0.930
86400,0.017,0.029,0.955
86500,0.017,0.017,0.967
86600,0.017,0.012,0.971
86700,0.033,0.008,0.959
86800,0.033,0.004,0.963
86900,0.021,0.012,0.967
87000,0.012,0.017,0.971
87100,0.017,0.004,0.979
87200,0.037,0.012,0.950
87300,0.045,0.017,0.938
87400,0.029,0.012,0.959
87500,0.033,0.017,0.950
87600,0.037,0.029,0.934
87700,0.054,0.017,0.930
87800,0.050,0.029,0.921
87900,0.050,0.029,0.921
88000,0.045,0.017,0.938
88100,0.033,0.017,0.950
88200,0.025,0.033,0.942
88300,0.041,0.033,0.926
88400,0.021,0.029,0.950
88500,0.021,0.033,0.946
88600,0.012,0.025,0.963
88700,0.012,0.021,0.967
88800,0.017,0.033,0.950
88900,0.033,0.037,0.930
89000,0.029,0.041,0.930
89100,0.025,0.033,0.942
89200,0.029,0.041,0.930
89300,0.033,0.033,0.934
89400,0.021,0.021,0.959
89500,0.025,0.025,0.950
89600,0.008,0.025,0.967
89700,0.004,0.021,0.975
89800,0.012,0.033,0.955
89900,0.012,0.050,0.938
90000,0.012,0.074,0.913
90100,0.000,0.054,0.946
90200,0.012,0.041,0.946
90300,0.008,0.050,0.942
90400,0.033,0.041,0.926
90500,0.021,0.033,0.946
90600,0.021,0.029,0.950
90700,0.017,0.025,0.959
90800,0.037,0.033,0.930
90900,0.045,0.029,0.926
91000,0.041,0.045,0.913
91100,0.025,0.041,0.934
91200,0.025,0.033,0.942
91300,0.025,0.041,0.934
91400,0.037,0.029,0.934
91500,0.037,0.033,0.930
91600,0.025,0.021,0.955
91700,0.017,0.012,0.971
91800,0.037,0.008,0.955
91900,0.058,0.000,0.942
92000,0.058,0.000,0.942
92100,0.058,0.000,0.942
92200,0.062,0.000,0.938
92300,0.045,0.025,0.930
92400,0.045,0.029,0.926
92500,0.037,0.033,0.930
92600,0.037,0.045,0.917
92700,0.045,0.041,0.913
92800,0.037,0.025,0.938
92900,0.021,0.021,0.959
93000,0.008,0.025,0.967
93100,0.017,0.021,0.963
93200,0.025,0.029,0.946
93300,0.012,0.037,0.950
93400,0.012,0.021,0.967
93500,0.021,0.025,0.955
93600,0.021,0.029,0.950
93700,0.025,0.012,0.963
93800,0.025,0.025,0.950
93900,0.025,0.008,0.967
94000,0.045,0.017,0.938
94100,0.058,0.025,0.917
94200,0.062,0.033,0.905
94300,0.058,0.025,0.917
94400,0.050,0.017,0.934
94500,0.041,0.029,0.930
94600,0.029,0.017,0.955
94700,0.058,0.017,0.926
94800,0.033,0.017,0.950
94900,0.029,0.012,0.959
95000,0.025,0.008,0.967
95100,0.029,0.012,0.959
95200,0.037,0.008,0.955
95300,0.045,0.021,0.934
95400,0.058,0.017,0.926
95500,0.058,0.004,0.938
95600,0.050,0.004,0.946
95700,0.050,0.012,0.938
95800,0.054,0.012,0.934
95900,0.037,0.008,0.955
96000,0.029,0.008,0.963
96100,0.029,0.008,0.963
96200,0.012,0.025,0.963
96300,0.008,0.021,0.971
96400,0.025,0.012,0.963
96500,0.021,0.025,0.955
96600,0.021,0.045,0.934
96700,0.029,0.041,0.930
96800,0.037,0.033,0.930
96900,0.029,0.041,0.930
97000,0.029,0.058,0.913
97100,0.041,0.037,0.921
97200,0.029,0.029,0.942
97300,0.025,0.025,0.950
97400,0.070,0.021,0.909
97500,0.041,0.017,0.942
97600,0.033,0.012,0.955
97700,0.037,0.012,0.950
97800,0.041,0.004,0.955
97900,0.050,0.008,0.942
98000,0.058,0.021,0.921
98100,0.054,0.017,0.930
98200,0.058,0.012,0.930
98300,0.054,0.021,0.926
98400,0.050,0.033,0.917
98500,0.058,0.045,0.897
98600,0.045,0.037,0.917
98700,0.037,0.050,0.913
98800,0.037,0.037,0.926
98900,0.062,0.041,0.897
99000,0.050,0.037,0.913
99100,0.037,0.050,0.913
99200,0.033,0.050,0.917
99300,0.025,0.037,0.938
99400,0.033,0.037,0.930
99500,0.025,0.025,0.950
99600,0.021,0.025,0.955
99700,0.017,0.021,0.963
99800,0.021,0.021,0.959
99900,0.037,0.029,0.934
100000,0.045,0.041,0.913
