time,n_A+p,n_B,n_AB
500,0.030,0.906,0.064
1000,0.030,0.895,0.075
1500,0.030,0.800,0.170
2000,0.030,0.707,0.263
2500,0.030,0.723,0.247
3000,0.030,0.643,0.327
3500,0.030,0.637,0.333
4000,0.030,0.638,0.332
4500,0.030,0.664,0.306
5000,0.030,0.604,0.366
5500,0.030,0.576,0.394
6000,0.030,0.618,0.352
6500,0.030,0.583,0.387
7000,0.030,0.558,0.412
7500,0.030,0.685,0.285
8000,0.030,0.730,0.240
8500,0.030,0.726,0.244
9000,0.030,0.766,0.204
9500,0.030,0.628,0.342
10000,0.030,0.655,0.315
10500,0.030,0.662,0.308
11000,0.030,0.703,0.267
11500,0.030,0.753,0.217
12000,0.030,0.757,0.213
12500,0.030,0.630,0.340
13000,0.030,0.711,0.259
13500,0.030,0.802,0.168
14000,0.030,0.800,0.170
14500,0.030,0.759,0.211
15000,0.030,0.713,0.257
15500,0.030,0.668,0.302
16000,0.030,0.663,0.307
16500,0.030,0.686,0.284
17000,0.030,0.675,0.295
17500,0.030,0.695,0.275
18000,0.030,0.649,0.321
18500,0.030,0.738,0.232
19000,0.030,0.718,0.252
19500,0.030,0.667,0.303
20000,0.030,0.741,0.229
20500,0.030,0.683,0.287
21000,0.030,0.736,0.234
21500,0.030,0.730,0.240
22000,0.030,0.697,0.273
22500,0.030,0.585,0.385
23000,0.030,0.669,0.301
23500,0.030,0.689,0.281
24000,0.030,0.629,0.341
24500,0.030,0.653,0.317
25000,0.030,0.722,0.248
25500,0.030,0.663,0.307
26000,0.030,0.736,0.234
26500,0.030,0.687,0.283
27000,0.030,0.752,0.218
27500,0.030,0.781,0.189
28000,0.030,0.698,0.272
28500,0.030,0.625,0.345
29000,0.030,0.651,0.319
29500,0.030,0.678,0.292
30000,0.030,0.713,0.257
30500,0.030,0.744,0.226
31000,0.030,0.656,0.314
31500,0.030,0.609,0.361
32000,0.030,0.714,0.256
32500,0.030,0.823,0.147
33000,0.030,0.780,0.190
33500,0.030,0.754,0.216
34000,0.030,0.755,0.215
34500,0.030,0.701,0.269
35000,0.030,0.665,0.305
35500,0.030,0.628,0.342
36000,0.030,0.614,0.356
36500,0.030,0.686,0.284
37000,0.030,0.629,0.341
37500,0.030,0.725,0.245
38000,0.030,0.693,0.277
38500,0.030,0.808,0.162
39000,0.030,0.698,0.272
39500,0.030,0.710,0.260
40000,0.030,0.747,0.223
40500,0.030,0.698,0.272
41000,0.030,0.765,0.205
41500,0.030,0.637,0.333
42000,0.030,0.716,0.254
42500,0.030,0.724,0.246
43000,0.030,0.639,0.331
43500,0.030,0.691,0.279
44000,0.030,0.645,0.325
44500,0.030,0.592,0.378
45000,0.030,0.701,0.269
45500,0.030,0.624,0.346
46000,0.030,0.694,0.276
46500,0.030,0.707,0.263
47000,0.030,0.686,0.284
47500,0.030,0.686,0.284
48000,0.030,0.654,0.316
48500,0.030,0.737,0.233
49000,0.030,0.726,0.244
49500,0.030,0.740,0.230
50000,0.030,0.713,0.257
50500,0.030,0.713,0.257
51000,0.030,0.685,0.285
51500,0.030,0.766,0.204
52000,0.030,0.711,0.259
52500,0.030,0.679,0.291
53000,0.030,0.650,0.320
53500,0.039,0.615,0.346
54000,0.030,0.636,0.334
54500,0.030,0.624,0.346
55000,0.030,0.689,0.281
55500,0.030,0.700,0.270
56000,0.030,0.672,0.298
56500,0.030,0.744,0.226
57000,0.030,0.745,0.225
57500,0.030,0.837,0.133
58000,0.030,0.736,0.234
58500,0.030,0.563,0.407
59000,0.030,0.606,0.364
59500,0.030,0.690,0.280
60000,0.030,0.741,0.229
60500,0.030,0.679,0.291
61000,0.030,0.649,0.321
61500,0.030,0.641,0.329
62000,0.030,0.673,0.297
62500,0.030,0.749,0.221
63000,0.030,0.757,0.213
63500,0.030,0.711,0.259
64000,0.030,0.711,0.259
64500,0.030,0.632,0.338
65000,0.030,0.730,0.240
65500,0.030,0.748,0.222
66000,0.030,0.763,0.207
66500,0.030,0.779,0.191
67000,0.030,0.690,0.280
67500,0.030,0.658,0.312
68000,0.030,0.689,0.281
68500,0.030,0.745,0.225
69000,0.030,0.742,0.228
69500,0.030,0.687,0.283
70000,0.030,0.731,0.239
70500,0.030,0.736,0.234
71000,0.030,0.792,0.178
71500,0.030,0.727,0.243
72000,0.030,0.722,0.248
72500,0.030,0.736,0.234
73000,0.030,0.775,0.195
73500,0.030,0.751,0.219
74000,0.030,0.848,0.122
74500,0.030,0.815,0.155
75000,0.030,0.767,0.203
75500,0.030,0.710,0.260
76000,0.030,0.809,0.161
76500,0.030,0.558,0.412
77000,0.030,0.606,0.364
77500,0.030,0.746,0.224
78000,0.030,0.705,0.265
78500,0.030,0.667,0.303
79000,0.030,0.717,0.253
79500,0.030,0.701,0.269
80000,0.030,0.708,0.262
80500,0.030,0.710,0.260
81000,0.030,0.632,0.338
81500,0.030,0.641,0.329
82000,0.030,0.651,0.319
82500,0.030,0.638,0.332
83000,0.030,0.690,0.280
83500,0.030,0.587,0.383
84000,0.030,0.597,0.373
84500,0.030,0.693,0.277
85000,0.030,0.766,0.204
85500,0.030,0.716,0.254
86000,0.030,0.692,0.278
86500,0.030,0.751,0.219
87000,0.030,0.781,0.189
87500,0.030,0.752,0.218
88000,0.030,0.738,0.232
88500,0.030,0.704,0.266
89000,0.030,0.612,0.358
89500,0.030,0.638,0.332
90000,0.030,0.693,0.277
90500,0.030,0.668,0.302
91000,0.030,0.688,0.282
91500,0.030,0.646,0.324
92000,0.030,0.739,0.231
92500,0.030,0.819,0.151
93000,0.030,0.777,0.193
93500,0.030,0.733,0.237
94000,0.030,0.713,0.257
94500,0.030,0.749,0.221
95000,0.030,0.689,0.281
95500,0.030,0.698,0.272
96000,0.030,0.676,0.294
96500,0.030,0.712,0.258
97000,0.030,0.759,0.211
97500,0.030,0.746,0.224
98000,0.030,0.724,0.246
98500,0.030,0.738,0.232
99000,0.030,0.754,0.216
99500,0.030,0.760,0.210
100000,0.030,0.655,0.315
100500,0.030,0.712,0.258
101000,0.030,0.673,0.297
101500,0.030,0.654,0.316
102000,0.030,0.631,0.339
102500,0.030,0.629,0.341
103000,0.030,0.663,0.307
103500,0.030,0.715,0.255
104000,0.030,0.666,0.304
104500,0.030,0.672,0.298
105000,0.030,0.658,0.312
105500,0.030,0.638,0.332
106000,0.030,0.669,0.301
106500,0.030,0.668,0.302
107000,0.030,0.746,0.224
107500,0.030,0.737,0.233
108000,0.030,0.762,0.208
108500,0.030,0.695,0.275
109000,0.030,0.623,0.347
109500,0.030,0.659,0.311
110000,0.030,0.693,0.277
110500,0.030,0.770,0.200
111000,0.030,0.775,0.195
111500,0.030,0.749,0.221
112000,0.030,0.714,0.256
112500,0.030,0.711,0.259
113000,0.030,0.683,0.287
113500,0.030,0.727,0.243
114000,0.030,0.698,0.272
114500,0.030,0.737,0.233
115000,0.030,0.692,0.278
115500,0.030,0.720,0.250
116000,0.030,0.684,0.286
116500,0.030,0.701,0.269
117000,0.030,0.716,0.254
117500,0.030,0.800,0.170
118000,0.030,0.692,0.278
118500,0.030,0.605,0.365
119000,0.030,0.705,0.265
119500,0.030,0.768,0.202
120000,0.030,0.649,0.321
120500,0.030,0.692,0.278
121000,0.030,0.604,0.366
121500,0.030,0.640,0.330
122000,0.030,0.641,0.329
122500,0.030,0.648,0.322
123000,0.030,0.640,0.330
123500,0.030,0.642,0.328
124000,0.030,0.739,0.231
124500,0.030,0.662,0.308
125000,0.030,0.809,0.161
125500,0.030,0.816,0.154
126000,0.030,0.751,0.219
126500,0.030,0.675,0.295
127000,0.030,0.703,0.267
127500,0.030,0.647,0.323
128000,0.030,0.625,0.345
128500,0.030,0.737,0.233
129000,0.030,0.698,0.272
129500,0.030,0.648,0.322
130000,0.030,0.667,0.303
130500,0.030,0.707,0.263
131000,0.030,0.650,0.320
131500,0.030,0.617,0.353
132000,0.030,0.651,0.319
132500,0.030,0.690,0.280
133000,0.030,0.751,0.219
133500,0.030,0.706,0.264
134000,0.030,0.674,0.296
134500,0.030,0.717,0.253
135000,0.030,0.684,0.286
135500,0.030,0.622,0.348
136000,0.030,0.631,0.339
136500,0.030,0.665,0.305
137000,0.030,0.701,0.269
137500,0.030,0.611,0.359
138000,0.030,0.732,0.238
138500,0.030,0.644,0.326
139000,0.030,0.706,0.264
139500,0.030,0.670,0.300
140000,0.030,0.710,0.260
140500,0.030,0.667,0.303
141000,0.030,0.547,0.423
141500,0.030,0.733,0.237
142000,0.030,0.688,0.282
142500,0.030,0.681,0.289
143000,0.030,0.670,0.300
143500,0.030,0.742,0.228
144000,0.030,0.728,0.242
144500,0.030,0.634,0.336
145000,0.030,0.716,0.254
145500,0.030,0.716,0.254
146000,0.030,0.709,0.261
146500,0.030,0.732,0.238
147000,0.030,0.762,0.208
147500,0.030,0.732,0.238
148000,0.030,0.676,0.294
148500,0.030,0.639,0.331
149000,0.030,0.644,0.326
149500,0.030,0.646,0.324
150000,0.030,0.680,0.290
150500,0.030,0.633,0.337
151000,0.030,0.694,0.276
151500,0.030,0.729,0.241
152000,0.030,0.701,0.269
152500,0.030,0.724,0.246
153000,0.030,0.709,0.261
153500,0.030,0.730,0.240
154000,0.030,0.702,0.268
154500,0.030,0.592,0.378
155000,0.030,0.601,0.369
155500,0.037,0.537,0.426
156000,0.030,0.610,0.360
156500,0.030,0.609,0.361
157000,0.030,0.563,0.407
157500,0.030,0.570,0.400
158000,0.030,0.635,0.335
158500,0.030,0.659,0.311
159000,0.030,0.750,0.220
159500,0.030,0.729,0.241
160000,0.030,0.666,0.304
160500,0.030,0.732,0.238
161000,0.030,0.680,0.290
161500,0.030,0.726,0.244
162000,0.030,0.748,0.222
162500,0.030,0.727,0.243
163000,0.030,0.669,0.301
163500,0.030,0.707,0.263
164000,0.030,0.757,0.213
164500,0.030,0.656,0.314
165000,0.030,0.660,0.310
165500,0.030,0.726,0.244
166000,0.030,0.742,0.228
166500,0.030,0.771,0.199
167000,0.030,0.733,0.237
167500,0.030,0.676,0.294
168000,0.030,0.704,0.266
168500,0.030,0.744,0.226
169000,0.030,0.721,0.249
169500,0.030,0.789,0.181
170000,0.030,0.769,0.201
170500,0.030,0.604,0.366
171000,0.030,0.760,0.210
171500,0.030,0.771,0.199
172000,0.030,0.749,0.221
172500,0.030,0.661,0.309
173000,0.030,0.752,0.218
173500,0.030,0.627,0.343
174000,0.030,0.740,0.230
174500,0.030,0.746,0.224
175000,0.030,0.717,0.253
175500,0.030,0.731,0.239
176000,0.030,0.677,0.293
176500,0.030,0.668,0.302
177000,0.030,0.754,0.216
177500,0.030,0.772,0.198
178000,0.030,0.696,0.274
178500,0.030,0.658,0.312
179000,0.030,0.643,0.327
179500,0.030,0.615,0.355
180000,0.030,0.816,0.154
180500,0.030,0.803,0.167
181000,0.030,0.700,0.270
181500,0.030,0.681,0.289
182000,0.030,0.765,0.205
182500,0.030,0.715,0.255
183000,0.030,0.750,0.220
183500,0.030,0.724,0.246
184000,0.030,0.761,0.209
184500,0.030,0.679,0.291
185000,0.030,0.739,0.231
185500,0.030,0.746,0.224
186000,0.030,0.678,0.292
186500,0.030,0.681,0.289
187000,0.030,0.717,0.253
187500,0.030,0.666,0.304
188000,0.030,0.725,0.245
188500,0.030,0.733,0.237
189000,0.030,0.674,0.296
189500,0.030,0.666,0.304
190000,0.030,0.707,0.263
190500,0.030,0.781,0.189
191000,0.030,0.649,0.321
191500,0.030,0.643,0.327
192000,0.030,0.606,0.364
192500,0.030,0.635,0.335
193000,0.030,0.741,0.229
193500,0.030,0.779,0.191
194000,0.030,0.793,0.177
194500,0.030,0.769,0.201
195000,0.030,0.705,0.265
195500,0.030,0.724,0.246
196000,0.030,0.762,0.208
196500,0.030,0.654,0.316
197000,0.030,0.703,0.267
197500,0.030,0.700,0.270
198000,0.030,0.680,0.290
198500,0.030,0.612,0.358
199000,0.030,0.650,0.320
199500,0.030,0.631,0.339
200000,0.030,0.625,0.345
200500,0.030,0.617,0.353
201000,0.030,0.650,0.320
201500,0.030,0.624,0.346
202000,0.030,0.632,0.338
202500,0.030,0.638,0.332
203000,0.030,0.686,0.284
203500,0.030,0.690,0.280
204000,0.030,0.763,0.207
204500,0.030,0.810,0.160
205000,0.030,0.769,0.201
205500,0.030,0.690,0.280
206000,0.030,0.808,0.162
206500,0.030,0.734,0.236
207000,0.030,0.781,0.189
207500,0.030,0.714,0.256
208000,0.030,0.735,0.235
208500,0.030,0.672,0.298
209000,0.030,0.652,0.318
209500,0.030,0.742,0.228
210000,0.030,0.682,0.288
210500,0.030,0.672,0.298
211000,0.030,0.705,0.265
211500,0.030,0.728,0.242
212000,0.030,0.641,0.329
212500,0.030,0.687,0.283
213000,0.030,0.668,0.302
213500,0.030,0.651,0.319
214000,0.030,0.689,0.281
214500,0.030,0.627,0.343
215000,0.030,0.720,0.250
215500,0.030,0.643,0.327
216000,0.030,0.733,0.237
216500,0.030,0.625,0.345
217000,0.030,0.578,0.392
217500,0.030,0.616,0.354
218000,0.030,0.723,0.247
218500,0.030,0.669,0.301
219000,0.030,0.696,0.274
219500,0.030,0.696,0.274
220000,0.030,0.737,0.233
220500,0.030,0.698,0.272
221000,0.030,0.763,0.207
221500,0.030,0.736,0.234
222000,0.030,0.664,0.306
222500,0.030,0.677,0.293
223000,0.030,0.652,0.318
223500,0.030,0.719,0.251
224000,0.030,0.656,0.314
224500,0.030,0.581,0.389
225000,0.030,0.628,0.342
225500,0.030,0.643,0.327
226000,0.030,0.593,0.377
226500,0.030,0.701,0.269
227000,0.030,0.730,0.240
227500,0.030,0.654,0.316
228000,0.030,0.639,0.331
228500,0.030,0.590,0.380
229000,0.030,0.636,0.334
229500,0.030,0.688,0.282
230000,0.030,0.713,0.257
230500,0.030,0.684,0.286
231000,0.030,0.673,0.297
231500,0.030,0.711,0.259
232000,0.030,0.709,0.261
232500,0.030,0.709,0.261
233000,0.030,0.704,0.266
233500,0.030,0.621,0.349
234000,0.030,0.734,0.236
234500,0.030,0.719,0.251
235000,0.030,0.663,0.307
235500,0.030,0.718,0.252
236000,0.030,0.674,0.296
236500,0.030,0.715,0.255
237000,0.030,0.678,0.292
237500,0.030,0.760,0.210
238000,0.030,0.724,0.246
238500,0.030,0.685,0.285
239000,0.030,0.729,0.241
239500,0.030,0.633,0.337
240000,0.030,0.637,0.333
240500,0.030,0.688,0.282
241000,0.030,0.713,0.257
241500,0.030,0.746,0.224
242000,0.030,0.704,0.266
242500,0.030,0.801,0.169
243000,0.030,0.793,0.177
243500,0.030,0.755,0.215
244000,0.030,0.800,0.170
244500,0.030,0.792,0.178
245000,0.030,0.756,0.214
245500,0.030,0.788,0.182
246000,0.030,0.815,0.155
246500,0.030,0.715,0.255
247000,0.030,0.783,0.187
247500,0.030,0.777,0.193
248000,0.030,0.734,0.236
248500,0.030,0.739,0.231
249000,0.030,0.726,0.244
249500,0.030,0.708,0.262
250000,0.030,0.517,0.453
250500,0.030,0.676,0.294
251000,0.030,0.564,0.406
251500,0.030,0.658,0.312
252000,0.030,0.670,0.300
252500,0.030,0.564,0.406
253000,0.030,0.611,0.359
253500,0.030,0.660,0.310
254000,0.030,0.557,0.413
254500,0.030,0.668,0.302
255000,0.030,0.689,0.281
255500,0.030,0.684,0.286
256000,0.030,0.737,0.233
256500,0.030,0.682,0.288
257000,0.030,0.727,0.243
257500,0.030,0.658,0.312
258000,0.030,0.645,0.325
258500,0.030,0.585,0.385
259000,0.030,0.677,0.293
259500,0.030,0.693,0.277
260000,0.030,0.751,0.219
260500,0.030,0.755,0.215
261000,0.030,0.685,0.285
261500,0.030,0.680,0.290
262000,0.030,0.718,0.252
262500,0.030,0.667,0.303
263000,0.030,0.728,0.242
263500,0.030,0.697,0.273
264000,0.030,0.743,0.227
264500,0.030,0.678,0.292
265000,0.030,0.674,0.296
265500,0.030,0.704,0.266
266000,0.030,0.630,0.340
266500,0.030,0.654,0.316
267000,0.030,0.724,0.246
267500,0.030,0.717,0.253
268000,0.030,0.734,0.236
268500,0.030,0.736,0.234
269000,0.030,0.713,0.257
269500,0.030,0.767,0.203
270000,0.030,0.666,0.304
270500,0.030,0.707,0.263
271000,0.030,0.653,0.317
271500,0.030,0.692,0.278
272000,0.030,0.721,0.249
272500,0.030,0.604,0.366
273000,0.030,0.655,0.315
273500,0.030,0.719,0.251
274000,0.030,0.778,0.192
274500,0.030,0.673,0.297
275000,0.030,0.622,0.348
275500,0.030,0.696,0.274
276000,0.030,0.660,0.310
276500,0.030,0.684,0.286
277000,0.030,0.740,0.230
277500,0.030,0.644,0.326
278000,0.030,0.665,0.305
278500,0.030,0.736,0.234
279000,0.030,0.740,0.230
279500,0.030,0.794,0.176
280000,0.030,0.682,0.288
280500,0.030,0.598,0.372
281000,0.030,0.710,0.260
281500,0.030,0.597,0.373
282000,0.030,0.637,0.333
282500,0.030,0.738,0.232
283000,0.030,0.665,0.305
283500,0.030,0.710,0.260
284000,0.030,0.717,0.253
284500,0.030,0.666,0.304
285000,0.030,0.621,0.349
285500,0.030,0.710,0.260
286000,0.030,0.695,0.275
286500,0.030,0.637,0.333
287000,0.030,0.664,0.306
287500,0.030,0.652,0.318
288000,0.030,0.699,0.271
288500,0.030,0.750,0.220
289000,0.030,0.648,0.322
289500,0.030,0.794,0.176
290000,0.030,0.722,0.248
290500,0.030,0.738,0.232
291000,0.030,0.734,0.236
291500,0.030,0.625,0.345
292000,0.030,0.549,0.421
292500,0.030,0.624,0.346
293000,0.030,0.671,0.299
293500,0.030,0.703,0.267
294000,0.030,0.652,0.318
294500,0.030,0.736,0.234
295000,0.030,0.665,0.305
295500,0.030,0.629,0.341
296000,0.030,0.557,0.413
296500,0.030,0.604,0.366
297000,0.030,0.662,0.308
297500,0.030,0.673,0.297
298000,0.030,0.686,0.284
298500,0.030,0.574,0.396
299000,0.030,0.649,0.321
299500,0.030,0.537,0.433
300000,0.030,0.611,0.359
300500,0.030,0.661,0.309
301000,0.030,0.670,0.300
301500,0.030,0.678,0.292
302000,0.030,0.711,0.259
302500,0.030,0.670,0.300
303000,0.030,0.711,0.259
303500,0.030,0.731,0.239
304000,0.030,0.814,0.156
304500,0.030,0.813,0.157
305000,0.030,0.822,0.148
305500,0.030,0.649,0.321
306000,0.030,0.664,0.306
306500,0.030,0.719,0.251
307000,0.030,0.723,0.247
307500,0.030,0.709,0.261
308000,0.030,0.658,0.312
308500,0.030,0.609,0.361
309000,0.030,0.649,0.321
309500,0.030,0.605,0.365
310000,0.030,0.686,0.284
310500,0.030,0.743,0.227
311000,0.030,0.716,0.254
311500,0.030,0.749,0.221
312000,0.030,0.723,0.247
312500,0.030,0.693,0.277
313000,0.030,0.720,0.250
313500,0.030,0.668,0.302
314000,0.030,0.613,0.357
314500,0.030,0.739,0.231
315000,0.030,0.683,0.287
315500,0.030,0.754,0.216
316000,0.030,0.787,0.183
316500,0.030,0.745,0.225
317000,0.030,0.631,0.339
317500,0.030,0.707,0.263
318000,0.030,0.659,0.311
318500,0.030,0.637,0.333
319000,0.030,0.695,0.275
319500,0.030,0.721,0.249
320000,0.030,0.710,0.260
320500,0.030,0.721,0.249
321000,0.030,0.582,0.388
321500,0.030,0.573,0.397
322000,0.030,0.563,0.407
322500,0.030,0.637,0.333
323000,0.030,0.766,0.204
323500,0.030,0.732,0.238
324000,0.030,0.737,0.233
324500,0.030,0.676,0.294
325000,0.030,0.687,0.283
325500,0.030,0.570,0.400
326000,0.030,0.545,0.425
326500,0.030,0.607,0.363
327000,0.030,0.638,0.332
327500,0.030,0.576,0.394
328000,0.030,0.518,0.452
328500,0.030,0.666,0.304
329000,0.030,0.693,0.277
329500,0.030,0.667,0.303
330000,0.030,0.620,0.350
330500,0.038,0.621,0.341
331000,0.030,0.633,0.337
331500,0.030,0.680,0.290
332000,0.030,0.620,0.350
332500,0.030,0.705,0.265
333000,0.030,0.695,0.275
333500,0.030,0.632,0.338
334000,0.030,0.653,0.317
334500,0.030,0.713,0.257
335000,0.030,0.646,0.324
335500,0.030,0.670,0.300
336000,0.030,0.733,0.237
336500,0.030,0.716,0.254
337000,0.030,0.642,0.328
337500,0.030,0.756,0.214
338000,0.030,0.723,0.247
338500,0.030,0.729,0.241
339000,0.030,0.646,0.324
339500,0.030,0.637,0.333
340000,0.030,0.781,0.189
340500,0.030,0.746,0.224
341000,0.030,0.687,0.283
341500,0.030,0.643,0.327
342000,0.030,0.789,0.181
342500,0.030,0.717,0.253
343000,0.030,0.721,0.249
343500,0.030,0.688,0.282
344000,0.030,0.669,0.301
344500,0.030,0.637,0.333
345000,0.030,0.723,0.247
345500,0.030,0.708,0.262
346000,0.030,0.689,0.281
346500,0.030,0.639,0.331
347000,0.030,0.678,0.292
347500,0.030,0.717,0.253
348000,0.030,0.759,0.211
348500,0.030,0.681,0.289
349000,0.030,0.728,0.242
349500,0.030,0.744,0.226
350000,0.030,0.770,0.200
350500,0.030,0.783,0.187
351000,0.030,0.674,0.296
351500,0.030,0.736,0.234
352000,0.030,0.720,0.250
352500,0.030,0.698,0.272
353000,0.030,0.743,0.227
353500,0.030,0.671,0.299
354000,0.030,0.613,0.357
354500,0.030,0.668,0.302
355000,0.030,0.604,0.366
355500,0.030,0.589,0.381
356000,0.030,0.627,0.343
356500,0.030,0.640,0.330
357000,0.030,0.646,0.324
357500,0.030,0.740,0.230
358000,0.030,0.800,0.170
358500,0.030,0.734,0.236
359000,0.030,0.679,0.291
359500,0.030,0.641,0.329
360000,0.030,0.688,0.282
360500,0.030,0.647,0.323
361000,0.030,0.715,0.255
361500,0.030,0.747,0.223
362000,0.030,0.733,0.237
362500,0.030,0.681,0.289
363000,0.030,0.687,0.283
363500,0.030,0.649,0.321
364000,0.030,0.650,0.320
364500,0.030,0.653,0.317
365000,0.030,0.704,0.266
365500,0.030,0.758,0.212
366000,0.030,0.723,0.247
366500,0.030,0.681,0.289
367000,0.030,0.698,0.272
367500,0.030,0.799,0.171
368000,0.030,0.795,0.175
368500,0.030,0.739,0.231
369000,0.030,0.766,0.204
369500,0.030,0.710,0.260
370000,0.030,0.666,0.304
370500,0.030,0.720,0.250
371000,0.030,0.766,0.204
371500,0.030,0.789,0.181
372000,0.030,0.742,0.228
372500,0.030,0.650,0.320
373000,0.030,0.698,0.272
373500,0.030,0.692,0.278
374000,0.030,0.714,0.256
374500,0.030,0.771,0.199
375000,0.030,0.768,0.202
375500,0.030,0.786,0.184
376000,0.030,0.802,0.168
376500,0.030,0.739,0.231
377000,0.030,0.702,0.268
377500,0.030,0.705,0.265
378000,0.030,0.593,0.377
378500,0.030,0.617,0.353
379000,0.030,0.763,0.207
379500,0.030,0.687,0.283
380000,0.030,0.658,0.312
380500,0.030,0.736,0.234
381000,0.030,0.790,0.180
381500,0.030,0.720,0.250
382000,0.030,0.707,0.263
382500,0.030,0.623,0.347
383000,0.030,0.683,0.287
383500,0.030,0.608,0.362
384000,0.030,0.525,0.445
384500,0.030,0.658,0.312
385000,0.030,0.737,0.233
385500,0.030,0.747,0.223
386000,0.030,0.758,0.212
386500,0.030,0.698,0.272
387000,0.030,0.688,0.282
387500,0.030,0.667,0.303
388000,0.030,0.582,0.388
388500,0.030,0.599,0.371
389000,0.030,0.666,0.304
389500,0.030,0.652,0.318
390000,0.030,0.675,0.295
390500,0.030,0.771,0.199
391000,0.030,0.824,0.146
391500,0.030,0.711,0.259
392000,0.030,0.694,0.276
392500,0.030,0.751,0.219
393000,0.030,0.779,0.191
393500,0.030,0.713,0.257
394000,0.030,0.787,0.183
394500,0.030,0.717,0.253
395000,0.030,0.701,0.269
395500,0.030,0.578,0.392
396000,0.030,0.599,0.371
396500,0.030,0.503,0.467
397000,0.030,0.622,0.348
397500,0.030,0.675,0.295
398000,0.030,0.688,0.282
398500,0.030,0.628,0.342
399000,0.030,0.564,0.406
399500,0.030,0.582,0.388
400000,0.030,0.695,0.275
400500,0.030,0.725,0.245
401000,0.030,0.693,0.277
401500,0.030,0.673,0.297
402000,0.030,0.633,0.337
402500,0.030,0.667,0.303
403000,0.030,0.730,0.240
403500,0.030,0.773,0.197
404000,0.030,0.720,0.250
404500,0.030,0.766,0.204
405000,0.030,0.724,0.246
405500,0.030,0.674,0.296
406000,0.030,0.682,0.288
406500,0.030,0.731,0.239
407000,0.030,0.659,0.311
407500,0.030,0.698,0.272
408000,0.030,0.734,0.236
408500,0.030,0.663,0.307
409000,0.030,0.655,0.315
409500,0.030,0.720,0.250
410000,0.030,0.715,0.255
410500,0.030,0.718,0.252
411000,0.030,0.649,0.321
411500,0.030,0.707,0.263
412000,0.030,0.654,0.316
412500,0.030,0.696,0.274
413000,0.030,0.792,0.178
413500,0.030,0.710,0.260
414000,0.030,0.689,0.281
414500,0.030,0.633,0.337
415000,0.030,0.692,0.278
415500,0.030,0.651,0.319
416000,0.030,0.667,0.303
416500,0.030,0.738,0.232
417000,0.030,0.571,0.399
417500,0.030,0.648,0.322
418000,0.030,0.698,0.272
418500,0.030,0.780,0.190
419000,0.030,0.714,0.256
419500,0.030,0.759,0.211
420000,0.030,0.729,0.241
420500,0.030,0.775,0.195
421000,0.030,0.673,0.297
421500,0.030,0.637,0.333
422000,0.030,0.665,0.305
422500,0.030,0.802,0.168
423000,0.030,0.736,0.234
423500,0.030,0.772,0.198
424000,0.030,0.609,0.361
424500,0.030,0.732,0.238
425000,0.030,0.712,0.258
425500,0.030,0.770,0.200
426000,0.030,0.742,0.228
426500,0.030,0.717,0.253
427000,0.030,0.681,0.289
427500,0.030,0.628,0.342
428000,0.030,0.676,0.294
428500,0.030,0.688,0.282
429000,0.030,0.719,0.251
429500,0.030,0.696,0.274
430000,0.030,0.710,0.260
430500,0.030,0.715,0.255
431000,0.030,0.730,0.240
431500,0.030,0.774,0.196
432000,0.030,0.674,0.296
432500,0.030,0.715,0.255
433000,0.030,0.733,0.237
433500,0.030,0.720,0.250
434000,0.030,0.692,0.278
434500,0.030,0.664,0.306
435000,0.030,0.701,0.269
435500,0.030,0.659,0.311
436000,0.030,0.677,0.293
436500,0.030,0.679,0.291
437000,0.030,0.674,0.296
437500,0.030,0.644,0.326
438000,0.030,0.662,0.308
438500,0.030,0.664,0.306
439000,0.030,0.660,0.310
439500,0.030,0.601,0.369
440000,0.030,0.594,0.376
440500,0.030,0.578,0.392
441000,0.030,0.659,0.311
441500,0.030,0.734,0.236
442000,0.030,0.790,0.180
442500,0.030,0.807,0.163
443000,0.030,0.798,0.172
443500,0.030,0.772,0.198
444000,0.030,0.700,0.270
444500,0.030,0.639,0.331
445000,0.030,0.686,0.284
445500,0.030,0.767,0.203
446000,0.030,0.735,0.235
446500,0.030,0.769,0.201
447000,0.030,0.701,0.269
447500,0.030,0.705,0.265
448000,0.030,0.708,0.262
448500,0.030,0.705,0.265
449000,0.030,0.739,0.231
449500,0.030,0.722,0.248
450000,0.030,0.672,0.298
450500,0.030,0.727,0.243
451000,0.030,0.771,0.199
451500,0.030,0.723,0.247
452000,0.030,0.815,0.155
452500,0.030,0.842,0.128
453000,0.030,0.743,0.227
453500,0.030,0.735,0.235
454000,0.030,0.751,0.219
454500,0.030,0.824,0.146
455000,0.030,0.684,0.286
455500,0.030,0.684,0.286
456000,0.030,0.653,0.317
456500,0.030,0.715,0.255
457000,0.030,0.745,0.225
457500,0.030,0.717,0.253
458000,0.030,0.773,0.197
458500,0.030,0.699,0.271
459000,0.030,0.764,0.206
459500,0.030,0.719,0.251
460000,0.030,0.684,0.286
460500,0.030,0.665,0.305
461000,0.030,0.678,0.292
461500,0.030,0.689,0.281
462000,0.030,0.693,0.277
462500,0.030,0.758,0.212
463000,0.030,0.699,0.271
463500,0.030,0.616,0.354
464000,0.030,0.695,0.275
464500,0.030,0.615,0.355
465000,0.030,0.696,0.274
465500,0.030,0.696,0.274
466000,0.030,0.685,0.285
466500,0.030,0.732,0.238
467000,0.030,0.633,0.337
467500,0.030,0.750,0.220
468000,0.030,0.727,0.243
468500,0.030,0.599,0.371
469000,0.030,0.644,0.326
469500,0.030,0.696,0.274
470000,0.030,0.768,0.202
470500,0.030,0.687,0.283
471000,0.030,0.646,0.324
471500,0.030,0.672,0.298
472000,0.030,0.721,0.249
472500,0.030,0.761,0.209
473000,0.030,0.726,0.244
473500,0.030,0.652,0.318
474000,0.030,0.633,0.337
474500,0.030,0.718,0.252
475000,0.030,0.764,0.206
475500,0.030,0.687,0.283
476000,0.030,0.778,0.192
476500,0.030,0.669,0.301
477000,0.030,0.670,0.300
477500,0.030,0.617,0.353
478000,0.030,0.684,0.286
478500,0.030,0.661,0.309
479000,0.030,0.750,0.220
479500,0.030,0.748,0.222
480000,0.030,0.704,0.266
480500,0.030,0.671,0.299
481000,0.030,0.606,0.364
481500,0.030,0.585,0.385
482000,0.030,0.636,0.334
482500,0.030,0.688,0.282
483000,0.030,0.641,0.329
483500,0.030,0.656,0.314
484000,0.030,0.694,0.276
484500,0.030,0.712,0.258
485000,0.030,0.719,0.251
485500,0.030,0.648,0.322
486000,0.030,0.676,0.294
486500,0.030,0.714,0.256
487000,0.030,0.670,0.300
487500,0.030,0.798,0.172
488000,0.030,0.818,0.152
488500,0.030,0.757,0.213
489000,0.030,0.748,0.222
489500,0.030,0.764,0.206
490000,0.030,0.761,0.209
490500,0.030,0.679,0.291
491000,0.030,0.667,0.303
491500,0.030,0.647,0.323
492000,0.030,0.638,0.332
492500,0.030,0.607,0.363
493000,0.030,0.599,0.371
493500,0.030,0.600,0.370
494000,0.030,0.599,0.371
494500,0.030,0.678,0.292
495000,0.030,0.636,0.334
495500,0.030,0.651,0.319
496000,0.030,0.675,0.295
496500,0.030,0.743,0.227
497000,0.030,0.711,0.259
497500,0.030,0.708,0.262
498000,0.030,0.629,0.341
498500,0.030,0.669,0.301
499000,0.030,0.536,0.434
499500,0.030,0.581,0.389
500000,0.030,0.715,0.255
500500,0.030,0.620,0.350
501000,0.030,0.759,0.211
501500,0.030,0.738,0.232
502000,0.030,0.754,0.216
502500,0.030,0.659,0.311
503000,0.030,0.626,0.344
503500,0.030,0.679,0.291
504000,0.030,0.791,0.179
504500,0.030,0.787,0.183
505000,0.030,0.751,0.219
505500,0.030,0.730,0.240
506000,0.030,0.599,0.371
506500,0.030,0.677,0.293
507000,0.030,0.682,0.288
507500,0.030,0.752,0.218
508000,0.030,0.742,0.228
508500,0.030,0.701,0.269
509000,0.030,0.723,0.247
509500,0.030,0.609,0.361
510000,0.030,0.657,0.313
510500,0.030,0.690,0.280
511000,0.030,0.685,0.285
511500,0.030,0.717,0.253
512000,0.030,0.691,0.279
512500,0.030,0.756,0.214
513000,0.030,0.707,0.263
513500,0.030,0.696,0.274
514000,0.030,0.703,0.267
514500,0.030,0.752,0.218
515000,0.030,0.763,0.207
515500,0.030,0.732,0.238
516000,0.030,0.699,0.271
516500,0.030,0.804,0.166
517000,0.030,0.708,0.262
517500,0.030,0.693,0.277
518000,0.030,0.737,0.233
518500,0.030,0.669,0.301
519000,0.030,0.639,0.331
519500,0.030,0.719,0.251
520000,0.030,0.628,0.342
520500,0.030,0.687,0.283
521000,0.030,0.708,0.262
521500,0.030,0.646,0.324
522000,0.030,0.593,0.377
522500,0.030,0.600,0.370
523000,0.030,0.654,0.316
523500,0.030,0.720,0.250
524000,0.030,0.701,0.269
524500,0.030,0.731,0.239
525000,0.030,0.776,0.194
525500,0.030,0.733,0.237
526000,0.030,0.738,0.232
526500,0.030,0.690,0.280
527000,0.030,0.684,0.286
527500,0.030,0.668,0.302
528000,0.030,0.752,0.218
528500,0.030,0.616,0.354
529000,0.031,0.536,0.433
529500,0.030,0.655,0.315
530000,0.030,0.708,0.262
530500,0.030,0.714,0.256
531000,0.030,0.606,0.364
531500,0.030,0.689,0.281
532000,0.030,0.674,0.296
532500,0.030,0.734,0.236
533000,0.030,0.614,0.356
533500,0.030,0.678,0.292
534000,0.030,0.577,0.393
534500,0.030,0.595,0.375
535000,0.030,0.580,0.390
535500,0.030,0.517,0.453
536000,0.034,0.559,0.407
536500,0.030,0.662,0.308
537000,0.030,0.653,0.317
537500,0.030,0.711,0.259
538000,0.030,0.746,0.224
538500,0.030,0.645,0.325
539000,0.030,0.721,0.249
539500,0.030,0.627,0.343
540000,0.030,0.678,0.292
540500,0.030,0.660,0.310
541000,0.030,0.716,0.254
541500,0.030,0.630,0.340
542000,0.030,0.665,0.305
542500,0.030,0.609,0.361
543000,0.030,0.582,0.388
543500,0.030,0.603,0.367
544000,0.030,0.664,0.306
544500,0.030,0.620,0.350
545000,0.030,0.691,0.279
545500,0.030,0.633,0.337
546000,0.030,0.671,0.299
546500,0.030,0.706,0.264
547000,0.030,0.600,0.370
547500,0.030,0.599,0.371
548000,0.030,0.713,0.257
548500,0.030,0.716,0.254
549000,0.030,0.680,0.290
549500,0.030,0.614,0.356
550000,0.030,0.669,0.301
550500,0.030,0.713,0.257
551000,0.030,0.691,0.279
551500,0.030,0.707,0.263
552000,0.030,0.652,0.318
552500,0.030,0.687,0.283
553000,0.030,0.625,0.345
553500,0.030,0.705,0.265
554000,0.030,0.598,0.372
554500,0.030,0.628,0.342
555000,0.030,0.641,0.329
555500,0.030,0.675,0.295
556000,0.030,0.678,0.292
556500,0.030,0.703,0.267
557000,0.030,0.691,0.279
557500,0.030,0.671,0.299
558000,0.030,0.753,0.217
558500,0.030,0.763,0.207
559000,0.030,0.762,0.208
559500,0.030,0.754,0.216
560000,0.030,0.657,0.313
560500,0.030,0.671,0.299
561000,0.030,0.694,0.276
561500,0.030,0.654,0.316
562000,0.030,0.702,0.268
562500,0.030,0.710,0.260
563000,0.030,0.661,0.309
563500,0.030,0.697,0.273
564000,0.030,0.700,0.270
564500,0.030,0.686,0.284
565000,0.030,0.741,0.229
565500,0.030,0.698,0.272
566000,0.030,0.683,0.287
566500,0.030,0.753,0.217
567000,0.030,0.764,0.206
567500,0.030,0.700,0.270
568000,0.030,0.747,0.223
568500,0.030,0.729,0.241
569000,0.030,0.774,0.196
569500,0.030,0.819,0.151
570000,0.030,0.782,0.188
570500,0.030,0.674,0.296
571000,0.030,0.746,0.224
571500,0.030,0.729,0.241
572000,0.030,0.616,0.354
572500,0.030,0.599,0.371
573000,0.030,0.633,0.337
573500,0.030,0.592,0.378
574000,0.030,0.691,0.279
574500,0.030,0.765,0.205
575000,0.030,0.816,0.154
575500,0.030,0.662,0.308
576000,0.030,0.682,0.288
576500,0.030,0.701,0.269
577000,0.030,0.723,0.247
577500,0.030,0.762,0.208
578000,0.030,0.686,0.284
578500,0.030,0.725,0.245
579000,0.030,0.710,0.260
579500,0.030,0.634,0.336
580000,0.030,0.597,0.373
580500,0.030,0.693,0.277
581000,0.030,0.732,0.238
581500,0.030,0.776,0.194
582000,0.030,0.707,0.263
582500,0.030,0.694,0.276
583000,0.030,0.659,0.311
583500,0.030,0.654,0.316
584000,0.030,0.746,0.224
584500,0.030,0.741,0.229
585000,0.030,0.667,0.303
585500,0.030,0.730,0.240
586000,0.030,0.662,0.308
586500,0.030,0.695,0.275
587000,0.030,0.833,0.137
587500,0.030,0.695,0.275
588000,0.030,0.646,0.324
588500,0.030,0.691,0.279
589000,0.030,0.773,0.197
589500,0.030,0.779,0.191
590000,0.030,0.754,0.216
590500,0.030,0.710,0.260
591000,0.030,0.700,0.270
591500,0.030,0.712,0.258
592000,0.030,0.639,0.331
592500,0.030,0.641,0.329
593000,0.030,0.558,0.412
593500,0.030,0.614,0.356
594000,0.030,0.614,0.356
594500,0.030,0.619,0.351
595000,0.030,0.665,0.305
595500,0.030,0.711,0.259
596000,0.030,0.802,0.168
596500,0.030,0.635,0.335
597000,0.030,0.673,0.297
597500,0.030,0.718,0.252
598000,0.030,0.637,0.333
598500,0.030,0.679,0.291
599000,0.030,0.720,0.250
599500,0.030,0.769,0.201
600000,0.030,0.764,0.206
600500,0.030,0.751,0.219
601000,0.030,0.687,0.283
601500,0.030,0.721,0.249
602000,0.030,0.704,0.266
602500,0.030,0.667,0.303
603000,0.030,0.770,0.200
603500,0.030,0.681,0.289
604000,0.030,0.713,0.257
604500,0.030,0.700,0.270
605000,0.030,0.785,0.185
605500,0.030,0.815,0.155
606000,0.030,0.738,0.232
606500,0.030,0.753,0.217
607000,0.030,0.610,0.360
607500,0.030,0.709,0.261
608000,0.030,0.683,0.287
608500,0.030,0.700,0.270
609000,0.030,0.675,0.295
609500,0.030,0.667,0.303
610000,0.030,0.652,0.318
610500,0.030,0.681,0.289
611000,0.030,0.633,0.337
611500,0.030,0.717,0.253
612000,0.030,0.728,0.242
612500,0.030,0.738,0.232
613000,0.030,0.678,0.292
613500,0.030,0.670,0.300
614000,0.030,0.632,0.338
614500,0.030,0.684,0.286
615000,0.030,0.700,0.270
615500,0.030,0.666,0.304
616000,0.030,0.631,0.339
616500,0.030,0.656,0.314
617000,0.030,0.733,0.237
617500,0.030,0.757,0.213
618000,0.030,0.682,0.288
618500,0.030,0.640,0.330
619000,0.030,0.605,0.365
619500,0.030,0.600,0.370
620000,0.030,0.723,0.247
620500,0.030,0.641,0.329
621000,0.030,0.700,0.270
621500,0.030,0.715,0.255
622000,0.030,0.740,0.230
622500,0.030,0.675,0.295
623000,0.030,0.697,0.273
623500,0.030,0.719,0.251
624000,0.030,0.685,0.285
624500,0.030,0.625,0.345
625000,0.030,0.666,0.304
625500,0.030,0.661,0.309
626000,0.030,0.563,0.407
626500,0.030,0.490,0.480
627000,0.030,0.659,0.311
627500,0.030,0.645,0.325
628000,0.030,0.711,0.259
628500,0.030,0.688,0.282
629000,0.030,0.576,0.394
629500,0.030,0.586,0.384
630000,0.030,0.643,0.327
630500,0.030,0.683,0.287
631000,0.030,0.662,0.308
631500,0.030,0.692,0.278
632000,0.030,0.736,0.234
632500,0.030,0.829,0.141
633000,0.030,0.745,0.225
633500,0.030,0.725,0.245
634000,0.030,0.702,0.268
634500,0.030,0.788,0.182
635000,0.030,0.591,0.379
635500,0.030,0.659,0.311
636000,0.030,0.590,0.380
636500,0.030,0.639,0.331
637000,0.030,0.693,0.277
637500,0.030,0.757,0.213
638000,0.030,0.656,0.314
638500,0.030,0.672,0.298
639000,0.030,0.731,0.239
639500,0.030,0.812,0.158
640000,0.030,0.767,0.203
640500,0.030,0.732,0.238
641000,0.030,0.586,0.384
641500,0.030,0.623,0.347
642000,0.030,0.614,0.356
642500,0.030,0.736,0.234
643000,0.030,0.658,0.312
643500,0.030,0.741,0.229
644000,0.030,0.773,0.197
644500,0.030,0.679,0.291
645000,0.030,0.653,0.317
645500,0.030,0.736,0.234
646000,0.030,0.656,0.314
646500,0.030,0.681,0.289
647000,0.030,0.673,0.297
647500,0.030,0.646,0.324
648000,0.030,0.687,0.283
648500,0.030,0.703,0.267
649000,0.030,0.640,0.330
649500,0.030,0.747,0.223
650000,0.030,0.779,0.191
650500,0.030,0.718,0.252
651000,0.030,0.756,0.214
651500,0.030,0.774,0.196
652000,0.030,0.746,0.224
652500,0.030,0.660,0.310
653000,0.030,0.718,0.252
653500,0.030,0.677,0.293
654000,0.030,0.731,0.239
654500,0.030,0.715,0.255
655000,0.030,0.694,0.276
655500,0.030,0.628,0.342
656000,0.030,0.636,0.334
656500,0.030,0.642,0.328
657000,0.030,0.626,0.344
657500,0.030,0.618,0.352
658000,0.030,0.628,0.342
658500,0.030,0.692,0.278
659000,0.030,0.610,0.360
659500,0.030,0.717,0.253
660000,0.030,0.774,0.196
660500,0.030,0.678,0.292
661000,0.030,0.660,0.310
661500,0.030,0.610,0.360
662000,0.030,0.636,0.334
662500,0.030,0.677,0.293
663000,0.030,0.603,0.367
663500,0.030,0.629,0.341
664000,0.030,0.663,0.307
664500,0.030,0.717,0.253
665000,0.030,0.640,0.330
665500,0.030,0.675,0.295
666000,0.030,0.676,0.294
666500,0.030,0.707,0.263
667000,0.030,0.565,0.405
667500,0.030,0.658,0.312
668000,0.030,0.689,0.281
668500,0.030,0.707,0.263
669000,0.030,0.678,0.292
669500,0.030,0.621,0.349
670000,0.030,0.568,0.402
670500,0.030,0.529,0.441
671000,0.030,0.648,0.322
671500,0.030,0.707,0.263
672000,0.030,0.684,0.286
672500,0.030,0.659,0.311
673000,0.030,0.691,0.279
673500,0.030,0.678,0.292
674000,0.030,0.591,0.379
674500,0.030,0.595,0.375
675000,0.030,0.589,0.381
675500,0.030,0.579,0.391
676000,0.030,0.703,0.267
676500,0.030,0.774,0.196
677000,0.030,0.706,0.264
677500,0.030,0.714,0.256
678000,0.030,0.691,0.279
678500,0.036,0.585,0.379
679000,0.030,0.678,0.292
679500,0.030,0.586,0.384
680000,0.030,0.655,0.315
680500,0.030,0.665,0.305
681000,0.030,0.658,0.312
681500,0.030,0.772,0.198
682000,0.030,0.740,0.230
682500,0.030,0.734,0.236
683000,0.030,0.702,0.268
683500,0.030,0.742,0.228
684000,0.030,0.648,0.322
684500,0.030,0.669,0.301
685000,0.030,0.552,0.418
685500,0.030,0.561,0.409
686000,0.030,0.619,0.351
686500,0.030,0.700,0.270
687000,0.030,0.691,0.279
687500,0.030,0.679,0.291
688000,0.030,0.693,0.277
688500,0.030,0.668,0.302
689000,0.030,0.656,0.314
689500,0.030,0.728,0.242
690000,0.030,0.658,0.312
690500,0.030,0.756,0.214
691000,0.030,0.723,0.247
691500,0.030,0.746,0.224
692000,0.030,0.627,0.343
692500,0.030,0.554,0.416
693000,0.030,0.613,0.357
693500,0.030,0.663,0.307
694000,0.030,0.642,0.328
694500,0.030,0.768,0.202
695000,0.030,0.724,0.246
695500,0.030,0.684,0.286
696000,0.030,0.727,0.243
696500,0.030,0.712,0.258
697000,0.030,0.615,0.355
697500,0.030,0.686,0.284
698000,0.030,0.664,0.306
698500,0.030,0.745,0.225
699000,0.030,0.682,0.288
699500,0.030,0.718,0.252
700000,0.030,0.730,0.240
700500,0.030,0.633,0.337
701000,0.030,0.625,0.345
701500,0.030,0.659,0.311
702000,0.030,0.635,0.335
702500,0.030,0.654,0.316
703000,0.030,0.676,0.294
703500,0.030,0.700,0.270
704000,0.030,0.652,0.318
704500,0.030,0.705,0.265
705000,0.030,0.609,0.361
705500,0.030,0.689,0.281
706000,0.030,0.790,0.180
706500,0.030,0.775,0.195
707000,0.030,0.692,0.278
707500,0.030,0.669,0.301
708000,0.030,0.693,0.277
708500,0.030,0.803,0.167
709000,0.030,0.710,0.260
709500,0.030,0.762,0.208
710000,0.030,0.761,0.209
710500,0.030,0.739,0.231
711000,0.030,0.673,0.297
711500,0.030,0.682,0.288
712000,0.030,0.750,0.220
712500,0.030,0.768,0.202
713000,0.030,0.611,0.359
713500,0.030,0.676,0.294
714000,0.030,0.667,0.303
714500,0.030,0.641,0.329
715000,0.030,0.698,0.272
715500,0.030,0.672,0.298
716000,0.030,0.639,0.331
716500,0.030,0.635,0.335
717000,0.030,0.656,0.314
717500,0.030,0.753,0.217
718000,0.030,0.564,0.406
718500,0.036,0.539,0.425
719000,0.030,0.617,0.353
719500,0.030,0.650,0.320
720000,0.030,0.760,0.210
720500,0.030,0.670,0.300
721000,0.030,0.745,0.225
721500,0.030,0.631,0.339
722000,0.030,0.776,0.194
722500,0.030,0.805,0.165
723000,0.030,0.729,0.241
723500,0.030,0.724,0.246
724000,0.030,0.685,0.285
724500,0.030,0.767,0.203
725000,0.030,0.674,0.296
725500,0.030,0.634,0.336
726000,0.030,0.723,0.247
726500,0.030,0.656,0.314
727000,0.030,0.693,0.277
727500,0.030,0.742,0.228
728000,0.030,0.788,0.182
728500,0.030,0.773,0.197
729000,0.030,0.741,0.229
729500,0.030,0.724,0.246
730000,0.030,0.678,0.292
730500,0.030,0.677,0.293
731000,0.030,0.664,0.306
731500,0.030,0.655,0.315
732000,0.030,0.685,0.285
732500,0.030,0.667,0.303
733000,0.030,0.617,0.353
733500,0.030,0.739,0.231
734000,0.030,0.711,0.259
734500,0.030,0.718,0.252
735000,0.030,0.693,0.277
735500,0.030,0.735,0.235
736000,0.030,0.710,0.260
736500,0.030,0.709,0.261
737000,0.030,0.707,0.263
737500,0.030,0.698,0.272
738000,0.030,0.633,0.337
738500,0.030,0.664,0.306
739000,0.030,0.654,0.316
739500,0.030,0.591,0.379
740000,0.030,0.664,0.306
740500,0.030,0.679,0.291
741000,0.030,0.679,0.291
741500,0.030,0.705,0.265
742000,0.030,0.785,0.185
742500,0.030,0.692,0.278
743000,0.030,0.714,0.256
743500,0.030,0.783,0.187
744000,0.030,0.764,0.206
744500,0.030,0.741,0.229
745000,0.030,0.692,0.278
745500,0.030,0.604,0.366
746000,0.030,0.688,0.282
746500,0.030,0.649,0.321
747000,0.030,0.647,0.323
747500,0.030,0.695,0.275
748000,0.030,0.668,0.302
748500,0.030,0.561,0.409
749000,0.030,0.625,0.345
749500,0.030,0.664,0.306
750000,0.030,0.649,0.321
750500,0.030,0.796,0.174
751000,0.030,0.735,0.235
751500,0.030,0.731,0.239
752000,0.030,0.728,0.242
752500,0.030,0.766,0.204
753000,0.030,0.822,0.148
753500,0.030,0.739,0.231
754000,0.030,0.612,0.358
754500,0.030,0.668,0.302
755000,0.030,0.725,0.245
755500,0.030,0.714,0.256
756000,0.030,0.708,0.262
756500,0.030,0.725,0.245
757000,0.030,0.601,0.369
757500,0.030,0.663,0.307
758000,0.030,0.682,0.288
758500,0.030,0.620,0.350
759000,0.030,0.758,0.212
759500,0.030,0.805,0.165
760000,0.030,0.652,0.318
760500,0.030,0.672,0.298
761000,0.030,0.743,0.227
761500,0.030,0.730,0.240
762000,0.030,0.714,0.256
762500,0.030,0.717,0.253
763000,0.030,0.706,0.264
763500,0.030,0.743,0.227
764000,0.030,0.674,0.296
764500,0.030,0.743,0.227
765000,0.030,0.722,0.248
765500,0.030,0.629,0.341
766000,0.030,0.624,0.346
766500,0.030,0.709,0.261
767000,0.030,0.698,0.272
767500,0.030,0.615,0.355
768000,0.030,0.644,0.326
768500,0.030,0.715,0.255
769000,0.030,0.675,0.295
769500,0.030,0.614,0.356
770000,0.030,0.671,0.299
770500,0.030,0.692,0.278
771000,0.030,0.615,0.355
771500,0.030,0.629,0.341
772000,0.030,0.652,0.318
772500,0.030,0.642,0.328
773000,0.030,0.720,0.250
773500,0.030,0.672,0.298
774000,0.030,0.736,0.234
774500,0.030,0.754,0.216
775000,0.030,0.722,0.248
775500,0.030,0.665,0.305
776000,0.030,0.673,0.297
776500,0.030,0.670,0.300
777000,0.030,0.620,0.350
777500,0.030,0.672,0.298
778000,0.030,0.605,0.365
778500,0.030,0.622,0.348
779000,0.030,0.647,0.323
779500,0.030,0.625,0.345
780000,0.030,0.692,0.278
780500,0.030,0.703,0.267
781000,0.030,0.695,0.275
781500,0.030,0.759,0.211
782000,0.030,0.692,0.278
782500,0.030,0.694,0.276
783000,0.030,0.731,0.239
783500,0.030,0.729,0.241
784000,0.030,0.783,0.187
784500,0.030,0.788,0.182
785000,0.030,0.774,0.196
785500,0.030,0.700,0.270
786000,0.030,0.666,0.304
786500,0.030,0.618,0.352
787000,0.030,0.681,0.289
787500,0.030,0.638,0.332
788000,0.030,0.681,0.289
788500,0.030,0.660,0.310
789000,0.030,0.611,0.359
789500,0.030,0.624,0.346
790000,0.030,0.612,0.358
790500,0.030,0.606,0.364
791000,0.030,0.702,0.268
791500,0.030,0.748,0.222
792000,0.030,0.752,0.218
792500,0.030,0.854,0.116
793000,0.030,0.732,0.238
793500,0.030,0.742,0.228
794000,0.030,0.734,0.236
794500,0.030,0.844,0.126
795000,0.030,0.756,0.214
795500,0.030,0.786,0.184
796000,0.030,0.765,0.205
796500,0.030,0.660,0.310
797000,0.030,0.666,0.304
797500,0.030,0.755,0.215
798000,0.030,0.774,0.196
798500,0.030,0.765,0.205
799000,0.030,0.707,0.263
799500,0.030,0.662,0.308
800000,0.030,0.725,0.245
800500,0.030,0.619,0.351
801000,0.030,0.752,0.218
801500,0.030,0.697,0.273
802000,0.030,0.675,0.295
802500,0.030,0.683,0.287
803000,0.030,0.742,0.228
803500,0.030,0.737,0.233
804000,0.030,0.785,0.185
804500,0.030,0.698,0.272
805000,0.030,0.754,0.216
805500,0.030,0.655,0.315
806000,0.030,0.706,0.264
806500,0.030,0.748,0.222
807000,0.030,0.729,0.241
807500,0.030,0.751,0.219
808000,0.035,0.652,0.313
808500,0.030,0.659,0.311
809000,0.030,0.627,0.343
809500,0.030,0.695,0.275
810000,0.030,0.688,0.282
810500,0.030,0.771,0.199
811000,0.030,0.612,0.358
811500,0.030,0.661,0.309
812000,0.030,0.617,0.353
812500,0.030,0.642,0.328
813000,0.030,0.653,0.317
813500,0.030,0.647,0.323
814000,0.030,0.596,0.374
814500,0.030,0.675,0.295
815000,0.030,0.667,0.303
815500,0.030,0.682,0.288
816000,0.030,0.712,0.258
816500,0.030,0.776,0.194
817000,0.030,0.724,0.246
817500,0.030,0.708,0.262
818000,0.030,0.687,0.283
818500,0.030,0.702,0.268
819000,0.030,0.716,0.254
819500,0.030,0.747,0.223
820000,0.030,0.788,0.182
820500,0.030,0.785,0.185
821000,0.030,0.761,0.209
821500,0.030,0.738,0.232
822000,0.030,0.814,0.156
822500,0.030,0.802,0.168
823000,0.030,0.774,0.196
823500,0.030,0.694,0.276
824000,0.030,0.660,0.310
824500,0.030,0.730,0.240
825000,0.030,0.693,0.277
825500,0.030,0.704,0.266
826000,0.030,0.687,0.283
826500,0.030,0.688,0.282
827000,0.030,0.597,0.373
827500,0.030,0.737,0.233
828000,0.030,0.716,0.254
828500,0.030,0.724,0.246
829000,0.030,0.668,0.302
829500,0.030,0.777,0.193
830000,0.030,0.755,0.215
830500,0.030,0.638,0.332
831000,0.030,0.660,0.310
831500,0.030,0.689,0.281
832000,0.030,0.601,0.369
832500,0.030,0.657,0.313
833000,0.030,0.695,0.275
833500,0.030,0.691,0.279
834000,0.030,0.735,0.235
834500,0.030,0.668,0.302
835000,0.030,0.550,0.420
835500,0.030,0.615,0.355
836000,0.030,0.749,0.221
836500,0.030,0.673,0.297
837000,0.030,0.639,0.331
837500,0.030,0.670,0.300
838000,0.030,0.642,0.328
838500,0.030,0.588,0.382
839000,0.030,0.624,0.346
839500,0.030,0.634,0.336
840000,0.030,0.599,0.371
840500,0.030,0.717,0.253
841000,0.030,0.688,0.282
841500,0.030,0.744,0.226
842000,0.030,0.667,0.303
842500,0.030,0.721,0.249
843000,0.030,0.759,0.211
843500,0.030,0.682,0.288
844000,0.030,0.635,0.335
844500,0.030,0.694,0.276
845000,0.030,0.664,0.306
845500,0.030,0.700,0.270
846000,0.030,0.648,0.322
846500,0.030,0.777,0.193
847000,0.030,0.756,0.214
847500,0.030,0.646,0.324
848000,0.030,0.740,0.230
848500,0.030,0.681,0.289
849000,0.030,0.840,0.130
849500,0.030,0.727,0.243
850000,0.030,0.742,0.228
850500,0.030,0.755,0.215
851000,0.030,0.598,0.372
851500,0.030,0.649,0.321
852000,0.030,0.685,0.285
852500,0.030,0.665,0.305
853000,0.030,0.588,0.382
853500,0.030,0.637,0.333
854000,0.030,0.628,0.342
854500,0.030,0.690,0.280
855000,0.030,0.697,0.273
855500,0.030,0.673,0.297
856000,0.030,0.630,0.340
856500,0.030,0.681,0.289
857000,0.030,0.694,0.276
857500,0.030,0.653,0.317
858000,0.030,0.643,0.327
858500,0.030,0.629,0.341
859000,0.030,0.663,0.307
859500,0.030,0.681,0.289
860000,0.030,0.717,0.253
860500,0.030,0.619,0.351
861000,0.030,0.638,0.332
861500,0.032,0.624,0.344
862000,0.030,0.605,0.365
862500,0.030,0.660,0.310
863000,0.030,0.677,0.293
863500,0.030,0.756,0.214
864000,0.030,0.763,0.207
864500,0.030,0.629,0.341
865000,0.030,0.798,0.172
865500,0.030,0.739,0.231
866000,0.030,0.701,0.269
866500,0.030,0.678,0.292
867000,0.030,0.691,0.279
867500,0.030,0.743,0.227
868000,0.030,0.629,0.341
868500,0.030,0.715,0.255
869000,0.030,0.645,0.325
869500,0.030,0.712,0.258
870000,0.030,0.691,0.279
870500,0.030,0.712,0.258
871000,0.030,0.669,0.301
871500,0.030,0.645,0.325
872000,0.030,0.663,0.307
872500,0.030,0.617,0.353
873000,0.030,0.674,0.296
873500,0.030,0.697,0.273
874000,0.030,0.651,0.319
874500,0.030,0.591,0.379
875000,0.030,0.686,0.284
875500,0.030,0.775,0.195
876000,0.030,0.778,0.192
876500,0.030,0.725,0.245
877000,0.030,0.713,0.257
877500,0.030,0.689,0.281
878000,0.030,0.670,0.300
878500,0.030,0.674,0.296
879000,0.030,0.713,0.257
879500,0.030,0.674,0.296
880000,0.030,0.675,0.295
880500,0.030,0.690,0.280
881000,0.030,0.724,0.246
881500,0.030,0.744,0.226
882000,0.030,0.744,0.226
882500,0.030,0.746,0.224
883000,0.030,0.691,0.279
883500,0.030,0.742,0.228
884000,0.030,0.722,0.248
884500,0.030,0.626,0.344
885000,0.030,0.658,0.312
885500,0.030,0.608,0.362
886000,0.030,0.623,0.347
886500,0.030,0.636,0.334
887000,0.030,0.717,0.253
887500,0.030,0.719,0.251
888000,0.030,0.660,0.310
888500,0.030,0.646,0.324
889000,0.030,0.765,0.205
889500,0.030,0.709,0.261
890000,0.030,0.696,0.274
890500,0.030,0.746,0.224
891000,0.030,0.693,0.277
891500,0.030,0.638,0.332
892000,0.030,0.721,0.249
892500,0.030,0.779,0.191
893000,0.030,0.743,0.227
893500,0.030,0.688,0.282
894000,0.030,0.636,0.334
894500,0.030,0.643,0.327
895000,0.030,0.740,0.230
895500,0.030,0.759,0.211
896000,0.030,0.675,0.295
896500,0.030,0.708,0.262
897000,0.030,0.695,0.275
897500,0.030,0.721,0.249
898000,0.030,0.736,0.234
898500,0.030,0.618,0.352
899000,0.030,0.623,0.347
899500,0.030,0.649,0.321
900000,0.030,0.588,0.382
900500,0.030,0.690,0.280
901000,0.030,0.763,0.207
901500,0.030,0.677,0.293
902000,0.030,0.567,0.403
902500,0.030,0.602,0.368
903000,0.030,0.631,0.339
903500,0.030,0.638,0.332
904000,0.030,0.683,0.287
904500,0.030,0.738,0.232
905000,0.030,0.708,0.262
905500,0.030,0.730,0.240
906000,0.030,0.759,0.211
906500,0.030,0.704,0.266
907000,0.030,0.614,0.356
907500,0.030,0.631,0.339
908000,0.030,0.646,0.324
908500,0.030,0.674,0.296
909000,0.030,0.662,0.308
909500,0.030,0.668,0.302
910000,0.030,0.574,0.396
910500,0.030,0.592,0.378
911000,0.030,0.691,0.279
911500,0.030,0.659,0.311
912000,0.030,0.590,0.380
912500,0.030,0.690,0.280
913000,0.030,0.804,0.166
913500,0.030,0.794,0.176
914000,0.030,0.675,0.295
914500,0.030,0.702,0.268
915000,0.030,0.662,0.308
915500,0.030,0.672,0.298
916000,0.030,0.765,0.205
916500,0.030,0.795,0.175
917000,0.030,0.707,0.263
917500,0.030,0.716,0.254
918000,0.030,0.655,0.315
918500,0.030,0.567,0.403
919000,0.030,0.550,0.420
919500,0.030,0.702,0.268
920000,0.030,0.712,0.258
920500,0.030,0.751,0.219
921000,0.030,0.704,0.266
921500,0.030,0.733,0.237
922000,0.030,0.785,0.185
922500,0.030,0.834,0.136
923000,0.030,0.721,0.249
923500,0.030,0.666,0.304
924000,0.030,0.669,0.301
924500,0.030,0.735,0.235
925000,0.030,0.800,0.170
925500,0.030,0.755,0.215
926000,0.030,0.645,0.325
926500,0.030,0.655,0.315
927000,0.030,0.699,0.271
927500,0.030,0.713,0.257
928000,0.030,0.745,0.225
928500,0.030,0.602,0.368
929000,0.030,0.660,0.310
929500,0.030,0.607,0.363
930000,0.030,0.609,0.361
930500,0.030,0.552,0.418
931000,0.030,0.615,0.355
931500,0.030,0.665,0.305
932000,0.030,0.707,0.263
932500,0.030,0.746,0.224
933000,0.030,0.650,0.320
933500,0.030,0.714,0.256
934000,0.030,0.681,0.289
934500,0.030,0.689,0.281
935000,0.030,0.638,0.332
935500,0.030,0.568,0.402
936000,0.030,0.689,0.281
936500,0.030,0.714,0.256
937000,0.030,0.721,0.249
937500,0.030,0.720,0.250
938000,0.030,0.775,0.195
938500,0.030,0.629,0.341
939000,0.030,0.651,0.319
939500,0.030,0.815,0.155
940000,0.030,0.765,0.205
940500,0.030,0.770,0.200
941000,0.030,0.715,0.255
941500,0.030,0.682,0.288
942000,0.030,0.750,0.220
942500,0.030,0.684,0.286
943000,0.030,0.680,0.290
943500,0.030,0.711,0.259
944000,0.030,0.618,0.352
944500,0.030,0.728,0.242
945000,0.030,0.749,0.221
945500,0.030,0.717,0.253
946000,0.030,0.629,0.341
946500,0.030,0.674,0.296
947000,0.030,0.625,0.345
947500,0.030,0.609,0.361
948000,0.030,0.607,0.363
948500,0.030,0.660,0.310
949000,0.030,0.751,0.219
949500,0.030,0.621,0.349
950000,0.030,0.634,0.336
950500,0.030,0.678,0.292
951000,0.030,0.634,0.336
951500,0.030,0.665,0.305
952000,0.030,0.647,0.323
952500,0.030,0.744,0.226
953000,0.030,0.799,0.171
953500,0.030,0.724,0.246
954000,0.030,0.638,0.332
954500,0.030,0.740,0.230
955000,0.030,0.735,0.235
955500,0.030,0.627,0.343
956000,0.030,0.743,0.227
956500,0.030,0.700,0.270
957000,0.030,0.656,0.314
957500,0.030,0.587,0.383
958000,0.030,0.660,0.310
958500,0.030,0.601,0.369
959000,0.030,0.762,0.208
959500,0.030,0.726,0.244
960000,0.030,0.712,0.258
960500,0.030,0.711,0.259
961000,0.030,0.717,0.253
961500,0.030,0.714,0.256
962000,0.030,0.653,0.317
962500,0.030,0.756,0.214
963000,0.030,0.798,0.172
963500,0.030,0.775,0.195
964000,0.030,0.700,0.270
964500,0.030,0.776,0.194
965000,0.030,0.781,0.189
965500,0.030,0.714,0.256
966000,0.030,0.705,0.265
966500,0.030,0.676,0.294
967000,0.030,0.651,0.319
967500,0.030,0.769,0.201
968000,0.030,0.693,0.277
968500,0.030,0.702,0.268
969000,0.030,0.664,0.306
969500,0.030,0.674,0.296
970000,0.030,0.828,0.142
970500,0.030,0.708,0.262
971000,0.030,0.669,0.301
971500,0.030,0.625,0.345
972000,0.030,0.599,0.371
972500,0.030,0.723,0.247
973000,0.030,0.766,0.204
973500,0.030,0.672,0.298
974000,0.030,0.702,0.268
974500,0.030,0.581,0.389
975000,0.030,0.684,0.286
975500,0.030,0.606,0.364
976000,0.030,0.639,0.331
976500,0.030,0.644,0.326
977000,0.030,0.661,0.309
977500,0.030,0.764,0.206
978000,0.030,0.730,0.240
978500,0.030,0.642,0.328
979000,0.030,0.567,0.403
979500,0.030,0.685,0.285
980000,0.030,0.660,0.310
980500,0.030,0.638,0.332
981000,0.030,0.673,0.297
981500,0.030,0.796,0.174
982000,0.030,0.752,0.218
982500,0.030,0.811,0.159
983000,0.030,0.743,0.227
983500,0.030,0.737,0.233
984000,0.030,0.698,0.272
984500,0.030,0.649,0.321
985000,0.030,0.643,0.327
985500,0.030,0.671,0.299
986000,0.030,0.744,0.226
986500,0.030,0.730,0.240
987000,0.030,0.737,0.233
987500,0.030,0.637,0.333
988000,0.030,0.644,0.326
988500,0.030,0.631,0.339
989000,0.030,0.673,0.297
989500,0.030,0.697,0.273
990000,0.030,0.797,0.173
990500,0.030,0.596,0.374
991000,0.030,0.567,0.403
991500,0.030,0.575,0.395
992000,0.030,0.689,0.281
992500,0.030,0.673,0.297
993000,0.030,0.649,0.321
993500,0.030,0.719,0.251
994000,0.030,0.666,0.304
994500,0.030,0.722,0.248
995000,0.030,0.696,0.274
995500,0.030,0.611,0.359
996000,0.030,0.629,0.341
996500,0.030,0.552,0.418
997000,0.030,0.568,0.402
997500,0.030,0.636,0.334
998000,0.030,0.643,0.327
998500,0.030,0.741,0.229
999000,0.030,0.744,0.226
999500,0.030,0.692,0.278
1000000,0.030,0.727,0.243
