time,n_A+p,n_B,n_AB
1000,0.161,0.218,0.621
2000,0.179,0.243,0.578
3000,0.128,0.237,0.635
4000,0.083,0.342,0.575
5000,0.017,0.538,0.445
6000,0.002,0.737,0.261
7000,0.000,0.823,0.177
8000,0.000,0.844,0.156
9000,0.000,0.855,0.145
10000,0.000,0.898,0.102
11000,0.000,0.922,0.078
12000,0.000,0.941,0.059
13000,0.000,0.956,0.044
14000,0.000,0.946,0.054
15000,0.000,0.943,0.057
16000,0.000,0.968,0.032
17000,0.000,0.957,0.043
18000,0.000,0.965,0.035
19000,0.000,0.942,0.058
20000,0.000,0.976,0.024
21000,0.000,0.972,0.028
22000,0.000,0.975,0.025
23000,0.000,0.960,0.040
24000,0.000,0.978,0.022
25000,0.000,0.995,0.005
26000,0.000,1.000,0.000
