time,n_A+p,n_B,n_AB
100,0.335,0.488,0.178
200,0.269,0.471,0.260
300,0.240,0.450,0.310
400,0.202,0.475,0.322
500,0.227,0.467,0.306
600,0.194,0.525,0.281
700,0.178,0.521,0.302
800,0.153,0.521,0.326
900,0.145,0.517,0.339
1000,0.153,0.550,0.298
1100,0.128,0.636,0.236
1200,0.116,0.624,0.260
1300,0.099,0.591,0.310
1400,0.132,0.574,0.293
1500,0.182,0.537,0.281
1600,0.165,0.595,0.240
1700,0.145,0.591,0.264
1800,0.153,0.612,0.236
1900,0.149,0.599,0.252
2000,0.132,0.612,0.256
2100,0.070,0.669,0.260
2200,0.083,0.657,0.260
2300,0.107,0.678,0.215
2400,0.107,0.669,0.223
2500,0.091,0.674,0.236
2600,0.116,0.682,0.202
2700,0.140,0.636,0.223
2800,0.103,0.669,0.227
2900,0.095,0.665,0.240
3000,0.103,0.636,0.260
3100,0.153,0.595,0.252
3200,0.095,0.603,0.302
3300,0.087,0.620,0.293
3400,0.112,0.612,0.277
3500,0.116,0.682,0.202
3600,0.091,0.690,0.219
3700,0.079,0.711,0.211
3800,0.074,0.682,0.244
3900,0.107,0.665,0.227
4000,0.120,0.678,0.202
4100,0.116,0.640,0.244
4200,0.103,0.682,0.215
4300,0.066,0.682,0.252
4400,0.070,0.702,0.227
4500,0.083,0.715,0.202
4600,0.054,0.727,0.219
4700,0.066,0.744,0.190
4800,0.045,0.760,0.194
4900,0.045,0.777,0.178
5000,0.037,0.798,0.165
5100,0.029,0.814,0.157
5200,0.037,0.826,0.136
5300,0.037,0.843,0.120
5400,0.037,0.888,0.074
5500,0.033,0.909,0.058
5600,0.017,0.901,0.083
5700,0.017,0.901,0.083
5800,0.012,0.909,0.079
5900,0.021,0.909,0.070
6000,0.021,0.893,0.087
6100,0.017,0.884,0.099
6200,0.017,0.917,0.066
6300,0.017,0.938,0.045
6400,0.017,0.946,0.037
6500,0.017,0.938,0.045
6600,0.012,0.946,0.041
6700,0.000,0.950,0.050
6800,0.000,0.955,0.045
6900,0.000,0.942,0.058
7000,0.000,0.942,0.058
7100,0.008,0.942,0.050
7200,0.000,0.967,0.033
7300,0.000,0.983,0.017
7400,0.000,0.967,0.033
7500,0.000,0.967,0.033
7600,0.000,0.979,0.021
7700,0.000,0.988,0.012
7800,0.000,0.971,0.029
7900,0.000,0.979,0.021
8000,0.000,0.975,0.025
8100,0.000,0.963,0.037
8200,0.000,0.979,0.021
8300,0.000,0.992,0.008
8400,0.000,1.000,0.000
