time,n_A+p,n_B,n_AB
500,0.080,0.796,0.124
1000,0.080,0.665,0.255
1500,0.083,0.521,0.396
2000,0.083,0.478,0.439
2500,0.100,0.412,0.488
3000,0.100,0.378,0.522
3500,0.148,0.353,0.499
4000,0.139,0.279,0.582
4500,0.172,0.228,0.600
5000,0.186,0.182,0.632
5500,0.244,0.172,0.584
6000,0.324,0.139,0.537
6500,0.381,0.061,0.558
7000,0.472,0.035,0.493
7500,0.559,0.005,0.436
8000,0.665,0.002,0.333
8500,0.731,0.003,0.266
9000,0.759,0.000,0.241
9500,0.818,0.000,0.182
10000,0.856,0.000,0.144
10500,0.876,0.000,0.124
11000,0.884,0.000,0.116
11500,0.905,0.000,0.095
12000,0.903,0.000,0.097
12500,0.944,0.000,0.056
13000,0.946,0.000,0.054
13500,0.963,0.000,0.037
14000,0.976,0.000,0.024
14500,0.986,0.000,0.014
15000,0.992,0.000,0.008
15500,0.987,0.000,0.013
16000,0.994,0.000,0.006
16500,1.000,0.000,0.000
