time,n_A+p,n_B,n_AB
0,0.449,0.551,0.000
500,0.295,0.337,0.367
1000,0.266,0.328,0.407
1500,0.258,0.342,0.400
2000,0.233,0.335,0.432
2500,0.278,0.290,0.432
3000,0.253,0.248,0.499
3500,0.228,0.310,0.462
4000,0.203,0.288,0.509
4500,0.226,0.285,0.489
5000,0.211,0.397,0.392
5500,0.231,0.400,0.370
6000,0.203,0.360,0.437
6500,0.211,0.372,0.417
7000,0.189,0.372,0.439
7500,0.211,0.315,0.474
8000,0.273,0.270,0.457
8500,0.251,0.285,0.464
9000,0.251,0.310,0.439
9500,0.228,0.315,0.457
10000,0.226,0.298,0.476
10500,0.243,0.333,0.424
11000,0.236,0.318,0.447
11500,0.179,0.360,0.462
12000,0.246,0.300,0.454
12500,0.275,0.315,0.409
13000,0.268,0.283,0.449
13500,0.278,0.251,0.471
14000,0.263,0.278,0.459
14500,0.275,0.253,0.471
15000,0.313,0.270,0.417
15500,0.285,0.258,0.457
16000,0.236,0.300,0.464
16500,0.233,0.253,0.514
17000,0.283,0.253,0.464
17500,0.290,0.253,0.457
18000,0.298,0.253,0.449
18500,0.325,0.243,0.432
19000,0.308,0.221,0.471
19500,0.340,0.186,0.474
20000,0.345,0.216,0.439
20500,0.355,0.186,0.459
21000,0.397,0.151,0.452
21500,0.395,0.176,0.429
22000,0.385,0.164,0.452
22500,0.308,0.181,0.511
23000,0.320,0.199,0.481
23500,0.328,0.161,0.511
24000,0.310,0.181,0.509
24500,0.375,0.184,0.442
25000,0.407,0.156,0.437
25500,0.444,0.154,0.402
26000,0.429,0.151,0.419
26500,0.476,0.122,0.402
27000,0.454,0.139,0.407
27500,0.462,0.139,0.400
28000,0.479,0.112,0.409
28500,0.496,0.087,0.417
29000,0.506,0.097,0.397
29500,0.491,0.104,0.404
30000,0.474,0.136,0.390
30500,0.404,0.144,0.452
31000,0.464,0.146,0.390
31500,0.464,0.149,0.387
32000,0.489,0.136,0.375
32500,0.471,0.127,0.402
33000,0.524,0.092,0.385
33500,0.556,0.094,0.350
34000,0.568,0.062,0.370
34500,0.533,0.089,0.377
35000,0.546,0.097,0.357
35500,0.526,0.084,0.390
36000,0.533,0.089,0.377
36500,0.511,0.107,0.382
37000,0.536,0.084,0.380
37500,0.553,0.092,0.355
38000,0.521,0.089,0.390
38500,0.546,0.060,0.395
39000,0.573,0.077,0.350
39500,0.526,0.074,0.400
40000,0.504,0.079,0.417
40500,0.543,0.084,0.372
41000,0.593,0.062,0.345
41500,0.608,0.065,0.328
42000,0.553,0.079,0.367
42500,0.551,0.084,0.365
43000,0.556,0.065,0.380
43500,0.596,0.077,0.328
44000,0.633,0.050,0.318
44500,0.653,0.037,0.310
45000,0.725,0.042,0.233
45500,0.737,0.027,0.236
46000,0.739,0.030,0.231
46500,0.759,0.015,0.226
47000,0.787,0.017,0.196
47500,0.782,0.025,0.194
48000,0.715,0.022,0.263
48500,0.717,0.030,0.253
49000,0.720,0.015,0.266
49500,0.725,0.030,0.246
50000,0.705,0.017,0.278
50500,0.737,0.020,0.243
51000,0.757,0.030,0.213
51500,0.792,0.010,0.199
52000,0.794,0.010,0.196
52500,0.821,0.012,0.166
53000,0.859,0.007,0.134
53500,0.821,0.015,0.164
54000,0.801,0.020,0.179
54500,0.764,0.027,0.208
55000,0.767,0.020,0.213
55500,0.764,0.032,0.203
56000,0.801,0.022,0.176
56500,0.789,0.025,0.186
57000,0.762,0.015,0.223
57500,0.792,0.015,0.194
58000,0.846,0.012,0.141
58500,0.861,0.015,0.124
59000,0.876,0.007,0.117
59500,0.896,0.007,0.097
60000,0.906,0.005,0.089
60500,0.911,0.007,0.082
61000,0.940,0.005,0.055
61500,0.926,0.007,0.067
62000,0.918,0.007,0.074
62500,0.931,0.005,0.065
63000,0.948,0.005,0.047
63500,0.940,0.005,0.055
64000,0.945,0.005,0.050
64500,0.945,0.005,0.050
65000,0.938,0.005,0.057
65500,0.950,0.005,0.045
66000,0.963,0.002,0.035
66500,0.973,0.002,0.025
67000,0.978,0.002,0.020
67500,0.975,0.002,0.022
68000,0.980,0.002,0.017
68500,0.983,0.002,0.015
69000,0.988,0.002,0.010
69500,0.990,0.002,0.007
70000,0.988,0.002,0.010
70500,0.985,0.002,0.012
71000,0.978,0.002,0.020
71500,0.970,0.002,0.027
72000,0.970,0.002,0.027
72500,0.978,0.002,0.020
73000,0.975,0.002,0.022
73500,0.973,0.002,0.025
74000,0.980,0.002,0.017
74500,0.990,0.000,0.010
75000,0.993,0.000,0.007
75500,0.995,0.000,0.005
76000,0.995,0.000,0.005
76500,0.995,0.000,0.005
77000,0.995,0.000,0.005
77500,0.995,0.000,0.005
78000,0.995,0.000,0.005
78500,0.995,0.000,0.005
79000,0.995,0.000,0.005
79500,0.995,0.000,0.005
80000,0.995,0.000,0.005
80500,0.995,0.000,0.005
81000,0.995,0.000,0.005
81500,0.995,0.000,0.005
82000,0.995,0.000,0.005
82500,0.998,0.000,0.002
83000,0.998,0.000,0.002
83500,0.998,0.000,0.002
84000,0.998,0.000,0.002
84500,0.995,0.000,0.005
85000,0.995,0.000,0.005
85500,0.990,0.000,0.010
86000,0.995,0.000,0.005
86500,0.995,0.000,0.005
87000,1.000,0.000,0.000
