time,n_A+p,n_B,n_AB
100,0.022,0.978,0.000
200,0.022,0.978,0.000
300,0.022,0.902,0.076
400,0.022,0.902,0.076
500,0.022,0.935,0.043
600,0.022,0.935,0.043
700,0.022,0.902,0.076
800,0.022,0.848,0.130
900,0.022,0.783,0.196
1000,0.033,0.793,0.174
1100,0.022,0.826,0.152
1200,0.022,0.924,0.054
1300,0.022,0.913,0.065
1400,0.022,0.902,0.076
1500,0.022,0.913,0.065
1600,0.022,0.870,0.109
1700,0.022,0.859,0.120
1800,0.043,0.837,0.120
1900,0.043,0.870,0.087
2000,0.043,0.837,0.120
2100,0.043,0.772,0.185
2200,0.054,0.717,0.228
2300,0.043,0.685,0.272
2400,0.087,0.761,0.152
2500,0.065,0.728,0.207
2600,0.065,0.728,0.207
2700,0.065,0.793,0.141
2800,0.065,0.707,0.228
2900,0.076,0.783,0.141
3000,0.098,0.728,0.174
3100,0.054,0.641,0.304
3200,0.043,0.707,0.250
3300,0.022,0.739,0.239
3400,0.043,0.870,0.087
3500,0.043,0.804,0.152
3600,0.054,0.761,0.185
3700,0.033,0.804,0.163
3800,0.033,0.804,0.163
3900,0.054,0.772,0.174
4000,0.087,0.739,0.174
4100,0.098,0.717,0.185
4200,0.087,0.772,0.141
4300,0.065,0.728,0.207
4400,0.065,0.696,0.239
4500,0.098,0.598,0.304
4600,0.098,0.641,0.261
4700,0.065,0.728,0.207
4800,0.022,0.848,0.130
4900,0.033,0.815,0.152
5000,0.033,0.826,0.141
5100,0.033,0.848,0.120
5200,0.033,0.783,0.185
5300,0.087,0.783,0.130
5400,0.098,0.696,0.207
5500,0.087,0.696,0.217
5600,0.043,0.674,0.283
5700,0.098,0.674,0.228
5800,0.098,0.739,0.163
5900,0.065,0.728,0.207
6000,0.043,0.717,0.239
6100,0.054,0.696,0.250
6200,0.098,0.663,0.239
6300,0.098,0.674,0.228
6400,0.152,0.598,0.250
6500,0.120,0.630,0.250
6600,0.163,0.565,0.272
6700,0.120,0.620,0.261
6800,0.087,0.641,0.272
6900,0.098,0.641,0.261
7000,0.087,0.554,0.359
7100,0.163,0.565,0.272
7200,0.217,0.554,0.228
7300,0.163,0.543,0.293
7400,0.152,0.511,0.337
7500,0.141,0.522,0.337
7600,0.130,0.587,0.283
7700,0.174,0.522,0.304
7800,0.174,0.500,0.326
7900,0.152,0.533,0.315
8000,0.283,0.402,0.315
8100,0.283,0.304,0.413
8200,0.304,0.391,0.304
8300,0.348,0.326,0.326
8400,0.457,0.261,0.283
8500,0.446,0.207,0.348
8600,0.435,0.152,0.413
8700,0.543,0.109,0.348
8800,0.685,0.065,0.250
8900,0.674,0.043,0.283
9000,0.696,0.043,0.261
9100,0.750,0.011,0.239
9200,0.783,0.022,0.196
9300,0.848,0.022,0.130
9400,0.826,0.022,0.152
9500,0.880,0.011,0.109
9600,0.880,0.000,0.120
9700,0.891,0.000,0.109
9800,0.870,0.033,0.098
9900,0.815,0.011,0.174
10000,0.870,0.011,0.120
10100,0.880,0.011,0.109
10200,0.902,0.011,0.087
10300,0.935,0.011,0.054
10400,0.957,0.011,0.033
10500,0.946,0.011,0.043
10600,0.967,0.000,0.033
10700,0.978,0.000,0.022
10800,0.989,0.000,0.011
10900,0.989,0.000,0.011
11000,1.000,0.000,0.000
