time,n_A+p,n_B,n_AB
100,0.348,0.478,0.174
200,0.370,0.467,0.163
300,0.391,0.359,0.250
400,0.500,0.293,0.207
500,0.424,0.283,0.293
600,0.489,0.326,0.185
700,0.424,0.391,0.185
800,0.337,0.380,0.283
900,0.489,0.272,0.239
1000,0.565,0.185,0.250
1100,0.750,0.065,0.185
1200,0.750,0.033,0.217
1300,0.902,0.000,0.098
1400,0.924,0.000,0.076
1500,0.989,0.000,0.011
1600,0.989,0.000,0.011
1700,1.000,0.000,0.000
