time,n_A+p,n_B,n_AB
500,0.050,0.366,0.584
1000,0.051,0.194,0.755
1500,0.138,0.056,0.806
2000,0.437,0.001,0.562
2500,0.592,0.000,0.408
3000,0.580,0.000,0.420
3500,0.761,0.000,0.239
4000,0.673,0.000,0.327
4500,0.753,0.000,0.247
5000,0.826,0.000,0.174
5500,0.886,0.000,0.114
6000,0.829,0.000,0.171
6500,0.842,0.000,0.158
7000,0.770,0.000,0.230
7500,0.753,0.000,0.247
8000,0.809,0.000,0.191
8500,0.722,0.000,0.278
9000,0.607,0.000,0.393
9500,0.621,0.000,0.379
10000,0.689,0.000,0.311
10500,0.836,0.000,0.164
11000,0.577,0.000,0.423
11500,0.661,0.000,0.339
12000,0.675,0.000,0.325
12500,0.640,0.000,0.360
13000,0.681,0.000,0.319
13500,0.742,0.000,0.258
14000,0.779,0.000,0.221
14500,0.713,0.000,0.287
15000,0.627,0.000,0.373
15500,0.611,0.000,0.389
16000,0.654,0.000,0.346
16500,0.657,0.000,0.343
17000,0.726,0.000,0.274
17500,0.822,0.000,0.178
18000,0.657,0.000,0.343
18500,0.599,0.000,0.401
19000,0.616,0.000,0.384
19500,0.710,0.000,0.290
20000,0.767,0.000,0.233
20500,0.895,0.000,0.105
21000,0.910,0.000,0.090
21500,0.836,0.000,0.164
22000,0.700,0.000,0.300
22500,0.602,0.000,0.398
23000,0.627,0.000,0.373
23500,0.597,0.000,0.403
24000,0.606,0.000,0.394
24500,0.622,0.000,0.378
25000,0.631,0.000,0.369
25500,0.699,0.000,0.301
26000,0.663,0.000,0.337
26500,0.760,0.000,0.240
27000,0.841,0.000,0.159
27500,0.913,0.000,0.087
28000,0.948,0.000,0.052
28500,0.966,0.000,0.034
29000,0.993,0.000,0.007
29500,0.959,0.000,0.041
30000,0.983,0.000,0.017
30500,1.000,0.000,0.000
