time,n_A+p,n_B,n_AB
500,0.010,0.959,0.031
1000,0.010,0.930,0.059
1500,0.010,0.928,0.061
2000,0.010,0.880,0.110
2500,0.010,0.910,0.080
3000,0.010,0.897,0.093
3500,0.010,0.879,0.111
4000,0.010,0.881,0.109
4500,0.010,0.890,0.100
5000,0.010,0.914,0.076
5500,0.010,0.932,0.057
6000,0.010,0.914,0.076
6500,0.010,0.915,0.075
7000,0.010,0.956,0.034
7500,0.010,0.928,0.061
8000,0.010,0.932,0.057
8500,0.010,0.942,0.048
9000,0.010,0.922,0.068
9500,0.010,0.878,0.112
10000,0.010,0.919,0.071
10500,0.010,0.924,0.066
11000,0.010,0.935,0.054
11500,0.010,0.896,0.094
12000,0.010,0.943,0.047
12500,0.010,0.909,0.081
13000,0.010,0.914,0.076
13500,0.010,0.945,0.045
14000,0.010,0.911,0.079
14500,0.010,0.855,0.135
15000,0.010,0.863,0.127
15500,0.010,0.904,0.086
16000,0.010,0.932,0.057
16500,0.010,0.927,0.063
17000,0.010,0.911,0.079
17500,0.010,0.933,0.057
18000,0.010,0.951,0.039
18500,0.010,0.941,0.049
19000,0.010,0.897,0.093
19500,0.010,0.875,0.115
20000,0.010,0.942,0.048
20500,0.010,0.935,0.054
21000,0.010,0.887,0.103
21500,0.010,0.882,0.108
22000,0.010,0.884,0.106
22500,0.010,0.921,0.069
23000,0.010,0.921,0.069
23500,0.010,0.911,0.079
24000,0.010,0.896,0.094
24500,0.010,0.913,0.077
25000,0.010,0.910,0.080
25500,0.010,0.942,0.048
26000,0.010,0.950,0.040
26500,0.010,0.882,0.108
27000,0.010,0.926,0.064
27500,0.010,0.963,0.027
28000,0.010,0.918,0.072
28500,0.010,0.899,0.091
29000,0.010,0.872,0.118
29500,0.010,0.959,0.031
30000,0.010,0.954,0.036
30500,0.010,0.957,0.033
31000,0.010,0.928,0.061
31500,0.010,0.960,0.030
32000,0.010,0.923,0.067
32500,0.010,0.965,0.025
33000,0.010,0.938,0.052
33500,0.010,0.912,0.078
34000,0.010,0.923,0.067
34500,0.010,0.964,0.026
35000,0.010,0.961,0.029
35500,0.010,0.937,0.053
36000,0.010,0.908,0.082
36500,0.010,0.948,0.042
37000,0.010,0.941,0.049
37500,0.010,0.944,0.046
38000,0.010,0.933,0.057
38500,0.010,0.902,0.088
39000,0.010,0.847,0.143
39500,0.010,0.916,0.074
40000,0.010,0.927,0.062
40500,0.010,0.925,0.065
41000,0.010,0.925,0.065
41500,0.010,0.918,0.072
42000,0.010,0.918,0.072
42500,0.010,0.948,0.042
43000,0.010,0.934,0.056
43500,0.010,0.960,0.030
44000,0.010,0.887,0.103
44500,0.010,0.939,0.051
45000,0.010,0.961,0.029
45500,0.010,0.902,0.088
46000,0.010,0.913,0.077
46500,0.010,0.925,0.065
47000,0.010,0.914,0.076
47500,0.010,0.912,0.078
48000,0.010,0.919,0.071
48500,0.010,0.881,0.109
49000,0.010,0.884,0.106
49500,0.010,0.918,0.072
50000,0.010,0.899,0.091
50500,0.010,0.900,0.090
51000,0.010,0.904,0.086
51500,0.010,0.942,0.048
52000,0.010,0.936,0.053
52500,0.010,0.920,0.070
53000,0.010,0.885,0.105
53500,0.010,0.953,0.037
54000,0.010,0.944,0.046
54500,0.010,0.912,0.078
55000,0.010,0.929,0.060
55500,0.010,0.951,0.039
56000,0.010,0.946,0.044
56500,0.010,0.886,0.104
57000,0.010,0.945,0.045
57500,0.010,0.957,0.033
58000,0.010,0.969,0.021
58500,0.010,0.922,0.068
59000,0.010,0.930,0.060
59500,0.010,0.910,0.080
60000,0.010,0.922,0.068
60500,0.010,0.915,0.075
61000,0.010,0.920,0.070
61500,0.010,0.925,0.065
62000,0.010,0.880,0.110
62500,0.010,0.871,0.119
63000,0.010,0.953,0.037
63500,0.010,0.930,0.059
64000,0.010,0.936,0.054
64500,0.010,0.945,0.045
65000,0.010,0.952,0.038
65500,0.010,0.895,0.095
66000,0.010,0.909,0.081
66500,0.010,0.930,0.060
67000,0.010,0.943,0.047
67500,0.010,0.868,0.122
68000,0.010,0.888,0.102
68500,0.010,0.899,0.091
69000,0.010,0.952,0.038
69500,0.010,0.957,0.033
70000,0.010,0.969,0.021
70500,0.010,0.975,0.015
71000,0.010,0.948,0.042
71500,0.010,0.918,0.072
72000,0.010,0.893,0.097
72500,0.010,0.909,0.081
73000,0.010,0.910,0.080
73500,0.010,0.904,0.086
74000,0.010,0.886,0.104
74500,0.010,0.873,0.117
75000,0.010,0.837,0.153
75500,0.010,0.862,0.128
76000,0.010,0.855,0.135
76500,0.010,0.842,0.148
77000,0.010,0.844,0.146
77500,0.010,0.886,0.104
78000,0.010,0.911,0.079
78500,0.010,0.906,0.084
79000,0.010,0.857,0.133
79500,0.010,0.902,0.088
80000,0.010,0.916,0.074
80500,0.010,0.930,0.059
81000,0.010,0.916,0.074
81500,0.010,0.961,0.029
82000,0.010,0.969,0.021
82500,0.010,0.976,0.014
83000,0.010,0.971,0.019
83500,0.010,0.932,0.058
84000,0.010,0.960,0.030
84500,0.010,0.964,0.026
85000,0.010,0.927,0.062
85500,0.010,0.889,0.101
86000,0.010,0.883,0.107
86500,0.010,0.911,0.079
87000,0.010,0.888,0.102
87500,0.010,0.904,0.086
88000,0.010,0.908,0.082
88500,0.010,0.842,0.148
89000,0.010,0.919,0.071
89500,0.010,0.859,0.131
90000,0.010,0.918,0.072
90500,0.010,0.923,0.067
91000,0.010,0.893,0.097
91500,0.010,0.922,0.068
92000,0.010,0.916,0.074
92500,0.010,0.883,0.107
93000,0.010,0.922,0.068
93500,0.010,0.906,0.084
94000,0.010,0.886,0.104
94500,0.010,0.851,0.139
95000,0.010,0.836,0.154
95500,0.010,0.909,0.081
96000,0.010,0.923,0.067
96500,0.010,0.923,0.067
97000,0.010,0.914,0.076
97500,0.010,0.920,0.070
98000,0.010,0.958,0.032
98500,0.010,0.960,0.030
99000,0.010,0.929,0.060
99500,0.010,0.931,0.059
100000,0.010,0.901,0.089
100500,0.010,0.947,0.043
101000,0.010,0.920,0.070
101500,0.010,0.885,0.105
102000,0.010,0.882,0.108
102500,0.010,0.883,0.107
103000,0.010,0.891,0.099
103500,0.010,0.870,0.120
104000,0.010,0.904,0.086
104500,0.010,0.877,0.113
105000,0.010,0.909,0.081
105500,0.010,0.863,0.127
106000,0.010,0.898,0.092
106500,0.010,0.911,0.079
107000,0.010,0.907,0.083
107500,0.010,0.930,0.060
108000,0.010,0.930,0.059
108500,0.010,0.902,0.088
109000,0.010,0.905,0.085
109500,0.010,0.917,0.073
110000,0.010,0.889,0.101
110500,0.010,0.904,0.086
111000,0.010,0.876,0.114
111500,0.010,0.884,0.106
112000,0.010,0.872,0.118
112500,0.010,0.894,0.096
113000,0.010,0.944,0.046
113500,0.010,0.934,0.055
114000,0.010,0.938,0.052
114500,0.010,0.927,0.063
115000,0.010,0.903,0.087
115500,0.010,0.937,0.053
116000,0.010,0.957,0.033
116500,0.010,0.916,0.074
117000,0.010,0.879,0.111
117500,0.010,0.889,0.101
118000,0.010,0.953,0.037
118500,0.010,0.936,0.053
119000,0.010,0.974,0.016
119500,0.010,0.909,0.081
120000,0.010,0.899,0.091
120500,0.010,0.900,0.090
121000,0.010,0.826,0.164
121500,0.010,0.918,0.072
122000,0.010,0.916,0.074
122500,0.010,0.924,0.066
123000,0.010,0.939,0.051
123500,0.010,0.933,0.057
124000,0.010,0.972,0.018
124500,0.010,0.977,0.013
125000,0.010,0.954,0.036
125500,0.010,0.944,0.046
126000,0.010,0.913,0.077
126500,0.010,0.909,0.081
127000,0.010,0.902,0.088
127500,0.010,0.915,0.075
128000,0.010,0.920,0.070
128500,0.010,0.909,0.081
129000,0.010,0.911,0.079
129500,0.010,0.853,0.137
130000,0.010,0.865,0.125
130500,0.010,0.815,0.175
131000,0.010,0.809,0.180
131500,0.010,0.863,0.127
132000,0.010,0.871,0.119
132500,0.010,0.921,0.069
133000,0.010,0.920,0.070
133500,0.010,0.946,0.044
134000,0.010,0.942,0.048
134500,0.010,0.935,0.055
135000,0.010,0.910,0.080
135500,0.010,0.926,0.064
136000,0.010,0.909,0.081
136500,0.010,0.913,0.077
137000,0.010,0.910,0.080
137500,0.010,0.975,0.015
138000,0.010,0.974,0.016
138500,0.010,0.943,0.047
139000,0.010,0.960,0.030
139500,0.010,0.935,0.055
140000,0.010,0.969,0.021
140500,0.010,0.961,0.029
141000,0.010,0.965,0.025
141500,0.010,0.962,0.028
142000,0.010,0.977,0.013
142500,0.010,0.965,0.025
143000,0.010,0.919,0.071
143500,0.010,0.902,0.088
144000,0.010,0.890,0.100
144500,0.010,0.862,0.128
145000,0.010,0.866,0.124
145500,0.010,0.838,0.152
146000,0.010,0.811,0.179
146500,0.010,0.885,0.105
147000,0.010,0.875,0.115
147500,0.010,0.880,0.110
148000,0.010,0.899,0.091
148500,0.010,0.881,0.109
149000,0.010,0.931,0.058
149500,0.010,0.945,0.045
150000,0.010,0.949,0.041
150500,0.010,0.891,0.099
151000,0.010,0.908,0.082
151500,0.010,0.888,0.102
152000,0.010,0.924,0.066
152500,0.010,0.850,0.140
153000,0.010,0.918,0.072
153500,0.010,0.901,0.089
154000,0.010,0.915,0.075
154500,0.010,0.905,0.085
155000,0.010,0.945,0.045
155500,0.010,0.972,0.018
156000,0.010,0.966,0.024
156500,0.010,0.977,0.013
157000,0.010,0.988,0.002
157500,0.010,0.970,0.020
158000,0.010,0.948,0.042
158500,0.010,0.944,0.046
159000,0.010,0.956,0.034
159500,0.010,0.950,0.040
160000,0.010,0.921,0.069
160500,0.010,0.945,0.045
161000,0.010,0.934,0.055
161500,0.010,0.912,0.078
162000,0.010,0.889,0.101
162500,0.010,0.839,0.151
163000,0.010,0.860,0.130
163500,0.010,0.887,0.103
164000,0.010,0.914,0.076
164500,0.010,0.934,0.055
165000,0.010,0.943,0.047
165500,0.010,0.932,0.058
166000,0.010,0.860,0.130
166500,0.010,0.921,0.069
167000,0.010,0.910,0.080
167500,0.010,0.917,0.073
168000,0.010,0.890,0.100
168500,0.010,0.895,0.095
169000,0.010,0.934,0.056
169500,0.010,0.948,0.042
170000,0.010,0.929,0.060
170500,0.010,0.966,0.024
171000,0.010,0.968,0.022
171500,0.010,0.953,0.037
172000,0.010,0.865,0.125
172500,0.010,0.936,0.054
173000,0.010,0.856,0.134
173500,0.010,0.869,0.121
174000,0.010,0.889,0.101
174500,0.010,0.845,0.145
175000,0.010,0.879,0.111
175500,0.010,0.894,0.096
176000,0.010,0.917,0.073
176500,0.010,0.900,0.090
177000,0.010,0.931,0.058
177500,0.010,0.923,0.067
178000,0.010,0.915,0.075
178500,0.010,0.876,0.114
179000,0.010,0.856,0.134
179500,0.010,0.851,0.139
180000,0.010,0.857,0.133
180500,0.010,0.913,0.077
181000,0.010,0.896,0.094
181500,0.010,0.907,0.083
182000,0.010,0.899,0.091
182500,0.010,0.818,0.172
183000,0.010,0.831,0.159
183500,0.010,0.811,0.178
184000,0.010,0.905,0.085
184500,0.010,0.927,0.062
185000,0.010,0.870,0.120
185500,0.010,0.909,0.081
186000,0.010,0.942,0.048
186500,0.010,0.921,0.069
187000,0.010,0.950,0.040
187500,0.010,0.924,0.066
188000,0.010,0.938,0.052
188500,0.010,0.936,0.054
189000,0.010,0.920,0.070
189500,0.010,0.919,0.071
190000,0.010,0.929,0.060
190500,0.010,0.908,0.082
191000,0.010,0.908,0.082
191500,0.010,0.925,0.065
192000,0.010,0.952,0.038
192500,0.010,0.918,0.072
193000,0.010,0.909,0.081
193500,0.010,0.890,0.100
194000,0.010,0.918,0.072
194500,0.010,0.913,0.077
195000,0.010,0.938,0.052
195500,0.010,0.888,0.102
196000,0.010,0.914,0.076
196500,0.010,0.932,0.057
197000,0.010,0.897,0.093
197500,0.010,0.900,0.090
198000,0.010,0.894,0.096
198500,0.010,0.916,0.074
199000,0.010,0.953,0.037
199500,0.010,0.919,0.071
200000,0.010,0.907,0.083
200500,0.010,0.893,0.097
201000,0.010,0.908,0.082
201500,0.010,0.932,0.057
202000,0.010,0.942,0.048
202500,0.010,0.943,0.047
203000,0.010,0.934,0.056
203500,0.010,0.932,0.057
204000,0.010,0.936,0.053
204500,0.010,0.935,0.055
205000,0.010,0.884,0.106
205500,0.010,0.902,0.088
206000,0.010,0.929,0.060
206500,0.010,0.902,0.088
207000,0.010,0.851,0.139
207500,0.010,0.845,0.145
208000,0.010,0.866,0.124
208500,0.010,0.906,0.084
209000,0.010,0.891,0.099
209500,0.010,0.886,0.104
210000,0.010,0.895,0.095
210500,0.010,0.920,0.070
211000,0.010,0.951,0.039
211500,0.010,0.914,0.076
212000,0.010,0.928,0.062
212500,0.010,0.915,0.075
213000,0.010,0.924,0.066
213500,0.010,0.925,0.065
214000,0.010,0.897,0.093
214500,0.010,0.928,0.061
215000,0.010,0.936,0.053
215500,0.010,0.935,0.055
216000,0.010,0.895,0.095
216500,0.010,0.906,0.084
217000,0.010,0.822,0.168
217500,0.010,0.891,0.099
218000,0.010,0.919,0.071
218500,0.010,0.935,0.055
219000,0.010,0.937,0.053
219500,0.010,0.924,0.066
220000,0.010,0.926,0.064
220500,0.010,0.929,0.061
221000,0.010,0.932,0.057
221500,0.010,0.929,0.060
222000,0.010,0.899,0.091
222500,0.010,0.927,0.063
223000,0.010,0.876,0.114
223500,0.010,0.911,0.079
224000,0.010,0.906,0.084
224500,0.010,0.895,0.095
225000,0.010,0.843,0.147
225500,0.010,0.875,0.115
226000,0.010,0.931,0.059
226500,0.010,0.914,0.076
227000,0.010,0.945,0.045
227500,0.010,0.939,0.051
228000,0.010,0.921,0.069
228500,0.010,0.895,0.095
229000,0.010,0.920,0.070
229500,0.010,0.952,0.038
230000,0.010,0.930,0.059
230500,0.010,0.908,0.082
231000,0.010,0.904,0.086
231500,0.010,0.904,0.086
232000,0.010,0.877,0.113
232500,0.010,0.846,0.144
233000,0.010,0.887,0.103
233500,0.010,0.915,0.075
234000,0.010,0.854,0.136
234500,0.010,0.891,0.099
235000,0.010,0.913,0.077
235500,0.010,0.946,0.044
236000,0.010,0.918,0.072
236500,0.010,0.881,0.109
237000,0.010,0.864,0.126
237500,0.010,0.930,0.060
238000,0.010,0.938,0.052
238500,0.010,0.909,0.081
239000,0.010,0.858,0.132
239500,0.010,0.932,0.058
240000,0.010,0.931,0.059
240500,0.010,0.961,0.029
241000,0.010,0.959,0.031
241500,0.010,0.954,0.036
242000,0.010,0.937,0.053
242500,0.010,0.872,0.118
243000,0.010,0.906,0.084
243500,0.010,0.886,0.104
244000,0.010,0.916,0.074
244500,0.010,0.901,0.089
245000,0.010,0.901,0.089
245500,0.010,0.908,0.082
246000,0.010,0.933,0.057
246500,0.010,0.944,0.046
247000,0.010,0.886,0.104
247500,0.010,0.926,0.064
248000,0.010,0.926,0.064
248500,0.010,0.938,0.052
249000,0.010,0.942,0.048
249500,0.010,0.908,0.082
250000,0.010,0.931,0.058
250500,0.010,0.898,0.092
251000,0.010,0.909,0.081
251500,0.010,0.908,0.082
252000,0.010,0.925,0.065
252500,0.010,0.956,0.034
253000,0.010,0.943,0.047
253500,0.010,0.953,0.037
254000,0.010,0.939,0.051
254500,0.010,0.886,0.104
255000,0.010,0.854,0.136
255500,0.010,0.860,0.130
256000,0.010,0.885,0.105
256500,0.010,0.909,0.081
257000,0.010,0.916,0.074
257500,0.010,0.875,0.115
258000,0.010,0.841,0.149
258500,0.010,0.876,0.114
259000,0.010,0.904,0.086
259500,0.010,0.939,0.051
260000,0.010,0.922,0.068
260500,0.010,0.897,0.093
261000,0.010,0.845,0.145
261500,0.010,0.911,0.079
262000,0.010,0.914,0.076
262500,0.010,0.905,0.085
263000,0.010,0.851,0.139
263500,0.010,0.812,0.178
264000,0.010,0.902,0.088
264500,0.010,0.929,0.060
265000,0.010,0.929,0.061
265500,0.010,0.905,0.085
266000,0.010,0.942,0.048
266500,0.010,0.908,0.082
267000,0.010,0.935,0.054
267500,0.010,0.883,0.107
268000,0.010,0.902,0.088
268500,0.010,0.896,0.094
269000,0.010,0.877,0.113
269500,0.010,0.905,0.085
270000,0.010,0.902,0.088
270500,0.010,0.920,0.070
271000,0.010,0.945,0.045
271500,0.010,0.948,0.042
272000,0.010,0.968,0.022
272500,0.010,0.939,0.051
273000,0.010,0.935,0.055
273500,0.010,0.954,0.036
274000,0.010,0.927,0.063
274500,0.010,0.918,0.072
275000,0.010,0.882,0.108
275500,0.010,0.922,0.068
276000,0.010,0.938,0.052
276500,0.010,0.935,0.055
277000,0.010,0.964,0.026
277500,0.010,0.933,0.057
278000,0.010,0.979,0.011
278500,0.010,0.943,0.047
279000,0.010,0.941,0.049
279500,0.010,0.973,0.017
280000,0.010,0.966,0.024
280500,0.010,0.900,0.090
281000,0.010,0.872,0.118
281500,0.010,0.831,0.159
282000,0.010,0.883,0.107
282500,0.010,0.868,0.122
283000,0.010,0.932,0.057
283500,0.010,0.926,0.064
284000,0.010,0.906,0.084
284500,0.010,0.930,0.060
285000,0.010,0.946,0.044
285500,0.010,0.929,0.061
286000,0.010,0.941,0.049
286500,0.010,0.916,0.074
287000,0.010,0.919,0.071
287500,0.010,0.863,0.127
288000,0.010,0.884,0.106
288500,0.010,0.919,0.071
289000,0.010,0.929,0.060
289500,0.010,0.893,0.097
290000,0.010,0.918,0.072
290500,0.010,0.927,0.062
291000,0.010,0.875,0.115
291500,0.010,0.879,0.111
292000,0.010,0.898,0.092
292500,0.010,0.901,0.089
293000,0.010,0.901,0.089
293500,0.010,0.916,0.074
294000,0.010,0.894,0.096
294500,0.010,0.926,0.064
295000,0.010,0.904,0.086
295500,0.010,0.901,0.089
296000,0.010,0.903,0.087
296500,0.010,0.909,0.081
297000,0.010,0.865,0.125
297500,0.010,0.890,0.100
298000,0.010,0.890,0.100
298500,0.010,0.932,0.057
299000,0.010,0.940,0.050
299500,0.010,0.954,0.036
300000,0.010,0.925,0.065
300500,0.010,0.840,0.150
301000,0.010,0.894,0.096
301500,0.010,0.943,0.047
302000,0.010,0.897,0.093
302500,0.010,0.884,0.106
303000,0.010,0.914,0.076
303500,0.010,0.948,0.042
304000,0.010,0.955,0.035
304500,0.010,0.941,0.049
305000,0.010,0.895,0.095
305500,0.010,0.877,0.113
306000,0.010,0.875,0.115
306500,0.010,0.914,0.076
307000,0.010,0.908,0.082
307500,0.010,0.894,0.096
308000,0.010,0.885,0.105
308500,0.010,0.875,0.115
309000,0.010,0.878,0.112
309500,0.010,0.919,0.071
310000,0.010,0.940,0.050
310500,0.010,0.904,0.086
311000,0.010,0.939,0.051
311500,0.010,0.931,0.059
312000,0.010,0.949,0.041
312500,0.010,0.946,0.044
313000,0.010,0.952,0.038
313500,0.010,0.959,0.031
314000,0.010,0.932,0.058
314500,0.010,0.937,0.053
315000,0.010,0.950,0.040
315500,0.010,0.914,0.076
316000,0.010,0.934,0.056
316500,0.010,0.885,0.105
317000,0.010,0.935,0.054
317500,0.010,0.902,0.088
318000,0.010,0.901,0.089
318500,0.010,0.953,0.037
319000,0.010,0.955,0.035
319500,0.010,0.924,0.066
320000,0.010,0.867,0.123
320500,0.010,0.859,0.131
321000,0.010,0.873,0.117
321500,0.010,0.859,0.131
322000,0.010,0.830,0.160
322500,0.010,0.869,0.121
323000,0.010,0.888,0.102
323500,0.010,0.819,0.171
324000,0.010,0.888,0.102
324500,0.010,0.870,0.120
325000,0.010,0.834,0.156
325500,0.010,0.870,0.120
326000,0.010,0.915,0.075
326500,0.010,0.920,0.070
327000,0.010,0.904,0.086
327500,0.010,0.878,0.112
328000,0.010,0.918,0.072
328500,0.010,0.870,0.120
329000,0.010,0.893,0.097
329500,0.010,0.902,0.088
330000,0.010,0.925,0.065
330500,0.010,0.923,0.067
331000,0.010,0.930,0.059
331500,0.010,0.875,0.115
332000,0.010,0.860,0.130
332500,0.010,0.855,0.135
333000,0.010,0.855,0.135
333500,0.010,0.871,0.119
334000,0.010,0.922,0.068
334500,0.010,0.898,0.092
335000,0.010,0.913,0.077
335500,0.010,0.893,0.097
336000,0.010,0.892,0.098
336500,0.010,0.887,0.103
337000,0.010,0.893,0.097
337500,0.010,0.913,0.077
338000,0.010,0.905,0.085
338500,0.010,0.912,0.078
339000,0.010,0.902,0.088
339500,0.010,0.874,0.116
340000,0.010,0.837,0.153
340500,0.010,0.858,0.132
341000,0.010,0.862,0.128
341500,0.010,0.892,0.098
342000,0.010,0.944,0.046
342500,0.010,0.949,0.041
343000,0.010,0.898,0.092
343500,0.010,0.915,0.075
344000,0.010,0.913,0.077
344500,0.010,0.923,0.067
345000,0.010,0.928,0.062
345500,0.010,0.925,0.065
346000,0.010,0.900,0.090
346500,0.010,0.904,0.086
347000,0.010,0.824,0.166
347500,0.010,0.895,0.095
348000,0.010,0.876,0.114
348500,0.010,0.866,0.124
349000,0.010,0.926,0.064
349500,0.010,0.899,0.091
350000,0.010,0.933,0.056
350500,0.010,0.942,0.048
351000,0.010,0.930,0.059
351500,0.010,0.920,0.070
352000,0.010,0.961,0.029
352500,0.010,0.962,0.028
353000,0.010,0.956,0.034
353500,0.010,0.934,0.055
354000,0.010,0.947,0.043
354500,0.010,0.945,0.045
355000,0.010,0.927,0.063
355500,0.010,0.947,0.043
356000,0.010,0.957,0.033
356500,0.010,0.978,0.012
357000,0.010,0.936,0.053
357500,0.010,0.928,0.062
358000,0.010,0.946,0.044
358500,0.010,0.948,0.042
359000,0.010,0.970,0.020
359500,0.010,0.973,0.017
360000,0.010,0.947,0.043
360500,0.010,0.894,0.096
361000,0.010,0.896,0.094
361500,0.010,0.821,0.169
362000,0.010,0.793,0.197
362500,0.010,0.827,0.163
363000,0.010,0.860,0.130
363500,0.010,0.917,0.073
364000,0.010,0.939,0.051
364500,0.010,0.984,0.006
365000,0.010,0.986,0.004
365500,0.010,0.974,0.016
366000,0.010,0.952,0.038
366500,0.010,0.958,0.032
367000,0.010,0.933,0.056
367500,0.010,0.932,0.058
368000,0.010,0.923,0.067
368500,0.010,0.932,0.058
369000,0.010,0.945,0.045
369500,0.010,0.931,0.059
370000,0.010,0.943,0.047
370500,0.010,0.906,0.084
371000,0.010,0.911,0.079
371500,0.010,0.922,0.068
372000,0.010,0.947,0.043
372500,0.010,0.928,0.061
373000,0.010,0.910,0.080
373500,0.010,0.952,0.038
374000,0.010,0.922,0.068
374500,0.010,0.902,0.088
375000,0.010,0.921,0.069
375500,0.010,0.877,0.113
376000,0.010,0.905,0.085
376500,0.010,0.903,0.087
377000,0.010,0.856,0.134
377500,0.010,0.891,0.099
378000,0.010,0.935,0.054
378500,0.010,0.906,0.084
379000,0.010,0.942,0.048
379500,0.010,0.921,0.069
380000,0.010,0.889,0.101
380500,0.010,0.884,0.106
381000,0.010,0.880,0.110
381500,0.010,0.875,0.115
382000,0.010,0.885,0.105
382500,0.010,0.899,0.091
383000,0.010,0.851,0.139
383500,0.010,0.867,0.123
384000,0.010,0.841,0.149
384500,0.010,0.851,0.139
385000,0.010,0.889,0.101
385500,0.010,0.904,0.086
386000,0.010,0.912,0.078
386500,0.010,0.953,0.037
387000,0.010,0.957,0.033
387500,0.010,0.944,0.046
388000,0.010,0.941,0.049
388500,0.010,0.918,0.072
389000,0.010,0.919,0.071
389500,0.010,0.940,0.050
390000,0.010,0.923,0.067
390500,0.010,0.914,0.076
391000,0.010,0.892,0.098
391500,0.010,0.913,0.077
392000,0.010,0.930,0.060
392500,0.010,0.914,0.076
393000,0.010,0.889,0.101
393500,0.010,0.926,0.064
394000,0.010,0.918,0.072
394500,0.010,0.955,0.035
395000,0.010,0.929,0.061
395500,0.010,0.899,0.091
396000,0.010,0.915,0.075
396500,0.010,0.954,0.036
397000,0.010,0.928,0.061
397500,0.010,0.920,0.070
398000,0.010,0.919,0.071
398500,0.010,0.915,0.075
399000,0.010,0.942,0.048
399500,0.010,0.910,0.080
400000,0.010,0.911,0.079
400500,0.010,0.918,0.072
401000,0.010,0.948,0.042
401500,0.010,0.941,0.049
402000,0.010,0.914,0.076
402500,0.010,0.912,0.078
403000,0.010,0.911,0.079
403500,0.010,0.895,0.095
404000,0.010,0.939,0.051
404500,0.010,0.889,0.101
405000,0.010,0.914,0.076
405500,0.010,0.892,0.098
406000,0.010,0.881,0.109
406500,0.010,0.934,0.055
407000,0.010,0.956,0.034
407500,0.010,0.953,0.037
408000,0.010,0.945,0.045
408500,0.010,0.958,0.032
409000,0.010,0.959,0.031
409500,0.010,0.935,0.054
410000,0.010,0.940,0.050
410500,0.010,0.957,0.033
411000,0.010,0.946,0.044
411500,0.010,0.906,0.084
412000,0.010,0.818,0.172
412500,0.010,0.883,0.107
413000,0.010,0.926,0.064
413500,0.010,0.918,0.072
414000,0.010,0.925,0.065
414500,0.010,0.953,0.037
415000,0.010,0.927,0.063
415500,0.010,0.907,0.083
416000,0.010,0.940,0.050
416500,0.010,0.917,0.073
417000,0.010,0.890,0.100
417500,0.010,0.882,0.108
418000,0.010,0.858,0.132
418500,0.010,0.861,0.129
419000,0.010,0.892,0.098
419500,0.010,0.887,0.103
420000,0.010,0.891,0.099
420500,0.010,0.944,0.046
421000,0.010,0.965,0.025
421500,0.010,0.960,0.030
422000,0.010,0.959,0.031
422500,0.010,0.977,0.013
423000,0.010,0.962,0.028
423500,0.010,0.929,0.061
424000,0.010,0.907,0.083
424500,0.010,0.919,0.071
425000,0.010,0.940,0.050
425500,0.010,0.930,0.060
426000,0.010,0.928,0.061
426500,0.010,0.848,0.142
427000,0.010,0.851,0.139
427500,0.010,0.873,0.117
428000,0.010,0.862,0.128
428500,0.010,0.875,0.115
429000,0.010,0.928,0.061
429500,0.010,0.883,0.107
430000,0.010,0.936,0.053
430500,0.010,0.956,0.034
431000,0.010,0.959,0.031
431500,0.010,0.924,0.066
432000,0.010,0.898,0.092
432500,0.010,0.914,0.076
433000,0.010,0.940,0.050
433500,0.010,0.914,0.076
434000,0.010,0.880,0.110
434500,0.010,0.847,0.143
435000,0.010,0.894,0.096
435500,0.010,0.839,0.151
436000,0.010,0.902,0.088
436500,0.010,0.857,0.133
437000,0.010,0.894,0.096
437500,0.010,0.911,0.079
438000,0.010,0.936,0.053
438500,0.010,0.963,0.027
439000,0.010,0.941,0.049
439500,0.010,0.933,0.057
440000,0.010,0.922,0.068
440500,0.010,0.924,0.066
441000,0.010,0.951,0.039
441500,0.010,0.950,0.040
442000,0.010,0.926,0.064
442500,0.010,0.928,0.062
443000,0.010,0.903,0.087
443500,0.010,0.921,0.069
444000,0.010,0.904,0.086
444500,0.010,0.938,0.052
445000,0.010,0.951,0.039
445500,0.010,0.931,0.059
446000,0.010,0.924,0.066
446500,0.010,0.920,0.070
447000,0.010,0.943,0.047
447500,0.010,0.932,0.058
448000,0.010,0.921,0.069
448500,0.010,0.935,0.055
449000,0.010,0.860,0.130
449500,0.010,0.828,0.162
450000,0.010,0.755,0.235
450500,0.010,0.849,0.141
451000,0.010,0.901,0.089
451500,0.010,0.908,0.082
452000,0.010,0.895,0.095
452500,0.010,0.891,0.099
453000,0.010,0.916,0.074
453500,0.010,0.895,0.095
454000,0.010,0.907,0.083
454500,0.010,0.911,0.079
455000,0.010,0.934,0.056
455500,0.010,0.918,0.072
456000,0.010,0.899,0.091
456500,0.010,0.891,0.099
457000,0.010,0.924,0.066
457500,0.010,0.954,0.036
458000,0.010,0.905,0.085
458500,0.010,0.953,0.037
459000,0.010,0.938,0.052
459500,0.010,0.942,0.048
460000,0.010,0.909,0.081
460500,0.010,0.886,0.104
461000,0.010,0.836,0.154
461500,0.010,0.883,0.107
462000,0.010,0.912,0.078
462500,0.010,0.940,0.050
463000,0.010,0.896,0.094
463500,0.010,0.918,0.072
464000,0.010,0.924,0.066
464500,0.010,0.955,0.035
465000,0.010,0.934,0.055
465500,0.010,0.952,0.038
466000,0.010,0.948,0.042
466500,0.010,0.958,0.032
467000,0.010,0.925,0.065
467500,0.010,0.930,0.060
468000,0.010,0.928,0.062
468500,0.010,0.936,0.053
469000,0.010,0.928,0.061
469500,0.010,0.909,0.081
470000,0.010,0.955,0.035
470500,0.010,0.970,0.020
471000,0.010,0.912,0.078
471500,0.010,0.952,0.038
472000,0.010,0.973,0.017
472500,0.010,0.931,0.059
473000,0.010,0.934,0.056
473500,0.010,0.947,0.043
474000,0.010,0.906,0.084
474500,0.010,0.936,0.053
475000,0.010,0.932,0.057
475500,0.010,0.876,0.114
476000,0.010,0.918,0.072
476500,0.010,0.949,0.041
477000,0.010,0.920,0.070
477500,0.010,0.884,0.106
478000,0.010,0.928,0.061
478500,0.010,0.919,0.071
479000,0.010,0.932,0.058
479500,0.010,0.926,0.064
480000,0.010,0.931,0.059
480500,0.010,0.960,0.030
481000,0.010,0.947,0.043
481500,0.010,0.927,0.062
482000,0.010,0.908,0.082
482500,0.010,0.909,0.081
483000,0.010,0.901,0.089
483500,0.010,0.924,0.066
484000,0.010,0.929,0.061
484500,0.010,0.943,0.047
485000,0.010,0.946,0.044
485500,0.010,0.946,0.044
486000,0.010,0.921,0.069
486500,0.010,0.916,0.074
487000,0.010,0.917,0.073
487500,0.010,0.899,0.091
488000,0.010,0.903,0.087
488500,0.010,0.915,0.075
489000,0.010,0.883,0.107
489500,0.010,0.854,0.136
490000,0.010,0.842,0.148
490500,0.010,0.844,0.146
491000,0.010,0.785,0.205
491500,0.010,0.885,0.105
492000,0.010,0.926,0.064
492500,0.010,0.926,0.064
493000,0.010,0.943,0.047
493500,0.010,0.873,0.117
494000,0.010,0.916,0.074
494500,0.010,0.915,0.075
495000,0.010,0.948,0.042
495500,0.010,0.874,0.116
496000,0.010,0.905,0.085
496500,0.010,0.943,0.047
497000,0.010,0.905,0.085
497500,0.010,0.865,0.125
498000,0.010,0.887,0.103
498500,0.010,0.914,0.076
499000,0.010,0.893,0.097
499500,0.010,0.851,0.139
500000,0.010,0.837,0.153
500500,0.010,0.849,0.141
501000,0.010,0.939,0.051
501500,0.010,0.939,0.051
502000,0.010,0.942,0.048
502500,0.010,0.906,0.084
503000,0.010,0.919,0.071
503500,0.010,0.941,0.049
504000,0.010,0.942,0.048
504500,0.010,0.934,0.056
505000,0.010,0.911,0.079
505500,0.010,0.945,0.045
506000,0.010,0.948,0.042
506500,0.010,0.939,0.051
507000,0.010,0.906,0.084
507500,0.010,0.866,0.124
508000,0.010,0.821,0.169
508500,0.010,0.866,0.124
509000,0.010,0.868,0.122
509500,0.010,0.919,0.071
510000,0.010,0.905,0.085
510500,0.010,0.865,0.125
511000,0.010,0.887,0.103
511500,0.010,0.899,0.091
512000,0.010,0.926,0.064
512500,0.010,0.906,0.084
513000,0.010,0.903,0.087
513500,0.010,0.909,0.081
514000,0.010,0.898,0.092
514500,0.010,0.864,0.126
515000,0.010,0.930,0.059
515500,0.010,0.901,0.089
516000,0.010,0.900,0.090
516500,0.010,0.918,0.072
517000,0.010,0.876,0.114
517500,0.010,0.924,0.066
518000,0.010,0.924,0.066
518500,0.010,0.915,0.075
519000,0.010,0.886,0.104
519500,0.010,0.953,0.037
520000,0.010,0.934,0.056
520500,0.010,0.912,0.078
521000,0.010,0.927,0.062
521500,0.010,0.917,0.073
522000,0.010,0.908,0.082
522500,0.010,0.938,0.052
523000,0.010,0.894,0.096
523500,0.010,0.942,0.048
524000,0.010,0.968,0.022
524500,0.010,0.962,0.028
525000,0.010,0.949,0.041
525500,0.010,0.946,0.044
526000,0.010,0.946,0.044
526500,0.010,0.920,0.070
527000,0.010,0.954,0.036
527500,0.010,0.939,0.051
528000,0.010,0.945,0.045
528500,0.010,0.948,0.042
529000,0.010,0.944,0.046
529500,0.010,0.954,0.036
530000,0.010,0.936,0.053
530500,0.010,0.956,0.034
531000,0.010,0.883,0.107
531500,0.010,0.949,0.041
532000,0.010,0.910,0.080
532500,0.010,0.903,0.087
533000,0.010,0.889,0.101
533500,0.010,0.847,0.143
534000,0.010,0.927,0.063
534500,0.010,0.921,0.069
535000,0.010,0.898,0.092
535500,0.010,0.889,0.101
536000,0.010,0.856,0.134
536500,0.010,0.916,0.074
537000,0.010,0.934,0.055
537500,0.010,0.908,0.082
538000,0.010,0.920,0.070
538500,0.010,0.879,0.111
539000,0.010,0.907,0.083
539500,0.010,0.911,0.079
540000,0.010,0.899,0.091
540500,0.010,0.916,0.074
541000,0.010,0.921,0.069
541500,0.010,0.877,0.113
542000,0.010,0.883,0.107
542500,0.010,0.882,0.108
543000,0.010,0.899,0.091
543500,0.010,0.921,0.069
544000,0.010,0.914,0.076
544500,0.010,0.909,0.081
545000,0.010,0.857,0.133
545500,0.010,0.890,0.100
546000,0.010,0.917,0.073
546500,0.010,0.921,0.069
547000,0.010,0.918,0.072
547500,0.010,0.928,0.061
548000,0.010,0.933,0.057
548500,0.010,0.904,0.086
549000,0.010,0.922,0.068
549500,0.010,0.923,0.067
550000,0.010,0.933,0.056
550500,0.010,0.977,0.013
551000,0.010,0.961,0.029
551500,0.010,0.935,0.054
552000,0.010,0.922,0.068
552500,0.010,0.838,0.152
553000,0.010,0.894,0.096
553500,0.010,0.910,0.080
554000,0.010,0.903,0.087
554500,0.010,0.919,0.071
555000,0.010,0.920,0.070
555500,0.010,0.940,0.050
556000,0.010,0.966,0.024
556500,0.010,0.944,0.046
557000,0.010,0.942,0.048
557500,0.010,0.874,0.116
558000,0.010,0.942,0.048
558500,0.010,0.949,0.041
559000,0.010,0.934,0.056
559500,0.010,0.940,0.050
560000,0.010,0.941,0.049
560500,0.010,0.941,0.049
561000,0.010,0.927,0.063
561500,0.010,0.938,0.052
562000,0.010,0.965,0.025
562500,0.010,0.967,0.023
563000,0.010,0.947,0.043
563500,0.010,0.945,0.045
564000,0.010,0.939,0.051
564500,0.010,0.962,0.028
565000,0.010,0.933,0.057
565500,0.010,0.953,0.037
566000,0.010,0.944,0.046
566500,0.010,0.957,0.033
567000,0.010,0.940,0.050
567500,0.010,0.927,0.062
568000,0.010,0.895,0.095
568500,0.010,0.885,0.105
569000,0.010,0.929,0.060
569500,0.010,0.891,0.099
570000,0.010,0.881,0.109
570500,0.010,0.912,0.078
571000,0.010,0.940,0.050
571500,0.010,0.937,0.053
572000,0.010,0.904,0.086
572500,0.010,0.902,0.088
573000,0.010,0.918,0.072
573500,0.010,0.880,0.110
574000,0.010,0.843,0.147
574500,0.010,0.906,0.084
575000,0.010,0.915,0.075
575500,0.010,0.950,0.040
576000,0.010,0.924,0.066
576500,0.010,0.954,0.036
577000,0.010,0.974,0.016
577500,0.010,0.961,0.029
578000,0.010,0.868,0.122
578500,0.010,0.892,0.098
579000,0.010,0.882,0.108
579500,0.010,0.911,0.079
580000,0.010,0.960,0.030
580500,0.010,0.923,0.067
581000,0.010,0.921,0.069
581500,0.010,0.919,0.071
582000,0.010,0.908,0.082
582500,0.010,0.936,0.053
583000,0.010,0.927,0.062
583500,0.010,0.933,0.057
584000,0.010,0.932,0.058
584500,0.010,0.902,0.088
585000,0.010,0.922,0.068
585500,0.010,0.929,0.061
586000,0.010,0.933,0.056
586500,0.010,0.921,0.069
587000,0.010,0.812,0.178
587500,0.010,0.875,0.115
588000,0.010,0.861,0.129
588500,0.010,0.925,0.065
589000,0.010,0.929,0.060
589500,0.010,0.946,0.044
590000,0.010,0.949,0.041
590500,0.010,0.954,0.036
591000,0.010,0.939,0.051
591500,0.010,0.955,0.035
592000,0.010,0.943,0.047
592500,0.010,0.920,0.070
593000,0.010,0.913,0.077
593500,0.010,0.920,0.070
594000,0.010,0.951,0.039
594500,0.010,0.932,0.058
595000,0.010,0.953,0.037
595500,0.010,0.925,0.065
596000,0.010,0.948,0.042
596500,0.010,0.954,0.036
597000,0.010,0.935,0.055
597500,0.010,0.928,0.062
598000,0.010,0.943,0.047
598500,0.010,0.921,0.069
599000,0.010,0.919,0.071
599500,0.010,0.931,0.058
600000,0.010,0.904,0.086
600500,0.010,0.875,0.115
601000,0.010,0.936,0.053
601500,0.010,0.918,0.072
602000,0.010,0.910,0.080
602500,0.010,0.915,0.075
603000,0.010,0.948,0.042
603500,0.010,0.970,0.020
604000,0.010,0.950,0.040
604500,0.010,0.924,0.066
605000,0.010,0.908,0.082
605500,0.010,0.904,0.086
606000,0.010,0.843,0.147
606500,0.010,0.917,0.073
607000,0.010,0.936,0.053
607500,0.010,0.895,0.095
608000,0.010,0.919,0.071
608500,0.010,0.918,0.072
609000,0.010,0.910,0.080
609500,0.010,0.899,0.091
610000,0.010,0.946,0.044
610500,0.010,0.919,0.071
611000,0.010,0.926,0.064
611500,0.010,0.898,0.092
612000,0.010,0.920,0.070
612500,0.010,0.915,0.075
613000,0.010,0.922,0.068
613500,0.010,0.919,0.071
614000,0.010,0.934,0.056
614500,0.010,0.911,0.079
615000,0.010,0.891,0.099
615500,0.010,0.920,0.070
616000,0.010,0.931,0.059
616500,0.010,0.957,0.033
617000,0.010,0.949,0.041
617500,0.010,0.909,0.081
618000,0.010,0.902,0.088
618500,0.010,0.874,0.116
619000,0.010,0.852,0.138
619500,0.010,0.846,0.144
620000,0.010,0.895,0.095
620500,0.010,0.902,0.088
621000,0.010,0.920,0.070
621500,0.010,0.946,0.044
622000,0.010,0.921,0.069
622500,0.010,0.925,0.065
623000,0.010,0.901,0.089
623500,0.010,0.899,0.091
624000,0.010,0.900,0.090
624500,0.010,0.837,0.153
625000,0.010,0.832,0.158
625500,0.010,0.892,0.098
626000,0.010,0.858,0.132
626500,0.010,0.877,0.113
627000,0.010,0.945,0.045
627500,0.010,0.947,0.043
628000,0.010,0.947,0.043
628500,0.010,0.954,0.036
629000,0.010,0.975,0.015
629500,0.010,0.962,0.028
630000,0.010,0.943,0.047
630500,0.010,0.905,0.085
631000,0.010,0.924,0.066
631500,0.010,0.913,0.077
632000,0.010,0.936,0.053
632500,0.010,0.931,0.058
633000,0.010,0.951,0.039
633500,0.010,0.966,0.024
634000,0.010,0.945,0.045
634500,0.010,0.928,0.061
635000,0.010,0.933,0.056
635500,0.010,0.932,0.058
636000,0.010,0.920,0.070
636500,0.010,0.903,0.087
637000,0.010,0.870,0.120
637500,0.010,0.920,0.070
638000,0.010,0.924,0.066
638500,0.010,0.879,0.111
639000,0.010,0.869,0.121
639500,0.010,0.900,0.090
640000,0.010,0.903,0.087
640500,0.010,0.938,0.052
641000,0.010,0.893,0.097
641500,0.010,0.871,0.119
642000,0.010,0.845,0.145
642500,0.010,0.862,0.128
643000,0.010,0.869,0.121
643500,0.010,0.896,0.094
644000,0.010,0.939,0.051
644500,0.010,0.885,0.105
645000,0.010,0.905,0.085
645500,0.010,0.915,0.075
646000,0.010,0.955,0.035
646500,0.010,0.960,0.030
647000,0.010,0.940,0.050
647500,0.010,0.943,0.047
648000,0.010,0.905,0.085
648500,0.010,0.903,0.087
649000,0.010,0.932,0.058
649500,0.010,0.948,0.042
650000,0.010,0.926,0.064
650500,0.010,0.924,0.066
651000,0.010,0.922,0.068
651500,0.010,0.950,0.040
652000,0.010,0.910,0.080
652500,0.010,0.912,0.078
653000,0.010,0.892,0.098
653500,0.010,0.900,0.090
654000,0.010,0.835,0.155
654500,0.010,0.849,0.141
655000,0.010,0.879,0.111
655500,0.010,0.893,0.097
656000,0.010,0.889,0.101
656500,0.010,0.921,0.069
657000,0.010,0.866,0.124
657500,0.010,0.899,0.091
658000,0.010,0.827,0.163
658500,0.010,0.903,0.087
659000,0.010,0.931,0.059
659500,0.010,0.950,0.040
660000,0.010,0.913,0.077
660500,0.010,0.911,0.079
661000,0.010,0.869,0.121
661500,0.010,0.850,0.140
662000,0.010,0.876,0.114
662500,0.010,0.917,0.073
663000,0.010,0.937,0.053
663500,0.010,0.960,0.030
664000,0.010,0.960,0.030
664500,0.010,0.943,0.047
665000,0.010,0.938,0.052
665500,0.010,0.920,0.070
666000,0.010,0.859,0.131
666500,0.010,0.866,0.124
667000,0.010,0.906,0.084
667500,0.010,0.921,0.069
668000,0.010,0.953,0.037
668500,0.010,0.921,0.069
669000,0.010,0.921,0.069
669500,0.010,0.916,0.074
670000,0.010,0.957,0.033
670500,0.010,0.959,0.031
671000,0.010,0.935,0.054
671500,0.010,0.919,0.071
672000,0.010,0.936,0.053
672500,0.010,0.960,0.030
673000,0.010,0.918,0.072
673500,0.010,0.904,0.086
674000,0.010,0.854,0.136
674500,0.010,0.846,0.144
675000,0.010,0.899,0.091
675500,0.010,0.910,0.080
676000,0.010,0.915,0.075
676500,0.010,0.912,0.078
677000,0.010,0.902,0.088
677500,0.010,0.934,0.056
678000,0.010,0.948,0.042
678500,0.010,0.943,0.047
679000,0.010,0.945,0.045
679500,0.010,0.896,0.094
680000,0.010,0.903,0.087
680500,0.010,0.952,0.038
681000,0.010,0.952,0.038
681500,0.010,0.900,0.090
682000,0.010,0.922,0.068
682500,0.010,0.934,0.056
683000,0.010,0.905,0.085
683500,0.010,0.863,0.127
684000,0.010,0.861,0.129
684500,0.010,0.892,0.098
685000,0.010,0.924,0.066
685500,0.010,0.912,0.078
686000,0.010,0.954,0.036
686500,0.010,0.957,0.033
687000,0.010,0.941,0.049
687500,0.010,0.931,0.059
688000,0.010,0.906,0.084
688500,0.010,0.904,0.086
689000,0.010,0.920,0.070
689500,0.010,0.910,0.080
690000,0.010,0.905,0.085
690500,0.010,0.869,0.121
691000,0.010,0.841,0.149
691500,0.010,0.933,0.057
692000,0.010,0.917,0.073
692500,0.010,0.948,0.042
693000,0.010,0.947,0.043
693500,0.010,0.898,0.092
694000,0.010,0.930,0.060
694500,0.010,0.924,0.066
695000,0.010,0.931,0.058
695500,0.010,0.910,0.080
696000,0.010,0.910,0.080
696500,0.010,0.835,0.155
697000,0.010,0.870,0.120
697500,0.010,0.955,0.035
698000,0.010,0.907,0.083
698500,0.010,0.918,0.072
699000,0.010,0.919,0.071
699500,0.010,0.932,0.058
700000,0.010,0.955,0.035
700500,0.010,0.915,0.075
701000,0.010,0.914,0.076
701500,0.010,0.907,0.083
702000,0.010,0.927,0.063
702500,0.010,0.975,0.015
703000,0.010,0.937,0.053
703500,0.010,0.908,0.082
704000,0.010,0.894,0.096
704500,0.010,0.915,0.075
705000,0.010,0.920,0.070
705500,0.010,0.917,0.073
706000,0.010,0.916,0.074
706500,0.010,0.957,0.033
707000,0.010,0.937,0.053
707500,0.010,0.912,0.078
708000,0.010,0.847,0.143
708500,0.010,0.889,0.101
709000,0.010,0.907,0.083
709500,0.010,0.897,0.093
710000,0.010,0.922,0.068
710500,0.010,0.909,0.081
711000,0.010,0.912,0.078
711500,0.010,0.916,0.074
712000,0.010,0.914,0.076
712500,0.010,0.928,0.061
713000,0.010,0.946,0.044
713500,0.010,0.888,0.102
714000,0.010,0.912,0.078
714500,0.010,0.895,0.095
715000,0.010,0.920,0.070
715500,0.010,0.898,0.092
716000,0.010,0.948,0.042
716500,0.010,0.889,0.101
717000,0.010,0.909,0.081
717500,0.010,0.913,0.077
718000,0.010,0.927,0.062
718500,0.010,0.928,0.061
719000,0.010,0.933,0.056
719500,0.010,0.934,0.055
720000,0.010,0.893,0.097
720500,0.010,0.929,0.060
721000,0.010,0.966,0.024
721500,0.010,0.935,0.054
722000,0.010,0.887,0.103
722500,0.010,0.910,0.080
723000,0.010,0.909,0.081
723500,0.010,0.918,0.072
724000,0.010,0.927,0.063
724500,0.010,0.944,0.046
725000,0.010,0.901,0.089
725500,0.010,0.933,0.056
726000,0.010,0.895,0.095
726500,0.010,0.894,0.096
727000,0.010,0.919,0.071
727500,0.010,0.863,0.127
728000,0.010,0.913,0.077
728500,0.010,0.925,0.065
729000,0.010,0.938,0.052
729500,0.010,0.951,0.039
730000,0.010,0.908,0.082
730500,0.010,0.890,0.100
731000,0.010,0.886,0.104
731500,0.010,0.909,0.081
732000,0.010,0.946,0.044
732500,0.010,0.922,0.068
733000,0.010,0.915,0.075
733500,0.010,0.932,0.057
734000,0.010,0.899,0.091
734500,0.010,0.942,0.048
735000,0.010,0.892,0.098
735500,0.010,0.935,0.054
736000,0.010,0.957,0.033
736500,0.010,0.928,0.062
737000,0.010,0.931,0.058
737500,0.010,0.949,0.041
738000,0.010,0.875,0.115
738500,0.010,0.929,0.060
739000,0.010,0.947,0.043
739500,0.010,0.938,0.052
740000,0.010,0.958,0.032
740500,0.010,0.968,0.022
741000,0.010,0.976,0.014
741500,0.010,0.909,0.081
742000,0.010,0.913,0.077
742500,0.010,0.880,0.110
743000,0.010,0.901,0.089
743500,0.010,0.920,0.070
744000,0.010,0.919,0.071
744500,0.010,0.925,0.065
745000,0.010,0.887,0.103
745500,0.010,0.929,0.061
746000,0.010,0.930,0.060
746500,0.010,0.939,0.051
747000,0.010,0.942,0.048
747500,0.010,0.938,0.052
748000,0.010,0.934,0.056
748500,0.010,0.949,0.041
749000,0.010,0.919,0.071
749500,0.010,0.890,0.100
750000,0.010,0.920,0.070
750500,0.010,0.911,0.079
751000,0.010,0.943,0.047
751500,0.010,0.947,0.043
752000,0.010,0.951,0.039
752500,0.010,0.913,0.077
753000,0.010,0.926,0.064
753500,0.010,0.926,0.064
754000,0.010,0.902,0.088
754500,0.010,0.877,0.113
755000,0.010,0.900,0.090
755500,0.010,0.866,0.124
756000,0.010,0.885,0.105
756500,0.010,0.855,0.135
757000,0.010,0.898,0.092
757500,0.010,0.869,0.121
758000,0.010,0.888,0.102
758500,0.010,0.905,0.085
759000,0.010,0.953,0.037
759500,0.010,0.958,0.032
760000,0.010,0.925,0.065
760500,0.010,0.946,0.044
761000,0.010,0.896,0.094
761500,0.010,0.898,0.092
762000,0.010,0.886,0.104
762500,0.010,0.843,0.147
763000,0.010,0.911,0.079
763500,0.010,0.923,0.067
764000,0.010,0.921,0.069
764500,0.010,0.932,0.058
765000,0.010,0.963,0.027
765500,0.010,0.968,0.022
766000,0.010,0.973,0.017
766500,0.010,0.935,0.054
767000,0.010,0.952,0.038
767500,0.010,0.949,0.041
768000,0.010,0.962,0.028
768500,0.010,0.937,0.053
769000,0.010,0.930,0.060
769500,0.010,0.890,0.100
770000,0.010,0.891,0.099
770500,0.010,0.860,0.130
771000,0.010,0.912,0.078
771500,0.010,0.925,0.065
772000,0.010,0.948,0.042
772500,0.010,0.945,0.045
773000,0.010,0.934,0.056
773500,0.010,0.911,0.079
774000,0.010,0.900,0.090
774500,0.010,0.947,0.043
775000,0.010,0.956,0.034
775500,0.010,0.942,0.048
776000,0.010,0.948,0.042
776500,0.010,0.892,0.098
777000,0.010,0.875,0.115
777500,0.010,0.901,0.089
778000,0.010,0.909,0.081
778500,0.010,0.866,0.124
779000,0.010,0.900,0.090
779500,0.010,0.919,0.071
780000,0.010,0.943,0.047
780500,0.010,0.898,0.092
781000,0.010,0.815,0.175
781500,0.010,0.885,0.105
782000,0.010,0.845,0.145
782500,0.010,0.880,0.110
783000,0.010,0.863,0.127
783500,0.010,0.866,0.124
784000,0.010,0.946,0.044
784500,0.010,0.945,0.045
785000,0.010,0.939,0.051
785500,0.010,0.911,0.079
786000,0.010,0.902,0.088
786500,0.010,0.903,0.087
787000,0.010,0.906,0.084
787500,0.010,0.864,0.126
788000,0.010,0.951,0.039
788500,0.010,0.918,0.072
789000,0.010,0.905,0.085
789500,0.010,0.912,0.078
790000,0.010,0.926,0.064
790500,0.010,0.913,0.077
791000,0.010,0.944,0.046
791500,0.010,0.914,0.076
792000,0.010,0.917,0.073
792500,0.010,0.880,0.110
793000,0.010,0.910,0.080
793500,0.010,0.868,0.122
794000,0.010,0.913,0.077
794500,0.010,0.900,0.090
795000,0.010,0.920,0.070
795500,0.010,0.900,0.090
796000,0.010,0.953,0.037
796500,0.010,0.942,0.048
797000,0.010,0.910,0.080
797500,0.010,0.877,0.113
798000,0.010,0.889,0.101
798500,0.010,0.941,0.049
799000,0.010,0.935,0.055
799500,0.010,0.874,0.116
800000,0.010,0.793,0.197
800500,0.010,0.816,0.174
801000,0.010,0.848,0.142
801500,0.010,0.851,0.139
802000,0.010,0.889,0.101
802500,0.010,0.901,0.089
803000,0.010,0.919,0.071
803500,0.010,0.927,0.062
804000,0.010,0.909,0.081
804500,0.010,0.914,0.076
805000,0.010,0.931,0.059
805500,0.010,0.924,0.066
806000,0.010,0.930,0.060
806500,0.010,0.924,0.066
807000,0.010,0.949,0.041
807500,0.010,0.939,0.051
808000,0.010,0.872,0.118
808500,0.010,0.905,0.085
809000,0.010,0.911,0.079
809500,0.010,0.918,0.072
810000,0.010,0.921,0.069
810500,0.010,0.948,0.042
811000,0.010,0.958,0.032
811500,0.010,0.922,0.068
812000,0.010,0.955,0.035
812500,0.010,0.949,0.041
813000,0.010,0.917,0.073
813500,0.010,0.924,0.066
814000,0.010,0.919,0.071
814500,0.010,0.902,0.088
815000,0.010,0.837,0.153
815500,0.010,0.848,0.142
816000,0.010,0.905,0.085
816500,0.010,0.904,0.086
817000,0.010,0.906,0.084
817500,0.010,0.911,0.079
818000,0.010,0.888,0.102
818500,0.010,0.915,0.075
819000,0.010,0.910,0.080
819500,0.010,0.926,0.064
820000,0.010,0.943,0.047
820500,0.010,0.928,0.061
821000,0.010,0.925,0.065
821500,0.010,0.905,0.085
822000,0.010,0.907,0.083
822500,0.010,0.893,0.097
823000,0.010,0.920,0.070
823500,0.010,0.908,0.082
824000,0.010,0.859,0.131
824500,0.010,0.809,0.180
825000,0.010,0.856,0.134
825500,0.010,0.890,0.100
826000,0.010,0.892,0.098
826500,0.010,0.911,0.079
827000,0.010,0.904,0.086
827500,0.010,0.894,0.096
828000,0.010,0.878,0.112
828500,0.010,0.913,0.077
829000,0.010,0.834,0.156
829500,0.010,0.869,0.121
830000,0.010,0.929,0.061
830500,0.010,0.909,0.081
831000,0.010,0.941,0.049
831500,0.010,0.923,0.067
832000,0.010,0.908,0.082
832500,0.010,0.945,0.045
833000,0.010,0.941,0.049
833500,0.010,0.921,0.069
834000,0.010,0.891,0.099
834500,0.010,0.901,0.089
835000,0.010,0.873,0.117
835500,0.010,0.908,0.082
836000,0.010,0.855,0.135
836500,0.010,0.881,0.109
837000,0.010,0.889,0.101
837500,0.010,0.932,0.057
838000,0.010,0.913,0.077
838500,0.010,0.901,0.089
839000,0.010,0.922,0.068
839500,0.010,0.914,0.076
840000,0.010,0.905,0.085
840500,0.010,0.938,0.052
841000,0.010,0.906,0.084
841500,0.010,0.903,0.087
842000,0.010,0.929,0.060
842500,0.010,0.896,0.094
843000,0.010,0.932,0.057
843500,0.010,0.862,0.128
844000,0.010,0.884,0.106
844500,0.010,0.889,0.101
845000,0.010,0.873,0.117
845500,0.010,0.928,0.061
846000,0.010,0.945,0.045
846500,0.010,0.921,0.069
847000,0.010,0.898,0.092
847500,0.010,0.955,0.035
848000,0.010,0.915,0.075
848500,0.010,0.904,0.086
849000,0.010,0.924,0.066
849500,0.010,0.912,0.078
850000,0.010,0.957,0.033
850500,0.010,0.955,0.035
851000,0.010,0.934,0.055
851500,0.010,0.905,0.085
852000,0.010,0.903,0.087
852500,0.010,0.934,0.055
853000,0.010,0.937,0.053
853500,0.010,0.888,0.102
854000,0.010,0.913,0.077
854500,0.010,0.880,0.110
855000,0.010,0.905,0.085
855500,0.010,0.821,0.169
856000,0.010,0.845,0.145
856500,0.010,0.860,0.130
857000,0.010,0.934,0.055
857500,0.010,0.905,0.085
858000,0.010,0.872,0.118
858500,0.010,0.904,0.086
859000,0.010,0.912,0.078
859500,0.010,0.936,0.053
860000,0.010,0.951,0.039
860500,0.010,0.959,0.031
861000,0.010,0.979,0.011
861500,0.010,0.954,0.036
862000,0.010,0.940,0.050
862500,0.010,0.931,0.059
863000,0.010,0.939,0.051
863500,0.010,0.936,0.053
864000,0.010,0.955,0.035
864500,0.010,0.943,0.047
865000,0.010,0.906,0.084
865500,0.010,0.907,0.083
866000,0.010,0.890,0.100
866500,0.010,0.922,0.068
867000,0.010,0.900,0.090
867500,0.010,0.920,0.070
868000,0.010,0.911,0.079
868500,0.010,0.944,0.046
869000,0.010,0.953,0.037
869500,0.010,0.944,0.046
870000,0.010,0.899,0.091
870500,0.010,0.894,0.096
871000,0.010,0.915,0.075
871500,0.010,0.951,0.039
872000,0.010,0.914,0.076
872500,0.010,0.896,0.094
873000,0.010,0.923,0.067
873500,0.010,0.885,0.105
874000,0.010,0.920,0.070
874500,0.010,0.926,0.064
875000,0.010,0.942,0.048
875500,0.010,0.949,0.041
876000,0.010,0.856,0.134
876500,0.010,0.896,0.094
877000,0.010,0.940,0.050
877500,0.010,0.935,0.054
878000,0.010,0.899,0.091
878500,0.010,0.907,0.083
879000,0.010,0.926,0.064
879500,0.010,0.923,0.067
880000,0.010,0.935,0.055
880500,0.010,0.972,0.018
881000,0.010,0.947,0.043
881500,0.010,0.912,0.078
882000,0.010,0.965,0.025
882500,0.010,0.924,0.066
883000,0.010,0.922,0.068
883500,0.010,0.949,0.041
884000,0.010,0.954,0.036
884500,0.010,0.933,0.057
885000,0.010,0.957,0.033
885500,0.010,0.965,0.025
886000,0.010,0.946,0.044
886500,0.010,0.955,0.035
887000,0.010,0.950,0.040
887500,0.010,0.915,0.075
888000,0.010,0.920,0.070
888500,0.010,0.941,0.049
889000,0.010,0.925,0.065
889500,0.010,0.919,0.071
890000,0.010,0.932,0.057
890500,0.010,0.935,0.054
891000,0.010,0.901,0.089
891500,0.010,0.919,0.071
892000,0.010,0.865,0.125
892500,0.010,0.870,0.120
893000,0.010,0.904,0.086
893500,0.010,0.933,0.056
894000,0.010,0.886,0.104
894500,0.010,0.898,0.092
895000,0.010,0.901,0.089
895500,0.010,0.884,0.106
896000,0.010,0.934,0.056
896500,0.010,0.913,0.077
897000,0.010,0.887,0.103
897500,0.010,0.904,0.086
898000,0.010,0.908,0.082
898500,0.010,0.935,0.055
899000,0.010,0.919,0.071
899500,0.010,0.917,0.073
900000,0.010,0.876,0.114
900500,0.010,0.930,0.059
901000,0.010,0.877,0.113
901500,0.010,0.922,0.068
902000,0.010,0.893,0.097
902500,0.010,0.896,0.094
903000,0.010,0.924,0.066
903500,0.010,0.896,0.094
904000,0.010,0.920,0.070
904500,0.010,0.943,0.047
905000,0.010,0.961,0.029
905500,0.010,0.947,0.043
906000,0.010,0.922,0.068
906500,0.010,0.926,0.064
907000,0.010,0.924,0.066
907500,0.010,0.954,0.036
908000,0.010,0.928,0.062
908500,0.010,0.914,0.076
909000,0.010,0.901,0.089
909500,0.010,0.875,0.115
910000,0.010,0.887,0.103
910500,0.010,0.924,0.066
911000,0.010,0.920,0.070
911500,0.010,0.917,0.073
912000,0.010,0.937,0.053
912500,0.010,0.890,0.100
913000,0.010,0.950,0.040
913500,0.010,0.944,0.046
914000,0.010,0.931,0.059
914500,0.010,0.911,0.079
915000,0.010,0.947,0.043
915500,0.010,0.927,0.062
916000,0.010,0.951,0.039
916500,0.010,0.919,0.071
917000,0.010,0.908,0.082
917500,0.010,0.858,0.132
918000,0.010,0.887,0.103
918500,0.010,0.868,0.122
919000,0.010,0.911,0.079
919500,0.010,0.923,0.067
920000,0.010,0.970,0.020
920500,0.010,0.969,0.021
921000,0.010,0.966,0.024
921500,0.010,0.953,0.037
922000,0.010,0.915,0.075
922500,0.010,0.920,0.070
923000,0.010,0.945,0.045
923500,0.010,0.909,0.081
924000,0.010,0.927,0.062
924500,0.010,0.912,0.078
925000,0.010,0.948,0.042
925500,0.010,0.921,0.069
926000,0.010,0.955,0.035
926500,0.010,0.952,0.038
927000,0.010,0.910,0.080
927500,0.010,0.932,0.058
928000,0.010,0.934,0.055
928500,0.010,0.950,0.040
929000,0.010,0.971,0.019
929500,0.010,0.977,0.013
930000,0.010,0.972,0.018
930500,0.010,0.969,0.021
931000,0.010,0.945,0.045
931500,0.010,0.921,0.069
932000,0.010,0.930,0.059
932500,0.010,0.951,0.039
933000,0.010,0.949,0.041
933500,0.010,0.917,0.073
934000,0.010,0.908,0.082
934500,0.010,0.884,0.106
935000,0.010,0.903,0.087
935500,0.010,0.903,0.087
936000,0.010,0.808,0.182
936500,0.010,0.894,0.096
937000,0.010,0.931,0.059
937500,0.010,0.865,0.125
938000,0.010,0.913,0.077
938500,0.010,0.891,0.099
939000,0.010,0.914,0.076
939500,0.010,0.931,0.058
940000,0.010,0.930,0.060
940500,0.010,0.917,0.073
941000,0.010,0.966,0.024
941500,0.010,0.961,0.029
942000,0.010,0.920,0.070
942500,0.010,0.926,0.064
943000,0.010,0.978,0.012
943500,0.010,0.983,0.007
944000,0.010,0.965,0.025
944500,0.010,0.964,0.026
945000,0.010,0.951,0.039
945500,0.010,0.912,0.078
946000,0.010,0.877,0.113
946500,0.010,0.946,0.044
947000,0.010,0.932,0.058
947500,0.010,0.876,0.114
948000,0.010,0.895,0.095
948500,0.010,0.943,0.047
949000,0.010,0.910,0.080
949500,0.010,0.909,0.081
950000,0.010,0.893,0.097
950500,0.010,0.926,0.064
951000,0.010,0.926,0.064
951500,0.010,0.899,0.091
952000,0.010,0.867,0.123
952500,0.010,0.892,0.098
953000,0.010,0.911,0.079
953500,0.010,0.916,0.074
954000,0.010,0.901,0.089
954500,0.010,0.942,0.048
955000,0.010,0.894,0.096
955500,0.010,0.935,0.055
956000,0.010,0.931,0.059
956500,0.010,0.916,0.074
957000,0.010,0.933,0.056
957500,0.010,0.911,0.079
958000,0.010,0.870,0.120
958500,0.010,0.884,0.106
959000,0.010,0.915,0.075
959500,0.010,0.929,0.061
960000,0.010,0.908,0.082
960500,0.010,0.949,0.041
961000,0.010,0.932,0.057
961500,0.010,0.925,0.065
962000,0.010,0.917,0.073
962500,0.010,0.925,0.065
963000,0.010,0.941,0.049
963500,0.010,0.935,0.055
964000,0.010,0.921,0.069
964500,0.010,0.922,0.068
965000,0.010,0.909,0.081
965500,0.010,0.892,0.098
966000,0.010,0.924,0.066
966500,0.010,0.959,0.031
967000,0.010,0.942,0.048
967500,0.010,0.880,0.110
968000,0.010,0.891,0.099
968500,0.010,0.882,0.108
969000,0.010,0.865,0.125
969500,0.010,0.953,0.037
970000,0.010,0.965,0.025
970500,0.010,0.977,0.013
971000,0.010,0.961,0.029
971500,0.010,0.979,0.011
972000,0.010,0.967,0.023
972500,0.010,0.914,0.076
973000,0.010,0.921,0.069
973500,0.010,0.931,0.058
974000,0.010,0.954,0.036
974500,0.010,0.962,0.028
975000,0.010,0.931,0.059
975500,0.010,0.943,0.047
976000,0.010,0.943,0.047
976500,0.010,0.958,0.032
977000,0.010,0.941,0.049
977500,0.010,0.950,0.040
978000,0.010,0.957,0.033
978500,0.010,0.970,0.020
979000,0.010,0.963,0.027
979500,0.010,0.912,0.078
980000,0.010,0.854,0.136
980500,0.010,0.859,0.131
981000,0.010,0.862,0.128
981500,0.010,0.906,0.084
982000,0.010,0.896,0.094
982500,0.010,0.849,0.141
983000,0.010,0.853,0.137
983500,0.010,0.910,0.080
984000,0.010,0.905,0.085
984500,0.010,0.922,0.068
985000,0.010,0.936,0.053
985500,0.010,0.948,0.042
986000,0.010,0.962,0.028
986500,0.010,0.917,0.073
987000,0.010,0.945,0.045
987500,0.010,0.952,0.038
988000,0.010,0.924,0.066
988500,0.010,0.936,0.053
989000,0.010,0.952,0.038
989500,0.010,0.968,0.022
990000,0.010,0.934,0.056
990500,0.010,0.874,0.116
991000,0.010,0.920,0.070
991500,0.010,0.929,0.061
992000,0.010,0.888,0.102
992500,0.010,0.873,0.117
993000,0.010,0.837,0.153
993500,0.010,0.852,0.138
994000,0.010,0.889,0.101
994500,0.010,0.913,0.077
995000,0.010,0.894,0.096
995500,0.010,0.901,0.089
996000,0.010,0.933,0.056
996500,0.010,0.929,0.060
997000,0.010,0.875,0.115
997500,0.010,0.919,0.071
998000,0.010,0.906,0.084
998500,0.010,0.924,0.066
999000,0.010,0.867,0.123
999500,0.010,0.809,0.181
1000000,0.010,0.794,0.196
