time,n_A+p,n_B,n_AB
500,0.010,0.975,0.015
1000,0.010,0.968,0.022
1500,0.010,0.947,0.043
2000,0.010,0.926,0.064
2500,0.010,0.902,0.088
3000,0.010,0.849,0.141
3500,0.010,0.828,0.162
4000,0.010,0.808,0.182
4500,0.010,0.746,0.244
5000,0.010,0.733,0.257
5500,0.010,0.713,0.277
6000,0.010,0.715,0.275
6500,0.010,0.667,0.323
7000,0.010,0.649,0.341
7500,0.010,0.627,0.363
8000,0.010,0.598,0.392
8500,0.013,0.542,0.444
9000,0.011,0.531,0.458
9500,0.010,0.544,0.446
10000,0.011,0.557,0.431
10500,0.011,0.561,0.427
11000,0.011,0.521,0.468
11500,0.010,0.529,0.461
12000,0.011,0.498,0.491
12500,0.011,0.479,0.510
13000,0.012,0.494,0.494
13500,0.014,0.505,0.481
14000,0.015,0.494,0.490
14500,0.015,0.482,0.503
15000,0.015,0.462,0.524
15500,0.011,0.496,0.493
16000,0.011,0.513,0.476
16500,0.011,0.506,0.483
17000,0.015,0.516,0.469
17500,0.015,0.459,0.526
18000,0.013,0.466,0.522
18500,0.015,0.490,0.494
19000,0.011,0.525,0.464
19500,0.011,0.521,0.469
20000,0.010,0.512,0.478
20500,0.011,0.527,0.462
21000,0.013,0.540,0.447
21500,0.011,0.518,0.472
22000,0.012,0.492,0.495
22500,0.013,0.480,0.507
23000,0.015,0.471,0.514
23500,0.015,0.490,0.494
24000,0.013,0.482,0.506
24500,0.011,0.518,0.472
25000,0.013,0.484,0.503
25500,0.016,0.481,0.502
26000,0.011,0.500,0.489
26500,0.010,0.530,0.460
27000,0.010,0.532,0.458
27500,0.010,0.515,0.475
28000,0.010,0.507,0.483
28500,0.010,0.529,0.461
29000,0.010,0.532,0.458
29500,0.010,0.558,0.431
30000,0.010,0.559,0.431
30500,0.010,0.530,0.460
31000,0.010,0.542,0.448
31500,0.010,0.540,0.450
32000,0.010,0.559,0.430
32500,0.013,0.569,0.418
33000,0.012,0.575,0.413
33500,0.011,0.557,0.431
34000,0.011,0.498,0.490
34500,0.010,0.472,0.518
35000,0.011,0.487,0.502
35500,0.011,0.527,0.463
36000,0.015,0.526,0.458
36500,0.012,0.537,0.451
37000,0.012,0.512,0.476
37500,0.016,0.506,0.478
38000,0.013,0.517,0.470
38500,0.010,0.555,0.435
39000,0.010,0.521,0.469
39500,0.011,0.522,0.467
40000,0.013,0.532,0.455
40500,0.011,0.548,0.441
41000,0.011,0.529,0.460
41500,0.015,0.543,0.442
42000,0.010,0.557,0.433
42500,0.010,0.557,0.433
43000,0.010,0.539,0.451
43500,0.013,0.559,0.428
44000,0.011,0.573,0.416
44500,0.010,0.554,0.436
45000,0.010,0.587,0.403
45500,0.011,0.529,0.460
46000,0.013,0.497,0.489
46500,0.015,0.504,0.481
47000,0.011,0.480,0.509
47500,0.011,0.488,0.501
48000,0.011,0.506,0.483
48500,0.011,0.509,0.480
49000,0.013,0.460,0.528
49500,0.014,0.438,0.548
50000,0.011,0.465,0.524
50500,0.021,0.465,0.515
51000,0.018,0.418,0.565
51500,0.013,0.417,0.571
52000,0.015,0.415,0.571
52500,0.016,0.428,0.555
53000,0.017,0.440,0.543
53500,0.013,0.456,0.532
54000,0.015,0.435,0.550
54500,0.019,0.408,0.572
55000,0.013,0.452,0.535
55500,0.011,0.439,0.550
56000,0.017,0.454,0.529
56500,0.017,0.463,0.520
57000,0.013,0.452,0.535
57500,0.014,0.435,0.551
58000,0.011,0.447,0.542
58500,0.012,0.421,0.567
59000,0.013,0.438,0.550
59500,0.013,0.471,0.515
60000,0.015,0.459,0.527
60500,0.019,0.476,0.505
61000,0.018,0.469,0.513
61500,0.014,0.525,0.461
62000,0.011,0.503,0.487
62500,0.011,0.494,0.496
63000,0.010,0.525,0.465
63500,0.010,0.494,0.496
64000,0.010,0.519,0.471
64500,0.011,0.490,0.499
65000,0.014,0.508,0.478
65500,0.011,0.552,0.436
66000,0.011,0.578,0.411
66500,0.010,0.576,0.414
67000,0.010,0.539,0.451
67500,0.011,0.533,0.456
68000,0.012,0.517,0.471
68500,0.015,0.473,0.512
69000,0.014,0.449,0.537
69500,0.012,0.493,0.495
70000,0.010,0.487,0.503
70500,0.013,0.490,0.497
71000,0.013,0.487,0.500
71500,0.011,0.520,0.469
72000,0.011,0.539,0.449
72500,0.017,0.532,0.451
73000,0.018,0.528,0.454
73500,0.011,0.547,0.442
74000,0.013,0.540,0.446
74500,0.011,0.504,0.485
75000,0.011,0.528,0.461
75500,0.010,0.540,0.450
76000,0.010,0.499,0.491
76500,0.010,0.511,0.479
77000,0.010,0.526,0.464
77500,0.010,0.536,0.454
78000,0.010,0.539,0.451
78500,0.010,0.536,0.454
79000,0.013,0.509,0.478
79500,0.011,0.480,0.509
80000,0.013,0.477,0.510
80500,0.011,0.429,0.559
81000,0.011,0.461,0.528
81500,0.012,0.458,0.530
82000,0.016,0.421,0.562
82500,0.018,0.436,0.546
83000,0.015,0.482,0.503
83500,0.015,0.452,0.534
84000,0.013,0.423,0.564
84500,0.017,0.426,0.557
85000,0.015,0.434,0.551
85500,0.018,0.431,0.550
86000,0.011,0.394,0.595
86500,0.015,0.376,0.609
87000,0.015,0.409,0.576
87500,0.022,0.423,0.554
88000,0.018,0.417,0.565
88500,0.016,0.407,0.577
89000,0.015,0.417,0.567
89500,0.015,0.451,0.534
90000,0.013,0.417,0.569
90500,0.015,0.416,0.569
91000,0.018,0.434,0.547
91500,0.019,0.385,0.597
92000,0.015,0.415,0.569
92500,0.011,0.461,0.528
93000,0.017,0.483,0.500
93500,0.012,0.468,0.520
94000,0.017,0.487,0.496
94500,0.013,0.542,0.445
95000,0.011,0.523,0.466
95500,0.016,0.521,0.463
96000,0.011,0.501,0.487
96500,0.011,0.498,0.492
97000,0.015,0.523,0.462
97500,0.013,0.495,0.492
98000,0.011,0.468,0.522
98500,0.011,0.508,0.481
99000,0.011,0.513,0.477
99500,0.015,0.504,0.481
100000,0.013,0.473,0.514
100500,0.013,0.510,0.477
101000,0.013,0.513,0.474
101500,0.013,0.533,0.453
102000,0.011,0.523,0.465
102500,0.011,0.520,0.469
103000,0.011,0.533,0.456
103500,0.016,0.496,0.487
104000,0.016,0.486,0.498
104500,0.018,0.487,0.495
105000,0.018,0.469,0.513
105500,0.019,0.458,0.523
106000,0.021,0.437,0.542
106500,0.019,0.466,0.515
107000,0.014,0.490,0.496
107500,0.011,0.478,0.511
108000,0.015,0.478,0.506
108500,0.015,0.491,0.495
109000,0.015,0.503,0.483
109500,0.014,0.495,0.490
110000,0.011,0.523,0.466
110500,0.013,0.539,0.448
111000,0.011,0.551,0.439
111500,0.010,0.533,0.457
112000,0.010,0.554,0.435
112500,0.010,0.560,0.429
113000,0.010,0.566,0.424
113500,0.010,0.568,0.422
114000,0.010,0.532,0.458
114500,0.010,0.539,0.451
115000,0.010,0.492,0.498
115500,0.010,0.474,0.516
116000,0.010,0.490,0.500
116500,0.010,0.469,0.521
117000,0.021,0.484,0.494
117500,0.015,0.479,0.506
118000,0.017,0.485,0.498
118500,0.015,0.522,0.464
119000,0.012,0.500,0.488
119500,0.011,0.501,0.488
120000,0.012,0.519,0.469
120500,0.011,0.534,0.455
121000,0.011,0.546,0.444
121500,0.011,0.540,0.448
122000,0.011,0.548,0.441
122500,0.011,0.539,0.450
123000,0.010,0.564,0.426
123500,0.013,0.529,0.458
124000,0.011,0.552,0.436
124500,0.010,0.535,0.455
125000,0.010,0.524,0.466
125500,0.010,0.511,0.479
126000,0.011,0.495,0.493
126500,0.014,0.501,0.485
127000,0.015,0.475,0.509
127500,0.013,0.493,0.494
128000,0.012,0.501,0.487
128500,0.014,0.487,0.498
129000,0.017,0.531,0.452
129500,0.013,0.514,0.473
130000,0.013,0.510,0.478
130500,0.010,0.511,0.479
131000,0.012,0.515,0.473
131500,0.015,0.500,0.485
132000,0.015,0.481,0.504
132500,0.013,0.504,0.483
133000,0.015,0.498,0.487
133500,0.011,0.539,0.450
134000,0.010,0.549,0.441
134500,0.010,0.558,0.431
135000,0.010,0.523,0.467
135500,0.010,0.471,0.518
136000,0.017,0.523,0.460
136500,0.013,0.459,0.528
137000,0.015,0.446,0.539
137500,0.012,0.447,0.541
138000,0.011,0.502,0.487
138500,0.010,0.469,0.521
139000,0.013,0.512,0.475
139500,0.011,0.495,0.495
140000,0.011,0.547,0.443
140500,0.010,0.477,0.513
141000,0.013,0.493,0.493
141500,0.011,0.476,0.513
142000,0.010,0.496,0.493
142500,0.010,0.565,0.425
143000,0.010,0.502,0.488
143500,0.017,0.508,0.475
144000,0.013,0.513,0.474
144500,0.011,0.548,0.442
145000,0.010,0.572,0.418
145500,0.010,0.575,0.415
146000,0.010,0.602,0.388
146500,0.010,0.546,0.444
147000,0.010,0.543,0.447
147500,0.010,0.520,0.470
148000,0.011,0.524,0.465
148500,0.013,0.509,0.479
149000,0.011,0.478,0.511
149500,0.011,0.481,0.509
150000,0.011,0.473,0.516
150500,0.013,0.470,0.516
151000,0.015,0.486,0.498
151500,0.017,0.482,0.502
152000,0.013,0.491,0.496
152500,0.013,0.501,0.486
153000,0.013,0.478,0.509
153500,0.012,0.506,0.482
154000,0.011,0.498,0.491
154500,0.011,0.491,0.499
155000,0.011,0.477,0.512
155500,0.010,0.483,0.506
156000,0.010,0.457,0.533
156500,0.010,0.480,0.510
157000,0.015,0.483,0.502
157500,0.011,0.503,0.486
158000,0.013,0.497,0.489
158500,0.013,0.513,0.475
159000,0.011,0.509,0.479
159500,0.011,0.522,0.466
160000,0.011,0.576,0.413
160500,0.014,0.539,0.447
161000,0.011,0.477,0.511
161500,0.015,0.510,0.474
162000,0.013,0.469,0.518
162500,0.012,0.459,0.529
163000,0.013,0.430,0.558
163500,0.015,0.446,0.540
164000,0.015,0.446,0.538
164500,0.016,0.467,0.517
165000,0.012,0.468,0.520
165500,0.012,0.478,0.510
166000,0.011,0.491,0.499
166500,0.013,0.507,0.480
167000,0.011,0.522,0.468
167500,0.013,0.483,0.504
168000,0.011,0.468,0.522
168500,0.013,0.476,0.510
169000,0.018,0.500,0.482
169500,0.017,0.521,0.462
170000,0.013,0.519,0.468
170500,0.011,0.521,0.469
171000,0.014,0.510,0.476
171500,0.011,0.501,0.488
172000,0.012,0.478,0.510
172500,0.015,0.482,0.503
173000,0.011,0.472,0.516
173500,0.011,0.533,0.455
174000,0.011,0.545,0.445
174500,0.011,0.550,0.439
175000,0.011,0.514,0.476
175500,0.010,0.518,0.472
176000,0.011,0.537,0.453
176500,0.014,0.530,0.456
177000,0.011,0.546,0.442
177500,0.012,0.566,0.422
178000,0.011,0.548,0.440
178500,0.011,0.511,0.478
179000,0.015,0.529,0.455
179500,0.013,0.557,0.430
180000,0.011,0.535,0.455
180500,0.011,0.573,0.416
181000,0.010,0.594,0.396
181500,0.010,0.608,0.382
182000,0.010,0.595,0.395
182500,0.010,0.601,0.389
183000,0.010,0.586,0.404
183500,0.010,0.567,0.423
184000,0.010,0.580,0.410
184500,0.010,0.541,0.449
185000,0.011,0.526,0.463
185500,0.011,0.549,0.441
186000,0.010,0.539,0.451
186500,0.010,0.530,0.460
187000,0.010,0.526,0.464
187500,0.010,0.514,0.476
188000,0.010,0.517,0.473
188500,0.010,0.535,0.455
189000,0.010,0.532,0.458
189500,0.010,0.535,0.455
190000,0.010,0.498,0.491
190500,0.010,0.506,0.484
191000,0.010,0.497,0.492
191500,0.011,0.507,0.483
192000,0.010,0.475,0.515
192500,0.010,0.458,0.532
193000,0.016,0.461,0.523
193500,0.013,0.433,0.553
194000,0.013,0.415,0.572
194500,0.013,0.393,0.594
195000,0.017,0.394,0.589
195500,0.020,0.388,0.593
196000,0.015,0.394,0.591
196500,0.015,0.402,0.583
197000,0.013,0.410,0.576
197500,0.017,0.417,0.566
198000,0.019,0.447,0.534
198500,0.015,0.466,0.519
199000,0.013,0.474,0.514
199500,0.015,0.456,0.528
200000,0.015,0.462,0.523
200500,0.015,0.466,0.519
201000,0.017,0.474,0.509
201500,0.014,0.483,0.502
202000,0.015,0.516,0.470
202500,0.011,0.535,0.454
203000,0.010,0.526,0.464
203500,0.010,0.502,0.488
204000,0.012,0.489,0.498
204500,0.011,0.515,0.474
205000,0.011,0.506,0.483
205500,0.011,0.487,0.501
206000,0.011,0.519,0.470
206500,0.013,0.528,0.459
207000,0.011,0.519,0.470
207500,0.013,0.540,0.447
208000,0.015,0.507,0.478
208500,0.012,0.512,0.476
209000,0.012,0.485,0.502
209500,0.013,0.477,0.511
210000,0.015,0.449,0.536
210500,0.011,0.459,0.530
211000,0.018,0.454,0.528
211500,0.013,0.471,0.516
212000,0.011,0.481,0.508
212500,0.012,0.458,0.530
213000,0.011,0.475,0.514
213500,0.010,0.494,0.495
214000,0.010,0.496,0.494
214500,0.013,0.486,0.501
215000,0.017,0.475,0.508
215500,0.015,0.490,0.494
216000,0.018,0.477,0.505
216500,0.011,0.486,0.503
217000,0.011,0.472,0.517
217500,0.019,0.442,0.538
218000,0.018,0.461,0.521
218500,0.017,0.469,0.514
219000,0.012,0.470,0.518
219500,0.011,0.478,0.511
220000,0.011,0.472,0.516
220500,0.010,0.495,0.494
221000,0.015,0.509,0.476
221500,0.011,0.520,0.469
222000,0.011,0.546,0.443
222500,0.010,0.525,0.465
223000,0.011,0.532,0.456
223500,0.014,0.575,0.411
224000,0.011,0.562,0.427
224500,0.010,0.561,0.428
225000,0.010,0.583,0.407
225500,0.010,0.574,0.416
226000,0.010,0.525,0.465
226500,0.010,0.556,0.434
227000,0.010,0.572,0.418
227500,0.010,0.561,0.428
228000,0.010,0.556,0.433
228500,0.010,0.562,0.427
229000,0.011,0.562,0.426
229500,0.011,0.541,0.448
230000,0.011,0.510,0.479
230500,0.016,0.457,0.527
231000,0.012,0.434,0.554
231500,0.013,0.439,0.548
232000,0.011,0.441,0.548
232500,0.019,0.427,0.553
233000,0.015,0.425,0.559
233500,0.017,0.420,0.563
234000,0.017,0.466,0.517
234500,0.012,0.465,0.523
235000,0.011,0.481,0.508
235500,0.013,0.452,0.535
236000,0.014,0.446,0.540
236500,0.018,0.449,0.534
237000,0.013,0.474,0.512
237500,0.015,0.459,0.526
238000,0.017,0.466,0.517
238500,0.012,0.457,0.531
239000,0.011,0.523,0.466
239500,0.011,0.473,0.516
240000,0.017,0.467,0.516
240500,0.018,0.460,0.523
241000,0.014,0.459,0.527
241500,0.011,0.474,0.515
242000,0.010,0.477,0.513
242500,0.014,0.460,0.526
243000,0.015,0.495,0.489
243500,0.011,0.489,0.500
244000,0.011,0.471,0.518
244500,0.012,0.467,0.521
245000,0.015,0.465,0.521
245500,0.015,0.496,0.488
246000,0.012,0.470,0.518
246500,0.014,0.489,0.497
247000,0.012,0.475,0.512
247500,0.011,0.505,0.484
248000,0.011,0.492,0.498
248500,0.013,0.480,0.508
249000,0.013,0.474,0.514
249500,0.013,0.479,0.507
250000,0.011,0.497,0.492
250500,0.011,0.524,0.466
251000,0.013,0.530,0.457
251500,0.012,0.516,0.472
252000,0.011,0.557,0.432
252500,0.011,0.540,0.449
253000,0.013,0.507,0.480
253500,0.014,0.517,0.469
254000,0.012,0.547,0.441
254500,0.011,0.554,0.435
255000,0.012,0.554,0.434
255500,0.011,0.558,0.430
256000,0.011,0.488,0.501
256500,0.013,0.475,0.512
257000,0.011,0.480,0.509
257500,0.011,0.492,0.497
258000,0.012,0.480,0.508
258500,0.013,0.488,0.500
259000,0.011,0.502,0.487
259500,0.011,0.443,0.546
260000,0.013,0.474,0.513
260500,0.013,0.504,0.483
261000,0.010,0.532,0.458
261500,0.013,0.552,0.435
262000,0.014,0.560,0.426
262500,0.010,0.591,0.399
263000,0.010,0.564,0.426
263500,0.010,0.526,0.464
264000,0.010,0.557,0.433
264500,0.013,0.530,0.457
265000,0.011,0.510,0.479
265500,0.010,0.508,0.482
266000,0.011,0.531,0.458
266500,0.011,0.565,0.425
267000,0.010,0.581,0.409
267500,0.010,0.590,0.400
268000,0.010,0.579,0.411
268500,0.010,0.538,0.452
269000,0.010,0.558,0.432
269500,0.012,0.565,0.423
270000,0.011,0.535,0.454
270500,0.011,0.509,0.481
271000,0.010,0.515,0.475
271500,0.010,0.536,0.454
272000,0.010,0.548,0.442
272500,0.012,0.549,0.439
273000,0.011,0.518,0.472
273500,0.010,0.508,0.482
274000,0.010,0.496,0.494
274500,0.010,0.489,0.500
275000,0.010,0.526,0.464
275500,0.015,0.522,0.463
276000,0.011,0.524,0.465
276500,0.013,0.547,0.441
277000,0.010,0.530,0.460
277500,0.010,0.564,0.426
278000,0.012,0.548,0.440
278500,0.013,0.522,0.464
279000,0.010,0.541,0.449
279500,0.011,0.587,0.402
280000,0.010,0.579,0.411
280500,0.010,0.560,0.429
281000,0.013,0.571,0.417
281500,0.013,0.582,0.406
282000,0.011,0.559,0.429
282500,0.011,0.545,0.444
283000,0.011,0.513,0.476
283500,0.010,0.521,0.469
284000,0.013,0.511,0.476
284500,0.011,0.504,0.485
285000,0.011,0.537,0.452
285500,0.013,0.522,0.465
286000,0.015,0.512,0.473
286500,0.012,0.501,0.487
287000,0.011,0.499,0.490
287500,0.018,0.473,0.509
288000,0.013,0.508,0.479
288500,0.011,0.509,0.480
289000,0.010,0.507,0.483
289500,0.011,0.495,0.494
290000,0.013,0.505,0.482
290500,0.012,0.512,0.476
291000,0.011,0.541,0.449
291500,0.010,0.565,0.425
292000,0.011,0.542,0.446
292500,0.011,0.582,0.408
293000,0.011,0.578,0.412
293500,0.010,0.566,0.424
294000,0.010,0.565,0.425
294500,0.017,0.528,0.455
295000,0.018,0.530,0.453
295500,0.013,0.508,0.480
296000,0.012,0.524,0.464
296500,0.011,0.539,0.450
297000,0.010,0.537,0.453
297500,0.010,0.550,0.440
298000,0.010,0.556,0.434
298500,0.013,0.529,0.458
299000,0.011,0.519,0.471
299500,0.011,0.539,0.450
300000,0.011,0.529,0.461
300500,0.011,0.510,0.478
301000,0.011,0.468,0.521
301500,0.012,0.495,0.492
302000,0.011,0.498,0.492
302500,0.010,0.467,0.523
303000,0.010,0.448,0.542
303500,0.013,0.436,0.550
304000,0.013,0.449,0.539
304500,0.011,0.472,0.517
305000,0.011,0.508,0.481
305500,0.011,0.497,0.492
306000,0.012,0.475,0.513
306500,0.014,0.461,0.525
307000,0.017,0.423,0.560
307500,0.015,0.412,0.573
308000,0.013,0.440,0.546
308500,0.011,0.447,0.542
309000,0.011,0.472,0.517
309500,0.015,0.498,0.486
310000,0.011,0.468,0.521
310500,0.013,0.474,0.513
311000,0.011,0.527,0.461
311500,0.010,0.528,0.462
312000,0.012,0.535,0.453
312500,0.010,0.582,0.408
313000,0.012,0.570,0.418
313500,0.011,0.576,0.413
314000,0.011,0.574,0.416
314500,0.011,0.538,0.451
315000,0.011,0.582,0.408
315500,0.010,0.557,0.433
316000,0.011,0.509,0.480
316500,0.011,0.572,0.417
317000,0.013,0.535,0.453
317500,0.010,0.526,0.464
318000,0.010,0.544,0.446
318500,0.010,0.514,0.476
319000,0.010,0.486,0.504
319500,0.010,0.550,0.440
320000,0.010,0.566,0.424
320500,0.010,0.571,0.419
321000,0.010,0.554,0.436
321500,0.010,0.531,0.459
322000,0.020,0.483,0.496
322500,0.014,0.472,0.514
323000,0.011,0.469,0.520
323500,0.013,0.463,0.524
324000,0.018,0.444,0.538
324500,0.017,0.440,0.544
325000,0.013,0.465,0.523
325500,0.011,0.495,0.493
326000,0.011,0.512,0.477
326500,0.011,0.502,0.488
327000,0.011,0.531,0.458
327500,0.011,0.528,0.461
328000,0.010,0.517,0.473
328500,0.010,0.514,0.476
329000,0.013,0.531,0.456
329500,0.016,0.502,0.482
330000,0.013,0.453,0.535
330500,0.011,0.455,0.534
331000,0.014,0.432,0.554
331500,0.015,0.455,0.530
332000,0.013,0.473,0.514
332500,0.012,0.472,0.516
333000,0.011,0.494,0.495
333500,0.016,0.509,0.475
334000,0.011,0.513,0.475
334500,0.011,0.426,0.564
335000,0.017,0.414,0.569
335500,0.016,0.467,0.517
336000,0.013,0.507,0.481
336500,0.011,0.509,0.480
337000,0.011,0.499,0.489
337500,0.015,0.483,0.502
338000,0.018,0.493,0.490
338500,0.012,0.493,0.495
339000,0.013,0.479,0.508
339500,0.011,0.481,0.508
340000,0.011,0.532,0.457
340500,0.013,0.514,0.473
341000,0.013,0.504,0.483
341500,0.011,0.542,0.446
342000,0.012,0.533,0.455
342500,0.011,0.523,0.466
343000,0.011,0.546,0.444
343500,0.016,0.576,0.408
344000,0.013,0.593,0.395
344500,0.011,0.580,0.409
345000,0.011,0.543,0.446
345500,0.010,0.534,0.456
346000,0.012,0.524,0.464
346500,0.011,0.482,0.508
347000,0.011,0.529,0.460
347500,0.015,0.491,0.493
348000,0.015,0.521,0.464
348500,0.011,0.501,0.488
349000,0.010,0.512,0.478
349500,0.013,0.512,0.475
350000,0.011,0.501,0.488
350500,0.012,0.505,0.483
351000,0.011,0.475,0.515
351500,0.013,0.432,0.555
352000,0.013,0.468,0.520
352500,0.016,0.461,0.523
353000,0.013,0.452,0.536
353500,0.013,0.468,0.519
354000,0.011,0.477,0.512
354500,0.012,0.481,0.506
355000,0.011,0.490,0.499
355500,0.013,0.480,0.507
356000,0.015,0.479,0.506
356500,0.011,0.498,0.492
357000,0.010,0.503,0.487
357500,0.010,0.472,0.518
358000,0.010,0.486,0.504
358500,0.011,0.460,0.529
359000,0.010,0.485,0.504
359500,0.013,0.512,0.475
360000,0.011,0.518,0.471
360500,0.011,0.503,0.487
361000,0.010,0.480,0.510
361500,0.010,0.492,0.497
362000,0.010,0.478,0.512
362500,0.016,0.457,0.527
363000,0.015,0.436,0.548
363500,0.012,0.436,0.552
364000,0.013,0.466,0.522
364500,0.013,0.478,0.508
365000,0.017,0.513,0.470
365500,0.012,0.530,0.458
366000,0.011,0.531,0.459
366500,0.010,0.535,0.455
367000,0.010,0.489,0.500
367500,0.013,0.497,0.490
368000,0.014,0.488,0.498
368500,0.013,0.504,0.483
369000,0.010,0.492,0.498
369500,0.013,0.500,0.487
370000,0.013,0.472,0.516
370500,0.011,0.511,0.478
371000,0.015,0.478,0.508
371500,0.013,0.492,0.496
372000,0.011,0.469,0.520
372500,0.011,0.470,0.518
373000,0.011,0.498,0.491
373500,0.011,0.504,0.486
374000,0.011,0.509,0.479
374500,0.016,0.518,0.466
375000,0.015,0.528,0.457
375500,0.013,0.519,0.469
376000,0.011,0.478,0.512
376500,0.011,0.499,0.490
377000,0.013,0.474,0.512
377500,0.013,0.520,0.466
378000,0.011,0.534,0.456
378500,0.011,0.542,0.447
379000,0.011,0.531,0.459
379500,0.011,0.521,0.468
380000,0.012,0.529,0.459
380500,0.011,0.520,0.469
381000,0.012,0.515,0.473
381500,0.011,0.487,0.502
382000,0.010,0.476,0.514
382500,0.013,0.459,0.528
383000,0.016,0.486,0.498
383500,0.013,0.498,0.490
384000,0.011,0.525,0.464
384500,0.017,0.515,0.468
385000,0.011,0.544,0.445
385500,0.014,0.539,0.447
386000,0.013,0.533,0.453
386500,0.011,0.547,0.442
387000,0.010,0.540,0.450
387500,0.013,0.529,0.457
388000,0.012,0.539,0.449
388500,0.014,0.515,0.471
389000,0.011,0.538,0.451
389500,0.011,0.536,0.453
390000,0.016,0.532,0.452
390500,0.011,0.501,0.487
391000,0.013,0.521,0.466
391500,0.013,0.506,0.481
392000,0.013,0.492,0.495
392500,0.012,0.513,0.475
393000,0.013,0.525,0.462
393500,0.011,0.530,0.459
394000,0.010,0.534,0.456
394500,0.012,0.541,0.447
395000,0.012,0.550,0.438
395500,0.011,0.547,0.442
396000,0.013,0.534,0.453
396500,0.012,0.509,0.479
397000,0.015,0.483,0.502
397500,0.012,0.555,0.433
398000,0.011,0.555,0.434
398500,0.010,0.588,0.402
399000,0.010,0.576,0.414
399500,0.010,0.578,0.412
400000,0.010,0.604,0.386
400500,0.010,0.590,0.400
401000,0.010,0.585,0.405
401500,0.010,0.552,0.438
402000,0.010,0.559,0.430
402500,0.010,0.548,0.442
403000,0.010,0.521,0.469
403500,0.010,0.531,0.459
404000,0.010,0.509,0.481
404500,0.010,0.546,0.444
405000,0.010,0.569,0.421
405500,0.010,0.523,0.467
406000,0.015,0.546,0.438
406500,0.013,0.530,0.458
407000,0.010,0.557,0.432
407500,0.010,0.552,0.438
408000,0.010,0.520,0.470
408500,0.010,0.528,0.462
409000,0.010,0.558,0.431
409500,0.010,0.580,0.410
410000,0.013,0.586,0.402
410500,0.011,0.583,0.406
411000,0.011,0.590,0.400
411500,0.010,0.588,0.402
412000,0.010,0.536,0.454
412500,0.010,0.589,0.401
413000,0.010,0.615,0.375
413500,0.010,0.615,0.375
414000,0.013,0.586,0.401
414500,0.011,0.565,0.424
415000,0.010,0.560,0.429
415500,0.010,0.501,0.489
416000,0.010,0.495,0.495
416500,0.012,0.503,0.485
417000,0.011,0.498,0.490
417500,0.011,0.465,0.524
418000,0.013,0.495,0.491
418500,0.011,0.530,0.458
419000,0.010,0.521,0.469
419500,0.011,0.512,0.477
420000,0.010,0.502,0.488
420500,0.012,0.498,0.489
421000,0.012,0.499,0.489
421500,0.014,0.538,0.448
422000,0.015,0.513,0.473
422500,0.011,0.527,0.463
423000,0.010,0.574,0.416
423500,0.010,0.563,0.427
424000,0.010,0.553,0.436
424500,0.010,0.557,0.432
425000,0.013,0.522,0.465
425500,0.011,0.529,0.460
426000,0.013,0.520,0.467
426500,0.011,0.466,0.523
427000,0.013,0.468,0.519
427500,0.011,0.482,0.507
428000,0.011,0.495,0.494
428500,0.013,0.509,0.479
429000,0.010,0.546,0.444
429500,0.010,0.488,0.502
430000,0.014,0.541,0.445
430500,0.011,0.551,0.438
431000,0.011,0.512,0.478
431500,0.017,0.490,0.494
432000,0.019,0.439,0.542
432500,0.015,0.474,0.510
433000,0.015,0.450,0.535
433500,0.015,0.470,0.515
434000,0.011,0.487,0.502
434500,0.011,0.517,0.472
435000,0.013,0.503,0.484
435500,0.010,0.530,0.460
436000,0.010,0.542,0.448
436500,0.010,0.522,0.468
437000,0.010,0.490,0.500
437500,0.012,0.531,0.457
438000,0.013,0.549,0.438
438500,0.011,0.541,0.448
439000,0.010,0.531,0.459
439500,0.011,0.549,0.440
440000,0.010,0.566,0.424
440500,0.010,0.584,0.406
441000,0.010,0.581,0.409
441500,0.010,0.537,0.453
442000,0.013,0.548,0.440
442500,0.015,0.539,0.446
443000,0.011,0.514,0.475
443500,0.017,0.498,0.485
444000,0.015,0.508,0.476
444500,0.013,0.459,0.528
445000,0.015,0.441,0.544
445500,0.013,0.447,0.540
446000,0.015,0.461,0.525
446500,0.012,0.480,0.508
447000,0.010,0.478,0.512
447500,0.010,0.464,0.526
448000,0.010,0.483,0.507
448500,0.010,0.486,0.504
449000,0.010,0.479,0.511
449500,0.010,0.499,0.490
450000,0.013,0.495,0.492
450500,0.011,0.507,0.483
451000,0.013,0.502,0.486
451500,0.011,0.458,0.530
452000,0.015,0.461,0.525
452500,0.011,0.462,0.527
453000,0.011,0.498,0.492
453500,0.011,0.502,0.487
454000,0.011,0.506,0.484
454500,0.010,0.488,0.502
455000,0.013,0.494,0.494
455500,0.010,0.499,0.491
456000,0.010,0.546,0.444
456500,0.010,0.534,0.456
457000,0.013,0.553,0.434
457500,0.011,0.538,0.450
458000,0.010,0.572,0.418
458500,0.010,0.550,0.440
459000,0.013,0.529,0.458
459500,0.015,0.499,0.486
460000,0.011,0.504,0.485
460500,0.011,0.497,0.492
461000,0.011,0.457,0.532
461500,0.011,0.477,0.512
462000,0.013,0.516,0.472
462500,0.018,0.516,0.466
463000,0.013,0.485,0.502
463500,0.013,0.456,0.531
464000,0.011,0.442,0.547
464500,0.014,0.459,0.527
465000,0.011,0.490,0.499
465500,0.011,0.493,0.495
466000,0.011,0.500,0.489
466500,0.013,0.495,0.491
467000,0.011,0.492,0.497
467500,0.012,0.456,0.532
468000,0.015,0.473,0.512
468500,0.013,0.477,0.510
469000,0.015,0.503,0.482
469500,0.011,0.517,0.472
470000,0.013,0.521,0.467
470500,0.011,0.501,0.488
471000,0.011,0.488,0.500
471500,0.015,0.505,0.480
472000,0.015,0.492,0.493
472500,0.011,0.510,0.479
473000,0.011,0.500,0.488
473500,0.022,0.445,0.532
474000,0.018,0.450,0.532
474500,0.013,0.426,0.560
475000,0.015,0.438,0.546
475500,0.015,0.418,0.566
476000,0.015,0.439,0.546
476500,0.013,0.468,0.519
477000,0.011,0.482,0.507
477500,0.014,0.497,0.488
478000,0.011,0.517,0.472
478500,0.013,0.503,0.484
479000,0.011,0.483,0.506
479500,0.011,0.503,0.487
480000,0.011,0.529,0.460
480500,0.011,0.573,0.417
481000,0.011,0.563,0.427
481500,0.010,0.576,0.414
482000,0.010,0.571,0.419
482500,0.010,0.546,0.444
483000,0.013,0.549,0.437
483500,0.012,0.521,0.467
484000,0.011,0.521,0.468
484500,0.010,0.528,0.462
485000,0.011,0.523,0.466
485500,0.010,0.509,0.481
486000,0.010,0.504,0.486
486500,0.010,0.514,0.476
487000,0.010,0.506,0.484
487500,0.011,0.523,0.465
488000,0.010,0.530,0.460
488500,0.010,0.524,0.466
489000,0.010,0.504,0.486
489500,0.011,0.489,0.500
490000,0.011,0.549,0.440
490500,0.011,0.565,0.425
491000,0.011,0.570,0.420
491500,0.010,0.550,0.440
492000,0.010,0.539,0.451
492500,0.013,0.511,0.477
493000,0.012,0.499,0.489
493500,0.011,0.542,0.447
494000,0.010,0.528,0.462
494500,0.010,0.487,0.503
495000,0.015,0.513,0.471
495500,0.014,0.527,0.459
496000,0.015,0.532,0.453
496500,0.013,0.548,0.439
497000,0.015,0.511,0.475
497500,0.013,0.501,0.486
498000,0.012,0.493,0.494
498500,0.021,0.447,0.532
499000,0.016,0.454,0.530
499500,0.019,0.472,0.508
500000,0.018,0.478,0.504
500500,0.015,0.515,0.470
501000,0.015,0.524,0.461
501500,0.013,0.568,0.420
502000,0.012,0.528,0.460
502500,0.011,0.529,0.460
503000,0.010,0.521,0.469
503500,0.010,0.501,0.489
504000,0.010,0.515,0.475
504500,0.010,0.503,0.487
505000,0.010,0.488,0.502
505500,0.010,0.509,0.481
506000,0.010,0.515,0.475
506500,0.010,0.522,0.468
507000,0.010,0.531,0.459
507500,0.012,0.539,0.449
508000,0.011,0.565,0.424
508500,0.011,0.542,0.447
509000,0.010,0.559,0.430
509500,0.010,0.535,0.455
510000,0.010,0.527,0.463
510500,0.010,0.540,0.450
511000,0.010,0.580,0.410
511500,0.011,0.540,0.449
512000,0.012,0.515,0.473
512500,0.011,0.515,0.474
513000,0.017,0.457,0.526
513500,0.013,0.487,0.500
514000,0.018,0.473,0.509
514500,0.013,0.496,0.491
515000,0.013,0.520,0.467
515500,0.013,0.521,0.466
516000,0.013,0.507,0.480
516500,0.013,0.481,0.506
517000,0.014,0.470,0.516
517500,0.012,0.469,0.519
518000,0.011,0.464,0.526
518500,0.010,0.453,0.537
519000,0.016,0.463,0.521
519500,0.015,0.467,0.519
520000,0.013,0.495,0.492
520500,0.011,0.540,0.450
521000,0.015,0.501,0.484
521500,0.013,0.531,0.456
522000,0.011,0.558,0.431
522500,0.010,0.565,0.425
523000,0.010,0.564,0.426
523500,0.010,0.591,0.399
524000,0.010,0.617,0.373
524500,0.010,0.615,0.375
525000,0.010,0.627,0.363
525500,0.013,0.604,0.383
526000,0.011,0.528,0.461
526500,0.014,0.519,0.467
527000,0.013,0.472,0.516
527500,0.012,0.508,0.480
528000,0.013,0.513,0.474
528500,0.011,0.484,0.504
529000,0.010,0.496,0.493
529500,0.013,0.499,0.487
530000,0.012,0.513,0.475
530500,0.012,0.540,0.448
531000,0.013,0.496,0.490
531500,0.011,0.459,0.530
532000,0.010,0.487,0.503
532500,0.019,0.492,0.489
533000,0.015,0.539,0.445
533500,0.014,0.531,0.455
534000,0.011,0.520,0.468
534500,0.011,0.533,0.456
535000,0.010,0.497,0.493
535500,0.011,0.525,0.464
536000,0.011,0.521,0.469
536500,0.013,0.535,0.453
537000,0.011,0.480,0.509
537500,0.013,0.461,0.526
538000,0.011,0.457,0.532
538500,0.011,0.451,0.538
539000,0.013,0.483,0.504
539500,0.013,0.462,0.526
540000,0.012,0.445,0.543
540500,0.014,0.477,0.509
541000,0.010,0.533,0.457
541500,0.011,0.565,0.425
542000,0.010,0.517,0.473
542500,0.010,0.507,0.483
543000,0.010,0.523,0.467
543500,0.010,0.512,0.478
544000,0.010,0.541,0.449
544500,0.012,0.510,0.478
545000,0.011,0.454,0.536
545500,0.017,0.449,0.534
546000,0.015,0.444,0.542
546500,0.013,0.489,0.497
547000,0.011,0.484,0.504
547500,0.013,0.487,0.500
548000,0.011,0.531,0.457
548500,0.011,0.545,0.444
549000,0.010,0.531,0.459
549500,0.010,0.522,0.468
550000,0.011,0.549,0.439
550500,0.010,0.564,0.426
551000,0.010,0.586,0.404
551500,0.010,0.593,0.397
552000,0.010,0.553,0.437
552500,0.011,0.510,0.479
553000,0.013,0.487,0.500
553500,0.015,0.491,0.493
554000,0.015,0.504,0.481
554500,0.011,0.446,0.543
555000,0.015,0.466,0.519
555500,0.018,0.454,0.528
556000,0.015,0.448,0.537
556500,0.014,0.469,0.516
557000,0.011,0.529,0.461
557500,0.011,0.554,0.435
558000,0.013,0.522,0.465
558500,0.013,0.528,0.459
559000,0.011,0.525,0.464
559500,0.010,0.554,0.435
560000,0.010,0.591,0.399
560500,0.010,0.552,0.438
561000,0.012,0.531,0.457
561500,0.011,0.493,0.497
562000,0.010,0.448,0.542
562500,0.013,0.498,0.490
563000,0.011,0.485,0.504
563500,0.013,0.497,0.489
564000,0.010,0.496,0.494
564500,0.015,0.493,0.492
565000,0.011,0.496,0.493
565500,0.010,0.497,0.492
566000,0.012,0.470,0.518
566500,0.011,0.515,0.474
567000,0.014,0.498,0.488
567500,0.012,0.508,0.480
568000,0.011,0.502,0.487
568500,0.013,0.528,0.459
569000,0.013,0.490,0.498
569500,0.011,0.479,0.511
570000,0.013,0.541,0.447
570500,0.011,0.524,0.466
571000,0.010,0.527,0.463
571500,0.010,0.535,0.455
572000,0.010,0.504,0.486
572500,0.014,0.469,0.517
573000,0.013,0.459,0.528
573500,0.011,0.452,0.537
574000,0.011,0.488,0.502
574500,0.015,0.529,0.456
575000,0.011,0.573,0.416
575500,0.011,0.541,0.449
576000,0.011,0.480,0.508
576500,0.011,0.483,0.506
577000,0.017,0.511,0.472
577500,0.015,0.484,0.501
578000,0.019,0.451,0.530
578500,0.018,0.418,0.563
579000,0.020,0.450,0.530
579500,0.017,0.458,0.525
580000,0.015,0.517,0.468
580500,0.013,0.541,0.447
581000,0.013,0.527,0.460
581500,0.011,0.539,0.451
582000,0.013,0.551,0.435
582500,0.011,0.544,0.445
583000,0.011,0.527,0.462
583500,0.010,0.498,0.491
584000,0.010,0.485,0.504
584500,0.018,0.489,0.492
585000,0.015,0.464,0.520
585500,0.013,0.474,0.514
586000,0.011,0.453,0.536
586500,0.011,0.500,0.489
587000,0.010,0.537,0.453
587500,0.012,0.542,0.446
588000,0.013,0.498,0.488
588500,0.011,0.486,0.504
589000,0.013,0.530,0.458
589500,0.010,0.545,0.445
590000,0.010,0.520,0.470
590500,0.010,0.537,0.453
591000,0.012,0.506,0.482
591500,0.013,0.484,0.503
592000,0.014,0.524,0.462
592500,0.015,0.484,0.501
593000,0.016,0.488,0.495
593500,0.015,0.508,0.477
594000,0.015,0.498,0.487
594500,0.012,0.488,0.499
595000,0.013,0.534,0.453
595500,0.011,0.540,0.449
596000,0.013,0.512,0.474
596500,0.011,0.497,0.491
597000,0.013,0.513,0.474
597500,0.016,0.561,0.422
598000,0.012,0.539,0.449
598500,0.010,0.514,0.476
599000,0.010,0.521,0.469
599500,0.011,0.488,0.500
600000,0.011,0.465,0.524
600500,0.013,0.497,0.490
601000,0.015,0.511,0.474
601500,0.011,0.558,0.430
602000,0.011,0.539,0.451
602500,0.010,0.549,0.441
603000,0.010,0.520,0.470
603500,0.010,0.495,0.495
604000,0.011,0.490,0.499
604500,0.011,0.493,0.496
605000,0.013,0.477,0.510
605500,0.012,0.454,0.534
606000,0.015,0.480,0.505
606500,0.011,0.465,0.524
607000,0.010,0.463,0.527
607500,0.013,0.481,0.506
608000,0.012,0.480,0.508
608500,0.011,0.509,0.481
609000,0.013,0.511,0.476
609500,0.013,0.464,0.524
610000,0.013,0.456,0.532
610500,0.012,0.476,0.512
611000,0.011,0.468,0.522
611500,0.011,0.492,0.498
612000,0.010,0.510,0.480
612500,0.010,0.525,0.465
613000,0.010,0.518,0.472
613500,0.010,0.510,0.480
614000,0.013,0.538,0.449
614500,0.011,0.501,0.488
615000,0.011,0.519,0.471
615500,0.012,0.511,0.477
616000,0.011,0.508,0.481
616500,0.013,0.503,0.483
617000,0.011,0.534,0.455
617500,0.013,0.498,0.489
618000,0.014,0.497,0.489
618500,0.018,0.478,0.505
619000,0.012,0.477,0.511
619500,0.011,0.485,0.504
620000,0.012,0.527,0.461
620500,0.011,0.527,0.462
621000,0.012,0.506,0.482
621500,0.010,0.535,0.455
622000,0.010,0.494,0.495
622500,0.013,0.495,0.492
623000,0.011,0.521,0.468
623500,0.013,0.520,0.468
624000,0.013,0.482,0.505
624500,0.012,0.456,0.532
625000,0.013,0.453,0.534
625500,0.011,0.479,0.510
626000,0.010,0.488,0.502
626500,0.012,0.510,0.478
627000,0.012,0.502,0.486
627500,0.011,0.507,0.482
628000,0.013,0.518,0.469
628500,0.011,0.508,0.480
629000,0.018,0.498,0.485
629500,0.017,0.486,0.497
630000,0.016,0.513,0.471
630500,0.011,0.522,0.467
631000,0.011,0.535,0.454
631500,0.011,0.534,0.455
632000,0.013,0.500,0.486
632500,0.015,0.472,0.512
633000,0.011,0.455,0.534
633500,0.011,0.469,0.521
634000,0.016,0.462,0.522
634500,0.018,0.467,0.516
635000,0.012,0.490,0.497
635500,0.011,0.510,0.478
636000,0.011,0.505,0.484
636500,0.010,0.524,0.466
637000,0.010,0.533,0.457
637500,0.010,0.522,0.468
638000,0.010,0.554,0.435
638500,0.010,0.551,0.439
639000,0.010,0.543,0.447
639500,0.010,0.542,0.448
640000,0.010,0.548,0.442
640500,0.010,0.548,0.442
641000,0.010,0.560,0.430
641500,0.010,0.563,0.427
642000,0.010,0.549,0.441
642500,0.010,0.564,0.426
643000,0.010,0.570,0.420
643500,0.010,0.556,0.434
644000,0.010,0.548,0.442
644500,0.010,0.545,0.445
645000,0.010,0.531,0.459
645500,0.010,0.526,0.464
646000,0.010,0.518,0.472
646500,0.010,0.558,0.431
647000,0.013,0.516,0.472
647500,0.012,0.514,0.474
648000,0.014,0.528,0.458
648500,0.011,0.573,0.416
649000,0.011,0.545,0.445
649500,0.011,0.539,0.450
650000,0.013,0.542,0.445
650500,0.011,0.496,0.493
651000,0.013,0.532,0.455
651500,0.011,0.517,0.472
652000,0.013,0.491,0.496
652500,0.011,0.502,0.487
653000,0.010,0.508,0.482
653500,0.011,0.511,0.478
654000,0.015,0.502,0.483
654500,0.015,0.497,0.489
655000,0.011,0.470,0.518
655500,0.011,0.492,0.498
656000,0.014,0.492,0.494
656500,0.013,0.514,0.473
657000,0.011,0.499,0.490
657500,0.011,0.504,0.486
658000,0.013,0.472,0.516
658500,0.013,0.479,0.508
659000,0.011,0.509,0.480
659500,0.011,0.509,0.480
660000,0.014,0.507,0.479
660500,0.011,0.490,0.499
661000,0.013,0.462,0.526
661500,0.013,0.468,0.520
662000,0.011,0.463,0.526
662500,0.013,0.475,0.512
663000,0.012,0.510,0.478
663500,0.013,0.486,0.501
664000,0.014,0.471,0.514
664500,0.012,0.485,0.503
665000,0.011,0.496,0.492
665500,0.013,0.503,0.484
666000,0.018,0.463,0.520
666500,0.013,0.455,0.532
667000,0.013,0.468,0.520
667500,0.011,0.453,0.537
668000,0.015,0.499,0.485
668500,0.014,0.538,0.448
669000,0.011,0.567,0.422
669500,0.010,0.511,0.479
670000,0.010,0.499,0.491
670500,0.010,0.501,0.489
671000,0.012,0.478,0.510
671500,0.011,0.491,0.498
672000,0.015,0.537,0.448
672500,0.012,0.494,0.494
673000,0.017,0.512,0.471
673500,0.017,0.477,0.506
674000,0.013,0.519,0.469
674500,0.011,0.527,0.462
675000,0.011,0.513,0.477
675500,0.011,0.507,0.482
676000,0.011,0.541,0.448
676500,0.011,0.528,0.462
677000,0.010,0.520,0.470
677500,0.010,0.551,0.439
678000,0.012,0.553,0.435
678500,0.011,0.532,0.457
679000,0.011,0.524,0.465
679500,0.012,0.543,0.445
680000,0.014,0.493,0.492
680500,0.011,0.488,0.501
681000,0.011,0.486,0.504
681500,0.010,0.465,0.525
682000,0.013,0.468,0.519
682500,0.015,0.482,0.502
683000,0.013,0.515,0.472
683500,0.012,0.517,0.471
684000,0.011,0.510,0.479
684500,0.011,0.512,0.477
685000,0.013,0.520,0.467
685500,0.011,0.481,0.508
686000,0.011,0.509,0.481
686500,0.010,0.521,0.469
687000,0.010,0.516,0.474
687500,0.012,0.522,0.466
688000,0.011,0.511,0.478
688500,0.011,0.497,0.492
689000,0.013,0.519,0.468
689500,0.012,0.521,0.467
690000,0.015,0.501,0.484
690500,0.017,0.495,0.488
691000,0.013,0.474,0.513
691500,0.011,0.517,0.473
692000,0.011,0.512,0.478
692500,0.013,0.517,0.471
693000,0.011,0.485,0.503
693500,0.013,0.487,0.499
694000,0.010,0.491,0.499
694500,0.010,0.497,0.493
695000,0.015,0.494,0.491
695500,0.018,0.489,0.492
696000,0.011,0.542,0.446
696500,0.014,0.528,0.458
697000,0.011,0.543,0.446
697500,0.010,0.555,0.434
698000,0.012,0.548,0.440
698500,0.011,0.512,0.476
699000,0.013,0.479,0.508
699500,0.018,0.495,0.486
700000,0.014,0.545,0.441
700500,0.011,0.530,0.459
701000,0.013,0.511,0.476
701500,0.015,0.499,0.486
702000,0.017,0.489,0.494
702500,0.011,0.507,0.482
703000,0.012,0.485,0.502
703500,0.015,0.525,0.460
704000,0.017,0.493,0.489
704500,0.013,0.479,0.509
705000,0.015,0.418,0.567
705500,0.011,0.450,0.539
706000,0.013,0.465,0.523
706500,0.013,0.470,0.517
707000,0.012,0.496,0.492
707500,0.013,0.463,0.524
708000,0.012,0.514,0.474
708500,0.010,0.512,0.478
709000,0.013,0.484,0.502
709500,0.013,0.488,0.499
710000,0.015,0.460,0.525
710500,0.011,0.471,0.517
711000,0.015,0.479,0.506
711500,0.016,0.460,0.524
712000,0.013,0.470,0.518
712500,0.011,0.492,0.498
713000,0.011,0.454,0.536
713500,0.015,0.498,0.486
714000,0.011,0.491,0.498
714500,0.017,0.497,0.487
715000,0.011,0.506,0.483
715500,0.011,0.532,0.457
716000,0.011,0.532,0.457
716500,0.013,0.505,0.482
717000,0.013,0.504,0.484
717500,0.011,0.490,0.500
718000,0.015,0.484,0.500
718500,0.011,0.463,0.526
719000,0.013,0.460,0.528
719500,0.013,0.413,0.574
720000,0.012,0.442,0.546
720500,0.012,0.425,0.562
721000,0.014,0.450,0.536
721500,0.013,0.453,0.534
722000,0.011,0.466,0.524
722500,0.010,0.447,0.543
723000,0.010,0.484,0.506
723500,0.011,0.476,0.513
724000,0.010,0.504,0.486
724500,0.013,0.508,0.479
725000,0.011,0.516,0.473
725500,0.014,0.507,0.479
726000,0.011,0.488,0.500
726500,0.010,0.472,0.518
727000,0.011,0.507,0.482
727500,0.011,0.517,0.472
728000,0.011,0.514,0.475
728500,0.010,0.518,0.472
729000,0.010,0.565,0.425
729500,0.010,0.556,0.434
730000,0.010,0.542,0.448
730500,0.013,0.527,0.460
731000,0.012,0.507,0.481
731500,0.012,0.551,0.436
732000,0.011,0.568,0.422
732500,0.010,0.540,0.450
733000,0.010,0.550,0.440
733500,0.012,0.566,0.422
734000,0.011,0.562,0.427
734500,0.010,0.578,0.412
735000,0.010,0.545,0.445
735500,0.011,0.532,0.457
736000,0.011,0.539,0.451
736500,0.010,0.566,0.424
737000,0.012,0.519,0.469
737500,0.010,0.527,0.463
738000,0.010,0.554,0.435
738500,0.010,0.533,0.457
739000,0.010,0.557,0.433
739500,0.011,0.562,0.426
740000,0.010,0.565,0.425
740500,0.010,0.571,0.419
741000,0.010,0.558,0.432
741500,0.010,0.572,0.418
742000,0.013,0.570,0.417
742500,0.011,0.568,0.421
743000,0.012,0.556,0.431
743500,0.011,0.511,0.478
744000,0.011,0.519,0.471
744500,0.012,0.511,0.477
745000,0.010,0.517,0.473
745500,0.017,0.521,0.462
746000,0.015,0.508,0.477
746500,0.011,0.504,0.484
747000,0.010,0.556,0.433
747500,0.010,0.536,0.454
748000,0.010,0.519,0.471
748500,0.010,0.593,0.397
749000,0.013,0.553,0.434
749500,0.011,0.541,0.447
750000,0.011,0.557,0.432
750500,0.011,0.536,0.454
751000,0.011,0.572,0.418
751500,0.010,0.564,0.426
752000,0.012,0.561,0.427
752500,0.011,0.497,0.491
753000,0.018,0.513,0.470
753500,0.011,0.505,0.484
754000,0.011,0.519,0.470
754500,0.011,0.531,0.459
755000,0.010,0.512,0.478
755500,0.012,0.498,0.490
756000,0.011,0.516,0.473
756500,0.011,0.476,0.512
757000,0.013,0.502,0.485
757500,0.011,0.526,0.463
758000,0.012,0.547,0.441
758500,0.011,0.604,0.385
759000,0.010,0.586,0.404
759500,0.010,0.550,0.440
760000,0.010,0.535,0.455
760500,0.013,0.526,0.461
761000,0.011,0.516,0.473
761500,0.011,0.520,0.469
762000,0.013,0.544,0.443
762500,0.010,0.558,0.431
763000,0.019,0.567,0.414
763500,0.014,0.552,0.433
764000,0.013,0.565,0.423
764500,0.013,0.566,0.422
765000,0.010,0.531,0.459
765500,0.011,0.501,0.487
766000,0.015,0.524,0.462
766500,0.015,0.528,0.457
767000,0.013,0.530,0.457
767500,0.011,0.534,0.455
768000,0.011,0.537,0.452
768500,0.010,0.561,0.429
769000,0.010,0.547,0.443
769500,0.010,0.537,0.453
770000,0.012,0.550,0.438
770500,0.012,0.548,0.440
771000,0.011,0.568,0.421
771500,0.011,0.537,0.452
772000,0.011,0.523,0.467
772500,0.010,0.521,0.469
773000,0.012,0.508,0.480
773500,0.011,0.507,0.482
774000,0.010,0.544,0.446
774500,0.011,0.561,0.427
775000,0.011,0.545,0.445
775500,0.010,0.546,0.444
776000,0.010,0.536,0.454
776500,0.018,0.500,0.481
777000,0.013,0.480,0.507
777500,0.011,0.440,0.550
778000,0.014,0.441,0.545
778500,0.017,0.459,0.525
779000,0.014,0.431,0.555
779500,0.011,0.416,0.572
780000,0.015,0.456,0.529
780500,0.011,0.481,0.508
781000,0.011,0.475,0.514
781500,0.013,0.444,0.542
782000,0.012,0.467,0.521
782500,0.014,0.485,0.501
783000,0.011,0.514,0.475
783500,0.010,0.489,0.501
784000,0.013,0.452,0.535
784500,0.018,0.444,0.538
785000,0.015,0.447,0.539
785500,0.012,0.512,0.476
786000,0.017,0.536,0.447
786500,0.011,0.504,0.485
787000,0.011,0.501,0.488
787500,0.013,0.515,0.472
788000,0.013,0.487,0.500
788500,0.013,0.517,0.470
789000,0.011,0.542,0.447
789500,0.012,0.536,0.452
790000,0.010,0.542,0.448
790500,0.010,0.546,0.444
791000,0.010,0.559,0.431
791500,0.013,0.556,0.431
792000,0.010,0.587,0.403
792500,0.010,0.535,0.455
793000,0.010,0.535,0.455
793500,0.011,0.517,0.473
794000,0.011,0.559,0.430
794500,0.010,0.582,0.408
795000,0.010,0.601,0.389
795500,0.010,0.570,0.420
796000,0.010,0.575,0.415
796500,0.010,0.576,0.414
797000,0.010,0.589,0.401
797500,0.010,0.575,0.415
798000,0.010,0.579,0.411
798500,0.010,0.577,0.413
799000,0.010,0.559,0.430
799500,0.010,0.557,0.433
800000,0.013,0.460,0.528
800500,0.019,0.452,0.529
801000,0.019,0.421,0.559
801500,0.019,0.408,0.572
802000,0.018,0.384,0.598
802500,0.018,0.401,0.582
803000,0.018,0.396,0.587
803500,0.012,0.450,0.538
804000,0.013,0.469,0.518
804500,0.013,0.517,0.470
805000,0.010,0.517,0.473
805500,0.011,0.549,0.441
806000,0.011,0.559,0.430
806500,0.010,0.567,0.423
807000,0.013,0.509,0.478
807500,0.010,0.546,0.444
808000,0.010,0.527,0.463
808500,0.013,0.523,0.465
809000,0.011,0.526,0.463
809500,0.011,0.526,0.463
810000,0.010,0.559,0.430
810500,0.013,0.589,0.398
811000,0.011,0.556,0.432
811500,0.011,0.535,0.454
812000,0.013,0.508,0.479
812500,0.012,0.544,0.444
813000,0.012,0.493,0.495
813500,0.011,0.538,0.451
814000,0.010,0.537,0.453
814500,0.010,0.544,0.446
815000,0.010,0.581,0.409
815500,0.010,0.546,0.444
816000,0.010,0.543,0.447
816500,0.010,0.509,0.481
817000,0.010,0.511,0.479
817500,0.011,0.519,0.471
818000,0.010,0.526,0.464
818500,0.015,0.527,0.459
819000,0.014,0.508,0.478
819500,0.011,0.502,0.487
820000,0.010,0.488,0.502
820500,0.014,0.501,0.485
821000,0.014,0.482,0.504
821500,0.011,0.491,0.498
822000,0.013,0.513,0.474
822500,0.011,0.531,0.458
823000,0.010,0.536,0.454
823500,0.011,0.568,0.421
824000,0.011,0.556,0.433
824500,0.013,0.551,0.435
825000,0.012,0.556,0.431
825500,0.010,0.536,0.454
826000,0.013,0.566,0.422
826500,0.011,0.560,0.429
827000,0.011,0.569,0.421
827500,0.011,0.595,0.395
828000,0.011,0.561,0.428
828500,0.010,0.565,0.425
829000,0.010,0.518,0.472
829500,0.010,0.518,0.472
830000,0.010,0.522,0.468
830500,0.010,0.544,0.446
831000,0.011,0.550,0.438
831500,0.011,0.568,0.422
832000,0.010,0.577,0.413
832500,0.010,0.515,0.475
833000,0.013,0.512,0.475
833500,0.011,0.531,0.458
834000,0.011,0.564,0.426
834500,0.011,0.574,0.416
835000,0.011,0.570,0.420
835500,0.013,0.542,0.446
836000,0.011,0.569,0.420
836500,0.010,0.547,0.443
837000,0.011,0.543,0.446
837500,0.010,0.524,0.466
838000,0.010,0.521,0.469
838500,0.013,0.547,0.440
839000,0.011,0.566,0.424
839500,0.010,0.537,0.453
840000,0.010,0.500,0.490
840500,0.010,0.526,0.464
841000,0.011,0.506,0.483
841500,0.011,0.523,0.467
842000,0.011,0.526,0.462
842500,0.013,0.519,0.468
843000,0.011,0.514,0.475
843500,0.011,0.507,0.483
844000,0.013,0.514,0.472
844500,0.011,0.484,0.505
845000,0.013,0.473,0.514
845500,0.011,0.472,0.516
846000,0.011,0.493,0.496
846500,0.013,0.491,0.495
847000,0.013,0.503,0.484
847500,0.011,0.470,0.520
848000,0.010,0.487,0.502
848500,0.010,0.516,0.474
849000,0.010,0.495,0.495
849500,0.010,0.506,0.484
850000,0.013,0.510,0.477
850500,0.011,0.475,0.514
851000,0.013,0.481,0.506
851500,0.015,0.498,0.487
852000,0.013,0.509,0.479
852500,0.011,0.457,0.532
853000,0.016,0.460,0.524
853500,0.011,0.462,0.527
854000,0.011,0.489,0.501
854500,0.010,0.463,0.527
855000,0.018,0.460,0.522
855500,0.017,0.408,0.575
856000,0.022,0.399,0.579
856500,0.016,0.451,0.533
857000,0.015,0.507,0.478
857500,0.013,0.501,0.486
858000,0.011,0.485,0.504
858500,0.013,0.502,0.484
859000,0.012,0.502,0.486
859500,0.012,0.479,0.508
860000,0.010,0.477,0.512
860500,0.013,0.491,0.496
861000,0.018,0.469,0.514
861500,0.015,0.469,0.515
862000,0.013,0.468,0.519
862500,0.015,0.438,0.548
863000,0.011,0.431,0.558
863500,0.011,0.444,0.545
864000,0.018,0.421,0.561
864500,0.019,0.426,0.554
865000,0.013,0.406,0.582
865500,0.015,0.435,0.550
866000,0.013,0.435,0.551
866500,0.012,0.434,0.554
867000,0.013,0.488,0.498
867500,0.014,0.495,0.490
868000,0.014,0.507,0.479
868500,0.011,0.522,0.467
869000,0.011,0.555,0.433
869500,0.013,0.510,0.477
870000,0.017,0.508,0.475
870500,0.012,0.515,0.473
871000,0.011,0.518,0.472
871500,0.013,0.541,0.446
872000,0.011,0.524,0.466
872500,0.012,0.515,0.473
873000,0.011,0.485,0.504
873500,0.010,0.480,0.510
874000,0.012,0.491,0.497
874500,0.010,0.480,0.510
875000,0.010,0.480,0.510
875500,0.010,0.512,0.478
876000,0.010,0.497,0.493
876500,0.011,0.481,0.508
877000,0.011,0.453,0.536
877500,0.013,0.453,0.534
878000,0.012,0.474,0.514
878500,0.013,0.478,0.509
879000,0.011,0.459,0.530
879500,0.013,0.444,0.544
880000,0.011,0.462,0.528
880500,0.013,0.467,0.521
881000,0.015,0.493,0.492
881500,0.012,0.535,0.453
882000,0.013,0.512,0.475
882500,0.015,0.467,0.519
883000,0.015,0.501,0.484
883500,0.011,0.507,0.482
884000,0.013,0.489,0.498
884500,0.013,0.471,0.516
885000,0.013,0.469,0.519
885500,0.015,0.491,0.495
886000,0.011,0.494,0.495
886500,0.011,0.503,0.487
887000,0.010,0.523,0.467
887500,0.015,0.501,0.485
888000,0.012,0.466,0.522
888500,0.013,0.482,0.504
889000,0.014,0.490,0.496
889500,0.017,0.458,0.525
890000,0.015,0.489,0.496
890500,0.017,0.490,0.492
891000,0.015,0.521,0.464
891500,0.013,0.519,0.468
892000,0.011,0.552,0.437
892500,0.010,0.556,0.434
893000,0.011,0.563,0.427
893500,0.015,0.549,0.436
894000,0.011,0.553,0.436
894500,0.011,0.550,0.440
895000,0.011,0.547,0.443
895500,0.010,0.542,0.448
896000,0.013,0.554,0.432
896500,0.011,0.523,0.466
897000,0.011,0.495,0.495
897500,0.011,0.515,0.474
898000,0.015,0.520,0.465
898500,0.011,0.517,0.472
899000,0.010,0.581,0.409
899500,0.010,0.568,0.422
900000,0.010,0.509,0.481
900500,0.010,0.519,0.471
901000,0.010,0.571,0.419
901500,0.010,0.568,0.422
902000,0.010,0.550,0.440
902500,0.010,0.535,0.455
903000,0.010,0.568,0.422
903500,0.011,0.543,0.445
904000,0.011,0.535,0.455
904500,0.011,0.575,0.415
905000,0.011,0.570,0.420
905500,0.010,0.577,0.413
906000,0.010,0.584,0.406
906500,0.010,0.569,0.421
907000,0.013,0.566,0.421
907500,0.010,0.555,0.435
908000,0.010,0.547,0.443
908500,0.011,0.535,0.453
909000,0.011,0.496,0.493
909500,0.013,0.466,0.521
910000,0.013,0.446,0.542
910500,0.013,0.461,0.526
911000,0.010,0.460,0.530
911500,0.010,0.473,0.517
912000,0.010,0.427,0.563
912500,0.015,0.443,0.542
913000,0.012,0.453,0.535
913500,0.014,0.449,0.537
914000,0.011,0.526,0.463
914500,0.011,0.490,0.498
915000,0.011,0.516,0.473
915500,0.013,0.520,0.466
916000,0.011,0.566,0.423
916500,0.013,0.564,0.424
917000,0.011,0.568,0.421
917500,0.010,0.593,0.397
918000,0.010,0.579,0.411
918500,0.010,0.506,0.484
919000,0.016,0.526,0.458
919500,0.013,0.548,0.439
920000,0.011,0.549,0.440
920500,0.011,0.529,0.460
921000,0.010,0.555,0.435
921500,0.010,0.505,0.485
922000,0.010,0.527,0.463
922500,0.010,0.548,0.442
923000,0.010,0.549,0.441
923500,0.015,0.547,0.439
924000,0.011,0.552,0.437
924500,0.010,0.557,0.432
925000,0.010,0.556,0.434
925500,0.013,0.541,0.447
926000,0.011,0.527,0.463
926500,0.010,0.542,0.448
927000,0.010,0.522,0.468
927500,0.013,0.515,0.472
928000,0.011,0.508,0.482
928500,0.011,0.511,0.478
929000,0.010,0.510,0.480
929500,0.010,0.538,0.452
930000,0.012,0.509,0.479
930500,0.011,0.512,0.478
931000,0.011,0.501,0.488
931500,0.010,0.545,0.445
932000,0.012,0.578,0.410
932500,0.011,0.581,0.408
933000,0.010,0.618,0.372
933500,0.010,0.580,0.410
934000,0.010,0.568,0.422
934500,0.010,0.571,0.419
935000,0.010,0.602,0.388
935500,0.010,0.547,0.443
936000,0.010,0.505,0.485
936500,0.010,0.508,0.482
937000,0.011,0.554,0.435
937500,0.010,0.551,0.439
938000,0.010,0.548,0.442
938500,0.010,0.535,0.455
939000,0.010,0.551,0.439
939500,0.010,0.522,0.468
940000,0.010,0.470,0.520
940500,0.013,0.470,0.518
941000,0.011,0.476,0.513
941500,0.011,0.462,0.528
942000,0.011,0.481,0.507
942500,0.012,0.469,0.519
943000,0.010,0.480,0.510
943500,0.011,0.456,0.534
944000,0.015,0.381,0.604
944500,0.011,0.430,0.559
945000,0.012,0.410,0.578
945500,0.016,0.411,0.573
946000,0.013,0.402,0.586
946500,0.011,0.414,0.575
947000,0.018,0.415,0.568
947500,0.017,0.457,0.526
948000,0.016,0.493,0.491
948500,0.011,0.487,0.502
949000,0.015,0.453,0.532
949500,0.016,0.490,0.493
950000,0.015,0.473,0.512
950500,0.012,0.473,0.515
951000,0.014,0.477,0.509
951500,0.011,0.463,0.526
952000,0.018,0.444,0.538
952500,0.012,0.471,0.516
953000,0.011,0.505,0.485
953500,0.010,0.504,0.486
954000,0.010,0.553,0.436
954500,0.010,0.549,0.441
955000,0.011,0.577,0.412
955500,0.011,0.573,0.417
956000,0.011,0.560,0.429
956500,0.011,0.496,0.494
957000,0.011,0.501,0.488
957500,0.010,0.476,0.514
958000,0.017,0.491,0.491
958500,0.013,0.486,0.502
959000,0.015,0.484,0.501
959500,0.014,0.490,0.495
960000,0.015,0.495,0.491
960500,0.011,0.481,0.508
961000,0.010,0.482,0.508
961500,0.015,0.430,0.556
962000,0.014,0.414,0.572
962500,0.010,0.424,0.566
963000,0.017,0.430,0.553
963500,0.016,0.411,0.573
964000,0.017,0.450,0.534
964500,0.016,0.421,0.563
965000,0.017,0.418,0.566
965500,0.011,0.462,0.527
966000,0.019,0.418,0.562
966500,0.018,0.413,0.569
967000,0.015,0.443,0.543
967500,0.015,0.481,0.504
968000,0.011,0.490,0.499
968500,0.011,0.545,0.444
969000,0.010,0.600,0.390
969500,0.010,0.601,0.389
970000,0.010,0.577,0.413
970500,0.013,0.563,0.424
971000,0.013,0.518,0.469
971500,0.011,0.483,0.506
972000,0.013,0.461,0.526
972500,0.011,0.458,0.531
973000,0.018,0.472,0.510
973500,0.016,0.485,0.498
974000,0.011,0.480,0.509
974500,0.014,0.436,0.549
975000,0.022,0.398,0.580
975500,0.018,0.394,0.588
976000,0.018,0.407,0.575
976500,0.013,0.418,0.570
977000,0.013,0.409,0.578
977500,0.018,0.406,0.576
978000,0.014,0.423,0.563
978500,0.015,0.458,0.527
979000,0.011,0.495,0.493
979500,0.015,0.496,0.488
980000,0.012,0.470,0.518
980500,0.011,0.461,0.528
981000,0.014,0.470,0.516
981500,0.015,0.449,0.537
982000,0.013,0.470,0.517
982500,0.015,0.406,0.580
983000,0.013,0.484,0.504
983500,0.011,0.541,0.448
984000,0.011,0.477,0.512
984500,0.011,0.492,0.496
985000,0.010,0.508,0.482
985500,0.012,0.499,0.488
986000,0.011,0.559,0.430
986500,0.011,0.525,0.463
987000,0.013,0.500,0.487
987500,0.014,0.478,0.508
988000,0.015,0.462,0.523
988500,0.015,0.459,0.527
989000,0.016,0.466,0.518
989500,0.016,0.468,0.516
990000,0.012,0.510,0.478
990500,0.011,0.486,0.502
991000,0.013,0.516,0.471
991500,0.010,0.481,0.508
992000,0.010,0.483,0.506
992500,0.013,0.486,0.502
993000,0.018,0.479,0.503
993500,0.013,0.524,0.463
994000,0.011,0.518,0.471
994500,0.011,0.548,0.441
995000,0.010,0.525,0.465
995500,0.010,0.495,0.494
996000,0.010,0.539,0.451
996500,0.010,0.560,0.429
997000,0.010,0.535,0.455
997500,0.015,0.518,0.468
998000,0.013,0.495,0.492
998500,0.014,0.505,0.481
999000,0.014,0.529,0.457
999500,0.011,0.549,0.440
1000000,0.012,0.557,0.430
