time,n_A+p,n_B,n_AB
500,0.080,0.581,0.339
1000,0.080,0.393,0.527
1500,0.113,0.209,0.678
2000,0.210,0.103,0.687
2500,0.391,0.020,0.589
3000,0.542,0.004,0.454
3500,0.724,0.000,0.276
4000,0.810,0.000,0.190
4500,0.749,0.000,0.251
5000,0.789,0.000,0.211
5500,0.893,0.000,0.107
6000,0.890,0.000,0.110
6500,0.863,0.000,0.137
7000,0.918,0.000,0.082
7500,0.920,0.000,0.080
8000,0.884,0.000,0.116
8500,0.881,0.000,0.119
9000,0.906,0.000,0.094
9500,0.928,0.000,0.072
10000,0.954,0.000,0.046
10500,0.931,0.000,0.069
11000,0.948,0.000,0.052
11500,0.957,0.000,0.043
12000,0.975,0.000,0.025
12500,0.949,0.000,0.051
13000,0.970,0.000,0.030
13500,0.994,0.000,0.006
14000,0.998,0.000,0.002
14500,0.992,0.000,0.008
15000,1.000,0.000,0.000
