time,n_A+p,n_B,n_AB
500,0.050,0.671,0.279
1000,0.050,0.516,0.433
1500,0.050,0.375,0.575
2000,0.050,0.339,0.611
2500,0.050,0.290,0.659
3000,0.060,0.246,0.694
3500,0.077,0.141,0.782
4000,0.062,0.174,0.763
4500,0.059,0.214,0.727
5000,0.055,0.199,0.746
5500,0.054,0.268,0.678
6000,0.056,0.292,0.653
6500,0.051,0.272,0.677
7000,0.051,0.292,0.657
7500,0.056,0.267,0.678
8000,0.052,0.245,0.703
8500,0.050,0.225,0.725
9000,0.063,0.211,0.726
9500,0.063,0.196,0.742
10000,0.059,0.231,0.711
10500,0.073,0.153,0.773
11000,0.076,0.181,0.743
11500,0.068,0.177,0.754
12000,0.066,0.184,0.750
12500,0.062,0.145,0.793
13000,0.065,0.206,0.729
13500,0.085,0.150,0.765
14000,0.066,0.157,0.777
14500,0.052,0.226,0.722
15000,0.077,0.205,0.718
15500,0.075,0.148,0.777
16000,0.092,0.152,0.755
16500,0.089,0.139,0.772
17000,0.176,0.068,0.756
17500,0.360,0.011,0.630
18000,0.531,0.000,0.469
18500,0.682,0.000,0.318
19000,0.717,0.000,0.283
19500,0.779,0.000,0.221
20000,0.779,0.000,0.221
20500,0.829,0.000,0.171
21000,0.899,0.000,0.101
21500,0.878,0.000,0.122
22000,0.955,0.000,0.045
22500,0.970,0.000,0.030
23000,0.983,0.000,0.017
23500,0.978,0.000,0.022
24000,0.977,0.000,0.023
24500,0.993,0.000,0.007
25000,0.992,0.000,0.008
25500,0.978,0.000,0.022
26000,0.988,0.000,0.012
26500,0.994,0.000,0.006
27000,0.998,0.000,0.002
27500,1.000,0.000,0.000
