time,n_A+p,n_B,n_AB
500,0.030,0.247,0.723
1000,0.030,0.212,0.758
1500,0.030,0.383,0.587
2000,0.030,0.248,0.722
2500,0.030,0.300,0.670
3000,0.030,0.279,0.691
3500,0.030,0.168,0.802
4000,0.030,0.242,0.728
4500,0.030,0.377,0.593
5000,0.030,0.387,0.583
5500,0.030,0.378,0.592
6000,0.030,0.229,0.741
6500,0.030,0.211,0.759
7000,0.030,0.236,0.734
7500,0.030,0.262,0.708
8000,0.030,0.268,0.702
8500,0.030,0.260,0.710
9000,0.030,0.140,0.830
9500,0.030,0.171,0.799
10000,0.030,0.168,0.802
10500,0.148,0.046,0.806
11000,0.999,0.000,0.001
11500,1.000,0.000,0.000
