time,n_A+p,n_B,n_AB
500,0.080,0.396,0.524
1000,0.133,0.120,0.747
1500,0.294,0.014,0.692
2000,0.445,0.000,0.555
2500,0.452,0.000,0.548
3000,0.450,0.000,0.550
3500,0.502,0.000,0.498
4000,0.559,0.000,0.441
4500,0.539,0.000,0.461
5000,0.526,0.000,0.474
5500,0.568,0.000,0.432
6000,0.523,0.000,0.477
6500,0.601,0.000,0.399
7000,0.584,0.000,0.416
7500,0.590,0.000,0.410
8000,0.487,0.000,0.513
8500,0.527,0.000,0.473
9000,0.615,0.000,0.385
9500,0.563,0.000,0.437
10000,0.542,0.000,0.458
10500,0.553,0.000,0.447
11000,0.540,0.000,0.460
11500,0.591,0.000,0.409
12000,0.592,0.000,0.408
12500,0.510,0.000,0.490
13000,0.556,0.000,0.444
13500,0.576,0.000,0.424
14000,0.627,0.000,0.373
14500,0.657,0.000,0.343
15000,0.593,0.000,0.407
15500,0.630,0.000,0.370
16000,0.640,0.000,0.360
16500,0.592,0.000,0.408
17000,0.610,0.000,0.390
17500,0.548,0.000,0.452
18000,0.570,0.000,0.430
18500,0.527,0.000,0.473
19000,0.516,0.000,0.484
19500,0.648,0.000,0.352
20000,0.635,0.000,0.365
20500,0.596,0.000,0.404
21000,0.586,0.000,0.414
21500,0.518,0.000,0.482
22000,0.568,0.000,0.432
22500,0.548,0.000,0.452
23000,0.628,0.000,0.372
23500,0.553,0.000,0.447
24000,0.491,0.000,0.509
24500,0.575,0.000,0.425
25000,0.566,0.000,0.434
25500,0.507,0.000,0.493
26000,0.586,0.000,0.414
26500,0.588,0.000,0.412
27000,0.544,0.000,0.456
27500,0.469,0.000,0.531
28000,0.644,0.000,0.356
28500,0.543,0.000,0.457
29000,0.578,0.000,0.422
29500,0.625,0.000,0.375
30000,0.730,0.000,0.270
30500,0.546,0.000,0.454
31000,0.613,0.000,0.387
31500,0.422,0.000,0.578
32000,0.600,0.000,0.400
32500,0.530,0.000,0.470
33000,0.583,0.000,0.417
33500,0.655,0.000,0.345
34000,0.553,0.000,0.447
34500,0.616,0.000,0.384
35000,0.509,0.000,0.491
35500,0.577,0.000,0.423
36000,0.539,0.000,0.461
36500,0.669,0.000,0.331
37000,0.627,0.000,0.373
37500,0.601,0.000,0.399
38000,0.502,0.000,0.498
38500,0.532,0.000,0.468
39000,0.500,0.000,0.500
39500,0.555,0.000,0.445
40000,0.534,0.000,0.466
40500,0.401,0.000,0.599
41000,0.502,0.000,0.498
41500,0.563,0.000,0.437
42000,0.628,0.000,0.372
42500,0.539,0.000,0.461
43000,0.550,0.000,0.450
43500,0.555,0.000,0.445
44000,0.482,0.000,0.518
44500,0.651,0.000,0.349
45000,0.561,0.000,0.439
45500,0.616,0.000,0.384
46000,0.578,0.000,0.422
46500,0.646,0.000,0.354
47000,0.639,0.000,0.361
47500,0.650,0.000,0.350
48000,0.500,0.000,0.500
48500,0.534,0.000,0.466
49000,0.607,0.000,0.393
49500,0.662,0.000,0.338
50000,0.582,0.000,0.418
50500,0.655,0.000,0.345
51000,0.673,0.000,0.327
51500,0.664,0.000,0.336
52000,0.627,0.000,0.373
52500,0.605,0.000,0.395
53000,0.555,0.000,0.445
53500,0.527,0.000,0.473
54000,0.529,0.000,0.471
54500,0.595,0.000,0.405
55000,0.518,0.000,0.482
55500,0.616,0.000,0.384
56000,0.555,0.000,0.445
56500,0.529,0.000,0.471
57000,0.567,0.000,0.433
57500,0.643,0.000,0.357
58000,0.590,0.000,0.410
58500,0.512,0.000,0.488
59000,0.580,0.000,0.420
59500,0.631,0.000,0.369
60000,0.682,0.000,0.318
60500,0.698,0.000,0.302
61000,0.657,0.000,0.343
61500,0.599,0.000,0.401
62000,0.587,0.000,0.413
62500,0.552,0.000,0.448
63000,0.619,0.000,0.381
63500,0.667,0.000,0.333
64000,0.588,0.000,0.412
64500,0.636,0.000,0.364
65000,0.613,0.000,0.387
65500,0.657,0.000,0.343
66000,0.616,0.000,0.384
66500,0.597,0.000,0.403
67000,0.636,0.000,0.364
67500,0.574,0.000,0.426
68000,0.580,0.000,0.420
68500,0.545,0.000,0.455
69000,0.516,0.001,0.483
69500,0.426,0.000,0.574
70000,0.610,0.000,0.390
70500,0.582,0.000,0.418
71000,0.695,0.000,0.305
71500,0.506,0.000,0.494
72000,0.556,0.000,0.444
72500,0.460,0.000,0.540
73000,0.493,0.000,0.507
73500,0.515,0.000,0.485
74000,0.565,0.000,0.435
74500,0.555,0.000,0.445
75000,0.589,0.000,0.411
75500,0.532,0.000,0.468
76000,0.484,0.000,0.516
76500,0.525,0.000,0.475
77000,0.554,0.000,0.446
77500,0.563,0.000,0.437
78000,0.612,0.000,0.388
78500,0.662,0.000,0.338
79000,0.656,0.000,0.344
79500,0.611,0.000,0.389
80000,0.540,0.000,0.460
80500,0.594,0.000,0.406
81000,0.572,0.000,0.428
81500,0.573,0.000,0.427
82000,0.568,0.000,0.432
82500,0.555,0.000,0.445
83000,0.542,0.000,0.458
83500,0.471,0.000,0.529
84000,0.661,0.000,0.339
84500,0.586,0.000,0.414
85000,0.574,0.000,0.426
85500,0.566,0.000,0.434
86000,0.542,0.000,0.458
86500,0.513,0.000,0.487
87000,0.554,0.000,0.446
87500,0.582,0.000,0.418
88000,0.594,0.000,0.406
88500,0.545,0.000,0.455
89000,0.485,0.000,0.515
89500,0.464,0.000,0.536
90000,0.503,0.000,0.497
90500,0.497,0.000,0.503
91000,0.546,0.000,0.454
91500,0.525,0.000,0.475
92000,0.599,0.000,0.401
92500,0.473,0.000,0.527
93000,0.577,0.000,0.423
93500,0.567,0.000,0.433
94000,0.571,0.000,0.429
94500,0.588,0.000,0.412
95000,0.527,0.000,0.473
95500,0.580,0.000,0.420
96000,0.456,0.000,0.544
96500,0.398,0.000,0.602
97000,0.632,0.000,0.368
97500,0.615,0.000,0.385
98000,0.663,0.000,0.337
98500,0.493,0.000,0.507
99000,0.536,0.000,0.464
99500,0.500,0.000,0.500
100000,0.608,0.000,0.392
100500,0.580,0.000,0.420
101000,0.592,0.000,0.408
101500,0.722,0.000,0.278
102000,0.703,0.000,0.297
102500,0.629,0.000,0.371
103000,0.609,0.000,0.391
103500,0.561,0.000,0.439
104000,0.518,0.000,0.482
104500,0.598,0.000,0.402
105000,0.624,0.000,0.376
105500,0.615,0.000,0.385
106000,0.634,0.000,0.366
106500,0.560,0.000,0.440
107000,0.592,0.000,0.408
107500,0.707,0.000,0.293
108000,0.697,0.000,0.303
108500,0.736,0.000,0.264
109000,0.676,0.000,0.324
109500,0.531,0.000,0.469
110000,0.505,0.000,0.495
110500,0.574,0.000,0.426
111000,0.601,0.000,0.399
111500,0.502,0.000,0.498
112000,0.495,0.000,0.505
112500,0.488,0.000,0.512
113000,0.480,0.000,0.520
113500,0.494,0.000,0.506
114000,0.555,0.000,0.445
114500,0.533,0.000,0.467
115000,0.503,0.000,0.497
115500,0.483,0.000,0.517
116000,0.548,0.000,0.452
116500,0.627,0.000,0.373
117000,0.647,0.000,0.353
117500,0.587,0.000,0.413
118000,0.613,0.000,0.387
118500,0.625,0.000,0.375
119000,0.627,0.000,0.373
119500,0.613,0.000,0.387
120000,0.542,0.000,0.458
120500,0.554,0.000,0.446
121000,0.538,0.000,0.462
121500,0.619,0.000,0.381
122000,0.586,0.000,0.414
122500,0.606,0.000,0.394
123000,0.595,0.000,0.405
123500,0.546,0.000,0.454
124000,0.582,0.000,0.418
124500,0.554,0.000,0.446
125000,0.602,0.000,0.398
125500,0.482,0.000,0.518
126000,0.513,0.000,0.487
126500,0.557,0.000,0.443
127000,0.574,0.000,0.426
127500,0.655,0.000,0.345
128000,0.644,0.000,0.356
128500,0.584,0.000,0.416
129000,0.558,0.000,0.442
129500,0.558,0.000,0.442
130000,0.622,0.000,0.378
130500,0.530,0.000,0.470
131000,0.540,0.000,0.460
131500,0.542,0.000,0.458
132000,0.561,0.000,0.439
132500,0.546,0.000,0.454
133000,0.530,0.000,0.470
133500,0.636,0.000,0.364
134000,0.658,0.000,0.342
134500,0.617,0.000,0.383
135000,0.572,0.000,0.428
135500,0.589,0.000,0.411
136000,0.517,0.000,0.483
136500,0.613,0.000,0.387
137000,0.670,0.000,0.330
137500,0.707,0.000,0.293
138000,0.553,0.000,0.447
138500,0.707,0.000,0.293
139000,0.646,0.000,0.354
139500,0.664,0.000,0.336
140000,0.627,0.000,0.373
140500,0.552,0.000,0.448
141000,0.620,0.000,0.380
141500,0.544,0.000,0.456
142000,0.668,0.000,0.332
142500,0.754,0.000,0.246
143000,0.636,0.000,0.364
143500,0.698,0.000,0.302
144000,0.644,0.000,0.356
144500,0.481,0.000,0.519
145000,0.491,0.000,0.509
145500,0.571,0.000,0.429
146000,0.529,0.000,0.471
146500,0.591,0.000,0.409
147000,0.503,0.000,0.497
147500,0.517,0.000,0.483
148000,0.626,0.000,0.374
148500,0.617,0.000,0.383
149000,0.595,0.000,0.405
149500,0.606,0.000,0.394
150000,0.583,0.000,0.417
150500,0.592,0.000,0.408
151000,0.528,0.000,0.472
151500,0.522,0.000,0.478
152000,0.560,0.000,0.440
152500,0.564,0.000,0.436
153000,0.562,0.000,0.438
153500,0.485,0.000,0.515
154000,0.501,0.000,0.499
154500,0.527,0.000,0.473
155000,0.562,0.000,0.438
155500,0.632,0.000,0.368
156000,0.667,0.000,0.333
156500,0.628,0.000,0.372
157000,0.592,0.000,0.408
157500,0.543,0.000,0.457
158000,0.622,0.000,0.378
158500,0.553,0.000,0.447
159000,0.663,0.000,0.337
159500,0.663,0.000,0.337
160000,0.718,0.000,0.282
160500,0.738,0.000,0.262
161000,0.660,0.000,0.340
161500,0.504,0.000,0.496
162000,0.569,0.000,0.431
162500,0.541,0.000,0.459
163000,0.558,0.000,0.442
163500,0.623,0.000,0.377
164000,0.644,0.000,0.356
164500,0.598,0.000,0.402
165000,0.558,0.000,0.442
165500,0.655,0.000,0.345
166000,0.567,0.000,0.433
166500,0.558,0.000,0.442
167000,0.581,0.000,0.419
167500,0.601,0.000,0.399
168000,0.679,0.000,0.321
168500,0.753,0.000,0.247
169000,0.587,0.000,0.413
169500,0.486,0.000,0.514
170000,0.494,0.000,0.506
170500,0.568,0.000,0.432
171000,0.543,0.000,0.457
171500,0.405,0.000,0.595
172000,0.534,0.000,0.466
172500,0.514,0.000,0.486
173000,0.539,0.000,0.461
173500,0.464,0.000,0.536
174000,0.538,0.000,0.462
174500,0.485,0.000,0.515
175000,0.583,0.000,0.417
175500,0.596,0.000,0.404
176000,0.585,0.000,0.415
176500,0.519,0.000,0.481
177000,0.526,0.000,0.474
177500,0.638,0.000,0.362
178000,0.595,0.000,0.405
178500,0.531,0.000,0.469
179000,0.642,0.000,0.358
179500,0.527,0.000,0.473
180000,0.575,0.000,0.425
180500,0.618,0.000,0.382
181000,0.762,0.000,0.238
181500,0.567,0.000,0.433
182000,0.550,0.000,0.450
182500,0.526,0.000,0.474
183000,0.523,0.000,0.477
183500,0.483,0.000,0.517
184000,0.577,0.000,0.423
184500,0.544,0.000,0.456
185000,0.671,0.000,0.329
185500,0.618,0.000,0.382
186000,0.620,0.000,0.380
186500,0.576,0.000,0.424
187000,0.615,0.000,0.385
187500,0.659,0.000,0.341
188000,0.564,0.000,0.436
188500,0.681,0.000,0.319
189000,0.646,0.000,0.354
189500,0.557,0.000,0.443
190000,0.540,0.000,0.460
190500,0.566,0.000,0.434
191000,0.481,0.000,0.519
191500,0.510,0.000,0.490
192000,0.555,0.000,0.445
192500,0.576,0.000,0.424
193000,0.520,0.000,0.480
193500,0.595,0.000,0.405
194000,0.670,0.000,0.330
194500,0.558,0.000,0.442
195000,0.515,0.000,0.485
195500,0.575,0.000,0.425
196000,0.670,0.000,0.330
196500,0.651,0.000,0.349
197000,0.663,0.000,0.337
197500,0.501,0.000,0.499
198000,0.463,0.000,0.537
198500,0.503,0.000,0.497
199000,0.542,0.000,0.458
199500,0.537,0.000,0.463
200000,0.590,0.000,0.410
200500,0.639,0.000,0.361
201000,0.592,0.000,0.408
201500,0.613,0.000,0.387
202000,0.559,0.000,0.441
202500,0.503,0.000,0.497
203000,0.507,0.000,0.493
203500,0.577,0.000,0.423
204000,0.623,0.000,0.377
204500,0.532,0.000,0.468
205000,0.524,0.000,0.476
205500,0.564,0.000,0.436
206000,0.459,0.000,0.541
206500,0.559,0.000,0.441
207000,0.622,0.000,0.378
207500,0.600,0.000,0.400
208000,0.607,0.000,0.393
208500,0.549,0.000,0.451
209000,0.554,0.000,0.446
209500,0.557,0.000,0.443
210000,0.527,0.000,0.473
210500,0.515,0.000,0.485
211000,0.528,0.000,0.472
211500,0.587,0.000,0.413
212000,0.585,0.000,0.415
212500,0.654,0.000,0.346
213000,0.569,0.000,0.431
213500,0.664,0.000,0.336
214000,0.740,0.000,0.260
214500,0.771,0.000,0.229
215000,0.674,0.000,0.326
215500,0.549,0.000,0.451
216000,0.627,0.000,0.373
216500,0.550,0.000,0.450
217000,0.552,0.000,0.448
217500,0.521,0.000,0.479
218000,0.596,0.000,0.404
218500,0.590,0.000,0.410
219000,0.623,0.000,0.377
219500,0.537,0.000,0.463
220000,0.600,0.000,0.400
220500,0.509,0.000,0.491
221000,0.415,0.000,0.585
221500,0.474,0.000,0.526
222000,0.515,0.000,0.485
222500,0.550,0.000,0.450
223000,0.602,0.000,0.398
223500,0.530,0.000,0.470
224000,0.529,0.000,0.471
224500,0.566,0.000,0.434
225000,0.637,0.000,0.363
225500,0.715,0.000,0.285
226000,0.635,0.000,0.365
226500,0.506,0.000,0.494
227000,0.556,0.000,0.444
227500,0.546,0.000,0.454
228000,0.535,0.000,0.465
228500,0.385,0.000,0.615
229000,0.584,0.000,0.416
229500,0.544,0.000,0.456
230000,0.572,0.000,0.428
230500,0.546,0.000,0.454
231000,0.621,0.000,0.379
231500,0.636,0.000,0.364
232000,0.532,0.000,0.468
232500,0.541,0.000,0.459
233000,0.625,0.000,0.375
233500,0.501,0.000,0.499
234000,0.497,0.000,0.503
234500,0.474,0.000,0.526
235000,0.404,0.000,0.596
235500,0.547,0.000,0.453
236000,0.561,0.000,0.439
236500,0.558,0.000,0.442
237000,0.558,0.000,0.442
237500,0.509,0.000,0.491
238000,0.529,0.000,0.471
238500,0.483,0.000,0.517
239000,0.475,0.000,0.525
239500,0.517,0.000,0.483
240000,0.549,0.000,0.451
240500,0.608,0.000,0.392
241000,0.669,0.000,0.331
241500,0.661,0.000,0.339
242000,0.680,0.000,0.320
242500,0.711,0.000,0.289
243000,0.546,0.000,0.454
243500,0.557,0.000,0.443
244000,0.586,0.000,0.414
244500,0.516,0.000,0.484
245000,0.633,0.000,0.367
245500,0.532,0.000,0.468
246000,0.572,0.000,0.428
246500,0.639,0.000,0.361
247000,0.503,0.000,0.497
247500,0.665,0.000,0.335
248000,0.683,0.000,0.317
248500,0.565,0.000,0.435
249000,0.583,0.000,0.417
249500,0.608,0.000,0.392
250000,0.534,0.000,0.466
250500,0.515,0.000,0.485
251000,0.568,0.000,0.432
251500,0.517,0.000,0.483
252000,0.455,0.000,0.545
252500,0.409,0.000,0.591
253000,0.448,0.000,0.552
253500,0.468,0.000,0.532
254000,0.515,0.000,0.485
254500,0.560,0.000,0.440
255000,0.620,0.000,0.380
255500,0.564,0.000,0.436
256000,0.553,0.000,0.447
256500,0.524,0.000,0.476
257000,0.563,0.000,0.437
257500,0.560,0.000,0.440
258000,0.577,0.000,0.423
258500,0.602,0.000,0.398
259000,0.634,0.000,0.366
259500,0.569,0.000,0.431
260000,0.567,0.000,0.433
260500,0.497,0.000,0.503
261000,0.506,0.000,0.494
261500,0.589,0.000,0.411
262000,0.572,0.000,0.428
262500,0.550,0.000,0.450
263000,0.519,0.000,0.481
263500,0.532,0.000,0.468
264000,0.592,0.000,0.408
264500,0.587,0.000,0.413
265000,0.635,0.000,0.365
265500,0.493,0.000,0.507
266000,0.576,0.000,0.424
266500,0.625,0.000,0.375
267000,0.644,0.000,0.356
267500,0.588,0.000,0.412
268000,0.521,0.000,0.479
268500,0.538,0.000,0.462
269000,0.491,0.000,0.509
269500,0.507,0.000,0.493
270000,0.533,0.000,0.467
270500,0.539,0.000,0.461
271000,0.595,0.000,0.405
271500,0.535,0.000,0.465
272000,0.504,0.000,0.496
272500,0.544,0.000,0.456
273000,0.535,0.000,0.465
273500,0.535,0.000,0.465
274000,0.602,0.000,0.398
274500,0.506,0.000,0.494
275000,0.407,0.000,0.593
275500,0.469,0.000,0.531
276000,0.613,0.000,0.387
276500,0.624,0.000,0.376
277000,0.651,0.000,0.349
277500,0.651,0.000,0.349
278000,0.598,0.000,0.402
278500,0.530,0.000,0.470
279000,0.561,0.000,0.439
279500,0.581,0.000,0.419
280000,0.519,0.000,0.481
280500,0.592,0.000,0.408
281000,0.608,0.000,0.392
281500,0.604,0.000,0.396
282000,0.626,0.000,0.374
282500,0.494,0.000,0.506
283000,0.505,0.000,0.495
283500,0.530,0.000,0.470
284000,0.547,0.000,0.453
284500,0.505,0.000,0.495
285000,0.555,0.000,0.445
285500,0.469,0.000,0.531
286000,0.445,0.000,0.555
286500,0.444,0.000,0.556
287000,0.502,0.000,0.498
287500,0.437,0.000,0.563
288000,0.425,0.000,0.575
288500,0.543,0.000,0.457
289000,0.589,0.000,0.411
289500,0.642,0.000,0.358
290000,0.500,0.000,0.500
290500,0.553,0.000,0.447
291000,0.603,0.000,0.397
291500,0.558,0.000,0.442
292000,0.556,0.000,0.444
292500,0.659,0.000,0.341
293000,0.679,0.000,0.321
293500,0.530,0.000,0.470
294000,0.554,0.000,0.446
294500,0.556,0.000,0.444
295000,0.556,0.000,0.444
295500,0.520,0.000,0.480
296000,0.495,0.000,0.505
296500,0.533,0.000,0.467
297000,0.542,0.000,0.458
297500,0.547,0.000,0.453
298000,0.497,0.000,0.503
298500,0.651,0.000,0.349
299000,0.631,0.000,0.369
299500,0.546,0.000,0.454
300000,0.587,0.000,0.413
300500,0.524,0.000,0.476
301000,0.478,0.000,0.522
301500,0.587,0.000,0.413
302000,0.659,0.000,0.341
302500,0.610,0.000,0.390
303000,0.595,0.000,0.405
303500,0.499,0.000,0.501
304000,0.543,0.000,0.457
304500,0.502,0.000,0.498
305000,0.410,0.000,0.590
305500,0.512,0.000,0.488
306000,0.621,0.000,0.379
306500,0.604,0.000,0.396
307000,0.657,0.000,0.343
307500,0.689,0.000,0.311
308000,0.646,0.000,0.354
308500,0.589,0.000,0.411
309000,0.480,0.000,0.520
309500,0.472,0.000,0.528
310000,0.490,0.000,0.510
310500,0.530,0.000,0.470
311000,0.526,0.000,0.474
311500,0.521,0.000,0.479
312000,0.541,0.000,0.459
312500,0.582,0.000,0.418
313000,0.574,0.000,0.426
313500,0.603,0.000,0.397
314000,0.647,0.000,0.353
314500,0.698,0.000,0.302
315000,0.673,0.000,0.327
315500,0.602,0.000,0.398
316000,0.576,0.000,0.424
316500,0.603,0.000,0.397
317000,0.466,0.000,0.534
317500,0.512,0.000,0.488
318000,0.481,0.000,0.519
318500,0.511,0.000,0.489
319000,0.613,0.000,0.387
319500,0.670,0.000,0.330
320000,0.587,0.000,0.413
320500,0.583,0.000,0.417
321000,0.680,0.000,0.320
321500,0.683,0.000,0.317
322000,0.644,0.000,0.356
322500,0.610,0.000,0.390
323000,0.594,0.000,0.406
323500,0.737,0.000,0.263
324000,0.654,0.000,0.346
324500,0.656,0.000,0.344
325000,0.597,0.000,0.403
325500,0.524,0.000,0.476
326000,0.603,0.000,0.397
326500,0.599,0.000,0.401
327000,0.584,0.000,0.416
327500,0.593,0.000,0.407
328000,0.601,0.000,0.399
328500,0.650,0.000,0.350
329000,0.542,0.000,0.458
329500,0.641,0.000,0.359
330000,0.583,0.000,0.417
330500,0.569,0.000,0.431
331000,0.561,0.000,0.439
331500,0.546,0.000,0.454
332000,0.521,0.000,0.479
332500,0.487,0.000,0.513
333000,0.493,0.000,0.507
333500,0.501,0.000,0.499
334000,0.574,0.000,0.426
334500,0.495,0.000,0.505
335000,0.507,0.000,0.493
335500,0.540,0.000,0.460
336000,0.465,0.000,0.535
336500,0.516,0.000,0.484
337000,0.527,0.000,0.473
337500,0.497,0.000,0.503
338000,0.539,0.000,0.461
338500,0.642,0.000,0.358
339000,0.594,0.000,0.406
339500,0.640,0.000,0.360
340000,0.605,0.000,0.395
340500,0.630,0.000,0.370
341000,0.678,0.000,0.322
341500,0.616,0.000,0.384
342000,0.586,0.000,0.414
342500,0.575,0.000,0.425
343000,0.474,0.000,0.526
343500,0.513,0.000,0.487
344000,0.525,0.000,0.475
344500,0.544,0.000,0.456
345000,0.546,0.000,0.454
345500,0.512,0.000,0.488
346000,0.600,0.000,0.400
346500,0.621,0.000,0.379
347000,0.545,0.000,0.455
347500,0.612,0.000,0.388
348000,0.539,0.000,0.461
348500,0.577,0.000,0.423
349000,0.623,0.000,0.377
349500,0.545,0.000,0.455
350000,0.538,0.000,0.462
350500,0.618,0.000,0.382
351000,0.722,0.000,0.278
351500,0.643,0.000,0.357
352000,0.588,0.000,0.412
352500,0.548,0.000,0.452
353000,0.559,0.000,0.441
353500,0.604,0.000,0.396
354000,0.718,0.000,0.282
354500,0.658,0.000,0.342
355000,0.688,0.000,0.312
355500,0.557,0.000,0.443
356000,0.661,0.000,0.339
356500,0.576,0.000,0.424
357000,0.566,0.000,0.434
357500,0.587,0.000,0.413
358000,0.600,0.000,0.400
358500,0.575,0.000,0.425
359000,0.556,0.000,0.444
359500,0.480,0.000,0.520
360000,0.532,0.000,0.468
360500,0.554,0.000,0.446
361000,0.562,0.001,0.437
361500,0.483,0.000,0.517
362000,0.498,0.000,0.502
362500,0.540,0.000,0.460
363000,0.485,0.000,0.515
363500,0.515,0.000,0.485
364000,0.539,0.000,0.461
364500,0.575,0.000,0.425
365000,0.452,0.000,0.548
365500,0.509,0.000,0.491
366000,0.593,0.000,0.407
366500,0.507,0.000,0.493
367000,0.572,0.000,0.428
367500,0.619,0.000,0.381
368000,0.594,0.000,0.406
368500,0.640,0.000,0.360
369000,0.644,0.000,0.356
369500,0.662,0.000,0.338
370000,0.596,0.000,0.404
370500,0.582,0.000,0.418
371000,0.552,0.000,0.448
371500,0.625,0.000,0.375
372000,0.535,0.000,0.465
372500,0.488,0.000,0.512
373000,0.551,0.000,0.449
373500,0.614,0.000,0.386
374000,0.552,0.000,0.448
374500,0.538,0.000,0.462
375000,0.576,0.000,0.424
375500,0.579,0.000,0.421
376000,0.546,0.000,0.454
376500,0.575,0.000,0.425
377000,0.582,0.000,0.418
377500,0.511,0.000,0.489
378000,0.594,0.000,0.406
378500,0.671,0.000,0.329
379000,0.713,0.000,0.287
379500,0.647,0.000,0.353
380000,0.472,0.000,0.528
380500,0.505,0.000,0.495
381000,0.523,0.000,0.477
381500,0.546,0.000,0.454
382000,0.513,0.001,0.486
382500,0.572,0.000,0.428
383000,0.575,0.000,0.425
383500,0.604,0.000,0.396
384000,0.624,0.000,0.376
384500,0.586,0.000,0.414
385000,0.478,0.000,0.522
385500,0.453,0.000,0.547
386000,0.444,0.000,0.556
386500,0.612,0.000,0.388
387000,0.507,0.000,0.493
387500,0.568,0.000,0.432
388000,0.481,0.000,0.519
388500,0.566,0.000,0.434
389000,0.527,0.000,0.473
389500,0.540,0.000,0.460
390000,0.544,0.000,0.456
390500,0.612,0.000,0.388
391000,0.504,0.000,0.496
391500,0.675,0.000,0.325
392000,0.707,0.000,0.293
392500,0.690,0.000,0.310
393000,0.597,0.000,0.403
393500,0.511,0.000,0.489
394000,0.528,0.000,0.472
394500,0.511,0.000,0.489
395000,0.516,0.000,0.484
395500,0.505,0.000,0.495
396000,0.466,0.002,0.532
396500,0.558,0.000,0.442
397000,0.621,0.000,0.379
397500,0.594,0.000,0.406
398000,0.500,0.000,0.500
398500,0.537,0.000,0.463
399000,0.580,0.000,0.420
399500,0.553,0.000,0.447
400000,0.595,0.000,0.405
400500,0.534,0.000,0.466
401000,0.456,0.000,0.544
401500,0.545,0.000,0.455
402000,0.554,0.000,0.446
402500,0.535,0.000,0.465
403000,0.476,0.000,0.524
403500,0.541,0.000,0.459
404000,0.517,0.000,0.483
404500,0.538,0.000,0.462
405000,0.518,0.000,0.482
405500,0.589,0.000,0.411
406000,0.498,0.000,0.502
406500,0.537,0.000,0.463
407000,0.537,0.000,0.463
407500,0.598,0.000,0.402
408000,0.720,0.000,0.280
408500,0.705,0.000,0.295
409000,0.676,0.000,0.324
409500,0.642,0.000,0.358
410000,0.568,0.000,0.432
410500,0.464,0.000,0.536
411000,0.508,0.000,0.492
411500,0.572,0.000,0.428
412000,0.478,0.000,0.522
412500,0.534,0.000,0.466
413000,0.549,0.000,0.451
413500,0.515,0.000,0.485
414000,0.449,0.000,0.551
414500,0.580,0.000,0.420
415000,0.677,0.000,0.323
415500,0.635,0.000,0.365
416000,0.629,0.000,0.371
416500,0.615,0.000,0.385
417000,0.561,0.000,0.439
417500,0.610,0.000,0.390
418000,0.595,0.000,0.405
418500,0.480,0.000,0.520
419000,0.476,0.000,0.524
419500,0.664,0.000,0.336
420000,0.656,0.000,0.344
420500,0.677,0.000,0.323
421000,0.698,0.000,0.302
421500,0.558,0.000,0.442
422000,0.526,0.000,0.474
422500,0.511,0.000,0.489
423000,0.461,0.000,0.539
423500,0.522,0.000,0.478
424000,0.566,0.000,0.434
424500,0.582,0.000,0.418
425000,0.600,0.000,0.400
425500,0.530,0.000,0.470
426000,0.481,0.000,0.519
426500,0.525,0.000,0.475
427000,0.523,0.000,0.477
427500,0.612,0.000,0.388
428000,0.517,0.000,0.483
428500,0.648,0.000,0.352
429000,0.597,0.000,0.403
429500,0.584,0.000,0.416
430000,0.666,0.000,0.334
430500,0.739,0.000,0.261
431000,0.611,0.000,0.389
431500,0.515,0.000,0.485
432000,0.490,0.000,0.510
432500,0.455,0.000,0.545
433000,0.466,0.000,0.534
433500,0.494,0.000,0.506
434000,0.558,0.000,0.442
434500,0.489,0.000,0.511
435000,0.641,0.000,0.359
435500,0.696,0.000,0.304
436000,0.553,0.000,0.447
436500,0.512,0.000,0.488
437000,0.480,0.000,0.520
437500,0.518,0.000,0.482
438000,0.538,0.000,0.462
438500,0.489,0.000,0.511
439000,0.532,0.000,0.468
439500,0.531,0.000,0.469
440000,0.526,0.000,0.474
440500,0.579,0.000,0.421
441000,0.586,0.000,0.414
441500,0.554,0.000,0.446
442000,0.481,0.000,0.519
442500,0.544,0.000,0.456
443000,0.584,0.000,0.416
443500,0.579,0.000,0.421
444000,0.584,0.000,0.416
444500,0.626,0.000,0.374
445000,0.612,0.000,0.388
445500,0.655,0.000,0.345
446000,0.609,0.000,0.391
446500,0.617,0.000,0.383
447000,0.584,0.000,0.416
447500,0.678,0.000,0.322
448000,0.558,0.000,0.442
448500,0.448,0.000,0.552
449000,0.486,0.000,0.514
449500,0.470,0.000,0.530
450000,0.541,0.000,0.459
450500,0.538,0.000,0.462
451000,0.681,0.000,0.319
451500,0.663,0.000,0.337
452000,0.612,0.000,0.388
452500,0.605,0.000,0.395
453000,0.654,0.000,0.346
453500,0.538,0.000,0.462
454000,0.547,0.000,0.453
454500,0.569,0.000,0.431
455000,0.499,0.000,0.501
455500,0.603,0.000,0.397
456000,0.713,0.000,0.287
456500,0.587,0.000,0.413
457000,0.541,0.000,0.459
457500,0.552,0.000,0.448
458000,0.518,0.000,0.482
458500,0.451,0.000,0.549
459000,0.510,0.000,0.490
459500,0.625,0.000,0.375
460000,0.564,0.000,0.436
460500,0.558,0.000,0.442
461000,0.706,0.000,0.294
461500,0.693,0.000,0.307
462000,0.525,0.000,0.475
462500,0.603,0.000,0.397
463000,0.535,0.000,0.465
463500,0.612,0.000,0.388
464000,0.560,0.000,0.440
464500,0.620,0.000,0.380
465000,0.501,0.000,0.499
465500,0.566,0.000,0.434
466000,0.539,0.000,0.461
466500,0.541,0.000,0.459
467000,0.518,0.000,0.482
467500,0.526,0.000,0.474
468000,0.495,0.000,0.505
468500,0.486,0.000,0.514
469000,0.616,0.000,0.384
469500,0.472,0.000,0.528
470000,0.466,0.000,0.534
470500,0.654,0.000,0.346
471000,0.574,0.000,0.426
471500,0.612,0.000,0.388
472000,0.429,0.000,0.571
472500,0.484,0.000,0.516
473000,0.568,0.000,0.432
473500,0.540,0.000,0.460
474000,0.590,0.000,0.410
474500,0.594,0.000,0.406
475000,0.699,0.000,0.301
475500,0.504,0.000,0.496
476000,0.604,0.000,0.396
476500,0.640,0.000,0.360
477000,0.487,0.000,0.513
477500,0.635,0.000,0.365
478000,0.700,0.000,0.300
478500,0.690,0.000,0.310
479000,0.616,0.000,0.384
479500,0.505,0.000,0.495
480000,0.541,0.000,0.459
480500,0.550,0.000,0.450
481000,0.667,0.000,0.333
481500,0.596,0.000,0.404
482000,0.503,0.000,0.497
482500,0.542,0.000,0.458
483000,0.555,0.000,0.445
483500,0.536,0.000,0.464
484000,0.595,0.000,0.405
484500,0.450,0.000,0.550
485000,0.493,0.000,0.507
485500,0.478,0.000,0.522
486000,0.537,0.000,0.463
486500,0.498,0.000,0.502
487000,0.528,0.000,0.472
487500,0.483,0.000,0.517
488000,0.420,0.000,0.580
488500,0.549,0.000,0.451
489000,0.527,0.000,0.473
489500,0.617,0.000,0.383
490000,0.561,0.000,0.439
490500,0.649,0.000,0.351
491000,0.573,0.000,0.427
491500,0.549,0.000,0.451
492000,0.597,0.000,0.403
492500,0.612,0.000,0.388
493000,0.504,0.000,0.496
493500,0.551,0.000,0.449
494000,0.617,0.000,0.383
494500,0.578,0.000,0.422
495000,0.528,0.000,0.472
495500,0.606,0.000,0.394
496000,0.602,0.000,0.398
496500,0.622,0.000,0.378
497000,0.496,0.000,0.504
497500,0.429,0.000,0.571
498000,0.485,0.000,0.515
498500,0.501,0.000,0.499
499000,0.553,0.000,0.447
499500,0.613,0.000,0.387
500000,0.613,0.000,0.387
500500,0.634,0.000,0.366
501000,0.634,0.000,0.366
501500,0.487,0.000,0.513
502000,0.524,0.000,0.476
502500,0.534,0.000,0.466
503000,0.529,0.000,0.471
503500,0.544,0.000,0.456
504000,0.600,0.000,0.400
504500,0.525,0.000,0.475
505000,0.664,0.000,0.336
505500,0.580,0.000,0.420
506000,0.657,0.000,0.343
506500,0.588,0.000,0.412
507000,0.533,0.000,0.467
507500,0.499,0.000,0.501
508000,0.526,0.000,0.474
508500,0.562,0.000,0.438
509000,0.647,0.000,0.353
509500,0.562,0.000,0.438
510000,0.455,0.000,0.545
510500,0.593,0.000,0.407
511000,0.549,0.000,0.451
511500,0.496,0.000,0.504
512000,0.558,0.000,0.442
512500,0.539,0.000,0.461
513000,0.496,0.000,0.504
513500,0.536,0.000,0.464
514000,0.561,0.000,0.439
514500,0.539,0.000,0.461
515000,0.570,0.000,0.430
515500,0.554,0.000,0.446
516000,0.625,0.000,0.375
516500,0.660,0.000,0.340
517000,0.586,0.000,0.414
517500,0.540,0.000,0.460
518000,0.639,0.000,0.361
518500,0.665,0.000,0.335
519000,0.520,0.000,0.480
519500,0.504,0.000,0.496
520000,0.519,0.000,0.481
520500,0.503,0.000,0.497
521000,0.590,0.000,0.410
521500,0.551,0.000,0.449
522000,0.632,0.000,0.368
522500,0.601,0.000,0.399
523000,0.628,0.000,0.372
523500,0.689,0.000,0.311
524000,0.662,0.000,0.338
524500,0.578,0.000,0.422
525000,0.489,0.000,0.511
525500,0.619,0.000,0.381
526000,0.731,0.000,0.269
526500,0.628,0.000,0.372
527000,0.583,0.000,0.417
527500,0.594,0.000,0.406
528000,0.588,0.000,0.412
528500,0.564,0.000,0.436
529000,0.448,0.000,0.552
529500,0.612,0.000,0.388
530000,0.517,0.000,0.483
530500,0.500,0.000,0.500
531000,0.564,0.000,0.436
531500,0.711,0.000,0.289
532000,0.689,0.000,0.311
532500,0.671,0.000,0.329
533000,0.466,0.000,0.534
533500,0.448,0.000,0.552
534000,0.436,0.001,0.563
534500,0.518,0.000,0.482
535000,0.530,0.000,0.470
535500,0.517,0.000,0.483
536000,0.549,0.000,0.451
536500,0.630,0.000,0.370
537000,0.551,0.000,0.449
537500,0.552,0.000,0.448
538000,0.568,0.000,0.432
538500,0.505,0.000,0.495
539000,0.509,0.000,0.491
539500,0.596,0.000,0.404
540000,0.496,0.000,0.504
540500,0.499,0.000,0.501
541000,0.588,0.000,0.412
541500,0.647,0.000,0.353
542000,0.500,0.000,0.500
542500,0.574,0.000,0.426
543000,0.486,0.000,0.514
543500,0.534,0.000,0.466
544000,0.483,0.000,0.517
544500,0.440,0.000,0.560
545000,0.554,0.000,0.446
545500,0.630,0.000,0.370
546000,0.623,0.000,0.377
546500,0.559,0.000,0.441
547000,0.546,0.000,0.454
547500,0.608,0.000,0.392
548000,0.659,0.000,0.341
548500,0.660,0.000,0.340
549000,0.615,0.000,0.385
549500,0.564,0.000,0.436
550000,0.555,0.000,0.445
550500,0.577,0.000,0.423
551000,0.556,0.000,0.444
551500,0.583,0.000,0.417
552000,0.652,0.000,0.348
552500,0.520,0.000,0.480
553000,0.596,0.000,0.404
553500,0.544,0.000,0.456
554000,0.518,0.000,0.482
554500,0.585,0.000,0.415
555000,0.607,0.000,0.393
555500,0.614,0.000,0.386
556000,0.614,0.000,0.386
556500,0.592,0.000,0.408
557000,0.524,0.000,0.476
557500,0.515,0.000,0.485
558000,0.474,0.000,0.526
558500,0.525,0.000,0.475
559000,0.537,0.000,0.463
559500,0.623,0.000,0.377
560000,0.575,0.000,0.425
560500,0.564,0.000,0.436
561000,0.491,0.000,0.509
561500,0.518,0.000,0.482
562000,0.657,0.000,0.343
562500,0.550,0.000,0.450
563000,0.507,0.000,0.493
563500,0.542,0.000,0.458
564000,0.640,0.000,0.360
564500,0.628,0.000,0.372
565000,0.617,0.000,0.383
565500,0.607,0.000,0.393
566000,0.532,0.000,0.468
566500,0.604,0.000,0.396
567000,0.598,0.000,0.402
567500,0.542,0.000,0.458
568000,0.573,0.000,0.427
568500,0.558,0.000,0.442
569000,0.572,0.000,0.428
569500,0.607,0.000,0.393
570000,0.485,0.000,0.515
570500,0.427,0.000,0.573
571000,0.492,0.000,0.508
571500,0.571,0.000,0.429
572000,0.645,0.000,0.355
572500,0.554,0.000,0.446
573000,0.584,0.000,0.416
573500,0.601,0.000,0.399
574000,0.676,0.000,0.324
574500,0.594,0.000,0.406
575000,0.535,0.000,0.465
575500,0.639,0.000,0.361
576000,0.648,0.000,0.352
576500,0.621,0.000,0.379
577000,0.597,0.000,0.403
577500,0.537,0.000,0.463
578000,0.588,0.000,0.412
578500,0.452,0.000,0.548
579000,0.578,0.001,0.421
579500,0.554,0.000,0.446
580000,0.446,0.000,0.554
580500,0.476,0.000,0.524
581000,0.550,0.000,0.450
581500,0.591,0.000,0.409
582000,0.504,0.000,0.496
582500,0.487,0.000,0.513
583000,0.550,0.000,0.450
583500,0.500,0.000,0.500
584000,0.533,0.000,0.467
584500,0.539,0.000,0.461
585000,0.568,0.000,0.432
585500,0.761,0.000,0.239
586000,0.630,0.000,0.370
586500,0.666,0.000,0.334
587000,0.574,0.000,0.426
587500,0.595,0.000,0.405
588000,0.553,0.000,0.447
588500,0.619,0.000,0.381
589000,0.671,0.000,0.329
589500,0.664,0.000,0.336
590000,0.622,0.000,0.378
590500,0.592,0.000,0.408
591000,0.596,0.000,0.404
591500,0.588,0.000,0.412
592000,0.510,0.000,0.490
592500,0.557,0.000,0.443
593000,0.671,0.000,0.329
593500,0.631,0.000,0.369
594000,0.494,0.000,0.506
594500,0.581,0.000,0.419
595000,0.543,0.000,0.457
595500,0.424,0.000,0.576
596000,0.432,0.000,0.568
596500,0.555,0.000,0.445
597000,0.468,0.000,0.532
597500,0.472,0.000,0.528
598000,0.453,0.000,0.547
598500,0.514,0.000,0.486
599000,0.581,0.000,0.419
599500,0.409,0.000,0.591
600000,0.492,0.000,0.508
600500,0.550,0.000,0.450
601000,0.555,0.000,0.445
601500,0.543,0.000,0.457
602000,0.585,0.000,0.415
602500,0.531,0.000,0.469
603000,0.592,0.000,0.408
603500,0.606,0.000,0.394
604000,0.550,0.000,0.450
604500,0.487,0.000,0.513
605000,0.551,0.000,0.449
605500,0.604,0.000,0.396
606000,0.603,0.000,0.397
606500,0.597,0.000,0.403
607000,0.525,0.000,0.475
607500,0.568,0.000,0.432
608000,0.692,0.000,0.308
608500,0.545,0.000,0.455
609000,0.540,0.000,0.460
609500,0.567,0.000,0.433
610000,0.566,0.000,0.434
610500,0.574,0.000,0.426
611000,0.561,0.000,0.439
611500,0.578,0.000,0.422
612000,0.567,0.000,0.433
612500,0.572,0.000,0.428
613000,0.610,0.000,0.390
613500,0.654,0.000,0.346
614000,0.583,0.000,0.417
614500,0.487,0.000,0.513
615000,0.563,0.000,0.437
615500,0.558,0.000,0.442
616000,0.596,0.000,0.404
616500,0.649,0.000,0.351
617000,0.659,0.000,0.341
617500,0.609,0.000,0.391
618000,0.538,0.000,0.462
618500,0.548,0.000,0.452
619000,0.601,0.000,0.399
619500,0.434,0.000,0.566
620000,0.477,0.000,0.523
620500,0.491,0.000,0.509
621000,0.549,0.000,0.451
621500,0.554,0.000,0.446
622000,0.633,0.000,0.367
622500,0.644,0.000,0.356
623000,0.491,0.000,0.509
623500,0.492,0.000,0.508
624000,0.548,0.000,0.452
624500,0.511,0.000,0.489
625000,0.550,0.000,0.450
625500,0.614,0.000,0.386
626000,0.535,0.000,0.465
626500,0.527,0.000,0.473
627000,0.513,0.000,0.487
627500,0.528,0.000,0.472
628000,0.548,0.000,0.452
628500,0.529,0.000,0.471
629000,0.559,0.000,0.441
629500,0.685,0.000,0.315
630000,0.607,0.000,0.393
630500,0.532,0.000,0.468
631000,0.569,0.000,0.431
631500,0.502,0.000,0.498
632000,0.499,0.000,0.501
632500,0.563,0.000,0.437
633000,0.607,0.000,0.393
633500,0.618,0.000,0.382
634000,0.468,0.000,0.532
634500,0.510,0.000,0.490
635000,0.661,0.000,0.339
635500,0.583,0.000,0.417
636000,0.539,0.000,0.461
636500,0.541,0.000,0.459
637000,0.491,0.000,0.509
637500,0.527,0.000,0.473
638000,0.565,0.000,0.435
638500,0.576,0.000,0.424
639000,0.582,0.000,0.418
639500,0.549,0.000,0.451
640000,0.616,0.000,0.384
640500,0.732,0.000,0.268
641000,0.664,0.000,0.336
641500,0.668,0.000,0.332
642000,0.534,0.000,0.466
642500,0.594,0.000,0.406
643000,0.538,0.000,0.462
643500,0.499,0.000,0.501
644000,0.475,0.000,0.525
644500,0.548,0.000,0.452
645000,0.575,0.000,0.425
645500,0.554,0.000,0.446
646000,0.452,0.000,0.548
646500,0.542,0.000,0.458
647000,0.647,0.000,0.353
647500,0.565,0.000,0.435
648000,0.595,0.000,0.405
648500,0.537,0.000,0.463
649000,0.574,0.000,0.426
649500,0.558,0.000,0.442
650000,0.489,0.000,0.511
650500,0.611,0.000,0.389
651000,0.536,0.000,0.464
651500,0.685,0.000,0.315
652000,0.649,0.000,0.351
652500,0.657,0.000,0.343
653000,0.626,0.000,0.374
653500,0.664,0.000,0.336
654000,0.551,0.000,0.449
654500,0.606,0.000,0.394
655000,0.503,0.000,0.497
655500,0.539,0.000,0.461
656000,0.503,0.000,0.497
656500,0.502,0.000,0.498
657000,0.577,0.000,0.423
657500,0.574,0.000,0.426
658000,0.574,0.000,0.426
658500,0.648,0.000,0.352
659000,0.593,0.000,0.407
659500,0.726,0.000,0.274
660000,0.613,0.000,0.387
660500,0.561,0.000,0.439
661000,0.589,0.000,0.411
661500,0.573,0.000,0.427
662000,0.561,0.000,0.439
662500,0.611,0.000,0.389
663000,0.551,0.000,0.449
663500,0.563,0.000,0.437
664000,0.582,0.000,0.418
664500,0.543,0.000,0.457
665000,0.531,0.000,0.469
665500,0.612,0.000,0.388
666000,0.568,0.000,0.432
666500,0.521,0.000,0.479
667000,0.574,0.000,0.426
667500,0.622,0.000,0.378
668000,0.597,0.000,0.403
668500,0.603,0.000,0.397
669000,0.489,0.000,0.511
669500,0.443,0.000,0.557
670000,0.510,0.000,0.490
670500,0.555,0.000,0.445
671000,0.541,0.000,0.459
671500,0.603,0.000,0.397
672000,0.500,0.000,0.500
672500,0.529,0.000,0.471
673000,0.532,0.000,0.468
673500,0.551,0.000,0.449
674000,0.513,0.000,0.487
674500,0.466,0.000,0.534
675000,0.477,0.000,0.523
675500,0.576,0.000,0.424
676000,0.593,0.000,0.407
676500,0.579,0.000,0.421
677000,0.514,0.000,0.486
677500,0.575,0.000,0.425
678000,0.554,0.000,0.446
678500,0.566,0.000,0.434
679000,0.585,0.000,0.415
679500,0.568,0.000,0.432
680000,0.530,0.000,0.470
680500,0.448,0.000,0.552
681000,0.461,0.000,0.539
681500,0.524,0.000,0.476
682000,0.419,0.000,0.581
682500,0.435,0.000,0.565
683000,0.504,0.000,0.496
683500,0.587,0.000,0.413
684000,0.549,0.000,0.451
684500,0.495,0.000,0.505
685000,0.522,0.000,0.478
685500,0.601,0.000,0.399
686000,0.581,0.000,0.419
686500,0.602,0.000,0.398
687000,0.584,0.000,0.416
687500,0.650,0.000,0.350
688000,0.544,0.000,0.456
688500,0.571,0.000,0.429
689000,0.539,0.000,0.461
689500,0.599,0.000,0.401
690000,0.532,0.000,0.468
690500,0.567,0.000,0.433
691000,0.525,0.000,0.475
691500,0.615,0.000,0.385
692000,0.602,0.000,0.398
692500,0.523,0.000,0.477
693000,0.566,0.000,0.434
693500,0.528,0.000,0.472
694000,0.592,0.000,0.408
694500,0.630,0.000,0.370
695000,0.635,0.000,0.365
695500,0.545,0.000,0.455
696000,0.564,0.000,0.436
696500,0.584,0.000,0.416
697000,0.493,0.000,0.507
697500,0.473,0.000,0.527
698000,0.566,0.000,0.434
698500,0.666,0.000,0.334
699000,0.633,0.000,0.367
699500,0.618,0.000,0.382
700000,0.526,0.000,0.474
700500,0.590,0.000,0.410
701000,0.504,0.000,0.496
701500,0.546,0.000,0.454
702000,0.523,0.000,0.477
702500,0.646,0.000,0.354
703000,0.485,0.000,0.515
703500,0.486,0.000,0.514
704000,0.508,0.000,0.492
704500,0.587,0.000,0.413
705000,0.564,0.000,0.436
705500,0.616,0.000,0.384
706000,0.634,0.000,0.366
706500,0.620,0.000,0.380
707000,0.600,0.000,0.400
707500,0.521,0.000,0.479
708000,0.540,0.000,0.460
708500,0.523,0.000,0.477
709000,0.523,0.000,0.477
709500,0.558,0.000,0.442
710000,0.725,0.000,0.275
710500,0.686,0.000,0.314
711000,0.593,0.000,0.407
711500,0.628,0.000,0.372
712000,0.507,0.000,0.493
712500,0.564,0.000,0.436
713000,0.545,0.000,0.455
713500,0.526,0.000,0.474
714000,0.537,0.000,0.463
714500,0.589,0.000,0.411
715000,0.588,0.000,0.412
715500,0.519,0.000,0.481
716000,0.608,0.000,0.392
716500,0.530,0.000,0.470
717000,0.484,0.000,0.516
717500,0.502,0.000,0.498
718000,0.516,0.000,0.484
718500,0.599,0.000,0.401
719000,0.651,0.000,0.349
719500,0.581,0.000,0.419
720000,0.565,0.000,0.435
720500,0.580,0.000,0.420
721000,0.730,0.000,0.270
721500,0.605,0.000,0.395
722000,0.666,0.000,0.334
722500,0.633,0.000,0.367
723000,0.722,0.000,0.278
723500,0.658,0.000,0.342
724000,0.683,0.000,0.317
724500,0.661,0.000,0.339
725000,0.571,0.000,0.429
725500,0.552,0.000,0.448
726000,0.602,0.000,0.398
726500,0.630,0.000,0.370
727000,0.544,0.000,0.456
727500,0.506,0.000,0.494
728000,0.650,0.000,0.350
728500,0.707,0.000,0.293
729000,0.696,0.000,0.304
729500,0.538,0.000,0.462
730000,0.601,0.000,0.399
730500,0.502,0.000,0.498
731000,0.582,0.000,0.418
731500,0.560,0.000,0.440
732000,0.607,0.000,0.393
732500,0.596,0.000,0.404
733000,0.519,0.000,0.481
733500,0.510,0.000,0.490
734000,0.505,0.000,0.495
734500,0.488,0.000,0.512
735000,0.553,0.000,0.447
735500,0.559,0.000,0.441
736000,0.521,0.000,0.479
736500,0.487,0.000,0.513
737000,0.575,0.000,0.425
737500,0.629,0.000,0.371
738000,0.525,0.000,0.475
738500,0.600,0.000,0.400
739000,0.591,0.000,0.409
739500,0.565,0.000,0.435
740000,0.520,0.000,0.480
740500,0.678,0.000,0.322
741000,0.610,0.000,0.390
741500,0.499,0.000,0.501
742000,0.640,0.000,0.360
742500,0.606,0.000,0.394
743000,0.714,0.000,0.286
743500,0.551,0.000,0.449
744000,0.492,0.000,0.508
744500,0.561,0.000,0.439
745000,0.484,0.000,0.516
745500,0.503,0.000,0.497
746000,0.525,0.000,0.475
746500,0.561,0.000,0.439
747000,0.530,0.000,0.470
747500,0.564,0.000,0.436
748000,0.457,0.000,0.543
748500,0.553,0.000,0.447
749000,0.497,0.000,0.503
749500,0.565,0.000,0.435
750000,0.638,0.000,0.362
750500,0.631,0.000,0.369
751000,0.698,0.000,0.302
751500,0.584,0.000,0.416
752000,0.600,0.000,0.400
752500,0.533,0.000,0.467
753000,0.470,0.000,0.530
753500,0.482,0.005,0.513
754000,0.529,0.000,0.471
754500,0.639,0.000,0.361
755000,0.601,0.000,0.399
755500,0.616,0.000,0.384
756000,0.680,0.000,0.320
756500,0.596,0.000,0.404
757000,0.681,0.000,0.319
757500,0.729,0.000,0.271
758000,0.696,0.000,0.304
758500,0.660,0.000,0.340
759000,0.654,0.000,0.346
759500,0.634,0.000,0.366
760000,0.596,0.000,0.404
760500,0.505,0.000,0.495
761000,0.505,0.000,0.495
761500,0.531,0.000,0.469
762000,0.500,0.000,0.500
762500,0.507,0.000,0.493
763000,0.523,0.000,0.477
763500,0.538,0.000,0.462
764000,0.563,0.000,0.437
764500,0.635,0.000,0.365
765000,0.581,0.000,0.419
765500,0.594,0.000,0.406
766000,0.647,0.000,0.353
766500,0.504,0.000,0.496
767000,0.665,0.000,0.335
767500,0.663,0.000,0.337
768000,0.616,0.000,0.384
768500,0.537,0.000,0.463
769000,0.518,0.000,0.482
769500,0.545,0.000,0.455
770000,0.632,0.000,0.368
770500,0.623,0.000,0.377
771000,0.516,0.000,0.484
771500,0.483,0.000,0.517
772000,0.494,0.000,0.506
772500,0.726,0.000,0.274
773000,0.603,0.000,0.397
773500,0.553,0.000,0.447
774000,0.612,0.000,0.388
774500,0.549,0.000,0.451
775000,0.450,0.009,0.541
775500,0.476,0.000,0.524
776000,0.574,0.000,0.426
776500,0.507,0.000,0.493
777000,0.508,0.000,0.492
777500,0.540,0.000,0.460
778000,0.627,0.000,0.373
778500,0.619,0.000,0.381
779000,0.591,0.000,0.409
779500,0.596,0.000,0.404
780000,0.548,0.000,0.452
780500,0.658,0.000,0.342
781000,0.643,0.000,0.357
781500,0.592,0.000,0.408
782000,0.547,0.000,0.453
782500,0.584,0.000,0.416
783000,0.632,0.000,0.368
783500,0.670,0.000,0.330
784000,0.669,0.000,0.331
784500,0.613,0.000,0.387
785000,0.570,0.000,0.430
785500,0.398,0.000,0.602
786000,0.510,0.000,0.490
786500,0.535,0.000,0.465
787000,0.533,0.000,0.467
787500,0.515,0.000,0.485
788000,0.552,0.000,0.448
788500,0.681,0.000,0.319
789000,0.634,0.000,0.366
789500,0.567,0.000,0.433
790000,0.551,0.000,0.449
790500,0.541,0.000,0.459
791000,0.543,0.000,0.457
791500,0.520,0.000,0.480
792000,0.489,0.000,0.511
792500,0.539,0.000,0.461
793000,0.537,0.000,0.463
793500,0.563,0.000,0.437
794000,0.501,0.000,0.499
794500,0.466,0.000,0.534
795000,0.490,0.000,0.510
795500,0.528,0.000,0.472
796000,0.562,0.000,0.438
796500,0.668,0.000,0.332
797000,0.602,0.000,0.398
797500,0.642,0.000,0.358
798000,0.697,0.000,0.303
798500,0.635,0.000,0.365
799000,0.536,0.000,0.464
799500,0.645,0.000,0.355
800000,0.705,0.000,0.295
800500,0.617,0.000,0.383
801000,0.613,0.000,0.387
801500,0.505,0.000,0.495
802000,0.610,0.000,0.390
802500,0.452,0.000,0.548
803000,0.518,0.000,0.482
803500,0.539,0.000,0.461
804000,0.494,0.000,0.506
804500,0.601,0.000,0.399
805000,0.488,0.000,0.512
805500,0.477,0.000,0.523
806000,0.566,0.000,0.434
806500,0.599,0.000,0.401
807000,0.497,0.000,0.503
807500,0.582,0.000,0.418
808000,0.564,0.000,0.436
808500,0.565,0.000,0.435
809000,0.633,0.000,0.367
809500,0.653,0.000,0.347
810000,0.582,0.000,0.418
810500,0.573,0.011,0.416
811000,0.550,0.000,0.450
811500,0.510,0.000,0.490
812000,0.485,0.000,0.515
812500,0.520,0.000,0.480
813000,0.511,0.000,0.489
813500,0.589,0.000,0.411
814000,0.658,0.000,0.342
814500,0.586,0.000,0.414
815000,0.487,0.000,0.513
815500,0.471,0.000,0.529
816000,0.563,0.000,0.437
816500,0.575,0.000,0.425
817000,0.597,0.000,0.403
817500,0.563,0.000,0.437
818000,0.583,0.000,0.417
818500,0.609,0.000,0.391
819000,0.578,0.000,0.422
819500,0.579,0.000,0.421
820000,0.543,0.000,0.457
820500,0.547,0.000,0.453
821000,0.583,0.000,0.417
821500,0.611,0.000,0.389
822000,0.581,0.000,0.419
822500,0.582,0.000,0.418
823000,0.482,0.000,0.518
823500,0.588,0.000,0.412
824000,0.450,0.000,0.550
824500,0.528,0.000,0.472
825000,0.460,0.000,0.540
825500,0.495,0.000,0.505
826000,0.515,0.000,0.485
826500,0.473,0.000,0.527
827000,0.498,0.000,0.502
827500,0.501,0.000,0.499
828000,0.532,0.000,0.468
828500,0.519,0.000,0.481
829000,0.609,0.000,0.391
829500,0.561,0.000,0.439
830000,0.686,0.000,0.314
830500,0.561,0.000,0.439
831000,0.604,0.000,0.396
831500,0.605,0.000,0.395
832000,0.581,0.000,0.419
832500,0.578,0.000,0.422
833000,0.615,0.000,0.385
833500,0.566,0.000,0.434
834000,0.558,0.000,0.442
834500,0.588,0.000,0.412
835000,0.584,0.000,0.416
835500,0.702,0.000,0.298
836000,0.649,0.000,0.351
836500,0.621,0.000,0.379
837000,0.570,0.000,0.430
837500,0.526,0.000,0.474
838000,0.612,0.000,0.388
838500,0.623,0.000,0.377
839000,0.610,0.000,0.390
839500,0.662,0.000,0.338
840000,0.598,0.000,0.402
840500,0.610,0.000,0.390
841000,0.550,0.000,0.450
841500,0.490,0.000,0.510
842000,0.437,0.000,0.563
842500,0.551,0.000,0.449
843000,0.494,0.000,0.506
843500,0.512,0.000,0.488
844000,0.563,0.000,0.437
844500,0.490,0.000,0.510
845000,0.535,0.000,0.465
845500,0.552,0.000,0.448
846000,0.491,0.000,0.509
846500,0.588,0.000,0.412
847000,0.766,0.000,0.234
847500,0.681,0.000,0.319
848000,0.582,0.000,0.418
848500,0.579,0.000,0.421
849000,0.596,0.000,0.404
849500,0.633,0.000,0.367
850000,0.591,0.000,0.409
850500,0.449,0.000,0.551
851000,0.552,0.000,0.448
851500,0.633,0.000,0.367
852000,0.694,0.000,0.306
852500,0.633,0.000,0.367
853000,0.670,0.000,0.330
853500,0.633,0.000,0.367
854000,0.663,0.000,0.337
854500,0.618,0.000,0.382
855000,0.616,0.000,0.384
855500,0.571,0.000,0.429
856000,0.671,0.000,0.329
856500,0.669,0.000,0.331
857000,0.711,0.000,0.289
857500,0.645,0.000,0.355
858000,0.666,0.000,0.334
858500,0.699,0.000,0.301
859000,0.587,0.000,0.413
859500,0.548,0.000,0.452
860000,0.457,0.000,0.543
860500,0.555,0.000,0.445
861000,0.483,0.000,0.517
861500,0.550,0.000,0.450
862000,0.580,0.000,0.420
862500,0.487,0.000,0.513
863000,0.533,0.000,0.467
863500,0.597,0.000,0.403
864000,0.626,0.000,0.374
864500,0.543,0.000,0.457
865000,0.551,0.000,0.449
865500,0.545,0.000,0.455
866000,0.545,0.000,0.455
866500,0.506,0.000,0.494
867000,0.613,0.000,0.387
867500,0.549,0.009,0.442
868000,0.420,0.000,0.580
868500,0.439,0.000,0.561
869000,0.502,0.000,0.498
869500,0.473,0.000,0.527
870000,0.575,0.000,0.425
870500,0.498,0.000,0.502
871000,0.621,0.000,0.379
871500,0.694,0.000,0.306
872000,0.628,0.000,0.372
872500,0.518,0.000,0.482
873000,0.512,0.000,0.488
873500,0.706,0.000,0.294
874000,0.637,0.000,0.363
874500,0.559,0.000,0.441
875000,0.548,0.000,0.452
875500,0.528,0.000,0.472
876000,0.684,0.000,0.316
876500,0.559,0.000,0.441
877000,0.571,0.000,0.429
877500,0.491,0.000,0.509
878000,0.442,0.000,0.558
878500,0.526,0.000,0.474
879000,0.514,0.000,0.486
879500,0.557,0.000,0.443
880000,0.530,0.000,0.470
880500,0.596,0.000,0.404
881000,0.601,0.000,0.399
881500,0.568,0.000,0.432
882000,0.663,0.000,0.337
882500,0.594,0.000,0.406
883000,0.664,0.000,0.336
883500,0.668,0.000,0.332
884000,0.622,0.000,0.378
884500,0.545,0.000,0.455
885000,0.569,0.000,0.431
885500,0.534,0.000,0.466
886000,0.506,0.000,0.494
886500,0.522,0.000,0.478
887000,0.498,0.000,0.502
887500,0.493,0.000,0.507
888000,0.538,0.000,0.462
888500,0.518,0.000,0.482
889000,0.570,0.000,0.430
889500,0.555,0.000,0.445
890000,0.578,0.000,0.422
890500,0.501,0.000,0.499
891000,0.520,0.000,0.480
891500,0.568,0.000,0.432
892000,0.539,0.000,0.461
892500,0.568,0.000,0.432
893000,0.574,0.000,0.426
893500,0.576,0.000,0.424
894000,0.593,0.000,0.407
894500,0.521,0.000,0.479
895000,0.570,0.000,0.430
895500,0.562,0.000,0.438
896000,0.514,0.000,0.486
896500,0.507,0.000,0.493
897000,0.587,0.000,0.413
897500,0.524,0.000,0.476
898000,0.582,0.000,0.418
898500,0.631,0.000,0.369
899000,0.525,0.000,0.475
899500,0.453,0.000,0.547
900000,0.420,0.000,0.580
900500,0.494,0.000,0.506
901000,0.554,0.000,0.446
901500,0.577,0.000,0.423
902000,0.660,0.000,0.340
902500,0.608,0.000,0.392
903000,0.591,0.000,0.409
903500,0.573,0.000,0.427
904000,0.557,0.000,0.443
904500,0.633,0.000,0.367
905000,0.574,0.000,0.426
905500,0.567,0.000,0.433
906000,0.591,0.000,0.409
906500,0.613,0.000,0.387
907000,0.581,0.000,0.419
907500,0.531,0.000,0.469
908000,0.538,0.000,0.462
908500,0.551,0.000,0.449
909000,0.617,0.000,0.383
909500,0.609,0.000,0.391
910000,0.661,0.000,0.339
910500,0.575,0.000,0.425
911000,0.633,0.000,0.367
911500,0.576,0.000,0.424
912000,0.625,0.000,0.375
912500,0.613,0.000,0.387
913000,0.605,0.000,0.395
913500,0.492,0.000,0.508
914000,0.557,0.000,0.443
914500,0.477,0.000,0.523
915000,0.520,0.000,0.480
915500,0.514,0.000,0.486
916000,0.560,0.000,0.440
916500,0.540,0.000,0.460
917000,0.582,0.000,0.418
917500,0.472,0.000,0.528
918000,0.509,0.000,0.491
918500,0.620,0.000,0.380
919000,0.624,0.000,0.376
919500,0.680,0.000,0.320
920000,0.637,0.000,0.363
920500,0.666,0.000,0.334
921000,0.729,0.000,0.271
921500,0.586,0.000,0.414
922000,0.553,0.000,0.447
922500,0.603,0.000,0.397
923000,0.569,0.000,0.431
923500,0.531,0.000,0.469
924000,0.519,0.000,0.481
924500,0.575,0.000,0.425
925000,0.621,0.000,0.379
925500,0.572,0.000,0.428
926000,0.599,0.000,0.401
926500,0.544,0.000,0.456
927000,0.541,0.000,0.459
927500,0.626,0.000,0.374
928000,0.502,0.000,0.498
928500,0.530,0.000,0.470
929000,0.643,0.000,0.357
929500,0.560,0.000,0.440
930000,0.550,0.000,0.450
930500,0.403,0.000,0.597
931000,0.414,0.000,0.586
931500,0.441,0.000,0.559
932000,0.470,0.000,0.530
932500,0.632,0.000,0.368
933000,0.490,0.000,0.510
933500,0.650,0.000,0.350
934000,0.680,0.000,0.320
934500,0.610,0.000,0.390
935000,0.537,0.000,0.463
935500,0.471,0.000,0.529
936000,0.521,0.000,0.479
936500,0.541,0.000,0.459
937000,0.534,0.000,0.466
937500,0.497,0.000,0.503
938000,0.505,0.000,0.495
938500,0.511,0.001,0.488
939000,0.615,0.000,0.385
939500,0.515,0.000,0.485
940000,0.591,0.000,0.409
940500,0.607,0.000,0.393
941000,0.590,0.000,0.410
941500,0.627,0.000,0.373
942000,0.650,0.000,0.350
942500,0.701,0.000,0.299
943000,0.611,0.000,0.389
943500,0.648,0.000,0.352
944000,0.543,0.000,0.457
944500,0.598,0.000,0.402
945000,0.618,0.000,0.382
945500,0.557,0.000,0.443
946000,0.583,0.000,0.417
946500,0.630,0.000,0.370
947000,0.533,0.000,0.467
947500,0.637,0.000,0.363
948000,0.571,0.000,0.429
948500,0.512,0.000,0.488
949000,0.519,0.000,0.481
949500,0.523,0.000,0.477
950000,0.518,0.000,0.482
950500,0.489,0.000,0.511
951000,0.523,0.000,0.477
951500,0.583,0.000,0.417
952000,0.552,0.000,0.448
952500,0.661,0.000,0.339
953000,0.632,0.000,0.368
953500,0.688,0.000,0.312
954000,0.625,0.000,0.375
954500,0.632,0.000,0.368
955000,0.483,0.000,0.517
955500,0.582,0.000,0.418
956000,0.605,0.000,0.395
956500,0.564,0.000,0.436
957000,0.625,0.000,0.375
957500,0.523,0.000,0.477
958000,0.503,0.000,0.497
958500,0.550,0.000,0.450
959000,0.519,0.000,0.481
959500,0.487,0.004,0.509
960000,0.518,0.000,0.482
960500,0.633,0.000,0.367
961000,0.677,0.000,0.323
961500,0.598,0.000,0.402
962000,0.606,0.000,0.394
962500,0.623,0.000,0.377
963000,0.577,0.000,0.423
963500,0.583,0.000,0.417
964000,0.468,0.000,0.532
964500,0.540,0.000,0.460
965000,0.535,0.000,0.465
965500,0.534,0.000,0.466
966000,0.569,0.000,0.431
966500,0.517,0.000,0.483
967000,0.553,0.000,0.447
967500,0.534,0.000,0.466
968000,0.534,0.000,0.466
968500,0.515,0.000,0.485
969000,0.573,0.000,0.427
969500,0.486,0.000,0.514
970000,0.552,0.000,0.448
970500,0.596,0.000,0.404
971000,0.605,0.000,0.395
971500,0.606,0.000,0.394
972000,0.642,0.000,0.358
972500,0.588,0.000,0.412
973000,0.555,0.000,0.445
973500,0.577,0.000,0.423
974000,0.648,0.000,0.352
974500,0.598,0.000,0.402
975000,0.492,0.000,0.508
975500,0.509,0.000,0.491
976000,0.515,0.000,0.485
976500,0.581,0.000,0.419
977000,0.553,0.000,0.447
977500,0.491,0.000,0.509
978000,0.515,0.000,0.485
978500,0.486,0.000,0.514
979000,0.565,0.000,0.435
979500,0.685,0.000,0.315
980000,0.657,0.000,0.343
980500,0.578,0.000,0.422
981000,0.560,0.000,0.440
981500,0.608,0.000,0.392
982000,0.567,0.000,0.433
982500,0.407,0.000,0.593
983000,0.539,0.000,0.461
983500,0.576,0.000,0.424
984000,0.560,0.000,0.440
984500,0.547,0.000,0.453
985000,0.523,0.000,0.477
985500,0.583,0.000,0.417
986000,0.695,0.000,0.305
986500,0.696,0.000,0.304
987000,0.672,0.000,0.328
987500,0.670,0.000,0.330
988000,0.613,0.000,0.387
988500,0.615,0.000,0.385
989000,0.592,0.000,0.408
989500,0.591,0.000,0.409
990000,0.629,0.000,0.371
990500,0.521,0.000,0.479
991000,0.607,0.000,0.393
991500,0.579,0.000,0.421
992000,0.658,0.000,0.342
992500,0.583,0.000,0.417
993000,0.628,0.000,0.372
993500,0.609,0.000,0.391
994000,0.619,0.000,0.381
994500,0.631,0.000,0.369
995000,0.683,0.000,0.317
995500,0.612,0.000,0.388
996000,0.669,0.000,0.331
996500,0.606,0.000,0.394
997000,0.569,0.000,0.431
997500,0.500,0.000,0.500
998000,0.562,0.000,0.438
998500,0.601,0.000,0.399
999000,0.549,0.000,0.451
999500,0.582,0.000,0.418
1000000,0.584,0.000,0.416
