time,n_A+p,n_B,n_AB
0,0.028,0.972,-0.000
500,0.028,0.963,0.009
1000,0.028,0.920,0.052
1500,0.034,0.804,0.162
2000,0.040,0.771,0.190
2500,0.037,0.786,0.177
3000,0.043,0.789,0.168
3500,0.037,0.758,0.205
4000,0.037,0.765,0.199
4500,0.061,0.709,0.229
5000,0.070,0.694,0.235
5500,0.046,0.673,0.281
6000,0.086,0.636,0.278
6500,0.055,0.679,0.266
7000,0.073,0.697,0.229
7500,0.067,0.651,0.281
8000,0.064,0.661,0.275
8500,0.073,0.615,0.312
9000,0.076,0.657,0.266
9500,0.061,0.593,0.346
10000,0.092,0.633,0.275
10500,0.061,0.703,0.235
11000,0.046,0.685,0.269
11500,0.067,0.648,0.284
12000,0.043,0.639,0.318
12500,0.058,0.609,0.333
13000,0.080,0.645,0.275
13500,0.073,0.654,0.272
14000,0.070,0.606,0.324
14500,0.107,0.547,0.346
15000,0.080,0.575,0.346
15500,0.125,0.517,0.358
16000,0.116,0.523,0.361
16500,0.119,0.505,0.376
17000,0.135,0.557,0.309
17500,0.159,0.508,0.333
18000,0.147,0.523,0.330
18500,0.125,0.492,0.382
19000,0.122,0.526,0.352
19500,0.095,0.535,0.370
20000,0.086,0.526,0.388
20500,0.101,0.550,0.349
21000,0.113,0.541,0.346
21500,0.135,0.453,0.413
22000,0.162,0.410,0.428
22500,0.193,0.370,0.437
23000,0.165,0.376,0.459
23500,0.156,0.422,0.422
24000,0.156,0.407,0.437
24500,0.125,0.465,0.410
25000,0.128,0.489,0.382
25500,0.104,0.446,0.450
26000,0.159,0.434,0.407
26500,0.177,0.388,0.434
27000,0.220,0.391,0.388
27500,0.229,0.330,0.440
28000,0.254,0.312,0.434
28500,0.306,0.303,0.391
29000,0.287,0.287,0.425
29500,0.324,0.220,0.456
30000,0.315,0.220,0.465
30500,0.391,0.180,0.428
31000,0.431,0.177,0.391
31500,0.462,0.159,0.379
32000,0.480,0.180,0.339
32500,0.431,0.156,0.413
33000,0.410,0.165,0.425
33500,0.388,0.153,0.459
34000,0.440,0.199,0.361
34500,0.486,0.144,0.370
35000,0.462,0.119,0.419
35500,0.541,0.083,0.376
36000,0.627,0.040,0.333
36500,0.725,0.015,0.260
37000,0.734,0.015,0.251
37500,0.768,0.024,0.208
38000,0.789,0.003,0.208
38500,0.832,0.003,0.165
39000,0.774,0.006,0.220
39500,0.804,0.003,0.193
40000,0.878,0.000,0.122
40500,0.865,0.024,0.110
41000,0.859,0.015,0.125
41500,0.786,0.006,0.208
42000,0.807,0.028,0.165
42500,0.823,0.009,0.168
43000,0.844,0.012,0.144
43500,0.875,0.009,0.116
44000,0.899,0.009,0.092
44500,0.908,0.003,0.089
45000,0.862,0.006,0.131
45500,0.911,0.006,0.083
46000,0.917,0.003,0.080
46500,0.933,0.003,0.064
47000,0.957,0.003,0.040
47500,0.963,0.003,0.034
48000,0.957,0.003,0.040
48500,0.976,0.003,0.021
49000,0.988,0.000,0.012
49500,0.994,0.000,0.006
50000,0.997,0.000,0.003
50500,0.997,0.000,0.003
51000,0.997,0.000,0.003
51500,1.000,0.000,0.000
