time,n_A+p,n_B,n_AB
500,0.080,0.816,0.105
1000,0.080,0.710,0.210
1500,0.080,0.644,0.276
2000,0.080,0.566,0.354
2500,0.082,0.493,0.425
3000,0.082,0.438,0.480
3500,0.086,0.406,0.508
4000,0.091,0.375,0.534
4500,0.090,0.363,0.546
5000,0.089,0.354,0.556
5500,0.095,0.308,0.597
6000,0.105,0.339,0.555
6500,0.105,0.328,0.567
7000,0.117,0.286,0.597
7500,0.105,0.302,0.592
8000,0.097,0.371,0.532
8500,0.105,0.322,0.573
9000,0.111,0.281,0.609
9500,0.121,0.248,0.631
10000,0.169,0.198,0.633
10500,0.183,0.148,0.669
11000,0.279,0.083,0.638
11500,0.393,0.032,0.575
12000,0.534,0.014,0.452
12500,0.664,0.003,0.333
13000,0.744,0.001,0.256
13500,0.830,0.001,0.170
14000,0.894,0.000,0.106
14500,0.947,0.000,0.053
15000,0.965,0.000,0.035
15500,0.976,0.000,0.024
16000,0.988,0.000,0.012
16500,0.984,0.000,0.016
17000,0.988,0.000,0.012
17500,0.992,0.000,0.008
18000,0.999,0.000,0.001
18500,1.000,0.000,0.000
19000,1.000,0.000,0.000
