time,n_A+p,n_B,n_AB
100,0.030,0.968,0.002
200,0.030,0.964,0.006
300,0.030,0.955,0.015
400,0.040,0.946,0.014
500,0.045,0.943,0.012
600,0.044,0.941,0.015
700,0.041,0.937,0.022
800,0.039,0.935,0.027
900,0.040,0.935,0.026
1000,0.039,0.924,0.037
1100,0.038,0.923,0.039
1200,0.037,0.919,0.044
1300,0.035,0.921,0.044
1400,0.037,0.922,0.041
1500,0.037,0.925,0.038
1600,0.036,0.921,0.043
1700,0.039,0.905,0.056
1800,0.036,0.907,0.057
1900,0.039,0.900,0.061
2000,0.034,0.902,0.064
2100,0.039,0.896,0.065
2200,0.040,0.893,0.067
2300,0.039,0.887,0.075
2400,0.038,0.884,0.079
2500,0.045,0.862,0.093
2600,0.052,0.845,0.103
2700,0.049,0.844,0.107
2800,0.047,0.846,0.107
2900,0.054,0.841,0.105
3000,0.056,0.838,0.106
3100,0.059,0.828,0.112
3200,0.059,0.825,0.115
3300,0.064,0.815,0.121
3400,0.061,0.799,0.140
3500,0.059,0.798,0.143
3600,0.058,0.795,0.147
3700,0.057,0.803,0.140
3800,0.062,0.798,0.140
3900,0.066,0.795,0.139
4000,0.072,0.787,0.142
4100,0.066,0.785,0.148
4200,0.065,0.781,0.153
4300,0.064,0.767,0.169
4400,0.065,0.765,0.170
4500,0.066,0.753,0.181
4600,0.073,0.755,0.173
4700,0.069,0.758,0.173
4800,0.067,0.755,0.178
4900,0.076,0.746,0.179
5000,0.077,0.733,0.190
5100,0.079,0.733,0.188
5200,0.103,0.717,0.180
5300,0.109,0.706,0.185
5400,0.108,0.694,0.198
5500,0.109,0.686,0.204
5600,0.104,0.684,0.211
5700,0.106,0.679,0.215
5800,0.103,0.672,0.225
5900,0.106,0.674,0.220
6000,0.102,0.671,0.227
6100,0.102,0.660,0.238
6200,0.098,0.657,0.245
6300,0.107,0.652,0.241
6400,0.114,0.646,0.240
6500,0.116,0.634,0.249
6600,0.125,0.628,0.247
6700,0.126,0.635,0.239
6800,0.116,0.629,0.254
6900,0.111,0.625,0.264
7000,0.114,0.621,0.265
7100,0.126,0.613,0.261
7200,0.123,0.604,0.274
7300,0.131,0.594,0.275
7400,0.129,0.594,0.277
7500,0.159,0.564,0.277
7600,0.160,0.563,0.277
7700,0.155,0.566,0.279
7800,0.164,0.560,0.276
7900,0.171,0.558,0.272
8000,0.185,0.547,0.268
8100,0.174,0.552,0.275
8200,0.176,0.546,0.278
8300,0.172,0.538,0.290
8400,0.166,0.538,0.295
8500,0.179,0.533,0.288
8600,0.187,0.529,0.284
8700,0.180,0.517,0.303
8800,0.188,0.521,0.291
8900,0.178,0.516,0.306
9000,0.184,0.511,0.305
9100,0.178,0.516,0.306
9200,0.164,0.519,0.317
9300,0.164,0.510,0.326
9400,0.159,0.504,0.337
9500,0.164,0.525,0.311
9600,0.156,0.525,0.319
9700,0.154,0.526,0.320
9800,0.145,0.534,0.321
9900,0.143,0.536,0.321
10000,0.140,0.533,0.327
10100,0.148,0.524,0.328
10200,0.149,0.519,0.332
10300,0.160,0.512,0.328
10400,0.164,0.520,0.316
10500,0.154,0.507,0.339
10600,0.155,0.504,0.341
10700,0.157,0.507,0.336
10800,0.170,0.509,0.322
10900,0.163,0.511,0.326
11000,0.165,0.514,0.321
11100,0.171,0.491,0.338
11200,0.164,0.484,0.351
11300,0.155,0.487,0.358
11400,0.152,0.479,0.369
11500,0.147,0.477,0.376
11600,0.156,0.487,0.356
11700,0.143,0.488,0.369
11800,0.140,0.485,0.375
11900,0.146,0.485,0.369
12000,0.153,0.475,0.372
12100,0.148,0.476,0.376
12200,0.161,0.479,0.360
12300,0.192,0.464,0.344
12400,0.204,0.463,0.333
12500,0.199,0.458,0.343
12600,0.196,0.462,0.342
12700,0.201,0.462,0.337
12800,0.207,0.461,0.332
12900,0.200,0.455,0.345
13000,0.200,0.444,0.355
13100,0.212,0.445,0.342
13200,0.213,0.433,0.353
13300,0.206,0.442,0.351
13400,0.208,0.440,0.351
13500,0.213,0.427,0.360
13600,0.232,0.423,0.345
13700,0.243,0.415,0.342
13800,0.241,0.419,0.340
13900,0.241,0.420,0.339
14000,0.236,0.417,0.347
14100,0.228,0.417,0.355
14200,0.244,0.413,0.343
14300,0.241,0.414,0.345
14400,0.246,0.417,0.337
14500,0.237,0.422,0.341
14600,0.229,0.427,0.344
14700,0.229,0.428,0.343
14800,0.217,0.430,0.353
14900,0.223,0.429,0.348
15000,0.224,0.419,0.358
15100,0.233,0.420,0.347
15200,0.226,0.417,0.358
15300,0.246,0.410,0.344
15400,0.245,0.404,0.350
15500,0.242,0.406,0.352
15600,0.237,0.403,0.360
15700,0.234,0.398,0.368
15800,0.219,0.415,0.367
15900,0.217,0.422,0.362
16000,0.218,0.416,0.367
16100,0.215,0.404,0.381
16200,0.213,0.409,0.378
16300,0.218,0.403,0.379
16400,0.225,0.401,0.374
16500,0.211,0.400,0.388
16600,0.204,0.420,0.376
16700,0.196,0.431,0.373
16800,0.191,0.429,0.380
16900,0.209,0.439,0.351
17000,0.207,0.445,0.347
17100,0.210,0.435,0.354
17200,0.205,0.442,0.352
17300,0.198,0.450,0.351
17400,0.198,0.446,0.355
17500,0.202,0.442,0.355
17600,0.216,0.429,0.355
17700,0.211,0.431,0.358
17800,0.209,0.425,0.366
17900,0.200,0.420,0.380
18000,0.201,0.423,0.376
18100,0.213,0.419,0.368
18200,0.212,0.409,0.379
18300,0.201,0.422,0.377
18400,0.199,0.421,0.380
18500,0.204,0.425,0.371
18600,0.199,0.427,0.374
18700,0.200,0.425,0.375
18800,0.192,0.428,0.380
18900,0.186,0.420,0.394
19000,0.191,0.417,0.392
19100,0.191,0.418,0.391
19200,0.189,0.422,0.389
19300,0.186,0.433,0.381
19400,0.190,0.435,0.375
19500,0.196,0.433,0.371
19600,0.200,0.419,0.381
19700,0.194,0.410,0.396
19800,0.203,0.408,0.389
19900,0.201,0.401,0.397
20000,0.193,0.408,0.399
20100,0.198,0.403,0.398
20200,0.196,0.404,0.399
20300,0.191,0.395,0.414
20400,0.190,0.387,0.423
20500,0.198,0.386,0.416
20600,0.197,0.381,0.422
20700,0.218,0.381,0.401
20800,0.220,0.394,0.386
20900,0.202,0.414,0.384
21000,0.205,0.417,0.378
21100,0.208,0.420,0.372
21200,0.198,0.415,0.387
21300,0.198,0.409,0.393
21400,0.194,0.409,0.397
21500,0.195,0.409,0.396
21600,0.197,0.402,0.400
21700,0.206,0.403,0.390
21800,0.218,0.400,0.382
21900,0.216,0.401,0.383
22000,0.216,0.398,0.386
22100,0.233,0.397,0.370
22200,0.226,0.399,0.375
22300,0.219,0.409,0.373
22400,0.218,0.409,0.374
22500,0.210,0.408,0.382
22600,0.220,0.407,0.374
22700,0.228,0.408,0.365
22800,0.229,0.407,0.365
22900,0.224,0.401,0.375
23000,0.227,0.401,0.372
23100,0.233,0.392,0.375
23200,0.229,0.383,0.388
23300,0.226,0.379,0.395
23400,0.230,0.368,0.402
23500,0.231,0.367,0.402
23600,0.248,0.362,0.390
23700,0.264,0.368,0.369
23800,0.264,0.364,0.373
23900,0.260,0.360,0.380
24000,0.261,0.356,0.382
24100,0.268,0.347,0.385
24200,0.278,0.345,0.377
24300,0.272,0.355,0.373
24400,0.271,0.363,0.367
24500,0.269,0.358,0.374
24600,0.257,0.361,0.382
24700,0.264,0.374,0.363
24800,0.275,0.366,0.360
24900,0.270,0.366,0.365
25000,0.268,0.369,0.364
25100,0.259,0.371,0.370
25200,0.263,0.372,0.366
25300,0.270,0.368,0.363
25400,0.258,0.363,0.379
25500,0.255,0.365,0.380
25600,0.250,0.356,0.393
25700,0.251,0.350,0.398
25800,0.260,0.338,0.401
25900,0.260,0.344,0.395
26000,0.265,0.358,0.378
26100,0.259,0.349,0.391
26200,0.247,0.356,0.396
26300,0.240,0.356,0.403
26400,0.244,0.348,0.408
26500,0.247,0.346,0.407
26600,0.240,0.353,0.407
26700,0.250,0.343,0.407
26800,0.261,0.337,0.401
26900,0.267,0.332,0.401
27000,0.272,0.329,0.399
27100,0.271,0.335,0.394
27200,0.264,0.346,0.390
27300,0.256,0.354,0.389
27400,0.246,0.355,0.398
27500,0.244,0.347,0.409
27600,0.232,0.354,0.414
27700,0.235,0.365,0.400
27800,0.231,0.364,0.406
27900,0.225,0.359,0.417
28000,0.233,0.353,0.414
28100,0.245,0.345,0.410
28200,0.243,0.344,0.413
28300,0.245,0.344,0.411
28400,0.250,0.336,0.414
28500,0.241,0.330,0.429
28600,0.246,0.322,0.432
28700,0.249,0.321,0.430
28800,0.247,0.328,0.425
28900,0.247,0.321,0.432
29000,0.252,0.324,0.424
29100,0.253,0.327,0.420
29200,0.252,0.317,0.431
29300,0.252,0.324,0.424
29400,0.257,0.320,0.423
29500,0.246,0.325,0.429
29600,0.243,0.315,0.442
29700,0.247,0.323,0.430
29800,0.242,0.322,0.436
29900,0.246,0.320,0.434
30000,0.239,0.325,0.436
30100,0.236,0.329,0.435
30200,0.231,0.345,0.424
30300,0.227,0.353,0.420
30400,0.224,0.347,0.429
30500,0.237,0.350,0.413
30600,0.246,0.337,0.417
30700,0.234,0.337,0.429
30800,0.225,0.343,0.432
30900,0.209,0.359,0.432
31000,0.204,0.362,0.434
31100,0.209,0.386,0.404
31200,0.204,0.389,0.407
31300,0.196,0.398,0.406
31400,0.193,0.412,0.395
31500,0.191,0.418,0.391
31600,0.199,0.415,0.386
31700,0.195,0.423,0.382
31800,0.198,0.410,0.392
31900,0.188,0.409,0.403
32000,0.183,0.410,0.408
32100,0.182,0.402,0.416
32200,0.185,0.387,0.428
32300,0.189,0.380,0.431
32400,0.194,0.368,0.438
32500,0.200,0.365,0.435
32600,0.199,0.363,0.438
32700,0.205,0.355,0.439
32800,0.207,0.348,0.444
32900,0.207,0.342,0.450
33000,0.217,0.341,0.442
33100,0.219,0.340,0.441
33200,0.222,0.332,0.446
33300,0.221,0.332,0.447
33400,0.217,0.335,0.448
33500,0.222,0.332,0.446
33600,0.219,0.334,0.447
33700,0.202,0.353,0.444
33800,0.192,0.356,0.451
33900,0.189,0.350,0.461
34000,0.192,0.341,0.467
34100,0.201,0.338,0.461
34200,0.195,0.341,0.464
34300,0.197,0.333,0.470
34400,0.212,0.329,0.459
34500,0.210,0.336,0.454
34600,0.220,0.333,0.447
34700,0.221,0.323,0.457
34800,0.211,0.323,0.466
34900,0.221,0.320,0.460
35000,0.212,0.317,0.471
35100,0.217,0.323,0.461
35200,0.221,0.321,0.459
35300,0.223,0.317,0.461
35400,0.212,0.345,0.442
35500,0.215,0.345,0.440
35600,0.213,0.349,0.437
35700,0.218,0.346,0.436
35800,0.220,0.346,0.434
35900,0.230,0.342,0.428
36000,0.223,0.335,0.442
36100,0.210,0.333,0.457
36200,0.198,0.341,0.461
36300,0.205,0.353,0.441
36400,0.211,0.341,0.447
36500,0.213,0.340,0.446
36600,0.207,0.339,0.454
36700,0.197,0.338,0.465
36800,0.206,0.331,0.463
36900,0.215,0.320,0.466
37000,0.207,0.341,0.451
37100,0.188,0.334,0.478
37200,0.193,0.347,0.460
37300,0.198,0.343,0.459
37400,0.197,0.338,0.465
37500,0.194,0.340,0.466
37600,0.189,0.333,0.478
37700,0.180,0.344,0.476
37800,0.174,0.359,0.468
37900,0.173,0.362,0.466
38000,0.176,0.370,0.455
38100,0.175,0.380,0.445
38200,0.173,0.381,0.446
38300,0.174,0.377,0.449
38400,0.171,0.364,0.466
38500,0.182,0.362,0.457
38600,0.180,0.372,0.448
38700,0.169,0.383,0.448
38800,0.157,0.380,0.463
38900,0.152,0.385,0.463
39000,0.151,0.397,0.451
39100,0.150,0.397,0.453
39200,0.155,0.401,0.443
39300,0.152,0.408,0.440
39400,0.151,0.391,0.458
39500,0.169,0.393,0.438
39600,0.172,0.375,0.454
39700,0.174,0.375,0.451
39800,0.174,0.366,0.461
39900,0.180,0.371,0.449
40000,0.175,0.369,0.457
40100,0.156,0.365,0.479
40200,0.163,0.368,0.469
40300,0.159,0.362,0.479
40400,0.153,0.360,0.487
40500,0.147,0.371,0.482
40600,0.138,0.373,0.489
40700,0.139,0.376,0.485
40800,0.146,0.374,0.480
40900,0.147,0.372,0.481
41000,0.149,0.373,0.478
41100,0.163,0.374,0.463
41200,0.163,0.368,0.469
41300,0.159,0.373,0.468
41400,0.158,0.369,0.473
41500,0.154,0.381,0.465
41600,0.166,0.368,0.466
41700,0.181,0.364,0.456
41800,0.172,0.375,0.454
41900,0.194,0.375,0.431
42000,0.192,0.370,0.438
42100,0.196,0.379,0.425
42200,0.210,0.370,0.420
42300,0.210,0.364,0.426
42400,0.215,0.359,0.427
42500,0.212,0.358,0.430
42600,0.204,0.367,0.429
42700,0.196,0.371,0.433
42800,0.203,0.365,0.432
42900,0.211,0.356,0.432
43000,0.203,0.355,0.441
43100,0.205,0.355,0.439
43200,0.207,0.349,0.443
43300,0.203,0.361,0.436
43400,0.202,0.367,0.431
43500,0.195,0.381,0.424
43600,0.192,0.389,0.419
43700,0.186,0.382,0.432
43800,0.182,0.386,0.432
43900,0.172,0.404,0.424
44000,0.177,0.397,0.426
44100,0.170,0.412,0.419
44200,0.171,0.412,0.418
44300,0.172,0.402,0.426
44400,0.174,0.398,0.428
44500,0.182,0.388,0.430
44600,0.184,0.387,0.429
44700,0.190,0.378,0.432
44800,0.188,0.376,0.436
44900,0.192,0.374,0.434
45000,0.185,0.365,0.450
45100,0.177,0.372,0.451
45200,0.178,0.356,0.466
45300,0.186,0.339,0.475
45400,0.181,0.344,0.475
45500,0.194,0.354,0.451
45600,0.202,0.349,0.448
45700,0.192,0.348,0.460
45800,0.180,0.344,0.476
45900,0.171,0.339,0.490
46000,0.168,0.345,0.487
46100,0.165,0.349,0.485
46200,0.182,0.347,0.471
46300,0.183,0.329,0.488
46400,0.177,0.320,0.504
46500,0.177,0.314,0.510
46600,0.191,0.319,0.490
46700,0.199,0.320,0.481
46800,0.194,0.330,0.476
46900,0.194,0.319,0.487
47000,0.183,0.306,0.511
47100,0.177,0.317,0.507
47200,0.169,0.343,0.488
47300,0.173,0.359,0.469
47400,0.179,0.342,0.479
47500,0.170,0.365,0.466
47600,0.174,0.367,0.460
47700,0.179,0.371,0.450
47800,0.171,0.387,0.442
47900,0.161,0.389,0.449
48000,0.157,0.402,0.440
48100,0.154,0.400,0.445
48200,0.153,0.396,0.450
48300,0.146,0.397,0.457
48400,0.148,0.397,0.455
48500,0.150,0.415,0.435
48600,0.157,0.417,0.426
48700,0.172,0.400,0.428
48800,0.161,0.393,0.445
48900,0.158,0.393,0.448
49000,0.165,0.395,0.439
49100,0.179,0.377,0.444
49200,0.175,0.377,0.448
49300,0.176,0.379,0.445
49400,0.178,0.356,0.466
49500,0.184,0.359,0.458
49600,0.177,0.365,0.459
49700,0.171,0.373,0.457
49800,0.161,0.371,0.468
49900,0.171,0.363,0.467
50000,0.170,0.369,0.462
50100,0.176,0.364,0.461
50200,0.175,0.366,0.460
50300,0.164,0.365,0.471
50400,0.166,0.362,0.472
50500,0.171,0.371,0.459
50600,0.163,0.370,0.467
50700,0.165,0.373,0.462
50800,0.170,0.371,0.460
50900,0.174,0.363,0.464
51000,0.184,0.360,0.457
51100,0.184,0.362,0.455
51200,0.189,0.351,0.460
51300,0.190,0.349,0.461
51400,0.188,0.349,0.463
51500,0.196,0.351,0.453
51600,0.208,0.350,0.441
51700,0.205,0.342,0.453
51800,0.204,0.336,0.460
51900,0.210,0.334,0.456
52000,0.207,0.336,0.457
52100,0.219,0.327,0.455
52200,0.210,0.322,0.468
52300,0.201,0.326,0.473
52400,0.201,0.318,0.481
52500,0.200,0.323,0.477
52600,0.200,0.331,0.469
52700,0.201,0.325,0.474
52800,0.205,0.320,0.475
52900,0.212,0.335,0.453
53000,0.218,0.327,0.456
53100,0.215,0.324,0.462
53200,0.230,0.311,0.460
53300,0.236,0.301,0.463
53400,0.234,0.314,0.453
53500,0.241,0.303,0.456
53600,0.245,0.302,0.453
53700,0.246,0.301,0.453
53800,0.238,0.315,0.447
53900,0.235,0.315,0.450
54000,0.238,0.315,0.447
54100,0.210,0.328,0.462
54200,0.201,0.317,0.482
54300,0.213,0.307,0.479
54400,0.260,0.307,0.432
54500,0.242,0.297,0.461
54600,0.244,0.289,0.467
54700,0.244,0.291,0.465
54800,0.241,0.287,0.472
54900,0.239,0.288,0.473
55000,0.250,0.288,0.462
55100,0.245,0.274,0.481
55200,0.237,0.273,0.490
55300,0.230,0.269,0.502
55400,0.234,0.260,0.506
55500,0.236,0.260,0.504
55600,0.237,0.261,0.502
55700,0.239,0.269,0.492
55800,0.255,0.259,0.485
55900,0.236,0.267,0.497
56000,0.238,0.272,0.490
56100,0.227,0.272,0.502
56200,0.230,0.274,0.496
56300,0.227,0.277,0.496
56400,0.233,0.271,0.496
56500,0.222,0.276,0.503
56600,0.232,0.265,0.504
56700,0.232,0.258,0.510
56800,0.232,0.255,0.513
56900,0.236,0.261,0.503
57000,0.250,0.261,0.488
57100,0.261,0.257,0.481
57200,0.267,0.254,0.479
57300,0.256,0.250,0.493
57400,0.247,0.281,0.472
57500,0.245,0.281,0.474
57600,0.245,0.274,0.481
57700,0.240,0.276,0.484
57800,0.233,0.276,0.491
57900,0.235,0.278,0.487
58000,0.248,0.284,0.468
58100,0.247,0.287,0.466
58200,0.242,0.286,0.472
58300,0.240,0.285,0.475
58400,0.248,0.289,0.463
58500,0.263,0.287,0.450
58600,0.274,0.289,0.437
58700,0.266,0.284,0.450
58800,0.255,0.284,0.461
58900,0.251,0.278,0.471
59000,0.246,0.280,0.474
59100,0.239,0.279,0.482
59200,0.250,0.279,0.471
59300,0.256,0.275,0.469
59400,0.243,0.283,0.474
59500,0.244,0.273,0.483
59600,0.244,0.274,0.482
59700,0.247,0.275,0.478
59800,0.245,0.281,0.474
59900,0.236,0.278,0.486
60000,0.259,0.280,0.461
60100,0.256,0.277,0.467
60200,0.270,0.270,0.461
60300,0.264,0.280,0.457
60400,0.265,0.284,0.451
60500,0.268,0.291,0.441
60600,0.265,0.298,0.437
60700,0.253,0.296,0.450
60800,0.254,0.282,0.464
60900,0.252,0.302,0.445
61000,0.252,0.306,0.441
61100,0.231,0.294,0.475
61200,0.216,0.301,0.483
61300,0.216,0.307,0.477
61400,0.205,0.316,0.479
61500,0.193,0.324,0.483
61600,0.196,0.341,0.463
61700,0.196,0.325,0.479
61800,0.188,0.329,0.483
61900,0.196,0.316,0.488
62000,0.202,0.317,0.481
62100,0.208,0.325,0.467
62200,0.204,0.306,0.489
62300,0.205,0.296,0.498
62400,0.216,0.301,0.483
62500,0.231,0.304,0.465
62600,0.231,0.301,0.468
62700,0.225,0.299,0.476
62800,0.229,0.296,0.475
62900,0.232,0.291,0.477
63000,0.237,0.294,0.469
63100,0.228,0.298,0.474
63200,0.199,0.301,0.499
63300,0.201,0.315,0.484
63400,0.207,0.309,0.483
63500,0.219,0.307,0.474
63600,0.243,0.283,0.474
63700,0.243,0.280,0.477
63800,0.232,0.277,0.491
63900,0.247,0.285,0.468
64000,0.245,0.280,0.475
64100,0.238,0.284,0.478
64200,0.241,0.293,0.466
64300,0.253,0.285,0.462
64400,0.265,0.266,0.470
64500,0.268,0.281,0.451
64600,0.272,0.274,0.455
64700,0.271,0.272,0.458
64800,0.257,0.283,0.460
64900,0.261,0.299,0.439
65000,0.266,0.299,0.435
65100,0.257,0.287,0.456
65200,0.236,0.289,0.475
65300,0.245,0.292,0.463
65400,0.244,0.283,0.473
65500,0.233,0.288,0.479
65600,0.239,0.288,0.473
65700,0.241,0.285,0.474
65800,0.238,0.276,0.486
65900,0.243,0.277,0.480
66000,0.242,0.269,0.489
66100,0.234,0.285,0.481
66200,0.236,0.277,0.487
66300,0.239,0.279,0.482
66400,0.244,0.289,0.467
66500,0.246,0.295,0.459
66600,0.246,0.308,0.445
66700,0.246,0.322,0.432
66800,0.260,0.302,0.437
66900,0.275,0.300,0.425
67000,0.267,0.299,0.434
67100,0.294,0.283,0.423
67200,0.290,0.282,0.428
67300,0.280,0.277,0.443
67400,0.274,0.280,0.446
67500,0.289,0.267,0.444
67600,0.290,0.263,0.447
67700,0.273,0.255,0.472
67800,0.257,0.261,0.481
67900,0.261,0.258,0.480
68000,0.260,0.253,0.486
68100,0.258,0.259,0.482
68200,0.254,0.265,0.481
68300,0.251,0.264,0.485
68400,0.256,0.259,0.484
68500,0.247,0.275,0.478
68600,0.240,0.272,0.488
68700,0.226,0.274,0.501
68800,0.233,0.272,0.495
68900,0.234,0.276,0.490
69000,0.230,0.275,0.495
69100,0.238,0.267,0.495
69200,0.234,0.258,0.508
69300,0.234,0.258,0.508
69400,0.236,0.266,0.498
69500,0.223,0.279,0.498
69600,0.230,0.277,0.493
69700,0.227,0.274,0.499
69800,0.231,0.280,0.489
69900,0.228,0.291,0.481
70000,0.223,0.288,0.489
70100,0.234,0.293,0.473
70200,0.247,0.279,0.474
70300,0.240,0.302,0.458
70400,0.249,0.302,0.448
70500,0.249,0.291,0.460
70600,0.243,0.296,0.461
70700,0.239,0.290,0.471
70800,0.231,0.295,0.474
70900,0.223,0.290,0.487
71000,0.223,0.281,0.496
71100,0.230,0.280,0.490
71200,0.231,0.277,0.492
71300,0.226,0.275,0.499
71400,0.230,0.276,0.494
71500,0.228,0.279,0.493
71600,0.233,0.284,0.483
71700,0.234,0.287,0.479
71800,0.230,0.302,0.468
71900,0.232,0.294,0.474
72000,0.232,0.302,0.466
72100,0.235,0.300,0.465
72200,0.234,0.300,0.466
72300,0.232,0.290,0.478
72400,0.245,0.287,0.468
72500,0.246,0.287,0.467
72600,0.248,0.287,0.465
72700,0.242,0.276,0.482
72800,0.247,0.277,0.476
72900,0.244,0.283,0.473
73000,0.256,0.268,0.476
73100,0.263,0.280,0.458
73200,0.265,0.283,0.453
73300,0.261,0.284,0.455
73400,0.264,0.288,0.448
73500,0.261,0.303,0.435
73600,0.254,0.302,0.443
73700,0.261,0.301,0.437
73800,0.253,0.300,0.446
73900,0.239,0.297,0.464
74000,0.240,0.301,0.459
74100,0.242,0.292,0.466
74200,0.247,0.291,0.462
74300,0.241,0.298,0.461
74400,0.240,0.298,0.462
74500,0.251,0.307,0.441
74600,0.243,0.308,0.448
74700,0.232,0.305,0.463
74800,0.228,0.301,0.471
74900,0.224,0.298,0.478
75000,0.219,0.295,0.486
75100,0.233,0.293,0.474
75200,0.234,0.296,0.470
75300,0.241,0.285,0.474
75400,0.238,0.288,0.474
75500,0.241,0.288,0.471
75600,0.237,0.293,0.470
75700,0.231,0.294,0.475
75800,0.235,0.289,0.476
75900,0.221,0.297,0.482
76000,0.219,0.291,0.490
76100,0.226,0.286,0.488
76200,0.220,0.288,0.492
76300,0.221,0.292,0.487
76400,0.226,0.286,0.488
76500,0.229,0.298,0.473
76600,0.233,0.300,0.467
76700,0.229,0.294,0.477
76800,0.231,0.287,0.482
76900,0.233,0.285,0.482
77000,0.223,0.282,0.495
77100,0.219,0.295,0.486
77200,0.229,0.287,0.484
77300,0.218,0.288,0.494
77400,0.207,0.294,0.498
77500,0.198,0.291,0.511
77600,0.209,0.293,0.497
77700,0.211,0.288,0.501
77800,0.198,0.283,0.519
77900,0.199,0.284,0.517
78000,0.201,0.281,0.518
78100,0.215,0.281,0.505
78200,0.218,0.284,0.498
78300,0.210,0.281,0.509
78400,0.211,0.268,0.521
78500,0.208,0.289,0.503
78600,0.200,0.288,0.512
78700,0.205,0.307,0.487
78800,0.188,0.314,0.498
78900,0.182,0.307,0.511
79000,0.179,0.323,0.498
79100,0.179,0.330,0.491
79200,0.199,0.332,0.469
79300,0.199,0.321,0.480
79400,0.195,0.323,0.482
79500,0.203,0.315,0.482
79600,0.201,0.316,0.483
79700,0.198,0.316,0.486
79800,0.200,0.321,0.479
79900,0.199,0.322,0.479
80000,0.188,0.331,0.481
80100,0.195,0.332,0.473
80200,0.199,0.336,0.465
80300,0.194,0.332,0.474
80400,0.206,0.319,0.475
80500,0.218,0.312,0.471
80600,0.228,0.311,0.462
80700,0.222,0.311,0.468
80800,0.224,0.306,0.470
80900,0.237,0.301,0.462
81000,0.229,0.304,0.467
81100,0.236,0.302,0.462
81200,0.230,0.299,0.471
81300,0.230,0.309,0.461
81400,0.244,0.302,0.454
81500,0.254,0.298,0.447
81600,0.247,0.298,0.455
81700,0.255,0.278,0.467
81800,0.240,0.298,0.462
81900,0.235,0.296,0.469
82000,0.239,0.287,0.474
82100,0.240,0.283,0.477
82200,0.237,0.282,0.481
82300,0.231,0.282,0.487
82400,0.225,0.280,0.495
82500,0.210,0.280,0.510
82600,0.208,0.280,0.512
82700,0.195,0.294,0.511
82800,0.196,0.291,0.513
82900,0.190,0.280,0.530
83000,0.198,0.284,0.518
83100,0.205,0.290,0.505
83200,0.207,0.288,0.505
83300,0.209,0.288,0.503
83400,0.211,0.293,0.495
83500,0.207,0.288,0.505
83600,0.210,0.285,0.505
83700,0.201,0.306,0.492
83800,0.194,0.297,0.509
83900,0.196,0.292,0.512
84000,0.200,0.289,0.511
84100,0.198,0.283,0.519
84200,0.213,0.289,0.497
84300,0.213,0.285,0.502
84400,0.207,0.280,0.513
84500,0.212,0.288,0.499
84600,0.205,0.289,0.506
84700,0.209,0.293,0.497
84800,0.217,0.301,0.482
84900,0.190,0.311,0.499
85000,0.182,0.313,0.506
85100,0.188,0.301,0.511
85200,0.190,0.300,0.510
85300,0.183,0.322,0.495
85400,0.193,0.324,0.483
85500,0.185,0.324,0.491
85600,0.188,0.303,0.509
85700,0.195,0.306,0.498
85800,0.192,0.311,0.497
85900,0.188,0.306,0.506
86000,0.184,0.309,0.507
86100,0.187,0.306,0.507
86200,0.187,0.307,0.506
86300,0.178,0.313,0.510
86400,0.188,0.312,0.501
86500,0.188,0.312,0.501
86600,0.192,0.312,0.496
86700,0.183,0.311,0.507
86800,0.190,0.321,0.489
86900,0.186,0.319,0.495
87000,0.180,0.326,0.494
87100,0.182,0.324,0.494
87200,0.198,0.309,0.492
87300,0.205,0.320,0.475
87400,0.201,0.315,0.484
87500,0.205,0.305,0.489
87600,0.203,0.300,0.496
87700,0.194,0.315,0.491
87800,0.198,0.308,0.493
87900,0.199,0.323,0.478
88000,0.203,0.302,0.494
88100,0.217,0.293,0.490
88200,0.227,0.298,0.475
88300,0.228,0.307,0.465
88400,0.221,0.306,0.473
88500,0.212,0.313,0.475
88600,0.209,0.308,0.482
88700,0.212,0.301,0.486
88800,0.209,0.295,0.495
88900,0.205,0.312,0.483
89000,0.211,0.311,0.478
89100,0.206,0.319,0.475
89200,0.210,0.309,0.480
89300,0.213,0.305,0.481
89400,0.211,0.311,0.478
89500,0.204,0.305,0.490
89600,0.209,0.307,0.483
89700,0.208,0.314,0.478
89800,0.211,0.311,0.478
89900,0.210,0.314,0.476
90000,0.212,0.312,0.476
90100,0.241,0.307,0.451
90200,0.229,0.304,0.467
90300,0.229,0.312,0.460
90400,0.237,0.308,0.455
90500,0.236,0.303,0.461
90600,0.240,0.290,0.470
90700,0.218,0.302,0.480
90800,0.219,0.288,0.493
90900,0.223,0.293,0.484
91000,0.234,0.278,0.488
91100,0.233,0.279,0.488
91200,0.231,0.277,0.492
91300,0.223,0.278,0.499
91400,0.226,0.276,0.498
91500,0.216,0.292,0.492
91600,0.215,0.277,0.509
91700,0.201,0.293,0.506
91800,0.213,0.292,0.494
91900,0.212,0.289,0.498
92000,0.209,0.302,0.488
92100,0.202,0.295,0.503
92200,0.197,0.293,0.510
92300,0.201,0.286,0.513
92400,0.207,0.276,0.517
92500,0.203,0.283,0.514
92600,0.212,0.288,0.499
92700,0.210,0.280,0.510
92800,0.223,0.278,0.499
92900,0.230,0.273,0.497
93000,0.230,0.284,0.486
93100,0.230,0.267,0.504
93200,0.256,0.256,0.487
93300,0.251,0.254,0.494
93400,0.235,0.250,0.515
93500,0.237,0.279,0.484
93600,0.246,0.289,0.465
93700,0.242,0.286,0.472
93800,0.237,0.300,0.463
93900,0.232,0.301,0.467
94000,0.223,0.303,0.474
94100,0.229,0.300,0.471
94200,0.241,0.311,0.448
94300,0.239,0.306,0.455
94400,0.242,0.307,0.450
94500,0.240,0.295,0.465
94600,0.247,0.296,0.457
94700,0.249,0.283,0.468
94800,0.248,0.286,0.466
94900,0.247,0.288,0.465
95000,0.251,0.282,0.467
95100,0.249,0.277,0.474
95200,0.258,0.282,0.460
95300,0.259,0.276,0.465
95400,0.252,0.289,0.459
95500,0.247,0.300,0.453
95600,0.240,0.296,0.464
95700,0.233,0.293,0.474
95800,0.230,0.293,0.477
95900,0.228,0.299,0.473
96000,0.225,0.307,0.468
96100,0.222,0.307,0.471
96200,0.230,0.300,0.470
96300,0.237,0.288,0.475
96400,0.231,0.287,0.482
96500,0.223,0.286,0.491
96600,0.220,0.286,0.494
96700,0.217,0.302,0.481
96800,0.216,0.306,0.478
96900,0.213,0.308,0.478
97000,0.225,0.298,0.477
97100,0.216,0.291,0.493
97200,0.229,0.289,0.482
97300,0.233,0.284,0.483
97400,0.240,0.292,0.468
97500,0.217,0.292,0.491
97600,0.226,0.297,0.477
97700,0.222,0.305,0.473
97800,0.222,0.307,0.471
97900,0.216,0.302,0.482
98000,0.210,0.297,0.492
98100,0.205,0.307,0.487
98200,0.203,0.303,0.493
98300,0.195,0.309,0.495
98400,0.207,0.303,0.489
98500,0.193,0.296,0.511
98600,0.187,0.297,0.516
98700,0.184,0.290,0.526
98800,0.202,0.284,0.514
98900,0.208,0.281,0.511
99000,0.207,0.275,0.518
99100,0.232,0.280,0.488
99200,0.233,0.287,0.480
99300,0.228,0.298,0.474
99400,0.225,0.295,0.480
99500,0.220,0.293,0.487
99600,0.221,0.301,0.478
99700,0.226,0.300,0.474
99800,0.232,0.301,0.467
99900,0.223,0.321,0.457
100000,0.219,0.328,0.454
