time,n_A+p,n_B,n_AB
500,0.080,0.672,0.248
1000,0.080,0.425,0.495
1500,0.086,0.341,0.574
2000,0.095,0.239,0.666
2500,0.101,0.214,0.685
3000,0.110,0.165,0.726
3500,0.173,0.110,0.717
4000,0.219,0.065,0.716
4500,0.393,0.017,0.591
5000,0.530,0.006,0.464
5500,0.675,0.001,0.324
6000,0.746,0.000,0.254
6500,0.818,0.000,0.182
7000,0.866,0.000,0.134
7500,0.904,0.000,0.096
8000,0.935,0.000,0.065
8500,0.926,0.000,0.074
9000,0.906,0.000,0.094
9500,0.913,0.000,0.087
10000,0.934,0.000,0.066
10500,0.952,0.000,0.048
11000,0.950,0.000,0.050
11500,0.964,0.000,0.036
12000,0.973,0.000,0.027
12500,0.985,0.000,0.015
13000,0.986,0.000,0.014
13500,0.981,0.000,0.019
14000,0.988,0.000,0.012
14500,0.996,0.000,0.004
15000,0.999,0.000,0.001
15500,1.000,0.000,0.000
16000,0.995,0.000,0.005
16500,0.996,0.000,0.004
17000,0.998,0.000,0.002
17500,0.999,0.000,0.001
18000,1.000,0.000,0.000
