time,n_A+p,n_B,n_AB
500,0.030,0.499,0.471
1000,0.030,0.168,0.802
1500,0.030,0.162,0.808
2000,0.030,0.226,0.744
2500,0.030,0.136,0.834
3000,0.030,0.201,0.769
3500,0.030,0.176,0.794
4000,0.030,0.236,0.734
4500,0.044,0.060,0.896
5000,0.612,0.000,0.388
5500,0.892,0.000,0.108
6000,0.876,0.000,0.124
6500,0.998,0.000,0.002
7000,1.000,0.000,0.000
