time,n_A+p,n_B,n_AB
500,0.030,0.233,0.737
1000,0.030,0.267,0.703
1500,0.030,0.169,0.801
2000,0.030,0.258,0.712
2500,0.030,0.409,0.561
3000,0.030,0.206,0.764
3500,0.411,0.000,0.589
4000,0.701,0.000,0.299
4500,0.677,0.000,0.323
5000,0.754,0.000,0.246
5500,0.740,0.000,0.260
6000,0.726,0.000,0.274
6500,0.547,0.000,0.453
7000,0.593,0.000,0.407
7500,0.551,0.000,0.449
8000,0.696,0.000,0.304
8500,0.812,0.000,0.188
9000,0.733,0.000,0.267
9500,0.762,0.000,0.238
10000,0.751,0.000,0.249
10500,0.685,0.000,0.315
11000,0.627,0.000,0.373
11500,0.622,0.000,0.378
12000,0.797,0.000,0.203
12500,0.877,0.000,0.123
13000,0.935,0.000,0.065
13500,0.627,0.000,0.373
14000,0.534,0.000,0.466
14500,0.639,0.000,0.361
15000,0.735,0.000,0.265
15500,0.657,0.000,0.343
16000,0.750,0.000,0.250
16500,0.782,0.000,0.218
17000,0.631,0.000,0.369
17500,0.520,0.000,0.480
18000,0.746,0.000,0.254
18500,0.825,0.000,0.175
19000,0.758,0.000,0.242
19500,0.767,0.000,0.233
20000,0.871,0.000,0.129
20500,0.811,0.000,0.189
21000,0.660,0.000,0.340
21500,0.805,0.000,0.195
22000,0.912,0.000,0.088
22500,0.737,0.000,0.263
23000,0.749,0.000,0.251
23500,0.835,0.000,0.165
24000,0.690,0.000,0.310
24500,0.714,0.000,0.286
25000,0.946,0.000,0.054
25500,1.000,0.000,0.000
