time,n_A+p,n_B,n_AB
0,0.028,0.972,0.000
500,0.028,0.949,0.023
1000,0.037,0.912,0.051
1500,0.037,0.862,0.101
2000,0.069,0.806,0.124
2500,0.037,0.843,0.120
3000,0.046,0.843,0.111
3500,0.051,0.724,0.226
4000,0.065,0.770,0.166
4500,0.078,0.760,0.161
5000,0.111,0.696,0.194
5500,0.088,0.650,0.263
6000,0.092,0.705,0.203
6500,0.065,0.747,0.189
7000,0.046,0.756,0.198
7500,0.055,0.802,0.143
8000,0.069,0.825,0.106
8500,0.041,0.816,0.143
9000,0.028,0.894,0.078
9500,0.032,0.880,0.088
10000,0.046,0.797,0.157
10500,0.055,0.779,0.166
11000,0.069,0.751,0.180
11500,0.065,0.724,0.212
12000,0.060,0.737,0.203
12500,0.101,0.742,0.157
13000,0.088,0.710,0.203
13500,0.088,0.700,0.212
14000,0.060,0.710,0.230
14500,0.074,0.756,0.171
15000,0.092,0.756,0.152
15500,0.078,0.677,0.244
16000,0.078,0.700,0.221
16500,0.147,0.627,0.226
17000,0.171,0.530,0.300
17500,0.106,0.668,0.226
18000,0.120,0.650,0.230
18500,0.083,0.604,0.313
19000,0.083,0.659,0.258
19500,0.088,0.705,0.207
20000,0.060,0.783,0.157
20500,0.032,0.820,0.147
21000,0.041,0.806,0.152
21500,0.041,0.834,0.124
22000,0.041,0.797,0.161
22500,0.051,0.816,0.134
23000,0.055,0.770,0.175
23500,0.046,0.783,0.171
24000,0.078,0.770,0.152
24500,0.055,0.765,0.180
25000,0.032,0.788,0.180
25500,0.046,0.811,0.143
26000,0.060,0.728,0.212
26500,0.037,0.816,0.147
27000,0.032,0.889,0.078
27500,0.028,0.862,0.111
28000,0.046,0.853,0.101
28500,0.032,0.816,0.152
29000,0.028,0.862,0.111
29500,0.051,0.829,0.120
30000,0.055,0.816,0.129
30500,0.046,0.839,0.115
31000,0.041,0.848,0.111
31500,0.041,0.793,0.166
32000,0.041,0.848,0.111
32500,0.037,0.793,0.171
33000,0.041,0.820,0.138
33500,0.032,0.862,0.106
34000,0.051,0.834,0.115
34500,0.037,0.857,0.106
35000,0.037,0.880,0.083
35500,0.046,0.834,0.120
36000,0.046,0.811,0.143
36500,0.037,0.843,0.120
37000,0.037,0.866,0.097
37500,0.060,0.834,0.106
38000,0.051,0.816,0.134
38500,0.032,0.903,0.065
39000,0.046,0.839,0.115
39500,0.060,0.779,0.161
40000,0.041,0.788,0.171
40500,0.078,0.728,0.194
41000,0.092,0.664,0.244
41500,0.078,0.687,0.235
42000,0.115,0.650,0.235
42500,0.124,0.594,0.281
43000,0.147,0.548,0.304
43500,0.198,0.456,0.346
44000,0.304,0.346,0.350
44500,0.323,0.313,0.364
45000,0.493,0.212,0.295
45500,0.576,0.180,0.244
46000,0.691,0.092,0.217
46500,0.797,0.060,0.143
47000,0.806,0.051,0.143
47500,0.825,0.037,0.138
48000,0.866,0.014,0.120
48500,0.917,0.014,0.069
49000,0.968,0.005,0.028
49500,0.968,0.005,0.028
50000,0.972,0.005,0.023
50500,0.982,0.005,0.014
51000,0.982,0.005,0.014
51500,0.977,0.005,0.018
52000,0.982,0.005,0.014
52500,0.986,0.005,0.009
53000,0.986,0.000,0.014
53500,0.986,0.000,0.014
54000,0.986,0.000,0.014
54500,0.986,0.000,0.014
55000,0.986,0.000,0.014
55500,0.986,0.000,0.014
56000,0.986,0.000,0.014
56500,0.986,0.000,0.014
57000,0.986,0.000,0.014
57500,0.986,0.000,0.014
58000,0.986,0.000,0.014
58500,0.991,0.000,0.009
59000,0.991,0.000,0.009
59500,0.991,0.000,0.009
60000,0.991,0.000,0.009
60500,0.991,0.000,0.009
61000,0.986,0.000,0.014
61500,0.991,0.000,0.009
62000,0.991,0.000,0.009
62500,0.991,0.000,0.009
63000,0.995,0.000,0.005
63500,0.995,0.000,0.005
64000,0.995,0.000,0.005
64500,1.000,0.000,0.000
