time,n_A+p,n_B,n_AB
500,0.080,0.745,0.175
1000,0.080,0.563,0.357
1500,0.092,0.491,0.417
2000,0.087,0.480,0.433
2500,0.103,0.419,0.478
3000,0.096,0.425,0.479
3500,0.114,0.328,0.558
4000,0.155,0.280,0.565
4500,0.218,0.210,0.572
5000,0.233,0.166,0.601
5500,0.317,0.111,0.572
6000,0.414,0.052,0.534
6500,0.479,0.022,0.499
7000,0.604,0.013,0.383
7500,0.654,0.016,0.330
8000,0.737,0.002,0.261
8500,0.784,0.001,0.215
9000,0.787,0.001,0.212
9500,0.830,0.000,0.170
10000,0.861,0.000,0.139
10500,0.900,0.000,0.100
11000,0.911,0.000,0.089
11500,0.913,0.000,0.087
12000,0.916,0.000,0.084
12500,0.911,0.000,0.089
13000,0.937,0.000,0.063
13500,0.946,0.000,0.054
14000,0.954,0.000,0.046
14500,0.972,0.000,0.028
15000,0.982,0.000,0.018
15500,0.985,0.000,0.015
16000,0.996,0.000,0.004
16500,0.995,0.000,0.005
17000,0.996,0.000,0.004
17500,0.998,0.000,0.002
18000,1.000,0.000,0.000
