time,n_A+p,n_B,n_AB
100,0.030,0.968,0.002
200,0.030,0.965,0.005
300,0.030,0.965,0.005
400,0.031,0.963,0.006
500,0.030,0.962,0.008
600,0.030,0.952,0.018
700,0.033,0.943,0.025
800,0.033,0.944,0.023
900,0.033,0.933,0.035
1000,0.033,0.939,0.029
1100,0.035,0.936,0.030
1200,0.035,0.940,0.026
1300,0.035,0.927,0.038
1400,0.037,0.922,0.041
1500,0.036,0.921,0.043
1600,0.041,0.914,0.045
1700,0.039,0.918,0.043
1800,0.042,0.920,0.038
1900,0.044,0.926,0.030
2000,0.042,0.923,0.035
2100,0.044,0.909,0.047
2200,0.046,0.909,0.045
2300,0.050,0.903,0.047
2400,0.041,0.912,0.047
2500,0.042,0.907,0.051
2600,0.038,0.893,0.069
2700,0.039,0.892,0.069
2800,0.040,0.889,0.072
2900,0.052,0.869,0.079
3000,0.052,0.873,0.075
3100,0.049,0.875,0.076
3200,0.053,0.872,0.075
3300,0.053,0.874,0.073
3400,0.051,0.865,0.084
3500,0.047,0.875,0.078
3600,0.047,0.874,0.079
3700,0.050,0.883,0.067
3800,0.051,0.875,0.074
3900,0.053,0.878,0.068
4000,0.054,0.875,0.070
4100,0.055,0.875,0.069
4200,0.052,0.871,0.077
4300,0.050,0.871,0.079
4400,0.054,0.861,0.085
4500,0.053,0.858,0.089
4600,0.054,0.855,0.091
4700,0.054,0.856,0.090
4800,0.054,0.858,0.088
4900,0.051,0.838,0.111
5000,0.060,0.831,0.108
5100,0.059,0.837,0.104
5200,0.057,0.818,0.125
5300,0.057,0.848,0.095
5400,0.056,0.849,0.095
5500,0.055,0.853,0.092
5600,0.060,0.848,0.092
5700,0.058,0.839,0.103
5800,0.054,0.845,0.101
5900,0.052,0.843,0.105
6000,0.053,0.853,0.094
6100,0.049,0.839,0.112
6200,0.049,0.845,0.106
6300,0.050,0.845,0.105
6400,0.055,0.843,0.102
6500,0.061,0.836,0.103
6600,0.055,0.832,0.112
6700,0.051,0.832,0.116
6800,0.051,0.843,0.106
6900,0.049,0.831,0.120
7000,0.048,0.827,0.125
7100,0.049,0.840,0.111
7200,0.050,0.847,0.103
7300,0.051,0.847,0.102
7400,0.048,0.855,0.097
7500,0.048,0.860,0.092
7600,0.045,0.866,0.089
7700,0.045,0.859,0.096
7800,0.049,0.856,0.095
7900,0.046,0.859,0.095
8000,0.046,0.856,0.098
8100,0.046,0.854,0.100
8200,0.045,0.864,0.091
8300,0.044,0.864,0.092
8400,0.042,0.867,0.091
8500,0.043,0.868,0.089
8600,0.043,0.872,0.085
8700,0.042,0.871,0.087
8800,0.041,0.877,0.082
8900,0.043,0.865,0.092
9000,0.042,0.869,0.089
9100,0.044,0.872,0.084
9200,0.041,0.864,0.095
9300,0.043,0.862,0.095
9400,0.041,0.869,0.090
9500,0.042,0.870,0.088
9600,0.042,0.854,0.104
9700,0.042,0.847,0.111
9800,0.042,0.843,0.115
9900,0.046,0.845,0.109
10000,0.047,0.838,0.115
10100,0.046,0.836,0.118
10200,0.044,0.843,0.113
10300,0.051,0.847,0.102
10400,0.053,0.853,0.094
10500,0.055,0.847,0.098
10600,0.054,0.829,0.116
10700,0.057,0.834,0.109
10800,0.055,0.836,0.109
10900,0.054,0.836,0.110
11000,0.057,0.832,0.110
11100,0.061,0.827,0.111
11200,0.059,0.804,0.137
11300,0.059,0.821,0.120
11400,0.057,0.820,0.123
11500,0.064,0.816,0.120
11600,0.061,0.802,0.137
11700,0.064,0.814,0.122
11800,0.069,0.805,0.126
11900,0.065,0.796,0.139
12000,0.062,0.797,0.141
12100,0.066,0.784,0.149
12200,0.068,0.775,0.156
12300,0.065,0.770,0.164
12400,0.074,0.770,0.156
12500,0.069,0.767,0.163
12600,0.072,0.768,0.160
12700,0.081,0.769,0.150
12800,0.084,0.764,0.152
12900,0.081,0.755,0.164
13000,0.075,0.764,0.161
13100,0.069,0.771,0.159
13200,0.073,0.758,0.170
13300,0.072,0.756,0.173
13400,0.076,0.754,0.171
13500,0.078,0.759,0.163
13600,0.075,0.753,0.173
13700,0.073,0.752,0.176
13800,0.070,0.767,0.162
13900,0.073,0.771,0.156
14000,0.068,0.771,0.160
14100,0.066,0.782,0.151
14200,0.070,0.761,0.169
14300,0.072,0.775,0.153
14400,0.072,0.772,0.156
14500,0.075,0.775,0.150
14600,0.070,0.782,0.147
14700,0.070,0.770,0.159
14800,0.079,0.756,0.165
14900,0.074,0.764,0.162
15000,0.075,0.768,0.157
15100,0.080,0.765,0.155
15200,0.081,0.767,0.152
15300,0.080,0.780,0.140
15400,0.086,0.782,0.132
15500,0.087,0.778,0.135
15600,0.086,0.778,0.136
15700,0.084,0.781,0.135
15800,0.086,0.764,0.150
15900,0.083,0.766,0.151
16000,0.084,0.772,0.144
16100,0.084,0.772,0.144
16200,0.085,0.780,0.135
16300,0.081,0.781,0.138
16400,0.085,0.778,0.137
16500,0.086,0.782,0.132
16600,0.080,0.781,0.139
16700,0.076,0.768,0.156
16800,0.075,0.776,0.149
16900,0.075,0.778,0.147
17000,0.076,0.776,0.148
17100,0.081,0.767,0.152
17200,0.083,0.753,0.164
17300,0.078,0.760,0.162
17400,0.078,0.764,0.158
17500,0.078,0.758,0.164
17600,0.080,0.757,0.163
17700,0.080,0.748,0.173
17800,0.087,0.756,0.157
17900,0.077,0.748,0.176
18000,0.078,0.753,0.170
18100,0.074,0.743,0.184
18200,0.076,0.744,0.181
18300,0.078,0.741,0.182
18400,0.070,0.747,0.183
18500,0.076,0.754,0.171
18600,0.081,0.759,0.160
18700,0.081,0.759,0.160
18800,0.074,0.767,0.159
18900,0.077,0.747,0.177
19000,0.079,0.747,0.175
19100,0.072,0.742,0.187
19200,0.070,0.749,0.181
19300,0.068,0.747,0.185
19400,0.072,0.739,0.190
19500,0.072,0.749,0.180
19600,0.072,0.742,0.187
19700,0.077,0.744,0.180
19800,0.067,0.739,0.194
19900,0.074,0.740,0.187
20000,0.077,0.749,0.175
20100,0.080,0.752,0.169
20200,0.082,0.751,0.168
20300,0.082,0.748,0.171
20400,0.084,0.749,0.168
20500,0.091,0.748,0.161
20600,0.085,0.749,0.166
20700,0.085,0.749,0.166
20800,0.085,0.748,0.168
20900,0.084,0.758,0.158
21000,0.077,0.753,0.171
21100,0.084,0.751,0.165
21200,0.085,0.756,0.159
21300,0.082,0.767,0.151
21400,0.079,0.762,0.159
21500,0.081,0.768,0.151
21600,0.086,0.746,0.169
21700,0.084,0.756,0.160
21800,0.090,0.762,0.148
21900,0.087,0.759,0.154
22000,0.083,0.758,0.159
22100,0.079,0.773,0.148
22200,0.078,0.766,0.156
22300,0.074,0.767,0.159
22400,0.075,0.778,0.147
22500,0.078,0.776,0.146
22600,0.075,0.781,0.144
22700,0.076,0.778,0.146
22800,0.073,0.778,0.149
22900,0.076,0.782,0.142
23000,0.072,0.783,0.145
23100,0.072,0.785,0.143
23200,0.068,0.779,0.152
23300,0.066,0.775,0.158
23400,0.066,0.775,0.158
23500,0.070,0.776,0.153
23600,0.067,0.771,0.161
23700,0.060,0.772,0.168
23800,0.060,0.773,0.166
23900,0.060,0.763,0.177
24000,0.061,0.778,0.160
24100,0.058,0.771,0.171
24200,0.060,0.773,0.166
24300,0.063,0.770,0.166
24400,0.066,0.760,0.174
24500,0.065,0.763,0.172
24600,0.068,0.752,0.180
24700,0.073,0.760,0.168
24800,0.062,0.763,0.175
24900,0.065,0.764,0.171
25000,0.063,0.774,0.162
25100,0.063,0.776,0.160
25200,0.058,0.779,0.162
25300,0.064,0.761,0.175
25400,0.067,0.763,0.170
25500,0.066,0.770,0.163
25600,0.064,0.760,0.176
25700,0.061,0.761,0.178
25800,0.059,0.768,0.173
25900,0.060,0.763,0.177
26000,0.061,0.761,0.178
26100,0.067,0.772,0.160
26200,0.072,0.766,0.162
26300,0.070,0.760,0.170
26400,0.066,0.748,0.186
26500,0.064,0.752,0.184
26600,0.060,0.760,0.180
26700,0.056,0.769,0.175
26800,0.055,0.788,0.157
26900,0.056,0.794,0.150
27000,0.055,0.800,0.145
27100,0.053,0.808,0.139
27200,0.054,0.788,0.158
27300,0.056,0.787,0.157
27400,0.057,0.794,0.149
27500,0.058,0.791,0.151
27600,0.056,0.794,0.150
27700,0.063,0.793,0.144
27800,0.062,0.787,0.151
27900,0.053,0.796,0.151
28000,0.052,0.798,0.150
28100,0.054,0.801,0.145
28200,0.054,0.808,0.138
28300,0.059,0.807,0.134
28400,0.060,0.808,0.132
28500,0.063,0.812,0.125
28600,0.063,0.809,0.128
28700,0.057,0.810,0.133
28800,0.058,0.803,0.139
28900,0.052,0.800,0.148
29000,0.050,0.792,0.158
29100,0.051,0.787,0.162
29200,0.055,0.780,0.164
29300,0.059,0.785,0.155
29400,0.055,0.788,0.157
29500,0.053,0.796,0.151
29600,0.053,0.777,0.170
29700,0.052,0.791,0.157
29800,0.049,0.792,0.159
29900,0.056,0.795,0.149
30000,0.056,0.808,0.136
30100,0.055,0.815,0.130
30200,0.056,0.810,0.134
30300,0.057,0.815,0.128
30400,0.055,0.795,0.150
30500,0.063,0.791,0.146
30600,0.063,0.787,0.150
30700,0.063,0.784,0.152
30800,0.060,0.792,0.148
30900,0.060,0.783,0.156
31000,0.057,0.768,0.175
31100,0.054,0.771,0.175
31200,0.055,0.778,0.166
31300,0.060,0.782,0.157
31400,0.065,0.781,0.153
31500,0.075,0.777,0.148
31600,0.077,0.777,0.146
31700,0.078,0.781,0.141
31800,0.076,0.745,0.180
31900,0.077,0.744,0.180
32000,0.074,0.741,0.186
32100,0.074,0.742,0.185
32200,0.074,0.742,0.185
32300,0.075,0.729,0.196
32400,0.073,0.731,0.196
32500,0.069,0.740,0.191
32600,0.069,0.737,0.193
32700,0.070,0.736,0.193
32800,0.073,0.750,0.178
32900,0.073,0.743,0.185
33000,0.076,0.747,0.178
33100,0.074,0.747,0.180
33200,0.068,0.754,0.178
33300,0.067,0.764,0.169
33400,0.068,0.767,0.164
33500,0.069,0.770,0.160
33600,0.073,0.764,0.163
33700,0.066,0.767,0.166
33800,0.061,0.744,0.195
33900,0.061,0.751,0.188
34000,0.055,0.767,0.178
34100,0.056,0.760,0.184
34200,0.056,0.764,0.180
34300,0.056,0.769,0.175
34400,0.065,0.772,0.162
34500,0.070,0.759,0.171
34600,0.056,0.761,0.183
34700,0.055,0.770,0.175
34800,0.054,0.758,0.188
34900,0.060,0.744,0.196
35000,0.065,0.744,0.191
35100,0.062,0.740,0.198
35200,0.061,0.750,0.189
35300,0.059,0.749,0.192
35400,0.059,0.755,0.186
35500,0.058,0.753,0.189
35600,0.060,0.759,0.181
35700,0.067,0.761,0.172
35800,0.067,0.766,0.166
35900,0.064,0.765,0.171
36000,0.063,0.764,0.173
36100,0.064,0.774,0.161
36200,0.060,0.780,0.159
36300,0.059,0.782,0.158
36400,0.061,0.788,0.151
36500,0.055,0.779,0.165
36600,0.058,0.783,0.158
36700,0.054,0.776,0.170
36800,0.054,0.780,0.165
36900,0.056,0.784,0.159
37000,0.064,0.784,0.151
37100,0.060,0.783,0.156
37200,0.064,0.789,0.147
37300,0.064,0.773,0.162
37400,0.065,0.775,0.159
37500,0.066,0.774,0.159
37600,0.074,0.770,0.156
37700,0.066,0.770,0.163
37800,0.075,0.769,0.156
37900,0.076,0.766,0.158
38000,0.076,0.772,0.152
38100,0.067,0.776,0.156
38200,0.073,0.773,0.154
38300,0.073,0.770,0.157
38400,0.066,0.771,0.162
38500,0.058,0.783,0.158
38600,0.057,0.798,0.145
38700,0.057,0.790,0.153
38800,0.055,0.791,0.154
38900,0.057,0.794,0.149
39000,0.056,0.790,0.154
39100,0.056,0.789,0.155
39200,0.057,0.799,0.144
39300,0.058,0.802,0.140
39400,0.061,0.799,0.140
39500,0.064,0.797,0.139
39600,0.064,0.805,0.131
39700,0.066,0.811,0.123
39800,0.072,0.812,0.116
39900,0.066,0.803,0.131
40000,0.059,0.804,0.137
40100,0.060,0.815,0.125
40200,0.053,0.810,0.137
40300,0.054,0.813,0.133
40400,0.050,0.813,0.137
40500,0.052,0.827,0.121
40600,0.051,0.816,0.133
40700,0.054,0.818,0.128
40800,0.052,0.818,0.130
40900,0.051,0.821,0.128
41000,0.056,0.824,0.120
41100,0.056,0.807,0.137
41200,0.064,0.810,0.126
41300,0.067,0.804,0.129
41400,0.068,0.808,0.124
41500,0.068,0.807,0.125
41600,0.067,0.800,0.133
41700,0.064,0.809,0.127
41800,0.067,0.795,0.138
41900,0.069,0.785,0.145
42000,0.069,0.785,0.145
42100,0.072,0.783,0.145
42200,0.074,0.775,0.151
42300,0.069,0.761,0.170
42400,0.062,0.773,0.164
42500,0.063,0.775,0.161
42600,0.060,0.781,0.158
42700,0.061,0.785,0.153
42800,0.056,0.788,0.156
42900,0.058,0.782,0.159
43000,0.060,0.784,0.155
43100,0.058,0.777,0.164
43200,0.057,0.773,0.170
43300,0.056,0.776,0.168
43400,0.053,0.772,0.175
43500,0.055,0.781,0.163
43600,0.053,0.775,0.172
43700,0.056,0.790,0.154
43800,0.057,0.780,0.162
43900,0.055,0.773,0.172
44000,0.053,0.778,0.169
44100,0.060,0.780,0.159
44200,0.060,0.773,0.166
44300,0.062,0.771,0.166
44400,0.066,0.772,0.161
44500,0.062,0.778,0.159
44600,0.061,0.794,0.145
44700,0.057,0.793,0.150
44800,0.060,0.784,0.155
44900,0.062,0.776,0.161
45000,0.064,0.787,0.149
45100,0.064,0.785,0.150
45200,0.064,0.785,0.150
45300,0.063,0.777,0.159
45400,0.068,0.779,0.152
45500,0.068,0.763,0.169
45600,0.062,0.770,0.168
45700,0.062,0.772,0.165
45800,0.069,0.766,0.164
45900,0.069,0.770,0.160
46000,0.067,0.769,0.163
46100,0.064,0.774,0.161
46200,0.063,0.787,0.150
46300,0.065,0.780,0.154
46400,0.060,0.779,0.160
46500,0.061,0.765,0.174
46600,0.059,0.772,0.169
46700,0.057,0.778,0.164
46800,0.056,0.770,0.174
46900,0.058,0.779,0.162
47000,0.055,0.793,0.152
47100,0.059,0.770,0.171
47200,0.060,0.778,0.161
47300,0.059,0.782,0.158
47400,0.055,0.777,0.168
47500,0.052,0.779,0.169
47600,0.057,0.780,0.162
47700,0.055,0.790,0.155
47800,0.061,0.794,0.145
47900,0.059,0.782,0.158
48000,0.060,0.789,0.151
48100,0.064,0.791,0.145
48200,0.068,0.790,0.142
48300,0.069,0.789,0.142
48400,0.070,0.794,0.136
48500,0.074,0.794,0.133
48600,0.072,0.795,0.134
48700,0.064,0.794,0.142
48800,0.066,0.800,0.134
48900,0.064,0.798,0.138
49000,0.063,0.794,0.143
49100,0.063,0.787,0.150
49200,0.063,0.779,0.157
49300,0.063,0.779,0.157
49400,0.060,0.784,0.155
49500,0.058,0.790,0.152
49600,0.057,0.793,0.150
49700,0.055,0.791,0.154
49800,0.060,0.791,0.149
49900,0.061,0.787,0.152
50000,0.061,0.779,0.159
50100,0.058,0.782,0.159
50200,0.063,0.774,0.162
50300,0.062,0.774,0.163
50400,0.076,0.775,0.149
50500,0.079,0.775,0.146
50600,0.078,0.769,0.153
50700,0.077,0.777,0.146
50800,0.074,0.780,0.146
50900,0.080,0.777,0.143
51000,0.078,0.783,0.139
51100,0.082,0.780,0.138
51200,0.088,0.781,0.131
51300,0.087,0.782,0.131
51400,0.080,0.783,0.137
51500,0.086,0.778,0.136
51600,0.092,0.775,0.133
51700,0.095,0.772,0.133
51800,0.088,0.763,0.149
51900,0.087,0.770,0.143
52000,0.092,0.765,0.143
52100,0.094,0.762,0.144
52200,0.089,0.762,0.149
52300,0.088,0.758,0.154
52400,0.085,0.761,0.154
52500,0.090,0.767,0.143
52600,0.089,0.760,0.151
52700,0.091,0.747,0.162
52800,0.094,0.748,0.158
52900,0.089,0.740,0.172
53000,0.089,0.750,0.161
53100,0.090,0.756,0.154
53200,0.089,0.742,0.170
53300,0.091,0.745,0.164
53400,0.096,0.746,0.158
53500,0.097,0.748,0.155
53600,0.098,0.747,0.155
53700,0.096,0.749,0.155
53800,0.099,0.743,0.158
53900,0.098,0.737,0.164
54000,0.104,0.740,0.156
54100,0.101,0.732,0.166
54200,0.107,0.740,0.153
54300,0.116,0.734,0.149
54400,0.116,0.730,0.153
54500,0.112,0.731,0.156
54600,0.117,0.730,0.152
54700,0.116,0.725,0.158
54800,0.114,0.731,0.154
54900,0.105,0.727,0.168
55000,0.101,0.732,0.166
55100,0.101,0.726,0.173
55200,0.107,0.725,0.168
55300,0.106,0.737,0.156
55400,0.102,0.739,0.159
55500,0.100,0.734,0.165
55600,0.101,0.731,0.168
55700,0.095,0.730,0.175
55800,0.101,0.733,0.165
55900,0.105,0.732,0.162
56000,0.104,0.736,0.159
56100,0.104,0.723,0.173
56200,0.108,0.717,0.175
56300,0.101,0.715,0.184
56400,0.100,0.719,0.181
56500,0.077,0.722,0.201
56600,0.084,0.727,0.189
56700,0.082,0.737,0.181
56800,0.088,0.715,0.197
56900,0.086,0.717,0.197
57000,0.081,0.727,0.192
57100,0.083,0.711,0.206
57200,0.093,0.710,0.197
57300,0.081,0.708,0.211
57400,0.082,0.716,0.202
57500,0.076,0.717,0.207
57600,0.078,0.695,0.228
57700,0.073,0.702,0.226
57800,0.078,0.710,0.212
57900,0.084,0.714,0.202
58000,0.090,0.723,0.187
58100,0.086,0.726,0.188
58200,0.086,0.718,0.196
58300,0.082,0.719,0.199
58400,0.088,0.713,0.199
58500,0.091,0.705,0.204
58600,0.089,0.708,0.203
58700,0.085,0.704,0.211
58800,0.082,0.706,0.212
58900,0.088,0.709,0.203
59000,0.088,0.712,0.200
59100,0.084,0.702,0.215
59200,0.083,0.719,0.198
59300,0.085,0.721,0.194
59400,0.085,0.725,0.190
59500,0.082,0.718,0.200
59600,0.084,0.700,0.217
59700,0.092,0.705,0.203
59800,0.088,0.706,0.206
59900,0.093,0.711,0.196
60000,0.094,0.711,0.195
60100,0.094,0.717,0.189
60200,0.094,0.712,0.194
60300,0.096,0.711,0.193
60400,0.094,0.700,0.206
60500,0.097,0.700,0.203
60600,0.092,0.704,0.204
60700,0.102,0.713,0.185
60800,0.098,0.714,0.188
60900,0.097,0.720,0.183
61000,0.097,0.719,0.184
61100,0.091,0.705,0.204
61200,0.097,0.708,0.195
61300,0.094,0.715,0.191
61400,0.088,0.717,0.195
61500,0.087,0.705,0.208
61600,0.088,0.699,0.213
61700,0.097,0.702,0.201
61800,0.103,0.700,0.197
61900,0.099,0.702,0.199
62000,0.098,0.703,0.199
62100,0.093,0.699,0.208
62200,0.097,0.703,0.200
62300,0.100,0.703,0.197
62400,0.096,0.702,0.202
62500,0.091,0.697,0.212
62600,0.094,0.703,0.203
62700,0.094,0.694,0.212
62800,0.090,0.688,0.222
62900,0.092,0.695,0.213
63000,0.093,0.704,0.203
63100,0.089,0.703,0.208
63200,0.089,0.707,0.204
63300,0.082,0.700,0.219
63400,0.085,0.695,0.221
63500,0.087,0.698,0.216
63600,0.094,0.697,0.209
63700,0.104,0.693,0.203
63800,0.098,0.679,0.223
63900,0.104,0.683,0.212
64000,0.096,0.684,0.220
64100,0.105,0.693,0.202
64200,0.106,0.705,0.189
64300,0.106,0.706,0.188
64400,0.097,0.720,0.183
64500,0.101,0.713,0.186
64600,0.093,0.711,0.196
64700,0.091,0.711,0.198
64800,0.096,0.707,0.197
64900,0.101,0.699,0.200
65000,0.102,0.699,0.199
65100,0.108,0.697,0.195
65200,0.113,0.694,0.193
65300,0.111,0.697,0.192
65400,0.111,0.692,0.197
65500,0.111,0.698,0.191
65600,0.113,0.696,0.191
65700,0.105,0.702,0.193
65800,0.104,0.689,0.206
65900,0.101,0.700,0.199
66000,0.105,0.699,0.196
66100,0.103,0.707,0.190
66200,0.105,0.699,0.196
66300,0.102,0.700,0.198
66400,0.109,0.678,0.212
66500,0.117,0.695,0.188
66600,0.117,0.701,0.182
66700,0.116,0.699,0.185
66800,0.114,0.700,0.186
66900,0.120,0.680,0.200
67000,0.121,0.692,0.188
67100,0.115,0.695,0.190
67200,0.112,0.697,0.191
67300,0.120,0.694,0.187
67400,0.120,0.686,0.194
67500,0.120,0.678,0.202
67600,0.130,0.682,0.188
67700,0.129,0.666,0.205
67800,0.126,0.667,0.207
67900,0.123,0.678,0.199
68000,0.120,0.675,0.205
68100,0.123,0.672,0.205
68200,0.120,0.673,0.207
68300,0.124,0.668,0.208
68400,0.124,0.641,0.235
68500,0.123,0.649,0.229
68600,0.127,0.645,0.229
68700,0.141,0.655,0.204
68800,0.129,0.659,0.212
68900,0.121,0.658,0.222
69000,0.126,0.661,0.213
69100,0.125,0.663,0.212
69200,0.120,0.669,0.211
69300,0.114,0.676,0.209
69400,0.126,0.665,0.209
69500,0.129,0.655,0.217
69600,0.133,0.650,0.218
69700,0.136,0.662,0.202
69800,0.128,0.662,0.210
69900,0.124,0.665,0.211
70000,0.124,0.672,0.204
70100,0.123,0.662,0.216
70200,0.127,0.660,0.213
70300,0.134,0.658,0.208
70400,0.132,0.662,0.206
70500,0.131,0.665,0.204
70600,0.126,0.655,0.220
70700,0.128,0.653,0.220
70800,0.124,0.645,0.232
70900,0.120,0.634,0.246
71000,0.126,0.631,0.243
71100,0.125,0.609,0.267
71200,0.121,0.615,0.265
71300,0.113,0.625,0.261
71400,0.111,0.631,0.257
71500,0.113,0.634,0.252
71600,0.113,0.648,0.239
71700,0.116,0.649,0.235
71800,0.122,0.654,0.225
71900,0.120,0.653,0.228
72000,0.114,0.661,0.225
72100,0.120,0.666,0.215
72200,0.122,0.666,0.212
72300,0.129,0.664,0.207
72400,0.125,0.663,0.212
72500,0.138,0.670,0.192
72600,0.139,0.663,0.198
72700,0.145,0.661,0.194
72800,0.134,0.654,0.212
72900,0.136,0.659,0.205
73000,0.133,0.658,0.209
73100,0.140,0.662,0.198
73200,0.138,0.666,0.196
73300,0.137,0.656,0.207
73400,0.146,0.640,0.213
73500,0.146,0.630,0.224
73600,0.147,0.626,0.227
73700,0.148,0.618,0.234
73800,0.143,0.625,0.232
73900,0.144,0.620,0.236
74000,0.153,0.610,0.237
74100,0.164,0.610,0.226
74200,0.173,0.606,0.222
74300,0.162,0.596,0.242
74400,0.166,0.612,0.222
74500,0.170,0.611,0.220
74600,0.173,0.604,0.224
74700,0.171,0.602,0.228
74800,0.162,0.603,0.235
74900,0.163,0.600,0.237
75000,0.169,0.592,0.239
75100,0.173,0.592,0.235
75200,0.178,0.580,0.242
75300,0.181,0.576,0.243
75400,0.185,0.587,0.228
75500,0.189,0.586,0.225
75600,0.187,0.575,0.238
75700,0.190,0.566,0.244
75800,0.188,0.567,0.245
75900,0.186,0.555,0.259
76000,0.189,0.547,0.264
76100,0.208,0.543,0.248
76200,0.216,0.531,0.253
76300,0.216,0.538,0.246
76400,0.218,0.533,0.249
76500,0.221,0.528,0.251
76600,0.226,0.522,0.252
76700,0.217,0.514,0.270
76800,0.220,0.504,0.277
76900,0.222,0.510,0.269
77000,0.228,0.510,0.263
77100,0.225,0.517,0.258
77200,0.220,0.496,0.284
77300,0.226,0.505,0.270
77400,0.226,0.502,0.273
77500,0.225,0.509,0.267
77600,0.217,0.519,0.265
77700,0.216,0.509,0.276
77800,0.232,0.503,0.266
77900,0.232,0.501,0.268
78000,0.231,0.507,0.263
78100,0.239,0.505,0.256
78200,0.243,0.510,0.247
78300,0.245,0.501,0.254
78400,0.251,0.499,0.249
78500,0.247,0.498,0.254
78600,0.250,0.479,0.271
78700,0.261,0.481,0.257
78800,0.267,0.480,0.253
78900,0.265,0.483,0.252
79000,0.268,0.489,0.243
79100,0.260,0.487,0.252
79200,0.264,0.483,0.253
79300,0.267,0.484,0.249
79400,0.266,0.491,0.243
79500,0.261,0.487,0.251
79600,0.256,0.484,0.259
79700,0.259,0.481,0.259
79800,0.256,0.476,0.268
79900,0.256,0.464,0.280
80000,0.269,0.469,0.263
80100,0.271,0.460,0.270
80200,0.276,0.458,0.267
80300,0.277,0.463,0.260
80400,0.277,0.455,0.269
80500,0.284,0.465,0.251
80600,0.291,0.466,0.243
80700,0.288,0.464,0.248
80800,0.285,0.459,0.256
80900,0.294,0.454,0.252
81000,0.286,0.449,0.265
81100,0.291,0.443,0.266
81200,0.300,0.443,0.256
81300,0.305,0.429,0.266
81400,0.303,0.439,0.257
81500,0.305,0.440,0.254
81600,0.309,0.440,0.250
81700,0.301,0.438,0.260
81800,0.311,0.444,0.245
81900,0.301,0.455,0.244
82000,0.290,0.466,0.244
82100,0.295,0.467,0.238
82200,0.288,0.475,0.237
82300,0.292,0.480,0.228
82400,0.292,0.481,0.227
82500,0.292,0.476,0.232
82600,0.289,0.479,0.232
82700,0.305,0.474,0.221
82800,0.309,0.475,0.216
82900,0.314,0.478,0.208
83000,0.313,0.476,0.211
83100,0.315,0.466,0.220
83200,0.306,0.458,0.236
83300,0.315,0.462,0.224
83400,0.315,0.463,0.223
83500,0.317,0.455,0.229
83600,0.320,0.453,0.228
83700,0.320,0.446,0.234
83800,0.326,0.449,0.225
83900,0.331,0.453,0.217
84000,0.332,0.445,0.223
84100,0.328,0.446,0.226
84200,0.329,0.436,0.235
84300,0.337,0.438,0.225
84400,0.331,0.445,0.224
84500,0.330,0.442,0.228
84600,0.336,0.427,0.237
84700,0.339,0.424,0.237
84800,0.338,0.419,0.243
84900,0.348,0.419,0.233
85000,0.345,0.406,0.249
85100,0.347,0.399,0.253
85200,0.353,0.390,0.256
85300,0.355,0.391,0.253
85400,0.361,0.390,0.249
85500,0.362,0.387,0.251
85600,0.363,0.392,0.245
85700,0.367,0.387,0.246
85800,0.353,0.386,0.260
85900,0.359,0.381,0.260
86000,0.363,0.382,0.255
86100,0.359,0.383,0.258
86200,0.367,0.379,0.254
86300,0.368,0.378,0.254
86400,0.371,0.381,0.248
86500,0.373,0.379,0.248
86600,0.376,0.372,0.252
86700,0.382,0.363,0.255
86800,0.381,0.371,0.248
86900,0.384,0.365,0.251
87000,0.396,0.355,0.248
87100,0.381,0.353,0.266
87200,0.391,0.351,0.257
87300,0.399,0.355,0.245
87400,0.394,0.351,0.254
87500,0.390,0.359,0.251
87600,0.383,0.355,0.261
87700,0.379,0.350,0.271
87800,0.375,0.356,0.269
87900,0.382,0.349,0.269
88000,0.385,0.353,0.261
88100,0.395,0.354,0.250
88200,0.393,0.361,0.246
88300,0.395,0.354,0.250
88400,0.403,0.355,0.241
88500,0.403,0.359,0.238
88600,0.403,0.358,0.239
88700,0.412,0.358,0.231
88800,0.423,0.358,0.220
88900,0.426,0.344,0.230
89000,0.420,0.350,0.230
89100,0.415,0.349,0.236
89200,0.406,0.337,0.257
89300,0.397,0.341,0.261
89400,0.406,0.329,0.266
89500,0.400,0.323,0.277
89600,0.407,0.312,0.282
89700,0.407,0.306,0.287
89800,0.375,0.307,0.318
89900,0.377,0.314,0.309
90000,0.379,0.309,0.312
90100,0.385,0.314,0.301
90200,0.393,0.299,0.307
90300,0.401,0.307,0.291
90400,0.406,0.311,0.284
90500,0.406,0.313,0.282
90600,0.403,0.307,0.289
90700,0.413,0.305,0.282
90800,0.408,0.308,0.284
90900,0.417,0.298,0.285
91000,0.423,0.298,0.279
91100,0.432,0.296,0.272
91200,0.437,0.294,0.269
91300,0.448,0.285,0.267
91400,0.450,0.292,0.257
91500,0.457,0.289,0.254
91600,0.467,0.287,0.246
91700,0.480,0.280,0.240
91800,0.481,0.281,0.238
91900,0.492,0.280,0.228
92000,0.498,0.278,0.224
92100,0.501,0.278,0.222
92200,0.490,0.276,0.234
92300,0.495,0.276,0.229
92400,0.501,0.278,0.222
92500,0.503,0.273,0.225
92600,0.515,0.271,0.215
92700,0.518,0.266,0.217
92800,0.519,0.266,0.216
92900,0.521,0.265,0.215
93000,0.522,0.265,0.213
93100,0.533,0.263,0.204
93200,0.535,0.257,0.207
93300,0.525,0.255,0.220
93400,0.517,0.260,0.223
93500,0.517,0.266,0.218
93600,0.503,0.266,0.232
93700,0.498,0.271,0.231
93800,0.504,0.274,0.223
93900,0.501,0.266,0.234
94000,0.512,0.255,0.233
94100,0.525,0.256,0.219
94200,0.539,0.257,0.203
94300,0.530,0.254,0.216
94400,0.538,0.247,0.215
94500,0.545,0.242,0.212
94600,0.547,0.243,0.209
94700,0.553,0.239,0.208
94800,0.561,0.241,0.198
94900,0.565,0.239,0.196
95000,0.555,0.236,0.209
95100,0.553,0.236,0.211
95200,0.549,0.236,0.216
95300,0.554,0.237,0.209
95400,0.544,0.237,0.219
95500,0.550,0.240,0.210
95600,0.561,0.241,0.198
95700,0.554,0.238,0.208
95800,0.553,0.236,0.211
95900,0.554,0.238,0.208
96000,0.554,0.235,0.211
96100,0.557,0.237,0.206
96200,0.562,0.236,0.202
96300,0.558,0.236,0.206
96400,0.556,0.244,0.200
96500,0.559,0.239,0.202
96600,0.564,0.242,0.194
96700,0.560,0.235,0.205
96800,0.552,0.234,0.215
96900,0.565,0.230,0.205
97000,0.567,0.227,0.206
97100,0.571,0.228,0.201
97200,0.570,0.228,0.202
97300,0.574,0.220,0.206
97400,0.587,0.219,0.194
97500,0.588,0.213,0.198
97600,0.592,0.211,0.196
97700,0.574,0.210,0.216
97800,0.587,0.209,0.203
97900,0.597,0.208,0.195
98000,0.601,0.208,0.191
98100,0.598,0.209,0.193
98200,0.600,0.206,0.194
98300,0.599,0.205,0.196
98400,0.604,0.201,0.195
98500,0.615,0.201,0.184
98600,0.616,0.199,0.185
98700,0.623,0.196,0.181
98800,0.627,0.193,0.180
98900,0.627,0.191,0.182
99000,0.626,0.190,0.184
99100,0.627,0.190,0.183
99200,0.637,0.189,0.174
99300,0.631,0.191,0.178
99400,0.630,0.195,0.175
99500,0.634,0.194,0.172
99600,0.637,0.193,0.170
99700,0.638,0.190,0.172
99800,0.642,0.190,0.168
99900,0.651,0.187,0.162
100000,0.651,0.187,0.162
