time,n_A+p,n_B,n_AB
500,0.030,0.351,0.619
1000,0.030,0.365,0.605
1500,0.030,0.340,0.630
2000,0.030,0.398,0.572
2500,0.030,0.315,0.655
3000,0.030,0.268,0.702
3500,0.031,0.207,0.762
4000,0.030,0.227,0.743
4500,0.030,0.423,0.547
5000,0.030,0.491,0.479
5500,0.030,0.227,0.743
6000,0.030,0.195,0.775
6500,0.030,0.260,0.710
7000,0.030,0.265,0.705
7500,0.030,0.382,0.588
8000,0.030,0.360,0.610
8500,0.030,0.396,0.574
9000,0.030,0.280,0.690
9500,0.030,0.304,0.666
10000,0.030,0.490,0.480
10500,0.030,0.417,0.553
11000,0.030,0.255,0.715
11500,0.820,0.000,0.180
12000,1.000,0.000,0.000
