time,n_A+p,n_B,n_AB
500,0.050,0.616,0.334
1000,0.050,0.384,0.566
1500,0.050,0.359,0.591
2000,0.050,0.394,0.556
2500,0.050,0.395,0.555
3000,0.050,0.375,0.575
3500,0.050,0.452,0.498
4000,0.050,0.344,0.606
4500,0.050,0.406,0.544
5000,0.050,0.439,0.511
5500,0.050,0.460,0.490
6000,0.050,0.373,0.577
6500,0.050,0.418,0.532
7000,0.050,0.366,0.584
7500,0.068,0.287,0.645
8000,0.051,0.451,0.498
8500,0.050,0.462,0.488
9000,0.050,0.414,0.536
9500,0.052,0.412,0.536
10000,0.050,0.496,0.454
10500,0.050,0.409,0.541
11000,0.050,0.411,0.539
11500,0.050,0.387,0.563
12000,0.050,0.479,0.471
12500,0.052,0.400,0.548
13000,0.062,0.314,0.624
13500,0.050,0.384,0.566
14000,0.050,0.308,0.642
14500,0.054,0.334,0.612
15000,0.050,0.422,0.528
15500,0.050,0.333,0.617
16000,0.058,0.368,0.574
16500,0.050,0.319,0.631
17000,0.050,0.366,0.584
17500,0.050,0.370,0.580
18000,0.050,0.389,0.561
18500,0.050,0.362,0.588
19000,0.058,0.328,0.614
19500,0.051,0.279,0.670
20000,0.055,0.328,0.617
20500,0.050,0.323,0.627
21000,0.064,0.379,0.557
21500,0.062,0.299,0.639
22000,0.054,0.354,0.592
22500,0.050,0.438,0.512
23000,0.050,0.319,0.631
23500,0.050,0.302,0.648
24000,0.050,0.434,0.516
24500,0.050,0.430,0.520
25000,0.050,0.376,0.574
25500,0.050,0.400,0.550
26000,0.058,0.338,0.604
26500,0.050,0.386,0.564
27000,0.050,0.393,0.557
27500,0.050,0.314,0.636
28000,0.050,0.378,0.572
28500,0.050,0.423,0.527
29000,0.050,0.295,0.655
29500,0.050,0.337,0.613
30000,0.050,0.450,0.500
30500,0.050,0.395,0.555
31000,0.050,0.363,0.587
31500,0.050,0.381,0.569
32000,0.062,0.258,0.680
32500,0.054,0.305,0.641
33000,0.050,0.419,0.531
33500,0.050,0.417,0.533
34000,0.050,0.464,0.486
34500,0.061,0.268,0.671
35000,0.051,0.422,0.527
35500,0.053,0.362,0.585
36000,0.050,0.395,0.555
36500,0.050,0.474,0.476
37000,0.050,0.373,0.577
37500,0.052,0.436,0.512
38000,0.051,0.330,0.619
38500,0.052,0.366,0.582
39000,0.051,0.415,0.534
39500,0.050,0.338,0.612
40000,0.050,0.370,0.580
40500,0.052,0.357,0.591
41000,0.050,0.377,0.573
41500,0.050,0.356,0.594
42000,0.056,0.248,0.696
42500,0.050,0.352,0.598
43000,0.051,0.401,0.548
43500,0.050,0.361,0.589
44000,0.052,0.400,0.548
44500,0.051,0.361,0.588
45000,0.050,0.397,0.553
45500,0.050,0.420,0.530
46000,0.050,0.370,0.580
46500,0.050,0.422,0.528
47000,0.050,0.356,0.594
47500,0.059,0.292,0.649
48000,0.093,0.216,0.691
48500,0.167,0.134,0.699
49000,0.615,0.003,0.382
49500,0.812,0.000,0.188
50000,0.840,0.000,0.160
50500,0.960,0.000,0.040
51000,0.997,0.000,0.003
51500,1.000,0.000,0.000
