time,n_A+p,n_B,n_AB
500,0.050,0.745,0.205
1000,0.050,0.504,0.446
1500,0.050,0.457,0.493
2000,0.050,0.399,0.551
2500,0.050,0.333,0.617
3000,0.051,0.274,0.675
3500,0.050,0.321,0.629
4000,0.050,0.320,0.630
4500,0.050,0.344,0.606
5000,0.059,0.224,0.717
5500,0.061,0.177,0.762
6000,0.099,0.172,0.730
6500,0.164,0.094,0.743
7000,0.192,0.036,0.772
7500,0.400,0.007,0.594
8000,0.632,0.000,0.368
8500,0.684,0.000,0.316
9000,0.762,0.000,0.238
9500,0.814,0.000,0.186
10000,0.764,0.000,0.236
10500,0.746,0.000,0.254
11000,0.806,0.000,0.194
11500,0.832,0.000,0.168
12000,0.809,0.000,0.191
12500,0.826,0.000,0.174
13000,0.810,0.000,0.190
13500,0.870,0.000,0.130
14000,0.864,0.000,0.136
14500,0.893,0.000,0.107
15000,0.890,0.000,0.110
15500,0.790,0.000,0.210
16000,0.843,0.000,0.157
16500,0.837,0.000,0.163
17000,0.866,0.000,0.134
17500,0.831,0.000,0.169
18000,0.871,0.000,0.129
18500,0.772,0.000,0.228
19000,0.816,0.000,0.184
19500,0.844,0.000,0.156
20000,0.806,0.000,0.194
20500,0.772,0.000,0.228
21000,0.777,0.000,0.223
21500,0.832,0.000,0.168
22000,0.844,0.000,0.156
22500,0.812,0.000,0.188
23000,0.790,0.000,0.210
23500,0.818,0.000,0.182
24000,0.856,0.000,0.144
24500,0.922,0.000,0.078
25000,0.927,0.000,0.073
25500,0.972,0.000,0.028
26000,0.988,0.000,0.012
26500,0.979,0.000,0.021
27000,0.991,0.000,0.009
27500,0.990,0.000,0.010
28000,0.997,0.000,0.003
28500,0.999,0.000,0.001
29000,1.000,0.000,0.000
