time,n_A+p,n_B,n_AB
500,0.080,0.642,0.278
1000,0.080,0.533,0.387
1500,0.080,0.446,0.474
2000,0.080,0.398,0.522
2500,0.080,0.484,0.436
3000,0.081,0.434,0.485
3500,0.080,0.440,0.480
4000,0.080,0.397,0.523
4500,0.080,0.364,0.556
5000,0.087,0.409,0.504
5500,0.080,0.410,0.510
6000,0.084,0.484,0.432
6500,0.080,0.497,0.423
7000,0.085,0.373,0.542
7500,0.086,0.432,0.482
8000,0.082,0.473,0.445
8500,0.080,0.510,0.410
9000,0.080,0.431,0.489
9500,0.088,0.400,0.512
10000,0.084,0.417,0.499
10500,0.094,0.390,0.516
11000,0.095,0.314,0.591
11500,0.084,0.394,0.522
12000,0.080,0.426,0.494
12500,0.080,0.446,0.474
13000,0.081,0.362,0.557
13500,0.080,0.343,0.577
14000,0.095,0.322,0.583
14500,0.112,0.247,0.641
15000,0.124,0.231,0.645
15500,0.133,0.174,0.693
16000,0.232,0.121,0.647
16500,0.702,0.011,0.287
17000,0.961,0.000,0.039
17500,0.995,0.000,0.005
18000,1.000,0.000,0.000
