time,n_A+p,n_B,n_AB
500,0.080,0.640,0.280
1000,0.084,0.420,0.496
1500,0.084,0.453,0.463
2000,0.080,0.375,0.545
2500,0.091,0.372,0.537
3000,0.091,0.377,0.532
3500,0.081,0.408,0.511
4000,0.089,0.325,0.586
4500,0.084,0.444,0.472
5000,0.080,0.458,0.462
5500,0.085,0.407,0.508
6000,0.082,0.388,0.530
6500,0.080,0.411,0.509
7000,0.085,0.343,0.572
7500,0.101,0.256,0.643
8000,0.089,0.353,0.558
8500,0.087,0.424,0.489
9000,0.080,0.372,0.548
9500,0.080,0.423,0.497
10000,0.083,0.372,0.545
10500,0.080,0.411,0.509
11000,0.080,0.352,0.568
11500,0.094,0.348,0.558
12000,0.097,0.321,0.582
12500,0.081,0.347,0.572
13000,0.111,0.254,0.635
13500,0.130,0.257,0.613
14000,0.223,0.104,0.673
14500,0.716,0.003,0.281
15000,0.901,0.000,0.099
15500,0.941,0.000,0.059
16000,0.978,0.000,0.022
16500,0.998,0.000,0.002
17000,1.000,0.000,0.000
