time,n_A+p,n_B,n_AB
500,0.050,0.763,0.187
1000,0.050,0.586,0.364
1500,0.052,0.465,0.483
2000,0.050,0.409,0.540
2500,0.054,0.379,0.567
3000,0.056,0.296,0.648
3500,0.053,0.283,0.663
4000,0.060,0.285,0.655
4500,0.062,0.246,0.691
5000,0.052,0.357,0.590
5500,0.059,0.284,0.657
6000,0.055,0.334,0.611
6500,0.051,0.350,0.599
7000,0.050,0.281,0.669
7500,0.057,0.311,0.632
8000,0.052,0.305,0.642
8500,0.051,0.334,0.616
9000,0.053,0.315,0.632
9500,0.055,0.295,0.650
10000,0.051,0.341,0.609
10500,0.050,0.303,0.647
11000,0.055,0.325,0.620
11500,0.051,0.344,0.605
12000,0.053,0.337,0.610
12500,0.057,0.253,0.690
13000,0.051,0.300,0.648
13500,0.050,0.326,0.624
14000,0.057,0.281,0.662
14500,0.051,0.311,0.637
15000,0.053,0.284,0.663
15500,0.059,0.302,0.639
16000,0.056,0.340,0.605
16500,0.051,0.328,0.621
17000,0.065,0.307,0.628
17500,0.052,0.337,0.611
18000,0.057,0.302,0.641
18500,0.052,0.331,0.617
19000,0.050,0.342,0.608
19500,0.050,0.379,0.571
20000,0.055,0.302,0.642
20500,0.057,0.320,0.624
21000,0.054,0.317,0.629
21500,0.059,0.306,0.635
22000,0.054,0.262,0.684
22500,0.051,0.344,0.605
23000,0.053,0.274,0.673
23500,0.059,0.234,0.708
24000,0.086,0.214,0.700
24500,0.085,0.173,0.742
25000,0.092,0.187,0.720
25500,0.099,0.127,0.774
26000,0.172,0.092,0.736
26500,0.323,0.024,0.654
27000,0.493,0.004,0.503
27500,0.627,0.000,0.373
28000,0.743,0.000,0.257
28500,0.787,0.000,0.213
29000,0.833,0.000,0.167
29500,0.884,0.000,0.116
30000,0.903,0.000,0.097
30500,0.900,0.000,0.100
31000,0.931,0.000,0.069
31500,0.924,0.000,0.076
32000,0.878,0.000,0.122
32500,0.905,0.000,0.095
33000,0.895,0.000,0.105
33500,0.878,0.000,0.122
34000,0.892,0.000,0.108
34500,0.878,0.000,0.122
35000,0.916,0.000,0.084
35500,0.958,0.000,0.042
36000,0.959,0.000,0.041
36500,0.970,0.000,0.030
37000,0.980,0.000,0.020
37500,0.994,0.000,0.006
38000,0.998,0.000,0.002
38500,0.998,0.000,0.002
39000,1.000,0.000,0.000
39500,1.000,0.000,0.000
