time,n_A+p,n_B,n_AB
1000,0.030,0.809,0.161
2000,0.036,0.668,0.296
3000,0.031,0.603,0.366
4000,0.044,0.539,0.417
5000,0.044,0.529,0.427
6000,0.045,0.505,0.450
7000,0.045,0.464,0.491
8000,0.059,0.402,0.539
9000,0.061,0.351,0.588
10000,0.100,0.301,0.599
11000,0.086,0.330,0.584
12000,0.087,0.319,0.594
13000,0.098,0.297,0.605
14000,0.103,0.297,0.600
15000,0.130,0.269,0.601
16000,0.128,0.253,0.619
17000,0.159,0.182,0.659
18000,0.189,0.144,0.667
19000,0.278,0.116,0.606
20000,0.292,0.130,0.578
21000,0.313,0.064,0.623
22000,0.379,0.053,0.568
23000,0.338,0.064,0.598
24000,0.354,0.047,0.599
25000,0.346,0.059,0.595
26000,0.388,0.033,0.579
27000,0.376,0.040,0.584
28000,0.355,0.043,0.602
29000,0.381,0.057,0.562
30000,0.419,0.031,0.550
31000,0.487,0.011,0.502
32000,0.548,0.010,0.442
33000,0.538,0.012,0.450
34000,0.536,0.022,0.442
35000,0.559,0.011,0.430
36000,0.594,0.006,0.400
37000,0.597,0.006,0.397
38000,0.711,0.003,0.286
39000,0.705,0.000,0.295
40000,0.621,0.006,0.373
41000,0.637,0.001,0.362
42000,0.620,0.001,0.379
43000,0.589,0.004,0.407
44000,0.630,0.001,0.369
45000,0.650,0.006,0.344
46000,0.610,0.008,0.382
47000,0.618,0.006,0.376
48000,0.661,0.008,0.331
49000,0.648,0.000,0.352
50000,0.659,0.002,0.339
51000,0.631,0.001,0.368
52000,0.622,0.001,0.377
53000,0.626,0.012,0.362
54000,0.570,0.011,0.419
55000,0.566,0.017,0.417
56000,0.565,0.013,0.422
57000,0.579,0.010,0.411
58000,0.616,0.009,0.375
59000,0.583,0.013,0.404
60000,0.578,0.021,0.401
61000,0.604,0.005,0.391
62000,0.622,0.004,0.374
63000,0.605,0.008,0.387
64000,0.588,0.007,0.405
65000,0.654,0.006,0.340
66000,0.610,0.004,0.386
67000,0.637,0.006,0.357
68000,0.668,0.001,0.331
69000,0.672,0.000,0.328
70000,0.741,0.000,0.259
71000,0.715,0.000,0.285
72000,0.653,0.000,0.347
73000,0.674,0.000,0.326
74000,0.700,0.000,0.300
75000,0.708,0.000,0.292
76000,0.687,0.000,0.313
77000,0.693,0.004,0.303
78000,0.662,0.005,0.333
79000,0.622,0.005,0.373
80000,0.644,0.006,0.350
81000,0.673,0.000,0.327
82000,0.648,0.003,0.349
83000,0.608,0.003,0.389
84000,0.589,0.002,0.409
85000,0.629,0.000,0.371
86000,0.629,0.009,0.362
87000,0.622,0.000,0.378
88000,0.567,0.007,0.426
89000,0.601,0.006,0.393
90000,0.629,0.005,0.366
91000,0.682,0.003,0.315
92000,0.619,0.007,0.374
93000,0.565,0.009,0.426
94000,0.577,0.014,0.409
95000,0.558,0.008,0.434
96000,0.557,0.014,0.429
97000,0.554,0.008,0.438
98000,0.530,0.007,0.463
99000,0.556,0.010,0.434
100000,0.574,0.011,0.415
101000,0.614,0.004,0.382
102000,0.606,0.016,0.378
103000,0.577,0.010,0.413
104000,0.568,0.006,0.426
105000,0.595,0.006,0.399
106000,0.627,0.018,0.355
107000,0.599,0.007,0.394
108000,0.588,0.004,0.408
109000,0.622,0.005,0.373
110000,0.599,0.004,0.397
111000,0.619,0.004,0.377
112000,0.638,0.003,0.359
113000,0.616,0.003,0.381
114000,0.615,0.004,0.381
115000,0.626,0.002,0.372
116000,0.601,0.011,0.388
117000,0.564,0.009,0.427
118000,0.584,0.008,0.408
119000,0.585,0.010,0.405
120000,0.580,0.009,0.411
121000,0.568,0.001,0.431
122000,0.559,0.006,0.435
123000,0.535,0.009,0.456
124000,0.541,0.015,0.444
125000,0.565,0.017,0.418
126000,0.524,0.021,0.455
127000,0.571,0.008,0.421
128000,0.577,0.009,0.414
129000,0.581,0.008,0.411
130000,0.611,0.006,0.383
131000,0.654,0.006,0.340
132000,0.641,0.003,0.356
133000,0.661,0.001,0.338
134000,0.648,0.004,0.348
135000,0.581,0.015,0.404
136000,0.616,0.004,0.380
137000,0.641,0.002,0.357
138000,0.674,0.001,0.325
139000,0.639,0.000,0.361
140000,0.653,0.002,0.345
141000,0.641,0.004,0.355
142000,0.639,0.003,0.358
143000,0.616,0.004,0.380
144000,0.619,0.006,0.375
145000,0.554,0.013,0.433
146000,0.554,0.008,0.438
147000,0.573,0.016,0.411
148000,0.541,0.010,0.449
149000,0.539,0.013,0.448
150000,0.524,0.009,0.467
151000,0.580,0.012,0.408
152000,0.610,0.009,0.381
153000,0.586,0.010,0.404
154000,0.579,0.019,0.402
155000,0.532,0.018,0.450
156000,0.539,0.015,0.446
157000,0.580,0.005,0.415
158000,0.597,0.002,0.401
159000,0.661,0.000,0.339
160000,0.641,0.004,0.355
161000,0.626,0.006,0.368
162000,0.601,0.003,0.396
163000,0.619,0.001,0.380
164000,0.620,0.003,0.377
165000,0.613,0.001,0.386
166000,0.632,0.009,0.359
167000,0.594,0.006,0.400
168000,0.637,0.001,0.362
169000,0.615,0.005,0.380
170000,0.542,0.011,0.447
171000,0.554,0.022,0.424
172000,0.534,0.014,0.452
173000,0.539,0.009,0.452
174000,0.520,0.020,0.460
175000,0.556,0.005,0.439
176000,0.578,0.008,0.414
177000,0.569,0.010,0.421
178000,0.557,0.006,0.437
179000,0.547,0.004,0.449
180000,0.538,0.012,0.450
181000,0.583,0.013,0.404
182000,0.600,0.003,0.397
183000,0.575,0.005,0.420
184000,0.578,0.003,0.419
185000,0.617,0.002,0.381
186000,0.605,0.003,0.392
187000,0.648,0.002,0.350
188000,0.615,0.000,0.385
189000,0.584,0.007,0.409
190000,0.554,0.001,0.445
191000,0.593,0.004,0.403
192000,0.561,0.012,0.427
193000,0.615,0.008,0.377
194000,0.613,0.004,0.383
195000,0.649,0.005,0.346
196000,0.626,0.003,0.371
197000,0.640,0.013,0.347
198000,0.667,0.003,0.330
199000,0.644,0.001,0.355
200000,0.643,0.000,0.357
201000,0.664,0.000,0.336
202000,0.665,0.000,0.335
203000,0.679,0.001,0.320
204000,0.631,0.003,0.366
205000,0.590,0.009,0.401
206000,0.524,0.019,0.457
207000,0.518,0.011,0.471
208000,0.539,0.020,0.441
209000,0.535,0.015,0.450
210000,0.530,0.014,0.456
211000,0.560,0.023,0.417
212000,0.623,0.009,0.368
213000,0.618,0.005,0.377
214000,0.676,0.002,0.322
215000,0.644,0.003,0.353
216000,0.688,0.006,0.306
217000,0.653,0.001,0.346
218000,0.638,0.000,0.362
219000,0.658,0.002,0.340
220000,0.695,0.002,0.303
221000,0.589,0.011,0.400
222000,0.609,0.006,0.385
223000,0.609,0.004,0.387
224000,0.577,0.012,0.411
225000,0.558,0.017,0.425
226000,0.587,0.017,0.396
227000,0.622,0.002,0.376
228000,0.614,0.004,0.382
229000,0.610,0.006,0.384
230000,0.591,0.004,0.405
231000,0.625,0.007,0.368
232000,0.653,0.009,0.338
233000,0.647,0.001,0.352
234000,0.632,0.004,0.364
235000,0.595,0.012,0.393
236000,0.615,0.006,0.379
237000,0.596,0.010,0.394
238000,0.588,0.012,0.400
239000,0.632,0.009,0.359
240000,0.618,0.005,0.377
241000,0.583,0.004,0.413
242000,0.566,0.007,0.427
243000,0.565,0.010,0.425
244000,0.605,0.004,0.391
245000,0.606,0.011,0.383
246000,0.576,0.011,0.413
247000,0.611,0.008,0.381
248000,0.573,0.012,0.415
249000,0.591,0.004,0.405
250000,0.580,0.005,0.415
251000,0.626,0.000,0.374
252000,0.588,0.000,0.412
253000,0.618,0.002,0.380
254000,0.611,0.000,0.389
255000,0.618,0.011,0.371
256000,0.623,0.012,0.365
257000,0.596,0.005,0.399
258000,0.654,0.003,0.343
259000,0.623,0.005,0.372
260000,0.628,0.005,0.367
261000,0.620,0.006,0.374
262000,0.653,0.000,0.347
263000,0.646,0.000,0.354
264000,0.605,0.009,0.386
265000,0.647,0.005,0.348
266000,0.681,0.000,0.319
267000,0.704,0.002,0.294
268000,0.669,0.002,0.329
269000,0.638,0.001,0.361
270000,0.625,0.006,0.369
271000,0.622,0.005,0.373
272000,0.663,0.003,0.334
273000,0.652,0.000,0.348
274000,0.590,0.006,0.404
275000,0.567,0.014,0.419
276000,0.526,0.004,0.470
277000,0.563,0.008,0.429
278000,0.558,0.002,0.440
279000,0.602,0.005,0.393
280000,0.606,0.002,0.392
281000,0.589,0.001,0.410
282000,0.518,0.004,0.478
283000,0.570,0.011,0.419
284000,0.539,0.018,0.443
285000,0.590,0.013,0.397
286000,0.623,0.005,0.372
287000,0.651,0.002,0.347
288000,0.664,0.002,0.334
289000,0.686,0.002,0.312
290000,0.674,0.002,0.324
291000,0.598,0.002,0.400
292000,0.654,0.010,0.336
293000,0.649,0.005,0.346
294000,0.593,0.006,0.401
295000,0.567,0.003,0.430
296000,0.582,0.007,0.411
297000,0.575,0.007,0.418
298000,0.576,0.013,0.411
299000,0.573,0.010,0.417
300000,0.637,0.011,0.352
301000,0.554,0.012,0.434
302000,0.561,0.008,0.431
303000,0.603,0.004,0.393
304000,0.603,0.008,0.389
305000,0.658,0.010,0.332
306000,0.705,0.002,0.293
307000,0.720,0.000,0.280
308000,0.685,0.000,0.315
309000,0.652,0.002,0.346
310000,0.678,0.000,0.322
311000,0.664,0.001,0.335
312000,0.645,0.007,0.348
313000,0.648,0.000,0.352
314000,0.645,0.007,0.348
315000,0.621,0.002,0.377
316000,0.627,0.004,0.369
317000,0.639,0.008,0.353
318000,0.675,0.001,0.324
319000,0.662,0.008,0.330
320000,0.654,0.000,0.346
321000,0.636,0.008,0.356
322000,0.629,0.007,0.364
323000,0.647,0.006,0.347
324000,0.636,0.002,0.362
325000,0.643,0.000,0.357
326000,0.653,0.002,0.345
327000,0.620,0.003,0.377
328000,0.613,0.002,0.385
329000,0.575,0.005,0.420
330000,0.608,0.000,0.392
331000,0.618,0.001,0.381
332000,0.597,0.004,0.399
333000,0.566,0.009,0.425
334000,0.579,0.019,0.402
335000,0.516,0.013,0.471
336000,0.521,0.023,0.456
337000,0.528,0.010,0.462
338000,0.536,0.009,0.455
339000,0.600,0.006,0.394
340000,0.647,0.007,0.346
341000,0.684,0.004,0.312
342000,0.676,0.002,0.322
343000,0.635,0.008,0.357
344000,0.615,0.013,0.372
345000,0.605,0.008,0.387
346000,0.609,0.007,0.384
347000,0.632,0.000,0.368
348000,0.606,0.007,0.387
349000,0.521,0.008,0.471
350000,0.585,0.007,0.408
351000,0.606,0.014,0.380
352000,0.587,0.003,0.410
353000,0.508,0.018,0.474
354000,0.517,0.014,0.469
355000,0.534,0.020,0.446
356000,0.565,0.021,0.414
357000,0.599,0.009,0.392
358000,0.538,0.006,0.456
359000,0.579,0.010,0.411
360000,0.605,0.004,0.391
361000,0.557,0.010,0.433
362000,0.531,0.021,0.448
363000,0.518,0.014,0.468
364000,0.579,0.007,0.414
365000,0.596,0.002,0.402
366000,0.595,0.000,0.405
367000,0.564,0.006,0.430
368000,0.571,0.017,0.412
369000,0.588,0.013,0.399
370000,0.535,0.012,0.453
371000,0.524,0.007,0.469
372000,0.535,0.015,0.450
373000,0.532,0.023,0.445
374000,0.554,0.010,0.436
375000,0.582,0.001,0.417
376000,0.620,0.003,0.377
377000,0.620,0.007,0.373
378000,0.576,0.010,0.414
379000,0.582,0.004,0.414
380000,0.662,0.004,0.334
381000,0.677,0.003,0.320
382000,0.676,0.000,0.324
383000,0.626,0.004,0.370
384000,0.610,0.006,0.384
385000,0.592,0.016,0.392
386000,0.572,0.008,0.420
387000,0.569,0.010,0.421
388000,0.580,0.007,0.413
389000,0.597,0.006,0.397
390000,0.603,0.001,0.396
391000,0.571,0.010,0.419
392000,0.545,0.017,0.438
393000,0.503,0.027,0.470
394000,0.487,0.024,0.489
395000,0.525,0.015,0.460
396000,0.572,0.010,0.418
397000,0.608,0.004,0.388
398000,0.635,0.007,0.358
399000,0.685,0.005,0.310
400000,0.723,0.002,0.275
401000,0.656,0.003,0.341
402000,0.647,0.002,0.351
403000,0.642,0.005,0.353
404000,0.595,0.003,0.402
405000,0.652,0.007,0.341
406000,0.632,0.022,0.346
407000,0.665,0.006,0.329
408000,0.625,0.000,0.375
409000,0.655,0.000,0.345
410000,0.702,0.001,0.297
411000,0.669,0.000,0.331
412000,0.630,0.005,0.365
413000,0.659,0.008,0.333
414000,0.675,0.004,0.321
415000,0.660,0.002,0.338
416000,0.641,0.000,0.359
417000,0.664,0.000,0.336
418000,0.633,0.000,0.367
419000,0.658,0.004,0.338
420000,0.695,0.004,0.301
421000,0.680,0.001,0.319
422000,0.703,0.002,0.295
423000,0.681,0.000,0.319
424000,0.615,0.007,0.378
425000,0.586,0.006,0.408
426000,0.577,0.003,0.420
427000,0.553,0.007,0.440
428000,0.579,0.009,0.412
429000,0.560,0.008,0.432
430000,0.594,0.013,0.393
431000,0.669,0.005,0.326
432000,0.629,0.003,0.368
433000,0.638,0.003,0.359
434000,0.622,0.001,0.377
435000,0.682,0.003,0.315
436000,0.636,0.001,0.363
437000,0.618,0.005,0.377
438000,0.631,0.000,0.369
439000,0.624,0.006,0.370
440000,0.655,0.005,0.340
441000,0.636,0.006,0.358
442000,0.657,0.001,0.342
443000,0.729,0.001,0.270
444000,0.695,0.000,0.305
445000,0.662,0.001,0.337
446000,0.684,0.004,0.312
447000,0.719,0.001,0.280
448000,0.711,0.000,0.289
449000,0.642,0.002,0.356
450000,0.629,0.005,0.366
451000,0.602,0.011,0.387
452000,0.595,0.009,0.396
453000,0.620,0.000,0.380
454000,0.641,0.000,0.359
455000,0.676,0.003,0.321
456000,0.640,0.005,0.355
457000,0.589,0.007,0.404
458000,0.606,0.004,0.390
459000,0.600,0.005,0.395
460000,0.546,0.008,0.446
461000,0.600,0.006,0.394
462000,0.580,0.009,0.411
463000,0.575,0.007,0.418
464000,0.630,0.013,0.357
465000,0.634,0.002,0.364
466000,0.640,0.006,0.354
467000,0.649,0.003,0.348
468000,0.654,0.001,0.345
469000,0.689,0.004,0.307
470000,0.690,0.002,0.308
471000,0.585,0.009,0.406
472000,0.549,0.008,0.443
473000,0.585,0.009,0.406
474000,0.610,0.013,0.377
475000,0.575,0.020,0.405
476000,0.543,0.007,0.450
477000,0.572,0.004,0.424
478000,0.649,0.009,0.342
479000,0.655,0.007,0.338
480000,0.586,0.005,0.409
481000,0.586,0.012,0.402
482000,0.569,0.015,0.416
483000,0.548,0.015,0.437
484000,0.561,0.018,0.421
485000,0.590,0.001,0.409
486000,0.584,0.012,0.404
487000,0.550,0.020,0.430
488000,0.596,0.008,0.396
489000,0.620,0.010,0.370
490000,0.599,0.002,0.399
491000,0.608,0.004,0.388
492000,0.609,0.003,0.388
493000,0.601,0.000,0.399
494000,0.587,0.010,0.403
495000,0.538,0.010,0.452
496000,0.556,0.014,0.430
497000,0.536,0.010,0.454
498000,0.487,0.013,0.500
499000,0.496,0.024,0.480
500000,0.531,0.019,0.450
501000,0.498,0.016,0.486
502000,0.494,0.010,0.496
503000,0.584,0.007,0.409
504000,0.588,0.014,0.398
505000,0.573,0.007,0.420
506000,0.544,0.010,0.446
507000,0.571,0.022,0.407
508000,0.538,0.014,0.448
509000,0.536,0.011,0.453
510000,0.594,0.012,0.394
511000,0.584,0.010,0.406
512000,0.600,0.013,0.387
513000,0.618,0.000,0.382
514000,0.543,0.020,0.437
515000,0.474,0.016,0.510
516000,0.430,0.035,0.535
517000,0.448,0.050,0.502
518000,0.463,0.032,0.505
519000,0.472,0.022,0.506
520000,0.472,0.024,0.504
521000,0.577,0.012,0.411
522000,0.597,0.005,0.398
523000,0.567,0.004,0.429
524000,0.550,0.005,0.445
525000,0.568,0.015,0.417
526000,0.539,0.012,0.449
527000,0.562,0.006,0.432
528000,0.569,0.013,0.418
529000,0.550,0.009,0.441
530000,0.552,0.020,0.428
531000,0.559,0.009,0.432
532000,0.598,0.003,0.399
533000,0.562,0.004,0.434
534000,0.593,0.010,0.397
535000,0.646,0.001,0.353
536000,0.618,0.004,0.378
537000,0.628,0.004,0.368
538000,0.571,0.004,0.425
539000,0.599,0.015,0.386
540000,0.573,0.013,0.414
541000,0.572,0.005,0.423
542000,0.564,0.011,0.425
543000,0.590,0.003,0.407
544000,0.564,0.004,0.432
545000,0.577,0.009,0.414
546000,0.573,0.017,0.410
547000,0.528,0.003,0.469
548000,0.569,0.011,0.420
549000,0.592,0.019,0.389
550000,0.545,0.015,0.440
551000,0.552,0.010,0.438
552000,0.509,0.020,0.471
553000,0.568,0.003,0.429
554000,0.615,0.002,0.383
555000,0.679,0.000,0.321
556000,0.679,0.000,0.321
557000,0.656,0.001,0.343
558000,0.614,0.003,0.383
559000,0.639,0.011,0.350
560000,0.572,0.008,0.420
561000,0.585,0.012,0.403
562000,0.586,0.010,0.404
563000,0.610,0.009,0.381
564000,0.591,0.010,0.399
565000,0.553,0.005,0.442
566000,0.580,0.003,0.417
567000,0.617,0.004,0.379
568000,0.585,0.003,0.412
569000,0.581,0.009,0.410
570000,0.615,0.007,0.378
571000,0.631,0.002,0.367
572000,0.668,0.001,0.331
573000,0.617,0.001,0.382
574000,0.582,0.009,0.409
575000,0.560,0.009,0.431
576000,0.521,0.020,0.459
577000,0.495,0.012,0.493
578000,0.508,0.012,0.480
579000,0.541,0.025,0.434
580000,0.535,0.020,0.445
581000,0.579,0.009,0.412
582000,0.599,0.006,0.395
583000,0.602,0.009,0.389
584000,0.602,0.005,0.393
585000,0.550,0.008,0.442
586000,0.518,0.010,0.472
587000,0.558,0.005,0.437
588000,0.565,0.008,0.427
589000,0.563,0.008,0.429
590000,0.568,0.019,0.413
591000,0.567,0.014,0.419
592000,0.595,0.008,0.397
593000,0.552,0.007,0.441
594000,0.586,0.021,0.393
595000,0.596,0.009,0.395
596000,0.591,0.005,0.404
597000,0.626,0.003,0.371
598000,0.635,0.001,0.364
599000,0.707,0.000,0.293
600000,0.637,0.007,0.356
601000,0.597,0.011,0.392
602000,0.542,0.021,0.437
603000,0.554,0.016,0.430
604000,0.548,0.011,0.441
605000,0.546,0.012,0.442
606000,0.569,0.008,0.423
607000,0.597,0.004,0.399
608000,0.532,0.007,0.461
609000,0.608,0.005,0.387
610000,0.568,0.014,0.418
611000,0.578,0.010,0.412
612000,0.629,0.000,0.371
613000,0.666,0.001,0.333
614000,0.643,0.007,0.350
615000,0.656,0.008,0.336
616000,0.659,0.005,0.336
617000,0.668,0.001,0.331
618000,0.657,0.006,0.337
619000,0.657,0.004,0.339
620000,0.656,0.004,0.340
621000,0.634,0.002,0.364
622000,0.702,0.002,0.296
623000,0.653,0.005,0.342
624000,0.664,0.001,0.335
625000,0.676,0.005,0.319
626000,0.665,0.001,0.334
627000,0.677,0.004,0.319
628000,0.718,0.002,0.280
629000,0.677,0.004,0.319
630000,0.697,0.000,0.303
631000,0.690,0.000,0.310
632000,0.722,0.002,0.276
633000,0.678,0.003,0.319
634000,0.690,0.005,0.305
635000,0.647,0.002,0.351
636000,0.677,0.006,0.317
637000,0.684,0.003,0.313
638000,0.644,0.000,0.356
639000,0.642,0.000,0.358
640000,0.602,0.005,0.393
641000,0.634,0.002,0.364
642000,0.651,0.003,0.346
643000,0.623,0.000,0.377
644000,0.585,0.003,0.412
645000,0.555,0.011,0.434
646000,0.542,0.006,0.452
647000,0.561,0.004,0.435
648000,0.506,0.014,0.480
649000,0.556,0.019,0.425
650000,0.514,0.017,0.469
651000,0.535,0.013,0.452
652000,0.543,0.006,0.451
653000,0.571,0.012,0.417
654000,0.564,0.008,0.428
655000,0.561,0.003,0.436
656000,0.612,0.003,0.385
657000,0.608,0.004,0.388
658000,0.641,0.008,0.351
659000,0.658,0.001,0.341
660000,0.643,0.006,0.351
661000,0.573,0.009,0.418
662000,0.607,0.004,0.389
663000,0.606,0.006,0.388
664000,0.627,0.011,0.362
665000,0.620,0.001,0.379
666000,0.670,0.002,0.328
667000,0.660,0.000,0.340
668000,0.596,0.004,0.400
669000,0.587,0.005,0.408
670000,0.584,0.001,0.415
671000,0.570,0.014,0.416
672000,0.589,0.004,0.407
673000,0.618,0.002,0.380
674000,0.664,0.006,0.330
675000,0.666,0.000,0.334
676000,0.649,0.000,0.351
677000,0.606,0.007,0.387
678000,0.588,0.002,0.410
679000,0.626,0.003,0.371
680000,0.582,0.005,0.413
681000,0.616,0.011,0.373
682000,0.556,0.011,0.433
683000,0.550,0.015,0.435
684000,0.582,0.006,0.412
685000,0.563,0.009,0.428
686000,0.579,0.008,0.413
687000,0.541,0.005,0.454
688000,0.597,0.008,0.395
689000,0.620,0.001,0.379
690000,0.603,0.000,0.397
691000,0.577,0.003,0.420
692000,0.546,0.012,0.442
693000,0.536,0.010,0.454
694000,0.510,0.015,0.475
695000,0.465,0.025,0.510
696000,0.469,0.034,0.497
697000,0.446,0.033,0.521
698000,0.485,0.026,0.489
699000,0.503,0.021,0.476
700000,0.553,0.007,0.440
701000,0.563,0.009,0.428
702000,0.553,0.003,0.444
703000,0.564,0.012,0.424
704000,0.561,0.014,0.425
705000,0.569,0.014,0.417
706000,0.548,0.005,0.447
707000,0.612,0.005,0.383
708000,0.579,0.009,0.412
709000,0.557,0.009,0.434
710000,0.585,0.012,0.403
711000,0.638,0.004,0.358
712000,0.635,0.004,0.361
713000,0.633,0.008,0.359
714000,0.657,0.005,0.338
715000,0.667,0.005,0.328
716000,0.643,0.002,0.355
717000,0.688,0.003,0.309
718000,0.682,0.002,0.316
719000,0.683,0.003,0.314
720000,0.657,0.004,0.339
721000,0.694,0.002,0.304
722000,0.661,0.003,0.336
723000,0.673,0.005,0.322
724000,0.676,0.006,0.318
725000,0.629,0.002,0.369
726000,0.611,0.004,0.385
727000,0.567,0.001,0.432
728000,0.528,0.010,0.462
729000,0.548,0.010,0.442
730000,0.559,0.014,0.427
731000,0.628,0.005,0.367
732000,0.659,0.005,0.336
733000,0.621,0.008,0.371
734000,0.588,0.008,0.404
735000,0.592,0.001,0.407
736000,0.635,0.003,0.362
737000,0.585,0.009,0.406
738000,0.557,0.010,0.433
739000,0.614,0.011,0.375
740000,0.600,0.007,0.393
741000,0.509,0.021,0.470
742000,0.517,0.014,0.469
743000,0.580,0.013,0.407
744000,0.617,0.009,0.374
745000,0.588,0.007,0.405
746000,0.555,0.016,0.429
747000,0.584,0.012,0.404
748000,0.571,0.011,0.418
749000,0.653,0.007,0.340
750000,0.639,0.004,0.357
751000,0.687,0.001,0.312
752000,0.716,0.001,0.283
753000,0.666,0.007,0.327
754000,0.653,0.006,0.341
755000,0.677,0.003,0.320
756000,0.678,0.003,0.319
757000,0.693,0.004,0.303
758000,0.630,0.000,0.370
759000,0.573,0.017,0.410
760000,0.573,0.008,0.419
761000,0.598,0.000,0.402
762000,0.617,0.010,0.373
763000,0.542,0.006,0.452
764000,0.506,0.009,0.485
765000,0.534,0.013,0.453
766000,0.581,0.012,0.407
767000,0.552,0.007,0.441
768000,0.576,0.013,0.411
769000,0.563,0.011,0.426
770000,0.578,0.007,0.415
771000,0.572,0.009,0.419
772000,0.646,0.001,0.353
773000,0.702,0.003,0.295
774000,0.669,0.006,0.325
775000,0.639,0.000,0.361
776000,0.667,0.004,0.329
777000,0.687,0.011,0.302
778000,0.669,0.003,0.328
779000,0.673,0.001,0.326
780000,0.688,0.006,0.306
781000,0.707,0.001,0.292
782000,0.691,0.002,0.307
783000,0.711,0.001,0.288
784000,0.682,0.005,0.313
785000,0.638,0.001,0.361
786000,0.640,0.002,0.358
787000,0.657,0.002,0.341
788000,0.652,0.001,0.347
789000,0.622,0.011,0.367
790000,0.625,0.001,0.374
791000,0.619,0.002,0.379
792000,0.673,0.000,0.327
793000,0.672,0.006,0.322
794000,0.683,0.003,0.314
795000,0.594,0.001,0.405
796000,0.612,0.010,0.378
797000,0.594,0.005,0.401
798000,0.668,0.002,0.330
799000,0.617,0.002,0.381
800000,0.571,0.010,0.419
801000,0.572,0.012,0.416
802000,0.559,0.010,0.431
803000,0.568,0.013,0.419
804000,0.597,0.005,0.398
805000,0.605,0.005,0.390
806000,0.628,0.006,0.366
807000,0.588,0.014,0.398
808000,0.567,0.008,0.425
809000,0.559,0.009,0.432
810000,0.568,0.004,0.428
811000,0.531,0.013,0.456
812000,0.557,0.006,0.437
813000,0.579,0.013,0.408
814000,0.645,0.012,0.343
815000,0.641,0.010,0.349
816000,0.635,0.002,0.363
817000,0.622,0.001,0.377
818000,0.602,0.002,0.396
819000,0.568,0.013,0.419
820000,0.600,0.009,0.391
821000,0.570,0.013,0.417
822000,0.596,0.004,0.400
823000,0.652,0.005,0.343
824000,0.675,0.002,0.323
825000,0.725,0.001,0.274
826000,0.697,0.000,0.303
827000,0.658,0.001,0.341
828000,0.643,0.001,0.356
829000,0.633,0.003,0.364
830000,0.577,0.004,0.419
831000,0.628,0.003,0.369
832000,0.605,0.011,0.384
833000,0.604,0.002,0.394
834000,0.656,0.006,0.338
835000,0.684,0.000,0.316
836000,0.636,0.006,0.358
837000,0.661,0.001,0.338
838000,0.664,0.000,0.336
839000,0.626,0.001,0.373
840000,0.588,0.004,0.408
841000,0.607,0.000,0.393
842000,0.556,0.010,0.434
843000,0.641,0.005,0.354
844000,0.635,0.003,0.362
845000,0.663,0.001,0.336
846000,0.600,0.008,0.392
847000,0.612,0.003,0.385
848000,0.527,0.018,0.455
849000,0.538,0.011,0.451
850000,0.539,0.025,0.436
851000,0.548,0.021,0.431
852000,0.569,0.012,0.419
853000,0.584,0.004,0.412
854000,0.607,0.009,0.384
855000,0.545,0.009,0.446
856000,0.579,0.012,0.409
857000,0.597,0.014,0.389
858000,0.609,0.003,0.388
859000,0.546,0.012,0.442
860000,0.580,0.012,0.408
861000,0.668,0.002,0.330
862000,0.610,0.002,0.388
863000,0.627,0.005,0.368
864000,0.625,0.011,0.364
865000,0.621,0.004,0.375
866000,0.684,0.003,0.313
867000,0.672,0.004,0.324
868000,0.640,0.001,0.359
869000,0.596,0.010,0.394
870000,0.650,0.002,0.348
871000,0.679,0.003,0.318
872000,0.654,0.005,0.341
873000,0.612,0.001,0.387
874000,0.600,0.002,0.398
875000,0.613,0.006,0.381
876000,0.625,0.005,0.370
877000,0.637,0.002,0.361
878000,0.615,0.010,0.375
879000,0.621,0.000,0.379
880000,0.556,0.009,0.435
881000,0.532,0.008,0.460
882000,0.534,0.021,0.445
883000,0.521,0.032,0.447
884000,0.501,0.029,0.470
885000,0.481,0.023,0.496
886000,0.466,0.021,0.513
887000,0.476,0.017,0.507
888000,0.504,0.031,0.465
889000,0.534,0.019,0.447
890000,0.533,0.016,0.451
891000,0.576,0.014,0.410
892000,0.577,0.002,0.421
893000,0.532,0.007,0.461
894000,0.557,0.008,0.435
895000,0.585,0.006,0.409
896000,0.612,0.005,0.383
897000,0.552,0.005,0.443
898000,0.598,0.017,0.385
899000,0.565,0.006,0.429
900000,0.575,0.014,0.411
901000,0.620,0.005,0.375
902000,0.597,0.006,0.397
903000,0.602,0.005,0.393
904000,0.625,0.019,0.356
905000,0.575,0.005,0.420
906000,0.596,0.008,0.396
907000,0.557,0.001,0.442
908000,0.546,0.005,0.449
909000,0.555,0.017,0.428
910000,0.598,0.012,0.390
911000,0.623,0.007,0.370
912000,0.618,0.003,0.379
913000,0.656,0.007,0.337
914000,0.674,0.001,0.325
915000,0.645,0.003,0.352
916000,0.614,0.006,0.380
917000,0.636,0.003,0.361
918000,0.689,0.002,0.309
919000,0.633,0.000,0.367
920000,0.653,0.002,0.345
921000,0.614,0.003,0.383
922000,0.630,0.004,0.366
923000,0.613,0.002,0.385
924000,0.612,0.004,0.384
925000,0.632,0.010,0.358
926000,0.629,0.008,0.363
927000,0.622,0.012,0.366
928000,0.638,0.002,0.360
929000,0.566,0.006,0.428
930000,0.580,0.010,0.410
931000,0.630,0.012,0.358
932000,0.584,0.005,0.411
933000,0.578,0.005,0.417
934000,0.557,0.013,0.430
935000,0.613,0.008,0.379
936000,0.627,0.005,0.368
937000,0.600,0.000,0.400
938000,0.619,0.002,0.379
939000,0.614,0.008,0.378
940000,0.645,0.003,0.352
941000,0.726,0.001,0.273
942000,0.715,0.004,0.281
943000,0.687,0.004,0.309
944000,0.676,0.000,0.324
945000,0.614,0.000,0.386
946000,0.622,0.002,0.376
947000,0.623,0.005,0.372
948000,0.621,0.001,0.378
949000,0.694,0.000,0.306
950000,0.689,0.003,0.308
951000,0.671,0.001,0.328
952000,0.641,0.003,0.356
953000,0.641,0.004,0.355
954000,0.667,0.001,0.332
955000,0.673,0.001,0.326
956000,0.686,0.001,0.313
957000,0.603,0.000,0.397
958000,0.647,0.008,0.345
959000,0.644,0.006,0.350
960000,0.616,0.005,0.379
961000,0.634,0.004,0.362
962000,0.682,0.005,0.313
963000,0.637,0.001,0.362
964000,0.629,0.001,0.370
965000,0.596,0.008,0.396
966000,0.598,0.010,0.392
967000,0.666,0.010,0.324
968000,0.595,0.007,0.398
969000,0.660,0.003,0.337
970000,0.681,0.000,0.319
971000,0.707,0.002,0.291
972000,0.663,0.006,0.331
973000,0.603,0.005,0.392
974000,0.637,0.002,0.361
975000,0.558,0.014,0.428
976000,0.560,0.004,0.436
977000,0.582,0.010,0.408
978000,0.642,0.005,0.353
979000,0.679,0.005,0.316
980000,0.642,0.000,0.358
981000,0.602,0.008,0.390
982000,0.619,0.005,0.376
983000,0.571,0.015,0.414
984000,0.554,0.007,0.439
985000,0.611,0.002,0.387
986000,0.556,0.010,0.434
987000,0.478,0.008,0.514
988000,0.476,0.015,0.509
989000,0.502,0.015,0.483
990000,0.581,0.010,0.409
991000,0.578,0.009,0.413
992000,0.600,0.005,0.395
993000,0.611,0.007,0.382
994000,0.611,0.000,0.389
995000,0.665,0.002,0.333
996000,0.629,0.004,0.367
997000,0.608,0.009,0.383
998000,0.555,0.009,0.436
999000,0.555,0.014,0.431
1000000,0.548,0.013,0.439
