time,n_A+p,n_B,n_AB
500,0.030,0.923,0.046
1000,0.030,0.886,0.084
1500,0.030,0.831,0.139
2000,0.030,0.807,0.162
2500,0.030,0.815,0.155
3000,0.030,0.777,0.193
3500,0.030,0.770,0.200
4000,0.030,0.840,0.130
4500,0.030,0.804,0.165
5000,0.030,0.823,0.147
5500,0.030,0.842,0.128
6000,0.030,0.826,0.144
6500,0.030,0.804,0.165
7000,0.030,0.729,0.241
7500,0.030,0.741,0.229
8000,0.030,0.721,0.249
8500,0.030,0.745,0.225
9000,0.030,0.759,0.211
9500,0.030,0.738,0.232
10000,0.030,0.761,0.209
10500,0.030,0.793,0.177
11000,0.030,0.750,0.220
11500,0.030,0.713,0.257
12000,0.030,0.666,0.304
12500,0.030,0.674,0.296
13000,0.030,0.693,0.277
13500,0.030,0.699,0.271
14000,0.030,0.758,0.212
14500,0.030,0.764,0.206
15000,0.030,0.746,0.224
15500,0.030,0.810,0.159
16000,0.030,0.771,0.199
16500,0.030,0.728,0.242
17000,0.030,0.691,0.279
17500,0.030,0.721,0.249
18000,0.030,0.738,0.232
18500,0.030,0.702,0.268
19000,0.030,0.660,0.309
19500,0.030,0.669,0.300
20000,0.030,0.698,0.272
20500,0.030,0.688,0.282
21000,0.030,0.618,0.352
21500,0.030,0.638,0.332
22000,0.030,0.729,0.241
22500,0.030,0.747,0.223
23000,0.030,0.731,0.239
23500,0.030,0.704,0.266
24000,0.030,0.742,0.228
24500,0.030,0.780,0.190
25000,0.030,0.721,0.249
25500,0.030,0.719,0.251
26000,0.030,0.732,0.238
26500,0.030,0.643,0.327
27000,0.030,0.652,0.318
27500,0.030,0.701,0.269
28000,0.030,0.729,0.241
28500,0.030,0.722,0.248
29000,0.030,0.711,0.259
29500,0.030,0.671,0.298
30000,0.030,0.655,0.315
30500,0.030,0.678,0.291
31000,0.030,0.647,0.323
31500,0.030,0.645,0.325
32000,0.030,0.665,0.304
32500,0.030,0.710,0.260
33000,0.030,0.672,0.298
33500,0.030,0.693,0.277
34000,0.030,0.672,0.297
34500,0.030,0.747,0.223
35000,0.030,0.748,0.222
35500,0.030,0.693,0.277
36000,0.030,0.722,0.248
36500,0.030,0.721,0.249
37000,0.030,0.744,0.226
37500,0.030,0.658,0.312
38000,0.030,0.683,0.286
38500,0.030,0.739,0.231
39000,0.030,0.772,0.198
39500,0.030,0.749,0.221
40000,0.030,0.708,0.262
40500,0.030,0.729,0.241
41000,0.030,0.761,0.209
41500,0.030,0.754,0.216
42000,0.030,0.760,0.210
42500,0.030,0.730,0.240
43000,0.030,0.713,0.257
43500,0.030,0.741,0.229
44000,0.030,0.726,0.244
44500,0.030,0.736,0.234
45000,0.030,0.737,0.233
45500,0.030,0.752,0.218
46000,0.030,0.792,0.177
46500,0.030,0.775,0.195
47000,0.030,0.788,0.182
47500,0.030,0.773,0.197
48000,0.030,0.806,0.164
48500,0.030,0.775,0.195
49000,0.030,0.760,0.210
49500,0.030,0.790,0.179
50000,0.030,0.820,0.150
50500,0.030,0.804,0.165
51000,0.030,0.774,0.196
51500,0.030,0.742,0.228
52000,0.030,0.676,0.294
52500,0.030,0.725,0.245
53000,0.030,0.696,0.274
53500,0.030,0.746,0.224
54000,0.030,0.759,0.211
54500,0.030,0.809,0.161
55000,0.030,0.780,0.190
55500,0.030,0.793,0.176
56000,0.030,0.757,0.213
56500,0.030,0.736,0.234
57000,0.030,0.749,0.221
57500,0.030,0.698,0.272
58000,0.030,0.727,0.243
58500,0.030,0.767,0.203
59000,0.030,0.761,0.209
59500,0.030,0.766,0.204
60000,0.030,0.742,0.228
60500,0.030,0.766,0.204
61000,0.030,0.746,0.224
61500,0.030,0.735,0.235
62000,0.030,0.752,0.218
62500,0.030,0.691,0.279
63000,0.030,0.718,0.252
63500,0.030,0.736,0.234
64000,0.030,0.724,0.246
64500,0.030,0.773,0.197
65000,0.030,0.756,0.214
65500,0.030,0.738,0.232
66000,0.030,0.717,0.253
66500,0.030,0.703,0.267
67000,0.030,0.671,0.298
67500,0.030,0.652,0.318
68000,0.030,0.709,0.261
68500,0.030,0.634,0.336
69000,0.030,0.691,0.279
69500,0.030,0.689,0.281
70000,0.030,0.681,0.289
70500,0.030,0.750,0.220
71000,0.030,0.736,0.234
71500,0.030,0.708,0.262
72000,0.030,0.688,0.282
72500,0.030,0.730,0.240
73000,0.030,0.722,0.248
73500,0.030,0.701,0.269
74000,0.030,0.634,0.336
74500,0.030,0.663,0.306
75000,0.030,0.693,0.277
75500,0.030,0.637,0.333
76000,0.030,0.734,0.236
76500,0.030,0.705,0.265
77000,0.030,0.729,0.241
77500,0.030,0.762,0.208
78000,0.030,0.730,0.240
78500,0.030,0.729,0.241
79000,0.030,0.705,0.265
79500,0.030,0.678,0.291
80000,0.030,0.724,0.246
80500,0.030,0.734,0.236
81000,0.030,0.761,0.209
81500,0.030,0.707,0.263
82000,0.030,0.751,0.219
82500,0.030,0.764,0.206
83000,0.030,0.738,0.232
83500,0.030,0.716,0.254
84000,0.030,0.719,0.251
84500,0.030,0.684,0.285
85000,0.030,0.750,0.220
85500,0.030,0.777,0.193
86000,0.030,0.727,0.243
86500,0.030,0.748,0.222
87000,0.030,0.704,0.266
87500,0.030,0.697,0.273
88000,0.030,0.691,0.279
88500,0.030,0.715,0.255
89000,0.030,0.740,0.230
89500,0.030,0.728,0.242
90000,0.030,0.708,0.262
90500,0.030,0.710,0.260
91000,0.030,0.694,0.276
91500,0.030,0.621,0.349
92000,0.030,0.645,0.325
92500,0.030,0.681,0.288
93000,0.030,0.660,0.310
93500,0.030,0.733,0.237
94000,0.030,0.757,0.213
94500,0.030,0.750,0.220
95000,0.030,0.791,0.178
95500,0.030,0.749,0.221
96000,0.030,0.774,0.196
96500,0.030,0.768,0.202
97000,0.030,0.715,0.255
97500,0.030,0.710,0.260
98000,0.030,0.671,0.299
98500,0.030,0.678,0.291
99000,0.030,0.705,0.265
99500,0.030,0.751,0.219
100000,0.030,0.765,0.205
100500,0.030,0.723,0.247
101000,0.030,0.779,0.191
101500,0.030,0.736,0.234
102000,0.030,0.771,0.199
102500,0.030,0.755,0.215
103000,0.030,0.763,0.207
103500,0.030,0.753,0.217
104000,0.030,0.752,0.218
104500,0.030,0.756,0.214
105000,0.030,0.753,0.217
105500,0.030,0.710,0.260
106000,0.030,0.688,0.282
106500,0.030,0.703,0.267
107000,0.030,0.696,0.274
107500,0.030,0.732,0.238
108000,0.030,0.779,0.191
108500,0.030,0.770,0.200
109000,0.030,0.699,0.271
109500,0.030,0.762,0.208
110000,0.030,0.735,0.235
110500,0.030,0.738,0.232
111000,0.030,0.766,0.204
111500,0.030,0.749,0.221
112000,0.030,0.710,0.260
112500,0.030,0.686,0.284
113000,0.030,0.693,0.277
113500,0.030,0.683,0.287
114000,0.030,0.694,0.276
114500,0.030,0.729,0.241
115000,0.030,0.710,0.260
115500,0.030,0.731,0.239
116000,0.030,0.691,0.279
116500,0.030,0.661,0.309
117000,0.030,0.706,0.264
117500,0.030,0.705,0.265
118000,0.030,0.731,0.239
118500,0.030,0.743,0.227
119000,0.030,0.742,0.228
119500,0.030,0.773,0.197
120000,0.030,0.782,0.188
120500,0.030,0.775,0.195
121000,0.030,0.743,0.227
121500,0.030,0.724,0.246
122000,0.030,0.719,0.251
122500,0.030,0.708,0.262
123000,0.030,0.708,0.262
123500,0.030,0.735,0.235
124000,0.030,0.750,0.220
124500,0.030,0.692,0.278
125000,0.030,0.634,0.336
125500,0.030,0.709,0.261
126000,0.030,0.729,0.241
126500,0.030,0.750,0.220
127000,0.030,0.728,0.242
127500,0.030,0.700,0.270
128000,0.030,0.661,0.309
128500,0.030,0.688,0.282
129000,0.030,0.690,0.280
129500,0.030,0.712,0.258
130000,0.030,0.717,0.253
130500,0.030,0.753,0.217
131000,0.030,0.752,0.218
131500,0.030,0.753,0.217
132000,0.030,0.709,0.261
132500,0.030,0.669,0.301
133000,0.030,0.730,0.240
133500,0.030,0.728,0.242
134000,0.030,0.755,0.215
134500,0.030,0.754,0.216
135000,0.030,0.775,0.195
135500,0.030,0.757,0.213
136000,0.030,0.714,0.256
136500,0.030,0.751,0.219
137000,0.030,0.734,0.236
137500,0.030,0.712,0.258
138000,0.030,0.732,0.238
138500,0.030,0.722,0.248
139000,0.030,0.735,0.235
139500,0.030,0.765,0.205
140000,0.030,0.741,0.229
140500,0.030,0.733,0.237
141000,0.030,0.687,0.283
141500,0.030,0.737,0.233
142000,0.030,0.762,0.208
142500,0.030,0.736,0.234
143000,0.030,0.730,0.240
143500,0.030,0.768,0.202
144000,0.030,0.724,0.246
144500,0.030,0.682,0.288
145000,0.030,0.727,0.243
145500,0.030,0.748,0.222
146000,0.030,0.715,0.255
146500,0.030,0.719,0.251
147000,0.030,0.680,0.289
147500,0.030,0.712,0.258
148000,0.030,0.690,0.280
148500,0.030,0.715,0.255
149000,0.030,0.747,0.223
149500,0.030,0.732,0.238
150000,0.030,0.765,0.205
150500,0.030,0.763,0.207
151000,0.030,0.755,0.215
151500,0.030,0.731,0.239
152000,0.030,0.751,0.219
152500,0.030,0.805,0.165
153000,0.030,0.800,0.170
153500,0.030,0.780,0.190
154000,0.030,0.787,0.183
154500,0.030,0.736,0.234
155000,0.030,0.721,0.249
155500,0.030,0.712,0.258
156000,0.030,0.804,0.166
156500,0.030,0.746,0.224
157000,0.030,0.711,0.259
157500,0.030,0.746,0.224
158000,0.030,0.732,0.238
158500,0.030,0.742,0.228
159000,0.030,0.751,0.219
159500,0.030,0.761,0.209
160000,0.030,0.693,0.277
160500,0.030,0.711,0.259
161000,0.030,0.723,0.247
161500,0.030,0.787,0.183
162000,0.030,0.758,0.212
162500,0.030,0.755,0.215
163000,0.030,0.785,0.185
163500,0.030,0.795,0.175
164000,0.030,0.781,0.189
164500,0.030,0.774,0.196
165000,0.030,0.763,0.207
165500,0.030,0.792,0.177
166000,0.030,0.727,0.243
166500,0.030,0.704,0.266
167000,0.030,0.711,0.259
167500,0.030,0.688,0.282
168000,0.030,0.682,0.287
168500,0.030,0.687,0.283
169000,0.030,0.730,0.240
169500,0.030,0.743,0.227
170000,0.030,0.738,0.232
170500,0.030,0.732,0.238
171000,0.030,0.705,0.265
171500,0.030,0.719,0.251
172000,0.030,0.756,0.214
172500,0.030,0.741,0.229
173000,0.030,0.701,0.269
173500,0.030,0.672,0.297
174000,0.030,0.693,0.277
174500,0.030,0.712,0.258
175000,0.030,0.744,0.226
175500,0.030,0.753,0.217
176000,0.030,0.785,0.185
176500,0.030,0.763,0.207
177000,0.030,0.745,0.225
177500,0.030,0.756,0.214
178000,0.030,0.741,0.229
178500,0.030,0.779,0.191
179000,0.030,0.772,0.198
179500,0.030,0.724,0.246
180000,0.030,0.707,0.263
180500,0.030,0.700,0.270
181000,0.030,0.753,0.217
181500,0.030,0.749,0.221
182000,0.030,0.782,0.188
182500,0.030,0.752,0.218
183000,0.030,0.740,0.230
183500,0.030,0.766,0.204
184000,0.030,0.673,0.296
184500,0.030,0.736,0.234
185000,0.030,0.708,0.262
185500,0.030,0.710,0.260
186000,0.030,0.707,0.263
186500,0.030,0.744,0.226
187000,0.030,0.755,0.215
187500,0.030,0.777,0.193
188000,0.030,0.693,0.277
188500,0.030,0.705,0.265
189000,0.030,0.728,0.242
189500,0.030,0.700,0.270
190000,0.030,0.759,0.211
190500,0.030,0.753,0.217
191000,0.030,0.748,0.222
191500,0.030,0.784,0.185
192000,0.030,0.766,0.204
192500,0.030,0.706,0.264
193000,0.030,0.769,0.201
193500,0.030,0.745,0.225
194000,0.030,0.777,0.193
194500,0.030,0.787,0.183
195000,0.030,0.786,0.184
195500,0.030,0.766,0.204
196000,0.030,0.776,0.194
196500,0.030,0.749,0.221
197000,0.030,0.739,0.231
197500,0.030,0.713,0.257
198000,0.030,0.705,0.265
198500,0.030,0.721,0.249
199000,0.030,0.712,0.258
199500,0.030,0.693,0.277
200000,0.030,0.713,0.257
200500,0.030,0.762,0.208
201000,0.030,0.750,0.220
201500,0.030,0.727,0.243
202000,0.030,0.728,0.242
202500,0.030,0.719,0.251
203000,0.030,0.723,0.247
203500,0.030,0.689,0.281
204000,0.030,0.726,0.244
204500,0.030,0.722,0.248
205000,0.030,0.708,0.262
205500,0.030,0.741,0.229
206000,0.030,0.725,0.245
206500,0.030,0.707,0.263
207000,0.030,0.788,0.181
207500,0.030,0.772,0.198
208000,0.030,0.781,0.189
208500,0.030,0.753,0.217
209000,0.030,0.733,0.237
209500,0.030,0.706,0.264
210000,0.030,0.732,0.238
210500,0.030,0.700,0.270
211000,0.030,0.693,0.277
211500,0.030,0.693,0.277
212000,0.030,0.681,0.288
212500,0.030,0.735,0.235
213000,0.030,0.689,0.281
213500,0.030,0.666,0.304
214000,0.030,0.673,0.297
214500,0.030,0.734,0.236
215000,0.030,0.695,0.275
215500,0.030,0.751,0.219
216000,0.030,0.756,0.214
216500,0.030,0.742,0.228
217000,0.030,0.735,0.235
217500,0.030,0.733,0.237
218000,0.030,0.691,0.279
218500,0.030,0.697,0.273
219000,0.030,0.684,0.285
219500,0.030,0.660,0.310
220000,0.030,0.688,0.282
220500,0.030,0.761,0.209
221000,0.030,0.766,0.204
221500,0.030,0.774,0.196
222000,0.030,0.728,0.242
222500,0.030,0.720,0.250
223000,0.030,0.718,0.252
223500,0.030,0.690,0.280
224000,0.030,0.671,0.298
224500,0.030,0.683,0.287
225000,0.030,0.697,0.273
225500,0.030,0.762,0.208
226000,0.030,0.746,0.224
226500,0.030,0.733,0.237
227000,0.030,0.744,0.226
227500,0.030,0.738,0.232
228000,0.030,0.709,0.261
228500,0.030,0.662,0.308
229000,0.030,0.689,0.281
229500,0.030,0.683,0.287
230000,0.030,0.712,0.258
230500,0.030,0.775,0.195
231000,0.030,0.711,0.259
231500,0.030,0.757,0.213
232000,0.030,0.715,0.255
232500,0.030,0.793,0.177
233000,0.030,0.727,0.243
233500,0.030,0.727,0.243
234000,0.030,0.723,0.247
234500,0.030,0.707,0.263
235000,0.030,0.737,0.233
235500,0.030,0.767,0.203
236000,0.030,0.749,0.221
236500,0.030,0.754,0.216
237000,0.030,0.715,0.255
237500,0.030,0.728,0.242
238000,0.030,0.719,0.251
238500,0.030,0.725,0.245
239000,0.030,0.723,0.247
239500,0.030,0.750,0.220
240000,0.030,0.720,0.250
240500,0.030,0.758,0.212
241000,0.030,0.786,0.183
241500,0.030,0.776,0.194
242000,0.030,0.764,0.206
242500,0.030,0.721,0.249
243000,0.030,0.695,0.275
243500,0.030,0.677,0.293
244000,0.030,0.722,0.248
244500,0.030,0.736,0.234
245000,0.030,0.730,0.240
245500,0.030,0.759,0.211
246000,0.030,0.789,0.181
246500,0.030,0.797,0.172
247000,0.030,0.790,0.179
247500,0.030,0.780,0.190
248000,0.030,0.750,0.220
248500,0.030,0.710,0.260
249000,0.030,0.721,0.249
249500,0.030,0.717,0.253
250000,0.030,0.706,0.264
250500,0.030,0.735,0.235
251000,0.030,0.662,0.307
251500,0.030,0.686,0.284
252000,0.030,0.686,0.283
252500,0.030,0.695,0.275
253000,0.030,0.722,0.248
253500,0.030,0.798,0.172
254000,0.030,0.786,0.183
254500,0.030,0.759,0.211
255000,0.030,0.764,0.206
255500,0.030,0.726,0.244
256000,0.030,0.694,0.276
256500,0.030,0.729,0.241
257000,0.030,0.778,0.192
257500,0.030,0.749,0.221
258000,0.030,0.754,0.216
258500,0.030,0.712,0.258
259000,0.030,0.754,0.216
259500,0.030,0.743,0.227
260000,0.030,0.765,0.205
260500,0.030,0.793,0.176
261000,0.030,0.738,0.232
261500,0.030,0.691,0.279
262000,0.030,0.657,0.312
262500,0.030,0.681,0.289
263000,0.030,0.732,0.238
263500,0.030,0.746,0.224
264000,0.030,0.735,0.235
264500,0.030,0.744,0.226
265000,0.030,0.753,0.217
265500,0.030,0.653,0.317
266000,0.030,0.668,0.301
266500,0.030,0.712,0.258
267000,0.030,0.768,0.202
267500,0.030,0.710,0.260
268000,0.030,0.751,0.219
268500,0.030,0.766,0.204
269000,0.030,0.730,0.240
269500,0.030,0.705,0.265
270000,0.030,0.716,0.254
270500,0.030,0.760,0.210
271000,0.030,0.759,0.211
271500,0.030,0.753,0.217
272000,0.030,0.759,0.211
272500,0.030,0.736,0.234
273000,0.030,0.775,0.195
273500,0.030,0.754,0.216
274000,0.030,0.748,0.222
274500,0.030,0.744,0.226
275000,0.030,0.707,0.263
275500,0.030,0.665,0.305
276000,0.030,0.733,0.237
276500,0.030,0.720,0.250
277000,0.030,0.693,0.277
277500,0.030,0.731,0.239
278000,0.030,0.708,0.262
278500,0.030,0.739,0.231
279000,0.030,0.691,0.279
279500,0.030,0.676,0.293
280000,0.030,0.706,0.264
280500,0.030,0.771,0.199
281000,0.030,0.799,0.171
281500,0.030,0.789,0.180
282000,0.030,0.753,0.217
282500,0.030,0.759,0.211
283000,0.030,0.794,0.176
283500,0.030,0.779,0.191
284000,0.030,0.800,0.170
284500,0.030,0.816,0.154
285000,0.030,0.807,0.163
285500,0.030,0.758,0.212
286000,0.030,0.730,0.240
286500,0.030,0.748,0.222
287000,0.030,0.706,0.264
287500,0.030,0.726,0.244
288000,0.030,0.720,0.250
288500,0.030,0.733,0.237
289000,0.030,0.770,0.200
289500,0.030,0.712,0.258
290000,0.030,0.648,0.322
290500,0.030,0.594,0.376
291000,0.030,0.637,0.333
291500,0.030,0.693,0.277
292000,0.030,0.764,0.206
292500,0.030,0.790,0.179
293000,0.030,0.775,0.195
293500,0.030,0.725,0.245
294000,0.030,0.788,0.182
294500,0.030,0.760,0.210
295000,0.030,0.756,0.214
295500,0.030,0.733,0.237
296000,0.030,0.744,0.226
296500,0.030,0.764,0.206
297000,0.030,0.762,0.208
297500,0.030,0.757,0.213
298000,0.030,0.705,0.265
298500,0.030,0.739,0.231
299000,0.030,0.749,0.221
299500,0.030,0.718,0.252
300000,0.030,0.660,0.309
300500,0.030,0.726,0.244
301000,0.030,0.671,0.298
301500,0.030,0.689,0.281
302000,0.030,0.682,0.287
302500,0.030,0.711,0.259
303000,0.030,0.709,0.261
303500,0.030,0.647,0.323
304000,0.030,0.675,0.295
304500,0.030,0.666,0.303
305000,0.030,0.713,0.257
305500,0.030,0.770,0.200
306000,0.030,0.758,0.212
306500,0.030,0.766,0.204
307000,0.030,0.790,0.179
307500,0.030,0.799,0.170
308000,0.030,0.760,0.210
308500,0.030,0.825,0.145
309000,0.030,0.831,0.139
309500,0.030,0.779,0.191
310000,0.030,0.775,0.195
310500,0.030,0.786,0.183
311000,0.030,0.749,0.221
311500,0.030,0.774,0.196
312000,0.030,0.798,0.172
312500,0.030,0.788,0.181
313000,0.030,0.729,0.241
313500,0.030,0.739,0.231
314000,0.030,0.737,0.233
314500,0.030,0.699,0.271
315000,0.030,0.714,0.256
315500,0.030,0.753,0.217
316000,0.030,0.751,0.219
316500,0.030,0.758,0.212
317000,0.030,0.759,0.211
317500,0.030,0.753,0.217
318000,0.030,0.685,0.285
318500,0.030,0.719,0.251
319000,0.030,0.758,0.212
319500,0.030,0.747,0.223
320000,0.030,0.738,0.232
320500,0.030,0.757,0.213
321000,0.030,0.774,0.196
321500,0.030,0.783,0.186
322000,0.030,0.790,0.180
322500,0.030,0.766,0.204
323000,0.030,0.768,0.202
323500,0.030,0.794,0.176
324000,0.030,0.792,0.178
324500,0.030,0.786,0.184
325000,0.030,0.745,0.225
325500,0.030,0.731,0.239
326000,0.030,0.693,0.277
326500,0.030,0.747,0.223
327000,0.030,0.757,0.213
327500,0.030,0.714,0.256
328000,0.030,0.688,0.282
328500,0.030,0.688,0.282
329000,0.030,0.700,0.270
329500,0.030,0.711,0.259
330000,0.030,0.721,0.249
330500,0.030,0.660,0.310
331000,0.030,0.719,0.251
331500,0.030,0.713,0.257
332000,0.030,0.761,0.209
332500,0.030,0.743,0.227
333000,0.030,0.735,0.235
333500,0.030,0.751,0.219
334000,0.030,0.752,0.218
334500,0.030,0.779,0.191
335000,0.030,0.747,0.223
335500,0.030,0.769,0.201
336000,0.030,0.743,0.227
336500,0.030,0.696,0.274
337000,0.030,0.698,0.272
337500,0.030,0.696,0.274
338000,0.030,0.675,0.294
338500,0.030,0.671,0.298
339000,0.030,0.699,0.271
339500,0.030,0.677,0.293
340000,0.030,0.671,0.299
340500,0.030,0.731,0.239
341000,0.030,0.715,0.255
341500,0.030,0.713,0.257
342000,0.030,0.680,0.290
342500,0.030,0.744,0.226
343000,0.030,0.731,0.239
343500,0.030,0.748,0.222
344000,0.030,0.753,0.217
344500,0.030,0.739,0.231
345000,0.030,0.744,0.226
345500,0.030,0.730,0.240
346000,0.030,0.770,0.200
346500,0.030,0.748,0.222
347000,0.030,0.713,0.257
347500,0.030,0.771,0.199
348000,0.030,0.765,0.205
348500,0.030,0.723,0.247
349000,0.030,0.734,0.236
349500,0.030,0.648,0.322
350000,0.030,0.632,0.338
350500,0.030,0.698,0.272
351000,0.030,0.652,0.318
351500,0.030,0.683,0.286
352000,0.030,0.713,0.257
352500,0.030,0.732,0.238
353000,0.030,0.744,0.226
353500,0.030,0.701,0.269
354000,0.030,0.745,0.225
354500,0.030,0.777,0.193
355000,0.030,0.738,0.232
355500,0.030,0.753,0.217
356000,0.030,0.782,0.188
356500,0.030,0.769,0.201
357000,0.030,0.739,0.231
357500,0.030,0.742,0.228
358000,0.030,0.676,0.293
358500,0.030,0.702,0.268
359000,0.030,0.721,0.249
359500,0.030,0.737,0.233
360000,0.030,0.751,0.219
360500,0.030,0.793,0.177
361000,0.030,0.728,0.242
361500,0.030,0.758,0.212
362000,0.030,0.748,0.222
362500,0.030,0.708,0.262
363000,0.030,0.727,0.243
363500,0.030,0.783,0.186
364000,0.030,0.807,0.162
364500,0.030,0.769,0.201
365000,0.030,0.788,0.182
365500,0.030,0.773,0.197
366000,0.030,0.808,0.161
366500,0.030,0.810,0.160
367000,0.030,0.777,0.193
367500,0.030,0.771,0.199
368000,0.030,0.763,0.207
368500,0.030,0.739,0.231
369000,0.030,0.719,0.251
369500,0.030,0.764,0.206
370000,0.030,0.747,0.223
370500,0.030,0.744,0.226
371000,0.030,0.723,0.247
371500,0.030,0.710,0.260
372000,0.030,0.704,0.266
372500,0.030,0.749,0.221
373000,0.030,0.761,0.209
373500,0.030,0.759,0.211
374000,0.030,0.771,0.199
374500,0.030,0.789,0.181
375000,0.030,0.724,0.246
375500,0.030,0.728,0.242
376000,0.030,0.730,0.240
376500,0.030,0.740,0.230
377000,0.030,0.706,0.264
377500,0.030,0.745,0.225
378000,0.030,0.736,0.234
378500,0.030,0.677,0.292
379000,0.030,0.673,0.296
379500,0.030,0.707,0.263
380000,0.030,0.763,0.207
380500,0.030,0.778,0.192
381000,0.030,0.775,0.195
381500,0.030,0.767,0.203
382000,0.030,0.753,0.217
382500,0.030,0.704,0.266
383000,0.030,0.681,0.288
383500,0.030,0.666,0.303
384000,0.030,0.721,0.249
384500,0.030,0.675,0.295
385000,0.030,0.693,0.277
385500,0.030,0.744,0.226
386000,0.030,0.796,0.174
386500,0.030,0.768,0.202
387000,0.030,0.771,0.199
387500,0.030,0.746,0.224
388000,0.030,0.721,0.249
388500,0.030,0.749,0.221
389000,0.030,0.761,0.209
389500,0.030,0.768,0.202
390000,0.030,0.772,0.198
390500,0.030,0.785,0.184
391000,0.030,0.752,0.218
391500,0.030,0.749,0.221
392000,0.030,0.687,0.283
392500,0.030,0.712,0.258
393000,0.030,0.757,0.213
393500,0.030,0.696,0.274
394000,0.030,0.723,0.247
394500,0.030,0.703,0.267
395000,0.030,0.639,0.331
395500,0.030,0.673,0.296
396000,0.030,0.709,0.261
396500,0.030,0.708,0.262
397000,0.030,0.730,0.240
397500,0.030,0.714,0.256
398000,0.030,0.762,0.208
398500,0.030,0.805,0.164
399000,0.030,0.794,0.175
399500,0.030,0.740,0.230
400000,0.030,0.744,0.226
400500,0.030,0.716,0.254
401000,0.030,0.710,0.260
401500,0.030,0.708,0.262
402000,0.030,0.734,0.236
402500,0.030,0.737,0.233
403000,0.030,0.747,0.223
403500,0.030,0.756,0.214
404000,0.030,0.800,0.170
404500,0.030,0.770,0.200
405000,0.030,0.756,0.214
405500,0.030,0.725,0.245
406000,0.030,0.702,0.268
406500,0.030,0.670,0.299
407000,0.030,0.657,0.312
407500,0.030,0.671,0.298
408000,0.030,0.699,0.271
408500,0.030,0.714,0.256
409000,0.030,0.722,0.248
409500,0.030,0.707,0.263
410000,0.030,0.655,0.315
410500,0.030,0.641,0.329
411000,0.030,0.649,0.321
411500,0.030,0.662,0.307
412000,0.030,0.708,0.262
412500,0.030,0.706,0.264
413000,0.030,0.716,0.254
413500,0.030,0.710,0.260
414000,0.030,0.705,0.265
414500,0.030,0.724,0.246
415000,0.030,0.774,0.196
415500,0.030,0.794,0.175
416000,0.030,0.741,0.229
416500,0.030,0.753,0.217
417000,0.030,0.760,0.210
417500,0.030,0.783,0.186
418000,0.030,0.763,0.207
418500,0.030,0.713,0.257
419000,0.030,0.725,0.245
419500,0.030,0.740,0.230
420000,0.030,0.685,0.285
420500,0.030,0.733,0.237
421000,0.030,0.679,0.291
421500,0.030,0.673,0.297
422000,0.030,0.738,0.232
422500,0.030,0.740,0.230
423000,0.030,0.699,0.271
423500,0.030,0.732,0.238
424000,0.030,0.794,0.175
424500,0.030,0.788,0.181
425000,0.030,0.735,0.235
425500,0.030,0.751,0.219
426000,0.030,0.713,0.257
426500,0.030,0.716,0.254
427000,0.030,0.729,0.241
427500,0.030,0.773,0.197
428000,0.030,0.778,0.192
428500,0.030,0.681,0.289
429000,0.030,0.652,0.318
429500,0.030,0.679,0.290
430000,0.030,0.751,0.219
430500,0.030,0.738,0.232
431000,0.030,0.793,0.176
431500,0.030,0.758,0.212
432000,0.030,0.727,0.243
432500,0.030,0.726,0.244
433000,0.030,0.771,0.199
433500,0.030,0.756,0.214
434000,0.030,0.766,0.204
434500,0.030,0.749,0.221
435000,0.030,0.716,0.254
435500,0.030,0.667,0.302
436000,0.030,0.715,0.255
436500,0.030,0.683,0.286
437000,0.030,0.722,0.248
437500,0.030,0.710,0.260
438000,0.030,0.640,0.330
438500,0.030,0.622,0.348
439000,0.030,0.606,0.364
439500,0.030,0.671,0.298
440000,0.030,0.665,0.305
440500,0.030,0.682,0.287
441000,0.030,0.650,0.320
441500,0.030,0.650,0.320
442000,0.030,0.702,0.268
442500,0.030,0.660,0.310
443000,0.030,0.656,0.314
443500,0.030,0.645,0.325
444000,0.030,0.704,0.266
444500,0.030,0.731,0.239
445000,0.030,0.720,0.250
445500,0.030,0.721,0.249
446000,0.030,0.685,0.284
446500,0.030,0.716,0.254
447000,0.030,0.688,0.282
447500,0.030,0.751,0.219
448000,0.030,0.746,0.224
448500,0.030,0.757,0.213
449000,0.030,0.766,0.204
449500,0.030,0.773,0.197
450000,0.030,0.738,0.232
450500,0.030,0.718,0.252
451000,0.030,0.692,0.278
451500,0.030,0.662,0.307
452000,0.030,0.705,0.265
452500,0.030,0.728,0.242
453000,0.030,0.684,0.286
453500,0.030,0.747,0.223
454000,0.030,0.746,0.224
454500,0.030,0.767,0.203
455000,0.030,0.783,0.187
455500,0.030,0.746,0.224
456000,0.030,0.801,0.169
456500,0.030,0.710,0.260
457000,0.030,0.765,0.205
457500,0.030,0.789,0.180
458000,0.030,0.742,0.228
458500,0.030,0.785,0.184
459000,0.030,0.777,0.193
459500,0.030,0.756,0.214
460000,0.030,0.798,0.172
460500,0.030,0.759,0.211
461000,0.030,0.731,0.239
461500,0.030,0.694,0.276
462000,0.030,0.698,0.272
462500,0.030,0.722,0.248
463000,0.030,0.742,0.228
463500,0.030,0.780,0.190
464000,0.030,0.720,0.250
464500,0.030,0.699,0.271
465000,0.030,0.721,0.249
465500,0.030,0.747,0.223
466000,0.030,0.701,0.269
466500,0.030,0.726,0.244
467000,0.030,0.656,0.314
467500,0.030,0.655,0.315
468000,0.030,0.694,0.276
468500,0.030,0.749,0.221
469000,0.030,0.708,0.262
469500,0.030,0.767,0.203
470000,0.030,0.689,0.281
470500,0.030,0.713,0.257
471000,0.030,0.710,0.260
471500,0.030,0.677,0.293
472000,0.030,0.689,0.281
472500,0.030,0.667,0.303
473000,0.030,0.712,0.258
473500,0.030,0.725,0.245
474000,0.030,0.673,0.296
474500,0.030,0.703,0.267
475000,0.030,0.665,0.304
475500,0.030,0.656,0.314
476000,0.030,0.678,0.291
476500,0.030,0.709,0.261
477000,0.030,0.667,0.302
477500,0.030,0.683,0.286
478000,0.030,0.662,0.308
478500,0.030,0.695,0.275
479000,0.030,0.752,0.218
479500,0.030,0.732,0.238
480000,0.030,0.768,0.202
480500,0.030,0.738,0.232
481000,0.030,0.703,0.267
481500,0.030,0.685,0.285
482000,0.030,0.698,0.272
482500,0.030,0.732,0.238
483000,0.030,0.753,0.217
483500,0.030,0.736,0.234
484000,0.030,0.720,0.250
484500,0.030,0.715,0.255
485000,0.030,0.757,0.213
485500,0.030,0.747,0.223
486000,0.030,0.705,0.265
486500,0.030,0.696,0.274
487000,0.030,0.641,0.329
487500,0.030,0.684,0.286
488000,0.030,0.727,0.243
488500,0.030,0.758,0.212
489000,0.030,0.788,0.182
489500,0.030,0.774,0.196
490000,0.030,0.771,0.199
490500,0.030,0.755,0.215
491000,0.030,0.737,0.233
491500,0.030,0.743,0.227
492000,0.030,0.723,0.247
492500,0.030,0.655,0.315
493000,0.030,0.687,0.283
493500,0.030,0.703,0.267
494000,0.030,0.722,0.248
494500,0.030,0.743,0.227
495000,0.030,0.755,0.215
495500,0.030,0.752,0.218
496000,0.030,0.804,0.165
496500,0.030,0.751,0.219
497000,0.030,0.726,0.244
497500,0.030,0.775,0.195
498000,0.030,0.746,0.224
498500,0.030,0.741,0.229
499000,0.030,0.763,0.207
499500,0.030,0.717,0.253
500000,0.030,0.783,0.186
500500,0.030,0.804,0.166
501000,0.030,0.769,0.201
501500,0.030,0.746,0.224
502000,0.030,0.701,0.269
502500,0.030,0.748,0.222
503000,0.030,0.716,0.254
503500,0.030,0.771,0.199
504000,0.030,0.729,0.241
504500,0.030,0.716,0.254
505000,0.030,0.709,0.261
505500,0.030,0.733,0.237
506000,0.030,0.721,0.249
506500,0.030,0.754,0.216
507000,0.030,0.720,0.250
507500,0.030,0.799,0.170
508000,0.030,0.799,0.170
508500,0.030,0.757,0.213
509000,0.030,0.755,0.215
509500,0.030,0.735,0.235
510000,0.030,0.762,0.208
510500,0.030,0.791,0.179
511000,0.030,0.769,0.201
511500,0.030,0.800,0.170
512000,0.030,0.743,0.227
512500,0.030,0.747,0.223
513000,0.030,0.704,0.266
513500,0.030,0.717,0.253
514000,0.030,0.710,0.260
514500,0.030,0.706,0.264
515000,0.030,0.726,0.244
515500,0.030,0.672,0.297
516000,0.030,0.715,0.255
516500,0.030,0.724,0.246
517000,0.030,0.715,0.255
517500,0.030,0.767,0.203
518000,0.030,0.769,0.201
518500,0.030,0.730,0.240
519000,0.030,0.741,0.229
519500,0.030,0.743,0.227
520000,0.030,0.712,0.258
520500,0.030,0.688,0.282
521000,0.030,0.694,0.276
521500,0.030,0.706,0.264
522000,0.030,0.730,0.240
522500,0.030,0.750,0.220
523000,0.030,0.736,0.234
523500,0.030,0.810,0.160
524000,0.030,0.840,0.130
524500,0.030,0.795,0.175
525000,0.030,0.811,0.158
525500,0.030,0.765,0.205
526000,0.030,0.754,0.216
526500,0.030,0.784,0.185
527000,0.030,0.736,0.234
527500,0.030,0.707,0.263
528000,0.030,0.684,0.285
528500,0.030,0.629,0.341
529000,0.030,0.673,0.297
529500,0.030,0.620,0.350
530000,0.030,0.660,0.309
530500,0.030,0.649,0.321
531000,0.030,0.696,0.274
531500,0.030,0.680,0.289
532000,0.030,0.732,0.238
532500,0.030,0.723,0.247
533000,0.030,0.763,0.207
533500,0.030,0.774,0.196
534000,0.030,0.725,0.245
534500,0.030,0.703,0.267
535000,0.030,0.716,0.254
535500,0.030,0.735,0.235
536000,0.030,0.726,0.244
536500,0.030,0.760,0.210
537000,0.030,0.781,0.189
537500,0.030,0.779,0.191
538000,0.030,0.746,0.224
538500,0.030,0.737,0.233
539000,0.030,0.723,0.247
539500,0.030,0.781,0.189
540000,0.030,0.772,0.198
540500,0.030,0.808,0.161
541000,0.030,0.751,0.219
541500,0.030,0.788,0.181
542000,0.030,0.813,0.157
542500,0.030,0.779,0.191
543000,0.030,0.783,0.186
543500,0.030,0.755,0.215
544000,0.030,0.728,0.242
544500,0.030,0.720,0.250
545000,0.030,0.731,0.239
545500,0.030,0.760,0.210
546000,0.030,0.779,0.191
546500,0.030,0.785,0.185
547000,0.030,0.789,0.181
547500,0.030,0.715,0.255
548000,0.030,0.719,0.251
548500,0.030,0.734,0.236
549000,0.030,0.721,0.249
549500,0.030,0.668,0.302
550000,0.030,0.663,0.307
550500,0.030,0.647,0.323
551000,0.030,0.648,0.322
551500,0.030,0.696,0.274
552000,0.030,0.724,0.246
552500,0.030,0.741,0.229
553000,0.030,0.692,0.278
553500,0.030,0.708,0.262
554000,0.030,0.688,0.282
554500,0.030,0.696,0.274
555000,0.030,0.749,0.221
555500,0.030,0.753,0.217
556000,0.030,0.778,0.192
556500,0.030,0.788,0.181
557000,0.030,0.728,0.242
557500,0.030,0.747,0.223
558000,0.030,0.749,0.221
558500,0.030,0.707,0.263
559000,0.030,0.709,0.261
559500,0.030,0.677,0.292
560000,0.030,0.669,0.301
560500,0.030,0.693,0.277
561000,0.030,0.634,0.336
561500,0.030,0.664,0.305
562000,0.030,0.659,0.311
562500,0.030,0.642,0.328
563000,0.030,0.643,0.327
563500,0.030,0.729,0.241
564000,0.030,0.656,0.314
564500,0.030,0.623,0.347
565000,0.030,0.698,0.272
565500,0.030,0.682,0.287
566000,0.030,0.692,0.278
566500,0.030,0.707,0.263
567000,0.030,0.790,0.180
567500,0.030,0.824,0.146
568000,0.030,0.800,0.169
568500,0.030,0.780,0.190
569000,0.030,0.765,0.205
569500,0.030,0.746,0.224
570000,0.030,0.730,0.240
570500,0.030,0.704,0.266
571000,0.030,0.701,0.269
571500,0.030,0.716,0.254
572000,0.030,0.717,0.253
572500,0.030,0.729,0.241
573000,0.030,0.751,0.219
573500,0.030,0.744,0.226
574000,0.030,0.758,0.212
574500,0.030,0.741,0.229
575000,0.030,0.677,0.293
575500,0.030,0.681,0.289
576000,0.030,0.673,0.297
576500,0.030,0.743,0.227
577000,0.030,0.769,0.201
577500,0.030,0.726,0.244
578000,0.030,0.702,0.268
578500,0.030,0.670,0.300
579000,0.030,0.653,0.317
579500,0.030,0.645,0.325
580000,0.030,0.605,0.365
580500,0.030,0.648,0.322
581000,0.030,0.648,0.322
581500,0.030,0.716,0.254
582000,0.030,0.781,0.189
582500,0.030,0.777,0.193
583000,0.030,0.726,0.244
583500,0.030,0.730,0.240
584000,0.030,0.718,0.252
584500,0.030,0.707,0.263
585000,0.030,0.679,0.291
585500,0.030,0.675,0.294
586000,0.030,0.719,0.251
586500,0.030,0.761,0.209
587000,0.030,0.729,0.241
587500,0.030,0.742,0.228
588000,0.030,0.743,0.227
588500,0.030,0.771,0.199
589000,0.030,0.750,0.220
589500,0.030,0.721,0.249
590000,0.030,0.770,0.200
590500,0.030,0.684,0.286
591000,0.030,0.640,0.330
591500,0.030,0.686,0.283
592000,0.030,0.707,0.263
592500,0.030,0.742,0.228
593000,0.030,0.721,0.249
593500,0.030,0.755,0.215
594000,0.030,0.772,0.198
594500,0.030,0.717,0.253
595000,0.030,0.746,0.224
595500,0.030,0.707,0.263
596000,0.030,0.695,0.275
596500,0.030,0.697,0.273
597000,0.030,0.680,0.289
597500,0.030,0.637,0.333
598000,0.030,0.689,0.281
598500,0.030,0.700,0.270
599000,0.030,0.662,0.307
599500,0.030,0.750,0.220
600000,0.030,0.712,0.258
600500,0.030,0.756,0.214
601000,0.030,0.716,0.254
601500,0.030,0.699,0.271
602000,0.030,0.722,0.248
602500,0.030,0.706,0.264
603000,0.030,0.749,0.221
603500,0.030,0.746,0.224
604000,0.030,0.775,0.195
604500,0.030,0.722,0.248
605000,0.030,0.725,0.245
605500,0.030,0.690,0.280
606000,0.030,0.731,0.239
606500,0.030,0.759,0.211
607000,0.030,0.726,0.244
607500,0.030,0.775,0.195
608000,0.030,0.759,0.211
608500,0.030,0.789,0.180
609000,0.030,0.788,0.181
609500,0.030,0.786,0.184
610000,0.030,0.746,0.224
610500,0.030,0.789,0.180
611000,0.030,0.782,0.188
611500,0.030,0.777,0.193
612000,0.030,0.746,0.224
612500,0.030,0.783,0.187
613000,0.030,0.763,0.207
613500,0.030,0.763,0.207
614000,0.030,0.805,0.164
614500,0.030,0.783,0.187
615000,0.030,0.764,0.206
615500,0.030,0.761,0.209
616000,0.030,0.766,0.204
616500,0.030,0.784,0.186
617000,0.030,0.737,0.233
617500,0.030,0.751,0.219
618000,0.030,0.744,0.226
618500,0.030,0.748,0.222
619000,0.030,0.771,0.199
619500,0.030,0.730,0.240
620000,0.030,0.748,0.222
620500,0.030,0.766,0.204
621000,0.030,0.742,0.228
621500,0.030,0.744,0.226
622000,0.030,0.718,0.252
622500,0.030,0.720,0.250
623000,0.030,0.719,0.251
623500,0.030,0.741,0.229
624000,0.030,0.719,0.251
624500,0.030,0.697,0.273
625000,0.030,0.656,0.314
625500,0.030,0.696,0.274
626000,0.030,0.680,0.289
626500,0.030,0.731,0.239
627000,0.030,0.711,0.259
627500,0.030,0.750,0.220
628000,0.030,0.759,0.211
628500,0.030,0.758,0.212
629000,0.030,0.697,0.273
629500,0.030,0.733,0.237
630000,0.030,0.743,0.227
630500,0.030,0.715,0.255
631000,0.030,0.711,0.259
631500,0.030,0.742,0.228
632000,0.030,0.746,0.224
632500,0.030,0.748,0.222
633000,0.030,0.785,0.184
633500,0.030,0.791,0.178
634000,0.030,0.799,0.170
634500,0.030,0.795,0.174
635000,0.030,0.778,0.192
635500,0.030,0.729,0.241
636000,0.030,0.747,0.223
636500,0.030,0.752,0.218
637000,0.030,0.751,0.219
637500,0.030,0.737,0.233
638000,0.030,0.695,0.275
638500,0.030,0.709,0.261
639000,0.030,0.722,0.248
639500,0.030,0.741,0.229
640000,0.030,0.726,0.244
640500,0.030,0.748,0.222
641000,0.030,0.720,0.250
641500,0.030,0.733,0.237
642000,0.030,0.762,0.208
642500,0.030,0.806,0.164
643000,0.030,0.783,0.186
643500,0.030,0.777,0.193
644000,0.030,0.704,0.266
644500,0.030,0.721,0.249
645000,0.030,0.744,0.226
645500,0.030,0.681,0.289
646000,0.030,0.751,0.219
646500,0.030,0.715,0.255
647000,0.030,0.656,0.314
647500,0.030,0.690,0.280
648000,0.030,0.732,0.238
648500,0.030,0.749,0.221
649000,0.030,0.740,0.230
649500,0.030,0.735,0.235
650000,0.030,0.730,0.240
650500,0.030,0.746,0.224
651000,0.030,0.699,0.271
651500,0.030,0.747,0.223
652000,0.030,0.773,0.197
652500,0.030,0.774,0.196
653000,0.030,0.711,0.259
653500,0.030,0.660,0.310
654000,0.030,0.665,0.305
654500,0.030,0.685,0.285
655000,0.030,0.674,0.295
655500,0.030,0.643,0.327
656000,0.030,0.643,0.327
656500,0.030,0.685,0.284
657000,0.030,0.706,0.264
657500,0.030,0.674,0.295
658000,0.030,0.734,0.236
658500,0.030,0.729,0.241
659000,0.030,0.735,0.235
659500,0.030,0.733,0.237
660000,0.030,0.729,0.241
660500,0.030,0.707,0.263
661000,0.030,0.673,0.296
661500,0.030,0.734,0.236
662000,0.030,0.743,0.227
662500,0.030,0.789,0.181
663000,0.030,0.752,0.218
663500,0.030,0.675,0.294
664000,0.030,0.675,0.295
664500,0.030,0.654,0.316
665000,0.030,0.668,0.302
665500,0.030,0.679,0.291
666000,0.030,0.711,0.259
666500,0.030,0.604,0.366
667000,0.030,0.637,0.333
667500,0.030,0.689,0.281
668000,0.030,0.682,0.288
668500,0.030,0.697,0.273
669000,0.030,0.696,0.274
669500,0.030,0.726,0.244
670000,0.030,0.680,0.289
670500,0.030,0.685,0.284
671000,0.030,0.738,0.232
671500,0.030,0.729,0.241
672000,0.030,0.736,0.234
672500,0.030,0.759,0.211
673000,0.030,0.728,0.242
673500,0.030,0.768,0.202
674000,0.030,0.774,0.196
674500,0.030,0.771,0.199
675000,0.030,0.751,0.219
675500,0.030,0.647,0.323
676000,0.030,0.663,0.307
676500,0.030,0.658,0.312
677000,0.030,0.716,0.254
677500,0.030,0.728,0.242
678000,0.030,0.696,0.274
678500,0.030,0.693,0.277
679000,0.030,0.722,0.248
679500,0.030,0.716,0.254
680000,0.030,0.697,0.273
680500,0.030,0.679,0.291
681000,0.030,0.694,0.276
681500,0.030,0.731,0.239
682000,0.030,0.757,0.213
682500,0.030,0.776,0.194
683000,0.030,0.755,0.215
683500,0.030,0.756,0.214
684000,0.030,0.744,0.226
684500,0.030,0.780,0.190
685000,0.030,0.808,0.161
685500,0.030,0.834,0.136
686000,0.030,0.778,0.192
686500,0.030,0.753,0.217
687000,0.030,0.727,0.243
687500,0.030,0.703,0.267
688000,0.030,0.734,0.236
688500,0.030,0.785,0.184
689000,0.030,0.689,0.281
689500,0.030,0.675,0.295
690000,0.030,0.778,0.192
690500,0.030,0.770,0.200
691000,0.030,0.730,0.240
691500,0.030,0.733,0.237
692000,0.030,0.747,0.223
692500,0.030,0.727,0.243
693000,0.030,0.713,0.257
693500,0.030,0.728,0.242
694000,0.030,0.706,0.264
694500,0.030,0.695,0.275
695000,0.030,0.755,0.215
695500,0.030,0.788,0.182
696000,0.030,0.761,0.209
696500,0.030,0.715,0.255
697000,0.030,0.678,0.292
697500,0.030,0.676,0.293
698000,0.030,0.643,0.327
698500,0.030,0.730,0.240
699000,0.030,0.697,0.273
699500,0.030,0.676,0.293
700000,0.030,0.664,0.305
700500,0.030,0.702,0.268
701000,0.030,0.696,0.274
701500,0.030,0.706,0.264
702000,0.030,0.710,0.260
702500,0.030,0.740,0.230
703000,0.030,0.708,0.262
703500,0.030,0.721,0.249
704000,0.030,0.757,0.213
704500,0.030,0.728,0.242
705000,0.030,0.708,0.262
705500,0.030,0.689,0.281
706000,0.030,0.698,0.272
706500,0.030,0.735,0.235
707000,0.030,0.709,0.261
707500,0.030,0.668,0.302
708000,0.030,0.724,0.246
708500,0.030,0.752,0.218
709000,0.030,0.725,0.245
709500,0.030,0.703,0.267
710000,0.030,0.778,0.192
710500,0.030,0.764,0.206
711000,0.030,0.755,0.215
711500,0.030,0.750,0.220
712000,0.030,0.678,0.291
712500,0.030,0.692,0.278
713000,0.030,0.686,0.283
713500,0.030,0.714,0.256
714000,0.030,0.684,0.286
714500,0.030,0.733,0.237
715000,0.030,0.723,0.247
715500,0.030,0.728,0.242
716000,0.030,0.684,0.285
716500,0.030,0.703,0.267
717000,0.030,0.665,0.305
717500,0.030,0.672,0.298
718000,0.030,0.739,0.231
718500,0.030,0.742,0.228
719000,0.030,0.743,0.227
719500,0.030,0.752,0.218
720000,0.030,0.750,0.220
720500,0.030,0.758,0.212
721000,0.030,0.789,0.181
721500,0.030,0.788,0.182
722000,0.030,0.759,0.211
722500,0.030,0.725,0.245
723000,0.030,0.781,0.189
723500,0.030,0.682,0.287
724000,0.030,0.750,0.220
724500,0.030,0.743,0.227
725000,0.030,0.774,0.196
725500,0.030,0.770,0.200
726000,0.030,0.782,0.188
726500,0.030,0.724,0.246
727000,0.030,0.750,0.220
727500,0.030,0.781,0.189
728000,0.030,0.759,0.211
728500,0.030,0.741,0.229
729000,0.030,0.732,0.238
729500,0.030,0.714,0.256
730000,0.030,0.630,0.340
730500,0.030,0.696,0.274
731000,0.030,0.685,0.285
731500,0.030,0.721,0.249
732000,0.030,0.702,0.268
732500,0.030,0.764,0.206
733000,0.030,0.768,0.202
733500,0.030,0.791,0.179
734000,0.030,0.746,0.224
734500,0.030,0.763,0.207
735000,0.030,0.707,0.263
735500,0.030,0.706,0.264
736000,0.030,0.716,0.254
736500,0.030,0.719,0.251
737000,0.030,0.744,0.226
737500,0.030,0.669,0.301
738000,0.030,0.750,0.220
738500,0.030,0.761,0.209
739000,0.030,0.719,0.251
739500,0.030,0.688,0.282
740000,0.030,0.620,0.350
740500,0.030,0.670,0.300
741000,0.030,0.664,0.306
741500,0.030,0.734,0.236
742000,0.030,0.754,0.216
742500,0.030,0.713,0.257
743000,0.030,0.723,0.247
743500,0.030,0.756,0.214
744000,0.030,0.718,0.252
744500,0.030,0.752,0.218
745000,0.030,0.720,0.250
745500,0.030,0.749,0.221
746000,0.030,0.692,0.278
746500,0.030,0.653,0.317
747000,0.030,0.701,0.269
747500,0.030,0.741,0.229
748000,0.030,0.779,0.191
748500,0.030,0.757,0.213
749000,0.030,0.760,0.210
749500,0.030,0.772,0.198
750000,0.030,0.748,0.222
750500,0.030,0.729,0.241
751000,0.030,0.745,0.225
751500,0.030,0.749,0.221
752000,0.030,0.746,0.224
752500,0.030,0.736,0.234
753000,0.030,0.763,0.207
753500,0.030,0.792,0.178
754000,0.030,0.808,0.162
754500,0.030,0.804,0.165
755000,0.030,0.779,0.191
755500,0.030,0.769,0.201
756000,0.030,0.762,0.208
756500,0.030,0.717,0.253
757000,0.030,0.652,0.318
757500,0.030,0.675,0.294
758000,0.030,0.667,0.302
758500,0.030,0.714,0.256
759000,0.030,0.764,0.206
759500,0.030,0.764,0.206
760000,0.030,0.712,0.258
760500,0.030,0.703,0.267
761000,0.030,0.706,0.264
761500,0.030,0.642,0.328
762000,0.030,0.611,0.359
762500,0.030,0.644,0.326
763000,0.030,0.722,0.248
763500,0.030,0.754,0.216
764000,0.030,0.728,0.242
764500,0.030,0.747,0.223
765000,0.030,0.750,0.220
765500,0.030,0.697,0.273
766000,0.030,0.691,0.279
766500,0.030,0.707,0.263
767000,0.030,0.667,0.303
767500,0.030,0.637,0.333
768000,0.030,0.711,0.259
768500,0.030,0.706,0.264
769000,0.030,0.683,0.287
769500,0.030,0.705,0.265
770000,0.030,0.713,0.257
770500,0.030,0.734,0.236
771000,0.030,0.725,0.245
771500,0.030,0.724,0.246
772000,0.030,0.705,0.265
772500,0.030,0.663,0.307
773000,0.030,0.694,0.276
773500,0.030,0.703,0.267
774000,0.030,0.735,0.235
774500,0.030,0.740,0.230
775000,0.030,0.722,0.248
775500,0.030,0.701,0.269
776000,0.030,0.729,0.241
776500,0.030,0.728,0.242
777000,0.030,0.764,0.206
777500,0.030,0.762,0.208
778000,0.030,0.782,0.188
778500,0.030,0.769,0.201
779000,0.030,0.710,0.260
779500,0.030,0.683,0.287
780000,0.030,0.677,0.293
780500,0.030,0.691,0.279
781000,0.030,0.689,0.281
781500,0.030,0.693,0.277
782000,0.030,0.667,0.303
782500,0.030,0.629,0.341
783000,0.030,0.618,0.352
783500,0.030,0.697,0.273
784000,0.030,0.746,0.224
784500,0.030,0.777,0.193
785000,0.030,0.801,0.168
785500,0.030,0.813,0.157
786000,0.030,0.780,0.190
786500,0.030,0.759,0.211
787000,0.030,0.754,0.216
787500,0.030,0.800,0.169
788000,0.030,0.737,0.233
788500,0.030,0.744,0.226
789000,0.030,0.772,0.198
789500,0.030,0.753,0.217
790000,0.030,0.761,0.209
790500,0.030,0.729,0.241
791000,0.030,0.709,0.261
791500,0.030,0.722,0.248
792000,0.030,0.745,0.225
792500,0.030,0.760,0.210
793000,0.030,0.743,0.227
793500,0.030,0.683,0.287
794000,0.030,0.714,0.256
794500,0.030,0.650,0.320
795000,0.030,0.749,0.221
795500,0.030,0.745,0.225
796000,0.030,0.713,0.257
796500,0.030,0.680,0.290
797000,0.030,0.674,0.295
797500,0.030,0.660,0.309
798000,0.030,0.673,0.296
798500,0.030,0.701,0.269
799000,0.030,0.744,0.226
799500,0.030,0.766,0.204
800000,0.030,0.794,0.176
800500,0.030,0.780,0.190
801000,0.030,0.729,0.241
801500,0.030,0.701,0.269
802000,0.030,0.699,0.271
802500,0.030,0.675,0.294
803000,0.030,0.732,0.238
803500,0.030,0.758,0.212
804000,0.030,0.763,0.207
804500,0.030,0.721,0.249
805000,0.030,0.733,0.237
805500,0.030,0.662,0.307
806000,0.030,0.657,0.312
806500,0.030,0.663,0.306
807000,0.030,0.686,0.284
807500,0.030,0.665,0.305
808000,0.030,0.677,0.292
808500,0.030,0.638,0.332
809000,0.030,0.672,0.297
809500,0.030,0.721,0.249
810000,0.030,0.730,0.240
810500,0.030,0.790,0.180
811000,0.030,0.796,0.173
811500,0.030,0.735,0.235
812000,0.030,0.725,0.245
812500,0.030,0.704,0.266
813000,0.030,0.709,0.261
813500,0.030,0.716,0.254
814000,0.030,0.721,0.249
814500,0.030,0.750,0.220
815000,0.030,0.703,0.267
815500,0.030,0.675,0.295
816000,0.030,0.672,0.298
816500,0.030,0.761,0.209
817000,0.030,0.749,0.221
817500,0.030,0.704,0.266
818000,0.030,0.709,0.261
818500,0.030,0.684,0.285
819000,0.030,0.716,0.254
819500,0.030,0.717,0.253
820000,0.030,0.704,0.266
820500,0.030,0.740,0.230
821000,0.030,0.656,0.314
821500,0.030,0.663,0.307
822000,0.030,0.708,0.262
822500,0.030,0.746,0.224
823000,0.030,0.785,0.185
823500,0.030,0.690,0.280
824000,0.030,0.662,0.308
824500,0.030,0.691,0.279
825000,0.030,0.737,0.233
825500,0.030,0.748,0.222
826000,0.030,0.783,0.186
826500,0.030,0.774,0.196
827000,0.030,0.763,0.207
827500,0.030,0.761,0.209
828000,0.030,0.759,0.211
828500,0.030,0.721,0.249
829000,0.030,0.730,0.240
829500,0.030,0.723,0.247
830000,0.030,0.758,0.212
830500,0.030,0.770,0.200
831000,0.030,0.774,0.196
831500,0.030,0.774,0.196
832000,0.030,0.773,0.197
832500,0.030,0.686,0.284
833000,0.030,0.653,0.317
833500,0.030,0.654,0.316
834000,0.030,0.702,0.268
834500,0.030,0.755,0.215
835000,0.030,0.705,0.265
835500,0.030,0.757,0.213
836000,0.030,0.788,0.181
836500,0.030,0.766,0.204
837000,0.030,0.766,0.204
837500,0.030,0.704,0.266
838000,0.030,0.678,0.291
838500,0.030,0.657,0.313
839000,0.030,0.689,0.281
839500,0.030,0.702,0.268
840000,0.030,0.710,0.260
840500,0.030,0.698,0.272
841000,0.030,0.726,0.244
841500,0.030,0.751,0.219
842000,0.030,0.786,0.183
842500,0.030,0.734,0.236
843000,0.030,0.739,0.231
843500,0.030,0.754,0.216
844000,0.030,0.749,0.221
844500,0.030,0.713,0.257
845000,0.030,0.681,0.289
845500,0.030,0.707,0.263
846000,0.030,0.732,0.238
846500,0.030,0.739,0.231
847000,0.030,0.720,0.250
847500,0.030,0.719,0.251
848000,0.030,0.686,0.283
848500,0.030,0.632,0.338
849000,0.030,0.647,0.323
849500,0.030,0.673,0.297
850000,0.030,0.710,0.260
850500,0.030,0.688,0.282
851000,0.030,0.713,0.257
851500,0.030,0.729,0.241
852000,0.030,0.728,0.242
852500,0.030,0.710,0.260
853000,0.030,0.752,0.218
853500,0.030,0.766,0.204
854000,0.030,0.732,0.238
854500,0.030,0.720,0.250
855000,0.030,0.761,0.209
855500,0.030,0.788,0.182
856000,0.030,0.750,0.220
856500,0.030,0.658,0.312
857000,0.030,0.703,0.267
857500,0.030,0.719,0.251
858000,0.030,0.735,0.235
858500,0.030,0.731,0.239
859000,0.030,0.753,0.217
859500,0.030,0.781,0.189
860000,0.030,0.740,0.230
860500,0.030,0.730,0.240
861000,0.030,0.741,0.229
861500,0.030,0.697,0.273
862000,0.030,0.694,0.276
862500,0.030,0.691,0.279
863000,0.030,0.713,0.257
863500,0.030,0.658,0.312
864000,0.030,0.636,0.334
864500,0.030,0.613,0.357
865000,0.030,0.696,0.274
865500,0.030,0.732,0.238
866000,0.030,0.800,0.170
866500,0.030,0.728,0.242
867000,0.030,0.750,0.220
867500,0.030,0.757,0.213
868000,0.030,0.761,0.209
868500,0.030,0.769,0.201
869000,0.030,0.778,0.192
869500,0.030,0.793,0.176
870000,0.030,0.744,0.226
870500,0.030,0.714,0.256
871000,0.030,0.717,0.253
871500,0.030,0.729,0.241
872000,0.030,0.736,0.234
872500,0.030,0.749,0.221
873000,0.030,0.750,0.220
873500,0.030,0.754,0.216
874000,0.030,0.734,0.236
874500,0.030,0.763,0.207
875000,0.030,0.772,0.198
875500,0.030,0.828,0.142
876000,0.030,0.809,0.160
876500,0.030,0.851,0.119
877000,0.030,0.838,0.132
877500,0.030,0.794,0.176
878000,0.030,0.779,0.191
878500,0.030,0.740,0.230
879000,0.030,0.745,0.225
879500,0.030,0.692,0.278
880000,0.030,0.716,0.254
880500,0.030,0.717,0.253
881000,0.030,0.711,0.259
881500,0.030,0.726,0.244
882000,0.030,0.709,0.261
882500,0.030,0.739,0.231
883000,0.030,0.724,0.246
883500,0.030,0.723,0.247
884000,0.030,0.747,0.223
884500,0.030,0.748,0.222
885000,0.030,0.796,0.174
885500,0.030,0.769,0.201
886000,0.030,0.667,0.303
886500,0.030,0.742,0.228
887000,0.030,0.725,0.245
887500,0.030,0.703,0.267
888000,0.030,0.722,0.248
888500,0.030,0.724,0.246
889000,0.030,0.768,0.202
889500,0.030,0.760,0.210
890000,0.030,0.708,0.262
890500,0.030,0.695,0.275
891000,0.030,0.702,0.268
891500,0.030,0.693,0.277
892000,0.030,0.715,0.255
892500,0.030,0.709,0.261
893000,0.030,0.703,0.267
893500,0.030,0.760,0.210
894000,0.030,0.760,0.210
894500,0.030,0.735,0.235
895000,0.030,0.707,0.263
895500,0.030,0.720,0.250
896000,0.030,0.687,0.283
896500,0.030,0.680,0.290
897000,0.030,0.701,0.269
897500,0.030,0.708,0.262
898000,0.030,0.722,0.248
898500,0.030,0.700,0.270
899000,0.030,0.722,0.248
899500,0.030,0.702,0.268
900000,0.030,0.678,0.292
900500,0.030,0.784,0.186
901000,0.030,0.706,0.264
901500,0.030,0.618,0.352
902000,0.030,0.608,0.362
902500,0.030,0.624,0.346
903000,0.030,0.630,0.340
903500,0.030,0.689,0.281
904000,0.030,0.700,0.270
904500,0.030,0.732,0.238
905000,0.030,0.763,0.207
905500,0.030,0.732,0.238
906000,0.030,0.704,0.266
906500,0.030,0.709,0.261
907000,0.030,0.747,0.223
907500,0.030,0.693,0.277
908000,0.030,0.675,0.295
908500,0.030,0.693,0.277
909000,0.030,0.725,0.245
909500,0.030,0.707,0.263
910000,0.030,0.763,0.207
910500,0.030,0.772,0.198
911000,0.030,0.779,0.191
911500,0.030,0.759,0.211
912000,0.030,0.708,0.262
912500,0.030,0.652,0.318
913000,0.030,0.649,0.321
913500,0.030,0.673,0.296
914000,0.030,0.690,0.280
914500,0.030,0.668,0.301
915000,0.030,0.718,0.252
915500,0.030,0.746,0.224
916000,0.030,0.723,0.247
916500,0.030,0.703,0.267
917000,0.030,0.755,0.215
917500,0.030,0.752,0.218
918000,0.030,0.756,0.214
918500,0.030,0.711,0.259
919000,0.030,0.694,0.276
919500,0.030,0.716,0.254
920000,0.030,0.700,0.270
920500,0.030,0.692,0.278
921000,0.030,0.671,0.298
921500,0.030,0.682,0.287
922000,0.030,0.743,0.227
922500,0.030,0.712,0.258
923000,0.030,0.773,0.197
923500,0.030,0.788,0.181
924000,0.030,0.709,0.261
924500,0.030,0.685,0.285
925000,0.030,0.711,0.259
925500,0.030,0.678,0.292
926000,0.030,0.663,0.306
926500,0.030,0.696,0.274
927000,0.030,0.645,0.325
927500,0.030,0.703,0.267
928000,0.030,0.696,0.274
928500,0.030,0.713,0.257
929000,0.030,0.723,0.247
929500,0.030,0.711,0.259
930000,0.030,0.727,0.243
930500,0.030,0.692,0.278
931000,0.030,0.690,0.280
931500,0.030,0.652,0.318
932000,0.030,0.647,0.323
932500,0.030,0.675,0.294
933000,0.030,0.731,0.239
933500,0.030,0.760,0.210
934000,0.030,0.802,0.168
934500,0.030,0.796,0.173
935000,0.030,0.732,0.238
935500,0.030,0.739,0.231
936000,0.030,0.709,0.261
936500,0.030,0.740,0.230
937000,0.030,0.768,0.202
937500,0.030,0.787,0.183
938000,0.030,0.783,0.187
938500,0.030,0.745,0.225
939000,0.030,0.678,0.291
939500,0.030,0.665,0.304
940000,0.030,0.678,0.291
940500,0.030,0.712,0.258
941000,0.030,0.715,0.255
941500,0.030,0.716,0.254
942000,0.030,0.735,0.235
942500,0.030,0.677,0.292
943000,0.030,0.698,0.272
943500,0.030,0.656,0.314
944000,0.030,0.688,0.282
944500,0.030,0.656,0.314
945000,0.030,0.716,0.254
945500,0.030,0.724,0.246
946000,0.030,0.751,0.219
946500,0.030,0.779,0.191
947000,0.030,0.707,0.263
947500,0.030,0.660,0.310
948000,0.030,0.747,0.223
948500,0.030,0.790,0.180
949000,0.030,0.783,0.186
949500,0.030,0.763,0.207
950000,0.030,0.799,0.170
950500,0.030,0.796,0.173
951000,0.030,0.757,0.213
951500,0.030,0.751,0.219
952000,0.030,0.759,0.211
952500,0.030,0.712,0.258
953000,0.030,0.718,0.252
953500,0.030,0.733,0.237
954000,0.030,0.696,0.274
954500,0.030,0.725,0.245
955000,0.030,0.718,0.252
955500,0.030,0.733,0.237
956000,0.030,0.771,0.199
956500,0.030,0.742,0.228
957000,0.030,0.725,0.245
957500,0.030,0.685,0.284
958000,0.030,0.681,0.288
958500,0.030,0.645,0.325
959000,0.030,0.664,0.306
959500,0.030,0.729,0.241
960000,0.030,0.746,0.224
960500,0.030,0.762,0.208
961000,0.030,0.764,0.206
961500,0.030,0.754,0.216
962000,0.030,0.739,0.231
962500,0.030,0.678,0.291
963000,0.030,0.766,0.204
963500,0.030,0.723,0.247
964000,0.030,0.766,0.204
964500,0.030,0.768,0.202
965000,0.030,0.797,0.173
965500,0.030,0.738,0.232
966000,0.030,0.721,0.249
966500,0.030,0.750,0.220
967000,0.030,0.680,0.289
967500,0.030,0.666,0.303
968000,0.030,0.667,0.303
968500,0.030,0.732,0.238
969000,0.030,0.739,0.231
969500,0.030,0.714,0.256
970000,0.030,0.732,0.238
970500,0.030,0.725,0.245
971000,0.030,0.734,0.236
971500,0.030,0.666,0.304
972000,0.030,0.665,0.305
972500,0.030,0.661,0.308
973000,0.030,0.668,0.301
973500,0.030,0.741,0.229
974000,0.030,0.684,0.285
974500,0.030,0.725,0.245
975000,0.030,0.695,0.275
975500,0.030,0.736,0.234
976000,0.030,0.750,0.220
976500,0.030,0.744,0.226
977000,0.030,0.750,0.220
977500,0.030,0.716,0.254
978000,0.030,0.719,0.251
978500,0.030,0.673,0.297
979000,0.030,0.705,0.265
979500,0.030,0.686,0.284
980000,0.030,0.680,0.290
980500,0.030,0.723,0.247
981000,0.030,0.749,0.221
981500,0.030,0.788,0.181
982000,0.030,0.768,0.202
982500,0.030,0.737,0.233
983000,0.030,0.757,0.213
983500,0.030,0.757,0.213
984000,0.030,0.743,0.227
984500,0.030,0.731,0.239
985000,0.030,0.763,0.207
985500,0.030,0.741,0.229
986000,0.030,0.765,0.205
986500,0.030,0.799,0.171
987000,0.030,0.795,0.175
987500,0.030,0.804,0.165
988000,0.030,0.789,0.181
988500,0.030,0.782,0.188
989000,0.030,0.744,0.226
989500,0.030,0.726,0.244
990000,0.030,0.746,0.224
990500,0.030,0.717,0.253
991000,0.030,0.668,0.301
991500,0.030,0.685,0.285
992000,0.030,0.698,0.272
992500,0.030,0.729,0.241
993000,0.030,0.718,0.252
993500,0.030,0.668,0.302
994000,0.030,0.703,0.267
994500,0.030,0.731,0.239
995000,0.030,0.759,0.211
995500,0.030,0.806,0.164
996000,0.030,0.751,0.219
996500,0.030,0.802,0.168
997000,0.030,0.787,0.182
997500,0.030,0.778,0.192
998000,0.030,0.702,0.268
998500,0.030,0.714,0.256
999000,0.030,0.705,0.265
999500,0.030,0.747,0.223
1000000,0.030,0.768,0.202
