time,n_A+p,n_B,n_AB
100,0.028,0.966,0.006
200,0.028,0.954,0.018
300,0.031,0.927,0.043
400,0.031,0.920,0.049
500,0.034,0.905,0.061
600,0.028,0.896,0.076
700,0.037,0.914,0.049
800,0.034,0.899,0.067
900,0.031,0.884,0.086
1000,0.031,0.872,0.098
1100,0.040,0.869,0.092
1200,0.040,0.875,0.086
1300,0.043,0.862,0.095
1400,0.049,0.859,0.092
1500,0.046,0.856,0.098
1600,0.040,0.865,0.095
1700,0.052,0.865,0.083
1800,0.049,0.878,0.073
1900,0.040,0.896,0.064
2000,0.046,0.899,0.055
2100,0.037,0.884,0.080
2200,0.037,0.884,0.080
2300,0.037,0.881,0.083
2400,0.034,0.896,0.070
2500,0.034,0.887,0.080
2600,0.052,0.878,0.070
2700,0.043,0.865,0.092
2800,0.040,0.869,0.092
2900,0.049,0.869,0.083
3000,0.058,0.850,0.092
3100,0.058,0.832,0.110
3200,0.058,0.804,0.138
3300,0.052,0.801,0.147
3400,0.049,0.810,0.141
3500,0.049,0.832,0.119
3600,0.070,0.807,0.122
3700,0.061,0.807,0.131
3800,0.067,0.804,0.128
3900,0.064,0.792,0.144
4000,0.055,0.817,0.128
4100,0.046,0.844,0.110
4200,0.046,0.829,0.125
4300,0.055,0.844,0.101
4400,0.061,0.844,0.095
4500,0.061,0.838,0.101
4600,0.049,0.832,0.119
4700,0.052,0.820,0.128
4800,0.052,0.823,0.125
4900,0.043,0.813,0.144
5000,0.049,0.792,0.159
5100,0.049,0.786,0.165
5200,0.067,0.765,0.168
5300,0.070,0.786,0.144
5400,0.076,0.774,0.150
5500,0.070,0.765,0.165
5600,0.067,0.777,0.156
5700,0.076,0.774,0.150
5800,0.092,0.789,0.119
5900,0.089,0.768,0.144
6000,0.076,0.774,0.150
6100,0.080,0.783,0.138
6200,0.083,0.749,0.168
6300,0.073,0.749,0.177
6400,0.073,0.758,0.168
6500,0.064,0.786,0.150
6600,0.070,0.783,0.147
6700,0.080,0.761,0.159
6800,0.104,0.755,0.141
6900,0.095,0.725,0.180
7000,0.076,0.731,0.193
7100,0.064,0.749,0.187
7200,0.067,0.743,0.190
7300,0.086,0.737,0.177
7400,0.089,0.737,0.174
7500,0.101,0.743,0.156
7600,0.092,0.731,0.177
7700,0.101,0.716,0.183
7800,0.101,0.688,0.211
7900,0.101,0.676,0.223
8000,0.110,0.673,0.217
8100,0.141,0.642,0.217
8200,0.141,0.630,0.229
8300,0.116,0.627,0.257
8400,0.131,0.648,0.220
8500,0.122,0.664,0.214
8600,0.110,0.670,0.220
8700,0.141,0.615,0.245
8800,0.119,0.636,0.245
8900,0.110,0.667,0.223
9000,0.095,0.716,0.190
9100,0.101,0.719,0.180
9200,0.092,0.734,0.174
9300,0.089,0.694,0.217
9400,0.086,0.703,0.211
9500,0.070,0.737,0.193
9600,0.067,0.734,0.199
9700,0.061,0.749,0.190
9800,0.067,0.749,0.183
9900,0.064,0.774,0.162
10000,0.058,0.783,0.159
10100,0.064,0.798,0.138
10200,0.064,0.798,0.138
10300,0.073,0.777,0.150
10400,0.070,0.817,0.113
10500,0.061,0.813,0.125
10600,0.061,0.795,0.144
10700,0.086,0.774,0.141
10800,0.076,0.783,0.141
10900,0.086,0.792,0.122
11000,0.067,0.780,0.153
11100,0.061,0.777,0.162
11200,0.067,0.783,0.150
11300,0.073,0.786,0.141
11400,0.073,0.786,0.141
11500,0.055,0.804,0.141
11600,0.049,0.789,0.162
11700,0.064,0.777,0.159
11800,0.073,0.792,0.135
11900,0.070,0.774,0.156
12000,0.073,0.777,0.150
12100,0.070,0.761,0.168
12200,0.058,0.810,0.131
12300,0.061,0.798,0.141
12400,0.064,0.820,0.116
12500,0.076,0.795,0.128
12600,0.076,0.817,0.107
12700,0.070,0.820,0.110
12800,0.076,0.823,0.101
12900,0.064,0.832,0.104
13000,0.061,0.853,0.086
13100,0.055,0.832,0.113
13200,0.049,0.832,0.119
13300,0.067,0.817,0.116
13400,0.061,0.801,0.138
13500,0.049,0.807,0.144
13600,0.061,0.813,0.125
13700,0.064,0.820,0.116
13800,0.061,0.829,0.110
13900,0.073,0.786,0.141
14000,0.092,0.761,0.147
14100,0.107,0.731,0.162
14200,0.116,0.734,0.150
14300,0.083,0.722,0.196
14400,0.101,0.716,0.183
14500,0.107,0.737,0.156
14600,0.101,0.746,0.153
14700,0.095,0.743,0.162
14800,0.092,0.728,0.180
14900,0.104,0.731,0.165
15000,0.119,0.746,0.135
15100,0.098,0.743,0.159
15200,0.083,0.768,0.150
15300,0.073,0.765,0.162
15400,0.055,0.777,0.168
15500,0.076,0.792,0.131
15600,0.076,0.765,0.159
15700,0.064,0.786,0.150
15800,0.073,0.752,0.174
15900,0.080,0.768,0.153
16000,0.073,0.752,0.174
16100,0.092,0.697,0.211
16200,0.095,0.697,0.208
16300,0.092,0.713,0.196
16400,0.128,0.728,0.144
16500,0.104,0.774,0.122
16600,0.104,0.758,0.138
16700,0.089,0.765,0.147
16800,0.095,0.755,0.150
16900,0.101,0.749,0.150
17000,0.092,0.725,0.183
17100,0.122,0.709,0.168
17200,0.116,0.685,0.199
17300,0.101,0.694,0.205
17400,0.089,0.709,0.202
17500,0.101,0.697,0.202
17600,0.089,0.743,0.168
17700,0.086,0.755,0.159
17800,0.076,0.749,0.174
17900,0.076,0.752,0.171
18000,0.070,0.758,0.171
18100,0.067,0.765,0.168
18200,0.089,0.783,0.128
18300,0.080,0.783,0.138
18400,0.070,0.765,0.165
18500,0.055,0.771,0.174
18600,0.046,0.832,0.122
18700,0.049,0.807,0.144
18800,0.040,0.826,0.135
18900,0.037,0.832,0.131
19000,0.043,0.823,0.135
19100,0.037,0.820,0.144
19200,0.061,0.835,0.104
19300,0.067,0.835,0.098
19400,0.064,0.844,0.092
19500,0.067,0.823,0.110
19600,0.067,0.829,0.104
19700,0.064,0.823,0.113
19800,0.061,0.835,0.104
19900,0.058,0.850,0.092
20000,0.058,0.850,0.092
20100,0.058,0.850,0.092
20200,0.052,0.856,0.092
20300,0.052,0.872,0.076
20400,0.055,0.838,0.107
20500,0.058,0.823,0.119
20600,0.073,0.786,0.141
20700,0.052,0.792,0.156
20800,0.061,0.771,0.168
20900,0.070,0.768,0.162
21000,0.073,0.765,0.162
21100,0.083,0.774,0.144
21200,0.067,0.795,0.138
21300,0.092,0.758,0.150
21400,0.089,0.743,0.168
21500,0.098,0.728,0.174
21600,0.098,0.749,0.153
21700,0.104,0.734,0.162
21800,0.101,0.706,0.193
21900,0.122,0.679,0.199
22000,0.128,0.648,0.223
22100,0.135,0.602,0.263
22200,0.162,0.599,0.239
22300,0.171,0.593,0.235
22400,0.131,0.615,0.254
22500,0.104,0.682,0.214
22600,0.076,0.713,0.211
22700,0.067,0.743,0.190
22800,0.067,0.758,0.174
22900,0.052,0.786,0.162
23000,0.061,0.780,0.159
23100,0.070,0.758,0.171
23200,0.076,0.746,0.177
23300,0.073,0.752,0.174
23400,0.086,0.768,0.147
23500,0.086,0.777,0.138
23600,0.098,0.737,0.165
23700,0.080,0.752,0.168
23800,0.086,0.728,0.187
23900,0.098,0.728,0.174
24000,0.073,0.752,0.174
24100,0.052,0.765,0.183
24200,0.049,0.749,0.202
24300,0.043,0.746,0.211
24400,0.049,0.734,0.217
24500,0.049,0.725,0.226
24600,0.058,0.761,0.180
24700,0.052,0.780,0.168
24800,0.046,0.777,0.177
24900,0.052,0.774,0.174
25000,0.052,0.804,0.144
25100,0.052,0.820,0.128
25200,0.061,0.804,0.135
25300,0.058,0.835,0.107
25400,0.049,0.820,0.131
25500,0.055,0.817,0.128
25600,0.064,0.807,0.128
25700,0.040,0.807,0.153
25800,0.067,0.792,0.141
25900,0.058,0.786,0.156
26000,0.073,0.798,0.128
26100,0.073,0.758,0.168
26200,0.064,0.752,0.183
26300,0.076,0.761,0.162
26400,0.080,0.771,0.150
26500,0.073,0.786,0.141
26600,0.067,0.755,0.177
26700,0.076,0.737,0.187
26800,0.095,0.700,0.205
26900,0.083,0.713,0.205
27000,0.095,0.691,0.214
27100,0.113,0.667,0.220
27200,0.095,0.676,0.229
27300,0.101,0.642,0.257
27400,0.101,0.661,0.239
27500,0.076,0.667,0.257
27600,0.076,0.694,0.229
27700,0.095,0.685,0.220
27800,0.092,0.654,0.254
27900,0.086,0.661,0.254
28000,0.092,0.661,0.248
28100,0.098,0.648,0.254
28200,0.092,0.670,0.239
28300,0.098,0.691,0.211
28400,0.125,0.673,0.202
28500,0.119,0.654,0.226
28600,0.104,0.676,0.220
28700,0.110,0.676,0.214
28800,0.095,0.688,0.217
28900,0.113,0.679,0.208
29000,0.098,0.691,0.211
29100,0.101,0.709,0.190
29200,0.095,0.713,0.193
29300,0.086,0.743,0.171
29400,0.092,0.700,0.208
29500,0.076,0.685,0.239
29600,0.095,0.670,0.235
29700,0.092,0.657,0.251
29800,0.101,0.688,0.211
29900,0.101,0.703,0.196
30000,0.116,0.685,0.199
30100,0.092,0.706,0.202
30200,0.086,0.697,0.217
30300,0.080,0.716,0.205
30400,0.067,0.734,0.199
30500,0.064,0.749,0.187
30600,0.070,0.743,0.187
30700,0.067,0.740,0.193
30800,0.080,0.765,0.156
30900,0.083,0.740,0.177
31000,0.113,0.706,0.180
31100,0.104,0.697,0.199
31200,0.128,0.682,0.190
31300,0.107,0.697,0.196
31400,0.116,0.648,0.235
31500,0.135,0.621,0.245
31600,0.119,0.593,0.287
31700,0.128,0.584,0.287
31800,0.138,0.593,0.269
31900,0.144,0.615,0.242
32000,0.147,0.606,0.248
32100,0.141,0.621,0.239
32200,0.153,0.624,0.223
32300,0.135,0.618,0.248
32400,0.150,0.630,0.220
32500,0.141,0.636,0.223
32600,0.122,0.651,0.226
32700,0.125,0.657,0.217
32800,0.119,0.679,0.202
32900,0.107,0.676,0.217
33000,0.116,0.670,0.214
33100,0.098,0.713,0.190
33200,0.110,0.697,0.193
33300,0.095,0.709,0.196
33400,0.092,0.719,0.190
33500,0.095,0.709,0.196
33600,0.098,0.731,0.171
33700,0.083,0.743,0.174
33800,0.089,0.746,0.165
33900,0.076,0.740,0.183
34000,0.073,0.737,0.190
34100,0.076,0.752,0.171
34200,0.089,0.728,0.183
34300,0.080,0.749,0.171
34400,0.107,0.749,0.144
34500,0.110,0.734,0.156
34600,0.125,0.713,0.162
34700,0.113,0.722,0.165
34800,0.119,0.685,0.196
34900,0.116,0.691,0.193
35000,0.122,0.648,0.229
35100,0.116,0.648,0.235
35200,0.113,0.609,0.278
35300,0.110,0.636,0.254
35400,0.135,0.624,0.242
35500,0.144,0.606,0.251
35600,0.131,0.642,0.226
35700,0.135,0.606,0.260
35800,0.141,0.618,0.242
35900,0.147,0.618,0.235
36000,0.150,0.593,0.257
36100,0.156,0.602,0.242
36200,0.147,0.615,0.239
36300,0.156,0.618,0.226
36400,0.153,0.593,0.254
36500,0.141,0.606,0.254
36600,0.156,0.575,0.269
36700,0.141,0.569,0.291
36800,0.135,0.575,0.291
36900,0.119,0.566,0.315
37000,0.119,0.569,0.312
37100,0.135,0.578,0.287
37200,0.144,0.569,0.287
37300,0.171,0.560,0.269
37400,0.196,0.541,0.263
37500,0.193,0.535,0.272
37600,0.177,0.538,0.284
37700,0.177,0.535,0.287
37800,0.177,0.581,0.242
37900,0.165,0.550,0.284
38000,0.159,0.560,0.281
38100,0.171,0.569,0.260
38200,0.211,0.523,0.266
38300,0.223,0.523,0.254
38400,0.260,0.477,0.263
38500,0.263,0.434,0.303
38600,0.217,0.486,0.297
38700,0.196,0.489,0.315
38800,0.168,0.517,0.315
38900,0.190,0.489,0.321
39000,0.193,0.489,0.318
39100,0.199,0.495,0.306
39200,0.211,0.514,0.275
39300,0.232,0.477,0.291
39400,0.214,0.471,0.315
39500,0.208,0.477,0.315
39600,0.239,0.468,0.294
39700,0.300,0.450,0.251
39800,0.300,0.394,0.306
39900,0.294,0.373,0.333
40000,0.266,0.373,0.361
40100,0.269,0.385,0.346
40200,0.300,0.367,0.333
40300,0.300,0.358,0.343
40400,0.287,0.401,0.312
40500,0.297,0.419,0.284
40600,0.272,0.382,0.346
40700,0.297,0.379,0.324
40800,0.297,0.398,0.306
40900,0.318,0.410,0.272
41000,0.284,0.388,0.327
41100,0.315,0.388,0.297
41200,0.281,0.370,0.349
41300,0.306,0.376,0.318
41400,0.287,0.404,0.309
41500,0.287,0.398,0.315
41600,0.291,0.404,0.306
41700,0.297,0.398,0.306
41800,0.321,0.352,0.327
41900,0.309,0.346,0.346
42000,0.318,0.364,0.318
42100,0.361,0.321,0.318
42200,0.339,0.333,0.327
42300,0.373,0.318,0.309
42400,0.346,0.327,0.327
42500,0.303,0.330,0.367
42600,0.379,0.330,0.291
42700,0.361,0.339,0.300
42800,0.339,0.379,0.281
42900,0.294,0.385,0.321
43000,0.275,0.431,0.294
43100,0.245,0.422,0.333
43200,0.251,0.394,0.355
43300,0.263,0.382,0.355
43400,0.260,0.398,0.343
43500,0.229,0.416,0.355
43600,0.248,0.376,0.376
43700,0.321,0.355,0.324
43800,0.346,0.300,0.355
43900,0.364,0.343,0.294
44000,0.379,0.346,0.275
44100,0.398,0.309,0.294
44200,0.407,0.287,0.306
44300,0.459,0.281,0.260
44400,0.450,0.278,0.272
44500,0.434,0.291,0.275
44600,0.450,0.284,0.266
44700,0.446,0.235,0.318
44800,0.416,0.266,0.318
44900,0.413,0.291,0.297
45000,0.404,0.266,0.330
45100,0.364,0.315,0.321
45200,0.376,0.300,0.324
45300,0.434,0.278,0.287
45400,0.453,0.272,0.275
45500,0.483,0.269,0.248
45600,0.468,0.284,0.248
45700,0.446,0.297,0.257
45800,0.434,0.272,0.294
45900,0.425,0.291,0.284
46000,0.428,0.269,0.303
46100,0.446,0.239,0.315
46200,0.453,0.242,0.306
46300,0.459,0.260,0.281
46400,0.453,0.239,0.309
46500,0.468,0.248,0.284
46600,0.453,0.211,0.336
46700,0.498,0.248,0.254
46800,0.483,0.235,0.281
46900,0.471,0.257,0.272
47000,0.502,0.248,0.251
47100,0.489,0.223,0.287
47200,0.492,0.235,0.272
47300,0.495,0.205,0.300
47400,0.511,0.217,0.272
47500,0.566,0.187,0.248
47600,0.557,0.177,0.266
47700,0.590,0.144,0.266
47800,0.596,0.138,0.266
47900,0.630,0.119,0.251
48000,0.654,0.116,0.229
48100,0.648,0.128,0.223
48200,0.654,0.138,0.208
48300,0.670,0.101,0.229
48400,0.685,0.104,0.211
48500,0.651,0.101,0.248
48600,0.682,0.089,0.229
48700,0.728,0.092,0.180
48800,0.725,0.086,0.190
48900,0.716,0.080,0.205
49000,0.758,0.076,0.165
49100,0.768,0.049,0.183
49200,0.777,0.040,0.183
49300,0.774,0.055,0.171
49400,0.817,0.037,0.147
49500,0.835,0.046,0.119
49600,0.829,0.043,0.128
49700,0.823,0.034,0.144
49800,0.850,0.024,0.125
49900,0.850,0.021,0.128
50000,0.841,0.018,0.141
50100,0.826,0.018,0.156
50200,0.832,0.021,0.147
50300,0.850,0.021,0.128
50400,0.872,0.021,0.107
50500,0.881,0.015,0.104
50600,0.890,0.015,0.095
50700,0.902,0.012,0.086
50800,0.905,0.009,0.086
50900,0.908,0.009,0.083
51000,0.920,0.012,0.067
51100,0.914,0.009,0.076
51200,0.927,0.009,0.064
51300,0.927,0.006,0.067
51400,0.936,0.003,0.061
51500,0.942,0.009,0.049
51600,0.942,0.006,0.052
51700,0.942,0.012,0.046
51800,0.942,0.012,0.046
51900,0.945,0.012,0.043
52000,0.951,0.018,0.031
52100,0.963,0.012,0.024
52200,0.969,0.012,0.018
52300,0.972,0.009,0.018
52400,0.972,0.009,0.018
52500,0.969,0.009,0.021
52600,0.963,0.009,0.028
52700,0.957,0.018,0.024
52800,0.969,0.006,0.024
52900,0.957,0.003,0.040
53000,0.957,0.000,0.043
53100,0.963,0.000,0.037
53200,0.960,0.000,0.040
53300,0.969,0.000,0.031
53400,0.972,0.000,0.028
53500,0.957,0.000,0.043
53600,0.966,0.000,0.034
53700,0.982,0.000,0.018
53800,0.982,0.000,0.018
53900,0.988,0.000,0.012
54000,0.988,0.000,0.012
54100,0.991,0.000,0.009
54200,0.991,0.000,0.009
54300,0.994,0.000,0.006
54400,0.994,0.000,0.006
54500,0.994,0.000,0.006
54600,0.994,0.000,0.006
54700,0.994,0.000,0.006
54800,0.994,0.000,0.006
54900,0.994,0.000,0.006
55000,0.994,0.000,0.006
55100,0.994,0.000,0.006
55200,0.994,0.000,0.006
55300,0.994,0.000,0.006
55400,0.994,0.000,0.006
55500,0.994,0.000,0.006
55600,0.994,0.000,0.006
55700,0.994,0.000,0.006
55800,0.994,0.000,0.006
55900,0.994,0.000,0.006
56000,0.994,0.000,0.006
56100,0.994,0.000,0.006
56200,0.997,0.000,0.003
56300,0.997,0.000,0.003
56400,0.997,0.000,0.003
56500,0.997,0.000,0.003
56600,0.997,0.000,0.003
56700,0.997,0.000,0.003
56800,0.997,0.000,0.003
56900,0.997,0.000,0.003
57000,0.997,0.000,0.003
57100,0.997,0.000,0.003
57200,0.997,0.000,0.003
57300,0.997,0.000,0.003
57400,0.997,0.000,0.003
57500,0.997,0.000,0.003
57600,0.997,0.000,0.003
57700,0.997,0.000,0.003
57800,0.997,0.000,0.003
57900,0.997,0.000,0.003
58000,0.997,0.000,0.003
58100,0.997,0.000,0.003
58200,0.997,0.000,0.003
58300,0.997,0.000,0.003
58400,0.997,0.000,0.003
58500,0.997,0.000,0.003
58600,0.997,0.000,0.003
58700,0.997,0.000,0.003
58800,0.997,0.000,0.003
58900,0.997,0.000,0.003
59000,0.997,0.000,0.003
59100,0.997,0.000,0.003
59200,0.997,0.000,0.003
59300,0.997,0.000,0.003
59400,0.997,0.000,0.003
59500,0.997,0.000,0.003
59600,0.997,0.000,0.003
59700,0.997,0.000,0.003
59800,0.997,0.000,0.003
59900,0.997,0.000,0.003
60000,0.997,0.000,0.003
60100,0.997,0.000,0.003
60200,0.997,0.000,0.003
60300,0.997,0.000,0.003
60400,0.997,0.000,0.003
60500,0.997,0.000,0.003
60600,0.997,0.000,0.003
60700,0.997,0.000,0.003
60800,0.997,0.000,0.003
60900,0.997,0.000,0.003
61000,0.997,0.000,0.003
61100,0.997,0.000,0.003
61200,0.997,0.000,0.003
61300,0.997,0.000,0.003
61400,0.997,0.000,0.003
61500,0.997,0.000,0.003
61600,0.997,0.000,0.003
61700,0.997,0.000,0.003
61800,0.997,0.000,0.003
61900,0.997,0.000,0.003
62000,0.997,0.000,0.003
62100,0.997,0.000,0.003
62200,0.997,0.000,0.003
62300,0.997,0.000,0.003
62400,0.997,0.000,0.003
62500,0.997,0.000,0.003
62600,0.997,0.000,0.003
62700,0.997,0.000,0.003
62800,0.997,0.000,0.003
62900,0.997,0.000,0.003
63000,0.997,0.000,0.003
63100,0.997,0.000,0.003
63200,0.997,0.000,0.003
63300,0.997,0.000,0.003
63400,0.997,0.000,0.003
63500,0.997,0.000,0.003
63600,0.997,0.000,0.003
63700,0.997,0.000,0.003
63800,0.997,0.000,0.003
63900,0.997,0.000,0.003
64000,0.997,0.000,0.003
64100,0.997,0.000,0.003
64200,0.997,0.000,0.003
64300,0.997,0.000,0.003
64400,0.997,0.000,0.003
64500,0.997,0.000,0.003
64600,0.997,0.000,0.003
64700,0.997,0.000,0.003
64800,0.997,0.000,0.003
64900,0.997,0.000,0.003
65000,0.997,0.000,0.003
65100,0.997,0.000,0.003
65200,0.997,0.000,0.003
65300,0.997,0.000,0.003
65400,0.997,0.000,0.003
65500,0.997,0.000,0.003
65600,0.997,0.000,0.003
65700,0.997,0.000,0.003
65800,0.997,0.000,0.003
65900,0.997,0.000,0.003
66000,0.997,0.000,0.003
66100,0.997,0.000,0.003
66200,0.997,0.000,0.003
66300,1.000,0.000,0.000
