time,n_A+p,n_B,n_AB
500,0.490,0.000,0.510
1000,0.567,0.000,0.433
1500,0.802,0.000,0.198
2000,0.822,0.000,0.178
2500,0.702,0.000,0.298
3000,0.639,0.000,0.361
3500,0.659,0.000,0.341
4000,0.585,0.000,0.415
4500,0.936,0.000,0.064
5000,0.478,0.000,0.522
5500,0.634,0.000,0.366
6000,0.811,0.000,0.189
6500,0.760,0.000,0.240
7000,0.706,0.000,0.294
7500,0.420,0.000,0.580
8000,0.640,0.000,0.360
8500,0.663,0.000,0.337
9000,0.623,0.000,0.377
9500,0.721,0.000,0.279
10000,1.000,0.000,0.000
