time,n_A+p,n_B,n_AB
500,0.050,0.442,0.508
1000,0.050,0.433,0.517
1500,0.050,0.382,0.568
2000,0.050,0.440,0.510
2500,0.050,0.511,0.439
3000,0.050,0.394,0.556
3500,0.050,0.460,0.490
4000,0.050,0.363,0.587
4500,0.052,0.293,0.655
5000,0.050,0.417,0.533
5500,0.050,0.372,0.578
6000,0.050,0.314,0.636
6500,0.051,0.416,0.533
7000,0.055,0.300,0.645
7500,0.050,0.340,0.610
8000,0.050,0.436,0.514
8500,0.050,0.345,0.605
9000,0.050,0.460,0.490
9500,0.050,0.407,0.543
10000,0.050,0.448,0.502
10500,0.050,0.404,0.546
11000,0.050,0.378,0.572
11500,0.050,0.387,0.563
12000,0.050,0.356,0.594
12500,0.050,0.446,0.504
13000,0.050,0.470,0.480
13500,0.050,0.343,0.607
14000,0.050,0.339,0.611
14500,0.050,0.377,0.573
15000,0.050,0.409,0.541
15500,0.050,0.585,0.365
16000,0.050,0.457,0.493
16500,0.050,0.406,0.544
17000,0.050,0.472,0.478
17500,0.050,0.415,0.535
18000,0.050,0.369,0.581
18500,0.050,0.445,0.505
19000,0.050,0.387,0.563
19500,0.050,0.389,0.561
20000,0.050,0.351,0.599
20500,0.050,0.436,0.514
21000,0.050,0.305,0.645
21500,0.050,0.355,0.595
22000,0.050,0.378,0.572
22500,0.050,0.404,0.546
23000,0.050,0.360,0.590
23500,0.050,0.344,0.606
24000,0.050,0.409,0.541
24500,0.050,0.386,0.564
25000,0.050,0.265,0.685
25500,0.050,0.398,0.552
26000,0.050,0.377,0.573
26500,0.050,0.429,0.521
27000,0.050,0.411,0.539
27500,0.050,0.320,0.630
28000,0.050,0.394,0.556
28500,0.050,0.372,0.578
29000,0.050,0.385,0.565
29500,0.050,0.308,0.642
30000,0.050,0.428,0.522
30500,0.138,0.093,0.769
31000,0.840,0.000,0.160
31500,0.985,0.000,0.015
32000,1.000,0.000,0.000
