time,n_A+p,n_B,n_AB
500,0.050,0.926,0.024
1000,0.051,0.915,0.034
1500,0.051,0.904,0.045
2000,0.054,0.883,0.063
2500,0.054,0.865,0.081
3000,0.053,0.844,0.103
3500,0.052,0.827,0.121
4000,0.057,0.814,0.129
4500,0.059,0.783,0.158
5000,0.066,0.764,0.170
5500,0.078,0.733,0.189
6000,0.078,0.721,0.201
6500,0.081,0.712,0.207
7000,0.082,0.691,0.227
7500,0.090,0.671,0.239
8000,0.102,0.642,0.256
8500,0.101,0.645,0.254
9000,0.104,0.627,0.269
9500,0.107,0.626,0.267
10000,0.100,0.609,0.291
10500,0.093,0.634,0.273
11000,0.103,0.619,0.278
11500,0.106,0.617,0.277
12000,0.101,0.604,0.295
12500,0.108,0.606,0.286
13000,0.115,0.596,0.289
13500,0.107,0.599,0.294
14000,0.092,0.598,0.310
14500,0.097,0.630,0.273
15000,0.099,0.616,0.285
15500,0.102,0.598,0.300
16000,0.106,0.606,0.288
16500,0.134,0.596,0.270
17000,0.144,0.591,0.265
17500,0.147,0.551,0.302
18000,0.146,0.547,0.307
18500,0.155,0.522,0.323
19000,0.164,0.513,0.323
19500,0.167,0.508,0.325
20000,0.163,0.490,0.347
20500,0.171,0.486,0.343
21000,0.154,0.470,0.376
21500,0.171,0.469,0.360
22000,0.179,0.496,0.325
22500,0.179,0.473,0.348
23000,0.172,0.461,0.367
23500,0.188,0.459,0.353
24000,0.191,0.462,0.347
24500,0.186,0.452,0.362
25000,0.181,0.452,0.367
25500,0.184,0.466,0.350
26000,0.188,0.482,0.330
26500,0.169,0.472,0.359
27000,0.171,0.461,0.368
27500,0.175,0.432,0.393
28000,0.174,0.447,0.379
28500,0.181,0.455,0.364
29000,0.204,0.449,0.347
29500,0.205,0.452,0.343
30000,0.188,0.457,0.355
30500,0.189,0.453,0.358
31000,0.185,0.447,0.368
31500,0.184,0.448,0.368
32000,0.191,0.442,0.367
32500,0.210,0.414,0.376
33000,0.197,0.421,0.382
33500,0.186,0.403,0.411
34000,0.200,0.386,0.414
34500,0.215,0.392,0.393
35000,0.219,0.393,0.388
35500,0.214,0.387,0.399
36000,0.225,0.385,0.390
36500,0.228,0.383,0.389
37000,0.225,0.352,0.423
37500,0.225,0.360,0.415
38000,0.241,0.365,0.394
38500,0.227,0.375,0.398
39000,0.234,0.379,0.387
39500,0.230,0.387,0.383
40000,0.218,0.390,0.392
40500,0.246,0.386,0.368
41000,0.241,0.371,0.388
41500,0.251,0.368,0.381
42000,0.247,0.361,0.392
42500,0.258,0.362,0.380
43000,0.257,0.358,0.385
43500,0.253,0.327,0.420
44000,0.270,0.347,0.383
44500,0.266,0.350,0.384
45000,0.270,0.341,0.389
45500,0.272,0.334,0.394
46000,0.284,0.305,0.411
46500,0.294,0.308,0.398
47000,0.299,0.295,0.406
47500,0.308,0.283,0.409
48000,0.294,0.310,0.396
48500,0.293,0.308,0.399
49000,0.298,0.302,0.400
49500,0.289,0.279,0.432
50000,0.297,0.263,0.440
50500,0.296,0.274,0.430
51000,0.303,0.291,0.406
51500,0.294,0.290,0.416
52000,0.300,0.287,0.413
52500,0.300,0.291,0.409
53000,0.309,0.291,0.400
53500,0.337,0.289,0.374
54000,0.343,0.270,0.387
54500,0.363,0.257,0.380
55000,0.365,0.234,0.401
55500,0.387,0.247,0.366
56000,0.392,0.226,0.382
56500,0.424,0.201,0.375
57000,0.434,0.196,0.370
57500,0.439,0.187,0.374
58000,0.456,0.184,0.360
58500,0.459,0.180,0.361
59000,0.477,0.183,0.340
59500,0.482,0.147,0.371
60000,0.498,0.150,0.352
60500,0.505,0.139,0.356
61000,0.522,0.149,0.329
61500,0.503,0.140,0.357
62000,0.499,0.132,0.369
62500,0.518,0.125,0.357
63000,0.548,0.117,0.335
63500,0.548,0.111,0.341
64000,0.557,0.107,0.336
64500,0.545,0.111,0.344
65000,0.533,0.109,0.358
65500,0.521,0.128,0.351
66000,0.545,0.123,0.332
66500,0.532,0.126,0.342
67000,0.553,0.118,0.329
67500,0.555,0.109,0.336
68000,0.577,0.107,0.316
68500,0.606,0.082,0.312
69000,0.626,0.067,0.307
69500,0.641,0.062,0.297
70000,0.655,0.058,0.287
70500,0.674,0.061,0.265
71000,0.686,0.055,0.259
71500,0.701,0.044,0.255
72000,0.708,0.046,0.246
72500,0.743,0.039,0.218
73000,0.761,0.042,0.197
73500,0.760,0.036,0.204
74000,0.741,0.033,0.226
74500,0.748,0.045,0.207
75000,0.735,0.040,0.225
75500,0.745,0.032,0.223
76000,0.754,0.032,0.214
76500,0.781,0.035,0.184
77000,0.777,0.033,0.190
77500,0.796,0.021,0.183
78000,0.815,0.017,0.168
78500,0.815,0.015,0.170
79000,0.836,0.012,0.152
79500,0.847,0.010,0.143
80000,0.850,0.005,0.145
80500,0.860,0.004,0.136
81000,0.866,0.004,0.130
81500,0.873,0.005,0.122
82000,0.874,0.004,0.122
82500,0.876,0.009,0.115
83000,0.874,0.009,0.117
83500,0.879,0.004,0.117
84000,0.886,0.002,0.112
84500,0.874,0.002,0.124
85000,0.874,0.002,0.124
85500,0.879,0.003,0.118
86000,0.884,0.006,0.110
86500,0.891,0.002,0.107
87000,0.887,0.004,0.109
87500,0.896,0.004,0.100
88000,0.911,0.003,0.086
88500,0.918,0.005,0.077
89000,0.926,0.003,0.071
89500,0.927,0.002,0.071
90000,0.938,0.002,0.060
90500,0.949,0.000,0.051
91000,0.958,0.000,0.042
91500,0.957,0.000,0.043
92000,0.956,0.000,0.044
92500,0.956,0.000,0.044
93000,0.957,0.000,0.043
93500,0.967,0.000,0.033
94000,0.973,0.000,0.027
94500,0.981,0.000,0.019
95000,0.980,0.000,0.020
95500,0.981,0.000,0.019
96000,0.984,0.000,0.016
96500,0.983,0.000,0.017
97000,0.988,0.000,0.012
97500,0.985,0.000,0.015
98000,0.982,0.000,0.018
98500,0.980,0.000,0.020
99000,0.987,0.000,0.013
99500,0.988,0.000,0.012
100000,0.987,0.000,0.013
100500,0.989,0.000,0.011
101000,0.989,0.000,0.011
101500,0.991,0.000,0.009
102000,0.993,0.000,0.007
102500,0.995,0.000,0.005
103000,0.996,0.000,0.004
103500,0.997,0.000,0.003
104000,0.997,0.000,0.003
104500,0.997,0.000,0.003
105000,0.995,0.000,0.005
105500,0.994,0.000,0.006
106000,0.994,0.000,0.006
106500,0.994,0.000,0.006
107000,0.991,0.000,0.009
107500,0.992,0.000,0.008
108000,0.994,0.000,0.006
108500,0.994,0.000,0.006
109000,0.994,0.000,0.006
109500,0.993,0.000,0.007
110000,0.995,0.000,0.005
110500,0.995,0.000,0.005
111000,0.995,0.000,0.005
111500,0.996,0.000,0.004
112000,0.998,0.000,0.002
112500,0.998,0.000,0.002
113000,0.998,0.000,0.002
113500,0.996,0.000,0.004
114000,0.995,0.000,0.005
114500,0.995,0.000,0.005
115000,0.994,0.000,0.006
115500,0.993,0.000,0.007
116000,0.995,0.000,0.005
116500,0.995,0.000,0.005
117000,0.996,0.000,0.004
117500,0.996,0.000,0.004
118000,0.997,0.000,0.003
118500,0.998,0.000,0.002
119000,0.998,0.000,0.002
119500,0.999,0.000,0.001
120000,0.999,0.000,0.001
120500,0.997,0.000,0.003
121000,0.996,0.000,0.004
121500,0.999,0.000,0.001
122000,0.999,0.000,0.001
122500,0.998,0.000,0.002
123000,0.999,0.000,0.001
123500,0.999,0.000,0.001
124000,1.000,0.000,0.000
