time,n_A+p,n_B,n_AB
500,0.050,0.357,0.593
1000,0.050,0.228,0.722
1500,0.050,0.192,0.758
2000,0.050,0.466,0.484
2500,0.050,0.279,0.671
3000,0.050,0.503,0.447
3500,0.050,0.388,0.562
4000,0.050,0.321,0.629
4500,0.050,0.375,0.575
5000,0.050,0.228,0.722
5500,0.050,0.415,0.535
6000,0.050,0.390,0.560
6500,0.050,0.395,0.555
7000,0.050,0.423,0.527
7500,0.050,0.267,0.683
8000,0.050,0.275,0.675
8500,0.050,0.311,0.639
9000,0.050,0.196,0.754
9500,0.050,0.236,0.714
10000,0.050,0.340,0.610
10500,0.050,0.421,0.529
11000,0.050,0.389,0.561
11500,0.050,0.334,0.616
12000,0.050,0.218,0.732
12500,0.050,0.258,0.692
13000,0.050,0.358,0.592
13500,0.050,0.266,0.684
14000,0.050,0.438,0.512
14500,0.050,0.209,0.741
15000,0.050,0.279,0.671
15500,0.050,0.307,0.643
16000,0.050,0.241,0.709
16500,0.050,0.381,0.569
17000,0.050,0.366,0.584
17500,0.050,0.315,0.635
18000,0.050,0.508,0.442
18500,0.050,0.350,0.600
19000,0.050,0.304,0.646
19500,0.050,0.343,0.607
20000,0.050,0.360,0.590
20500,0.050,0.320,0.630
21000,0.050,0.283,0.667
21500,0.050,0.479,0.471
22000,0.050,0.500,0.450
22500,0.050,0.411,0.539
23000,0.050,0.242,0.708
23500,0.050,0.450,0.500
24000,0.050,0.356,0.594
24500,0.050,0.469,0.481
25000,0.050,0.243,0.707
25500,0.050,0.326,0.624
26000,0.050,0.274,0.676
26500,0.050,0.359,0.591
27000,0.050,0.303,0.647
27500,0.050,0.362,0.588
28000,0.050,0.383,0.567
28500,0.050,0.357,0.593
29000,0.050,0.347,0.603
29500,0.050,0.397,0.553
30000,0.050,0.366,0.584
30500,0.051,0.165,0.784
31000,0.051,0.279,0.670
31500,0.050,0.304,0.646
32000,0.050,0.361,0.589
32500,0.050,0.246,0.704
33000,0.050,0.453,0.497
33500,0.050,0.285,0.665
34000,0.050,0.258,0.692
34500,0.050,0.365,0.585
35000,0.050,0.367,0.583
35500,0.050,0.255,0.695
36000,0.050,0.184,0.766
36500,0.050,0.337,0.613
37000,0.050,0.444,0.506
37500,0.050,0.360,0.590
38000,0.094,0.153,0.753
38500,0.050,0.363,0.587
39000,0.050,0.451,0.499
39500,0.050,0.468,0.482
40000,0.050,0.249,0.701
40500,0.050,0.251,0.699
41000,0.050,0.348,0.602
41500,0.050,0.310,0.640
42000,0.050,0.506,0.444
42500,0.050,0.281,0.669
43000,0.050,0.296,0.654
43500,0.050,0.401,0.549
44000,0.050,0.299,0.651
44500,0.050,0.277,0.673
45000,0.050,0.286,0.664
45500,0.050,0.248,0.702
46000,0.050,0.303,0.647
46500,0.050,0.225,0.725
47000,0.050,0.354,0.596
47500,0.050,0.380,0.570
48000,0.050,0.467,0.483
48500,0.050,0.262,0.688
49000,0.050,0.332,0.618
49500,0.050,0.284,0.666
50000,0.050,0.298,0.652
50500,0.050,0.409,0.541
51000,0.050,0.436,0.514
51500,0.051,0.288,0.661
52000,0.050,0.272,0.678
52500,0.050,0.352,0.598
53000,0.053,0.208,0.739
53500,0.050,0.184,0.766
54000,0.050,0.262,0.688
54500,0.050,0.406,0.544
55000,0.056,0.190,0.754
55500,0.050,0.241,0.709
56000,0.050,0.395,0.555
56500,0.050,0.301,0.649
57000,0.050,0.364,0.586
57500,0.050,0.191,0.759
58000,0.050,0.314,0.636
58500,0.050,0.499,0.451
59000,0.050,0.356,0.594
59500,0.050,0.203,0.747
60000,0.050,0.304,0.646
60500,0.050,0.385,0.565
61000,0.050,0.320,0.630
61500,0.050,0.271,0.679
62000,0.584,0.005,0.411
62500,1.000,0.000,0.000
