time,n_A+p,n_B,n_AB
500,0.050,0.859,0.091
1000,0.050,0.684,0.265
1500,0.050,0.507,0.443
2000,0.053,0.390,0.557
2500,0.051,0.380,0.570
3000,0.052,0.327,0.621
3500,0.063,0.287,0.650
4000,0.053,0.366,0.580
4500,0.051,0.310,0.639
5000,0.051,0.356,0.593
5500,0.050,0.338,0.612
6000,0.053,0.340,0.607
6500,0.052,0.321,0.627
7000,0.051,0.381,0.569
7500,0.054,0.344,0.602
8000,0.052,0.432,0.516
8500,0.050,0.351,0.599
9000,0.053,0.325,0.622
9500,0.056,0.290,0.655
10000,0.060,0.299,0.641
10500,0.055,0.309,0.636
11000,0.053,0.307,0.639
11500,0.051,0.364,0.585
12000,0.050,0.348,0.602
12500,0.053,0.348,0.599
13000,0.051,0.414,0.536
13500,0.050,0.383,0.567
14000,0.050,0.362,0.588
14500,0.050,0.439,0.511
15000,0.050,0.382,0.569
15500,0.051,0.393,0.555
16000,0.051,0.344,0.605
16500,0.053,0.390,0.557
17000,0.051,0.364,0.585
17500,0.050,0.395,0.555
18000,0.059,0.322,0.620
18500,0.052,0.324,0.623
19000,0.051,0.351,0.598
19500,0.067,0.272,0.661
20000,0.071,0.230,0.699
20500,0.062,0.276,0.662
21000,0.062,0.197,0.741
21500,0.061,0.243,0.696
22000,0.060,0.263,0.677
22500,0.053,0.321,0.625
23000,0.070,0.218,0.712
23500,0.079,0.221,0.700
24000,0.067,0.226,0.707
24500,0.054,0.305,0.641
25000,0.064,0.274,0.662
25500,0.059,0.342,0.599
26000,0.055,0.303,0.641
26500,0.051,0.388,0.560
27000,0.050,0.388,0.562
27500,0.050,0.378,0.573
28000,0.050,0.367,0.583
28500,0.060,0.300,0.639
29000,0.052,0.339,0.609
29500,0.053,0.291,0.656
30000,0.055,0.327,0.618
30500,0.061,0.317,0.622
31000,0.066,0.267,0.668
31500,0.057,0.249,0.694
32000,0.057,0.281,0.662
32500,0.051,0.251,0.698
33000,0.069,0.261,0.671
33500,0.057,0.258,0.685
34000,0.058,0.275,0.667
34500,0.057,0.317,0.626
35000,0.053,0.355,0.591
35500,0.051,0.339,0.611
36000,0.051,0.370,0.579
36500,0.057,0.331,0.612
37000,0.051,0.298,0.651
37500,0.054,0.299,0.647
38000,0.056,0.286,0.659
38500,0.056,0.324,0.621
39000,0.058,0.311,0.631
39500,0.058,0.285,0.657
40000,0.051,0.316,0.633
40500,0.055,0.349,0.596
41000,0.051,0.350,0.599
41500,0.056,0.304,0.639
42000,0.054,0.376,0.570
42500,0.053,0.374,0.572
43000,0.054,0.357,0.589
43500,0.051,0.374,0.575
44000,0.052,0.387,0.561
44500,0.050,0.379,0.571
45000,0.050,0.408,0.541
45500,0.050,0.391,0.559
46000,0.050,0.347,0.603
46500,0.053,0.314,0.633
47000,0.057,0.387,0.556
47500,0.051,0.327,0.623
48000,0.050,0.369,0.581
48500,0.054,0.333,0.613
49000,0.053,0.307,0.639
49500,0.057,0.333,0.611
50000,0.057,0.305,0.638
50500,0.057,0.370,0.573
51000,0.050,0.404,0.546
51500,0.050,0.398,0.552
52000,0.052,0.310,0.637
52500,0.051,0.341,0.609
53000,0.052,0.340,0.608
53500,0.051,0.379,0.571
54000,0.051,0.358,0.591
54500,0.063,0.324,0.613
55000,0.058,0.285,0.656
55500,0.053,0.285,0.661
56000,0.055,0.275,0.670
56500,0.056,0.336,0.608
57000,0.053,0.366,0.581
57500,0.051,0.360,0.589
58000,0.057,0.314,0.630
58500,0.053,0.319,0.627
59000,0.050,0.322,0.628
59500,0.050,0.355,0.595
60000,0.050,0.393,0.557
60500,0.050,0.362,0.587
61000,0.050,0.352,0.597
61500,0.050,0.396,0.554
62000,0.051,0.342,0.607
62500,0.051,0.368,0.580
63000,0.057,0.344,0.599
63500,0.052,0.337,0.611
64000,0.051,0.333,0.617
64500,0.050,0.333,0.617
65000,0.050,0.370,0.579
65500,0.053,0.349,0.597
66000,0.059,0.316,0.625
66500,0.051,0.345,0.604
67000,0.054,0.280,0.666
67500,0.059,0.276,0.664
68000,0.059,0.266,0.675
68500,0.067,0.269,0.664
69000,0.077,0.234,0.689
69500,0.060,0.283,0.657
70000,0.060,0.282,0.657
70500,0.075,0.245,0.679
71000,0.059,0.216,0.724
71500,0.078,0.172,0.751
72000,0.117,0.159,0.724
72500,0.092,0.175,0.733
73000,0.089,0.168,0.743
73500,0.098,0.145,0.757
74000,0.150,0.112,0.738
74500,0.241,0.043,0.716
75000,0.420,0.012,0.568
75500,0.613,0.001,0.386
76000,0.758,0.001,0.241
76500,0.750,0.000,0.250
77000,0.787,0.000,0.213
77500,0.835,0.000,0.165
78000,0.901,0.000,0.099
78500,0.909,0.000,0.091
79000,0.967,0.000,0.033
79500,0.980,0.000,0.020
80000,0.988,0.000,0.012
80500,0.993,0.000,0.007
81000,0.998,0.000,0.002
81500,1.000,0.000,0.000
