time,n_A+p,n_B,n_AB
500,0.080,0.440,0.480
1000,0.080,0.364,0.556
1500,0.083,0.289,0.628
2000,0.107,0.147,0.746
2500,0.409,0.013,0.578
3000,0.817,0.000,0.183
3500,0.927,0.000,0.073
4000,0.831,0.000,0.169
4500,0.895,0.000,0.105
5000,0.943,0.000,0.057
5500,0.989,0.000,0.011
6000,0.985,0.000,0.015
6500,1.000,0.000,0.000
