time,n_A+p,n_B,n_AB
100,0.030,0.964,0.006
200,0.030,0.963,0.007
300,0.030,0.960,0.010
400,0.030,0.953,0.017
500,0.030,0.950,0.020
600,0.030,0.948,0.022
700,0.030,0.945,0.025
800,0.030,0.942,0.028
900,0.030,0.938,0.032
1000,0.030,0.929,0.041
1100,0.030,0.925,0.045
1200,0.030,0.899,0.071
1300,0.030,0.888,0.082
1400,0.030,0.881,0.089
1500,0.030,0.860,0.110
1600,0.030,0.855,0.115
1700,0.030,0.849,0.121
1800,0.030,0.846,0.124
1900,0.030,0.848,0.122
2000,0.031,0.841,0.128
2100,0.033,0.832,0.135
2200,0.033,0.833,0.134
2300,0.033,0.830,0.137
2400,0.033,0.820,0.147
2500,0.033,0.810,0.157
2600,0.033,0.798,0.169
2700,0.033,0.783,0.184
2800,0.035,0.784,0.181
2900,0.035,0.775,0.190
3000,0.035,0.778,0.187
3100,0.038,0.778,0.184
3200,0.040,0.741,0.219
3300,0.037,0.745,0.218
3400,0.037,0.730,0.233
3500,0.040,0.725,0.235
3600,0.039,0.728,0.233
3700,0.039,0.727,0.234
3800,0.038,0.719,0.243
3900,0.040,0.716,0.244
4000,0.040,0.706,0.254
4100,0.039,0.707,0.254
4200,0.040,0.702,0.258
4300,0.039,0.688,0.273
4400,0.042,0.671,0.287
4500,0.042,0.667,0.291
4600,0.044,0.670,0.286
4700,0.040,0.669,0.291
4800,0.040,0.671,0.289
4900,0.043,0.658,0.299
5000,0.043,0.657,0.300
5100,0.045,0.644,0.311
5200,0.046,0.639,0.315
5300,0.044,0.629,0.327
5400,0.044,0.618,0.338
5500,0.047,0.603,0.350
5600,0.048,0.581,0.371
5700,0.052,0.559,0.389
5800,0.054,0.554,0.392
5900,0.061,0.542,0.397
6000,0.060,0.523,0.417
6100,0.057,0.518,0.425
6200,0.063,0.512,0.425
6300,0.060,0.490,0.450
6400,0.066,0.492,0.442
6500,0.063,0.489,0.448
6600,0.058,0.484,0.458
6700,0.063,0.480,0.457
6800,0.062,0.479,0.459
6900,0.063,0.446,0.491
7000,0.062,0.468,0.470
7100,0.060,0.465,0.475
7200,0.061,0.464,0.475
7300,0.061,0.457,0.482
7400,0.070,0.451,0.479
7500,0.073,0.449,0.478
7600,0.077,0.432,0.491
7700,0.077,0.433,0.490
7800,0.082,0.433,0.485
7900,0.081,0.433,0.486
8000,0.086,0.418,0.496
8100,0.083,0.427,0.490
8200,0.086,0.418,0.496
8300,0.088,0.392,0.520
8400,0.093,0.390,0.517
8500,0.090,0.386,0.524
8600,0.109,0.384,0.507
8700,0.110,0.394,0.496
8800,0.116,0.393,0.491
8900,0.118,0.358,0.524
9000,0.116,0.355,0.529
9100,0.115,0.355,0.530
9200,0.113,0.349,0.538
9300,0.107,0.349,0.544
9400,0.114,0.347,0.539
9500,0.126,0.339,0.535
9600,0.126,0.333,0.541
9700,0.122,0.330,0.548
9800,0.122,0.327,0.551
9900,0.123,0.317,0.560
10000,0.132,0.313,0.555
10100,0.135,0.317,0.548
10200,0.134,0.295,0.571
10300,0.143,0.283,0.574
10400,0.137,0.266,0.597
10500,0.143,0.255,0.602
10600,0.140,0.263,0.597
10700,0.147,0.258,0.595
10800,0.146,0.257,0.597
10900,0.157,0.265,0.578
11000,0.157,0.255,0.588
11100,0.161,0.251,0.588
11200,0.170,0.245,0.585
11300,0.162,0.232,0.606
11400,0.160,0.232,0.608
11500,0.157,0.232,0.611
11600,0.158,0.222,0.620
11700,0.150,0.213,0.637
11800,0.144,0.206,0.650
11900,0.150,0.214,0.636
12000,0.140,0.221,0.639
12100,0.135,0.222,0.643
12200,0.138,0.212,0.650
12300,0.138,0.216,0.646
12400,0.146,0.233,0.621
12500,0.145,0.239,0.616
12600,0.153,0.244,0.603
12700,0.158,0.249,0.593
12800,0.164,0.226,0.610
12900,0.176,0.224,0.600
13000,0.189,0.225,0.586
13100,0.192,0.214,0.594
13200,0.194,0.201,0.605
13300,0.192,0.194,0.614
13400,0.187,0.194,0.619
13500,0.189,0.199,0.612
13600,0.188,0.198,0.614
13700,0.187,0.182,0.631
13800,0.209,0.169,0.622
13900,0.212,0.163,0.625
14000,0.215,0.154,0.631
14100,0.216,0.163,0.621
14200,0.221,0.162,0.617
14300,0.227,0.164,0.609
14400,0.234,0.155,0.611
14500,0.224,0.152,0.624
14600,0.219,0.154,0.627
14700,0.226,0.160,0.614
14800,0.223,0.154,0.623
14900,0.229,0.160,0.611
15000,0.231,0.158,0.611
15100,0.235,0.143,0.622
15200,0.241,0.134,0.625
15300,0.243,0.143,0.614
15400,0.248,0.144,0.608
15500,0.254,0.146,0.600
15600,0.250,0.144,0.606
15700,0.240,0.142,0.618
15800,0.253,0.143,0.604
15900,0.259,0.146,0.595
16000,0.258,0.152,0.590
16100,0.256,0.160,0.584
16200,0.259,0.171,0.570
16300,0.261,0.169,0.570
16400,0.271,0.173,0.556
16500,0.270,0.169,0.561
16600,0.277,0.169,0.554
16700,0.275,0.164,0.561
16800,0.281,0.157,0.562
16900,0.272,0.151,0.577
17000,0.274,0.149,0.577
17100,0.264,0.144,0.592
17200,0.263,0.143,0.594
17300,0.275,0.156,0.569
17400,0.276,0.152,0.572
17500,0.267,0.148,0.585
17600,0.261,0.148,0.591
17700,0.272,0.156,0.572
17800,0.267,0.150,0.583
17900,0.264,0.147,0.589
18000,0.264,0.144,0.592
18100,0.261,0.142,0.597
18200,0.262,0.142,0.596
18300,0.281,0.139,0.580
18400,0.284,0.144,0.572
18500,0.276,0.140,0.584
18600,0.274,0.141,0.585
18700,0.270,0.148,0.582
18800,0.270,0.149,0.581
18900,0.270,0.148,0.582
19000,0.270,0.142,0.588
19100,0.275,0.155,0.570
19200,0.270,0.159,0.571
19300,0.264,0.149,0.587
19400,0.264,0.143,0.593
19500,0.267,0.148,0.585
19600,0.276,0.144,0.580
19700,0.283,0.144,0.573
19800,0.290,0.144,0.566
19900,0.269,0.150,0.581
20000,0.261,0.154,0.585
20100,0.268,0.138,0.594
20200,0.260,0.141,0.599
20300,0.260,0.146,0.594
20400,0.265,0.153,0.582
20500,0.275,0.166,0.559
20600,0.273,0.157,0.570
20700,0.268,0.166,0.566
20800,0.266,0.163,0.571
20900,0.262,0.162,0.576
21000,0.265,0.163,0.572
21100,0.271,0.165,0.564
21200,0.269,0.163,0.568
21300,0.280,0.151,0.569
21400,0.266,0.146,0.588
21500,0.270,0.140,0.590
21600,0.274,0.139,0.587
21700,0.272,0.129,0.599
21800,0.275,0.131,0.594
21900,0.269,0.128,0.603
22000,0.280,0.118,0.602
22100,0.287,0.121,0.592
22200,0.287,0.120,0.593
22300,0.285,0.123,0.592
22400,0.293,0.117,0.590
22500,0.295,0.118,0.587
22600,0.291,0.114,0.595
22700,0.287,0.117,0.596
22800,0.276,0.122,0.602
22900,0.281,0.117,0.602
23000,0.276,0.121,0.603
23100,0.273,0.122,0.605
23200,0.270,0.126,0.604
23300,0.263,0.128,0.609
23400,0.260,0.129,0.611
23500,0.262,0.122,0.616
23600,0.263,0.116,0.621
23700,0.256,0.120,0.624
23800,0.245,0.135,0.620
23900,0.242,0.141,0.617
24000,0.251,0.145,0.604
24100,0.254,0.134,0.612
24200,0.252,0.123,0.625
24300,0.260,0.131,0.609
24400,0.269,0.132,0.599
24500,0.279,0.133,0.588
24600,0.289,0.129,0.582
24700,0.282,0.125,0.593
24800,0.286,0.124,0.590
24900,0.290,0.118,0.592
25000,0.302,0.113,0.585
25100,0.314,0.110,0.576
25200,0.307,0.104,0.589
25300,0.305,0.109,0.586
25400,0.310,0.109,0.581
25500,0.302,0.107,0.591
25600,0.309,0.102,0.589
25700,0.301,0.103,0.596
25800,0.301,0.096,0.603
25900,0.300,0.099,0.601
26000,0.293,0.103,0.604
26100,0.297,0.107,0.596
26200,0.300,0.112,0.588
26300,0.307,0.120,0.573
26400,0.302,0.114,0.584
26500,0.298,0.114,0.588
26600,0.285,0.121,0.594
26700,0.287,0.117,0.596
26800,0.297,0.132,0.571
26900,0.285,0.139,0.576
27000,0.294,0.137,0.569
27100,0.284,0.137,0.579
27200,0.277,0.138,0.585
27300,0.278,0.140,0.582
27400,0.295,0.139,0.566
27500,0.306,0.145,0.549
27600,0.298,0.139,0.563
27700,0.288,0.130,0.582
27800,0.291,0.129,0.580
27900,0.299,0.125,0.576
28000,0.303,0.124,0.573
28100,0.295,0.123,0.582
28200,0.299,0.118,0.583
28300,0.302,0.118,0.580
28400,0.305,0.110,0.585
28500,0.293,0.108,0.599
28600,0.283,0.100,0.617
28700,0.292,0.092,0.616
28800,0.296,0.085,0.619
28900,0.299,0.089,0.612
29000,0.299,0.097,0.604
29100,0.300,0.098,0.602
29200,0.297,0.104,0.599
29300,0.297,0.107,0.596
29400,0.301,0.112,0.587
29500,0.306,0.112,0.582
29600,0.307,0.108,0.585
29700,0.320,0.107,0.573
29800,0.317,0.115,0.568
29900,0.298,0.116,0.586
30000,0.291,0.115,0.594
30100,0.304,0.110,0.586
30200,0.299,0.115,0.586
30300,0.296,0.116,0.588
30400,0.304,0.112,0.584
30500,0.294,0.111,0.595
30600,0.276,0.113,0.611
30700,0.280,0.116,0.604
30800,0.284,0.111,0.605
30900,0.293,0.111,0.596
31000,0.303,0.110,0.587
31100,0.307,0.116,0.577
31200,0.306,0.112,0.582
31300,0.304,0.112,0.584
31400,0.308,0.105,0.587
31500,0.326,0.103,0.571
31600,0.335,0.097,0.568
31700,0.323,0.111,0.566
31800,0.329,0.108,0.563
31900,0.317,0.112,0.571
32000,0.320,0.102,0.578
32100,0.318,0.102,0.580
32200,0.323,0.100,0.577
32300,0.317,0.106,0.577
32400,0.320,0.109,0.571
32500,0.325,0.107,0.568
32600,0.332,0.104,0.564
32700,0.328,0.102,0.570
32800,0.326,0.102,0.572
32900,0.327,0.097,0.576
33000,0.320,0.097,0.583
33100,0.330,0.093,0.577
33200,0.334,0.095,0.571
33300,0.339,0.093,0.568
33400,0.346,0.090,0.564
33500,0.341,0.090,0.569
33600,0.339,0.089,0.572
33700,0.346,0.093,0.561
33800,0.350,0.096,0.554
33900,0.348,0.092,0.560
34000,0.343,0.092,0.565
34100,0.347,0.099,0.554
34200,0.350,0.101,0.549
34300,0.344,0.093,0.563
34400,0.348,0.097,0.555
34500,0.332,0.087,0.581
34600,0.331,0.089,0.580
34700,0.332,0.089,0.579
34800,0.357,0.092,0.551
34900,0.352,0.097,0.551
35000,0.341,0.098,0.561
35100,0.339,0.087,0.574
35200,0.334,0.096,0.570
35300,0.331,0.097,0.572
35400,0.340,0.095,0.565
35500,0.336,0.094,0.570
35600,0.319,0.099,0.582
35700,0.320,0.103,0.577
35800,0.323,0.096,0.581
35900,0.322,0.105,0.573
36000,0.317,0.106,0.577
36100,0.313,0.105,0.582
36200,0.320,0.105,0.575
36300,0.315,0.111,0.574
36400,0.325,0.104,0.571
36500,0.317,0.106,0.577
36600,0.316,0.100,0.584
36700,0.319,0.104,0.577
36800,0.311,0.105,0.584
36900,0.322,0.106,0.572
37000,0.322,0.112,0.566
37100,0.318,0.111,0.571
37200,0.314,0.114,0.572
37300,0.324,0.107,0.569
37400,0.332,0.110,0.558
37500,0.343,0.111,0.546
37600,0.340,0.101,0.559
37700,0.333,0.096,0.571
37800,0.324,0.089,0.587
37900,0.348,0.086,0.566
38000,0.358,0.091,0.551
38100,0.370,0.096,0.534
38200,0.378,0.102,0.520
38300,0.352,0.093,0.555
38400,0.358,0.088,0.554
38500,0.358,0.083,0.559
38600,0.353,0.088,0.559
38700,0.358,0.082,0.560
38800,0.364,0.087,0.549
38900,0.355,0.080,0.565
39000,0.362,0.081,0.557
39100,0.364,0.088,0.548
39200,0.358,0.085,0.557
39300,0.369,0.080,0.551
39400,0.383,0.080,0.537
39500,0.388,0.074,0.538
39600,0.386,0.073,0.541
39700,0.401,0.075,0.524
39800,0.399,0.065,0.536
39900,0.392,0.065,0.543
40000,0.385,0.072,0.543
40100,0.388,0.072,0.540
40200,0.385,0.071,0.544
40300,0.383,0.074,0.543
40400,0.391,0.076,0.533
40500,0.383,0.077,0.540
40600,0.369,0.079,0.552
40700,0.364,0.077,0.559
40800,0.363,0.073,0.564
40900,0.360,0.077,0.563
41000,0.350,0.083,0.567
41100,0.352,0.083,0.565
41200,0.370,0.078,0.552
41300,0.373,0.070,0.557
41400,0.372,0.069,0.559
41500,0.368,0.073,0.559
41600,0.369,0.078,0.553
41700,0.368,0.073,0.559
41800,0.363,0.072,0.565
41900,0.354,0.072,0.574
42000,0.359,0.069,0.572
42100,0.363,0.070,0.567
42200,0.361,0.077,0.562
42300,0.355,0.077,0.568
42400,0.360,0.079,0.561
42500,0.365,0.080,0.555
42600,0.373,0.086,0.541
42700,0.376,0.082,0.542
42800,0.373,0.074,0.553
42900,0.376,0.076,0.548
43000,0.371,0.074,0.555
43100,0.364,0.070,0.566
43200,0.366,0.066,0.568
43300,0.366,0.070,0.564
43400,0.362,0.072,0.566
43500,0.359,0.071,0.570
43600,0.360,0.070,0.570
43700,0.364,0.071,0.565
43800,0.368,0.085,0.547
43900,0.362,0.080,0.558
44000,0.364,0.082,0.554
44100,0.373,0.083,0.544
44200,0.372,0.081,0.547
44300,0.376,0.069,0.555
44400,0.383,0.074,0.543
44500,0.386,0.074,0.540
44600,0.381,0.073,0.546
44700,0.366,0.080,0.554
44800,0.356,0.082,0.562
44900,0.354,0.075,0.571
45000,0.371,0.071,0.558
45100,0.376,0.075,0.549
45200,0.382,0.078,0.540
45300,0.384,0.087,0.529
45400,0.390,0.092,0.518
45500,0.390,0.088,0.522
45600,0.404,0.088,0.508
45700,0.399,0.085,0.516
45800,0.404,0.095,0.501
45900,0.393,0.090,0.517
46000,0.390,0.085,0.525
46100,0.390,0.082,0.528
46200,0.395,0.086,0.519
46300,0.383,0.089,0.528
46400,0.386,0.094,0.520
46500,0.380,0.097,0.523
46600,0.382,0.088,0.530
46700,0.385,0.080,0.535
46800,0.384,0.084,0.532
46900,0.381,0.087,0.532
47000,0.378,0.086,0.536
47100,0.370,0.092,0.538
47200,0.371,0.090,0.539
47300,0.362,0.100,0.538
47400,0.370,0.104,0.526
47500,0.376,0.104,0.520
47600,0.380,0.110,0.510
47700,0.380,0.107,0.513
47800,0.370,0.110,0.520
47900,0.357,0.111,0.532
48000,0.351,0.099,0.550
48100,0.352,0.098,0.550
48200,0.351,0.095,0.554
48300,0.348,0.101,0.551
48400,0.352,0.097,0.551
48500,0.359,0.098,0.543
48600,0.356,0.094,0.550
48700,0.360,0.089,0.551
48800,0.377,0.089,0.534
48900,0.375,0.083,0.542
49000,0.361,0.073,0.566
49100,0.358,0.074,0.568
49200,0.355,0.075,0.570
49300,0.362,0.075,0.563
49400,0.367,0.079,0.554
49500,0.362,0.080,0.558
49600,0.367,0.083,0.550
49700,0.380,0.087,0.533
49800,0.376,0.085,0.539
49900,0.367,0.082,0.551
50000,0.348,0.076,0.576
50100,0.361,0.075,0.564
50200,0.359,0.074,0.567
50300,0.352,0.074,0.574
50400,0.360,0.077,0.563
50500,0.370,0.079,0.551
50600,0.363,0.081,0.556
50700,0.366,0.089,0.545
50800,0.362,0.094,0.544
50900,0.351,0.091,0.558
51000,0.350,0.088,0.562
51100,0.346,0.094,0.560
51200,0.343,0.101,0.556
51300,0.334,0.098,0.568
51400,0.343,0.097,0.560
51500,0.340,0.096,0.564
51600,0.350,0.097,0.553
51700,0.363,0.094,0.543
51800,0.368,0.102,0.530
51900,0.365,0.096,0.539
52000,0.367,0.094,0.539
52100,0.359,0.087,0.554
52200,0.357,0.086,0.557
52300,0.346,0.080,0.574
52400,0.339,0.082,0.579
52500,0.345,0.084,0.571
52600,0.351,0.089,0.560
52700,0.346,0.083,0.571
52800,0.356,0.088,0.556
52900,0.350,0.093,0.557
53000,0.355,0.093,0.552
53100,0.352,0.092,0.556
53200,0.350,0.094,0.556
53300,0.364,0.080,0.556
53400,0.365,0.081,0.554
53500,0.361,0.080,0.559
53600,0.363,0.092,0.545
53700,0.358,0.095,0.547
53800,0.350,0.092,0.558
53900,0.343,0.095,0.562
54000,0.331,0.098,0.571
54100,0.327,0.104,0.569
54200,0.332,0.100,0.568
54300,0.333,0.103,0.564
54400,0.339,0.105,0.556
54500,0.355,0.108,0.537
54600,0.350,0.091,0.559
54700,0.358,0.097,0.545
54800,0.360,0.105,0.535
54900,0.366,0.103,0.531
55000,0.365,0.106,0.529
55100,0.358,0.100,0.542
55200,0.357,0.098,0.545
55300,0.369,0.099,0.532
55400,0.358,0.106,0.536
55500,0.346,0.105,0.549
55600,0.349,0.114,0.537
55700,0.355,0.104,0.541
55800,0.362,0.098,0.540
55900,0.364,0.111,0.525
56000,0.366,0.115,0.519
56100,0.366,0.112,0.522
56200,0.350,0.115,0.535
56300,0.347,0.110,0.543
56400,0.354,0.097,0.549
56500,0.353,0.099,0.548
56600,0.352,0.113,0.535
56700,0.339,0.114,0.547
56800,0.350,0.108,0.542
56900,0.342,0.106,0.552
57000,0.338,0.109,0.553
57100,0.353,0.106,0.541
57200,0.359,0.109,0.532
57300,0.363,0.105,0.532
57400,0.365,0.102,0.533
57500,0.340,0.111,0.549
57600,0.345,0.105,0.550
57700,0.340,0.110,0.550
57800,0.334,0.110,0.556
57900,0.335,0.114,0.551
58000,0.343,0.113,0.544
58100,0.337,0.116,0.547
58200,0.342,0.116,0.542
58300,0.339,0.108,0.553
58400,0.335,0.108,0.557
58500,0.339,0.100,0.561
58600,0.341,0.098,0.561
58700,0.327,0.105,0.568
58800,0.323,0.095,0.582
58900,0.324,0.092,0.584
59000,0.315,0.091,0.594
59100,0.312,0.087,0.601
59200,0.309,0.088,0.603
59300,0.321,0.089,0.590
59400,0.324,0.094,0.582
59500,0.323,0.091,0.586
59600,0.328,0.088,0.584
59700,0.306,0.087,0.607
59800,0.312,0.098,0.590
59900,0.304,0.094,0.602
60000,0.281,0.098,0.621
60100,0.300,0.103,0.597
60200,0.301,0.103,0.596
60300,0.295,0.100,0.605
60400,0.292,0.103,0.605
60500,0.288,0.116,0.596
60600,0.288,0.114,0.598
60700,0.282,0.115,0.603
60800,0.276,0.113,0.611
60900,0.280,0.115,0.605
61000,0.281,0.123,0.596
61100,0.273,0.116,0.611
61200,0.286,0.120,0.594
61300,0.287,0.121,0.592
61400,0.288,0.106,0.606
61500,0.296,0.113,0.591
61600,0.300,0.117,0.583
61700,0.295,0.122,0.583
61800,0.295,0.117,0.588
61900,0.294,0.121,0.585
62000,0.305,0.115,0.580
62100,0.307,0.124,0.569
62200,0.305,0.118,0.577
62300,0.308,0.127,0.565
62400,0.313,0.121,0.566
62500,0.320,0.119,0.561
62600,0.319,0.112,0.569
62700,0.313,0.112,0.575
62800,0.313,0.120,0.567
62900,0.307,0.118,0.575
63000,0.305,0.119,0.576
63100,0.310,0.116,0.574
63200,0.313,0.119,0.568
63300,0.309,0.122,0.569
63400,0.303,0.126,0.571
63500,0.290,0.128,0.582
63600,0.291,0.126,0.583
63700,0.307,0.121,0.572
63800,0.291,0.121,0.588
63900,0.287,0.127,0.586
64000,0.284,0.130,0.586
64100,0.286,0.121,0.593
64200,0.293,0.115,0.592
64300,0.288,0.103,0.609
64400,0.292,0.113,0.595
64500,0.287,0.115,0.598
64600,0.283,0.115,0.602
64700,0.283,0.118,0.599
64800,0.285,0.124,0.591
64900,0.284,0.125,0.591
65000,0.284,0.124,0.592
65100,0.287,0.115,0.598
65200,0.288,0.113,0.599
65300,0.285,0.110,0.605
65400,0.283,0.120,0.597
65500,0.281,0.122,0.597
65600,0.288,0.120,0.592
65700,0.267,0.125,0.608
65800,0.276,0.131,0.593
65900,0.263,0.131,0.606
66000,0.265,0.138,0.597
66100,0.257,0.125,0.618
66200,0.251,0.136,0.613
66300,0.258,0.134,0.608
66400,0.273,0.132,0.595
66500,0.254,0.136,0.610
66600,0.247,0.138,0.615
66700,0.261,0.128,0.611
66800,0.271,0.134,0.595
66900,0.264,0.143,0.593
67000,0.269,0.137,0.594
67100,0.273,0.142,0.585
67200,0.264,0.146,0.590
67300,0.274,0.148,0.578
67400,0.281,0.147,0.572
67500,0.281,0.148,0.571
67600,0.294,0.145,0.561
67700,0.299,0.136,0.565
67800,0.296,0.133,0.571
67900,0.290,0.135,0.575
68000,0.284,0.127,0.589
68100,0.291,0.128,0.581
68200,0.277,0.114,0.609
68300,0.283,0.120,0.597
68400,0.279,0.123,0.598
68500,0.274,0.126,0.600
68600,0.266,0.138,0.596
68700,0.255,0.152,0.593
68800,0.248,0.145,0.607
68900,0.246,0.136,0.618
69000,0.252,0.133,0.615
69100,0.255,0.140,0.605
69200,0.264,0.128,0.608
69300,0.260,0.124,0.616
69400,0.265,0.123,0.612
69500,0.270,0.130,0.600
69600,0.276,0.131,0.593
69700,0.275,0.118,0.607
69800,0.266,0.125,0.609
69900,0.268,0.123,0.609
70000,0.264,0.124,0.612
70100,0.269,0.128,0.603
70200,0.275,0.123,0.602
70300,0.274,0.121,0.605
70400,0.282,0.108,0.610
70500,0.261,0.118,0.621
70600,0.273,0.125,0.602
70700,0.266,0.135,0.599
70800,0.264,0.134,0.602
70900,0.252,0.138,0.610
71000,0.248,0.143,0.609
71100,0.246,0.146,0.608
71200,0.248,0.151,0.601
71300,0.234,0.158,0.608
71400,0.250,0.178,0.572
71500,0.239,0.177,0.584
71600,0.238,0.173,0.589
71700,0.229,0.158,0.613
71800,0.224,0.158,0.618
71900,0.232,0.174,0.594
72000,0.237,0.176,0.587
72100,0.233,0.169,0.598
72200,0.233,0.165,0.602
72300,0.238,0.163,0.599
72400,0.242,0.155,0.603
72500,0.245,0.153,0.602
72600,0.249,0.152,0.599
72700,0.244,0.147,0.609
72800,0.241,0.156,0.603
72900,0.249,0.158,0.593
73000,0.254,0.159,0.587
73100,0.259,0.165,0.576
73200,0.273,0.160,0.567
73300,0.277,0.159,0.564
73400,0.283,0.153,0.564
73500,0.277,0.158,0.565
73600,0.277,0.157,0.566
73700,0.283,0.153,0.564
73800,0.256,0.153,0.591
73900,0.249,0.158,0.593
74000,0.241,0.150,0.609
74100,0.237,0.141,0.622
74200,0.241,0.138,0.621
74300,0.252,0.146,0.602
74400,0.269,0.142,0.589
74500,0.260,0.138,0.602
74600,0.264,0.137,0.599
74700,0.266,0.144,0.590
74800,0.272,0.148,0.580
74900,0.264,0.144,0.592
75000,0.271,0.132,0.597
75100,0.275,0.126,0.599
75200,0.272,0.125,0.603
75300,0.273,0.128,0.599
75400,0.273,0.132,0.595
75500,0.276,0.129,0.595
75600,0.294,0.117,0.589
75700,0.294,0.113,0.593
75800,0.283,0.118,0.599
75900,0.274,0.112,0.614
76000,0.284,0.113,0.603
76100,0.279,0.106,0.615
76200,0.267,0.109,0.624
76300,0.253,0.108,0.639
76400,0.246,0.130,0.624
76500,0.247,0.133,0.620
76600,0.243,0.136,0.621
76700,0.233,0.133,0.634
76800,0.237,0.146,0.617
76900,0.230,0.148,0.622
77000,0.234,0.143,0.623
77100,0.241,0.142,0.617
77200,0.237,0.135,0.628
77300,0.237,0.131,0.632
77400,0.252,0.131,0.617
77500,0.256,0.133,0.611
77600,0.250,0.137,0.613
77700,0.251,0.134,0.615
77800,0.261,0.128,0.611
77900,0.248,0.124,0.628
78000,0.247,0.135,0.618
78100,0.237,0.132,0.631
78200,0.247,0.129,0.624
78300,0.246,0.136,0.618
78400,0.243,0.136,0.621
78500,0.254,0.132,0.614
78600,0.252,0.127,0.621
78700,0.251,0.129,0.620
78800,0.246,0.132,0.622
78900,0.245,0.135,0.620
79000,0.252,0.131,0.617
79100,0.255,0.133,0.612
79200,0.255,0.132,0.613
79300,0.254,0.133,0.613
79400,0.253,0.132,0.615
79500,0.250,0.137,0.613
79600,0.261,0.141,0.598
79700,0.267,0.139,0.594
79800,0.268,0.138,0.594
79900,0.263,0.134,0.603
80000,0.262,0.133,0.605
80100,0.256,0.130,0.614
80200,0.245,0.126,0.629
80300,0.237,0.137,0.626
80400,0.238,0.136,0.626
80500,0.237,0.136,0.627
80600,0.247,0.141,0.612
80700,0.255,0.137,0.608
80800,0.254,0.140,0.606
80900,0.255,0.136,0.609
81000,0.261,0.131,0.608
81100,0.266,0.130,0.604
81200,0.268,0.126,0.606
81300,0.257,0.130,0.613
81400,0.250,0.124,0.626
81500,0.255,0.123,0.622
81600,0.255,0.131,0.614
81700,0.248,0.126,0.626
81800,0.253,0.120,0.627
81900,0.259,0.114,0.627
82000,0.255,0.124,0.621
82100,0.253,0.135,0.612
82200,0.246,0.143,0.611
82300,0.259,0.130,0.611
82400,0.263,0.123,0.614
82500,0.263,0.119,0.618
82600,0.273,0.117,0.610
82700,0.272,0.121,0.607
82800,0.283,0.112,0.605
82900,0.277,0.118,0.605
83000,0.271,0.124,0.605
83100,0.264,0.125,0.611
83200,0.259,0.123,0.618
83300,0.252,0.115,0.633
83400,0.249,0.123,0.628
83500,0.244,0.117,0.639
83600,0.247,0.121,0.632
83700,0.246,0.128,0.626
83800,0.241,0.140,0.619
83900,0.245,0.133,0.622
84000,0.243,0.123,0.634
84100,0.245,0.122,0.633
84200,0.229,0.121,0.650
84300,0.236,0.124,0.640
84400,0.229,0.118,0.653
84500,0.230,0.108,0.662
84600,0.221,0.112,0.667
84700,0.221,0.121,0.658
84800,0.226,0.116,0.658
84900,0.236,0.126,0.638
85000,0.240,0.131,0.629
85100,0.251,0.138,0.611
85200,0.262,0.145,0.593
85300,0.262,0.137,0.601
85400,0.264,0.138,0.598
85500,0.262,0.142,0.596
85600,0.276,0.141,0.583
85700,0.268,0.137,0.595
85800,0.269,0.139,0.592
85900,0.263,0.142,0.595
86000,0.269,0.151,0.580
86100,0.270,0.151,0.579
86200,0.277,0.151,0.572
86300,0.281,0.142,0.577
86400,0.285,0.139,0.576
86500,0.272,0.143,0.585
86600,0.275,0.137,0.588
86700,0.275,0.128,0.597
86800,0.273,0.140,0.587
86900,0.265,0.136,0.599
87000,0.268,0.134,0.598
87100,0.273,0.140,0.587
87200,0.266,0.136,0.598
87300,0.270,0.132,0.598
87400,0.263,0.138,0.599
87500,0.261,0.130,0.609
87600,0.248,0.132,0.620
87700,0.249,0.130,0.621
87800,0.261,0.133,0.606
87900,0.256,0.122,0.622
88000,0.275,0.114,0.611
88100,0.279,0.111,0.610
88200,0.274,0.111,0.615
88300,0.271,0.113,0.616
88400,0.273,0.118,0.609
88500,0.283,0.125,0.592
88600,0.295,0.133,0.572
88700,0.302,0.120,0.578
88800,0.305,0.118,0.577
88900,0.307,0.117,0.576
89000,0.291,0.124,0.585
89100,0.294,0.121,0.585
89200,0.303,0.121,0.576
89300,0.306,0.111,0.583
89400,0.294,0.112,0.594
89500,0.297,0.116,0.587
89600,0.286,0.126,0.588
89700,0.295,0.128,0.577
89800,0.273,0.133,0.594
89900,0.281,0.134,0.585
90000,0.283,0.128,0.589
90100,0.282,0.127,0.591
90200,0.289,0.129,0.582
90300,0.286,0.128,0.586
90400,0.279,0.132,0.589
90500,0.278,0.131,0.591
90600,0.281,0.119,0.600
90700,0.273,0.117,0.610
90800,0.273,0.114,0.613
90900,0.273,0.103,0.624
91000,0.275,0.100,0.625
91100,0.278,0.107,0.615
91200,0.280,0.119,0.601
91300,0.271,0.121,0.608
91400,0.269,0.122,0.609
91500,0.270,0.133,0.597
91600,0.281,0.143,0.576
91700,0.276,0.131,0.593
91800,0.273,0.118,0.609
91900,0.263,0.110,0.627
92000,0.260,0.102,0.638
92100,0.278,0.112,0.610
92200,0.274,0.121,0.605
92300,0.275,0.122,0.603
92400,0.275,0.136,0.589
92500,0.278,0.125,0.597
92600,0.289,0.124,0.587
92700,0.291,0.125,0.584
92800,0.285,0.134,0.581
92900,0.281,0.137,0.582
93000,0.276,0.137,0.587
93100,0.271,0.138,0.591
93200,0.266,0.134,0.600
93300,0.265,0.129,0.606
93400,0.268,0.124,0.608
93500,0.278,0.125,0.597
93600,0.283,0.134,0.583
93700,0.294,0.118,0.588
93800,0.298,0.109,0.593
93900,0.302,0.108,0.590
94000,0.296,0.103,0.601
94100,0.305,0.095,0.600
94200,0.312,0.091,0.597
94300,0.318,0.087,0.595
94400,0.315,0.093,0.592
94500,0.323,0.098,0.579
94600,0.323,0.095,0.582
94700,0.320,0.103,0.577
94800,0.298,0.112,0.590
94900,0.295,0.104,0.601
95000,0.308,0.117,0.575
95100,0.301,0.102,0.597
95200,0.303,0.112,0.585
95300,0.301,0.112,0.587
95400,0.303,0.106,0.591
95500,0.309,0.104,0.587
95600,0.304,0.102,0.594
95700,0.316,0.106,0.578
95800,0.322,0.099,0.579
95900,0.306,0.109,0.585
96000,0.309,0.109,0.582
96100,0.289,0.115,0.596
96200,0.284,0.114,0.602
96300,0.287,0.112,0.601
96400,0.276,0.116,0.608
96500,0.273,0.110,0.617
96600,0.280,0.115,0.605
96700,0.281,0.112,0.607
96800,0.276,0.106,0.618
96900,0.270,0.110,0.620
97000,0.273,0.107,0.620
97100,0.272,0.103,0.625
97200,0.270,0.104,0.626
97300,0.277,0.114,0.609
97400,0.279,0.118,0.603
97500,0.282,0.119,0.599
97600,0.291,0.123,0.586
97700,0.305,0.126,0.569
97800,0.317,0.115,0.568
97900,0.320,0.111,0.569
98000,0.323,0.112,0.565
98100,0.320,0.124,0.556
98200,0.318,0.123,0.559
98300,0.319,0.109,0.572
98400,0.321,0.107,0.572
98500,0.310,0.110,0.580
98600,0.315,0.112,0.573
98700,0.320,0.106,0.574
98800,0.315,0.116,0.569
98900,0.325,0.108,0.567
99000,0.331,0.105,0.564
99100,0.327,0.098,0.575
99200,0.330,0.096,0.574
99300,0.349,0.094,0.557
99400,0.347,0.092,0.561
99500,0.358,0.096,0.546
99600,0.361,0.106,0.533
99700,0.357,0.108,0.535
99800,0.360,0.105,0.535
99900,0.357,0.109,0.534
100000,0.356,0.117,0.527
