time,n_A+p,n_B,n_AB
500,0.030,0.186,0.784
1000,0.372,0.001,0.627
1500,0.545,0.000,0.455
2000,0.641,0.000,0.359
2500,0.461,0.000,0.539
3000,0.465,0.000,0.535
3500,0.785,0.000,0.215
4000,0.590,0.000,0.410
4500,0.693,0.000,0.307
5000,0.479,0.000,0.521
5500,0.758,0.000,0.242
6000,0.570,0.000,0.430
6500,0.442,0.000,0.558
7000,0.455,0.000,0.545
7500,0.519,0.000,0.481
8000,0.465,0.000,0.535
8500,0.665,0.000,0.335
9000,0.574,0.000,0.426
9500,0.727,0.000,0.273
10000,0.790,0.000,0.210
10500,0.662,0.000,0.338
11000,0.544,0.000,0.456
11500,0.714,0.000,0.286
12000,0.445,0.000,0.555
12500,0.523,0.000,0.477
13000,0.559,0.000,0.441
13500,0.677,0.000,0.323
14000,0.385,0.000,0.615
14500,0.557,0.000,0.443
15000,0.612,0.000,0.388
15500,0.533,0.000,0.467
16000,0.830,0.000,0.170
16500,0.591,0.000,0.409
17000,0.486,0.000,0.514
17500,0.494,0.000,0.506
18000,0.467,0.000,0.533
18500,0.509,0.000,0.491
19000,0.605,0.000,0.395
19500,0.519,0.000,0.481
20000,0.629,0.000,0.371
20500,0.665,0.000,0.335
21000,0.555,0.000,0.445
21500,0.529,0.000,0.471
22000,0.779,0.000,0.221
22500,0.403,0.000,0.597
23000,0.625,0.000,0.375
23500,0.723,0.000,0.277
24000,0.655,0.000,0.345
24500,0.776,0.000,0.224
25000,0.661,0.000,0.339
25500,0.417,0.000,0.583
26000,0.675,0.000,0.325
26500,0.759,0.000,0.241
27000,0.637,0.000,0.363
27500,0.566,0.000,0.434
28000,0.610,0.000,0.390
28500,0.527,0.000,0.473
29000,0.609,0.000,0.391
29500,0.662,0.000,0.338
30000,0.536,0.000,0.464
30500,0.560,0.000,0.440
31000,0.635,0.000,0.365
31500,0.662,0.000,0.338
32000,0.648,0.000,0.352
32500,0.672,0.000,0.328
33000,0.615,0.000,0.385
33500,0.548,0.000,0.452
34000,0.551,0.000,0.449
34500,0.564,0.000,0.436
35000,0.320,0.000,0.680
35500,0.387,0.000,0.613
36000,0.521,0.000,0.479
36500,0.551,0.000,0.449
37000,0.772,0.000,0.228
37500,0.506,0.000,0.494
38000,0.645,0.000,0.355
38500,0.736,0.000,0.264
39000,0.623,0.000,0.377
39500,0.572,0.000,0.428
40000,0.590,0.000,0.410
40500,0.490,0.000,0.510
41000,0.647,0.000,0.353
41500,0.662,0.000,0.338
42000,0.633,0.000,0.367
42500,0.620,0.000,0.380
43000,0.589,0.000,0.411
43500,0.480,0.000,0.520
44000,0.516,0.000,0.484
44500,0.624,0.000,0.376
45000,0.723,0.000,0.277
45500,0.552,0.000,0.448
46000,0.604,0.000,0.396
46500,0.462,0.000,0.538
47000,0.867,0.000,0.133
47500,0.859,0.000,0.141
48000,0.465,0.000,0.535
48500,0.439,0.000,0.561
49000,0.729,0.000,0.271
49500,0.505,0.000,0.495
50000,0.923,0.000,0.077
50500,0.999,0.000,0.001
51000,0.992,0.000,0.008
51500,1.000,0.000,0.000
