time,n_A+p,n_B,n_AB
500,0.030,0.834,0.136
1000,0.030,0.643,0.327
1500,0.030,0.471,0.498
2000,0.030,0.370,0.600
2500,0.030,0.258,0.712
3000,0.030,0.336,0.634
3500,0.030,0.287,0.682
4000,0.030,0.311,0.658
4500,0.030,0.237,0.732
5000,0.030,0.274,0.696
5500,0.030,0.216,0.753
6000,0.030,0.234,0.736
6500,0.030,0.296,0.674
7000,0.030,0.275,0.695
7500,0.030,0.289,0.681
8000,0.030,0.324,0.646
8500,0.030,0.305,0.664
9000,0.030,0.282,0.688
9500,0.030,0.216,0.754
10000,0.032,0.295,0.672
10500,0.030,0.259,0.711
11000,0.030,0.264,0.706
11500,0.030,0.332,0.638
12000,0.030,0.344,0.626
12500,0.033,0.244,0.724
13000,0.030,0.279,0.691
13500,0.030,0.277,0.693
14000,0.030,0.347,0.623
14500,0.030,0.376,0.595
15000,0.030,0.341,0.629
15500,0.030,0.273,0.698
16000,0.040,0.252,0.709
16500,0.030,0.283,0.687
17000,0.030,0.269,0.702
17500,0.030,0.322,0.648
18000,0.030,0.361,0.609
18500,0.030,0.346,0.624
19000,0.030,0.354,0.615
19500,0.030,0.344,0.626
20000,0.030,0.260,0.710
20500,0.037,0.316,0.647
21000,0.030,0.315,0.655
21500,0.030,0.307,0.663
22000,0.033,0.312,0.655
22500,0.030,0.289,0.681
23000,0.030,0.349,0.621
23500,0.030,0.340,0.630
24000,0.030,0.323,0.647
24500,0.030,0.314,0.656
25000,0.030,0.316,0.654
25500,0.030,0.327,0.643
26000,0.030,0.319,0.651
26500,0.030,0.321,0.649
27000,0.035,0.274,0.692
27500,0.030,0.324,0.646
28000,0.030,0.283,0.686
28500,0.030,0.331,0.639
29000,0.030,0.316,0.654
29500,0.030,0.313,0.657
30000,0.030,0.308,0.662
30500,0.030,0.333,0.637
31000,0.033,0.312,0.655
31500,0.030,0.314,0.656
32000,0.030,0.295,0.675
32500,0.030,0.257,0.713
33000,0.030,0.237,0.733
33500,0.030,0.258,0.712
34000,0.030,0.333,0.637
34500,0.030,0.323,0.647
35000,0.037,0.268,0.695
35500,0.030,0.241,0.729
36000,0.030,0.289,0.681
36500,0.030,0.336,0.634
37000,0.030,0.325,0.645
37500,0.030,0.261,0.710
38000,0.030,0.232,0.738
38500,0.030,0.253,0.718
39000,0.030,0.357,0.613
39500,0.030,0.305,0.665
40000,0.030,0.310,0.659
40500,0.030,0.328,0.642
41000,0.030,0.403,0.567
41500,0.030,0.349,0.621
42000,0.030,0.260,0.710
42500,0.030,0.278,0.692
43000,0.030,0.264,0.706
43500,0.032,0.297,0.670
44000,0.030,0.249,0.720
44500,0.030,0.296,0.673
45000,0.030,0.328,0.642
45500,0.030,0.288,0.682
46000,0.030,0.201,0.769
46500,0.030,0.238,0.732
47000,0.030,0.226,0.744
47500,0.030,0.262,0.708
48000,0.030,0.331,0.639
48500,0.030,0.303,0.666
49000,0.030,0.282,0.688
49500,0.030,0.325,0.645
50000,0.030,0.302,0.668
50500,0.030,0.269,0.702
51000,0.030,0.284,0.685
51500,0.030,0.253,0.717
52000,0.030,0.256,0.714
52500,0.030,0.210,0.759
53000,0.030,0.382,0.588
53500,0.030,0.344,0.625
54000,0.032,0.233,0.736
54500,0.030,0.216,0.753
55000,0.030,0.247,0.722
55500,0.030,0.254,0.716
56000,0.030,0.309,0.660
56500,0.034,0.263,0.704
57000,0.030,0.213,0.756
57500,0.030,0.305,0.665
58000,0.030,0.273,0.697
58500,0.033,0.231,0.737
59000,0.032,0.218,0.749
59500,0.030,0.271,0.699
60000,0.030,0.326,0.644
60500,0.030,0.430,0.539
61000,0.030,0.357,0.613
61500,0.030,0.344,0.626
62000,0.030,0.244,0.726
62500,0.030,0.276,0.694
63000,0.030,0.263,0.707
63500,0.030,0.294,0.675
64000,0.030,0.242,0.728
64500,0.030,0.288,0.682
65000,0.030,0.262,0.708
65500,0.034,0.273,0.694
66000,0.030,0.327,0.643
66500,0.030,0.321,0.649
67000,0.030,0.294,0.676
67500,0.030,0.268,0.702
68000,0.030,0.320,0.650
68500,0.030,0.290,0.679
69000,0.030,0.269,0.701
69500,0.040,0.243,0.716
70000,0.031,0.256,0.713
70500,0.030,0.310,0.659
71000,0.030,0.289,0.680
71500,0.039,0.213,0.748
72000,0.030,0.263,0.707
72500,0.032,0.243,0.725
73000,0.030,0.265,0.705
73500,0.030,0.275,0.696
74000,0.034,0.241,0.724
74500,0.030,0.274,0.696
75000,0.030,0.215,0.754
75500,0.030,0.268,0.702
76000,0.030,0.270,0.700
76500,0.030,0.285,0.684
77000,0.030,0.248,0.722
77500,0.030,0.291,0.679
78000,0.030,0.312,0.658
78500,0.030,0.359,0.611
79000,0.030,0.285,0.684
79500,0.030,0.346,0.624
80000,0.030,0.302,0.667
80500,0.030,0.379,0.591
81000,0.030,0.305,0.665
81500,0.030,0.289,0.680
82000,0.030,0.277,0.693
82500,0.030,0.269,0.701
83000,0.030,0.330,0.640
83500,0.030,0.275,0.695
84000,0.030,0.328,0.642
84500,0.030,0.285,0.684
85000,0.030,0.278,0.692
85500,0.030,0.280,0.690
86000,0.032,0.223,0.746
86500,0.030,0.214,0.755
87000,0.030,0.329,0.641
87500,0.030,0.300,0.670
88000,0.030,0.339,0.631
88500,0.030,0.316,0.654
89000,0.030,0.334,0.636
89500,0.030,0.262,0.708
90000,0.030,0.288,0.681
90500,0.030,0.286,0.684
91000,0.039,0.182,0.778
91500,0.030,0.254,0.716
92000,0.033,0.290,0.677
92500,0.030,0.235,0.734
93000,0.035,0.226,0.740
93500,0.031,0.371,0.597
94000,0.030,0.302,0.667
94500,0.030,0.326,0.644
95000,0.030,0.293,0.677
95500,0.034,0.247,0.719
96000,0.040,0.252,0.708
96500,0.030,0.214,0.756
97000,0.030,0.210,0.760
97500,0.030,0.206,0.764
98000,0.030,0.272,0.698
98500,0.030,0.346,0.623
99000,0.030,0.228,0.742
99500,0.030,0.215,0.755
100000,0.030,0.285,0.685
100500,0.030,0.295,0.675
101000,0.030,0.276,0.694
101500,0.030,0.358,0.612
102000,0.030,0.353,0.617
102500,0.030,0.318,0.652
103000,0.030,0.386,0.584
103500,0.030,0.394,0.577
104000,0.030,0.336,0.634
104500,0.030,0.300,0.669
105000,0.030,0.272,0.698
105500,0.030,0.273,0.698
106000,0.030,0.274,0.696
106500,0.030,0.311,0.658
107000,0.030,0.305,0.665
107500,0.030,0.312,0.658
108000,0.030,0.328,0.642
108500,0.030,0.331,0.639
109000,0.030,0.354,0.616
109500,0.030,0.311,0.658
110000,0.030,0.294,0.676
110500,0.030,0.258,0.712
111000,0.030,0.290,0.679
111500,0.030,0.262,0.708
112000,0.030,0.228,0.742
112500,0.033,0.336,0.631
113000,0.030,0.275,0.696
113500,0.034,0.281,0.685
114000,0.030,0.334,0.636
114500,0.030,0.253,0.718
115000,0.030,0.275,0.695
115500,0.030,0.262,0.708
116000,0.030,0.303,0.667
116500,0.030,0.322,0.648
117000,0.030,0.278,0.692
117500,0.030,0.292,0.677
118000,0.030,0.281,0.690
118500,0.030,0.322,0.648
119000,0.030,0.344,0.625
119500,0.030,0.279,0.692
120000,0.030,0.338,0.632
120500,0.030,0.314,0.656
121000,0.030,0.320,0.650
121500,0.033,0.276,0.692
122000,0.030,0.308,0.661
122500,0.030,0.394,0.577
123000,0.030,0.315,0.655
123500,0.030,0.271,0.700
124000,0.036,0.284,0.679
124500,0.031,0.289,0.679
125000,0.030,0.249,0.720
125500,0.032,0.355,0.613
126000,0.030,0.405,0.565
126500,0.030,0.250,0.720
127000,0.030,0.253,0.717
127500,0.032,0.256,0.713
128000,0.036,0.269,0.695
128500,0.030,0.274,0.696
129000,0.030,0.247,0.722
129500,0.030,0.326,0.644
130000,0.030,0.383,0.587
130500,0.030,0.338,0.632
131000,0.030,0.290,0.680
131500,0.033,0.286,0.681
132000,0.030,0.205,0.765
132500,0.030,0.300,0.669
133000,0.032,0.269,0.699
133500,0.040,0.261,0.699
134000,0.032,0.292,0.677
134500,0.030,0.447,0.522
135000,0.030,0.386,0.584
135500,0.030,0.359,0.611
136000,0.030,0.400,0.571
136500,0.030,0.321,0.649
137000,0.032,0.271,0.698
137500,0.030,0.217,0.753
138000,0.030,0.269,0.702
138500,0.030,0.281,0.689
139000,0.030,0.275,0.695
139500,0.030,0.290,0.679
140000,0.030,0.332,0.638
140500,0.030,0.319,0.651
141000,0.035,0.270,0.695
141500,0.030,0.250,0.720
142000,0.030,0.284,0.686
142500,0.030,0.273,0.697
143000,0.032,0.210,0.758
143500,0.030,0.365,0.605
144000,0.030,0.278,0.692
144500,0.030,0.298,0.672
145000,0.030,0.262,0.708
145500,0.030,0.258,0.712
146000,0.030,0.286,0.683
146500,0.030,0.321,0.649
147000,0.030,0.264,0.706
147500,0.030,0.293,0.677
148000,0.030,0.260,0.710
148500,0.030,0.314,0.656
149000,0.030,0.251,0.719
149500,0.033,0.231,0.737
150000,0.037,0.271,0.692
150500,0.030,0.321,0.649
151000,0.030,0.312,0.657
151500,0.030,0.336,0.634
152000,0.030,0.381,0.589
152500,0.030,0.377,0.593
153000,0.030,0.301,0.668
153500,0.030,0.319,0.651
154000,0.030,0.308,0.661
154500,0.030,0.243,0.726
155000,0.030,0.214,0.756
155500,0.030,0.338,0.632
156000,0.030,0.239,0.731
156500,0.030,0.278,0.692
157000,0.030,0.398,0.573
157500,0.030,0.318,0.652
158000,0.030,0.286,0.683
158500,0.030,0.309,0.661
159000,0.030,0.292,0.677
159500,0.030,0.316,0.654
160000,0.030,0.364,0.606
160500,0.030,0.249,0.721
161000,0.030,0.267,0.704
161500,0.037,0.222,0.741
162000,0.032,0.220,0.749
162500,0.030,0.353,0.617
163000,0.035,0.287,0.677
163500,0.032,0.204,0.765
164000,0.030,0.236,0.734
164500,0.030,0.241,0.729
165000,0.030,0.213,0.757
165500,0.030,0.290,0.680
166000,0.030,0.248,0.722
166500,0.030,0.273,0.698
167000,0.037,0.325,0.637
167500,0.030,0.252,0.718
168000,0.030,0.253,0.718
168500,0.030,0.242,0.728
169000,0.038,0.300,0.661
169500,0.030,0.310,0.659
170000,0.030,0.277,0.694
170500,0.030,0.248,0.722
171000,0.037,0.163,0.799
171500,0.036,0.200,0.764
172000,0.030,0.202,0.768
172500,0.030,0.309,0.660
173000,0.030,0.314,0.656
173500,0.030,0.281,0.689
174000,0.030,0.298,0.671
174500,0.030,0.371,0.599
175000,0.030,0.323,0.647
175500,0.034,0.303,0.663
176000,0.030,0.248,0.721
176500,0.030,0.309,0.661
177000,0.030,0.377,0.593
177500,0.030,0.337,0.633
178000,0.030,0.299,0.670
178500,0.030,0.293,0.676
179000,0.030,0.245,0.724
179500,0.030,0.251,0.720
180000,0.030,0.307,0.662
180500,0.030,0.340,0.630
181000,0.030,0.286,0.683
181500,0.030,0.287,0.683
182000,0.030,0.262,0.708
182500,0.036,0.259,0.705
183000,0.031,0.273,0.696
183500,0.030,0.284,0.685
184000,0.030,0.258,0.712
184500,0.030,0.297,0.673
185000,0.030,0.311,0.659
185500,0.030,0.299,0.670
186000,0.030,0.302,0.668
186500,0.030,0.280,0.690
187000,0.030,0.291,0.679
187500,0.030,0.264,0.706
188000,0.030,0.242,0.728
188500,0.039,0.268,0.693
189000,0.031,0.291,0.677
189500,0.030,0.260,0.710
190000,0.036,0.277,0.688
190500,0.035,0.242,0.723
191000,0.030,0.303,0.667
191500,0.030,0.281,0.689
192000,0.030,0.339,0.631
192500,0.030,0.333,0.637
193000,0.030,0.379,0.591
193500,0.030,0.311,0.658
194000,0.034,0.302,0.665
194500,0.030,0.265,0.705
195000,0.030,0.307,0.662
195500,0.030,0.202,0.768
196000,0.030,0.332,0.638
196500,0.030,0.272,0.698
197000,0.030,0.298,0.671
197500,0.030,0.328,0.642
198000,0.030,0.288,0.682
198500,0.030,0.203,0.766
199000,0.031,0.299,0.670
199500,0.030,0.269,0.701
200000,0.030,0.222,0.748
200500,0.030,0.262,0.708
201000,0.032,0.206,0.763
201500,0.030,0.254,0.716
202000,0.030,0.303,0.667
202500,0.030,0.343,0.627
203000,0.030,0.343,0.627
203500,0.034,0.249,0.717
204000,0.030,0.254,0.716
204500,0.030,0.258,0.712
205000,0.030,0.287,0.683
205500,0.036,0.291,0.673
206000,0.030,0.287,0.683
206500,0.030,0.330,0.640
207000,0.030,0.362,0.608
207500,0.030,0.353,0.617
208000,0.030,0.349,0.621
208500,0.030,0.277,0.693
209000,0.030,0.306,0.664
209500,0.030,0.315,0.655
210000,0.030,0.290,0.679
210500,0.030,0.264,0.706
211000,0.031,0.251,0.718
211500,0.030,0.293,0.676
212000,0.030,0.277,0.694
212500,0.030,0.343,0.627
213000,0.030,0.365,0.605
213500,0.030,0.382,0.589
214000,0.030,0.315,0.655
214500,0.030,0.217,0.753
215000,0.030,0.268,0.702
215500,0.030,0.413,0.557
216000,0.030,0.329,0.641
216500,0.030,0.330,0.640
217000,0.030,0.285,0.684
217500,0.030,0.301,0.669
218000,0.030,0.281,0.690
218500,0.038,0.252,0.710
219000,0.037,0.268,0.695
219500,0.035,0.237,0.728
220000,0.030,0.352,0.617
220500,0.030,0.288,0.681
221000,0.030,0.366,0.603
221500,0.030,0.322,0.648
222000,0.030,0.316,0.654
222500,0.030,0.331,0.639
223000,0.030,0.315,0.655
223500,0.030,0.336,0.634
224000,0.030,0.313,0.657
224500,0.030,0.259,0.711
225000,0.030,0.231,0.739
225500,0.030,0.272,0.698
226000,0.030,0.361,0.609
226500,0.030,0.355,0.615
227000,0.030,0.267,0.703
227500,0.030,0.271,0.700
228000,0.030,0.293,0.677
228500,0.030,0.396,0.574
229000,0.030,0.338,0.632
229500,0.030,0.257,0.713
230000,0.030,0.218,0.751
230500,0.030,0.297,0.673
231000,0.040,0.262,0.699
231500,0.030,0.287,0.683
232000,0.030,0.333,0.637
232500,0.030,0.303,0.667
233000,0.030,0.288,0.681
233500,0.030,0.323,0.647
234000,0.030,0.314,0.656
234500,0.030,0.221,0.749
235000,0.030,0.252,0.718
235500,0.030,0.319,0.651
236000,0.030,0.338,0.632
236500,0.030,0.341,0.629
237000,0.030,0.323,0.647
237500,0.030,0.254,0.716
238000,0.030,0.349,0.621
238500,0.030,0.300,0.669
239000,0.030,0.325,0.645
239500,0.030,0.341,0.629
240000,0.030,0.336,0.634
240500,0.030,0.344,0.625
241000,0.030,0.318,0.652
241500,0.032,0.278,0.690
242000,0.030,0.295,0.674
242500,0.030,0.340,0.630
243000,0.030,0.308,0.661
243500,0.030,0.290,0.680
244000,0.037,0.274,0.690
244500,0.030,0.222,0.748
245000,0.030,0.332,0.638
245500,0.030,0.281,0.689
246000,0.030,0.319,0.651
246500,0.030,0.275,0.696
247000,0.030,0.234,0.736
247500,0.030,0.279,0.691
248000,0.030,0.302,0.668
248500,0.030,0.360,0.610
249000,0.030,0.325,0.645
249500,0.032,0.309,0.659
250000,0.030,0.346,0.623
250500,0.030,0.343,0.627
251000,0.030,0.292,0.677
251500,0.030,0.254,0.716
252000,0.030,0.331,0.639
252500,0.030,0.268,0.702
253000,0.030,0.325,0.645
253500,0.030,0.301,0.668
254000,0.030,0.304,0.665
254500,0.030,0.394,0.577
255000,0.033,0.350,0.617
255500,0.030,0.309,0.660
256000,0.030,0.293,0.677
256500,0.030,0.252,0.718
257000,0.030,0.235,0.735
257500,0.030,0.284,0.685
258000,0.030,0.316,0.654
258500,0.030,0.284,0.685
259000,0.031,0.273,0.696
259500,0.030,0.264,0.706
260000,0.035,0.262,0.704
260500,0.030,0.308,0.661
261000,0.030,0.371,0.599
261500,0.030,0.279,0.692
262000,0.035,0.242,0.723
262500,0.031,0.249,0.720
263000,0.038,0.217,0.745
263500,0.030,0.255,0.715
264000,0.037,0.222,0.741
264500,0.030,0.323,0.647
265000,0.030,0.319,0.651
265500,0.030,0.283,0.687
266000,0.035,0.203,0.762
266500,0.032,0.253,0.716
267000,0.030,0.321,0.649
267500,0.030,0.287,0.682
268000,0.030,0.254,0.716
268500,0.030,0.285,0.685
269000,0.034,0.245,0.722
269500,0.031,0.261,0.708
270000,0.030,0.235,0.735
270500,0.033,0.265,0.703
271000,0.030,0.302,0.667
271500,0.030,0.317,0.653
272000,0.030,0.316,0.654
272500,0.030,0.315,0.655
273000,0.030,0.318,0.652
273500,0.030,0.342,0.628
274000,0.030,0.317,0.653
274500,0.034,0.293,0.673
275000,0.030,0.326,0.644
275500,0.030,0.396,0.575
276000,0.030,0.385,0.585
276500,0.030,0.247,0.723
277000,0.030,0.297,0.673
277500,0.030,0.289,0.681
278000,0.030,0.313,0.657
278500,0.030,0.282,0.688
279000,0.030,0.292,0.678
279500,0.030,0.257,0.713
280000,0.030,0.261,0.709
280500,0.039,0.253,0.708
281000,0.032,0.223,0.746
281500,0.030,0.279,0.691
282000,0.030,0.245,0.725
282500,0.030,0.349,0.621
283000,0.030,0.406,0.564
283500,0.030,0.333,0.637
284000,0.030,0.326,0.644
284500,0.030,0.326,0.644
285000,0.030,0.370,0.600
285500,0.030,0.273,0.697
286000,0.030,0.228,0.742
286500,0.030,0.272,0.698
287000,0.030,0.272,0.698
287500,0.030,0.347,0.623
288000,0.030,0.230,0.740
288500,0.030,0.270,0.700
289000,0.030,0.266,0.704
289500,0.030,0.302,0.668
290000,0.030,0.308,0.661
290500,0.030,0.345,0.625
291000,0.030,0.391,0.579
291500,0.030,0.350,0.620
292000,0.030,0.305,0.665
292500,0.030,0.255,0.715
293000,0.030,0.366,0.604
293500,0.030,0.330,0.640
294000,0.030,0.320,0.650
294500,0.030,0.272,0.698
295000,0.030,0.263,0.708
295500,0.030,0.314,0.656
296000,0.030,0.282,0.688
296500,0.030,0.282,0.688
297000,0.030,0.260,0.710
297500,0.032,0.239,0.729
298000,0.030,0.394,0.576
298500,0.030,0.285,0.684
299000,0.030,0.238,0.732
299500,0.030,0.344,0.626
300000,0.030,0.319,0.651
300500,0.030,0.343,0.627
301000,0.030,0.303,0.667
301500,0.030,0.287,0.683
302000,0.030,0.357,0.613
302500,0.030,0.324,0.646
303000,0.038,0.275,0.687
303500,0.030,0.295,0.675
304000,0.030,0.383,0.587
304500,0.030,0.423,0.547
305000,0.030,0.348,0.621
305500,0.030,0.327,0.643
306000,0.030,0.333,0.637
306500,0.030,0.306,0.664
307000,0.042,0.232,0.726
307500,0.030,0.347,0.623
308000,0.030,0.332,0.638
308500,0.030,0.291,0.678
309000,0.030,0.307,0.662
309500,0.030,0.262,0.708
310000,0.030,0.324,0.646
310500,0.030,0.252,0.718
311000,0.030,0.264,0.706
311500,0.030,0.322,0.648
312000,0.030,0.312,0.657
312500,0.036,0.288,0.676
313000,0.030,0.317,0.653
313500,0.030,0.297,0.673
314000,0.030,0.258,0.712
314500,0.030,0.334,0.636
315000,0.030,0.378,0.593
315500,0.030,0.321,0.649
316000,0.030,0.323,0.647
316500,0.030,0.273,0.698
317000,0.030,0.318,0.652
317500,0.030,0.321,0.649
318000,0.030,0.348,0.621
318500,0.030,0.374,0.596
319000,0.030,0.424,0.545
319500,0.030,0.399,0.571
320000,0.030,0.328,0.642
320500,0.030,0.270,0.700
321000,0.030,0.295,0.675
321500,0.030,0.338,0.632
322000,0.030,0.285,0.685
322500,0.030,0.292,0.677
323000,0.030,0.277,0.694
323500,0.030,0.290,0.679
324000,0.030,0.315,0.655
324500,0.030,0.248,0.722
325000,0.030,0.274,0.696
325500,0.030,0.311,0.659
326000,0.030,0.332,0.638
326500,0.030,0.343,0.627
327000,0.030,0.338,0.632
327500,0.030,0.268,0.702
328000,0.030,0.282,0.688
328500,0.030,0.299,0.670
329000,0.030,0.232,0.738
329500,0.030,0.279,0.691
330000,0.030,0.364,0.606
330500,0.030,0.316,0.654
331000,0.030,0.332,0.638
331500,0.030,0.327,0.643
332000,0.030,0.263,0.707
332500,0.030,0.267,0.703
333000,0.031,0.360,0.609
333500,0.030,0.392,0.579
334000,0.030,0.283,0.686
334500,0.030,0.300,0.669
335000,0.030,0.281,0.689
335500,0.031,0.281,0.688
336000,0.030,0.326,0.644
336500,0.030,0.295,0.674
337000,0.030,0.258,0.712
337500,0.030,0.365,0.605
338000,0.030,0.282,0.688
338500,0.030,0.251,0.720
339000,0.030,0.175,0.794
339500,0.030,0.322,0.648
340000,0.030,0.319,0.651
340500,0.033,0.292,0.675
341000,0.030,0.271,0.699
341500,0.038,0.245,0.716
342000,0.030,0.266,0.704
342500,0.030,0.249,0.720
343000,0.030,0.290,0.680
343500,0.035,0.183,0.782
344000,0.030,0.268,0.702
344500,0.030,0.298,0.672
345000,0.030,0.298,0.672
345500,0.030,0.395,0.575
346000,0.030,0.342,0.628
346500,0.030,0.341,0.629
347000,0.030,0.314,0.656
347500,0.030,0.261,0.710
348000,0.030,0.310,0.660
348500,0.030,0.320,0.650
349000,0.030,0.277,0.693
349500,0.030,0.296,0.674
350000,0.034,0.210,0.756
350500,0.030,0.276,0.694
351000,0.030,0.236,0.734
351500,0.030,0.259,0.711
352000,0.030,0.357,0.613
352500,0.030,0.370,0.600
353000,0.030,0.297,0.673
353500,0.030,0.244,0.726
354000,0.030,0.289,0.680
354500,0.030,0.254,0.716
355000,0.030,0.372,0.598
355500,0.030,0.307,0.663
356000,0.030,0.337,0.633
356500,0.030,0.268,0.702
357000,0.033,0.312,0.655
357500,0.030,0.293,0.677
358000,0.030,0.312,0.658
358500,0.030,0.304,0.666
359000,0.030,0.312,0.658
359500,0.030,0.226,0.744
360000,0.030,0.290,0.680
360500,0.030,0.242,0.728
361000,0.030,0.260,0.710
361500,0.035,0.264,0.702
362000,0.030,0.275,0.695
362500,0.033,0.247,0.720
363000,0.030,0.191,0.779
363500,0.030,0.243,0.726
364000,0.030,0.351,0.619
364500,0.030,0.264,0.706
365000,0.030,0.258,0.712
365500,0.036,0.229,0.735
366000,0.051,0.241,0.708
366500,0.030,0.169,0.800
367000,0.034,0.260,0.706
367500,0.030,0.245,0.724
368000,0.030,0.286,0.683
368500,0.030,0.337,0.633
369000,0.030,0.277,0.693
369500,0.030,0.345,0.625
370000,0.030,0.290,0.679
370500,0.030,0.333,0.637
371000,0.030,0.369,0.601
371500,0.030,0.333,0.637
372000,0.030,0.346,0.624
372500,0.030,0.280,0.690
373000,0.037,0.269,0.694
373500,0.030,0.379,0.591
374000,0.030,0.318,0.652
374500,0.030,0.259,0.712
375000,0.030,0.379,0.591
375500,0.030,0.288,0.682
376000,0.030,0.248,0.722
376500,0.030,0.345,0.625
377000,0.030,0.301,0.669
377500,0.030,0.318,0.652
378000,0.033,0.227,0.741
378500,0.036,0.225,0.739
379000,0.032,0.205,0.764
379500,0.030,0.249,0.720
380000,0.030,0.301,0.668
380500,0.030,0.253,0.717
381000,0.030,0.264,0.706
381500,0.032,0.334,0.634
382000,0.030,0.326,0.644
382500,0.030,0.377,0.593
383000,0.030,0.299,0.670
383500,0.030,0.298,0.672
384000,0.030,0.324,0.646
384500,0.030,0.375,0.595
385000,0.030,0.314,0.656
385500,0.030,0.342,0.628
386000,0.034,0.271,0.695
386500,0.030,0.357,0.613
387000,0.030,0.294,0.676
387500,0.030,0.329,0.641
388000,0.030,0.306,0.663
388500,0.030,0.330,0.640
389000,0.030,0.294,0.676
389500,0.030,0.288,0.682
390000,0.030,0.393,0.577
390500,0.030,0.379,0.591
391000,0.030,0.358,0.611
391500,0.030,0.277,0.693
392000,0.031,0.387,0.582
392500,0.030,0.316,0.654
393000,0.030,0.263,0.708
393500,0.030,0.333,0.637
394000,0.030,0.392,0.579
394500,0.030,0.286,0.684
395000,0.030,0.316,0.654
395500,0.030,0.253,0.718
396000,0.030,0.262,0.708
396500,0.030,0.252,0.718
397000,0.030,0.309,0.660
397500,0.030,0.229,0.741
398000,0.033,0.199,0.768
398500,0.030,0.225,0.745
399000,0.043,0.223,0.734
399500,0.037,0.216,0.746
400000,0.030,0.295,0.674
400500,0.030,0.330,0.640
401000,0.030,0.291,0.678
401500,0.030,0.321,0.649
402000,0.032,0.266,0.703
402500,0.030,0.228,0.742
403000,0.034,0.280,0.687
403500,0.030,0.340,0.630
404000,0.030,0.267,0.704
404500,0.030,0.330,0.640
405000,0.030,0.259,0.711
405500,0.030,0.334,0.636
406000,0.030,0.250,0.720
406500,0.030,0.255,0.715
407000,0.030,0.285,0.685
407500,0.030,0.268,0.702
408000,0.030,0.290,0.679
408500,0.030,0.274,0.696
409000,0.034,0.234,0.732
409500,0.030,0.279,0.691
410000,0.030,0.325,0.645
410500,0.030,0.298,0.672
411000,0.030,0.224,0.746
411500,0.030,0.311,0.659
412000,0.030,0.328,0.642
412500,0.030,0.332,0.638
413000,0.030,0.285,0.684
413500,0.030,0.385,0.585
414000,0.038,0.274,0.688
414500,0.030,0.238,0.732
415000,0.030,0.376,0.594
415500,0.030,0.300,0.669
416000,0.030,0.218,0.752
416500,0.030,0.313,0.657
417000,0.030,0.298,0.672
417500,0.030,0.231,0.739
418000,0.030,0.281,0.690
418500,0.030,0.279,0.691
419000,0.030,0.309,0.660
419500,0.030,0.382,0.588
420000,0.030,0.285,0.685
420500,0.030,0.366,0.604
421000,0.030,0.282,0.687
421500,0.030,0.270,0.700
422000,0.032,0.308,0.659
422500,0.030,0.395,0.575
423000,0.030,0.404,0.567
423500,0.030,0.296,0.674
424000,0.034,0.268,0.699
424500,0.030,0.253,0.717
425000,0.030,0.226,0.744
425500,0.030,0.197,0.773
426000,0.030,0.300,0.669
426500,0.030,0.274,0.696
427000,0.030,0.298,0.671
427500,0.030,0.302,0.667
428000,0.030,0.330,0.640
428500,0.030,0.271,0.699
429000,0.034,0.256,0.710
429500,0.030,0.302,0.667
430000,0.031,0.252,0.717
430500,0.030,0.299,0.670
431000,0.030,0.290,0.679
431500,0.030,0.273,0.698
432000,0.030,0.329,0.641
432500,0.030,0.354,0.616
433000,0.030,0.270,0.700
433500,0.031,0.318,0.651
434000,0.030,0.317,0.653
434500,0.030,0.339,0.631
435000,0.030,0.270,0.700
435500,0.030,0.335,0.635
436000,0.030,0.386,0.585
436500,0.030,0.279,0.692
437000,0.030,0.256,0.714
437500,0.030,0.305,0.665
438000,0.030,0.257,0.714
438500,0.030,0.264,0.706
439000,0.030,0.265,0.705
439500,0.030,0.255,0.715
440000,0.032,0.261,0.707
440500,0.030,0.270,0.700
441000,0.030,0.289,0.680
441500,0.030,0.265,0.705
442000,0.030,0.242,0.728
442500,0.030,0.290,0.679
443000,0.030,0.303,0.667
443500,0.030,0.332,0.638
444000,0.038,0.270,0.692
444500,0.033,0.273,0.695
445000,0.030,0.302,0.668
445500,0.030,0.320,0.650
446000,0.030,0.305,0.664
446500,0.030,0.306,0.664
447000,0.030,0.312,0.658
447500,0.030,0.265,0.705
448000,0.034,0.205,0.761
448500,0.030,0.247,0.723
449000,0.030,0.246,0.724
449500,0.030,0.290,0.680
450000,0.030,0.342,0.628
450500,0.034,0.309,0.657
451000,0.030,0.291,0.678
451500,0.030,0.272,0.698
452000,0.030,0.245,0.724
452500,0.030,0.248,0.722
453000,0.030,0.285,0.685
453500,0.030,0.362,0.607
454000,0.030,0.330,0.640
454500,0.030,0.332,0.638
455000,0.030,0.273,0.697
455500,0.031,0.231,0.738
456000,0.030,0.345,0.625
456500,0.030,0.279,0.691
457000,0.030,0.286,0.684
457500,0.030,0.273,0.698
458000,0.030,0.279,0.691
458500,0.030,0.244,0.726
459000,0.030,0.233,0.737
459500,0.030,0.283,0.686
460000,0.030,0.221,0.749
460500,0.030,0.274,0.696
461000,0.030,0.314,0.656
461500,0.030,0.253,0.717
462000,0.030,0.246,0.724
462500,0.038,0.285,0.677
463000,0.030,0.332,0.637
463500,0.030,0.338,0.632
464000,0.030,0.253,0.717
464500,0.030,0.249,0.721
465000,0.030,0.252,0.718
465500,0.030,0.243,0.726
466000,0.030,0.382,0.589
466500,0.030,0.293,0.676
467000,0.030,0.338,0.632
467500,0.030,0.281,0.689
468000,0.030,0.340,0.630
468500,0.030,0.326,0.644
469000,0.030,0.339,0.631
469500,0.030,0.229,0.741
470000,0.030,0.297,0.673
470500,0.036,0.266,0.698
471000,0.030,0.316,0.653
471500,0.030,0.285,0.685
472000,0.030,0.262,0.708
472500,0.030,0.317,0.653
473000,0.030,0.333,0.637
473500,0.030,0.339,0.631
474000,0.030,0.384,0.586
474500,0.030,0.296,0.673
475000,0.036,0.244,0.720
475500,0.031,0.317,0.652
476000,0.030,0.302,0.668
476500,0.030,0.345,0.625
477000,0.030,0.256,0.714
477500,0.030,0.254,0.716
478000,0.030,0.321,0.649
478500,0.030,0.316,0.654
479000,0.030,0.242,0.728
479500,0.040,0.209,0.751
480000,0.033,0.278,0.690
480500,0.030,0.254,0.716
481000,0.033,0.229,0.738
481500,0.030,0.228,0.742
482000,0.035,0.227,0.738
482500,0.030,0.312,0.657
483000,0.030,0.322,0.648
483500,0.030,0.321,0.649
484000,0.030,0.382,0.589
484500,0.030,0.275,0.696
485000,0.030,0.310,0.660
485500,0.030,0.292,0.678
486000,0.030,0.288,0.681
486500,0.030,0.212,0.757
487000,0.030,0.265,0.705
487500,0.030,0.240,0.730
488000,0.030,0.236,0.734
488500,0.030,0.255,0.715
489000,0.030,0.320,0.650
489500,0.030,0.383,0.587
490000,0.030,0.345,0.625
490500,0.030,0.362,0.608
491000,0.030,0.377,0.593
491500,0.030,0.303,0.667
492000,0.030,0.348,0.621
492500,0.030,0.282,0.688
493000,0.030,0.334,0.636
493500,0.030,0.361,0.609
494000,0.030,0.308,0.662
494500,0.030,0.251,0.720
495000,0.032,0.284,0.684
495500,0.030,0.273,0.697
496000,0.030,0.300,0.669
496500,0.030,0.351,0.619
497000,0.030,0.368,0.602
497500,0.030,0.349,0.621
498000,0.030,0.273,0.698
498500,0.030,0.278,0.692
499000,0.030,0.252,0.718
499500,0.030,0.293,0.677
500000,0.030,0.297,0.673
500500,0.030,0.249,0.720
501000,0.037,0.282,0.680
501500,0.034,0.240,0.727
502000,0.035,0.237,0.728
502500,0.036,0.261,0.704
503000,0.030,0.226,0.744
503500,0.030,0.358,0.611
504000,0.030,0.344,0.626
504500,0.031,0.257,0.712
505000,0.030,0.281,0.689
505500,0.030,0.326,0.644
506000,0.030,0.290,0.680
506500,0.030,0.319,0.651
507000,0.030,0.314,0.656
507500,0.030,0.286,0.683
508000,0.030,0.284,0.686
508500,0.030,0.236,0.734
509000,0.030,0.207,0.763
509500,0.030,0.298,0.672
510000,0.030,0.314,0.656
510500,0.030,0.309,0.660
511000,0.030,0.301,0.668
511500,0.030,0.224,0.746
512000,0.030,0.315,0.655
512500,0.030,0.305,0.665
513000,0.030,0.346,0.624
513500,0.030,0.267,0.703
514000,0.030,0.252,0.718
514500,0.030,0.232,0.738
515000,0.030,0.243,0.726
515500,0.030,0.292,0.677
516000,0.030,0.304,0.666
516500,0.030,0.358,0.612
517000,0.030,0.282,0.688
517500,0.030,0.317,0.653
518000,0.030,0.301,0.669
518500,0.030,0.325,0.645
519000,0.030,0.371,0.599
519500,0.030,0.372,0.598
520000,0.030,0.316,0.654
520500,0.030,0.304,0.665
521000,0.031,0.311,0.658
521500,0.030,0.340,0.630
522000,0.032,0.195,0.774
522500,0.030,0.314,0.656
523000,0.030,0.221,0.749
523500,0.030,0.308,0.662
524000,0.030,0.237,0.733
524500,0.030,0.296,0.673
525000,0.030,0.295,0.675
525500,0.030,0.389,0.581
526000,0.030,0.312,0.658
526500,0.030,0.355,0.615
527000,0.030,0.347,0.623
527500,0.030,0.278,0.692
528000,0.030,0.315,0.655
528500,0.030,0.363,0.607
529000,0.030,0.304,0.665
529500,0.030,0.253,0.717
530000,0.030,0.184,0.785
530500,0.032,0.186,0.782
531000,0.030,0.255,0.715
531500,0.030,0.259,0.711
532000,0.030,0.340,0.630
532500,0.030,0.266,0.704
533000,0.030,0.265,0.705
533500,0.030,0.302,0.668
534000,0.030,0.335,0.635
534500,0.030,0.252,0.718
535000,0.030,0.247,0.723
535500,0.030,0.330,0.640
536000,0.030,0.266,0.704
536500,0.030,0.335,0.635
537000,0.030,0.323,0.647
537500,0.030,0.301,0.669
538000,0.030,0.262,0.708
538500,0.030,0.279,0.692
539000,0.030,0.320,0.650
539500,0.030,0.268,0.702
540000,0.037,0.238,0.725
540500,0.030,0.267,0.704
541000,0.030,0.329,0.641
541500,0.030,0.272,0.698
542000,0.030,0.334,0.636
542500,0.030,0.297,0.672
543000,0.030,0.229,0.741
543500,0.030,0.274,0.696
544000,0.030,0.226,0.744
544500,0.032,0.174,0.794
545000,0.030,0.203,0.767
545500,0.034,0.220,0.746
546000,0.030,0.332,0.637
546500,0.030,0.307,0.663
547000,0.030,0.256,0.714
547500,0.030,0.302,0.667
548000,0.030,0.289,0.681
548500,0.030,0.345,0.625
549000,0.030,0.355,0.615
549500,0.030,0.405,0.565
550000,0.030,0.308,0.661
550500,0.030,0.383,0.587
551000,0.030,0.328,0.642
551500,0.030,0.306,0.664
552000,0.030,0.324,0.646
552500,0.035,0.210,0.756
553000,0.030,0.191,0.779
553500,0.033,0.178,0.788
554000,0.030,0.253,0.717
554500,0.030,0.258,0.712
555000,0.030,0.236,0.734
555500,0.030,0.288,0.682
556000,0.030,0.236,0.734
556500,0.030,0.271,0.699
557000,0.030,0.328,0.642
557500,0.036,0.321,0.643
558000,0.030,0.326,0.643
558500,0.030,0.309,0.661
559000,0.030,0.299,0.670
559500,0.032,0.341,0.628
560000,0.030,0.357,0.613
560500,0.030,0.323,0.647
561000,0.030,0.314,0.656
561500,0.030,0.352,0.617
562000,0.030,0.277,0.694
562500,0.030,0.391,0.579
563000,0.030,0.289,0.680
563500,0.030,0.415,0.555
564000,0.030,0.343,0.627
564500,0.030,0.321,0.649
565000,0.030,0.317,0.653
565500,0.030,0.245,0.725
566000,0.030,0.206,0.763
566500,0.031,0.242,0.727
567000,0.030,0.281,0.689
567500,0.030,0.322,0.648
568000,0.030,0.325,0.645
568500,0.030,0.346,0.623
569000,0.030,0.353,0.617
569500,0.030,0.269,0.702
570000,0.030,0.303,0.667
570500,0.030,0.295,0.675
571000,0.035,0.288,0.677
571500,0.031,0.237,0.732
572000,0.030,0.280,0.690
572500,0.030,0.312,0.658
573000,0.030,0.289,0.680
573500,0.030,0.283,0.687
574000,0.030,0.279,0.692
574500,0.030,0.308,0.661
575000,0.036,0.261,0.703
575500,0.030,0.277,0.694
576000,0.030,0.270,0.700
576500,0.030,0.322,0.648
577000,0.030,0.244,0.726
577500,0.043,0.167,0.791
578000,0.032,0.321,0.647
578500,0.030,0.365,0.605
579000,0.030,0.377,0.593
579500,0.030,0.248,0.722
580000,0.032,0.328,0.640
580500,0.030,0.285,0.685
581000,0.030,0.274,0.696
581500,0.030,0.301,0.669
582000,0.030,0.314,0.656
582500,0.030,0.290,0.679
583000,0.030,0.333,0.637
583500,0.030,0.249,0.721
584000,0.030,0.316,0.654
584500,0.030,0.329,0.641
585000,0.030,0.259,0.711
585500,0.030,0.306,0.663
586000,0.030,0.273,0.698
586500,0.030,0.237,0.732
587000,0.032,0.277,0.691
587500,0.030,0.322,0.648
588000,0.030,0.204,0.766
588500,0.030,0.312,0.657
589000,0.030,0.342,0.628
589500,0.030,0.309,0.661
590000,0.030,0.284,0.685
590500,0.030,0.249,0.721
591000,0.030,0.289,0.680
591500,0.030,0.403,0.567
592000,0.030,0.378,0.592
592500,0.030,0.292,0.678
593000,0.030,0.281,0.690
593500,0.030,0.317,0.653
594000,0.030,0.328,0.642
594500,0.030,0.304,0.666
595000,0.030,0.243,0.726
595500,0.030,0.256,0.714
596000,0.030,0.289,0.681
596500,0.030,0.344,0.626
597000,0.030,0.334,0.636
597500,0.030,0.254,0.716
598000,0.030,0.320,0.650
598500,0.032,0.257,0.712
599000,0.030,0.307,0.663
599500,0.033,0.262,0.706
600000,0.031,0.225,0.744
600500,0.030,0.269,0.702
601000,0.030,0.266,0.704
601500,0.030,0.331,0.639
602000,0.030,0.311,0.658
602500,0.030,0.318,0.652
603000,0.030,0.284,0.685
603500,0.030,0.310,0.659
604000,0.030,0.283,0.687
604500,0.030,0.327,0.643
605000,0.030,0.309,0.661
605500,0.030,0.256,0.714
606000,0.030,0.288,0.682
606500,0.030,0.277,0.693
607000,0.030,0.252,0.718
607500,0.030,0.319,0.651
608000,0.030,0.232,0.738
608500,0.030,0.304,0.666
609000,0.030,0.326,0.644
609500,0.030,0.365,0.605
610000,0.030,0.365,0.605
610500,0.030,0.305,0.664
611000,0.030,0.257,0.713
611500,0.030,0.347,0.623
612000,0.030,0.361,0.609
612500,0.030,0.319,0.651
613000,0.030,0.264,0.706
613500,0.030,0.293,0.677
614000,0.030,0.271,0.699
614500,0.030,0.308,0.661
615000,0.030,0.340,0.630
615500,0.030,0.253,0.717
616000,0.030,0.289,0.680
616500,0.030,0.291,0.678
617000,0.030,0.315,0.655
617500,0.030,0.245,0.724
618000,0.030,0.285,0.684
618500,0.030,0.342,0.628
619000,0.030,0.335,0.635
619500,0.030,0.310,0.659
620000,0.030,0.361,0.609
620500,0.030,0.358,0.611
621000,0.038,0.338,0.624
621500,0.032,0.311,0.657
622000,0.030,0.255,0.716
622500,0.030,0.298,0.671
623000,0.030,0.302,0.667
623500,0.030,0.291,0.679
624000,0.030,0.248,0.722
624500,0.030,0.285,0.684
625000,0.030,0.261,0.709
625500,0.030,0.269,0.701
626000,0.030,0.281,0.689
626500,0.030,0.289,0.681
627000,0.030,0.350,0.620
627500,0.030,0.368,0.602
628000,0.030,0.337,0.633
628500,0.030,0.280,0.690
629000,0.030,0.294,0.676
629500,0.030,0.290,0.679
630000,0.030,0.267,0.704
630500,0.030,0.269,0.702
631000,0.030,0.276,0.694
631500,0.030,0.231,0.739
632000,0.033,0.261,0.707
632500,0.032,0.236,0.732
633000,0.030,0.310,0.659
633500,0.030,0.259,0.711
634000,0.030,0.343,0.627
634500,0.030,0.330,0.640
635000,0.030,0.267,0.704
635500,0.030,0.305,0.665
636000,0.030,0.327,0.643
636500,0.030,0.248,0.722
637000,0.030,0.342,0.628
637500,0.030,0.337,0.633
638000,0.030,0.316,0.654
638500,0.030,0.344,0.625
639000,0.030,0.387,0.583
639500,0.030,0.259,0.712
640000,0.030,0.287,0.683
640500,0.030,0.307,0.663
641000,0.030,0.331,0.639
641500,0.030,0.292,0.677
642000,0.030,0.276,0.694
642500,0.030,0.302,0.667
643000,0.030,0.310,0.660
643500,0.030,0.167,0.803
644000,0.053,0.208,0.738
644500,0.031,0.277,0.692
645000,0.030,0.278,0.692
645500,0.037,0.219,0.744
646000,0.030,0.283,0.686
646500,0.030,0.227,0.743
647000,0.030,0.238,0.732
647500,0.030,0.291,0.678
648000,0.030,0.265,0.705
648500,0.030,0.259,0.711
649000,0.030,0.264,0.706
649500,0.030,0.266,0.704
650000,0.030,0.274,0.696
650500,0.030,0.296,0.673
651000,0.030,0.310,0.659
651500,0.030,0.337,0.633
652000,0.030,0.312,0.657
652500,0.030,0.366,0.604
653000,0.030,0.256,0.714
653500,0.030,0.315,0.655
654000,0.030,0.352,0.618
654500,0.030,0.342,0.628
655000,0.030,0.293,0.677
655500,0.030,0.242,0.728
656000,0.030,0.269,0.702
656500,0.030,0.291,0.678
657000,0.030,0.272,0.698
657500,0.030,0.240,0.730
658000,0.030,0.290,0.679
658500,0.030,0.337,0.633
659000,0.030,0.212,0.758
659500,0.032,0.206,0.762
660000,0.031,0.275,0.694
660500,0.030,0.341,0.629
661000,0.030,0.286,0.684
661500,0.030,0.364,0.606
662000,0.030,0.305,0.665
662500,0.030,0.283,0.686
663000,0.030,0.204,0.765
663500,0.036,0.238,0.726
664000,0.030,0.268,0.702
664500,0.030,0.340,0.630
665000,0.030,0.319,0.651
665500,0.030,0.270,0.700
666000,0.030,0.245,0.725
666500,0.033,0.231,0.736
667000,0.030,0.231,0.739
667500,0.030,0.309,0.661
668000,0.030,0.359,0.611
668500,0.030,0.379,0.591
669000,0.030,0.254,0.716
669500,0.030,0.351,0.619
670000,0.030,0.330,0.640
670500,0.030,0.337,0.633
671000,0.034,0.268,0.699
671500,0.030,0.331,0.639
672000,0.030,0.277,0.694
672500,0.030,0.237,0.732
673000,0.030,0.213,0.756
673500,0.030,0.263,0.707
674000,0.030,0.305,0.664
674500,0.030,0.406,0.565
675000,0.030,0.298,0.672
675500,0.030,0.363,0.607
676000,0.030,0.299,0.670
676500,0.030,0.279,0.691
677000,0.030,0.357,0.613
677500,0.030,0.339,0.631
678000,0.030,0.313,0.657
678500,0.030,0.349,0.621
679000,0.030,0.249,0.720
679500,0.030,0.305,0.665
680000,0.030,0.300,0.670
680500,0.030,0.350,0.620
681000,0.030,0.325,0.645
681500,0.030,0.235,0.734
682000,0.030,0.234,0.736
682500,0.030,0.281,0.688
683000,0.030,0.281,0.690
683500,0.030,0.308,0.662
684000,0.032,0.282,0.687
684500,0.030,0.318,0.652
685000,0.030,0.323,0.647
685500,0.030,0.226,0.744
686000,0.030,0.317,0.653
686500,0.030,0.314,0.656
687000,0.030,0.366,0.604
687500,0.030,0.281,0.690
688000,0.030,0.259,0.712
688500,0.034,0.177,0.788
689000,0.030,0.209,0.760
689500,0.030,0.237,0.732
690000,0.030,0.186,0.783
690500,0.030,0.288,0.681
691000,0.030,0.254,0.716
691500,0.030,0.208,0.762
692000,0.034,0.278,0.689
692500,0.030,0.233,0.737
693000,0.030,0.328,0.642
693500,0.030,0.295,0.675
694000,0.030,0.225,0.745
694500,0.030,0.288,0.682
695000,0.030,0.315,0.655
695500,0.030,0.372,0.598
696000,0.030,0.294,0.675
696500,0.030,0.255,0.716
697000,0.035,0.229,0.736
697500,0.035,0.257,0.708
698000,0.030,0.236,0.734
698500,0.038,0.252,0.710
699000,0.038,0.253,0.709
699500,0.030,0.287,0.682
700000,0.030,0.310,0.660
700500,0.030,0.329,0.641
701000,0.030,0.290,0.679
701500,0.030,0.271,0.700
702000,0.030,0.322,0.648
702500,0.030,0.323,0.647
703000,0.030,0.297,0.673
703500,0.030,0.312,0.658
704000,0.030,0.270,0.700
704500,0.030,0.272,0.698
705000,0.030,0.297,0.672
705500,0.035,0.237,0.728
706000,0.031,0.282,0.687
706500,0.030,0.270,0.700
707000,0.030,0.285,0.685
707500,0.030,0.284,0.686
708000,0.030,0.263,0.707
708500,0.030,0.226,0.744
709000,0.030,0.343,0.627
709500,0.030,0.355,0.615
710000,0.030,0.365,0.605
710500,0.030,0.387,0.583
711000,0.030,0.337,0.633
711500,0.030,0.299,0.671
712000,0.030,0.294,0.676
712500,0.030,0.340,0.630
713000,0.030,0.298,0.672
713500,0.030,0.217,0.752
714000,0.030,0.303,0.667
714500,0.030,0.322,0.648
715000,0.030,0.245,0.724
715500,0.032,0.253,0.716
716000,0.030,0.285,0.685
716500,0.030,0.317,0.653
717000,0.030,0.295,0.675
717500,0.035,0.267,0.698
718000,0.030,0.253,0.717
718500,0.030,0.398,0.573
719000,0.030,0.311,0.658
719500,0.030,0.328,0.642
720000,0.030,0.245,0.725
720500,0.030,0.322,0.648
721000,0.030,0.238,0.732
721500,0.030,0.304,0.666
722000,0.030,0.336,0.634
722500,0.030,0.317,0.653
723000,0.030,0.307,0.663
723500,0.030,0.337,0.633
724000,0.030,0.358,0.611
724500,0.030,0.331,0.639
725000,0.030,0.337,0.633
725500,0.030,0.295,0.674
726000,0.032,0.295,0.672
726500,0.030,0.253,0.717
727000,0.030,0.314,0.656
727500,0.030,0.316,0.654
728000,0.030,0.316,0.654
728500,0.030,0.334,0.636
729000,0.030,0.398,0.573
729500,0.030,0.354,0.616
730000,0.030,0.446,0.524
730500,0.030,0.338,0.632
731000,0.030,0.352,0.617
731500,0.030,0.315,0.655
732000,0.030,0.276,0.694
732500,0.030,0.309,0.661
733000,0.030,0.277,0.693
733500,0.030,0.342,0.628
734000,0.030,0.302,0.668
734500,0.030,0.329,0.641
735000,0.030,0.255,0.715
735500,0.030,0.257,0.714
736000,0.030,0.304,0.665
736500,0.030,0.280,0.690
737000,0.030,0.312,0.657
737500,0.030,0.276,0.694
738000,0.030,0.296,0.673
738500,0.030,0.289,0.681
739000,0.030,0.350,0.620
739500,0.030,0.278,0.692
740000,0.030,0.322,0.648
740500,0.030,0.296,0.673
741000,0.034,0.249,0.717
741500,0.030,0.268,0.702
742000,0.030,0.327,0.643
742500,0.030,0.315,0.655
743000,0.030,0.417,0.552
743500,0.030,0.331,0.639
744000,0.030,0.267,0.704
744500,0.030,0.342,0.628
745000,0.030,0.330,0.640
745500,0.030,0.297,0.672
746000,0.030,0.287,0.682
746500,0.030,0.312,0.657
747000,0.030,0.289,0.681
747500,0.032,0.297,0.671
748000,0.030,0.278,0.692
748500,0.030,0.344,0.626
749000,0.030,0.284,0.686
749500,0.030,0.403,0.567
750000,0.030,0.326,0.644
750500,0.030,0.265,0.705
751000,0.030,0.213,0.757
751500,0.030,0.252,0.718
752000,0.030,0.340,0.630
752500,0.030,0.355,0.615
753000,0.030,0.309,0.660
753500,0.030,0.280,0.690
754000,0.030,0.323,0.647
754500,0.030,0.284,0.686
755000,0.030,0.314,0.656
755500,0.030,0.284,0.686
756000,0.030,0.279,0.691
756500,0.033,0.318,0.649
757000,0.031,0.224,0.745
757500,0.030,0.200,0.770
758000,0.030,0.277,0.693
758500,0.030,0.293,0.676
759000,0.030,0.265,0.705
759500,0.030,0.279,0.691
760000,0.030,0.300,0.670
760500,0.030,0.309,0.661
761000,0.030,0.292,0.677
761500,0.030,0.267,0.704
762000,0.030,0.223,0.747
762500,0.030,0.271,0.700
763000,0.030,0.226,0.744
763500,0.030,0.210,0.760
764000,0.030,0.271,0.700
764500,0.030,0.384,0.586
765000,0.030,0.203,0.767
765500,0.030,0.314,0.656
766000,0.030,0.265,0.706
766500,0.030,0.384,0.586
767000,0.030,0.366,0.603
767500,0.030,0.286,0.684
768000,0.030,0.298,0.671
768500,0.030,0.297,0.672
769000,0.030,0.304,0.665
769500,0.030,0.266,0.704
770000,0.030,0.241,0.728
770500,0.030,0.297,0.673
771000,0.030,0.269,0.702
771500,0.030,0.376,0.594
772000,0.030,0.324,0.646
772500,0.030,0.299,0.671
773000,0.030,0.284,0.686
773500,0.030,0.337,0.633
774000,0.030,0.275,0.696
774500,0.030,0.317,0.653
775000,0.030,0.247,0.723
775500,0.030,0.261,0.710
776000,0.030,0.303,0.666
776500,0.030,0.284,0.685
777000,0.030,0.329,0.641
777500,0.030,0.271,0.700
778000,0.030,0.340,0.630
778500,0.030,0.396,0.575
779000,0.030,0.332,0.638
779500,0.030,0.265,0.705
780000,0.030,0.387,0.583
780500,0.030,0.324,0.646
781000,0.030,0.394,0.576
781500,0.030,0.315,0.655
782000,0.030,0.292,0.677
782500,0.030,0.234,0.736
783000,0.030,0.297,0.673
783500,0.030,0.403,0.567
784000,0.035,0.379,0.587
784500,0.030,0.300,0.670
785000,0.030,0.314,0.656
785500,0.030,0.279,0.691
786000,0.032,0.213,0.755
786500,0.030,0.291,0.678
787000,0.030,0.280,0.690
787500,0.030,0.214,0.755
788000,0.030,0.236,0.734
788500,0.030,0.263,0.708
789000,0.030,0.291,0.678
789500,0.032,0.328,0.641
790000,0.030,0.308,0.662
790500,0.037,0.286,0.676
791000,0.030,0.309,0.661
791500,0.030,0.271,0.700
792000,0.030,0.257,0.713
792500,0.030,0.270,0.700
793000,0.030,0.335,0.635
793500,0.030,0.341,0.629
794000,0.030,0.336,0.634
794500,0.030,0.343,0.627
795000,0.030,0.361,0.609
795500,0.030,0.292,0.678
796000,0.035,0.308,0.657
796500,0.030,0.350,0.620
797000,0.030,0.344,0.626
797500,0.030,0.390,0.581
798000,0.030,0.347,0.623
798500,0.030,0.228,0.742
799000,0.030,0.364,0.606
799500,0.030,0.276,0.694
800000,0.032,0.201,0.767
800500,0.031,0.244,0.724
801000,0.030,0.330,0.640
801500,0.030,0.249,0.721
802000,0.030,0.268,0.702
802500,0.030,0.368,0.601
803000,0.030,0.330,0.640
803500,0.030,0.288,0.682
804000,0.030,0.285,0.685
804500,0.030,0.254,0.716
805000,0.030,0.203,0.767
805500,0.030,0.290,0.679
806000,0.040,0.228,0.733
806500,0.030,0.238,0.732
807000,0.030,0.264,0.706
807500,0.030,0.325,0.645
808000,0.030,0.300,0.669
808500,0.030,0.307,0.662
809000,0.030,0.356,0.614
809500,0.030,0.373,0.597
810000,0.030,0.334,0.636
810500,0.030,0.326,0.644
811000,0.030,0.280,0.690
811500,0.033,0.208,0.758
812000,0.030,0.260,0.710
812500,0.030,0.297,0.673
813000,0.030,0.323,0.647
813500,0.030,0.308,0.662
814000,0.030,0.334,0.636
814500,0.030,0.304,0.665
815000,0.030,0.346,0.623
815500,0.030,0.271,0.700
816000,0.030,0.260,0.710
816500,0.030,0.248,0.722
817000,0.030,0.252,0.718
817500,0.030,0.300,0.670
818000,0.030,0.419,0.550
818500,0.030,0.381,0.589
819000,0.030,0.194,0.776
819500,0.030,0.268,0.702
820000,0.030,0.305,0.665
820500,0.030,0.272,0.698
821000,0.030,0.344,0.626
821500,0.030,0.234,0.736
822000,0.030,0.262,0.708
822500,0.030,0.264,0.706
823000,0.030,0.303,0.667
823500,0.030,0.333,0.637
824000,0.030,0.389,0.581
824500,0.030,0.289,0.680
825000,0.030,0.339,0.631
825500,0.035,0.246,0.719
826000,0.030,0.291,0.679
826500,0.030,0.338,0.632
827000,0.030,0.324,0.646
827500,0.030,0.311,0.659
828000,0.030,0.320,0.650
828500,0.030,0.349,0.621
829000,0.030,0.344,0.626
829500,0.030,0.446,0.524
830000,0.030,0.334,0.636
830500,0.030,0.243,0.727
831000,0.030,0.246,0.724
831500,0.030,0.317,0.653
832000,0.030,0.286,0.683
832500,0.032,0.262,0.706
833000,0.030,0.324,0.646
833500,0.030,0.290,0.679
834000,0.030,0.319,0.651
834500,0.030,0.285,0.685
835000,0.030,0.257,0.714
835500,0.032,0.267,0.702
836000,0.030,0.316,0.653
836500,0.033,0.257,0.710
837000,0.030,0.248,0.722
837500,0.030,0.308,0.661
838000,0.030,0.311,0.658
838500,0.030,0.438,0.532
839000,0.030,0.406,0.564
839500,0.030,0.352,0.618
840000,0.030,0.284,0.686
840500,0.030,0.265,0.706
841000,0.030,0.332,0.638
841500,0.030,0.387,0.583
842000,0.030,0.363,0.607
842500,0.030,0.292,0.677
843000,0.038,0.258,0.704
843500,0.031,0.287,0.681
844000,0.030,0.264,0.706
844500,0.030,0.298,0.672
845000,0.030,0.207,0.762
845500,0.030,0.269,0.702
846000,0.030,0.260,0.710
846500,0.030,0.305,0.664
847000,0.030,0.336,0.634
847500,0.038,0.277,0.684
848000,0.030,0.240,0.730
848500,0.038,0.294,0.667
849000,0.030,0.222,0.748
849500,0.031,0.252,0.718
850000,0.038,0.214,0.748
850500,0.030,0.256,0.714
851000,0.030,0.256,0.714
851500,0.030,0.375,0.595
852000,0.030,0.380,0.590
852500,0.030,0.248,0.722
853000,0.030,0.271,0.700
853500,0.033,0.244,0.723
854000,0.050,0.165,0.785
854500,0.039,0.157,0.804
855000,0.032,0.276,0.693
855500,0.035,0.256,0.710
856000,0.030,0.254,0.716
856500,0.030,0.303,0.667
857000,0.031,0.292,0.676
857500,0.030,0.245,0.724
858000,0.030,0.304,0.666
858500,0.030,0.319,0.651
859000,0.030,0.293,0.676
859500,0.030,0.376,0.595
860000,0.030,0.310,0.659
860500,0.030,0.223,0.747
861000,0.030,0.337,0.633
861500,0.030,0.304,0.666
862000,0.030,0.306,0.664
862500,0.030,0.303,0.667
863000,0.030,0.220,0.750
863500,0.033,0.234,0.733
864000,0.030,0.285,0.685
864500,0.030,0.397,0.573
865000,0.030,0.323,0.647
865500,0.030,0.292,0.678
866000,0.030,0.299,0.670
866500,0.030,0.326,0.644
867000,0.030,0.295,0.675
867500,0.030,0.273,0.698
868000,0.030,0.271,0.700
868500,0.030,0.330,0.640
869000,0.030,0.264,0.706
869500,0.030,0.261,0.709
870000,0.030,0.326,0.644
870500,0.030,0.281,0.689
871000,0.030,0.302,0.668
871500,0.030,0.308,0.661
872000,0.030,0.257,0.713
872500,0.044,0.189,0.767
873000,0.043,0.152,0.805
873500,0.033,0.311,0.657
874000,0.032,0.253,0.716
874500,0.030,0.290,0.680
875000,0.036,0.191,0.773
875500,0.030,0.261,0.709
876000,0.030,0.341,0.629
876500,0.030,0.236,0.734
877000,0.030,0.394,0.576
877500,0.030,0.345,0.625
878000,0.030,0.386,0.585
878500,0.030,0.202,0.768
879000,0.030,0.337,0.633
879500,0.030,0.263,0.708
880000,0.030,0.381,0.589
880500,0.030,0.292,0.677
881000,0.030,0.345,0.625
881500,0.030,0.333,0.637
882000,0.030,0.332,0.638
882500,0.030,0.339,0.631
883000,0.030,0.314,0.656
883500,0.030,0.328,0.642
884000,0.030,0.344,0.625
884500,0.030,0.271,0.700
885000,0.030,0.252,0.718
885500,0.035,0.308,0.657
886000,0.030,0.268,0.702
886500,0.030,0.329,0.641
887000,0.030,0.278,0.692
887500,0.030,0.263,0.707
888000,0.030,0.269,0.701
888500,0.030,0.311,0.658
889000,0.030,0.266,0.704
889500,0.030,0.318,0.652
890000,0.030,0.250,0.720
890500,0.030,0.379,0.591
891000,0.030,0.376,0.595
891500,0.030,0.361,0.609
892000,0.030,0.302,0.667
892500,0.030,0.353,0.617
893000,0.030,0.315,0.655
893500,0.030,0.236,0.734
894000,0.030,0.273,0.698
894500,0.030,0.361,0.609
895000,0.033,0.268,0.700
895500,0.030,0.257,0.713
896000,0.030,0.242,0.728
896500,0.030,0.318,0.652
897000,0.030,0.287,0.683
897500,0.030,0.297,0.672
898000,0.030,0.270,0.700
898500,0.030,0.316,0.654
899000,0.030,0.255,0.715
899500,0.030,0.259,0.711
900000,0.035,0.229,0.736
900500,0.030,0.314,0.656
901000,0.030,0.236,0.734
901500,0.030,0.296,0.674
902000,0.034,0.307,0.659
902500,0.030,0.234,0.736
903000,0.030,0.268,0.702
903500,0.030,0.286,0.683
904000,0.030,0.293,0.677
904500,0.030,0.393,0.577
905000,0.030,0.283,0.687
905500,0.030,0.266,0.704
906000,0.030,0.318,0.651
906500,0.030,0.289,0.681
907000,0.036,0.214,0.749
907500,0.034,0.203,0.764
908000,0.030,0.205,0.764
908500,0.030,0.276,0.694
909000,0.030,0.346,0.624
909500,0.030,0.294,0.676
910000,0.030,0.281,0.689
910500,0.030,0.241,0.729
911000,0.030,0.259,0.711
911500,0.030,0.303,0.666
912000,0.030,0.295,0.674
912500,0.030,0.255,0.715
913000,0.031,0.258,0.712
913500,0.030,0.343,0.627
914000,0.039,0.278,0.683
914500,0.030,0.261,0.709
915000,0.030,0.305,0.665
915500,0.030,0.214,0.756
916000,0.030,0.275,0.696
916500,0.030,0.293,0.677
917000,0.030,0.324,0.646
917500,0.030,0.290,0.680
918000,0.030,0.348,0.621
918500,0.030,0.335,0.635
919000,0.030,0.230,0.740
919500,0.030,0.285,0.684
920000,0.031,0.305,0.663
920500,0.030,0.235,0.735
921000,0.030,0.284,0.685
921500,0.030,0.330,0.640
922000,0.038,0.299,0.662
922500,0.030,0.239,0.731
923000,0.030,0.322,0.648
923500,0.030,0.300,0.669
924000,0.030,0.354,0.616
924500,0.030,0.300,0.670
925000,0.032,0.251,0.718
925500,0.030,0.244,0.726
926000,0.038,0.197,0.764
926500,0.030,0.267,0.703
927000,0.030,0.276,0.694
927500,0.030,0.269,0.702
928000,0.030,0.223,0.747
928500,0.030,0.309,0.661
929000,0.030,0.308,0.661
929500,0.030,0.329,0.641
930000,0.030,0.339,0.631
930500,0.030,0.300,0.669
931000,0.030,0.346,0.623
931500,0.030,0.334,0.636
932000,0.030,0.373,0.597
932500,0.030,0.381,0.589
933000,0.030,0.324,0.646
933500,0.030,0.275,0.695
934000,0.030,0.335,0.635
934500,0.030,0.261,0.709
935000,0.031,0.260,0.709
935500,0.030,0.272,0.698
936000,0.030,0.318,0.652
936500,0.030,0.329,0.641
937000,0.038,0.169,0.792
937500,0.037,0.147,0.815
938000,0.035,0.154,0.810
938500,0.044,0.184,0.771
939000,0.031,0.229,0.740
939500,0.038,0.217,0.744
940000,0.034,0.150,0.816
940500,0.033,0.257,0.711
941000,0.033,0.244,0.723
941500,0.030,0.267,0.704
942000,0.030,0.319,0.651
942500,0.030,0.281,0.689
943000,0.030,0.281,0.690
943500,0.030,0.228,0.742
944000,0.036,0.258,0.706
944500,0.030,0.331,0.639
945000,0.030,0.309,0.660
945500,0.030,0.315,0.655
946000,0.030,0.364,0.605
946500,0.030,0.340,0.630
947000,0.030,0.281,0.689
947500,0.030,0.253,0.718
948000,0.033,0.268,0.700
948500,0.030,0.352,0.618
949000,0.034,0.252,0.715
949500,0.030,0.336,0.633
950000,0.030,0.253,0.717
950500,0.030,0.265,0.705
951000,0.034,0.283,0.683
951500,0.030,0.258,0.712
952000,0.037,0.226,0.737
952500,0.030,0.307,0.662
953000,0.030,0.349,0.621
953500,0.030,0.333,0.637
954000,0.030,0.235,0.735
954500,0.036,0.205,0.759
955000,0.030,0.294,0.676
955500,0.030,0.228,0.742
956000,0.032,0.325,0.643
956500,0.030,0.231,0.739
957000,0.033,0.201,0.766
957500,0.030,0.243,0.726
958000,0.031,0.251,0.718
958500,0.030,0.250,0.720
959000,0.030,0.328,0.642
959500,0.030,0.344,0.626
960000,0.030,0.268,0.702
960500,0.030,0.339,0.631
961000,0.030,0.273,0.698
961500,0.030,0.286,0.683
962000,0.030,0.324,0.646
962500,0.030,0.346,0.623
963000,0.030,0.327,0.643
963500,0.030,0.327,0.643
964000,0.030,0.237,0.732
964500,0.030,0.232,0.738
965000,0.030,0.299,0.671
965500,0.030,0.300,0.670
966000,0.030,0.299,0.671
966500,0.030,0.292,0.678
967000,0.030,0.394,0.577
967500,0.030,0.383,0.587
968000,0.030,0.354,0.615
968500,0.030,0.326,0.644
969000,0.030,0.310,0.659
969500,0.030,0.276,0.694
970000,0.030,0.332,0.638
970500,0.030,0.312,0.657
971000,0.033,0.253,0.714
971500,0.030,0.307,0.662
972000,0.030,0.228,0.742
972500,0.030,0.228,0.742
973000,0.030,0.293,0.677
973500,0.030,0.302,0.668
974000,0.030,0.371,0.599
974500,0.039,0.293,0.668
975000,0.030,0.293,0.677
975500,0.030,0.344,0.625
976000,0.030,0.269,0.702
976500,0.030,0.286,0.683
977000,0.030,0.291,0.678
977500,0.030,0.318,0.652
978000,0.030,0.314,0.656
978500,0.030,0.269,0.702
979000,0.035,0.241,0.723
979500,0.030,0.272,0.698
980000,0.030,0.298,0.672
980500,0.030,0.293,0.677
981000,0.030,0.256,0.714
981500,0.030,0.252,0.718
982000,0.030,0.261,0.709
982500,0.030,0.337,0.633
983000,0.030,0.277,0.694
983500,0.030,0.272,0.698
984000,0.030,0.243,0.727
984500,0.030,0.301,0.669
985000,0.030,0.261,0.710
985500,0.030,0.339,0.631
986000,0.030,0.320,0.650
986500,0.030,0.289,0.680
987000,0.030,0.298,0.671
987500,0.030,0.246,0.724
988000,0.037,0.231,0.732
988500,0.032,0.282,0.686
989000,0.030,0.343,0.627
989500,0.030,0.282,0.688
990000,0.030,0.242,0.728
990500,0.030,0.266,0.704
991000,0.030,0.212,0.758
991500,0.031,0.306,0.663
992000,0.030,0.348,0.621
992500,0.030,0.336,0.634
993000,0.030,0.243,0.727
993500,0.035,0.256,0.709
994000,0.030,0.318,0.652
994500,0.030,0.363,0.607
995000,0.030,0.398,0.573
995500,0.030,0.316,0.654
996000,0.030,0.320,0.650
996500,0.030,0.268,0.702
997000,0.030,0.294,0.675
997500,0.030,0.312,0.658
998000,0.030,0.293,0.676
998500,0.030,0.340,0.630
999000,0.030,0.271,0.700
999500,0.030,0.353,0.617
1000000,0.030,0.294,0.676
