time,n_A+p,n_B,n_AB
500,0.030,0.890,0.080
1000,0.030,0.817,0.153
1500,0.030,0.791,0.179
2000,0.030,0.760,0.210
2500,0.030,0.720,0.250
3000,0.030,0.624,0.346
3500,0.038,0.567,0.395
4000,0.036,0.536,0.428
4500,0.035,0.521,0.444
5000,0.037,0.499,0.464
5500,0.042,0.443,0.515
6000,0.045,0.433,0.522
6500,0.055,0.365,0.580
7000,0.053,0.350,0.597
7500,0.039,0.433,0.528
8000,0.043,0.404,0.553
8500,0.050,0.378,0.572
9000,0.062,0.354,0.584
9500,0.063,0.366,0.571
10000,0.055,0.402,0.543
10500,0.049,0.387,0.564
11000,0.048,0.419,0.533
11500,0.044,0.427,0.529
12000,0.038,0.455,0.507
12500,0.036,0.410,0.554
13000,0.040,0.455,0.505
13500,0.033,0.515,0.452
14000,0.034,0.482,0.484
14500,0.036,0.437,0.527
15000,0.040,0.469,0.491
15500,0.030,0.427,0.543
16000,0.037,0.474,0.489
16500,0.034,0.453,0.513
17000,0.040,0.473,0.487
17500,0.035,0.450,0.515
18000,0.030,0.463,0.507
18500,0.030,0.584,0.386
19000,0.033,0.508,0.459
19500,0.032,0.467,0.501
20000,0.035,0.483,0.482
20500,0.059,0.370,0.571
21000,0.040,0.395,0.565
21500,0.052,0.422,0.526
22000,0.047,0.357,0.596
22500,0.035,0.424,0.541
23000,0.036,0.452,0.512
23500,0.044,0.460,0.496
24000,0.044,0.468,0.488
24500,0.035,0.449,0.516
25000,0.041,0.444,0.515
25500,0.032,0.522,0.446
26000,0.032,0.506,0.462
26500,0.030,0.442,0.528
27000,0.035,0.498,0.467
27500,0.038,0.495,0.467
28000,0.036,0.499,0.465
28500,0.035,0.505,0.460
29000,0.031,0.496,0.473
29500,0.034,0.492,0.474
30000,0.036,0.466,0.498
30500,0.042,0.449,0.509
31000,0.044,0.393,0.563
31500,0.042,0.444,0.514
32000,0.032,0.478,0.490
32500,0.041,0.458,0.501
33000,0.039,0.507,0.454
33500,0.038,0.473,0.489
34000,0.041,0.413,0.546
34500,0.051,0.385,0.564
35000,0.046,0.453,0.501
35500,0.034,0.458,0.508
36000,0.031,0.427,0.542
36500,0.033,0.465,0.502
37000,0.036,0.458,0.506
37500,0.051,0.437,0.512
38000,0.043,0.427,0.530
38500,0.049,0.414,0.537
39000,0.043,0.402,0.555
39500,0.034,0.426,0.540
40000,0.039,0.441,0.520
40500,0.050,0.486,0.464
41000,0.039,0.456,0.505
41500,0.052,0.374,0.574
42000,0.043,0.472,0.485
42500,0.040,0.482,0.478
43000,0.040,0.478,0.482
43500,0.036,0.480,0.484
44000,0.041,0.469,0.490
44500,0.033,0.451,0.516
45000,0.033,0.484,0.483
45500,0.034,0.453,0.513
46000,0.030,0.471,0.499
46500,0.030,0.497,0.473
47000,0.030,0.567,0.403
47500,0.031,0.531,0.438
48000,0.039,0.464,0.497
48500,0.033,0.474,0.493
49000,0.038,0.448,0.514
49500,0.034,0.444,0.522
50000,0.050,0.438,0.512
50500,0.035,0.447,0.518
51000,0.037,0.461,0.502
51500,0.047,0.468,0.485
52000,0.033,0.459,0.508
52500,0.040,0.489,0.471
53000,0.034,0.530,0.436
53500,0.035,0.494,0.471
54000,0.033,0.507,0.460
54500,0.035,0.500,0.465
55000,0.031,0.466,0.503
55500,0.036,0.474,0.490
56000,0.040,0.488,0.472
56500,0.040,0.491,0.469
57000,0.041,0.430,0.529
57500,0.032,0.455,0.513
58000,0.030,0.504,0.466
58500,0.036,0.556,0.408
59000,0.030,0.521,0.449
59500,0.033,0.518,0.449
60000,0.030,0.495,0.475
60500,0.037,0.439,0.524
61000,0.032,0.440,0.528
61500,0.045,0.453,0.502
62000,0.036,0.531,0.433
62500,0.031,0.561,0.408
63000,0.033,0.524,0.443
63500,0.031,0.482,0.487
64000,0.031,0.558,0.411
64500,0.031,0.515,0.454
65000,0.041,0.521,0.438
65500,0.038,0.441,0.521
66000,0.044,0.470,0.486
66500,0.043,0.497,0.460
67000,0.031,0.441,0.528
67500,0.030,0.456,0.514
68000,0.034,0.498,0.468
68500,0.033,0.516,0.451
69000,0.041,0.486,0.473
69500,0.039,0.493,0.468
70000,0.036,0.549,0.415
70500,0.033,0.525,0.442
71000,0.035,0.475,0.490
71500,0.037,0.494,0.469
72000,0.034,0.485,0.481
72500,0.036,0.461,0.503
73000,0.039,0.425,0.536
73500,0.040,0.434,0.526
74000,0.045,0.453,0.502
74500,0.039,0.438,0.523
75000,0.030,0.511,0.459
75500,0.035,0.513,0.452
76000,0.030,0.514,0.456
76500,0.032,0.520,0.448
77000,0.036,0.505,0.459
77500,0.032,0.535,0.433
78000,0.033,0.564,0.403
78500,0.030,0.530,0.440
79000,0.033,0.513,0.454
79500,0.032,0.534,0.434
80000,0.031,0.484,0.485
80500,0.034,0.475,0.491
81000,0.032,0.447,0.521
81500,0.036,0.467,0.497
82000,0.039,0.490,0.471
82500,0.041,0.404,0.555
83000,0.045,0.412,0.543
83500,0.039,0.516,0.445
84000,0.030,0.533,0.437
84500,0.030,0.550,0.420
85000,0.034,0.479,0.487
85500,0.036,0.443,0.521
86000,0.066,0.412,0.522
86500,0.043,0.426,0.531
87000,0.038,0.441,0.521
87500,0.037,0.461,0.502
88000,0.039,0.459,0.502
88500,0.033,0.467,0.500
89000,0.034,0.483,0.483
89500,0.053,0.447,0.500
90000,0.032,0.453,0.515
90500,0.038,0.452,0.510
91000,0.035,0.409,0.556
91500,0.041,0.424,0.535
92000,0.045,0.395,0.560
92500,0.047,0.383,0.570
93000,0.063,0.367,0.570
93500,0.062,0.356,0.582
94000,0.045,0.377,0.578
94500,0.045,0.435,0.520
95000,0.036,0.438,0.526
95500,0.054,0.394,0.552
96000,0.058,0.433,0.509
96500,0.043,0.433,0.524
97000,0.042,0.437,0.521
97500,0.048,0.431,0.521
98000,0.039,0.477,0.484
98500,0.031,0.489,0.480
99000,0.031,0.539,0.430
99500,0.034,0.489,0.477
100000,0.031,0.468,0.501
100500,0.030,0.416,0.554
101000,0.036,0.446,0.518
101500,0.037,0.497,0.466
102000,0.034,0.529,0.437
102500,0.033,0.493,0.474
103000,0.037,0.471,0.492
103500,0.032,0.457,0.511
104000,0.033,0.464,0.503
104500,0.047,0.417,0.536
105000,0.037,0.458,0.505
105500,0.047,0.452,0.501
106000,0.038,0.474,0.488
106500,0.045,0.448,0.507
107000,0.034,0.470,0.496
107500,0.033,0.465,0.502
108000,0.040,0.451,0.509
108500,0.036,0.432,0.532
109000,0.044,0.473,0.483
109500,0.041,0.468,0.491
110000,0.042,0.408,0.550
110500,0.036,0.455,0.509
111000,0.057,0.420,0.523
111500,0.034,0.444,0.522
112000,0.037,0.434,0.529
112500,0.072,0.343,0.585
113000,0.051,0.372,0.577
113500,0.043,0.366,0.591
114000,0.048,0.394,0.558
114500,0.045,0.398,0.557
115000,0.053,0.429,0.518
115500,0.039,0.454,0.507
116000,0.039,0.476,0.485
116500,0.047,0.421,0.532
117000,0.049,0.453,0.498
117500,0.039,0.406,0.555
118000,0.043,0.426,0.531
118500,0.048,0.413,0.539
119000,0.042,0.425,0.533
119500,0.043,0.425,0.532
120000,0.042,0.419,0.539
120500,0.044,0.427,0.529
121000,0.043,0.459,0.498
121500,0.030,0.486,0.484
122000,0.030,0.513,0.457
122500,0.030,0.542,0.428
123000,0.030,0.560,0.410
123500,0.030,0.522,0.448
124000,0.038,0.435,0.527
124500,0.047,0.450,0.503
125000,0.041,0.460,0.499
125500,0.038,0.443,0.519
126000,0.034,0.406,0.560
126500,0.038,0.489,0.473
127000,0.033,0.491,0.476
127500,0.040,0.473,0.487
128000,0.030,0.555,0.415
128500,0.031,0.543,0.426
129000,0.037,0.531,0.432
129500,0.034,0.512,0.454
130000,0.032,0.476,0.492
130500,0.042,0.478,0.480
131000,0.043,0.456,0.501
131500,0.034,0.396,0.570
132000,0.043,0.475,0.482
132500,0.050,0.444,0.506
133000,0.046,0.435,0.519
133500,0.038,0.446,0.516
134000,0.037,0.446,0.517
134500,0.040,0.477,0.483
135000,0.037,0.463,0.500
135500,0.041,0.459,0.500
136000,0.032,0.475,0.493
136500,0.037,0.455,0.508
137000,0.037,0.487,0.476
137500,0.035,0.419,0.546
138000,0.044,0.410,0.546
138500,0.039,0.404,0.557
139000,0.039,0.453,0.508
139500,0.045,0.472,0.483
140000,0.044,0.394,0.562
140500,0.043,0.430,0.527
141000,0.040,0.487,0.473
141500,0.033,0.488,0.479
142000,0.035,0.514,0.451
142500,0.032,0.514,0.454
143000,0.036,0.449,0.515
143500,0.041,0.384,0.575
144000,0.047,0.432,0.521
144500,0.046,0.426,0.528
145000,0.063,0.411,0.526
145500,0.049,0.343,0.608
146000,0.059,0.374,0.567
146500,0.051,0.389,0.560
147000,0.046,0.440,0.514
147500,0.036,0.489,0.475
148000,0.032,0.478,0.490
148500,0.039,0.512,0.449
149000,0.039,0.505,0.456
149500,0.038,0.520,0.442
150000,0.034,0.529,0.437
150500,0.031,0.482,0.487
151000,0.044,0.437,0.519
151500,0.037,0.447,0.516
152000,0.035,0.478,0.487
152500,0.034,0.508,0.458
153000,0.033,0.520,0.447
153500,0.037,0.490,0.473
154000,0.039,0.487,0.474
154500,0.035,0.494,0.471
155000,0.044,0.407,0.549
155500,0.044,0.462,0.494
156000,0.035,0.467,0.498
156500,0.033,0.484,0.483
157000,0.030,0.490,0.480
157500,0.041,0.495,0.464
158000,0.032,0.476,0.492
158500,0.039,0.468,0.493
159000,0.034,0.443,0.523
159500,0.036,0.514,0.450
160000,0.031,0.474,0.495
160500,0.039,0.485,0.476
161000,0.042,0.507,0.451
161500,0.035,0.490,0.475
162000,0.035,0.537,0.428
162500,0.033,0.498,0.469
163000,0.034,0.509,0.457
163500,0.038,0.518,0.444
164000,0.030,0.504,0.466
164500,0.030,0.501,0.469
165000,0.033,0.580,0.387
165500,0.031,0.545,0.424
166000,0.035,0.494,0.471
166500,0.032,0.493,0.475
167000,0.040,0.460,0.500
167500,0.039,0.414,0.547
168000,0.062,0.371,0.567
168500,0.051,0.441,0.508
169000,0.061,0.434,0.505
169500,0.047,0.414,0.539
170000,0.050,0.401,0.549
170500,0.050,0.428,0.522
171000,0.044,0.465,0.491
171500,0.037,0.455,0.508
172000,0.039,0.445,0.516
172500,0.046,0.419,0.535
173000,0.046,0.433,0.521
173500,0.049,0.425,0.526
174000,0.043,0.455,0.502
174500,0.035,0.498,0.467
175000,0.041,0.477,0.482
175500,0.047,0.451,0.502
176000,0.040,0.477,0.483
176500,0.035,0.461,0.504
177000,0.036,0.442,0.522
177500,0.040,0.417,0.543
178000,0.039,0.490,0.471
178500,0.040,0.468,0.492
179000,0.039,0.458,0.503
179500,0.033,0.480,0.487
180000,0.031,0.508,0.461
180500,0.030,0.500,0.470
181000,0.031,0.489,0.480
181500,0.047,0.356,0.597
182000,0.048,0.384,0.568
182500,0.041,0.425,0.534
183000,0.037,0.451,0.512
183500,0.039,0.505,0.456
184000,0.036,0.484,0.480
184500,0.040,0.456,0.504
185000,0.034,0.449,0.517
185500,0.036,0.454,0.510
186000,0.040,0.513,0.447
186500,0.033,0.474,0.493
187000,0.034,0.457,0.509
187500,0.031,0.465,0.504
188000,0.034,0.461,0.505
188500,0.033,0.441,0.526
189000,0.033,0.459,0.508
189500,0.039,0.433,0.528
190000,0.041,0.437,0.522
190500,0.038,0.425,0.537
191000,0.037,0.447,0.516
191500,0.044,0.409,0.547
192000,0.047,0.416,0.537
192500,0.040,0.440,0.520
193000,0.036,0.481,0.483
193500,0.037,0.455,0.508
194000,0.036,0.508,0.456
194500,0.030,0.463,0.507
195000,0.043,0.416,0.541
195500,0.045,0.495,0.460
196000,0.040,0.453,0.507
196500,0.038,0.460,0.502
197000,0.048,0.338,0.614
197500,0.063,0.346,0.591
198000,0.044,0.387,0.569
198500,0.048,0.405,0.547
199000,0.055,0.398,0.547
199500,0.041,0.417,0.542
200000,0.050,0.423,0.527
200500,0.038,0.466,0.496
201000,0.038,0.511,0.451
201500,0.036,0.474,0.490
202000,0.033,0.468,0.499
202500,0.040,0.444,0.516
203000,0.036,0.523,0.441
203500,0.033,0.572,0.395
204000,0.030,0.522,0.448
204500,0.030,0.495,0.475
205000,0.032,0.503,0.465
205500,0.030,0.549,0.421
206000,0.030,0.533,0.437
206500,0.030,0.493,0.477
207000,0.030,0.489,0.481
207500,0.030,0.485,0.485
208000,0.037,0.434,0.529
208500,0.036,0.455,0.509
209000,0.033,0.420,0.547
209500,0.042,0.384,0.574
210000,0.033,0.446,0.521
210500,0.030,0.550,0.420
211000,0.035,0.500,0.465
211500,0.033,0.492,0.475
212000,0.039,0.479,0.482
212500,0.036,0.498,0.466
213000,0.038,0.491,0.471
213500,0.043,0.437,0.520
214000,0.033,0.478,0.489
214500,0.045,0.429,0.526
215000,0.035,0.430,0.535
215500,0.044,0.369,0.587
216000,0.055,0.389,0.556
216500,0.038,0.409,0.553
217000,0.045,0.405,0.550
217500,0.044,0.428,0.528
218000,0.037,0.398,0.565
218500,0.045,0.354,0.601
219000,0.067,0.347,0.586
219500,0.089,0.348,0.563
220000,0.060,0.362,0.578
220500,0.062,0.378,0.560
221000,0.042,0.382,0.576
221500,0.045,0.421,0.534
222000,0.036,0.426,0.538
222500,0.035,0.449,0.516
223000,0.036,0.471,0.493
223500,0.035,0.449,0.516
224000,0.038,0.506,0.456
224500,0.043,0.440,0.517
225000,0.044,0.473,0.483
225500,0.057,0.443,0.500
226000,0.039,0.489,0.472
226500,0.031,0.494,0.475
227000,0.030,0.525,0.445
227500,0.030,0.490,0.480
228000,0.048,0.440,0.512
228500,0.047,0.394,0.559
229000,0.045,0.447,0.508
229500,0.058,0.450,0.492
230000,0.057,0.408,0.535
230500,0.044,0.425,0.531
231000,0.031,0.485,0.484
231500,0.040,0.480,0.480
232000,0.045,0.495,0.460
232500,0.045,0.492,0.463
233000,0.051,0.414,0.535
233500,0.042,0.415,0.543
234000,0.042,0.435,0.523
234500,0.057,0.449,0.494
235000,0.046,0.438,0.516
235500,0.044,0.439,0.517
236000,0.035,0.482,0.483
236500,0.033,0.475,0.492
237000,0.034,0.497,0.469
237500,0.031,0.498,0.471
238000,0.036,0.515,0.449
238500,0.036,0.508,0.456
239000,0.034,0.424,0.542
239500,0.035,0.450,0.515
240000,0.040,0.443,0.517
240500,0.033,0.468,0.499
241000,0.034,0.500,0.466
241500,0.032,0.488,0.480
242000,0.038,0.444,0.518
242500,0.042,0.406,0.552
243000,0.041,0.467,0.492
243500,0.040,0.478,0.482
244000,0.039,0.478,0.483
244500,0.039,0.485,0.476
245000,0.043,0.448,0.509
245500,0.031,0.498,0.471
246000,0.036,0.489,0.475
246500,0.034,0.450,0.516
247000,0.042,0.469,0.489
247500,0.033,0.452,0.515
248000,0.035,0.497,0.468
248500,0.034,0.527,0.439
249000,0.031,0.509,0.460
249500,0.034,0.546,0.420
250000,0.033,0.562,0.405
250500,0.041,0.482,0.477
251000,0.041,0.442,0.517
251500,0.036,0.476,0.488
252000,0.034,0.486,0.480
252500,0.030,0.469,0.501
253000,0.031,0.490,0.479
253500,0.039,0.444,0.517
254000,0.041,0.442,0.517
254500,0.045,0.366,0.589
255000,0.053,0.401,0.546
255500,0.044,0.431,0.525
256000,0.038,0.417,0.545
256500,0.039,0.369,0.592
257000,0.046,0.356,0.598
257500,0.051,0.343,0.606
258000,0.038,0.401,0.561
258500,0.050,0.346,0.604
259000,0.056,0.354,0.590
259500,0.054,0.381,0.565
260000,0.060,0.330,0.610
260500,0.048,0.326,0.626
261000,0.049,0.376,0.575
261500,0.036,0.397,0.567
262000,0.034,0.482,0.484
262500,0.042,0.563,0.395
263000,0.039,0.474,0.487
263500,0.034,0.489,0.477
264000,0.038,0.416,0.546
264500,0.054,0.365,0.581
265000,0.041,0.377,0.582
265500,0.045,0.356,0.599
266000,0.051,0.366,0.583
266500,0.041,0.374,0.585
267000,0.034,0.463,0.503
267500,0.034,0.490,0.476
268000,0.030,0.494,0.476
268500,0.031,0.528,0.441
269000,0.038,0.488,0.474
269500,0.042,0.484,0.474
270000,0.036,0.491,0.473
270500,0.030,0.559,0.411
271000,0.038,0.531,0.431
271500,0.031,0.471,0.498
272000,0.036,0.447,0.517
272500,0.031,0.447,0.522
273000,0.056,0.358,0.586
273500,0.044,0.427,0.529
274000,0.034,0.495,0.471
274500,0.036,0.470,0.494
275000,0.035,0.458,0.507
275500,0.032,0.498,0.470
276000,0.034,0.488,0.478
276500,0.030,0.475,0.495
277000,0.032,0.484,0.484
277500,0.044,0.446,0.510
278000,0.048,0.439,0.513
278500,0.043,0.486,0.471
279000,0.048,0.403,0.549
279500,0.054,0.397,0.549
280000,0.064,0.349,0.587
280500,0.052,0.402,0.546
281000,0.049,0.401,0.550
281500,0.041,0.364,0.595
282000,0.051,0.352,0.597
282500,0.041,0.396,0.563
283000,0.050,0.364,0.586
283500,0.058,0.414,0.528
284000,0.038,0.442,0.520
284500,0.033,0.472,0.495
285000,0.038,0.479,0.483
285500,0.033,0.477,0.490
286000,0.030,0.498,0.472
286500,0.036,0.462,0.502
287000,0.049,0.435,0.516
287500,0.047,0.450,0.503
288000,0.041,0.465,0.494
288500,0.043,0.446,0.511
289000,0.042,0.454,0.504
289500,0.038,0.505,0.457
290000,0.040,0.484,0.476
290500,0.044,0.456,0.500
291000,0.039,0.402,0.559
291500,0.040,0.396,0.564
292000,0.039,0.412,0.549
292500,0.050,0.404,0.546
293000,0.040,0.460,0.500
293500,0.041,0.486,0.473
294000,0.033,0.472,0.495
294500,0.030,0.569,0.401
295000,0.035,0.510,0.455
295500,0.043,0.447,0.510
296000,0.038,0.403,0.559
296500,0.038,0.446,0.516
297000,0.050,0.423,0.527
297500,0.045,0.453,0.502
298000,0.049,0.461,0.490
298500,0.032,0.368,0.600
299000,0.052,0.362,0.586
299500,0.057,0.289,0.654
300000,0.079,0.283,0.638
300500,0.071,0.324,0.605
301000,0.053,0.378,0.569
301500,0.067,0.354,0.579
302000,0.063,0.461,0.476
302500,0.044,0.414,0.542
303000,0.058,0.412,0.530
303500,0.048,0.387,0.565
304000,0.040,0.450,0.510
304500,0.033,0.510,0.457
305000,0.033,0.512,0.455
305500,0.030,0.471,0.499
306000,0.050,0.425,0.525
306500,0.037,0.487,0.476
307000,0.032,0.440,0.528
307500,0.030,0.466,0.504
308000,0.032,0.461,0.507
308500,0.033,0.494,0.473
309000,0.037,0.457,0.506
309500,0.035,0.492,0.473
310000,0.031,0.494,0.475
310500,0.035,0.473,0.492
311000,0.041,0.428,0.531
311500,0.042,0.433,0.525
312000,0.038,0.383,0.579
312500,0.046,0.425,0.529
313000,0.047,0.396,0.557
313500,0.038,0.440,0.522
314000,0.037,0.496,0.467
314500,0.032,0.555,0.413
315000,0.031,0.513,0.456
315500,0.030,0.452,0.518
316000,0.037,0.482,0.481
316500,0.037,0.497,0.466
317000,0.032,0.513,0.455
317500,0.030,0.502,0.468
318000,0.030,0.449,0.521
318500,0.030,0.470,0.500
319000,0.030,0.510,0.460
319500,0.030,0.546,0.424
320000,0.030,0.620,0.350
320500,0.033,0.577,0.390
321000,0.039,0.540,0.421
321500,0.031,0.520,0.449
322000,0.035,0.550,0.415
322500,0.035,0.561,0.404
323000,0.044,0.502,0.454
323500,0.037,0.473,0.490
324000,0.060,0.430,0.510
324500,0.044,0.439,0.517
325000,0.042,0.520,0.438
325500,0.036,0.476,0.488
326000,0.040,0.478,0.482
326500,0.032,0.486,0.482
327000,0.030,0.520,0.450
327500,0.032,0.489,0.479
328000,0.034,0.452,0.514
328500,0.032,0.525,0.443
329000,0.032,0.528,0.440
329500,0.030,0.517,0.453
330000,0.037,0.464,0.499
330500,0.036,0.397,0.567
331000,0.055,0.381,0.564
331500,0.048,0.434,0.518
332000,0.041,0.510,0.449
332500,0.033,0.479,0.488
333000,0.035,0.435,0.530
333500,0.044,0.418,0.538
334000,0.048,0.393,0.559
334500,0.040,0.395,0.565
335000,0.039,0.430,0.531
335500,0.039,0.444,0.517
336000,0.036,0.461,0.503
336500,0.036,0.511,0.453
337000,0.039,0.434,0.527
337500,0.045,0.432,0.523
338000,0.036,0.433,0.531
338500,0.035,0.465,0.500
339000,0.030,0.517,0.453
339500,0.033,0.548,0.419
340000,0.038,0.469,0.493
340500,0.047,0.462,0.491
341000,0.040,0.407,0.553
341500,0.045,0.447,0.508
342000,0.040,0.388,0.572
342500,0.040,0.404,0.556
343000,0.033,0.436,0.531
343500,0.048,0.481,0.471
344000,0.040,0.424,0.536
344500,0.031,0.449,0.520
345000,0.030,0.483,0.487
345500,0.033,0.514,0.453
346000,0.031,0.510,0.459
346500,0.044,0.442,0.514
347000,0.033,0.461,0.506
347500,0.033,0.485,0.482
348000,0.035,0.403,0.562
348500,0.033,0.444,0.523
349000,0.032,0.464,0.504
349500,0.045,0.410,0.545
350000,0.042,0.430,0.528
350500,0.051,0.428,0.521
351000,0.057,0.420,0.523
351500,0.042,0.420,0.538
352000,0.043,0.460,0.497
352500,0.038,0.362,0.600
353000,0.036,0.459,0.505
353500,0.040,0.468,0.492
354000,0.032,0.509,0.459
354500,0.031,0.488,0.481
355000,0.033,0.489,0.478
355500,0.030,0.546,0.424
356000,0.035,0.538,0.427
356500,0.030,0.530,0.440
357000,0.042,0.488,0.470
357500,0.037,0.477,0.486
358000,0.046,0.430,0.524
358500,0.037,0.444,0.519
359000,0.031,0.447,0.522
359500,0.030,0.481,0.489
360000,0.030,0.529,0.441
360500,0.032,0.524,0.444
361000,0.037,0.527,0.436
361500,0.035,0.518,0.447
362000,0.034,0.479,0.487
362500,0.034,0.524,0.442
363000,0.039,0.505,0.456
363500,0.036,0.492,0.472
364000,0.035,0.424,0.541
364500,0.034,0.485,0.481
365000,0.031,0.548,0.421
365500,0.030,0.532,0.438
366000,0.036,0.470,0.494
366500,0.033,0.457,0.510
367000,0.038,0.437,0.525
367500,0.051,0.474,0.475
368000,0.045,0.401,0.554
368500,0.035,0.422,0.543
369000,0.037,0.476,0.487
369500,0.047,0.474,0.479
370000,0.044,0.444,0.512
370500,0.037,0.443,0.520
371000,0.040,0.394,0.566
371500,0.032,0.461,0.507
372000,0.040,0.451,0.509
372500,0.045,0.473,0.482
373000,0.038,0.473,0.489
373500,0.039,0.413,0.548
374000,0.044,0.385,0.571
374500,0.039,0.416,0.545
375000,0.035,0.484,0.481
375500,0.040,0.421,0.539
376000,0.057,0.393,0.550
376500,0.055,0.380,0.565
377000,0.047,0.354,0.599
377500,0.041,0.360,0.599
378000,0.043,0.331,0.626
378500,0.050,0.378,0.572
379000,0.044,0.411,0.545
379500,0.039,0.428,0.533
380000,0.039,0.497,0.464
380500,0.038,0.492,0.470
381000,0.036,0.556,0.408
381500,0.039,0.520,0.441
382000,0.036,0.496,0.468
382500,0.034,0.545,0.421
383000,0.051,0.385,0.564
383500,0.052,0.421,0.527
384000,0.036,0.427,0.537
384500,0.044,0.409,0.547
385000,0.046,0.382,0.572
385500,0.051,0.378,0.571
386000,0.047,0.369,0.584
386500,0.048,0.381,0.571
387000,0.036,0.414,0.550
387500,0.039,0.394,0.567
388000,0.038,0.423,0.539
388500,0.043,0.447,0.510
389000,0.046,0.445,0.509
389500,0.032,0.483,0.485
390000,0.035,0.474,0.491
390500,0.040,0.456,0.504
391000,0.038,0.424,0.538
391500,0.036,0.463,0.501
392000,0.035,0.440,0.525
392500,0.030,0.551,0.419
393000,0.033,0.495,0.472
393500,0.033,0.440,0.527
394000,0.030,0.465,0.505
394500,0.031,0.452,0.517
395000,0.042,0.444,0.514
395500,0.039,0.418,0.543
396000,0.044,0.363,0.593
396500,0.034,0.422,0.544
397000,0.037,0.508,0.455
397500,0.037,0.519,0.444
398000,0.031,0.441,0.528
398500,0.047,0.412,0.541
399000,0.048,0.361,0.591
399500,0.063,0.356,0.581
400000,0.062,0.334,0.604
400500,0.067,0.322,0.611
401000,0.062,0.300,0.638
401500,0.064,0.323,0.613
402000,0.046,0.370,0.584
402500,0.060,0.339,0.601
403000,0.056,0.431,0.513
403500,0.052,0.410,0.538
404000,0.040,0.418,0.542
404500,0.044,0.438,0.518
405000,0.047,0.445,0.508
405500,0.046,0.458,0.496
406000,0.039,0.442,0.519
406500,0.045,0.399,0.556
407000,0.035,0.427,0.538
407500,0.043,0.484,0.473
408000,0.043,0.462,0.495
408500,0.041,0.401,0.558
409000,0.059,0.327,0.614
409500,0.054,0.345,0.601
410000,0.058,0.363,0.579
410500,0.043,0.374,0.583
411000,0.036,0.472,0.492
411500,0.035,0.454,0.511
412000,0.059,0.424,0.517
412500,0.045,0.365,0.590
413000,0.067,0.358,0.575
413500,0.082,0.375,0.543
414000,0.047,0.372,0.581
414500,0.036,0.412,0.552
415000,0.039,0.465,0.496
415500,0.033,0.492,0.475
416000,0.036,0.472,0.492
416500,0.038,0.395,0.567
417000,0.042,0.423,0.535
417500,0.036,0.432,0.532
418000,0.034,0.504,0.462
418500,0.031,0.524,0.445
419000,0.038,0.471,0.491
419500,0.032,0.504,0.464
420000,0.038,0.479,0.483
420500,0.040,0.471,0.489
421000,0.036,0.489,0.475
421500,0.045,0.427,0.528
422000,0.037,0.499,0.464
422500,0.033,0.460,0.507
423000,0.049,0.458,0.493
423500,0.033,0.538,0.429
424000,0.034,0.490,0.476
424500,0.040,0.528,0.432
425000,0.034,0.505,0.461
425500,0.035,0.475,0.490
426000,0.038,0.465,0.497
426500,0.034,0.491,0.475
427000,0.040,0.475,0.485
427500,0.032,0.519,0.449
428000,0.035,0.504,0.461
428500,0.031,0.493,0.476
429000,0.032,0.471,0.497
429500,0.035,0.480,0.485
430000,0.038,0.535,0.427
430500,0.035,0.522,0.443
431000,0.031,0.485,0.484
431500,0.038,0.461,0.501
432000,0.041,0.433,0.526
432500,0.043,0.427,0.530
433000,0.043,0.363,0.594
433500,0.047,0.428,0.525
434000,0.052,0.446,0.502
434500,0.052,0.400,0.548
435000,0.052,0.369,0.579
435500,0.052,0.330,0.618
436000,0.059,0.376,0.565
436500,0.047,0.392,0.561
437000,0.045,0.356,0.599
437500,0.046,0.348,0.606
438000,0.054,0.429,0.517
438500,0.035,0.427,0.538
439000,0.049,0.405,0.546
439500,0.043,0.452,0.505
440000,0.036,0.471,0.493
440500,0.037,0.372,0.591
441000,0.050,0.386,0.564
441500,0.047,0.392,0.561
442000,0.045,0.397,0.558
442500,0.031,0.441,0.528
443000,0.033,0.436,0.531
443500,0.049,0.402,0.549
444000,0.041,0.436,0.523
444500,0.051,0.411,0.538
445000,0.034,0.412,0.554
445500,0.038,0.479,0.483
446000,0.032,0.467,0.501
446500,0.039,0.415,0.546
447000,0.044,0.391,0.565
447500,0.050,0.397,0.553
448000,0.047,0.392,0.561
448500,0.044,0.439,0.517
449000,0.039,0.439,0.522
449500,0.051,0.421,0.528
450000,0.038,0.463,0.499
450500,0.049,0.403,0.548
451000,0.052,0.361,0.587
451500,0.059,0.381,0.560
452000,0.045,0.359,0.596
452500,0.054,0.357,0.589
453000,0.064,0.362,0.574
453500,0.061,0.332,0.607
454000,0.041,0.425,0.534
454500,0.034,0.382,0.584
455000,0.050,0.429,0.521
455500,0.033,0.463,0.504
456000,0.034,0.468,0.498
456500,0.040,0.444,0.516
457000,0.038,0.496,0.466
457500,0.032,0.463,0.505
458000,0.032,0.507,0.461
458500,0.037,0.538,0.425
459000,0.033,0.510,0.457
459500,0.032,0.546,0.422
460000,0.030,0.536,0.434
460500,0.030,0.536,0.434
461000,0.031,0.500,0.469
461500,0.030,0.485,0.485
462000,0.033,0.545,0.422
462500,0.031,0.510,0.459
463000,0.038,0.498,0.464
463500,0.032,0.540,0.428
464000,0.035,0.517,0.448
464500,0.036,0.457,0.507
465000,0.033,0.494,0.473
465500,0.030,0.452,0.518
466000,0.030,0.505,0.465
466500,0.036,0.522,0.442
467000,0.038,0.434,0.528
467500,0.040,0.375,0.585
468000,0.044,0.386,0.570
468500,0.046,0.397,0.557
469000,0.047,0.397,0.556
469500,0.038,0.413,0.549
470000,0.032,0.407,0.561
470500,0.033,0.421,0.546
471000,0.034,0.462,0.504
471500,0.035,0.415,0.550
472000,0.036,0.430,0.534
472500,0.041,0.426,0.533
473000,0.043,0.447,0.510
473500,0.037,0.438,0.525
474000,0.032,0.473,0.495
474500,0.035,0.478,0.487
475000,0.047,0.458,0.495
475500,0.037,0.472,0.491
476000,0.035,0.457,0.508
476500,0.038,0.421,0.541
477000,0.041,0.401,0.558
477500,0.039,0.426,0.535
478000,0.036,0.418,0.546
478500,0.035,0.486,0.479
479000,0.044,0.459,0.497
479500,0.041,0.382,0.577
480000,0.042,0.393,0.565
480500,0.035,0.453,0.512
481000,0.043,0.413,0.544
481500,0.047,0.397,0.556
482000,0.036,0.456,0.508
482500,0.034,0.504,0.462
483000,0.036,0.448,0.516
483500,0.035,0.469,0.496
484000,0.033,0.508,0.459
484500,0.030,0.525,0.445
485000,0.031,0.491,0.478
485500,0.030,0.566,0.404
486000,0.030,0.604,0.366
486500,0.033,0.579,0.388
487000,0.031,0.518,0.451
487500,0.031,0.550,0.419
488000,0.031,0.506,0.463
488500,0.032,0.487,0.481
489000,0.037,0.483,0.480
489500,0.034,0.465,0.501
490000,0.039,0.450,0.511
490500,0.045,0.368,0.587
491000,0.052,0.393,0.555
491500,0.050,0.422,0.528
492000,0.052,0.387,0.561
492500,0.033,0.515,0.452
493000,0.035,0.513,0.452
493500,0.031,0.452,0.517
494000,0.030,0.476,0.494
494500,0.037,0.471,0.492
495000,0.034,0.445,0.521
495500,0.035,0.517,0.448
496000,0.034,0.542,0.424
496500,0.035,0.484,0.481
497000,0.044,0.512,0.444
497500,0.035,0.492,0.473
498000,0.047,0.408,0.545
498500,0.043,0.389,0.568
499000,0.040,0.362,0.598
499500,0.048,0.380,0.572
500000,0.054,0.393,0.553
500500,0.043,0.403,0.554
501000,0.039,0.459,0.502
501500,0.038,0.462,0.500
502000,0.035,0.441,0.524
502500,0.032,0.449,0.519
503000,0.035,0.461,0.504
503500,0.040,0.441,0.519
504000,0.046,0.433,0.521
504500,0.036,0.406,0.558
505000,0.055,0.369,0.576
505500,0.051,0.372,0.577
506000,0.049,0.340,0.611
506500,0.041,0.377,0.582
507000,0.037,0.408,0.555
507500,0.035,0.416,0.549
508000,0.037,0.452,0.511
508500,0.040,0.486,0.474
509000,0.044,0.479,0.477
509500,0.034,0.426,0.540
510000,0.046,0.425,0.529
510500,0.038,0.399,0.563
511000,0.063,0.377,0.560
511500,0.050,0.382,0.568
512000,0.050,0.428,0.522
512500,0.033,0.431,0.536
513000,0.038,0.420,0.542
513500,0.035,0.420,0.545
514000,0.032,0.444,0.524
514500,0.039,0.453,0.508
515000,0.034,0.429,0.537
515500,0.045,0.404,0.551
516000,0.038,0.445,0.517
516500,0.039,0.491,0.470
517000,0.041,0.534,0.425
517500,0.030,0.547,0.423
518000,0.044,0.470,0.486
518500,0.035,0.518,0.447
519000,0.035,0.457,0.508
519500,0.031,0.474,0.495
520000,0.030,0.532,0.438
520500,0.032,0.510,0.458
521000,0.034,0.518,0.448
521500,0.030,0.570,0.400
522000,0.030,0.519,0.451
522500,0.034,0.554,0.412
523000,0.052,0.505,0.443
523500,0.034,0.511,0.455
524000,0.038,0.532,0.430
524500,0.032,0.516,0.452
525000,0.030,0.493,0.477
525500,0.033,0.502,0.465
526000,0.032,0.545,0.423
526500,0.031,0.581,0.388
527000,0.039,0.560,0.401
527500,0.032,0.585,0.383
528000,0.031,0.541,0.428
528500,0.040,0.460,0.500
529000,0.036,0.450,0.514
529500,0.041,0.451,0.508
530000,0.031,0.486,0.483
530500,0.033,0.482,0.485
531000,0.032,0.506,0.462
531500,0.040,0.448,0.512
532000,0.041,0.463,0.496
532500,0.034,0.483,0.483
533000,0.041,0.433,0.526
533500,0.060,0.357,0.583
534000,0.054,0.353,0.593
534500,0.043,0.404,0.553
535000,0.051,0.355,0.594
535500,0.045,0.311,0.644
536000,0.071,0.344,0.585
536500,0.052,0.348,0.600
537000,0.041,0.417,0.542
537500,0.034,0.447,0.519
538000,0.032,0.474,0.494
538500,0.030,0.506,0.464
539000,0.032,0.527,0.441
539500,0.034,0.511,0.455
540000,0.036,0.493,0.471
540500,0.034,0.474,0.492
541000,0.037,0.438,0.525
541500,0.035,0.504,0.461
542000,0.030,0.559,0.411
542500,0.031,0.591,0.378
543000,0.030,0.476,0.494
543500,0.035,0.486,0.479
544000,0.030,0.452,0.518
544500,0.046,0.427,0.527
545000,0.036,0.462,0.502
545500,0.039,0.468,0.493
546000,0.052,0.352,0.596
546500,0.056,0.382,0.562
547000,0.057,0.421,0.522
547500,0.050,0.451,0.499
548000,0.041,0.451,0.508
548500,0.046,0.426,0.528
549000,0.034,0.413,0.553
549500,0.043,0.455,0.502
550000,0.031,0.480,0.489
550500,0.039,0.499,0.462
551000,0.032,0.468,0.500
551500,0.037,0.439,0.524
552000,0.049,0.445,0.506
552500,0.041,0.425,0.534
553000,0.036,0.441,0.523
553500,0.030,0.489,0.481
554000,0.030,0.534,0.436
554500,0.035,0.488,0.477
555000,0.038,0.529,0.433
555500,0.036,0.585,0.379
556000,0.031,0.547,0.422
556500,0.031,0.598,0.371
557000,0.030,0.542,0.428
557500,0.030,0.516,0.454
558000,0.034,0.483,0.483
558500,0.038,0.495,0.467
559000,0.031,0.498,0.471
559500,0.032,0.556,0.412
560000,0.037,0.505,0.458
560500,0.031,0.483,0.486
561000,0.031,0.449,0.520
561500,0.030,0.423,0.547
562000,0.041,0.417,0.542
562500,0.038,0.432,0.530
563000,0.044,0.451,0.505
563500,0.036,0.470,0.494
564000,0.037,0.457,0.506
564500,0.040,0.393,0.567
565000,0.049,0.356,0.595
565500,0.039,0.445,0.516
566000,0.036,0.442,0.522
566500,0.039,0.478,0.483
567000,0.050,0.420,0.530
567500,0.048,0.333,0.619
568000,0.052,0.365,0.583
568500,0.063,0.370,0.567
569000,0.055,0.389,0.556
569500,0.060,0.366,0.574
570000,0.051,0.407,0.542
570500,0.053,0.416,0.531
571000,0.038,0.467,0.495
571500,0.044,0.478,0.478
572000,0.039,0.505,0.456
572500,0.031,0.506,0.463
573000,0.034,0.529,0.437
573500,0.034,0.518,0.448
574000,0.034,0.491,0.475
574500,0.041,0.463,0.496
575000,0.039,0.510,0.451
575500,0.030,0.531,0.439
576000,0.034,0.486,0.480
576500,0.030,0.561,0.409
577000,0.034,0.572,0.394
577500,0.030,0.587,0.383
578000,0.035,0.574,0.391
578500,0.036,0.557,0.407
579000,0.030,0.532,0.438
579500,0.030,0.527,0.443
580000,0.032,0.497,0.471
580500,0.032,0.486,0.482
581000,0.038,0.466,0.496
581500,0.036,0.443,0.521
582000,0.037,0.492,0.471
582500,0.041,0.462,0.497
583000,0.039,0.457,0.504
583500,0.033,0.521,0.446
584000,0.035,0.533,0.432
584500,0.035,0.498,0.467
585000,0.030,0.506,0.464
585500,0.036,0.521,0.443
586000,0.040,0.454,0.506
586500,0.030,0.484,0.486
587000,0.036,0.473,0.491
587500,0.045,0.485,0.470
588000,0.038,0.483,0.479
588500,0.032,0.502,0.466
589000,0.041,0.514,0.445
589500,0.047,0.446,0.507
590000,0.041,0.449,0.510
590500,0.035,0.457,0.508
591000,0.031,0.425,0.544
591500,0.042,0.403,0.555
592000,0.056,0.384,0.560
592500,0.049,0.421,0.530
593000,0.031,0.454,0.515
593500,0.038,0.464,0.498
594000,0.039,0.455,0.506
594500,0.039,0.472,0.489
595000,0.035,0.460,0.505
595500,0.036,0.469,0.495
596000,0.035,0.499,0.466
596500,0.034,0.525,0.441
597000,0.030,0.472,0.498
597500,0.033,0.496,0.471
598000,0.030,0.454,0.516
598500,0.036,0.456,0.508
599000,0.049,0.435,0.516
599500,0.045,0.408,0.547
600000,0.051,0.407,0.542
600500,0.044,0.465,0.491
601000,0.036,0.465,0.499
601500,0.032,0.523,0.445
602000,0.033,0.529,0.438
602500,0.038,0.507,0.455
603000,0.034,0.495,0.471
603500,0.032,0.506,0.462
604000,0.032,0.463,0.505
604500,0.051,0.444,0.505
605000,0.039,0.432,0.529
605500,0.032,0.409,0.559
606000,0.030,0.471,0.499
606500,0.038,0.409,0.553
607000,0.044,0.414,0.542
607500,0.040,0.424,0.536
608000,0.035,0.508,0.457
608500,0.035,0.487,0.478
609000,0.038,0.497,0.465
609500,0.030,0.415,0.555
610000,0.036,0.466,0.498
610500,0.035,0.444,0.521
611000,0.038,0.510,0.452
611500,0.030,0.423,0.547
612000,0.036,0.449,0.515
612500,0.049,0.393,0.558
613000,0.045,0.360,0.595
613500,0.068,0.330,0.602
614000,0.061,0.338,0.601
614500,0.051,0.401,0.548
615000,0.037,0.439,0.524
615500,0.037,0.425,0.538
616000,0.038,0.454,0.508
616500,0.036,0.468,0.496
617000,0.032,0.537,0.431
617500,0.035,0.498,0.467
618000,0.033,0.532,0.435
618500,0.033,0.522,0.445
619000,0.036,0.477,0.487
619500,0.031,0.485,0.484
620000,0.031,0.512,0.457
620500,0.036,0.510,0.454
621000,0.040,0.494,0.466
621500,0.037,0.514,0.449
622000,0.037,0.461,0.502
622500,0.038,0.431,0.531
623000,0.044,0.430,0.526
623500,0.045,0.417,0.538
624000,0.039,0.398,0.563
624500,0.058,0.388,0.554
625000,0.038,0.420,0.542
625500,0.038,0.448,0.514
626000,0.043,0.464,0.493
626500,0.033,0.444,0.523
627000,0.031,0.458,0.511
627500,0.033,0.471,0.496
628000,0.043,0.415,0.542
628500,0.032,0.442,0.526
629000,0.039,0.437,0.524
629500,0.037,0.399,0.564
630000,0.039,0.452,0.509
630500,0.032,0.474,0.494
631000,0.036,0.527,0.437
631500,0.041,0.408,0.551
632000,0.040,0.418,0.542
632500,0.046,0.404,0.550
633000,0.038,0.463,0.499
633500,0.033,0.401,0.566
634000,0.035,0.499,0.466
634500,0.040,0.472,0.488
635000,0.041,0.449,0.510
635500,0.041,0.445,0.514
636000,0.036,0.499,0.465
636500,0.033,0.464,0.503
637000,0.037,0.431,0.532
637500,0.034,0.501,0.465
638000,0.044,0.480,0.476
638500,0.040,0.515,0.445
639000,0.034,0.500,0.466
639500,0.032,0.544,0.424
640000,0.036,0.491,0.473
640500,0.033,0.523,0.444
641000,0.031,0.533,0.436
641500,0.030,0.551,0.419
642000,0.030,0.526,0.444
642500,0.033,0.505,0.462
643000,0.031,0.508,0.461
643500,0.038,0.523,0.439
644000,0.037,0.537,0.426
644500,0.032,0.526,0.442
645000,0.034,0.448,0.518
645500,0.033,0.493,0.474
646000,0.031,0.545,0.424
646500,0.036,0.563,0.401
647000,0.033,0.512,0.455
647500,0.031,0.489,0.480
648000,0.030,0.510,0.460
648500,0.032,0.539,0.429
649000,0.030,0.495,0.475
649500,0.030,0.527,0.443
650000,0.036,0.483,0.481
650500,0.032,0.510,0.458
651000,0.031,0.550,0.419
651500,0.037,0.497,0.466
652000,0.032,0.447,0.521
652500,0.040,0.436,0.524
653000,0.036,0.437,0.527
653500,0.044,0.455,0.501
654000,0.046,0.495,0.459
654500,0.039,0.485,0.476
655000,0.034,0.489,0.477
655500,0.035,0.495,0.470
656000,0.030,0.477,0.493
656500,0.033,0.487,0.480
657000,0.030,0.495,0.475
657500,0.030,0.462,0.508
658000,0.044,0.487,0.469
658500,0.038,0.505,0.457
659000,0.033,0.494,0.473
659500,0.034,0.514,0.452
660000,0.037,0.445,0.518
660500,0.045,0.447,0.508
661000,0.048,0.413,0.539
661500,0.049,0.419,0.532
662000,0.041,0.435,0.524
662500,0.047,0.384,0.569
663000,0.035,0.443,0.522
663500,0.033,0.441,0.526
664000,0.037,0.475,0.488
664500,0.039,0.440,0.521
665000,0.032,0.475,0.493
665500,0.034,0.459,0.507
666000,0.034,0.450,0.516
666500,0.046,0.451,0.503
667000,0.043,0.444,0.513
667500,0.037,0.445,0.518
668000,0.036,0.449,0.515
668500,0.036,0.479,0.485
669000,0.040,0.526,0.434
669500,0.037,0.513,0.450
670000,0.037,0.545,0.418
670500,0.032,0.547,0.421
671000,0.040,0.545,0.415
671500,0.036,0.550,0.414
672000,0.034,0.524,0.442
672500,0.033,0.483,0.484
673000,0.038,0.496,0.466
673500,0.039,0.456,0.505
674000,0.034,0.506,0.460
674500,0.037,0.492,0.471
675000,0.040,0.469,0.491
675500,0.039,0.473,0.488
676000,0.038,0.488,0.474
676500,0.042,0.467,0.491
677000,0.046,0.446,0.508
677500,0.040,0.460,0.500
678000,0.036,0.525,0.439
678500,0.041,0.495,0.464
679000,0.042,0.510,0.448
679500,0.033,0.501,0.466
680000,0.037,0.480,0.483
680500,0.035,0.476,0.489
681000,0.038,0.494,0.468
681500,0.036,0.504,0.460
682000,0.034,0.486,0.480
682500,0.045,0.483,0.472
683000,0.032,0.482,0.486
683500,0.046,0.497,0.457
684000,0.032,0.530,0.438
684500,0.030,0.551,0.419
685000,0.030,0.512,0.458
685500,0.035,0.472,0.493
686000,0.031,0.488,0.481
686500,0.031,0.537,0.432
687000,0.039,0.554,0.407
687500,0.034,0.541,0.425
688000,0.040,0.492,0.468
688500,0.032,0.522,0.446
689000,0.032,0.503,0.465
689500,0.040,0.513,0.447
690000,0.051,0.430,0.519
690500,0.048,0.406,0.546
691000,0.038,0.367,0.595
691500,0.046,0.360,0.594
692000,0.053,0.372,0.575
692500,0.036,0.381,0.583
693000,0.054,0.353,0.593
693500,0.055,0.380,0.565
694000,0.044,0.406,0.550
694500,0.047,0.414,0.539
695000,0.040,0.462,0.498
695500,0.038,0.533,0.429
696000,0.033,0.509,0.458
696500,0.033,0.476,0.491
697000,0.035,0.433,0.532
697500,0.045,0.356,0.599
698000,0.043,0.361,0.596
698500,0.031,0.476,0.493
699000,0.034,0.492,0.474
699500,0.049,0.449,0.502
700000,0.033,0.472,0.495
700500,0.035,0.445,0.520
701000,0.035,0.538,0.427
701500,0.031,0.484,0.485
702000,0.034,0.512,0.454
702500,0.031,0.503,0.466
703000,0.030,0.482,0.488
703500,0.031,0.509,0.460
704000,0.031,0.512,0.457
704500,0.030,0.523,0.447
705000,0.030,0.504,0.466
705500,0.034,0.516,0.450
706000,0.045,0.493,0.462
706500,0.035,0.518,0.447
707000,0.031,0.517,0.452
707500,0.030,0.525,0.445
708000,0.033,0.472,0.495
708500,0.036,0.453,0.511
709000,0.040,0.451,0.509
709500,0.047,0.406,0.547
710000,0.049,0.394,0.557
710500,0.064,0.346,0.590
711000,0.070,0.384,0.546
711500,0.045,0.365,0.590
712000,0.047,0.373,0.580
712500,0.054,0.405,0.541
713000,0.059,0.399,0.542
713500,0.048,0.363,0.589
714000,0.050,0.343,0.607
714500,0.065,0.378,0.557
715000,0.048,0.349,0.603
715500,0.050,0.370,0.580
716000,0.049,0.360,0.591
716500,0.050,0.414,0.536
717000,0.045,0.433,0.522
717500,0.041,0.447,0.512
718000,0.032,0.476,0.492
718500,0.031,0.482,0.487
719000,0.034,0.458,0.508
719500,0.039,0.475,0.486
720000,0.038,0.494,0.468
720500,0.034,0.493,0.473
721000,0.035,0.538,0.427
721500,0.037,0.560,0.403
722000,0.035,0.491,0.474
722500,0.032,0.504,0.464
723000,0.039,0.476,0.485
723500,0.047,0.440,0.513
724000,0.036,0.442,0.522
724500,0.035,0.423,0.542
725000,0.042,0.431,0.527
725500,0.038,0.438,0.524
726000,0.033,0.447,0.520
726500,0.041,0.488,0.471
727000,0.046,0.404,0.550
727500,0.040,0.411,0.549
728000,0.039,0.360,0.601
728500,0.041,0.326,0.633
729000,0.068,0.355,0.577
729500,0.074,0.326,0.600
730000,0.050,0.336,0.614
730500,0.047,0.356,0.597
731000,0.037,0.469,0.494
731500,0.042,0.469,0.489
732000,0.042,0.392,0.566
732500,0.049,0.393,0.558
733000,0.046,0.442,0.512
733500,0.045,0.420,0.535
734000,0.041,0.385,0.574
734500,0.040,0.428,0.532
735000,0.038,0.369,0.593
735500,0.063,0.379,0.558
736000,0.044,0.414,0.542
736500,0.032,0.431,0.537
737000,0.030,0.435,0.535
737500,0.043,0.449,0.508
738000,0.048,0.423,0.529
738500,0.047,0.392,0.561
739000,0.043,0.368,0.589
739500,0.053,0.378,0.569
740000,0.039,0.428,0.533
740500,0.033,0.421,0.546
741000,0.039,0.422,0.539
741500,0.035,0.524,0.441
742000,0.034,0.480,0.486
742500,0.033,0.470,0.497
743000,0.030,0.460,0.510
743500,0.039,0.492,0.469
744000,0.037,0.496,0.467
744500,0.040,0.466,0.494
745000,0.033,0.429,0.538
745500,0.040,0.470,0.490
746000,0.031,0.504,0.465
746500,0.036,0.463,0.501
747000,0.034,0.457,0.509
747500,0.035,0.542,0.423
748000,0.030,0.447,0.523
748500,0.030,0.504,0.466
749000,0.032,0.446,0.522
749500,0.032,0.475,0.493
750000,0.036,0.467,0.497
750500,0.031,0.509,0.460
751000,0.031,0.474,0.495
751500,0.041,0.437,0.522
752000,0.043,0.386,0.571
752500,0.046,0.424,0.530
753000,0.093,0.363,0.544
753500,0.056,0.397,0.547
754000,0.044,0.369,0.587
754500,0.055,0.372,0.573
755000,0.034,0.456,0.510
755500,0.046,0.406,0.548
756000,0.039,0.373,0.588
756500,0.042,0.431,0.527
757000,0.032,0.453,0.515
757500,0.040,0.475,0.485
758000,0.038,0.436,0.526
758500,0.038,0.451,0.511
759000,0.032,0.492,0.476
759500,0.037,0.443,0.520
760000,0.032,0.440,0.528
760500,0.031,0.526,0.443
761000,0.035,0.467,0.498
761500,0.039,0.411,0.550
762000,0.035,0.413,0.552
762500,0.067,0.374,0.559
763000,0.081,0.295,0.624
763500,0.056,0.363,0.581
764000,0.040,0.408,0.552
764500,0.044,0.388,0.568
765000,0.051,0.415,0.534
765500,0.042,0.402,0.556
766000,0.040,0.465,0.495
766500,0.033,0.480,0.487
767000,0.040,0.441,0.519
767500,0.045,0.497,0.458
768000,0.035,0.533,0.432
768500,0.031,0.549,0.420
769000,0.030,0.604,0.366
769500,0.032,0.552,0.416
770000,0.036,0.566,0.398
770500,0.031,0.566,0.403
771000,0.030,0.543,0.427
771500,0.036,0.507,0.457
772000,0.035,0.538,0.427
772500,0.034,0.526,0.440
773000,0.033,0.470,0.497
773500,0.037,0.497,0.466
774000,0.033,0.463,0.504
774500,0.034,0.475,0.491
775000,0.030,0.444,0.526
775500,0.036,0.457,0.507
776000,0.045,0.480,0.475
776500,0.039,0.449,0.512
777000,0.038,0.430,0.532
777500,0.046,0.420,0.534
778000,0.051,0.406,0.543
778500,0.055,0.420,0.525
779000,0.040,0.422,0.538
779500,0.050,0.370,0.580
780000,0.046,0.390,0.564
780500,0.046,0.452,0.502
781000,0.038,0.447,0.515
781500,0.036,0.516,0.448
782000,0.038,0.491,0.471
782500,0.033,0.452,0.515
783000,0.045,0.428,0.527
783500,0.041,0.442,0.517
784000,0.039,0.470,0.491
784500,0.035,0.435,0.530
785000,0.035,0.411,0.554
785500,0.036,0.479,0.485
786000,0.033,0.509,0.458
786500,0.035,0.462,0.503
787000,0.031,0.421,0.548
787500,0.035,0.474,0.491
788000,0.048,0.417,0.535
788500,0.038,0.393,0.569
789000,0.051,0.431,0.518
789500,0.045,0.436,0.519
790000,0.037,0.399,0.564
790500,0.041,0.431,0.528
791000,0.053,0.406,0.541
791500,0.036,0.437,0.527
792000,0.044,0.416,0.540
792500,0.040,0.437,0.523
793000,0.034,0.471,0.495
793500,0.035,0.474,0.491
794000,0.051,0.362,0.587
794500,0.059,0.366,0.575
795000,0.045,0.370,0.585
795500,0.043,0.412,0.545
796000,0.046,0.411,0.543
796500,0.041,0.421,0.538
797000,0.046,0.417,0.537
797500,0.041,0.399,0.560
798000,0.035,0.449,0.516
798500,0.034,0.512,0.454
799000,0.031,0.490,0.479
799500,0.032,0.460,0.508
800000,0.044,0.480,0.476
800500,0.034,0.465,0.501
801000,0.032,0.539,0.429
801500,0.031,0.545,0.424
802000,0.038,0.516,0.446
802500,0.038,0.554,0.408
803000,0.030,0.533,0.437
803500,0.038,0.549,0.413
