time,n_A+p,n_B,n_AB
500,0.080,0.705,0.215
1000,0.080,0.473,0.447
1500,0.086,0.441,0.473
2000,0.089,0.385,0.526
2500,0.082,0.357,0.561
3000,0.103,0.276,0.621
3500,0.228,0.140,0.632
4000,0.377,0.050,0.573
4500,0.696,0.001,0.303
5000,0.809,0.000,0.191
5500,0.890,0.000,0.110
6000,0.973,0.000,0.027
6500,0.996,0.000,0.004
7000,1.000,0.000,0.000
