time,n_A+p,n_B,n_AB
500,0.080,0.783,0.137
1000,0.080,0.683,0.237
1500,0.080,0.599,0.322
2000,0.083,0.530,0.387
2500,0.084,0.500,0.416
3000,0.081,0.462,0.458
3500,0.082,0.446,0.472
4000,0.085,0.460,0.455
4500,0.085,0.425,0.490
5000,0.090,0.409,0.500
5500,0.096,0.359,0.544
6000,0.094,0.341,0.566
6500,0.091,0.354,0.555
7000,0.095,0.324,0.582
7500,0.095,0.361,0.544
8000,0.090,0.398,0.512
8500,0.093,0.378,0.530
9000,0.099,0.363,0.538
9500,0.099,0.369,0.532
10000,0.092,0.395,0.514
10500,0.095,0.377,0.528
11000,0.090,0.356,0.554
11500,0.087,0.423,0.490
12000,0.086,0.399,0.514
12500,0.092,0.376,0.532
13000,0.103,0.369,0.528
13500,0.095,0.376,0.530
14000,0.093,0.381,0.526
14500,0.106,0.316,0.579
15000,0.120,0.303,0.576
15500,0.120,0.282,0.597
16000,0.126,0.274,0.601
16500,0.145,0.250,0.605
17000,0.126,0.249,0.625
17500,0.148,0.228,0.624
18000,0.161,0.227,0.613
18500,0.166,0.208,0.626
19000,0.201,0.162,0.637
19500,0.323,0.076,0.601
20000,0.494,0.024,0.482
20500,0.677,0.007,0.315
21000,0.783,0.002,0.215
21500,0.861,0.002,0.138
22000,0.926,0.000,0.074
22500,0.946,0.000,0.054
23000,0.970,0.000,0.030
23500,0.984,0.000,0.016
24000,0.987,0.000,0.013
24500,0.994,0.000,0.006
25000,0.999,0.000,0.001
25500,1.000,0.000,0.000
26000,1.000,0.000,0.000
