time,n_A+p,n_B,n_AB
100,0.030,0.967,0.003
200,0.030,0.964,0.006
300,0.030,0.959,0.011
400,0.030,0.954,0.016
500,0.030,0.951,0.019
600,0.030,0.941,0.030
700,0.032,0.931,0.038
800,0.032,0.927,0.041
900,0.036,0.916,0.048
1000,0.035,0.918,0.047
1100,0.034,0.912,0.054
1200,0.037,0.911,0.052
1300,0.038,0.905,0.057
1400,0.038,0.889,0.074
1500,0.049,0.880,0.070
1600,0.047,0.877,0.076
1700,0.052,0.864,0.084
1800,0.054,0.858,0.088
1900,0.050,0.853,0.097
2000,0.057,0.841,0.102
2100,0.059,0.841,0.100
2200,0.055,0.841,0.104
2300,0.053,0.843,0.104
2400,0.058,0.844,0.098
2500,0.056,0.842,0.102
2600,0.064,0.832,0.103
2700,0.065,0.827,0.107
2800,0.064,0.818,0.117
2900,0.064,0.797,0.139
3000,0.059,0.808,0.133
3100,0.055,0.808,0.137
3200,0.057,0.808,0.135
3300,0.059,0.799,0.142
3400,0.059,0.782,0.158
3500,0.064,0.785,0.150
3600,0.063,0.784,0.152
3700,0.062,0.770,0.168
3800,0.060,0.762,0.178
3900,0.061,0.765,0.174
4000,0.063,0.760,0.177
4100,0.066,0.753,0.181
4200,0.062,0.752,0.186
4300,0.066,0.750,0.184
4400,0.064,0.743,0.193
4500,0.068,0.756,0.176
4600,0.067,0.749,0.184
4700,0.068,0.735,0.196
4800,0.074,0.732,0.194
4900,0.081,0.718,0.201
5000,0.089,0.712,0.199
5100,0.090,0.714,0.196
5200,0.095,0.707,0.198
5300,0.096,0.701,0.203
5400,0.088,0.709,0.203
5500,0.095,0.708,0.197
5600,0.093,0.715,0.192
5700,0.092,0.711,0.197
5800,0.093,0.696,0.211
5900,0.096,0.685,0.219
6000,0.093,0.673,0.234
6100,0.089,0.684,0.227
6200,0.090,0.668,0.242
6300,0.096,0.662,0.242
6400,0.097,0.663,0.240
6500,0.098,0.658,0.244
6600,0.105,0.657,0.238
6700,0.101,0.649,0.250
6800,0.102,0.633,0.265
6900,0.107,0.608,0.285
7000,0.097,0.607,0.296
7100,0.094,0.608,0.298
7200,0.100,0.613,0.287
7300,0.105,0.616,0.279
7400,0.113,0.623,0.264
7500,0.118,0.622,0.259
7600,0.114,0.620,0.266
7700,0.127,0.625,0.248
7800,0.128,0.614,0.258
7900,0.134,0.612,0.254
8000,0.135,0.597,0.269
8100,0.132,0.589,0.279
8200,0.134,0.594,0.272
8300,0.121,0.600,0.280
8400,0.126,0.594,0.280
8500,0.134,0.607,0.259
8600,0.128,0.617,0.255
8700,0.134,0.599,0.268
8800,0.140,0.591,0.269
8900,0.143,0.591,0.266
9000,0.135,0.585,0.280
9100,0.140,0.577,0.283
9200,0.139,0.568,0.293
9300,0.142,0.567,0.291
9400,0.140,0.568,0.292
9500,0.139,0.564,0.297
9600,0.139,0.558,0.303
9700,0.133,0.559,0.308
9800,0.138,0.560,0.302
9900,0.145,0.568,0.287
10000,0.145,0.567,0.288
10100,0.142,0.583,0.275
10200,0.150,0.581,0.269
10300,0.141,0.578,0.281
10400,0.146,0.574,0.280
10500,0.144,0.581,0.275
10600,0.141,0.582,0.277
10700,0.152,0.578,0.270
10800,0.145,0.572,0.283
10900,0.139,0.577,0.284
11000,0.138,0.571,0.291
11100,0.129,0.566,0.305
11200,0.135,0.570,0.295
11300,0.138,0.575,0.287
11400,0.133,0.575,0.292
11500,0.134,0.578,0.288
11600,0.131,0.577,0.292
11700,0.135,0.566,0.299
11800,0.138,0.557,0.305
11900,0.146,0.549,0.305
12000,0.147,0.556,0.297
12100,0.164,0.555,0.281
12200,0.152,0.557,0.291
12300,0.160,0.552,0.288
12400,0.158,0.550,0.292
12500,0.154,0.537,0.308
12600,0.145,0.538,0.317
12700,0.147,0.547,0.305
12800,0.145,0.546,0.308
12900,0.139,0.540,0.321
13000,0.151,0.537,0.312
13100,0.147,0.543,0.309
13200,0.160,0.537,0.302
13300,0.166,0.532,0.301
13400,0.160,0.526,0.314
13500,0.163,0.520,0.317
13600,0.151,0.528,0.321
13700,0.163,0.529,0.307
13800,0.169,0.524,0.307
13900,0.177,0.518,0.305
14000,0.186,0.510,0.304
14100,0.183,0.509,0.308
14200,0.182,0.504,0.315
14300,0.183,0.491,0.326
14400,0.185,0.499,0.316
14500,0.190,0.504,0.306
14600,0.188,0.490,0.322
14700,0.188,0.497,0.315
14800,0.183,0.503,0.315
14900,0.178,0.505,0.318
15000,0.179,0.499,0.322
15100,0.180,0.497,0.323
15200,0.186,0.499,0.315
15300,0.182,0.490,0.328
15400,0.189,0.497,0.314
15500,0.190,0.497,0.313
15600,0.191,0.501,0.308
15700,0.179,0.501,0.321
15800,0.173,0.501,0.327
15900,0.168,0.505,0.328
16000,0.165,0.508,0.327
16100,0.162,0.502,0.336
16200,0.161,0.499,0.339
16300,0.161,0.495,0.343
16400,0.163,0.501,0.336
16500,0.161,0.509,0.330
16600,0.162,0.497,0.340
16700,0.162,0.502,0.336
16800,0.149,0.513,0.338
16900,0.145,0.510,0.345
17000,0.151,0.509,0.340
17100,0.159,0.508,0.333
17200,0.166,0.508,0.326
17300,0.160,0.510,0.330
17400,0.164,0.504,0.332
17500,0.172,0.502,0.327
17600,0.176,0.509,0.316
17700,0.191,0.508,0.301
17800,0.195,0.499,0.305
17900,0.205,0.497,0.297
18000,0.191,0.488,0.321
18100,0.192,0.491,0.317
18200,0.195,0.499,0.305
18300,0.197,0.484,0.319
18400,0.203,0.484,0.313
18500,0.203,0.485,0.312
18600,0.212,0.475,0.313
18700,0.210,0.478,0.312
18800,0.210,0.466,0.324
18900,0.213,0.484,0.302
19000,0.220,0.480,0.300
19100,0.212,0.480,0.307
19200,0.210,0.469,0.321
19300,0.226,0.460,0.315
19400,0.229,0.455,0.317
19500,0.226,0.457,0.318
19600,0.220,0.451,0.329
19700,0.221,0.454,0.326
19800,0.213,0.463,0.324
19900,0.225,0.456,0.320
20000,0.224,0.453,0.324
20100,0.224,0.462,0.315
20200,0.227,0.465,0.308
20300,0.225,0.460,0.316
20400,0.216,0.454,0.331
20500,0.238,0.438,0.324
20600,0.246,0.435,0.319
20700,0.239,0.432,0.329
20800,0.235,0.428,0.337
20900,0.249,0.425,0.326
21000,0.254,0.426,0.320
21100,0.263,0.419,0.319
21200,0.270,0.413,0.318
21300,0.278,0.411,0.312
21400,0.279,0.404,0.317
21500,0.286,0.398,0.316
21600,0.281,0.392,0.327
21700,0.291,0.388,0.321
21800,0.298,0.394,0.307
21900,0.292,0.385,0.323
22000,0.292,0.382,0.326
22100,0.282,0.384,0.334
22200,0.280,0.385,0.335
22300,0.280,0.378,0.342
22400,0.274,0.375,0.351
22500,0.287,0.370,0.343
22600,0.282,0.370,0.348
22700,0.300,0.368,0.332
22800,0.306,0.359,0.335
22900,0.315,0.362,0.324
23000,0.305,0.366,0.329
23100,0.320,0.367,0.314
23200,0.317,0.370,0.314
23300,0.321,0.366,0.314
23400,0.323,0.358,0.320
23500,0.314,0.358,0.329
23600,0.307,0.358,0.335
23700,0.312,0.351,0.337
23800,0.316,0.353,0.331
23900,0.319,0.342,0.339
24000,0.324,0.354,0.322
24100,0.325,0.348,0.327
24200,0.338,0.345,0.317
24300,0.331,0.348,0.321
24400,0.337,0.346,0.317
24500,0.348,0.345,0.306
24600,0.330,0.349,0.321
24700,0.325,0.342,0.333
24800,0.334,0.349,0.317
24900,0.350,0.343,0.306
25000,0.349,0.342,0.308
25100,0.345,0.335,0.320
25200,0.356,0.337,0.306
25300,0.360,0.345,0.295
25400,0.371,0.335,0.294
25500,0.373,0.333,0.294
25600,0.377,0.331,0.292
25700,0.374,0.327,0.299
25800,0.368,0.327,0.305
25900,0.370,0.319,0.312
26000,0.376,0.321,0.303
26100,0.376,0.322,0.302
26200,0.379,0.320,0.301
26300,0.389,0.317,0.294
26400,0.390,0.321,0.289
26500,0.390,0.320,0.290
26600,0.371,0.314,0.316
26700,0.378,0.314,0.308
26800,0.372,0.314,0.315
26900,0.371,0.315,0.315
27000,0.380,0.322,0.298
27100,0.370,0.316,0.315
27200,0.372,0.318,0.311
27300,0.365,0.311,0.325
27400,0.356,0.321,0.323
27500,0.337,0.325,0.338
27600,0.341,0.323,0.336
27700,0.338,0.327,0.335
27800,0.342,0.321,0.337
27900,0.343,0.332,0.325
28000,0.338,0.334,0.328
28100,0.338,0.334,0.328
28200,0.337,0.326,0.337
28300,0.326,0.333,0.341
28400,0.328,0.329,0.343
28500,0.329,0.333,0.338
28600,0.333,0.326,0.341
28700,0.334,0.321,0.345
28800,0.340,0.322,0.338
28900,0.344,0.324,0.332
29000,0.344,0.324,0.332
29100,0.346,0.319,0.335
29200,0.348,0.316,0.336
29300,0.355,0.318,0.327
29400,0.355,0.315,0.330
29500,0.353,0.317,0.330
29600,0.359,0.318,0.324
29700,0.358,0.320,0.323
29800,0.361,0.309,0.330
29900,0.373,0.317,0.311
30000,0.364,0.316,0.321
30100,0.365,0.314,0.322
30200,0.367,0.306,0.327
30300,0.375,0.301,0.324
30400,0.355,0.301,0.343
30500,0.377,0.303,0.320
30600,0.381,0.300,0.319
30700,0.372,0.296,0.332
30800,0.379,0.294,0.327
30900,0.378,0.290,0.332
31000,0.389,0.285,0.326
31100,0.392,0.289,0.319
31200,0.393,0.294,0.313
31300,0.402,0.296,0.301
31400,0.397,0.295,0.307
31500,0.391,0.290,0.319
31600,0.399,0.288,0.313
31700,0.414,0.285,0.301
31800,0.411,0.279,0.311
31900,0.403,0.280,0.317
32000,0.404,0.275,0.321
32100,0.414,0.277,0.309
32200,0.411,0.285,0.304
32300,0.416,0.282,0.302
32400,0.402,0.276,0.322
32500,0.392,0.278,0.330
32600,0.400,0.274,0.326
32700,0.409,0.272,0.320
32800,0.404,0.270,0.326
32900,0.425,0.263,0.313
33000,0.429,0.260,0.311
33100,0.437,0.256,0.306
33200,0.437,0.252,0.311
33300,0.436,0.249,0.315
33400,0.440,0.254,0.305
33500,0.442,0.249,0.308
33600,0.459,0.250,0.291
33700,0.462,0.247,0.291
33800,0.457,0.251,0.292
33900,0.464,0.251,0.285
34000,0.472,0.252,0.276
34100,0.471,0.249,0.280
34200,0.467,0.252,0.281
34300,0.477,0.250,0.273
34400,0.472,0.250,0.278
34500,0.471,0.247,0.282
34600,0.463,0.241,0.296
34700,0.476,0.242,0.282
34800,0.473,0.244,0.283
34900,0.463,0.240,0.297
35000,0.463,0.247,0.290
35100,0.462,0.246,0.292
35200,0.458,0.237,0.305
35300,0.464,0.237,0.299
35400,0.465,0.233,0.302
35500,0.470,0.232,0.298
35600,0.467,0.232,0.301
35700,0.454,0.235,0.312
35800,0.456,0.238,0.306
35900,0.456,0.243,0.301
36000,0.460,0.241,0.299
36100,0.461,0.244,0.295
36200,0.463,0.242,0.295
36300,0.467,0.232,0.301
36400,0.472,0.228,0.300
36500,0.470,0.232,0.298
36600,0.472,0.229,0.299
36700,0.465,0.228,0.307
36800,0.458,0.229,0.314
36900,0.467,0.223,0.311
37000,0.480,0.229,0.291
37100,0.487,0.222,0.291
37200,0.495,0.220,0.285
37300,0.502,0.221,0.278
37400,0.476,0.226,0.298
37500,0.480,0.227,0.293
37600,0.483,0.225,0.292
37700,0.482,0.221,0.297
37800,0.491,0.219,0.290
37900,0.489,0.218,0.293
38000,0.483,0.218,0.299
38100,0.483,0.218,0.299
38200,0.481,0.221,0.298
38300,0.483,0.208,0.308
38400,0.491,0.206,0.302
38500,0.495,0.206,0.298
38600,0.521,0.208,0.271
38700,0.526,0.207,0.267
38800,0.529,0.204,0.267
38900,0.528,0.203,0.269
39000,0.534,0.208,0.257
39100,0.535,0.201,0.264
39200,0.522,0.201,0.277
39300,0.518,0.203,0.279
39400,0.524,0.203,0.273
39500,0.508,0.201,0.291
39600,0.512,0.206,0.282
39700,0.510,0.203,0.287
39800,0.510,0.204,0.286
39900,0.509,0.202,0.289
40000,0.510,0.203,0.287
40100,0.512,0.203,0.285
40200,0.507,0.208,0.285
40300,0.504,0.209,0.287
40400,0.501,0.211,0.288
40500,0.492,0.208,0.299
40600,0.487,0.211,0.301
40700,0.490,0.206,0.303
40800,0.489,0.204,0.306
40900,0.479,0.205,0.316
41000,0.482,0.209,0.308
41100,0.475,0.213,0.312
41200,0.483,0.216,0.301
41300,0.486,0.223,0.291
41400,0.486,0.221,0.293
41500,0.487,0.221,0.292
41600,0.483,0.216,0.301
41700,0.484,0.215,0.301
41800,0.483,0.213,0.303
41900,0.489,0.212,0.298
42000,0.491,0.209,0.299
42100,0.499,0.206,0.294
42200,0.503,0.205,0.292
42300,0.517,0.207,0.276
42400,0.521,0.207,0.272
42500,0.522,0.206,0.272
42600,0.511,0.209,0.280
42700,0.524,0.206,0.270
42800,0.532,0.200,0.268
42900,0.540,0.199,0.260
43000,0.538,0.201,0.260
43100,0.532,0.199,0.269
43200,0.528,0.200,0.272
43300,0.536,0.200,0.264
43400,0.547,0.203,0.249
43500,0.545,0.209,0.245
43600,0.542,0.204,0.253
43700,0.544,0.202,0.253
43800,0.544,0.201,0.254
43900,0.549,0.198,0.253
44000,0.546,0.198,0.255
44100,0.532,0.203,0.265
44200,0.531,0.205,0.264
44300,0.529,0.203,0.268
44400,0.525,0.203,0.272
44500,0.519,0.202,0.279
44600,0.534,0.198,0.268
44700,0.524,0.191,0.285
44800,0.519,0.199,0.282
44900,0.511,0.200,0.289
45000,0.517,0.204,0.279
45100,0.517,0.204,0.279
45200,0.516,0.207,0.277
45300,0.528,0.200,0.272
45400,0.531,0.204,0.265
45500,0.527,0.201,0.272
45600,0.532,0.197,0.271
45700,0.538,0.197,0.265
45800,0.534,0.204,0.261
45900,0.542,0.202,0.255
46000,0.546,0.198,0.255
46100,0.543,0.195,0.261
46200,0.535,0.193,0.272
46300,0.529,0.194,0.277
46400,0.542,0.191,0.267
46500,0.549,0.192,0.259
46600,0.553,0.190,0.257
46700,0.559,0.193,0.248
46800,0.546,0.190,0.264
46900,0.547,0.191,0.261
47000,0.538,0.194,0.268
47100,0.535,0.195,0.270
47200,0.542,0.186,0.272
47300,0.547,0.190,0.263
47400,0.555,0.188,0.257
47500,0.550,0.187,0.264
47600,0.556,0.185,0.259
47700,0.574,0.179,0.247
47800,0.576,0.180,0.244
47900,0.582,0.176,0.242
48000,0.590,0.174,0.236
48100,0.597,0.173,0.231
48200,0.602,0.174,0.225
48300,0.594,0.173,0.233
48400,0.602,0.173,0.226
48500,0.603,0.170,0.228
48600,0.607,0.171,0.223
48700,0.602,0.169,0.230
48800,0.601,0.171,0.229
48900,0.608,0.170,0.223
49000,0.614,0.170,0.217
49100,0.613,0.169,0.219
49200,0.618,0.170,0.212
49300,0.612,0.166,0.222
49400,0.617,0.169,0.215
49500,0.613,0.171,0.217
49600,0.618,0.171,0.211
49700,0.610,0.171,0.220
49800,0.609,0.169,0.223
49900,0.615,0.166,0.219
50000,0.611,0.168,0.222
50100,0.614,0.164,0.222
50200,0.620,0.163,0.217
50300,0.617,0.164,0.219
50400,0.616,0.166,0.218
50500,0.623,0.163,0.213
50600,0.625,0.164,0.210
50700,0.633,0.166,0.200
50800,0.635,0.165,0.199
50900,0.638,0.163,0.198
51000,0.641,0.162,0.196
51100,0.645,0.161,0.194
51200,0.642,0.161,0.196
51300,0.641,0.159,0.199
51400,0.641,0.158,0.200
51500,0.638,0.157,0.204
51600,0.639,0.157,0.203
51700,0.640,0.155,0.204
51800,0.639,0.155,0.205
51900,0.633,0.155,0.211
52000,0.631,0.154,0.215
52100,0.633,0.155,0.211
52200,0.645,0.155,0.200
52300,0.645,0.155,0.200
52400,0.655,0.156,0.189
52500,0.654,0.155,0.191
52600,0.653,0.156,0.191
52700,0.648,0.155,0.197
52800,0.649,0.155,0.196
52900,0.653,0.156,0.191
53000,0.652,0.154,0.194
53100,0.653,0.154,0.193
53200,0.659,0.154,0.187
53300,0.663,0.153,0.184
53400,0.663,0.151,0.186
53500,0.650,0.151,0.199
53600,0.646,0.151,0.203
53700,0.656,0.155,0.189
53800,0.654,0.151,0.195
53900,0.648,0.152,0.200
54000,0.656,0.152,0.192
54100,0.654,0.152,0.194
54200,0.657,0.153,0.190
54300,0.660,0.154,0.186
54400,0.658,0.149,0.193
54500,0.654,0.149,0.197
54600,0.656,0.149,0.195
54700,0.659,0.149,0.192
54800,0.663,0.147,0.190
54900,0.663,0.147,0.190
55000,0.662,0.147,0.191
55100,0.666,0.152,0.182
55200,0.666,0.152,0.182
55300,0.670,0.151,0.179
55400,0.671,0.153,0.176
55500,0.668,0.152,0.180
55600,0.657,0.150,0.193
55700,0.656,0.150,0.194
55800,0.659,0.150,0.191
55900,0.661,0.152,0.187
56000,0.660,0.151,0.189
56100,0.665,0.152,0.183
56200,0.670,0.150,0.180
56300,0.671,0.150,0.179
56400,0.669,0.151,0.180
56500,0.669,0.153,0.178
56600,0.674,0.153,0.173
56700,0.671,0.153,0.176
56800,0.670,0.151,0.179
56900,0.674,0.150,0.176
57000,0.684,0.149,0.166
57100,0.685,0.148,0.166
57200,0.687,0.147,0.165
57300,0.698,0.149,0.153
57400,0.701,0.149,0.150
57500,0.702,0.148,0.150
57600,0.702,0.148,0.150
57700,0.703,0.148,0.149
57800,0.706,0.147,0.147
57900,0.705,0.147,0.148
58000,0.703,0.147,0.150
58100,0.704,0.144,0.152
58200,0.708,0.143,0.149
58300,0.707,0.142,0.151
58400,0.709,0.141,0.150
58500,0.703,0.141,0.156
58600,0.706,0.141,0.153
58700,0.703,0.139,0.158
58800,0.701,0.139,0.160
58900,0.702,0.139,0.159
59000,0.701,0.139,0.160
59100,0.701,0.139,0.160
59200,0.698,0.141,0.161
59300,0.691,0.139,0.171
59400,0.691,0.139,0.171
59500,0.685,0.138,0.177
59600,0.680,0.142,0.178
59700,0.682,0.138,0.180
59800,0.684,0.139,0.177
59900,0.687,0.139,0.174
60000,0.688,0.141,0.171
60100,0.689,0.141,0.170
60200,0.694,0.141,0.165
60300,0.696,0.141,0.163
60400,0.686,0.139,0.175
60500,0.692,0.139,0.170
60600,0.689,0.138,0.173
60700,0.688,0.139,0.173
60800,0.688,0.135,0.177
60900,0.686,0.134,0.180
61000,0.694,0.136,0.171
61100,0.691,0.135,0.175
61200,0.694,0.136,0.171
61300,0.697,0.141,0.162
61400,0.694,0.143,0.163
61500,0.693,0.143,0.164
61600,0.699,0.142,0.159
61700,0.699,0.141,0.160
61800,0.696,0.141,0.163
61900,0.694,0.139,0.168
62000,0.691,0.138,0.172
62100,0.696,0.137,0.168
62200,0.694,0.137,0.170
62300,0.692,0.137,0.172
62400,0.700,0.137,0.163
62500,0.701,0.137,0.162
62600,0.698,0.136,0.166
62700,0.700,0.136,0.164
62800,0.706,0.136,0.158
62900,0.707,0.136,0.157
63000,0.707,0.136,0.157
63100,0.708,0.136,0.156
63200,0.712,0.134,0.154
63300,0.708,0.134,0.158
63400,0.709,0.134,0.157
63500,0.706,0.134,0.160
63600,0.709,0.134,0.157
63700,0.715,0.134,0.151
63800,0.717,0.134,0.149
63900,0.717,0.134,0.149
64000,0.718,0.134,0.148
64100,0.719,0.134,0.147
64200,0.719,0.134,0.147
64300,0.719,0.133,0.148
64400,0.723,0.133,0.144
64500,0.722,0.132,0.146
64600,0.723,0.132,0.145
64700,0.725,0.130,0.145
64800,0.726,0.130,0.144
64900,0.726,0.130,0.144
65000,0.726,0.130,0.144
65100,0.725,0.130,0.145
65200,0.730,0.129,0.141
65300,0.732,0.129,0.139
65400,0.731,0.129,0.140
65500,0.729,0.128,0.143
65600,0.726,0.127,0.147
65700,0.732,0.127,0.141
65800,0.733,0.126,0.141
65900,0.734,0.126,0.140
66000,0.733,0.125,0.142
66100,0.735,0.125,0.140
66200,0.734,0.125,0.141
66300,0.733,0.127,0.140
66400,0.735,0.127,0.138
66500,0.734,0.127,0.139
66600,0.735,0.127,0.138
66700,0.736,0.127,0.137
66800,0.737,0.127,0.136
66900,0.740,0.126,0.135
67000,0.743,0.126,0.132
67100,0.745,0.126,0.130
67200,0.744,0.126,0.131
67300,0.746,0.126,0.129
67400,0.746,0.124,0.131
67500,0.744,0.124,0.133
67600,0.748,0.124,0.129
67700,0.748,0.126,0.127
67800,0.750,0.126,0.125
67900,0.752,0.126,0.123
68000,0.751,0.126,0.124
68100,0.752,0.126,0.123
68200,0.754,0.126,0.121
68300,0.754,0.125,0.122
68400,0.750,0.125,0.126
68500,0.752,0.124,0.125
68600,0.751,0.124,0.126
68700,0.753,0.124,0.124
68800,0.754,0.124,0.123
68900,0.753,0.124,0.124
69000,0.753,0.122,0.126
69100,0.747,0.122,0.132
69200,0.747,0.125,0.129
69300,0.746,0.124,0.131
69400,0.745,0.124,0.132
69500,0.746,0.125,0.130
69600,0.747,0.127,0.127
69700,0.745,0.125,0.131
69800,0.747,0.125,0.129
69900,0.747,0.124,0.130
70000,0.750,0.124,0.127
70100,0.750,0.124,0.127
70200,0.752,0.124,0.125
70300,0.750,0.124,0.127
70400,0.752,0.126,0.123
70500,0.747,0.126,0.128
70600,0.750,0.124,0.127
70700,0.750,0.124,0.127
70800,0.748,0.123,0.130
70900,0.746,0.123,0.132
71000,0.745,0.123,0.133
71100,0.741,0.123,0.137
71200,0.745,0.123,0.133
71300,0.746,0.122,0.133
71400,0.745,0.124,0.132
71500,0.747,0.122,0.132
71600,0.747,0.122,0.132
71700,0.753,0.122,0.126
71800,0.755,0.122,0.124
71900,0.756,0.122,0.123
72000,0.756,0.122,0.123
72100,0.754,0.122,0.125
72200,0.750,0.122,0.129
72300,0.750,0.121,0.130
72400,0.751,0.121,0.129
72500,0.753,0.120,0.128
72600,0.750,0.120,0.131
72700,0.751,0.120,0.130
72800,0.750,0.122,0.129
72900,0.751,0.122,0.128
73000,0.750,0.122,0.129
73100,0.751,0.121,0.129
73200,0.752,0.121,0.128
73300,0.750,0.120,0.131
73400,0.751,0.118,0.131
73500,0.747,0.118,0.135
73600,0.750,0.118,0.132
73700,0.751,0.117,0.132
73800,0.755,0.117,0.128
73900,0.758,0.116,0.126
74000,0.755,0.116,0.129
74100,0.759,0.116,0.125
74200,0.760,0.116,0.124
74300,0.765,0.116,0.118
74400,0.768,0.116,0.115
74500,0.768,0.116,0.115
74600,0.767,0.115,0.117
74700,0.768,0.115,0.116
74800,0.768,0.113,0.118
74900,0.770,0.113,0.116
75000,0.768,0.113,0.118
75100,0.768,0.113,0.118
75200,0.769,0.113,0.117
75300,0.769,0.113,0.117
75400,0.770,0.113,0.116
75500,0.773,0.113,0.113
75600,0.773,0.113,0.113
75700,0.772,0.113,0.114
75800,0.775,0.113,0.111
75900,0.776,0.113,0.110
76000,0.775,0.113,0.111
76100,0.774,0.112,0.113
76200,0.773,0.112,0.114
76300,0.771,0.112,0.116
76400,0.773,0.112,0.114
76500,0.775,0.111,0.113
76600,0.775,0.111,0.113
76700,0.775,0.111,0.113
76800,0.776,0.111,0.112
76900,0.776,0.111,0.112
77000,0.777,0.111,0.111
77100,0.775,0.111,0.113
77200,0.771,0.111,0.117
77300,0.767,0.111,0.122
77400,0.770,0.110,0.120
77500,0.770,0.110,0.120
77600,0.772,0.109,0.118
77700,0.773,0.108,0.118
77800,0.776,0.108,0.115
77900,0.779,0.108,0.112
78000,0.778,0.108,0.113
78100,0.779,0.107,0.113
78200,0.779,0.107,0.113
78300,0.776,0.107,0.116
78400,0.775,0.107,0.117
78500,0.775,0.107,0.117
78600,0.772,0.107,0.121
78700,0.776,0.107,0.116
78800,0.777,0.107,0.115
78900,0.775,0.106,0.118
79000,0.778,0.106,0.115
79100,0.778,0.106,0.115
79200,0.775,0.106,0.118
79300,0.772,0.106,0.122
79400,0.769,0.106,0.125
79500,0.775,0.106,0.118
79600,0.774,0.106,0.120
79700,0.773,0.106,0.121
79800,0.775,0.106,0.118
79900,0.775,0.106,0.118
80000,0.776,0.106,0.117
80100,0.777,0.106,0.116
80200,0.777,0.106,0.116
80300,0.776,0.108,0.115
80400,0.775,0.107,0.117
80500,0.775,0.107,0.117
80600,0.776,0.107,0.116
80700,0.774,0.107,0.118
80800,0.776,0.106,0.117
80900,0.777,0.106,0.116
81000,0.782,0.106,0.111
81100,0.783,0.106,0.110
81200,0.784,0.106,0.109
81300,0.789,0.106,0.105
81400,0.785,0.106,0.108
81500,0.787,0.108,0.105
81600,0.788,0.107,0.105
81700,0.789,0.107,0.104
81800,0.789,0.106,0.105
81900,0.789,0.106,0.105
82000,0.789,0.106,0.105
82100,0.789,0.104,0.107
82200,0.789,0.104,0.107
82300,0.788,0.104,0.108
82400,0.785,0.104,0.110
82500,0.785,0.105,0.109
82600,0.784,0.105,0.110
82700,0.784,0.105,0.110
82800,0.785,0.105,0.109
82900,0.782,0.105,0.112
83000,0.776,0.105,0.118
83100,0.777,0.105,0.117
83200,0.778,0.105,0.116
83300,0.779,0.105,0.115
83400,0.781,0.105,0.113
83500,0.783,0.105,0.111
83600,0.785,0.105,0.109
83700,0.785,0.105,0.109
83800,0.773,0.105,0.122
83900,0.766,0.105,0.129
84000,0.770,0.105,0.125
84100,0.765,0.107,0.128
84200,0.766,0.107,0.127
84300,0.765,0.104,0.131
84400,0.765,0.104,0.131
84500,0.769,0.106,0.125
84600,0.767,0.106,0.127
84700,0.766,0.113,0.121
84800,0.768,0.113,0.118
84900,0.768,0.112,0.120
85000,0.769,0.113,0.117
85100,0.768,0.113,0.118
85200,0.768,0.113,0.118
85300,0.768,0.113,0.118
85400,0.771,0.113,0.115
85500,0.771,0.111,0.117
85600,0.761,0.113,0.126
85700,0.761,0.113,0.126
85800,0.764,0.112,0.124
85900,0.763,0.112,0.125
86000,0.765,0.111,0.124
86100,0.768,0.108,0.124
86200,0.771,0.105,0.124
86300,0.772,0.105,0.123
86400,0.773,0.104,0.123
86500,0.772,0.104,0.124
86600,0.773,0.104,0.123
86700,0.773,0.103,0.124
86800,0.778,0.103,0.118
86900,0.778,0.103,0.118
87000,0.778,0.103,0.118
87100,0.778,0.103,0.118
87200,0.778,0.103,0.118
87300,0.778,0.103,0.118
87400,0.774,0.102,0.124
87500,0.778,0.102,0.120
87600,0.777,0.102,0.121
87700,0.777,0.102,0.121
87800,0.778,0.102,0.120
87900,0.778,0.102,0.120
88000,0.779,0.102,0.118
88100,0.776,0.101,0.123
88200,0.777,0.101,0.122
88300,0.777,0.101,0.122
88400,0.756,0.101,0.143
88500,0.750,0.103,0.147
88600,0.755,0.103,0.142
88700,0.758,0.104,0.138
88800,0.757,0.104,0.139
88900,0.759,0.104,0.137
89000,0.763,0.104,0.133
89100,0.767,0.104,0.129
89200,0.767,0.102,0.131
89300,0.767,0.102,0.131
89400,0.769,0.101,0.130
89500,0.771,0.101,0.128
89600,0.771,0.101,0.128
89700,0.770,0.101,0.129
89800,0.769,0.101,0.130
89900,0.770,0.101,0.129
90000,0.765,0.101,0.134
90100,0.768,0.102,0.130
90200,0.770,0.102,0.128
90300,0.769,0.102,0.129
90400,0.770,0.102,0.128
90500,0.769,0.102,0.129
90600,0.769,0.101,0.130
90700,0.770,0.101,0.129
90800,0.768,0.101,0.131
90900,0.769,0.103,0.128
91000,0.769,0.103,0.128
91100,0.771,0.102,0.127
91200,0.771,0.102,0.127
91300,0.772,0.101,0.127
91400,0.771,0.101,0.128
91500,0.774,0.101,0.125
91600,0.775,0.100,0.125
91700,0.773,0.100,0.127
91800,0.774,0.099,0.127
91900,0.770,0.101,0.129
92000,0.772,0.098,0.130
92100,0.772,0.098,0.130
92200,0.773,0.099,0.128
92300,0.771,0.102,0.127
92400,0.770,0.101,0.129
92500,0.765,0.099,0.136
92600,0.766,0.100,0.134
92700,0.763,0.101,0.136
92800,0.765,0.099,0.136
92900,0.760,0.099,0.141
93000,0.768,0.099,0.133
93100,0.769,0.099,0.132
93200,0.768,0.101,0.131
93300,0.770,0.100,0.130
93400,0.775,0.100,0.125
93500,0.777,0.100,0.123
93600,0.773,0.099,0.128
93700,0.776,0.099,0.125
93800,0.776,0.099,0.125
93900,0.779,0.099,0.122
94000,0.778,0.099,0.123
94100,0.775,0.099,0.126
94200,0.777,0.099,0.124
94300,0.778,0.099,0.123
94400,0.777,0.098,0.125
94500,0.777,0.101,0.122
94600,0.778,0.101,0.121
94700,0.775,0.101,0.124
94800,0.774,0.099,0.127
94900,0.773,0.099,0.128
95000,0.777,0.098,0.125
95100,0.782,0.100,0.117
95200,0.783,0.100,0.116
95300,0.788,0.100,0.112
95400,0.788,0.098,0.114
95500,0.785,0.098,0.116
95600,0.785,0.098,0.116
95700,0.785,0.097,0.117
95800,0.785,0.096,0.118
95900,0.787,0.097,0.116
96000,0.782,0.097,0.121
96100,0.783,0.097,0.120
96200,0.784,0.097,0.118
96300,0.785,0.097,0.117
96400,0.787,0.097,0.116
96500,0.787,0.098,0.115
96600,0.788,0.099,0.113
96700,0.783,0.098,0.118
96800,0.782,0.098,0.120
96900,0.782,0.098,0.120
97000,0.784,0.098,0.117
97100,0.791,0.098,0.111
97200,0.792,0.098,0.110
97300,0.792,0.098,0.110
97400,0.791,0.098,0.111
97500,0.791,0.098,0.111
97600,0.792,0.098,0.110
97700,0.794,0.098,0.108
97800,0.793,0.097,0.110
97900,0.793,0.097,0.110
98000,0.793,0.097,0.110
98100,0.791,0.097,0.112
98200,0.781,0.096,0.123
98300,0.784,0.098,0.117
98400,0.778,0.097,0.125
98500,0.778,0.100,0.122
98600,0.768,0.099,0.133
98700,0.770,0.101,0.129
98800,0.770,0.101,0.129
98900,0.771,0.104,0.125
99000,0.768,0.100,0.132
99100,0.762,0.102,0.136
99200,0.761,0.106,0.133
99300,0.761,0.103,0.136
99400,0.759,0.101,0.140
99500,0.762,0.102,0.136
99600,0.765,0.100,0.135
99700,0.764,0.099,0.137
99800,0.767,0.099,0.134
99900,0.773,0.099,0.128
100000,0.777,0.100,0.123
