time,n_A+p,n_B,n_AB,avg_entropy_simp
500,0.033,0.938,0.029,0.098515
1000,0.029,0.934,0.037,0.108112
1500,0.041,0.822,0.136,0.257616
2000,0.054,0.872,0.074,0.201296
2500,0.029,0.835,0.136,0.232935
3000,0.070,0.773,0.157,0.307654
3500,0.079,0.752,0.169,0.312279
4000,0.103,0.715,0.182,0.358582
4500,0.058,0.843,0.099,0.220447
5000,0.079,0.802,0.120,0.255720
5500,0.054,0.839,0.107,0.223122
6000,0.070,0.831,0.099,0.224550
6500,0.087,0.769,0.145,0.290387
7000,0.128,0.731,0.140,0.323155
7500,0.087,0.723,0.190,0.333422
8000,0.169,0.694,0.136,0.386066
8500,0.124,0.698,0.178,0.385277
9000,0.149,0.719,0.132,0.354879
9500,0.174,0.620,0.207,0.457264
10000,0.099,0.707,0.194,0.362869
10500,0.112,0.694,0.194,0.377028
11000,0.062,0.769,0.169,0.294494
11500,0.099,0.773,0.128,0.303466
12000,0.128,0.678,0.194,0.390506
12500,0.165,0.657,0.178,0.394188
13000,0.182,0.653,0.165,0.409684
13500,0.174,0.616,0.211,0.432486
14000,0.112,0.636,0.252,0.414550
14500,0.095,0.806,0.099,0.240738
15000,0.091,0.826,0.083,0.210625
15500,0.079,0.781,0.140,0.276635
16000,0.045,0.884,0.070,0.156498
16500,0.041,0.880,0.079,0.179150
17000,0.033,0.913,0.054,0.138317
17500,0.029,0.884,0.087,0.171105
18000,0.033,0.884,0.083,0.169819
18500,0.033,0.913,0.054,0.133324
19000,0.033,0.901,0.066,0.139735
19500,0.058,0.864,0.079,0.184961
20000,0.062,0.826,0.112,0.263740
20500,0.074,0.793,0.132,0.313987
21000,0.099,0.769,0.132,0.325637
21500,0.045,0.888,0.066,0.177192
22000,0.045,0.905,0.050,0.155116
22500,0.033,0.901,0.066,0.163189
23000,0.029,0.909,0.062,0.149641
23500,0.029,0.930,0.041,0.111565
24000,0.033,0.917,0.050,0.136889
24500,0.041,0.868,0.091,0.225276
25000,0.058,0.826,0.116,0.246717
25500,0.066,0.884,0.050,0.163269
26000,0.037,0.921,0.041,0.111278
26500,0.033,0.926,0.041,0.115879
27000,0.033,0.909,0.058,0.148121
27500,0.041,0.868,0.091,0.227430
28000,0.033,0.905,0.062,0.158821
28500,0.054,0.789,0.157,0.283529
29000,0.037,0.884,0.079,0.151950
29500,0.037,0.897,0.066,0.166830
30000,0.066,0.798,0.136,0.296019
30500,0.107,0.707,0.186,0.385697
31000,0.124,0.674,0.202,0.394229
31500,0.128,0.665,0.207,0.387252
32000,0.174,0.624,0.202,0.437132
32500,0.202,0.570,0.227,0.475376
33000,0.211,0.554,0.236,0.498940
33500,0.273,0.467,0.260,0.542015
34000,0.182,0.603,0.215,0.442815
34500,0.128,0.682,0.190,0.380334
35000,0.194,0.607,0.198,0.408030
35500,0.182,0.624,0.194,0.394717
36000,0.215,0.632,0.153,0.418355
36500,0.165,0.550,0.285,0.499461
37000,0.223,0.500,0.277,0.519439
37500,0.384,0.355,0.260,0.555590
38000,0.413,0.314,0.273,0.531900
38500,0.479,0.281,0.240,0.526975
39000,0.533,0.273,0.194,0.464895
39500,0.409,0.335,0.256,0.533826
40000,0.512,0.269,0.219,0.500253
40500,0.496,0.256,0.248,0.516900
41000,0.558,0.236,0.207,0.484698
41500,0.591,0.169,0.240,0.453051
42000,0.723,0.095,0.182,0.352092
42500,0.901,0.008,0.091,0.110554
43000,0.934,0.021,0.045,0.080289
43500,0.967,0.012,0.021,0.033037
44000,0.996,0.000,0.004,0.002169
44500,1.000,0.000,0.000,0.000000
