time,n_A+p,n_B,n_AB
500,0.030,0.540,0.430
1000,0.030,0.254,0.716
1500,0.030,0.365,0.605
2000,0.030,0.376,0.594
2500,0.030,0.405,0.565
3000,0.030,0.543,0.427
3500,0.030,0.328,0.642
4000,0.030,0.207,0.763
4500,0.030,0.362,0.608
5000,0.030,0.240,0.730
5500,0.030,0.337,0.633
6000,0.030,0.265,0.705
6500,0.030,0.429,0.541
7000,0.030,0.258,0.712
7500,0.030,0.371,0.599
8000,0.030,0.340,0.630
8500,0.030,0.338,0.632
9000,0.030,0.328,0.642
9500,0.030,0.320,0.650
10000,0.030,0.343,0.627
10500,0.030,0.274,0.696
11000,0.030,0.455,0.515
11500,0.030,0.454,0.516
12000,0.030,0.273,0.697
12500,0.030,0.409,0.561
13000,0.031,0.266,0.703
13500,0.030,0.401,0.569
14000,0.030,0.275,0.695
14500,0.030,0.316,0.654
15000,0.364,0.009,0.627
15500,0.993,0.000,0.007
16000,1.000,0.000,0.000
