time,n_A+p,n_B,n_AB
500,0.080,0.720,0.201
1000,0.080,0.526,0.394
1500,0.080,0.402,0.518
2000,0.085,0.276,0.639
2500,0.089,0.228,0.683
3000,0.113,0.182,0.705
3500,0.117,0.154,0.729
4000,0.139,0.105,0.756
4500,0.258,0.054,0.688
5000,0.502,0.013,0.485
5500,0.706,0.002,0.292
6000,0.816,0.001,0.184
6500,0.835,0.000,0.165
7000,0.858,0.000,0.142
7500,0.899,0.000,0.101
8000,0.925,0.000,0.075
8500,0.937,0.000,0.063
9000,0.941,0.000,0.059
9500,0.966,0.000,0.034
10000,0.962,0.000,0.038
10500,0.966,0.000,0.034
11000,0.980,0.000,0.020
11500,0.961,0.000,0.039
12000,0.991,0.000,0.009
12500,0.992,0.000,0.008
13000,0.993,0.000,0.007
13500,0.998,0.000,0.002
14000,1.000,0.000,0.000
14500,1.000,0.000,0.000
