time,n_A+p,n_B,n_AB
100,0.404,0.481,0.114
200,0.357,0.447,0.196
300,0.323,0.439,0.238
400,0.303,0.429,0.268
500,0.300,0.407,0.293
600,0.298,0.377,0.325
700,0.283,0.345,0.372
800,0.278,0.352,0.370
900,0.293,0.333,0.375
1000,0.288,0.325,0.387
1100,0.300,0.330,0.370
1200,0.298,0.323,0.380
1300,0.303,0.305,0.392
1400,0.283,0.298,0.419
1500,0.293,0.315,0.392
1600,0.293,0.288,0.419
1700,0.303,0.278,0.419
1800,0.315,0.295,0.390
1900,0.303,0.290,0.407
2000,0.310,0.270,0.419
2100,0.293,0.261,0.447
2200,0.293,0.280,0.427
2300,0.275,0.278,0.447
2400,0.283,0.288,0.429
2500,0.295,0.290,0.414
2600,0.310,0.303,0.387
2700,0.300,0.283,0.417
2800,0.328,0.275,0.397
2900,0.337,0.263,0.400
3000,0.340,0.266,0.395
3100,0.315,0.293,0.392
3200,0.303,0.266,0.432
3300,0.298,0.275,0.427
3400,0.305,0.253,0.442
3500,0.295,0.253,0.452
3600,0.270,0.305,0.424
3700,0.268,0.298,0.434
3800,0.295,0.298,0.407
3900,0.303,0.288,0.409
4000,0.295,0.275,0.429
4100,0.285,0.266,0.449
4200,0.298,0.268,0.434
4300,0.303,0.270,0.427
4400,0.323,0.270,0.407
4500,0.335,0.251,0.414
4600,0.337,0.261,0.402
4700,0.335,0.248,0.417
4800,0.325,0.228,0.447
4900,0.315,0.223,0.462
5000,0.298,0.241,0.462
5100,0.278,0.238,0.484
5200,0.278,0.238,0.484
5300,0.288,0.241,0.471
5400,0.288,0.233,0.479
5500,0.288,0.236,0.476
5600,0.283,0.231,0.486
5700,0.270,0.261,0.469
5800,0.241,0.253,0.506
5900,0.246,0.280,0.474
6000,0.241,0.258,0.501
6100,0.256,0.243,0.501
6200,0.263,0.256,0.481
6300,0.263,0.238,0.499
6400,0.273,0.233,0.494
6500,0.298,0.211,0.491
6600,0.303,0.226,0.471
6700,0.313,0.233,0.454
6800,0.320,0.213,0.467
6900,0.328,0.216,0.457
7000,0.300,0.241,0.459
7100,0.295,0.246,0.459
7200,0.300,0.233,0.467
7300,0.308,0.251,0.442
7400,0.333,0.243,0.424
7500,0.333,0.258,0.409
7600,0.330,0.223,0.447
7700,0.325,0.208,0.467
7800,0.315,0.211,0.474
7900,0.337,0.226,0.437
8000,0.345,0.213,0.442
8100,0.342,0.206,0.452
8200,0.330,0.203,0.467
8300,0.337,0.194,0.469
8400,0.328,0.199,0.474
8500,0.345,0.196,0.459
8600,0.328,0.206,0.467
8700,0.352,0.196,0.452
8800,0.375,0.181,0.444
8900,0.357,0.189,0.454
9000,0.365,0.194,0.442
9100,0.404,0.189,0.407
9200,0.424,0.161,0.414
9300,0.447,0.134,0.419
9400,0.434,0.134,0.432
9500,0.424,0.132,0.444
9600,0.457,0.127,0.417
9700,0.454,0.139,0.407
9800,0.422,0.146,0.432
9900,0.417,0.154,0.429
10000,0.402,0.156,0.442
10100,0.390,0.156,0.454
10200,0.404,0.161,0.434
10300,0.434,0.134,0.432
10400,0.432,0.141,0.427
10500,0.442,0.144,0.414
10600,0.442,0.144,0.414
10700,0.437,0.136,0.427
10800,0.464,0.146,0.390
10900,0.437,0.132,0.432
11000,0.459,0.136,0.404
11100,0.464,0.149,0.387
11200,0.469,0.136,0.395
11300,0.467,0.151,0.382
11400,0.481,0.141,0.377
11500,0.481,0.144,0.375
11600,0.474,0.129,0.397
11700,0.462,0.119,0.419
11800,0.459,0.127,0.414
11900,0.479,0.129,0.392
12000,0.481,0.122,0.397
12100,0.464,0.122,0.414
12200,0.469,0.124,0.407
12300,0.469,0.124,0.407
12400,0.496,0.139,0.365
12500,0.474,0.134,0.392
12600,0.469,0.117,0.414
12700,0.454,0.122,0.424
12800,0.459,0.132,0.409
12900,0.464,0.122,0.414
13000,0.499,0.127,0.375
13100,0.479,0.132,0.390
13200,0.452,0.127,0.422
13300,0.467,0.136,0.397
13400,0.449,0.146,0.404
13500,0.434,0.139,0.427
13600,0.447,0.117,0.437
13700,0.437,0.122,0.442
13800,0.439,0.127,0.434
13900,0.432,0.132,0.437
14000,0.407,0.159,0.434
14100,0.404,0.171,0.424
14200,0.387,0.161,0.452
14300,0.400,0.164,0.437
14400,0.412,0.176,0.412
14500,0.404,0.186,0.409
14600,0.427,0.161,0.412
14700,0.427,0.151,0.422
14800,0.432,0.164,0.404
14900,0.419,0.186,0.395
15000,0.419,0.196,0.385
15100,0.419,0.179,0.402
15200,0.439,0.154,0.407
15300,0.452,0.141,0.407
15400,0.452,0.119,0.429
15500,0.449,0.117,0.434
15600,0.434,0.109,0.457
15700,0.447,0.127,0.427
15800,0.452,0.141,0.407
15900,0.467,0.136,0.397
16000,0.454,0.141,0.404
16100,0.457,0.156,0.387
16200,0.481,0.141,0.377
16300,0.474,0.122,0.404
16400,0.449,0.117,0.434
16500,0.504,0.132,0.365
16600,0.496,0.124,0.380
16700,0.511,0.124,0.365
16800,0.519,0.114,0.367
16900,0.506,0.114,0.380
17000,0.516,0.104,0.380
17100,0.509,0.097,0.395
17200,0.524,0.104,0.372
17300,0.529,0.102,0.370
17400,0.514,0.099,0.387
17500,0.496,0.107,0.397
17600,0.506,0.109,0.385
17700,0.501,0.109,0.390
17800,0.464,0.112,0.424
17900,0.469,0.104,0.427
18000,0.491,0.102,0.407
18100,0.514,0.102,0.385
18200,0.511,0.099,0.390
18300,0.504,0.104,0.392
18400,0.531,0.107,0.362
18500,0.511,0.112,0.377
18600,0.491,0.107,0.402
18700,0.519,0.082,0.400
18800,0.514,0.069,0.417
18900,0.558,0.074,0.367
19000,0.553,0.079,0.367
19100,0.566,0.087,0.347
19200,0.553,0.079,0.367
19300,0.573,0.077,0.350
19400,0.571,0.065,0.365
19500,0.571,0.069,0.360
19600,0.608,0.062,0.330
19700,0.600,0.060,0.340
19800,0.600,0.060,0.340
19900,0.598,0.065,0.337
20000,0.596,0.052,0.352
20100,0.598,0.052,0.350
20200,0.628,0.042,0.330
20300,0.643,0.047,0.310
20400,0.638,0.047,0.315
20500,0.638,0.040,0.323
20600,0.658,0.045,0.298
20700,0.672,0.050,0.278
20800,0.653,0.057,0.290
20900,0.655,0.060,0.285
21000,0.650,0.062,0.288
21100,0.665,0.065,0.270
21200,0.660,0.065,0.275
21300,0.670,0.062,0.268
21400,0.680,0.069,0.251
21500,0.685,0.055,0.261
21600,0.695,0.045,0.261
21700,0.685,0.037,0.278
21800,0.692,0.040,0.268
21900,0.710,0.040,0.251
22000,0.712,0.037,0.251
22100,0.717,0.047,0.236
22200,0.700,0.040,0.261
22300,0.697,0.037,0.266
22400,0.715,0.037,0.248
22500,0.700,0.030,0.270
22600,0.710,0.025,0.266
22700,0.717,0.025,0.258
22800,0.712,0.025,0.263
22900,0.730,0.040,0.231
23000,0.725,0.050,0.226
23100,0.725,0.042,0.233
23200,0.730,0.047,0.223
23300,0.715,0.042,0.243
23400,0.702,0.035,0.263
23500,0.720,0.030,0.251
23600,0.712,0.030,0.258
23700,0.692,0.032,0.275
23800,0.685,0.030,0.285
23900,0.697,0.035,0.268
24000,0.707,0.042,0.251
24100,0.707,0.035,0.258
24200,0.715,0.030,0.256
24300,0.734,0.035,0.231
24400,0.747,0.030,0.223
24500,0.730,0.020,0.251
24600,0.717,0.025,0.258
24700,0.732,0.032,0.236
24800,0.739,0.027,0.233
24900,0.769,0.022,0.208
25000,0.764,0.022,0.213
25100,0.757,0.020,0.223
25200,0.739,0.035,0.226
25300,0.752,0.030,0.218
25400,0.767,0.025,0.208
25500,0.777,0.017,0.206
25600,0.799,0.022,0.179
25700,0.787,0.022,0.191
25800,0.792,0.022,0.186
25900,0.787,0.025,0.189
26000,0.787,0.020,0.194
26100,0.789,0.020,0.191
26200,0.801,0.012,0.186
26300,0.809,0.015,0.176
26400,0.794,0.012,0.194
26500,0.809,0.010,0.181
26600,0.824,0.010,0.166
26700,0.821,0.002,0.176
26800,0.836,0.002,0.161
26900,0.834,0.002,0.164
27000,0.849,0.007,0.144
27100,0.856,0.005,0.139
27200,0.859,0.005,0.136
27300,0.849,0.005,0.146
27400,0.841,0.005,0.154
27500,0.878,0.005,0.117
27600,0.891,0.007,0.102
27700,0.901,0.007,0.092
27800,0.921,0.007,0.072
27900,0.923,0.005,0.072
28000,0.923,0.005,0.072
28100,0.921,0.005,0.074
28200,0.903,0.005,0.092
28300,0.906,0.005,0.089
28400,0.908,0.005,0.087
28500,0.926,0.005,0.069
28600,0.926,0.005,0.069
28700,0.913,0.005,0.082
28800,0.911,0.010,0.079
28900,0.913,0.005,0.082
29000,0.913,0.002,0.084
29100,0.918,0.002,0.079
29200,0.918,0.002,0.079
29300,0.893,0.002,0.104
29400,0.891,0.002,0.107
29500,0.898,0.002,0.099
29600,0.918,0.002,0.079
29700,0.933,0.002,0.065
29800,0.928,0.002,0.069
29900,0.918,0.002,0.079
30000,0.906,0.002,0.092
30100,0.928,0.000,0.072
30200,0.948,0.000,0.052
30300,0.950,0.000,0.050
30400,0.953,0.000,0.047
30500,0.968,0.000,0.032
30600,0.968,0.000,0.032
30700,0.968,0.000,0.032
30800,0.960,0.000,0.040
30900,0.960,0.000,0.040
31000,0.968,0.000,0.032
31100,0.970,0.000,0.030
31200,0.970,0.000,0.030
31300,0.975,0.000,0.025
31400,0.973,0.000,0.027
31500,0.973,0.000,0.027
31600,0.973,0.000,0.027
31700,0.970,0.000,0.030
31800,0.958,0.000,0.042
31900,0.970,0.000,0.030
32000,0.980,0.000,0.020
32100,0.983,0.000,0.017
32200,0.978,0.000,0.022
32300,0.980,0.000,0.020
32400,0.983,0.000,0.017
32500,0.980,0.000,0.020
32600,0.980,0.000,0.020
32700,0.975,0.000,0.025
32800,0.973,0.000,0.027
32900,0.983,0.000,0.017
33000,0.985,0.000,0.015
33100,0.983,0.000,0.017
33200,0.983,0.000,0.017
33300,0.983,0.000,0.017
33400,0.983,0.000,0.017
33500,0.983,0.000,0.017
33600,0.983,0.000,0.017
33700,0.985,0.000,0.015
33800,0.988,0.000,0.012
33900,0.988,0.000,0.012
34000,0.988,0.000,0.012
34100,0.988,0.000,0.012
34200,0.988,0.000,0.012
34300,0.988,0.000,0.012
34400,0.990,0.000,0.010
34500,0.990,0.000,0.010
34600,0.990,0.000,0.010
34700,0.993,0.000,0.007
34800,0.993,0.000,0.007
34900,0.993,0.000,0.007
35000,0.993,0.000,0.007
35100,0.993,0.000,0.007
35200,0.993,0.000,0.007
35300,0.993,0.000,0.007
35400,0.993,0.000,0.007
35500,0.995,0.000,0.005
35600,0.995,0.000,0.005
35700,0.995,0.000,0.005
35800,0.998,0.000,0.002
35900,0.998,0.000,0.002
36000,0.998,0.000,0.002
36100,0.998,0.000,0.002
36200,0.998,0.000,0.002
36300,0.998,0.000,0.002
36400,0.998,0.000,0.002
36500,0.998,0.000,0.002
36600,0.998,0.000,0.002
36700,0.998,0.000,0.002
36800,0.998,0.000,0.002
36900,0.998,0.000,0.002
37000,0.998,0.000,0.002
37100,1.000,0.000,0.000
