time,n_A+p,n_B,n_AB
0,0.449,0.551,0.000
500,0.333,0.360,0.308
1000,0.315,0.370,0.315
1500,0.263,0.400,0.337
2000,0.231,0.365,0.404
2500,0.218,0.444,0.337
3000,0.206,0.476,0.318
3500,0.176,0.553,0.270
4000,0.109,0.588,0.303
4500,0.119,0.586,0.295
5000,0.087,0.638,0.275
5500,0.062,0.725,0.213
6000,0.047,0.789,0.164
6500,0.027,0.861,0.112
7000,0.017,0.881,0.102
7500,0.007,0.933,0.060
8000,0.007,0.933,0.060
8500,0.007,0.950,0.042
9000,0.005,0.958,0.037
9500,0.002,0.955,0.042
10000,0.002,0.963,0.035
10500,0.002,0.955,0.042
11000,0.002,0.960,0.037
11500,0.000,0.968,0.032
12000,0.000,0.973,0.027
12500,0.000,0.968,0.032
13000,0.005,0.963,0.032
13500,0.002,0.958,0.040
14000,0.002,0.968,0.030
14500,0.000,0.988,0.012
15000,0.000,0.988,0.012
15500,0.000,0.995,0.005
16000,0.000,0.998,0.002
16500,0.000,1.000,0.000
