time,n_A+p,n_B,n_AB
500,0.030,0.300,0.670
1000,0.030,0.197,0.773
1500,0.030,0.183,0.787
2000,0.030,0.427,0.543
2500,0.030,0.339,0.631
3000,0.030,0.448,0.522
3500,0.030,0.232,0.738
4000,0.030,0.228,0.742
4500,0.030,0.109,0.861
5000,0.030,0.112,0.858
5500,0.030,0.226,0.744
6000,0.030,0.194,0.776
6500,0.030,0.178,0.792
7000,0.030,0.369,0.601
7500,0.030,0.174,0.796
8000,0.030,0.220,0.750
8500,0.030,0.241,0.729
9000,0.030,0.290,0.680
9500,0.034,0.202,0.764
10000,0.030,0.247,0.723
10500,0.030,0.342,0.628
11000,0.050,0.050,0.900
11500,0.914,0.000,0.086
12000,1.000,0.000,0.000
