time,n_A+p,n_B,n_AB
100,0.385,0.498,0.117
200,0.338,0.457,0.205
300,0.327,0.413,0.260
400,0.293,0.409,0.298
500,0.275,0.400,0.325
600,0.281,0.373,0.346
700,0.254,0.382,0.363
800,0.256,0.374,0.370
900,0.241,0.374,0.385
1000,0.251,0.343,0.406
1100,0.255,0.323,0.422
1200,0.284,0.282,0.434
1300,0.242,0.282,0.477
1400,0.243,0.311,0.446
1500,0.265,0.285,0.450
1600,0.257,0.275,0.468
1700,0.245,0.275,0.480
1800,0.256,0.274,0.470
1900,0.256,0.243,0.501
2000,0.296,0.219,0.484
2100,0.296,0.217,0.488
2200,0.302,0.234,0.464
2300,0.310,0.259,0.431
2400,0.302,0.249,0.449
2500,0.267,0.283,0.449
2600,0.243,0.280,0.477
2700,0.236,0.278,0.486
2800,0.242,0.266,0.492
2900,0.254,0.263,0.483
3000,0.263,0.256,0.481
3100,0.244,0.253,0.503
3200,0.221,0.274,0.505
3300,0.210,0.248,0.542
3400,0.222,0.283,0.494
3500,0.230,0.283,0.487
3600,0.222,0.292,0.486
3700,0.215,0.304,0.481
3800,0.206,0.297,0.497
3900,0.222,0.297,0.481
4000,0.224,0.289,0.487
4100,0.204,0.275,0.521
4200,0.218,0.249,0.533
4300,0.220,0.272,0.508
4400,0.221,0.292,0.487
4500,0.219,0.265,0.516
4600,0.198,0.272,0.530
4700,0.203,0.280,0.517
4800,0.200,0.286,0.513
4900,0.219,0.264,0.517
5000,0.240,0.233,0.527
5100,0.218,0.226,0.556
5200,0.248,0.233,0.519
5300,0.236,0.244,0.520
5400,0.213,0.260,0.527
5500,0.205,0.278,0.516
5600,0.186,0.297,0.517
5700,0.201,0.261,0.538
5800,0.189,0.274,0.538
5900,0.193,0.275,0.532
6000,0.190,0.256,0.555
6100,0.208,0.240,0.552
6200,0.208,0.263,0.529
6300,0.249,0.245,0.506
6400,0.283,0.211,0.505
6500,0.283,0.225,0.492
6600,0.296,0.197,0.507
6700,0.287,0.213,0.500
6800,0.286,0.208,0.505
6900,0.292,0.207,0.501
7000,0.296,0.223,0.481
7100,0.289,0.229,0.481
7200,0.262,0.237,0.501
7300,0.279,0.222,0.499
7400,0.268,0.243,0.488
7500,0.247,0.242,0.511
7600,0.253,0.220,0.527
7700,0.263,0.210,0.527
7800,0.264,0.211,0.524
7900,0.253,0.218,0.529
8000,0.248,0.224,0.528
8100,0.223,0.237,0.540
8200,0.207,0.268,0.525
8300,0.204,0.264,0.532
8400,0.219,0.254,0.527
8500,0.226,0.257,0.517
8600,0.241,0.240,0.519
8700,0.279,0.214,0.508
8800,0.314,0.172,0.513
8900,0.322,0.176,0.502
9000,0.332,0.157,0.510
9100,0.357,0.150,0.493
9200,0.370,0.148,0.482
9300,0.360,0.172,0.467
9400,0.336,0.185,0.479
9500,0.304,0.208,0.488
9600,0.317,0.214,0.469
9700,0.272,0.206,0.522
9800,0.303,0.195,0.502
9900,0.294,0.187,0.519
10000,0.283,0.202,0.515
10100,0.285,0.193,0.522
10200,0.306,0.191,0.503
10300,0.304,0.185,0.510
10400,0.299,0.178,0.524
10500,0.288,0.188,0.524
10600,0.296,0.169,0.535
10700,0.305,0.178,0.517
10800,0.318,0.161,0.522
10900,0.309,0.149,0.542
11000,0.297,0.171,0.533
11100,0.275,0.163,0.562
11200,0.292,0.164,0.544
11300,0.271,0.175,0.555
11400,0.261,0.159,0.580
11500,0.248,0.181,0.571
11600,0.244,0.201,0.555
11700,0.237,0.205,0.557
11800,0.234,0.200,0.566
11900,0.225,0.210,0.566
12000,0.256,0.192,0.552
12100,0.287,0.182,0.531
12200,0.259,0.181,0.560
12300,0.242,0.173,0.585
12400,0.242,0.175,0.583
12500,0.272,0.162,0.565
12600,0.264,0.183,0.553
12700,0.251,0.186,0.563
12800,0.269,0.178,0.553
12900,0.269,0.171,0.559
13000,0.259,0.159,0.582
13100,0.270,0.158,0.572
13200,0.268,0.171,0.561
13300,0.283,0.169,0.548
13400,0.265,0.180,0.555
13500,0.247,0.170,0.583
13600,0.217,0.185,0.598
13700,0.204,0.164,0.632
13800,0.214,0.193,0.593
13900,0.232,0.192,0.576
14000,0.227,0.183,0.590
14100,0.216,0.203,0.581
14200,0.224,0.195,0.581
14300,0.248,0.184,0.568
14400,0.251,0.164,0.584
14500,0.233,0.166,0.601
14600,0.233,0.198,0.569
14700,0.215,0.201,0.583
14800,0.217,0.187,0.596
14900,0.201,0.194,0.604
15000,0.178,0.228,0.595
15100,0.192,0.200,0.609
15200,0.211,0.180,0.609
15300,0.219,0.198,0.583
15400,0.221,0.205,0.573
15500,0.230,0.186,0.584
15600,0.245,0.174,0.581
15700,0.254,0.211,0.534
15800,0.237,0.203,0.561
15900,0.243,0.203,0.555
16000,0.247,0.208,0.545
16100,0.237,0.201,0.562
16200,0.300,0.178,0.523
16300,0.269,0.193,0.538
16400,0.264,0.207,0.530
16500,0.256,0.211,0.534
16600,0.233,0.224,0.543
16700,0.223,0.263,0.515
16800,0.211,0.248,0.541
16900,0.204,0.252,0.544
17000,0.214,0.256,0.530
17100,0.208,0.262,0.530
17200,0.197,0.249,0.555
17300,0.193,0.237,0.570
17400,0.167,0.264,0.569
17500,0.182,0.275,0.542
17600,0.169,0.292,0.539
17700,0.140,0.311,0.548
17800,0.161,0.281,0.558
17900,0.147,0.261,0.592
18000,0.164,0.246,0.590
18100,0.160,0.237,0.603
18200,0.150,0.254,0.596
18300,0.150,0.250,0.600
18400,0.165,0.235,0.600
18500,0.179,0.229,0.593
18600,0.184,0.208,0.608
18700,0.169,0.240,0.591
18800,0.172,0.239,0.590
18900,0.177,0.264,0.559
19000,0.166,0.260,0.574
19100,0.180,0.263,0.557
19200,0.180,0.254,0.566
19300,0.172,0.251,0.577
19400,0.172,0.268,0.560
19500,0.184,0.257,0.559
19600,0.158,0.257,0.585
19700,0.182,0.267,0.551
19800,0.179,0.283,0.538
19900,0.161,0.288,0.551
20000,0.180,0.255,0.565
20100,0.158,0.289,0.554
20200,0.193,0.265,0.542
20300,0.185,0.251,0.563
20400,0.168,0.253,0.580
20500,0.151,0.265,0.584
20600,0.176,0.269,0.554
20700,0.178,0.254,0.568
20800,0.177,0.279,0.544
20900,0.182,0.268,0.550
21000,0.191,0.270,0.539
21100,0.193,0.282,0.526
21200,0.204,0.270,0.526
21300,0.243,0.250,0.508
21400,0.247,0.236,0.517
21500,0.236,0.271,0.492
21600,0.229,0.278,0.493
21700,0.220,0.285,0.495
21800,0.197,0.276,0.526
21900,0.246,0.238,0.516
22000,0.257,0.230,0.513
22100,0.247,0.233,0.520
22200,0.268,0.211,0.520
22300,0.254,0.182,0.565
22400,0.275,0.181,0.544
22500,0.262,0.193,0.545
22600,0.222,0.232,0.545
22700,0.217,0.235,0.548
22800,0.233,0.247,0.520
22900,0.241,0.236,0.523
23000,0.233,0.219,0.548
23100,0.207,0.251,0.542
23200,0.207,0.250,0.543
23300,0.190,0.238,0.572
23400,0.179,0.255,0.566
23500,0.222,0.228,0.550
23600,0.221,0.218,0.561
23700,0.238,0.204,0.558
23800,0.240,0.202,0.558
23900,0.224,0.198,0.577
24000,0.207,0.202,0.591
24100,0.218,0.240,0.542
24200,0.217,0.243,0.540
24300,0.185,0.263,0.553
24400,0.207,0.265,0.527
24500,0.206,0.273,0.521
24600,0.211,0.257,0.532
24700,0.213,0.242,0.545
24800,0.205,0.250,0.545
24900,0.201,0.243,0.556
25000,0.211,0.254,0.536
25100,0.237,0.244,0.519
25200,0.230,0.268,0.502
25300,0.235,0.254,0.512
25400,0.251,0.219,0.530
25500,0.236,0.222,0.542
25600,0.244,0.205,0.551
25700,0.236,0.226,0.537
25800,0.227,0.235,0.538
25900,0.219,0.216,0.565
26000,0.253,0.189,0.558
26100,0.232,0.209,0.559
26200,0.226,0.211,0.562
26300,0.215,0.198,0.586
26400,0.205,0.228,0.566
26500,0.243,0.207,0.550
26600,0.220,0.235,0.545
26700,0.207,0.226,0.566
26800,0.252,0.215,0.533
26900,0.215,0.269,0.516
27000,0.215,0.257,0.529
27100,0.188,0.263,0.549
27200,0.179,0.256,0.565
27300,0.182,0.261,0.558
27400,0.175,0.251,0.574
27500,0.158,0.272,0.570
27600,0.141,0.293,0.566
27700,0.146,0.293,0.561
27800,0.147,0.299,0.554
27900,0.137,0.311,0.552
28000,0.169,0.308,0.523
28100,0.176,0.304,0.519
28200,0.171,0.292,0.538
28300,0.166,0.273,0.561
28400,0.153,0.290,0.557
28500,0.194,0.258,0.548
28600,0.180,0.260,0.560
28700,0.182,0.269,0.548
28800,0.208,0.261,0.530
28900,0.207,0.266,0.527
29000,0.215,0.245,0.540
29100,0.222,0.254,0.524
29200,0.226,0.241,0.533
29300,0.217,0.233,0.550
29400,0.219,0.249,0.533
29500,0.213,0.232,0.555
29600,0.198,0.228,0.574
29700,0.216,0.221,0.563
29800,0.197,0.274,0.529
29900,0.205,0.300,0.495
30000,0.215,0.276,0.508
30100,0.225,0.260,0.515
30200,0.225,0.231,0.544
30300,0.212,0.204,0.584
30400,0.198,0.193,0.609
30500,0.215,0.222,0.563
30600,0.221,0.242,0.538
30700,0.249,0.256,0.496
30800,0.253,0.229,0.519
30900,0.240,0.233,0.526
31000,0.227,0.210,0.563
31100,0.234,0.214,0.552
31200,0.257,0.207,0.537
31300,0.273,0.194,0.533
31400,0.300,0.182,0.517
31500,0.278,0.176,0.547
31600,0.259,0.166,0.575
31700,0.278,0.169,0.554
31800,0.278,0.201,0.522
31900,0.275,0.170,0.555
32000,0.249,0.204,0.547
32100,0.225,0.233,0.541
32200,0.251,0.193,0.555
32300,0.243,0.186,0.572
32400,0.233,0.194,0.573
32500,0.203,0.219,0.578
32600,0.208,0.225,0.566
32700,0.194,0.212,0.594
32800,0.214,0.201,0.586
32900,0.207,0.213,0.580
33000,0.219,0.197,0.584
33100,0.217,0.217,0.566
33200,0.223,0.201,0.576
33300,0.203,0.205,0.593
33400,0.219,0.203,0.578
33500,0.263,0.191,0.546
33600,0.275,0.189,0.536
33700,0.271,0.171,0.558
33800,0.253,0.189,0.558
33900,0.249,0.174,0.577
34000,0.232,0.186,0.583
34100,0.232,0.178,0.590
34200,0.239,0.175,0.586
34300,0.225,0.187,0.588
34400,0.221,0.194,0.585
34500,0.230,0.194,0.576
34600,0.211,0.194,0.594
34700,0.249,0.192,0.560
34800,0.229,0.211,0.560
34900,0.244,0.216,0.540
35000,0.244,0.189,0.567
35100,0.269,0.172,0.559
35200,0.239,0.177,0.584
35300,0.249,0.174,0.577
35400,0.264,0.191,0.545
35500,0.254,0.201,0.545
35600,0.253,0.222,0.525
35700,0.261,0.213,0.526
35800,0.249,0.205,0.545
35900,0.224,0.223,0.553
36000,0.215,0.222,0.563
36100,0.211,0.231,0.558
36200,0.202,0.224,0.575
36300,0.209,0.210,0.581
36400,0.206,0.205,0.589
36500,0.230,0.213,0.557
36600,0.270,0.176,0.554
36700,0.268,0.151,0.581
36800,0.268,0.154,0.579
36900,0.335,0.161,0.504
37000,0.332,0.193,0.475
37100,0.303,0.208,0.489
37200,0.290,0.244,0.466
37300,0.264,0.254,0.481
37400,0.251,0.281,0.468
37500,0.246,0.273,0.481
37600,0.237,0.261,0.502
37700,0.205,0.288,0.507
37800,0.193,0.282,0.525
37900,0.195,0.266,0.539
38000,0.191,0.283,0.526
38100,0.212,0.299,0.489
38200,0.212,0.299,0.489
38300,0.211,0.290,0.498
38400,0.223,0.278,0.499
38500,0.222,0.267,0.510
38600,0.208,0.261,0.531
38700,0.202,0.268,0.530
38800,0.192,0.262,0.547
38900,0.172,0.266,0.562
39000,0.214,0.246,0.540
39100,0.225,0.258,0.517
39200,0.215,0.251,0.533
39300,0.217,0.254,0.529
39400,0.225,0.250,0.525
39500,0.222,0.254,0.523
39600,0.235,0.253,0.512
39700,0.243,0.240,0.517
39800,0.204,0.279,0.517
39900,0.212,0.309,0.479
40000,0.229,0.283,0.487
40100,0.217,0.286,0.497
40200,0.219,0.254,0.526
40300,0.230,0.264,0.506
40400,0.222,0.271,0.507
40500,0.242,0.258,0.500
40600,0.269,0.243,0.488
40700,0.242,0.232,0.527
40800,0.235,0.229,0.536
40900,0.236,0.216,0.548
41000,0.229,0.198,0.572
41100,0.217,0.235,0.548
41200,0.213,0.246,0.541
41300,0.216,0.283,0.501
41400,0.204,0.292,0.503
41500,0.214,0.282,0.503
41600,0.215,0.282,0.503
41700,0.216,0.293,0.491
41800,0.180,0.290,0.530
41900,0.169,0.289,0.541
42000,0.151,0.357,0.492
42100,0.162,0.367,0.471
42200,0.159,0.343,0.497
42300,0.153,0.339,0.509
42400,0.153,0.320,0.527
42500,0.151,0.363,0.485
42600,0.191,0.324,0.485
42700,0.170,0.349,0.481
42800,0.187,0.317,0.496
42900,0.184,0.303,0.513
43000,0.190,0.285,0.526
43100,0.201,0.292,0.508
43200,0.216,0.275,0.509
43300,0.246,0.244,0.510
43400,0.281,0.217,0.503
43500,0.250,0.234,0.516
43600,0.256,0.208,0.537
43700,0.276,0.203,0.521
43800,0.264,0.203,0.533
43900,0.266,0.208,0.526
44000,0.240,0.225,0.535
44100,0.219,0.235,0.546
44200,0.207,0.238,0.555
44300,0.216,0.259,0.525
44400,0.205,0.246,0.549
44500,0.207,0.214,0.579
44600,0.198,0.210,0.593
44700,0.190,0.204,0.606
44800,0.190,0.221,0.588
44900,0.175,0.229,0.597
45000,0.178,0.232,0.590
45100,0.179,0.247,0.574
45200,0.165,0.260,0.575
45300,0.179,0.244,0.576
45400,0.150,0.279,0.572
45500,0.159,0.274,0.568
45600,0.148,0.292,0.560
45700,0.175,0.292,0.533
45800,0.217,0.267,0.516
45900,0.200,0.261,0.540
46000,0.177,0.271,0.552
46100,0.219,0.258,0.523
46200,0.189,0.282,0.529
46300,0.204,0.249,0.547
46400,0.201,0.241,0.558
46500,0.219,0.244,0.537
46600,0.211,0.228,0.561
46700,0.207,0.224,0.570
46800,0.203,0.219,0.578
46900,0.201,0.233,0.566
47000,0.211,0.271,0.518
47100,0.201,0.275,0.524
47200,0.242,0.251,0.508
47300,0.222,0.268,0.510
47400,0.224,0.282,0.495
47500,0.197,0.278,0.526
47600,0.205,0.267,0.528
47700,0.199,0.285,0.516
47800,0.180,0.260,0.560
47900,0.189,0.254,0.556
48000,0.198,0.258,0.543
48100,0.194,0.257,0.549
48200,0.190,0.257,0.554
48300,0.202,0.231,0.568
48400,0.240,0.224,0.536
48500,0.251,0.195,0.554
48600,0.251,0.193,0.556
48700,0.246,0.177,0.577
48800,0.243,0.174,0.583
48900,0.239,0.164,0.597
49000,0.244,0.169,0.587
49100,0.206,0.226,0.568
49200,0.193,0.247,0.561
49300,0.210,0.220,0.570
49400,0.246,0.210,0.544
49500,0.229,0.212,0.559
49600,0.222,0.219,0.559
49700,0.205,0.243,0.552
49800,0.205,0.244,0.551
49900,0.223,0.239,0.538
50000,0.262,0.230,0.508
50100,0.246,0.237,0.517
50200,0.230,0.239,0.531
50300,0.255,0.213,0.532
50400,0.263,0.201,0.536
50500,0.270,0.184,0.546
50600,0.274,0.178,0.548
50700,0.279,0.188,0.533
50800,0.260,0.182,0.558
50900,0.265,0.176,0.558
51000,0.279,0.197,0.524
51100,0.271,0.189,0.540
51200,0.278,0.186,0.536
51300,0.278,0.180,0.542
51400,0.268,0.166,0.566
51500,0.266,0.189,0.545
51600,0.264,0.177,0.559
51700,0.249,0.200,0.551
51800,0.283,0.182,0.536
51900,0.271,0.180,0.549
52000,0.275,0.173,0.551
52100,0.277,0.179,0.544
52200,0.290,0.194,0.516
52300,0.297,0.202,0.501
52400,0.301,0.219,0.480
52500,0.278,0.229,0.493
52600,0.274,0.244,0.482
52700,0.309,0.204,0.487
52800,0.300,0.207,0.493
52900,0.320,0.187,0.493
53000,0.329,0.193,0.478
53100,0.325,0.189,0.486
53200,0.323,0.170,0.507
53300,0.299,0.185,0.516
53400,0.262,0.215,0.523
53500,0.261,0.204,0.535
53600,0.292,0.183,0.526
53700,0.298,0.175,0.527
53800,0.283,0.166,0.551
53900,0.295,0.161,0.545
54000,0.311,0.167,0.522
54100,0.309,0.162,0.529
54200,0.299,0.175,0.526
54300,0.297,0.137,0.566
54400,0.293,0.137,0.570
54500,0.279,0.139,0.582
54600,0.297,0.132,0.572
54700,0.312,0.130,0.558
54800,0.332,0.148,0.520
54900,0.297,0.185,0.518
55000,0.286,0.190,0.524
55100,0.287,0.183,0.530
55200,0.297,0.158,0.544
55300,0.257,0.182,0.561
55400,0.226,0.172,0.602
55500,0.194,0.187,0.619
55600,0.181,0.200,0.619
55700,0.185,0.196,0.620
55800,0.175,0.207,0.618
55900,0.188,0.218,0.594
56000,0.213,0.217,0.570
56100,0.234,0.180,0.586
56200,0.252,0.182,0.566
56300,0.250,0.168,0.582
56400,0.251,0.158,0.591
56500,0.247,0.161,0.593
56600,0.231,0.168,0.601
56700,0.219,0.166,0.615
56800,0.200,0.194,0.606
56900,0.250,0.166,0.583
57000,0.254,0.171,0.575
57100,0.222,0.184,0.594
57200,0.200,0.220,0.580
57300,0.186,0.236,0.579
57400,0.179,0.252,0.569
57500,0.187,0.240,0.572
57600,0.198,0.230,0.572
57700,0.183,0.236,0.580
57800,0.177,0.248,0.575
57900,0.179,0.239,0.582
58000,0.179,0.284,0.537
58100,0.203,0.258,0.538
58200,0.199,0.244,0.557
58300,0.214,0.239,0.547
58400,0.205,0.247,0.548
58500,0.226,0.233,0.541
58600,0.225,0.220,0.555
58700,0.235,0.219,0.546
58800,0.213,0.225,0.562
58900,0.224,0.226,0.550
59000,0.213,0.226,0.561
59100,0.208,0.215,0.576
59200,0.215,0.215,0.570
59300,0.218,0.214,0.568
59400,0.199,0.203,0.598
59500,0.221,0.222,0.558
59600,0.194,0.236,0.570
59700,0.184,0.229,0.587
59800,0.187,0.241,0.572
59900,0.192,0.212,0.595
60000,0.179,0.220,0.601
60100,0.201,0.214,0.585
60200,0.171,0.236,0.593
60300,0.171,0.228,0.602
60400,0.205,0.232,0.563
60500,0.210,0.208,0.582
60600,0.227,0.189,0.584
60700,0.215,0.176,0.609
60800,0.232,0.179,0.589
60900,0.218,0.209,0.573
61000,0.228,0.221,0.552
61100,0.244,0.179,0.577
61200,0.224,0.161,0.615
61300,0.212,0.178,0.609
61400,0.219,0.204,0.577
61500,0.208,0.204,0.588
61600,0.236,0.211,0.553
61700,0.244,0.183,0.573
61800,0.242,0.185,0.573
61900,0.254,0.179,0.567
62000,0.231,0.176,0.593
62100,0.244,0.165,0.591
62200,0.234,0.176,0.590
62300,0.264,0.154,0.582
62400,0.263,0.189,0.548
62500,0.286,0.159,0.555
62600,0.237,0.173,0.590
62700,0.239,0.187,0.574
62800,0.248,0.185,0.568
62900,0.244,0.180,0.576
63000,0.226,0.193,0.581
63100,0.238,0.162,0.600
63200,0.249,0.158,0.593
63300,0.262,0.175,0.563
63400,0.214,0.178,0.608
63500,0.222,0.187,0.591
63600,0.218,0.180,0.602
63700,0.223,0.195,0.582
63800,0.228,0.200,0.573
63900,0.239,0.189,0.572
64000,0.224,0.187,0.589
64100,0.234,0.179,0.587
64200,0.247,0.186,0.567
64300,0.253,0.164,0.583
64400,0.264,0.171,0.566
64500,0.241,0.164,0.595
64600,0.217,0.172,0.611
64700,0.235,0.172,0.593
64800,0.239,0.182,0.580
64900,0.265,0.157,0.579
65000,0.244,0.186,0.569
65100,0.237,0.159,0.604
65200,0.236,0.172,0.592
65300,0.232,0.162,0.606
65400,0.251,0.151,0.597
65500,0.256,0.141,0.604
65600,0.246,0.165,0.588
65700,0.265,0.173,0.561
65800,0.237,0.212,0.551
65900,0.259,0.200,0.541
66000,0.238,0.193,0.569
66100,0.227,0.216,0.557
66200,0.225,0.192,0.584
66300,0.206,0.243,0.551
66400,0.202,0.232,0.566
66500,0.221,0.204,0.575
66600,0.219,0.187,0.594
66700,0.224,0.192,0.585
66800,0.231,0.192,0.578
66900,0.225,0.186,0.588
67000,0.244,0.196,0.560
67100,0.246,0.197,0.558
67200,0.257,0.198,0.544
67300,0.263,0.209,0.529
67400,0.267,0.215,0.518
67500,0.261,0.225,0.513
67600,0.219,0.235,0.545
67700,0.192,0.239,0.569
67800,0.194,0.218,0.588
67900,0.213,0.240,0.547
68000,0.198,0.212,0.590
68100,0.214,0.213,0.573
68200,0.208,0.217,0.575
68300,0.218,0.219,0.562
68400,0.192,0.242,0.567
68500,0.198,0.224,0.577
68600,0.193,0.219,0.587
68700,0.204,0.207,0.589
68800,0.197,0.236,0.567
68900,0.175,0.249,0.576
69000,0.192,0.219,0.588
69100,0.173,0.222,0.605
69200,0.192,0.226,0.583
69300,0.215,0.228,0.557
69400,0.247,0.226,0.526
69500,0.218,0.237,0.544
69600,0.236,0.225,0.540
69700,0.230,0.219,0.551
69800,0.203,0.254,0.544
69900,0.215,0.253,0.532
70000,0.226,0.246,0.528
70100,0.246,0.245,0.509
70200,0.240,0.246,0.515
70300,0.244,0.233,0.523
70400,0.245,0.212,0.543
70500,0.221,0.243,0.536
70600,0.219,0.246,0.535
70700,0.225,0.249,0.526
70800,0.226,0.233,0.541
70900,0.222,0.239,0.540
71000,0.194,0.253,0.554
71100,0.200,0.259,0.541
71200,0.211,0.236,0.552
71300,0.229,0.219,0.551
71400,0.219,0.200,0.581
71500,0.219,0.208,0.573
71600,0.210,0.218,0.572
71700,0.189,0.210,0.601
71800,0.185,0.214,0.602
71900,0.200,0.221,0.579
72000,0.216,0.229,0.555
72100,0.220,0.228,0.552
72200,0.185,0.245,0.570
72300,0.189,0.262,0.549
72400,0.200,0.235,0.565
72500,0.185,0.203,0.612
72600,0.204,0.201,0.595
72700,0.169,0.244,0.587
72800,0.193,0.214,0.593
72900,0.216,0.226,0.558
73000,0.211,0.202,0.587
73100,0.189,0.211,0.600
73200,0.202,0.208,0.590
73300,0.210,0.216,0.575
73400,0.185,0.243,0.573
73500,0.184,0.240,0.576
73600,0.210,0.232,0.558
73700,0.206,0.214,0.580
73800,0.190,0.215,0.595
73900,0.191,0.226,0.583
74000,0.195,0.224,0.581
74100,0.193,0.239,0.568
74200,0.186,0.274,0.541
74300,0.206,0.248,0.546
74400,0.218,0.242,0.540
74500,0.229,0.244,0.526
74600,0.226,0.231,0.544
74700,0.224,0.228,0.549
74800,0.230,0.240,0.530
74900,0.254,0.224,0.522
75000,0.254,0.243,0.503
75100,0.257,0.228,0.515
75200,0.281,0.229,0.490
75300,0.282,0.242,0.476
75400,0.263,0.256,0.481
75500,0.250,0.254,0.495
75600,0.246,0.254,0.500
75700,0.257,0.258,0.485
75800,0.243,0.260,0.497
75900,0.236,0.263,0.501
76000,0.232,0.261,0.507
76100,0.201,0.253,0.545
76200,0.212,0.246,0.542
76300,0.240,0.225,0.535
76400,0.213,0.231,0.556
76500,0.214,0.235,0.551
76600,0.203,0.249,0.548
76700,0.208,0.256,0.536
76800,0.216,0.270,0.514
76900,0.208,0.270,0.522
77000,0.197,0.275,0.527
77100,0.171,0.288,0.541
77200,0.186,0.297,0.517
77300,0.176,0.303,0.521
77400,0.165,0.297,0.538
77500,0.150,0.295,0.556
77600,0.171,0.278,0.552
77700,0.148,0.306,0.545
77800,0.140,0.314,0.546
77900,0.153,0.285,0.562
78000,0.153,0.271,0.576
78100,0.177,0.244,0.579
78200,0.192,0.231,0.578
78300,0.223,0.240,0.537
78400,0.227,0.217,0.556
78500,0.217,0.215,0.568
78600,0.193,0.231,0.577
78700,0.195,0.229,0.576
78800,0.179,0.253,0.568
78900,0.199,0.245,0.556
79000,0.213,0.274,0.513
79100,0.204,0.268,0.528
79200,0.200,0.283,0.516
79300,0.228,0.256,0.517
79400,0.229,0.263,0.508
79500,0.210,0.276,0.513
79600,0.247,0.264,0.489
79700,0.235,0.262,0.503
79800,0.214,0.279,0.508
79900,0.202,0.251,0.547
80000,0.196,0.247,0.558
80100,0.171,0.268,0.561
80200,0.200,0.234,0.566
80300,0.201,0.233,0.566
80400,0.186,0.267,0.547
80500,0.167,0.290,0.542
80600,0.173,0.276,0.551
80700,0.184,0.258,0.558
80800,0.228,0.236,0.537
80900,0.213,0.240,0.547
81000,0.244,0.214,0.541
81100,0.219,0.227,0.554
81200,0.231,0.212,0.557
81300,0.245,0.196,0.559
81400,0.255,0.207,0.538
81500,0.272,0.203,0.524
81600,0.253,0.213,0.534
81700,0.237,0.215,0.548
81800,0.253,0.204,0.544
81900,0.269,0.187,0.544
82000,0.238,0.196,0.566
82100,0.225,0.197,0.579
82200,0.234,0.201,0.565
82300,0.226,0.218,0.556
82400,0.217,0.257,0.526
82500,0.233,0.250,0.517
82600,0.236,0.236,0.528
82700,0.209,0.234,0.557
82800,0.197,0.248,0.555
82900,0.221,0.244,0.535
83000,0.243,0.204,0.552
83100,0.239,0.211,0.551
83200,0.231,0.212,0.557
83300,0.221,0.228,0.551
83400,0.210,0.239,0.552
83500,0.217,0.225,0.558
83600,0.242,0.198,0.560
83700,0.260,0.179,0.561
83800,0.315,0.162,0.523
83900,0.332,0.164,0.503
84000,0.329,0.159,0.511
84100,0.318,0.163,0.519
84200,0.296,0.186,0.517
84300,0.279,0.176,0.545
84400,0.264,0.176,0.559
84500,0.285,0.175,0.540
84600,0.272,0.208,0.519
84700,0.297,0.172,0.531
84800,0.315,0.155,0.530
84900,0.277,0.177,0.546
85000,0.281,0.180,0.540
85100,0.256,0.171,0.573
85200,0.215,0.201,0.584
85300,0.208,0.192,0.600
85400,0.220,0.211,0.569
85500,0.274,0.205,0.522
85600,0.244,0.225,0.531
85700,0.247,0.204,0.549
85800,0.254,0.190,0.556
85900,0.232,0.166,0.602
86000,0.239,0.153,0.608
86100,0.229,0.162,0.608
86200,0.234,0.163,0.603
86300,0.229,0.157,0.614
86400,0.226,0.151,0.623
86500,0.225,0.151,0.623
86600,0.258,0.150,0.591
86700,0.267,0.146,0.588
86800,0.261,0.140,0.599
86900,0.261,0.148,0.591
87000,0.277,0.177,0.546
87100,0.311,0.178,0.512
87200,0.287,0.167,0.546
87300,0.295,0.164,0.541
87400,0.305,0.157,0.538
87500,0.318,0.155,0.527
87600,0.318,0.152,0.530
87700,0.299,0.190,0.511
87800,0.277,0.170,0.553
87900,0.273,0.178,0.549
88000,0.267,0.195,0.538
88100,0.272,0.173,0.555
88200,0.250,0.185,0.565
88300,0.226,0.202,0.572
88400,0.214,0.201,0.586
88500,0.219,0.183,0.598
88600,0.240,0.166,0.593
88700,0.244,0.209,0.547
88800,0.258,0.196,0.545
88900,0.271,0.211,0.518
89000,0.236,0.219,0.545
89100,0.260,0.207,0.533
89200,0.240,0.209,0.551
89300,0.239,0.217,0.544
89400,0.241,0.224,0.535
89500,0.235,0.247,0.517
89600,0.229,0.226,0.544
89700,0.209,0.239,0.552
89800,0.198,0.236,0.566
89900,0.179,0.260,0.561
90000,0.223,0.263,0.514
90100,0.206,0.267,0.527
90200,0.257,0.236,0.507
90300,0.233,0.237,0.529
90400,0.229,0.208,0.563
90500,0.240,0.217,0.544
90600,0.240,0.228,0.531
90700,0.236,0.195,0.569
90800,0.233,0.183,0.584
90900,0.239,0.163,0.598
91000,0.246,0.198,0.556
91100,0.233,0.211,0.556
91200,0.242,0.184,0.574
91300,0.234,0.168,0.598
91400,0.248,0.169,0.583
91500,0.255,0.173,0.572
91600,0.243,0.209,0.548
91700,0.210,0.222,0.568
91800,0.200,0.214,0.586
91900,0.218,0.269,0.512
92000,0.194,0.272,0.533
92100,0.212,0.242,0.546
92200,0.203,0.232,0.565
92300,0.195,0.237,0.568
92400,0.221,0.221,0.558
92500,0.227,0.246,0.527
92600,0.235,0.235,0.530
92700,0.219,0.236,0.545
92800,0.224,0.251,0.524
92900,0.245,0.240,0.515
93000,0.218,0.273,0.509
93100,0.216,0.253,0.531
93200,0.206,0.267,0.527
93300,0.182,0.315,0.502
93400,0.176,0.335,0.489
93500,0.190,0.309,0.501
93600,0.218,0.297,0.484
93700,0.221,0.292,0.487
93800,0.198,0.296,0.506
93900,0.212,0.272,0.515
94000,0.187,0.255,0.558
94100,0.219,0.248,0.533
94200,0.229,0.248,0.523
94300,0.201,0.256,0.543
94400,0.194,0.247,0.559
94500,0.202,0.249,0.549
94600,0.189,0.243,0.568
94700,0.211,0.258,0.531
94800,0.188,0.265,0.547
94900,0.177,0.288,0.536
95000,0.190,0.291,0.519
95100,0.187,0.283,0.530
95200,0.189,0.294,0.517
95300,0.191,0.281,0.528
95400,0.211,0.241,0.548
95500,0.222,0.256,0.522
95600,0.198,0.258,0.544
95700,0.189,0.292,0.519
95800,0.197,0.286,0.517
95900,0.172,0.293,0.536
96000,0.173,0.306,0.522
96100,0.160,0.329,0.510
96200,0.148,0.344,0.508
96300,0.154,0.320,0.526
96400,0.169,0.308,0.523
96500,0.162,0.303,0.536
96600,0.175,0.306,0.519
96700,0.171,0.304,0.525
96800,0.171,0.297,0.533
96900,0.173,0.285,0.542
97000,0.175,0.284,0.541
97100,0.169,0.299,0.531
97200,0.179,0.306,0.515
97300,0.175,0.289,0.536
97400,0.185,0.290,0.525
97500,0.201,0.277,0.522
97600,0.208,0.264,0.528
97700,0.198,0.270,0.531
97800,0.193,0.257,0.551
97900,0.162,0.297,0.540
98000,0.157,0.278,0.565
98100,0.166,0.245,0.589
98200,0.203,0.250,0.547
98300,0.208,0.246,0.546
98400,0.187,0.262,0.551
98500,0.211,0.237,0.552
98600,0.205,0.241,0.554
98700,0.205,0.227,0.568
98800,0.188,0.242,0.570
98900,0.194,0.245,0.561
99000,0.217,0.250,0.533
99100,0.203,0.250,0.547
99200,0.220,0.231,0.549
99300,0.218,0.232,0.549
99400,0.222,0.231,0.547
99500,0.231,0.229,0.541
99600,0.213,0.236,0.551
99700,0.217,0.215,0.568
99800,0.224,0.207,0.569
99900,0.245,0.198,0.556
100000,0.249,0.183,0.569
