time,n_A+p,n_B,n_AB
100,0.350,0.473,0.177
200,0.296,0.438,0.266
300,0.264,0.437,0.299
400,0.236,0.399,0.365
500,0.212,0.365,0.423
600,0.192,0.342,0.466
700,0.218,0.336,0.446
800,0.204,0.296,0.500
900,0.195,0.269,0.536
1000,0.178,0.268,0.554
1100,0.158,0.272,0.570
1200,0.157,0.260,0.583
1300,0.147,0.253,0.601
1400,0.139,0.248,0.613
1500,0.145,0.243,0.612
1600,0.136,0.250,0.615
1700,0.145,0.217,0.638
1800,0.140,0.214,0.647
1900,0.147,0.208,0.645
2000,0.153,0.194,0.653
2100,0.163,0.196,0.641
2200,0.162,0.183,0.655
2300,0.144,0.198,0.658
2400,0.132,0.210,0.658
2500,0.150,0.179,0.671
2600,0.145,0.179,0.676
2700,0.145,0.182,0.673
2800,0.155,0.164,0.681
2900,0.157,0.151,0.692
3000,0.148,0.159,0.693
3100,0.143,0.149,0.708
3200,0.141,0.155,0.704
3300,0.164,0.154,0.682
3400,0.162,0.144,0.694
3500,0.140,0.143,0.717
3600,0.132,0.177,0.692
3700,0.133,0.153,0.714
3800,0.138,0.151,0.711
3900,0.143,0.143,0.715
4000,0.139,0.139,0.722
4100,0.125,0.141,0.734
4200,0.120,0.137,0.743
4300,0.111,0.143,0.746
4400,0.109,0.131,0.760
4500,0.117,0.132,0.751
4600,0.104,0.151,0.745
4700,0.105,0.160,0.735
4800,0.104,0.171,0.725
4900,0.121,0.143,0.736
5000,0.118,0.146,0.736
5100,0.127,0.154,0.718
5200,0.131,0.158,0.711
5300,0.121,0.152,0.727
5400,0.136,0.150,0.715
5500,0.139,0.140,0.721
5600,0.116,0.144,0.739
5700,0.125,0.142,0.733
5800,0.129,0.139,0.732
5900,0.115,0.141,0.743
6000,0.113,0.140,0.747
6100,0.111,0.150,0.739
6200,0.088,0.140,0.772
6300,0.114,0.142,0.744
6400,0.112,0.131,0.757
6500,0.120,0.129,0.751
6600,0.129,0.139,0.732
6700,0.129,0.133,0.739
6800,0.117,0.134,0.749
6900,0.120,0.126,0.753
7000,0.122,0.126,0.752
7100,0.123,0.120,0.756
7200,0.123,0.127,0.750
7300,0.139,0.123,0.738
7400,0.144,0.125,0.732
7500,0.163,0.118,0.719
7600,0.159,0.112,0.729
7700,0.164,0.101,0.736
7800,0.173,0.112,0.715
7900,0.173,0.093,0.735
8000,0.147,0.107,0.747
8100,0.135,0.129,0.736
8200,0.130,0.115,0.754
8300,0.135,0.104,0.761
8400,0.136,0.128,0.736
8500,0.126,0.130,0.744
8600,0.116,0.130,0.754
8700,0.125,0.125,0.750
8800,0.119,0.126,0.756
8900,0.116,0.132,0.752
9000,0.111,0.140,0.749
9100,0.100,0.141,0.758
9200,0.098,0.132,0.770
9300,0.091,0.126,0.783
9400,0.096,0.114,0.790
9500,0.087,0.112,0.801
9600,0.086,0.130,0.783
9700,0.092,0.143,0.765
9800,0.107,0.147,0.746
9900,0.090,0.140,0.771
10000,0.093,0.130,0.777
10100,0.086,0.119,0.795
10200,0.086,0.123,0.790
10300,0.077,0.158,0.765
10400,0.093,0.129,0.778
10500,0.095,0.106,0.799
10600,0.100,0.123,0.777
10700,0.090,0.113,0.797
10800,0.120,0.108,0.772
10900,0.118,0.102,0.779
11000,0.112,0.115,0.772
11100,0.114,0.115,0.772
11200,0.098,0.129,0.774
11300,0.093,0.127,0.780
11400,0.093,0.110,0.797
11500,0.097,0.108,0.795
11600,0.094,0.114,0.792
11700,0.104,0.104,0.792
11800,0.125,0.120,0.755
11900,0.112,0.098,0.790
12000,0.124,0.093,0.783
12100,0.121,0.117,0.762
12200,0.110,0.104,0.786
12300,0.105,0.100,0.795
12400,0.120,0.104,0.776
12500,0.121,0.104,0.775
12600,0.115,0.096,0.789
12700,0.122,0.100,0.779
12800,0.134,0.099,0.767
12900,0.146,0.086,0.768
13000,0.132,0.074,0.795
13100,0.126,0.095,0.779
13200,0.121,0.100,0.779
13300,0.119,0.100,0.781
13400,0.129,0.093,0.778
13500,0.171,0.087,0.742
13600,0.192,0.090,0.719
13700,0.190,0.079,0.732
13800,0.188,0.079,0.733
13900,0.162,0.083,0.755
14000,0.138,0.094,0.768
14100,0.130,0.085,0.785
14200,0.130,0.098,0.772
14300,0.123,0.105,0.772
14400,0.136,0.126,0.739
14500,0.120,0.109,0.770
14600,0.117,0.102,0.781
14700,0.104,0.106,0.790
14800,0.115,0.097,0.788
14900,0.091,0.100,0.808
15000,0.099,0.084,0.817
15100,0.102,0.079,0.818
15200,0.125,0.076,0.799
15300,0.118,0.076,0.807
15400,0.097,0.115,0.789
15500,0.097,0.136,0.767
15600,0.112,0.146,0.743
15700,0.108,0.134,0.757
15800,0.122,0.116,0.762
15900,0.119,0.106,0.775
16000,0.148,0.094,0.758
16100,0.150,0.093,0.757
16200,0.130,0.092,0.778
16300,0.147,0.089,0.764
16400,0.127,0.101,0.771
16500,0.150,0.096,0.754
16600,0.148,0.084,0.768
16700,0.133,0.083,0.784
16800,0.130,0.096,0.774
16900,0.120,0.095,0.784
17000,0.165,0.116,0.719
17100,0.155,0.098,0.747
17200,0.148,0.098,0.754
17300,0.144,0.090,0.765
17400,0.153,0.088,0.760
17500,0.133,0.122,0.746
17600,0.127,0.118,0.756
17700,0.139,0.105,0.756
17800,0.136,0.098,0.767
17900,0.127,0.107,0.766
18000,0.137,0.102,0.761
18100,0.122,0.095,0.783
18200,0.122,0.090,0.788
18300,0.119,0.091,0.790
18400,0.133,0.087,0.779
18500,0.114,0.082,0.804
18600,0.096,0.087,0.817
18700,0.114,0.091,0.795
18800,0.102,0.100,0.797
18900,0.108,0.108,0.784
19000,0.115,0.107,0.778
19100,0.109,0.120,0.770
19200,0.099,0.131,0.770
19300,0.086,0.126,0.788
19400,0.085,0.129,0.786
19500,0.095,0.111,0.793
19600,0.133,0.109,0.758
19700,0.123,0.140,0.737
19800,0.123,0.132,0.745
19900,0.120,0.143,0.737
20000,0.107,0.129,0.764
20100,0.091,0.125,0.783
20200,0.102,0.111,0.786
20300,0.096,0.112,0.792
20400,0.097,0.129,0.774
20500,0.105,0.112,0.783
20600,0.097,0.147,0.756
20700,0.082,0.140,0.778
20800,0.085,0.138,0.777
20900,0.090,0.137,0.773
21000,0.090,0.141,0.768
21100,0.103,0.151,0.746
21200,0.091,0.142,0.767
21300,0.073,0.140,0.787
21400,0.085,0.129,0.786
21500,0.097,0.114,0.790
21600,0.093,0.125,0.783
21700,0.120,0.112,0.768
21800,0.107,0.107,0.787
21900,0.108,0.122,0.770
22000,0.105,0.127,0.768
22100,0.101,0.118,0.782
22200,0.100,0.108,0.792
22300,0.109,0.107,0.783
22400,0.095,0.117,0.788
22500,0.083,0.120,0.796
22600,0.090,0.118,0.792
22700,0.082,0.116,0.802
22800,0.081,0.125,0.793
22900,0.078,0.119,0.803
23000,0.068,0.113,0.820
23100,0.078,0.106,0.816
23200,0.073,0.100,0.827
23300,0.076,0.105,0.819
23400,0.097,0.105,0.798
23500,0.100,0.091,0.809
23600,0.106,0.094,0.800
23700,0.101,0.098,0.802
23800,0.111,0.096,0.793
23900,0.093,0.113,0.794
24000,0.096,0.121,0.783
24100,0.102,0.118,0.781
24200,0.086,0.095,0.819
24300,0.083,0.086,0.832
24400,0.079,0.110,0.811
24500,0.089,0.127,0.784
24600,0.096,0.130,0.774
24700,0.085,0.120,0.795
24800,0.098,0.117,0.785
24900,0.088,0.116,0.796
25000,0.088,0.124,0.788
25100,0.088,0.122,0.790
25200,0.092,0.101,0.807
25300,0.085,0.111,0.804
25400,0.092,0.126,0.782
25500,0.083,0.119,0.797
25600,0.081,0.114,0.805
25700,0.080,0.130,0.790
25800,0.088,0.124,0.788
25900,0.077,0.112,0.811
26000,0.091,0.107,0.802
26100,0.104,0.109,0.786
26200,0.089,0.100,0.811
26300,0.087,0.103,0.810
26400,0.086,0.095,0.819
26500,0.101,0.104,0.795
26600,0.095,0.110,0.795
26700,0.112,0.126,0.762
26800,0.094,0.141,0.765
26900,0.078,0.161,0.761
27000,0.090,0.144,0.767
27100,0.077,0.131,0.792
27200,0.070,0.140,0.789
27300,0.063,0.128,0.808
27400,0.090,0.161,0.749
27500,0.076,0.155,0.768
27600,0.089,0.151,0.760
27700,0.084,0.144,0.772
27800,0.105,0.148,0.747
27900,0.108,0.149,0.743
28000,0.105,0.130,0.765
28100,0.112,0.126,0.762
28200,0.106,0.119,0.775
28300,0.098,0.109,0.793
28400,0.102,0.112,0.785
28500,0.103,0.127,0.769
28600,0.120,0.136,0.744
28700,0.101,0.153,0.747
28800,0.111,0.132,0.758
28900,0.112,0.115,0.772
29000,0.115,0.132,0.753
29100,0.089,0.121,0.790
29200,0.099,0.122,0.779
29300,0.115,0.122,0.764
29400,0.103,0.103,0.794
29500,0.112,0.130,0.758
29600,0.097,0.151,0.751
29700,0.094,0.139,0.768
29800,0.108,0.123,0.769
29900,0.109,0.124,0.767
30000,0.118,0.107,0.776
30100,0.110,0.108,0.782
30200,0.116,0.095,0.789
30300,0.115,0.105,0.780
30400,0.111,0.105,0.784
30500,0.115,0.107,0.778
30600,0.118,0.111,0.771
30700,0.102,0.127,0.771
30800,0.105,0.124,0.771
30900,0.109,0.120,0.771
31000,0.115,0.141,0.743
31100,0.119,0.144,0.737
31200,0.114,0.141,0.745
31300,0.119,0.143,0.739
31400,0.140,0.125,0.735
31500,0.126,0.120,0.754
31600,0.115,0.104,0.782
31700,0.111,0.101,0.789
31800,0.100,0.101,0.800
31900,0.127,0.094,0.778
32000,0.107,0.087,0.806
32100,0.117,0.087,0.796
32200,0.122,0.085,0.793
32300,0.106,0.100,0.795
32400,0.111,0.102,0.788
32500,0.111,0.119,0.770
32600,0.114,0.109,0.778
32700,0.146,0.125,0.730
32800,0.148,0.117,0.735
32900,0.140,0.116,0.743
33000,0.147,0.109,0.743
33100,0.145,0.129,0.726
33200,0.141,0.127,0.732
33300,0.165,0.109,0.726
33400,0.150,0.123,0.726
33500,0.167,0.137,0.696
33600,0.175,0.113,0.712
33700,0.167,0.107,0.726
33800,0.158,0.097,0.745
33900,0.162,0.091,0.746
34000,0.155,0.088,0.757
34100,0.154,0.077,0.769
34200,0.167,0.074,0.759
34300,0.150,0.063,0.787
34400,0.137,0.081,0.782
34500,0.136,0.085,0.779
34600,0.142,0.080,0.778
34700,0.144,0.091,0.765
34800,0.140,0.097,0.763
34900,0.129,0.095,0.776
35000,0.133,0.089,0.778
35100,0.127,0.091,0.782
35200,0.129,0.084,0.787
35300,0.130,0.080,0.789
35400,0.116,0.081,0.803
35500,0.125,0.081,0.795
35600,0.125,0.069,0.806
35700,0.131,0.097,0.772
35800,0.127,0.109,0.764
35900,0.111,0.113,0.776
36000,0.121,0.120,0.759
36100,0.109,0.119,0.772
36200,0.114,0.133,0.753
36300,0.100,0.135,0.765
36400,0.106,0.141,0.753
36500,0.123,0.156,0.721
36600,0.127,0.148,0.725
36700,0.114,0.178,0.708
36800,0.108,0.160,0.732
36900,0.111,0.168,0.721
37000,0.108,0.170,0.722
37100,0.099,0.172,0.729
37200,0.094,0.174,0.732
37300,0.104,0.179,0.718
37400,0.127,0.173,0.700
37500,0.141,0.151,0.707
37600,0.153,0.141,0.706
37700,0.127,0.136,0.737
37800,0.125,0.134,0.741
37900,0.126,0.118,0.756
38000,0.126,0.124,0.750
38100,0.133,0.129,0.737
38200,0.143,0.132,0.726
38300,0.127,0.150,0.722
38400,0.127,0.136,0.737
38500,0.107,0.153,0.740
38600,0.098,0.141,0.760
38700,0.105,0.132,0.764
38800,0.101,0.118,0.782
38900,0.099,0.115,0.786
39000,0.123,0.107,0.770
39100,0.127,0.112,0.761
39200,0.148,0.098,0.754
39300,0.134,0.090,0.775
39400,0.150,0.083,0.767
39500,0.158,0.098,0.743
39600,0.147,0.099,0.754
39700,0.141,0.096,0.763
39800,0.126,0.100,0.774
39900,0.119,0.082,0.799
40000,0.105,0.074,0.821
40100,0.102,0.063,0.835
40200,0.110,0.080,0.810
40300,0.106,0.081,0.813
40400,0.108,0.080,0.811
40500,0.102,0.087,0.810
40600,0.121,0.081,0.798
40700,0.111,0.076,0.814
40800,0.136,0.088,0.776
40900,0.143,0.085,0.772
41000,0.140,0.086,0.775
41100,0.135,0.085,0.780
41200,0.134,0.073,0.792
41300,0.126,0.083,0.791
41400,0.107,0.079,0.815
41500,0.104,0.071,0.825
41600,0.094,0.075,0.832
41700,0.100,0.095,0.805
41800,0.098,0.097,0.805
41900,0.096,0.111,0.793
42000,0.095,0.107,0.798
42100,0.111,0.120,0.768
42200,0.112,0.125,0.763
42300,0.120,0.107,0.772
42400,0.115,0.112,0.773
42500,0.104,0.115,0.782
42600,0.097,0.136,0.767
42700,0.088,0.158,0.754
42800,0.117,0.139,0.744
42900,0.115,0.119,0.766
43000,0.108,0.134,0.758
43100,0.113,0.134,0.753
43200,0.116,0.130,0.753
43300,0.115,0.112,0.772
43400,0.107,0.090,0.803
43500,0.125,0.084,0.791
43600,0.119,0.083,0.798
43700,0.127,0.079,0.794
43800,0.126,0.082,0.792
43900,0.127,0.085,0.788
44000,0.138,0.072,0.790
44100,0.137,0.072,0.790
44200,0.138,0.077,0.785
44300,0.123,0.093,0.785
44400,0.120,0.077,0.802
44500,0.122,0.072,0.806
44600,0.138,0.069,0.793
44700,0.132,0.074,0.795
44800,0.126,0.096,0.778
44900,0.113,0.084,0.803
45000,0.114,0.093,0.793
45100,0.105,0.091,0.804
45200,0.100,0.094,0.806
45300,0.105,0.076,0.819
45400,0.107,0.079,0.814
45500,0.110,0.093,0.797
45600,0.119,0.100,0.781
45700,0.117,0.094,0.789
45800,0.123,0.089,0.788
45900,0.117,0.095,0.788
46000,0.139,0.079,0.783
46100,0.146,0.073,0.781
46200,0.137,0.105,0.758
46300,0.139,0.127,0.734
46400,0.138,0.108,0.754
46500,0.135,0.096,0.769
46600,0.141,0.088,0.771
46700,0.156,0.092,0.752
46800,0.148,0.122,0.731
46900,0.126,0.122,0.753
47000,0.111,0.105,0.784
47100,0.136,0.114,0.750
47200,0.130,0.126,0.744
47300,0.119,0.127,0.754
47400,0.116,0.118,0.765
47500,0.109,0.120,0.771
47600,0.098,0.109,0.793
47700,0.150,0.099,0.751
47800,0.152,0.104,0.744
47900,0.136,0.091,0.774
48000,0.133,0.101,0.765
48100,0.127,0.104,0.769
48200,0.143,0.108,0.749
48300,0.116,0.111,0.772
48400,0.108,0.099,0.793
48500,0.095,0.112,0.792
48600,0.096,0.103,0.801
48700,0.098,0.102,0.800
48800,0.109,0.100,0.791
48900,0.113,0.102,0.785
49000,0.097,0.097,0.806
49100,0.098,0.095,0.807
49200,0.117,0.103,0.780
49300,0.115,0.107,0.778
49400,0.116,0.099,0.785
49500,0.127,0.112,0.761
49600,0.133,0.091,0.776
49700,0.127,0.075,0.799
49800,0.112,0.083,0.804
49900,0.138,0.079,0.783
50000,0.109,0.090,0.801
50100,0.110,0.094,0.796
50200,0.127,0.080,0.793
50300,0.117,0.078,0.805
50400,0.126,0.079,0.795
50500,0.121,0.073,0.806
50600,0.116,0.086,0.798
50700,0.124,0.083,0.793
50800,0.134,0.101,0.765
50900,0.132,0.100,0.768
51000,0.119,0.097,0.783
51100,0.113,0.117,0.770
51200,0.115,0.104,0.781
51300,0.098,0.125,0.777
51400,0.108,0.118,0.774
51500,0.120,0.119,0.761
51600,0.109,0.105,0.785
51700,0.125,0.116,0.759
51800,0.125,0.137,0.739
51900,0.137,0.116,0.747
52000,0.129,0.111,0.761
52100,0.137,0.112,0.751
52200,0.125,0.130,0.745
52300,0.111,0.123,0.766
52400,0.102,0.096,0.802
52500,0.090,0.101,0.809
52600,0.100,0.105,0.795
52700,0.118,0.095,0.788
52800,0.122,0.091,0.788
52900,0.110,0.078,0.812
53000,0.086,0.111,0.803
53100,0.087,0.114,0.799
53200,0.101,0.116,0.783
53300,0.100,0.101,0.799
53400,0.094,0.115,0.790
53500,0.092,0.134,0.774
53600,0.099,0.164,0.737
53700,0.095,0.147,0.758
53800,0.092,0.141,0.767
53900,0.090,0.143,0.768
54000,0.082,0.132,0.786
54100,0.091,0.120,0.788
54200,0.104,0.108,0.788
54300,0.101,0.112,0.787
54400,0.093,0.098,0.808
54500,0.116,0.110,0.774
54600,0.119,0.113,0.768
54700,0.119,0.116,0.765
54800,0.125,0.104,0.771
54900,0.109,0.097,0.794
55000,0.098,0.109,0.792
55100,0.086,0.125,0.789
55200,0.092,0.119,0.789
55300,0.084,0.103,0.813
55400,0.080,0.108,0.812
55500,0.076,0.108,0.816
55600,0.074,0.101,0.825
55700,0.071,0.098,0.831
55800,0.084,0.107,0.808
55900,0.098,0.109,0.792
56000,0.108,0.108,0.783
56100,0.093,0.114,0.793
56200,0.080,0.114,0.807
56300,0.098,0.130,0.772
56400,0.088,0.140,0.772
56500,0.097,0.119,0.784
56600,0.085,0.113,0.802
56700,0.073,0.117,0.810
56800,0.085,0.103,0.812
56900,0.092,0.101,0.807
57000,0.081,0.119,0.800
57100,0.077,0.122,0.802
57200,0.079,0.131,0.790
57300,0.098,0.113,0.789
57400,0.105,0.121,0.774
57500,0.089,0.127,0.783
57600,0.102,0.117,0.781
57700,0.120,0.107,0.772
57800,0.130,0.106,0.764
57900,0.129,0.111,0.761
58000,0.115,0.118,0.768
58100,0.104,0.112,0.783
58200,0.097,0.114,0.789
58300,0.107,0.138,0.755
58400,0.105,0.118,0.777
58500,0.102,0.123,0.775
58600,0.086,0.131,0.783
58700,0.085,0.126,0.789
58800,0.102,0.118,0.781
58900,0.098,0.103,0.799
59000,0.081,0.091,0.827
59100,0.088,0.115,0.797
59200,0.081,0.118,0.801
59300,0.092,0.110,0.798
59400,0.103,0.107,0.790
59500,0.099,0.107,0.795
59600,0.098,0.091,0.811
59700,0.108,0.079,0.813
59800,0.104,0.091,0.805
59900,0.099,0.102,0.799
60000,0.086,0.094,0.820
60100,0.081,0.094,0.825
60200,0.088,0.092,0.820
60300,0.073,0.123,0.804
60400,0.085,0.116,0.799
60500,0.083,0.134,0.783
60600,0.091,0.129,0.780
60700,0.090,0.123,0.788
60800,0.095,0.157,0.749
60900,0.107,0.161,0.732
61000,0.098,0.146,0.757
61100,0.102,0.127,0.771
61200,0.098,0.128,0.774
61300,0.119,0.120,0.760
61400,0.132,0.115,0.753
61500,0.144,0.127,0.728
61600,0.138,0.123,0.739
61700,0.143,0.115,0.743
61800,0.134,0.137,0.729
61900,0.132,0.127,0.741
62000,0.169,0.105,0.726
62100,0.178,0.080,0.742
62200,0.172,0.083,0.745
62300,0.180,0.076,0.744
62400,0.173,0.107,0.720
62500,0.180,0.097,0.723
62600,0.164,0.115,0.721
62700,0.144,0.132,0.724
62800,0.141,0.111,0.748
62900,0.134,0.105,0.760
63000,0.136,0.121,0.743
63100,0.150,0.120,0.730
63200,0.150,0.107,0.743
63300,0.134,0.104,0.761
63400,0.130,0.088,0.782
63500,0.117,0.102,0.781
63600,0.112,0.119,0.768
63700,0.108,0.115,0.778
63800,0.099,0.107,0.795
63900,0.142,0.097,0.761
64000,0.153,0.095,0.752
64100,0.150,0.107,0.743
64200,0.140,0.104,0.756
64300,0.120,0.094,0.786
64400,0.119,0.093,0.788
64500,0.136,0.083,0.781
64600,0.116,0.086,0.798
64700,0.107,0.120,0.772
64800,0.108,0.126,0.767
64900,0.107,0.118,0.775
65000,0.091,0.103,0.806
65100,0.109,0.108,0.782
65200,0.120,0.096,0.783
65300,0.139,0.092,0.769
65400,0.108,0.104,0.788
65500,0.113,0.126,0.761
65600,0.122,0.115,0.763
65700,0.134,0.103,0.763
65800,0.144,0.094,0.762
65900,0.143,0.091,0.767
66000,0.163,0.086,0.751
66100,0.148,0.097,0.756
66200,0.132,0.092,0.776
66300,0.146,0.090,0.764
66400,0.137,0.103,0.760
66500,0.136,0.094,0.769
66600,0.121,0.119,0.760
66700,0.115,0.120,0.765
66800,0.127,0.103,0.769
66900,0.122,0.084,0.793
67000,0.120,0.100,0.780
67100,0.147,0.078,0.775
67200,0.137,0.082,0.781
67300,0.116,0.073,0.811
67400,0.145,0.080,0.775
67500,0.132,0.090,0.778
67600,0.159,0.095,0.746
67700,0.158,0.121,0.721
67800,0.139,0.093,0.768
67900,0.122,0.091,0.787
68000,0.136,0.072,0.792
68100,0.147,0.065,0.788
68200,0.148,0.091,0.760
68300,0.147,0.097,0.756
68400,0.156,0.101,0.743
68500,0.164,0.110,0.726
68600,0.127,0.130,0.743
68700,0.122,0.123,0.755
68800,0.109,0.108,0.783
68900,0.118,0.098,0.784
69000,0.111,0.106,0.783
69100,0.105,0.098,0.796
69200,0.114,0.090,0.797
69300,0.107,0.095,0.799
69400,0.108,0.088,0.804
69500,0.109,0.089,0.802
69600,0.094,0.087,0.818
69700,0.115,0.076,0.809
69800,0.105,0.093,0.802
69900,0.093,0.112,0.795
70000,0.097,0.089,0.814
70100,0.087,0.093,0.820
70200,0.091,0.103,0.806
70300,0.088,0.116,0.796
70400,0.087,0.124,0.789
70500,0.088,0.131,0.781
70600,0.087,0.127,0.786
70700,0.079,0.114,0.807
70800,0.085,0.114,0.802
70900,0.118,0.114,0.768
71000,0.129,0.119,0.753
71100,0.126,0.109,0.765
71200,0.115,0.108,0.776
71300,0.123,0.092,0.785
71400,0.129,0.093,0.779
71500,0.125,0.087,0.788
71600,0.122,0.097,0.781
71700,0.126,0.100,0.774
71800,0.109,0.084,0.807
71900,0.123,0.085,0.792
72000,0.113,0.077,0.810
72100,0.093,0.079,0.828
72200,0.085,0.100,0.815
72300,0.081,0.103,0.816
72400,0.081,0.097,0.822
72500,0.075,0.080,0.846
72600,0.078,0.097,0.825
72700,0.073,0.090,0.837
72800,0.067,0.089,0.844
72900,0.077,0.102,0.821
73000,0.111,0.086,0.803
73100,0.100,0.099,0.802
73200,0.091,0.095,0.813
73300,0.108,0.093,0.800
73400,0.106,0.073,0.821
73500,0.091,0.081,0.827
73600,0.083,0.096,0.821
73700,0.096,0.101,0.803
73800,0.100,0.090,0.810
73900,0.090,0.093,0.818
74000,0.086,0.081,0.832
74100,0.084,0.069,0.847
74200,0.076,0.084,0.840
74300,0.088,0.068,0.843
74400,0.122,0.067,0.811
74500,0.129,0.071,0.800
74600,0.122,0.087,0.791
74700,0.108,0.095,0.797
74800,0.094,0.122,0.783
74900,0.088,0.120,0.792
75000,0.093,0.102,0.805
75100,0.091,0.104,0.805
75200,0.097,0.101,0.803
75300,0.082,0.092,0.826
75400,0.070,0.104,0.826
75500,0.084,0.103,0.813
75600,0.103,0.110,0.787
75700,0.100,0.104,0.796
75800,0.112,0.105,0.783
75900,0.110,0.093,0.797
76000,0.118,0.080,0.802
76100,0.120,0.090,0.790
76200,0.098,0.100,0.803
76300,0.110,0.129,0.761
76400,0.106,0.129,0.765
76500,0.105,0.129,0.766
76600,0.095,0.123,0.782
76700,0.101,0.118,0.781
76800,0.085,0.117,0.798
76900,0.083,0.114,0.803
77000,0.083,0.143,0.774
77100,0.075,0.139,0.786
77200,0.100,0.133,0.768
77300,0.091,0.151,0.758
77400,0.101,0.138,0.761
77500,0.095,0.125,0.780
77600,0.088,0.120,0.792
77700,0.083,0.108,0.809
77800,0.083,0.110,0.807
77900,0.097,0.104,0.799
78000,0.093,0.090,0.817
78100,0.096,0.098,0.806
78200,0.111,0.095,0.793
78300,0.112,0.105,0.783
78400,0.108,0.105,0.787
78500,0.091,0.098,0.810
78600,0.089,0.109,0.802
78700,0.097,0.100,0.803
78800,0.105,0.105,0.790
78900,0.107,0.094,0.799
79000,0.111,0.112,0.777
79100,0.112,0.114,0.774
79200,0.102,0.110,0.788
79300,0.097,0.123,0.781
79400,0.104,0.099,0.797
79500,0.105,0.104,0.791
79600,0.097,0.117,0.786
79700,0.089,0.115,0.796
79800,0.082,0.116,0.802
79900,0.084,0.100,0.815
80000,0.075,0.107,0.818
80100,0.079,0.108,0.813
80200,0.079,0.109,0.813
80300,0.095,0.087,0.818
80400,0.090,0.091,0.819
80500,0.082,0.087,0.831
80600,0.093,0.104,0.803
80700,0.101,0.112,0.786
80800,0.122,0.096,0.782
80900,0.130,0.090,0.780
81000,0.107,0.088,0.806
81100,0.102,0.102,0.795
81200,0.092,0.105,0.803
81300,0.085,0.118,0.797
81400,0.099,0.105,0.796
81500,0.113,0.097,0.790
81600,0.096,0.090,0.814
81700,0.102,0.107,0.790
81800,0.101,0.102,0.797
81900,0.122,0.090,0.788
82000,0.121,0.076,0.803
82100,0.127,0.070,0.802
82200,0.144,0.069,0.786
82300,0.132,0.080,0.788
82400,0.108,0.098,0.794
82500,0.102,0.096,0.802
82600,0.114,0.102,0.784
82700,0.100,0.091,0.809
82800,0.107,0.106,0.788
82900,0.108,0.129,0.763
83000,0.115,0.129,0.757
83100,0.101,0.139,0.760
83200,0.120,0.115,0.764
83300,0.120,0.120,0.760
83400,0.103,0.119,0.778
83500,0.109,0.111,0.780
83600,0.093,0.097,0.810
83700,0.083,0.101,0.817
83800,0.081,0.100,0.820
83900,0.091,0.092,0.817
84000,0.091,0.111,0.798
84100,0.095,0.117,0.788
84200,0.092,0.130,0.778
84300,0.129,0.126,0.744
84400,0.121,0.126,0.753
84500,0.113,0.122,0.765
84600,0.113,0.126,0.761
84700,0.107,0.132,0.761
84800,0.123,0.139,0.739
84900,0.111,0.132,0.757
85000,0.097,0.137,0.766
85100,0.088,0.145,0.767
85200,0.092,0.112,0.796
85300,0.115,0.104,0.782
85400,0.111,0.112,0.777
85500,0.122,0.087,0.792
85600,0.093,0.107,0.800
85700,0.108,0.111,0.781
85800,0.124,0.111,0.765
85900,0.106,0.112,0.782
86000,0.119,0.111,0.770
86100,0.118,0.103,0.779
86200,0.103,0.105,0.792
86300,0.104,0.100,0.797
86400,0.104,0.112,0.784
86500,0.098,0.141,0.760
86600,0.090,0.133,0.778
86700,0.080,0.111,0.810
86800,0.087,0.114,0.800
86900,0.073,0.105,0.821
87000,0.081,0.113,0.806
87100,0.069,0.135,0.796
87200,0.068,0.129,0.804
87300,0.069,0.120,0.811
87400,0.075,0.122,0.803
87500,0.070,0.112,0.818
87600,0.078,0.114,0.808
87700,0.076,0.112,0.813
87800,0.085,0.104,0.811
87900,0.073,0.104,0.823
88000,0.068,0.105,0.827
88100,0.086,0.088,0.826
88200,0.084,0.104,0.812
88300,0.090,0.096,0.814
88400,0.107,0.102,0.791
88500,0.102,0.111,0.787
88600,0.112,0.091,0.797
88700,0.101,0.073,0.827
88800,0.102,0.069,0.829
88900,0.112,0.069,0.818
89000,0.114,0.075,0.811
89100,0.113,0.066,0.821
89200,0.107,0.063,0.831
89300,0.112,0.063,0.825
89400,0.091,0.070,0.839
89500,0.095,0.067,0.838
89600,0.100,0.064,0.836
89700,0.108,0.093,0.799
89800,0.122,0.091,0.787
89900,0.115,0.102,0.783
90000,0.103,0.109,0.788
90100,0.119,0.091,0.789
90200,0.124,0.095,0.781
90300,0.115,0.093,0.792
90400,0.104,0.079,0.817
90500,0.113,0.087,0.800
90600,0.120,0.085,0.795
90700,0.122,0.091,0.787
90800,0.100,0.115,0.785
90900,0.097,0.116,0.788
91000,0.095,0.120,0.785
91100,0.093,0.121,0.786
91200,0.095,0.135,0.769
91300,0.091,0.130,0.778
91400,0.105,0.125,0.770
91500,0.102,0.126,0.772
91600,0.101,0.150,0.749
91700,0.103,0.128,0.769
91800,0.108,0.108,0.784
91900,0.103,0.108,0.789
92000,0.106,0.108,0.786
92100,0.102,0.108,0.790
92200,0.101,0.106,0.793
92300,0.103,0.126,0.771
92400,0.095,0.115,0.790
92500,0.111,0.121,0.768
92600,0.095,0.109,0.795
92700,0.090,0.101,0.809
92800,0.101,0.102,0.797
92900,0.096,0.095,0.808
93000,0.101,0.102,0.797
93100,0.139,0.104,0.757
93200,0.114,0.094,0.793
93300,0.116,0.086,0.797
93400,0.124,0.081,0.795
93500,0.132,0.084,0.784
93600,0.115,0.075,0.810
93700,0.116,0.064,0.820
93800,0.114,0.065,0.821
93900,0.101,0.073,0.826
94000,0.091,0.072,0.837
94100,0.091,0.068,0.841
94200,0.101,0.080,0.819
94300,0.093,0.090,0.817
94400,0.077,0.086,0.838
94500,0.090,0.083,0.827
94600,0.095,0.081,0.824
94700,0.108,0.109,0.783
94800,0.102,0.109,0.789
94900,0.103,0.096,0.801
95000,0.124,0.105,0.771
95100,0.106,0.094,0.800
95200,0.121,0.094,0.785
95300,0.148,0.085,0.767
95400,0.129,0.098,0.772
95500,0.104,0.092,0.804
95600,0.102,0.093,0.804
95700,0.091,0.091,0.818
95800,0.086,0.105,0.809
95900,0.094,0.097,0.808
96000,0.113,0.092,0.795
96100,0.098,0.098,0.804
96200,0.096,0.107,0.797
96300,0.088,0.109,0.803
96400,0.084,0.106,0.810
96500,0.098,0.111,0.792
96600,0.098,0.116,0.786
96700,0.128,0.114,0.758
96800,0.111,0.113,0.776
96900,0.146,0.116,0.739
97000,0.119,0.094,0.787
97100,0.125,0.081,0.794
97200,0.130,0.090,0.781
97300,0.123,0.108,0.769
97400,0.118,0.108,0.774
97500,0.116,0.118,0.767
97600,0.094,0.129,0.776
97700,0.084,0.157,0.759
97800,0.066,0.161,0.772
97900,0.111,0.126,0.763
98000,0.115,0.116,0.769
98100,0.123,0.130,0.747
98200,0.116,0.158,0.726
98300,0.098,0.152,0.750
98400,0.097,0.139,0.764
98500,0.094,0.127,0.778
98600,0.095,0.137,0.768
98700,0.083,0.133,0.784
98800,0.090,0.125,0.785
98900,0.086,0.116,0.797
99000,0.100,0.111,0.789
99100,0.112,0.112,0.776
99200,0.109,0.115,0.775
99300,0.116,0.109,0.775
99400,0.101,0.109,0.790
99500,0.112,0.096,0.792
99600,0.125,0.129,0.746
99700,0.115,0.120,0.765
99800,0.105,0.112,0.783
99900,0.108,0.110,0.782
100000,0.112,0.093,0.796
