time,n_A+p,n_B,n_AB
500,0.010,0.971,0.019
1000,0.010,0.943,0.047
1500,0.010,0.925,0.065
2000,0.010,0.914,0.076
2500,0.010,0.883,0.107
3000,0.010,0.830,0.160
3500,0.010,0.896,0.094
4000,0.010,0.916,0.074
4500,0.010,0.914,0.076
5000,0.010,0.913,0.077
5500,0.010,0.938,0.052
6000,0.010,0.948,0.042
6500,0.010,0.950,0.040
7000,0.010,0.938,0.052
7500,0.010,0.899,0.091
8000,0.010,0.902,0.088
8500,0.010,0.850,0.140
9000,0.010,0.825,0.165
9500,0.010,0.882,0.108
10000,0.010,0.875,0.115
10500,0.010,0.847,0.143
11000,0.010,0.852,0.138
11500,0.010,0.838,0.152
12000,0.010,0.897,0.093
12500,0.010,0.918,0.072
13000,0.010,0.890,0.100
13500,0.010,0.898,0.092
14000,0.010,0.917,0.073
14500,0.010,0.919,0.071
15000,0.010,0.934,0.055
15500,0.010,0.902,0.088
16000,0.010,0.921,0.069
16500,0.010,0.896,0.094
17000,0.010,0.909,0.081
17500,0.010,0.915,0.075
18000,0.010,0.871,0.119
18500,0.010,0.837,0.153
19000,0.010,0.877,0.113
19500,0.010,0.867,0.123
20000,0.010,0.851,0.139
20500,0.010,0.852,0.138
21000,0.010,0.843,0.147
21500,0.010,0.849,0.141
22000,0.010,0.926,0.064
22500,0.010,0.922,0.068
23000,0.010,0.914,0.076
23500,0.010,0.927,0.062
24000,0.010,0.907,0.083
24500,0.010,0.914,0.076
25000,0.010,0.906,0.084
25500,0.010,0.859,0.131
26000,0.010,0.816,0.174
26500,0.010,0.872,0.118
27000,0.010,0.916,0.074
27500,0.010,0.910,0.080
28000,0.010,0.932,0.058
28500,0.010,0.903,0.087
29000,0.010,0.896,0.094
29500,0.010,0.913,0.077
30000,0.010,0.898,0.092
30500,0.010,0.849,0.141
31000,0.010,0.884,0.106
31500,0.010,0.905,0.085
32000,0.010,0.931,0.059
32500,0.010,0.925,0.065
33000,0.010,0.940,0.050
33500,0.010,0.936,0.054
34000,0.010,0.900,0.090
34500,0.010,0.838,0.152
35000,0.010,0.806,0.183
35500,0.010,0.849,0.141
36000,0.010,0.865,0.125
36500,0.010,0.888,0.102
37000,0.010,0.916,0.074
37500,0.010,0.864,0.126
38000,0.010,0.878,0.112
38500,0.010,0.857,0.133
39000,0.010,0.810,0.179
39500,0.010,0.906,0.084
40000,0.010,0.844,0.146
40500,0.010,0.849,0.141
41000,0.010,0.917,0.073
41500,0.010,0.929,0.061
42000,0.010,0.893,0.097
42500,0.010,0.880,0.110
43000,0.010,0.882,0.108
43500,0.010,0.845,0.145
44000,0.010,0.844,0.146
44500,0.010,0.814,0.176
45000,0.010,0.847,0.143
45500,0.010,0.847,0.143
46000,0.010,0.890,0.100
46500,0.010,0.873,0.117
47000,0.010,0.901,0.089
47500,0.010,0.885,0.105
48000,0.010,0.902,0.088
48500,0.010,0.898,0.092
49000,0.010,0.897,0.093
49500,0.010,0.866,0.124
50000,0.010,0.902,0.088
50500,0.010,0.863,0.127
51000,0.010,0.897,0.093
51500,0.010,0.859,0.131
52000,0.010,0.926,0.064
52500,0.010,0.918,0.072
53000,0.010,0.904,0.086
53500,0.010,0.891,0.099
54000,0.010,0.922,0.068
54500,0.010,0.932,0.058
55000,0.010,0.874,0.116
55500,0.010,0.873,0.117
56000,0.010,0.866,0.124
56500,0.010,0.864,0.126
57000,0.010,0.872,0.118
57500,0.010,0.872,0.118
58000,0.010,0.852,0.138
58500,0.010,0.817,0.173
59000,0.010,0.819,0.171
59500,0.010,0.866,0.124
60000,0.010,0.851,0.139
60500,0.010,0.882,0.108
61000,0.010,0.854,0.136
61500,0.010,0.864,0.126
62000,0.010,0.881,0.109
62500,0.010,0.861,0.129
63000,0.010,0.868,0.122
63500,0.010,0.909,0.081
64000,0.010,0.917,0.073
64500,0.010,0.929,0.060
65000,0.010,0.907,0.083
65500,0.010,0.911,0.079
66000,0.010,0.910,0.080
66500,0.010,0.902,0.088
67000,0.010,0.880,0.110
67500,0.010,0.846,0.144
68000,0.010,0.870,0.120
68500,0.010,0.881,0.109
69000,0.010,0.859,0.131
69500,0.010,0.883,0.107
70000,0.010,0.905,0.085
70500,0.010,0.880,0.110
71000,0.010,0.897,0.093
71500,0.010,0.829,0.161
72000,0.010,0.807,0.182
72500,0.010,0.802,0.188
73000,0.010,0.844,0.146
73500,0.010,0.864,0.126
74000,0.010,0.898,0.092
74500,0.010,0.907,0.083
75000,0.010,0.892,0.098
75500,0.010,0.859,0.131
76000,0.010,0.864,0.126
76500,0.010,0.831,0.159
77000,0.010,0.888,0.102
77500,0.010,0.853,0.137
78000,0.010,0.853,0.137
78500,0.010,0.853,0.137
79000,0.010,0.838,0.152
79500,0.010,0.808,0.181
80000,0.010,0.857,0.133
80500,0.010,0.893,0.097
81000,0.010,0.860,0.130
81500,0.010,0.829,0.161
82000,0.010,0.878,0.112
82500,0.010,0.934,0.056
83000,0.010,0.844,0.146
83500,0.010,0.885,0.105
84000,0.010,0.877,0.113
84500,0.010,0.890,0.100
85000,0.010,0.885,0.105
85500,0.010,0.855,0.135
86000,0.010,0.878,0.112
86500,0.010,0.880,0.110
87000,0.010,0.870,0.120
87500,0.010,0.820,0.170
88000,0.010,0.856,0.134
88500,0.010,0.855,0.135
89000,0.010,0.881,0.109
89500,0.010,0.919,0.071
90000,0.010,0.849,0.141
90500,0.010,0.828,0.162
91000,0.010,0.866,0.124
91500,0.010,0.809,0.180
92000,0.010,0.866,0.124
92500,0.010,0.895,0.095
93000,0.010,0.887,0.103
93500,0.010,0.911,0.079
94000,0.010,0.914,0.076
94500,0.010,0.945,0.045
95000,0.010,0.937,0.053
95500,0.010,0.951,0.039
96000,0.010,0.927,0.062
96500,0.010,0.894,0.096
97000,0.010,0.909,0.081
97500,0.010,0.906,0.084
98000,0.010,0.918,0.072
98500,0.010,0.883,0.107
99000,0.010,0.928,0.062
99500,0.010,0.923,0.067
100000,0.010,0.888,0.102
100500,0.010,0.763,0.227
101000,0.010,0.790,0.200
101500,0.010,0.844,0.146
102000,0.010,0.837,0.153
102500,0.010,0.889,0.101
103000,0.010,0.913,0.077
103500,0.010,0.832,0.158
104000,0.010,0.870,0.120
104500,0.010,0.787,0.203
105000,0.010,0.765,0.225
105500,0.010,0.797,0.193
106000,0.010,0.764,0.226
106500,0.010,0.772,0.218
107000,0.010,0.787,0.203
107500,0.010,0.844,0.146
108000,0.010,0.853,0.137
108500,0.010,0.903,0.087
109000,0.010,0.921,0.069
109500,0.010,0.954,0.036
110000,0.010,0.908,0.082
110500,0.010,0.928,0.062
111000,0.010,0.940,0.050
111500,0.010,0.900,0.090
112000,0.010,0.887,0.103
112500,0.010,0.903,0.087
113000,0.010,0.838,0.152
113500,0.010,0.796,0.194
114000,0.010,0.741,0.249
114500,0.010,0.803,0.186
115000,0.010,0.840,0.150
115500,0.010,0.839,0.151
116000,0.010,0.858,0.132
116500,0.010,0.882,0.108
117000,0.010,0.867,0.123
117500,0.010,0.840,0.150
118000,0.010,0.911,0.079
118500,0.010,0.936,0.053
119000,0.010,0.889,0.101
119500,0.010,0.872,0.118
120000,0.010,0.880,0.110
120500,0.010,0.912,0.078
121000,0.010,0.896,0.094
121500,0.010,0.907,0.083
122000,0.010,0.929,0.061
122500,0.010,0.953,0.037
123000,0.010,0.949,0.041
123500,0.010,0.976,0.014
124000,0.010,0.968,0.022
124500,0.010,0.948,0.042
125000,0.010,0.935,0.055
125500,0.010,0.887,0.103
126000,0.010,0.878,0.112
126500,0.010,0.833,0.157
127000,0.010,0.875,0.115
127500,0.010,0.877,0.113
128000,0.010,0.911,0.079
128500,0.010,0.923,0.067
129000,0.010,0.882,0.108
129500,0.010,0.881,0.109
130000,0.010,0.890,0.100
130500,0.010,0.881,0.109
131000,0.010,0.880,0.110
131500,0.010,0.848,0.142
132000,0.010,0.888,0.102
132500,0.010,0.847,0.143
133000,0.010,0.851,0.139
133500,0.010,0.857,0.133
134000,0.010,0.894,0.096
134500,0.010,0.890,0.100
135000,0.010,0.892,0.098
135500,0.010,0.922,0.068
136000,0.010,0.887,0.103
136500,0.010,0.869,0.121
137000,0.010,0.882,0.108
137500,0.010,0.928,0.062
138000,0.010,0.930,0.060
138500,0.010,0.890,0.100
139000,0.010,0.828,0.162
139500,0.010,0.835,0.155
140000,0.010,0.801,0.189
140500,0.010,0.870,0.120
141000,0.010,0.909,0.081
141500,0.010,0.851,0.139
142000,0.010,0.910,0.080
142500,0.010,0.898,0.092
143000,0.010,0.912,0.078
143500,0.010,0.903,0.087
144000,0.010,0.921,0.069
144500,0.010,0.866,0.124
145000,0.010,0.881,0.109
145500,0.010,0.897,0.093
146000,0.010,0.904,0.086
146500,0.010,0.869,0.121
147000,0.010,0.850,0.140
147500,0.010,0.830,0.160
148000,0.010,0.830,0.160
148500,0.010,0.895,0.095
149000,0.010,0.903,0.087
149500,0.010,0.891,0.099
150000,0.010,0.917,0.073
150500,0.010,0.897,0.093
151000,0.010,0.859,0.131
151500,0.010,0.890,0.100
152000,0.010,0.891,0.099
152500,0.010,0.855,0.135
153000,0.010,0.799,0.191
153500,0.010,0.903,0.087
154000,0.010,0.924,0.066
154500,0.010,0.918,0.072
155000,0.010,0.878,0.112
155500,0.010,0.841,0.149
156000,0.010,0.856,0.134
156500,0.010,0.894,0.096
157000,0.010,0.898,0.092
157500,0.010,0.822,0.168
158000,0.010,0.811,0.178
158500,0.010,0.828,0.162
159000,0.010,0.881,0.109
159500,0.010,0.899,0.091
160000,0.010,0.908,0.082
160500,0.010,0.934,0.055
161000,0.010,0.929,0.060
161500,0.010,0.931,0.058
162000,0.010,0.913,0.077
162500,0.010,0.943,0.047
163000,0.010,0.896,0.094
163500,0.010,0.918,0.072
164000,0.010,0.944,0.046
164500,0.010,0.961,0.029
165000,0.010,0.919,0.071
165500,0.010,0.897,0.093
166000,0.010,0.893,0.097
166500,0.010,0.922,0.068
167000,0.010,0.960,0.030
167500,0.010,0.932,0.057
168000,0.010,0.897,0.093
168500,0.010,0.896,0.094
169000,0.010,0.927,0.062
169500,0.010,0.904,0.086
170000,0.010,0.901,0.089
170500,0.010,0.840,0.150
171000,0.010,0.754,0.236
171500,0.010,0.803,0.187
172000,0.010,0.855,0.135
172500,0.010,0.861,0.129
173000,0.010,0.849,0.141
173500,0.010,0.853,0.137
174000,0.010,0.861,0.129
174500,0.010,0.844,0.146
175000,0.010,0.816,0.174
175500,0.010,0.825,0.165
176000,0.010,0.846,0.144
176500,0.010,0.840,0.150
177000,0.010,0.881,0.109
177500,0.010,0.882,0.108
178000,0.010,0.913,0.077
178500,0.010,0.955,0.035
179000,0.010,0.931,0.058
179500,0.010,0.933,0.057
180000,0.010,0.925,0.065
180500,0.010,0.882,0.108
181000,0.010,0.865,0.125
181500,0.010,0.884,0.106
182000,0.010,0.881,0.109
182500,0.010,0.876,0.114
183000,0.010,0.828,0.162
183500,0.010,0.845,0.145
184000,0.010,0.850,0.140
184500,0.010,0.890,0.100
185000,0.010,0.915,0.075
185500,0.010,0.883,0.107
186000,0.010,0.888,0.102
186500,0.010,0.886,0.104
187000,0.010,0.889,0.101
187500,0.010,0.920,0.070
188000,0.010,0.911,0.079
188500,0.010,0.875,0.115
189000,0.010,0.904,0.086
189500,0.010,0.924,0.066
190000,0.010,0.900,0.090
190500,0.010,0.926,0.064
191000,0.010,0.887,0.103
191500,0.010,0.881,0.109
192000,0.010,0.889,0.101
192500,0.010,0.845,0.145
193000,0.010,0.898,0.092
193500,0.010,0.854,0.136
194000,0.010,0.842,0.148
194500,0.010,0.905,0.085
195000,0.010,0.864,0.126
195500,0.010,0.897,0.093
196000,0.010,0.860,0.130
196500,0.010,0.842,0.148
197000,0.010,0.899,0.091
197500,0.010,0.917,0.073
198000,0.010,0.855,0.135
198500,0.010,0.811,0.179
199000,0.010,0.815,0.175
199500,0.010,0.830,0.160
200000,0.010,0.842,0.148
200500,0.010,0.862,0.128
201000,0.010,0.877,0.113
201500,0.010,0.886,0.104
202000,0.010,0.864,0.126
202500,0.010,0.863,0.127
203000,0.010,0.900,0.090
203500,0.010,0.829,0.161
204000,0.010,0.887,0.103
204500,0.010,0.879,0.111
205000,0.010,0.898,0.092
205500,0.010,0.868,0.122
206000,0.010,0.861,0.129
206500,0.010,0.845,0.145
207000,0.010,0.888,0.102
207500,0.010,0.902,0.088
208000,0.010,0.941,0.049
208500,0.010,0.920,0.070
209000,0.010,0.876,0.114
209500,0.010,0.900,0.090
210000,0.010,0.873,0.117
210500,0.010,0.927,0.062
211000,0.010,0.898,0.092
211500,0.010,0.864,0.126
212000,0.010,0.833,0.157
212500,0.010,0.820,0.170
213000,0.010,0.844,0.146
213500,0.010,0.844,0.146
214000,0.010,0.883,0.107
214500,0.010,0.876,0.114
215000,0.010,0.868,0.122
215500,0.010,0.907,0.083
216000,0.010,0.860,0.130
216500,0.010,0.877,0.113
217000,0.010,0.872,0.118
217500,0.010,0.838,0.152
218000,0.010,0.858,0.132
218500,0.010,0.861,0.129
219000,0.010,0.923,0.067
219500,0.010,0.949,0.041
220000,0.010,0.915,0.075
220500,0.010,0.932,0.058
221000,0.010,0.864,0.126
221500,0.010,0.889,0.101
222000,0.010,0.906,0.084
222500,0.010,0.870,0.120
223000,0.010,0.890,0.100
223500,0.010,0.904,0.086
224000,0.010,0.850,0.140
224500,0.010,0.854,0.136
225000,0.010,0.867,0.123
225500,0.010,0.887,0.103
226000,0.010,0.873,0.117
226500,0.010,0.955,0.035
227000,0.010,0.956,0.034
227500,0.010,0.928,0.062
228000,0.010,0.963,0.027
228500,0.010,0.925,0.065
229000,0.010,0.933,0.056
229500,0.010,0.924,0.066
230000,0.010,0.855,0.135
230500,0.010,0.880,0.110
231000,0.010,0.920,0.070
231500,0.010,0.890,0.100
232000,0.010,0.928,0.061
232500,0.010,0.912,0.078
233000,0.010,0.898,0.092
233500,0.010,0.907,0.083
234000,0.010,0.925,0.065
234500,0.010,0.957,0.033
235000,0.010,0.933,0.056
235500,0.010,0.885,0.105
236000,0.010,0.893,0.097
236500,0.010,0.933,0.056
237000,0.010,0.806,0.183
237500,0.010,0.812,0.177
238000,0.010,0.890,0.100
238500,0.010,0.915,0.075
239000,0.010,0.894,0.096
239500,0.010,0.870,0.120
240000,0.010,0.887,0.103
240500,0.010,0.870,0.120
241000,0.010,0.911,0.079
241500,0.010,0.860,0.130
242000,0.010,0.900,0.090
242500,0.010,0.877,0.113
243000,0.010,0.886,0.104
243500,0.010,0.790,0.200
244000,0.010,0.787,0.203
244500,0.010,0.809,0.180
245000,0.010,0.895,0.095
245500,0.010,0.849,0.141
246000,0.010,0.903,0.087
246500,0.010,0.924,0.066
247000,0.010,0.897,0.093
247500,0.010,0.823,0.167
248000,0.010,0.847,0.143
248500,0.010,0.898,0.092
249000,0.010,0.919,0.071
249500,0.010,0.936,0.054
250000,0.010,0.893,0.097
250500,0.010,0.889,0.101
251000,0.010,0.926,0.064
251500,0.010,0.841,0.149
252000,0.010,0.862,0.128
252500,0.010,0.883,0.107
253000,0.010,0.904,0.086
253500,0.010,0.907,0.083
254000,0.010,0.897,0.093
254500,0.010,0.876,0.114
255000,0.010,0.844,0.146
255500,0.010,0.887,0.103
256000,0.010,0.829,0.161
256500,0.010,0.907,0.083
257000,0.010,0.870,0.120
257500,0.010,0.915,0.075
258000,0.010,0.927,0.062
258500,0.010,0.936,0.053
259000,0.010,0.918,0.072
259500,0.010,0.930,0.059
260000,0.010,0.943,0.047
260500,0.010,0.919,0.071
261000,0.010,0.957,0.033
261500,0.010,0.937,0.053
262000,0.010,0.928,0.062
262500,0.010,0.902,0.088
263000,0.010,0.898,0.092
263500,0.010,0.888,0.102
264000,0.010,0.867,0.123
264500,0.010,0.866,0.124
265000,0.010,0.832,0.158
265500,0.010,0.838,0.152
266000,0.010,0.875,0.115
266500,0.010,0.865,0.125
267000,0.010,0.858,0.132
267500,0.010,0.892,0.098
268000,0.010,0.927,0.062
268500,0.010,0.943,0.047
269000,0.010,0.939,0.051
269500,0.010,0.884,0.106
270000,0.010,0.898,0.092
270500,0.010,0.893,0.097
271000,0.010,0.803,0.187
271500,0.010,0.873,0.117
272000,0.010,0.813,0.177
272500,0.010,0.814,0.176
273000,0.010,0.857,0.133
273500,0.010,0.899,0.091
274000,0.010,0.836,0.154
274500,0.010,0.893,0.097
275000,0.010,0.858,0.132
275500,0.010,0.897,0.093
276000,0.010,0.870,0.120
276500,0.010,0.929,0.061
277000,0.010,0.896,0.094
277500,0.010,0.920,0.070
278000,0.010,0.922,0.068
278500,0.010,0.879,0.111
279000,0.010,0.918,0.072
279500,0.010,0.912,0.078
280000,0.010,0.917,0.073
280500,0.010,0.919,0.071
281000,0.010,0.915,0.075
281500,0.010,0.903,0.087
282000,0.010,0.907,0.083
282500,0.010,0.877,0.113
283000,0.010,0.896,0.094
283500,0.010,0.918,0.072
284000,0.010,0.911,0.079
284500,0.010,0.905,0.085
285000,0.010,0.910,0.080
285500,0.010,0.906,0.084
286000,0.010,0.893,0.097
286500,0.010,0.896,0.094
287000,0.010,0.923,0.067
287500,0.010,0.869,0.121
288000,0.010,0.900,0.090
288500,0.010,0.897,0.093
289000,0.010,0.937,0.053
289500,0.010,0.961,0.029
290000,0.010,0.955,0.035
290500,0.010,0.897,0.093
291000,0.010,0.848,0.142
291500,0.010,0.838,0.152
292000,0.010,0.884,0.106
292500,0.010,0.888,0.102
293000,0.010,0.924,0.066
293500,0.010,0.915,0.075
294000,0.010,0.940,0.050
294500,0.010,0.958,0.032
295000,0.010,0.983,0.007
295500,0.010,0.971,0.019
296000,0.010,0.927,0.062
296500,0.010,0.910,0.080
297000,0.010,0.886,0.104
297500,0.010,0.890,0.100
298000,0.010,0.898,0.092
298500,0.010,0.863,0.127
299000,0.010,0.884,0.106
299500,0.010,0.856,0.134
300000,0.010,0.806,0.183
300500,0.010,0.841,0.149
301000,0.010,0.825,0.165
301500,0.010,0.847,0.143
302000,0.010,0.770,0.220
302500,0.010,0.782,0.208
303000,0.010,0.805,0.184
303500,0.010,0.838,0.152
304000,0.010,0.886,0.104
304500,0.010,0.866,0.124
305000,0.010,0.914,0.076
305500,0.010,0.909,0.081
306000,0.010,0.930,0.060
306500,0.010,0.915,0.075
307000,0.010,0.939,0.051
307500,0.010,0.932,0.058
308000,0.010,0.915,0.075
308500,0.010,0.870,0.120
309000,0.010,0.857,0.133
309500,0.010,0.887,0.103
310000,0.010,0.903,0.087
310500,0.010,0.855,0.135
311000,0.010,0.868,0.122
311500,0.010,0.860,0.130
312000,0.010,0.847,0.143
312500,0.010,0.810,0.180
313000,0.010,0.800,0.190
313500,0.010,0.819,0.171
314000,0.010,0.795,0.195
314500,0.010,0.814,0.176
315000,0.010,0.888,0.102
315500,0.010,0.888,0.102
316000,0.010,0.906,0.084
316500,0.010,0.864,0.126
317000,0.010,0.841,0.149
317500,0.010,0.828,0.162
318000,0.010,0.862,0.128
318500,0.010,0.881,0.109
319000,0.010,0.911,0.079
319500,0.010,0.898,0.092
320000,0.010,0.920,0.070
320500,0.010,0.889,0.101
321000,0.010,0.932,0.058
321500,0.010,0.889,0.101
322000,0.010,0.843,0.147
322500,0.010,0.874,0.116
323000,0.010,0.889,0.101
323500,0.010,0.954,0.036
324000,0.010,0.952,0.038
324500,0.010,0.934,0.055
325000,0.010,0.960,0.030
325500,0.010,0.917,0.073
326000,0.010,0.934,0.056
326500,0.010,0.899,0.091
327000,0.010,0.887,0.103
327500,0.010,0.850,0.140
328000,0.010,0.887,0.103
328500,0.010,0.872,0.118
329000,0.010,0.822,0.168
329500,0.010,0.825,0.165
330000,0.010,0.858,0.132
330500,0.010,0.881,0.109
331000,0.010,0.823,0.167
331500,0.010,0.914,0.076
332000,0.010,0.909,0.081
332500,0.010,0.916,0.074
333000,0.010,0.896,0.094
333500,0.010,0.849,0.141
334000,0.010,0.891,0.099
334500,0.010,0.906,0.084
335000,0.010,0.917,0.073
335500,0.010,0.929,0.060
336000,0.010,0.960,0.030
336500,0.010,0.911,0.079
337000,0.010,0.887,0.103
337500,0.010,0.894,0.096
338000,0.010,0.875,0.115
338500,0.010,0.874,0.116
339000,0.010,0.838,0.152
339500,0.010,0.794,0.196
340000,0.010,0.843,0.147
340500,0.010,0.829,0.161
341000,0.010,0.848,0.142
341500,0.010,0.810,0.180
342000,0.010,0.868,0.122
342500,0.010,0.913,0.077
343000,0.010,0.945,0.045
343500,0.010,0.900,0.090
344000,0.010,0.872,0.118
344500,0.010,0.907,0.083
345000,0.010,0.910,0.080
345500,0.010,0.891,0.099
346000,0.010,0.922,0.068
346500,0.010,0.899,0.091
347000,0.010,0.915,0.075
347500,0.010,0.888,0.102
348000,0.010,0.858,0.132
348500,0.010,0.880,0.110
349000,0.010,0.900,0.090
349500,0.010,0.897,0.093
350000,0.010,0.867,0.123
350500,0.010,0.845,0.145
351000,0.010,0.820,0.170
351500,0.010,0.818,0.172
352000,0.010,0.840,0.150
352500,0.010,0.880,0.110
353000,0.010,0.854,0.136
353500,0.010,0.877,0.113
354000,0.010,0.878,0.112
354500,0.010,0.905,0.085
355000,0.010,0.914,0.076
355500,0.010,0.939,0.051
356000,0.010,0.958,0.032
356500,0.010,0.964,0.026
357000,0.010,0.946,0.044
357500,0.010,0.904,0.086
358000,0.010,0.894,0.096
358500,0.010,0.839,0.151
359000,0.010,0.824,0.166
359500,0.010,0.903,0.087
360000,0.010,0.877,0.113
360500,0.010,0.923,0.067
361000,0.010,0.928,0.061
361500,0.010,0.892,0.098
362000,0.010,0.926,0.064
362500,0.010,0.930,0.059
363000,0.010,0.949,0.041
363500,0.010,0.964,0.026
364000,0.010,0.936,0.053
364500,0.010,0.916,0.074
365000,0.010,0.857,0.133
365500,0.010,0.872,0.118
366000,0.010,0.856,0.134
366500,0.010,0.848,0.142
367000,0.010,0.874,0.116
367500,0.010,0.877,0.113
368000,0.010,0.888,0.102
368500,0.010,0.883,0.107
369000,0.010,0.915,0.075
369500,0.010,0.896,0.094
370000,0.010,0.875,0.115
370500,0.010,0.906,0.084
371000,0.010,0.906,0.084
371500,0.010,0.901,0.089
372000,0.010,0.929,0.061
372500,0.010,0.929,0.060
373000,0.010,0.953,0.037
373500,0.010,0.963,0.027
374000,0.010,0.942,0.048
374500,0.010,0.955,0.035
375000,0.010,0.908,0.082
375500,0.010,0.904,0.086
376000,0.010,0.878,0.112
376500,0.010,0.875,0.115
377000,0.010,0.874,0.116
377500,0.010,0.831,0.159
378000,0.010,0.881,0.109
378500,0.010,0.905,0.085
379000,0.010,0.864,0.126
379500,0.010,0.819,0.171
380000,0.010,0.875,0.115
380500,0.010,0.929,0.061
381000,0.010,0.930,0.059
381500,0.010,0.947,0.043
382000,0.010,0.914,0.076
382500,0.010,0.861,0.129
383000,0.010,0.871,0.119
383500,0.010,0.909,0.081
384000,0.010,0.905,0.085
384500,0.010,0.921,0.069
385000,0.010,0.936,0.054
385500,0.010,0.885,0.105
386000,0.010,0.900,0.090
386500,0.010,0.912,0.078
387000,0.010,0.920,0.070
387500,0.010,0.933,0.057
388000,0.010,0.955,0.035
388500,0.010,0.948,0.042
389000,0.010,0.935,0.054
389500,0.010,0.834,0.156
390000,0.010,0.880,0.110
390500,0.010,0.878,0.112
391000,0.010,0.847,0.143
391500,0.010,0.780,0.210
392000,0.010,0.779,0.211
392500,0.010,0.819,0.171
393000,0.010,0.847,0.143
393500,0.010,0.843,0.147
394000,0.010,0.861,0.129
394500,0.010,0.900,0.090
395000,0.010,0.918,0.072
395500,0.010,0.937,0.053
396000,0.010,0.877,0.113
396500,0.010,0.876,0.114
397000,0.010,0.860,0.130
397500,0.010,0.914,0.076
398000,0.010,0.869,0.121
398500,0.010,0.876,0.114
399000,0.010,0.838,0.152
399500,0.010,0.843,0.147
400000,0.010,0.885,0.105
400500,0.010,0.936,0.053
401000,0.010,0.910,0.080
401500,0.010,0.884,0.106
402000,0.010,0.884,0.106
402500,0.010,0.906,0.084
403000,0.010,0.933,0.056
403500,0.010,0.896,0.094
404000,0.010,0.891,0.099
404500,0.010,0.851,0.139
405000,0.010,0.851,0.139
405500,0.010,0.894,0.096
406000,0.010,0.870,0.120
406500,0.010,0.880,0.110
407000,0.010,0.839,0.151
407500,0.010,0.877,0.113
408000,0.010,0.884,0.106
408500,0.010,0.878,0.112
409000,0.010,0.875,0.115
409500,0.010,0.887,0.103
410000,0.010,0.905,0.085
410500,0.010,0.928,0.061
411000,0.010,0.898,0.092
411500,0.010,0.915,0.075
412000,0.010,0.928,0.061
412500,0.010,0.887,0.103
413000,0.010,0.921,0.069
413500,0.010,0.892,0.098
414000,0.010,0.864,0.126
414500,0.010,0.811,0.179
415000,0.010,0.820,0.170
415500,0.010,0.868,0.122
416000,0.010,0.840,0.150
416500,0.010,0.913,0.077
417000,0.010,0.910,0.080
417500,0.010,0.878,0.112
418000,0.010,0.904,0.086
418500,0.010,0.886,0.104
419000,0.010,0.874,0.116
419500,0.010,0.834,0.156
420000,0.010,0.804,0.185
420500,0.010,0.801,0.189
421000,0.010,0.886,0.104
421500,0.010,0.846,0.144
422000,0.010,0.855,0.135
422500,0.010,0.901,0.089
423000,0.010,0.851,0.139
423500,0.010,0.826,0.164
424000,0.010,0.831,0.159
424500,0.010,0.865,0.125
425000,0.010,0.900,0.090
425500,0.010,0.923,0.067
426000,0.010,0.908,0.082
426500,0.010,0.911,0.079
427000,0.010,0.955,0.035
427500,0.010,0.904,0.086
428000,0.010,0.857,0.133
428500,0.010,0.878,0.112
429000,0.010,0.864,0.126
429500,0.010,0.908,0.082
430000,0.010,0.916,0.074
430500,0.010,0.920,0.070
431000,0.010,0.922,0.068
431500,0.010,0.918,0.072
432000,0.010,0.904,0.086
432500,0.010,0.940,0.050
433000,0.010,0.941,0.049
433500,0.010,0.883,0.107
434000,0.010,0.910,0.080
434500,0.010,0.867,0.123
435000,0.010,0.924,0.066
435500,0.010,0.866,0.124
436000,0.010,0.888,0.102
436500,0.010,0.865,0.125
437000,0.010,0.863,0.127
437500,0.010,0.858,0.132
438000,0.010,0.867,0.123
438500,0.010,0.893,0.097
439000,0.010,0.917,0.073
439500,0.010,0.917,0.073
440000,0.010,0.889,0.101
440500,0.010,0.855,0.135
441000,0.010,0.870,0.120
441500,0.010,0.798,0.192
442000,0.010,0.767,0.223
442500,0.010,0.830,0.160
443000,0.010,0.871,0.119
443500,0.010,0.884,0.106
444000,0.010,0.816,0.174
444500,0.010,0.866,0.124
445000,0.010,0.875,0.115
445500,0.010,0.913,0.077
446000,0.010,0.914,0.076
446500,0.010,0.859,0.131
447000,0.010,0.824,0.166
447500,0.010,0.793,0.197
448000,0.010,0.752,0.238
448500,0.010,0.858,0.132
449000,0.010,0.867,0.123
449500,0.010,0.880,0.110
450000,0.010,0.895,0.095
450500,0.010,0.893,0.097
451000,0.010,0.854,0.136
451500,0.010,0.883,0.107
452000,0.010,0.817,0.173
452500,0.010,0.919,0.071
453000,0.010,0.939,0.051
453500,0.010,0.927,0.062
454000,0.010,0.890,0.100
454500,0.010,0.925,0.065
455000,0.010,0.931,0.059
455500,0.010,0.949,0.041
456000,0.010,0.890,0.100
456500,0.010,0.908,0.082
457000,0.010,0.909,0.081
457500,0.010,0.889,0.101
458000,0.010,0.895,0.095
458500,0.010,0.855,0.135
459000,0.010,0.918,0.072
459500,0.010,0.857,0.133
460000,0.010,0.808,0.182
460500,0.010,0.750,0.240
461000,0.010,0.879,0.111
461500,0.010,0.886,0.104
462000,0.010,0.835,0.155
462500,0.010,0.866,0.124
463000,0.010,0.868,0.122
463500,0.010,0.861,0.129
464000,0.010,0.869,0.121
464500,0.010,0.828,0.162
465000,0.010,0.848,0.142
465500,0.010,0.852,0.138
466000,0.010,0.886,0.104
466500,0.010,0.828,0.162
467000,0.010,0.856,0.134
467500,0.010,0.876,0.114
468000,0.010,0.881,0.109
468500,0.010,0.877,0.113
469000,0.010,0.920,0.070
469500,0.010,0.921,0.069
470000,0.010,0.911,0.079
470500,0.010,0.935,0.055
471000,0.010,0.921,0.069
471500,0.010,0.916,0.074
472000,0.010,0.914,0.076
472500,0.010,0.951,0.039
473000,0.010,0.905,0.085
473500,0.010,0.938,0.052
474000,0.010,0.930,0.060
474500,0.010,0.891,0.099
475000,0.010,0.899,0.091
475500,0.010,0.917,0.073
476000,0.010,0.899,0.091
476500,0.010,0.887,0.103
477000,0.010,0.859,0.131
477500,0.010,0.875,0.115
478000,0.010,0.879,0.111
478500,0.010,0.908,0.082
479000,0.010,0.903,0.087
479500,0.010,0.948,0.042
480000,0.010,0.956,0.034
480500,0.010,0.948,0.042
481000,0.010,0.925,0.065
481500,0.010,0.955,0.035
482000,0.010,0.896,0.094
482500,0.010,0.856,0.134
483000,0.010,0.870,0.120
483500,0.010,0.924,0.066
484000,0.010,0.860,0.130
484500,0.010,0.886,0.104
485000,0.010,0.927,0.063
485500,0.010,0.951,0.039
486000,0.010,0.956,0.034
486500,0.010,0.922,0.068
487000,0.010,0.904,0.086
487500,0.010,0.888,0.102
488000,0.010,0.922,0.068
488500,0.010,0.935,0.054
489000,0.010,0.936,0.054
489500,0.010,0.873,0.117
490000,0.010,0.878,0.112
490500,0.010,0.856,0.134
491000,0.010,0.880,0.110
491500,0.010,0.899,0.091
492000,0.010,0.892,0.098
492500,0.010,0.935,0.054
493000,0.010,0.926,0.064
493500,0.010,0.909,0.081
494000,0.010,0.847,0.143
494500,0.010,0.886,0.104
495000,0.010,0.894,0.096
495500,0.010,0.929,0.060
496000,0.010,0.887,0.103
496500,0.010,0.890,0.100
497000,0.010,0.888,0.102
497500,0.010,0.840,0.150
498000,0.010,0.882,0.108
498500,0.010,0.926,0.064
499000,0.010,0.907,0.083
499500,0.010,0.937,0.053
500000,0.010,0.920,0.070
500500,0.010,0.861,0.129
501000,0.010,0.873,0.117
501500,0.010,0.853,0.137
502000,0.010,0.898,0.092
502500,0.010,0.899,0.091
503000,0.010,0.892,0.098
503500,0.010,0.910,0.080
504000,0.010,0.929,0.061
504500,0.010,0.901,0.089
505000,0.010,0.882,0.108
505500,0.010,0.894,0.096
506000,0.010,0.893,0.097
506500,0.010,0.886,0.104
507000,0.010,0.909,0.081
507500,0.010,0.901,0.089
508000,0.010,0.910,0.080
508500,0.010,0.907,0.083
509000,0.010,0.917,0.073
509500,0.010,0.943,0.047
510000,0.010,0.929,0.061
510500,0.010,0.927,0.063
511000,0.010,0.901,0.089
511500,0.010,0.930,0.060
512000,0.010,0.938,0.052
512500,0.010,0.901,0.089
513000,0.010,0.893,0.097
513500,0.010,0.893,0.097
514000,0.010,0.872,0.118
514500,0.010,0.831,0.159
515000,0.010,0.821,0.169
515500,0.010,0.863,0.127
516000,0.010,0.890,0.100
516500,0.010,0.889,0.101
517000,0.010,0.883,0.107
517500,0.010,0.875,0.115
518000,0.010,0.870,0.120
518500,0.010,0.854,0.136
519000,0.010,0.878,0.112
519500,0.010,0.882,0.108
520000,0.010,0.907,0.083
520500,0.010,0.872,0.118
521000,0.010,0.819,0.171
521500,0.010,0.807,0.183
522000,0.010,0.867,0.123
522500,0.010,0.894,0.096
523000,0.010,0.889,0.101
523500,0.010,0.883,0.107
524000,0.010,0.924,0.066
524500,0.010,0.941,0.049
525000,0.010,0.937,0.053
525500,0.010,0.911,0.079
526000,0.010,0.913,0.077
526500,0.010,0.890,0.100
527000,0.010,0.954,0.036
527500,0.010,0.958,0.032
528000,0.010,0.960,0.030
528500,0.010,0.946,0.044
529000,0.010,0.968,0.022
529500,0.010,0.967,0.023
530000,0.010,0.940,0.050
530500,0.010,0.934,0.055
531000,0.010,0.929,0.061
531500,0.010,0.931,0.058
532000,0.010,0.891,0.099
532500,0.010,0.861,0.129
533000,0.010,0.893,0.097
533500,0.010,0.857,0.133
534000,0.010,0.903,0.087
534500,0.010,0.915,0.075
535000,0.010,0.908,0.082
535500,0.010,0.905,0.085
536000,0.010,0.869,0.121
536500,0.010,0.881,0.109
537000,0.010,0.928,0.062
537500,0.010,0.928,0.062
538000,0.010,0.855,0.135
538500,0.010,0.843,0.147
539000,0.010,0.755,0.235
539500,0.010,0.838,0.152
540000,0.010,0.836,0.154
540500,0.010,0.874,0.116
541000,0.010,0.830,0.160
541500,0.010,0.878,0.112
542000,0.010,0.908,0.082
542500,0.010,0.867,0.123
543000,0.010,0.812,0.178
543500,0.010,0.803,0.186
544000,0.010,0.860,0.130
544500,0.010,0.880,0.110
545000,0.010,0.912,0.078
545500,0.010,0.895,0.095
546000,0.010,0.904,0.086
546500,0.010,0.883,0.107
547000,0.010,0.881,0.109
547500,0.010,0.871,0.119
548000,0.010,0.853,0.137
548500,0.010,0.916,0.074
549000,0.010,0.893,0.097
549500,0.010,0.896,0.094
550000,0.010,0.918,0.072
550500,0.010,0.932,0.057
551000,0.010,0.929,0.061
551500,0.010,0.920,0.070
552000,0.010,0.921,0.069
552500,0.010,0.886,0.104
553000,0.010,0.904,0.086
553500,0.010,0.935,0.055
554000,0.010,0.951,0.039
554500,0.010,0.905,0.085
555000,0.010,0.916,0.074
555500,0.010,0.902,0.088
556000,0.010,0.924,0.066
556500,0.010,0.840,0.150
557000,0.010,0.916,0.074
557500,0.010,0.860,0.130
558000,0.010,0.861,0.129
558500,0.010,0.875,0.115
559000,0.010,0.870,0.120
559500,0.010,0.855,0.135
560000,0.010,0.850,0.140
560500,0.010,0.869,0.121
561000,0.010,0.882,0.108
561500,0.010,0.869,0.121
562000,0.010,0.892,0.098
562500,0.010,0.876,0.114
563000,0.010,0.889,0.101
563500,0.010,0.929,0.061
564000,0.010,0.918,0.072
564500,0.010,0.924,0.066
565000,0.010,0.936,0.053
565500,0.010,0.915,0.075
566000,0.010,0.881,0.109
566500,0.010,0.889,0.101
567000,0.010,0.868,0.122
567500,0.010,0.911,0.079
568000,0.010,0.921,0.069
568500,0.010,0.892,0.098
569000,0.010,0.885,0.105
569500,0.010,0.896,0.094
570000,0.010,0.878,0.112
570500,0.010,0.827,0.163
571000,0.010,0.873,0.117
571500,0.010,0.890,0.100
572000,0.010,0.923,0.067
572500,0.010,0.949,0.041
573000,0.010,0.962,0.028
573500,0.010,0.978,0.012
574000,0.010,0.973,0.017
574500,0.010,0.966,0.024
575000,0.010,0.962,0.028
575500,0.010,0.947,0.043
576000,0.010,0.963,0.027
576500,0.010,0.900,0.090
577000,0.010,0.863,0.127
577500,0.010,0.876,0.114
578000,0.010,0.846,0.144
578500,0.010,0.911,0.079
579000,0.010,0.900,0.090
579500,0.010,0.839,0.151
580000,0.010,0.896,0.094
580500,0.010,0.904,0.086
581000,0.010,0.903,0.087
581500,0.010,0.935,0.054
582000,0.010,0.937,0.053
582500,0.010,0.921,0.069
583000,0.010,0.917,0.073
583500,0.010,0.877,0.113
584000,0.010,0.933,0.057
584500,0.010,0.965,0.025
585000,0.010,0.963,0.027
585500,0.010,0.967,0.023
586000,0.010,0.960,0.030
586500,0.010,0.936,0.053
587000,0.010,0.875,0.115
587500,0.010,0.920,0.070
588000,0.010,0.868,0.122
588500,0.010,0.919,0.071
589000,0.010,0.924,0.066
589500,0.010,0.942,0.048
590000,0.010,0.933,0.057
590500,0.010,0.912,0.078
591000,0.010,0.930,0.060
591500,0.010,0.914,0.076
592000,0.010,0.906,0.084
592500,0.010,0.899,0.091
593000,0.010,0.875,0.115
593500,0.010,0.900,0.090
594000,0.010,0.884,0.106
594500,0.010,0.923,0.067
595000,0.010,0.870,0.120
595500,0.010,0.883,0.107
596000,0.010,0.918,0.072
596500,0.010,0.869,0.121
597000,0.010,0.864,0.126
597500,0.010,0.833,0.157
598000,0.010,0.879,0.111
598500,0.010,0.906,0.084
599000,0.010,0.877,0.113
599500,0.010,0.893,0.097
600000,0.010,0.865,0.125
600500,0.010,0.858,0.132
601000,0.010,0.877,0.113
601500,0.010,0.823,0.167
602000,0.010,0.896,0.094
602500,0.010,0.891,0.099
603000,0.010,0.887,0.103
603500,0.010,0.912,0.078
604000,0.010,0.936,0.054
604500,0.010,0.899,0.091
605000,0.010,0.873,0.117
605500,0.010,0.911,0.079
606000,0.010,0.879,0.111
606500,0.010,0.855,0.135
607000,0.010,0.887,0.103
607500,0.010,0.919,0.071
608000,0.010,0.913,0.077
608500,0.010,0.906,0.084
609000,0.010,0.894,0.096
609500,0.010,0.929,0.060
610000,0.010,0.913,0.077
610500,0.010,0.814,0.176
611000,0.010,0.814,0.176
611500,0.010,0.842,0.148
612000,0.010,0.873,0.117
612500,0.010,0.874,0.116
613000,0.010,0.895,0.095
613500,0.010,0.890,0.100
614000,0.010,0.887,0.103
614500,0.010,0.802,0.188
615000,0.010,0.879,0.111
615500,0.010,0.849,0.141
616000,0.010,0.852,0.138
616500,0.010,0.813,0.177
617000,0.010,0.852,0.138
617500,0.010,0.875,0.115
618000,0.010,0.908,0.082
618500,0.010,0.907,0.083
619000,0.010,0.897,0.093
619500,0.010,0.835,0.155
620000,0.010,0.878,0.112
620500,0.010,0.898,0.092
621000,0.010,0.875,0.115
621500,0.010,0.912,0.078
622000,0.010,0.936,0.054
622500,0.010,0.937,0.053
623000,0.010,0.954,0.036
623500,0.010,0.936,0.053
624000,0.010,0.950,0.040
624500,0.010,0.929,0.060
625000,0.010,0.919,0.071
625500,0.010,0.902,0.088
626000,0.010,0.903,0.087
626500,0.010,0.901,0.089
627000,0.010,0.948,0.042
627500,0.010,0.943,0.047
628000,0.010,0.923,0.067
628500,0.010,0.925,0.065
629000,0.010,0.931,0.058
629500,0.010,0.895,0.095
630000,0.010,0.879,0.111
630500,0.010,0.884,0.106
631000,0.010,0.904,0.086
631500,0.010,0.924,0.066
632000,0.010,0.942,0.048
632500,0.010,0.949,0.041
633000,0.010,0.947,0.043
633500,0.010,0.936,0.053
634000,0.010,0.940,0.050
634500,0.010,0.951,0.039
635000,0.010,0.938,0.052
635500,0.010,0.931,0.059
636000,0.010,0.900,0.090
636500,0.010,0.947,0.043
637000,0.010,0.917,0.073
637500,0.010,0.904,0.086
638000,0.010,0.920,0.070
638500,0.010,0.888,0.102
639000,0.010,0.930,0.060
639500,0.010,0.913,0.077
640000,0.010,0.954,0.036
640500,0.010,0.937,0.053
641000,0.010,0.941,0.049
641500,0.010,0.910,0.080
642000,0.010,0.935,0.054
642500,0.010,0.943,0.047
643000,0.010,0.900,0.090
643500,0.010,0.905,0.085
644000,0.010,0.865,0.125
644500,0.010,0.831,0.159
645000,0.010,0.849,0.141
645500,0.010,0.873,0.117
646000,0.010,0.881,0.109
646500,0.010,0.924,0.066
647000,0.010,0.893,0.097
647500,0.010,0.881,0.109
648000,0.010,0.889,0.101
648500,0.010,0.945,0.045
649000,0.010,0.853,0.137
649500,0.010,0.828,0.162
650000,0.010,0.867,0.123
650500,0.010,0.948,0.042
651000,0.010,0.878,0.112
651500,0.010,0.861,0.129
652000,0.010,0.809,0.181
652500,0.010,0.886,0.104
653000,0.010,0.854,0.136
653500,0.010,0.925,0.065
654000,0.010,0.947,0.043
654500,0.010,0.929,0.060
655000,0.010,0.933,0.057
655500,0.010,0.933,0.056
656000,0.010,0.885,0.105
656500,0.010,0.911,0.079
657000,0.010,0.875,0.115
657500,0.010,0.876,0.114
658000,0.010,0.913,0.077
658500,0.010,0.935,0.054
659000,0.010,0.925,0.065
659500,0.010,0.922,0.068
660000,0.010,0.953,0.037
660500,0.010,0.958,0.032
661000,0.010,0.946,0.044
661500,0.010,0.967,0.023
662000,0.010,0.955,0.035
662500,0.010,0.952,0.038
663000,0.010,0.921,0.069
663500,0.010,0.892,0.098
664000,0.010,0.908,0.082
664500,0.010,0.882,0.108
665000,0.010,0.886,0.104
665500,0.010,0.886,0.104
666000,0.010,0.900,0.090
666500,0.010,0.897,0.093
667000,0.010,0.871,0.119
667500,0.010,0.869,0.121
668000,0.010,0.843,0.147
668500,0.010,0.900,0.090
669000,0.010,0.905,0.085
669500,0.010,0.896,0.094
670000,0.010,0.888,0.102
670500,0.010,0.864,0.126
671000,0.010,0.874,0.116
671500,0.010,0.922,0.068
672000,0.010,0.928,0.061
672500,0.010,0.927,0.062
673000,0.010,0.912,0.078
673500,0.010,0.886,0.104
674000,0.010,0.893,0.097
674500,0.010,0.912,0.078
675000,0.010,0.916,0.074
675500,0.010,0.935,0.054
676000,0.010,0.926,0.064
676500,0.010,0.923,0.067
677000,0.010,0.881,0.109
677500,0.010,0.882,0.108
678000,0.010,0.920,0.070
678500,0.010,0.866,0.124
679000,0.010,0.846,0.144
679500,0.010,0.873,0.117
680000,0.010,0.915,0.075
680500,0.010,0.914,0.076
681000,0.010,0.840,0.150
681500,0.010,0.810,0.179
682000,0.010,0.816,0.174
682500,0.010,0.818,0.172
683000,0.010,0.787,0.203
683500,0.010,0.850,0.140
684000,0.010,0.870,0.120
684500,0.010,0.865,0.125
685000,0.010,0.856,0.134
685500,0.010,0.885,0.105
686000,0.010,0.889,0.101
686500,0.010,0.851,0.139
687000,0.010,0.895,0.095
687500,0.010,0.890,0.100
688000,0.010,0.882,0.108
688500,0.010,0.932,0.057
689000,0.010,0.906,0.084
689500,0.010,0.896,0.094
690000,0.010,0.891,0.099
690500,0.010,0.907,0.083
691000,0.010,0.899,0.091
691500,0.010,0.932,0.057
692000,0.010,0.951,0.039
692500,0.010,0.927,0.062
693000,0.010,0.918,0.072
693500,0.010,0.881,0.109
694000,0.010,0.900,0.090
694500,0.010,0.914,0.076
695000,0.010,0.877,0.113
695500,0.010,0.934,0.055
696000,0.010,0.874,0.116
696500,0.010,0.890,0.100
697000,0.010,0.914,0.076
697500,0.010,0.895,0.095
698000,0.010,0.941,0.049
698500,0.010,0.953,0.037
699000,0.010,0.959,0.031
699500,0.010,0.915,0.075
700000,0.010,0.936,0.053
700500,0.010,0.915,0.075
701000,0.010,0.899,0.091
701500,0.010,0.885,0.105
702000,0.010,0.893,0.097
702500,0.010,0.870,0.120
703000,0.010,0.863,0.127
703500,0.010,0.829,0.161
704000,0.010,0.869,0.121
704500,0.010,0.867,0.123
705000,0.010,0.819,0.171
705500,0.010,0.800,0.190
706000,0.010,0.832,0.158
706500,0.010,0.815,0.175
707000,0.010,0.859,0.131
707500,0.010,0.910,0.080
708000,0.010,0.924,0.066
708500,0.010,0.946,0.044
709000,0.010,0.937,0.053
709500,0.010,0.934,0.056
710000,0.010,0.881,0.109
710500,0.010,0.927,0.062
711000,0.010,0.934,0.056
711500,0.010,0.933,0.057
712000,0.010,0.929,0.060
712500,0.010,0.946,0.044
713000,0.010,0.920,0.070
713500,0.010,0.946,0.044
714000,0.010,0.948,0.042
714500,0.010,0.845,0.145
715000,0.010,0.836,0.154
715500,0.010,0.850,0.140
716000,0.010,0.872,0.118
716500,0.010,0.902,0.088
717000,0.010,0.880,0.110
717500,0.010,0.916,0.074
718000,0.010,0.797,0.193
718500,0.010,0.849,0.141
719000,0.010,0.819,0.171
719500,0.010,0.902,0.088
720000,0.010,0.892,0.098
720500,0.010,0.933,0.057
721000,0.010,0.920,0.070
721500,0.010,0.943,0.047
722000,0.010,0.918,0.072
722500,0.010,0.948,0.042
723000,0.010,0.943,0.047
723500,0.010,0.924,0.066
724000,0.010,0.936,0.053
724500,0.010,0.914,0.076
725000,0.010,0.910,0.080
725500,0.010,0.925,0.065
726000,0.010,0.939,0.051
726500,0.010,0.949,0.041
727000,0.010,0.890,0.100
727500,0.010,0.892,0.098
728000,0.010,0.913,0.077
728500,0.010,0.930,0.060
729000,0.010,0.935,0.054
729500,0.010,0.830,0.160
730000,0.010,0.866,0.124
730500,0.010,0.897,0.093
731000,0.010,0.883,0.107
731500,0.010,0.918,0.072
732000,0.010,0.876,0.114
732500,0.010,0.882,0.108
733000,0.010,0.887,0.103
733500,0.010,0.888,0.102
734000,0.010,0.898,0.092
734500,0.010,0.939,0.051
735000,0.010,0.934,0.055
735500,0.010,0.928,0.061
736000,0.010,0.901,0.089
736500,0.010,0.907,0.083
737000,0.010,0.887,0.103
737500,0.010,0.908,0.082
738000,0.010,0.881,0.109
738500,0.010,0.892,0.098
739000,0.010,0.866,0.124
739500,0.010,0.914,0.076
740000,0.010,0.910,0.080
740500,0.010,0.915,0.075
741000,0.010,0.874,0.116
741500,0.010,0.929,0.060
742000,0.010,0.907,0.083
742500,0.010,0.928,0.062
743000,0.010,0.957,0.033
743500,0.010,0.961,0.029
744000,0.010,0.942,0.048
744500,0.010,0.946,0.044
745000,0.010,0.911,0.079
745500,0.010,0.921,0.069
746000,0.010,0.922,0.068
746500,0.010,0.916,0.074
747000,0.010,0.869,0.121
747500,0.010,0.943,0.047
748000,0.010,0.932,0.058
748500,0.010,0.971,0.019
749000,0.010,0.947,0.043
749500,0.010,0.944,0.046
750000,0.010,0.902,0.088
750500,0.010,0.886,0.104
751000,0.010,0.850,0.140
751500,0.010,0.860,0.130
752000,0.010,0.860,0.130
752500,0.010,0.901,0.089
753000,0.010,0.926,0.064
753500,0.010,0.875,0.115
754000,0.010,0.909,0.081
754500,0.010,0.940,0.050
755000,0.010,0.923,0.067
755500,0.010,0.933,0.056
756000,0.010,0.944,0.046
756500,0.010,0.923,0.067
757000,0.010,0.927,0.063
757500,0.010,0.890,0.100
758000,0.010,0.897,0.093
758500,0.010,0.903,0.087
759000,0.010,0.897,0.093
759500,0.010,0.915,0.075
760000,0.010,0.908,0.082
760500,0.010,0.917,0.073
761000,0.010,0.919,0.071
761500,0.010,0.890,0.100
762000,0.010,0.927,0.063
762500,0.010,0.907,0.083
763000,0.010,0.885,0.105
763500,0.010,0.894,0.096
764000,0.010,0.925,0.065
764500,0.010,0.881,0.109
765000,0.010,0.903,0.087
765500,0.010,0.950,0.040
766000,0.010,0.887,0.103
766500,0.010,0.849,0.141
767000,0.010,0.858,0.132
767500,0.010,0.856,0.134
768000,0.010,0.897,0.093
768500,0.010,0.880,0.110
769000,0.010,0.908,0.082
769500,0.010,0.866,0.124
770000,0.010,0.873,0.117
770500,0.010,0.890,0.100
771000,0.010,0.884,0.106
771500,0.010,0.884,0.106
772000,0.010,0.925,0.065
772500,0.010,0.920,0.070
773000,0.010,0.909,0.081
773500,0.010,0.849,0.141
774000,0.010,0.886,0.104
774500,0.010,0.919,0.071
775000,0.010,0.931,0.059
775500,0.010,0.935,0.054
776000,0.010,0.948,0.042
776500,0.010,0.945,0.045
777000,0.010,0.891,0.099
777500,0.010,0.888,0.102
778000,0.010,0.855,0.135
778500,0.010,0.867,0.123
779000,0.010,0.865,0.125
779500,0.010,0.892,0.098
780000,0.010,0.883,0.107
780500,0.010,0.923,0.067
781000,0.010,0.871,0.119
781500,0.010,0.904,0.086
782000,0.010,0.863,0.127
782500,0.010,0.894,0.096
783000,0.010,0.897,0.093
783500,0.010,0.876,0.114
784000,0.010,0.918,0.072
784500,0.010,0.938,0.052
785000,0.010,0.946,0.044
785500,0.010,0.914,0.076
786000,0.010,0.885,0.105
786500,0.010,0.855,0.135
787000,0.010,0.836,0.154
787500,0.010,0.820,0.170
788000,0.010,0.854,0.136
788500,0.010,0.857,0.133
789000,0.010,0.805,0.185
789500,0.010,0.815,0.175
790000,0.010,0.797,0.193
790500,0.010,0.812,0.177
791000,0.010,0.845,0.145
791500,0.010,0.826,0.164
792000,0.010,0.864,0.126
792500,0.010,0.795,0.195
793000,0.010,0.785,0.205
793500,0.010,0.795,0.195
794000,0.010,0.906,0.084
794500,0.010,0.870,0.120
795000,0.010,0.886,0.104
795500,0.010,0.838,0.152
796000,0.010,0.825,0.165
796500,0.010,0.898,0.092
797000,0.010,0.886,0.104
797500,0.010,0.868,0.122
798000,0.010,0.900,0.090
798500,0.010,0.880,0.110
799000,0.010,0.933,0.056
799500,0.010,0.895,0.095
800000,0.010,0.837,0.153
800500,0.010,0.805,0.184
801000,0.010,0.879,0.111
801500,0.010,0.907,0.083
802000,0.010,0.859,0.131
802500,0.010,0.899,0.091
803000,0.010,0.820,0.170
803500,0.010,0.851,0.139
804000,0.010,0.829,0.161
804500,0.010,0.886,0.104
805000,0.010,0.870,0.120
805500,0.010,0.875,0.115
806000,0.010,0.834,0.156
806500,0.010,0.862,0.128
807000,0.010,0.843,0.147
807500,0.010,0.831,0.159
808000,0.010,0.782,0.208
808500,0.010,0.908,0.082
809000,0.010,0.896,0.094
809500,0.010,0.879,0.111
810000,0.010,0.905,0.085
810500,0.010,0.869,0.121
811000,0.010,0.907,0.083
811500,0.010,0.924,0.066
812000,0.010,0.895,0.095
812500,0.010,0.926,0.064
813000,0.010,0.895,0.095
813500,0.010,0.840,0.150
814000,0.010,0.850,0.140
814500,0.010,0.811,0.178
815000,0.010,0.881,0.109
815500,0.010,0.847,0.143
816000,0.010,0.844,0.146
816500,0.010,0.886,0.104
817000,0.010,0.892,0.098
817500,0.010,0.928,0.061
818000,0.010,0.935,0.055
818500,0.010,0.918,0.072
819000,0.010,0.900,0.090
819500,0.010,0.875,0.115
820000,0.010,0.790,0.200
820500,0.010,0.780,0.210
821000,0.010,0.814,0.176
821500,0.010,0.834,0.156
822000,0.010,0.884,0.106
822500,0.010,0.935,0.055
823000,0.010,0.884,0.106
823500,0.010,0.920,0.070
824000,0.010,0.894,0.096
824500,0.010,0.854,0.136
825000,0.010,0.880,0.110
825500,0.010,0.896,0.094
826000,0.010,0.900,0.090
826500,0.010,0.843,0.147
827000,0.010,0.873,0.117
827500,0.010,0.882,0.108
828000,0.010,0.836,0.154
828500,0.010,0.789,0.201
829000,0.010,0.890,0.100
829500,0.010,0.964,0.026
830000,0.010,0.958,0.032
830500,0.010,0.939,0.051
831000,0.010,0.938,0.052
831500,0.010,0.904,0.086
832000,0.010,0.907,0.083
832500,0.010,0.940,0.050
833000,0.010,0.933,0.056
833500,0.010,0.902,0.088
834000,0.010,0.898,0.092
834500,0.010,0.881,0.109
835000,0.010,0.856,0.134
835500,0.010,0.818,0.172
836000,0.010,0.840,0.150
836500,0.010,0.750,0.240
837000,0.010,0.840,0.150
837500,0.010,0.923,0.067
838000,0.010,0.957,0.033
838500,0.010,0.920,0.070
839000,0.010,0.873,0.117
839500,0.010,0.844,0.146
840000,0.010,0.883,0.107
840500,0.010,0.884,0.106
841000,0.010,0.897,0.093
841500,0.010,0.892,0.098
842000,0.010,0.925,0.065
842500,0.010,0.935,0.055
843000,0.010,0.938,0.052
843500,0.010,0.937,0.053
844000,0.010,0.936,0.054
844500,0.010,0.919,0.071
845000,0.010,0.917,0.073
845500,0.010,0.911,0.079
846000,0.010,0.870,0.120
846500,0.010,0.880,0.110
847000,0.010,0.907,0.083
847500,0.010,0.943,0.047
848000,0.010,0.949,0.041
848500,0.010,0.920,0.070
849000,0.010,0.909,0.081
849500,0.010,0.919,0.071
850000,0.010,0.887,0.103
850500,0.010,0.879,0.111
851000,0.010,0.893,0.097
851500,0.010,0.887,0.103
852000,0.010,0.856,0.134
852500,0.010,0.864,0.126
853000,0.010,0.820,0.170
853500,0.010,0.815,0.175
854000,0.010,0.820,0.170
854500,0.010,0.854,0.136
855000,0.010,0.873,0.117
855500,0.010,0.873,0.117
856000,0.010,0.875,0.115
856500,0.010,0.935,0.055
857000,0.010,0.927,0.062
857500,0.010,0.918,0.072
858000,0.010,0.914,0.076
858500,0.010,0.880,0.110
859000,0.010,0.883,0.107
859500,0.010,0.843,0.147
860000,0.010,0.861,0.129
860500,0.010,0.909,0.081
861000,0.010,0.913,0.077
861500,0.010,0.884,0.106
862000,0.010,0.857,0.133
862500,0.010,0.820,0.170
863000,0.010,0.873,0.117
863500,0.010,0.913,0.077
864000,0.010,0.894,0.096
864500,0.010,0.810,0.179
865000,0.010,0.855,0.135
865500,0.010,0.875,0.115
866000,0.010,0.879,0.111
866500,0.010,0.908,0.082
867000,0.010,0.882,0.108
867500,0.010,0.887,0.103
868000,0.010,0.909,0.081
868500,0.010,0.896,0.094
869000,0.010,0.928,0.062
869500,0.010,0.891,0.099
870000,0.010,0.894,0.096
870500,0.010,0.927,0.062
871000,0.010,0.938,0.052
871500,0.010,0.889,0.101
872000,0.010,0.875,0.115
872500,0.010,0.887,0.103
873000,0.010,0.868,0.122
873500,0.010,0.881,0.109
874000,0.010,0.866,0.124
874500,0.010,0.890,0.100
875000,0.010,0.866,0.124
875500,0.010,0.925,0.065
876000,0.010,0.943,0.047
876500,0.010,0.944,0.046
877000,0.010,0.889,0.101
877500,0.010,0.866,0.124
878000,0.010,0.890,0.100
878500,0.010,0.958,0.032
879000,0.010,0.898,0.092
879500,0.010,0.885,0.105
880000,0.010,0.852,0.138
880500,0.010,0.817,0.173
881000,0.010,0.901,0.089
881500,0.010,0.880,0.110
882000,0.010,0.884,0.106
882500,0.010,0.943,0.047
883000,0.010,0.915,0.075
883500,0.010,0.908,0.082
884000,0.010,0.926,0.064
884500,0.010,0.952,0.038
885000,0.010,0.913,0.077
885500,0.010,0.924,0.066
886000,0.010,0.936,0.054
886500,0.010,0.947,0.043
887000,0.010,0.920,0.070
887500,0.010,0.880,0.110
888000,0.010,0.831,0.159
888500,0.010,0.891,0.099
889000,0.010,0.908,0.082
889500,0.010,0.860,0.130
890000,0.010,0.912,0.078
890500,0.010,0.944,0.046
891000,0.010,0.950,0.040
891500,0.010,0.956,0.034
892000,0.010,0.927,0.062
892500,0.010,0.889,0.101
893000,0.010,0.895,0.095
893500,0.010,0.886,0.104
894000,0.010,0.901,0.089
894500,0.010,0.915,0.075
895000,0.010,0.894,0.096
895500,0.010,0.864,0.126
896000,0.010,0.878,0.112
896500,0.010,0.907,0.083
897000,0.010,0.909,0.081
897500,0.010,0.838,0.152
898000,0.010,0.847,0.143
898500,0.010,0.849,0.141
899000,0.010,0.853,0.137
899500,0.010,0.857,0.133
900000,0.010,0.896,0.094
900500,0.010,0.936,0.054
901000,0.010,0.945,0.045
901500,0.010,0.897,0.093
902000,0.010,0.883,0.107
902500,0.010,0.879,0.111
903000,0.010,0.895,0.095
903500,0.010,0.871,0.119
904000,0.010,0.903,0.087
904500,0.010,0.845,0.145
905000,0.010,0.848,0.142
905500,0.010,0.844,0.146
906000,0.010,0.840,0.150
906500,0.010,0.867,0.123
907000,0.010,0.829,0.161
907500,0.010,0.891,0.099
908000,0.010,0.946,0.044
908500,0.010,0.956,0.034
909000,0.010,0.904,0.086
909500,0.010,0.887,0.103
910000,0.010,0.866,0.124
910500,0.010,0.870,0.120
911000,0.010,0.790,0.200
911500,0.010,0.785,0.205
912000,0.010,0.844,0.146
912500,0.010,0.854,0.136
913000,0.010,0.878,0.112
913500,0.010,0.907,0.083
914000,0.010,0.880,0.110
914500,0.010,0.866,0.124
915000,0.010,0.912,0.078
915500,0.010,0.935,0.054
916000,0.010,0.937,0.053
916500,0.010,0.916,0.074
917000,0.010,0.881,0.109
917500,0.010,0.874,0.116
918000,0.010,0.882,0.108
918500,0.010,0.900,0.090
919000,0.010,0.828,0.162
919500,0.010,0.868,0.122
920000,0.010,0.840,0.150
920500,0.010,0.856,0.134
921000,0.010,0.902,0.088
921500,0.010,0.929,0.061
922000,0.010,0.879,0.111
922500,0.010,0.883,0.107
923000,0.010,0.894,0.096
923500,0.010,0.923,0.067
924000,0.010,0.848,0.142
924500,0.010,0.842,0.148
925000,0.010,0.829,0.161
925500,0.010,0.872,0.118
926000,0.010,0.846,0.144
926500,0.010,0.836,0.154
927000,0.010,0.897,0.093
927500,0.010,0.904,0.086
928000,0.010,0.895,0.095
928500,0.010,0.917,0.073
929000,0.010,0.889,0.101
929500,0.010,0.828,0.162
930000,0.010,0.870,0.120
930500,0.010,0.907,0.083
931000,0.010,0.838,0.152
931500,0.010,0.824,0.166
932000,0.010,0.857,0.133
932500,0.010,0.857,0.133
933000,0.010,0.855,0.135
933500,0.010,0.897,0.093
934000,0.010,0.897,0.093
934500,0.010,0.885,0.105
935000,0.010,0.891,0.099
935500,0.010,0.909,0.081
936000,0.010,0.934,0.056
936500,0.010,0.861,0.129
937000,0.010,0.842,0.148
937500,0.010,0.819,0.171
938000,0.010,0.837,0.153
938500,0.010,0.865,0.125
939000,0.010,0.884,0.106
939500,0.010,0.901,0.089
940000,0.010,0.856,0.134
940500,0.010,0.855,0.135
941000,0.010,0.840,0.150
941500,0.010,0.819,0.171
942000,0.010,0.821,0.169
942500,0.010,0.861,0.129
943000,0.010,0.857,0.133
943500,0.010,0.875,0.115
944000,0.010,0.889,0.101
944500,0.010,0.865,0.125
945000,0.010,0.916,0.074
945500,0.010,0.882,0.108
946000,0.010,0.864,0.126
946500,0.010,0.731,0.259
947000,0.010,0.792,0.198
947500,0.010,0.847,0.143
948000,0.010,0.866,0.124
948500,0.010,0.881,0.109
949000,0.010,0.873,0.117
949500,0.010,0.914,0.076
950000,0.010,0.893,0.097
950500,0.010,0.912,0.078
951000,0.010,0.922,0.068
951500,0.010,0.951,0.039
952000,0.010,0.933,0.056
952500,0.010,0.962,0.028
953000,0.010,0.955,0.035
953500,0.010,0.957,0.033
954000,0.010,0.959,0.031
954500,0.010,0.950,0.040
955000,0.010,0.964,0.026
955500,0.010,0.894,0.096
956000,0.010,0.863,0.127
956500,0.010,0.844,0.146
957000,0.010,0.826,0.164
957500,0.010,0.900,0.090
958000,0.010,0.915,0.075
958500,0.010,0.921,0.069
959000,0.010,0.938,0.052
959500,0.010,0.931,0.059
960000,0.010,0.916,0.074
960500,0.010,0.887,0.103
961000,0.010,0.788,0.202
961500,0.010,0.827,0.163
962000,0.010,0.836,0.154
962500,0.010,0.894,0.096
963000,0.010,0.858,0.132
963500,0.010,0.847,0.143
964000,0.010,0.897,0.093
964500,0.010,0.872,0.118
965000,0.010,0.869,0.121
965500,0.010,0.907,0.083
966000,0.010,0.909,0.081
966500,0.010,0.881,0.109
967000,0.010,0.856,0.134
967500,0.010,0.873,0.117
968000,0.010,0.868,0.122
968500,0.010,0.895,0.095
969000,0.010,0.891,0.099
969500,0.010,0.896,0.094
970000,0.010,0.864,0.126
970500,0.010,0.894,0.096
971000,0.010,0.925,0.065
971500,0.010,0.928,0.061
972000,0.010,0.912,0.078
972500,0.010,0.953,0.037
973000,0.010,0.922,0.068
973500,0.010,0.929,0.060
974000,0.010,0.942,0.048
974500,0.010,0.947,0.043
975000,0.010,0.886,0.104
975500,0.010,0.874,0.116
976000,0.010,0.861,0.129
976500,0.010,0.908,0.082
977000,0.010,0.818,0.172
977500,0.010,0.858,0.132
978000,0.010,0.832,0.158
978500,0.010,0.873,0.117
979000,0.010,0.887,0.103
979500,0.010,0.842,0.148
980000,0.010,0.896,0.094
980500,0.010,0.880,0.110
981000,0.010,0.892,0.098
981500,0.010,0.910,0.080
982000,0.010,0.931,0.058
982500,0.010,0.934,0.056
983000,0.010,0.921,0.069
983500,0.010,0.873,0.117
984000,0.010,0.902,0.088
984500,0.010,0.912,0.078
985000,0.010,0.882,0.108
985500,0.010,0.923,0.067
986000,0.010,0.930,0.059
986500,0.010,0.944,0.046
987000,0.010,0.881,0.109
987500,0.010,0.902,0.088
988000,0.010,0.883,0.107
988500,0.010,0.906,0.084
989000,0.010,0.905,0.085
989500,0.010,0.810,0.179
990000,0.010,0.853,0.137
990500,0.010,0.860,0.130
991000,0.010,0.861,0.129
991500,0.010,0.842,0.148
992000,0.010,0.825,0.165
992500,0.010,0.902,0.088
993000,0.010,0.912,0.078
993500,0.010,0.915,0.075
994000,0.010,0.875,0.115
994500,0.010,0.933,0.057
995000,0.010,0.893,0.097
995500,0.010,0.896,0.094
996000,0.010,0.927,0.062
996500,0.010,0.894,0.096
997000,0.010,0.900,0.090
997500,0.010,0.810,0.180
998000,0.010,0.781,0.209
998500,0.010,0.875,0.115
999000,0.010,0.914,0.076
999500,0.010,0.944,0.046
1000000,0.010,0.902,0.088
