time,n_A+p,n_B,n_AB
500,0.010,0.965,0.025
1000,0.010,0.875,0.115
1500,0.010,0.658,0.332
2000,0.010,0.460,0.530
2500,0.010,0.275,0.715
3000,0.010,0.231,0.759
3500,0.010,0.284,0.706
4000,0.010,0.234,0.756
4500,0.010,0.279,0.711
5000,0.010,0.239,0.750
5500,0.010,0.270,0.720
6000,0.010,0.245,0.745
6500,0.010,0.190,0.800
7000,0.010,0.215,0.775
7500,0.012,0.168,0.821
8000,0.014,0.146,0.840
8500,0.010,0.237,0.752
9000,0.017,0.200,0.783
9500,0.013,0.246,0.741
10000,0.010,0.257,0.733
10500,0.010,0.239,0.750
11000,0.013,0.194,0.793
11500,0.010,0.228,0.762
12000,0.011,0.170,0.819
12500,0.010,0.189,0.801
13000,0.010,0.212,0.777
13500,0.010,0.225,0.765
14000,0.011,0.231,0.758
14500,0.010,0.267,0.723
15000,0.010,0.204,0.786
15500,0.010,0.206,0.784
16000,0.010,0.275,0.715
16500,0.010,0.268,0.722
17000,0.010,0.224,0.766
17500,0.010,0.215,0.775
18000,0.015,0.154,0.831
18500,0.011,0.226,0.763
19000,0.021,0.138,0.841
19500,0.021,0.115,0.864
20000,0.032,0.137,0.831
20500,0.017,0.159,0.825
21000,0.020,0.104,0.875
21500,0.030,0.136,0.834
22000,0.035,0.148,0.817
22500,0.025,0.127,0.849
23000,0.045,0.093,0.862
23500,0.146,0.026,0.827
24000,0.214,0.010,0.775
24500,0.253,0.001,0.747
25000,0.310,0.000,0.690
25500,0.291,0.000,0.709
26000,0.335,0.000,0.665
26500,0.258,0.000,0.742
27000,0.296,0.000,0.704
27500,0.330,0.000,0.670
28000,0.287,0.000,0.713
28500,0.253,0.000,0.748
29000,0.276,0.000,0.724
29500,0.253,0.000,0.748
30000,0.258,0.000,0.742
30500,0.310,0.000,0.690
31000,0.293,0.000,0.707
31500,0.304,0.000,0.696
32000,0.271,0.000,0.730
32500,0.358,0.000,0.642
33000,0.339,0.000,0.661
33500,0.281,0.000,0.719
34000,0.312,0.000,0.688
34500,0.348,0.000,0.652
35000,0.271,0.000,0.729
35500,0.350,0.000,0.650
36000,0.256,0.000,0.744
36500,0.325,0.000,0.675
37000,0.395,0.000,0.605
37500,0.292,0.000,0.708
38000,0.297,0.000,0.703
38500,0.300,0.004,0.696
39000,0.191,0.006,0.803
39500,0.265,0.001,0.734
40000,0.281,0.000,0.719
40500,0.303,0.000,0.697
41000,0.303,0.000,0.697
41500,0.345,0.000,0.655
42000,0.288,0.000,0.712
42500,0.246,0.002,0.753
43000,0.265,0.000,0.736
43500,0.212,0.001,0.787
44000,0.282,0.000,0.718
44500,0.335,0.000,0.665
45000,0.383,0.000,0.617
45500,0.304,0.000,0.696
46000,0.374,0.000,0.625
46500,0.310,0.000,0.690
47000,0.296,0.000,0.704
47500,0.269,0.000,0.732
48000,0.341,0.000,0.659
48500,0.330,0.000,0.670
49000,0.313,0.000,0.687
49500,0.392,0.000,0.608
50000,0.326,0.000,0.674
50500,0.347,0.000,0.653
51000,0.286,0.000,0.714
51500,0.341,0.000,0.659
52000,0.367,0.000,0.633
52500,0.292,0.000,0.708
53000,0.325,0.000,0.675
53500,0.281,0.000,0.719
54000,0.314,0.000,0.686
54500,0.369,0.000,0.631
55000,0.350,0.000,0.649
55500,0.378,0.000,0.623
56000,0.338,0.000,0.662
56500,0.338,0.000,0.662
57000,0.271,0.000,0.730
57500,0.304,0.006,0.689
58000,0.270,0.001,0.729
58500,0.252,0.000,0.748
59000,0.315,0.000,0.685
59500,0.254,0.000,0.746
60000,0.301,0.000,0.699
60500,0.334,0.000,0.666
61000,0.388,0.000,0.613
61500,0.338,0.000,0.662
62000,0.402,0.000,0.599
62500,0.307,0.000,0.693
63000,0.282,0.000,0.718
63500,0.262,0.005,0.733
64000,0.245,0.007,0.748
64500,0.262,0.002,0.736
65000,0.310,0.000,0.690
65500,0.325,0.000,0.675
66000,0.433,0.000,0.567
66500,0.356,0.000,0.644
67000,0.441,0.000,0.559
67500,0.311,0.000,0.689
68000,0.302,0.000,0.698
68500,0.268,0.009,0.724
69000,0.221,0.008,0.771
69500,0.191,0.000,0.809
70000,0.273,0.000,0.728
70500,0.350,0.000,0.649
71000,0.356,0.000,0.644
71500,0.308,0.000,0.692
72000,0.329,0.000,0.671
72500,0.378,0.000,0.623
73000,0.353,0.000,0.647
73500,0.358,0.000,0.641
74000,0.279,0.000,0.722
74500,0.322,0.000,0.678
75000,0.363,0.000,0.637
75500,0.334,0.000,0.666
76000,0.310,0.000,0.690
76500,0.365,0.000,0.635
77000,0.349,0.000,0.651
77500,0.280,0.000,0.720
78000,0.284,0.000,0.716
78500,0.297,0.004,0.700
79000,0.329,0.000,0.671
79500,0.252,0.000,0.748
80000,0.337,0.000,0.663
80500,0.365,0.000,0.635
81000,0.348,0.000,0.651
81500,0.305,0.000,0.695
82000,0.302,0.000,0.698
82500,0.324,0.000,0.676
83000,0.346,0.000,0.654
83500,0.322,0.000,0.678
84000,0.268,0.000,0.732
84500,0.355,0.000,0.645
85000,0.354,0.000,0.646
85500,0.311,0.000,0.689
86000,0.341,0.000,0.659
86500,0.335,0.000,0.665
87000,0.308,0.000,0.692
87500,0.271,0.000,0.729
88000,0.299,0.000,0.701
88500,0.267,0.000,0.733
89000,0.304,0.000,0.696
89500,0.329,0.000,0.671
90000,0.298,0.000,0.702
90500,0.349,0.000,0.651
91000,0.387,0.000,0.613
91500,0.314,0.000,0.686
92000,0.256,0.000,0.744
92500,0.239,0.000,0.760
93000,0.326,0.000,0.674
93500,0.293,0.000,0.707
94000,0.257,0.000,0.743
94500,0.323,0.002,0.676
95000,0.310,0.000,0.690
95500,0.243,0.000,0.756
96000,0.295,0.000,0.705
96500,0.259,0.000,0.741
97000,0.312,0.000,0.688
97500,0.307,0.000,0.693
98000,0.402,0.001,0.598
98500,0.314,0.000,0.686
99000,0.272,0.000,0.728
99500,0.296,0.000,0.704
100000,0.253,0.000,0.748
100500,0.288,0.000,0.712
101000,0.322,0.009,0.669
101500,0.315,0.001,0.685
102000,0.293,0.000,0.707
102500,0.258,0.000,0.742
103000,0.301,0.000,0.699
103500,0.300,0.000,0.700
104000,0.271,0.000,0.730
104500,0.238,0.000,0.762
105000,0.273,0.000,0.728
105500,0.356,0.000,0.644
106000,0.353,0.000,0.647
106500,0.231,0.000,0.769
107000,0.360,0.000,0.639
107500,0.297,0.000,0.703
108000,0.361,0.000,0.639
108500,0.337,0.000,0.663
109000,0.317,0.000,0.683
109500,0.326,0.000,0.674
110000,0.268,0.000,0.732
110500,0.338,0.000,0.662
111000,0.305,0.000,0.695
111500,0.298,0.000,0.702
112000,0.329,0.000,0.671
112500,0.364,0.000,0.636
113000,0.309,0.000,0.691
113500,0.436,0.000,0.564
114000,0.461,0.000,0.539
114500,0.326,0.000,0.674
115000,0.226,0.000,0.774
115500,0.262,0.000,0.738
116000,0.249,0.000,0.751
116500,0.273,0.000,0.727
117000,0.292,0.000,0.708
117500,0.283,0.000,0.717
118000,0.302,0.005,0.693
118500,0.284,0.003,0.713
119000,0.245,0.000,0.755
119500,0.303,0.000,0.697
120000,0.350,0.000,0.650
120500,0.340,0.000,0.660
121000,0.325,0.000,0.675
121500,0.355,0.000,0.645
122000,0.345,0.000,0.655
122500,0.285,0.000,0.715
123000,0.273,0.000,0.727
123500,0.249,0.000,0.751
124000,0.298,0.000,0.702
124500,0.266,0.000,0.734
125000,0.320,0.000,0.680
125500,0.330,0.000,0.670
126000,0.326,0.000,0.674
126500,0.325,0.000,0.675
127000,0.339,0.000,0.661
127500,0.291,0.000,0.709
128000,0.294,0.000,0.706
128500,0.218,0.000,0.781
129000,0.291,0.000,0.709
129500,0.395,0.000,0.605
130000,0.331,0.000,0.669
130500,0.345,0.000,0.655
131000,0.245,0.005,0.750
131500,0.253,0.001,0.747
132000,0.333,0.000,0.667
132500,0.380,0.000,0.620
133000,0.337,0.000,0.663
133500,0.378,0.000,0.622
134000,0.315,0.000,0.685
134500,0.250,0.000,0.750
135000,0.225,0.002,0.774
135500,0.263,0.000,0.738
136000,0.252,0.000,0.748
136500,0.260,0.000,0.740
137000,0.280,0.000,0.720
137500,0.248,0.000,0.752
138000,0.302,0.000,0.698
138500,0.258,0.000,0.742
139000,0.284,0.004,0.713
139500,0.222,0.000,0.778
140000,0.231,0.007,0.762
140500,0.249,0.003,0.749
141000,0.327,0.000,0.673
141500,0.271,0.000,0.729
142000,0.343,0.000,0.657
142500,0.292,0.000,0.708
143000,0.317,0.000,0.683
143500,0.346,0.000,0.653
144000,0.243,0.000,0.757
144500,0.332,0.000,0.668
145000,0.286,0.000,0.714
145500,0.275,0.000,0.725
146000,0.356,0.000,0.643
146500,0.279,0.000,0.721
147000,0.267,0.000,0.734
147500,0.268,0.000,0.732
148000,0.365,0.000,0.635
148500,0.374,0.000,0.626
149000,0.368,0.000,0.632
149500,0.284,0.000,0.716
150000,0.271,0.000,0.729
150500,0.334,0.000,0.666
151000,0.286,0.000,0.714
151500,0.269,0.000,0.732
152000,0.301,0.000,0.699
152500,0.331,0.000,0.669
153000,0.289,0.000,0.711
153500,0.262,0.000,0.738
154000,0.235,0.000,0.765
154500,0.255,0.000,0.745
155000,0.224,0.007,0.769
155500,0.281,0.005,0.714
156000,0.246,0.001,0.753
156500,0.203,0.000,0.797
157000,0.271,0.000,0.729
157500,0.491,0.000,0.509
158000,0.449,0.000,0.551
158500,0.281,0.000,0.719
159000,0.281,0.000,0.720
159500,0.281,0.000,0.719
160000,0.277,0.000,0.723
160500,0.300,0.000,0.700
161000,0.323,0.000,0.677
161500,0.287,0.000,0.713
162000,0.284,0.000,0.716
162500,0.302,0.000,0.698
163000,0.358,0.000,0.641
163500,0.319,0.000,0.681
164000,0.280,0.001,0.720
164500,0.311,0.001,0.689
165000,0.260,0.000,0.740
165500,0.322,0.000,0.678
166000,0.329,0.000,0.671
166500,0.279,0.000,0.722
167000,0.266,0.000,0.734
167500,0.317,0.000,0.683
168000,0.351,0.000,0.649
168500,0.352,0.000,0.648
169000,0.368,0.000,0.632
169500,0.332,0.000,0.668
170000,0.329,0.000,0.671
170500,0.277,0.000,0.724
171000,0.280,0.000,0.720
171500,0.298,0.000,0.702
172000,0.303,0.000,0.697
172500,0.367,0.000,0.633
173000,0.320,0.000,0.680
173500,0.305,0.000,0.695
174000,0.344,0.000,0.656
174500,0.376,0.000,0.624
175000,0.340,0.000,0.660
175500,0.292,0.009,0.699
176000,0.272,0.004,0.724
176500,0.294,0.001,0.706
177000,0.333,0.000,0.667
177500,0.290,0.007,0.703
178000,0.298,0.000,0.702
178500,0.356,0.000,0.643
179000,0.263,0.000,0.738
179500,0.331,0.003,0.666
180000,0.326,0.001,0.673
180500,0.341,0.000,0.659
181000,0.366,0.000,0.634
181500,0.386,0.000,0.614
182000,0.382,0.000,0.619
182500,0.337,0.000,0.663
183000,0.341,0.000,0.659
183500,0.278,0.000,0.722
184000,0.360,0.000,0.639
184500,0.318,0.000,0.682
185000,0.308,0.000,0.692
185500,0.381,0.000,0.619
186000,0.369,0.000,0.631
186500,0.345,0.000,0.655
187000,0.327,0.000,0.673
187500,0.271,0.000,0.730
188000,0.326,0.000,0.674
188500,0.318,0.000,0.682
189000,0.246,0.009,0.745
189500,0.310,0.001,0.689
190000,0.282,0.001,0.718
190500,0.298,0.000,0.702
191000,0.291,0.000,0.709
191500,0.326,0.000,0.674
192000,0.296,0.000,0.704
192500,0.335,0.000,0.665
193000,0.253,0.000,0.748
193500,0.279,0.000,0.721
194000,0.247,0.000,0.752
194500,0.334,0.000,0.666
195000,0.330,0.000,0.670
195500,0.334,0.000,0.666
196000,0.288,0.000,0.712
196500,0.342,0.000,0.658
197000,0.308,0.000,0.692
197500,0.241,0.000,0.758
198000,0.333,0.000,0.667
198500,0.249,0.000,0.750
199000,0.301,0.000,0.699
199500,0.317,0.000,0.683
200000,0.264,0.000,0.736
200500,0.290,0.000,0.710
201000,0.275,0.000,0.726
201500,0.243,0.000,0.756
202000,0.279,0.000,0.722
202500,0.302,0.000,0.698
203000,0.233,0.000,0.767
203500,0.275,0.000,0.725
204000,0.314,0.000,0.686
204500,0.322,0.000,0.678
205000,0.313,0.000,0.687
205500,0.254,0.005,0.741
206000,0.203,0.013,0.783
206500,0.217,0.008,0.775
207000,0.321,0.000,0.679
207500,0.345,0.000,0.655
208000,0.331,0.000,0.669
208500,0.320,0.000,0.680
209000,0.340,0.000,0.660
209500,0.314,0.000,0.686
210000,0.364,0.000,0.635
210500,0.294,0.000,0.706
211000,0.385,0.000,0.615
211500,0.310,0.000,0.690
212000,0.299,0.000,0.701
212500,0.278,0.000,0.722
213000,0.286,0.000,0.714
213500,0.292,0.000,0.708
214000,0.324,0.000,0.676
214500,0.302,0.000,0.698
215000,0.344,0.000,0.655
215500,0.299,0.000,0.701
216000,0.282,0.000,0.718
216500,0.269,0.000,0.731
217000,0.255,0.009,0.737
217500,0.237,0.001,0.762
218000,0.353,0.000,0.647
218500,0.347,0.000,0.653
219000,0.359,0.000,0.641
219500,0.312,0.000,0.688
220000,0.319,0.000,0.681
220500,0.282,0.000,0.718
221000,0.298,0.000,0.702
221500,0.385,0.000,0.615
222000,0.341,0.000,0.659
222500,0.321,0.000,0.679
223000,0.340,0.000,0.660
223500,0.354,0.000,0.645
224000,0.324,0.000,0.676
224500,0.282,0.000,0.718
225000,0.313,0.000,0.687
225500,0.285,0.000,0.715
226000,0.290,0.003,0.707
226500,0.303,0.000,0.697
227000,0.278,0.000,0.722
227500,0.335,0.000,0.665
228000,0.299,0.000,0.701
228500,0.291,0.000,0.709
229000,0.352,0.000,0.647
229500,0.244,0.000,0.756
230000,0.345,0.000,0.655
230500,0.407,0.000,0.593
231000,0.335,0.000,0.665
231500,0.272,0.000,0.728
232000,0.205,0.000,0.795
232500,0.211,0.005,0.784
233000,0.322,0.000,0.678
233500,0.339,0.000,0.661
234000,0.342,0.000,0.658
234500,0.295,0.000,0.705
235000,0.257,0.000,0.743
235500,0.297,0.000,0.703
236000,0.282,0.000,0.718
236500,0.290,0.000,0.710
237000,0.332,0.000,0.668
237500,0.397,0.000,0.603
238000,0.324,0.000,0.676
238500,0.311,0.000,0.689
239000,0.278,0.000,0.722
239500,0.316,0.000,0.684
240000,0.344,0.000,0.656
240500,0.393,0.000,0.607
241000,0.342,0.000,0.658
241500,0.275,0.000,0.725
242000,0.356,0.000,0.643
242500,0.346,0.000,0.653
243000,0.345,0.000,0.655
243500,0.349,0.000,0.651
244000,0.357,0.000,0.643
244500,0.318,0.000,0.682
245000,0.279,0.000,0.721
245500,0.275,0.000,0.725
246000,0.236,0.000,0.764
246500,0.300,0.000,0.700
247000,0.327,0.000,0.673
247500,0.344,0.000,0.656
248000,0.257,0.000,0.743
248500,0.410,0.000,0.590
249000,0.358,0.000,0.642
249500,0.362,0.000,0.637
250000,0.271,0.000,0.729
250500,0.218,0.000,0.781
251000,0.226,0.000,0.774
251500,0.273,0.000,0.728
252000,0.247,0.006,0.747
252500,0.253,0.001,0.747
253000,0.297,0.000,0.703
253500,0.297,0.000,0.703
254000,0.281,0.000,0.719
254500,0.271,0.000,0.729
255000,0.408,0.000,0.592
255500,0.347,0.000,0.653
256000,0.326,0.000,0.674
256500,0.353,0.000,0.647
257000,0.390,0.000,0.611
257500,0.353,0.000,0.647
258000,0.250,0.000,0.750
258500,0.326,0.000,0.674
259000,0.323,0.000,0.677
259500,0.275,0.000,0.726
260000,0.327,0.000,0.673
260500,0.322,0.000,0.678
261000,0.301,0.000,0.699
261500,0.278,0.000,0.722
262000,0.322,0.000,0.678
262500,0.401,0.000,0.599
263000,0.401,0.000,0.599
263500,0.296,0.000,0.704
264000,0.238,0.003,0.760
264500,0.336,0.000,0.664
265000,0.216,0.000,0.783
265500,0.289,0.000,0.711
266000,0.269,0.000,0.731
266500,0.281,0.000,0.719
267000,0.374,0.000,0.625
267500,0.379,0.000,0.621
268000,0.330,0.000,0.670
268500,0.316,0.000,0.684
269000,0.399,0.000,0.601
269500,0.266,0.000,0.734
270000,0.297,0.000,0.703
270500,0.232,0.000,0.768
271000,0.305,0.000,0.695
271500,0.303,0.000,0.697
272000,0.341,0.000,0.659
272500,0.261,0.000,0.739
273000,0.243,0.000,0.757
273500,0.308,0.000,0.692
274000,0.302,0.000,0.698
274500,0.307,0.000,0.693
275000,0.346,0.000,0.654
275500,0.316,0.000,0.684
276000,0.274,0.000,0.726
276500,0.281,0.000,0.720
277000,0.350,0.000,0.650
277500,0.298,0.000,0.702
278000,0.317,0.000,0.683
278500,0.332,0.000,0.668
279000,0.276,0.000,0.724
279500,0.284,0.000,0.716
280000,0.263,0.000,0.737
280500,0.303,0.000,0.697
281000,0.315,0.000,0.685
281500,0.262,0.000,0.738
282000,0.305,0.000,0.695
282500,0.327,0.000,0.673
283000,0.301,0.000,0.699
283500,0.302,0.000,0.698
284000,0.302,0.000,0.698
284500,0.260,0.001,0.739
285000,0.311,0.000,0.689
285500,0.295,0.000,0.705
286000,0.394,0.000,0.607
286500,0.367,0.000,0.633
287000,0.354,0.000,0.645
287500,0.335,0.000,0.665
288000,0.286,0.000,0.714
288500,0.369,0.000,0.631
289000,0.362,0.000,0.637
289500,0.327,0.000,0.673
290000,0.300,0.000,0.700
290500,0.342,0.000,0.658
291000,0.368,0.000,0.632
291500,0.344,0.000,0.655
292000,0.343,0.000,0.657
292500,0.331,0.000,0.669
293000,0.372,0.000,0.628
293500,0.326,0.000,0.674
294000,0.314,0.000,0.686
294500,0.349,0.000,0.651
295000,0.350,0.000,0.649
295500,0.360,0.000,0.640
296000,0.354,0.000,0.645
296500,0.307,0.000,0.693
297000,0.301,0.001,0.698
297500,0.230,0.004,0.767
298000,0.283,0.000,0.717
298500,0.293,0.000,0.707
299000,0.322,0.000,0.678
299500,0.276,0.006,0.718
300000,0.283,0.001,0.717
300500,0.257,0.000,0.744
301000,0.315,0.000,0.685
301500,0.274,0.009,0.718
302000,0.291,0.000,0.709
302500,0.338,0.000,0.662
303000,0.350,0.000,0.649
303500,0.348,0.000,0.651
304000,0.302,0.000,0.698
304500,0.257,0.005,0.738
305000,0.229,0.002,0.769
305500,0.232,0.000,0.768
306000,0.292,0.000,0.708
306500,0.355,0.000,0.645
307000,0.391,0.000,0.609
307500,0.325,0.000,0.675
308000,0.289,0.000,0.711
308500,0.341,0.000,0.659
309000,0.319,0.000,0.681
309500,0.421,0.000,0.579
310000,0.299,0.000,0.701
310500,0.344,0.000,0.656
311000,0.312,0.000,0.688
311500,0.311,0.000,0.689
312000,0.284,0.000,0.716
312500,0.312,0.000,0.688
313000,0.380,0.000,0.621
313500,0.306,0.000,0.694
314000,0.301,0.000,0.699
314500,0.256,0.000,0.744
315000,0.249,0.000,0.751
315500,0.263,0.000,0.738
316000,0.290,0.000,0.710
316500,0.278,0.000,0.722
317000,0.322,0.000,0.678
317500,0.283,0.000,0.717
318000,0.256,0.002,0.743
318500,0.317,0.000,0.683
319000,0.338,0.000,0.662
319500,0.274,0.000,0.726
320000,0.335,0.000,0.665
320500,0.330,0.000,0.670
321000,0.275,0.000,0.726
321500,0.386,0.000,0.614
322000,0.371,0.000,0.629
322500,0.290,0.000,0.710
323000,0.319,0.000,0.681
323500,0.351,0.000,0.649
324000,0.344,0.000,0.656
324500,0.299,0.000,0.701
325000,0.371,0.000,0.629
325500,0.319,0.000,0.681
326000,0.228,0.000,0.772
326500,0.249,0.000,0.751
327000,0.300,0.000,0.700
327500,0.423,0.000,0.577
328000,0.407,0.000,0.593
328500,0.354,0.000,0.645
329000,0.265,0.000,0.736
329500,0.297,0.000,0.703
330000,0.317,0.000,0.683
330500,0.371,0.000,0.629
331000,0.332,0.000,0.668
331500,0.324,0.000,0.676
332000,0.328,0.000,0.672
332500,0.368,0.000,0.631
333000,0.352,0.000,0.647
333500,0.282,0.000,0.718
334000,0.371,0.000,0.629
334500,0.287,0.000,0.713
335000,0.353,0.000,0.647
335500,0.364,0.000,0.636
336000,0.311,0.000,0.689
336500,0.282,0.000,0.718
337000,0.319,0.000,0.681
337500,0.285,0.000,0.715
338000,0.283,0.000,0.717
338500,0.342,0.000,0.658
339000,0.342,0.000,0.658
339500,0.291,0.000,0.709
340000,0.302,0.000,0.698
340500,0.369,0.000,0.631
341000,0.263,0.000,0.738
341500,0.316,0.000,0.684
342000,0.350,0.000,0.649
342500,0.343,0.000,0.657
343000,0.399,0.000,0.601
343500,0.290,0.000,0.710
344000,0.374,0.000,0.625
344500,0.300,0.000,0.700
345000,0.305,0.000,0.695
345500,0.297,0.000,0.703
346000,0.222,0.000,0.778
346500,0.300,0.001,0.699
347000,0.311,0.003,0.685
347500,0.304,0.000,0.696
348000,0.311,0.000,0.689
348500,0.350,0.000,0.650
349000,0.376,0.000,0.625
349500,0.318,0.000,0.682
350000,0.308,0.000,0.692
350500,0.371,0.000,0.629
351000,0.320,0.000,0.680
351500,0.245,0.000,0.755
352000,0.365,0.000,0.635
352500,0.335,0.000,0.665
353000,0.363,0.000,0.637
353500,0.354,0.000,0.646
354000,0.360,0.000,0.640
354500,0.370,0.000,0.629
355000,0.333,0.000,0.667
355500,0.394,0.000,0.606
356000,0.330,0.000,0.670
356500,0.354,0.000,0.646
357000,0.372,0.000,0.627
357500,0.385,0.000,0.615
358000,0.300,0.000,0.700
358500,0.312,0.000,0.688
359000,0.285,0.000,0.715
359500,0.390,0.000,0.611
360000,0.364,0.000,0.635
360500,0.291,0.000,0.709
361000,0.361,0.000,0.639
361500,0.326,0.000,0.674
362000,0.303,0.000,0.697
362500,0.252,0.000,0.748
363000,0.321,0.000,0.679
363500,0.314,0.000,0.686
364000,0.344,0.000,0.655
364500,0.337,0.000,0.663
365000,0.338,0.000,0.662
365500,0.292,0.000,0.708
366000,0.326,0.000,0.674
366500,0.386,0.000,0.615
367000,0.291,0.000,0.709
367500,0.376,0.000,0.625
368000,0.294,0.000,0.706
368500,0.267,0.000,0.733
369000,0.288,0.000,0.712
369500,0.285,0.000,0.715
370000,0.305,0.004,0.691
370500,0.280,0.000,0.720
371000,0.410,0.000,0.590
371500,0.346,0.000,0.654
372000,0.253,0.000,0.747
372500,0.224,0.000,0.776
373000,0.337,0.000,0.663
373500,0.304,0.000,0.696
374000,0.325,0.000,0.675
374500,0.428,0.000,0.572
375000,0.355,0.000,0.645
375500,0.300,0.000,0.700
376000,0.330,0.000,0.670
376500,0.360,0.000,0.640
377000,0.339,0.000,0.661
377500,0.301,0.000,0.699
378000,0.279,0.003,0.718
378500,0.286,0.000,0.714
379000,0.302,0.000,0.698
379500,0.271,0.000,0.730
380000,0.330,0.000,0.670
380500,0.343,0.000,0.657
381000,0.305,0.000,0.695
381500,0.330,0.000,0.670
382000,0.315,0.000,0.685
382500,0.321,0.000,0.679
383000,0.341,0.000,0.659
383500,0.303,0.000,0.697
384000,0.320,0.000,0.680
384500,0.266,0.000,0.734
385000,0.295,0.000,0.705
385500,0.269,0.000,0.731
386000,0.254,0.000,0.746
386500,0.314,0.000,0.686
387000,0.255,0.000,0.746
387500,0.354,0.000,0.645
388000,0.289,0.000,0.711
388500,0.295,0.000,0.705
389000,0.307,0.000,0.693
389500,0.347,0.004,0.649
390000,0.312,0.000,0.688
390500,0.299,0.000,0.701
391000,0.343,0.000,0.657
391500,0.317,0.000,0.683
392000,0.297,0.000,0.703
392500,0.383,0.000,0.617
393000,0.276,0.000,0.724
393500,0.262,0.002,0.736
394000,0.281,0.001,0.719
394500,0.282,0.003,0.716
395000,0.335,0.000,0.665
395500,0.256,0.000,0.744
396000,0.299,0.000,0.701
396500,0.303,0.000,0.697
397000,0.318,0.000,0.682
397500,0.262,0.000,0.738
398000,0.279,0.000,0.721
398500,0.289,0.000,0.711
399000,0.266,0.000,0.734
399500,0.305,0.000,0.695
400000,0.293,0.000,0.707
400500,0.306,0.000,0.694
401000,0.299,0.000,0.701
401500,0.326,0.000,0.674
402000,0.326,0.000,0.674
402500,0.353,0.000,0.647
403000,0.296,0.000,0.704
403500,0.312,0.000,0.688
404000,0.269,0.009,0.723
404500,0.368,0.001,0.631
405000,0.347,0.000,0.653
405500,0.300,0.000,0.700
406000,0.366,0.000,0.634
406500,0.323,0.000,0.677
407000,0.318,0.000,0.682
407500,0.265,0.000,0.735
408000,0.339,0.000,0.661
408500,0.322,0.000,0.678
409000,0.337,0.000,0.663
409500,0.250,0.000,0.750
410000,0.285,0.000,0.715
410500,0.263,0.000,0.737
411000,0.257,0.000,0.743
411500,0.290,0.000,0.710
412000,0.363,0.000,0.637
412500,0.364,0.001,0.635
413000,0.297,0.000,0.703
413500,0.273,0.000,0.727
414000,0.267,0.000,0.733
414500,0.302,0.000,0.698
415000,0.333,0.000,0.667
415500,0.320,0.004,0.676
416000,0.279,0.000,0.721
416500,0.264,0.000,0.736
417000,0.266,0.000,0.734
417500,0.348,0.000,0.652
418000,0.326,0.000,0.674
418500,0.330,0.000,0.670
419000,0.355,0.000,0.645
419500,0.321,0.000,0.679
420000,0.293,0.000,0.707
420500,0.325,0.000,0.675
421000,0.348,0.000,0.652
421500,0.297,0.000,0.703
422000,0.273,0.000,0.727
422500,0.315,0.000,0.685
423000,0.333,0.000,0.667
423500,0.230,0.000,0.770
424000,0.344,0.000,0.655
424500,0.337,0.000,0.663
425000,0.312,0.000,0.688
425500,0.274,0.000,0.726
426000,0.273,0.000,0.728
426500,0.351,0.000,0.649
427000,0.373,0.000,0.627
427500,0.273,0.000,0.728
428000,0.276,0.000,0.724
428500,0.300,0.000,0.700
429000,0.303,0.000,0.697
429500,0.331,0.000,0.669
430000,0.258,0.000,0.742
430500,0.234,0.000,0.766
431000,0.247,0.000,0.752
431500,0.305,0.000,0.695
432000,0.278,0.000,0.722
432500,0.279,0.000,0.722
433000,0.269,0.000,0.731
433500,0.325,0.000,0.675
434000,0.271,0.000,0.729
434500,0.311,0.000,0.689
435000,0.270,0.000,0.730
435500,0.293,0.000,0.707
436000,0.275,0.000,0.725
436500,0.318,0.000,0.682
437000,0.359,0.000,0.641
437500,0.306,0.000,0.694
438000,0.326,0.000,0.674
438500,0.356,0.000,0.643
439000,0.424,0.000,0.576
439500,0.308,0.000,0.692
440000,0.356,0.000,0.644
440500,0.345,0.000,0.655
441000,0.369,0.000,0.631
441500,0.294,0.000,0.706
442000,0.305,0.000,0.695
442500,0.371,0.000,0.629
443000,0.390,0.000,0.611
443500,0.329,0.000,0.671
444000,0.346,0.000,0.654
444500,0.278,0.000,0.722
445000,0.304,0.000,0.696
445500,0.266,0.000,0.734
446000,0.312,0.000,0.688
446500,0.280,0.000,0.720
447000,0.378,0.000,0.623
447500,0.306,0.000,0.694
448000,0.307,0.003,0.690
448500,0.270,0.003,0.727
449000,0.320,0.000,0.680
449500,0.299,0.003,0.698
450000,0.333,0.001,0.667
450500,0.270,0.000,0.730
451000,0.307,0.000,0.693
451500,0.247,0.002,0.751
452000,0.299,0.001,0.700
452500,0.314,0.001,0.685
453000,0.346,0.000,0.654
453500,0.292,0.000,0.708
454000,0.364,0.000,0.636
454500,0.297,0.000,0.703
455000,0.278,0.004,0.719
455500,0.292,0.001,0.708
456000,0.342,0.000,0.658
456500,0.308,0.000,0.692
457000,0.297,0.000,0.703
457500,0.249,0.000,0.750
458000,0.299,0.000,0.701
458500,0.313,0.000,0.687
459000,0.347,0.000,0.653
459500,0.354,0.000,0.646
460000,0.256,0.000,0.744
460500,0.290,0.000,0.710
461000,0.243,0.000,0.757
461500,0.281,0.000,0.719
462000,0.277,0.000,0.724
462500,0.305,0.000,0.695
463000,0.237,0.000,0.762
463500,0.299,0.000,0.701
464000,0.253,0.000,0.747
464500,0.247,0.000,0.752
465000,0.309,0.000,0.691
465500,0.378,0.000,0.623
466000,0.338,0.000,0.662
466500,0.337,0.000,0.663
467000,0.356,0.000,0.643
467500,0.317,0.000,0.683
468000,0.393,0.000,0.607
468500,0.378,0.000,0.622
469000,0.280,0.000,0.720
469500,0.274,0.000,0.726
470000,0.326,0.000,0.674
470500,0.279,0.000,0.722
471000,0.332,0.000,0.668
471500,0.312,0.000,0.688
472000,0.339,0.000,0.661
472500,0.257,0.000,0.743
473000,0.251,0.000,0.749
473500,0.261,0.000,0.740
474000,0.269,0.000,0.732
474500,0.374,0.000,0.626
475000,0.364,0.000,0.635
475500,0.373,0.000,0.627
476000,0.298,0.000,0.702
476500,0.254,0.003,0.744
477000,0.348,0.000,0.651
477500,0.313,0.000,0.687
478000,0.297,0.000,0.703
478500,0.247,0.000,0.752
479000,0.250,0.004,0.746
479500,0.240,0.002,0.758
480000,0.281,0.001,0.719
480500,0.332,0.000,0.668
481000,0.252,0.000,0.748
481500,0.269,0.000,0.732
482000,0.281,0.000,0.719
482500,0.278,0.000,0.722
483000,0.279,0.000,0.721
483500,0.254,0.000,0.746
484000,0.293,0.000,0.707
484500,0.337,0.000,0.663
485000,0.270,0.000,0.730
485500,0.339,0.000,0.661
486000,0.296,0.000,0.704
486500,0.337,0.000,0.663
487000,0.422,0.000,0.578
487500,0.500,0.000,0.500
488000,0.387,0.000,0.613
488500,0.309,0.000,0.691
489000,0.390,0.000,0.610
489500,0.281,0.000,0.719
490000,0.341,0.000,0.659
490500,0.311,0.000,0.689
491000,0.313,0.000,0.687
491500,0.286,0.000,0.714
492000,0.295,0.000,0.705
492500,0.361,0.000,0.639
493000,0.319,0.000,0.681
493500,0.236,0.005,0.759
494000,0.319,0.001,0.681
494500,0.340,0.000,0.660
495000,0.296,0.000,0.704
495500,0.281,0.002,0.718
496000,0.278,0.000,0.722
496500,0.336,0.000,0.664
497000,0.274,0.000,0.726
497500,0.332,0.000,0.668
498000,0.341,0.000,0.659
498500,0.281,0.000,0.719
499000,0.277,0.001,0.723
499500,0.279,0.000,0.722
500000,0.269,0.000,0.732
500500,0.287,0.000,0.713
501000,0.345,0.000,0.655
501500,0.334,0.000,0.666
502000,0.261,0.000,0.739
502500,0.379,0.000,0.621
503000,0.308,0.000,0.692
503500,0.364,0.000,0.636
504000,0.315,0.000,0.685
504500,0.276,0.000,0.724
505000,0.284,0.000,0.716
505500,0.279,0.000,0.721
506000,0.319,0.000,0.681
506500,0.348,0.000,0.651
507000,0.290,0.000,0.710
507500,0.299,0.000,0.701
508000,0.333,0.000,0.667
508500,0.366,0.000,0.634
509000,0.314,0.000,0.686
509500,0.299,0.000,0.701
510000,0.317,0.000,0.683
510500,0.278,0.000,0.722
511000,0.245,0.007,0.747
511500,0.240,0.000,0.760
512000,0.352,0.000,0.647
512500,0.374,0.000,0.626
513000,0.337,0.000,0.663
513500,0.294,0.000,0.706
514000,0.264,0.000,0.736
514500,0.257,0.000,0.743
515000,0.317,0.000,0.683
515500,0.347,0.000,0.653
516000,0.395,0.000,0.605
516500,0.274,0.000,0.726
517000,0.278,0.000,0.722
517500,0.282,0.000,0.718
518000,0.258,0.000,0.742
518500,0.347,0.000,0.653
519000,0.314,0.000,0.686
519500,0.296,0.000,0.704
520000,0.338,0.000,0.662
520500,0.304,0.000,0.696
521000,0.277,0.000,0.723
521500,0.296,0.000,0.704
522000,0.331,0.000,0.669
522500,0.332,0.000,0.668
523000,0.255,0.000,0.746
523500,0.342,0.000,0.658
524000,0.277,0.000,0.724
524500,0.319,0.000,0.681
525000,0.317,0.000,0.683
525500,0.333,0.001,0.666
526000,0.294,0.000,0.706
526500,0.302,0.000,0.698
527000,0.249,0.000,0.751
527500,0.368,0.000,0.632
528000,0.341,0.000,0.659
528500,0.421,0.000,0.579
529000,0.341,0.000,0.659
529500,0.318,0.000,0.682
530000,0.318,0.000,0.682
530500,0.325,0.000,0.675
531000,0.391,0.000,0.609
531500,0.324,0.000,0.676
532000,0.367,0.000,0.633
532500,0.313,0.000,0.687
533000,0.238,0.000,0.762
533500,0.303,0.000,0.697
534000,0.314,0.000,0.686
534500,0.334,0.000,0.666
535000,0.268,0.000,0.732
535500,0.263,0.005,0.733
536000,0.241,0.000,0.758
536500,0.307,0.000,0.693
537000,0.350,0.000,0.649
537500,0.241,0.000,0.759
538000,0.309,0.000,0.691
538500,0.293,0.000,0.707
539000,0.295,0.000,0.705
539500,0.304,0.000,0.696
540000,0.256,0.000,0.744
540500,0.304,0.000,0.696
541000,0.287,0.000,0.713
541500,0.273,0.000,0.727
542000,0.259,0.000,0.742
542500,0.252,0.000,0.748
543000,0.265,0.000,0.735
543500,0.329,0.001,0.670
544000,0.295,0.000,0.705
544500,0.282,0.000,0.718
545000,0.289,0.000,0.711
545500,0.242,0.000,0.758
546000,0.241,0.000,0.759
546500,0.235,0.000,0.765
547000,0.281,0.002,0.717
547500,0.271,0.000,0.729
548000,0.241,0.000,0.758
548500,0.277,0.000,0.724
549000,0.256,0.000,0.744
549500,0.243,0.002,0.756
550000,0.298,0.000,0.702
550500,0.251,0.003,0.747
551000,0.273,0.000,0.728
551500,0.269,0.000,0.731
552000,0.299,0.000,0.701
552500,0.336,0.000,0.664
553000,0.298,0.000,0.702
553500,0.321,0.000,0.679
554000,0.337,0.000,0.663
554500,0.348,0.000,0.651
555000,0.402,0.000,0.599
555500,0.337,0.000,0.663
556000,0.300,0.000,0.700
556500,0.281,0.009,0.710
557000,0.301,0.000,0.699
557500,0.335,0.000,0.665
558000,0.312,0.000,0.688
558500,0.324,0.000,0.676
559000,0.310,0.000,0.690
559500,0.317,0.000,0.683
560000,0.335,0.000,0.665
560500,0.210,0.005,0.785
561000,0.254,0.001,0.746
561500,0.259,0.000,0.742
562000,0.216,0.000,0.783
562500,0.319,0.000,0.681
563000,0.377,0.000,0.623
563500,0.312,0.000,0.688
564000,0.268,0.000,0.732
564500,0.281,0.000,0.719
565000,0.361,0.000,0.639
565500,0.281,0.000,0.720
566000,0.322,0.000,0.678
566500,0.380,0.000,0.620
567000,0.326,0.000,0.674
567500,0.302,0.000,0.698
568000,0.341,0.000,0.659
568500,0.377,0.000,0.623
569000,0.251,0.009,0.741
569500,0.264,0.000,0.736
570000,0.292,0.000,0.708
570500,0.372,0.000,0.627
571000,0.292,0.000,0.708
571500,0.341,0.000,0.659
572000,0.314,0.000,0.686
572500,0.370,0.000,0.629
573000,0.329,0.000,0.671
573500,0.319,0.000,0.681
574000,0.450,0.000,0.550
574500,0.404,0.000,0.597
575000,0.333,0.000,0.667
575500,0.290,0.000,0.710
576000,0.332,0.000,0.668
576500,0.369,0.000,0.631
577000,0.403,0.000,0.597
577500,0.334,0.000,0.666
578000,0.269,0.000,0.731
578500,0.303,0.000,0.697
579000,0.311,0.000,0.689
579500,0.320,0.000,0.680
580000,0.309,0.000,0.691
580500,0.351,0.000,0.649
581000,0.367,0.000,0.633
581500,0.338,0.000,0.662
582000,0.315,0.000,0.685
582500,0.291,0.000,0.709
583000,0.278,0.008,0.714
583500,0.273,0.000,0.727
584000,0.244,0.000,0.756
584500,0.267,0.000,0.734
585000,0.340,0.000,0.660
585500,0.297,0.000,0.703
586000,0.306,0.000,0.694
586500,0.372,0.000,0.627
587000,0.337,0.000,0.663
587500,0.303,0.000,0.697
588000,0.259,0.000,0.741
588500,0.322,0.000,0.678
589000,0.360,0.000,0.639
589500,0.323,0.000,0.677
590000,0.314,0.000,0.686
590500,0.324,0.000,0.676
591000,0.214,0.000,0.786
591500,0.176,0.006,0.818
592000,0.233,0.000,0.767
592500,0.398,0.000,0.602
593000,0.321,0.000,0.679
593500,0.270,0.000,0.730
594000,0.257,0.003,0.741
594500,0.204,0.001,0.795
595000,0.302,0.000,0.698
595500,0.356,0.000,0.643
596000,0.325,0.000,0.675
596500,0.258,0.007,0.735
597000,0.277,0.000,0.724
597500,0.339,0.000,0.661
598000,0.264,0.008,0.728
598500,0.295,0.000,0.705
599000,0.244,0.000,0.756
599500,0.264,0.000,0.736
600000,0.276,0.000,0.724
600500,0.305,0.000,0.695
601000,0.262,0.000,0.738
601500,0.274,0.000,0.726
602000,0.291,0.000,0.709
602500,0.273,0.000,0.727
603000,0.249,0.000,0.750
603500,0.301,0.000,0.699
604000,0.290,0.000,0.710
604500,0.351,0.000,0.649
605000,0.299,0.000,0.701
605500,0.336,0.000,0.664
606000,0.348,0.000,0.652
606500,0.286,0.000,0.714
607000,0.341,0.000,0.659
607500,0.327,0.000,0.673
608000,0.240,0.000,0.760
608500,0.300,0.000,0.700
609000,0.302,0.000,0.698
609500,0.350,0.000,0.650
610000,0.304,0.000,0.696
610500,0.314,0.001,0.685
611000,0.293,0.000,0.707
611500,0.342,0.000,0.658
612000,0.291,0.000,0.709
612500,0.373,0.000,0.627
613000,0.297,0.000,0.703
613500,0.357,0.000,0.643
614000,0.327,0.000,0.673
614500,0.356,0.000,0.644
615000,0.301,0.000,0.699
615500,0.337,0.000,0.663
616000,0.370,0.000,0.629
616500,0.374,0.000,0.625
617000,0.349,0.000,0.651
617500,0.308,0.000,0.692
618000,0.335,0.000,0.665
618500,0.281,0.000,0.719
619000,0.325,0.000,0.675
619500,0.336,0.000,0.664
620000,0.235,0.000,0.764
620500,0.273,0.000,0.728
621000,0.276,0.000,0.724
621500,0.258,0.000,0.742
622000,0.331,0.000,0.669
622500,0.299,0.000,0.701
623000,0.316,0.000,0.684
623500,0.263,0.000,0.737
624000,0.341,0.000,0.659
624500,0.394,0.000,0.606
625000,0.298,0.003,0.699
625500,0.314,0.000,0.686
626000,0.334,0.000,0.666
626500,0.255,0.000,0.746
627000,0.297,0.000,0.703
627500,0.284,0.000,0.716
628000,0.305,0.000,0.695
628500,0.428,0.000,0.572
629000,0.277,0.000,0.723
629500,0.303,0.000,0.697
630000,0.244,0.000,0.756
630500,0.331,0.000,0.669
631000,0.314,0.000,0.686
631500,0.282,0.000,0.718
632000,0.299,0.001,0.700
632500,0.275,0.000,0.725
633000,0.294,0.000,0.706
633500,0.234,0.000,0.766
634000,0.332,0.000,0.668
634500,0.290,0.000,0.710
635000,0.361,0.000,0.639
635500,0.361,0.000,0.639
636000,0.291,0.000,0.709
636500,0.290,0.000,0.710
637000,0.209,0.000,0.791
637500,0.231,0.001,0.768
638000,0.362,0.001,0.637
638500,0.353,0.000,0.647
639000,0.314,0.000,0.686
639500,0.325,0.000,0.675
640000,0.293,0.000,0.707
640500,0.262,0.000,0.738
641000,0.238,0.006,0.756
641500,0.327,0.000,0.673
642000,0.344,0.000,0.656
642500,0.298,0.000,0.702
643000,0.334,0.000,0.666
643500,0.361,0.000,0.639
644000,0.307,0.000,0.693
644500,0.326,0.000,0.674
645000,0.320,0.000,0.680
645500,0.374,0.000,0.625
646000,0.371,0.000,0.629
646500,0.274,0.000,0.726
647000,0.242,0.000,0.758
647500,0.304,0.000,0.696
648000,0.364,0.000,0.635
648500,0.352,0.000,0.648
649000,0.295,0.000,0.705
649500,0.334,0.000,0.666
650000,0.315,0.000,0.685
650500,0.326,0.000,0.674
651000,0.344,0.000,0.655
651500,0.328,0.000,0.672
652000,0.312,0.000,0.688
652500,0.351,0.000,0.649
653000,0.318,0.000,0.682
653500,0.337,0.000,0.663
654000,0.324,0.000,0.676
654500,0.374,0.000,0.625
655000,0.367,0.000,0.633
655500,0.347,0.000,0.653
656000,0.314,0.000,0.686
656500,0.380,0.000,0.621
657000,0.306,0.000,0.694
657500,0.299,0.000,0.701
658000,0.280,0.000,0.720
658500,0.284,0.000,0.716
659000,0.268,0.000,0.732
659500,0.347,0.000,0.653
660000,0.262,0.001,0.738
660500,0.339,0.000,0.661
661000,0.332,0.000,0.668
661500,0.287,0.000,0.713
662000,0.261,0.000,0.740
662500,0.377,0.000,0.623
663000,0.377,0.000,0.623
663500,0.288,0.000,0.712
664000,0.434,0.000,0.566
664500,0.367,0.000,0.633
665000,0.287,0.000,0.713
665500,0.287,0.000,0.713
666000,0.357,0.000,0.643
666500,0.299,0.003,0.699
667000,0.343,0.000,0.657
667500,0.292,0.006,0.701
668000,0.278,0.000,0.722
668500,0.238,0.000,0.762
669000,0.377,0.000,0.623
669500,0.314,0.000,0.686
670000,0.325,0.000,0.675
670500,0.301,0.000,0.699
671000,0.328,0.000,0.672
671500,0.300,0.000,0.700
672000,0.288,0.000,0.712
672500,0.332,0.000,0.668
673000,0.372,0.000,0.627
673500,0.285,0.000,0.715
674000,0.334,0.000,0.666
674500,0.316,0.000,0.684
675000,0.381,0.000,0.619
675500,0.370,0.000,0.630
676000,0.335,0.000,0.665
676500,0.265,0.007,0.728
677000,0.212,0.000,0.788
677500,0.287,0.000,0.713
678000,0.351,0.000,0.649
678500,0.341,0.000,0.659
679000,0.303,0.000,0.697
679500,0.284,0.000,0.716
680000,0.385,0.000,0.615
680500,0.321,0.000,0.679
681000,0.326,0.000,0.674
681500,0.275,0.000,0.725
682000,0.328,0.000,0.672
682500,0.294,0.000,0.706
683000,0.281,0.000,0.720
683500,0.253,0.000,0.747
684000,0.253,0.000,0.747
684500,0.364,0.000,0.636
685000,0.306,0.000,0.694
685500,0.319,0.000,0.681
686000,0.350,0.000,0.650
686500,0.285,0.000,0.715
687000,0.314,0.000,0.686
687500,0.271,0.000,0.730
688000,0.351,0.000,0.649
688500,0.380,0.000,0.620
689000,0.340,0.000,0.660
689500,0.287,0.000,0.713
690000,0.230,0.000,0.770
690500,0.265,0.000,0.736
691000,0.378,0.000,0.622
691500,0.279,0.000,0.721
692000,0.299,0.000,0.701
692500,0.274,0.000,0.726
693000,0.306,0.000,0.694
693500,0.309,0.000,0.691
694000,0.278,0.000,0.722
694500,0.299,0.000,0.701
695000,0.282,0.000,0.718
695500,0.301,0.000,0.699
696000,0.305,0.006,0.689
696500,0.326,0.001,0.674
697000,0.334,0.000,0.666
697500,0.304,0.000,0.696
698000,0.301,0.000,0.699
698500,0.273,0.000,0.728
699000,0.280,0.000,0.720
699500,0.305,0.000,0.695
700000,0.310,0.000,0.690
700500,0.357,0.000,0.643
701000,0.242,0.000,0.758
701500,0.271,0.000,0.729
702000,0.278,0.000,0.722
702500,0.314,0.000,0.686
703000,0.327,0.000,0.673
703500,0.301,0.000,0.699
704000,0.362,0.000,0.637
704500,0.353,0.000,0.647
705000,0.305,0.000,0.695
705500,0.340,0.000,0.660
706000,0.270,0.000,0.730
706500,0.249,0.000,0.750
707000,0.301,0.000,0.699
707500,0.395,0.000,0.605
708000,0.344,0.000,0.656
708500,0.336,0.000,0.664
709000,0.331,0.000,0.669
709500,0.286,0.000,0.714
710000,0.283,0.000,0.717
710500,0.328,0.000,0.672
711000,0.331,0.000,0.669
711500,0.323,0.000,0.677
712000,0.253,0.000,0.747
712500,0.238,0.000,0.762
713000,0.236,0.009,0.755
713500,0.243,0.001,0.756
714000,0.284,0.000,0.716
714500,0.228,0.000,0.772
715000,0.330,0.003,0.667
715500,0.329,0.003,0.669
716000,0.344,0.000,0.655
716500,0.249,0.000,0.751
717000,0.358,0.000,0.642
717500,0.327,0.000,0.673
718000,0.259,0.000,0.742
718500,0.278,0.000,0.722
719000,0.284,0.000,0.716
719500,0.340,0.000,0.660
720000,0.373,0.000,0.627
720500,0.389,0.000,0.611
721000,0.349,0.000,0.651
721500,0.347,0.000,0.653
722000,0.312,0.000,0.688
722500,0.287,0.003,0.711
723000,0.299,0.000,0.701
723500,0.278,0.007,0.715
724000,0.232,0.000,0.768
724500,0.273,0.000,0.728
725000,0.260,0.000,0.740
725500,0.243,0.000,0.757
726000,0.382,0.000,0.618
726500,0.293,0.000,0.707
727000,0.367,0.000,0.633
727500,0.322,0.000,0.678
728000,0.289,0.000,0.711
728500,0.293,0.004,0.703
729000,0.321,0.000,0.679
729500,0.320,0.000,0.680
730000,0.363,0.000,0.637
730500,0.257,0.000,0.744
731000,0.263,0.001,0.736
731500,0.291,0.000,0.709
732000,0.338,0.000,0.662
732500,0.284,0.000,0.716
733000,0.285,0.000,0.715
733500,0.247,0.000,0.753
734000,0.290,0.000,0.710
734500,0.298,0.000,0.702
735000,0.348,0.000,0.652
735500,0.379,0.000,0.621
736000,0.301,0.000,0.699
736500,0.294,0.000,0.706
737000,0.301,0.000,0.699
737500,0.327,0.000,0.673
738000,0.286,0.000,0.714
738500,0.290,0.000,0.710
739000,0.394,0.000,0.606
739500,0.341,0.000,0.659
740000,0.265,0.006,0.729
740500,0.304,0.001,0.695
741000,0.359,0.000,0.641
741500,0.334,0.000,0.666
742000,0.357,0.000,0.643
742500,0.314,0.000,0.686
743000,0.391,0.000,0.609
743500,0.361,0.000,0.639
744000,0.378,0.000,0.622
744500,0.288,0.000,0.712
745000,0.307,0.000,0.693
745500,0.384,0.000,0.616
746000,0.353,0.000,0.647
746500,0.326,0.000,0.674
747000,0.300,0.000,0.700
747500,0.328,0.000,0.672
748000,0.308,0.009,0.682
748500,0.355,0.001,0.644
749000,0.298,0.000,0.702
749500,0.299,0.000,0.701
750000,0.361,0.000,0.639
750500,0.320,0.000,0.680
751000,0.248,0.000,0.752
751500,0.328,0.000,0.672
752000,0.303,0.000,0.697
752500,0.311,0.000,0.689
753000,0.247,0.001,0.752
753500,0.297,0.001,0.702
754000,0.368,0.000,0.632
754500,0.328,0.000,0.672
755000,0.297,0.000,0.703
755500,0.359,0.000,0.641
756000,0.384,0.000,0.616
756500,0.277,0.000,0.723
757000,0.285,0.000,0.715
757500,0.322,0.000,0.678
758000,0.320,0.000,0.680
758500,0.378,0.000,0.623
759000,0.375,0.000,0.625
759500,0.352,0.000,0.647
760000,0.369,0.000,0.631
760500,0.296,0.000,0.704
761000,0.352,0.000,0.647
761500,0.315,0.000,0.685
762000,0.289,0.000,0.711
762500,0.209,0.000,0.790
763000,0.296,0.000,0.704
763500,0.263,0.000,0.738
764000,0.270,0.000,0.730
764500,0.260,0.000,0.740
765000,0.216,0.000,0.784
765500,0.302,0.000,0.698
766000,0.327,0.000,0.673
766500,0.322,0.000,0.678
767000,0.293,0.000,0.707
767500,0.278,0.007,0.715
768000,0.215,0.001,0.785
768500,0.209,0.004,0.787
769000,0.320,0.000,0.680
769500,0.283,0.000,0.717
770000,0.269,0.000,0.731
770500,0.303,0.000,0.697
771000,0.327,0.000,0.673
771500,0.241,0.004,0.755
772000,0.232,0.001,0.768
772500,0.278,0.000,0.722
773000,0.300,0.000,0.700
773500,0.268,0.000,0.732
774000,0.325,0.000,0.675
774500,0.314,0.000,0.686
775000,0.385,0.000,0.615
775500,0.425,0.000,0.575
776000,0.356,0.000,0.643
776500,0.319,0.000,0.681
777000,0.304,0.000,0.696
777500,0.276,0.000,0.724
778000,0.355,0.000,0.645
778500,0.397,0.000,0.603
779000,0.335,0.000,0.665
779500,0.297,0.000,0.703
780000,0.253,0.000,0.747
780500,0.386,0.000,0.615
781000,0.412,0.000,0.588
781500,0.439,0.000,0.561
782000,0.438,0.000,0.562
782500,0.369,0.000,0.631
783000,0.290,0.000,0.710
783500,0.259,0.003,0.739
784000,0.341,0.000,0.659
784500,0.332,0.000,0.668
785000,0.292,0.000,0.708
785500,0.311,0.000,0.689
786000,0.318,0.000,0.682
786500,0.279,0.000,0.721
787000,0.279,0.000,0.721
787500,0.319,0.000,0.681
788000,0.351,0.000,0.649
788500,0.323,0.000,0.677
789000,0.342,0.000,0.658
789500,0.239,0.000,0.760
790000,0.265,0.000,0.736
790500,0.301,0.000,0.699
791000,0.289,0.000,0.711
791500,0.298,0.000,0.702
792000,0.268,0.000,0.732
792500,0.318,0.000,0.682
793000,0.302,0.000,0.698
793500,0.306,0.000,0.694
794000,0.267,0.000,0.733
794500,0.346,0.000,0.654
795000,0.316,0.000,0.684
795500,0.363,0.000,0.637
796000,0.317,0.000,0.683
796500,0.354,0.000,0.646
797000,0.302,0.000,0.698
797500,0.312,0.000,0.688
798000,0.332,0.000,0.668
798500,0.322,0.000,0.678
799000,0.322,0.000,0.678
799500,0.350,0.000,0.650
800000,0.370,0.000,0.629
800500,0.355,0.000,0.645
801000,0.385,0.000,0.615
801500,0.325,0.000,0.675
802000,0.279,0.000,0.722
802500,0.310,0.000,0.690
803000,0.311,0.000,0.689
803500,0.398,0.000,0.603
804000,0.339,0.000,0.661
804500,0.329,0.000,0.671
805000,0.321,0.000,0.679
805500,0.334,0.000,0.666
806000,0.278,0.000,0.722
806500,0.214,0.003,0.783
807000,0.303,0.001,0.697
807500,0.254,0.000,0.746
808000,0.257,0.000,0.743
808500,0.304,0.000,0.696
809000,0.335,0.000,0.665
809500,0.333,0.000,0.667
810000,0.369,0.000,0.631
810500,0.346,0.000,0.654
811000,0.318,0.000,0.682
811500,0.293,0.000,0.707
812000,0.272,0.000,0.728
812500,0.370,0.000,0.630
813000,0.413,0.000,0.587
813500,0.374,0.000,0.625
814000,0.278,0.000,0.722
814500,0.311,0.000,0.689
815000,0.310,0.000,0.690
815500,0.345,0.000,0.655
816000,0.314,0.000,0.686
816500,0.318,0.000,0.682
817000,0.343,0.000,0.657
817500,0.435,0.000,0.565
818000,0.348,0.000,0.652
818500,0.370,0.000,0.629
819000,0.417,0.000,0.583
819500,0.386,0.000,0.614
820000,0.377,0.000,0.623
820500,0.328,0.000,0.672
821000,0.309,0.000,0.691
821500,0.271,0.000,0.730
822000,0.279,0.000,0.722
822500,0.303,0.000,0.697
823000,0.321,0.000,0.679
823500,0.349,0.000,0.651
824000,0.307,0.000,0.693
824500,0.261,0.000,0.739
825000,0.367,0.000,0.633
825500,0.292,0.000,0.708
826000,0.298,0.000,0.702
826500,0.288,0.000,0.712
827000,0.299,0.000,0.701
827500,0.321,0.000,0.679
828000,0.369,0.000,0.631
828500,0.338,0.000,0.662
829000,0.298,0.000,0.702
829500,0.297,0.000,0.703
830000,0.330,0.000,0.670
830500,0.325,0.000,0.675
831000,0.315,0.000,0.685
831500,0.382,0.000,0.618
832000,0.351,0.000,0.649
832500,0.306,0.000,0.694
833000,0.255,0.000,0.745
833500,0.275,0.000,0.725
834000,0.348,0.000,0.652
834500,0.291,0.000,0.709
835000,0.384,0.000,0.617
835500,0.350,0.000,0.649
836000,0.415,0.000,0.585
836500,0.359,0.000,0.641
837000,0.344,0.000,0.656
837500,0.357,0.000,0.643
838000,0.362,0.000,0.637
838500,0.319,0.000,0.681
839000,0.384,0.000,0.617
839500,0.260,0.000,0.740
840000,0.392,0.000,0.608
840500,0.277,0.000,0.723
841000,0.352,0.000,0.648
841500,0.303,0.000,0.697
842000,0.285,0.000,0.715
842500,0.308,0.000,0.692
843000,0.350,0.000,0.649
843500,0.388,0.000,0.613
844000,0.325,0.000,0.675
844500,0.331,0.000,0.669
845000,0.276,0.000,0.724
845500,0.348,0.000,0.652
846000,0.314,0.000,0.686
846500,0.301,0.000,0.699
847000,0.246,0.000,0.754
847500,0.259,0.000,0.742
848000,0.263,0.000,0.738
848500,0.289,0.000,0.711
849000,0.237,0.000,0.763
849500,0.318,0.000,0.682
850000,0.272,0.000,0.728
850500,0.310,0.000,0.690
851000,0.379,0.000,0.621
851500,0.346,0.000,0.653
852000,0.291,0.000,0.709
852500,0.298,0.000,0.702
853000,0.361,0.000,0.639
853500,0.344,0.000,0.656
854000,0.338,0.000,0.662
854500,0.355,0.000,0.645
855000,0.342,0.000,0.658
855500,0.252,0.000,0.748
856000,0.294,0.003,0.704
856500,0.296,0.000,0.704
857000,0.272,0.000,0.728
857500,0.329,0.000,0.671
858000,0.358,0.000,0.641
858500,0.234,0.000,0.766
859000,0.248,0.001,0.751
859500,0.241,0.006,0.752
860000,0.249,0.003,0.748
860500,0.309,0.000,0.691
861000,0.424,0.003,0.574
861500,0.292,0.000,0.708
862000,0.279,0.000,0.721
862500,0.321,0.000,0.679
863000,0.322,0.000,0.678
863500,0.308,0.000,0.692
864000,0.244,0.009,0.747
864500,0.286,0.001,0.713
865000,0.258,0.000,0.742
865500,0.260,0.000,0.740
866000,0.374,0.000,0.626
866500,0.390,0.000,0.610
867000,0.346,0.000,0.653
867500,0.292,0.000,0.708
868000,0.310,0.000,0.690
868500,0.303,0.000,0.697
869000,0.291,0.000,0.709
869500,0.301,0.000,0.699
870000,0.347,0.000,0.653
870500,0.305,0.000,0.695
871000,0.274,0.000,0.726
871500,0.256,0.000,0.744
872000,0.314,0.000,0.686
872500,0.214,0.000,0.786
873000,0.323,0.000,0.677
873500,0.309,0.000,0.691
874000,0.308,0.000,0.692
874500,0.254,0.002,0.745
875000,0.318,0.001,0.682
875500,0.262,0.000,0.738
876000,0.294,0.000,0.706
876500,0.339,0.000,0.661
877000,0.362,0.000,0.637
877500,0.371,0.000,0.629
878000,0.368,0.000,0.632
878500,0.280,0.000,0.720
879000,0.292,0.004,0.704
879500,0.282,0.000,0.718
880000,0.298,0.000,0.702
880500,0.305,0.000,0.695
881000,0.341,0.000,0.659
881500,0.275,0.000,0.725
882000,0.289,0.000,0.711
882500,0.268,0.000,0.732
883000,0.224,0.000,0.776
883500,0.185,0.001,0.814
884000,0.287,0.000,0.713
884500,0.362,0.000,0.638
885000,0.307,0.000,0.693
885500,0.301,0.000,0.699
886000,0.306,0.000,0.694
886500,0.355,0.000,0.645
887000,0.330,0.000,0.670
887500,0.308,0.000,0.692
888000,0.350,0.000,0.649
888500,0.346,0.000,0.654
889000,0.337,0.000,0.663
889500,0.318,0.000,0.682
890000,0.336,0.000,0.664
890500,0.298,0.000,0.702
891000,0.297,0.000,0.703
891500,0.303,0.000,0.697
892000,0.301,0.000,0.699
892500,0.323,0.003,0.675
893000,0.295,0.001,0.705
893500,0.286,0.000,0.714
894000,0.324,0.000,0.676
894500,0.268,0.000,0.732
895000,0.338,0.000,0.662
895500,0.332,0.000,0.668
896000,0.394,0.000,0.607
896500,0.366,0.000,0.634
897000,0.336,0.000,0.664
897500,0.287,0.000,0.713
898000,0.305,0.000,0.695
898500,0.270,0.000,0.730
899000,0.298,0.000,0.702
899500,0.322,0.000,0.678
900000,0.341,0.000,0.659
900500,0.231,0.000,0.769
901000,0.308,0.000,0.692
901500,0.319,0.000,0.681
902000,0.228,0.000,0.772
902500,0.293,0.000,0.707
903000,0.350,0.000,0.649
903500,0.399,0.000,0.601
904000,0.392,0.000,0.608
904500,0.307,0.000,0.693
905000,0.308,0.000,0.692
905500,0.326,0.000,0.674
906000,0.323,0.000,0.677
906500,0.377,0.000,0.623
907000,0.315,0.000,0.685
907500,0.349,0.000,0.651
908000,0.403,0.000,0.597
908500,0.270,0.000,0.730
909000,0.311,0.000,0.689
909500,0.275,0.000,0.726
910000,0.297,0.000,0.703
910500,0.336,0.000,0.664
911000,0.379,0.000,0.621
911500,0.309,0.000,0.691
912000,0.348,0.000,0.651
912500,0.265,0.000,0.736
913000,0.321,0.000,0.679
913500,0.340,0.000,0.660
914000,0.353,0.000,0.647
914500,0.312,0.000,0.688
915000,0.360,0.000,0.640
915500,0.352,0.000,0.648
916000,0.303,0.000,0.697
916500,0.407,0.000,0.593
917000,0.354,0.000,0.645
917500,0.286,0.000,0.714
918000,0.309,0.000,0.691
918500,0.326,0.000,0.674
919000,0.243,0.000,0.756
919500,0.267,0.000,0.733
920000,0.243,0.000,0.757
920500,0.331,0.000,0.669
921000,0.296,0.000,0.704
921500,0.243,0.000,0.757
922000,0.257,0.000,0.744
922500,0.334,0.000,0.666
923000,0.259,0.000,0.742
923500,0.250,0.000,0.750
924000,0.276,0.000,0.724
924500,0.216,0.009,0.774
925000,0.216,0.010,0.773
925500,0.258,0.001,0.742
926000,0.269,0.000,0.732
926500,0.270,0.000,0.730
927000,0.232,0.000,0.768
927500,0.325,0.000,0.675
928000,0.309,0.000,0.691
928500,0.322,0.000,0.678
929000,0.302,0.000,0.698
929500,0.277,0.000,0.723
930000,0.341,0.000,0.659
930500,0.306,0.000,0.694
931000,0.304,0.000,0.696
931500,0.272,0.000,0.728
932000,0.282,0.000,0.718
932500,0.277,0.000,0.724
933000,0.272,0.000,0.728
933500,0.263,0.000,0.737
934000,0.304,0.000,0.696
934500,0.238,0.000,0.762
935000,0.335,0.000,0.665
935500,0.312,0.000,0.688
936000,0.325,0.000,0.675
936500,0.292,0.000,0.708
937000,0.389,0.000,0.611
937500,0.337,0.000,0.663
938000,0.278,0.000,0.722
938500,0.327,0.000,0.673
939000,0.304,0.000,0.696
939500,0.300,0.000,0.700
940000,0.274,0.000,0.726
940500,0.281,0.000,0.720
941000,0.324,0.000,0.676
941500,0.388,0.000,0.612
942000,0.366,0.000,0.634
942500,0.351,0.000,0.649
943000,0.297,0.000,0.703
943500,0.346,0.000,0.654
944000,0.350,0.000,0.649
944500,0.342,0.000,0.658
945000,0.343,0.000,0.657
945500,0.354,0.000,0.646
946000,0.406,0.000,0.594
946500,0.335,0.000,0.665
947000,0.335,0.000,0.665
947500,0.292,0.000,0.708
948000,0.353,0.000,0.647
948500,0.361,0.000,0.639
949000,0.381,0.000,0.619
949500,0.381,0.000,0.619
950000,0.259,0.000,0.742
950500,0.254,0.000,0.746
951000,0.259,0.000,0.741
951500,0.378,0.000,0.623
952000,0.347,0.000,0.653
952500,0.309,0.000,0.691
953000,0.324,0.000,0.676
953500,0.286,0.000,0.714
954000,0.262,0.000,0.738
954500,0.230,0.000,0.770
955000,0.225,0.000,0.775
955500,0.303,0.000,0.697
956000,0.401,0.000,0.599
956500,0.361,0.000,0.639
957000,0.348,0.000,0.651
957500,0.256,0.000,0.744
958000,0.306,0.000,0.694
958500,0.284,0.000,0.716
959000,0.312,0.000,0.688
959500,0.330,0.000,0.670
960000,0.221,0.000,0.779
960500,0.209,0.000,0.791
961000,0.285,0.000,0.715
961500,0.413,0.000,0.587
962000,0.424,0.000,0.576
962500,0.345,0.000,0.655
963000,0.365,0.000,0.635
963500,0.341,0.000,0.659
964000,0.330,0.000,0.670
964500,0.347,0.000,0.653
965000,0.408,0.000,0.592
965500,0.381,0.000,0.619
966000,0.371,0.000,0.629
966500,0.328,0.000,0.672
967000,0.297,0.000,0.703
967500,0.324,0.000,0.676
968000,0.272,0.000,0.728
968500,0.378,0.000,0.623
969000,0.345,0.000,0.655
969500,0.322,0.000,0.678
970000,0.354,0.000,0.645
970500,0.306,0.000,0.694
971000,0.309,0.000,0.691
971500,0.216,0.005,0.779
972000,0.274,0.000,0.726
972500,0.318,0.000,0.682
973000,0.281,0.000,0.720
973500,0.293,0.001,0.706
974000,0.241,0.000,0.758
974500,0.326,0.000,0.674
975000,0.289,0.000,0.711
975500,0.311,0.000,0.689
976000,0.351,0.000,0.649
976500,0.327,0.000,0.673
977000,0.345,0.000,0.655
977500,0.352,0.000,0.648
978000,0.350,0.000,0.649
978500,0.299,0.000,0.701
979000,0.300,0.000,0.700
979500,0.296,0.000,0.704
980000,0.289,0.000,0.711
980500,0.338,0.000,0.662
981000,0.310,0.000,0.690
981500,0.354,0.000,0.645
982000,0.352,0.000,0.648
982500,0.246,0.000,0.754
983000,0.254,0.000,0.746
983500,0.350,0.000,0.650
984000,0.440,0.000,0.560
984500,0.421,0.000,0.579
985000,0.372,0.000,0.628
985500,0.323,0.000,0.677
986000,0.331,0.000,0.669
986500,0.284,0.000,0.716
987000,0.230,0.002,0.769
987500,0.287,0.000,0.713
988000,0.246,0.000,0.754
988500,0.281,0.001,0.718
989000,0.284,0.000,0.716
989500,0.368,0.000,0.632
990000,0.336,0.000,0.664
990500,0.232,0.000,0.768
991000,0.314,0.000,0.686
991500,0.405,0.000,0.595
992000,0.310,0.000,0.690
992500,0.289,0.006,0.704
993000,0.340,0.000,0.660
993500,0.358,0.000,0.642
994000,0.284,0.000,0.716
994500,0.330,0.000,0.670
995000,0.272,0.000,0.728
995500,0.337,0.000,0.663
996000,0.409,0.000,0.591
996500,0.308,0.000,0.692
997000,0.286,0.009,0.706
997500,0.222,0.000,0.778
998000,0.194,0.002,0.805
998500,0.217,0.000,0.783
999000,0.219,0.002,0.780
999500,0.292,0.000,0.708
1000000,0.304,0.000,0.696
