time,n_A+p,n_B,n_AB
100,0.030,0.965,0.005
200,0.030,0.961,0.009
300,0.030,0.959,0.011
400,0.030,0.960,0.010
500,0.030,0.936,0.035
600,0.032,0.933,0.036
700,0.030,0.930,0.041
800,0.030,0.924,0.046
900,0.034,0.913,0.053
1000,0.032,0.908,0.060
1100,0.030,0.894,0.077
1200,0.030,0.884,0.087
1300,0.030,0.878,0.092
1400,0.030,0.874,0.096
1500,0.032,0.870,0.098
1600,0.033,0.863,0.104
1700,0.033,0.850,0.117
1800,0.031,0.848,0.122
1900,0.033,0.830,0.137
2000,0.034,0.823,0.143
2100,0.036,0.817,0.147
2200,0.035,0.813,0.152
2300,0.036,0.813,0.151
2400,0.037,0.804,0.159
2500,0.041,0.788,0.172
2600,0.040,0.777,0.183
2700,0.049,0.765,0.186
2800,0.046,0.754,0.200
2900,0.045,0.745,0.210
3000,0.046,0.728,0.226
3100,0.045,0.723,0.232
3200,0.045,0.718,0.237
3300,0.043,0.714,0.243
3400,0.042,0.697,0.261
3500,0.051,0.689,0.259
3600,0.048,0.686,0.266
3700,0.042,0.682,0.276
3800,0.039,0.666,0.295
3900,0.041,0.659,0.300
4000,0.038,0.653,0.309
4100,0.039,0.656,0.305
4200,0.040,0.661,0.299
4300,0.041,0.650,0.309
4400,0.046,0.637,0.317
4500,0.045,0.629,0.326
4600,0.046,0.616,0.338
4700,0.055,0.608,0.337
4800,0.055,0.612,0.333
4900,0.055,0.619,0.326
5000,0.056,0.615,0.329
5100,0.058,0.613,0.329
5200,0.055,0.600,0.345
5300,0.055,0.581,0.364
5400,0.067,0.564,0.369
5500,0.065,0.556,0.379
5600,0.067,0.551,0.382
5700,0.067,0.535,0.397
5800,0.063,0.537,0.399
5900,0.065,0.530,0.404
6000,0.070,0.528,0.401
6100,0.068,0.522,0.410
6200,0.072,0.514,0.415
6300,0.074,0.504,0.423
6400,0.067,0.504,0.429
6500,0.068,0.503,0.429
6600,0.066,0.484,0.449
6700,0.066,0.478,0.456
6800,0.069,0.474,0.457
6900,0.069,0.480,0.450
7000,0.068,0.480,0.451
7100,0.062,0.472,0.466
7200,0.066,0.478,0.456
7300,0.074,0.479,0.447
7400,0.084,0.469,0.447
7500,0.089,0.472,0.439
7600,0.084,0.465,0.451
7700,0.081,0.461,0.459
7800,0.080,0.456,0.465
7900,0.079,0.458,0.464
8000,0.081,0.450,0.469
8100,0.076,0.449,0.475
8200,0.075,0.454,0.472
8300,0.077,0.450,0.473
8400,0.077,0.440,0.483
8500,0.076,0.439,0.485
8600,0.077,0.451,0.472
8700,0.069,0.450,0.480
8800,0.062,0.453,0.485
8900,0.062,0.456,0.482
9000,0.058,0.464,0.478
9100,0.064,0.455,0.481
9200,0.068,0.461,0.471
9300,0.070,0.448,0.481
9400,0.078,0.440,0.482
9500,0.082,0.444,0.474
9600,0.090,0.438,0.472
9700,0.088,0.433,0.479
9800,0.090,0.428,0.482
9900,0.089,0.433,0.478
10000,0.087,0.430,0.483
10100,0.078,0.435,0.487
10200,0.079,0.439,0.482
10300,0.087,0.429,0.484
10400,0.089,0.422,0.489
10500,0.090,0.424,0.486
10600,0.087,0.422,0.491
10700,0.093,0.416,0.491
10800,0.103,0.415,0.482
10900,0.095,0.420,0.485
11000,0.097,0.415,0.488
11100,0.094,0.412,0.494
11200,0.090,0.420,0.490
11300,0.094,0.423,0.483
11400,0.101,0.431,0.468
11500,0.097,0.426,0.477
11600,0.094,0.406,0.501
11700,0.085,0.395,0.520
11800,0.079,0.385,0.536
11900,0.088,0.384,0.528
12000,0.087,0.383,0.530
12100,0.081,0.384,0.535
12200,0.078,0.387,0.535
12300,0.083,0.386,0.531
12400,0.081,0.377,0.542
12500,0.084,0.380,0.536
12600,0.095,0.372,0.533
12700,0.092,0.369,0.539
12800,0.092,0.369,0.539
12900,0.092,0.372,0.536
13000,0.085,0.369,0.546
13100,0.083,0.368,0.550
13200,0.089,0.364,0.547
13300,0.092,0.361,0.547
13400,0.089,0.359,0.553
13500,0.090,0.358,0.553
13600,0.089,0.354,0.557
13700,0.091,0.348,0.561
13800,0.095,0.346,0.559
13900,0.102,0.344,0.554
14000,0.102,0.343,0.555
14100,0.104,0.351,0.544
14200,0.105,0.346,0.549
14300,0.104,0.337,0.559
14400,0.108,0.334,0.558
14500,0.102,0.336,0.562
14600,0.106,0.337,0.557
14700,0.103,0.340,0.557
14800,0.100,0.336,0.564
14900,0.095,0.344,0.561
15000,0.095,0.345,0.560
15100,0.106,0.339,0.555
15200,0.105,0.337,0.558
15300,0.108,0.340,0.552
15400,0.110,0.337,0.553
15500,0.098,0.332,0.570
15600,0.103,0.331,0.566
15700,0.109,0.324,0.567
15800,0.110,0.325,0.565
15900,0.107,0.321,0.572
16000,0.113,0.326,0.561
16100,0.113,0.324,0.563
16200,0.109,0.319,0.572
16300,0.111,0.317,0.572
16400,0.111,0.325,0.564
16500,0.109,0.327,0.564
16600,0.108,0.325,0.567
16700,0.108,0.322,0.570
16800,0.111,0.316,0.573
16900,0.111,0.320,0.569
17000,0.118,0.317,0.565
17100,0.113,0.317,0.570
17200,0.112,0.324,0.564
17300,0.115,0.320,0.565
17400,0.100,0.313,0.587
17500,0.101,0.312,0.587
17600,0.102,0.309,0.588
17700,0.106,0.314,0.580
17800,0.130,0.307,0.563
17900,0.121,0.338,0.541
18000,0.114,0.328,0.558
18100,0.113,0.329,0.558
18200,0.117,0.326,0.557
18300,0.114,0.325,0.561
18400,0.114,0.323,0.563
18500,0.128,0.315,0.558
18600,0.122,0.312,0.567
18700,0.117,0.313,0.570
18800,0.110,0.309,0.580
18900,0.111,0.302,0.586
19000,0.123,0.296,0.581
19100,0.116,0.291,0.592
19200,0.115,0.296,0.588
19300,0.120,0.296,0.584
19400,0.117,0.293,0.589
19500,0.130,0.291,0.579
19600,0.127,0.295,0.578
19700,0.130,0.287,0.583
19800,0.132,0.285,0.583
19900,0.137,0.282,0.581
20000,0.131,0.284,0.585
20100,0.116,0.289,0.594
20200,0.113,0.290,0.597
20300,0.107,0.288,0.605
20400,0.104,0.300,0.596
20500,0.102,0.297,0.601
20600,0.105,0.293,0.602
20700,0.105,0.293,0.602
20800,0.106,0.290,0.604
20900,0.104,0.288,0.608
21000,0.105,0.286,0.609
21100,0.107,0.288,0.605
21200,0.098,0.290,0.612
21300,0.100,0.305,0.594
21400,0.100,0.306,0.593
21500,0.093,0.308,0.599
21600,0.093,0.304,0.603
21700,0.100,0.299,0.601
21800,0.102,0.300,0.598
21900,0.099,0.300,0.601
22000,0.099,0.297,0.604
22100,0.107,0.288,0.605
22200,0.105,0.291,0.604
22300,0.107,0.291,0.602
22400,0.104,0.292,0.604
22500,0.103,0.294,0.603
22600,0.102,0.292,0.606
22700,0.109,0.317,0.574
22800,0.111,0.309,0.579
22900,0.115,0.311,0.574
23000,0.116,0.312,0.572
23100,0.113,0.308,0.578
23200,0.096,0.312,0.592
23300,0.109,0.307,0.583
23400,0.105,0.301,0.593
23500,0.107,0.324,0.569
23600,0.103,0.325,0.572
23700,0.094,0.332,0.574
23800,0.093,0.339,0.568
23900,0.088,0.338,0.574
24000,0.088,0.330,0.582
24100,0.086,0.331,0.583
24200,0.078,0.335,0.587
24300,0.076,0.319,0.606
24400,0.069,0.328,0.603
24500,0.075,0.323,0.603
24600,0.074,0.333,0.593
24700,0.074,0.333,0.593
24800,0.072,0.330,0.599
24900,0.076,0.327,0.598
25000,0.076,0.327,0.598
25100,0.086,0.312,0.603
25200,0.087,0.321,0.592
25300,0.089,0.323,0.588
25400,0.084,0.328,0.588
25500,0.090,0.330,0.580
25600,0.091,0.333,0.576
25700,0.098,0.323,0.579
25800,0.120,0.324,0.557
25900,0.125,0.322,0.554
26000,0.130,0.315,0.556
26100,0.127,0.317,0.557
26200,0.124,0.313,0.564
26300,0.124,0.309,0.567
26400,0.112,0.304,0.583
26500,0.106,0.293,0.601
26600,0.111,0.300,0.588
26700,0.109,0.287,0.604
26800,0.112,0.292,0.596
26900,0.114,0.293,0.592
27000,0.111,0.301,0.587
27100,0.108,0.298,0.593
27200,0.113,0.297,0.589
27300,0.109,0.299,0.591
27400,0.105,0.295,0.600
27500,0.103,0.293,0.604
27600,0.121,0.286,0.593
27700,0.126,0.284,0.590
27800,0.128,0.289,0.583
27900,0.131,0.283,0.586
28000,0.126,0.289,0.585
28100,0.126,0.281,0.593
28200,0.122,0.279,0.600
28300,0.125,0.280,0.596
28400,0.126,0.278,0.597
28500,0.116,0.277,0.607
28600,0.111,0.273,0.616
28700,0.111,0.271,0.618
28800,0.105,0.283,0.612
28900,0.106,0.281,0.613
29000,0.104,0.284,0.612
29100,0.108,0.278,0.614
29200,0.118,0.271,0.611
29300,0.122,0.277,0.602
29400,0.125,0.271,0.605
29500,0.127,0.266,0.608
29600,0.128,0.271,0.602
29700,0.137,0.275,0.588
29800,0.141,0.278,0.581
29900,0.135,0.277,0.588
30000,0.131,0.271,0.599
30100,0.129,0.269,0.603
30200,0.123,0.271,0.607
30300,0.126,0.271,0.604
30400,0.127,0.267,0.607
30500,0.126,0.268,0.607
30600,0.133,0.265,0.603
30700,0.127,0.258,0.615
30800,0.122,0.254,0.624
30900,0.122,0.257,0.621
31000,0.112,0.252,0.635
31100,0.110,0.252,0.637
31200,0.103,0.249,0.648
31300,0.109,0.253,0.637
31400,0.111,0.248,0.640
31500,0.108,0.250,0.641
31600,0.111,0.256,0.632
31700,0.117,0.256,0.626
31800,0.121,0.263,0.617
31900,0.115,0.255,0.629
32000,0.108,0.267,0.625
32100,0.108,0.261,0.630
32200,0.113,0.258,0.628
32300,0.121,0.254,0.625
32400,0.124,0.266,0.611
32500,0.130,0.265,0.606
32600,0.129,0.270,0.602
32700,0.122,0.284,0.594
32800,0.127,0.282,0.591
32900,0.122,0.284,0.594
33000,0.124,0.276,0.601
33100,0.125,0.273,0.603
33200,0.124,0.275,0.602
33300,0.118,0.291,0.590
33400,0.116,0.288,0.596
33500,0.116,0.283,0.601
33600,0.114,0.279,0.607
33700,0.108,0.280,0.612
33800,0.112,0.280,0.608
33900,0.112,0.277,0.611
34000,0.111,0.305,0.583
34100,0.120,0.299,0.581
34200,0.117,0.300,0.582
34300,0.107,0.281,0.612
34400,0.121,0.282,0.598
34500,0.124,0.275,0.602
34600,0.127,0.276,0.598
34700,0.132,0.274,0.594
34800,0.127,0.268,0.606
34900,0.121,0.264,0.616
35000,0.120,0.272,0.609
35100,0.115,0.267,0.618
35200,0.109,0.263,0.628
35300,0.110,0.271,0.619
35400,0.103,0.271,0.626
35500,0.100,0.278,0.622
35600,0.104,0.280,0.616
35700,0.104,0.281,0.615
35800,0.108,0.280,0.612
35900,0.103,0.280,0.617
36000,0.121,0.269,0.611
36100,0.114,0.257,0.628
36200,0.111,0.256,0.632
36300,0.116,0.272,0.612
36400,0.122,0.264,0.615
36500,0.117,0.261,0.621
36600,0.116,0.261,0.622
36700,0.118,0.259,0.622
36800,0.124,0.257,0.619
36900,0.122,0.260,0.618
37000,0.118,0.266,0.616
37100,0.118,0.258,0.623
37200,0.108,0.261,0.630
37300,0.098,0.251,0.651
37400,0.107,0.249,0.644
37500,0.110,0.239,0.651
37600,0.105,0.243,0.652
37700,0.102,0.252,0.646
37800,0.108,0.248,0.644
37900,0.105,0.243,0.652
38000,0.102,0.245,0.653
38100,0.105,0.255,0.639
38200,0.110,0.267,0.623
38300,0.105,0.271,0.624
38400,0.109,0.273,0.618
38500,0.112,0.259,0.628
38600,0.114,0.254,0.631
38700,0.123,0.257,0.620
38800,0.135,0.253,0.612
38900,0.130,0.248,0.622
39000,0.129,0.251,0.620
39100,0.122,0.250,0.628
39200,0.114,0.261,0.624
39300,0.113,0.254,0.632
39400,0.111,0.256,0.632
39500,0.129,0.248,0.623
39600,0.126,0.251,0.623
39700,0.134,0.254,0.612
39800,0.132,0.263,0.606
39900,0.137,0.255,0.608
40000,0.133,0.248,0.619
40100,0.134,0.243,0.623
40200,0.130,0.238,0.632
40300,0.125,0.238,0.637
40400,0.130,0.245,0.625
40500,0.125,0.242,0.633
40600,0.128,0.243,0.629
40700,0.129,0.240,0.631
40800,0.126,0.241,0.633
40900,0.126,0.234,0.640
41000,0.118,0.228,0.654
41100,0.120,0.227,0.654
41200,0.120,0.226,0.655
41300,0.112,0.235,0.653
41400,0.112,0.239,0.649
41500,0.109,0.238,0.653
41600,0.114,0.245,0.640
41700,0.113,0.254,0.632
41800,0.114,0.255,0.630
41900,0.112,0.251,0.636
42000,0.103,0.253,0.644
42100,0.102,0.249,0.649
42200,0.101,0.254,0.645
42300,0.107,0.253,0.639
42400,0.104,0.248,0.648
42500,0.137,0.248,0.615
42600,0.142,0.239,0.619
42700,0.142,0.235,0.623
42800,0.131,0.235,0.634
42900,0.122,0.237,0.641
43000,0.117,0.231,0.652
43100,0.114,0.232,0.654
43200,0.112,0.225,0.663
43300,0.116,0.222,0.662
43400,0.113,0.247,0.639
43500,0.109,0.245,0.646
43600,0.104,0.241,0.655
43700,0.103,0.242,0.655
43800,0.102,0.238,0.660
43900,0.101,0.236,0.663
44000,0.095,0.230,0.675
44100,0.091,0.228,0.681
44200,0.093,0.223,0.684
44300,0.094,0.228,0.678
44400,0.090,0.247,0.663
44500,0.105,0.246,0.649
44600,0.102,0.245,0.653
44700,0.100,0.251,0.649
44800,0.103,0.252,0.645
44900,0.099,0.265,0.636
45000,0.094,0.265,0.641
45100,0.099,0.259,0.641
45200,0.095,0.255,0.650
45300,0.093,0.271,0.636
45400,0.093,0.268,0.639
45500,0.101,0.261,0.637
45600,0.105,0.260,0.634
45700,0.096,0.255,0.649
45800,0.095,0.254,0.651
45900,0.095,0.255,0.650
46000,0.094,0.261,0.645
46100,0.091,0.260,0.649
46200,0.094,0.261,0.645
46300,0.096,0.261,0.642
46400,0.098,0.261,0.640
46500,0.092,0.272,0.636
46600,0.088,0.266,0.647
46700,0.088,0.259,0.653
46800,0.094,0.266,0.640
46900,0.089,0.278,0.633
47000,0.101,0.269,0.630
47100,0.100,0.277,0.623
47200,0.096,0.272,0.632
47300,0.092,0.267,0.641
47400,0.108,0.270,0.622
47500,0.102,0.254,0.644
47600,0.106,0.250,0.644
47700,0.095,0.250,0.655
47800,0.096,0.257,0.647
47900,0.098,0.248,0.654
48000,0.099,0.248,0.653
48100,0.102,0.248,0.650
48200,0.101,0.252,0.647
48300,0.102,0.252,0.646
48400,0.105,0.248,0.647
48500,0.093,0.244,0.663
48600,0.096,0.246,0.658
48700,0.098,0.245,0.657
48800,0.093,0.252,0.655
48900,0.096,0.249,0.655
49000,0.091,0.241,0.668
49100,0.091,0.247,0.662
49200,0.092,0.254,0.654
49300,0.096,0.250,0.654
49400,0.094,0.247,0.659
49500,0.089,0.243,0.668
49600,0.090,0.244,0.666
49700,0.087,0.238,0.675
49800,0.090,0.245,0.665
49900,0.095,0.238,0.667
50000,0.098,0.249,0.653
50100,0.098,0.263,0.639
50200,0.107,0.265,0.628
50300,0.107,0.263,0.630
50400,0.105,0.258,0.636
50500,0.104,0.266,0.630
50600,0.099,0.271,0.630
50700,0.098,0.265,0.637
50800,0.102,0.258,0.639
50900,0.101,0.258,0.640
51000,0.100,0.264,0.636
51100,0.095,0.264,0.641
51200,0.090,0.257,0.653
51300,0.094,0.257,0.649
51400,0.088,0.251,0.661
51500,0.095,0.249,0.656
51600,0.095,0.240,0.665
51700,0.101,0.249,0.650
51800,0.098,0.244,0.658
51900,0.090,0.247,0.663
52000,0.089,0.246,0.665
52100,0.083,0.248,0.669
52200,0.085,0.247,0.668
52300,0.087,0.245,0.668
52400,0.088,0.250,0.662
52500,0.088,0.242,0.670
52600,0.088,0.246,0.666
52700,0.086,0.247,0.667
52800,0.087,0.247,0.666
52900,0.088,0.249,0.663
53000,0.086,0.243,0.671
53100,0.084,0.238,0.678
53200,0.079,0.241,0.680
53300,0.083,0.242,0.675
53400,0.087,0.243,0.670
53500,0.101,0.243,0.656
53600,0.115,0.240,0.645
53700,0.117,0.239,0.644
53800,0.114,0.241,0.645
53900,0.120,0.241,0.639
54000,0.118,0.243,0.638
54100,0.118,0.245,0.636
54200,0.122,0.247,0.631
54300,0.113,0.244,0.642
54400,0.110,0.240,0.650
54500,0.107,0.249,0.644
54600,0.123,0.245,0.632
54700,0.122,0.244,0.634
54800,0.114,0.251,0.634
54900,0.121,0.242,0.637
55000,0.114,0.236,0.650
55100,0.116,0.238,0.646
55200,0.110,0.234,0.656
55300,0.107,0.233,0.660
55400,0.110,0.228,0.662
55500,0.113,0.225,0.662
55600,0.101,0.226,0.673
55700,0.102,0.224,0.674
55800,0.107,0.238,0.655
55900,0.117,0.233,0.650
56000,0.112,0.236,0.652
56100,0.110,0.229,0.661
56200,0.108,0.233,0.659
56300,0.110,0.231,0.659
56400,0.105,0.233,0.662
56500,0.128,0.232,0.640
56600,0.126,0.227,0.648
56700,0.134,0.222,0.645
56800,0.132,0.219,0.650
56900,0.127,0.220,0.654
57000,0.145,0.213,0.641
57100,0.148,0.213,0.638
57200,0.140,0.209,0.651
57300,0.129,0.232,0.639
57400,0.106,0.230,0.664
57500,0.104,0.230,0.666
57600,0.108,0.231,0.661
57700,0.103,0.252,0.645
57800,0.104,0.250,0.646
57900,0.105,0.250,0.645
58000,0.098,0.250,0.652
58100,0.095,0.252,0.653
58200,0.103,0.254,0.642
58300,0.107,0.243,0.650
58400,0.101,0.240,0.659
58500,0.106,0.240,0.654
58600,0.107,0.238,0.655
58700,0.105,0.239,0.656
58800,0.110,0.239,0.651
58900,0.105,0.233,0.662
59000,0.100,0.227,0.673
59100,0.105,0.223,0.672
59200,0.112,0.221,0.667
59300,0.105,0.224,0.671
59400,0.117,0.231,0.652
59500,0.113,0.236,0.651
59600,0.109,0.235,0.656
59700,0.111,0.230,0.659
59800,0.115,0.234,0.651
59900,0.111,0.228,0.661
60000,0.113,0.235,0.652
60100,0.112,0.232,0.656
60200,0.109,0.228,0.663
60300,0.112,0.219,0.669
60400,0.108,0.234,0.658
60500,0.127,0.226,0.648
60600,0.124,0.223,0.654
60700,0.118,0.230,0.652
60800,0.117,0.223,0.660
60900,0.125,0.224,0.652
61000,0.117,0.221,0.662
61100,0.120,0.222,0.659
61200,0.125,0.223,0.653
61300,0.133,0.236,0.631
61400,0.123,0.230,0.648
61500,0.114,0.226,0.660
61600,0.118,0.219,0.663
61700,0.122,0.217,0.662
61800,0.121,0.215,0.665
61900,0.128,0.208,0.664
62000,0.129,0.211,0.660
62100,0.120,0.218,0.663
62200,0.122,0.213,0.665
62300,0.124,0.210,0.666
62400,0.123,0.208,0.669
62500,0.114,0.205,0.680
62600,0.115,0.205,0.679
62700,0.114,0.209,0.676
62800,0.131,0.203,0.666
62900,0.130,0.225,0.646
63000,0.127,0.233,0.640
63100,0.122,0.236,0.642
63200,0.120,0.231,0.650
63300,0.121,0.228,0.652
63400,0.118,0.231,0.651
63500,0.121,0.230,0.650
63600,0.122,0.233,0.646
63700,0.126,0.232,0.642
63800,0.125,0.226,0.650
63900,0.126,0.227,0.648
64000,0.125,0.225,0.651
64100,0.116,0.232,0.652
64200,0.110,0.221,0.669
64300,0.113,0.213,0.673
64400,0.109,0.212,0.678
64500,0.106,0.208,0.685
64600,0.103,0.210,0.686
64700,0.109,0.209,0.681
64800,0.104,0.207,0.688
64900,0.104,0.201,0.695
65000,0.109,0.204,0.686
65100,0.110,0.203,0.686
65200,0.117,0.205,0.677
65300,0.131,0.215,0.655
65400,0.141,0.217,0.642
65500,0.139,0.223,0.638
65600,0.139,0.224,0.637
65700,0.130,0.215,0.656
65800,0.124,0.213,0.663
65900,0.127,0.215,0.659
66000,0.129,0.204,0.667
66100,0.121,0.209,0.670
66200,0.118,0.209,0.672
66300,0.122,0.212,0.666
66400,0.116,0.213,0.670
66500,0.113,0.210,0.676
66600,0.109,0.222,0.669
66700,0.110,0.218,0.672
66800,0.108,0.218,0.674
66900,0.112,0.216,0.672
67000,0.110,0.212,0.677
67100,0.101,0.215,0.684
67200,0.102,0.218,0.680
67300,0.105,0.220,0.675
67400,0.101,0.240,0.659
67500,0.097,0.242,0.661
67600,0.100,0.243,0.657
67700,0.105,0.235,0.660
67800,0.098,0.232,0.670
67900,0.094,0.231,0.675
68000,0.098,0.226,0.676
68100,0.102,0.225,0.673
68200,0.105,0.222,0.673
68300,0.104,0.220,0.676
68400,0.103,0.219,0.678
68500,0.100,0.223,0.677
68600,0.093,0.227,0.680
68700,0.093,0.230,0.677
68800,0.097,0.235,0.668
68900,0.093,0.239,0.668
69000,0.094,0.234,0.672
69100,0.099,0.236,0.665
69200,0.096,0.239,0.665
69300,0.095,0.234,0.671
69400,0.097,0.238,0.665
69500,0.099,0.231,0.670
69600,0.096,0.231,0.673
69700,0.094,0.227,0.679
69800,0.091,0.223,0.686
69900,0.092,0.229,0.679
70000,0.093,0.225,0.682
70100,0.095,0.232,0.673
70200,0.099,0.230,0.671
70300,0.095,0.221,0.684
70400,0.091,0.221,0.688
70500,0.094,0.224,0.682
70600,0.099,0.224,0.677
70700,0.094,0.224,0.682
70800,0.096,0.216,0.688
70900,0.112,0.209,0.678
71000,0.112,0.210,0.677
71100,0.113,0.209,0.677
71200,0.111,0.212,0.676
71300,0.111,0.207,0.681
71400,0.108,0.201,0.691
71500,0.106,0.200,0.694
71600,0.101,0.202,0.697
71700,0.100,0.198,0.702
71800,0.108,0.199,0.693
71900,0.109,0.196,0.695
72000,0.122,0.197,0.681
72100,0.118,0.195,0.686
72200,0.118,0.204,0.677
72300,0.115,0.198,0.686
72400,0.128,0.199,0.673
72500,0.127,0.196,0.677
72600,0.130,0.192,0.678
72700,0.131,0.201,0.668
72800,0.130,0.201,0.669
72900,0.129,0.204,0.667
73000,0.125,0.193,0.682
73100,0.127,0.190,0.683
73200,0.134,0.193,0.673
73300,0.133,0.192,0.675
73400,0.127,0.193,0.680
73500,0.120,0.193,0.687
73600,0.117,0.184,0.699
73700,0.123,0.191,0.686
73800,0.125,0.193,0.682
73900,0.126,0.193,0.681
74000,0.121,0.195,0.684
74100,0.121,0.190,0.689
74200,0.118,0.198,0.683
74300,0.122,0.199,0.679
74400,0.122,0.201,0.677
74500,0.130,0.200,0.670
74600,0.130,0.204,0.666
74700,0.132,0.201,0.667
74800,0.131,0.207,0.662
74900,0.155,0.205,0.639
75000,0.143,0.204,0.653
75100,0.139,0.209,0.652
75200,0.135,0.200,0.665
75300,0.135,0.207,0.658
75400,0.136,0.204,0.660
75500,0.139,0.197,0.664
75600,0.139,0.196,0.665
75700,0.149,0.194,0.657
75800,0.148,0.189,0.663
75900,0.147,0.191,0.662
76000,0.142,0.194,0.664
76100,0.136,0.200,0.664
76200,0.133,0.196,0.671
76300,0.131,0.200,0.669
76400,0.129,0.191,0.680
76500,0.117,0.190,0.693
76600,0.120,0.188,0.693
76700,0.114,0.198,0.687
76800,0.125,0.201,0.674
76900,0.122,0.196,0.682
77000,0.118,0.215,0.667
77100,0.114,0.213,0.672
77200,0.129,0.213,0.658
77300,0.121,0.209,0.670
77400,0.120,0.223,0.658
77500,0.114,0.217,0.669
77600,0.099,0.210,0.691
77700,0.094,0.205,0.701
77800,0.099,0.202,0.699
77900,0.099,0.198,0.703
78000,0.103,0.200,0.697
78100,0.095,0.201,0.704
78200,0.098,0.198,0.704
78300,0.099,0.205,0.696
78400,0.099,0.206,0.695
78500,0.099,0.203,0.698
78600,0.098,0.208,0.694
78700,0.099,0.207,0.694
78800,0.095,0.201,0.704
78900,0.090,0.205,0.705
79000,0.083,0.202,0.715
79100,0.094,0.194,0.712
79200,0.096,0.197,0.707
79300,0.093,0.198,0.709
79400,0.091,0.197,0.712
79500,0.087,0.198,0.715
79600,0.086,0.200,0.714
79700,0.085,0.206,0.709
79800,0.090,0.217,0.694
79900,0.096,0.218,0.686
80000,0.099,0.221,0.680
80100,0.098,0.223,0.679
80200,0.096,0.219,0.685
80300,0.095,0.225,0.680
80400,0.095,0.220,0.685
80500,0.089,0.220,0.692
80600,0.092,0.223,0.685
80700,0.092,0.228,0.680
80800,0.095,0.218,0.687
80900,0.094,0.211,0.695
81000,0.088,0.217,0.696
81100,0.088,0.210,0.702
81200,0.091,0.206,0.703
81300,0.089,0.204,0.707
81400,0.087,0.206,0.707
81500,0.085,0.199,0.716
81600,0.094,0.204,0.702
81700,0.089,0.209,0.702
81800,0.087,0.211,0.702
81900,0.091,0.204,0.705
82000,0.091,0.203,0.706
82100,0.093,0.206,0.701
82200,0.099,0.199,0.702
82300,0.092,0.193,0.715
82400,0.089,0.195,0.716
82500,0.084,0.194,0.722
82600,0.083,0.201,0.716
82700,0.089,0.202,0.709
82800,0.101,0.206,0.693
82900,0.096,0.209,0.695
83000,0.094,0.206,0.700
83100,0.100,0.202,0.698
83200,0.095,0.201,0.704
83300,0.094,0.203,0.703
83400,0.099,0.202,0.699
83500,0.100,0.208,0.692
83600,0.095,0.208,0.697
83700,0.097,0.210,0.693
83800,0.106,0.210,0.683
83900,0.102,0.212,0.685
84000,0.097,0.206,0.697
84100,0.095,0.207,0.698
84200,0.091,0.207,0.702
84300,0.085,0.205,0.710
84400,0.083,0.198,0.719
84500,0.090,0.198,0.712
84600,0.106,0.195,0.699
84700,0.105,0.192,0.703
84800,0.103,0.193,0.704
84900,0.100,0.197,0.703
85000,0.102,0.200,0.698
85100,0.099,0.201,0.700
85200,0.097,0.201,0.702
85300,0.099,0.202,0.699
85400,0.107,0.199,0.694
85500,0.102,0.203,0.695
85600,0.101,0.203,0.696
85700,0.091,0.205,0.704
85800,0.087,0.207,0.706
85900,0.100,0.215,0.685
86000,0.098,0.206,0.696
86100,0.097,0.203,0.700
86200,0.107,0.202,0.691
86300,0.113,0.204,0.682
86400,0.111,0.205,0.683
86500,0.122,0.207,0.671
86600,0.122,0.204,0.674
86700,0.120,0.199,0.681
86800,0.117,0.199,0.683
86900,0.117,0.201,0.681
87000,0.120,0.198,0.682
87100,0.120,0.201,0.679
87200,0.126,0.200,0.674
87300,0.124,0.194,0.682
87400,0.122,0.195,0.683
87500,0.118,0.197,0.684
87600,0.122,0.195,0.683
87700,0.120,0.193,0.687
87800,0.116,0.191,0.693
87900,0.117,0.192,0.691
88000,0.117,0.195,0.687
88100,0.124,0.192,0.684
88200,0.117,0.199,0.683
88300,0.117,0.194,0.688
88400,0.120,0.193,0.687
88500,0.118,0.192,0.689
88600,0.110,0.191,0.699
88700,0.106,0.196,0.698
88800,0.103,0.198,0.699
88900,0.099,0.197,0.704
89000,0.101,0.207,0.692
89100,0.101,0.207,0.692
89200,0.098,0.203,0.699
89300,0.105,0.204,0.691
89400,0.110,0.206,0.683
89500,0.106,0.207,0.686
89600,0.108,0.195,0.697
89700,0.107,0.191,0.702
89800,0.105,0.193,0.702
89900,0.104,0.188,0.708
90000,0.101,0.184,0.715
90100,0.103,0.204,0.693
90200,0.107,0.197,0.696
90300,0.103,0.195,0.702
90400,0.105,0.193,0.702
90500,0.101,0.191,0.708
90600,0.097,0.189,0.714
90700,0.097,0.191,0.712
90800,0.090,0.195,0.715
90900,0.085,0.196,0.719
91000,0.088,0.203,0.709
91100,0.092,0.196,0.712
91200,0.089,0.198,0.713
91300,0.082,0.201,0.717
91400,0.081,0.199,0.720
91500,0.083,0.197,0.720
91600,0.087,0.192,0.721
91700,0.088,0.191,0.721
91800,0.090,0.191,0.719
91900,0.090,0.192,0.718
92000,0.093,0.197,0.710
92100,0.103,0.197,0.700
92200,0.105,0.196,0.699
92300,0.103,0.192,0.705
92400,0.100,0.196,0.704
92500,0.116,0.188,0.696
92600,0.118,0.185,0.697
92700,0.115,0.184,0.701
92800,0.121,0.192,0.687
92900,0.117,0.201,0.681
93000,0.124,0.197,0.679
93100,0.109,0.196,0.695
93200,0.104,0.197,0.699
93300,0.102,0.197,0.701
93400,0.105,0.192,0.703
93500,0.103,0.198,0.699
93600,0.095,0.197,0.708
93700,0.098,0.191,0.711
93800,0.104,0.191,0.705
93900,0.105,0.195,0.700
94000,0.120,0.194,0.686
94100,0.115,0.193,0.692
94200,0.112,0.205,0.682
94300,0.105,0.213,0.681
94400,0.107,0.207,0.685
94500,0.114,0.206,0.679
94600,0.114,0.207,0.678
94700,0.112,0.209,0.678
94800,0.118,0.205,0.676
94900,0.111,0.201,0.687
95000,0.113,0.202,0.684
95100,0.118,0.198,0.683
95200,0.121,0.194,0.685
95300,0.117,0.190,0.693
95400,0.113,0.198,0.688
95500,0.113,0.220,0.667
95600,0.106,0.215,0.679
95700,0.104,0.212,0.683
95800,0.097,0.207,0.696
95900,0.100,0.205,0.695
96000,0.101,0.213,0.685
96100,0.104,0.207,0.688
96200,0.101,0.210,0.688
96300,0.101,0.215,0.684
96400,0.105,0.208,0.686
96500,0.103,0.226,0.671
96600,0.104,0.217,0.679
96700,0.101,0.216,0.683
96800,0.102,0.209,0.688
96900,0.113,0.229,0.658
97000,0.113,0.229,0.658
97100,0.109,0.221,0.670
97200,0.118,0.219,0.663
97300,0.127,0.215,0.659
97400,0.124,0.211,0.665
97500,0.128,0.210,0.662
97600,0.120,0.206,0.674
97700,0.128,0.202,0.670
97800,0.118,0.202,0.679
97900,0.121,0.202,0.677
98000,0.114,0.202,0.683
98100,0.114,0.204,0.681
98200,0.109,0.205,0.685
98300,0.111,0.210,0.678
98400,0.108,0.200,0.692
98500,0.105,0.198,0.697
98600,0.109,0.201,0.689
98700,0.106,0.200,0.694
98800,0.110,0.204,0.685
98900,0.112,0.198,0.689
99000,0.115,0.198,0.686
99100,0.113,0.192,0.695
99200,0.118,0.192,0.689
99300,0.116,0.194,0.689
99400,0.112,0.191,0.697
99500,0.118,0.204,0.677
99600,0.115,0.206,0.678
99700,0.131,0.199,0.670
99800,0.127,0.195,0.678
99900,0.129,0.198,0.673
100000,0.127,0.201,0.672
