time,n_A+p,n_B,n_AB
500,0.010,0.977,0.013
1000,0.010,0.956,0.034
1500,0.010,0.957,0.033
2000,0.010,0.956,0.034
2500,0.010,0.939,0.051
3000,0.010,0.914,0.076
3500,0.010,0.912,0.078
4000,0.010,0.905,0.085
4500,0.010,0.906,0.084
5000,0.010,0.889,0.101
5500,0.010,0.881,0.109
6000,0.010,0.861,0.129
6500,0.010,0.876,0.114
7000,0.010,0.831,0.159
7500,0.010,0.812,0.177
8000,0.010,0.866,0.124
8500,0.010,0.882,0.108
9000,0.010,0.901,0.089
9500,0.010,0.896,0.094
10000,0.010,0.904,0.086
10500,0.010,0.887,0.103
11000,0.010,0.855,0.135
11500,0.010,0.866,0.124
12000,0.010,0.864,0.126
12500,0.010,0.883,0.107
13000,0.010,0.865,0.125
13500,0.010,0.868,0.122
14000,0.010,0.846,0.144
14500,0.010,0.864,0.126
15000,0.010,0.865,0.125
15500,0.010,0.839,0.151
16000,0.010,0.844,0.146
16500,0.010,0.779,0.211
17000,0.010,0.824,0.166
17500,0.010,0.863,0.127
18000,0.010,0.884,0.106
18500,0.010,0.902,0.088
19000,0.010,0.910,0.080
19500,0.010,0.918,0.072
20000,0.010,0.908,0.082
20500,0.010,0.915,0.075
21000,0.010,0.876,0.114
21500,0.010,0.824,0.166
22000,0.010,0.837,0.153
22500,0.010,0.879,0.111
23000,0.010,0.883,0.107
23500,0.010,0.871,0.119
24000,0.010,0.871,0.119
24500,0.010,0.875,0.115
25000,0.010,0.790,0.200
25500,0.010,0.775,0.215
26000,0.010,0.800,0.190
26500,0.010,0.828,0.162
27000,0.010,0.859,0.131
27500,0.010,0.846,0.144
28000,0.010,0.861,0.129
28500,0.010,0.874,0.116
29000,0.010,0.836,0.154
29500,0.010,0.887,0.103
30000,0.010,0.903,0.087
30500,0.010,0.896,0.094
31000,0.010,0.893,0.097
31500,0.010,0.913,0.077
32000,0.010,0.923,0.067
32500,0.010,0.916,0.074
33000,0.010,0.919,0.071
33500,0.010,0.934,0.055
34000,0.010,0.930,0.060
34500,0.010,0.927,0.063
35000,0.010,0.932,0.057
35500,0.010,0.922,0.068
36000,0.010,0.929,0.061
36500,0.010,0.917,0.073
37000,0.010,0.932,0.057
37500,0.010,0.886,0.104
38000,0.010,0.844,0.146
38500,0.010,0.847,0.143
39000,0.010,0.832,0.158
39500,0.010,0.789,0.201
40000,0.010,0.811,0.179
40500,0.010,0.843,0.147
41000,0.010,0.876,0.114
41500,0.010,0.901,0.089
42000,0.010,0.917,0.073
42500,0.010,0.932,0.057
43000,0.010,0.936,0.054
43500,0.010,0.927,0.063
44000,0.010,0.912,0.078
44500,0.010,0.922,0.068
45000,0.010,0.899,0.091
45500,0.010,0.890,0.100
46000,0.010,0.881,0.109
46500,0.010,0.871,0.119
47000,0.010,0.887,0.103
47500,0.010,0.880,0.110
48000,0.010,0.885,0.105
48500,0.010,0.882,0.108
49000,0.010,0.880,0.110
49500,0.010,0.858,0.132
50000,0.010,0.828,0.162
50500,0.010,0.826,0.164
51000,0.010,0.809,0.180
51500,0.010,0.846,0.144
52000,0.010,0.848,0.142
52500,0.010,0.818,0.172
53000,0.010,0.800,0.190
53500,0.010,0.859,0.131
54000,0.010,0.885,0.105
54500,0.010,0.929,0.061
55000,0.010,0.943,0.047
55500,0.010,0.945,0.045
56000,0.010,0.935,0.054
56500,0.010,0.918,0.072
57000,0.010,0.877,0.113
57500,0.010,0.887,0.103
58000,0.010,0.885,0.105
58500,0.010,0.916,0.074
59000,0.010,0.904,0.086
59500,0.010,0.870,0.120
60000,0.010,0.871,0.119
60500,0.010,0.858,0.132
61000,0.010,0.834,0.156
61500,0.010,0.805,0.185
62000,0.010,0.795,0.195
62500,0.010,0.782,0.208
63000,0.010,0.797,0.193
63500,0.010,0.865,0.125
64000,0.010,0.846,0.144
64500,0.010,0.849,0.141
65000,0.010,0.851,0.139
65500,0.010,0.825,0.165
66000,0.010,0.833,0.157
66500,0.010,0.812,0.177
67000,0.010,0.765,0.225
67500,0.010,0.748,0.242
68000,0.010,0.728,0.262
68500,0.010,0.751,0.239
69000,0.010,0.783,0.207
69500,0.010,0.811,0.179
70000,0.010,0.837,0.153
70500,0.010,0.861,0.129
71000,0.010,0.866,0.124
71500,0.010,0.828,0.162
72000,0.010,0.824,0.166
72500,0.010,0.848,0.142
73000,0.010,0.860,0.130
73500,0.010,0.847,0.143
74000,0.010,0.835,0.155
74500,0.010,0.862,0.128
75000,0.010,0.905,0.085
75500,0.010,0.866,0.124
76000,0.010,0.875,0.115
76500,0.010,0.875,0.115
77000,0.010,0.909,0.081
77500,0.010,0.898,0.092
78000,0.010,0.865,0.125
78500,0.010,0.865,0.125
79000,0.010,0.879,0.111
79500,0.010,0.892,0.098
80000,0.010,0.885,0.105
80500,0.010,0.877,0.113
81000,0.010,0.873,0.117
81500,0.010,0.869,0.121
82000,0.010,0.895,0.095
82500,0.010,0.879,0.111
83000,0.010,0.865,0.125
83500,0.010,0.865,0.125
84000,0.010,0.864,0.126
84500,0.010,0.868,0.122
85000,0.010,0.870,0.120
85500,0.010,0.859,0.131
86000,0.010,0.871,0.119
86500,0.010,0.845,0.145
87000,0.010,0.840,0.150
87500,0.010,0.856,0.134
88000,0.010,0.866,0.124
88500,0.010,0.895,0.095
89000,0.010,0.879,0.111
89500,0.010,0.895,0.095
90000,0.010,0.862,0.128
90500,0.010,0.874,0.116
91000,0.010,0.893,0.097
91500,0.010,0.891,0.099
92000,0.010,0.895,0.095
92500,0.010,0.901,0.089
93000,0.010,0.928,0.062
93500,0.010,0.919,0.071
94000,0.010,0.885,0.105
94500,0.010,0.864,0.126
95000,0.010,0.875,0.115
95500,0.010,0.885,0.105
96000,0.010,0.899,0.091
96500,0.010,0.907,0.083
97000,0.010,0.917,0.073
97500,0.010,0.908,0.082
98000,0.010,0.896,0.094
98500,0.010,0.913,0.077
99000,0.010,0.912,0.078
99500,0.010,0.917,0.073
100000,0.010,0.903,0.087
100500,0.010,0.916,0.074
101000,0.010,0.905,0.085
101500,0.010,0.917,0.073
102000,0.010,0.894,0.096
102500,0.010,0.910,0.080
103000,0.010,0.878,0.112
103500,0.010,0.873,0.117
104000,0.010,0.889,0.101
104500,0.010,0.932,0.057
105000,0.010,0.895,0.095
105500,0.010,0.881,0.109
106000,0.010,0.871,0.119
106500,0.010,0.901,0.089
107000,0.010,0.914,0.076
107500,0.010,0.934,0.056
108000,0.010,0.928,0.062
108500,0.010,0.921,0.069
109000,0.010,0.919,0.071
109500,0.010,0.907,0.083
110000,0.010,0.904,0.086
110500,0.010,0.910,0.080
111000,0.010,0.890,0.100
111500,0.010,0.885,0.105
112000,0.010,0.899,0.091
112500,0.010,0.903,0.087
113000,0.010,0.919,0.071
113500,0.010,0.907,0.083
114000,0.010,0.870,0.120
114500,0.010,0.858,0.132
115000,0.010,0.867,0.123
115500,0.010,0.881,0.109
116000,0.010,0.850,0.140
116500,0.010,0.856,0.134
117000,0.010,0.875,0.115
117500,0.010,0.896,0.094
118000,0.010,0.868,0.122
118500,0.010,0.864,0.126
119000,0.010,0.866,0.124
119500,0.010,0.834,0.156
120000,0.010,0.827,0.163
120500,0.010,0.804,0.186
121000,0.010,0.809,0.180
121500,0.010,0.790,0.200
122000,0.010,0.807,0.183
122500,0.010,0.840,0.150
123000,0.010,0.807,0.182
123500,0.010,0.810,0.179
124000,0.010,0.819,0.171
124500,0.010,0.837,0.153
125000,0.010,0.826,0.164
125500,0.010,0.848,0.142
126000,0.010,0.854,0.136
126500,0.010,0.837,0.153
127000,0.010,0.849,0.141
127500,0.010,0.843,0.147
128000,0.010,0.862,0.128
128500,0.010,0.834,0.156
129000,0.010,0.851,0.139
129500,0.010,0.861,0.129
130000,0.010,0.886,0.104
130500,0.010,0.898,0.092
131000,0.010,0.894,0.096
131500,0.010,0.875,0.115
132000,0.010,0.898,0.092
132500,0.010,0.908,0.082
133000,0.010,0.898,0.092
133500,0.010,0.890,0.100
134000,0.010,0.859,0.131
134500,0.010,0.862,0.128
135000,0.010,0.822,0.168
135500,0.010,0.812,0.178
136000,0.010,0.838,0.152
136500,0.010,0.866,0.124
137000,0.010,0.869,0.121
137500,0.010,0.869,0.121
138000,0.010,0.886,0.104
138500,0.010,0.854,0.136
139000,0.010,0.855,0.135
139500,0.010,0.858,0.132
140000,0.010,0.842,0.148
140500,0.010,0.839,0.151
141000,0.010,0.851,0.139
141500,0.010,0.843,0.147
142000,0.010,0.840,0.150
142500,0.010,0.850,0.140
143000,0.010,0.836,0.154
143500,0.010,0.883,0.107
144000,0.010,0.886,0.104
144500,0.010,0.882,0.108
145000,0.010,0.880,0.110
145500,0.010,0.837,0.153
146000,0.010,0.838,0.152
146500,0.010,0.860,0.130
147000,0.010,0.838,0.152
147500,0.010,0.845,0.145
148000,0.010,0.809,0.181
148500,0.010,0.836,0.154
149000,0.010,0.834,0.156
149500,0.010,0.816,0.174
150000,0.010,0.812,0.178
150500,0.010,0.839,0.151
151000,0.010,0.822,0.168
151500,0.010,0.854,0.136
152000,0.010,0.852,0.138
152500,0.010,0.823,0.167
153000,0.010,0.822,0.168
153500,0.010,0.800,0.190
154000,0.010,0.819,0.171
154500,0.010,0.855,0.135
155000,0.010,0.864,0.126
155500,0.010,0.845,0.145
156000,0.010,0.862,0.128
156500,0.010,0.878,0.112
157000,0.010,0.875,0.115
157500,0.010,0.887,0.103
158000,0.010,0.881,0.109
158500,0.010,0.846,0.144
159000,0.010,0.852,0.138
159500,0.010,0.863,0.127
160000,0.010,0.868,0.122
160500,0.010,0.871,0.119
161000,0.010,0.881,0.109
161500,0.010,0.847,0.143
162000,0.010,0.870,0.120
162500,0.010,0.874,0.116
163000,0.010,0.857,0.133
163500,0.010,0.859,0.131
164000,0.010,0.853,0.137
164500,0.010,0.817,0.173
165000,0.010,0.831,0.159
165500,0.010,0.840,0.150
166000,0.010,0.829,0.161
166500,0.010,0.824,0.166
167000,0.010,0.829,0.161
167500,0.010,0.858,0.132
168000,0.010,0.859,0.131
168500,0.010,0.845,0.145
169000,0.010,0.887,0.103
169500,0.010,0.852,0.138
170000,0.010,0.868,0.122
170500,0.010,0.833,0.157
171000,0.010,0.895,0.095
171500,0.010,0.888,0.102
172000,0.010,0.915,0.075
172500,0.010,0.919,0.071
173000,0.010,0.916,0.074
173500,0.010,0.915,0.075
174000,0.010,0.927,0.062
174500,0.010,0.881,0.109
175000,0.010,0.876,0.114
175500,0.010,0.874,0.116
176000,0.010,0.894,0.096
176500,0.010,0.865,0.125
177000,0.010,0.899,0.091
177500,0.010,0.868,0.122
178000,0.010,0.894,0.096
178500,0.010,0.890,0.100
179000,0.010,0.855,0.135
179500,0.010,0.856,0.134
180000,0.010,0.901,0.089
180500,0.010,0.914,0.076
181000,0.010,0.921,0.069
181500,0.010,0.897,0.093
182000,0.010,0.918,0.072
182500,0.010,0.910,0.080
183000,0.010,0.914,0.076
183500,0.010,0.924,0.066
184000,0.010,0.914,0.076
184500,0.010,0.903,0.087
185000,0.010,0.939,0.051
185500,0.010,0.932,0.058
186000,0.010,0.912,0.078
186500,0.010,0.915,0.075
187000,0.010,0.899,0.091
187500,0.010,0.905,0.085
188000,0.010,0.929,0.061
188500,0.010,0.924,0.066
189000,0.010,0.885,0.105
189500,0.010,0.883,0.107
190000,0.010,0.834,0.156
190500,0.010,0.856,0.134
191000,0.010,0.871,0.119
191500,0.010,0.867,0.123
192000,0.010,0.897,0.093
192500,0.010,0.855,0.135
193000,0.010,0.850,0.140
193500,0.010,0.860,0.130
194000,0.010,0.841,0.149
194500,0.010,0.853,0.137
195000,0.010,0.851,0.139
195500,0.010,0.882,0.108
196000,0.010,0.882,0.108
196500,0.010,0.886,0.104
197000,0.010,0.887,0.103
197500,0.010,0.924,0.066
198000,0.010,0.924,0.066
198500,0.010,0.932,0.058
199000,0.010,0.922,0.068
199500,0.010,0.926,0.064
200000,0.010,0.883,0.107
200500,0.010,0.879,0.111
201000,0.010,0.860,0.130
201500,0.010,0.847,0.143
202000,0.010,0.848,0.142
202500,0.010,0.856,0.134
203000,0.010,0.879,0.111
203500,0.010,0.907,0.083
204000,0.010,0.900,0.090
204500,0.010,0.890,0.100
205000,0.010,0.915,0.075
205500,0.010,0.852,0.138
206000,0.010,0.866,0.124
206500,0.010,0.867,0.123
207000,0.010,0.897,0.093
207500,0.010,0.887,0.103
208000,0.010,0.875,0.115
208500,0.010,0.852,0.138
209000,0.010,0.844,0.146
209500,0.010,0.891,0.099
210000,0.010,0.932,0.058
210500,0.010,0.913,0.077
211000,0.010,0.935,0.054
211500,0.010,0.936,0.054
212000,0.010,0.934,0.056
212500,0.010,0.941,0.049
213000,0.010,0.931,0.058
213500,0.010,0.913,0.077
214000,0.010,0.896,0.094
214500,0.010,0.903,0.087
215000,0.010,0.879,0.111
215500,0.010,0.886,0.104
216000,0.010,0.886,0.104
216500,0.010,0.899,0.091
217000,0.010,0.894,0.096
217500,0.010,0.857,0.133
218000,0.010,0.880,0.110
218500,0.010,0.860,0.130
219000,0.010,0.872,0.118
219500,0.010,0.879,0.111
220000,0.010,0.878,0.112
220500,0.010,0.854,0.136
221000,0.010,0.860,0.130
221500,0.010,0.818,0.172
222000,0.010,0.838,0.152
222500,0.010,0.848,0.142
223000,0.010,0.830,0.160
223500,0.010,0.802,0.188
224000,0.010,0.828,0.162
224500,0.010,0.839,0.151
225000,0.010,0.865,0.125
225500,0.010,0.855,0.135
226000,0.010,0.872,0.118
226500,0.010,0.877,0.113
227000,0.010,0.873,0.117
227500,0.010,0.890,0.100
228000,0.010,0.883,0.107
228500,0.010,0.886,0.104
229000,0.010,0.841,0.149
229500,0.010,0.848,0.142
230000,0.010,0.863,0.127
230500,0.010,0.860,0.130
231000,0.010,0.893,0.097
231500,0.010,0.904,0.086
232000,0.010,0.903,0.087
232500,0.010,0.879,0.111
233000,0.010,0.871,0.119
233500,0.010,0.892,0.098
234000,0.010,0.865,0.125
234500,0.010,0.819,0.171
235000,0.010,0.867,0.123
235500,0.010,0.860,0.130
236000,0.010,0.838,0.152
236500,0.010,0.818,0.172
237000,0.010,0.829,0.161
237500,0.010,0.822,0.168
238000,0.010,0.799,0.191
238500,0.010,0.819,0.171
239000,0.010,0.833,0.157
239500,0.010,0.841,0.149
240000,0.010,0.847,0.143
240500,0.010,0.815,0.175
241000,0.010,0.828,0.162
241500,0.010,0.852,0.138
242000,0.010,0.852,0.138
242500,0.010,0.826,0.164
243000,0.010,0.818,0.172
243500,0.010,0.831,0.159
244000,0.010,0.844,0.146
244500,0.010,0.816,0.174
245000,0.010,0.799,0.191
245500,0.010,0.824,0.166
246000,0.010,0.847,0.143
246500,0.010,0.816,0.174
247000,0.010,0.789,0.201
247500,0.010,0.767,0.223
248000,0.010,0.784,0.206
248500,0.010,0.794,0.196
249000,0.010,0.794,0.196
249500,0.010,0.759,0.231
250000,0.010,0.786,0.204
250500,0.010,0.795,0.195
251000,0.010,0.822,0.168
251500,0.010,0.863,0.127
252000,0.010,0.856,0.134
252500,0.010,0.845,0.145
253000,0.010,0.873,0.117
253500,0.010,0.856,0.134
254000,0.010,0.883,0.107
254500,0.010,0.836,0.154
255000,0.010,0.825,0.165
255500,0.010,0.856,0.134
256000,0.010,0.875,0.115
256500,0.010,0.887,0.103
257000,0.010,0.886,0.104
257500,0.010,0.868,0.122
258000,0.010,0.906,0.084
258500,0.010,0.900,0.090
259000,0.010,0.924,0.066
259500,0.010,0.932,0.057
260000,0.010,0.901,0.089
260500,0.010,0.855,0.135
261000,0.010,0.880,0.110
261500,0.010,0.898,0.092
262000,0.010,0.886,0.104
262500,0.010,0.895,0.095
263000,0.010,0.901,0.089
263500,0.010,0.896,0.094
264000,0.010,0.898,0.092
264500,0.010,0.898,0.092
265000,0.010,0.930,0.059
265500,0.010,0.928,0.062
266000,0.010,0.927,0.063
266500,0.010,0.919,0.071
267000,0.010,0.871,0.119
267500,0.010,0.864,0.126
268000,0.010,0.862,0.128
268500,0.010,0.889,0.101
269000,0.010,0.887,0.103
269500,0.010,0.875,0.115
270000,0.010,0.905,0.085
270500,0.010,0.903,0.087
271000,0.010,0.892,0.098
271500,0.010,0.868,0.122
272000,0.010,0.881,0.109
272500,0.010,0.898,0.092
273000,0.010,0.863,0.127
273500,0.010,0.883,0.107
274000,0.010,0.879,0.111
274500,0.010,0.879,0.111
275000,0.010,0.852,0.138
275500,0.010,0.827,0.163
276000,0.010,0.853,0.137
276500,0.010,0.861,0.129
277000,0.010,0.845,0.145
277500,0.010,0.841,0.149
278000,0.010,0.845,0.145
278500,0.010,0.838,0.152
279000,0.010,0.821,0.169
279500,0.010,0.855,0.135
280000,0.010,0.864,0.126
280500,0.010,0.899,0.091
281000,0.010,0.886,0.104
281500,0.010,0.902,0.088
282000,0.010,0.893,0.097
282500,0.010,0.858,0.132
283000,0.010,0.838,0.152
283500,0.010,0.865,0.125
284000,0.010,0.877,0.113
284500,0.010,0.831,0.159
285000,0.010,0.848,0.142
285500,0.010,0.818,0.172
286000,0.010,0.826,0.164
286500,0.010,0.849,0.141
287000,0.010,0.892,0.098
287500,0.010,0.875,0.115
288000,0.010,0.883,0.107
288500,0.010,0.874,0.116
289000,0.010,0.847,0.143
289500,0.010,0.861,0.129
290000,0.010,0.877,0.113
290500,0.010,0.894,0.096
291000,0.010,0.886,0.104
291500,0.010,0.857,0.133
292000,0.010,0.862,0.128
292500,0.010,0.880,0.110
293000,0.010,0.875,0.115
293500,0.010,0.871,0.119
294000,0.010,0.896,0.094
294500,0.010,0.897,0.093
295000,0.010,0.893,0.097
295500,0.010,0.869,0.121
296000,0.010,0.834,0.156
296500,0.010,0.846,0.144
297000,0.010,0.893,0.097
297500,0.010,0.873,0.117
298000,0.010,0.857,0.133
298500,0.010,0.851,0.139
299000,0.010,0.842,0.148
299500,0.010,0.831,0.159
300000,0.010,0.797,0.193
300500,0.010,0.803,0.187
301000,0.010,0.837,0.153
301500,0.010,0.853,0.137
302000,0.010,0.844,0.146
302500,0.010,0.848,0.142
303000,0.010,0.863,0.127
303500,0.010,0.854,0.136
304000,0.010,0.878,0.112
304500,0.010,0.859,0.131
305000,0.010,0.909,0.081
305500,0.010,0.865,0.125
306000,0.010,0.880,0.110
306500,0.010,0.867,0.123
307000,0.010,0.831,0.159
307500,0.010,0.814,0.176
308000,0.010,0.790,0.200
308500,0.010,0.811,0.179
309000,0.010,0.859,0.131
309500,0.010,0.875,0.115
310000,0.010,0.873,0.117
310500,0.010,0.852,0.138
311000,0.010,0.881,0.109
311500,0.010,0.877,0.113
312000,0.010,0.873,0.117
312500,0.010,0.879,0.111
313000,0.010,0.875,0.115
313500,0.010,0.854,0.136
314000,0.010,0.853,0.137
314500,0.010,0.868,0.122
315000,0.010,0.841,0.149
315500,0.010,0.872,0.118
316000,0.010,0.857,0.133
316500,0.010,0.849,0.141
317000,0.010,0.867,0.123
317500,0.010,0.849,0.141
318000,0.010,0.859,0.131
318500,0.010,0.849,0.141
319000,0.010,0.849,0.141
319500,0.010,0.817,0.173
320000,0.010,0.848,0.142
320500,0.010,0.848,0.142
321000,0.010,0.857,0.133
321500,0.010,0.886,0.104
322000,0.010,0.905,0.085
322500,0.010,0.913,0.077
323000,0.010,0.897,0.093
323500,0.010,0.916,0.074
324000,0.010,0.878,0.112
324500,0.010,0.857,0.133
325000,0.010,0.897,0.093
325500,0.010,0.883,0.107
326000,0.010,0.884,0.106
326500,0.010,0.893,0.097
327000,0.010,0.862,0.128
327500,0.010,0.853,0.137
328000,0.010,0.862,0.128
328500,0.010,0.895,0.095
329000,0.010,0.900,0.090
329500,0.010,0.925,0.065
330000,0.010,0.922,0.068
330500,0.010,0.919,0.071
331000,0.010,0.934,0.055
331500,0.010,0.894,0.096
332000,0.010,0.873,0.117
332500,0.010,0.859,0.131
333000,0.010,0.885,0.105
333500,0.010,0.878,0.112
334000,0.010,0.898,0.092
334500,0.010,0.881,0.109
335000,0.010,0.848,0.142
335500,0.010,0.876,0.114
336000,0.010,0.881,0.109
336500,0.010,0.847,0.143
337000,0.010,0.839,0.151
337500,0.010,0.869,0.121
338000,0.010,0.837,0.153
338500,0.010,0.827,0.163
339000,0.010,0.871,0.119
339500,0.010,0.844,0.146
340000,0.010,0.835,0.155
340500,0.010,0.859,0.131
341000,0.010,0.863,0.127
341500,0.010,0.872,0.118
342000,0.010,0.865,0.125
342500,0.010,0.859,0.131
343000,0.010,0.875,0.115
343500,0.010,0.875,0.115
344000,0.010,0.889,0.101
344500,0.010,0.878,0.112
345000,0.010,0.880,0.110
345500,0.010,0.877,0.113
346000,0.010,0.880,0.110
346500,0.010,0.875,0.115
347000,0.010,0.866,0.124
347500,0.010,0.890,0.100
348000,0.010,0.893,0.097
348500,0.010,0.906,0.084
349000,0.010,0.926,0.064
349500,0.010,0.922,0.068
350000,0.010,0.920,0.070
350500,0.010,0.862,0.128
351000,0.010,0.873,0.117
351500,0.010,0.894,0.096
352000,0.010,0.871,0.119
352500,0.010,0.862,0.128
353000,0.010,0.867,0.123
353500,0.010,0.870,0.120
354000,0.010,0.886,0.104
354500,0.010,0.895,0.095
355000,0.010,0.905,0.085
355500,0.010,0.887,0.103
356000,0.010,0.859,0.131
356500,0.010,0.874,0.116
357000,0.010,0.867,0.123
357500,0.010,0.895,0.095
358000,0.010,0.912,0.078
358500,0.010,0.900,0.090
359000,0.010,0.858,0.132
359500,0.010,0.855,0.135
360000,0.010,0.865,0.125
360500,0.010,0.857,0.133
361000,0.010,0.886,0.104
361500,0.010,0.913,0.077
362000,0.010,0.863,0.127
362500,0.010,0.850,0.140
363000,0.010,0.857,0.133
363500,0.010,0.883,0.107
364000,0.010,0.904,0.086
364500,0.010,0.883,0.107
365000,0.010,0.824,0.166
365500,0.010,0.806,0.183
366000,0.010,0.837,0.153
366500,0.010,0.828,0.162
367000,0.010,0.837,0.153
367500,0.010,0.825,0.165
368000,0.010,0.817,0.173
368500,0.010,0.832,0.158
369000,0.010,0.812,0.178
369500,0.010,0.851,0.139
370000,0.010,0.879,0.111
370500,0.010,0.873,0.117
371000,0.010,0.890,0.100
371500,0.010,0.909,0.081
372000,0.010,0.887,0.103
372500,0.010,0.879,0.111
373000,0.010,0.869,0.121
373500,0.010,0.875,0.115
374000,0.010,0.875,0.115
374500,0.010,0.863,0.127
375000,0.010,0.885,0.105
375500,0.010,0.886,0.104
376000,0.010,0.894,0.096
376500,0.010,0.861,0.129
377000,0.010,0.850,0.140
377500,0.010,0.811,0.179
378000,0.010,0.806,0.183
378500,0.010,0.815,0.175
379000,0.010,0.796,0.194
379500,0.010,0.796,0.194
380000,0.010,0.858,0.132
380500,0.010,0.853,0.137
381000,0.010,0.870,0.120
381500,0.010,0.816,0.174
382000,0.010,0.835,0.155
382500,0.010,0.854,0.136
383000,0.010,0.848,0.142
383500,0.010,0.861,0.129
384000,0.010,0.885,0.105
384500,0.010,0.848,0.142
385000,0.010,0.901,0.089
385500,0.010,0.915,0.075
386000,0.010,0.921,0.069
386500,0.010,0.876,0.114
387000,0.010,0.888,0.102
387500,0.010,0.887,0.103
388000,0.010,0.888,0.102
388500,0.010,0.852,0.138
389000,0.010,0.872,0.118
389500,0.010,0.897,0.093
390000,0.010,0.917,0.073
390500,0.010,0.927,0.062
391000,0.010,0.922,0.068
391500,0.010,0.903,0.087
392000,0.010,0.910,0.080
392500,0.010,0.906,0.084
393000,0.010,0.906,0.084
393500,0.010,0.937,0.053
394000,0.010,0.917,0.073
394500,0.010,0.893,0.097
395000,0.010,0.881,0.109
395500,0.010,0.875,0.115
396000,0.010,0.868,0.122
396500,0.010,0.862,0.128
397000,0.010,0.864,0.126
397500,0.010,0.850,0.140
398000,0.010,0.878,0.112
398500,0.010,0.889,0.101
399000,0.010,0.879,0.111
399500,0.010,0.839,0.151
400000,0.010,0.835,0.155
400500,0.010,0.818,0.172
401000,0.010,0.845,0.145
401500,0.010,0.831,0.159
402000,0.010,0.837,0.153
402500,0.010,0.883,0.107
403000,0.010,0.856,0.134
403500,0.010,0.847,0.143
404000,0.010,0.837,0.153
404500,0.010,0.854,0.136
405000,0.010,0.830,0.160
405500,0.010,0.854,0.136
406000,0.010,0.859,0.131
406500,0.010,0.859,0.131
407000,0.010,0.852,0.138
407500,0.010,0.877,0.113
408000,0.010,0.898,0.092
408500,0.010,0.863,0.127
409000,0.010,0.826,0.164
409500,0.010,0.800,0.190
410000,0.010,0.831,0.159
410500,0.010,0.804,0.185
411000,0.010,0.839,0.151
411500,0.010,0.826,0.164
412000,0.010,0.863,0.127
412500,0.010,0.847,0.143
413000,0.010,0.844,0.146
413500,0.010,0.835,0.155
414000,0.010,0.817,0.173
414500,0.010,0.796,0.194
415000,0.010,0.805,0.185
415500,0.010,0.816,0.174
416000,0.010,0.809,0.181
416500,0.010,0.807,0.182
417000,0.010,0.808,0.182
417500,0.010,0.809,0.181
418000,0.010,0.802,0.188
418500,0.010,0.799,0.191
419000,0.010,0.829,0.161
419500,0.010,0.835,0.155
420000,0.010,0.870,0.120
420500,0.010,0.849,0.141
421000,0.010,0.876,0.114
421500,0.010,0.906,0.084
422000,0.010,0.900,0.090
422500,0.010,0.908,0.082
423000,0.010,0.898,0.092
423500,0.010,0.892,0.098
424000,0.010,0.890,0.100
424500,0.010,0.862,0.128
425000,0.010,0.875,0.115
425500,0.010,0.849,0.141
426000,0.010,0.870,0.120
426500,0.010,0.859,0.131
427000,0.010,0.857,0.133
427500,0.010,0.846,0.144
428000,0.010,0.837,0.153
428500,0.010,0.843,0.147
429000,0.010,0.855,0.135
429500,0.010,0.884,0.106
430000,0.010,0.900,0.090
430500,0.010,0.876,0.114
431000,0.010,0.871,0.119
431500,0.010,0.912,0.078
432000,0.010,0.871,0.119
432500,0.010,0.873,0.117
433000,0.010,0.841,0.149
433500,0.010,0.833,0.157
434000,0.010,0.831,0.159
434500,0.010,0.824,0.166
435000,0.010,0.855,0.135
435500,0.010,0.869,0.121
436000,0.010,0.902,0.088
436500,0.010,0.888,0.102
437000,0.010,0.892,0.098
437500,0.010,0.915,0.075
438000,0.010,0.909,0.081
438500,0.010,0.909,0.081
439000,0.010,0.863,0.127
439500,0.010,0.861,0.129
440000,0.010,0.888,0.102
440500,0.010,0.883,0.107
441000,0.010,0.872,0.118
441500,0.010,0.867,0.123
442000,0.010,0.871,0.119
442500,0.010,0.883,0.107
443000,0.010,0.888,0.102
443500,0.010,0.897,0.093
444000,0.010,0.896,0.094
444500,0.010,0.879,0.111
445000,0.010,0.899,0.091
445500,0.010,0.897,0.093
446000,0.010,0.881,0.109
446500,0.010,0.856,0.134
447000,0.010,0.862,0.128
447500,0.010,0.887,0.103
448000,0.010,0.861,0.129
448500,0.010,0.822,0.168
449000,0.010,0.837,0.153
449500,0.010,0.844,0.146
450000,0.010,0.829,0.161
450500,0.010,0.829,0.161
451000,0.010,0.879,0.111
451500,0.010,0.885,0.105
452000,0.010,0.908,0.082
452500,0.010,0.910,0.080
453000,0.010,0.908,0.082
453500,0.010,0.904,0.086
454000,0.010,0.894,0.096
454500,0.010,0.909,0.081
455000,0.010,0.878,0.112
455500,0.010,0.854,0.136
456000,0.010,0.872,0.118
456500,0.010,0.842,0.148
457000,0.010,0.877,0.113
457500,0.010,0.870,0.120
458000,0.010,0.874,0.116
458500,0.010,0.860,0.130
459000,0.010,0.854,0.136
459500,0.010,0.858,0.132
460000,0.010,0.843,0.147
460500,0.010,0.871,0.119
461000,0.010,0.874,0.116
461500,0.010,0.878,0.112
462000,0.010,0.833,0.157
462500,0.010,0.820,0.170
463000,0.010,0.808,0.182
463500,0.010,0.819,0.171
464000,0.010,0.840,0.150
464500,0.010,0.836,0.154
465000,0.010,0.796,0.194
465500,0.010,0.820,0.170
466000,0.010,0.809,0.180
466500,0.010,0.834,0.156
467000,0.010,0.841,0.149
467500,0.010,0.853,0.137
468000,0.010,0.896,0.094
468500,0.010,0.860,0.130
469000,0.010,0.861,0.129
469500,0.010,0.871,0.119
470000,0.010,0.846,0.144
470500,0.010,0.815,0.175
471000,0.010,0.851,0.139
471500,0.010,0.816,0.174
472000,0.010,0.793,0.197
472500,0.010,0.812,0.178
473000,0.010,0.811,0.178
473500,0.010,0.849,0.141
474000,0.010,0.840,0.150
474500,0.010,0.847,0.143
475000,0.010,0.814,0.176
475500,0.010,0.842,0.148
476000,0.010,0.815,0.175
476500,0.010,0.846,0.144
477000,0.010,0.823,0.167
477500,0.010,0.841,0.149
478000,0.010,0.850,0.140
478500,0.010,0.888,0.102
479000,0.010,0.889,0.101
479500,0.010,0.940,0.050
480000,0.010,0.956,0.034
480500,0.010,0.958,0.032
481000,0.010,0.966,0.024
481500,0.010,0.951,0.039
482000,0.010,0.954,0.036
482500,0.010,0.920,0.070
483000,0.010,0.927,0.062
483500,0.010,0.922,0.068
484000,0.010,0.911,0.079
484500,0.010,0.911,0.079
485000,0.010,0.921,0.069
485500,0.010,0.902,0.088
486000,0.010,0.897,0.093
486500,0.010,0.890,0.100
487000,0.010,0.914,0.076
487500,0.010,0.911,0.079
488000,0.010,0.877,0.113
488500,0.010,0.860,0.130
489000,0.010,0.870,0.120
489500,0.010,0.893,0.097
490000,0.010,0.891,0.099
490500,0.010,0.881,0.109
491000,0.010,0.868,0.122
491500,0.010,0.859,0.131
492000,0.010,0.878,0.112
492500,0.010,0.869,0.121
493000,0.010,0.887,0.103
493500,0.010,0.896,0.094
494000,0.010,0.895,0.095
494500,0.010,0.885,0.105
495000,0.010,0.905,0.085
495500,0.010,0.883,0.107
496000,0.010,0.903,0.087
496500,0.010,0.912,0.078
497000,0.010,0.901,0.089
497500,0.010,0.907,0.083
498000,0.010,0.903,0.087
498500,0.010,0.888,0.102
499000,0.010,0.903,0.087
499500,0.010,0.906,0.084
500000,0.010,0.879,0.111
500500,0.010,0.878,0.112
501000,0.010,0.881,0.109
501500,0.010,0.878,0.112
502000,0.010,0.860,0.130
502500,0.010,0.879,0.111
503000,0.010,0.847,0.143
503500,0.010,0.869,0.121
504000,0.010,0.888,0.102
504500,0.010,0.882,0.108
505000,0.010,0.875,0.115
505500,0.010,0.851,0.139
506000,0.010,0.812,0.177
506500,0.010,0.857,0.133
507000,0.010,0.830,0.160
507500,0.010,0.865,0.125
508000,0.010,0.841,0.149
508500,0.010,0.846,0.144
509000,0.010,0.833,0.157
509500,0.010,0.817,0.173
510000,0.010,0.800,0.190
510500,0.010,0.795,0.195
511000,0.010,0.786,0.204
511500,0.010,0.812,0.177
512000,0.010,0.830,0.160
512500,0.010,0.848,0.142
513000,0.010,0.864,0.126
513500,0.010,0.879,0.111
514000,0.010,0.875,0.115
514500,0.010,0.886,0.104
515000,0.010,0.874,0.116
515500,0.010,0.873,0.117
516000,0.010,0.879,0.111
516500,0.010,0.865,0.125
517000,0.010,0.880,0.110
517500,0.010,0.868,0.122
518000,0.010,0.878,0.112
518500,0.010,0.852,0.138
519000,0.010,0.887,0.103
519500,0.010,0.848,0.142
520000,0.010,0.848,0.142
520500,0.010,0.831,0.159
521000,0.010,0.817,0.173
521500,0.010,0.818,0.172
522000,0.010,0.829,0.161
522500,0.010,0.830,0.160
523000,0.010,0.799,0.191
523500,0.010,0.818,0.172
524000,0.010,0.864,0.126
524500,0.010,0.876,0.114
525000,0.010,0.909,0.081
525500,0.010,0.886,0.104
526000,0.010,0.916,0.074
526500,0.010,0.925,0.065
527000,0.010,0.940,0.050
527500,0.010,0.923,0.067
528000,0.010,0.925,0.065
528500,0.010,0.907,0.083
529000,0.010,0.929,0.061
529500,0.010,0.919,0.071
530000,0.010,0.928,0.061
530500,0.010,0.910,0.080
531000,0.010,0.874,0.116
531500,0.010,0.858,0.132
532000,0.010,0.865,0.125
532500,0.010,0.863,0.127
533000,0.010,0.855,0.135
533500,0.010,0.814,0.176
534000,0.010,0.856,0.134
534500,0.010,0.847,0.143
535000,0.010,0.846,0.144
535500,0.010,0.851,0.139
536000,0.010,0.835,0.155
536500,0.010,0.852,0.138
537000,0.010,0.834,0.156
537500,0.010,0.791,0.199
538000,0.010,0.791,0.199
538500,0.010,0.798,0.192
539000,0.010,0.843,0.147
539500,0.010,0.847,0.143
540000,0.010,0.837,0.153
540500,0.010,0.802,0.188
541000,0.010,0.796,0.194
541500,0.010,0.779,0.211
542000,0.010,0.839,0.151
542500,0.010,0.824,0.166
543000,0.010,0.855,0.135
543500,0.010,0.851,0.139
544000,0.010,0.842,0.148
544500,0.010,0.865,0.125
545000,0.010,0.863,0.127
545500,0.010,0.820,0.170
546000,0.010,0.850,0.140
546500,0.010,0.855,0.135
547000,0.010,0.880,0.110
547500,0.010,0.890,0.100
548000,0.010,0.898,0.092
548500,0.010,0.898,0.092
549000,0.010,0.906,0.084
549500,0.010,0.872,0.118
550000,0.010,0.879,0.111
550500,0.010,0.886,0.104
551000,0.010,0.887,0.103
551500,0.010,0.885,0.105
552000,0.010,0.887,0.103
552500,0.010,0.895,0.095
553000,0.010,0.868,0.122
553500,0.010,0.860,0.130
554000,0.010,0.837,0.153
554500,0.010,0.836,0.154
555000,0.010,0.845,0.145
555500,0.010,0.864,0.126
556000,0.010,0.817,0.173
556500,0.010,0.800,0.190
557000,0.010,0.833,0.157
557500,0.010,0.859,0.131
558000,0.010,0.863,0.127
558500,0.010,0.852,0.138
559000,0.010,0.867,0.123
559500,0.010,0.892,0.098
560000,0.010,0.855,0.135
560500,0.010,0.829,0.161
561000,0.010,0.846,0.144
561500,0.010,0.848,0.142
562000,0.010,0.898,0.092
562500,0.010,0.893,0.097
563000,0.010,0.919,0.071
563500,0.010,0.913,0.077
564000,0.010,0.925,0.065
564500,0.010,0.930,0.059
565000,0.010,0.925,0.065
565500,0.010,0.895,0.095
566000,0.010,0.859,0.131
566500,0.010,0.871,0.119
567000,0.010,0.819,0.171
567500,0.010,0.784,0.206
568000,0.010,0.793,0.197
568500,0.010,0.824,0.166
569000,0.010,0.812,0.178
569500,0.010,0.869,0.121
570000,0.010,0.833,0.157
570500,0.010,0.817,0.173
571000,0.010,0.826,0.164
571500,0.010,0.799,0.191
572000,0.010,0.773,0.217
572500,0.010,0.780,0.210
573000,0.010,0.753,0.237
573500,0.010,0.773,0.217
574000,0.010,0.772,0.218
574500,0.010,0.796,0.194
575000,0.010,0.758,0.232
575500,0.010,0.789,0.201
576000,0.010,0.828,0.162
576500,0.010,0.778,0.212
577000,0.010,0.813,0.177
577500,0.010,0.801,0.189
578000,0.010,0.859,0.131
578500,0.010,0.846,0.144
579000,0.010,0.834,0.156
579500,0.010,0.792,0.198
580000,0.010,0.801,0.189
580500,0.010,0.805,0.184
581000,0.010,0.788,0.202
581500,0.010,0.809,0.181
582000,0.010,0.860,0.130
582500,0.010,0.811,0.179
583000,0.010,0.851,0.139
583500,0.010,0.856,0.134
584000,0.010,0.850,0.140
584500,0.010,0.858,0.132
585000,0.010,0.820,0.170
585500,0.010,0.836,0.154
586000,0.010,0.866,0.124
586500,0.010,0.867,0.123
587000,0.010,0.863,0.127
587500,0.010,0.835,0.155
588000,0.010,0.852,0.138
588500,0.010,0.848,0.142
589000,0.010,0.881,0.109
589500,0.010,0.854,0.136
590000,0.010,0.847,0.143
590500,0.010,0.868,0.122
591000,0.010,0.838,0.152
591500,0.010,0.829,0.161
592000,0.010,0.859,0.131
592500,0.010,0.878,0.112
593000,0.010,0.846,0.144
593500,0.010,0.851,0.139
594000,0.010,0.861,0.129
594500,0.010,0.880,0.110
595000,0.010,0.855,0.135
595500,0.010,0.846,0.144
596000,0.010,0.872,0.118
596500,0.010,0.853,0.137
597000,0.010,0.851,0.139
597500,0.010,0.853,0.137
598000,0.010,0.843,0.147
598500,0.010,0.859,0.131
599000,0.010,0.845,0.145
599500,0.010,0.814,0.176
600000,0.010,0.764,0.226
600500,0.010,0.790,0.200
601000,0.010,0.810,0.180
601500,0.010,0.849,0.141
602000,0.010,0.842,0.148
602500,0.010,0.875,0.115
603000,0.010,0.849,0.141
603500,0.010,0.848,0.142
604000,0.010,0.867,0.123
604500,0.010,0.869,0.121
605000,0.010,0.913,0.077
605500,0.010,0.888,0.102
606000,0.010,0.900,0.090
606500,0.010,0.884,0.106
607000,0.010,0.872,0.118
607500,0.010,0.883,0.107
608000,0.010,0.831,0.159
608500,0.010,0.849,0.141
609000,0.010,0.841,0.149
609500,0.010,0.877,0.113
610000,0.010,0.875,0.115
610500,0.010,0.868,0.122
611000,0.010,0.858,0.132
611500,0.010,0.880,0.110
612000,0.010,0.931,0.059
612500,0.010,0.913,0.077
613000,0.010,0.893,0.097
613500,0.010,0.914,0.076
614000,0.010,0.948,0.042
614500,0.010,0.952,0.038
615000,0.010,0.944,0.046
615500,0.010,0.957,0.033
616000,0.010,0.942,0.048
616500,0.010,0.917,0.073
617000,0.010,0.877,0.113
617500,0.010,0.891,0.099
618000,0.010,0.915,0.075
618500,0.010,0.910,0.080
619000,0.010,0.891,0.099
619500,0.010,0.874,0.116
620000,0.010,0.851,0.139
620500,0.010,0.840,0.150
621000,0.010,0.822,0.168
621500,0.010,0.792,0.198
622000,0.010,0.795,0.195
622500,0.010,0.848,0.142
623000,0.010,0.841,0.149
623500,0.010,0.847,0.143
624000,0.010,0.890,0.100
624500,0.010,0.872,0.118
625000,0.010,0.884,0.106
625500,0.010,0.884,0.106
626000,0.010,0.849,0.141
626500,0.010,0.830,0.160
627000,0.010,0.848,0.142
627500,0.010,0.819,0.171
628000,0.010,0.789,0.201
628500,0.010,0.811,0.179
629000,0.010,0.831,0.159
629500,0.010,0.831,0.159
630000,0.010,0.852,0.138
630500,0.010,0.844,0.146
631000,0.010,0.891,0.099
631500,0.010,0.887,0.103
632000,0.010,0.872,0.118
632500,0.010,0.886,0.104
633000,0.010,0.886,0.104
633500,0.010,0.845,0.145
634000,0.010,0.842,0.148
634500,0.010,0.815,0.175
635000,0.010,0.804,0.185
635500,0.010,0.833,0.157
636000,0.010,0.878,0.112
636500,0.010,0.874,0.116
637000,0.010,0.898,0.092
637500,0.010,0.911,0.079
638000,0.010,0.946,0.044
638500,0.010,0.916,0.074
639000,0.010,0.897,0.093
639500,0.010,0.887,0.103
640000,0.010,0.878,0.112
640500,0.010,0.873,0.117
641000,0.010,0.851,0.139
641500,0.010,0.867,0.123
642000,0.010,0.839,0.151
642500,0.010,0.829,0.161
643000,0.010,0.870,0.120
643500,0.010,0.840,0.150
644000,0.010,0.807,0.182
644500,0.010,0.843,0.147
645000,0.010,0.840,0.150
645500,0.010,0.840,0.150
646000,0.010,0.871,0.119
646500,0.010,0.843,0.147
647000,0.010,0.866,0.124
647500,0.010,0.870,0.120
648000,0.010,0.868,0.122
648500,0.010,0.888,0.102
649000,0.010,0.869,0.121
649500,0.010,0.822,0.168
650000,0.010,0.874,0.116
650500,0.010,0.870,0.120
651000,0.010,0.878,0.112
651500,0.010,0.899,0.091
652000,0.010,0.890,0.100
652500,0.010,0.885,0.105
653000,0.010,0.870,0.120
653500,0.010,0.842,0.148
654000,0.010,0.878,0.112
654500,0.010,0.864,0.126
655000,0.010,0.850,0.140
655500,0.010,0.825,0.165
656000,0.010,0.801,0.189
656500,0.010,0.833,0.157
657000,0.010,0.835,0.155
657500,0.010,0.861,0.129
658000,0.010,0.859,0.131
658500,0.010,0.857,0.133
659000,0.010,0.879,0.111
659500,0.010,0.879,0.111
660000,0.010,0.872,0.118
660500,0.010,0.894,0.096
661000,0.010,0.911,0.079
661500,0.010,0.907,0.083
662000,0.010,0.873,0.117
662500,0.010,0.893,0.097
663000,0.010,0.906,0.084
663500,0.010,0.897,0.093
664000,0.010,0.873,0.117
664500,0.010,0.864,0.126
665000,0.010,0.844,0.146
665500,0.010,0.871,0.119
666000,0.010,0.851,0.139
666500,0.010,0.847,0.143
667000,0.010,0.878,0.112
667500,0.010,0.866,0.124
668000,0.010,0.879,0.111
668500,0.010,0.821,0.169
669000,0.010,0.814,0.176
669500,0.010,0.794,0.196
670000,0.010,0.830,0.160
670500,0.010,0.834,0.156
671000,0.010,0.810,0.180
671500,0.010,0.839,0.151
672000,0.010,0.851,0.139
672500,0.010,0.852,0.138
673000,0.010,0.861,0.129
673500,0.010,0.877,0.113
674000,0.010,0.867,0.123
674500,0.010,0.866,0.124
675000,0.010,0.867,0.123
675500,0.010,0.867,0.123
676000,0.010,0.875,0.115
676500,0.010,0.877,0.113
677000,0.010,0.872,0.118
677500,0.010,0.923,0.067
678000,0.010,0.902,0.088
678500,0.010,0.887,0.103
679000,0.010,0.849,0.141
679500,0.010,0.895,0.095
680000,0.010,0.892,0.098
680500,0.010,0.887,0.103
681000,0.010,0.893,0.097
681500,0.010,0.905,0.085
682000,0.010,0.910,0.080
682500,0.010,0.907,0.083
683000,0.010,0.895,0.095
683500,0.010,0.885,0.105
684000,0.010,0.834,0.156
684500,0.010,0.847,0.143
685000,0.010,0.861,0.129
685500,0.010,0.875,0.115
686000,0.010,0.877,0.113
686500,0.010,0.883,0.107
687000,0.010,0.866,0.124
687500,0.010,0.839,0.151
688000,0.010,0.824,0.166
688500,0.010,0.801,0.189
689000,0.010,0.813,0.177
689500,0.010,0.819,0.171
690000,0.010,0.858,0.132
690500,0.010,0.875,0.115
691000,0.010,0.848,0.142
691500,0.010,0.834,0.156
692000,0.010,0.836,0.154
692500,0.010,0.840,0.150
693000,0.010,0.820,0.170
693500,0.010,0.828,0.162
694000,0.010,0.822,0.168
694500,0.010,0.879,0.111
695000,0.010,0.870,0.120
695500,0.010,0.896,0.094
696000,0.010,0.885,0.105
696500,0.010,0.899,0.091
697000,0.010,0.922,0.068
697500,0.010,0.933,0.057
698000,0.010,0.922,0.068
698500,0.010,0.918,0.072
699000,0.010,0.909,0.081
699500,0.010,0.914,0.076
700000,0.010,0.904,0.086
700500,0.010,0.881,0.109
701000,0.010,0.898,0.092
701500,0.010,0.858,0.132
702000,0.010,0.880,0.110
702500,0.010,0.853,0.137
703000,0.010,0.870,0.120
703500,0.010,0.875,0.115
704000,0.010,0.916,0.074
704500,0.010,0.916,0.074
705000,0.010,0.929,0.060
705500,0.010,0.941,0.049
706000,0.010,0.914,0.076
706500,0.010,0.912,0.078
707000,0.010,0.906,0.084
707500,0.010,0.914,0.076
708000,0.010,0.898,0.092
708500,0.010,0.892,0.098
709000,0.010,0.885,0.105
709500,0.010,0.922,0.068
710000,0.010,0.916,0.074
710500,0.010,0.907,0.083
711000,0.010,0.918,0.072
711500,0.010,0.923,0.067
712000,0.010,0.904,0.086
712500,0.010,0.878,0.112
713000,0.010,0.878,0.112
713500,0.010,0.880,0.110
714000,0.010,0.882,0.108
714500,0.010,0.910,0.080
715000,0.010,0.866,0.124
715500,0.010,0.850,0.140
716000,0.010,0.822,0.168
716500,0.010,0.833,0.157
717000,0.010,0.838,0.152
717500,0.010,0.857,0.133
718000,0.010,0.862,0.128
718500,0.010,0.875,0.115
719000,0.010,0.846,0.144
719500,0.010,0.885,0.105
720000,0.010,0.869,0.121
720500,0.010,0.829,0.161
721000,0.010,0.861,0.129
721500,0.010,0.910,0.080
722000,0.010,0.925,0.065
722500,0.010,0.936,0.053
723000,0.010,0.892,0.098
723500,0.010,0.897,0.093
724000,0.010,0.862,0.128
724500,0.010,0.829,0.161
725000,0.010,0.814,0.176
725500,0.010,0.787,0.203
726000,0.010,0.802,0.188
726500,0.010,0.774,0.216
727000,0.010,0.788,0.202
727500,0.010,0.810,0.180
728000,0.010,0.820,0.170
728500,0.010,0.837,0.153
729000,0.010,0.865,0.125
729500,0.010,0.892,0.098
730000,0.010,0.900,0.090
730500,0.010,0.890,0.100
731000,0.010,0.896,0.094
731500,0.010,0.828,0.162
732000,0.010,0.827,0.163
732500,0.010,0.876,0.114
733000,0.010,0.876,0.114
733500,0.010,0.861,0.129
734000,0.010,0.841,0.149
734500,0.010,0.843,0.147
735000,0.010,0.847,0.143
735500,0.010,0.880,0.110
736000,0.010,0.840,0.150
736500,0.010,0.844,0.146
737000,0.010,0.798,0.192
737500,0.010,0.808,0.181
738000,0.010,0.807,0.183
738500,0.010,0.819,0.171
739000,0.010,0.812,0.178
739500,0.010,0.841,0.149
740000,0.010,0.845,0.145
740500,0.010,0.874,0.116
741000,0.010,0.832,0.158
741500,0.010,0.838,0.152
742000,0.010,0.828,0.162
742500,0.010,0.840,0.150
743000,0.010,0.840,0.150
743500,0.010,0.796,0.194
744000,0.010,0.787,0.203
744500,0.010,0.793,0.197
745000,0.010,0.831,0.159
745500,0.010,0.838,0.152
746000,0.010,0.843,0.147
746500,0.010,0.866,0.124
747000,0.010,0.804,0.185
747500,0.010,0.805,0.185
748000,0.010,0.836,0.154
748500,0.010,0.795,0.195
749000,0.010,0.803,0.187
749500,0.010,0.788,0.202
750000,0.010,0.805,0.184
750500,0.010,0.836,0.154
751000,0.010,0.849,0.141
751500,0.010,0.829,0.161
752000,0.010,0.796,0.194
752500,0.010,0.794,0.196
753000,0.010,0.797,0.193
753500,0.010,0.809,0.180
754000,0.010,0.831,0.159
754500,0.010,0.814,0.176
755000,0.010,0.834,0.156
755500,0.010,0.823,0.167
756000,0.010,0.842,0.148
756500,0.010,0.865,0.125
757000,0.010,0.875,0.115
757500,0.010,0.844,0.146
758000,0.010,0.827,0.163
758500,0.010,0.859,0.131
759000,0.010,0.814,0.176
759500,0.010,0.833,0.157
760000,0.010,0.798,0.192
760500,0.010,0.817,0.173
761000,0.010,0.802,0.188
761500,0.010,0.770,0.220
762000,0.010,0.789,0.201
762500,0.010,0.740,0.250
763000,0.010,0.754,0.236
763500,0.010,0.762,0.228
764000,0.010,0.803,0.187
764500,0.010,0.802,0.188
765000,0.010,0.865,0.125
765500,0.010,0.884,0.106
766000,0.010,0.857,0.133
766500,0.010,0.838,0.152
767000,0.010,0.874,0.116
767500,0.010,0.889,0.101
768000,0.010,0.890,0.100
768500,0.010,0.870,0.120
769000,0.010,0.883,0.107
769500,0.010,0.881,0.109
770000,0.010,0.899,0.091
770500,0.010,0.896,0.094
771000,0.010,0.875,0.115
771500,0.010,0.872,0.118
772000,0.010,0.870,0.120
772500,0.010,0.840,0.150
773000,0.010,0.815,0.175
773500,0.010,0.839,0.151
774000,0.010,0.833,0.157
774500,0.010,0.839,0.151
775000,0.010,0.847,0.143
775500,0.010,0.844,0.146
776000,0.010,0.852,0.138
776500,0.010,0.863,0.127
777000,0.010,0.846,0.144
777500,0.010,0.885,0.105
778000,0.010,0.866,0.124
778500,0.010,0.884,0.106
779000,0.010,0.903,0.087
779500,0.010,0.919,0.071
780000,0.010,0.915,0.075
780500,0.010,0.926,0.064
781000,0.010,0.901,0.089
781500,0.010,0.901,0.089
782000,0.010,0.904,0.086
782500,0.010,0.881,0.109
783000,0.010,0.885,0.105
783500,0.010,0.876,0.114
784000,0.010,0.842,0.148
784500,0.010,0.847,0.143
785000,0.010,0.831,0.159
785500,0.010,0.860,0.130
786000,0.010,0.836,0.154
786500,0.010,0.867,0.123
787000,0.010,0.858,0.132
787500,0.010,0.856,0.134
788000,0.010,0.820,0.170
788500,0.010,0.863,0.127
789000,0.010,0.825,0.165
789500,0.010,0.848,0.142
790000,0.010,0.878,0.112
790500,0.010,0.900,0.090
791000,0.010,0.879,0.111
791500,0.010,0.832,0.158
792000,0.010,0.827,0.163
792500,0.010,0.769,0.221
793000,0.010,0.812,0.178
793500,0.010,0.827,0.163
794000,0.010,0.812,0.177
794500,0.010,0.836,0.154
795000,0.010,0.846,0.144
795500,0.010,0.856,0.134
796000,0.010,0.886,0.104
796500,0.010,0.882,0.108
797000,0.010,0.854,0.136
797500,0.010,0.860,0.130
798000,0.010,0.888,0.102
798500,0.010,0.895,0.095
799000,0.010,0.924,0.066
799500,0.010,0.890,0.100
800000,0.010,0.901,0.089
800500,0.010,0.867,0.123
801000,0.010,0.794,0.196
801500,0.010,0.809,0.180
802000,0.010,0.842,0.148
802500,0.010,0.868,0.122
803000,0.010,0.842,0.148
803500,0.010,0.827,0.163
804000,0.010,0.838,0.152
804500,0.010,0.839,0.151
805000,0.010,0.845,0.145
805500,0.010,0.854,0.136
806000,0.010,0.797,0.193
806500,0.010,0.759,0.231
807000,0.010,0.800,0.190
807500,0.010,0.841,0.149
808000,0.010,0.841,0.149
808500,0.010,0.810,0.179
809000,0.010,0.823,0.167
809500,0.010,0.787,0.203
810000,0.010,0.805,0.185
810500,0.010,0.854,0.136
811000,0.010,0.861,0.129
811500,0.010,0.856,0.134
812000,0.010,0.863,0.127
812500,0.010,0.877,0.113
813000,0.010,0.892,0.098
813500,0.010,0.893,0.097
814000,0.010,0.898,0.092
814500,0.010,0.896,0.094
815000,0.010,0.862,0.128
815500,0.010,0.876,0.114
816000,0.010,0.839,0.151
816500,0.010,0.837,0.153
817000,0.010,0.815,0.175
817500,0.010,0.860,0.130
818000,0.010,0.867,0.123
818500,0.010,0.868,0.122
819000,0.010,0.880,0.110
819500,0.010,0.840,0.150
820000,0.010,0.799,0.191
820500,0.010,0.803,0.187
821000,0.010,0.787,0.203
821500,0.010,0.811,0.179
822000,0.010,0.832,0.158
822500,0.010,0.817,0.173
823000,0.010,0.780,0.210
823500,0.010,0.783,0.207
824000,0.010,0.826,0.164
824500,0.010,0.791,0.199
825000,0.010,0.789,0.201
825500,0.010,0.846,0.144
826000,0.010,0.843,0.147
826500,0.010,0.831,0.159
827000,0.010,0.845,0.145
827500,0.010,0.818,0.172
828000,0.010,0.819,0.171
828500,0.010,0.846,0.144
829000,0.010,0.883,0.107
829500,0.010,0.874,0.116
830000,0.010,0.870,0.120
830500,0.010,0.880,0.110
831000,0.010,0.904,0.086
831500,0.010,0.932,0.058
832000,0.010,0.934,0.055
832500,0.010,0.926,0.064
833000,0.010,0.915,0.075
833500,0.010,0.912,0.078
834000,0.010,0.915,0.075
834500,0.010,0.886,0.104
835000,0.010,0.909,0.081
835500,0.010,0.917,0.073
836000,0.010,0.908,0.082
836500,0.010,0.907,0.083
837000,0.010,0.879,0.111
837500,0.010,0.869,0.121
838000,0.010,0.883,0.107
838500,0.010,0.896,0.094
839000,0.010,0.904,0.086
839500,0.010,0.891,0.099
840000,0.010,0.867,0.123
840500,0.010,0.894,0.096
841000,0.010,0.904,0.086
841500,0.010,0.913,0.077
842000,0.010,0.854,0.136
842500,0.010,0.862,0.128
843000,0.010,0.887,0.103
843500,0.010,0.863,0.127
844000,0.010,0.883,0.107
844500,0.010,0.848,0.142
845000,0.010,0.829,0.161
845500,0.010,0.854,0.136
846000,0.010,0.876,0.114
846500,0.010,0.807,0.182
847000,0.010,0.801,0.189
847500,0.010,0.818,0.172
848000,0.010,0.823,0.167
848500,0.010,0.871,0.119
849000,0.010,0.877,0.113
849500,0.010,0.878,0.112
850000,0.010,0.867,0.123
850500,0.010,0.892,0.098
851000,0.010,0.862,0.128
851500,0.010,0.835,0.155
852000,0.010,0.813,0.177
852500,0.010,0.826,0.164
853000,0.010,0.847,0.143
853500,0.010,0.792,0.198
854000,0.010,0.831,0.159
854500,0.010,0.795,0.195
855000,0.010,0.802,0.188
855500,0.010,0.776,0.214
856000,0.010,0.789,0.201
856500,0.010,0.804,0.185
857000,0.010,0.847,0.143
857500,0.010,0.849,0.141
858000,0.010,0.863,0.127
858500,0.010,0.868,0.122
859000,0.010,0.861,0.129
859500,0.010,0.877,0.113
860000,0.010,0.837,0.153
860500,0.010,0.823,0.167
861000,0.010,0.828,0.162
861500,0.010,0.839,0.151
862000,0.010,0.836,0.154
862500,0.010,0.859,0.131
863000,0.010,0.849,0.141
863500,0.010,0.887,0.103
864000,0.010,0.893,0.097
864500,0.010,0.893,0.097
865000,0.010,0.902,0.088
865500,0.010,0.880,0.110
866000,0.010,0.863,0.127
866500,0.010,0.873,0.117
867000,0.010,0.886,0.104
867500,0.010,0.907,0.083
868000,0.010,0.883,0.107
868500,0.010,0.858,0.132
869000,0.010,0.823,0.167
869500,0.010,0.861,0.129
870000,0.010,0.864,0.126
870500,0.010,0.859,0.131
871000,0.010,0.862,0.128
871500,0.010,0.891,0.099
872000,0.010,0.906,0.084
872500,0.010,0.917,0.073
873000,0.010,0.897,0.093
873500,0.010,0.900,0.090
874000,0.010,0.890,0.100
874500,0.010,0.894,0.096
875000,0.010,0.850,0.140
875500,0.010,0.834,0.156
876000,0.010,0.800,0.190
876500,0.010,0.839,0.151
877000,0.010,0.807,0.182
877500,0.010,0.847,0.143
878000,0.010,0.840,0.150
878500,0.010,0.854,0.136
879000,0.010,0.862,0.128
879500,0.010,0.830,0.160
880000,0.010,0.826,0.164
880500,0.010,0.795,0.195
881000,0.010,0.842,0.148
881500,0.010,0.851,0.139
882000,0.010,0.833,0.157
882500,0.010,0.842,0.148
883000,0.010,0.862,0.128
883500,0.010,0.845,0.145
884000,0.010,0.852,0.138
884500,0.010,0.858,0.132
885000,0.010,0.868,0.122
885500,0.010,0.896,0.094
886000,0.010,0.917,0.073
886500,0.010,0.913,0.077
887000,0.010,0.886,0.104
887500,0.010,0.915,0.075
888000,0.010,0.928,0.061
888500,0.010,0.901,0.089
889000,0.010,0.889,0.101
889500,0.010,0.894,0.096
890000,0.010,0.892,0.098
890500,0.010,0.892,0.098
891000,0.010,0.867,0.123
891500,0.010,0.875,0.115
892000,0.010,0.868,0.122
892500,0.010,0.837,0.153
893000,0.010,0.830,0.160
893500,0.010,0.860,0.130
894000,0.010,0.859,0.131
894500,0.010,0.863,0.127
895000,0.010,0.855,0.135
895500,0.010,0.856,0.134
896000,0.010,0.882,0.108
896500,0.010,0.876,0.114
897000,0.010,0.890,0.100
897500,0.010,0.889,0.101
898000,0.010,0.876,0.114
898500,0.010,0.861,0.129
899000,0.010,0.853,0.137
899500,0.010,0.846,0.144
900000,0.010,0.841,0.149
900500,0.010,0.813,0.177
901000,0.010,0.834,0.156
901500,0.010,0.824,0.166
902000,0.010,0.859,0.131
902500,0.010,0.899,0.091
903000,0.010,0.900,0.090
903500,0.010,0.909,0.081
904000,0.010,0.887,0.103
904500,0.010,0.869,0.121
905000,0.010,0.851,0.139
905500,0.010,0.833,0.157
906000,0.010,0.841,0.149
906500,0.010,0.844,0.146
907000,0.010,0.867,0.123
907500,0.010,0.851,0.139
908000,0.010,0.832,0.158
908500,0.010,0.863,0.127
909000,0.010,0.844,0.146
909500,0.010,0.818,0.172
910000,0.010,0.818,0.172
910500,0.010,0.827,0.163
911000,0.010,0.848,0.142
911500,0.010,0.836,0.154
912000,0.010,0.865,0.125
912500,0.010,0.857,0.133
913000,0.010,0.884,0.106
913500,0.010,0.897,0.093
914000,0.010,0.899,0.091
914500,0.010,0.912,0.078
915000,0.010,0.906,0.084
915500,0.010,0.922,0.068
916000,0.010,0.927,0.063
916500,0.010,0.902,0.088
917000,0.010,0.900,0.090
917500,0.010,0.906,0.084
918000,0.010,0.852,0.138
918500,0.010,0.872,0.118
919000,0.010,0.848,0.142
919500,0.010,0.868,0.122
920000,0.010,0.875,0.115
920500,0.010,0.869,0.121
921000,0.010,0.893,0.097
921500,0.010,0.867,0.123
922000,0.010,0.874,0.116
922500,0.010,0.856,0.134
923000,0.010,0.864,0.126
923500,0.010,0.887,0.103
924000,0.010,0.881,0.109
924500,0.010,0.906,0.084
925000,0.010,0.907,0.083
925500,0.010,0.908,0.082
926000,0.010,0.918,0.072
926500,0.010,0.890,0.100
927000,0.010,0.884,0.106
927500,0.010,0.885,0.105
928000,0.010,0.861,0.129
928500,0.010,0.865,0.125
929000,0.010,0.876,0.114
929500,0.010,0.854,0.136
930000,0.010,0.826,0.164
930500,0.010,0.823,0.167
931000,0.010,0.822,0.168
931500,0.010,0.848,0.142
932000,0.010,0.839,0.151
932500,0.010,0.866,0.124
933000,0.010,0.853,0.137
933500,0.010,0.857,0.133
934000,0.010,0.884,0.106
934500,0.010,0.876,0.114
935000,0.010,0.850,0.140
935500,0.010,0.866,0.124
936000,0.010,0.882,0.108
936500,0.010,0.882,0.108
937000,0.010,0.847,0.143
937500,0.010,0.794,0.196
938000,0.010,0.807,0.183
938500,0.010,0.825,0.165
939000,0.010,0.860,0.130
939500,0.010,0.871,0.119
940000,0.010,0.892,0.098
940500,0.010,0.881,0.109
941000,0.010,0.904,0.086
941500,0.010,0.901,0.089
942000,0.010,0.909,0.081
942500,0.010,0.911,0.079
943000,0.010,0.898,0.092
943500,0.010,0.855,0.135
944000,0.010,0.833,0.157
944500,0.010,0.819,0.171
945000,0.010,0.857,0.133
945500,0.010,0.845,0.145
946000,0.010,0.868,0.122
946500,0.010,0.883,0.107
947000,0.010,0.878,0.112
947500,0.010,0.876,0.114
948000,0.010,0.906,0.084
948500,0.010,0.917,0.073
949000,0.010,0.905,0.085
949500,0.010,0.902,0.088
950000,0.010,0.911,0.079
950500,0.010,0.921,0.069
951000,0.010,0.909,0.081
951500,0.010,0.911,0.079
952000,0.010,0.897,0.093
952500,0.010,0.925,0.065
953000,0.010,0.924,0.066
953500,0.010,0.893,0.097
954000,0.010,0.919,0.071
954500,0.010,0.878,0.112
955000,0.010,0.877,0.113
955500,0.010,0.865,0.125
956000,0.010,0.883,0.107
956500,0.010,0.878,0.112
957000,0.010,0.876,0.114
957500,0.010,0.867,0.123
958000,0.010,0.849,0.141
958500,0.010,0.877,0.113
959000,0.010,0.892,0.098
959500,0.010,0.901,0.089
960000,0.010,0.907,0.083
960500,0.010,0.935,0.054
961000,0.010,0.932,0.057
961500,0.010,0.926,0.064
962000,0.010,0.917,0.073
962500,0.010,0.910,0.080
963000,0.010,0.889,0.101
963500,0.010,0.886,0.104
964000,0.010,0.884,0.106
964500,0.010,0.867,0.123
965000,0.010,0.863,0.127
965500,0.010,0.841,0.149
966000,0.010,0.831,0.159
966500,0.010,0.840,0.150
967000,0.010,0.858,0.132
967500,0.010,0.854,0.136
968000,0.010,0.855,0.135
968500,0.010,0.822,0.168
969000,0.010,0.863,0.127
969500,0.010,0.838,0.152
970000,0.010,0.879,0.111
970500,0.010,0.833,0.157
971000,0.010,0.769,0.221
971500,0.010,0.760,0.230
972000,0.010,0.707,0.283
972500,0.010,0.735,0.255
973000,0.010,0.745,0.245
973500,0.010,0.753,0.237
974000,0.010,0.785,0.205
974500,0.010,0.852,0.138
975000,0.010,0.853,0.137
975500,0.010,0.838,0.152
976000,0.010,0.834,0.156
976500,0.010,0.874,0.116
977000,0.010,0.917,0.073
977500,0.010,0.912,0.078
978000,0.010,0.892,0.098
978500,0.010,0.873,0.117
979000,0.010,0.894,0.096
979500,0.010,0.874,0.116
980000,0.010,0.884,0.106
980500,0.010,0.879,0.111
981000,0.010,0.884,0.106
981500,0.010,0.891,0.099
982000,0.010,0.917,0.073
982500,0.010,0.899,0.091
983000,0.010,0.880,0.110
983500,0.010,0.867,0.123
984000,0.010,0.884,0.106
984500,0.010,0.877,0.113
985000,0.010,0.860,0.130
985500,0.010,0.861,0.129
986000,0.010,0.866,0.124
986500,0.010,0.838,0.152
987000,0.010,0.833,0.157
987500,0.010,0.831,0.159
988000,0.010,0.849,0.141
988500,0.010,0.851,0.139
989000,0.010,0.873,0.117
989500,0.010,0.888,0.102
990000,0.010,0.896,0.094
990500,0.010,0.933,0.056
991000,0.010,0.938,0.052
991500,0.010,0.939,0.051
992000,0.010,0.960,0.030
992500,0.010,0.963,0.027
993000,0.010,0.944,0.046
993500,0.010,0.925,0.065
994000,0.010,0.947,0.043
994500,0.010,0.959,0.031
995000,0.010,0.917,0.073
995500,0.010,0.917,0.073
996000,0.010,0.900,0.090
996500,0.010,0.901,0.089
997000,0.010,0.888,0.102
997500,0.010,0.904,0.086
998000,0.010,0.886,0.104
998500,0.010,0.854,0.136
999000,0.010,0.842,0.148
999500,0.010,0.836,0.154
1000000,0.010,0.867,0.123
