time,n_A+p,n_B,n_AB
500,0.050,0.909,0.040
1000,0.050,0.874,0.076
1500,0.050,0.848,0.102
2000,0.050,0.812,0.138
2500,0.050,0.789,0.160
3000,0.051,0.759,0.190
3500,0.052,0.731,0.217
4000,0.051,0.708,0.241
4500,0.052,0.700,0.248
5000,0.052,0.665,0.282
5500,0.053,0.646,0.300
6000,0.056,0.647,0.297
6500,0.056,0.620,0.324
7000,0.058,0.584,0.358
7500,0.057,0.574,0.370
8000,0.059,0.540,0.401
8500,0.067,0.548,0.385
9000,0.064,0.542,0.393
9500,0.062,0.552,0.385
10000,0.060,0.571,0.369
10500,0.063,0.561,0.376
11000,0.061,0.579,0.360
11500,0.064,0.589,0.348
12000,0.061,0.569,0.371
12500,0.066,0.552,0.381
13000,0.064,0.546,0.390
13500,0.076,0.531,0.393
14000,0.070,0.523,0.406
14500,0.071,0.507,0.422
15000,0.068,0.495,0.438
15500,0.076,0.468,0.457
16000,0.075,0.471,0.454
16500,0.079,0.471,0.450
17000,0.077,0.460,0.462
17500,0.076,0.450,0.475
18000,0.087,0.458,0.455
18500,0.076,0.444,0.479
19000,0.076,0.449,0.476
19500,0.071,0.469,0.460
20000,0.066,0.463,0.472
20500,0.072,0.441,0.487
21000,0.084,0.421,0.495
21500,0.090,0.430,0.479
22000,0.084,0.437,0.479
22500,0.086,0.432,0.482
23000,0.091,0.420,0.488
23500,0.095,0.420,0.485
24000,0.096,0.395,0.510
24500,0.099,0.402,0.500
25000,0.101,0.409,0.490
25500,0.116,0.390,0.494
26000,0.118,0.373,0.508
26500,0.132,0.354,0.515
27000,0.126,0.362,0.512
27500,0.115,0.372,0.513
28000,0.117,0.378,0.506
28500,0.130,0.366,0.504
29000,0.116,0.351,0.533
29500,0.130,0.355,0.516
30000,0.118,0.363,0.518
30500,0.116,0.374,0.510
31000,0.122,0.345,0.532
31500,0.133,0.309,0.558
32000,0.137,0.312,0.551
32500,0.139,0.327,0.534
33000,0.156,0.325,0.519
33500,0.159,0.304,0.538
34000,0.155,0.317,0.528
34500,0.172,0.283,0.544
35000,0.173,0.297,0.529
35500,0.152,0.302,0.546
36000,0.170,0.304,0.525
36500,0.159,0.302,0.539
37000,0.160,0.294,0.546
37500,0.166,0.267,0.568
38000,0.160,0.287,0.552
38500,0.164,0.262,0.574
39000,0.170,0.254,0.576
39500,0.176,0.256,0.568
40000,0.193,0.263,0.544
40500,0.201,0.243,0.556
41000,0.196,0.233,0.572
41500,0.196,0.210,0.595
42000,0.225,0.182,0.593
42500,0.241,0.176,0.582
43000,0.270,0.159,0.572
43500,0.296,0.142,0.562
44000,0.328,0.128,0.544
44500,0.352,0.117,0.530
45000,0.367,0.090,0.542
45500,0.392,0.084,0.524
46000,0.398,0.078,0.525
46500,0.437,0.062,0.500
47000,0.478,0.047,0.475
47500,0.484,0.051,0.465
48000,0.508,0.043,0.450
48500,0.536,0.036,0.427
49000,0.570,0.026,0.404
49500,0.586,0.024,0.391
50000,0.636,0.014,0.350
50500,0.662,0.009,0.328
51000,0.677,0.009,0.314
51500,0.696,0.011,0.294
52000,0.716,0.006,0.278
52500,0.747,0.003,0.251
53000,0.772,0.002,0.226
53500,0.791,0.002,0.207
54000,0.810,0.002,0.188
54500,0.823,0.001,0.177
55000,0.822,0.000,0.178
55500,0.834,0.000,0.166
56000,0.852,0.000,0.148
56500,0.856,0.000,0.144
57000,0.862,0.000,0.138
57500,0.869,0.000,0.131
58000,0.878,0.000,0.122
58500,0.879,0.000,0.121
59000,0.870,0.000,0.130
59500,0.879,0.000,0.121
60000,0.879,0.000,0.121
60500,0.874,0.000,0.126
61000,0.880,0.000,0.120
61500,0.879,0.000,0.121
62000,0.885,0.000,0.115
62500,0.890,0.000,0.110
63000,0.895,0.000,0.105
63500,0.896,0.000,0.104
64000,0.897,0.000,0.103
64500,0.900,0.000,0.100
65000,0.906,0.000,0.094
65500,0.902,0.000,0.098
66000,0.902,0.000,0.098
66500,0.900,0.000,0.100
67000,0.916,0.000,0.084
67500,0.926,0.000,0.074
68000,0.931,0.000,0.069
68500,0.933,0.000,0.067
69000,0.932,0.000,0.068
69500,0.938,0.000,0.062
70000,0.945,0.000,0.055
70500,0.955,0.000,0.045
71000,0.959,0.000,0.041
71500,0.957,0.000,0.043
72000,0.950,0.000,0.050
72500,0.949,0.000,0.051
73000,0.951,0.000,0.049
73500,0.953,0.000,0.047
74000,0.953,0.000,0.047
74500,0.957,0.000,0.043
75000,0.959,0.000,0.041
75500,0.953,0.000,0.047
76000,0.957,0.000,0.043
76500,0.954,0.000,0.046
77000,0.958,0.000,0.042
77500,0.959,0.000,0.041
78000,0.961,0.000,0.039
78500,0.966,0.000,0.034
79000,0.968,0.000,0.032
79500,0.959,0.000,0.041
80000,0.963,0.000,0.037
80500,0.968,0.000,0.032
81000,0.973,0.000,0.027
81500,0.972,0.000,0.028
82000,0.972,0.000,0.028
82500,0.973,0.000,0.027
83000,0.979,0.000,0.021
83500,0.981,0.000,0.019
84000,0.986,0.000,0.014
84500,0.992,0.000,0.008
85000,0.995,0.000,0.005
85500,0.993,0.000,0.007
86000,0.991,0.000,0.009
86500,0.988,0.000,0.012
87000,0.991,0.000,0.009
87500,0.987,0.000,0.013
88000,0.989,0.000,0.011
88500,0.987,0.000,0.013
89000,0.991,0.000,0.009
89500,0.990,0.000,0.010
90000,0.989,0.000,0.011
90500,0.986,0.000,0.014
91000,0.978,0.000,0.022
91500,0.976,0.000,0.024
92000,0.975,0.000,0.025
92500,0.980,0.000,0.020
93000,0.983,0.000,0.017
93500,0.985,0.000,0.015
94000,0.989,0.000,0.011
94500,0.992,0.000,0.008
95000,0.991,0.000,0.009
95500,0.994,0.000,0.006
96000,0.996,0.000,0.004
96500,0.995,0.000,0.005
97000,0.988,0.000,0.012
97500,0.990,0.000,0.010
98000,0.993,0.000,0.007
98500,0.996,0.000,0.004
99000,0.998,0.000,0.002
99500,0.999,0.000,0.001
100000,0.999,0.000,0.001
100500,0.999,0.000,0.001
101000,1.000,0.000,0.000
101500,1.000,0.000,0.000
102000,0.999,0.000,0.001
102500,0.998,0.000,0.002
103000,0.997,0.000,0.003
103500,0.997,0.000,0.003
104000,0.998,0.000,0.002
104500,0.998,0.000,0.002
105000,0.998,0.000,0.002
105500,0.998,0.000,0.002
106000,0.999,0.000,0.001
106500,1.000,0.000,0.000
107000,1.000,0.000,0.000
