time,n_A+p,n_B,n_AB
100,0.442,0.504,0.054
200,0.424,0.493,0.083
300,0.401,0.494,0.104
400,0.392,0.462,0.146
500,0.389,0.454,0.157
600,0.373,0.440,0.187
700,0.373,0.439,0.188
800,0.356,0.428,0.216
900,0.341,0.432,0.227
1000,0.332,0.430,0.238
1100,0.318,0.410,0.273
1200,0.320,0.404,0.276
1300,0.318,0.391,0.291
1400,0.327,0.369,0.304
1500,0.331,0.368,0.301
1600,0.322,0.382,0.296
1700,0.315,0.380,0.305
1800,0.333,0.367,0.300
1900,0.330,0.376,0.294
2000,0.324,0.378,0.298
2100,0.332,0.381,0.287
2200,0.338,0.379,0.283
2300,0.321,0.383,0.296
2400,0.321,0.375,0.304
2500,0.326,0.373,0.301
2600,0.304,0.365,0.331
2700,0.296,0.367,0.337
2800,0.308,0.379,0.313
2900,0.314,0.378,0.308
3000,0.312,0.355,0.333
3100,0.313,0.368,0.320
3200,0.318,0.363,0.320
3300,0.323,0.363,0.315
3400,0.307,0.371,0.322
3500,0.304,0.358,0.338
3600,0.280,0.388,0.332
3700,0.280,0.389,0.331
3800,0.282,0.374,0.344
3900,0.292,0.369,0.339
4000,0.296,0.356,0.347
4100,0.305,0.350,0.344
4200,0.295,0.359,0.346
4300,0.294,0.366,0.340
4400,0.293,0.355,0.351
4500,0.291,0.351,0.358
4600,0.281,0.355,0.364
4700,0.284,0.355,0.361
4800,0.281,0.365,0.354
4900,0.292,0.355,0.352
5000,0.290,0.342,0.368
5100,0.291,0.334,0.375
5200,0.290,0.332,0.378
5300,0.296,0.336,0.368
5400,0.301,0.343,0.355
5500,0.305,0.343,0.351
5600,0.298,0.347,0.354
5700,0.297,0.363,0.340
5800,0.295,0.369,0.336
5900,0.291,0.380,0.329
6000,0.296,0.377,0.327
6100,0.298,0.369,0.333
6200,0.297,0.358,0.345
6300,0.295,0.361,0.344
6400,0.294,0.363,0.343
6500,0.298,0.369,0.333
6600,0.292,0.377,0.331
6700,0.296,0.368,0.336
6800,0.291,0.371,0.338
6900,0.294,0.360,0.346
7000,0.289,0.371,0.340
7100,0.305,0.370,0.325
7200,0.303,0.368,0.329
7300,0.298,0.372,0.330
7400,0.296,0.371,0.333
7500,0.282,0.360,0.359
7600,0.296,0.360,0.344
7700,0.285,0.368,0.347
7800,0.294,0.367,0.339
7900,0.296,0.360,0.344
8000,0.291,0.373,0.336
8100,0.294,0.368,0.338
8200,0.288,0.364,0.348
8300,0.276,0.367,0.358
8400,0.288,0.358,0.354
8500,0.299,0.355,0.345
8600,0.311,0.353,0.336
8700,0.317,0.344,0.339
8800,0.305,0.355,0.339
8900,0.312,0.364,0.325
9000,0.322,0.358,0.321
9100,0.305,0.385,0.309
9200,0.303,0.374,0.323
9300,0.288,0.388,0.324
9400,0.288,0.397,0.315
9500,0.287,0.407,0.306
9600,0.276,0.420,0.304
9700,0.282,0.404,0.314
9800,0.282,0.400,0.318
9900,0.276,0.396,0.328
10000,0.278,0.403,0.319
10100,0.295,0.393,0.312
10200,0.289,0.397,0.314
10300,0.294,0.404,0.301
10400,0.287,0.407,0.306
10500,0.290,0.396,0.314
10600,0.293,0.390,0.317
10700,0.290,0.391,0.319
10800,0.289,0.390,0.321
10900,0.293,0.376,0.331
11000,0.289,0.364,0.347
11100,0.312,0.356,0.332
11200,0.313,0.356,0.331
11300,0.298,0.356,0.345
11400,0.294,0.368,0.338
11500,0.293,0.366,0.341
11600,0.306,0.356,0.337
11700,0.297,0.354,0.348
11800,0.304,0.347,0.348
11900,0.304,0.351,0.344
12000,0.300,0.351,0.348
12100,0.316,0.345,0.339
12200,0.311,0.356,0.333
12300,0.312,0.346,0.342
12400,0.315,0.355,0.330
12500,0.322,0.356,0.322
12600,0.328,0.346,0.326
12700,0.307,0.359,0.334
12800,0.322,0.361,0.318
12900,0.316,0.358,0.327
13000,0.299,0.359,0.342
13100,0.299,0.350,0.350
13200,0.302,0.344,0.353
13300,0.300,0.346,0.353
13400,0.295,0.354,0.350
13500,0.289,0.347,0.364
13600,0.282,0.348,0.370
13700,0.283,0.345,0.372
13800,0.288,0.339,0.373
13900,0.278,0.332,0.390
14000,0.289,0.332,0.379
14100,0.299,0.329,0.372
14200,0.319,0.324,0.358
14300,0.330,0.318,0.352
14400,0.339,0.318,0.343
14500,0.343,0.317,0.340
14600,0.342,0.317,0.341
14700,0.339,0.309,0.351
14800,0.319,0.309,0.372
14900,0.326,0.298,0.376
15000,0.329,0.289,0.382
15100,0.322,0.293,0.385
15200,0.318,0.295,0.387
15300,0.323,0.297,0.380
15400,0.324,0.302,0.374
15500,0.331,0.305,0.364
15600,0.338,0.295,0.367
15700,0.339,0.296,0.365
15800,0.344,0.283,0.373
15900,0.351,0.283,0.366
16000,0.351,0.286,0.363
16100,0.355,0.276,0.369
16200,0.347,0.280,0.373
16300,0.335,0.285,0.380
16400,0.332,0.282,0.386
16500,0.324,0.297,0.379
16600,0.328,0.290,0.382
16700,0.318,0.291,0.391
16800,0.314,0.284,0.402
16900,0.293,0.270,0.437
17000,0.293,0.277,0.430
17100,0.300,0.284,0.416
17200,0.291,0.282,0.427
17300,0.296,0.279,0.425
17400,0.295,0.293,0.412
17500,0.300,0.291,0.409
17600,0.302,0.289,0.409
17700,0.293,0.304,0.402
17800,0.277,0.309,0.414
17900,0.269,0.333,0.398
18000,0.259,0.329,0.412
18100,0.253,0.330,0.417
18200,0.258,0.327,0.415
18300,0.261,0.332,0.407
18400,0.286,0.316,0.398
18500,0.285,0.328,0.387
18600,0.287,0.330,0.383
18700,0.309,0.320,0.371
18800,0.306,0.309,0.384
18900,0.304,0.313,0.383
19000,0.290,0.317,0.393
19100,0.301,0.314,0.385
19200,0.301,0.312,0.387
19300,0.301,0.295,0.403
19400,0.290,0.301,0.409
19500,0.293,0.295,0.412
19600,0.298,0.294,0.408
19700,0.305,0.283,0.412
19800,0.306,0.284,0.410
19900,0.297,0.284,0.419
20000,0.313,0.278,0.410
20100,0.311,0.287,0.402
20200,0.312,0.295,0.393
20300,0.306,0.304,0.389
20400,0.289,0.306,0.404
20500,0.297,0.309,0.393
20600,0.293,0.309,0.397
20700,0.284,0.308,0.408
20800,0.287,0.315,0.398
20900,0.287,0.302,0.411
21000,0.309,0.296,0.394
21100,0.318,0.276,0.407
21200,0.308,0.280,0.412
21300,0.318,0.278,0.404
21400,0.330,0.269,0.401
21500,0.339,0.276,0.385
21600,0.342,0.280,0.378
21700,0.339,0.270,0.391
21800,0.339,0.259,0.401
21900,0.343,0.256,0.400
22000,0.348,0.257,0.394
22100,0.340,0.265,0.395
22200,0.335,0.272,0.393
22300,0.348,0.272,0.380
22400,0.344,0.273,0.383
22500,0.350,0.269,0.381
22600,0.358,0.266,0.377
22700,0.368,0.269,0.364
22800,0.353,0.265,0.382
22900,0.354,0.261,0.384
23000,0.345,0.264,0.391
23100,0.345,0.261,0.393
23200,0.349,0.260,0.390
23300,0.339,0.290,0.371
23400,0.334,0.291,0.375
23500,0.343,0.293,0.364
23600,0.334,0.301,0.365
23700,0.324,0.300,0.376
23800,0.325,0.302,0.373
23900,0.328,0.304,0.368
24000,0.308,0.307,0.384
24100,0.305,0.315,0.380
24200,0.296,0.305,0.398
24300,0.287,0.313,0.400
24400,0.282,0.313,0.406
24500,0.297,0.319,0.384
24600,0.302,0.326,0.372
24700,0.309,0.340,0.350
24800,0.301,0.330,0.369
24900,0.311,0.304,0.385
25000,0.315,0.294,0.391
25100,0.309,0.291,0.399
25200,0.299,0.295,0.406
25300,0.291,0.297,0.412
25400,0.300,0.301,0.398
25500,0.297,0.313,0.390
25600,0.290,0.325,0.385
25700,0.285,0.331,0.384
25800,0.288,0.333,0.379
25900,0.290,0.333,0.377
26000,0.292,0.339,0.369
26100,0.293,0.334,0.373
26200,0.299,0.341,0.360
26300,0.290,0.337,0.373
26400,0.290,0.338,0.372
26500,0.300,0.334,0.366
26600,0.300,0.327,0.373
26700,0.288,0.328,0.384
26800,0.292,0.325,0.383
26900,0.311,0.335,0.354
27000,0.305,0.343,0.351
27100,0.303,0.340,0.356
27200,0.303,0.337,0.360
27300,0.303,0.330,0.367
27400,0.305,0.324,0.371
27500,0.299,0.324,0.377
27600,0.280,0.342,0.378
27700,0.269,0.339,0.392
27800,0.263,0.340,0.397
27900,0.259,0.343,0.397
28000,0.259,0.316,0.425
28100,0.258,0.318,0.424
28200,0.251,0.319,0.430
28300,0.253,0.317,0.430
28400,0.258,0.323,0.419
28500,0.254,0.321,0.425
28600,0.253,0.317,0.430
28700,0.248,0.316,0.436
28800,0.248,0.321,0.431
28900,0.274,0.319,0.408
29000,0.307,0.293,0.399
29100,0.306,0.296,0.397
29200,0.306,0.295,0.398
29300,0.314,0.286,0.400
29400,0.318,0.282,0.400
29500,0.304,0.276,0.420
29600,0.295,0.276,0.429
29700,0.298,0.283,0.419
29800,0.302,0.281,0.417
29900,0.301,0.282,0.417
30000,0.291,0.282,0.427
30100,0.284,0.284,0.432
30200,0.296,0.275,0.429
30300,0.295,0.269,0.436
30400,0.293,0.267,0.440
30500,0.288,0.266,0.446
30600,0.299,0.292,0.409
30700,0.315,0.289,0.396
30800,0.311,0.285,0.404
30900,0.291,0.289,0.420
31000,0.291,0.283,0.426
31100,0.296,0.284,0.420
31200,0.319,0.285,0.396
31300,0.311,0.292,0.397
31400,0.322,0.285,0.393
31500,0.321,0.281,0.398
31600,0.314,0.286,0.400
31700,0.300,0.277,0.423
31800,0.301,0.276,0.423
31900,0.309,0.269,0.422
32000,0.309,0.281,0.410
32100,0.308,0.289,0.402
32200,0.294,0.276,0.430
32300,0.306,0.274,0.420
32400,0.302,0.269,0.429
32500,0.311,0.275,0.415
32600,0.313,0.286,0.401
32700,0.302,0.284,0.414
32800,0.309,0.272,0.419
32900,0.301,0.270,0.429
33000,0.302,0.285,0.413
33100,0.303,0.285,0.412
33200,0.298,0.298,0.403
33300,0.317,0.269,0.415
33400,0.320,0.277,0.403
33500,0.325,0.285,0.390
33600,0.348,0.276,0.376
33700,0.353,0.279,0.368
33800,0.339,0.278,0.383
33900,0.338,0.275,0.387
34000,0.341,0.274,0.385
34100,0.353,0.259,0.387
34200,0.335,0.252,0.413
34300,0.334,0.256,0.410
34400,0.332,0.249,0.419
34500,0.325,0.253,0.422
34600,0.320,0.255,0.425
34700,0.318,0.266,0.417
34800,0.309,0.269,0.422
34900,0.311,0.276,0.414
35000,0.306,0.272,0.422
35100,0.304,0.263,0.433
35200,0.306,0.260,0.433
35300,0.290,0.280,0.430
35400,0.289,0.289,0.422
35500,0.286,0.282,0.432
35600,0.283,0.274,0.443
35700,0.290,0.280,0.430
35800,0.287,0.267,0.446
35900,0.272,0.265,0.464
36000,0.276,0.278,0.446
36100,0.269,0.276,0.456
36200,0.267,0.282,0.451
36300,0.261,0.295,0.443
36400,0.261,0.332,0.407
36500,0.255,0.327,0.418
36600,0.256,0.317,0.427
36700,0.256,0.318,0.426
36800,0.250,0.313,0.437
36900,0.256,0.314,0.430
37000,0.263,0.306,0.431
37100,0.264,0.314,0.423
37200,0.273,0.314,0.414
37300,0.279,0.303,0.418
37400,0.283,0.299,0.418
37500,0.279,0.303,0.418
37600,0.279,0.305,0.416
37700,0.288,0.304,0.408
37800,0.281,0.293,0.426
37900,0.272,0.311,0.418
38000,0.270,0.318,0.413
38100,0.269,0.315,0.417
38200,0.271,0.318,0.412
38300,0.271,0.320,0.410
38400,0.292,0.314,0.394
38500,0.283,0.317,0.400
38600,0.283,0.316,0.401
38700,0.289,0.306,0.404
38800,0.300,0.305,0.394
38900,0.299,0.294,0.407
39000,0.300,0.289,0.411
39100,0.288,0.287,0.425
39200,0.287,0.288,0.425
39300,0.276,0.301,0.423
39400,0.278,0.300,0.422
39500,0.274,0.297,0.429
39600,0.276,0.288,0.436
39700,0.273,0.293,0.434
39800,0.285,0.296,0.419
39900,0.271,0.300,0.429
40000,0.268,0.302,0.430
40100,0.267,0.313,0.421
40200,0.261,0.319,0.420
40300,0.259,0.322,0.419
40400,0.259,0.324,0.417
40500,0.277,0.298,0.425
40600,0.293,0.284,0.423
40700,0.286,0.278,0.436
40800,0.282,0.279,0.439
40900,0.294,0.272,0.434
41000,0.294,0.276,0.430
41100,0.284,0.299,0.417
41200,0.278,0.304,0.418
41300,0.278,0.299,0.423
41400,0.280,0.290,0.430
41500,0.279,0.296,0.425
41600,0.270,0.290,0.440
41700,0.271,0.292,0.437
41800,0.271,0.297,0.432
41900,0.270,0.291,0.439
42000,0.273,0.296,0.431
42100,0.271,0.307,0.422
42200,0.267,0.309,0.424
42300,0.257,0.309,0.433
42400,0.259,0.313,0.428
42500,0.265,0.299,0.436
42600,0.251,0.309,0.439
42700,0.255,0.307,0.437
42800,0.266,0.294,0.440
42900,0.266,0.298,0.436
43000,0.264,0.294,0.442
43100,0.274,0.293,0.433
43200,0.267,0.291,0.442
43300,0.258,0.305,0.436
43400,0.287,0.291,0.422
43500,0.284,0.293,0.423
43600,0.284,0.298,0.418
43700,0.280,0.288,0.432
43800,0.288,0.273,0.439
43900,0.282,0.270,0.448
44000,0.280,0.257,0.463
44100,0.289,0.265,0.446
44200,0.293,0.266,0.441
44300,0.299,0.263,0.438
44400,0.297,0.268,0.435
44500,0.290,0.271,0.439
44600,0.298,0.261,0.440
44700,0.283,0.267,0.450
44800,0.290,0.272,0.438
44900,0.280,0.260,0.460
45000,0.271,0.294,0.435
45100,0.269,0.302,0.429
45200,0.280,0.302,0.418
45300,0.276,0.286,0.438
45400,0.278,0.278,0.444
45500,0.291,0.264,0.445
45600,0.291,0.282,0.427
45700,0.305,0.283,0.412
45800,0.304,0.287,0.409
45900,0.308,0.279,0.413
46000,0.299,0.281,0.420
46100,0.296,0.270,0.434
46200,0.293,0.272,0.435
46300,0.291,0.282,0.427
46400,0.287,0.281,0.432
46500,0.285,0.284,0.431
46600,0.289,0.275,0.436
46700,0.289,0.270,0.441
46800,0.274,0.267,0.460
46900,0.273,0.276,0.451
47000,0.269,0.289,0.442
47100,0.268,0.304,0.428
47200,0.264,0.312,0.425
47300,0.256,0.317,0.427
47400,0.248,0.325,0.427
47500,0.252,0.308,0.439
47600,0.249,0.295,0.456
47700,0.251,0.303,0.445
47800,0.259,0.295,0.445
47900,0.247,0.283,0.470
48000,0.250,0.284,0.466
48100,0.246,0.293,0.461
48200,0.256,0.312,0.432
48300,0.250,0.303,0.446
48400,0.258,0.320,0.422
48500,0.256,0.319,0.425
48600,0.250,0.324,0.426
48700,0.245,0.338,0.417
48800,0.256,0.331,0.413
48900,0.245,0.339,0.416
49000,0.258,0.336,0.406
49100,0.250,0.332,0.418
49200,0.235,0.338,0.427
49300,0.229,0.336,0.435
49400,0.232,0.336,0.432
49500,0.244,0.326,0.430
49600,0.230,0.323,0.447
49700,0.224,0.320,0.457
49800,0.221,0.319,0.461
49900,0.243,0.316,0.441
50000,0.242,0.311,0.447
50100,0.243,0.323,0.434
50200,0.251,0.318,0.431
50300,0.244,0.331,0.425
50400,0.251,0.331,0.418
50500,0.241,0.323,0.436
50600,0.242,0.326,0.432
50700,0.247,0.311,0.442
50800,0.233,0.326,0.441
50900,0.236,0.334,0.430
51000,0.235,0.328,0.437
51100,0.228,0.346,0.426
51200,0.230,0.337,0.433
51300,0.236,0.328,0.436
51400,0.241,0.339,0.420
51500,0.235,0.340,0.425
51600,0.244,0.344,0.412
51700,0.246,0.336,0.418
51800,0.250,0.341,0.409
51900,0.267,0.338,0.395
52000,0.271,0.342,0.387
52100,0.259,0.338,0.402
52200,0.243,0.355,0.401
52300,0.245,0.348,0.407
52400,0.254,0.366,0.380
52500,0.240,0.382,0.378
52600,0.241,0.383,0.376
52700,0.239,0.377,0.384
52800,0.229,0.375,0.396
52900,0.220,0.365,0.416
53000,0.213,0.376,0.411
53100,0.212,0.375,0.413
53200,0.211,0.383,0.406
53300,0.210,0.383,0.407
53400,0.223,0.379,0.398
53500,0.227,0.350,0.423
53600,0.227,0.364,0.410
53700,0.229,0.361,0.411
53800,0.225,0.371,0.404
53900,0.226,0.377,0.397
54000,0.217,0.365,0.419
54100,0.218,0.364,0.419
54200,0.217,0.368,0.416
54300,0.205,0.376,0.419
54400,0.194,0.387,0.419
54500,0.188,0.389,0.423
54600,0.191,0.389,0.420
54700,0.186,0.351,0.463
54800,0.200,0.343,0.457
54900,0.190,0.347,0.463
55000,0.195,0.342,0.463
55100,0.193,0.342,0.465
55200,0.197,0.328,0.475
55300,0.185,0.338,0.477
55400,0.190,0.338,0.472
55500,0.182,0.342,0.476
55600,0.195,0.322,0.483
55700,0.197,0.325,0.478
55800,0.193,0.334,0.473
55900,0.206,0.336,0.458
56000,0.192,0.337,0.471
56100,0.202,0.329,0.469
56200,0.201,0.332,0.467
56300,0.210,0.327,0.463
56400,0.203,0.333,0.464
56500,0.205,0.318,0.477
56600,0.206,0.314,0.480
56700,0.211,0.309,0.479
56800,0.204,0.313,0.483
56900,0.203,0.309,0.487
57000,0.213,0.319,0.468
57100,0.228,0.319,0.454
57200,0.230,0.323,0.447
57300,0.208,0.351,0.440
57400,0.222,0.341,0.437
57500,0.215,0.340,0.445
57600,0.225,0.343,0.432
57700,0.224,0.338,0.438
57800,0.213,0.348,0.438
57900,0.212,0.342,0.445
58000,0.224,0.342,0.434
58100,0.225,0.346,0.429
58200,0.227,0.347,0.426
58300,0.236,0.339,0.425
58400,0.235,0.337,0.428
58500,0.238,0.323,0.439
58600,0.244,0.318,0.438
58700,0.226,0.332,0.442
58800,0.226,0.348,0.426
58900,0.223,0.328,0.449
59000,0.229,0.323,0.448
59100,0.230,0.309,0.461
59200,0.232,0.306,0.462
59300,0.235,0.302,0.463
59400,0.234,0.301,0.465
59500,0.234,0.311,0.456
59600,0.229,0.314,0.458
59700,0.228,0.309,0.463
59800,0.221,0.311,0.469
59900,0.220,0.313,0.468
60000,0.230,0.303,0.467
60100,0.236,0.317,0.447
60200,0.231,0.329,0.440
60300,0.222,0.343,0.435
60400,0.210,0.360,0.430
60500,0.211,0.364,0.425
60600,0.213,0.356,0.430
60700,0.210,0.359,0.431
60800,0.216,0.360,0.425
60900,0.217,0.360,0.424
61000,0.216,0.364,0.421
61100,0.211,0.354,0.434
61200,0.210,0.363,0.427
61300,0.204,0.358,0.438
61400,0.200,0.382,0.418
61500,0.227,0.367,0.407
61600,0.228,0.362,0.411
61700,0.232,0.349,0.419
61800,0.235,0.354,0.411
61900,0.236,0.343,0.421
62000,0.237,0.333,0.430
62100,0.242,0.339,0.419
62200,0.245,0.339,0.416
62300,0.247,0.331,0.422
62400,0.244,0.325,0.431
62500,0.250,0.321,0.429
62600,0.246,0.316,0.438
62700,0.238,0.332,0.430
62800,0.245,0.333,0.422
62900,0.246,0.328,0.426
63000,0.249,0.326,0.425
63100,0.256,0.329,0.415
63200,0.253,0.324,0.423
63300,0.248,0.305,0.446
63400,0.258,0.299,0.442
63500,0.255,0.295,0.449
63600,0.252,0.292,0.456
63700,0.269,0.298,0.433
63800,0.271,0.296,0.433
63900,0.277,0.284,0.439
64000,0.274,0.278,0.448
64100,0.275,0.275,0.450
64200,0.281,0.272,0.447
64300,0.282,0.269,0.449
64400,0.276,0.263,0.462
64500,0.274,0.260,0.466
64600,0.288,0.260,0.451
64700,0.288,0.253,0.459
64800,0.283,0.255,0.462
64900,0.278,0.264,0.459
65000,0.281,0.267,0.453
65100,0.274,0.270,0.457
65200,0.277,0.267,0.457
65300,0.277,0.258,0.465
65400,0.291,0.260,0.448
65500,0.292,0.265,0.443
65600,0.303,0.264,0.433
65700,0.294,0.257,0.448
65800,0.288,0.258,0.454
65900,0.296,0.256,0.447
66000,0.286,0.261,0.453
66100,0.294,0.255,0.450
66200,0.300,0.259,0.440
66300,0.293,0.257,0.449
66400,0.281,0.257,0.462
66500,0.265,0.269,0.467
66600,0.268,0.270,0.463
66700,0.261,0.263,0.476
66800,0.259,0.258,0.482
66900,0.256,0.249,0.494
67000,0.257,0.243,0.499
67100,0.254,0.239,0.507
67200,0.259,0.239,0.502
67300,0.261,0.240,0.498
67400,0.246,0.234,0.520
67500,0.250,0.238,0.512
67600,0.259,0.247,0.493
67700,0.265,0.258,0.477
67800,0.256,0.279,0.465
67900,0.269,0.279,0.453
68000,0.267,0.293,0.440
68100,0.257,0.302,0.440
68200,0.254,0.290,0.456
68300,0.249,0.282,0.469
68400,0.251,0.278,0.471
68500,0.267,0.269,0.465
68600,0.267,0.280,0.454
68700,0.285,0.264,0.451
68800,0.288,0.257,0.455
68900,0.296,0.252,0.451
69000,0.291,0.261,0.447
69100,0.281,0.270,0.449
69200,0.278,0.269,0.454
69300,0.264,0.288,0.448
69400,0.253,0.298,0.448
69500,0.252,0.316,0.432
69600,0.249,0.306,0.444
69700,0.242,0.313,0.445
69800,0.242,0.299,0.459
69900,0.245,0.289,0.466
70000,0.247,0.294,0.459
70100,0.244,0.294,0.462
70200,0.238,0.300,0.462
70300,0.228,0.294,0.478
70400,0.224,0.300,0.476
70500,0.216,0.311,0.474
70600,0.220,0.339,0.441
70700,0.216,0.333,0.451
70800,0.218,0.335,0.447
70900,0.226,0.328,0.446
71000,0.246,0.319,0.435
71100,0.240,0.311,0.449
71200,0.236,0.317,0.447
71300,0.230,0.314,0.457
71400,0.219,0.314,0.468
71500,0.220,0.324,0.457
71600,0.218,0.316,0.467
71700,0.211,0.331,0.458
71800,0.203,0.339,0.458
71900,0.224,0.338,0.438
72000,0.230,0.329,0.441
72100,0.228,0.328,0.444
72200,0.226,0.324,0.450
72300,0.229,0.316,0.456
72400,0.224,0.324,0.453
72500,0.216,0.330,0.455
72600,0.208,0.323,0.469
72700,0.201,0.325,0.474
72800,0.208,0.301,0.490
72900,0.215,0.299,0.486
73000,0.203,0.325,0.472
73100,0.207,0.331,0.462
73200,0.205,0.325,0.470
73300,0.206,0.321,0.473
73400,0.207,0.329,0.464
73500,0.215,0.333,0.453
73600,0.211,0.324,0.465
73700,0.217,0.329,0.455
73800,0.217,0.344,0.439
73900,0.216,0.369,0.416
74000,0.206,0.372,0.422
74100,0.212,0.368,0.420
74200,0.216,0.361,0.424
74300,0.216,0.347,0.437
74400,0.227,0.350,0.423
74500,0.222,0.368,0.411
74600,0.231,0.364,0.406
74700,0.216,0.376,0.409
74800,0.208,0.371,0.421
74900,0.192,0.374,0.434
75000,0.192,0.376,0.432
75100,0.196,0.382,0.422
75200,0.190,0.376,0.434
75300,0.186,0.385,0.429
75400,0.193,0.374,0.433
75500,0.194,0.363,0.443
75600,0.194,0.359,0.447
75700,0.190,0.341,0.469
75800,0.193,0.338,0.469
75900,0.185,0.340,0.475
76000,0.183,0.340,0.477
76100,0.184,0.363,0.454
76200,0.188,0.354,0.458
76300,0.196,0.367,0.437
76400,0.203,0.369,0.428
76500,0.209,0.362,0.429
76600,0.206,0.366,0.428
76700,0.203,0.373,0.424
76800,0.202,0.374,0.424
76900,0.208,0.372,0.420
77000,0.213,0.374,0.413
77100,0.216,0.378,0.407
77200,0.213,0.363,0.424
77300,0.221,0.362,0.418
77400,0.220,0.356,0.424
77500,0.224,0.353,0.423
77600,0.224,0.347,0.429
77700,0.219,0.348,0.433
77800,0.222,0.352,0.426
77900,0.205,0.351,0.443
78000,0.212,0.355,0.432
78100,0.215,0.337,0.448
78200,0.215,0.345,0.440
78300,0.207,0.352,0.440
78400,0.210,0.351,0.438
78500,0.209,0.351,0.439
78600,0.205,0.356,0.438
78700,0.207,0.352,0.440
78800,0.210,0.350,0.439
78900,0.218,0.346,0.436
79000,0.220,0.335,0.445
79100,0.218,0.338,0.444
79200,0.215,0.339,0.446
79300,0.210,0.345,0.444
79400,0.200,0.353,0.446
79500,0.203,0.360,0.437
79600,0.194,0.366,0.440
79700,0.195,0.373,0.432
79800,0.196,0.366,0.438
79900,0.204,0.360,0.436
80000,0.202,0.354,0.443
80100,0.196,0.351,0.453
80200,0.196,0.355,0.448
80300,0.190,0.340,0.470
80400,0.187,0.346,0.467
80500,0.194,0.353,0.453
80600,0.201,0.356,0.442
80700,0.208,0.366,0.426
80800,0.217,0.359,0.425
80900,0.217,0.351,0.432
81000,0.207,0.345,0.447
81100,0.206,0.385,0.409
81200,0.200,0.385,0.415
81300,0.195,0.373,0.432
81400,0.182,0.372,0.446
81500,0.181,0.373,0.446
81600,0.184,0.378,0.438
81700,0.179,0.392,0.429
81800,0.180,0.398,0.422
81900,0.182,0.398,0.420
82000,0.189,0.389,0.422
82100,0.195,0.393,0.412
82200,0.207,0.383,0.410
82300,0.196,0.392,0.412
82400,0.194,0.381,0.425
82500,0.198,0.383,0.419
82600,0.195,0.382,0.423
82700,0.190,0.391,0.419
82800,0.194,0.387,0.419
82900,0.195,0.376,0.429
83000,0.197,0.391,0.412
83100,0.209,0.385,0.406
83200,0.203,0.383,0.414
83300,0.209,0.374,0.417
83400,0.203,0.380,0.417
83500,0.194,0.388,0.418
83600,0.209,0.387,0.403
83700,0.205,0.386,0.409
83800,0.193,0.390,0.417
83900,0.199,0.388,0.413
84000,0.189,0.393,0.418
84100,0.192,0.392,0.416
84200,0.192,0.388,0.420
84300,0.185,0.389,0.426
84400,0.200,0.385,0.415
84500,0.191,0.386,0.423
84600,0.185,0.390,0.425
84700,0.179,0.374,0.447
84800,0.180,0.376,0.444
84900,0.176,0.376,0.448
85000,0.177,0.380,0.443
85100,0.178,0.392,0.430
85200,0.180,0.393,0.427
85300,0.186,0.388,0.426
85400,0.189,0.388,0.423
85500,0.191,0.384,0.425
85600,0.187,0.372,0.441
85700,0.183,0.369,0.448
85800,0.185,0.365,0.450
85900,0.181,0.366,0.454
86000,0.176,0.361,0.464
86100,0.171,0.373,0.457
86200,0.184,0.344,0.472
86300,0.185,0.369,0.446
86400,0.178,0.367,0.456
86500,0.179,0.359,0.463
86600,0.169,0.362,0.470
86700,0.168,0.355,0.477
86800,0.174,0.354,0.472
86900,0.178,0.348,0.474
87000,0.189,0.336,0.475
87100,0.197,0.328,0.475
87200,0.188,0.338,0.474
87300,0.186,0.335,0.479
87400,0.178,0.335,0.487
87500,0.184,0.334,0.482
87600,0.182,0.334,0.484
87700,0.190,0.334,0.476
87800,0.201,0.322,0.477
87900,0.211,0.321,0.468
88000,0.208,0.320,0.472
88100,0.209,0.328,0.463
88200,0.203,0.328,0.469
88300,0.228,0.321,0.451
88400,0.235,0.316,0.449
88500,0.246,0.303,0.450
88600,0.238,0.299,0.463
88700,0.247,0.293,0.460
88800,0.248,0.290,0.462
88900,0.235,0.292,0.473
89000,0.240,0.294,0.466
89100,0.245,0.282,0.473
89200,0.252,0.280,0.468
89300,0.250,0.281,0.469
89400,0.243,0.302,0.455
89500,0.253,0.295,0.451
89600,0.240,0.303,0.457
89700,0.248,0.287,0.465
89800,0.249,0.286,0.465
89900,0.239,0.291,0.470
90000,0.232,0.289,0.479
90100,0.234,0.293,0.473
90200,0.233,0.305,0.462
90300,0.241,0.305,0.454
90400,0.240,0.295,0.465
90500,0.251,0.296,0.453
90600,0.246,0.308,0.445
90700,0.236,0.316,0.448
90800,0.219,0.327,0.455
90900,0.228,0.327,0.445
91000,0.227,0.313,0.461
91100,0.225,0.309,0.466
91200,0.227,0.320,0.454
91300,0.227,0.328,0.445
91400,0.224,0.325,0.451
91500,0.221,0.319,0.461
91600,0.225,0.311,0.465
91700,0.218,0.321,0.462
91800,0.241,0.311,0.448
91900,0.238,0.300,0.462
92000,0.227,0.317,0.457
92100,0.226,0.314,0.461
92200,0.218,0.315,0.468
92300,0.220,0.321,0.460
92400,0.216,0.318,0.467
92500,0.223,0.322,0.456
92600,0.223,0.326,0.451
92700,0.240,0.315,0.445
92800,0.245,0.311,0.444
92900,0.267,0.301,0.432
93000,0.269,0.308,0.423
93100,0.272,0.308,0.420
93200,0.284,0.275,0.441
93300,0.289,0.257,0.454
93400,0.301,0.268,0.431
93500,0.298,0.271,0.431
93600,0.294,0.261,0.444
93700,0.290,0.263,0.447
93800,0.294,0.271,0.435
93900,0.292,0.271,0.437
94000,0.286,0.274,0.440
94100,0.279,0.273,0.448
94200,0.282,0.288,0.430
94300,0.277,0.288,0.435
94400,0.270,0.281,0.449
94500,0.267,0.281,0.453
94600,0.274,0.281,0.445
94700,0.279,0.286,0.435
94800,0.274,0.284,0.442
94900,0.284,0.286,0.430
95000,0.272,0.282,0.446
95100,0.274,0.287,0.439
95200,0.271,0.280,0.449
95300,0.269,0.288,0.443
95400,0.276,0.273,0.451
95500,0.305,0.250,0.444
95600,0.325,0.246,0.429
95700,0.326,0.236,0.438
95800,0.306,0.247,0.446
95900,0.298,0.269,0.433
96000,0.307,0.263,0.430
96100,0.307,0.264,0.429
96200,0.311,0.258,0.431
96300,0.306,0.266,0.428
96400,0.312,0.258,0.430
96500,0.307,0.265,0.428
96600,0.312,0.265,0.424
96700,0.304,0.267,0.429
96800,0.312,0.267,0.422
96900,0.307,0.267,0.426
97000,0.321,0.258,0.421
97100,0.299,0.257,0.443
97200,0.295,0.254,0.450
97300,0.303,0.257,0.439
97400,0.299,0.253,0.447
97500,0.305,0.248,0.446
97600,0.316,0.247,0.437
97700,0.306,0.245,0.448
97800,0.300,0.243,0.457
97900,0.299,0.239,0.462
98000,0.301,0.236,0.463
98100,0.297,0.241,0.462
98200,0.278,0.259,0.463
98300,0.281,0.267,0.453
98400,0.302,0.255,0.442
98500,0.303,0.252,0.444
98600,0.320,0.229,0.451
98700,0.309,0.233,0.458
98800,0.313,0.226,0.462
98900,0.314,0.230,0.457
99000,0.326,0.222,0.453
99100,0.319,0.216,0.466
99200,0.312,0.213,0.475
99300,0.312,0.213,0.475
99400,0.300,0.225,0.475
99500,0.301,0.228,0.471
99600,0.301,0.224,0.475
99700,0.292,0.230,0.478
99800,0.293,0.231,0.476
99900,0.293,0.240,0.467
100000,0.292,0.253,0.455
