time,n_A+p,n_B,n_AB
100,0.030,0.970,0.000
200,0.030,0.967,0.003
300,0.030,0.959,0.011
400,0.030,0.953,0.017
500,0.032,0.948,0.020
600,0.032,0.940,0.028
700,0.032,0.931,0.037
800,0.033,0.923,0.044
900,0.033,0.920,0.047
1000,0.032,0.916,0.052
1100,0.031,0.906,0.063
1200,0.031,0.901,0.068
1300,0.030,0.900,0.070
1400,0.031,0.904,0.065
1500,0.031,0.898,0.071
1600,0.031,0.898,0.071
1700,0.031,0.895,0.074
1800,0.032,0.885,0.083
1900,0.032,0.876,0.092
2000,0.031,0.867,0.102
2100,0.031,0.865,0.104
2200,0.031,0.859,0.110
2300,0.031,0.861,0.108
2400,0.034,0.862,0.104
2500,0.032,0.847,0.121
2600,0.035,0.845,0.120
2700,0.035,0.849,0.116
2800,0.034,0.833,0.133
2900,0.033,0.825,0.142
3000,0.035,0.810,0.155
3100,0.035,0.814,0.151
3200,0.038,0.810,0.152
3300,0.038,0.815,0.147
3400,0.037,0.813,0.150
3500,0.037,0.811,0.152
3600,0.036,0.809,0.155
3700,0.038,0.803,0.159
3800,0.038,0.792,0.170
3900,0.038,0.794,0.168
4000,0.037,0.796,0.167
4100,0.041,0.795,0.164
4200,0.040,0.787,0.173
4300,0.041,0.779,0.180
4400,0.039,0.784,0.177
4500,0.043,0.784,0.173
4600,0.045,0.779,0.176
4700,0.043,0.770,0.187
4800,0.043,0.778,0.179
4900,0.045,0.756,0.199
5000,0.047,0.751,0.202
5100,0.049,0.751,0.200
5200,0.046,0.742,0.212
5300,0.043,0.733,0.224
5400,0.046,0.738,0.216
5500,0.047,0.733,0.220
5600,0.048,0.723,0.229
5700,0.047,0.714,0.239
5800,0.047,0.703,0.250
5900,0.047,0.703,0.250
6000,0.049,0.706,0.245
6100,0.048,0.702,0.250
6200,0.047,0.697,0.256
6300,0.054,0.707,0.239
6400,0.054,0.709,0.237
6500,0.052,0.708,0.240
6600,0.055,0.705,0.240
6700,0.052,0.690,0.258
6800,0.062,0.686,0.252
6900,0.061,0.692,0.247
7000,0.058,0.684,0.258
7100,0.058,0.680,0.262
7200,0.064,0.661,0.275
7300,0.064,0.647,0.289
7400,0.063,0.639,0.298
7500,0.075,0.624,0.301
7600,0.074,0.617,0.309
7700,0.073,0.619,0.308
7800,0.078,0.607,0.315
7900,0.076,0.613,0.311
8000,0.086,0.606,0.308
8100,0.084,0.609,0.307
8200,0.091,0.614,0.295
8300,0.084,0.615,0.301
8400,0.081,0.603,0.316
8500,0.083,0.591,0.326
8600,0.083,0.595,0.322
8700,0.079,0.598,0.323
8800,0.078,0.585,0.337
8900,0.082,0.573,0.345
9000,0.082,0.572,0.346
9100,0.084,0.578,0.338
9200,0.083,0.584,0.333
9300,0.076,0.576,0.348
9400,0.078,0.579,0.343
9500,0.082,0.596,0.322
9600,0.074,0.597,0.329
9700,0.071,0.600,0.329
9800,0.069,0.609,0.322
9900,0.068,0.610,0.322
10000,0.069,0.608,0.323
10100,0.072,0.610,0.318
10200,0.071,0.603,0.326
10300,0.080,0.588,0.332
10400,0.077,0.585,0.338
10500,0.075,0.578,0.347
10600,0.084,0.570,0.346
10700,0.093,0.558,0.349
10800,0.086,0.550,0.364
10900,0.095,0.550,0.355
11000,0.096,0.549,0.355
11100,0.102,0.535,0.363
11200,0.098,0.530,0.372
11300,0.109,0.525,0.366
11400,0.103,0.529,0.368
11500,0.102,0.517,0.381
11600,0.108,0.518,0.374
11700,0.109,0.503,0.388
11800,0.111,0.492,0.397
11900,0.109,0.495,0.396
12000,0.103,0.492,0.405
12100,0.107,0.490,0.403
12200,0.113,0.508,0.379
12300,0.122,0.494,0.384
12400,0.132,0.476,0.392
12500,0.124,0.472,0.404
12600,0.124,0.474,0.402
12700,0.133,0.491,0.376
12800,0.131,0.486,0.383
12900,0.133,0.475,0.392
13000,0.124,0.466,0.410
13100,0.128,0.440,0.432
13200,0.134,0.438,0.428
13300,0.142,0.420,0.438
13400,0.156,0.414,0.430
13500,0.157,0.415,0.428
13600,0.163,0.399,0.438
13700,0.177,0.392,0.431
13800,0.183,0.382,0.435
13900,0.183,0.381,0.436
14000,0.177,0.382,0.441
14100,0.184,0.381,0.435
14200,0.175,0.377,0.448
14300,0.172,0.384,0.444
14400,0.170,0.387,0.443
14500,0.175,0.380,0.445
14600,0.179,0.372,0.449
14700,0.194,0.380,0.426
14800,0.189,0.385,0.426
14900,0.201,0.377,0.422
15000,0.199,0.365,0.436
15100,0.196,0.371,0.433
15200,0.200,0.372,0.428
15300,0.205,0.374,0.421
15400,0.207,0.376,0.417
15500,0.201,0.378,0.421
15600,0.202,0.379,0.419
15700,0.202,0.390,0.408
15800,0.202,0.375,0.423
15900,0.206,0.365,0.429
16000,0.199,0.369,0.432
16100,0.204,0.368,0.428
16200,0.199,0.365,0.436
16300,0.196,0.359,0.445
16400,0.194,0.362,0.444
16500,0.211,0.345,0.444
16600,0.209,0.349,0.442
16700,0.213,0.339,0.448
16800,0.219,0.332,0.449
16900,0.210,0.323,0.467
17000,0.208,0.312,0.480
17100,0.207,0.298,0.495
17200,0.214,0.294,0.492
17300,0.217,0.293,0.490
17400,0.230,0.300,0.470
17500,0.242,0.293,0.465
17600,0.243,0.301,0.456
17700,0.241,0.296,0.463
17800,0.252,0.281,0.467
17900,0.251,0.281,0.468
18000,0.254,0.282,0.464
18100,0.248,0.287,0.465
18200,0.250,0.290,0.460
18300,0.245,0.290,0.465
18400,0.253,0.285,0.462
18500,0.244,0.295,0.461
18600,0.252,0.292,0.456
18700,0.265,0.293,0.442
18800,0.269,0.292,0.439
18900,0.272,0.291,0.437
19000,0.271,0.283,0.446
19100,0.275,0.277,0.448
19200,0.269,0.285,0.446
19300,0.262,0.292,0.446
19400,0.251,0.296,0.453
19500,0.251,0.297,0.452
19600,0.244,0.288,0.468
19700,0.234,0.294,0.472
19800,0.224,0.306,0.470
19900,0.235,0.306,0.459
20000,0.251,0.308,0.441
20100,0.251,0.295,0.454
20200,0.249,0.284,0.467
20300,0.254,0.295,0.451
20400,0.251,0.294,0.455
20500,0.261,0.280,0.459
20600,0.260,0.294,0.446
20700,0.257,0.294,0.449
20800,0.265,0.294,0.441
20900,0.258,0.287,0.455
21000,0.263,0.292,0.445
21100,0.270,0.290,0.440
21200,0.265,0.289,0.446
21300,0.280,0.282,0.438
21400,0.280,0.279,0.441
21500,0.277,0.275,0.448
21600,0.285,0.262,0.453
21700,0.282,0.270,0.448
21800,0.275,0.280,0.445
21900,0.277,0.288,0.435
22000,0.279,0.282,0.439
22100,0.278,0.294,0.428
22200,0.280,0.278,0.442
22300,0.269,0.262,0.469
22400,0.270,0.265,0.465
22500,0.278,0.268,0.454
22600,0.274,0.277,0.449
22700,0.272,0.281,0.447
22800,0.264,0.281,0.455
22900,0.258,0.269,0.473
23000,0.254,0.276,0.470
23100,0.248,0.280,0.472
23200,0.244,0.279,0.477
23300,0.252,0.280,0.468
23400,0.259,0.285,0.456
23500,0.258,0.292,0.450
23600,0.266,0.280,0.454
23700,0.265,0.271,0.464
23800,0.272,0.274,0.454
23900,0.272,0.263,0.465
24000,0.268,0.270,0.462
24100,0.262,0.266,0.472
24200,0.264,0.261,0.475
24300,0.269,0.253,0.478
24400,0.266,0.248,0.486
24500,0.268,0.252,0.480
24600,0.273,0.252,0.475
24700,0.269,0.267,0.464
24800,0.264,0.257,0.479
24900,0.261,0.244,0.495
25000,0.267,0.251,0.482
25100,0.270,0.247,0.483
25200,0.285,0.240,0.475
25300,0.296,0.243,0.461
25400,0.304,0.237,0.459
25500,0.295,0.246,0.459
25600,0.288,0.248,0.464
25700,0.292,0.250,0.458
25800,0.286,0.239,0.475
25900,0.294,0.238,0.468
26000,0.287,0.241,0.472
26100,0.293,0.233,0.474
26200,0.299,0.227,0.474
26300,0.294,0.215,0.491
26400,0.305,0.207,0.488
26500,0.307,0.204,0.489
26600,0.313,0.210,0.477
26700,0.311,0.225,0.464
26800,0.307,0.221,0.472
26900,0.307,0.231,0.462
27000,0.312,0.227,0.461
27100,0.309,0.218,0.473
27200,0.321,0.219,0.460
27300,0.311,0.218,0.471
27400,0.312,0.212,0.476
27500,0.335,0.208,0.457
27600,0.341,0.213,0.446
27700,0.353,0.200,0.447
27800,0.352,0.194,0.454
27900,0.352,0.190,0.458
28000,0.350,0.209,0.441
28100,0.355,0.216,0.429
28200,0.345,0.222,0.433
28300,0.352,0.225,0.423
28400,0.353,0.220,0.427
28500,0.367,0.223,0.410
28600,0.351,0.208,0.441
28700,0.364,0.197,0.439
28800,0.350,0.197,0.453
28900,0.354,0.201,0.445
29000,0.354,0.194,0.452
29100,0.358,0.186,0.456
29200,0.358,0.181,0.461
29300,0.368,0.182,0.450
29400,0.376,0.173,0.451
29500,0.380,0.170,0.450
29600,0.385,0.166,0.449
29700,0.389,0.169,0.442
29800,0.393,0.168,0.439
29900,0.394,0.158,0.448
30000,0.393,0.168,0.439
30100,0.394,0.170,0.436
30200,0.386,0.180,0.434
30300,0.387,0.170,0.443
30400,0.379,0.174,0.447
30500,0.385,0.180,0.435
30600,0.385,0.184,0.431
30700,0.379,0.189,0.432
30800,0.371,0.188,0.441
30900,0.373,0.200,0.427
31000,0.373,0.205,0.422
31100,0.369,0.205,0.426
31200,0.362,0.205,0.433
31300,0.358,0.217,0.425
31400,0.351,0.219,0.430
31500,0.350,0.210,0.440
31600,0.349,0.214,0.437
31700,0.345,0.208,0.447
31800,0.344,0.205,0.451
31900,0.337,0.214,0.449
32000,0.332,0.218,0.450
32100,0.321,0.216,0.463
32200,0.333,0.214,0.453
32300,0.330,0.201,0.469
32400,0.331,0.199,0.470
32500,0.338,0.193,0.469
32600,0.346,0.189,0.465
32700,0.334,0.192,0.474
32800,0.338,0.194,0.468
32900,0.335,0.198,0.467
33000,0.344,0.202,0.454
33100,0.358,0.207,0.435
33200,0.359,0.200,0.441
33300,0.342,0.204,0.454
33400,0.335,0.207,0.458
33500,0.339,0.221,0.440
33600,0.349,0.225,0.426
33700,0.339,0.231,0.430
33800,0.352,0.209,0.439
33900,0.350,0.203,0.447
34000,0.348,0.198,0.454
34100,0.341,0.196,0.463
34200,0.345,0.189,0.466
34300,0.341,0.209,0.450
34400,0.338,0.218,0.444
34500,0.342,0.209,0.449
34600,0.337,0.197,0.466
34700,0.329,0.210,0.461
34800,0.325,0.202,0.473
34900,0.334,0.204,0.462
35000,0.337,0.216,0.447
35100,0.343,0.201,0.456
35200,0.362,0.196,0.442
35300,0.367,0.201,0.432
35400,0.369,0.201,0.430
35500,0.365,0.206,0.429
35600,0.357,0.199,0.444
35700,0.362,0.192,0.446
35800,0.361,0.192,0.447
35900,0.349,0.197,0.454
36000,0.359,0.179,0.462
36100,0.367,0.176,0.457
36200,0.367,0.183,0.450
36300,0.372,0.181,0.447
36400,0.386,0.181,0.433
36500,0.394,0.177,0.429
36600,0.393,0.172,0.435
36700,0.378,0.167,0.455
36800,0.378,0.164,0.458
36900,0.385,0.164,0.451
37000,0.388,0.165,0.447
37100,0.372,0.184,0.444
37200,0.359,0.184,0.457
37300,0.355,0.170,0.475
37400,0.377,0.172,0.451
37500,0.370,0.178,0.452
37600,0.368,0.183,0.449
37700,0.367,0.181,0.452
37800,0.369,0.171,0.460
37900,0.369,0.172,0.459
38000,0.363,0.180,0.457
38100,0.371,0.190,0.439
38200,0.367,0.184,0.449
38300,0.370,0.182,0.448
38400,0.369,0.197,0.434
38500,0.373,0.189,0.438
38600,0.378,0.182,0.440
38700,0.387,0.171,0.442
38800,0.388,0.170,0.442
38900,0.387,0.173,0.440
39000,0.399,0.158,0.443
39100,0.394,0.159,0.447
39200,0.393,0.159,0.448
39300,0.394,0.148,0.458
39400,0.389,0.166,0.445
39500,0.386,0.169,0.445
39600,0.399,0.168,0.433
39700,0.412,0.159,0.429
39800,0.399,0.144,0.457
39900,0.406,0.141,0.453
40000,0.411,0.145,0.444
40100,0.410,0.144,0.446
40200,0.406,0.152,0.442
40300,0.402,0.156,0.442
40400,0.403,0.163,0.434
40500,0.394,0.157,0.449
40600,0.392,0.173,0.435
40700,0.387,0.170,0.443
40800,0.378,0.173,0.449
40900,0.371,0.178,0.451
41000,0.375,0.187,0.438
41100,0.371,0.189,0.440
41200,0.371,0.188,0.441
41300,0.382,0.192,0.426
41400,0.383,0.188,0.429
41500,0.391,0.192,0.417
41600,0.382,0.194,0.424
41700,0.373,0.201,0.426
41800,0.361,0.219,0.420
41900,0.358,0.219,0.423
42000,0.355,0.222,0.423
42100,0.346,0.236,0.418
42200,0.338,0.230,0.432
42300,0.343,0.215,0.442
42400,0.329,0.209,0.462
42500,0.322,0.205,0.473
42600,0.327,0.204,0.469
42700,0.340,0.212,0.448
42800,0.338,0.211,0.451
42900,0.332,0.212,0.456
43000,0.332,0.209,0.459
43100,0.329,0.216,0.455
43200,0.332,0.214,0.454
43300,0.336,0.214,0.450
43400,0.336,0.215,0.449
43500,0.328,0.208,0.464
43600,0.316,0.209,0.475
43700,0.315,0.213,0.472
43800,0.326,0.210,0.464
43900,0.325,0.205,0.470
44000,0.316,0.219,0.465
44100,0.326,0.200,0.474
44200,0.345,0.207,0.448
44300,0.347,0.213,0.440
44400,0.357,0.208,0.435
44500,0.352,0.203,0.445
44600,0.356,0.187,0.457
44700,0.344,0.197,0.459
44800,0.344,0.200,0.456
44900,0.341,0.209,0.450
45000,0.331,0.215,0.454
45100,0.321,0.221,0.458
45200,0.326,0.223,0.451
45300,0.319,0.234,0.447
45400,0.322,0.237,0.441
45500,0.327,0.244,0.429
45600,0.343,0.233,0.424
45700,0.352,0.231,0.417
45800,0.342,0.235,0.423
45900,0.344,0.244,0.412
46000,0.348,0.239,0.413
46100,0.348,0.241,0.411
46200,0.339,0.235,0.426
46300,0.330,0.236,0.434
46400,0.328,0.231,0.441
46500,0.307,0.216,0.477
46600,0.316,0.217,0.467
46700,0.319,0.211,0.470
46800,0.317,0.218,0.465
46900,0.315,0.218,0.467
47000,0.316,0.223,0.461
47100,0.315,0.225,0.460
47200,0.320,0.216,0.464
47300,0.327,0.216,0.457
47400,0.332,0.217,0.451
47500,0.350,0.227,0.423
47600,0.342,0.218,0.440
47700,0.346,0.226,0.428
47800,0.345,0.225,0.430
47900,0.342,0.229,0.429
48000,0.335,0.228,0.437
48100,0.327,0.226,0.447
48200,0.326,0.223,0.451
48300,0.329,0.217,0.454
48400,0.339,0.217,0.444
48500,0.349,0.220,0.431
48600,0.351,0.229,0.420
48700,0.343,0.223,0.434
48800,0.335,0.221,0.444
48900,0.335,0.209,0.456
49000,0.320,0.213,0.467
49100,0.339,0.210,0.451
49200,0.329,0.205,0.466
49300,0.324,0.201,0.475
49400,0.331,0.201,0.468
49500,0.336,0.203,0.461
49600,0.328,0.204,0.468
49700,0.324,0.207,0.469
49800,0.325,0.212,0.463
49900,0.334,0.216,0.450
50000,0.324,0.215,0.461
50100,0.322,0.214,0.464
50200,0.322,0.220,0.458
50300,0.312,0.213,0.475
50400,0.316,0.216,0.468
50500,0.337,0.211,0.452
50600,0.343,0.225,0.432
50700,0.340,0.221,0.439
50800,0.343,0.203,0.454
50900,0.339,0.204,0.457
51000,0.331,0.210,0.459
51100,0.336,0.208,0.456
51200,0.345,0.213,0.442
51300,0.360,0.202,0.438
51400,0.355,0.197,0.448
51500,0.355,0.191,0.454
51600,0.354,0.192,0.454
51700,0.360,0.198,0.442
51800,0.364,0.192,0.444
51900,0.371,0.179,0.450
52000,0.366,0.184,0.450
52100,0.372,0.182,0.446
52200,0.396,0.176,0.428
52300,0.387,0.158,0.455
52400,0.390,0.155,0.455
52500,0.396,0.150,0.454
52600,0.411,0.149,0.440
52700,0.410,0.148,0.442
52800,0.425,0.156,0.419
52900,0.432,0.161,0.407
53000,0.428,0.152,0.420
53100,0.436,0.141,0.423
53200,0.442,0.141,0.417
53300,0.450,0.148,0.402
53400,0.442,0.142,0.416
53500,0.433,0.149,0.418
53600,0.418,0.155,0.427
53700,0.418,0.160,0.422
53800,0.425,0.154,0.421
53900,0.426,0.142,0.432
54000,0.431,0.140,0.429
54100,0.426,0.140,0.434
54200,0.440,0.143,0.417
54300,0.439,0.143,0.418
54400,0.439,0.147,0.414
54500,0.437,0.138,0.425
54600,0.439,0.142,0.419
54700,0.438,0.136,0.426
54800,0.448,0.127,0.425
54900,0.449,0.117,0.434
55000,0.456,0.108,0.436
55100,0.459,0.103,0.438
55200,0.459,0.106,0.435
55300,0.460,0.118,0.422
55400,0.477,0.114,0.409
55500,0.477,0.122,0.401
55600,0.475,0.118,0.407
55700,0.486,0.117,0.397
55800,0.488,0.111,0.401
55900,0.503,0.122,0.375
56000,0.505,0.117,0.378
56100,0.514,0.107,0.379
56200,0.521,0.105,0.374
56300,0.518,0.110,0.372
56400,0.520,0.099,0.381
56500,0.532,0.102,0.366
56600,0.528,0.101,0.371
56700,0.545,0.096,0.359
56800,0.541,0.098,0.361
56900,0.540,0.103,0.357
57000,0.541,0.103,0.356
57100,0.538,0.101,0.361
57200,0.520,0.108,0.372
57300,0.513,0.121,0.366
57400,0.504,0.123,0.373
57500,0.504,0.126,0.370
57600,0.499,0.124,0.377
57700,0.485,0.123,0.392
57800,0.486,0.109,0.405
57900,0.491,0.114,0.395
58000,0.489,0.106,0.405
58100,0.481,0.116,0.403
58200,0.481,0.116,0.403
58300,0.476,0.115,0.409
58400,0.482,0.107,0.411
58500,0.481,0.115,0.404
58600,0.490,0.110,0.400
58700,0.497,0.112,0.391
58800,0.491,0.114,0.395
58900,0.498,0.116,0.386
59000,0.504,0.108,0.388
59100,0.494,0.106,0.400
59200,0.490,0.098,0.412
59300,0.478,0.104,0.418
59400,0.474,0.098,0.428
59500,0.475,0.094,0.431
59600,0.476,0.099,0.425
59700,0.479,0.106,0.415
59800,0.477,0.123,0.400
59900,0.489,0.124,0.387
60000,0.469,0.122,0.409
60100,0.471,0.122,0.407
60200,0.476,0.132,0.392
60300,0.483,0.122,0.395
60400,0.470,0.128,0.402
60500,0.464,0.130,0.406
60600,0.460,0.137,0.403
60700,0.458,0.149,0.393
60800,0.467,0.144,0.389
60900,0.456,0.152,0.392
61000,0.452,0.152,0.396
61100,0.439,0.160,0.401
61200,0.427,0.160,0.413
61300,0.425,0.158,0.417
61400,0.434,0.155,0.411
61500,0.441,0.141,0.418
61600,0.439,0.142,0.419
61700,0.431,0.150,0.419
61800,0.420,0.157,0.423
61900,0.424,0.154,0.422
62000,0.418,0.158,0.424
62100,0.427,0.158,0.415
62200,0.432,0.150,0.418
62300,0.437,0.147,0.416
62400,0.430,0.143,0.427
62500,0.431,0.141,0.428
62600,0.436,0.139,0.425
62700,0.433,0.147,0.420
62800,0.432,0.152,0.416
62900,0.431,0.144,0.425
63000,0.431,0.136,0.433
63100,0.422,0.143,0.435
63200,0.414,0.146,0.440
63300,0.414,0.146,0.440
63400,0.405,0.148,0.447
63500,0.408,0.143,0.449
63600,0.412,0.136,0.452
63700,0.404,0.146,0.450
63800,0.413,0.150,0.437
63900,0.411,0.154,0.435
64000,0.417,0.157,0.426
64100,0.425,0.150,0.425
64200,0.422,0.144,0.434
64300,0.420,0.145,0.435
64400,0.432,0.143,0.425
64500,0.434,0.139,0.427
64600,0.428,0.147,0.425
64700,0.424,0.148,0.428
64800,0.424,0.147,0.429
64900,0.425,0.151,0.424
65000,0.427,0.155,0.418
65100,0.428,0.156,0.416
65200,0.418,0.157,0.425
65300,0.420,0.156,0.424
65400,0.434,0.146,0.420
65500,0.447,0.138,0.415
65600,0.445,0.138,0.417
65700,0.441,0.147,0.412
65800,0.451,0.141,0.408
65900,0.442,0.147,0.411
66000,0.448,0.147,0.405
66100,0.441,0.150,0.409
66200,0.434,0.142,0.424
66300,0.430,0.148,0.422
66400,0.423,0.150,0.427
66500,0.429,0.152,0.419
66600,0.429,0.159,0.412
66700,0.435,0.157,0.408
66800,0.418,0.171,0.411
66900,0.421,0.163,0.416
67000,0.427,0.162,0.411
67100,0.435,0.159,0.406
67200,0.423,0.169,0.408
67300,0.432,0.166,0.402
67400,0.426,0.159,0.415
67500,0.413,0.158,0.429
67600,0.406,0.157,0.437
67700,0.415,0.147,0.438
67800,0.415,0.143,0.442
67900,0.421,0.147,0.432
68000,0.428,0.156,0.416
68100,0.434,0.161,0.405
68200,0.455,0.151,0.394
68300,0.446,0.163,0.391
68400,0.440,0.157,0.403
68500,0.445,0.153,0.402
68600,0.451,0.149,0.400
68700,0.450,0.149,0.401
68800,0.445,0.153,0.402
68900,0.452,0.160,0.388
69000,0.445,0.160,0.395
69100,0.438,0.155,0.407
69200,0.427,0.153,0.420
69300,0.432,0.147,0.421
69400,0.430,0.158,0.412
69500,0.428,0.155,0.417
69600,0.424,0.159,0.417
69700,0.423,0.160,0.417
69800,0.431,0.166,0.403
69900,0.429,0.166,0.405
70000,0.421,0.167,0.412
70100,0.427,0.171,0.402
70200,0.420,0.166,0.414
70300,0.425,0.167,0.408
70400,0.429,0.161,0.410
70500,0.436,0.147,0.417
70600,0.439,0.151,0.410
70700,0.444,0.148,0.408
70800,0.449,0.147,0.404
70900,0.448,0.152,0.400
71000,0.442,0.148,0.410
71100,0.434,0.161,0.405
71200,0.452,0.162,0.386
71300,0.450,0.166,0.384
71400,0.447,0.165,0.388
71500,0.450,0.158,0.392
71600,0.438,0.158,0.404
71700,0.438,0.161,0.401
71800,0.441,0.161,0.398
71900,0.437,0.163,0.400
72000,0.434,0.151,0.415
72100,0.425,0.149,0.426
72200,0.418,0.152,0.430
72300,0.405,0.166,0.429
72400,0.405,0.167,0.428
72500,0.391,0.170,0.439
72600,0.392,0.168,0.440
72700,0.401,0.158,0.441
72800,0.397,0.165,0.438
72900,0.392,0.165,0.443
73000,0.398,0.158,0.444
73100,0.401,0.158,0.441
73200,0.400,0.162,0.438
73300,0.393,0.162,0.445
73400,0.388,0.159,0.453
73500,0.401,0.152,0.447
73600,0.401,0.143,0.456
73700,0.406,0.152,0.442
73800,0.401,0.162,0.437
73900,0.394,0.161,0.445
74000,0.397,0.165,0.438
74100,0.400,0.164,0.436
74200,0.402,0.153,0.445
74300,0.398,0.153,0.449
74400,0.396,0.163,0.441
74500,0.397,0.169,0.434
74600,0.399,0.177,0.424
74700,0.412,0.177,0.411
74800,0.405,0.180,0.415
74900,0.406,0.183,0.411
75000,0.418,0.183,0.399
75100,0.412,0.181,0.407
75200,0.409,0.185,0.406
75300,0.407,0.195,0.398
75400,0.391,0.201,0.408
75500,0.393,0.200,0.407
75600,0.395,0.191,0.414
75700,0.401,0.197,0.402
75800,0.399,0.200,0.401
75900,0.388,0.191,0.421
76000,0.409,0.182,0.409
76100,0.406,0.188,0.406
76200,0.414,0.188,0.398
76300,0.412,0.177,0.411
76400,0.408,0.173,0.419
76500,0.396,0.161,0.443
76600,0.399,0.150,0.451
76700,0.402,0.151,0.447
76800,0.408,0.153,0.439
76900,0.403,0.152,0.445
77000,0.398,0.157,0.445
77100,0.398,0.145,0.457
77200,0.407,0.147,0.446
77300,0.414,0.140,0.446
77400,0.424,0.137,0.439
77500,0.432,0.135,0.433
77600,0.443,0.130,0.427
77700,0.453,0.133,0.414
77800,0.467,0.119,0.414
77900,0.459,0.115,0.426
78000,0.459,0.124,0.417
78100,0.452,0.129,0.419
78200,0.462,0.124,0.414
78300,0.466,0.114,0.420
78400,0.462,0.119,0.419
78500,0.462,0.116,0.422
78600,0.453,0.124,0.423
78700,0.456,0.123,0.421
78800,0.458,0.127,0.415
78900,0.459,0.122,0.419
79000,0.459,0.130,0.411
79100,0.464,0.119,0.417
79200,0.455,0.121,0.424
79300,0.453,0.123,0.424
79400,0.441,0.116,0.443
79500,0.435,0.116,0.449
79600,0.435,0.112,0.453
79700,0.428,0.103,0.469
79800,0.428,0.101,0.471
79900,0.428,0.103,0.469
80000,0.436,0.105,0.459
80100,0.447,0.106,0.447
80200,0.450,0.109,0.441
80300,0.464,0.119,0.417
80400,0.471,0.124,0.405
80500,0.464,0.124,0.412
80600,0.447,0.129,0.424
80700,0.443,0.137,0.420
80800,0.438,0.130,0.432
80900,0.438,0.143,0.419
81000,0.430,0.141,0.429
81100,0.425,0.143,0.432
81200,0.417,0.147,0.436
81300,0.426,0.139,0.435
81400,0.418,0.143,0.439
81500,0.415,0.146,0.439
81600,0.410,0.142,0.448
81700,0.405,0.150,0.445
81800,0.408,0.153,0.439
81900,0.414,0.152,0.434
82000,0.419,0.140,0.441
82100,0.412,0.144,0.444
82200,0.417,0.136,0.447
82300,0.415,0.139,0.446
82400,0.424,0.141,0.435
82500,0.415,0.142,0.443
82600,0.400,0.144,0.456
82700,0.401,0.145,0.454
82800,0.402,0.153,0.445
82900,0.410,0.141,0.449
83000,0.413,0.145,0.442
83100,0.419,0.146,0.435
83200,0.415,0.140,0.445
83300,0.424,0.152,0.424
83400,0.418,0.153,0.429
83500,0.423,0.152,0.425
83600,0.429,0.156,0.415
83700,0.432,0.157,0.411
83800,0.423,0.154,0.423
83900,0.430,0.152,0.418
84000,0.429,0.145,0.426
84100,0.427,0.145,0.428
84200,0.423,0.143,0.434
84300,0.432,0.150,0.418
84400,0.429,0.155,0.416
84500,0.417,0.149,0.434
84600,0.421,0.145,0.434
84700,0.425,0.141,0.434
84800,0.410,0.147,0.443
84900,0.408,0.160,0.432
85000,0.400,0.163,0.437
85100,0.396,0.168,0.436
85200,0.398,0.171,0.431
85300,0.396,0.165,0.439
85400,0.401,0.174,0.425
85500,0.396,0.177,0.427
85600,0.391,0.170,0.439
85700,0.389,0.168,0.443
85800,0.380,0.174,0.446
85900,0.384,0.165,0.451
86000,0.383,0.170,0.447
86100,0.386,0.164,0.450
86200,0.384,0.156,0.460
86300,0.388,0.154,0.458
86400,0.377,0.162,0.461
86500,0.376,0.178,0.446
86600,0.389,0.170,0.441
86700,0.390,0.158,0.452
86800,0.389,0.154,0.457
86900,0.403,0.157,0.440
87000,0.405,0.160,0.435
87100,0.411,0.162,0.427
87200,0.407,0.163,0.430
87300,0.398,0.188,0.414
87400,0.391,0.180,0.429
87500,0.388,0.182,0.430
87600,0.384,0.174,0.442
87700,0.376,0.178,0.446
87800,0.386,0.170,0.444
87900,0.406,0.162,0.432
88000,0.402,0.154,0.444
88100,0.397,0.155,0.448
88200,0.390,0.147,0.463
88300,0.400,0.153,0.447
88400,0.412,0.146,0.442
88500,0.414,0.138,0.448
88600,0.414,0.145,0.441
88700,0.415,0.145,0.440
88800,0.421,0.152,0.427
88900,0.428,0.153,0.419
89000,0.441,0.145,0.414
89100,0.441,0.144,0.415
89200,0.437,0.136,0.427
89300,0.435,0.127,0.438
89400,0.453,0.127,0.420
89500,0.458,0.123,0.419
89600,0.450,0.124,0.426
89700,0.455,0.130,0.415
89800,0.455,0.123,0.422
89900,0.451,0.123,0.426
90000,0.443,0.118,0.439
90100,0.436,0.126,0.438
90200,0.438,0.132,0.430
90300,0.439,0.125,0.436
90400,0.455,0.117,0.428
90500,0.438,0.130,0.432
90600,0.434,0.129,0.437
90700,0.430,0.114,0.456
90800,0.436,0.115,0.449
90900,0.434,0.114,0.452
91000,0.432,0.110,0.458
91100,0.422,0.121,0.457
91200,0.434,0.119,0.447
91300,0.436,0.133,0.431
91400,0.425,0.140,0.435
91500,0.424,0.153,0.423
91600,0.426,0.155,0.419
91700,0.436,0.144,0.420
91800,0.430,0.136,0.434
91900,0.437,0.129,0.434
92000,0.439,0.131,0.430
92100,0.435,0.141,0.424
92200,0.422,0.141,0.437
92300,0.426,0.144,0.430
92400,0.419,0.143,0.438
92500,0.431,0.150,0.419
92600,0.432,0.147,0.421
92700,0.430,0.148,0.422
92800,0.422,0.144,0.434
92900,0.427,0.134,0.439
93000,0.433,0.129,0.438
93100,0.440,0.126,0.434
93200,0.437,0.119,0.444
93300,0.432,0.127,0.441
93400,0.431,0.136,0.433
93500,0.447,0.126,0.427
93600,0.447,0.124,0.429
93700,0.448,0.111,0.441
93800,0.455,0.114,0.431
93900,0.448,0.115,0.437
94000,0.442,0.106,0.452
94100,0.431,0.108,0.461
94200,0.442,0.116,0.442
94300,0.439,0.111,0.450
94400,0.433,0.104,0.463
94500,0.423,0.107,0.470
94600,0.417,0.126,0.457
94700,0.412,0.146,0.442
94800,0.410,0.149,0.441
94900,0.406,0.153,0.441
95000,0.419,0.149,0.432
95100,0.415,0.150,0.435
95200,0.419,0.158,0.423
95300,0.426,0.148,0.426
95400,0.436,0.141,0.423
95500,0.439,0.143,0.418
95600,0.434,0.150,0.416
95700,0.439,0.140,0.421
95800,0.437,0.136,0.427
95900,0.461,0.124,0.415
96000,0.459,0.134,0.407
96100,0.453,0.125,0.422
96200,0.451,0.127,0.422
96300,0.469,0.122,0.409
96400,0.455,0.121,0.424
96500,0.457,0.117,0.426
96600,0.459,0.112,0.429
96700,0.465,0.122,0.413
96800,0.441,0.123,0.436
96900,0.446,0.124,0.430
97000,0.448,0.134,0.418
97100,0.454,0.128,0.418
97200,0.454,0.129,0.417
97300,0.458,0.120,0.422
97400,0.459,0.123,0.418
97500,0.458,0.123,0.419
97600,0.453,0.119,0.428
97700,0.454,0.128,0.418
97800,0.461,0.132,0.407
97900,0.459,0.144,0.397
98000,0.465,0.138,0.397
98100,0.468,0.135,0.397
98200,0.464,0.126,0.410
98300,0.465,0.128,0.407
98400,0.464,0.129,0.407
98500,0.459,0.139,0.402
98600,0.450,0.136,0.414
98700,0.467,0.138,0.395
98800,0.456,0.145,0.399
98900,0.451,0.138,0.411
99000,0.450,0.142,0.408
99100,0.448,0.141,0.411
99200,0.464,0.130,0.406
99300,0.468,0.143,0.389
99400,0.464,0.142,0.394
99500,0.447,0.140,0.413
99600,0.443,0.132,0.425
99700,0.459,0.132,0.409
99800,0.458,0.136,0.406
99900,0.463,0.134,0.403
100000,0.472,0.135,0.393
