time,n_A+p,n_B,n_AB
500,0.030,0.791,0.178
1000,0.030,0.561,0.409
1500,0.030,0.396,0.575
2000,0.030,0.291,0.678
2500,0.030,0.302,0.667
3000,0.030,0.328,0.642
3500,0.030,0.297,0.672
4000,0.030,0.359,0.611
4500,0.030,0.388,0.583
5000,0.030,0.432,0.538
5500,0.030,0.302,0.668
6000,0.030,0.315,0.655
6500,0.030,0.325,0.645
7000,0.030,0.294,0.676
7500,0.030,0.267,0.704
8000,0.030,0.266,0.704
8500,0.030,0.301,0.669
9000,0.030,0.319,0.651
9500,0.030,0.289,0.681
10000,0.030,0.263,0.708
10500,0.030,0.314,0.656
11000,0.030,0.382,0.588
11500,0.030,0.336,0.634
12000,0.030,0.379,0.591
12500,0.030,0.370,0.600
13000,0.030,0.310,0.660
13500,0.030,0.348,0.621
14000,0.030,0.318,0.652
14500,0.030,0.268,0.702
15000,0.030,0.291,0.679
15500,0.030,0.266,0.704
16000,0.031,0.318,0.651
16500,0.030,0.272,0.698
17000,0.030,0.265,0.706
17500,0.030,0.306,0.664
18000,0.030,0.260,0.710
18500,0.030,0.311,0.658
19000,0.030,0.309,0.660
19500,0.030,0.340,0.630
20000,0.030,0.330,0.640
20500,0.030,0.365,0.605
21000,0.030,0.233,0.737
21500,0.039,0.278,0.683
22000,0.038,0.219,0.743
22500,0.030,0.274,0.696
23000,0.030,0.349,0.621
23500,0.035,0.316,0.649
24000,0.030,0.272,0.698
24500,0.030,0.275,0.695
25000,0.030,0.288,0.681
25500,0.037,0.270,0.693
26000,0.030,0.238,0.731
26500,0.030,0.364,0.605
27000,0.030,0.319,0.651
27500,0.030,0.345,0.625
28000,0.030,0.335,0.635
28500,0.030,0.338,0.632
29000,0.030,0.299,0.670
29500,0.030,0.260,0.710
30000,0.030,0.234,0.736
30500,0.031,0.239,0.730
31000,0.030,0.276,0.694
31500,0.030,0.249,0.720
32000,0.030,0.311,0.659
32500,0.030,0.227,0.743
33000,0.038,0.227,0.735
33500,0.052,0.169,0.779
34000,0.069,0.105,0.826
34500,0.296,0.011,0.693
35000,0.604,0.001,0.396
35500,0.675,0.000,0.325
36000,0.665,0.000,0.335
36500,0.697,0.000,0.303
37000,0.716,0.000,0.284
37500,0.716,0.000,0.284
38000,0.795,0.000,0.205
38500,0.928,0.000,0.072
39000,0.916,0.000,0.084
39500,0.949,0.000,0.051
40000,0.934,0.000,0.066
40500,0.898,0.000,0.102
41000,0.874,0.000,0.126
41500,0.885,0.000,0.115
42000,0.946,0.000,0.054
42500,0.971,0.000,0.029
43000,0.993,0.000,0.007
43500,1.000,0.000,0.000
