time,n_A+p,n_B,n_AB
500,0.030,0.284,0.686
1000,0.030,0.271,0.699
1500,0.030,0.231,0.739
2000,0.030,0.226,0.744
2500,0.030,0.279,0.691
3000,0.030,0.356,0.614
3500,0.030,0.319,0.651
4000,0.030,0.184,0.786
4500,0.030,0.246,0.724
5000,0.030,0.297,0.673
5500,0.569,0.003,0.428
6000,0.939,0.000,0.061
6500,1.000,0.000,0.000
