time,n_A+p,n_B,n_AB
100,0.414,0.523,0.063
200,0.408,0.502,0.091
300,0.384,0.507,0.109
400,0.394,0.488,0.117
500,0.378,0.475,0.147
600,0.385,0.457,0.158
700,0.374,0.464,0.162
800,0.368,0.471,0.161
900,0.350,0.485,0.164
1000,0.333,0.494,0.173
1100,0.333,0.499,0.168
1200,0.331,0.487,0.182
1300,0.327,0.491,0.182
1400,0.337,0.481,0.182
1500,0.372,0.459,0.170
1600,0.369,0.460,0.172
1700,0.348,0.461,0.191
1800,0.344,0.448,0.207
1900,0.364,0.443,0.193
2000,0.368,0.439,0.193
2100,0.351,0.434,0.215
2200,0.344,0.449,0.206
2300,0.346,0.442,0.211
2400,0.346,0.455,0.199
2500,0.336,0.460,0.204
2600,0.329,0.456,0.216
2700,0.359,0.427,0.215
2800,0.358,0.420,0.223
2900,0.365,0.408,0.228
3000,0.354,0.415,0.231
3100,0.342,0.419,0.239
3200,0.345,0.419,0.236
3300,0.337,0.427,0.236
3400,0.339,0.417,0.244
3500,0.345,0.402,0.252
3600,0.349,0.402,0.248
3700,0.344,0.409,0.247
3800,0.335,0.412,0.253
3900,0.333,0.411,0.256
4000,0.343,0.414,0.243
4100,0.354,0.397,0.248
4200,0.352,0.392,0.255
4300,0.367,0.388,0.245
4400,0.364,0.388,0.248
4500,0.363,0.383,0.254
4600,0.359,0.388,0.253
4700,0.368,0.393,0.239
4800,0.367,0.394,0.239
4900,0.343,0.398,0.258
5000,0.350,0.392,0.257
5100,0.351,0.394,0.254
5200,0.363,0.386,0.251
5300,0.359,0.393,0.248
5400,0.351,0.395,0.253
5500,0.343,0.416,0.241
5600,0.337,0.413,0.250
5700,0.340,0.415,0.245
5800,0.332,0.425,0.243
5900,0.320,0.449,0.231
6000,0.309,0.451,0.239
6100,0.316,0.460,0.225
6200,0.306,0.460,0.234
6300,0.300,0.479,0.221
6400,0.300,0.476,0.224
6500,0.289,0.486,0.225
6600,0.287,0.482,0.231
6700,0.283,0.485,0.232
6800,0.281,0.474,0.245
6900,0.275,0.474,0.251
7000,0.269,0.484,0.247
7100,0.255,0.498,0.246
7200,0.255,0.504,0.241
7300,0.266,0.504,0.231
7400,0.263,0.520,0.218
7500,0.263,0.511,0.227
7600,0.255,0.509,0.236
7700,0.252,0.523,0.225
7800,0.237,0.518,0.245
7900,0.247,0.521,0.232
8000,0.239,0.523,0.238
8100,0.237,0.517,0.246
8200,0.233,0.518,0.249
8300,0.234,0.526,0.240
8400,0.235,0.531,0.234
8500,0.232,0.530,0.238
8600,0.233,0.533,0.234
8700,0.238,0.540,0.222
8800,0.229,0.550,0.222
8900,0.228,0.562,0.210
9000,0.224,0.566,0.210
9100,0.219,0.564,0.218
9200,0.220,0.574,0.206
9300,0.211,0.579,0.209
9400,0.211,0.574,0.215
9500,0.209,0.566,0.225
9600,0.213,0.562,0.225
9700,0.209,0.568,0.223
9800,0.219,0.563,0.219
9900,0.205,0.567,0.228
10000,0.212,0.563,0.225
10100,0.206,0.561,0.233
10200,0.208,0.556,0.236
10300,0.207,0.561,0.232
10400,0.202,0.558,0.240
10500,0.201,0.569,0.230
10600,0.196,0.562,0.242
10700,0.195,0.547,0.257
10800,0.197,0.562,0.241
10900,0.193,0.572,0.235
11000,0.195,0.580,0.225
11100,0.197,0.585,0.218
11200,0.191,0.589,0.220
11300,0.183,0.604,0.213
11400,0.184,0.610,0.206
11500,0.182,0.610,0.208
11600,0.188,0.613,0.199
11700,0.186,0.616,0.198
11800,0.180,0.622,0.198
11900,0.186,0.615,0.199
12000,0.181,0.613,0.206
12100,0.176,0.606,0.219
12200,0.175,0.617,0.208
12300,0.176,0.631,0.193
12400,0.179,0.622,0.199
12500,0.176,0.624,0.200
12600,0.177,0.625,0.198
12700,0.176,0.619,0.205
12800,0.174,0.617,0.209
12900,0.176,0.629,0.195
13000,0.177,0.627,0.196
13100,0.177,0.613,0.210
13200,0.178,0.616,0.206
13300,0.178,0.624,0.198
13400,0.177,0.625,0.198
13500,0.174,0.628,0.198
13600,0.170,0.634,0.196
13700,0.169,0.633,0.198
13800,0.169,0.631,0.200
13900,0.172,0.642,0.186
14000,0.171,0.651,0.179
14100,0.170,0.655,0.176
14200,0.169,0.654,0.178
14300,0.172,0.653,0.176
14400,0.172,0.656,0.173
14500,0.171,0.648,0.182
14600,0.165,0.646,0.189
14700,0.163,0.642,0.194
14800,0.163,0.637,0.199
14900,0.162,0.654,0.184
15000,0.159,0.654,0.187
15100,0.161,0.654,0.185
15200,0.158,0.659,0.183
15300,0.153,0.667,0.180
15400,0.153,0.672,0.175
15500,0.154,0.674,0.172
15600,0.155,0.674,0.171
15700,0.174,0.667,0.159
15800,0.171,0.663,0.166
15900,0.166,0.656,0.178
16000,0.166,0.660,0.174
16100,0.166,0.662,0.172
16200,0.166,0.663,0.171
16300,0.169,0.668,0.163
16400,0.171,0.661,0.169
16500,0.169,0.662,0.170
16600,0.174,0.653,0.174
16700,0.182,0.641,0.177
16800,0.179,0.636,0.185
16900,0.175,0.645,0.181
17000,0.192,0.631,0.177
17100,0.188,0.636,0.176
17200,0.190,0.624,0.186
17300,0.194,0.623,0.183
17400,0.185,0.629,0.186
17500,0.182,0.627,0.191
17600,0.179,0.630,0.191
17700,0.177,0.621,0.202
17800,0.176,0.610,0.215
17900,0.179,0.616,0.205
18000,0.176,0.621,0.203
18100,0.172,0.619,0.209
18200,0.179,0.614,0.207
18300,0.179,0.616,0.205
18400,0.174,0.608,0.219
18500,0.190,0.591,0.219
18600,0.191,0.575,0.234
18700,0.190,0.577,0.233
18800,0.194,0.581,0.225
18900,0.203,0.580,0.217
19000,0.192,0.576,0.232
19100,0.203,0.570,0.227
19200,0.197,0.576,0.227
19300,0.201,0.573,0.226
19400,0.203,0.571,0.226
19500,0.200,0.568,0.232
19600,0.205,0.549,0.246
19700,0.200,0.545,0.254
19800,0.204,0.543,0.252
19900,0.213,0.542,0.244
20000,0.200,0.546,0.253
20100,0.197,0.554,0.249
20200,0.197,0.562,0.241
20300,0.198,0.563,0.239
20400,0.196,0.560,0.244
20500,0.189,0.568,0.243
20600,0.185,0.574,0.241
20700,0.192,0.567,0.241
20800,0.196,0.575,0.229
20900,0.190,0.578,0.232
21000,0.181,0.579,0.240
21100,0.183,0.588,0.229
21200,0.176,0.579,0.245
21300,0.173,0.584,0.243
21400,0.171,0.587,0.242
21500,0.179,0.587,0.234
21600,0.188,0.585,0.227
21700,0.186,0.582,0.232
21800,0.181,0.593,0.226
21900,0.170,0.617,0.213
22000,0.173,0.616,0.211
22100,0.182,0.610,0.208
22200,0.177,0.608,0.216
22300,0.182,0.601,0.218
22400,0.186,0.592,0.222
22500,0.190,0.585,0.225
22600,0.194,0.583,0.223
22700,0.192,0.581,0.227
22800,0.189,0.578,0.233
22900,0.219,0.558,0.224
23000,0.219,0.559,0.223
23100,0.208,0.552,0.240
23200,0.212,0.541,0.246
23300,0.210,0.552,0.238
23400,0.207,0.555,0.238
23500,0.216,0.543,0.241
23600,0.221,0.539,0.240
23700,0.223,0.530,0.247
23800,0.221,0.521,0.258
23900,0.221,0.510,0.270
24000,0.229,0.513,0.258
24100,0.223,0.514,0.264
24200,0.216,0.532,0.252
24300,0.217,0.520,0.264
24400,0.241,0.488,0.271
24500,0.242,0.493,0.265
24600,0.231,0.516,0.253
24700,0.253,0.490,0.256
24800,0.252,0.503,0.245
24900,0.270,0.481,0.249
25000,0.271,0.470,0.259
25100,0.274,0.462,0.265
25200,0.280,0.463,0.257
25300,0.279,0.464,0.257
25400,0.265,0.459,0.277
25500,0.264,0.464,0.273
25600,0.252,0.474,0.274
25700,0.252,0.471,0.277
25800,0.256,0.468,0.276
25900,0.258,0.478,0.264
26000,0.265,0.477,0.258
26100,0.253,0.482,0.265
26200,0.249,0.488,0.263
26300,0.239,0.492,0.269
26400,0.233,0.491,0.276
26500,0.232,0.495,0.273
26600,0.235,0.490,0.275
26700,0.240,0.497,0.263
26800,0.239,0.504,0.257
26900,0.237,0.505,0.258
27000,0.233,0.533,0.234
27100,0.223,0.541,0.236
27200,0.222,0.551,0.228
27300,0.210,0.552,0.238
27400,0.218,0.545,0.237
27500,0.212,0.540,0.247
27600,0.217,0.541,0.242
27700,0.209,0.541,0.249
27800,0.196,0.557,0.247
27900,0.196,0.553,0.251
28000,0.196,0.563,0.241
28100,0.191,0.565,0.244
28200,0.194,0.576,0.230
28300,0.216,0.544,0.240
28400,0.220,0.541,0.239
28500,0.209,0.554,0.237
28600,0.224,0.536,0.240
28700,0.216,0.542,0.242
28800,0.225,0.540,0.235
28900,0.217,0.537,0.246
29000,0.218,0.541,0.241
29100,0.208,0.543,0.248
29200,0.202,0.544,0.253
29300,0.203,0.544,0.252
29400,0.201,0.554,0.245
29500,0.195,0.563,0.242
29600,0.207,0.541,0.251
29700,0.213,0.513,0.274
29800,0.223,0.506,0.272
29900,0.233,0.502,0.266
30000,0.247,0.490,0.263
30100,0.240,0.488,0.272
30200,0.239,0.489,0.272
30300,0.240,0.489,0.271
30400,0.243,0.487,0.270
30500,0.235,0.503,0.263
30600,0.239,0.494,0.267
30700,0.236,0.494,0.270
30800,0.231,0.497,0.272
30900,0.235,0.502,0.264
31000,0.226,0.501,0.274
31100,0.220,0.504,0.277
31200,0.224,0.497,0.279
31300,0.222,0.513,0.266
31400,0.228,0.510,0.263
31500,0.221,0.521,0.258
31600,0.217,0.519,0.265
31700,0.223,0.519,0.258
31800,0.222,0.506,0.273
31900,0.213,0.512,0.275
32000,0.217,0.514,0.270
32100,0.211,0.513,0.276
32200,0.209,0.523,0.268
32300,0.205,0.511,0.284
32400,0.197,0.549,0.254
32500,0.198,0.543,0.258
32600,0.191,0.550,0.259
32700,0.190,0.544,0.266
32800,0.190,0.544,0.266
32900,0.199,0.534,0.267
33000,0.199,0.537,0.264
33100,0.200,0.540,0.259
33200,0.191,0.554,0.255
33300,0.187,0.553,0.260
33400,0.211,0.550,0.239
33500,0.209,0.543,0.247
33600,0.205,0.549,0.246
33700,0.196,0.544,0.259
33800,0.196,0.552,0.252
33900,0.191,0.549,0.260
34000,0.193,0.555,0.252
34100,0.193,0.558,0.249
34200,0.196,0.566,0.238
34300,0.192,0.565,0.243
34400,0.187,0.574,0.239
34500,0.186,0.580,0.234
34600,0.186,0.568,0.246
34700,0.197,0.557,0.246
34800,0.195,0.562,0.243
34900,0.195,0.559,0.246
35000,0.194,0.558,0.248
35100,0.190,0.559,0.251
35200,0.198,0.558,0.244
35300,0.204,0.544,0.251
35400,0.198,0.565,0.237
35500,0.195,0.552,0.253
35600,0.203,0.552,0.245
35700,0.219,0.547,0.234
35800,0.206,0.544,0.249
35900,0.205,0.545,0.249
36000,0.198,0.546,0.255
36100,0.197,0.547,0.255
36200,0.189,0.545,0.266
36300,0.197,0.546,0.256
36400,0.197,0.547,0.255
36500,0.201,0.543,0.255
36600,0.197,0.553,0.250
36700,0.198,0.558,0.244
36800,0.199,0.546,0.254
36900,0.208,0.539,0.252
37000,0.233,0.502,0.266
37100,0.230,0.506,0.265
37200,0.218,0.506,0.277
37300,0.219,0.512,0.270
37400,0.221,0.517,0.263
37500,0.212,0.518,0.270
37600,0.203,0.528,0.269
37700,0.213,0.530,0.256
37800,0.210,0.522,0.268
37900,0.212,0.513,0.275
38000,0.224,0.504,0.273
38100,0.230,0.503,0.268
38200,0.227,0.505,0.269
38300,0.229,0.503,0.269
38400,0.234,0.491,0.275
38500,0.235,0.486,0.279
38600,0.246,0.480,0.274
38700,0.249,0.485,0.266
38800,0.245,0.479,0.276
38900,0.249,0.473,0.278
39000,0.233,0.492,0.275
39100,0.244,0.487,0.269
39200,0.239,0.469,0.292
39300,0.235,0.473,0.292
39400,0.233,0.472,0.295
39500,0.254,0.455,0.291
39600,0.254,0.447,0.298
39700,0.251,0.437,0.312
39800,0.260,0.435,0.304
39900,0.273,0.429,0.298
40000,0.284,0.417,0.299
40100,0.282,0.414,0.304
40200,0.291,0.418,0.291
40300,0.285,0.432,0.283
40400,0.293,0.415,0.292
40500,0.297,0.413,0.290
40600,0.293,0.400,0.306
40700,0.274,0.422,0.304
40800,0.266,0.436,0.298
40900,0.257,0.433,0.309
41000,0.254,0.435,0.311
41100,0.249,0.441,0.309
41200,0.244,0.440,0.316
41300,0.249,0.434,0.317
41400,0.250,0.431,0.319
41500,0.251,0.440,0.308
41600,0.235,0.463,0.302
41700,0.223,0.476,0.301
41800,0.234,0.481,0.285
41900,0.243,0.465,0.292
42000,0.237,0.464,0.299
42100,0.236,0.439,0.325
42200,0.228,0.448,0.324
42300,0.233,0.455,0.313
42400,0.231,0.442,0.327
42500,0.231,0.454,0.316
42600,0.231,0.470,0.299
42700,0.222,0.474,0.304
42800,0.216,0.471,0.314
42900,0.218,0.469,0.314
43000,0.221,0.465,0.315
43100,0.223,0.485,0.292
43200,0.213,0.485,0.301
43300,0.211,0.485,0.303
43400,0.205,0.484,0.311
43500,0.211,0.483,0.305
43600,0.210,0.479,0.311
43700,0.202,0.473,0.325
43800,0.208,0.479,0.313
43900,0.211,0.486,0.302
44000,0.215,0.480,0.305
44100,0.218,0.489,0.293
44200,0.211,0.493,0.295
44300,0.201,0.486,0.313
44400,0.229,0.475,0.296
44500,0.212,0.477,0.311
44600,0.220,0.483,0.297
44700,0.221,0.486,0.293
44800,0.242,0.483,0.275
44900,0.231,0.490,0.279
45000,0.226,0.496,0.278
45100,0.228,0.480,0.292
45200,0.225,0.486,0.289
45300,0.232,0.473,0.295
45400,0.235,0.483,0.282
45500,0.232,0.475,0.293
45600,0.230,0.467,0.303
45700,0.238,0.464,0.298
45800,0.234,0.473,0.293
45900,0.236,0.468,0.296
46000,0.257,0.453,0.290
46100,0.250,0.445,0.304
46200,0.259,0.447,0.293
46300,0.271,0.431,0.298
46400,0.280,0.429,0.291
46500,0.280,0.430,0.290
46600,0.281,0.424,0.295
46700,0.276,0.429,0.295
46800,0.283,0.422,0.295
46900,0.284,0.423,0.293
47000,0.304,0.423,0.273
47100,0.318,0.406,0.277
47200,0.313,0.410,0.278
47300,0.300,0.416,0.284
47400,0.293,0.408,0.299
47500,0.316,0.391,0.293
47600,0.322,0.390,0.288
47700,0.320,0.384,0.296
47800,0.327,0.383,0.290
47900,0.318,0.389,0.293
48000,0.315,0.399,0.286
48100,0.322,0.396,0.282
48200,0.321,0.384,0.295
48300,0.336,0.380,0.284
48400,0.345,0.369,0.286
48500,0.346,0.354,0.299
48600,0.347,0.353,0.299
48700,0.347,0.352,0.300
48800,0.358,0.354,0.288
48900,0.353,0.354,0.292
49000,0.358,0.367,0.276
49100,0.368,0.359,0.274
49200,0.372,0.356,0.272
49300,0.366,0.340,0.294
49400,0.376,0.337,0.287
49500,0.369,0.331,0.300
49600,0.359,0.335,0.306
49700,0.350,0.332,0.318
49800,0.361,0.321,0.319
49900,0.362,0.336,0.302
50000,0.365,0.329,0.306
50100,0.353,0.344,0.302
50200,0.339,0.354,0.306
50300,0.340,0.360,0.300
50400,0.338,0.362,0.300
50500,0.328,0.369,0.303
50600,0.322,0.372,0.306
50700,0.346,0.352,0.301
50800,0.343,0.350,0.306
50900,0.332,0.349,0.319
51000,0.326,0.364,0.311
51100,0.325,0.367,0.308
51200,0.328,0.359,0.314
51300,0.332,0.353,0.315
51400,0.335,0.364,0.301
51500,0.344,0.354,0.301
51600,0.346,0.355,0.298
51700,0.343,0.356,0.300
51800,0.343,0.355,0.301
51900,0.351,0.351,0.297
52000,0.351,0.342,0.306
52100,0.363,0.341,0.296
52200,0.385,0.336,0.279
52300,0.393,0.330,0.277
52400,0.396,0.333,0.271
52500,0.389,0.335,0.276
52600,0.396,0.334,0.270
52700,0.386,0.339,0.275
52800,0.391,0.341,0.268
52900,0.388,0.341,0.271
53000,0.384,0.338,0.278
53100,0.385,0.338,0.277
53200,0.391,0.334,0.275
53300,0.397,0.337,0.266
53400,0.392,0.336,0.272
53500,0.380,0.344,0.276
53600,0.380,0.336,0.284
53700,0.362,0.353,0.285
53800,0.371,0.342,0.287
53900,0.369,0.340,0.291
54000,0.364,0.349,0.287
54100,0.351,0.356,0.292
54200,0.351,0.347,0.301
54300,0.364,0.344,0.292
54400,0.334,0.348,0.318
54500,0.336,0.348,0.316
54600,0.358,0.348,0.294
54700,0.353,0.345,0.301
54800,0.345,0.336,0.319
54900,0.342,0.344,0.314
55000,0.333,0.353,0.314
55100,0.332,0.366,0.302
55200,0.331,0.360,0.309
55300,0.324,0.362,0.315
55400,0.321,0.354,0.325
55500,0.317,0.354,0.329
55600,0.323,0.362,0.316
55700,0.308,0.383,0.308
55800,0.301,0.388,0.311
55900,0.309,0.396,0.294
56000,0.296,0.391,0.313
56100,0.268,0.411,0.322
56200,0.265,0.411,0.325
56300,0.267,0.409,0.325
56400,0.268,0.411,0.322
56500,0.274,0.410,0.317
56600,0.277,0.408,0.316
56700,0.283,0.394,0.323
56800,0.280,0.402,0.318
56900,0.291,0.401,0.307
57000,0.287,0.406,0.307
57100,0.290,0.379,0.331
57200,0.292,0.384,0.324
57300,0.277,0.392,0.331
57400,0.284,0.384,0.332
57500,0.276,0.388,0.336
57600,0.292,0.388,0.320
57700,0.289,0.393,0.318
57800,0.290,0.382,0.328
57900,0.260,0.397,0.342
58000,0.269,0.400,0.331
58100,0.265,0.402,0.333
58200,0.278,0.391,0.331
58300,0.279,0.390,0.331
58400,0.291,0.387,0.322
58500,0.290,0.378,0.332
58600,0.289,0.390,0.321
58700,0.313,0.387,0.300
58800,0.288,0.388,0.324
58900,0.284,0.401,0.315
59000,0.291,0.399,0.309
59100,0.290,0.408,0.302
59200,0.295,0.407,0.298
59300,0.306,0.384,0.309
59400,0.302,0.404,0.293
59500,0.298,0.402,0.299
59600,0.293,0.415,0.292
59700,0.280,0.401,0.319
59800,0.275,0.414,0.312
59900,0.278,0.408,0.315
60000,0.278,0.414,0.308
60100,0.277,0.427,0.296
60200,0.280,0.429,0.291
60300,0.277,0.437,0.286
60400,0.285,0.439,0.276
60500,0.284,0.442,0.274
60600,0.275,0.450,0.275
60700,0.276,0.447,0.277
60800,0.259,0.444,0.296
60900,0.269,0.447,0.284
61000,0.268,0.448,0.284
61100,0.265,0.459,0.277
61200,0.250,0.465,0.285
61300,0.247,0.462,0.291
61400,0.239,0.457,0.304
61500,0.235,0.464,0.301
61600,0.242,0.460,0.298
61700,0.247,0.472,0.281
61800,0.240,0.480,0.280
61900,0.239,0.481,0.280
62000,0.253,0.465,0.282
62100,0.250,0.458,0.292
62200,0.246,0.450,0.303
62300,0.247,0.449,0.303
62400,0.237,0.444,0.319
62500,0.246,0.445,0.308
62600,0.252,0.447,0.300
62700,0.252,0.440,0.307
62800,0.259,0.439,0.301
62900,0.264,0.451,0.285
63000,0.270,0.444,0.286
63100,0.301,0.415,0.284
63200,0.286,0.413,0.301
63300,0.295,0.407,0.298
63400,0.297,0.416,0.287
63500,0.289,0.411,0.300
63600,0.291,0.402,0.306
63700,0.296,0.397,0.306
63800,0.328,0.381,0.291
63900,0.325,0.376,0.299
64000,0.341,0.376,0.283
64100,0.335,0.374,0.291
64200,0.329,0.376,0.295
64300,0.336,0.365,0.299
64400,0.340,0.381,0.279
64500,0.336,0.371,0.293
64600,0.322,0.374,0.304
64700,0.326,0.377,0.297
64800,0.327,0.381,0.292
64900,0.336,0.376,0.288
65000,0.339,0.381,0.280
65100,0.326,0.394,0.280
65200,0.314,0.394,0.292
65300,0.318,0.388,0.294
65400,0.307,0.388,0.304
65500,0.304,0.383,0.313
65600,0.325,0.382,0.293
65700,0.336,0.369,0.295
65800,0.345,0.365,0.290
65900,0.350,0.352,0.297
66000,0.340,0.367,0.293
66100,0.331,0.360,0.309
66200,0.336,0.359,0.305
66300,0.339,0.356,0.304
66400,0.325,0.352,0.323
66500,0.324,0.355,0.321
66600,0.314,0.370,0.317
66700,0.339,0.366,0.295
66800,0.331,0.369,0.300
66900,0.318,0.368,0.315
67000,0.331,0.354,0.315
67100,0.324,0.356,0.320
67200,0.330,0.348,0.322
67300,0.322,0.363,0.316
67400,0.338,0.351,0.311
67500,0.348,0.346,0.305
67600,0.345,0.338,0.317
67700,0.346,0.330,0.324
67800,0.353,0.325,0.322
67900,0.322,0.329,0.349
68000,0.335,0.336,0.329
68100,0.323,0.359,0.319
68200,0.309,0.358,0.333
68300,0.307,0.353,0.339
68400,0.319,0.353,0.328
68500,0.313,0.356,0.331
68600,0.301,0.354,0.344
68700,0.308,0.338,0.353
68800,0.313,0.333,0.354
68900,0.302,0.339,0.359
69000,0.307,0.337,0.355
69100,0.307,0.334,0.359
69200,0.306,0.325,0.369
69300,0.298,0.326,0.376
69400,0.299,0.323,0.378
69500,0.313,0.327,0.361
69600,0.312,0.329,0.360
69700,0.311,0.327,0.363
69800,0.326,0.321,0.353
69900,0.329,0.323,0.348
70000,0.333,0.332,0.335
70100,0.330,0.334,0.336
70200,0.340,0.331,0.329
70300,0.343,0.321,0.336
70400,0.342,0.320,0.338
70500,0.338,0.327,0.335
70600,0.347,0.326,0.327
70700,0.348,0.316,0.336
70800,0.345,0.324,0.331
70900,0.337,0.331,0.332
71000,0.347,0.322,0.331
71100,0.355,0.312,0.333
71200,0.350,0.314,0.336
71300,0.345,0.330,0.325
71400,0.347,0.336,0.317
71500,0.335,0.334,0.331
71600,0.331,0.336,0.333
71700,0.324,0.337,0.339
71800,0.326,0.335,0.339
71900,0.293,0.380,0.327
72000,0.285,0.378,0.337
72100,0.280,0.381,0.339
72200,0.276,0.408,0.317
72300,0.272,0.414,0.315
72400,0.271,0.404,0.325
72500,0.288,0.396,0.316
72600,0.288,0.398,0.314
72700,0.292,0.400,0.307
72800,0.295,0.392,0.313
72900,0.286,0.387,0.327
73000,0.290,0.350,0.360
73100,0.290,0.363,0.347
73200,0.291,0.360,0.349
73300,0.277,0.359,0.365
73400,0.271,0.367,0.363
73500,0.282,0.370,0.348
73600,0.281,0.364,0.355
73700,0.292,0.360,0.348
73800,0.275,0.384,0.341
73900,0.269,0.392,0.339
74000,0.272,0.403,0.325
74100,0.273,0.415,0.313
74200,0.265,0.417,0.319
74300,0.268,0.414,0.319
74400,0.261,0.413,0.326
74500,0.279,0.401,0.320
74600,0.289,0.403,0.307
74700,0.274,0.412,0.315
74800,0.264,0.422,0.315
74900,0.270,0.413,0.318
75000,0.271,0.414,0.316
75100,0.269,0.429,0.302
75200,0.276,0.414,0.311
75300,0.283,0.413,0.304
75400,0.293,0.394,0.313
75500,0.303,0.397,0.299
75600,0.313,0.392,0.295
75700,0.315,0.403,0.282
75800,0.318,0.403,0.279
75900,0.315,0.401,0.284
76000,0.303,0.387,0.309
76100,0.309,0.384,0.306
76200,0.316,0.383,0.301
76300,0.295,0.400,0.304
76400,0.296,0.396,0.307
76500,0.298,0.402,0.299
76600,0.300,0.393,0.306
76700,0.296,0.399,0.304
76800,0.304,0.394,0.301
76900,0.297,0.398,0.304
77000,0.284,0.407,0.309
77100,0.282,0.409,0.309
77200,0.278,0.406,0.317
77300,0.285,0.411,0.304
77400,0.286,0.390,0.324
77500,0.272,0.404,0.324
77600,0.272,0.396,0.332
77700,0.274,0.400,0.326
77800,0.276,0.409,0.316
77900,0.273,0.418,0.309
78000,0.265,0.417,0.319
78100,0.246,0.428,0.326
78200,0.246,0.431,0.323
78300,0.248,0.423,0.329
78400,0.240,0.426,0.334
78500,0.246,0.425,0.329
78600,0.255,0.425,0.320
78700,0.244,0.439,0.317
78800,0.244,0.446,0.309
78900,0.249,0.447,0.303
79000,0.250,0.444,0.305
79100,0.239,0.430,0.331
79200,0.239,0.439,0.322
79300,0.241,0.431,0.328
79400,0.237,0.444,0.319
79500,0.243,0.431,0.326
79600,0.241,0.426,0.333
79700,0.250,0.421,0.329
79800,0.248,0.427,0.325
79900,0.250,0.419,0.331
80000,0.243,0.395,0.362
80100,0.246,0.395,0.359
80200,0.247,0.389,0.364
80300,0.248,0.389,0.363
80400,0.246,0.402,0.351
80500,0.253,0.402,0.344
80600,0.261,0.392,0.346
80700,0.267,0.379,0.354
80800,0.265,0.372,0.364
80900,0.268,0.371,0.362
81000,0.276,0.388,0.336
81100,0.274,0.399,0.327
81200,0.270,0.401,0.329
81300,0.254,0.409,0.337
81400,0.258,0.415,0.327
81500,0.258,0.417,0.325
81600,0.253,0.427,0.320
81700,0.247,0.421,0.332
81800,0.248,0.425,0.327
81900,0.260,0.416,0.324
82000,0.263,0.412,0.326
82100,0.267,0.421,0.313
82200,0.269,0.423,0.308
82300,0.267,0.423,0.311
82400,0.264,0.419,0.318
82500,0.266,0.432,0.302
82600,0.266,0.422,0.313
82700,0.270,0.413,0.318
82800,0.270,0.401,0.329
82900,0.280,0.393,0.327
83000,0.287,0.393,0.320
83100,0.291,0.386,0.323
83200,0.292,0.384,0.324
83300,0.284,0.380,0.336
83400,0.273,0.402,0.325
83500,0.273,0.398,0.329
83600,0.272,0.397,0.331
83700,0.280,0.404,0.316
83800,0.274,0.391,0.335
83900,0.268,0.386,0.346
84000,0.275,0.393,0.332
84100,0.268,0.386,0.346
84200,0.280,0.383,0.337
84300,0.276,0.394,0.330
84400,0.277,0.391,0.332
84500,0.276,0.382,0.342
84600,0.276,0.377,0.347
84700,0.271,0.377,0.352
84800,0.273,0.384,0.343
84900,0.282,0.381,0.337
85000,0.289,0.368,0.343
85100,0.293,0.363,0.344
85200,0.299,0.333,0.368
85300,0.296,0.344,0.360
85400,0.289,0.340,0.371
85500,0.292,0.345,0.363
85600,0.281,0.350,0.369
85700,0.276,0.352,0.372
85800,0.278,0.351,0.371
85900,0.299,0.348,0.352
86000,0.299,0.352,0.348
86100,0.290,0.353,0.356
86200,0.293,0.363,0.344
86300,0.301,0.363,0.336
86400,0.311,0.354,0.335
86500,0.317,0.352,0.331
86600,0.321,0.343,0.336
86700,0.313,0.339,0.348
86800,0.325,0.341,0.334
86900,0.325,0.332,0.343
87000,0.328,0.328,0.344
87100,0.331,0.329,0.340
87200,0.339,0.335,0.326
87300,0.344,0.328,0.328
87400,0.344,0.323,0.333
87500,0.349,0.318,0.333
87600,0.340,0.316,0.344
87700,0.334,0.322,0.344
87800,0.318,0.327,0.355
87900,0.323,0.330,0.347
88000,0.326,0.324,0.350
88100,0.339,0.318,0.343
88200,0.330,0.315,0.355
88300,0.356,0.295,0.348
88400,0.379,0.286,0.335
88500,0.366,0.297,0.337
88600,0.376,0.297,0.327
88700,0.387,0.285,0.328
88800,0.393,0.288,0.319
88900,0.383,0.291,0.326
89000,0.374,0.307,0.319
89100,0.380,0.316,0.304
89200,0.377,0.318,0.305
89300,0.363,0.329,0.308
89400,0.365,0.328,0.307
89500,0.351,0.331,0.318
89600,0.352,0.347,0.300
89700,0.352,0.350,0.297
89800,0.346,0.350,0.303
89900,0.350,0.347,0.302
90000,0.359,0.346,0.295
90100,0.360,0.326,0.315
90200,0.367,0.331,0.302
90300,0.349,0.340,0.311
90400,0.364,0.345,0.291
90500,0.360,0.352,0.288
90600,0.354,0.343,0.302
90700,0.360,0.337,0.303
90800,0.356,0.326,0.318
90900,0.355,0.332,0.313
91000,0.364,0.308,0.328
91100,0.363,0.304,0.333
91200,0.367,0.313,0.321
91300,0.363,0.309,0.328
91400,0.371,0.312,0.318
91500,0.369,0.304,0.327
91600,0.360,0.308,0.332
91700,0.366,0.313,0.322
91800,0.382,0.308,0.309
91900,0.379,0.312,0.309
92000,0.386,0.302,0.312
92100,0.381,0.299,0.320
92200,0.380,0.294,0.326
92300,0.378,0.289,0.333
92400,0.390,0.299,0.311
92500,0.397,0.295,0.307
92600,0.401,0.290,0.308
92700,0.385,0.285,0.330
92800,0.391,0.281,0.328
92900,0.391,0.273,0.336
93000,0.389,0.275,0.336
93100,0.391,0.269,0.340
93200,0.384,0.275,0.341
93300,0.383,0.282,0.335
93400,0.394,0.283,0.323
93500,0.379,0.285,0.336
93600,0.390,0.286,0.324
93700,0.392,0.284,0.324
93800,0.394,0.278,0.328
93900,0.395,0.276,0.329
94000,0.400,0.276,0.324
94100,0.408,0.278,0.315
94200,0.406,0.274,0.321
94300,0.401,0.274,0.325
94400,0.416,0.266,0.319
94500,0.414,0.269,0.318
94600,0.410,0.269,0.322
94700,0.418,0.267,0.316
94800,0.434,0.270,0.296
94900,0.440,0.263,0.297
95000,0.444,0.272,0.284
95100,0.429,0.290,0.281
95200,0.416,0.290,0.294
95300,0.412,0.288,0.300
95400,0.413,0.299,0.288
95500,0.401,0.312,0.287
95600,0.404,0.304,0.291
95700,0.427,0.278,0.295
95800,0.414,0.290,0.296
95900,0.413,0.287,0.300
96000,0.410,0.317,0.274
96100,0.378,0.334,0.288
96200,0.362,0.333,0.305
96300,0.361,0.332,0.307
96400,0.368,0.333,0.299
96500,0.379,0.316,0.305
96600,0.380,0.307,0.313
96700,0.378,0.311,0.312
96800,0.377,0.299,0.324
96900,0.388,0.300,0.312
97000,0.392,0.295,0.313
97100,0.380,0.294,0.326
97200,0.393,0.289,0.318
97300,0.382,0.298,0.320
97400,0.391,0.289,0.320
97500,0.384,0.288,0.328
97600,0.387,0.300,0.313
97700,0.394,0.298,0.307
97800,0.399,0.299,0.301
97900,0.399,0.303,0.297
98000,0.413,0.303,0.284
98100,0.402,0.306,0.291
98200,0.414,0.292,0.294
98300,0.434,0.279,0.287
98400,0.428,0.270,0.302
98500,0.439,0.266,0.295
98600,0.437,0.267,0.296
98700,0.423,0.291,0.286
98800,0.420,0.295,0.285
98900,0.428,0.291,0.281
99000,0.424,0.306,0.270
99100,0.421,0.291,0.288
99200,0.427,0.286,0.287
99300,0.432,0.287,0.281
99400,0.427,0.284,0.289
99500,0.424,0.306,0.270
99600,0.423,0.314,0.264
99700,0.426,0.303,0.271
99800,0.432,0.299,0.269
99900,0.427,0.305,0.268
100000,0.423,0.319,0.258
