time,n_A+p,n_B,n_AB
100,0.030,0.966,0.004
200,0.030,0.964,0.006
300,0.030,0.962,0.008
400,0.030,0.956,0.014
500,0.031,0.946,0.023
600,0.031,0.944,0.026
700,0.032,0.944,0.025
800,0.031,0.938,0.032
900,0.032,0.937,0.032
1000,0.031,0.942,0.028
1100,0.031,0.928,0.041
1200,0.033,0.925,0.042
1300,0.033,0.927,0.040
1400,0.032,0.930,0.039
1500,0.032,0.928,0.040
1600,0.032,0.924,0.044
1700,0.032,0.920,0.048
1800,0.031,0.919,0.050
1900,0.031,0.917,0.052
2000,0.031,0.911,0.058
2100,0.031,0.908,0.061
2200,0.034,0.906,0.060
2300,0.035,0.903,0.062
2400,0.035,0.862,0.103
2500,0.037,0.858,0.105
2600,0.035,0.849,0.116
2700,0.036,0.841,0.124
2800,0.044,0.830,0.126
2900,0.062,0.812,0.126
3000,0.061,0.811,0.128
3100,0.064,0.797,0.139
3200,0.062,0.781,0.156
3300,0.058,0.761,0.181
3400,0.054,0.753,0.193
3500,0.059,0.758,0.183
3600,0.063,0.737,0.199
3700,0.061,0.727,0.211
3800,0.061,0.722,0.217
3900,0.061,0.719,0.220
4000,0.065,0.718,0.217
4100,0.067,0.707,0.226
4200,0.068,0.707,0.225
4300,0.079,0.709,0.212
4400,0.068,0.705,0.227
4500,0.067,0.703,0.230
4600,0.075,0.719,0.206
4700,0.075,0.702,0.224
4800,0.083,0.691,0.227
4900,0.090,0.698,0.212
5000,0.073,0.688,0.239
5100,0.075,0.676,0.249
5200,0.074,0.660,0.267
5300,0.075,0.662,0.264
5400,0.089,0.656,0.255
5500,0.078,0.661,0.261
5600,0.077,0.662,0.261
5700,0.072,0.664,0.265
5800,0.089,0.655,0.256
5900,0.109,0.644,0.247
6000,0.107,0.638,0.254
6100,0.104,0.628,0.268
6200,0.111,0.610,0.279
6300,0.098,0.611,0.291
6400,0.108,0.591,0.300
6500,0.109,0.589,0.301
6600,0.113,0.581,0.305
6700,0.110,0.584,0.305
6800,0.110,0.583,0.306
6900,0.120,0.574,0.306
7000,0.108,0.577,0.315
7100,0.133,0.566,0.301
7200,0.125,0.560,0.316
7300,0.122,0.550,0.329
7400,0.121,0.560,0.320
7500,0.125,0.562,0.314
7600,0.125,0.555,0.321
7700,0.125,0.546,0.329
7800,0.141,0.545,0.314
7900,0.137,0.547,0.316
8000,0.127,0.545,0.328
8100,0.125,0.542,0.333
8200,0.125,0.534,0.341
8300,0.130,0.528,0.342
8400,0.122,0.535,0.343
8500,0.129,0.527,0.344
8600,0.139,0.518,0.343
8700,0.141,0.513,0.346
8800,0.142,0.511,0.347
8900,0.146,0.506,0.348
9000,0.146,0.508,0.346
9100,0.152,0.495,0.352
9200,0.153,0.486,0.361
9300,0.160,0.488,0.351
9400,0.154,0.494,0.351
9500,0.153,0.494,0.352
9600,0.160,0.485,0.354
9700,0.171,0.484,0.345
9800,0.162,0.481,0.356
9900,0.156,0.481,0.363
10000,0.152,0.484,0.364
10100,0.144,0.498,0.358
10200,0.141,0.498,0.361
10300,0.144,0.510,0.346
10400,0.162,0.508,0.330
10500,0.178,0.484,0.338
10600,0.175,0.472,0.353
10700,0.172,0.470,0.359
10800,0.176,0.467,0.358
10900,0.153,0.483,0.364
11000,0.151,0.478,0.371
11100,0.156,0.502,0.342
11200,0.152,0.484,0.364
11300,0.154,0.489,0.356
11400,0.152,0.492,0.355
11500,0.154,0.483,0.363
11600,0.157,0.468,0.375
11700,0.150,0.473,0.377
11800,0.143,0.496,0.361
11900,0.135,0.505,0.361
12000,0.147,0.493,0.360
12100,0.151,0.498,0.350
12200,0.143,0.516,0.341
12300,0.141,0.504,0.355
12400,0.149,0.493,0.358
12500,0.147,0.488,0.365
12600,0.152,0.487,0.361
12700,0.149,0.487,0.364
12800,0.145,0.485,0.370
12900,0.158,0.477,0.365
13000,0.162,0.463,0.375
13100,0.172,0.459,0.370
13200,0.170,0.454,0.377
13300,0.173,0.441,0.386
13400,0.188,0.431,0.381
13500,0.180,0.438,0.382
13600,0.170,0.439,0.391
13700,0.169,0.431,0.400
13800,0.174,0.427,0.399
13900,0.177,0.411,0.413
14000,0.187,0.403,0.410
14100,0.189,0.412,0.399
14200,0.194,0.407,0.399
14300,0.205,0.413,0.382
14400,0.219,0.416,0.366
14500,0.219,0.409,0.373
14600,0.225,0.406,0.370
14700,0.235,0.388,0.377
14800,0.218,0.388,0.394
14900,0.217,0.408,0.376
15000,0.213,0.411,0.376
15100,0.193,0.415,0.392
15200,0.190,0.407,0.403
15300,0.189,0.409,0.402
15400,0.190,0.447,0.363
15500,0.189,0.447,0.364
15600,0.191,0.434,0.375
15700,0.183,0.422,0.395
15800,0.178,0.426,0.396
15900,0.179,0.424,0.397
16000,0.184,0.420,0.396
16100,0.181,0.421,0.398
16200,0.166,0.421,0.413
16300,0.164,0.421,0.415
16400,0.155,0.418,0.427
16500,0.150,0.410,0.440
16600,0.154,0.408,0.438
16700,0.147,0.396,0.457
16800,0.154,0.417,0.429
16900,0.164,0.414,0.422
17000,0.157,0.406,0.437
17100,0.154,0.416,0.430
17200,0.149,0.414,0.437
17300,0.156,0.406,0.438
17400,0.163,0.418,0.419
17500,0.173,0.407,0.421
17600,0.195,0.398,0.407
17700,0.200,0.393,0.407
17800,0.200,0.385,0.415
17900,0.202,0.382,0.416
18000,0.207,0.392,0.400
18100,0.196,0.400,0.403
18200,0.188,0.402,0.410
18300,0.182,0.400,0.418
18400,0.185,0.410,0.406
18500,0.184,0.398,0.418
18600,0.181,0.386,0.433
18700,0.210,0.383,0.407
18800,0.201,0.390,0.409
18900,0.199,0.391,0.410
19000,0.189,0.393,0.418
19100,0.187,0.390,0.423
19200,0.200,0.376,0.424
19300,0.198,0.368,0.434
19400,0.217,0.359,0.425
19500,0.220,0.364,0.417
19600,0.228,0.358,0.415
19700,0.241,0.353,0.406
19800,0.230,0.350,0.420
19900,0.236,0.351,0.413
20000,0.247,0.346,0.407
20100,0.245,0.347,0.408
20200,0.237,0.362,0.401
20300,0.235,0.371,0.394
20400,0.230,0.370,0.400
20500,0.221,0.367,0.413
20600,0.224,0.364,0.413
20700,0.213,0.371,0.416
20800,0.213,0.363,0.424
20900,0.215,0.372,0.414
21000,0.211,0.366,0.423
21100,0.200,0.374,0.426
21200,0.201,0.371,0.428
21300,0.197,0.361,0.442
21400,0.201,0.355,0.443
21500,0.206,0.353,0.440
21600,0.200,0.366,0.434
21700,0.202,0.359,0.439
21800,0.210,0.358,0.432
21900,0.207,0.358,0.435
22000,0.207,0.359,0.434
22100,0.198,0.353,0.448
22200,0.213,0.354,0.432
22300,0.211,0.367,0.422
22400,0.207,0.384,0.409
22500,0.220,0.385,0.395
22600,0.221,0.380,0.399
22700,0.221,0.376,0.403
22800,0.206,0.369,0.425
22900,0.201,0.375,0.424
23000,0.205,0.370,0.425
23100,0.200,0.374,0.426
23200,0.200,0.376,0.424
23300,0.189,0.375,0.436
23400,0.196,0.377,0.427
23500,0.193,0.375,0.432
23600,0.200,0.363,0.437
23700,0.199,0.358,0.443
23800,0.189,0.356,0.455
23900,0.190,0.345,0.465
24000,0.194,0.352,0.454
24100,0.208,0.344,0.447
24200,0.224,0.337,0.439
24300,0.213,0.349,0.437
24400,0.215,0.355,0.430
24500,0.213,0.354,0.432
24600,0.222,0.350,0.428
24700,0.223,0.342,0.435
24800,0.227,0.344,0.429
24900,0.247,0.341,0.412
25000,0.252,0.335,0.413
25100,0.233,0.338,0.429
25200,0.226,0.350,0.424
25300,0.223,0.360,0.418
25400,0.215,0.370,0.416
25500,0.207,0.375,0.418
25600,0.209,0.366,0.425
25700,0.210,0.353,0.436
25800,0.205,0.353,0.441
25900,0.198,0.352,0.449
26000,0.204,0.348,0.447
26100,0.200,0.344,0.456
26200,0.207,0.358,0.435
26300,0.203,0.349,0.447
26400,0.206,0.364,0.430
26500,0.203,0.361,0.436
26600,0.207,0.360,0.433
26700,0.202,0.353,0.444
26800,0.197,0.352,0.450
26900,0.207,0.361,0.432
27000,0.226,0.345,0.429
27100,0.226,0.340,0.434
27200,0.227,0.354,0.419
27300,0.225,0.341,0.434
27400,0.218,0.343,0.439
27500,0.230,0.347,0.423
27600,0.233,0.341,0.426
27700,0.225,0.331,0.444
27800,0.215,0.335,0.450
27900,0.213,0.345,0.441
28000,0.236,0.342,0.422
28100,0.233,0.340,0.427
28200,0.236,0.331,0.433
28300,0.239,0.334,0.427
28400,0.229,0.329,0.442
28500,0.224,0.320,0.457
28600,0.232,0.308,0.460
28700,0.224,0.316,0.461
28800,0.228,0.329,0.443
28900,0.228,0.323,0.449
29000,0.222,0.316,0.463
29100,0.222,0.325,0.454
29200,0.218,0.322,0.461
29300,0.222,0.332,0.446
29400,0.205,0.346,0.448
29500,0.197,0.333,0.470
29600,0.196,0.348,0.456
29700,0.192,0.341,0.467
29800,0.196,0.336,0.468
29900,0.201,0.340,0.459
30000,0.212,0.337,0.450
30100,0.223,0.340,0.437
30200,0.213,0.348,0.438
30300,0.225,0.344,0.431
30400,0.202,0.348,0.449
30500,0.198,0.347,0.455
30600,0.197,0.351,0.451
30700,0.187,0.356,0.457
30800,0.186,0.342,0.472
30900,0.192,0.342,0.466
31000,0.181,0.337,0.482
31100,0.186,0.336,0.478
31200,0.192,0.344,0.464
31300,0.190,0.352,0.458
31400,0.191,0.352,0.457
31500,0.188,0.362,0.450
31600,0.219,0.352,0.429
31700,0.216,0.355,0.429
31800,0.218,0.356,0.426
31900,0.219,0.349,0.432
32000,0.213,0.347,0.439
32100,0.213,0.347,0.439
32200,0.211,0.346,0.442
32300,0.199,0.339,0.462
32400,0.202,0.349,0.448
32500,0.198,0.341,0.461
32600,0.197,0.339,0.464
32700,0.201,0.350,0.448
32800,0.223,0.351,0.426
32900,0.222,0.372,0.407
33000,0.221,0.377,0.402
33100,0.218,0.377,0.406
33200,0.206,0.379,0.415
33300,0.211,0.383,0.406
33400,0.228,0.375,0.397
33500,0.219,0.390,0.391
33600,0.225,0.393,0.382
33700,0.234,0.389,0.377
33800,0.243,0.391,0.366
33900,0.219,0.396,0.385
34000,0.211,0.400,0.388
34100,0.218,0.400,0.382
34200,0.217,0.395,0.388
34300,0.215,0.397,0.388
34400,0.217,0.396,0.387
34500,0.216,0.385,0.399
34600,0.216,0.374,0.411
34700,0.223,0.358,0.420
34800,0.218,0.378,0.404
34900,0.218,0.369,0.414
35000,0.217,0.365,0.419
35100,0.205,0.369,0.426
35200,0.215,0.361,0.425
35300,0.216,0.349,0.435
35400,0.223,0.342,0.435
35500,0.243,0.335,0.422
35600,0.241,0.340,0.419
35700,0.240,0.345,0.415
35800,0.240,0.344,0.416
35900,0.235,0.333,0.432
36000,0.249,0.322,0.429
36100,0.241,0.327,0.432
36200,0.240,0.332,0.428
36300,0.261,0.325,0.414
36400,0.265,0.325,0.411
36500,0.266,0.332,0.402
36600,0.274,0.325,0.401
36700,0.278,0.320,0.402
36800,0.272,0.332,0.396
36900,0.260,0.333,0.407
37000,0.277,0.331,0.392
37100,0.282,0.331,0.387
37200,0.278,0.329,0.393
37300,0.261,0.324,0.415
37400,0.267,0.309,0.424
37500,0.266,0.305,0.429
37600,0.268,0.304,0.428
37700,0.259,0.313,0.428
37800,0.250,0.311,0.439
37900,0.260,0.311,0.429
38000,0.259,0.317,0.424
38100,0.259,0.324,0.417
38200,0.254,0.313,0.433
38300,0.256,0.313,0.431
38400,0.263,0.309,0.428
38500,0.263,0.306,0.431
38600,0.257,0.299,0.443
38700,0.252,0.297,0.450
38800,0.246,0.296,0.458
38900,0.258,0.289,0.453
39000,0.260,0.281,0.459
39100,0.270,0.280,0.450
39200,0.278,0.278,0.444
39300,0.274,0.272,0.455
39400,0.270,0.279,0.451
39500,0.269,0.280,0.451
39600,0.265,0.281,0.455
39700,0.261,0.276,0.463
39800,0.257,0.284,0.459
39900,0.253,0.291,0.456
40000,0.243,0.299,0.458
40100,0.249,0.296,0.455
40200,0.250,0.292,0.458
40300,0.255,0.292,0.453
40400,0.240,0.288,0.472
40500,0.245,0.296,0.459
40600,0.239,0.300,0.461
40700,0.245,0.302,0.453
40800,0.242,0.302,0.456
40900,0.245,0.303,0.451
41000,0.250,0.296,0.454
41100,0.251,0.299,0.449
41200,0.247,0.295,0.458
41300,0.253,0.293,0.454
41400,0.251,0.292,0.457
41500,0.244,0.294,0.462
41600,0.240,0.302,0.458
41700,0.249,0.294,0.457
41800,0.249,0.298,0.453
41900,0.237,0.298,0.465
42000,0.247,0.297,0.456
42100,0.247,0.308,0.444
42200,0.245,0.305,0.449
42300,0.240,0.305,0.455
42400,0.245,0.306,0.448
42500,0.252,0.301,0.446
42600,0.252,0.298,0.449
42700,0.242,0.304,0.454
42800,0.247,0.301,0.451
42900,0.253,0.304,0.442
43000,0.264,0.300,0.436
43100,0.254,0.295,0.450
43200,0.256,0.304,0.439
43300,0.255,0.303,0.441
43400,0.245,0.294,0.461
43500,0.246,0.298,0.456
43600,0.267,0.288,0.445
43700,0.260,0.295,0.444
43800,0.272,0.298,0.430
43900,0.268,0.297,0.435
44000,0.265,0.300,0.435
44100,0.253,0.299,0.447
44200,0.254,0.298,0.447
44300,0.239,0.311,0.450
44400,0.234,0.313,0.454
44500,0.229,0.320,0.451
44600,0.227,0.323,0.450
44700,0.242,0.322,0.436
44800,0.241,0.321,0.438
44900,0.230,0.324,0.446
45000,0.220,0.326,0.455
45100,0.221,0.333,0.446
45200,0.225,0.330,0.445
45300,0.223,0.333,0.444
45400,0.225,0.337,0.438
45500,0.218,0.341,0.441
45600,0.221,0.342,0.437
45700,0.215,0.344,0.441
45800,0.217,0.343,0.440
45900,0.211,0.327,0.462
46000,0.220,0.335,0.445
46100,0.215,0.352,0.433
46200,0.217,0.342,0.441
46300,0.213,0.360,0.427
46400,0.221,0.349,0.430
46500,0.210,0.350,0.439
46600,0.206,0.343,0.450
46700,0.206,0.350,0.443
46800,0.226,0.347,0.427
46900,0.230,0.329,0.441
47000,0.228,0.336,0.436
47100,0.231,0.335,0.434
47200,0.211,0.336,0.453
47300,0.206,0.334,0.460
47400,0.190,0.341,0.469
47500,0.193,0.340,0.467
47600,0.202,0.330,0.468
47700,0.209,0.335,0.456
47800,0.202,0.351,0.446
47900,0.202,0.343,0.455
48000,0.200,0.344,0.456
48100,0.219,0.335,0.446
48200,0.223,0.333,0.444
48300,0.222,0.332,0.446
48400,0.219,0.327,0.455
48500,0.213,0.327,0.460
48600,0.213,0.320,0.467
48700,0.215,0.323,0.463
48800,0.223,0.316,0.462
48900,0.232,0.308,0.460
49000,0.234,0.297,0.469
49100,0.241,0.306,0.453
49200,0.232,0.296,0.472
49300,0.235,0.286,0.479
49400,0.233,0.291,0.476
49500,0.231,0.298,0.471
49600,0.227,0.306,0.467
49700,0.227,0.306,0.467
49800,0.227,0.309,0.464
49900,0.230,0.304,0.466
50000,0.231,0.307,0.462
50100,0.221,0.311,0.469
50200,0.222,0.312,0.467
50300,0.253,0.302,0.444
50400,0.244,0.305,0.450
50500,0.229,0.317,0.455
50600,0.242,0.316,0.442
50700,0.238,0.321,0.441
50800,0.233,0.331,0.436
50900,0.222,0.351,0.427
51000,0.223,0.347,0.430
51100,0.231,0.342,0.427
51200,0.227,0.339,0.434
51300,0.224,0.337,0.439
51400,0.231,0.333,0.436
51500,0.239,0.336,0.425
51600,0.227,0.332,0.441
51700,0.224,0.330,0.446
51800,0.209,0.327,0.464
51900,0.220,0.317,0.464
52000,0.218,0.331,0.451
52100,0.226,0.333,0.441
52200,0.216,0.336,0.448
52300,0.217,0.325,0.459
52400,0.221,0.333,0.446
52500,0.229,0.322,0.449
52600,0.221,0.322,0.458
52700,0.225,0.333,0.442
52800,0.212,0.344,0.443
52900,0.210,0.343,0.446
53000,0.213,0.337,0.449
53100,0.222,0.339,0.439
53200,0.230,0.332,0.438
53300,0.242,0.326,0.432
53400,0.240,0.321,0.439
53500,0.237,0.315,0.448
53600,0.249,0.314,0.437
53700,0.240,0.304,0.456
53800,0.255,0.303,0.441
53900,0.261,0.298,0.440
54000,0.258,0.306,0.435
54100,0.257,0.298,0.444
54200,0.252,0.295,0.453
54300,0.257,0.285,0.458
54400,0.250,0.301,0.448
54500,0.241,0.295,0.464
54600,0.241,0.293,0.466
54700,0.234,0.294,0.472
54800,0.252,0.280,0.468
54900,0.251,0.271,0.478
55000,0.254,0.270,0.476
55100,0.266,0.258,0.476
55200,0.272,0.251,0.477
55300,0.271,0.257,0.472
55400,0.260,0.261,0.478
55500,0.274,0.268,0.459
55600,0.280,0.267,0.454
55700,0.285,0.263,0.453
55800,0.280,0.271,0.449
55900,0.290,0.266,0.444
56000,0.295,0.263,0.442
56100,0.297,0.263,0.440
56200,0.286,0.266,0.448
56300,0.295,0.257,0.447
56400,0.298,0.261,0.440
56500,0.282,0.269,0.449
56600,0.276,0.267,0.458
56700,0.258,0.274,0.468
56800,0.264,0.266,0.471
56900,0.260,0.267,0.473
57000,0.258,0.272,0.470
57100,0.251,0.274,0.475
57200,0.269,0.275,0.457
57300,0.276,0.275,0.449
57400,0.279,0.269,0.453
57500,0.287,0.268,0.445
57600,0.290,0.255,0.455
57700,0.292,0.258,0.449
57800,0.290,0.258,0.451
57900,0.287,0.271,0.442
58000,0.286,0.272,0.442
58100,0.292,0.270,0.438
58200,0.282,0.270,0.448
58300,0.291,0.261,0.447
58400,0.295,0.255,0.449
58500,0.293,0.251,0.456
58600,0.292,0.254,0.454
58700,0.293,0.255,0.451
58800,0.288,0.257,0.455
58900,0.297,0.259,0.443
59000,0.311,0.254,0.435
59100,0.294,0.256,0.449
59200,0.289,0.254,0.457
59300,0.289,0.249,0.462
59400,0.293,0.253,0.454
59500,0.309,0.257,0.433
59600,0.296,0.269,0.435
59700,0.309,0.257,0.433
59800,0.297,0.261,0.441
59900,0.273,0.269,0.459
60000,0.261,0.276,0.463
60100,0.258,0.282,0.460
60200,0.247,0.286,0.467
60300,0.253,0.291,0.456
60400,0.249,0.293,0.458
60500,0.261,0.269,0.470
60600,0.266,0.271,0.464
60700,0.266,0.274,0.461
60800,0.278,0.260,0.462
60900,0.288,0.258,0.454
61000,0.283,0.266,0.451
61100,0.292,0.260,0.447
61200,0.294,0.256,0.449
61300,0.288,0.258,0.454
61400,0.288,0.257,0.455
61500,0.286,0.251,0.463
61600,0.292,0.261,0.446
61700,0.280,0.265,0.456
61800,0.288,0.255,0.457
61900,0.287,0.250,0.463
62000,0.298,0.245,0.457
62100,0.313,0.247,0.440
62200,0.295,0.247,0.458
62300,0.308,0.256,0.435
62400,0.296,0.257,0.446
62500,0.285,0.257,0.458
62600,0.287,0.252,0.461
62700,0.282,0.260,0.458
62800,0.280,0.249,0.471
62900,0.280,0.258,0.462
63000,0.263,0.260,0.477
63100,0.253,0.252,0.494
63200,0.268,0.253,0.479
63300,0.261,0.255,0.483
63400,0.260,0.261,0.478
63500,0.263,0.278,0.460
63600,0.263,0.285,0.453
63700,0.253,0.286,0.461
63800,0.258,0.287,0.455
63900,0.255,0.296,0.448
64000,0.244,0.308,0.447
64100,0.257,0.295,0.447
64200,0.270,0.288,0.442
64300,0.271,0.285,0.444
64400,0.274,0.281,0.445
64500,0.287,0.280,0.433
64600,0.294,0.274,0.432
64700,0.291,0.278,0.431
64800,0.281,0.286,0.433
64900,0.281,0.295,0.424
65000,0.278,0.292,0.430
65100,0.274,0.284,0.442
65200,0.269,0.301,0.430
65300,0.264,0.304,0.432
65400,0.253,0.297,0.449
65500,0.256,0.291,0.453
65600,0.265,0.285,0.450
65700,0.266,0.285,0.449
65800,0.277,0.280,0.443
65900,0.267,0.282,0.451
66000,0.260,0.285,0.455
66100,0.268,0.284,0.448
66200,0.270,0.287,0.443
66300,0.272,0.282,0.446
66400,0.261,0.290,0.448
66500,0.269,0.294,0.437
66600,0.286,0.287,0.427
66700,0.307,0.273,0.420
66800,0.301,0.269,0.430
66900,0.295,0.272,0.433
67000,0.302,0.258,0.439
67100,0.302,0.257,0.440
67200,0.293,0.261,0.445
67300,0.291,0.275,0.434
67400,0.287,0.266,0.447
67500,0.287,0.265,0.448
67600,0.301,0.260,0.438
67700,0.302,0.264,0.434
67800,0.304,0.265,0.431
67900,0.314,0.257,0.429
68000,0.321,0.256,0.423
68100,0.309,0.252,0.438
68200,0.324,0.247,0.429
68300,0.304,0.246,0.449
68400,0.307,0.242,0.450
68500,0.318,0.238,0.444
68600,0.318,0.253,0.429
68700,0.303,0.246,0.450
68800,0.303,0.240,0.457
68900,0.297,0.256,0.446
69000,0.298,0.250,0.451
69100,0.298,0.250,0.451
69200,0.291,0.261,0.447
69300,0.305,0.247,0.447
69400,0.305,0.251,0.443
69500,0.308,0.247,0.444
69600,0.324,0.243,0.433
69700,0.318,0.240,0.442
69800,0.317,0.235,0.448
69900,0.326,0.235,0.439
70000,0.330,0.230,0.440
70100,0.329,0.230,0.441
70200,0.315,0.246,0.439
70300,0.325,0.238,0.437
70400,0.322,0.235,0.443
70500,0.316,0.236,0.448
70600,0.314,0.231,0.456
70700,0.314,0.233,0.454
70800,0.305,0.248,0.446
70900,0.308,0.241,0.450
71000,0.296,0.265,0.439
71100,0.296,0.266,0.438
71200,0.304,0.259,0.436
71300,0.305,0.253,0.441
71400,0.302,0.266,0.432
71500,0.291,0.274,0.435
71600,0.283,0.277,0.440
71700,0.267,0.273,0.461
71800,0.271,0.264,0.466
71900,0.266,0.269,0.466
72000,0.255,0.271,0.474
72100,0.254,0.271,0.475
72200,0.255,0.289,0.456
72300,0.259,0.281,0.460
72400,0.270,0.290,0.440
72500,0.258,0.289,0.453
72600,0.256,0.294,0.449
72700,0.255,0.297,0.447
72800,0.256,0.290,0.454
72900,0.244,0.304,0.451
73000,0.248,0.292,0.460
73100,0.250,0.282,0.468
73200,0.240,0.278,0.482
73300,0.238,0.275,0.487
73400,0.224,0.306,0.470
73500,0.222,0.297,0.481
73600,0.226,0.292,0.482
73700,0.240,0.284,0.476
73800,0.240,0.298,0.462
73900,0.234,0.307,0.459
74000,0.242,0.317,0.441
74100,0.234,0.318,0.448
74200,0.230,0.321,0.449
74300,0.225,0.314,0.462
74400,0.221,0.302,0.477
74500,0.222,0.321,0.458
74600,0.218,0.309,0.473
74700,0.219,0.305,0.476
74800,0.219,0.308,0.473
74900,0.217,0.304,0.479
75000,0.210,0.308,0.481
75100,0.223,0.312,0.466
75200,0.222,0.304,0.474
75300,0.217,0.297,0.486
75400,0.213,0.300,0.486
75500,0.208,0.296,0.495
75600,0.220,0.301,0.479
75700,0.222,0.306,0.472
75800,0.226,0.304,0.470
75900,0.227,0.295,0.478
76000,0.227,0.283,0.490
76100,0.223,0.297,0.480
76200,0.235,0.281,0.484
76300,0.252,0.277,0.471
76400,0.257,0.272,0.471
76500,0.254,0.267,0.479
76600,0.251,0.277,0.472
76700,0.236,0.275,0.489
76800,0.247,0.276,0.477
76900,0.245,0.300,0.455
77000,0.235,0.306,0.459
77100,0.235,0.301,0.464
77200,0.255,0.286,0.459
77300,0.261,0.274,0.465
77400,0.263,0.263,0.475
77500,0.267,0.271,0.463
77600,0.269,0.268,0.464
77700,0.276,0.267,0.458
77800,0.267,0.271,0.463
77900,0.266,0.273,0.462
78000,0.274,0.275,0.451
78100,0.268,0.282,0.450
78200,0.282,0.287,0.431
78300,0.288,0.287,0.425
78400,0.290,0.266,0.444
78500,0.297,0.265,0.438
78600,0.307,0.259,0.433
78700,0.304,0.265,0.431
78800,0.305,0.271,0.424
78900,0.305,0.274,0.421
79000,0.303,0.282,0.415
79100,0.294,0.277,0.429
79200,0.296,0.272,0.432
79300,0.284,0.271,0.445
79400,0.280,0.273,0.447
79500,0.270,0.265,0.466
79600,0.269,0.257,0.474
79700,0.269,0.268,0.464
79800,0.268,0.269,0.464
79900,0.265,0.258,0.477
80000,0.265,0.256,0.479
80100,0.264,0.257,0.479
80200,0.253,0.268,0.479
80300,0.253,0.258,0.488
80400,0.256,0.259,0.484
80500,0.252,0.261,0.486
80600,0.250,0.254,0.495
80700,0.240,0.279,0.481
80800,0.229,0.284,0.487
80900,0.239,0.274,0.487
81000,0.257,0.266,0.477
81100,0.257,0.258,0.484
81200,0.260,0.258,0.481
81300,0.257,0.260,0.482
81400,0.266,0.267,0.468
81500,0.259,0.257,0.483
81600,0.261,0.264,0.475
81700,0.250,0.277,0.473
81800,0.279,0.259,0.462
81900,0.271,0.261,0.468
82000,0.267,0.258,0.475
82100,0.254,0.261,0.484
82200,0.255,0.267,0.478
82300,0.244,0.261,0.494
82400,0.245,0.256,0.498
82500,0.251,0.268,0.481
82600,0.252,0.273,0.475
82700,0.248,0.271,0.481
82800,0.251,0.267,0.482
82900,0.263,0.282,0.456
83000,0.256,0.282,0.462
83100,0.251,0.282,0.467
83200,0.245,0.295,0.460
83300,0.243,0.293,0.464
83400,0.232,0.286,0.482
83500,0.233,0.280,0.487
83600,0.226,0.277,0.497
83700,0.219,0.282,0.499
83800,0.234,0.278,0.488
83900,0.238,0.283,0.479
84000,0.224,0.312,0.465
84100,0.217,0.304,0.479
84200,0.227,0.309,0.464
84300,0.229,0.301,0.470
84400,0.224,0.302,0.474
84500,0.227,0.302,0.471
84600,0.231,0.293,0.476
84700,0.229,0.299,0.472
84800,0.224,0.295,0.481
84900,0.225,0.295,0.480
85000,0.233,0.285,0.482
85100,0.229,0.290,0.481
85200,0.221,0.290,0.489
85300,0.219,0.290,0.491
85400,0.226,0.287,0.487
85500,0.230,0.284,0.486
85600,0.232,0.289,0.479
85700,0.226,0.284,0.490
85800,0.231,0.298,0.471
85900,0.235,0.291,0.474
86000,0.225,0.283,0.492
86100,0.225,0.283,0.492
86200,0.238,0.286,0.476
86300,0.260,0.285,0.455
86400,0.260,0.286,0.454
86500,0.258,0.282,0.460
86600,0.248,0.298,0.454
86700,0.251,0.288,0.461
86800,0.255,0.278,0.467
86900,0.253,0.275,0.472
87000,0.242,0.277,0.481
87100,0.230,0.275,0.495
87200,0.230,0.284,0.486
87300,0.236,0.268,0.496
87400,0.234,0.271,0.495
87500,0.234,0.279,0.487
87600,0.226,0.275,0.499
87700,0.230,0.274,0.496
87800,0.235,0.275,0.490
87900,0.237,0.279,0.484
88000,0.236,0.274,0.490
88100,0.234,0.265,0.502
88200,0.240,0.265,0.495
88300,0.237,0.260,0.503
88400,0.226,0.245,0.529
88500,0.217,0.253,0.530
88600,0.224,0.272,0.505
88700,0.233,0.273,0.494
88800,0.228,0.299,0.473
88900,0.223,0.288,0.489
89000,0.258,0.272,0.470
89100,0.267,0.256,0.477
89200,0.272,0.255,0.473
89300,0.274,0.251,0.475
89400,0.269,0.239,0.492
89500,0.293,0.227,0.480
89600,0.301,0.225,0.474
89700,0.294,0.225,0.481
89800,0.298,0.227,0.475
89900,0.298,0.237,0.465
90000,0.295,0.234,0.471
90100,0.286,0.234,0.480
90200,0.290,0.237,0.473
90300,0.285,0.231,0.484
90400,0.282,0.228,0.490
90500,0.265,0.247,0.488
90600,0.274,0.241,0.485
90700,0.279,0.234,0.487
90800,0.283,0.230,0.487
90900,0.267,0.227,0.507
91000,0.263,0.232,0.506
91100,0.261,0.233,0.506
91200,0.281,0.227,0.492
91300,0.301,0.225,0.474
91400,0.308,0.217,0.475
91500,0.299,0.223,0.478
91600,0.292,0.221,0.487
91700,0.287,0.233,0.480
91800,0.291,0.244,0.465
91900,0.288,0.244,0.468
92000,0.296,0.253,0.450
92100,0.296,0.249,0.455
92200,0.292,0.267,0.441
92300,0.298,0.260,0.441
92400,0.307,0.250,0.442
92500,0.306,0.246,0.447
92600,0.314,0.233,0.454
92700,0.313,0.240,0.447
92800,0.293,0.235,0.472
92900,0.290,0.236,0.474
93000,0.294,0.237,0.469
93100,0.283,0.249,0.468
93200,0.304,0.242,0.454
93300,0.308,0.246,0.445
93400,0.293,0.250,0.457
93500,0.292,0.241,0.467
93600,0.289,0.236,0.475
93700,0.291,0.231,0.478
93800,0.290,0.251,0.459
93900,0.288,0.252,0.460
94000,0.281,0.251,0.468
94100,0.280,0.258,0.462
94200,0.279,0.252,0.469
94300,0.275,0.253,0.472
94400,0.279,0.250,0.471
94500,0.277,0.251,0.472
94600,0.280,0.251,0.469
94700,0.277,0.264,0.460
94800,0.265,0.255,0.480
94900,0.260,0.248,0.491
95000,0.259,0.244,0.496
95100,0.275,0.239,0.486
95200,0.270,0.242,0.488
95300,0.266,0.254,0.480
95400,0.278,0.252,0.470
95500,0.282,0.242,0.476
95600,0.279,0.236,0.485
95700,0.277,0.238,0.485
95800,0.285,0.235,0.480
95900,0.291,0.230,0.479
96000,0.285,0.253,0.462
96100,0.285,0.258,0.457
96200,0.281,0.259,0.460
96300,0.276,0.253,0.471
96400,0.273,0.256,0.471
96500,0.273,0.257,0.470
96600,0.293,0.247,0.460
96700,0.295,0.241,0.464
96800,0.305,0.241,0.454
96900,0.303,0.255,0.441
97000,0.301,0.252,0.446
97100,0.293,0.245,0.462
97200,0.281,0.261,0.458
97300,0.289,0.261,0.449
97400,0.282,0.248,0.470
97500,0.290,0.244,0.466
97600,0.281,0.254,0.465
97700,0.277,0.245,0.478
97800,0.271,0.251,0.478
97900,0.279,0.247,0.474
98000,0.294,0.233,0.473
98100,0.289,0.227,0.484
98200,0.294,0.248,0.458
98300,0.296,0.246,0.458
98400,0.306,0.244,0.449
98500,0.319,0.239,0.442
98600,0.322,0.231,0.447
98700,0.317,0.228,0.456
98800,0.315,0.227,0.459
98900,0.319,0.227,0.455
99000,0.307,0.239,0.454
99100,0.304,0.247,0.448
99200,0.292,0.243,0.465
99300,0.283,0.241,0.476
99400,0.280,0.246,0.474
99500,0.275,0.246,0.479
99600,0.293,0.240,0.467
99700,0.295,0.238,0.467
99800,0.297,0.233,0.470
99900,0.305,0.235,0.460
100000,0.291,0.241,0.468
