time,n_A+p,n_B,n_AB
500,0.010,0.944,0.046
1000,0.010,0.804,0.185
1500,0.010,0.643,0.347
2000,0.010,0.492,0.498
2500,0.010,0.339,0.651
3000,0.010,0.295,0.695
3500,0.010,0.264,0.726
4000,0.010,0.245,0.744
4500,0.016,0.229,0.755
5000,0.012,0.211,0.776
5500,0.013,0.200,0.787
6000,0.012,0.242,0.746
6500,0.016,0.260,0.724
7000,0.010,0.261,0.730
7500,0.015,0.239,0.747
8000,0.015,0.271,0.714
8500,0.019,0.234,0.746
9000,0.011,0.284,0.705
9500,0.010,0.289,0.701
10000,0.010,0.357,0.633
10500,0.017,0.285,0.698
11000,0.015,0.262,0.723
11500,0.012,0.240,0.748
12000,0.015,0.198,0.788
12500,0.019,0.225,0.756
13000,0.028,0.191,0.781
13500,0.013,0.205,0.781
14000,0.023,0.200,0.777
14500,0.014,0.223,0.763
15000,0.011,0.220,0.769
15500,0.013,0.259,0.728
16000,0.013,0.261,0.726
16500,0.011,0.273,0.716
17000,0.018,0.265,0.717
17500,0.012,0.220,0.768
18000,0.018,0.224,0.758
18500,0.021,0.231,0.749
19000,0.018,0.230,0.753
19500,0.023,0.156,0.821
20000,0.018,0.170,0.812
20500,0.025,0.135,0.841
21000,0.018,0.197,0.785
21500,0.013,0.307,0.679
22000,0.010,0.270,0.720
22500,0.011,0.278,0.712
23000,0.024,0.229,0.748
23500,0.025,0.214,0.760
24000,0.034,0.188,0.778
24500,0.015,0.275,0.711
25000,0.015,0.218,0.766
25500,0.013,0.242,0.745
26000,0.015,0.271,0.714
26500,0.017,0.239,0.744
27000,0.011,0.340,0.649
27500,0.013,0.312,0.674
28000,0.011,0.303,0.686
28500,0.010,0.294,0.696
29000,0.010,0.325,0.665
29500,0.010,0.281,0.710
30000,0.022,0.172,0.805
30500,0.015,0.188,0.797
31000,0.022,0.191,0.786
31500,0.028,0.172,0.801
32000,0.026,0.211,0.763
32500,0.029,0.179,0.792
33000,0.028,0.174,0.798
33500,0.038,0.162,0.800
34000,0.019,0.226,0.755
34500,0.011,0.226,0.764
35000,0.018,0.215,0.766
35500,0.018,0.245,0.736
36000,0.017,0.191,0.792
36500,0.021,0.156,0.823
37000,0.017,0.234,0.750
37500,0.025,0.269,0.706
38000,0.018,0.279,0.704
38500,0.011,0.278,0.711
39000,0.017,0.229,0.754
39500,0.011,0.286,0.703
40000,0.010,0.281,0.710
40500,0.010,0.260,0.730
41000,0.010,0.284,0.706
41500,0.011,0.293,0.696
42000,0.011,0.240,0.749
42500,0.022,0.241,0.736
43000,0.015,0.295,0.690
43500,0.015,0.301,0.683
44000,0.011,0.256,0.734
44500,0.012,0.278,0.710
45000,0.010,0.242,0.748
45500,0.013,0.257,0.730
46000,0.016,0.265,0.719
46500,0.010,0.242,0.748
47000,0.010,0.272,0.718
47500,0.010,0.303,0.686
48000,0.013,0.255,0.732
48500,0.010,0.302,0.688
49000,0.010,0.262,0.728
49500,0.011,0.281,0.708
50000,0.010,0.285,0.705
50500,0.010,0.306,0.683
51000,0.011,0.231,0.758
51500,0.013,0.235,0.752
52000,0.018,0.233,0.749
52500,0.011,0.275,0.715
53000,0.010,0.331,0.659
53500,0.021,0.246,0.732
54000,0.013,0.267,0.720
54500,0.014,0.224,0.762
55000,0.018,0.208,0.774
55500,0.017,0.214,0.769
56000,0.028,0.180,0.792
56500,0.032,0.199,0.769
57000,0.019,0.243,0.738
57500,0.024,0.195,0.781
58000,0.013,0.222,0.765
58500,0.013,0.251,0.736
59000,0.016,0.159,0.826
59500,0.021,0.216,0.763
60000,0.018,0.215,0.767
60500,0.014,0.268,0.718
61000,0.010,0.285,0.705
61500,0.013,0.302,0.685
62000,0.011,0.310,0.678
62500,0.011,0.334,0.656
63000,0.010,0.288,0.702
63500,0.012,0.260,0.728
64000,0.015,0.201,0.784
64500,0.014,0.243,0.743
65000,0.012,0.260,0.728
65500,0.010,0.272,0.718
66000,0.010,0.300,0.690
66500,0.010,0.271,0.719
67000,0.015,0.196,0.788
67500,0.022,0.221,0.757
68000,0.024,0.197,0.780
68500,0.011,0.248,0.741
69000,0.011,0.264,0.726
69500,0.017,0.302,0.680
70000,0.011,0.307,0.681
70500,0.010,0.324,0.666
71000,0.010,0.349,0.641
71500,0.010,0.338,0.652
72000,0.010,0.256,0.734
72500,0.015,0.300,0.684
73000,0.011,0.333,0.656
73500,0.011,0.289,0.701
74000,0.019,0.235,0.746
74500,0.017,0.216,0.767
75000,0.019,0.218,0.762
75500,0.022,0.199,0.779
76000,0.013,0.243,0.744
76500,0.011,0.309,0.681
77000,0.010,0.234,0.756
77500,0.010,0.320,0.670
78000,0.010,0.322,0.668
78500,0.010,0.309,0.680
79000,0.018,0.247,0.734
79500,0.011,0.260,0.730
80000,0.010,0.302,0.688
80500,0.010,0.329,0.661
81000,0.015,0.284,0.701
81500,0.015,0.229,0.756
82000,0.017,0.218,0.764
82500,0.011,0.258,0.731
83000,0.013,0.273,0.714
83500,0.015,0.223,0.762
84000,0.010,0.238,0.752
84500,0.010,0.275,0.716
85000,0.013,0.264,0.724
85500,0.015,0.227,0.759
86000,0.018,0.251,0.731
86500,0.015,0.267,0.718
87000,0.013,0.258,0.730
87500,0.032,0.204,0.764
88000,0.028,0.190,0.782
88500,0.021,0.246,0.733
89000,0.029,0.242,0.729
89500,0.015,0.192,0.793
90000,0.016,0.232,0.752
90500,0.024,0.195,0.782
91000,0.024,0.195,0.781
91500,0.021,0.234,0.744
92000,0.028,0.202,0.770
92500,0.033,0.180,0.787
93000,0.038,0.145,0.816
93500,0.017,0.212,0.772
94000,0.017,0.267,0.716
94500,0.012,0.326,0.662
95000,0.010,0.311,0.678
95500,0.012,0.305,0.682
96000,0.011,0.275,0.715
96500,0.011,0.237,0.752
97000,0.020,0.240,0.740
97500,0.015,0.252,0.734
98000,0.024,0.208,0.767
98500,0.011,0.202,0.787
99000,0.013,0.213,0.775
99500,0.018,0.237,0.744
100000,0.018,0.233,0.749
100500,0.011,0.236,0.753
101000,0.010,0.270,0.720
101500,0.013,0.255,0.733
102000,0.011,0.288,0.701
102500,0.017,0.202,0.782
103000,0.021,0.216,0.763
103500,0.015,0.216,0.769
104000,0.013,0.207,0.779
104500,0.030,0.149,0.821
105000,0.055,0.131,0.815
105500,0.022,0.180,0.798
106000,0.017,0.190,0.794
106500,0.015,0.241,0.745
107000,0.011,0.191,0.799
107500,0.013,0.196,0.791
108000,0.017,0.234,0.749
108500,0.011,0.267,0.723
109000,0.011,0.262,0.728
109500,0.011,0.274,0.715
110000,0.010,0.322,0.668
110500,0.011,0.223,0.766
111000,0.010,0.254,0.736
111500,0.011,0.225,0.764
112000,0.021,0.227,0.752
112500,0.013,0.266,0.721
113000,0.013,0.280,0.708
113500,0.011,0.246,0.743
114000,0.018,0.236,0.746
114500,0.015,0.306,0.679
115000,0.017,0.285,0.698
115500,0.019,0.243,0.738
116000,0.018,0.211,0.770
116500,0.012,0.263,0.726
117000,0.013,0.232,0.755
117500,0.012,0.261,0.728
118000,0.010,0.270,0.720
118500,0.015,0.236,0.749
119000,0.016,0.217,0.767
119500,0.016,0.172,0.812
120000,0.018,0.197,0.785
120500,0.018,0.203,0.780
121000,0.015,0.238,0.746
121500,0.011,0.205,0.784
122000,0.010,0.260,0.730
122500,0.010,0.274,0.716
123000,0.017,0.259,0.724
123500,0.011,0.286,0.704
124000,0.026,0.263,0.711
124500,0.013,0.301,0.687
125000,0.015,0.280,0.706
125500,0.013,0.290,0.696
126000,0.011,0.283,0.706
126500,0.014,0.243,0.742
127000,0.017,0.202,0.781
127500,0.011,0.225,0.765
128000,0.015,0.195,0.790
128500,0.013,0.228,0.759
129000,0.018,0.227,0.755
129500,0.013,0.223,0.764
130000,0.012,0.233,0.755
130500,0.018,0.194,0.788
131000,0.021,0.156,0.823
131500,0.018,0.186,0.796
132000,0.013,0.245,0.742
132500,0.011,0.284,0.705
133000,0.012,0.288,0.700
133500,0.010,0.224,0.766
134000,0.010,0.260,0.730
134500,0.018,0.234,0.748
135000,0.030,0.205,0.764
135500,0.015,0.261,0.724
136000,0.018,0.295,0.688
136500,0.011,0.268,0.722
137000,0.010,0.252,0.738
137500,0.011,0.266,0.724
138000,0.011,0.281,0.708
138500,0.010,0.336,0.654
139000,0.015,0.218,0.766
139500,0.013,0.254,0.733
140000,0.011,0.247,0.743
140500,0.010,0.266,0.724
141000,0.018,0.198,0.785
141500,0.015,0.254,0.732
142000,0.010,0.317,0.673
142500,0.011,0.282,0.707
143000,0.014,0.298,0.688
143500,0.011,0.300,0.689
144000,0.010,0.336,0.654
144500,0.010,0.314,0.676
145000,0.010,0.270,0.720
145500,0.013,0.284,0.702
146000,0.010,0.266,0.724
146500,0.010,0.289,0.701
147000,0.010,0.288,0.702
147500,0.010,0.272,0.718
148000,0.013,0.298,0.689
148500,0.018,0.270,0.712
149000,0.018,0.260,0.722
149500,0.011,0.292,0.697
150000,0.019,0.183,0.798
150500,0.021,0.230,0.750
151000,0.017,0.206,0.778
151500,0.013,0.239,0.748
152000,0.011,0.317,0.673
152500,0.010,0.272,0.718
153000,0.012,0.203,0.784
153500,0.021,0.227,0.752
154000,0.012,0.214,0.774
154500,0.019,0.264,0.717
155000,0.013,0.225,0.762
155500,0.027,0.172,0.801
156000,0.021,0.280,0.699
156500,0.017,0.251,0.732
157000,0.011,0.270,0.720
157500,0.011,0.218,0.770
158000,0.019,0.195,0.786
158500,0.019,0.183,0.797
159000,0.026,0.156,0.818
159500,0.014,0.264,0.722
160000,0.011,0.288,0.701
160500,0.010,0.240,0.750
161000,0.011,0.314,0.675
161500,0.015,0.287,0.698
162000,0.014,0.260,0.726
162500,0.014,0.260,0.726
163000,0.013,0.241,0.746
163500,0.015,0.235,0.750
164000,0.010,0.305,0.684
164500,0.010,0.338,0.652
165000,0.010,0.266,0.724
165500,0.010,0.238,0.752
166000,0.010,0.239,0.751
166500,0.010,0.294,0.696
167000,0.010,0.316,0.674
167500,0.010,0.296,0.694
168000,0.013,0.298,0.689
168500,0.013,0.326,0.661
169000,0.010,0.325,0.665
169500,0.010,0.277,0.714
170000,0.010,0.241,0.748
170500,0.014,0.266,0.720
171000,0.011,0.288,0.701
171500,0.010,0.247,0.742
172000,0.015,0.247,0.738
172500,0.010,0.297,0.693
173000,0.013,0.270,0.718
173500,0.017,0.232,0.752
174000,0.011,0.269,0.720
174500,0.017,0.295,0.688
175000,0.015,0.282,0.703
175500,0.015,0.283,0.701
176000,0.018,0.213,0.769
176500,0.011,0.220,0.769
177000,0.023,0.205,0.771
177500,0.018,0.201,0.780
178000,0.032,0.150,0.818
178500,0.037,0.127,0.836
179000,0.022,0.245,0.732
179500,0.014,0.284,0.702
180000,0.018,0.271,0.711
180500,0.013,0.253,0.735
181000,0.011,0.243,0.745
181500,0.011,0.283,0.706
182000,0.014,0.258,0.728
182500,0.011,0.329,0.661
183000,0.010,0.282,0.708
183500,0.013,0.337,0.650
184000,0.010,0.299,0.691
184500,0.011,0.268,0.721
185000,0.010,0.263,0.728
185500,0.015,0.245,0.740
186000,0.015,0.277,0.708
186500,0.013,0.253,0.734
187000,0.017,0.266,0.718
187500,0.011,0.244,0.744
188000,0.015,0.232,0.753
188500,0.013,0.223,0.765
189000,0.015,0.278,0.707
189500,0.011,0.303,0.687
190000,0.010,0.256,0.734
190500,0.010,0.248,0.742
191000,0.022,0.211,0.767
191500,0.025,0.207,0.768
192000,0.013,0.223,0.764
192500,0.017,0.209,0.773
193000,0.013,0.201,0.786
193500,0.012,0.224,0.764
194000,0.020,0.201,0.779
194500,0.011,0.240,0.749
195000,0.015,0.218,0.768
195500,0.017,0.256,0.728
196000,0.022,0.214,0.763
196500,0.017,0.227,0.756
197000,0.011,0.246,0.743
197500,0.014,0.225,0.761
198000,0.037,0.207,0.756
198500,0.021,0.205,0.774
199000,0.013,0.247,0.740
199500,0.010,0.294,0.696
200000,0.010,0.241,0.749
200500,0.010,0.248,0.742
201000,0.011,0.275,0.715
201500,0.010,0.326,0.664
202000,0.010,0.296,0.694
202500,0.011,0.283,0.707
203000,0.015,0.254,0.731
203500,0.013,0.273,0.714
204000,0.011,0.259,0.731
204500,0.021,0.168,0.812
205000,0.011,0.266,0.723
205500,0.011,0.204,0.785
206000,0.011,0.215,0.774
206500,0.015,0.254,0.732
207000,0.013,0.235,0.751
207500,0.011,0.269,0.720
208000,0.012,0.231,0.757
208500,0.030,0.184,0.786
209000,0.019,0.210,0.771
209500,0.021,0.225,0.754
210000,0.012,0.300,0.688
210500,0.010,0.292,0.698
211000,0.013,0.278,0.709
211500,0.010,0.249,0.741
212000,0.010,0.241,0.749
212500,0.011,0.232,0.757
213000,0.010,0.283,0.707
213500,0.010,0.271,0.720
214000,0.015,0.261,0.724
214500,0.011,0.223,0.766
215000,0.010,0.273,0.718
215500,0.010,0.273,0.717
216000,0.011,0.259,0.730
216500,0.010,0.263,0.728
217000,0.023,0.235,0.742
217500,0.012,0.259,0.729
218000,0.011,0.264,0.725
218500,0.018,0.234,0.748
219000,0.017,0.233,0.750
219500,0.013,0.252,0.736
220000,0.011,0.307,0.682
220500,0.010,0.326,0.664
221000,0.010,0.344,0.646
221500,0.010,0.298,0.692
222000,0.014,0.251,0.735
222500,0.011,0.295,0.693
223000,0.011,0.232,0.758
223500,0.010,0.260,0.730
224000,0.018,0.234,0.748
224500,0.014,0.242,0.744
225000,0.013,0.238,0.749
225500,0.011,0.271,0.719
226000,0.013,0.293,0.695
226500,0.011,0.261,0.729
227000,0.011,0.316,0.673
227500,0.010,0.328,0.662
228000,0.015,0.335,0.651
228500,0.010,0.244,0.746
229000,0.010,0.226,0.764
229500,0.022,0.201,0.776
230000,0.013,0.253,0.735
230500,0.010,0.294,0.696
231000,0.010,0.243,0.747
231500,0.013,0.265,0.722
232000,0.010,0.254,0.736
232500,0.013,0.241,0.745
233000,0.020,0.208,0.772
233500,0.022,0.194,0.784
234000,0.013,0.222,0.765
234500,0.013,0.301,0.686
235000,0.011,0.224,0.765
235500,0.011,0.239,0.751
236000,0.011,0.265,0.725
236500,0.010,0.282,0.708
237000,0.010,0.250,0.740
237500,0.025,0.171,0.803
238000,0.013,0.226,0.762
238500,0.017,0.216,0.767
239000,0.013,0.263,0.725
239500,0.011,0.332,0.657
240000,0.011,0.297,0.692
240500,0.017,0.289,0.694
241000,0.010,0.281,0.710
241500,0.010,0.305,0.684
242000,0.010,0.273,0.717
242500,0.010,0.311,0.679
243000,0.010,0.355,0.635
243500,0.010,0.267,0.723
244000,0.010,0.251,0.740
244500,0.013,0.226,0.761
245000,0.011,0.228,0.761
245500,0.010,0.244,0.746
246000,0.011,0.291,0.698
246500,0.010,0.239,0.751
247000,0.018,0.249,0.732
247500,0.018,0.232,0.750
248000,0.011,0.213,0.776
248500,0.021,0.187,0.792
249000,0.023,0.170,0.807
249500,0.025,0.128,0.847
250000,0.025,0.140,0.835
250500,0.016,0.204,0.780
251000,0.016,0.214,0.769
251500,0.024,0.146,0.831
252000,0.013,0.215,0.772
252500,0.011,0.205,0.785
253000,0.011,0.236,0.752
253500,0.023,0.253,0.724
254000,0.018,0.299,0.683
254500,0.012,0.269,0.720
255000,0.011,0.248,0.741
255500,0.010,0.252,0.738
256000,0.010,0.280,0.710
256500,0.010,0.264,0.726
257000,0.011,0.274,0.715
257500,0.015,0.267,0.718
258000,0.014,0.243,0.743
258500,0.011,0.259,0.731
259000,0.010,0.289,0.701
259500,0.015,0.321,0.665
260000,0.017,0.265,0.718
260500,0.013,0.262,0.725
261000,0.011,0.292,0.698
261500,0.010,0.285,0.705
262000,0.011,0.257,0.732
262500,0.010,0.277,0.713
263000,0.012,0.233,0.755
263500,0.017,0.218,0.765
264000,0.013,0.241,0.747
264500,0.018,0.215,0.766
265000,0.011,0.184,0.804
265500,0.014,0.255,0.731
266000,0.019,0.268,0.713
266500,0.012,0.273,0.716
267000,0.018,0.256,0.727
267500,0.014,0.275,0.711
268000,0.027,0.204,0.768
268500,0.025,0.217,0.758
269000,0.018,0.229,0.753
269500,0.018,0.284,0.698
270000,0.013,0.221,0.766
270500,0.016,0.192,0.792
271000,0.024,0.206,0.770
271500,0.018,0.172,0.810
272000,0.034,0.203,0.763
272500,0.021,0.208,0.770
273000,0.014,0.259,0.727
273500,0.018,0.234,0.749
274000,0.011,0.298,0.691
274500,0.010,0.274,0.716
275000,0.015,0.247,0.738
275500,0.019,0.192,0.789
276000,0.030,0.182,0.788
276500,0.022,0.237,0.741
277000,0.014,0.213,0.772
277500,0.014,0.271,0.716
278000,0.011,0.322,0.667
278500,0.013,0.308,0.679
279000,0.010,0.282,0.708
279500,0.013,0.228,0.759
280000,0.010,0.269,0.721
280500,0.018,0.267,0.715
281000,0.017,0.287,0.696
281500,0.011,0.304,0.685
282000,0.010,0.271,0.719
282500,0.010,0.296,0.694
283000,0.010,0.288,0.702
283500,0.013,0.254,0.734
284000,0.011,0.240,0.749
284500,0.012,0.197,0.791
285000,0.021,0.184,0.794
285500,0.013,0.260,0.727
286000,0.011,0.260,0.729
286500,0.011,0.251,0.738
287000,0.011,0.331,0.659
287500,0.010,0.335,0.655
288000,0.010,0.319,0.671
288500,0.010,0.286,0.704
289000,0.010,0.285,0.705
289500,0.010,0.294,0.696
290000,0.017,0.284,0.700
290500,0.026,0.224,0.750
291000,0.012,0.282,0.706
291500,0.012,0.272,0.716
292000,0.013,0.307,0.680
292500,0.010,0.279,0.712
293000,0.010,0.282,0.708
293500,0.010,0.357,0.633
294000,0.017,0.341,0.643
294500,0.011,0.234,0.755
295000,0.022,0.209,0.769
295500,0.018,0.202,0.780
296000,0.011,0.224,0.765
296500,0.010,0.298,0.692
297000,0.010,0.323,0.667
297500,0.013,0.342,0.645
298000,0.010,0.279,0.711
298500,0.017,0.259,0.724
299000,0.014,0.227,0.759
299500,0.015,0.196,0.790
300000,0.011,0.230,0.759
300500,0.020,0.211,0.768
301000,0.011,0.310,0.678
301500,0.010,0.260,0.730
302000,0.010,0.249,0.741
302500,0.014,0.322,0.664
303000,0.011,0.271,0.719
303500,0.010,0.238,0.752
304000,0.013,0.306,0.681
304500,0.010,0.291,0.699
305000,0.010,0.328,0.662
305500,0.016,0.278,0.706
306000,0.011,0.170,0.819
306500,0.023,0.204,0.773
307000,0.018,0.230,0.753
307500,0.013,0.218,0.770
308000,0.011,0.247,0.743
308500,0.013,0.243,0.743
309000,0.015,0.276,0.710
309500,0.010,0.286,0.704
310000,0.020,0.253,0.728
310500,0.020,0.191,0.789
311000,0.012,0.249,0.738
311500,0.010,0.267,0.723
312000,0.010,0.288,0.702
312500,0.017,0.237,0.747
313000,0.011,0.279,0.710
313500,0.010,0.333,0.657
314000,0.015,0.267,0.719
314500,0.011,0.270,0.720
315000,0.010,0.296,0.694
315500,0.010,0.279,0.712
316000,0.015,0.312,0.673
316500,0.011,0.266,0.724
317000,0.015,0.264,0.721
317500,0.015,0.234,0.752
318000,0.015,0.239,0.746
318500,0.010,0.228,0.762
319000,0.010,0.237,0.752
319500,0.012,0.249,0.739
320000,0.015,0.258,0.728
320500,0.017,0.230,0.753
321000,0.013,0.245,0.742
321500,0.021,0.255,0.725
322000,0.015,0.208,0.776
322500,0.022,0.196,0.782
323000,0.013,0.201,0.786
323500,0.017,0.232,0.752
324000,0.011,0.281,0.708
324500,0.012,0.300,0.688
325000,0.013,0.286,0.701
325500,0.011,0.233,0.756
326000,0.010,0.312,0.677
326500,0.010,0.350,0.640
327000,0.010,0.259,0.732
327500,0.013,0.246,0.741
328000,0.011,0.314,0.676
328500,0.015,0.247,0.738
329000,0.022,0.204,0.773
329500,0.032,0.203,0.765
330000,0.017,0.202,0.781
330500,0.011,0.289,0.700
331000,0.010,0.249,0.740
331500,0.017,0.221,0.763
332000,0.018,0.216,0.765
332500,0.018,0.254,0.729
333000,0.011,0.289,0.700
333500,0.010,0.293,0.697
334000,0.022,0.270,0.708
334500,0.021,0.169,0.810
335000,0.041,0.128,0.832
335500,0.024,0.139,0.838
336000,0.038,0.128,0.834
336500,0.026,0.175,0.798
337000,0.036,0.162,0.802
337500,0.029,0.213,0.759
338000,0.013,0.227,0.760
338500,0.010,0.276,0.714
339000,0.018,0.239,0.743
339500,0.014,0.296,0.690
340000,0.015,0.256,0.730
340500,0.022,0.232,0.746
341000,0.015,0.209,0.776
341500,0.017,0.249,0.734
342000,0.013,0.231,0.756
342500,0.015,0.236,0.749
343000,0.018,0.228,0.755
343500,0.015,0.218,0.766
344000,0.011,0.210,0.778
344500,0.014,0.255,0.732
345000,0.014,0.243,0.743
345500,0.010,0.262,0.728
346000,0.010,0.294,0.696
346500,0.018,0.262,0.721
347000,0.012,0.278,0.710
347500,0.016,0.274,0.710
348000,0.025,0.172,0.803
348500,0.024,0.208,0.768
349000,0.013,0.236,0.750
349500,0.015,0.212,0.774
350000,0.010,0.249,0.740
350500,0.010,0.226,0.764
351000,0.012,0.258,0.730
351500,0.011,0.273,0.717
352000,0.010,0.340,0.650
352500,0.010,0.320,0.670
353000,0.015,0.251,0.734
353500,0.010,0.227,0.763
354000,0.037,0.191,0.772
354500,0.019,0.184,0.797
355000,0.022,0.186,0.792
355500,0.043,0.147,0.810
356000,0.043,0.116,0.841
356500,0.021,0.169,0.809
357000,0.018,0.186,0.796
357500,0.013,0.240,0.748
358000,0.015,0.255,0.730
358500,0.011,0.303,0.687
359000,0.010,0.239,0.751
359500,0.015,0.287,0.698
360000,0.011,0.357,0.632
360500,0.015,0.306,0.679
361000,0.015,0.262,0.724
361500,0.010,0.310,0.679
362000,0.013,0.252,0.736
362500,0.013,0.236,0.751
363000,0.021,0.178,0.801
363500,0.012,0.246,0.742
364000,0.015,0.262,0.723
364500,0.018,0.254,0.728
365000,0.011,0.211,0.777
365500,0.017,0.230,0.753
366000,0.018,0.204,0.778
366500,0.023,0.244,0.733
367000,0.015,0.248,0.736
367500,0.016,0.223,0.761
368000,0.017,0.339,0.644
368500,0.012,0.320,0.668
369000,0.021,0.342,0.637
369500,0.011,0.317,0.673
370000,0.011,0.322,0.667
370500,0.010,0.325,0.665
371000,0.010,0.334,0.656
371500,0.010,0.245,0.744
372000,0.010,0.353,0.637
372500,0.010,0.273,0.717
373000,0.015,0.209,0.776
373500,0.024,0.216,0.761
374000,0.018,0.230,0.753
374500,0.010,0.248,0.742
375000,0.018,0.206,0.776
375500,0.020,0.229,0.751
376000,0.021,0.252,0.727
376500,0.018,0.259,0.724
377000,0.011,0.271,0.718
377500,0.017,0.261,0.722
378000,0.011,0.272,0.718
378500,0.010,0.286,0.704
379000,0.010,0.267,0.723
379500,0.015,0.196,0.788
380000,0.021,0.278,0.702
380500,0.013,0.279,0.709
381000,0.011,0.267,0.723
381500,0.010,0.271,0.720
382000,0.010,0.284,0.706
382500,0.017,0.250,0.733
383000,0.019,0.221,0.760
383500,0.025,0.147,0.828
384000,0.019,0.183,0.798
384500,0.012,0.238,0.750
385000,0.010,0.292,0.698
385500,0.010,0.266,0.724
386000,0.010,0.233,0.757
386500,0.017,0.230,0.754
387000,0.011,0.249,0.740
387500,0.013,0.273,0.714
388000,0.015,0.272,0.714
388500,0.011,0.251,0.738
389000,0.010,0.275,0.715
389500,0.011,0.283,0.706
390000,0.011,0.291,0.699
390500,0.011,0.334,0.655
391000,0.010,0.255,0.736
391500,0.015,0.279,0.707
392000,0.011,0.303,0.687
392500,0.011,0.342,0.647
393000,0.010,0.308,0.682
393500,0.014,0.234,0.752
394000,0.018,0.211,0.771
394500,0.011,0.243,0.746
395000,0.022,0.248,0.730
395500,0.013,0.330,0.657
396000,0.010,0.318,0.672
396500,0.010,0.332,0.658
397000,0.014,0.318,0.668
397500,0.011,0.292,0.697
398000,0.013,0.262,0.726
398500,0.017,0.304,0.679
399000,0.013,0.276,0.712
399500,0.011,0.282,0.707
400000,0.011,0.202,0.788
400500,0.010,0.183,0.806
401000,0.010,0.269,0.722
401500,0.018,0.232,0.750
402000,0.011,0.321,0.668
402500,0.010,0.261,0.730
403000,0.021,0.234,0.744
403500,0.016,0.247,0.736
404000,0.010,0.332,0.658
404500,0.010,0.310,0.679
405000,0.010,0.296,0.694
405500,0.012,0.299,0.689
406000,0.022,0.212,0.766
406500,0.015,0.236,0.749
407000,0.018,0.218,0.764
407500,0.011,0.275,0.715
408000,0.011,0.285,0.704
408500,0.010,0.298,0.692
409000,0.010,0.271,0.720
409500,0.010,0.286,0.704
410000,0.015,0.248,0.737
410500,0.011,0.274,0.716
411000,0.011,0.292,0.697
411500,0.011,0.308,0.680
412000,0.010,0.240,0.750
412500,0.018,0.209,0.774
413000,0.014,0.194,0.792
413500,0.015,0.235,0.749
414000,0.018,0.319,0.664
414500,0.012,0.336,0.652
415000,0.013,0.270,0.718
415500,0.019,0.233,0.748
416000,0.011,0.253,0.736
416500,0.011,0.279,0.711
417000,0.014,0.299,0.686
417500,0.011,0.309,0.679
418000,0.017,0.236,0.746
418500,0.013,0.252,0.736
419000,0.013,0.268,0.720
419500,0.010,0.286,0.704
420000,0.010,0.278,0.712
420500,0.015,0.224,0.762
421000,0.011,0.273,0.716
421500,0.013,0.241,0.746
422000,0.011,0.221,0.768
422500,0.012,0.251,0.737
423000,0.017,0.283,0.700
423500,0.017,0.308,0.675
424000,0.015,0.243,0.742
424500,0.024,0.177,0.800
425000,0.017,0.234,0.749
425500,0.017,0.222,0.762
426000,0.011,0.269,0.721
426500,0.015,0.235,0.750
427000,0.017,0.212,0.772
427500,0.013,0.299,0.688
428000,0.011,0.293,0.696
428500,0.011,0.247,0.742
429000,0.010,0.250,0.740
429500,0.025,0.207,0.768
430000,0.013,0.228,0.759
430500,0.020,0.219,0.761
431000,0.032,0.185,0.782
431500,0.059,0.127,0.815
432000,0.043,0.127,0.830
432500,0.023,0.208,0.768
433000,0.014,0.210,0.775
433500,0.017,0.225,0.759
434000,0.026,0.172,0.802
434500,0.022,0.176,0.802
435000,0.018,0.196,0.786
435500,0.021,0.194,0.785
436000,0.015,0.246,0.738
436500,0.021,0.224,0.755
437000,0.012,0.237,0.751
437500,0.011,0.305,0.685
438000,0.017,0.249,0.734
438500,0.018,0.256,0.726
439000,0.010,0.262,0.728
439500,0.014,0.243,0.743
440000,0.015,0.206,0.779
440500,0.013,0.284,0.703
441000,0.011,0.290,0.699
441500,0.010,0.301,0.689
442000,0.010,0.288,0.702
442500,0.010,0.356,0.634
443000,0.010,0.299,0.691
443500,0.010,0.301,0.689
444000,0.012,0.243,0.745
444500,0.011,0.288,0.700
445000,0.015,0.231,0.755
445500,0.011,0.239,0.749
446000,0.010,0.249,0.741
446500,0.021,0.183,0.796
447000,0.013,0.217,0.770
447500,0.025,0.170,0.805
448000,0.023,0.186,0.791
448500,0.013,0.251,0.736
449000,0.011,0.216,0.774
449500,0.017,0.221,0.763
450000,0.015,0.229,0.756
450500,0.015,0.248,0.737
451000,0.010,0.288,0.702
451500,0.013,0.246,0.740
452000,0.011,0.255,0.734
452500,0.013,0.239,0.748
453000,0.033,0.229,0.739
453500,0.030,0.177,0.792
454000,0.017,0.216,0.768
454500,0.030,0.187,0.783
455000,0.025,0.244,0.732
455500,0.013,0.240,0.748
456000,0.018,0.311,0.670
456500,0.011,0.281,0.709
457000,0.011,0.228,0.761
457500,0.011,0.244,0.745
458000,0.010,0.255,0.736
458500,0.021,0.208,0.770
459000,0.011,0.209,0.780
459500,0.017,0.213,0.770
460000,0.012,0.203,0.785
460500,0.011,0.261,0.728
461000,0.010,0.331,0.659
461500,0.010,0.272,0.718
462000,0.011,0.296,0.692
462500,0.013,0.286,0.701
463000,0.013,0.191,0.796
463500,0.010,0.267,0.723
464000,0.010,0.263,0.728
464500,0.035,0.151,0.814
465000,0.030,0.194,0.776
465500,0.027,0.181,0.791
466000,0.020,0.151,0.829
466500,0.032,0.141,0.827
467000,0.034,0.144,0.822
467500,0.022,0.202,0.776
468000,0.024,0.229,0.747
468500,0.014,0.209,0.776
469000,0.015,0.251,0.734
469500,0.011,0.272,0.717
470000,0.010,0.254,0.736
470500,0.011,0.223,0.767
471000,0.019,0.215,0.766
471500,0.013,0.210,0.777
472000,0.017,0.298,0.685
472500,0.010,0.264,0.726
473000,0.018,0.257,0.725
473500,0.014,0.233,0.753
474000,0.018,0.244,0.738
474500,0.016,0.262,0.722
475000,0.018,0.235,0.748
475500,0.014,0.195,0.791
476000,0.012,0.263,0.725
476500,0.011,0.240,0.750
477000,0.015,0.286,0.699
477500,0.013,0.251,0.736
478000,0.011,0.253,0.737
478500,0.013,0.239,0.747
479000,0.011,0.204,0.784
479500,0.025,0.254,0.721
480000,0.013,0.296,0.691
480500,0.012,0.237,0.750
481000,0.010,0.286,0.704
481500,0.010,0.252,0.738
482000,0.010,0.225,0.765
482500,0.011,0.193,0.796
483000,0.014,0.247,0.738
483500,0.013,0.255,0.732
484000,0.011,0.248,0.740
484500,0.010,0.223,0.767
485000,0.018,0.177,0.805
485500,0.013,0.228,0.760
486000,0.011,0.300,0.689
486500,0.010,0.326,0.664
487000,0.010,0.323,0.667
487500,0.010,0.287,0.703
488000,0.014,0.209,0.776
488500,0.019,0.192,0.789
489000,0.018,0.209,0.774
489500,0.022,0.223,0.755
490000,0.024,0.190,0.786
490500,0.015,0.256,0.729
491000,0.016,0.275,0.709
491500,0.011,0.217,0.773
492000,0.018,0.229,0.754
492500,0.018,0.239,0.743
493000,0.028,0.177,0.795
493500,0.035,0.159,0.806
494000,0.034,0.245,0.721
494500,0.014,0.222,0.764
495000,0.022,0.184,0.793
495500,0.041,0.141,0.818
496000,0.047,0.137,0.817
496500,0.042,0.133,0.826
497000,0.033,0.185,0.782
497500,0.032,0.161,0.807
498000,0.029,0.180,0.790
498500,0.024,0.167,0.809
499000,0.013,0.227,0.760
499500,0.018,0.191,0.792
500000,0.038,0.141,0.821
500500,0.033,0.183,0.784
501000,0.020,0.197,0.783
501500,0.018,0.214,0.767
502000,0.013,0.260,0.727
502500,0.021,0.243,0.735
503000,0.015,0.239,0.746
503500,0.021,0.195,0.784
504000,0.018,0.189,0.793
504500,0.018,0.216,0.766
505000,0.011,0.225,0.764
505500,0.012,0.262,0.726
506000,0.010,0.306,0.683
506500,0.010,0.378,0.612
507000,0.010,0.269,0.721
507500,0.010,0.335,0.655
508000,0.016,0.236,0.748
508500,0.010,0.213,0.777
509000,0.012,0.218,0.769
509500,0.015,0.245,0.740
510000,0.017,0.197,0.786
510500,0.010,0.314,0.676
511000,0.010,0.315,0.675
511500,0.010,0.275,0.715
512000,0.010,0.269,0.721
512500,0.030,0.249,0.720
513000,0.015,0.294,0.692
513500,0.011,0.282,0.707
514000,0.010,0.293,0.697
514500,0.010,0.263,0.728
515000,0.015,0.236,0.749
515500,0.013,0.262,0.726
516000,0.010,0.247,0.742
516500,0.010,0.222,0.768
517000,0.014,0.293,0.693
517500,0.010,0.308,0.682
518000,0.014,0.259,0.727
518500,0.013,0.274,0.713
519000,0.017,0.218,0.765
519500,0.013,0.280,0.708
520000,0.010,0.301,0.689
520500,0.010,0.311,0.679
521000,0.010,0.254,0.736
521500,0.012,0.243,0.744
522000,0.013,0.245,0.743
522500,0.011,0.247,0.743
523000,0.011,0.259,0.730
523500,0.010,0.209,0.781
524000,0.016,0.259,0.726
524500,0.014,0.251,0.735
525000,0.011,0.254,0.736
525500,0.011,0.247,0.742
526000,0.013,0.255,0.732
526500,0.011,0.222,0.767
527000,0.010,0.297,0.693
527500,0.010,0.262,0.728
528000,0.010,0.262,0.728
528500,0.010,0.287,0.703
529000,0.010,0.305,0.685
529500,0.010,0.286,0.704
530000,0.010,0.317,0.673
530500,0.014,0.308,0.678
531000,0.011,0.281,0.707
531500,0.010,0.306,0.683
532000,0.010,0.301,0.689
532500,0.011,0.299,0.689
533000,0.025,0.229,0.747
533500,0.028,0.219,0.753
534000,0.032,0.175,0.793
534500,0.030,0.156,0.814
535000,0.029,0.174,0.796
535500,0.038,0.174,0.787
536000,0.025,0.176,0.798
536500,0.013,0.230,0.758
537000,0.015,0.240,0.745
537500,0.012,0.239,0.749
538000,0.011,0.293,0.697
538500,0.010,0.297,0.693
539000,0.015,0.291,0.694
539500,0.011,0.289,0.700
540000,0.012,0.281,0.707
540500,0.011,0.284,0.705
541000,0.010,0.305,0.685
541500,0.010,0.300,0.690
542000,0.010,0.229,0.761
542500,0.010,0.245,0.745
543000,0.013,0.245,0.742
543500,0.011,0.295,0.694
544000,0.010,0.245,0.744
544500,0.010,0.297,0.693
545000,0.011,0.230,0.760
545500,0.017,0.217,0.766
546000,0.017,0.256,0.728
546500,0.015,0.236,0.748
547000,0.020,0.214,0.766
547500,0.011,0.273,0.716
548000,0.015,0.282,0.703
548500,0.014,0.294,0.692
549000,0.011,0.270,0.720
549500,0.010,0.262,0.728
550000,0.011,0.224,0.766
550500,0.014,0.255,0.731
551000,0.010,0.310,0.679
551500,0.010,0.252,0.738
552000,0.010,0.252,0.738
552500,0.010,0.271,0.719
553000,0.017,0.217,0.766
553500,0.018,0.252,0.730
554000,0.010,0.283,0.707
554500,0.010,0.245,0.744
555000,0.015,0.215,0.770
555500,0.024,0.208,0.768
556000,0.024,0.228,0.748
556500,0.016,0.220,0.764
557000,0.019,0.214,0.766
557500,0.011,0.287,0.701
558000,0.018,0.264,0.719
558500,0.015,0.254,0.732
559000,0.012,0.237,0.751
559500,0.021,0.194,0.784
560000,0.016,0.173,0.810
560500,0.021,0.233,0.747
561000,0.015,0.207,0.777
561500,0.020,0.233,0.747
562000,0.025,0.170,0.806
562500,0.013,0.195,0.792
563000,0.017,0.221,0.762
563500,0.015,0.223,0.762
564000,0.018,0.246,0.735
564500,0.012,0.239,0.748
565000,0.010,0.283,0.707
565500,0.010,0.352,0.637
566000,0.010,0.314,0.676
566500,0.010,0.334,0.656
567000,0.010,0.256,0.734
567500,0.014,0.257,0.729
568000,0.013,0.223,0.764
568500,0.010,0.207,0.783
569000,0.011,0.295,0.694
569500,0.018,0.249,0.733
570000,0.013,0.277,0.711
570500,0.013,0.242,0.744
571000,0.013,0.267,0.721
571500,0.010,0.275,0.715
572000,0.021,0.279,0.700
572500,0.014,0.206,0.779
573000,0.013,0.236,0.750
573500,0.015,0.256,0.729
574000,0.015,0.238,0.747
574500,0.015,0.354,0.630
575000,0.011,0.378,0.612
575500,0.011,0.348,0.641
576000,0.010,0.344,0.645
576500,0.010,0.358,0.632
577000,0.010,0.318,0.672
577500,0.010,0.307,0.682
578000,0.010,0.234,0.756
578500,0.019,0.235,0.746
579000,0.011,0.232,0.757
579500,0.025,0.292,0.683
580000,0.015,0.253,0.732
580500,0.011,0.248,0.742
581000,0.012,0.330,0.658
581500,0.011,0.304,0.685
582000,0.014,0.238,0.748
582500,0.011,0.281,0.708
583000,0.010,0.327,0.663
583500,0.010,0.284,0.706
584000,0.010,0.275,0.715
584500,0.010,0.357,0.633
585000,0.010,0.324,0.666
585500,0.011,0.314,0.675
586000,0.011,0.336,0.654
586500,0.011,0.263,0.726
587000,0.015,0.294,0.691
587500,0.017,0.276,0.708
588000,0.023,0.257,0.720
588500,0.012,0.302,0.686
589000,0.011,0.306,0.682
589500,0.010,0.227,0.763
590000,0.016,0.210,0.774
590500,0.014,0.207,0.779
591000,0.015,0.183,0.802
591500,0.013,0.265,0.722
592000,0.010,0.308,0.682
592500,0.013,0.305,0.683
593000,0.013,0.261,0.726
593500,0.010,0.244,0.746
594000,0.010,0.265,0.725
594500,0.010,0.279,0.711
595000,0.018,0.203,0.780
595500,0.015,0.209,0.775
596000,0.025,0.233,0.742
596500,0.013,0.270,0.717
597000,0.011,0.234,0.754
597500,0.013,0.246,0.741
598000,0.015,0.242,0.742
598500,0.011,0.278,0.712
599000,0.010,0.257,0.734
599500,0.011,0.342,0.647
600000,0.021,0.268,0.712
600500,0.014,0.337,0.649
601000,0.022,0.262,0.716
601500,0.011,0.222,0.768
602000,0.011,0.227,0.762
602500,0.015,0.234,0.750
603000,0.017,0.232,0.752
603500,0.013,0.175,0.811
604000,0.028,0.166,0.806
604500,0.017,0.175,0.807
605000,0.024,0.174,0.801
605500,0.033,0.184,0.783
606000,0.032,0.195,0.774
606500,0.018,0.198,0.784
607000,0.016,0.204,0.780
607500,0.013,0.231,0.756
608000,0.011,0.248,0.742
608500,0.010,0.276,0.714
609000,0.011,0.304,0.685
609500,0.010,0.235,0.755
610000,0.018,0.221,0.761
610500,0.031,0.170,0.799
611000,0.019,0.215,0.765
611500,0.011,0.273,0.717
612000,0.010,0.289,0.701
612500,0.010,0.268,0.722
613000,0.011,0.294,0.695
613500,0.018,0.263,0.720
614000,0.011,0.350,0.639
614500,0.010,0.345,0.645
615000,0.010,0.312,0.677
615500,0.010,0.370,0.619
616000,0.014,0.315,0.671
616500,0.011,0.279,0.710
617000,0.011,0.338,0.652
617500,0.011,0.298,0.691
618000,0.010,0.341,0.649
618500,0.010,0.295,0.695
619000,0.010,0.291,0.699
619500,0.010,0.263,0.727
620000,0.010,0.236,0.754
620500,0.018,0.241,0.741
621000,0.011,0.241,0.748
621500,0.013,0.265,0.723
622000,0.011,0.235,0.755
622500,0.019,0.228,0.753
623000,0.013,0.251,0.737
623500,0.016,0.290,0.694
624000,0.011,0.240,0.749
624500,0.012,0.242,0.746
625000,0.015,0.252,0.733
625500,0.011,0.288,0.701
626000,0.013,0.280,0.708
626500,0.011,0.296,0.693
627000,0.011,0.270,0.719
627500,0.015,0.231,0.754
628000,0.036,0.181,0.782
628500,0.022,0.202,0.776
629000,0.015,0.283,0.702
629500,0.011,0.258,0.731
630000,0.015,0.319,0.665
630500,0.012,0.328,0.660
631000,0.015,0.321,0.665
631500,0.011,0.277,0.713
632000,0.010,0.321,0.669
632500,0.016,0.248,0.736
633000,0.022,0.231,0.747
633500,0.014,0.294,0.692
634000,0.014,0.288,0.698
634500,0.016,0.263,0.722
635000,0.011,0.240,0.749
635500,0.022,0.198,0.780
636000,0.015,0.248,0.737
636500,0.011,0.226,0.764
637000,0.015,0.252,0.733
637500,0.026,0.232,0.742
638000,0.016,0.218,0.765
638500,0.013,0.222,0.765
639000,0.011,0.204,0.784
639500,0.010,0.242,0.748
640000,0.018,0.183,0.799
640500,0.028,0.201,0.771
641000,0.014,0.217,0.768
641500,0.010,0.281,0.709
642000,0.010,0.291,0.699
642500,0.013,0.295,0.692
643000,0.010,0.285,0.705
643500,0.015,0.246,0.740
644000,0.013,0.262,0.725
644500,0.010,0.304,0.685
645000,0.012,0.281,0.708
645500,0.017,0.266,0.718
646000,0.011,0.329,0.661
646500,0.010,0.353,0.637
647000,0.010,0.383,0.607
647500,0.017,0.329,0.654
648000,0.018,0.235,0.747
648500,0.017,0.202,0.781
649000,0.015,0.202,0.784
649500,0.013,0.262,0.726
650000,0.015,0.287,0.698
650500,0.012,0.292,0.696
651000,0.010,0.258,0.732
651500,0.010,0.270,0.720
652000,0.011,0.282,0.707
652500,0.015,0.266,0.720
653000,0.025,0.261,0.714
653500,0.022,0.202,0.776
654000,0.016,0.206,0.778
654500,0.018,0.267,0.716
655000,0.014,0.294,0.692
655500,0.017,0.279,0.704
656000,0.011,0.281,0.708
656500,0.010,0.302,0.688
657000,0.021,0.215,0.764
657500,0.014,0.233,0.753
658000,0.017,0.285,0.698
658500,0.011,0.278,0.712
659000,0.021,0.238,0.740
659500,0.012,0.274,0.714
660000,0.011,0.310,0.679
660500,0.011,0.295,0.694
661000,0.012,0.273,0.715
661500,0.011,0.322,0.667
662000,0.010,0.270,0.720
662500,0.010,0.327,0.663
663000,0.013,0.329,0.658
663500,0.015,0.270,0.715
664000,0.022,0.245,0.733
664500,0.013,0.218,0.770
665000,0.011,0.239,0.750
665500,0.010,0.264,0.726
666000,0.019,0.241,0.739
666500,0.015,0.203,0.781
667000,0.032,0.190,0.778
667500,0.037,0.180,0.783
668000,0.024,0.202,0.774
668500,0.025,0.203,0.772
669000,0.017,0.205,0.777
669500,0.011,0.259,0.730
670000,0.026,0.243,0.730
670500,0.019,0.228,0.753
671000,0.011,0.242,0.748
671500,0.010,0.258,0.732
672000,0.010,0.280,0.710
672500,0.010,0.284,0.706
673000,0.010,0.253,0.737
673500,0.010,0.281,0.709
674000,0.010,0.273,0.717
674500,0.016,0.283,0.701
675000,0.011,0.281,0.708
675500,0.012,0.260,0.728
676000,0.022,0.267,0.711
676500,0.013,0.266,0.722
677000,0.010,0.245,0.745
677500,0.010,0.245,0.745
678000,0.010,0.226,0.764
678500,0.018,0.175,0.806
679000,0.026,0.183,0.790
679500,0.013,0.233,0.754
680000,0.026,0.254,0.720
680500,0.013,0.206,0.781
681000,0.011,0.259,0.731
681500,0.010,0.291,0.699
682000,0.010,0.292,0.698
682500,0.015,0.228,0.757
683000,0.022,0.215,0.763
683500,0.021,0.191,0.789
684000,0.015,0.258,0.728
684500,0.038,0.182,0.779
685000,0.052,0.115,0.833
685500,0.074,0.060,0.865
686000,0.062,0.076,0.862
686500,0.074,0.066,0.861
687000,0.060,0.113,0.827
687500,0.050,0.124,0.825
688000,0.102,0.086,0.812
688500,0.159,0.040,0.801
689000,0.259,0.012,0.729
689500,0.304,0.007,0.689
690000,0.335,0.002,0.664
690500,0.337,0.000,0.663
691000,0.351,0.000,0.649
691500,0.327,0.000,0.673
692000,0.344,0.000,0.656
692500,0.251,0.001,0.749
693000,0.313,0.000,0.687
693500,0.333,0.001,0.667
694000,0.380,0.000,0.620
694500,0.393,0.000,0.607
695000,0.367,0.000,0.633
695500,0.360,0.000,0.639
696000,0.304,0.000,0.696
696500,0.309,0.002,0.689
697000,0.329,0.000,0.671
697500,0.349,0.000,0.651
698000,0.324,0.000,0.676
698500,0.339,0.002,0.660
699000,0.312,0.000,0.688
699500,0.353,0.000,0.647
700000,0.368,0.000,0.632
700500,0.252,0.005,0.743
701000,0.281,0.002,0.717
701500,0.316,0.001,0.683
702000,0.384,0.001,0.615
702500,0.295,0.002,0.703
703000,0.339,0.002,0.660
703500,0.386,0.000,0.614
704000,0.343,0.000,0.657
704500,0.394,0.000,0.606
705000,0.329,0.000,0.671
705500,0.420,0.000,0.580
706000,0.384,0.000,0.616
706500,0.431,0.000,0.569
707000,0.347,0.000,0.653
707500,0.343,0.000,0.657
708000,0.331,0.001,0.669
708500,0.293,0.000,0.707
709000,0.300,0.000,0.700
709500,0.294,0.000,0.706
710000,0.287,0.000,0.713
710500,0.277,0.009,0.714
711000,0.287,0.002,0.712
711500,0.284,0.000,0.716
712000,0.302,0.001,0.697
712500,0.386,0.000,0.615
713000,0.398,0.000,0.603
713500,0.359,0.000,0.641
714000,0.309,0.000,0.691
714500,0.353,0.000,0.647
715000,0.337,0.000,0.663
715500,0.383,0.000,0.617
716000,0.306,0.004,0.689
716500,0.317,0.001,0.683
717000,0.367,0.000,0.633
717500,0.351,0.000,0.649
718000,0.401,0.000,0.599
718500,0.395,0.000,0.605
719000,0.382,0.000,0.618
719500,0.363,0.000,0.637
720000,0.339,0.000,0.661
720500,0.366,0.000,0.634
721000,0.396,0.000,0.605
721500,0.391,0.000,0.609
722000,0.368,0.000,0.631
722500,0.382,0.000,0.619
723000,0.392,0.000,0.608
723500,0.400,0.000,0.600
724000,0.406,0.000,0.595
724500,0.355,0.002,0.644
725000,0.358,0.001,0.642
725500,0.342,0.000,0.658
726000,0.374,0.003,0.624
726500,0.422,0.001,0.577
727000,0.369,0.000,0.631
727500,0.367,0.000,0.633
728000,0.336,0.000,0.664
728500,0.458,0.000,0.542
729000,0.413,0.000,0.587
729500,0.413,0.000,0.587
730000,0.379,0.000,0.621
730500,0.342,0.000,0.658
731000,0.356,0.000,0.643
731500,0.392,0.000,0.609
732000,0.349,0.000,0.651
732500,0.307,0.005,0.688
733000,0.347,0.001,0.652
733500,0.435,0.000,0.565
734000,0.424,0.000,0.576
734500,0.388,0.000,0.612
735000,0.343,0.000,0.657
735500,0.381,0.000,0.619
736000,0.302,0.002,0.696
736500,0.388,0.000,0.612
737000,0.365,0.000,0.635
737500,0.302,0.000,0.698
738000,0.289,0.001,0.711
738500,0.337,0.000,0.663
739000,0.295,0.004,0.701
739500,0.316,0.004,0.680
740000,0.274,0.009,0.717
740500,0.233,0.015,0.752
741000,0.297,0.011,0.692
741500,0.268,0.004,0.728
742000,0.299,0.001,0.701
742500,0.336,0.000,0.664
743000,0.381,0.000,0.619
743500,0.363,0.000,0.637
744000,0.361,0.000,0.639
744500,0.424,0.000,0.576
745000,0.369,0.000,0.631
745500,0.347,0.000,0.653
746000,0.338,0.000,0.662
746500,0.294,0.006,0.699
747000,0.297,0.001,0.702
747500,0.298,0.000,0.702
748000,0.334,0.000,0.666
748500,0.316,0.000,0.684
749000,0.318,0.000,0.682
749500,0.287,0.000,0.713
750000,0.286,0.004,0.710
750500,0.243,0.001,0.756
751000,0.381,0.001,0.619
751500,0.369,0.000,0.631
752000,0.320,0.000,0.680
752500,0.410,0.000,0.590
753000,0.364,0.000,0.636
753500,0.406,0.000,0.594
754000,0.406,0.000,0.595
754500,0.363,0.000,0.637
755000,0.356,0.000,0.643
755500,0.359,0.000,0.641
756000,0.412,0.000,0.588
756500,0.373,0.000,0.627
757000,0.383,0.000,0.617
757500,0.328,0.000,0.672
758000,0.322,0.000,0.678
758500,0.372,0.000,0.628
759000,0.374,0.000,0.626
759500,0.324,0.002,0.675
760000,0.374,0.000,0.625
760500,0.292,0.000,0.708
761000,0.337,0.000,0.663
761500,0.344,0.000,0.656
762000,0.320,0.000,0.680
762500,0.341,0.000,0.659
763000,0.335,0.000,0.665
763500,0.326,0.001,0.673
764000,0.303,0.000,0.697
764500,0.276,0.000,0.724
765000,0.304,0.000,0.696
765500,0.374,0.000,0.626
766000,0.336,0.000,0.664
766500,0.302,0.000,0.698
767000,0.345,0.000,0.655
767500,0.321,0.000,0.679
768000,0.326,0.000,0.674
768500,0.370,0.000,0.629
769000,0.343,0.000,0.657
769500,0.353,0.000,0.647
770000,0.407,0.000,0.593
770500,0.350,0.000,0.649
771000,0.333,0.000,0.667
771500,0.365,0.000,0.635
772000,0.343,0.000,0.657
772500,0.316,0.002,0.683
773000,0.290,0.001,0.710
773500,0.386,0.000,0.614
774000,0.320,0.001,0.679
774500,0.351,0.000,0.649
775000,0.298,0.000,0.702
775500,0.326,0.000,0.674
776000,0.299,0.000,0.701
776500,0.289,0.000,0.711
777000,0.288,0.002,0.710
777500,0.308,0.000,0.692
778000,0.353,0.000,0.647
778500,0.307,0.000,0.693
779000,0.270,0.003,0.727
779500,0.311,0.001,0.689
780000,0.306,0.000,0.694
780500,0.343,0.000,0.657
781000,0.308,0.000,0.692
781500,0.321,0.000,0.679
782000,0.221,0.000,0.779
782500,0.256,0.007,0.737
783000,0.296,0.005,0.698
783500,0.244,0.001,0.756
784000,0.285,0.004,0.712
784500,0.271,0.000,0.730
785000,0.295,0.000,0.705
785500,0.344,0.000,0.656
786000,0.326,0.000,0.674
786500,0.287,0.001,0.712
787000,0.352,0.001,0.647
787500,0.416,0.000,0.584
788000,0.376,0.000,0.625
788500,0.336,0.000,0.664
789000,0.325,0.000,0.675
789500,0.307,0.000,0.693
790000,0.348,0.000,0.652
790500,0.351,0.000,0.649
791000,0.376,0.000,0.625
791500,0.408,0.000,0.592
792000,0.416,0.000,0.584
792500,0.366,0.000,0.634
793000,0.394,0.000,0.607
793500,0.340,0.000,0.660
794000,0.354,0.000,0.646
794500,0.339,0.000,0.661
795000,0.379,0.001,0.620
795500,0.387,0.000,0.613
796000,0.349,0.000,0.651
796500,0.363,0.000,0.637
797000,0.343,0.000,0.657
797500,0.338,0.000,0.662
798000,0.325,0.000,0.675
798500,0.356,0.000,0.644
799000,0.346,0.000,0.654
799500,0.350,0.000,0.649
800000,0.294,0.002,0.704
800500,0.343,0.001,0.657
801000,0.315,0.000,0.685
801500,0.331,0.000,0.669
802000,0.323,0.000,0.677
802500,0.313,0.000,0.687
803000,0.306,0.000,0.694
803500,0.305,0.000,0.695
