time,n_A+p,n_B,n_AB
500,0.010,0.981,0.009
1000,0.010,0.979,0.011
1500,0.010,0.979,0.011
2000,0.010,0.978,0.012
2500,0.010,0.971,0.019
3000,0.010,0.976,0.014
3500,0.010,0.976,0.014
4000,0.010,0.976,0.014
4500,0.010,0.978,0.012
5000,0.010,0.970,0.020
5500,0.010,0.970,0.020
6000,0.010,0.978,0.012
6500,0.010,0.975,0.015
7000,0.010,0.978,0.012
7500,0.010,0.974,0.016
8000,0.010,0.965,0.025
8500,0.010,0.966,0.024
9000,0.010,0.967,0.023
9500,0.010,0.960,0.030
10000,0.010,0.955,0.035
10500,0.010,0.950,0.040
11000,0.010,0.949,0.041
11500,0.010,0.962,0.028
12000,0.010,0.974,0.016
12500,0.010,0.965,0.025
13000,0.010,0.974,0.016
13500,0.010,0.971,0.019
14000,0.010,0.972,0.018
14500,0.010,0.965,0.025
15000,0.010,0.974,0.016
15500,0.010,0.965,0.025
16000,0.010,0.972,0.018
16500,0.010,0.972,0.018
17000,0.010,0.976,0.014
17500,0.010,0.978,0.012
18000,0.010,0.966,0.024
18500,0.010,0.962,0.028
19000,0.010,0.966,0.024
19500,0.010,0.975,0.015
20000,0.010,0.977,0.013
20500,0.010,0.969,0.021
21000,0.010,0.979,0.011
21500,0.010,0.972,0.018
22000,0.010,0.958,0.032
22500,0.010,0.949,0.041
23000,0.010,0.962,0.028
23500,0.010,0.964,0.026
24000,0.010,0.967,0.023
24500,0.010,0.967,0.023
25000,0.010,0.969,0.021
25500,0.010,0.972,0.018
26000,0.010,0.965,0.025
26500,0.010,0.973,0.017
27000,0.010,0.971,0.019
27500,0.010,0.966,0.024
28000,0.010,0.967,0.023
28500,0.010,0.973,0.017
29000,0.010,0.973,0.017
29500,0.010,0.962,0.028
30000,0.010,0.954,0.036
30500,0.010,0.968,0.022
31000,0.010,0.969,0.021
31500,0.010,0.962,0.028
32000,0.010,0.973,0.017
32500,0.010,0.969,0.021
33000,0.010,0.970,0.020
33500,0.010,0.967,0.023
34000,0.010,0.963,0.027
34500,0.010,0.966,0.024
35000,0.010,0.966,0.024
35500,0.010,0.974,0.016
36000,0.010,0.969,0.021
36500,0.010,0.976,0.014
37000,0.010,0.965,0.025
37500,0.010,0.975,0.015
38000,0.010,0.982,0.008
38500,0.010,0.979,0.011
39000,0.010,0.981,0.009
39500,0.010,0.977,0.013
40000,0.010,0.981,0.009
40500,0.010,0.981,0.009
41000,0.010,0.981,0.009
41500,0.010,0.983,0.007
42000,0.010,0.982,0.008
42500,0.010,0.973,0.017
43000,0.010,0.965,0.025
43500,0.010,0.966,0.024
44000,0.010,0.965,0.025
44500,0.010,0.972,0.018
45000,0.010,0.968,0.022
45500,0.010,0.967,0.023
46000,0.010,0.973,0.017
46500,0.010,0.965,0.025
47000,0.010,0.966,0.024
47500,0.010,0.971,0.019
48000,0.010,0.964,0.026
48500,0.010,0.961,0.029
49000,0.010,0.969,0.021
49500,0.010,0.969,0.021
50000,0.010,0.963,0.027
50500,0.010,0.960,0.030
51000,0.010,0.964,0.026
51500,0.010,0.963,0.027
52000,0.010,0.977,0.013
52500,0.010,0.978,0.012
53000,0.010,0.970,0.020
53500,0.010,0.975,0.015
54000,0.010,0.975,0.015
54500,0.010,0.980,0.010
55000,0.010,0.973,0.017
55500,0.010,0.975,0.015
56000,0.010,0.975,0.015
56500,0.010,0.980,0.010
57000,0.010,0.975,0.015
57500,0.010,0.975,0.015
58000,0.010,0.976,0.014
58500,0.010,0.969,0.021
59000,0.010,0.964,0.026
59500,0.010,0.968,0.022
60000,0.010,0.974,0.016
60500,0.010,0.973,0.017
61000,0.010,0.966,0.024
61500,0.010,0.965,0.025
62000,0.010,0.963,0.027
62500,0.010,0.968,0.022
63000,0.010,0.969,0.021
63500,0.010,0.975,0.015
64000,0.010,0.975,0.015
64500,0.010,0.976,0.014
65000,0.010,0.974,0.016
65500,0.010,0.971,0.019
66000,0.010,0.973,0.017
66500,0.010,0.976,0.014
67000,0.010,0.974,0.016
67500,0.010,0.971,0.019
68000,0.010,0.971,0.019
68500,0.010,0.968,0.022
69000,0.010,0.976,0.014
69500,0.010,0.968,0.022
70000,0.010,0.980,0.010
70500,0.010,0.977,0.013
71000,0.010,0.970,0.020
71500,0.010,0.971,0.019
72000,0.010,0.977,0.013
72500,0.010,0.966,0.024
73000,0.010,0.970,0.020
73500,0.010,0.977,0.013
74000,0.010,0.975,0.015
74500,0.010,0.975,0.015
75000,0.010,0.971,0.019
75500,0.010,0.976,0.014
76000,0.010,0.973,0.017
76500,0.010,0.967,0.023
77000,0.010,0.968,0.022
77500,0.010,0.975,0.015
78000,0.010,0.968,0.022
78500,0.010,0.974,0.016
79000,0.010,0.973,0.017
79500,0.010,0.971,0.019
80000,0.010,0.975,0.015
80500,0.010,0.977,0.013
81000,0.010,0.979,0.011
81500,0.010,0.969,0.021
82000,0.010,0.974,0.016
82500,0.010,0.972,0.018
83000,0.010,0.970,0.020
83500,0.010,0.975,0.015
84000,0.010,0.974,0.016
84500,0.010,0.970,0.020
85000,0.010,0.967,0.023
85500,0.010,0.972,0.018
86000,0.010,0.978,0.012
86500,0.010,0.970,0.020
87000,0.010,0.969,0.021
87500,0.010,0.968,0.022
88000,0.010,0.971,0.019
88500,0.010,0.972,0.018
89000,0.010,0.970,0.020
89500,0.010,0.971,0.019
90000,0.010,0.974,0.016
90500,0.010,0.972,0.018
91000,0.010,0.972,0.018
91500,0.010,0.960,0.030
92000,0.010,0.963,0.027
92500,0.010,0.959,0.031
93000,0.010,0.961,0.029
93500,0.010,0.970,0.020
94000,0.010,0.959,0.031
94500,0.010,0.971,0.019
95000,0.010,0.970,0.020
95500,0.010,0.969,0.021
96000,0.010,0.976,0.014
96500,0.010,0.974,0.016
97000,0.010,0.980,0.010
97500,0.010,0.978,0.012
98000,0.010,0.983,0.007
98500,0.010,0.979,0.011
99000,0.010,0.981,0.009
99500,0.010,0.983,0.007
100000,0.010,0.968,0.022
100500,0.010,0.973,0.017
101000,0.010,0.976,0.014
101500,0.010,0.976,0.014
102000,0.010,0.979,0.011
102500,0.010,0.973,0.017
103000,0.010,0.969,0.021
103500,0.010,0.971,0.019
104000,0.010,0.979,0.011
104500,0.010,0.973,0.017
105000,0.010,0.970,0.020
105500,0.010,0.978,0.012
106000,0.010,0.980,0.010
106500,0.010,0.970,0.020
107000,0.010,0.972,0.018
107500,0.010,0.970,0.020
108000,0.010,0.955,0.035
108500,0.010,0.962,0.028
109000,0.010,0.960,0.030
109500,0.010,0.963,0.027
110000,0.010,0.960,0.030
110500,0.010,0.962,0.028
111000,0.010,0.958,0.032
111500,0.010,0.973,0.017
112000,0.010,0.969,0.021
112500,0.010,0.971,0.019
113000,0.010,0.971,0.019
113500,0.010,0.978,0.012
114000,0.010,0.985,0.005
114500,0.010,0.983,0.007
115000,0.010,0.975,0.015
115500,0.010,0.975,0.015
116000,0.010,0.972,0.018
116500,0.010,0.973,0.017
117000,0.010,0.965,0.025
117500,0.010,0.973,0.017
118000,0.010,0.976,0.014
118500,0.010,0.980,0.010
119000,0.010,0.981,0.009
119500,0.010,0.985,0.005
120000,0.010,0.977,0.013
120500,0.010,0.974,0.016
121000,0.010,0.978,0.012
121500,0.010,0.979,0.011
122000,0.010,0.976,0.014
122500,0.010,0.972,0.018
123000,0.010,0.976,0.014
123500,0.010,0.977,0.013
124000,0.010,0.975,0.015
124500,0.010,0.976,0.014
125000,0.010,0.977,0.013
125500,0.010,0.978,0.012
126000,0.010,0.964,0.026
126500,0.010,0.963,0.027
127000,0.010,0.971,0.019
127500,0.010,0.973,0.017
128000,0.010,0.974,0.016
128500,0.010,0.978,0.012
129000,0.010,0.971,0.019
129500,0.010,0.974,0.016
130000,0.010,0.971,0.019
130500,0.010,0.965,0.025
131000,0.010,0.958,0.032
131500,0.010,0.969,0.021
132000,0.010,0.981,0.009
132500,0.010,0.973,0.017
133000,0.010,0.960,0.030
133500,0.010,0.967,0.023
134000,0.010,0.979,0.011
134500,0.010,0.978,0.012
135000,0.010,0.971,0.019
135500,0.010,0.978,0.012
136000,0.010,0.978,0.012
136500,0.010,0.971,0.019
137000,0.010,0.970,0.020
137500,0.010,0.981,0.009
138000,0.010,0.971,0.019
138500,0.010,0.956,0.034
139000,0.010,0.963,0.027
139500,0.010,0.974,0.016
140000,0.010,0.976,0.014
140500,0.010,0.967,0.023
141000,0.010,0.972,0.018
141500,0.010,0.960,0.030
142000,0.010,0.970,0.020
142500,0.010,0.971,0.019
143000,0.010,0.965,0.025
143500,0.010,0.961,0.029
144000,0.010,0.951,0.039
144500,0.010,0.965,0.025
145000,0.010,0.973,0.017
145500,0.010,0.964,0.026
146000,0.010,0.968,0.022
146500,0.010,0.964,0.026
147000,0.010,0.956,0.034
147500,0.010,0.956,0.034
148000,0.010,0.961,0.029
148500,0.010,0.972,0.018
149000,0.010,0.972,0.018
149500,0.010,0.961,0.029
150000,0.010,0.963,0.027
150500,0.010,0.971,0.019
151000,0.010,0.969,0.021
151500,0.010,0.973,0.017
152000,0.010,0.978,0.012
152500,0.010,0.978,0.012
153000,0.010,0.969,0.021
153500,0.010,0.976,0.014
154000,0.010,0.979,0.011
154500,0.010,0.979,0.011
155000,0.010,0.983,0.007
155500,0.010,0.973,0.017
156000,0.010,0.962,0.028
156500,0.010,0.969,0.021
157000,0.010,0.972,0.018
157500,0.010,0.976,0.014
158000,0.010,0.973,0.017
158500,0.010,0.974,0.016
159000,0.010,0.970,0.020
159500,0.010,0.977,0.013
160000,0.010,0.980,0.010
160500,0.010,0.981,0.009
161000,0.010,0.976,0.014
161500,0.010,0.972,0.018
162000,0.010,0.976,0.014
162500,0.010,0.986,0.004
163000,0.010,0.979,0.011
163500,0.010,0.971,0.019
164000,0.010,0.973,0.017
164500,0.010,0.967,0.023
165000,0.010,0.956,0.034
165500,0.010,0.972,0.018
166000,0.010,0.976,0.014
166500,0.010,0.972,0.018
167000,0.010,0.959,0.031
167500,0.010,0.960,0.030
168000,0.010,0.972,0.018
168500,0.010,0.970,0.020
169000,0.010,0.966,0.024
169500,0.010,0.968,0.022
170000,0.010,0.972,0.018
170500,0.010,0.964,0.026
171000,0.010,0.957,0.033
171500,0.010,0.967,0.023
172000,0.010,0.974,0.016
172500,0.010,0.970,0.020
173000,0.010,0.975,0.015
173500,0.010,0.977,0.013
174000,0.010,0.978,0.012
174500,0.010,0.976,0.014
175000,0.010,0.965,0.025
175500,0.010,0.970,0.020
176000,0.010,0.970,0.020
176500,0.010,0.976,0.014
177000,0.010,0.981,0.009
177500,0.010,0.977,0.013
178000,0.010,0.969,0.021
178500,0.010,0.962,0.028
179000,0.010,0.963,0.027
179500,0.010,0.974,0.016
180000,0.010,0.978,0.012
180500,0.010,0.966,0.024
181000,0.010,0.968,0.022
181500,0.010,0.970,0.020
182000,0.010,0.969,0.021
182500,0.010,0.967,0.023
183000,0.010,0.948,0.042
183500,0.010,0.961,0.029
184000,0.010,0.969,0.021
184500,0.010,0.969,0.021
185000,0.010,0.970,0.020
185500,0.010,0.968,0.022
186000,0.010,0.978,0.012
186500,0.010,0.974,0.016
187000,0.010,0.962,0.028
187500,0.010,0.977,0.013
188000,0.010,0.981,0.009
188500,0.010,0.973,0.017
189000,0.010,0.975,0.015
189500,0.010,0.975,0.015
190000,0.010,0.971,0.019
190500,0.010,0.968,0.022
191000,0.010,0.961,0.029
191500,0.010,0.969,0.021
192000,0.010,0.970,0.020
192500,0.010,0.980,0.010
193000,0.010,0.971,0.019
193500,0.010,0.982,0.008
194000,0.010,0.985,0.005
194500,0.010,0.966,0.024
195000,0.010,0.968,0.022
195500,0.010,0.976,0.014
196000,0.010,0.971,0.019
196500,0.010,0.971,0.019
197000,0.010,0.967,0.023
197500,0.010,0.967,0.023
198000,0.010,0.964,0.026
198500,0.010,0.958,0.032
199000,0.010,0.966,0.024
199500,0.010,0.961,0.029
200000,0.010,0.962,0.028
200500,0.010,0.964,0.026
201000,0.010,0.969,0.021
201500,0.010,0.973,0.017
202000,0.010,0.976,0.014
202500,0.010,0.971,0.019
203000,0.010,0.976,0.014
203500,0.010,0.982,0.008
204000,0.010,0.976,0.014
204500,0.010,0.968,0.022
205000,0.010,0.974,0.016
205500,0.010,0.977,0.013
206000,0.010,0.960,0.030
206500,0.010,0.971,0.019
207000,0.010,0.968,0.022
207500,0.010,0.965,0.025
208000,0.010,0.975,0.015
208500,0.010,0.969,0.021
209000,0.010,0.968,0.022
209500,0.010,0.972,0.018
210000,0.010,0.975,0.015
210500,0.010,0.979,0.011
211000,0.010,0.974,0.016
211500,0.010,0.976,0.014
212000,0.010,0.966,0.024
212500,0.010,0.958,0.032
213000,0.010,0.969,0.021
213500,0.010,0.960,0.030
214000,0.010,0.966,0.024
214500,0.010,0.961,0.029
215000,0.010,0.970,0.020
215500,0.010,0.974,0.016
216000,0.010,0.966,0.024
216500,0.010,0.967,0.023
217000,0.010,0.975,0.015
217500,0.010,0.966,0.024
218000,0.010,0.972,0.018
218500,0.010,0.972,0.018
219000,0.010,0.973,0.017
219500,0.010,0.974,0.016
220000,0.010,0.965,0.025
220500,0.010,0.974,0.016
221000,0.010,0.964,0.026
221500,0.010,0.957,0.033
222000,0.010,0.960,0.030
222500,0.010,0.958,0.032
223000,0.010,0.967,0.023
223500,0.010,0.970,0.020
224000,0.010,0.973,0.017
224500,0.010,0.970,0.020
225000,0.010,0.978,0.012
225500,0.010,0.974,0.016
226000,0.010,0.975,0.015
226500,0.010,0.963,0.027
227000,0.010,0.968,0.022
227500,0.010,0.974,0.016
228000,0.010,0.975,0.015
228500,0.010,0.975,0.015
229000,0.010,0.977,0.013
229500,0.010,0.969,0.021
230000,0.010,0.965,0.025
230500,0.010,0.963,0.027
231000,0.010,0.974,0.016
231500,0.010,0.974,0.016
232000,0.010,0.981,0.009
232500,0.010,0.980,0.010
233000,0.010,0.979,0.011
233500,0.010,0.980,0.010
234000,0.010,0.985,0.005
234500,0.010,0.982,0.008
235000,0.010,0.974,0.016
235500,0.010,0.973,0.017
236000,0.010,0.979,0.011
236500,0.010,0.977,0.013
237000,0.010,0.971,0.019
237500,0.010,0.975,0.015
238000,0.010,0.974,0.016
238500,0.010,0.970,0.020
239000,0.010,0.963,0.027
239500,0.010,0.955,0.035
240000,0.010,0.959,0.031
240500,0.010,0.970,0.020
241000,0.010,0.971,0.019
241500,0.010,0.972,0.018
242000,0.010,0.964,0.026
242500,0.010,0.957,0.033
243000,0.010,0.963,0.027
243500,0.010,0.963,0.027
244000,0.010,0.969,0.021
244500,0.010,0.978,0.012
245000,0.010,0.969,0.021
245500,0.010,0.967,0.023
246000,0.010,0.967,0.023
246500,0.010,0.968,0.022
247000,0.010,0.966,0.024
247500,0.010,0.965,0.025
248000,0.010,0.961,0.029
248500,0.010,0.963,0.027
249000,0.010,0.970,0.020
249500,0.010,0.979,0.011
250000,0.010,0.969,0.021
250500,0.010,0.975,0.015
251000,0.010,0.972,0.018
251500,0.010,0.977,0.013
252000,0.010,0.971,0.019
252500,0.010,0.962,0.028
253000,0.010,0.970,0.020
253500,0.010,0.976,0.014
254000,0.010,0.976,0.014
254500,0.010,0.969,0.021
255000,0.010,0.964,0.026
255500,0.010,0.966,0.024
256000,0.010,0.968,0.022
256500,0.010,0.969,0.021
257000,0.010,0.964,0.026
257500,0.010,0.975,0.015
258000,0.010,0.979,0.011
258500,0.010,0.973,0.017
259000,0.010,0.978,0.012
259500,0.010,0.975,0.015
260000,0.010,0.975,0.015
260500,0.010,0.970,0.020
261000,0.010,0.967,0.023
261500,0.010,0.966,0.024
262000,0.010,0.965,0.025
262500,0.010,0.967,0.023
263000,0.010,0.975,0.015
263500,0.010,0.970,0.020
264000,0.010,0.975,0.015
264500,0.010,0.969,0.021
265000,0.010,0.976,0.014
265500,0.010,0.983,0.007
266000,0.010,0.982,0.008
266500,0.010,0.973,0.017
267000,0.010,0.972,0.018
267500,0.010,0.966,0.024
268000,0.010,0.951,0.039
268500,0.010,0.950,0.040
269000,0.010,0.958,0.032
269500,0.010,0.966,0.024
270000,0.010,0.971,0.019
270500,0.010,0.972,0.018
271000,0.010,0.969,0.021
271500,0.010,0.966,0.024
272000,0.010,0.976,0.014
272500,0.010,0.972,0.018
273000,0.010,0.975,0.015
273500,0.010,0.963,0.027
274000,0.010,0.966,0.024
274500,0.010,0.971,0.019
275000,0.010,0.971,0.019
275500,0.010,0.979,0.011
276000,0.010,0.979,0.011
276500,0.010,0.969,0.021
277000,0.010,0.965,0.025
277500,0.010,0.972,0.018
278000,0.010,0.966,0.024
278500,0.010,0.973,0.017
279000,0.010,0.971,0.019
279500,0.010,0.964,0.026
280000,0.010,0.966,0.024
280500,0.010,0.971,0.019
281000,0.010,0.963,0.027
281500,0.010,0.966,0.024
282000,0.010,0.976,0.014
282500,0.010,0.977,0.013
283000,0.010,0.976,0.014
283500,0.010,0.967,0.023
284000,0.010,0.967,0.023
284500,0.010,0.975,0.015
285000,0.010,0.975,0.015
285500,0.010,0.980,0.010
286000,0.010,0.975,0.015
286500,0.010,0.966,0.024
287000,0.010,0.971,0.019
287500,0.010,0.977,0.013
288000,0.010,0.977,0.013
288500,0.010,0.977,0.013
289000,0.010,0.970,0.020
289500,0.010,0.969,0.021
290000,0.010,0.973,0.017
290500,0.010,0.969,0.021
291000,0.010,0.969,0.021
291500,0.010,0.970,0.020
292000,0.010,0.969,0.021
292500,0.010,0.966,0.024
293000,0.010,0.980,0.010
293500,0.010,0.984,0.006
294000,0.010,0.979,0.011
294500,0.010,0.980,0.010
295000,0.010,0.983,0.007
295500,0.010,0.979,0.011
296000,0.010,0.976,0.014
296500,0.010,0.984,0.006
297000,0.010,0.979,0.011
297500,0.010,0.971,0.019
298000,0.010,0.967,0.023
298500,0.010,0.976,0.014
299000,0.010,0.972,0.018
299500,0.010,0.969,0.021
300000,0.010,0.971,0.019
300500,0.010,0.972,0.018
301000,0.010,0.968,0.022
301500,0.010,0.969,0.021
302000,0.010,0.970,0.020
302500,0.010,0.973,0.017
303000,0.010,0.976,0.014
303500,0.010,0.972,0.018
304000,0.010,0.981,0.009
304500,0.010,0.975,0.015
305000,0.010,0.982,0.008
305500,0.010,0.974,0.016
306000,0.010,0.978,0.012
306500,0.010,0.977,0.013
307000,0.010,0.972,0.018
307500,0.010,0.970,0.020
308000,0.010,0.979,0.011
308500,0.010,0.976,0.014
309000,0.010,0.975,0.015
309500,0.010,0.975,0.015
310000,0.010,0.969,0.021
310500,0.010,0.969,0.021
311000,0.010,0.963,0.027
311500,0.010,0.967,0.023
312000,0.010,0.969,0.021
312500,0.010,0.973,0.017
313000,0.010,0.978,0.012
313500,0.010,0.979,0.011
314000,0.010,0.965,0.025
314500,0.010,0.967,0.023
315000,0.010,0.966,0.024
315500,0.010,0.968,0.022
316000,0.010,0.957,0.033
316500,0.010,0.966,0.024
317000,0.010,0.964,0.026
317500,0.010,0.962,0.028
318000,0.010,0.951,0.039
318500,0.010,0.954,0.036
319000,0.010,0.953,0.037
319500,0.010,0.956,0.034
320000,0.010,0.948,0.042
320500,0.010,0.965,0.025
321000,0.010,0.973,0.017
321500,0.010,0.966,0.024
322000,0.010,0.963,0.027
322500,0.010,0.975,0.015
323000,0.010,0.975,0.015
323500,0.010,0.968,0.022
324000,0.010,0.965,0.025
324500,0.010,0.962,0.028
325000,0.010,0.970,0.020
325500,0.010,0.966,0.024
326000,0.010,0.966,0.024
326500,0.010,0.957,0.033
327000,0.010,0.970,0.020
327500,0.010,0.968,0.022
328000,0.010,0.966,0.024
328500,0.010,0.966,0.024
329000,0.010,0.971,0.019
329500,0.010,0.966,0.024
330000,0.010,0.963,0.027
330500,0.010,0.964,0.026
331000,0.010,0.970,0.020
331500,0.010,0.966,0.024
332000,0.010,0.961,0.029
332500,0.010,0.966,0.024
333000,0.010,0.969,0.021
333500,0.010,0.976,0.014
334000,0.010,0.970,0.020
334500,0.010,0.975,0.015
335000,0.010,0.971,0.019
335500,0.010,0.968,0.022
336000,0.010,0.978,0.012
336500,0.010,0.974,0.016
337000,0.010,0.977,0.013
337500,0.010,0.952,0.038
338000,0.010,0.964,0.026
338500,0.010,0.968,0.022
339000,0.010,0.968,0.022
339500,0.010,0.969,0.021
340000,0.010,0.976,0.014
340500,0.010,0.969,0.021
341000,0.010,0.974,0.016
341500,0.010,0.970,0.020
342000,0.010,0.971,0.019
342500,0.010,0.965,0.025
343000,0.010,0.972,0.018
343500,0.010,0.976,0.014
344000,0.010,0.976,0.014
344500,0.010,0.969,0.021
345000,0.010,0.971,0.019
345500,0.010,0.963,0.027
346000,0.010,0.965,0.025
346500,0.010,0.976,0.014
347000,0.010,0.975,0.015
347500,0.010,0.971,0.019
348000,0.010,0.977,0.013
348500,0.010,0.969,0.021
349000,0.010,0.975,0.015
349500,0.010,0.976,0.014
350000,0.010,0.976,0.014
350500,0.010,0.965,0.025
351000,0.010,0.955,0.035
351500,0.010,0.967,0.023
352000,0.010,0.966,0.024
352500,0.010,0.969,0.021
353000,0.010,0.974,0.016
353500,0.010,0.966,0.024
354000,0.010,0.960,0.030
354500,0.010,0.968,0.022
355000,0.010,0.975,0.015
355500,0.010,0.971,0.019
356000,0.010,0.969,0.021
356500,0.010,0.972,0.018
357000,0.010,0.964,0.026
357500,0.010,0.964,0.026
358000,0.010,0.969,0.021
358500,0.010,0.972,0.018
359000,0.010,0.976,0.014
359500,0.010,0.971,0.019
360000,0.010,0.971,0.019
360500,0.010,0.961,0.029
361000,0.010,0.964,0.026
361500,0.010,0.967,0.023
362000,0.010,0.969,0.021
362500,0.010,0.966,0.024
363000,0.010,0.967,0.023
363500,0.010,0.978,0.012
364000,0.010,0.976,0.014
364500,0.010,0.967,0.023
365000,0.010,0.978,0.012
365500,0.010,0.974,0.016
366000,0.010,0.980,0.010
366500,0.010,0.977,0.013
367000,0.010,0.981,0.009
367500,0.010,0.986,0.004
368000,0.010,0.982,0.008
368500,0.010,0.973,0.017
369000,0.010,0.972,0.018
369500,0.010,0.975,0.015
370000,0.010,0.972,0.018
370500,0.010,0.979,0.011
371000,0.010,0.971,0.019
371500,0.010,0.967,0.023
372000,0.010,0.969,0.021
372500,0.010,0.973,0.017
373000,0.010,0.967,0.023
373500,0.010,0.970,0.020
374000,0.010,0.965,0.025
374500,0.010,0.965,0.025
375000,0.010,0.963,0.027
375500,0.010,0.967,0.023
376000,0.010,0.965,0.025
376500,0.010,0.958,0.032
377000,0.010,0.967,0.023
377500,0.010,0.968,0.022
378000,0.010,0.971,0.019
378500,0.010,0.968,0.022
379000,0.010,0.977,0.013
379500,0.010,0.972,0.018
380000,0.010,0.964,0.026
380500,0.010,0.973,0.017
381000,0.010,0.965,0.025
381500,0.010,0.960,0.030
382000,0.010,0.960,0.030
382500,0.010,0.959,0.031
383000,0.010,0.961,0.029
383500,0.010,0.968,0.022
384000,0.010,0.975,0.015
384500,0.010,0.967,0.023
385000,0.010,0.961,0.029
385500,0.010,0.966,0.024
386000,0.010,0.972,0.018
386500,0.010,0.973,0.017
387000,0.010,0.973,0.017
387500,0.010,0.973,0.017
388000,0.010,0.970,0.020
388500,0.010,0.971,0.019
389000,0.010,0.978,0.012
389500,0.010,0.972,0.018
390000,0.010,0.971,0.019
390500,0.010,0.966,0.024
391000,0.010,0.971,0.019
391500,0.010,0.978,0.012
392000,0.010,0.972,0.018
392500,0.010,0.979,0.011
393000,0.010,0.971,0.019
393500,0.010,0.973,0.017
394000,0.010,0.977,0.013
394500,0.010,0.970,0.020
395000,0.010,0.963,0.027
395500,0.010,0.955,0.035
396000,0.010,0.953,0.037
396500,0.010,0.967,0.023
397000,0.010,0.963,0.027
397500,0.010,0.972,0.018
398000,0.010,0.960,0.030
398500,0.010,0.957,0.033
399000,0.010,0.973,0.017
399500,0.010,0.977,0.013
400000,0.010,0.970,0.020
400500,0.010,0.977,0.013
401000,0.010,0.972,0.018
401500,0.010,0.977,0.013
402000,0.010,0.976,0.014
402500,0.010,0.971,0.019
403000,0.010,0.972,0.018
403500,0.010,0.967,0.023
404000,0.010,0.972,0.018
404500,0.010,0.969,0.021
405000,0.010,0.964,0.026
405500,0.010,0.969,0.021
406000,0.010,0.974,0.016
406500,0.010,0.980,0.010
407000,0.010,0.983,0.007
407500,0.010,0.966,0.024
408000,0.010,0.971,0.019
408500,0.010,0.971,0.019
409000,0.010,0.980,0.010
409500,0.010,0.978,0.012
410000,0.010,0.977,0.013
410500,0.010,0.968,0.022
411000,0.010,0.964,0.026
411500,0.010,0.969,0.021
412000,0.010,0.974,0.016
412500,0.010,0.978,0.012
413000,0.010,0.981,0.009
413500,0.010,0.975,0.015
414000,0.010,0.970,0.020
414500,0.010,0.977,0.013
415000,0.010,0.971,0.019
415500,0.010,0.978,0.012
416000,0.010,0.967,0.023
416500,0.010,0.967,0.023
417000,0.010,0.973,0.017
417500,0.010,0.973,0.017
418000,0.010,0.974,0.016
418500,0.010,0.973,0.017
419000,0.010,0.963,0.027
419500,0.010,0.971,0.019
420000,0.010,0.978,0.012
420500,0.010,0.972,0.018
421000,0.010,0.977,0.013
421500,0.010,0.977,0.013
422000,0.010,0.971,0.019
422500,0.010,0.959,0.031
423000,0.010,0.956,0.034
423500,0.010,0.963,0.027
424000,0.010,0.965,0.025
424500,0.010,0.967,0.023
425000,0.010,0.956,0.034
425500,0.010,0.959,0.031
426000,0.010,0.964,0.026
426500,0.010,0.968,0.022
427000,0.010,0.964,0.026
427500,0.010,0.970,0.020
428000,0.010,0.974,0.016
428500,0.010,0.975,0.015
429000,0.010,0.979,0.011
429500,0.010,0.978,0.012
430000,0.010,0.982,0.008
430500,0.010,0.970,0.020
431000,0.010,0.976,0.014
431500,0.010,0.973,0.017
432000,0.010,0.970,0.020
432500,0.010,0.964,0.026
433000,0.010,0.971,0.019
433500,0.010,0.969,0.021
434000,0.010,0.973,0.017
434500,0.010,0.967,0.023
435000,0.010,0.971,0.019
435500,0.010,0.977,0.013
436000,0.010,0.974,0.016
436500,0.010,0.971,0.019
437000,0.010,0.974,0.016
437500,0.010,0.972,0.018
438000,0.010,0.954,0.036
438500,0.010,0.964,0.026
439000,0.010,0.965,0.025
439500,0.010,0.946,0.044
440000,0.010,0.953,0.037
440500,0.010,0.959,0.031
441000,0.010,0.969,0.021
441500,0.010,0.967,0.023
442000,0.010,0.960,0.030
442500,0.010,0.960,0.030
443000,0.010,0.973,0.017
443500,0.010,0.968,0.022
444000,0.010,0.967,0.023
444500,0.010,0.958,0.032
445000,0.010,0.961,0.029
445500,0.010,0.963,0.027
446000,0.010,0.962,0.028
446500,0.010,0.965,0.025
447000,0.010,0.973,0.017
447500,0.010,0.972,0.018
448000,0.010,0.965,0.025
448500,0.010,0.978,0.012
449000,0.010,0.981,0.009
449500,0.010,0.974,0.016
450000,0.010,0.968,0.022
450500,0.010,0.969,0.021
451000,0.010,0.969,0.021
451500,0.010,0.962,0.028
452000,0.010,0.973,0.017
452500,0.010,0.979,0.011
453000,0.010,0.973,0.017
453500,0.010,0.964,0.026
454000,0.010,0.966,0.024
454500,0.010,0.966,0.024
455000,0.010,0.965,0.025
455500,0.010,0.966,0.024
456000,0.010,0.979,0.011
456500,0.010,0.975,0.015
457000,0.010,0.971,0.019
457500,0.010,0.960,0.030
458000,0.010,0.956,0.034
458500,0.010,0.973,0.017
459000,0.010,0.979,0.011
459500,0.010,0.976,0.014
460000,0.010,0.975,0.015
460500,0.010,0.981,0.009
461000,0.010,0.976,0.014
461500,0.010,0.975,0.015
462000,0.010,0.962,0.028
462500,0.010,0.965,0.025
463000,0.010,0.971,0.019
463500,0.010,0.971,0.019
464000,0.010,0.965,0.025
464500,0.010,0.970,0.020
465000,0.010,0.971,0.019
465500,0.010,0.978,0.012
466000,0.010,0.978,0.012
466500,0.010,0.975,0.015
467000,0.010,0.979,0.011
467500,0.010,0.980,0.010
468000,0.010,0.967,0.023
468500,0.010,0.971,0.019
469000,0.010,0.969,0.021
469500,0.010,0.970,0.020
470000,0.010,0.967,0.023
470500,0.010,0.977,0.013
471000,0.010,0.975,0.015
471500,0.010,0.977,0.013
472000,0.010,0.974,0.016
472500,0.010,0.977,0.013
473000,0.010,0.973,0.017
473500,0.010,0.967,0.023
474000,0.010,0.966,0.024
474500,0.010,0.971,0.019
475000,0.010,0.960,0.030
475500,0.010,0.961,0.029
476000,0.010,0.960,0.030
476500,0.010,0.951,0.039
477000,0.010,0.965,0.025
477500,0.010,0.956,0.034
478000,0.010,0.964,0.026
478500,0.010,0.966,0.024
479000,0.010,0.967,0.023
479500,0.010,0.972,0.018
480000,0.010,0.974,0.016
480500,0.010,0.976,0.014
481000,0.010,0.977,0.013
481500,0.010,0.973,0.017
482000,0.010,0.983,0.007
482500,0.010,0.981,0.009
483000,0.010,0.984,0.006
483500,0.010,0.971,0.019
484000,0.010,0.970,0.020
484500,0.010,0.968,0.022
485000,0.010,0.967,0.023
485500,0.010,0.967,0.023
486000,0.010,0.966,0.024
486500,0.010,0.948,0.042
487000,0.010,0.962,0.028
487500,0.010,0.963,0.027
488000,0.010,0.967,0.023
488500,0.010,0.973,0.017
489000,0.010,0.968,0.022
489500,0.010,0.972,0.018
490000,0.010,0.973,0.017
490500,0.010,0.981,0.009
491000,0.010,0.983,0.007
491500,0.010,0.983,0.007
492000,0.010,0.974,0.016
492500,0.010,0.968,0.022
493000,0.010,0.977,0.013
493500,0.010,0.974,0.016
494000,0.010,0.976,0.014
494500,0.010,0.973,0.017
495000,0.010,0.973,0.017
495500,0.010,0.975,0.015
496000,0.010,0.974,0.016
496500,0.010,0.962,0.028
497000,0.010,0.971,0.019
497500,0.010,0.977,0.013
498000,0.010,0.965,0.025
498500,0.010,0.966,0.024
499000,0.010,0.969,0.021
499500,0.010,0.968,0.022
500000,0.010,0.960,0.030
500500,0.010,0.962,0.028
501000,0.010,0.971,0.019
501500,0.010,0.965,0.025
502000,0.010,0.964,0.026
502500,0.010,0.964,0.026
503000,0.010,0.975,0.015
503500,0.010,0.974,0.016
504000,0.010,0.956,0.034
504500,0.010,0.957,0.033
505000,0.010,0.971,0.019
505500,0.010,0.968,0.022
506000,0.010,0.968,0.022
506500,0.010,0.966,0.024
507000,0.010,0.968,0.022
507500,0.010,0.967,0.023
508000,0.010,0.967,0.023
508500,0.010,0.953,0.037
509000,0.010,0.968,0.022
509500,0.010,0.969,0.021
510000,0.010,0.964,0.026
510500,0.010,0.958,0.032
511000,0.010,0.968,0.022
511500,0.010,0.963,0.027
512000,0.010,0.955,0.035
512500,0.010,0.953,0.037
513000,0.010,0.961,0.029
513500,0.010,0.957,0.033
514000,0.010,0.961,0.029
514500,0.010,0.962,0.028
515000,0.010,0.971,0.019
515500,0.010,0.970,0.020
516000,0.010,0.972,0.018
516500,0.010,0.965,0.025
517000,0.010,0.975,0.015
517500,0.010,0.980,0.010
518000,0.010,0.979,0.011
518500,0.010,0.980,0.010
519000,0.010,0.980,0.010
519500,0.010,0.976,0.014
520000,0.010,0.968,0.022
520500,0.010,0.972,0.018
521000,0.010,0.970,0.020
521500,0.010,0.973,0.017
522000,0.010,0.973,0.017
522500,0.010,0.971,0.019
523000,0.010,0.975,0.015
523500,0.010,0.975,0.015
524000,0.010,0.982,0.008
524500,0.010,0.979,0.011
525000,0.010,0.969,0.021
525500,0.010,0.975,0.015
526000,0.010,0.979,0.011
526500,0.010,0.980,0.010
527000,0.010,0.979,0.011
527500,0.010,0.969,0.021
528000,0.010,0.968,0.022
528500,0.010,0.974,0.016
529000,0.010,0.978,0.012
529500,0.010,0.982,0.008
530000,0.010,0.970,0.020
530500,0.010,0.973,0.017
531000,0.010,0.975,0.015
531500,0.010,0.967,0.023
532000,0.010,0.963,0.027
532500,0.010,0.969,0.021
533000,0.010,0.974,0.016
533500,0.010,0.984,0.006
534000,0.010,0.978,0.012
534500,0.010,0.974,0.016
535000,0.010,0.972,0.018
535500,0.010,0.977,0.013
536000,0.010,0.974,0.016
536500,0.010,0.967,0.023
537000,0.010,0.974,0.016
537500,0.010,0.955,0.035
538000,0.010,0.958,0.032
538500,0.010,0.967,0.023
539000,0.010,0.970,0.020
539500,0.010,0.972,0.018
540000,0.010,0.970,0.020
540500,0.010,0.981,0.009
541000,0.010,0.971,0.019
541500,0.010,0.963,0.027
542000,0.010,0.963,0.027
542500,0.010,0.958,0.032
543000,0.010,0.956,0.034
543500,0.010,0.973,0.017
544000,0.010,0.976,0.014
544500,0.010,0.961,0.029
545000,0.010,0.952,0.038
545500,0.010,0.974,0.016
546000,0.010,0.956,0.034
546500,0.010,0.968,0.022
547000,0.010,0.959,0.031
547500,0.010,0.963,0.027
548000,0.010,0.968,0.022
548500,0.010,0.968,0.022
549000,0.010,0.966,0.024
549500,0.010,0.972,0.018
550000,0.010,0.980,0.010
550500,0.010,0.973,0.017
551000,0.010,0.976,0.014
551500,0.010,0.971,0.019
552000,0.010,0.975,0.015
552500,0.010,0.972,0.018
553000,0.010,0.973,0.017
553500,0.010,0.974,0.016
554000,0.010,0.964,0.026
554500,0.010,0.970,0.020
555000,0.010,0.966,0.024
555500,0.010,0.969,0.021
556000,0.010,0.973,0.017
556500,0.010,0.976,0.014
557000,0.010,0.967,0.023
557500,0.010,0.973,0.017
558000,0.010,0.971,0.019
558500,0.010,0.973,0.017
559000,0.010,0.972,0.018
559500,0.010,0.972,0.018
560000,0.010,0.977,0.013
560500,0.010,0.973,0.017
561000,0.010,0.964,0.026
561500,0.010,0.961,0.029
562000,0.010,0.951,0.039
562500,0.010,0.957,0.033
563000,0.010,0.965,0.025
563500,0.010,0.969,0.021
564000,0.010,0.969,0.021
564500,0.010,0.976,0.014
565000,0.010,0.959,0.031
565500,0.010,0.969,0.021
566000,0.010,0.972,0.018
566500,0.010,0.972,0.018
567000,0.010,0.969,0.021
567500,0.010,0.966,0.024
568000,0.010,0.968,0.022
568500,0.010,0.968,0.022
569000,0.010,0.976,0.014
569500,0.010,0.981,0.009
570000,0.010,0.983,0.007
570500,0.010,0.982,0.008
571000,0.010,0.980,0.010
571500,0.010,0.984,0.006
572000,0.010,0.985,0.005
572500,0.010,0.978,0.012
573000,0.010,0.981,0.009
573500,0.010,0.979,0.011
574000,0.010,0.984,0.006
574500,0.010,0.972,0.018
575000,0.010,0.976,0.014
575500,0.010,0.968,0.022
576000,0.010,0.962,0.028
576500,0.010,0.952,0.038
577000,0.010,0.954,0.036
577500,0.010,0.956,0.034
578000,0.010,0.969,0.021
578500,0.010,0.967,0.023
579000,0.010,0.970,0.020
579500,0.010,0.974,0.016
580000,0.010,0.978,0.012
580500,0.010,0.984,0.006
581000,0.010,0.982,0.008
581500,0.010,0.978,0.012
582000,0.010,0.974,0.016
582500,0.010,0.974,0.016
583000,0.010,0.968,0.022
583500,0.010,0.978,0.012
584000,0.010,0.979,0.011
584500,0.010,0.975,0.015
585000,0.010,0.972,0.018
585500,0.010,0.965,0.025
586000,0.010,0.973,0.017
586500,0.010,0.968,0.022
587000,0.010,0.964,0.026
587500,0.010,0.965,0.025
588000,0.010,0.973,0.017
588500,0.010,0.976,0.014
589000,0.010,0.979,0.011
589500,0.010,0.981,0.009
590000,0.010,0.976,0.014
590500,0.010,0.979,0.011
591000,0.010,0.972,0.018
591500,0.010,0.976,0.014
592000,0.010,0.974,0.016
592500,0.010,0.970,0.020
593000,0.010,0.970,0.020
593500,0.010,0.970,0.020
594000,0.010,0.973,0.017
594500,0.010,0.970,0.020
595000,0.010,0.969,0.021
595500,0.010,0.964,0.026
596000,0.010,0.968,0.022
596500,0.010,0.965,0.025
597000,0.010,0.964,0.026
597500,0.010,0.961,0.029
598000,0.010,0.960,0.030
598500,0.010,0.966,0.024
599000,0.010,0.966,0.024
599500,0.010,0.971,0.019
600000,0.010,0.964,0.026
600500,0.010,0.970,0.020
601000,0.010,0.980,0.010
601500,0.010,0.981,0.009
602000,0.010,0.971,0.019
602500,0.010,0.977,0.013
603000,0.010,0.978,0.012
603500,0.010,0.977,0.013
604000,0.010,0.978,0.012
604500,0.010,0.970,0.020
605000,0.010,0.969,0.021
605500,0.010,0.963,0.027
606000,0.010,0.974,0.016
606500,0.010,0.981,0.009
607000,0.010,0.983,0.007
607500,0.010,0.976,0.014
608000,0.010,0.981,0.009
608500,0.010,0.975,0.015
609000,0.010,0.980,0.010
609500,0.010,0.968,0.022
610000,0.010,0.956,0.034
610500,0.010,0.964,0.026
611000,0.010,0.961,0.029
611500,0.010,0.964,0.026
612000,0.010,0.960,0.030
612500,0.010,0.964,0.026
613000,0.010,0.968,0.022
613500,0.010,0.964,0.026
614000,0.010,0.966,0.024
614500,0.010,0.962,0.028
615000,0.010,0.968,0.022
615500,0.010,0.971,0.019
616000,0.010,0.975,0.015
616500,0.010,0.972,0.018
617000,0.010,0.970,0.020
617500,0.010,0.971,0.019
618000,0.010,0.982,0.008
618500,0.010,0.979,0.011
619000,0.010,0.971,0.019
619500,0.010,0.969,0.021
620000,0.010,0.964,0.026
620500,0.010,0.973,0.017
621000,0.010,0.965,0.025
621500,0.010,0.973,0.017
622000,0.010,0.971,0.019
622500,0.010,0.970,0.020
623000,0.010,0.976,0.014
623500,0.010,0.966,0.024
624000,0.010,0.974,0.016
624500,0.010,0.969,0.021
625000,0.010,0.983,0.007
625500,0.010,0.989,0.001
626000,0.010,0.986,0.004
626500,0.010,0.977,0.013
627000,0.010,0.978,0.012
627500,0.010,0.976,0.014
628000,0.010,0.970,0.020
628500,0.010,0.963,0.027
629000,0.010,0.962,0.028
629500,0.010,0.964,0.026
630000,0.010,0.970,0.020
630500,0.010,0.965,0.025
631000,0.010,0.965,0.025
631500,0.010,0.964,0.026
632000,0.010,0.970,0.020
632500,0.010,0.973,0.017
633000,0.010,0.974,0.016
633500,0.010,0.976,0.014
634000,0.010,0.975,0.015
634500,0.010,0.974,0.016
635000,0.010,0.975,0.015
635500,0.010,0.971,0.019
636000,0.010,0.975,0.015
636500,0.010,0.978,0.012
637000,0.010,0.971,0.019
637500,0.010,0.967,0.023
638000,0.010,0.975,0.015
638500,0.010,0.976,0.014
639000,0.010,0.971,0.019
639500,0.010,0.961,0.029
640000,0.010,0.970,0.020
640500,0.010,0.977,0.013
641000,0.010,0.968,0.022
641500,0.010,0.966,0.024
642000,0.010,0.974,0.016
642500,0.010,0.967,0.023
643000,0.010,0.974,0.016
643500,0.010,0.967,0.023
644000,0.010,0.968,0.022
644500,0.010,0.958,0.032
645000,0.010,0.954,0.036
645500,0.010,0.961,0.029
646000,0.010,0.963,0.027
646500,0.010,0.970,0.020
647000,0.010,0.976,0.014
647500,0.010,0.981,0.009
648000,0.010,0.970,0.020
648500,0.010,0.980,0.010
649000,0.010,0.982,0.008
649500,0.010,0.981,0.009
650000,0.010,0.964,0.026
650500,0.010,0.978,0.012
651000,0.010,0.969,0.021
651500,0.010,0.972,0.018
652000,0.010,0.966,0.024
652500,0.010,0.967,0.023
653000,0.010,0.977,0.013
653500,0.010,0.970,0.020
654000,0.010,0.966,0.024
654500,0.010,0.968,0.022
655000,0.010,0.978,0.012
655500,0.010,0.974,0.016
656000,0.010,0.976,0.014
656500,0.010,0.974,0.016
657000,0.010,0.962,0.028
657500,0.010,0.971,0.019
658000,0.010,0.970,0.020
658500,0.010,0.979,0.011
659000,0.010,0.983,0.007
659500,0.010,0.984,0.006
660000,0.010,0.978,0.012
660500,0.010,0.978,0.012
661000,0.010,0.975,0.015
661500,0.010,0.971,0.019
662000,0.010,0.974,0.016
662500,0.010,0.976,0.014
663000,0.010,0.959,0.031
663500,0.010,0.970,0.020
664000,0.010,0.977,0.013
664500,0.010,0.973,0.017
665000,0.010,0.977,0.013
665500,0.010,0.982,0.008
666000,0.010,0.976,0.014
666500,0.010,0.976,0.014
667000,0.010,0.972,0.018
667500,0.010,0.973,0.017
668000,0.010,0.973,0.017
668500,0.010,0.968,0.022
669000,0.010,0.964,0.026
669500,0.010,0.972,0.018
670000,0.010,0.978,0.012
670500,0.010,0.971,0.019
671000,0.010,0.968,0.022
671500,0.010,0.966,0.024
672000,0.010,0.969,0.021
672500,0.010,0.973,0.017
673000,0.010,0.969,0.021
673500,0.010,0.959,0.031
674000,0.010,0.959,0.031
674500,0.010,0.957,0.033
675000,0.010,0.965,0.025
675500,0.010,0.968,0.022
676000,0.010,0.966,0.024
676500,0.010,0.972,0.018
677000,0.010,0.956,0.034
677500,0.010,0.966,0.024
678000,0.010,0.978,0.012
678500,0.010,0.977,0.013
679000,0.010,0.981,0.009
679500,0.010,0.974,0.016
680000,0.010,0.982,0.008
680500,0.010,0.981,0.009
681000,0.010,0.972,0.018
681500,0.010,0.970,0.020
682000,0.010,0.977,0.013
682500,0.010,0.975,0.015
683000,0.010,0.968,0.022
683500,0.010,0.965,0.025
684000,0.010,0.969,0.021
684500,0.010,0.964,0.026
685000,0.010,0.965,0.025
685500,0.010,0.960,0.030
686000,0.010,0.964,0.026
686500,0.010,0.962,0.028
687000,0.010,0.971,0.019
687500,0.010,0.969,0.021
688000,0.010,0.976,0.014
688500,0.010,0.971,0.019
689000,0.010,0.964,0.026
689500,0.010,0.966,0.024
690000,0.010,0.971,0.019
690500,0.010,0.967,0.023
691000,0.010,0.967,0.023
691500,0.010,0.977,0.013
692000,0.010,0.972,0.018
692500,0.010,0.968,0.022
693000,0.010,0.971,0.019
693500,0.010,0.969,0.021
694000,0.010,0.967,0.023
694500,0.010,0.965,0.025
695000,0.010,0.969,0.021
695500,0.010,0.971,0.019
696000,0.010,0.966,0.024
696500,0.010,0.973,0.017
697000,0.010,0.972,0.018
697500,0.010,0.972,0.018
698000,0.010,0.967,0.023
698500,0.010,0.974,0.016
699000,0.010,0.978,0.012
699500,0.010,0.972,0.018
700000,0.010,0.973,0.017
700500,0.010,0.963,0.027
701000,0.010,0.963,0.027
701500,0.010,0.967,0.023
702000,0.010,0.961,0.029
702500,0.010,0.967,0.023
703000,0.010,0.959,0.031
703500,0.010,0.957,0.033
704000,0.010,0.967,0.023
704500,0.010,0.971,0.019
705000,0.010,0.965,0.025
705500,0.010,0.973,0.017
706000,0.010,0.967,0.023
706500,0.010,0.960,0.030
707000,0.010,0.966,0.024
707500,0.010,0.970,0.020
708000,0.010,0.969,0.021
708500,0.010,0.976,0.014
709000,0.010,0.975,0.015
709500,0.010,0.969,0.021
710000,0.010,0.966,0.024
710500,0.010,0.968,0.022
711000,0.010,0.976,0.014
711500,0.010,0.971,0.019
712000,0.010,0.960,0.030
712500,0.010,0.962,0.028
713000,0.010,0.972,0.018
713500,0.010,0.970,0.020
714000,0.010,0.977,0.013
714500,0.010,0.971,0.019
715000,0.010,0.971,0.019
715500,0.010,0.964,0.026
716000,0.010,0.968,0.022
716500,0.010,0.972,0.018
717000,0.010,0.973,0.017
717500,0.010,0.968,0.022
718000,0.010,0.974,0.016
718500,0.010,0.980,0.010
719000,0.010,0.978,0.012
719500,0.010,0.977,0.013
720000,0.010,0.971,0.019
720500,0.010,0.976,0.014
721000,0.010,0.962,0.028
721500,0.010,0.972,0.018
722000,0.010,0.966,0.024
722500,0.010,0.969,0.021
723000,0.010,0.975,0.015
723500,0.010,0.970,0.020
724000,0.010,0.976,0.014
724500,0.010,0.977,0.013
725000,0.010,0.976,0.014
725500,0.010,0.975,0.015
726000,0.010,0.974,0.016
726500,0.010,0.978,0.012
727000,0.010,0.974,0.016
727500,0.010,0.971,0.019
728000,0.010,0.973,0.017
728500,0.010,0.975,0.015
729000,0.010,0.959,0.031
729500,0.010,0.957,0.033
730000,0.010,0.979,0.011
730500,0.010,0.974,0.016
731000,0.010,0.975,0.015
731500,0.010,0.972,0.018
732000,0.010,0.968,0.022
732500,0.010,0.971,0.019
733000,0.010,0.971,0.019
733500,0.010,0.976,0.014
734000,0.010,0.968,0.022
734500,0.010,0.963,0.027
735000,0.010,0.957,0.033
735500,0.010,0.971,0.019
736000,0.010,0.970,0.020
736500,0.010,0.969,0.021
737000,0.010,0.970,0.020
737500,0.010,0.964,0.026
738000,0.010,0.971,0.019
738500,0.010,0.970,0.020
739000,0.010,0.977,0.013
739500,0.010,0.975,0.015
740000,0.010,0.974,0.016
740500,0.010,0.976,0.014
741000,0.010,0.974,0.016
741500,0.010,0.975,0.015
742000,0.010,0.974,0.016
742500,0.010,0.978,0.012
743000,0.010,0.979,0.011
743500,0.010,0.974,0.016
744000,0.010,0.973,0.017
744500,0.010,0.963,0.027
745000,0.010,0.970,0.020
745500,0.010,0.971,0.019
746000,0.010,0.972,0.018
746500,0.010,0.975,0.015
747000,0.010,0.973,0.017
747500,0.010,0.972,0.018
748000,0.010,0.969,0.021
748500,0.010,0.972,0.018
749000,0.010,0.969,0.021
749500,0.010,0.972,0.018
750000,0.010,0.964,0.026
750500,0.010,0.968,0.022
751000,0.010,0.962,0.028
751500,0.010,0.967,0.023
752000,0.010,0.969,0.021
752500,0.010,0.960,0.030
753000,0.010,0.961,0.029
753500,0.010,0.977,0.013
754000,0.010,0.975,0.015
754500,0.010,0.975,0.015
755000,0.010,0.974,0.016
755500,0.010,0.973,0.017
756000,0.010,0.970,0.020
756500,0.010,0.973,0.017
757000,0.010,0.973,0.017
757500,0.010,0.979,0.011
758000,0.010,0.978,0.012
758500,0.010,0.976,0.014
759000,0.010,0.968,0.022
759500,0.010,0.975,0.015
760000,0.010,0.976,0.014
760500,0.010,0.973,0.017
761000,0.010,0.971,0.019
761500,0.010,0.973,0.017
762000,0.010,0.970,0.020
762500,0.010,0.972,0.018
763000,0.010,0.981,0.009
763500,0.010,0.977,0.013
764000,0.010,0.975,0.015
764500,0.010,0.982,0.008
765000,0.010,0.974,0.016
765500,0.010,0.973,0.017
766000,0.010,0.971,0.019
766500,0.010,0.978,0.012
767000,0.010,0.973,0.017
767500,0.010,0.976,0.014
768000,0.010,0.973,0.017
768500,0.010,0.971,0.019
769000,0.010,0.967,0.023
769500,0.010,0.973,0.017
770000,0.010,0.973,0.017
770500,0.010,0.976,0.014
771000,0.010,0.967,0.023
771500,0.010,0.972,0.018
772000,0.010,0.975,0.015
772500,0.010,0.978,0.012
773000,0.010,0.975,0.015
773500,0.010,0.965,0.025
774000,0.010,0.967,0.023
774500,0.010,0.963,0.027
775000,0.010,0.970,0.020
775500,0.010,0.973,0.017
776000,0.010,0.971,0.019
776500,0.010,0.970,0.020
777000,0.010,0.966,0.024
777500,0.010,0.963,0.027
778000,0.010,0.966,0.024
778500,0.010,0.967,0.023
779000,0.010,0.957,0.033
779500,0.010,0.954,0.036
780000,0.010,0.966,0.024
780500,0.010,0.971,0.019
781000,0.010,0.964,0.026
781500,0.010,0.974,0.016
782000,0.010,0.975,0.015
782500,0.010,0.972,0.018
783000,0.010,0.977,0.013
783500,0.010,0.978,0.012
784000,0.010,0.976,0.014
784500,0.010,0.964,0.026
785000,0.010,0.952,0.038
785500,0.010,0.957,0.033
786000,0.010,0.966,0.024
786500,0.010,0.967,0.023
787000,0.010,0.970,0.020
787500,0.010,0.964,0.026
788000,0.010,0.970,0.020
788500,0.010,0.967,0.023
789000,0.010,0.965,0.025
789500,0.010,0.962,0.028
790000,0.010,0.959,0.031
790500,0.010,0.960,0.030
791000,0.010,0.965,0.025
791500,0.010,0.969,0.021
792000,0.010,0.962,0.028
792500,0.010,0.973,0.017
793000,0.010,0.966,0.024
793500,0.010,0.967,0.023
794000,0.010,0.976,0.014
794500,0.010,0.985,0.005
795000,0.010,0.980,0.010
795500,0.010,0.972,0.018
796000,0.010,0.978,0.012
796500,0.010,0.976,0.014
797000,0.010,0.975,0.015
797500,0.010,0.977,0.013
798000,0.010,0.980,0.010
798500,0.010,0.965,0.025
799000,0.010,0.972,0.018
799500,0.010,0.974,0.016
800000,0.010,0.968,0.022
800500,0.010,0.971,0.019
801000,0.010,0.972,0.018
801500,0.010,0.970,0.020
802000,0.010,0.978,0.012
802500,0.010,0.972,0.018
803000,0.010,0.969,0.021
803500,0.010,0.978,0.012
804000,0.010,0.983,0.007
804500,0.010,0.981,0.009
805000,0.010,0.979,0.011
805500,0.010,0.987,0.003
806000,0.010,0.980,0.010
806500,0.010,0.971,0.019
807000,0.010,0.963,0.027
807500,0.010,0.971,0.019
808000,0.010,0.969,0.021
808500,0.010,0.970,0.020
809000,0.010,0.971,0.019
809500,0.010,0.979,0.011
810000,0.010,0.977,0.013
810500,0.010,0.974,0.016
811000,0.010,0.971,0.019
811500,0.010,0.969,0.021
812000,0.010,0.975,0.015
812500,0.010,0.974,0.016
813000,0.010,0.973,0.017
813500,0.010,0.969,0.021
814000,0.010,0.965,0.025
814500,0.010,0.975,0.015
815000,0.010,0.978,0.012
815500,0.010,0.972,0.018
816000,0.010,0.978,0.012
816500,0.010,0.979,0.011
817000,0.010,0.969,0.021
817500,0.010,0.967,0.023
818000,0.010,0.982,0.008
818500,0.010,0.981,0.009
819000,0.010,0.976,0.014
819500,0.010,0.966,0.024
820000,0.010,0.967,0.023
820500,0.010,0.965,0.025
821000,0.010,0.959,0.031
821500,0.010,0.969,0.021
822000,0.010,0.963,0.027
822500,0.010,0.970,0.020
823000,0.010,0.968,0.022
823500,0.010,0.971,0.019
824000,0.010,0.977,0.013
824500,0.010,0.965,0.025
825000,0.010,0.966,0.024
825500,0.010,0.961,0.029
826000,0.010,0.974,0.016
826500,0.010,0.966,0.024
827000,0.010,0.969,0.021
827500,0.010,0.970,0.020
828000,0.010,0.981,0.009
828500,0.010,0.972,0.018
829000,0.010,0.971,0.019
829500,0.010,0.963,0.027
830000,0.010,0.962,0.028
830500,0.010,0.974,0.016
831000,0.010,0.972,0.018
831500,0.010,0.980,0.010
832000,0.010,0.968,0.022
832500,0.010,0.973,0.017
833000,0.010,0.970,0.020
833500,0.010,0.964,0.026
834000,0.010,0.956,0.034
834500,0.010,0.971,0.019
835000,0.010,0.973,0.017
835500,0.010,0.968,0.022
836000,0.010,0.960,0.030
836500,0.010,0.967,0.023
837000,0.010,0.972,0.018
837500,0.010,0.966,0.024
838000,0.010,0.970,0.020
838500,0.010,0.971,0.019
839000,0.010,0.955,0.035
839500,0.010,0.962,0.028
840000,0.010,0.964,0.026
840500,0.010,0.966,0.024
841000,0.010,0.967,0.023
841500,0.010,0.972,0.018
842000,0.010,0.971,0.019
842500,0.010,0.974,0.016
843000,0.010,0.966,0.024
843500,0.010,0.976,0.014
844000,0.010,0.976,0.014
844500,0.010,0.972,0.018
845000,0.010,0.973,0.017
845500,0.010,0.972,0.018
846000,0.010,0.965,0.025
846500,0.010,0.976,0.014
847000,0.010,0.975,0.015
847500,0.010,0.982,0.008
848000,0.010,0.978,0.012
848500,0.010,0.976,0.014
849000,0.010,0.971,0.019
849500,0.010,0.954,0.036
850000,0.010,0.954,0.036
850500,0.010,0.960,0.030
851000,0.010,0.965,0.025
851500,0.010,0.973,0.017
852000,0.010,0.978,0.012
852500,0.010,0.969,0.021
853000,0.010,0.971,0.019
853500,0.010,0.977,0.013
854000,0.010,0.980,0.010
854500,0.010,0.973,0.017
855000,0.010,0.973,0.017
855500,0.010,0.986,0.004
856000,0.010,0.979,0.011
856500,0.010,0.979,0.011
857000,0.010,0.978,0.012
857500,0.010,0.982,0.008
858000,0.010,0.980,0.010
858500,0.010,0.981,0.009
859000,0.010,0.976,0.014
859500,0.010,0.968,0.022
860000,0.010,0.969,0.021
860500,0.010,0.967,0.023
861000,0.010,0.966,0.024
861500,0.010,0.969,0.021
862000,0.010,0.966,0.024
862500,0.010,0.960,0.030
863000,0.010,0.970,0.020
863500,0.010,0.967,0.023
864000,0.010,0.964,0.026
864500,0.010,0.967,0.023
865000,0.010,0.975,0.015
865500,0.010,0.968,0.022
866000,0.010,0.970,0.020
866500,0.010,0.972,0.018
867000,0.010,0.973,0.017
867500,0.010,0.976,0.014
868000,0.010,0.977,0.013
868500,0.010,0.977,0.013
869000,0.010,0.974,0.016
869500,0.010,0.970,0.020
870000,0.010,0.974,0.016
870500,0.010,0.974,0.016
871000,0.010,0.970,0.020
871500,0.010,0.974,0.016
872000,0.010,0.979,0.011
872500,0.010,0.980,0.010
873000,0.010,0.971,0.019
873500,0.010,0.975,0.015
874000,0.010,0.972,0.018
874500,0.010,0.969,0.021
875000,0.010,0.968,0.022
875500,0.010,0.979,0.011
876000,0.010,0.972,0.018
876500,0.010,0.976,0.014
877000,0.010,0.983,0.007
877500,0.010,0.979,0.011
878000,0.010,0.972,0.018
878500,0.010,0.974,0.016
879000,0.010,0.968,0.022
879500,0.010,0.970,0.020
880000,0.010,0.968,0.022
880500,0.010,0.970,0.020
881000,0.010,0.982,0.008
881500,0.010,0.977,0.013
882000,0.010,0.982,0.008
882500,0.010,0.980,0.010
883000,0.010,0.978,0.012
883500,0.010,0.981,0.009
884000,0.010,0.979,0.011
884500,0.010,0.979,0.011
885000,0.010,0.974,0.016
885500,0.010,0.968,0.022
886000,0.010,0.962,0.028
886500,0.010,0.959,0.031
887000,0.010,0.958,0.032
887500,0.010,0.967,0.023
888000,0.010,0.969,0.021
888500,0.010,0.968,0.022
889000,0.010,0.964,0.026
889500,0.010,0.957,0.033
890000,0.010,0.960,0.030
890500,0.010,0.968,0.022
891000,0.010,0.968,0.022
891500,0.010,0.975,0.015
892000,0.010,0.981,0.009
892500,0.010,0.983,0.007
893000,0.010,0.980,0.010
893500,0.010,0.975,0.015
894000,0.010,0.977,0.013
894500,0.010,0.975,0.015
895000,0.010,0.971,0.019
895500,0.010,0.958,0.032
896000,0.010,0.961,0.029
896500,0.010,0.968,0.022
897000,0.010,0.969,0.021
897500,0.010,0.970,0.020
898000,0.010,0.971,0.019
898500,0.010,0.976,0.014
899000,0.010,0.974,0.016
899500,0.010,0.974,0.016
900000,0.010,0.963,0.027
900500,0.010,0.969,0.021
901000,0.010,0.966,0.024
901500,0.010,0.965,0.025
902000,0.010,0.974,0.016
902500,0.010,0.961,0.029
903000,0.010,0.966,0.024
903500,0.010,0.973,0.017
904000,0.010,0.978,0.012
904500,0.010,0.982,0.008
905000,0.010,0.977,0.013
905500,0.010,0.978,0.012
906000,0.010,0.975,0.015
906500,0.010,0.981,0.009
907000,0.010,0.983,0.007
907500,0.010,0.980,0.010
908000,0.010,0.981,0.009
908500,0.010,0.981,0.009
909000,0.010,0.973,0.017
909500,0.010,0.963,0.027
910000,0.010,0.950,0.040
910500,0.010,0.954,0.036
911000,0.010,0.966,0.024
911500,0.010,0.975,0.015
912000,0.010,0.969,0.021
912500,0.010,0.951,0.039
913000,0.010,0.963,0.027
913500,0.010,0.960,0.030
914000,0.010,0.969,0.021
914500,0.010,0.977,0.013
915000,0.010,0.982,0.008
915500,0.010,0.978,0.012
916000,0.010,0.982,0.008
916500,0.010,0.983,0.007
917000,0.010,0.978,0.012
917500,0.010,0.967,0.023
918000,0.010,0.972,0.018
918500,0.010,0.980,0.010
919000,0.010,0.968,0.022
919500,0.010,0.977,0.013
920000,0.010,0.971,0.019
920500,0.010,0.955,0.035
921000,0.010,0.960,0.030
921500,0.010,0.964,0.026
922000,0.010,0.961,0.029
922500,0.010,0.966,0.024
923000,0.010,0.961,0.029
923500,0.010,0.967,0.023
924000,0.010,0.950,0.040
924500,0.010,0.967,0.023
925000,0.010,0.967,0.023
925500,0.010,0.960,0.030
926000,0.010,0.969,0.021
926500,0.010,0.970,0.020
927000,0.010,0.969,0.021
927500,0.010,0.972,0.018
928000,0.010,0.976,0.014
928500,0.010,0.976,0.014
929000,0.010,0.968,0.022
929500,0.010,0.976,0.014
930000,0.010,0.970,0.020
930500,0.010,0.967,0.023
931000,0.010,0.959,0.031
931500,0.010,0.972,0.018
932000,0.010,0.969,0.021
932500,0.010,0.964,0.026
933000,0.010,0.968,0.022
933500,0.010,0.968,0.022
934000,0.010,0.969,0.021
934500,0.010,0.975,0.015
935000,0.010,0.975,0.015
935500,0.010,0.970,0.020
936000,0.010,0.971,0.019
936500,0.010,0.979,0.011
937000,0.010,0.982,0.008
937500,0.010,0.974,0.016
938000,0.010,0.973,0.017
938500,0.010,0.976,0.014
939000,0.010,0.968,0.022
939500,0.010,0.960,0.030
940000,0.010,0.966,0.024
940500,0.010,0.977,0.013
941000,0.010,0.976,0.014
941500,0.010,0.975,0.015
942000,0.010,0.966,0.024
942500,0.010,0.968,0.022
943000,0.010,0.965,0.025
943500,0.010,0.965,0.025
944000,0.010,0.968,0.022
944500,0.010,0.974,0.016
945000,0.010,0.977,0.013
945500,0.010,0.969,0.021
946000,0.010,0.973,0.017
946500,0.010,0.966,0.024
947000,0.010,0.971,0.019
947500,0.010,0.972,0.018
948000,0.010,0.978,0.012
948500,0.010,0.968,0.022
949000,0.010,0.963,0.027
949500,0.010,0.966,0.024
950000,0.010,0.977,0.013
950500,0.010,0.979,0.011
951000,0.010,0.978,0.012
951500,0.010,0.964,0.026
952000,0.010,0.971,0.019
952500,0.010,0.968,0.022
953000,0.010,0.974,0.016
953500,0.010,0.977,0.013
954000,0.010,0.978,0.012
954500,0.010,0.972,0.018
955000,0.010,0.968,0.022
955500,0.010,0.976,0.014
956000,0.010,0.973,0.017
956500,0.010,0.981,0.009
957000,0.010,0.980,0.010
957500,0.010,0.984,0.006
958000,0.010,0.978,0.012
958500,0.010,0.975,0.015
959000,0.010,0.971,0.019
959500,0.010,0.972,0.018
960000,0.010,0.979,0.011
960500,0.010,0.977,0.013
961000,0.010,0.973,0.017
961500,0.010,0.968,0.022
962000,0.010,0.968,0.022
962500,0.010,0.970,0.020
963000,0.010,0.960,0.030
963500,0.010,0.966,0.024
964000,0.010,0.966,0.024
964500,0.010,0.972,0.018
965000,0.010,0.979,0.011
965500,0.010,0.978,0.012
966000,0.010,0.977,0.013
966500,0.010,0.976,0.014
967000,0.010,0.961,0.029
967500,0.010,0.972,0.018
968000,0.010,0.978,0.012
968500,0.010,0.980,0.010
969000,0.010,0.978,0.012
969500,0.010,0.973,0.017
970000,0.010,0.971,0.019
970500,0.010,0.971,0.019
971000,0.010,0.971,0.019
971500,0.010,0.977,0.013
972000,0.010,0.976,0.014
972500,0.010,0.982,0.008
973000,0.010,0.977,0.013
973500,0.010,0.981,0.009
974000,0.010,0.975,0.015
974500,0.010,0.969,0.021
975000,0.010,0.974,0.016
975500,0.010,0.986,0.004
976000,0.010,0.979,0.011
976500,0.010,0.978,0.012
977000,0.010,0.981,0.009
977500,0.010,0.981,0.009
978000,0.010,0.981,0.009
978500,0.010,0.971,0.019
979000,0.010,0.974,0.016
979500,0.010,0.963,0.027
980000,0.010,0.947,0.043
980500,0.010,0.960,0.030
981000,0.010,0.966,0.024
981500,0.010,0.966,0.024
982000,0.010,0.979,0.011
982500,0.010,0.964,0.026
983000,0.010,0.963,0.027
983500,0.010,0.971,0.019
984000,0.010,0.968,0.022
984500,0.010,0.975,0.015
985000,0.010,0.976,0.014
985500,0.010,0.968,0.022
986000,0.010,0.974,0.016
986500,0.010,0.963,0.027
987000,0.010,0.975,0.015
987500,0.010,0.973,0.017
988000,0.010,0.978,0.012
988500,0.010,0.979,0.011
989000,0.010,0.976,0.014
989500,0.010,0.972,0.018
990000,0.010,0.975,0.015
990500,0.010,0.976,0.014
991000,0.010,0.983,0.007
991500,0.010,0.974,0.016
992000,0.010,0.973,0.017
992500,0.010,0.984,0.006
993000,0.010,0.987,0.003
993500,0.010,0.976,0.014
994000,0.010,0.968,0.022
994500,0.010,0.969,0.021
995000,0.010,0.962,0.028
995500,0.010,0.970,0.020
996000,0.010,0.965,0.025
996500,0.010,0.971,0.019
997000,0.010,0.975,0.015
997500,0.010,0.983,0.007
998000,0.010,0.972,0.018
998500,0.010,0.969,0.021
999000,0.010,0.975,0.015
999500,0.010,0.966,0.024
1000000,0.010,0.963,0.027
