time,n_A+p,n_B,n_AB
0,0.450,0.550,0.000
500,0.260,0.474,0.266
1000,0.187,0.547,0.266
1500,0.174,0.569,0.257
2000,0.168,0.569,0.263
2500,0.113,0.624,0.263
3000,0.150,0.618,0.232
3500,0.156,0.554,0.291
4000,0.128,0.615,0.257
4500,0.119,0.691,0.190
5000,0.080,0.740,0.180
5500,0.055,0.792,0.153
6000,0.021,0.859,0.119
6500,0.021,0.911,0.067
7000,0.018,0.911,0.070
7500,0.018,0.917,0.064
8000,0.012,0.939,0.049
8500,0.018,0.951,0.031
9000,0.009,0.942,0.049
9500,0.012,0.969,0.018
10000,0.012,0.985,0.003
10500,0.006,0.991,0.003
11000,0.009,0.988,0.003
11500,0.015,0.972,0.012
12000,0.012,0.951,0.037
12500,0.009,0.963,0.028
13000,0.003,0.972,0.024
13500,0.000,0.988,0.012
14000,0.000,0.994,0.006
14500,0.000,0.994,0.006
15000,0.000,0.997,0.003
15500,0.000,1.000,0.000
