time,n_A+p,n_B,n_AB
0,0.010,0.990,0.000
500,0.010,0.963,0.027
1000,0.010,0.976,0.014
1500,0.010,0.956,0.034
2000,0.010,0.949,0.040
2500,0.010,0.970,0.020
3000,0.010,0.945,0.045
3500,0.010,0.960,0.030
4000,0.010,0.965,0.025
4500,0.010,0.963,0.027
5000,0.010,0.969,0.021
5500,0.010,0.956,0.034
6000,0.010,0.969,0.022
6500,0.010,0.967,0.023
7000,0.010,0.974,0.016
7500,0.010,0.970,0.020
8000,0.010,0.949,0.041
8500,0.010,0.970,0.020
9000,0.010,0.977,0.013
9500,0.010,0.971,0.019
10000,0.010,0.966,0.024
10500,0.010,0.973,0.017
11000,0.010,0.974,0.016
11500,0.010,0.968,0.022
12000,0.010,0.958,0.033
12500,0.010,0.946,0.044
13000,0.010,0.967,0.023
13500,0.010,0.956,0.034
14000,0.010,0.955,0.035
14500,0.010,0.965,0.025
15000,0.011,0.951,0.038
15500,0.010,0.966,0.024
16000,0.010,0.976,0.015
16500,0.010,0.971,0.019
17000,0.010,0.979,0.011
17500,0.010,0.976,0.014
18000,0.010,0.957,0.033
18500,0.010,0.955,0.035
19000,0.010,0.964,0.026
19500,0.010,0.952,0.038
20000,0.010,0.971,0.019
20500,0.010,0.957,0.033
21000,0.010,0.957,0.033
21500,0.010,0.942,0.048
22000,0.010,0.963,0.027
22500,0.010,0.966,0.024
23000,0.010,0.952,0.038
23500,0.010,0.965,0.025
24000,0.010,0.959,0.031
24500,0.010,0.963,0.027
25000,0.010,0.977,0.013
25500,0.010,0.969,0.022
26000,0.010,0.967,0.023
26500,0.010,0.941,0.049
27000,0.010,0.951,0.040
27500,0.010,0.966,0.024
28000,0.010,0.953,0.037
28500,0.010,0.926,0.064
29000,0.011,0.946,0.043
29500,0.010,0.953,0.037
30000,0.010,0.962,0.028
30500,0.010,0.966,0.024
31000,0.010,0.976,0.014
31500,0.010,0.970,0.020
32000,0.010,0.971,0.019
32500,0.010,0.974,0.016
33000,0.010,0.970,0.020
33500,0.010,0.966,0.024
34000,0.010,0.974,0.015
34500,0.010,0.977,0.012
35000,0.010,0.976,0.014
35500,0.010,0.977,0.013
36000,0.010,0.966,0.023
36500,0.010,0.966,0.024
37000,0.010,0.937,0.053
37500,0.011,0.954,0.035
38000,0.010,0.959,0.031
38500,0.010,0.923,0.067
39000,0.011,0.932,0.057
39500,0.010,0.927,0.062
40000,0.011,0.959,0.030
40500,0.011,0.960,0.029
41000,0.010,0.953,0.037
41500,0.010,0.964,0.026
42000,0.010,0.972,0.018
42500,0.010,0.962,0.028
43000,0.010,0.974,0.016
43500,0.010,0.938,0.052
44000,0.010,0.942,0.048
44500,0.011,0.960,0.029
45000,0.010,0.976,0.014
45500,0.010,0.977,0.012
46000,0.010,0.965,0.025
46500,0.010,0.964,0.026
47000,0.010,0.967,0.023
47500,0.010,0.978,0.012
48000,0.010,0.968,0.022
48500,0.010,0.959,0.031
49000,0.010,0.965,0.025
49500,0.010,0.939,0.051
50000,0.010,0.947,0.043
50500,0.010,0.953,0.037
51000,0.010,0.947,0.043
51500,0.010,0.943,0.047
52000,0.010,0.957,0.033
52500,0.010,0.962,0.029
53000,0.010,0.958,0.033
53500,0.010,0.942,0.048
54000,0.010,0.962,0.029
54500,0.010,0.970,0.020
55000,0.010,0.970,0.020
55500,0.010,0.943,0.047
56000,0.010,0.950,0.040
56500,0.010,0.973,0.017
57000,0.010,0.967,0.023
57500,0.010,0.951,0.039
58000,0.010,0.960,0.030
58500,0.010,0.964,0.026
59000,0.010,0.958,0.032
59500,0.010,0.948,0.042
60000,0.010,0.963,0.027
60500,0.010,0.956,0.034
61000,0.010,0.944,0.046
61500,0.010,0.920,0.070
62000,0.010,0.935,0.055
62500,0.010,0.953,0.037
63000,0.010,0.943,0.047
63500,0.010,0.905,0.086
64000,0.010,0.909,0.081
64500,0.010,0.944,0.047
65000,0.010,0.948,0.042
65500,0.010,0.953,0.037
66000,0.010,0.943,0.047
66500,0.010,0.959,0.031
67000,0.011,0.935,0.054
67500,0.010,0.944,0.046
68000,0.011,0.966,0.023
68500,0.010,0.971,0.019
69000,0.010,0.978,0.012
69500,0.010,0.971,0.019
70000,0.010,0.973,0.017
70500,0.010,0.967,0.023
71000,0.010,0.973,0.017
71500,0.010,0.969,0.021
72000,0.010,0.958,0.032
72500,0.010,0.969,0.021
73000,0.010,0.970,0.020
73500,0.010,0.974,0.016
74000,0.010,0.971,0.019
74500,0.010,0.932,0.058
75000,0.010,0.966,0.024
75500,0.010,0.974,0.016
76000,0.010,0.974,0.016
76500,0.010,0.977,0.013
77000,0.010,0.969,0.020
77500,0.010,0.976,0.013
78000,0.010,0.978,0.011
78500,0.010,0.980,0.009
79000,0.010,0.983,0.006
79500,0.010,0.973,0.016
80000,0.010,0.963,0.026
80500,0.011,0.963,0.026
81000,0.011,0.963,0.026
81500,0.010,0.934,0.055
82000,0.010,0.946,0.043
82500,0.011,0.962,0.027
83000,0.010,0.956,0.034
83500,0.010,0.953,0.036
84000,0.010,0.971,0.019
84500,0.010,0.975,0.015
85000,0.010,0.981,0.009
85500,0.010,0.981,0.009
86000,0.010,0.974,0.016
86500,0.010,0.983,0.008
87000,0.010,0.969,0.022
87500,0.010,0.977,0.013
88000,0.010,0.958,0.033
88500,0.010,0.956,0.034
89000,0.010,0.948,0.042
89500,0.010,0.955,0.035
90000,0.010,0.952,0.038
90500,0.010,0.956,0.034
91000,0.010,0.966,0.024
91500,0.010,0.969,0.021
92000,0.010,0.975,0.015
92500,0.010,0.960,0.030
93000,0.010,0.941,0.049
93500,0.010,0.957,0.033
94000,0.010,0.960,0.030
94500,0.010,0.971,0.019
95000,0.010,0.970,0.020
95500,0.010,0.973,0.017
96000,0.010,0.956,0.034
96500,0.010,0.949,0.041
97000,0.010,0.955,0.035
97500,0.011,0.946,0.042
98000,0.010,0.941,0.049
98500,0.012,0.927,0.061
99000,0.010,0.944,0.047
99500,0.010,0.947,0.043
100000,0.010,0.956,0.034
100500,0.010,0.950,0.040
101000,0.010,0.947,0.043
101500,0.010,0.952,0.038
102000,0.010,0.952,0.038
102500,0.010,0.960,0.030
103000,0.010,0.976,0.015
103500,0.010,0.959,0.031
104000,0.010,0.970,0.020
104500,0.010,0.969,0.022
105000,0.010,0.974,0.016
105500,0.010,0.961,0.029
106000,0.010,0.945,0.045
106500,0.010,0.976,0.014
107000,0.010,0.968,0.022
107500,0.010,0.975,0.015
108000,0.010,0.970,0.020
108500,0.010,0.973,0.017
109000,0.010,0.938,0.052
109500,0.010,0.967,0.023
110000,0.010,0.944,0.047
110500,0.010,0.970,0.020
111000,0.010,0.956,0.034
111500,0.010,0.967,0.023
112000,0.010,0.964,0.026
112500,0.010,0.959,0.031
113000,0.010,0.967,0.023
113500,0.010,0.951,0.040
114000,0.010,0.939,0.051
114500,0.010,0.941,0.049
115000,0.010,0.924,0.065
115500,0.010,0.917,0.073
116000,0.010,0.944,0.047
116500,0.010,0.934,0.056
117000,0.010,0.949,0.041
117500,0.010,0.961,0.029
118000,0.010,0.961,0.029
118500,0.010,0.961,0.029
119000,0.010,0.961,0.029
119500,0.010,0.964,0.026
120000,0.010,0.963,0.027
120500,0.010,0.961,0.029
121000,0.010,0.969,0.020
121500,0.010,0.967,0.023
122000,0.010,0.975,0.015
122500,0.010,0.976,0.015
123000,0.010,0.978,0.012
123500,0.010,0.948,0.042
124000,0.010,0.967,0.023
124500,0.010,0.980,0.010
125000,0.010,0.973,0.017
125500,0.010,0.979,0.011
126000,0.010,0.979,0.011
126500,0.010,0.946,0.044
127000,0.011,0.919,0.070
127500,0.011,0.902,0.087
128000,0.010,0.957,0.033
128500,0.010,0.970,0.020
129000,0.010,0.970,0.020
129500,0.010,0.967,0.023
130000,0.010,0.955,0.035
130500,0.010,0.967,0.023
131000,0.010,0.967,0.023
131500,0.010,0.973,0.017
132000,0.010,0.963,0.027
132500,0.010,0.944,0.046
133000,0.010,0.936,0.054
133500,0.010,0.955,0.036
134000,0.010,0.966,0.024
134500,0.010,0.917,0.073
135000,0.010,0.944,0.047
135500,0.011,0.973,0.016
136000,0.010,0.967,0.022
136500,0.010,0.937,0.054
137000,0.010,0.963,0.027
137500,0.010,0.966,0.024
138000,0.010,0.974,0.016
138500,0.010,0.976,0.015
139000,0.010,0.963,0.027
139500,0.010,0.970,0.020
140000,0.010,0.951,0.039
140500,0.010,0.944,0.046
141000,0.010,0.916,0.074
141500,0.010,0.920,0.070
142000,0.010,0.919,0.070
142500,0.010,0.913,0.077
143000,0.010,0.947,0.043
143500,0.010,0.951,0.039
144000,0.010,0.951,0.040
144500,0.010,0.951,0.039
145000,0.010,0.953,0.037
145500,0.010,0.941,0.048
146000,0.012,0.937,0.052
146500,0.010,0.963,0.027
147000,0.010,0.957,0.033
147500,0.010,0.954,0.036
148000,0.010,0.951,0.039
148500,0.010,0.939,0.051
149000,0.010,0.942,0.047
149500,0.010,0.951,0.038
150000,0.010,0.958,0.032
150500,0.010,0.961,0.029
151000,0.010,0.978,0.011
151500,0.010,0.973,0.017
152000,0.010,0.955,0.035
152500,0.010,0.977,0.013
153000,0.010,0.962,0.029
153500,0.010,0.964,0.026
154000,0.010,0.971,0.019
154500,0.010,0.976,0.014
155000,0.010,0.955,0.036
155500,0.010,0.979,0.011
156000,0.010,0.978,0.012
156500,0.010,0.974,0.016
157000,0.010,0.956,0.034
157500,0.010,0.959,0.031
158000,0.010,0.977,0.013
158500,0.010,0.976,0.015
159000,0.010,0.976,0.014
159500,0.010,0.983,0.008
160000,0.010,0.969,0.021
160500,0.010,0.971,0.019
161000,0.010,0.965,0.025
161500,0.010,0.949,0.041
162000,0.010,0.971,0.019
162500,0.010,0.951,0.039
163000,0.010,0.975,0.015
163500,0.010,0.984,0.006
164000,0.010,0.967,0.023
164500,0.010,0.958,0.032
165000,0.010,0.953,0.037
165500,0.010,0.973,0.017
166000,0.010,0.951,0.040
166500,0.010,0.956,0.034
167000,0.010,0.957,0.033
167500,0.010,0.970,0.020
168000,0.010,0.973,0.017
168500,0.010,0.945,0.045
169000,0.010,0.962,0.028
169500,0.010,0.962,0.029
170000,0.010,0.963,0.027
170500,0.010,0.960,0.030
171000,0.010,0.946,0.044
171500,0.010,0.967,0.023
172000,0.010,0.974,0.016
172500,0.010,0.970,0.020
173000,0.010,0.971,0.019
173500,0.010,0.978,0.012
174000,0.010,0.972,0.018
174500,0.010,0.973,0.017
175000,0.010,0.948,0.042
175500,0.010,0.967,0.023
176000,0.010,0.957,0.033
176500,0.010,0.948,0.042
177000,0.010,0.935,0.055
177500,0.010,0.924,0.066
178000,0.010,0.961,0.029
178500,0.010,0.956,0.034
179000,0.010,0.928,0.062
179500,0.010,0.945,0.045
180000,0.010,0.955,0.036
180500,0.010,0.940,0.050
181000,0.010,0.963,0.027
181500,0.010,0.935,0.055
182000,0.010,0.959,0.031
182500,0.010,0.961,0.029
183000,0.010,0.945,0.045
183500,0.010,0.963,0.027
184000,0.010,0.954,0.036
184500,0.010,0.969,0.021
185000,0.010,0.932,0.058
185500,0.010,0.957,0.033
186000,0.010,0.971,0.019
186500,0.010,0.967,0.023
187000,0.010,0.966,0.024
187500,0.010,0.955,0.035
188000,0.010,0.966,0.024
188500,0.010,0.977,0.013
189000,0.010,0.966,0.024
189500,0.010,0.974,0.016
190000,0.010,0.983,0.008
190500,0.010,0.978,0.012
191000,0.010,0.974,0.016
191500,0.010,0.963,0.027
192000,0.010,0.971,0.019
192500,0.010,0.967,0.023
193000,0.010,0.968,0.022
193500,0.010,0.943,0.047
194000,0.010,0.956,0.034
194500,0.010,0.948,0.042
195000,0.010,0.959,0.031
195500,0.010,0.930,0.060
196000,0.010,0.905,0.086
196500,0.010,0.955,0.035
197000,0.010,0.956,0.034
197500,0.010,0.967,0.023
198000,0.010,0.969,0.022
198500,0.010,0.978,0.012
199000,0.010,0.978,0.012
199500,0.011,0.964,0.025
200000,0.010,0.966,0.024
200500,0.010,0.956,0.034
201000,0.010,0.953,0.037
201500,0.010,0.952,0.038
202000,0.010,0.950,0.040
202500,0.010,0.953,0.037
203000,0.010,0.954,0.036
203500,0.010,0.949,0.041
204000,0.010,0.959,0.031
204500,0.010,0.958,0.033
205000,0.010,0.963,0.027
205500,0.010,0.959,0.031
206000,0.010,0.938,0.052
206500,0.010,0.931,0.059
207000,0.010,0.907,0.083
207500,0.010,0.943,0.047
208000,0.010,0.938,0.052
208500,0.010,0.941,0.049
209000,0.010,0.964,0.026
209500,0.010,0.952,0.038
210000,0.010,0.949,0.041
210500,0.010,0.956,0.034
211000,0.010,0.927,0.063
211500,0.010,0.949,0.041
212000,0.010,0.934,0.056
212500,0.011,0.921,0.068
213000,0.010,0.937,0.054
213500,0.010,0.959,0.031
214000,0.010,0.963,0.027
214500,0.011,0.942,0.047
215000,0.010,0.931,0.059
215500,0.010,0.944,0.047
216000,0.010,0.948,0.042
216500,0.010,0.951,0.040
217000,0.010,0.955,0.035
217500,0.010,0.948,0.042
218000,0.010,0.953,0.037
218500,0.010,0.932,0.058
219000,0.010,0.887,0.103
219500,0.010,0.920,0.070
220000,0.010,0.942,0.048
220500,0.010,0.950,0.040
221000,0.010,0.955,0.035
221500,0.010,0.967,0.023
222000,0.010,0.973,0.017
222500,0.010,0.967,0.023
223000,0.010,0.960,0.030
223500,0.010,0.948,0.042
224000,0.010,0.966,0.024
224500,0.010,0.958,0.033
225000,0.010,0.963,0.027
225500,0.010,0.955,0.035
226000,0.010,0.946,0.044
226500,0.010,0.966,0.024
227000,0.010,0.963,0.027
227500,0.010,0.958,0.033
228000,0.010,0.969,0.021
228500,0.010,0.974,0.016
229000,0.010,0.977,0.013
229500,0.010,0.972,0.018
230000,0.010,0.968,0.022
230500,0.010,0.983,0.007
231000,0.010,0.963,0.027
231500,0.010,0.939,0.051
232000,0.010,0.944,0.046
232500,0.010,0.952,0.037
233000,0.010,0.934,0.056
233500,0.010,0.937,0.054
234000,0.010,0.953,0.037
234500,0.010,0.938,0.052
235000,0.010,0.954,0.036
235500,0.010,0.929,0.061
236000,0.011,0.948,0.041
236500,0.010,0.932,0.058
237000,0.010,0.950,0.040
237500,0.010,0.959,0.031
238000,0.010,0.974,0.016
238500,0.010,0.983,0.008
239000,0.010,0.977,0.013
239500,0.010,0.948,0.042
240000,0.010,0.953,0.037
240500,0.010,0.948,0.042
241000,0.010,0.939,0.051
241500,0.010,0.967,0.023
242000,0.010,0.968,0.022
242500,0.010,0.954,0.036
243000,0.010,0.970,0.020
243500,0.010,0.971,0.019
244000,0.011,0.963,0.026
244500,0.010,0.938,0.052
245000,0.010,0.950,0.040
245500,0.010,0.939,0.051
246000,0.010,0.957,0.033
246500,0.010,0.969,0.021
247000,0.010,0.924,0.066
247500,0.010,0.933,0.057
248000,0.010,0.937,0.052
248500,0.010,0.956,0.034
249000,0.010,0.954,0.036
249500,0.010,0.935,0.055
250000,0.010,0.940,0.050
250500,0.010,0.942,0.048
251000,0.010,0.962,0.028
251500,0.010,0.955,0.035
252000,0.010,0.934,0.056
252500,0.012,0.919,0.069
253000,0.012,0.904,0.084
253500,0.010,0.947,0.042
254000,0.010,0.938,0.052
254500,0.010,0.946,0.044
255000,0.010,0.962,0.029
255500,0.010,0.962,0.029
256000,0.010,0.968,0.022
256500,0.010,0.951,0.039
257000,0.010,0.958,0.032
257500,0.010,0.973,0.017
258000,0.010,0.973,0.017
258500,0.010,0.974,0.016
259000,0.010,0.967,0.023
259500,0.010,0.962,0.029
260000,0.010,0.973,0.017
260500,0.010,0.975,0.015
261000,0.010,0.973,0.017
261500,0.010,0.933,0.057
262000,0.010,0.960,0.030
262500,0.010,0.962,0.029
263000,0.010,0.978,0.012
263500,0.010,0.979,0.011
264000,0.010,0.963,0.027
264500,0.010,0.969,0.022
265000,0.010,0.973,0.017
265500,0.010,0.981,0.009
266000,0.010,0.976,0.015
266500,0.010,0.983,0.008
267000,0.010,0.972,0.018
267500,0.010,0.978,0.012
268000,0.010,0.981,0.009
268500,0.010,0.985,0.005
269000,0.010,0.970,0.020
269500,0.010,0.971,0.019
270000,0.010,0.973,0.017
270500,0.010,0.963,0.026
271000,0.010,0.963,0.027
271500,0.010,0.970,0.020
272000,0.010,0.960,0.030
272500,0.010,0.940,0.049
273000,0.010,0.973,0.017
273500,0.010,0.957,0.033
274000,0.011,0.939,0.049
274500,0.010,0.923,0.067
275000,0.010,0.917,0.073
275500,0.010,0.945,0.045
276000,0.010,0.952,0.038
276500,0.010,0.966,0.024
277000,0.010,0.971,0.019
277500,0.010,0.967,0.023
278000,0.010,0.962,0.029
278500,0.010,0.942,0.048
279000,0.010,0.937,0.054
279500,0.010,0.942,0.048
280000,0.010,0.958,0.033
280500,0.011,0.941,0.048
281000,0.012,0.942,0.046
281500,0.010,0.937,0.053
282000,0.010,0.923,0.068
282500,0.010,0.941,0.048
283000,0.010,0.938,0.052
283500,0.010,0.939,0.051
284000,0.010,0.921,0.068
284500,0.010,0.930,0.060
285000,0.010,0.945,0.045
285500,0.010,0.941,0.049
286000,0.010,0.947,0.043
286500,0.010,0.971,0.019
287000,0.010,0.979,0.011
287500,0.010,0.962,0.029
288000,0.010,0.967,0.023
288500,0.010,0.966,0.024
289000,0.010,0.980,0.010
289500,0.010,0.981,0.009
290000,0.010,0.978,0.012
290500,0.010,0.960,0.030
291000,0.010,0.979,0.011
291500,0.010,0.984,0.006
292000,0.010,0.973,0.017
292500,0.010,0.965,0.025
293000,0.010,0.960,0.030
293500,0.010,0.963,0.027
294000,0.010,0.979,0.011
294500,0.010,0.960,0.030
295000,0.010,0.959,0.031
295500,0.010,0.970,0.020
296000,0.010,0.977,0.013
296500,0.010,0.954,0.036
297000,0.010,0.963,0.027
297500,0.010,0.960,0.030
298000,0.010,0.969,0.022
298500,0.010,0.976,0.015
299000,0.010,0.977,0.013
299500,0.010,0.978,0.012
300000,0.010,0.958,0.033
300500,0.010,0.949,0.041
301000,0.010,0.939,0.050
301500,0.010,0.948,0.042
302000,0.010,0.945,0.045
302500,0.010,0.956,0.034
303000,0.010,0.951,0.039
303500,0.010,0.965,0.024
304000,0.010,0.973,0.017
304500,0.010,0.969,0.021
305000,0.010,0.977,0.012
305500,0.010,0.982,0.008
306000,0.010,0.983,0.007
306500,0.010,0.978,0.012
307000,0.010,0.985,0.005
307500,0.010,0.981,0.009
308000,0.010,0.960,0.030
308500,0.010,0.964,0.026
309000,0.010,0.961,0.029
309500,0.010,0.980,0.010
310000,0.010,0.965,0.025
310500,0.010,0.966,0.024
311000,0.010,0.956,0.033
311500,0.010,0.952,0.038
312000,0.010,0.966,0.024
312500,0.010,0.972,0.018
313000,0.010,0.974,0.016
313500,0.010,0.977,0.013
314000,0.010,0.976,0.014
314500,0.010,0.973,0.017
315000,0.010,0.970,0.020
315500,0.010,0.975,0.015
316000,0.010,0.975,0.015
316500,0.010,0.979,0.010
317000,0.010,0.974,0.016
317500,0.010,0.967,0.023
318000,0.010,0.968,0.022
318500,0.010,0.964,0.026
319000,0.010,0.974,0.016
319500,0.010,0.954,0.036
320000,0.010,0.976,0.015
320500,0.010,0.961,0.029
321000,0.010,0.972,0.018
321500,0.010,0.946,0.044
322000,0.010,0.965,0.025
322500,0.010,0.952,0.038
323000,0.010,0.956,0.034
323500,0.010,0.940,0.050
324000,0.010,0.934,0.055
324500,0.010,0.923,0.067
325000,0.011,0.932,0.056
325500,0.010,0.948,0.042
326000,0.010,0.953,0.037
326500,0.010,0.937,0.054
327000,0.010,0.962,0.029
327500,0.010,0.948,0.042
328000,0.010,0.944,0.047
328500,0.010,0.965,0.025
329000,0.010,0.967,0.023
329500,0.010,0.964,0.026
330000,0.010,0.971,0.019
330500,0.010,0.945,0.045
331000,0.010,0.923,0.067
331500,0.010,0.919,0.071
332000,0.010,0.951,0.039
332500,0.010,0.972,0.018
333000,0.010,0.976,0.014
333500,0.010,0.959,0.031
334000,0.010,0.976,0.014
334500,0.010,0.978,0.012
335000,0.010,0.982,0.008
335500,0.010,0.967,0.023
336000,0.010,0.970,0.020
336500,0.010,0.978,0.012
337000,0.010,0.973,0.017
337500,0.010,0.978,0.012
338000,0.010,0.976,0.015
338500,0.010,0.972,0.018
339000,0.010,0.975,0.015
339500,0.010,0.982,0.008
340000,0.010,0.967,0.023
340500,0.010,0.967,0.023
341000,0.010,0.971,0.019
341500,0.010,0.966,0.024
342000,0.010,0.960,0.030
342500,0.010,0.958,0.033
343000,0.010,0.945,0.045
343500,0.010,0.923,0.067
344000,0.010,0.937,0.053
344500,0.010,0.944,0.047
345000,0.010,0.966,0.024
345500,0.010,0.953,0.037
346000,0.010,0.953,0.037
346500,0.010,0.952,0.038
347000,0.010,0.948,0.042
347500,0.010,0.954,0.036
348000,0.010,0.948,0.042
348500,0.010,0.928,0.062
349000,0.010,0.930,0.061
349500,0.010,0.936,0.054
350000,0.010,0.912,0.078
350500,0.010,0.944,0.047
351000,0.010,0.961,0.029
351500,0.010,0.966,0.024
352000,0.010,0.962,0.029
352500,0.010,0.961,0.029
353000,0.010,0.944,0.046
353500,0.010,0.934,0.056
354000,0.010,0.928,0.061
354500,0.010,0.961,0.029
355000,0.010,0.952,0.038
355500,0.010,0.964,0.026
356000,0.010,0.955,0.035
356500,0.010,0.948,0.042
357000,0.010,0.936,0.054
357500,0.010,0.960,0.030
358000,0.010,0.967,0.023
358500,0.010,0.955,0.035
359000,0.010,0.959,0.031
359500,0.010,0.972,0.018
360000,0.010,0.969,0.021
360500,0.010,0.964,0.026
361000,0.010,0.973,0.017
361500,0.010,0.974,0.016
362000,0.010,0.981,0.009
362500,0.010,0.970,0.020
363000,0.010,0.949,0.041
363500,0.010,0.935,0.055
364000,0.010,0.967,0.023
364500,0.010,0.972,0.018
365000,0.010,0.966,0.024
365500,0.010,0.925,0.065
366000,0.010,0.924,0.066
366500,0.010,0.931,0.059
367000,0.010,0.952,0.038
367500,0.010,0.962,0.029
368000,0.010,0.966,0.024
368500,0.010,0.971,0.019
369000,0.010,0.971,0.019
369500,0.010,0.958,0.033
370000,0.010,0.928,0.062
370500,0.010,0.958,0.032
371000,0.010,0.968,0.022
371500,0.010,0.959,0.031
372000,0.010,0.969,0.021
372500,0.010,0.983,0.007
373000,0.010,0.974,0.016
373500,0.010,0.959,0.031
374000,0.010,0.960,0.030
374500,0.010,0.972,0.018
375000,0.010,0.947,0.043
375500,0.010,0.958,0.033
376000,0.010,0.967,0.023
376500,0.010,0.953,0.037
377000,0.010,0.948,0.042
377500,0.010,0.909,0.081
378000,0.010,0.942,0.048
378500,0.010,0.956,0.034
379000,0.010,0.960,0.030
379500,0.010,0.953,0.037
380000,0.010,0.956,0.034
380500,0.010,0.959,0.031
381000,0.010,0.942,0.048
381500,0.010,0.967,0.022
382000,0.010,0.978,0.012
382500,0.010,0.956,0.034
383000,0.010,0.959,0.031
383500,0.010,0.949,0.041
384000,0.010,0.942,0.048
384500,0.010,0.958,0.032
385000,0.010,0.948,0.042
385500,0.010,0.964,0.026
386000,0.010,0.970,0.020
386500,0.010,0.966,0.024
387000,0.010,0.938,0.052
387500,0.010,0.931,0.059
388000,0.010,0.931,0.059
388500,0.010,0.935,0.055
389000,0.010,0.937,0.053
389500,0.011,0.949,0.040
390000,0.010,0.959,0.030
390500,0.010,0.965,0.025
391000,0.010,0.977,0.013
391500,0.010,0.959,0.031
392000,0.010,0.973,0.017
392500,0.010,0.958,0.033
393000,0.010,0.959,0.031
393500,0.010,0.958,0.033
394000,0.010,0.957,0.033
394500,0.010,0.969,0.021
395000,0.010,0.946,0.044
395500,0.010,0.951,0.038
396000,0.010,0.958,0.033
396500,0.010,0.946,0.044
397000,0.010,0.955,0.036
397500,0.010,0.975,0.015
398000,0.010,0.973,0.017
398500,0.010,0.971,0.019
399000,0.010,0.967,0.023
399500,0.010,0.968,0.022
400000,0.010,0.948,0.042
400500,0.010,0.953,0.037
401000,0.010,0.966,0.024
401500,0.010,0.966,0.024
402000,0.010,0.966,0.024
402500,0.010,0.964,0.026
403000,0.010,0.942,0.048
403500,0.010,0.951,0.039
404000,0.010,0.966,0.024
404500,0.010,0.946,0.044
405000,0.010,0.935,0.055
405500,0.010,0.948,0.042
406000,0.010,0.947,0.042
406500,0.010,0.962,0.027
407000,0.012,0.948,0.041
407500,0.010,0.960,0.030
408000,0.010,0.949,0.041
408500,0.010,0.945,0.045
409000,0.010,0.930,0.061
409500,0.010,0.915,0.075
410000,0.010,0.928,0.062
410500,0.010,0.930,0.061
411000,0.010,0.949,0.041
411500,0.010,0.965,0.025
412000,0.010,0.957,0.033
412500,0.010,0.967,0.023
413000,0.010,0.980,0.010
413500,0.010,0.984,0.006
414000,0.010,0.988,0.002
414500,0.010,0.978,0.012
415000,0.010,0.960,0.030
415500,0.010,0.944,0.047
416000,0.010,0.953,0.037
416500,0.010,0.962,0.029
417000,0.010,0.956,0.034
417500,0.010,0.970,0.020
418000,0.010,0.974,0.016
418500,0.010,0.983,0.008
419000,0.010,0.979,0.011
419500,0.010,0.975,0.015
420000,0.010,0.970,0.020
420500,0.010,0.968,0.022
421000,0.010,0.974,0.016
421500,0.010,0.969,0.022
422000,0.010,0.957,0.033
422500,0.010,0.951,0.039
423000,0.010,0.964,0.026
423500,0.010,0.969,0.022
424000,0.010,0.978,0.012
424500,0.010,0.984,0.006
425000,0.010,0.962,0.029
425500,0.010,0.967,0.023
426000,0.010,0.951,0.040
426500,0.010,0.969,0.021
427000,0.010,0.973,0.017
427500,0.010,0.980,0.010
428000,0.010,0.953,0.037
428500,0.010,0.952,0.038
429000,0.010,0.934,0.056
429500,0.010,0.952,0.038
430000,0.010,0.945,0.045
430500,0.010,0.959,0.031
431000,0.010,0.947,0.043
431500,0.010,0.937,0.053
432000,0.010,0.939,0.051
432500,0.010,0.914,0.076
433000,0.010,0.946,0.044
433500,0.010,0.927,0.063
434000,0.010,0.966,0.024
434500,0.010,0.969,0.021
435000,0.010,0.959,0.031
435500,0.010,0.952,0.038
436000,0.012,0.944,0.045
436500,0.010,0.940,0.050
437000,0.010,0.959,0.031
437500,0.010,0.969,0.021
438000,0.010,0.966,0.024
438500,0.010,0.950,0.040
439000,0.010,0.941,0.049
439500,0.010,0.955,0.035
440000,0.010,0.954,0.036
440500,0.010,0.936,0.054
441000,0.010,0.930,0.061
441500,0.010,0.951,0.039
442000,0.010,0.935,0.055
442500,0.010,0.955,0.036
443000,0.010,0.953,0.037
443500,0.010,0.928,0.062
444000,0.010,0.950,0.040
444500,0.010,0.948,0.042
445000,0.010,0.942,0.048
445500,0.010,0.952,0.038
446000,0.010,0.956,0.034
446500,0.010,0.966,0.024
447000,0.010,0.969,0.021
447500,0.010,0.930,0.059
448000,0.010,0.921,0.068
448500,0.010,0.932,0.058
449000,0.010,0.948,0.042
449500,0.010,0.934,0.056
450000,0.010,0.913,0.077
450500,0.010,0.941,0.049
451000,0.010,0.940,0.050
451500,0.010,0.945,0.045
452000,0.010,0.938,0.052
452500,0.010,0.943,0.047
453000,0.010,0.949,0.041
453500,0.011,0.954,0.035
454000,0.010,0.969,0.022
454500,0.010,0.977,0.013
455000,0.010,0.977,0.013
455500,0.010,0.973,0.017
456000,0.010,0.937,0.053
456500,0.010,0.940,0.050
457000,0.010,0.966,0.024
457500,0.010,0.953,0.037
458000,0.010,0.948,0.042
458500,0.010,0.963,0.027
459000,0.010,0.978,0.012
459500,0.010,0.972,0.018
460000,0.010,0.962,0.029
460500,0.010,0.962,0.029
461000,0.010,0.958,0.032
461500,0.010,0.903,0.087
462000,0.010,0.913,0.077
462500,0.010,0.948,0.042
463000,0.010,0.937,0.054
463500,0.010,0.958,0.033
464000,0.010,0.970,0.020
464500,0.010,0.970,0.020
465000,0.010,0.976,0.014
465500,0.010,0.972,0.018
466000,0.010,0.968,0.022
466500,0.010,0.967,0.023
467000,0.010,0.968,0.022
467500,0.010,0.964,0.026
468000,0.010,0.941,0.049
468500,0.010,0.930,0.061
469000,0.010,0.939,0.051
469500,0.010,0.956,0.034
470000,0.010,0.951,0.040
470500,0.010,0.962,0.029
471000,0.010,0.958,0.033
471500,0.010,0.967,0.023
472000,0.010,0.971,0.019
472500,0.010,0.969,0.022
473000,0.010,0.958,0.033
473500,0.010,0.977,0.013
474000,0.010,0.951,0.040
474500,0.010,0.948,0.042
475000,0.010,0.961,0.029
475500,0.010,0.969,0.022
476000,0.010,0.956,0.034
476500,0.010,0.976,0.014
477000,0.010,0.955,0.036
477500,0.010,0.960,0.030
478000,0.010,0.959,0.031
478500,0.010,0.954,0.036
479000,0.010,0.955,0.035
479500,0.010,0.951,0.039
480000,0.010,0.964,0.026
480500,0.010,0.954,0.036
481000,0.010,0.956,0.034
481500,0.010,0.956,0.034
482000,0.010,0.948,0.042
482500,0.010,0.951,0.039
483000,0.010,0.963,0.027
483500,0.010,0.970,0.020
484000,0.010,0.968,0.022
484500,0.010,0.973,0.017
485000,0.010,0.980,0.010
485500,0.010,0.978,0.012
486000,0.010,0.982,0.008
486500,0.010,0.970,0.020
487000,0.010,0.979,0.011
487500,0.010,0.968,0.022
488000,0.010,0.970,0.020
488500,0.010,0.974,0.016
489000,0.010,0.985,0.005
489500,0.010,0.969,0.021
490000,0.010,0.974,0.016
490500,0.010,0.952,0.038
491000,0.010,0.948,0.042
491500,0.010,0.947,0.043
492000,0.010,0.959,0.031
492500,0.010,0.943,0.047
493000,0.010,0.947,0.043
493500,0.010,0.963,0.027
494000,0.010,0.966,0.024
494500,0.010,0.971,0.019
495000,0.010,0.979,0.011
495500,0.010,0.978,0.012
496000,0.010,0.984,0.006
496500,0.010,0.977,0.013
497000,0.010,0.981,0.009
497500,0.010,0.984,0.006
498000,0.010,0.970,0.020
498500,0.010,0.980,0.010
499000,0.010,0.969,0.021
499500,0.010,0.958,0.033
500000,0.010,0.949,0.041
500500,0.010,0.956,0.034
501000,0.010,0.972,0.018
501500,0.010,0.982,0.008
502000,0.010,0.973,0.017
502500,0.010,0.931,0.059
503000,0.011,0.943,0.046
503500,0.011,0.941,0.048
504000,0.010,0.959,0.030
504500,0.010,0.955,0.034
505000,0.010,0.974,0.016
505500,0.010,0.966,0.024
506000,0.010,0.899,0.091
506500,0.010,0.950,0.040
507000,0.010,0.960,0.029
507500,0.010,0.957,0.033
508000,0.010,0.950,0.040
508500,0.011,0.951,0.038
509000,0.012,0.956,0.032
509500,0.011,0.967,0.022
510000,0.011,0.967,0.022
510500,0.010,0.960,0.029
511000,0.010,0.960,0.029
511500,0.010,0.968,0.022
512000,0.010,0.973,0.016
512500,0.010,0.969,0.021
513000,0.010,0.978,0.012
513500,0.010,0.977,0.013
514000,0.010,0.976,0.014
514500,0.010,0.973,0.017
515000,0.010,0.972,0.017
515500,0.010,0.955,0.034
516000,0.010,0.959,0.031
516500,0.010,0.973,0.017
517000,0.010,0.971,0.019
517500,0.010,0.964,0.026
518000,0.010,0.934,0.056
518500,0.010,0.925,0.065
519000,0.010,0.915,0.075
519500,0.010,0.945,0.045
520000,0.010,0.943,0.047
520500,0.010,0.956,0.034
521000,0.010,0.928,0.062
521500,0.010,0.941,0.048
522000,0.010,0.952,0.038
522500,0.010,0.962,0.029
523000,0.010,0.927,0.063
523500,0.010,0.968,0.022
524000,0.010,0.953,0.037
524500,0.010,0.943,0.047
525000,0.010,0.935,0.055
525500,0.010,0.937,0.054
526000,0.010,0.929,0.061
526500,0.010,0.962,0.029
527000,0.010,0.956,0.034
527500,0.010,0.928,0.062
528000,0.010,0.914,0.075
528500,0.010,0.935,0.055
529000,0.012,0.902,0.086
529500,0.010,0.939,0.051
530000,0.010,0.960,0.030
530500,0.010,0.945,0.045
531000,0.010,0.938,0.052
531500,0.010,0.954,0.036
532000,0.010,0.956,0.034
532500,0.010,0.924,0.066
533000,0.010,0.957,0.033
533500,0.010,0.959,0.031
534000,0.010,0.950,0.040
534500,0.010,0.947,0.043
535000,0.010,0.955,0.035
535500,0.010,0.970,0.020
536000,0.010,0.938,0.052
536500,0.010,0.970,0.020
537000,0.010,0.976,0.015
537500,0.010,0.974,0.016
538000,0.010,0.977,0.013
538500,0.010,0.982,0.008
539000,0.010,0.970,0.020
539500,0.010,0.984,0.006
540000,0.010,0.967,0.023
540500,0.010,0.955,0.036
541000,0.010,0.963,0.027
541500,0.010,0.949,0.041
542000,0.010,0.945,0.045
542500,0.010,0.961,0.029
543000,0.010,0.969,0.021
543500,0.010,0.960,0.030
544000,0.010,0.946,0.044
544500,0.010,0.964,0.026
545000,0.010,0.955,0.035
545500,0.010,0.959,0.031
546000,0.010,0.951,0.040
546500,0.010,0.956,0.034
547000,0.010,0.961,0.029
547500,0.010,0.973,0.017
548000,0.010,0.979,0.011
548500,0.010,0.964,0.026
549000,0.010,0.948,0.042
549500,0.010,0.946,0.044
550000,0.011,0.939,0.050
550500,0.010,0.970,0.020
551000,0.010,0.970,0.020
551500,0.010,0.966,0.024
552000,0.010,0.963,0.027
552500,0.010,0.963,0.027
553000,0.010,0.951,0.039
553500,0.010,0.966,0.024
554000,0.010,0.959,0.031
554500,0.010,0.963,0.027
555000,0.010,0.979,0.011
555500,0.010,0.979,0.011
556000,0.010,0.977,0.013
556500,0.010,0.980,0.010
557000,0.010,0.985,0.005
557500,0.010,0.977,0.013
558000,0.010,0.984,0.006
558500,0.010,0.985,0.005
559000,0.010,0.978,0.012
559500,0.010,0.974,0.016
560000,0.010,0.981,0.009
560500,0.010,0.984,0.006
561000,0.010,0.987,0.003
561500,0.010,0.956,0.034
562000,0.010,0.960,0.030
562500,0.010,0.946,0.044
563000,0.010,0.950,0.040
563500,0.010,0.960,0.030
564000,0.010,0.952,0.038
564500,0.013,0.956,0.031
565000,0.010,0.956,0.033
565500,0.010,0.956,0.034
566000,0.010,0.966,0.024
566500,0.010,0.960,0.030
567000,0.010,0.949,0.041
567500,0.010,0.940,0.050
568000,0.010,0.953,0.037
568500,0.010,0.970,0.020
569000,0.010,0.962,0.028
569500,0.010,0.973,0.017
570000,0.010,0.978,0.012
570500,0.010,0.969,0.022
571000,0.010,0.973,0.017
571500,0.010,0.964,0.026
572000,0.010,0.959,0.031
572500,0.010,0.952,0.038
573000,0.010,0.968,0.022
573500,0.010,0.959,0.031
574000,0.010,0.921,0.069
574500,0.010,0.941,0.049
575000,0.010,0.951,0.040
575500,0.010,0.959,0.031
576000,0.010,0.962,0.028
576500,0.010,0.959,0.031
577000,0.010,0.955,0.035
577500,0.010,0.961,0.029
578000,0.010,0.971,0.019
578500,0.010,0.964,0.026
579000,0.010,0.960,0.030
579500,0.010,0.973,0.017
580000,0.010,0.973,0.017
580500,0.010,0.973,0.017
581000,0.010,0.980,0.010
581500,0.010,0.980,0.010
582000,0.010,0.981,0.009
582500,0.010,0.985,0.005
583000,0.010,0.976,0.014
583500,0.010,0.931,0.059
584000,0.012,0.940,0.048
584500,0.012,0.964,0.024
585000,0.010,0.965,0.024
585500,0.010,0.942,0.048
586000,0.010,0.925,0.065
586500,0.010,0.913,0.077
587000,0.010,0.925,0.065
587500,0.010,0.938,0.052
588000,0.010,0.948,0.042
588500,0.010,0.966,0.023
589000,0.010,0.960,0.030
589500,0.010,0.965,0.024
590000,0.012,0.954,0.034
590500,0.010,0.963,0.027
591000,0.010,0.966,0.024
591500,0.010,0.965,0.024
592000,0.010,0.960,0.029
592500,0.010,0.966,0.023
593000,0.012,0.934,0.054
593500,0.010,0.956,0.033
594000,0.010,0.959,0.030
594500,0.010,0.966,0.024
595000,0.010,0.975,0.015
595500,0.010,0.966,0.024
596000,0.010,0.948,0.042
596500,0.010,0.969,0.022
597000,0.010,0.974,0.016
597500,0.010,0.970,0.020
598000,0.010,0.971,0.019
598500,0.010,0.955,0.035
599000,0.010,0.963,0.027
599500,0.010,0.945,0.045
600000,0.010,0.955,0.036
600500,0.010,0.946,0.044
601000,0.010,0.934,0.056
601500,0.010,0.960,0.030
602000,0.010,0.957,0.033
602500,0.010,0.960,0.030
603000,0.010,0.973,0.017
603500,0.010,0.971,0.019
604000,0.010,0.955,0.035
604500,0.010,0.971,0.019
605000,0.010,0.969,0.021
605500,0.010,0.969,0.021
606000,0.010,0.948,0.042
606500,0.011,0.946,0.042
607000,0.010,0.946,0.043
607500,0.011,0.915,0.074
608000,0.011,0.925,0.063
608500,0.010,0.937,0.054
609000,0.010,0.956,0.034
609500,0.010,0.948,0.042
610000,0.010,0.934,0.056
610500,0.010,0.963,0.027
611000,0.010,0.974,0.016
611500,0.010,0.965,0.025
612000,0.010,0.979,0.011
612500,0.010,0.980,0.010
613000,0.010,0.941,0.049
613500,0.010,0.928,0.062
614000,0.012,0.922,0.066
614500,0.012,0.948,0.040
615000,0.011,0.944,0.045
615500,0.010,0.903,0.087
616000,0.010,0.946,0.044
616500,0.010,0.959,0.030
617000,0.010,0.962,0.029
617500,0.010,0.949,0.041
618000,0.010,0.952,0.038
618500,0.010,0.958,0.033
619000,0.010,0.954,0.036
619500,0.010,0.966,0.024
620000,0.010,0.944,0.047
620500,0.010,0.931,0.059
621000,0.010,0.956,0.034
621500,0.010,0.966,0.024
622000,0.010,0.970,0.020
622500,0.010,0.966,0.024
623000,0.010,0.956,0.034
623500,0.010,0.961,0.029
624000,0.010,0.955,0.035
624500,0.010,0.971,0.019
625000,0.010,0.970,0.020
625500,0.010,0.943,0.047
626000,0.010,0.957,0.033
626500,0.010,0.961,0.029
627000,0.010,0.964,0.025
627500,0.010,0.967,0.023
628000,0.010,0.959,0.031
628500,0.010,0.969,0.021
629000,0.010,0.960,0.030
629500,0.010,0.957,0.033
630000,0.010,0.959,0.031
630500,0.010,0.953,0.036
631000,0.010,0.965,0.025
631500,0.010,0.976,0.014
632000,0.010,0.976,0.015
632500,0.010,0.978,0.012
633000,0.010,0.978,0.012
633500,0.010,0.967,0.023
634000,0.010,0.969,0.022
634500,0.010,0.982,0.008
635000,0.010,0.979,0.011
635500,0.010,0.971,0.019
636000,0.010,0.982,0.008
636500,0.010,0.986,0.004
637000,0.010,0.987,0.003
637500,0.010,0.968,0.022
638000,0.010,0.982,0.008
638500,0.010,0.938,0.052
639000,0.010,0.962,0.029
639500,0.010,0.980,0.010
640000,0.010,0.972,0.018
640500,0.010,0.981,0.009
641000,0.010,0.985,0.005
641500,0.010,0.985,0.005
642000,0.010,0.955,0.036
642500,0.010,0.942,0.048
643000,0.010,0.942,0.048
643500,0.010,0.930,0.061
644000,0.010,0.944,0.047
644500,0.010,0.956,0.034
645000,0.010,0.942,0.048
645500,0.010,0.961,0.029
646000,0.010,0.966,0.024
646500,0.010,0.967,0.023
647000,0.010,0.962,0.029
647500,0.010,0.970,0.020
648000,0.010,0.974,0.016
648500,0.010,0.959,0.031
649000,0.010,0.938,0.052
649500,0.010,0.964,0.026
650000,0.011,0.971,0.018
650500,0.010,0.973,0.017
651000,0.010,0.975,0.015
651500,0.010,0.978,0.012
652000,0.010,0.984,0.006
652500,0.010,0.983,0.007
653000,0.010,0.976,0.014
653500,0.010,0.972,0.018
654000,0.010,0.976,0.015
654500,0.010,0.980,0.010
655000,0.010,0.975,0.015
655500,0.010,0.973,0.017
656000,0.010,0.970,0.020
656500,0.010,0.979,0.011
657000,0.010,0.974,0.016
657500,0.010,0.961,0.029
658000,0.010,0.967,0.023
658500,0.010,0.963,0.026
659000,0.010,0.973,0.017
659500,0.010,0.962,0.028
660000,0.010,0.964,0.026
660500,0.010,0.939,0.051
661000,0.010,0.957,0.033
661500,0.010,0.968,0.022
662000,0.010,0.970,0.020
662500,0.010,0.971,0.019
663000,0.010,0.953,0.037
663500,0.010,0.960,0.030
664000,0.010,0.955,0.035
664500,0.010,0.973,0.017
665000,0.010,0.971,0.019
665500,0.010,0.981,0.009
666000,0.010,0.958,0.032
666500,0.010,0.963,0.027
667000,0.010,0.894,0.096
667500,0.010,0.921,0.069
668000,0.010,0.952,0.038
668500,0.010,0.956,0.034
669000,0.010,0.945,0.045
669500,0.010,0.949,0.041
670000,0.010,0.948,0.042
670500,0.010,0.957,0.033
671000,0.010,0.953,0.037
671500,0.010,0.963,0.027
672000,0.010,0.974,0.016
672500,0.010,0.969,0.022
673000,0.010,0.962,0.028
673500,0.010,0.964,0.026
674000,0.010,0.959,0.031
674500,0.011,0.962,0.027
675000,0.010,0.967,0.022
675500,0.010,0.955,0.035
676000,0.010,0.970,0.020
676500,0.010,0.976,0.015
677000,0.010,0.974,0.016
677500,0.010,0.966,0.024
678000,0.010,0.957,0.033
678500,0.010,0.967,0.023
679000,0.010,0.973,0.017
679500,0.010,0.967,0.023
680000,0.010,0.931,0.059
680500,0.010,0.934,0.056
681000,0.010,0.921,0.069
681500,0.010,0.952,0.038
682000,0.010,0.975,0.015
682500,0.010,0.960,0.030
683000,0.010,0.968,0.022
683500,0.010,0.969,0.022
684000,0.010,0.956,0.034
684500,0.010,0.963,0.027
685000,0.010,0.952,0.038
685500,0.010,0.968,0.022
686000,0.010,0.971,0.019
686500,0.010,0.964,0.026
687000,0.010,0.976,0.014
687500,0.010,0.967,0.023
688000,0.010,0.973,0.017
688500,0.010,0.973,0.017
689000,0.010,0.968,0.022
689500,0.010,0.982,0.008
690000,0.010,0.983,0.008
690500,0.010,0.980,0.010
691000,0.010,0.974,0.016
691500,0.010,0.970,0.020
692000,0.010,0.976,0.014
692500,0.010,0.967,0.023
693000,0.010,0.963,0.027
693500,0.010,0.958,0.032
694000,0.010,0.978,0.012
694500,0.010,0.974,0.016
695000,0.010,0.976,0.014
695500,0.010,0.973,0.017
696000,0.010,0.968,0.022
696500,0.010,0.975,0.015
697000,0.010,0.977,0.013
697500,0.010,0.977,0.013
698000,0.010,0.970,0.020
698500,0.010,0.951,0.040
699000,0.010,0.967,0.023
699500,0.010,0.966,0.024
700000,0.010,0.965,0.025
700500,0.010,0.937,0.054
701000,0.010,0.956,0.034
701500,0.010,0.971,0.019
702000,0.010,0.971,0.019
702500,0.010,0.964,0.026
703000,0.010,0.966,0.024
703500,0.010,0.976,0.015
704000,0.010,0.955,0.036
704500,0.010,0.960,0.030
705000,0.010,0.972,0.018
705500,0.010,0.984,0.006
706000,0.010,0.973,0.017
706500,0.010,0.964,0.026
707000,0.010,0.962,0.028
707500,0.010,0.949,0.041
708000,0.010,0.969,0.022
708500,0.010,0.930,0.060
709000,0.010,0.950,0.040
709500,0.010,0.977,0.013
710000,0.010,0.981,0.009
710500,0.010,0.981,0.009
711000,0.010,0.974,0.016
711500,0.010,0.960,0.030
712000,0.010,0.972,0.018
712500,0.010,0.966,0.024
713000,0.010,0.969,0.021
713500,0.010,0.971,0.019
714000,0.010,0.967,0.023
714500,0.010,0.959,0.031
715000,0.010,0.959,0.031
715500,0.010,0.933,0.057
716000,0.010,0.949,0.041
716500,0.010,0.920,0.070
717000,0.010,0.924,0.066
717500,0.011,0.944,0.045
718000,0.010,0.945,0.045
718500,0.011,0.938,0.051
719000,0.010,0.911,0.079
719500,0.010,0.925,0.065
720000,0.010,0.927,0.063
720500,0.011,0.911,0.078
721000,0.010,0.946,0.044
721500,0.010,0.946,0.044
722000,0.010,0.965,0.025
722500,0.010,0.967,0.023
723000,0.010,0.972,0.018
723500,0.011,0.953,0.036
724000,0.010,0.937,0.054
724500,0.010,0.969,0.022
725000,0.010,0.965,0.024
725500,0.010,0.971,0.018
726000,0.010,0.967,0.023
726500,0.010,0.956,0.034
727000,0.010,0.964,0.026
727500,0.010,0.941,0.049
728000,0.010,0.943,0.047
728500,0.010,0.942,0.048
729000,0.010,0.950,0.040
729500,0.010,0.930,0.060
730000,0.010,0.951,0.040
730500,0.010,0.931,0.059
731000,0.010,0.947,0.043
731500,0.010,0.965,0.025
732000,0.010,0.954,0.036
732500,0.010,0.939,0.051
733000,0.010,0.948,0.041
733500,0.010,0.927,0.062
734000,0.010,0.945,0.045
734500,0.010,0.949,0.041
735000,0.010,0.945,0.044
735500,0.010,0.936,0.054
736000,0.010,0.946,0.044
736500,0.010,0.971,0.019
737000,0.010,0.967,0.023
737500,0.010,0.970,0.020
738000,0.010,0.969,0.021
738500,0.010,0.969,0.021
739000,0.010,0.973,0.017
739500,0.010,0.967,0.023
740000,0.010,0.971,0.019
740500,0.010,0.952,0.038
741000,0.010,0.928,0.062
741500,0.010,0.963,0.027
742000,0.010,0.970,0.020
742500,0.010,0.975,0.015
743000,0.010,0.967,0.023
743500,0.010,0.976,0.015
744000,0.010,0.954,0.036
744500,0.010,0.967,0.023
745000,0.010,0.959,0.031
745500,0.010,0.963,0.026
746000,0.010,0.961,0.029
746500,0.010,0.966,0.024
747000,0.010,0.960,0.030
747500,0.010,0.945,0.045
748000,0.010,0.961,0.029
748500,0.010,0.959,0.031
749000,0.010,0.968,0.022
749500,0.010,0.967,0.023
750000,0.010,0.959,0.031
750500,0.010,0.950,0.040
751000,0.010,0.950,0.040
751500,0.010,0.966,0.024
752000,0.010,0.960,0.030
752500,0.010,0.953,0.037
753000,0.010,0.966,0.024
753500,0.010,0.952,0.038
754000,0.010,0.951,0.039
754500,0.010,0.937,0.054
755000,0.010,0.958,0.032
755500,0.010,0.960,0.030
756000,0.010,0.955,0.036
756500,0.010,0.946,0.044
757000,0.010,0.948,0.042
757500,0.010,0.944,0.046
758000,0.010,0.943,0.047
758500,0.010,0.963,0.027
759000,0.010,0.975,0.015
759500,0.010,0.963,0.027
760000,0.010,0.964,0.026
760500,0.010,0.968,0.022
761000,0.010,0.951,0.040
761500,0.010,0.967,0.023
762000,0.010,0.963,0.027
762500,0.010,0.958,0.032
763000,0.010,0.965,0.025
763500,0.010,0.980,0.010
764000,0.010,0.981,0.009
764500,0.010,0.980,0.010
765000,0.010,0.965,0.025
765500,0.010,0.973,0.017
766000,0.010,0.971,0.019
766500,0.010,0.980,0.010
767000,0.010,0.973,0.017
767500,0.010,0.958,0.033
768000,0.010,0.955,0.035
768500,0.010,0.934,0.056
769000,0.010,0.927,0.063
769500,0.010,0.922,0.068
770000,0.010,0.949,0.041
770500,0.010,0.959,0.031
771000,0.010,0.965,0.025
771500,0.010,0.966,0.024
772000,0.010,0.967,0.023
772500,0.010,0.960,0.030
773000,0.010,0.959,0.031
773500,0.010,0.945,0.045
774000,0.010,0.941,0.049
774500,0.010,0.947,0.043
775000,0.010,0.943,0.047
775500,0.010,0.964,0.026
776000,0.010,0.965,0.025
776500,0.010,0.950,0.040
777000,0.010,0.969,0.022
777500,0.010,0.961,0.029
778000,0.010,0.969,0.022
778500,0.010,0.977,0.013
779000,0.010,0.947,0.043
779500,0.010,0.956,0.034
780000,0.010,0.955,0.036
780500,0.010,0.959,0.031
781000,0.010,0.941,0.049
781500,0.010,0.961,0.029
782000,0.010,0.959,0.031
782500,0.010,0.969,0.021
783000,0.010,0.973,0.017
783500,0.010,0.975,0.015
784000,0.010,0.977,0.013
784500,0.010,0.971,0.019
785000,0.010,0.941,0.049
785500,0.010,0.965,0.025
786000,0.010,0.954,0.036
786500,0.010,0.956,0.034
787000,0.010,0.960,0.030
787500,0.010,0.953,0.037
788000,0.010,0.932,0.058
788500,0.010,0.942,0.048
789000,0.010,0.949,0.041
789500,0.010,0.960,0.030
790000,0.010,0.969,0.022
790500,0.010,0.960,0.030
791000,0.010,0.958,0.032
791500,0.010,0.958,0.033
792000,0.010,0.950,0.040
792500,0.010,0.948,0.042
793000,0.010,0.949,0.041
793500,0.010,0.939,0.051
794000,0.010,0.952,0.038
794500,0.010,0.946,0.044
795000,0.010,0.945,0.044
795500,0.010,0.959,0.031
796000,0.010,0.962,0.028
796500,0.010,0.970,0.020
797000,0.010,0.971,0.019
797500,0.010,0.981,0.009
798000,0.010,0.973,0.017
798500,0.010,0.977,0.013
799000,0.010,0.980,0.010
799500,0.010,0.976,0.014
800000,0.010,0.980,0.010
800500,0.010,0.977,0.013
801000,0.010,0.945,0.045
801500,0.010,0.959,0.031
802000,0.010,0.939,0.051
802500,0.010,0.953,0.037
803000,0.010,0.941,0.049
803500,0.010,0.936,0.054
804000,0.010,0.949,0.041
804500,0.010,0.959,0.031
805000,0.010,0.973,0.017
805500,0.010,0.977,0.013
806000,0.010,0.981,0.009
806500,0.010,0.973,0.017
807000,0.010,0.980,0.010
807500,0.010,0.962,0.028
808000,0.010,0.970,0.020
808500,0.010,0.973,0.017
809000,0.010,0.982,0.008
809500,0.010,0.977,0.013
810000,0.010,0.958,0.033
810500,0.010,0.978,0.012
811000,0.010,0.949,0.041
811500,0.010,0.938,0.052
812000,0.010,0.930,0.061
812500,0.010,0.955,0.036
813000,0.010,0.931,0.059
813500,0.010,0.950,0.040
814000,0.010,0.966,0.024
814500,0.010,0.950,0.040
815000,0.010,0.971,0.019
815500,0.010,0.981,0.009
816000,0.010,0.976,0.014
816500,0.010,0.973,0.017
817000,0.010,0.967,0.023
817500,0.010,0.963,0.027
818000,0.010,0.956,0.034
818500,0.010,0.953,0.037
819000,0.010,0.968,0.022
819500,0.010,0.960,0.030
820000,0.010,0.943,0.047
820500,0.010,0.956,0.034
821000,0.010,0.952,0.038
821500,0.010,0.943,0.047
822000,0.010,0.952,0.038
822500,0.010,0.961,0.029
823000,0.010,0.957,0.033
823500,0.010,0.967,0.023
824000,0.010,0.976,0.014
824500,0.010,0.969,0.021
825000,0.010,0.974,0.016
825500,0.010,0.978,0.012
826000,0.010,0.966,0.024
826500,0.010,0.966,0.024
827000,0.010,0.969,0.022
827500,0.010,0.981,0.009
828000,0.010,0.984,0.006
828500,0.010,0.983,0.008
829000,0.010,0.988,0.002
829500,0.010,0.987,0.003
830000,0.010,0.967,0.023
830500,0.010,0.954,0.036
831000,0.010,0.953,0.037
831500,0.010,0.963,0.027
832000,0.011,0.924,0.065
832500,0.010,0.943,0.047
833000,0.010,0.958,0.032
833500,0.010,0.959,0.031
834000,0.010,0.967,0.023
834500,0.010,0.966,0.024
835000,0.010,0.972,0.018
835500,0.010,0.974,0.016
836000,0.010,0.969,0.022
836500,0.010,0.954,0.036
837000,0.010,0.963,0.027
837500,0.010,0.967,0.023
838000,0.010,0.966,0.024
838500,0.010,0.972,0.018
839000,0.010,0.979,0.011
839500,0.010,0.976,0.014
840000,0.010,0.952,0.038
840500,0.010,0.955,0.036
841000,0.010,0.957,0.033
841500,0.010,0.978,0.012
842000,0.010,0.977,0.013
842500,0.010,0.981,0.009
843000,0.010,0.948,0.042
843500,0.010,0.955,0.035
844000,0.010,0.933,0.057
844500,0.010,0.969,0.022
845000,0.010,0.977,0.013
845500,0.010,0.978,0.012
846000,0.010,0.976,0.014
846500,0.010,0.976,0.015
847000,0.010,0.952,0.038
847500,0.010,0.970,0.020
848000,0.010,0.954,0.036
848500,0.010,0.958,0.033
849000,0.010,0.967,0.023
849500,0.010,0.969,0.021
850000,0.010,0.971,0.019
850500,0.010,0.955,0.036
851000,0.010,0.975,0.015
851500,0.010,0.981,0.009
852000,0.010,0.978,0.012
852500,0.010,0.983,0.008
853000,0.010,0.966,0.024
853500,0.010,0.966,0.024
854000,0.010,0.956,0.034
854500,0.010,0.967,0.023
855000,0.010,0.963,0.027
855500,0.010,0.967,0.023
856000,0.010,0.965,0.025
856500,0.010,0.967,0.023
857000,0.010,0.970,0.020
857500,0.010,0.962,0.028
858000,0.010,0.971,0.019
858500,0.010,0.969,0.022
859000,0.010,0.958,0.033
859500,0.010,0.971,0.019
860000,0.010,0.970,0.020
860500,0.010,0.969,0.022
861000,0.010,0.970,0.020
861500,0.010,0.961,0.029
862000,0.010,0.962,0.029
862500,0.010,0.953,0.037
863000,0.010,0.939,0.051
863500,0.010,0.963,0.027
864000,0.010,0.953,0.037
864500,0.010,0.963,0.027
865000,0.010,0.943,0.047
865500,0.010,0.955,0.036
866000,0.010,0.959,0.031
866500,0.010,0.960,0.030
867000,0.010,0.973,0.017
867500,0.010,0.935,0.055
868000,0.010,0.951,0.039
868500,0.010,0.966,0.024
869000,0.010,0.961,0.029
869500,0.010,0.967,0.023
870000,0.010,0.944,0.047
870500,0.010,0.953,0.036
871000,0.010,0.958,0.033
871500,0.010,0.937,0.054
872000,0.010,0.932,0.058
872500,0.010,0.955,0.036
873000,0.010,0.921,0.068
873500,0.010,0.942,0.048
874000,0.010,0.951,0.040
874500,0.010,0.930,0.061
875000,0.010,0.942,0.048
875500,0.010,0.953,0.036
876000,0.010,0.952,0.038
876500,0.010,0.941,0.049
877000,0.010,0.942,0.048
877500,0.010,0.952,0.037
878000,0.012,0.890,0.098
878500,0.010,0.932,0.058
879000,0.010,0.959,0.031
879500,0.010,0.966,0.024
880000,0.010,0.964,0.026
880500,0.010,0.959,0.031
881000,0.010,0.963,0.027
881500,0.010,0.952,0.038
882000,0.010,0.959,0.031
882500,0.010,0.963,0.027
883000,0.010,0.954,0.036
883500,0.010,0.951,0.040
884000,0.010,0.939,0.051
884500,0.010,0.931,0.059
885000,0.010,0.955,0.035
885500,0.010,0.955,0.036
886000,0.010,0.949,0.041
886500,0.012,0.948,0.041
887000,0.010,0.960,0.030
887500,0.010,0.975,0.015
888000,0.010,0.967,0.023
888500,0.010,0.958,0.032
889000,0.010,0.959,0.031
889500,0.010,0.951,0.039
890000,0.010,0.966,0.024
890500,0.010,0.962,0.028
891000,0.010,0.975,0.015
891500,0.010,0.974,0.016
892000,0.010,0.964,0.026
892500,0.010,0.967,0.023
893000,0.010,0.946,0.044
893500,0.010,0.963,0.027
894000,0.010,0.956,0.034
894500,0.010,0.939,0.051
895000,0.010,0.959,0.031
895500,0.011,0.938,0.051
896000,0.010,0.951,0.040
896500,0.010,0.964,0.026
897000,0.010,0.968,0.022
897500,0.010,0.976,0.014
898000,0.010,0.940,0.050
898500,0.010,0.941,0.049
899000,0.010,0.960,0.030
899500,0.010,0.958,0.032
900000,0.010,0.958,0.033
900500,0.010,0.968,0.022
901000,0.010,0.974,0.016
901500,0.010,0.972,0.018
902000,0.010,0.978,0.012
902500,0.010,0.979,0.011
903000,0.010,0.964,0.026
903500,0.010,0.946,0.044
904000,0.010,0.952,0.038
904500,0.010,0.941,0.049
905000,0.010,0.949,0.041
905500,0.010,0.944,0.047
906000,0.010,0.959,0.031
906500,0.011,0.964,0.024
907000,0.010,0.971,0.019
907500,0.010,0.972,0.018
908000,0.010,0.973,0.017
908500,0.010,0.980,0.010
909000,0.010,0.958,0.032
909500,0.010,0.958,0.033
910000,0.010,0.932,0.058
910500,0.010,0.939,0.051
911000,0.010,0.935,0.055
911500,0.010,0.938,0.052
912000,0.010,0.915,0.075
912500,0.010,0.945,0.045
913000,0.010,0.954,0.036
913500,0.010,0.962,0.029
914000,0.010,0.971,0.019
914500,0.010,0.964,0.026
915000,0.010,0.946,0.044
915500,0.010,0.940,0.050
916000,0.010,0.930,0.060
916500,0.010,0.936,0.054
917000,0.010,0.925,0.065
917500,0.010,0.946,0.044
918000,0.010,0.955,0.035
918500,0.010,0.957,0.033
919000,0.010,0.970,0.020
919500,0.010,0.970,0.020
920000,0.010,0.961,0.029
920500,0.010,0.962,0.029
921000,0.010,0.960,0.030
921500,0.010,0.964,0.026
922000,0.010,0.948,0.042
922500,0.010,0.945,0.045
923000,0.010,0.951,0.040
923500,0.010,0.944,0.047
924000,0.011,0.868,0.121
924500,0.010,0.921,0.069
925000,0.010,0.896,0.094
925500,0.010,0.902,0.088
926000,0.010,0.909,0.081
926500,0.012,0.923,0.065
927000,0.010,0.945,0.045
927500,0.010,0.952,0.038
928000,0.010,0.958,0.032
928500,0.010,0.949,0.041
929000,0.010,0.960,0.029
929500,0.010,0.962,0.027
930000,0.010,0.956,0.034
930500,0.010,0.937,0.052
931000,0.010,0.959,0.031
931500,0.010,0.958,0.032
932000,0.010,0.930,0.060
932500,0.010,0.956,0.034
933000,0.010,0.946,0.044
933500,0.010,0.938,0.052
934000,0.010,0.939,0.051
934500,0.010,0.961,0.029
935000,0.010,0.945,0.045
935500,0.010,0.936,0.054
936000,0.010,0.952,0.038
936500,0.010,0.949,0.041
937000,0.010,0.933,0.057
937500,0.012,0.931,0.058
938000,0.010,0.925,0.065
938500,0.010,0.907,0.083
939000,0.010,0.948,0.042
939500,0.010,0.916,0.074
940000,0.010,0.943,0.047
940500,0.010,0.939,0.051
941000,0.010,0.937,0.053
941500,0.010,0.949,0.041
942000,0.010,0.944,0.046
942500,0.010,0.951,0.039
943000,0.010,0.946,0.044
943500,0.010,0.941,0.049
944000,0.010,0.948,0.042
944500,0.010,0.930,0.061
945000,0.010,0.952,0.038
945500,0.010,0.941,0.048
946000,0.010,0.932,0.058
946500,0.010,0.952,0.038
947000,0.010,0.945,0.045
947500,0.010,0.946,0.044
948000,0.010,0.953,0.037
948500,0.010,0.964,0.026
949000,0.010,0.953,0.037
949500,0.010,0.914,0.076
950000,0.010,0.955,0.035
950500,0.010,0.969,0.022
951000,0.010,0.967,0.023
951500,0.010,0.945,0.045
952000,0.010,0.939,0.051
952500,0.010,0.954,0.036
953000,0.010,0.945,0.045
953500,0.011,0.945,0.044
954000,0.010,0.945,0.045
954500,0.010,0.964,0.026
955000,0.010,0.963,0.027
955500,0.010,0.967,0.023
956000,0.010,0.971,0.019
956500,0.010,0.971,0.019
957000,0.010,0.974,0.016
957500,0.010,0.953,0.037
958000,0.010,0.959,0.031
958500,0.010,0.974,0.016
959000,0.010,0.942,0.048
959500,0.010,0.945,0.045
960000,0.010,0.951,0.040
960500,0.010,0.944,0.047
961000,0.010,0.959,0.031
961500,0.010,0.967,0.023
962000,0.010,0.973,0.017
962500,0.010,0.959,0.030
963000,0.010,0.962,0.029
963500,0.010,0.958,0.032
964000,0.010,0.959,0.031
964500,0.010,0.977,0.013
965000,0.010,0.976,0.014
965500,0.010,0.973,0.017
966000,0.010,0.958,0.032
966500,0.010,0.958,0.032
967000,0.010,0.962,0.029
967500,0.010,0.975,0.015
968000,0.010,0.977,0.013
968500,0.010,0.972,0.018
969000,0.010,0.965,0.025
969500,0.010,0.976,0.015
970000,0.010,0.976,0.014
970500,0.010,0.966,0.024
971000,0.010,0.980,0.010
971500,0.010,0.961,0.029
972000,0.010,0.948,0.042
972500,0.010,0.957,0.033
973000,0.010,0.967,0.023
973500,0.010,0.967,0.023
974000,0.010,0.960,0.030
974500,0.010,0.959,0.031
975000,0.010,0.951,0.038
975500,0.010,0.969,0.020
976000,0.010,0.968,0.022
976500,0.010,0.970,0.020
977000,0.010,0.974,0.016
977500,0.010,0.925,0.064
978000,0.010,0.960,0.030
978500,0.010,0.949,0.040
979000,0.010,0.960,0.030
979500,0.010,0.959,0.031
980000,0.010,0.975,0.015
980500,0.010,0.978,0.012
981000,0.010,0.948,0.042
981500,0.010,0.924,0.066
982000,0.010,0.953,0.037
982500,0.010,0.958,0.033
983000,0.010,0.971,0.019
983500,0.010,0.972,0.018
984000,0.010,0.982,0.008
984500,0.010,0.962,0.029
985000,0.010,0.971,0.019
985500,0.010,0.981,0.009
986000,0.010,0.967,0.023
986500,0.010,0.946,0.044
987000,0.010,0.949,0.041
987500,0.010,0.956,0.033
988000,0.010,0.963,0.027
988500,0.010,0.966,0.024
989000,0.010,0.960,0.030
989500,0.010,0.960,0.030
990000,0.010,0.969,0.022
990500,0.010,0.976,0.015
991000,0.010,0.928,0.062
991500,0.010,0.951,0.039
992000,0.010,0.961,0.029
992500,0.010,0.960,0.030
993000,0.010,0.963,0.027
993500,0.010,0.932,0.058
994000,0.010,0.963,0.027
994500,0.010,0.956,0.034
995000,0.010,0.963,0.027
995500,0.010,0.930,0.061
996000,0.010,0.967,0.023
996500,0.010,0.953,0.037
997000,0.010,0.966,0.024
997500,0.010,0.977,0.013
998000,0.010,0.973,0.017
998500,0.010,0.984,0.006
999000,0.010,0.962,0.029
999500,0.010,0.980,0.010
1000000,0.010,0.971,0.019
