time,n_A+p,n_B,n_AB
100,0.425,0.508,0.067
200,0.399,0.483,0.117
300,0.380,0.468,0.152
400,0.353,0.446,0.200
500,0.339,0.428,0.233
600,0.320,0.419,0.261
700,0.313,0.398,0.289
800,0.303,0.391,0.305
900,0.291,0.397,0.312
1000,0.285,0.391,0.324
1100,0.276,0.383,0.341
1200,0.272,0.377,0.351
1300,0.259,0.373,0.368
1400,0.253,0.366,0.381
1500,0.251,0.356,0.392
1600,0.249,0.344,0.407
1700,0.250,0.343,0.407
1800,0.241,0.341,0.418
1900,0.233,0.335,0.432
2000,0.226,0.329,0.445
2100,0.226,0.326,0.448
2200,0.224,0.315,0.462
2300,0.219,0.306,0.475
2400,0.223,0.303,0.474
2500,0.221,0.301,0.478
2600,0.220,0.296,0.484
2700,0.224,0.290,0.486
2800,0.228,0.292,0.480
2900,0.223,0.285,0.492
3000,0.216,0.285,0.499
3100,0.220,0.277,0.504
3200,0.210,0.274,0.516
3300,0.215,0.273,0.513
3400,0.212,0.276,0.512
3500,0.212,0.276,0.512
3600,0.209,0.274,0.517
3700,0.203,0.275,0.522
3800,0.197,0.274,0.529
3900,0.189,0.279,0.532
4000,0.186,0.271,0.543
4100,0.180,0.269,0.552
4200,0.183,0.268,0.550
4300,0.185,0.265,0.551
4400,0.188,0.273,0.539
4500,0.186,0.271,0.543
4600,0.179,0.266,0.556
4700,0.178,0.269,0.554
4800,0.180,0.267,0.554
4900,0.175,0.255,0.570
5000,0.176,0.254,0.570
5100,0.176,0.253,0.571
5200,0.179,0.252,0.569
5300,0.181,0.252,0.567
5400,0.182,0.252,0.566
5500,0.181,0.252,0.567
5600,0.181,0.252,0.567
5700,0.180,0.248,0.572
5800,0.179,0.240,0.581
5900,0.178,0.233,0.589
6000,0.177,0.233,0.590
6100,0.175,0.239,0.586
6200,0.180,0.236,0.584
6300,0.180,0.233,0.587
6400,0.175,0.235,0.590
6500,0.168,0.235,0.598
6600,0.166,0.235,0.599
6700,0.163,0.230,0.607
6800,0.165,0.233,0.602
6900,0.165,0.232,0.603
7000,0.163,0.231,0.606
7100,0.163,0.228,0.609
7200,0.163,0.222,0.615
7300,0.164,0.222,0.614
7400,0.161,0.222,0.617
7500,0.165,0.224,0.611
7600,0.165,0.225,0.610
7700,0.165,0.222,0.613
7800,0.169,0.219,0.613
7900,0.163,0.216,0.621
8000,0.164,0.216,0.620
8100,0.165,0.216,0.619
8200,0.163,0.212,0.624
8300,0.165,0.212,0.622
8400,0.163,0.213,0.623
8500,0.163,0.220,0.617
8600,0.165,0.220,0.615
8700,0.159,0.224,0.617
8800,0.156,0.219,0.625
8900,0.158,0.219,0.623
9000,0.158,0.209,0.632
9100,0.162,0.204,0.633
9200,0.164,0.203,0.632
9300,0.160,0.206,0.633
9400,0.154,0.203,0.642
9500,0.159,0.207,0.633
9600,0.162,0.205,0.632
9700,0.160,0.201,0.638
9800,0.159,0.197,0.644
9900,0.161,0.195,0.644
10000,0.158,0.197,0.645
10100,0.160,0.196,0.644
10200,0.158,0.195,0.647
10300,0.157,0.193,0.650
10400,0.155,0.193,0.652
10500,0.159,0.195,0.646
10600,0.166,0.191,0.642
10700,0.161,0.190,0.649
10800,0.160,0.197,0.642
10900,0.155,0.195,0.650
11000,0.155,0.192,0.653
11100,0.164,0.192,0.644
11200,0.166,0.187,0.647
11300,0.165,0.183,0.652
11400,0.159,0.188,0.653
11500,0.164,0.186,0.650
11600,0.163,0.192,0.645
11700,0.161,0.193,0.646
11800,0.157,0.190,0.653
11900,0.157,0.187,0.656
12000,0.158,0.186,0.656
12100,0.157,0.188,0.655
12200,0.159,0.186,0.655
12300,0.158,0.189,0.653
12400,0.156,0.187,0.657
12500,0.156,0.189,0.655
12600,0.154,0.188,0.658
12700,0.157,0.185,0.658
12800,0.154,0.186,0.660
12900,0.155,0.177,0.668
13000,0.154,0.181,0.665
13100,0.162,0.181,0.657
13200,0.161,0.180,0.659
13300,0.157,0.182,0.661
13400,0.153,0.182,0.665
13500,0.158,0.176,0.666
13600,0.153,0.175,0.672
13700,0.156,0.176,0.668
13800,0.162,0.174,0.664
13900,0.162,0.173,0.665
14000,0.159,0.172,0.669
14100,0.158,0.173,0.669
14200,0.157,0.177,0.666
14300,0.156,0.179,0.665
14400,0.153,0.174,0.673
14500,0.148,0.177,0.675
14600,0.149,0.179,0.672
14700,0.151,0.177,0.672
14800,0.155,0.180,0.665
14900,0.155,0.175,0.670
15000,0.155,0.173,0.672
15100,0.154,0.170,0.676
15200,0.163,0.173,0.664
15300,0.173,0.171,0.657
15400,0.169,0.174,0.658
15500,0.169,0.177,0.655
15600,0.162,0.172,0.666
15700,0.159,0.170,0.671
15800,0.160,0.168,0.672
15900,0.157,0.174,0.669
16000,0.154,0.170,0.676
16100,0.156,0.170,0.674
16200,0.152,0.172,0.676
16300,0.146,0.171,0.683
16400,0.145,0.166,0.688
16500,0.152,0.170,0.678
16600,0.152,0.172,0.676
16700,0.150,0.175,0.675
16800,0.154,0.171,0.675
16900,0.151,0.165,0.683
17000,0.149,0.166,0.684
17100,0.149,0.168,0.683
17200,0.145,0.166,0.688
17300,0.147,0.161,0.692
17400,0.149,0.160,0.691
17500,0.149,0.163,0.687
17600,0.140,0.169,0.692
17700,0.139,0.165,0.696
17800,0.139,0.168,0.694
17900,0.140,0.163,0.697
18000,0.138,0.160,0.702
18100,0.135,0.156,0.709
18200,0.137,0.157,0.706
18300,0.137,0.161,0.702
18400,0.136,0.161,0.703
18500,0.140,0.160,0.700
18600,0.142,0.160,0.698
18700,0.136,0.157,0.707
18800,0.135,0.158,0.707
18900,0.139,0.156,0.705
19000,0.139,0.154,0.707
19100,0.142,0.149,0.709
19200,0.141,0.151,0.708
19300,0.143,0.150,0.707
19400,0.143,0.150,0.707
19500,0.143,0.149,0.708
19600,0.147,0.153,0.700
19700,0.144,0.152,0.704
19800,0.139,0.153,0.708
19900,0.136,0.166,0.698
20000,0.136,0.156,0.708
20100,0.135,0.158,0.707
20200,0.138,0.158,0.704
20300,0.138,0.159,0.703
20400,0.140,0.162,0.698
20500,0.139,0.157,0.704
20600,0.139,0.154,0.707
20700,0.141,0.155,0.704
20800,0.145,0.152,0.703
20900,0.146,0.155,0.699
21000,0.145,0.155,0.700
21100,0.152,0.154,0.694
21200,0.154,0.156,0.689
21300,0.155,0.168,0.677
21400,0.155,0.161,0.683
21500,0.154,0.157,0.688
21600,0.156,0.157,0.686
21700,0.152,0.155,0.693
21800,0.153,0.171,0.676
21900,0.150,0.170,0.680
22000,0.148,0.170,0.682
22100,0.152,0.166,0.681
22200,0.149,0.166,0.684
22300,0.153,0.177,0.670
22400,0.163,0.172,0.665
22500,0.156,0.168,0.676
22600,0.153,0.168,0.679
22700,0.149,0.168,0.683
22800,0.152,0.169,0.679
22900,0.156,0.173,0.671
23000,0.151,0.174,0.675
23100,0.149,0.171,0.680
23200,0.145,0.161,0.694
23300,0.140,0.165,0.695
23400,0.146,0.166,0.687
23500,0.145,0.165,0.689
23600,0.143,0.159,0.698
23700,0.143,0.160,0.697
23800,0.147,0.155,0.698
23900,0.145,0.147,0.708
24000,0.141,0.149,0.710
24100,0.144,0.150,0.706
24200,0.147,0.144,0.709
24300,0.154,0.145,0.701
24400,0.157,0.145,0.698
24500,0.153,0.148,0.699
24600,0.151,0.151,0.698
24700,0.151,0.158,0.691
24800,0.151,0.154,0.695
24900,0.145,0.148,0.707
25000,0.145,0.164,0.691
25100,0.143,0.164,0.693
25200,0.140,0.162,0.698
25300,0.145,0.159,0.696
25400,0.146,0.158,0.696
25500,0.142,0.160,0.698
25600,0.144,0.157,0.699
25700,0.160,0.154,0.685
25800,0.164,0.148,0.687
25900,0.161,0.151,0.687
26000,0.161,0.152,0.686
26100,0.156,0.156,0.687
26200,0.153,0.155,0.692
26300,0.152,0.151,0.697
26400,0.155,0.153,0.692
26500,0.146,0.150,0.704
26600,0.153,0.146,0.701
26700,0.149,0.143,0.708
26800,0.145,0.146,0.709
26900,0.146,0.147,0.707
27000,0.142,0.147,0.711
27100,0.143,0.149,0.708
27200,0.140,0.147,0.713
27300,0.135,0.143,0.722
27400,0.135,0.138,0.727
27500,0.135,0.144,0.721
27600,0.133,0.143,0.724
27700,0.136,0.147,0.717
27800,0.130,0.144,0.726
27900,0.130,0.144,0.726
28000,0.128,0.154,0.718
28100,0.124,0.154,0.722
28200,0.126,0.139,0.735
28300,0.128,0.146,0.726
28400,0.129,0.151,0.720
28500,0.134,0.151,0.715
28600,0.130,0.149,0.721
28700,0.129,0.153,0.718
28800,0.136,0.151,0.713
28900,0.141,0.148,0.711
29000,0.136,0.154,0.710
29100,0.142,0.154,0.704
29200,0.139,0.154,0.707
29300,0.136,0.174,0.691
29400,0.137,0.178,0.685
29500,0.136,0.162,0.702
29600,0.139,0.157,0.704
29700,0.140,0.164,0.696
29800,0.137,0.162,0.701
29900,0.137,0.160,0.703
30000,0.135,0.156,0.709
30100,0.135,0.156,0.709
30200,0.131,0.159,0.710
30300,0.150,0.155,0.695
30400,0.147,0.154,0.699
30500,0.141,0.155,0.704
30600,0.142,0.152,0.706
30700,0.140,0.149,0.711
30800,0.139,0.152,0.709
30900,0.136,0.145,0.719
31000,0.134,0.150,0.716
31100,0.133,0.153,0.714
31200,0.135,0.154,0.711
31300,0.134,0.153,0.713
31400,0.128,0.158,0.714
31500,0.129,0.153,0.718
31600,0.130,0.156,0.714
31700,0.121,0.159,0.720
31800,0.121,0.158,0.721
31900,0.117,0.162,0.720
32000,0.118,0.159,0.722
32100,0.116,0.159,0.724
32200,0.118,0.154,0.727
32300,0.118,0.151,0.730
32400,0.116,0.150,0.733
32500,0.121,0.153,0.726
32600,0.121,0.146,0.733
32700,0.121,0.150,0.729
32800,0.124,0.152,0.724
32900,0.126,0.156,0.718
33000,0.127,0.151,0.722
33100,0.126,0.152,0.722
33200,0.123,0.158,0.719
33300,0.122,0.160,0.718
33400,0.121,0.155,0.724
33500,0.121,0.158,0.721
33600,0.120,0.153,0.727
33700,0.120,0.150,0.730
33800,0.116,0.139,0.745
33900,0.116,0.138,0.746
34000,0.115,0.134,0.751
34100,0.118,0.134,0.748
34200,0.118,0.141,0.741
34300,0.121,0.141,0.739
34400,0.124,0.142,0.734
34500,0.120,0.141,0.740
34600,0.121,0.143,0.736
34700,0.124,0.141,0.735
34800,0.120,0.139,0.742
34900,0.121,0.148,0.731
35000,0.121,0.143,0.736
35100,0.118,0.148,0.733
35200,0.118,0.151,0.730
35300,0.118,0.159,0.722
35400,0.118,0.153,0.728
35500,0.120,0.150,0.730
35600,0.117,0.145,0.737
35700,0.115,0.148,0.736
35800,0.114,0.149,0.736
35900,0.114,0.145,0.741
36000,0.114,0.143,0.743
36100,0.123,0.140,0.737
36200,0.125,0.138,0.737
36300,0.127,0.137,0.736
36400,0.128,0.141,0.731
36500,0.133,0.145,0.722
36600,0.135,0.137,0.728
36700,0.134,0.136,0.730
36800,0.133,0.130,0.737
36900,0.138,0.128,0.734
37000,0.133,0.131,0.736
37100,0.132,0.124,0.745
37200,0.133,0.126,0.742
37300,0.136,0.125,0.740
37400,0.130,0.118,0.752
37500,0.131,0.122,0.748
37600,0.127,0.121,0.753
37700,0.124,0.126,0.751
37800,0.123,0.151,0.726
37900,0.126,0.148,0.726
38000,0.127,0.145,0.728
38100,0.123,0.144,0.733
38200,0.122,0.145,0.733
38300,0.123,0.143,0.734
38400,0.125,0.137,0.739
38500,0.126,0.136,0.739
38600,0.118,0.140,0.742
38700,0.116,0.140,0.744
38800,0.112,0.143,0.745
38900,0.113,0.144,0.743
39000,0.116,0.143,0.741
39100,0.120,0.142,0.739
39200,0.115,0.143,0.742
39300,0.113,0.141,0.746
39400,0.110,0.146,0.744
39500,0.111,0.139,0.750
39600,0.111,0.147,0.742
39700,0.110,0.144,0.746
39800,0.117,0.146,0.736
39900,0.122,0.146,0.732
40000,0.118,0.149,0.732
40100,0.120,0.142,0.739
40200,0.114,0.137,0.749
40300,0.114,0.146,0.740
40400,0.118,0.146,0.735
40500,0.118,0.139,0.743
40600,0.115,0.142,0.743
40700,0.115,0.143,0.742
40800,0.112,0.142,0.746
40900,0.113,0.151,0.735
41000,0.111,0.148,0.741
41100,0.111,0.147,0.742
41200,0.113,0.148,0.739
41300,0.110,0.149,0.741
41400,0.109,0.152,0.739
41500,0.111,0.149,0.740
41600,0.110,0.152,0.737
41700,0.113,0.146,0.741
41800,0.114,0.145,0.741
41900,0.111,0.143,0.746
42000,0.110,0.154,0.735
42100,0.129,0.161,0.710
42200,0.152,0.157,0.691
42300,0.149,0.162,0.688
42400,0.152,0.165,0.682
42500,0.151,0.159,0.689
42600,0.149,0.160,0.691
42700,0.144,0.161,0.695
42800,0.139,0.159,0.702
42900,0.139,0.154,0.707
43000,0.136,0.151,0.713
43100,0.135,0.153,0.712
43200,0.137,0.146,0.717
43300,0.134,0.146,0.720
43400,0.133,0.147,0.720
43500,0.137,0.150,0.713
43600,0.134,0.146,0.720
43700,0.131,0.153,0.716
43800,0.131,0.153,0.716
43900,0.129,0.153,0.718
44000,0.126,0.148,0.726
44100,0.122,0.148,0.730
44200,0.123,0.146,0.731
44300,0.145,0.143,0.712
44400,0.142,0.141,0.717
44500,0.148,0.140,0.712
44600,0.140,0.147,0.713
44700,0.142,0.148,0.710
44800,0.121,0.163,0.716
44900,0.122,0.163,0.715
45000,0.117,0.157,0.725
45100,0.116,0.152,0.731
45200,0.115,0.149,0.735
45300,0.107,0.149,0.744
45400,0.109,0.157,0.733
45500,0.112,0.166,0.721
45600,0.118,0.170,0.712
45700,0.117,0.162,0.720
45800,0.115,0.155,0.729
45900,0.122,0.162,0.716
46000,0.120,0.162,0.718
46100,0.123,0.159,0.718
46200,0.116,0.156,0.727
46300,0.113,0.156,0.730
46400,0.116,0.161,0.722
46500,0.120,0.157,0.723
46600,0.116,0.155,0.728
46700,0.113,0.156,0.730
46800,0.110,0.155,0.734
46900,0.117,0.151,0.731
47000,0.114,0.150,0.735
47100,0.110,0.148,0.742
47200,0.115,0.154,0.730
47300,0.115,0.152,0.732
47400,0.115,0.152,0.732
47500,0.117,0.150,0.732
47600,0.116,0.151,0.732
47700,0.122,0.154,0.724
47800,0.120,0.152,0.728
47900,0.117,0.152,0.730
48000,0.112,0.147,0.741
48100,0.120,0.140,0.741
48200,0.122,0.140,0.739
48300,0.118,0.135,0.747
48400,0.115,0.135,0.750
48500,0.114,0.139,0.747
48600,0.114,0.140,0.746
48700,0.117,0.137,0.746
48800,0.121,0.135,0.745
48900,0.118,0.131,0.751
49000,0.123,0.131,0.747
49100,0.131,0.132,0.737
49200,0.132,0.131,0.737
49300,0.130,0.136,0.734
49400,0.131,0.138,0.731
49500,0.130,0.147,0.723
49600,0.132,0.141,0.727
49700,0.136,0.141,0.723
49800,0.130,0.137,0.733
49900,0.130,0.140,0.730
50000,0.125,0.137,0.739
50100,0.124,0.136,0.741
50200,0.120,0.135,0.746
50300,0.122,0.131,0.748
50400,0.122,0.139,0.740
50500,0.116,0.152,0.731
50600,0.110,0.147,0.743
50700,0.111,0.143,0.746
50800,0.115,0.135,0.750
50900,0.115,0.140,0.745
51000,0.115,0.149,0.735
51100,0.121,0.150,0.729
51200,0.117,0.148,0.734
51300,0.131,0.147,0.722
51400,0.133,0.146,0.721
51500,0.134,0.141,0.725
51600,0.136,0.136,0.728
51700,0.133,0.129,0.739
51800,0.133,0.134,0.733
51900,0.127,0.135,0.739
52000,0.126,0.137,0.737
52100,0.125,0.134,0.742
52200,0.121,0.136,0.744
52300,0.124,0.137,0.740
52400,0.117,0.131,0.752
52500,0.117,0.132,0.751
52600,0.122,0.129,0.750
52700,0.123,0.127,0.751
52800,0.128,0.128,0.745
52900,0.130,0.127,0.744
53000,0.128,0.128,0.745
53100,0.123,0.124,0.754
53200,0.123,0.129,0.749
53300,0.126,0.130,0.745
53400,0.125,0.125,0.751
53500,0.128,0.123,0.750
53600,0.130,0.125,0.746
53700,0.133,0.125,0.743
53800,0.129,0.122,0.750
53900,0.125,0.118,0.757
54000,0.126,0.123,0.752
54100,0.122,0.116,0.762
54200,0.125,0.132,0.744
54300,0.127,0.134,0.740
54400,0.126,0.130,0.745
54500,0.134,0.125,0.742
54600,0.136,0.122,0.743
54700,0.132,0.117,0.751
54800,0.134,0.116,0.750
54900,0.129,0.120,0.752
55000,0.128,0.118,0.754
55100,0.131,0.120,0.750
55200,0.132,0.117,0.751
55300,0.130,0.116,0.754
55400,0.126,0.116,0.758
55500,0.124,0.118,0.758
55600,0.121,0.122,0.758
55700,0.121,0.122,0.758
55800,0.118,0.123,0.759
55900,0.117,0.123,0.760
56000,0.124,0.123,0.754
56100,0.123,0.125,0.753
56200,0.121,0.127,0.753
56300,0.121,0.128,0.752
56400,0.127,0.126,0.748
56500,0.121,0.124,0.756
56600,0.120,0.127,0.754
56700,0.115,0.128,0.757
56800,0.120,0.129,0.752
56900,0.122,0.127,0.752
57000,0.121,0.133,0.747
57100,0.115,0.128,0.757
57200,0.110,0.124,0.766
57300,0.111,0.126,0.763
57400,0.120,0.128,0.753
57500,0.117,0.129,0.754
57600,0.114,0.127,0.759
57700,0.112,0.126,0.762
57800,0.108,0.126,0.766
57900,0.111,0.145,0.744
58000,0.108,0.149,0.743
58100,0.112,0.148,0.740
58200,0.110,0.147,0.743
58300,0.107,0.151,0.742
58400,0.110,0.144,0.746
58500,0.109,0.144,0.747
58600,0.111,0.153,0.735
58700,0.114,0.152,0.733
58800,0.111,0.149,0.740
58900,0.106,0.149,0.745
59000,0.103,0.147,0.750
59100,0.107,0.139,0.754
59200,0.109,0.136,0.755
59300,0.114,0.135,0.751
59400,0.108,0.137,0.755
59500,0.107,0.133,0.760
59600,0.107,0.129,0.764
59700,0.108,0.127,0.765
59800,0.105,0.122,0.773
59900,0.108,0.118,0.773
60000,0.114,0.124,0.762
60100,0.116,0.124,0.760
60200,0.118,0.128,0.754
60300,0.118,0.125,0.757
60400,0.120,0.124,0.757
60500,0.124,0.129,0.748
60600,0.130,0.127,0.744
60700,0.124,0.124,0.753
60800,0.120,0.125,0.756
60900,0.135,0.127,0.739
61000,0.133,0.133,0.734
61100,0.134,0.132,0.734
61200,0.139,0.131,0.730
61300,0.142,0.126,0.732
61400,0.131,0.127,0.743
61500,0.136,0.131,0.733
61600,0.131,0.129,0.741
61700,0.130,0.131,0.740
61800,0.136,0.129,0.735
61900,0.135,0.130,0.735
62000,0.128,0.126,0.747
62100,0.134,0.127,0.740
62200,0.124,0.125,0.752
62300,0.120,0.139,0.742
62400,0.117,0.138,0.745
62500,0.113,0.132,0.755
62600,0.110,0.131,0.759
62700,0.112,0.127,0.761
62800,0.106,0.130,0.764
62900,0.101,0.125,0.774
63000,0.106,0.128,0.766
63100,0.106,0.130,0.764
63200,0.103,0.121,0.776
63300,0.104,0.121,0.775
63400,0.111,0.120,0.769
63500,0.115,0.118,0.766
63600,0.113,0.113,0.773
63700,0.108,0.113,0.778
63800,0.104,0.113,0.782
63900,0.096,0.116,0.788
64000,0.099,0.122,0.779
64100,0.104,0.123,0.773
64200,0.103,0.123,0.774
64300,0.097,0.130,0.773
64400,0.095,0.129,0.776
64500,0.093,0.129,0.778
64600,0.095,0.128,0.777
64700,0.096,0.126,0.778
64800,0.095,0.120,0.785
64900,0.090,0.118,0.792
65000,0.090,0.116,0.794
65100,0.087,0.116,0.797
65200,0.092,0.114,0.794
65300,0.090,0.116,0.794
65400,0.096,0.118,0.785
65500,0.094,0.121,0.785
65600,0.095,0.122,0.783
65700,0.098,0.124,0.778
65800,0.094,0.123,0.783
65900,0.088,0.126,0.787
66000,0.089,0.129,0.782
66100,0.095,0.129,0.776
66200,0.094,0.130,0.776
66300,0.096,0.128,0.776
66400,0.096,0.126,0.778
66500,0.099,0.126,0.775
66600,0.107,0.132,0.761
66700,0.105,0.131,0.764
66800,0.103,0.126,0.771
66900,0.104,0.126,0.770
67000,0.103,0.123,0.774
67100,0.106,0.117,0.776
67200,0.109,0.120,0.771
67300,0.115,0.139,0.746
67400,0.115,0.134,0.751
67500,0.110,0.133,0.757
67600,0.114,0.133,0.753
67700,0.102,0.130,0.768
67800,0.100,0.133,0.767
67900,0.101,0.135,0.764
68000,0.106,0.138,0.756
68100,0.106,0.141,0.753
68200,0.104,0.144,0.752
68300,0.104,0.149,0.747
68400,0.109,0.148,0.743
68500,0.110,0.145,0.745
68600,0.107,0.146,0.747
68700,0.112,0.143,0.745
68800,0.121,0.138,0.742
68900,0.124,0.142,0.734
69000,0.125,0.147,0.728
69100,0.125,0.143,0.732
69200,0.129,0.139,0.732
69300,0.134,0.137,0.729
69400,0.127,0.134,0.740
69500,0.124,0.133,0.744
69600,0.121,0.133,0.747
69700,0.132,0.132,0.736
69800,0.127,0.136,0.737
69900,0.126,0.133,0.742
70000,0.138,0.133,0.729
70100,0.134,0.133,0.733
70200,0.131,0.132,0.737
70300,0.128,0.130,0.743
70400,0.136,0.133,0.731
70500,0.138,0.137,0.725
70600,0.128,0.136,0.736
70700,0.129,0.129,0.743
70800,0.128,0.129,0.744
70900,0.126,0.128,0.747
71000,0.124,0.128,0.749
71100,0.134,0.125,0.742
71200,0.136,0.120,0.745
71300,0.129,0.118,0.753
71400,0.128,0.116,0.756
71500,0.130,0.118,0.752
71600,0.133,0.122,0.746
71700,0.127,0.126,0.748
71800,0.128,0.126,0.747
71900,0.126,0.128,0.747
72000,0.128,0.125,0.748
72100,0.135,0.125,0.741
72200,0.129,0.129,0.743
72300,0.124,0.126,0.751
72400,0.122,0.128,0.751
72500,0.127,0.125,0.749
72600,0.125,0.130,0.746
72700,0.130,0.134,0.736
72800,0.132,0.134,0.734
72900,0.131,0.132,0.737
73000,0.125,0.132,0.744
73100,0.131,0.134,0.735
73200,0.126,0.139,0.735
73300,0.121,0.144,0.735
73400,0.123,0.142,0.735
73500,0.116,0.142,0.742
73600,0.124,0.137,0.740
73700,0.127,0.134,0.740
73800,0.126,0.131,0.744
73900,0.129,0.129,0.743
74000,0.125,0.131,0.745
74100,0.129,0.130,0.742
74200,0.128,0.152,0.720
74300,0.131,0.149,0.720
74400,0.131,0.139,0.730
74500,0.132,0.131,0.737
74600,0.135,0.124,0.742
74700,0.132,0.124,0.745
74800,0.133,0.125,0.743
74900,0.136,0.123,0.742
75000,0.141,0.116,0.743
75100,0.136,0.114,0.750
75200,0.129,0.114,0.757
75300,0.133,0.116,0.751
75400,0.127,0.110,0.763
75500,0.126,0.110,0.764
75600,0.126,0.113,0.761
75700,0.124,0.115,0.761
75800,0.127,0.114,0.759
75900,0.125,0.112,0.763
76000,0.126,0.111,0.763
76100,0.113,0.113,0.773
76200,0.110,0.110,0.779
76300,0.109,0.105,0.785
76400,0.116,0.107,0.776
76500,0.114,0.110,0.775
76600,0.108,0.111,0.780
76700,0.105,0.114,0.780
76800,0.111,0.110,0.778
76900,0.118,0.111,0.770
77000,0.118,0.106,0.775
77100,0.121,0.105,0.774
77200,0.125,0.105,0.770
77300,0.127,0.102,0.771
77400,0.130,0.101,0.769
77500,0.135,0.107,0.758
77600,0.133,0.102,0.765
77700,0.130,0.107,0.763
77800,0.132,0.107,0.761
77900,0.128,0.104,0.768
78000,0.125,0.104,0.771
78100,0.129,0.102,0.769
78200,0.127,0.103,0.770
78300,0.118,0.107,0.774
78400,0.116,0.108,0.775
78500,0.114,0.106,0.779
78600,0.113,0.109,0.777
78700,0.113,0.112,0.774
78800,0.122,0.109,0.769
78900,0.125,0.115,0.760
79000,0.116,0.115,0.768
79100,0.114,0.116,0.769
79200,0.117,0.116,0.766
79300,0.122,0.115,0.763
79400,0.123,0.113,0.764
79500,0.117,0.112,0.770
79600,0.115,0.109,0.775
79700,0.114,0.106,0.779
79800,0.121,0.108,0.771
79900,0.127,0.111,0.762
80000,0.123,0.110,0.767
80100,0.121,0.109,0.770
80200,0.122,0.114,0.764
80300,0.121,0.116,0.763
80400,0.121,0.127,0.753
80500,0.118,0.129,0.753
80600,0.124,0.122,0.755
80700,0.123,0.122,0.756
80800,0.120,0.131,0.750
80900,0.115,0.131,0.754
81000,0.112,0.128,0.760
81100,0.113,0.124,0.763
81200,0.114,0.118,0.767
81300,0.116,0.121,0.763
81400,0.115,0.113,0.771
81500,0.114,0.112,0.773
81600,0.114,0.112,0.773
81700,0.113,0.109,0.777
81800,0.110,0.108,0.781
81900,0.107,0.103,0.790
82000,0.107,0.107,0.785
82100,0.106,0.108,0.785
82200,0.112,0.106,0.781
82300,0.109,0.105,0.785
82400,0.108,0.109,0.782
82500,0.106,0.105,0.789
82600,0.113,0.103,0.783
82700,0.111,0.108,0.780
82800,0.108,0.110,0.781
82900,0.108,0.109,0.782
83000,0.107,0.109,0.783
83100,0.108,0.105,0.787
83200,0.113,0.107,0.779
83300,0.110,0.109,0.780
83400,0.109,0.107,0.783
83500,0.106,0.107,0.787
83600,0.110,0.104,0.785
83700,0.115,0.106,0.778
83800,0.127,0.108,0.765
83900,0.127,0.108,0.765
84000,0.127,0.106,0.767
84100,0.129,0.104,0.767
84200,0.113,0.103,0.783
84300,0.109,0.104,0.787
84400,0.115,0.103,0.781
84500,0.114,0.102,0.783
84600,0.120,0.107,0.773
84700,0.115,0.105,0.779
84800,0.121,0.106,0.773
84900,0.127,0.106,0.767
85000,0.130,0.103,0.767
85100,0.128,0.098,0.774
85200,0.126,0.097,0.777
85300,0.117,0.093,0.790
85400,0.120,0.093,0.788
85500,0.120,0.098,0.782
85600,0.117,0.096,0.787
85700,0.126,0.097,0.777
85800,0.120,0.098,0.782
85900,0.122,0.095,0.783
86000,0.115,0.097,0.788
86100,0.115,0.094,0.791
86200,0.116,0.099,0.784
86300,0.115,0.097,0.788
86400,0.127,0.095,0.778
86500,0.128,0.089,0.783
86600,0.127,0.090,0.783
86700,0.118,0.090,0.792
86800,0.120,0.091,0.790
86900,0.120,0.090,0.791
87000,0.124,0.087,0.790
87100,0.120,0.089,0.792
87200,0.120,0.088,0.793
87300,0.120,0.089,0.792
87400,0.116,0.088,0.796
87500,0.121,0.088,0.792
87600,0.118,0.090,0.792
87700,0.111,0.091,0.798
87800,0.111,0.092,0.797
87900,0.112,0.094,0.794
88000,0.121,0.093,0.787
88100,0.113,0.093,0.794
88200,0.121,0.093,0.787
88300,0.113,0.095,0.792
88400,0.111,0.095,0.794
88500,0.115,0.097,0.788
88600,0.117,0.097,0.785
88700,0.118,0.097,0.784
88800,0.118,0.095,0.787
88900,0.117,0.100,0.782
89000,0.121,0.101,0.778
89100,0.121,0.100,0.779
89200,0.120,0.099,0.781
89300,0.115,0.109,0.775
89400,0.115,0.113,0.771
89500,0.121,0.114,0.765
89600,0.120,0.115,0.765
89700,0.120,0.122,0.759
89800,0.114,0.121,0.765
89900,0.117,0.120,0.763
90000,0.116,0.116,0.767
90100,0.114,0.118,0.767
90200,0.116,0.114,0.769
90300,0.117,0.110,0.772
90400,0.115,0.117,0.767
90500,0.109,0.114,0.776
90600,0.108,0.116,0.775
90700,0.108,0.110,0.781
90800,0.105,0.109,0.785
90900,0.107,0.105,0.788
91000,0.108,0.104,0.788
91100,0.108,0.104,0.788
91200,0.110,0.098,0.792
91300,0.115,0.099,0.785
91400,0.110,0.103,0.787
91500,0.111,0.105,0.783
91600,0.105,0.104,0.791
91700,0.103,0.107,0.790
91800,0.099,0.106,0.795
91900,0.105,0.110,0.784
92000,0.099,0.106,0.795
92100,0.102,0.105,0.793
92200,0.106,0.108,0.785
92300,0.102,0.109,0.789
92400,0.098,0.105,0.797
92500,0.098,0.102,0.800
92600,0.096,0.102,0.802
92700,0.096,0.102,0.802
92800,0.094,0.112,0.794
92900,0.092,0.108,0.800
93000,0.091,0.111,0.798
93100,0.094,0.108,0.798
93200,0.092,0.102,0.806
93300,0.089,0.105,0.806
93400,0.090,0.103,0.807
93500,0.094,0.108,0.798
93600,0.091,0.117,0.792
93700,0.091,0.114,0.795
93800,0.090,0.122,0.789
93900,0.089,0.117,0.794
94000,0.083,0.134,0.783
94100,0.087,0.143,0.770
94200,0.088,0.145,0.767
94300,0.087,0.139,0.774
94400,0.087,0.141,0.772
94500,0.089,0.132,0.779
94600,0.085,0.127,0.789
94700,0.088,0.130,0.782
94800,0.096,0.125,0.779
94900,0.099,0.120,0.781
95000,0.098,0.118,0.783
95100,0.097,0.117,0.785
95200,0.090,0.123,0.788
95300,0.089,0.121,0.791
95400,0.091,0.112,0.797
95500,0.095,0.108,0.797
95600,0.092,0.105,0.803
95700,0.096,0.108,0.796
95800,0.094,0.111,0.795
95900,0.091,0.108,0.801
96000,0.092,0.104,0.804
96100,0.095,0.100,0.805
96200,0.094,0.097,0.809
96300,0.093,0.098,0.809
96400,0.093,0.103,0.804
96500,0.095,0.100,0.805
96600,0.093,0.102,0.805
96700,0.094,0.104,0.802
96800,0.094,0.102,0.804
96900,0.092,0.103,0.805
97000,0.098,0.103,0.799
97100,0.099,0.107,0.794
97200,0.099,0.104,0.797
97300,0.101,0.100,0.799
97400,0.097,0.101,0.802
97500,0.100,0.101,0.799
97600,0.104,0.092,0.804
97700,0.099,0.100,0.801
97800,0.096,0.101,0.803
97900,0.097,0.095,0.808
98000,0.106,0.093,0.801
98100,0.109,0.093,0.798
98200,0.111,0.094,0.795
98300,0.104,0.103,0.793
98400,0.103,0.108,0.789
98500,0.101,0.105,0.794
98600,0.099,0.105,0.796
98700,0.097,0.105,0.798
98800,0.097,0.104,0.799
98900,0.095,0.101,0.804
99000,0.104,0.106,0.790
99100,0.105,0.111,0.783
99200,0.106,0.106,0.788
99300,0.102,0.105,0.793
99400,0.100,0.109,0.791
99500,0.096,0.107,0.797
99600,0.094,0.104,0.802
99700,0.093,0.104,0.803
99800,0.097,0.105,0.798
99900,0.095,0.101,0.804
100000,0.099,0.102,0.799
