time,n_A+p,n_B,n_AB
500,0.080,0.457,0.463
1000,0.086,0.094,0.820
1500,0.093,0.025,0.882
2000,0.109,0.004,0.888
2500,0.117,0.007,0.876
3000,0.114,0.004,0.883
3500,0.128,0.000,0.872
4000,0.152,0.000,0.848
4500,0.134,0.004,0.862
5000,0.137,0.001,0.862
5500,0.117,0.005,0.878
6000,0.104,0.001,0.896
6500,0.117,0.003,0.881
7000,0.121,0.001,0.878
7500,0.136,0.002,0.863
8000,0.117,0.000,0.883
8500,0.124,0.004,0.872
9000,0.128,0.000,0.873
9500,0.127,0.016,0.857
10000,0.126,0.003,0.872
10500,0.121,0.008,0.871
11000,0.107,0.011,0.883
11500,0.103,0.009,0.888
12000,0.102,0.006,0.892
12500,0.123,0.002,0.875
13000,0.126,0.013,0.862
13500,0.114,0.002,0.884
14000,0.104,0.001,0.895
14500,0.113,0.015,0.873
15000,0.122,0.005,0.873
15500,0.119,0.000,0.881
16000,0.117,0.000,0.883
16500,0.128,0.000,0.872
17000,0.135,0.001,0.864
17500,0.133,0.008,0.859
18000,0.131,0.001,0.868
18500,0.130,0.005,0.866
19000,0.123,0.006,0.871
19500,0.109,0.005,0.886
20000,0.116,0.001,0.884
20500,0.114,0.000,0.886
21000,0.106,0.000,0.893
21500,0.114,0.000,0.886
22000,0.105,0.001,0.895
22500,0.115,0.009,0.876
23000,0.113,0.005,0.882
23500,0.123,0.001,0.876
24000,0.112,0.000,0.888
24500,0.098,0.016,0.886
25000,0.114,0.003,0.883
25500,0.112,0.004,0.884
26000,0.096,0.010,0.894
26500,0.132,0.001,0.868
27000,0.118,0.000,0.881
27500,0.112,0.000,0.888
28000,0.120,0.000,0.880
28500,0.107,0.010,0.883
29000,0.121,0.007,0.872
29500,0.129,0.003,0.868
30000,0.122,0.004,0.873
30500,0.117,0.000,0.883
31000,0.103,0.000,0.897
31500,0.126,0.003,0.872
32000,0.134,0.005,0.862
32500,0.136,0.000,0.864
33000,0.112,0.002,0.887
33500,0.107,0.000,0.893
34000,0.107,0.000,0.892
34500,0.098,0.015,0.887
35000,0.110,0.013,0.878
35500,0.129,0.005,0.866
36000,0.106,0.001,0.894
36500,0.114,0.007,0.879
37000,0.137,0.002,0.862
37500,0.107,0.000,0.893
38000,0.102,0.003,0.895
38500,0.140,0.013,0.848
39000,0.113,0.006,0.881
39500,0.099,0.007,0.894
40000,0.107,0.003,0.890
40500,0.111,0.003,0.886
41000,0.122,0.005,0.872
41500,0.124,0.005,0.870
42000,0.120,0.011,0.868
42500,0.124,0.001,0.875
43000,0.126,0.001,0.874
43500,0.099,0.005,0.896
44000,0.110,0.013,0.878
44500,0.102,0.015,0.883
45000,0.113,0.002,0.885
45500,0.120,0.000,0.879
46000,0.146,0.006,0.848
46500,0.118,0.001,0.881
47000,0.099,0.000,0.901
47500,0.114,0.000,0.886
48000,0.101,0.021,0.879
48500,0.089,0.020,0.891
49000,0.108,0.008,0.883
49500,0.113,0.006,0.881
50000,0.099,0.001,0.901
50500,0.097,0.000,0.903
51000,0.110,0.011,0.879
51500,0.115,0.004,0.881
52000,0.118,0.011,0.871
52500,0.121,0.004,0.874
53000,0.114,0.002,0.884
53500,0.117,0.000,0.883
54000,0.128,0.008,0.864
54500,0.110,0.001,0.890
55000,0.119,0.000,0.881
55500,0.118,0.006,0.875
56000,0.113,0.001,0.887
56500,0.120,0.004,0.876
57000,0.120,0.001,0.878
57500,0.118,0.002,0.880
58000,0.097,0.004,0.899
58500,0.103,0.010,0.886
59000,0.101,0.009,0.890
59500,0.115,0.002,0.883
60000,0.125,0.001,0.875
60500,0.138,0.004,0.859
61000,0.109,0.004,0.887
61500,0.127,0.003,0.871
62000,0.123,0.009,0.868
62500,0.105,0.001,0.893
63000,0.137,0.004,0.860
63500,0.106,0.013,0.881
64000,0.146,0.004,0.850
64500,0.137,0.006,0.857
65000,0.096,0.001,0.903
65500,0.125,0.000,0.875
66000,0.102,0.013,0.885
66500,0.118,0.002,0.880
67000,0.127,0.006,0.867
67500,0.112,0.001,0.887
68000,0.107,0.004,0.890
68500,0.112,0.002,0.887
69000,0.109,0.002,0.889
69500,0.119,0.004,0.876
70000,0.127,0.001,0.873
70500,0.132,0.002,0.867
71000,0.120,0.000,0.879
71500,0.110,0.000,0.890
72000,0.111,0.006,0.883
72500,0.138,0.006,0.857
73000,0.141,0.000,0.859
73500,0.118,0.000,0.882
74000,0.107,0.005,0.887
74500,0.132,0.001,0.867
75000,0.109,0.001,0.891
75500,0.116,0.004,0.880
76000,0.143,0.002,0.856
76500,0.102,0.005,0.893
77000,0.145,0.000,0.855
77500,0.110,0.006,0.884
78000,0.098,0.002,0.901
78500,0.093,0.000,0.907
79000,0.121,0.002,0.877
79500,0.133,0.016,0.851
80000,0.122,0.002,0.876
80500,0.132,0.000,0.868
81000,0.103,0.000,0.896
81500,0.102,0.013,0.884
82000,0.107,0.006,0.886
82500,0.102,0.011,0.886
83000,0.101,0.010,0.889
83500,0.116,0.012,0.872
84000,0.100,0.022,0.878
84500,0.088,0.018,0.893
85000,0.105,0.003,0.893
85500,0.139,0.006,0.855
86000,0.124,0.000,0.875
86500,0.101,0.004,0.896
87000,0.115,0.002,0.883
87500,0.111,0.007,0.882
88000,0.134,0.005,0.861
88500,0.134,0.004,0.862
89000,0.115,0.000,0.885
89500,0.102,0.000,0.898
90000,0.103,0.000,0.896
90500,0.102,0.004,0.893
91000,0.150,0.000,0.850
91500,0.119,0.007,0.873
92000,0.130,0.004,0.866
92500,0.103,0.001,0.897
93000,0.116,0.012,0.872
93500,0.096,0.003,0.901
94000,0.107,0.004,0.889
94500,0.117,0.003,0.880
95000,0.115,0.000,0.885
95500,0.103,0.007,0.889
96000,0.104,0.004,0.892
96500,0.119,0.004,0.877
97000,0.092,0.025,0.883
97500,0.130,0.006,0.864
98000,0.105,0.012,0.882
98500,0.107,0.015,0.878
99000,0.121,0.003,0.876
99500,0.134,0.005,0.861
100000,0.102,0.009,0.889
100500,0.094,0.002,0.905
101000,0.114,0.011,0.875
101500,0.137,0.002,0.862
102000,0.115,0.005,0.880
102500,0.120,0.005,0.874
103000,0.107,0.009,0.883
103500,0.093,0.011,0.896
104000,0.098,0.011,0.891
104500,0.112,0.003,0.885
105000,0.107,0.000,0.893
105500,0.134,0.000,0.867
106000,0.118,0.000,0.882
106500,0.146,0.008,0.846
107000,0.120,0.004,0.877
107500,0.121,0.011,0.867
108000,0.120,0.001,0.878
108500,0.115,0.002,0.883
109000,0.114,0.003,0.884
109500,0.116,0.001,0.884
110000,0.121,0.000,0.879
110500,0.092,0.019,0.888
111000,0.093,0.001,0.906
111500,0.129,0.004,0.868
112000,0.091,0.004,0.905
112500,0.107,0.007,0.886
113000,0.101,0.001,0.899
113500,0.104,0.000,0.895
114000,0.103,0.004,0.894
114500,0.093,0.001,0.907
115000,0.106,0.018,0.875
115500,0.104,0.004,0.891
116000,0.127,0.002,0.871
116500,0.116,0.001,0.884
117000,0.119,0.001,0.880
117500,0.144,0.000,0.856
118000,0.132,0.004,0.864
118500,0.123,0.001,0.877
119000,0.138,0.000,0.863
119500,0.133,0.000,0.867
120000,0.134,0.000,0.867
120500,0.107,0.003,0.890
121000,0.108,0.003,0.888
121500,0.109,0.001,0.891
122000,0.122,0.000,0.878
122500,0.124,0.015,0.860
123000,0.112,0.006,0.882
123500,0.126,0.005,0.869
124000,0.115,0.001,0.885
124500,0.123,0.000,0.877
125000,0.150,0.000,0.850
125500,0.129,0.005,0.866
126000,0.095,0.003,0.903
126500,0.099,0.002,0.899
127000,0.112,0.000,0.888
127500,0.117,0.004,0.879
128000,0.117,0.005,0.878
128500,0.144,0.000,0.856
129000,0.121,0.002,0.877
129500,0.137,0.000,0.863
130000,0.117,0.004,0.879
130500,0.138,0.002,0.860
131000,0.122,0.001,0.878
131500,0.122,0.002,0.876
132000,0.103,0.000,0.897
132500,0.113,0.001,0.887
133000,0.108,0.003,0.888
133500,0.087,0.009,0.903
134000,0.101,0.005,0.894
134500,0.131,0.001,0.868
135000,0.114,0.003,0.884
135500,0.121,0.000,0.879
136000,0.118,0.002,0.880
136500,0.144,0.000,0.856
137000,0.117,0.000,0.883
137500,0.124,0.010,0.865
138000,0.137,0.002,0.861
138500,0.138,0.004,0.858
139000,0.123,0.000,0.877
139500,0.117,0.004,0.879
140000,0.119,0.002,0.879
140500,0.102,0.003,0.894
141000,0.133,0.005,0.862
141500,0.136,0.000,0.865
142000,0.121,0.003,0.877
142500,0.124,0.004,0.872
143000,0.116,0.009,0.875
143500,0.109,0.007,0.884
144000,0.132,0.002,0.866
144500,0.112,0.000,0.888
145000,0.132,0.000,0.869
145500,0.106,0.000,0.894
146000,0.118,0.004,0.877
146500,0.128,0.000,0.873
147000,0.125,0.002,0.873
147500,0.149,0.005,0.846
148000,0.150,0.001,0.849
148500,0.135,0.004,0.861
149000,0.133,0.000,0.867
149500,0.121,0.000,0.879
150000,0.107,0.004,0.889
150500,0.122,0.007,0.871
151000,0.123,0.002,0.875
151500,0.117,0.006,0.877
152000,0.129,0.002,0.870
152500,0.143,0.000,0.857
153000,0.103,0.000,0.896
153500,0.092,0.006,0.902
154000,0.117,0.000,0.883
154500,0.107,0.003,0.890
155000,0.120,0.005,0.875
155500,0.113,0.006,0.881
156000,0.102,0.001,0.898
156500,0.109,0.001,0.891
157000,0.115,0.000,0.885
157500,0.100,0.015,0.886
158000,0.092,0.009,0.899
158500,0.120,0.005,0.874
159000,0.142,0.001,0.857
159500,0.134,0.000,0.866
160000,0.121,0.000,0.879
160500,0.102,0.005,0.893
161000,0.103,0.004,0.892
161500,0.117,0.001,0.882
162000,0.134,0.000,0.866
162500,0.133,0.000,0.867
163000,0.116,0.000,0.884
163500,0.119,0.000,0.881
164000,0.115,0.000,0.885
164500,0.111,0.000,0.889
165000,0.106,0.008,0.885
165500,0.127,0.011,0.862
166000,0.097,0.017,0.886
166500,0.131,0.001,0.868
167000,0.117,0.000,0.883
167500,0.129,0.002,0.869
168000,0.098,0.000,0.902
168500,0.113,0.001,0.887
169000,0.124,0.009,0.868
169500,0.118,0.012,0.870
170000,0.102,0.009,0.889
170500,0.109,0.009,0.882
171000,0.116,0.009,0.876
171500,0.136,0.002,0.862
172000,0.116,0.002,0.883
172500,0.104,0.001,0.895
173000,0.128,0.000,0.872
173500,0.129,0.003,0.869
174000,0.099,0.004,0.897
174500,0.107,0.001,0.892
175000,0.103,0.003,0.894
175500,0.107,0.011,0.881
176000,0.103,0.004,0.894
176500,0.112,0.001,0.887
177000,0.144,0.000,0.856
177500,0.114,0.007,0.879
178000,0.126,0.002,0.873
178500,0.096,0.017,0.887
179000,0.092,0.004,0.903
179500,0.100,0.004,0.896
180000,0.124,0.000,0.876
180500,0.095,0.004,0.901
181000,0.106,0.018,0.876
181500,0.105,0.007,0.887
182000,0.097,0.012,0.891
182500,0.102,0.001,0.897
183000,0.120,0.005,0.874
183500,0.106,0.008,0.886
184000,0.136,0.003,0.862
184500,0.099,0.005,0.896
185000,0.093,0.020,0.886
185500,0.099,0.009,0.893
186000,0.124,0.003,0.873
186500,0.139,0.004,0.858
187000,0.118,0.000,0.882
187500,0.096,0.000,0.904
188000,0.124,0.000,0.875
188500,0.110,0.013,0.877
189000,0.110,0.003,0.888
189500,0.121,0.013,0.867
190000,0.097,0.015,0.889
190500,0.105,0.002,0.892
191000,0.125,0.001,0.875
191500,0.128,0.006,0.867
192000,0.143,0.006,0.851
192500,0.132,0.004,0.865
193000,0.133,0.000,0.867
193500,0.117,0.002,0.881
194000,0.116,0.004,0.880
194500,0.097,0.001,0.903
195000,0.132,0.000,0.869
195500,0.116,0.000,0.884
196000,0.112,0.002,0.886
196500,0.148,0.000,0.852
197000,0.128,0.000,0.873
197500,0.116,0.006,0.878
198000,0.119,0.000,0.881
198500,0.104,0.000,0.895
199000,0.108,0.002,0.891
199500,0.099,0.011,0.890
200000,0.117,0.005,0.878
200500,0.117,0.001,0.883
201000,0.118,0.000,0.881
201500,0.102,0.004,0.895
202000,0.116,0.009,0.875
202500,0.102,0.018,0.880
203000,0.122,0.004,0.874
203500,0.100,0.013,0.888
204000,0.099,0.008,0.893
204500,0.111,0.013,0.877
205000,0.131,0.017,0.853
205500,0.127,0.002,0.872
206000,0.119,0.003,0.878
206500,0.125,0.002,0.873
207000,0.135,0.000,0.865
207500,0.124,0.000,0.875
208000,0.130,0.005,0.866
208500,0.136,0.000,0.865
209000,0.105,0.004,0.892
209500,0.133,0.000,0.867
210000,0.117,0.004,0.878
210500,0.124,0.004,0.871
211000,0.131,0.000,0.869
211500,0.102,0.009,0.890
212000,0.100,0.019,0.881
212500,0.130,0.004,0.866
213000,0.152,0.001,0.847
213500,0.135,0.000,0.865
214000,0.139,0.000,0.861
214500,0.141,0.000,0.859
215000,0.119,0.000,0.881
215500,0.131,0.008,0.861
216000,0.106,0.013,0.881
216500,0.119,0.009,0.872
217000,0.124,0.001,0.874
217500,0.135,0.011,0.855
218000,0.117,0.004,0.879
218500,0.113,0.001,0.886
219000,0.117,0.005,0.878
219500,0.150,0.007,0.843
220000,0.123,0.003,0.874
220500,0.133,0.004,0.864
221000,0.102,0.005,0.893
221500,0.100,0.002,0.898
222000,0.134,0.000,0.866
222500,0.105,0.005,0.890
223000,0.116,0.006,0.878
223500,0.102,0.004,0.893
224000,0.106,0.009,0.884
224500,0.122,0.003,0.876
225000,0.136,0.000,0.864
225500,0.117,0.002,0.881
226000,0.104,0.002,0.894
226500,0.105,0.011,0.883
227000,0.127,0.007,0.866
227500,0.100,0.001,0.900
228000,0.098,0.013,0.889
228500,0.109,0.007,0.884
229000,0.120,0.013,0.868
229500,0.113,0.007,0.880
230000,0.105,0.001,0.894
230500,0.117,0.002,0.881
231000,0.122,0.000,0.878
231500,0.113,0.005,0.882
232000,0.128,0.001,0.872
232500,0.110,0.000,0.890
233000,0.103,0.003,0.894
233500,0.124,0.000,0.876
234000,0.121,0.000,0.879
234500,0.141,0.011,0.847
235000,0.110,0.001,0.889
235500,0.113,0.000,0.887
236000,0.137,0.000,0.863
236500,0.121,0.002,0.877
237000,0.141,0.003,0.856
237500,0.133,0.003,0.864
238000,0.116,0.000,0.884
238500,0.126,0.009,0.866
239000,0.137,0.002,0.862
239500,0.129,0.013,0.858
240000,0.137,0.002,0.862
240500,0.119,0.000,0.881
241000,0.117,0.000,0.883
241500,0.100,0.000,0.900
242000,0.117,0.000,0.883
242500,0.100,0.011,0.889
243000,0.088,0.009,0.902
243500,0.127,0.001,0.872
244000,0.136,0.000,0.865
244500,0.147,0.000,0.853
245000,0.113,0.007,0.880
245500,0.097,0.003,0.901
246000,0.123,0.003,0.874
246500,0.114,0.007,0.879
247000,0.118,0.013,0.869
247500,0.140,0.004,0.856
248000,0.120,0.003,0.877
248500,0.112,0.000,0.888
249000,0.126,0.000,0.875
249500,0.112,0.004,0.885
250000,0.110,0.004,0.886
250500,0.118,0.009,0.872
251000,0.120,0.010,0.869
251500,0.117,0.009,0.874
252000,0.110,0.006,0.884
252500,0.120,0.002,0.879
253000,0.112,0.000,0.888
253500,0.124,0.000,0.876
254000,0.101,0.000,0.899
254500,0.114,0.000,0.886
255000,0.117,0.007,0.875
255500,0.127,0.001,0.872
256000,0.130,0.011,0.859
256500,0.122,0.012,0.866
257000,0.160,0.001,0.839
257500,0.123,0.004,0.874
258000,0.130,0.001,0.870
258500,0.111,0.000,0.889
259000,0.122,0.014,0.863
259500,0.118,0.011,0.870
260000,0.120,0.003,0.877
260500,0.102,0.001,0.898
261000,0.127,0.000,0.873
261500,0.123,0.000,0.877
262000,0.117,0.011,0.872
262500,0.123,0.003,0.874
263000,0.137,0.001,0.863
263500,0.126,0.005,0.869
264000,0.167,0.005,0.829
264500,0.139,0.001,0.860
265000,0.113,0.002,0.885
265500,0.098,0.003,0.900
266000,0.099,0.001,0.901
266500,0.102,0.006,0.891
267000,0.113,0.006,0.881
267500,0.127,0.002,0.871
268000,0.111,0.011,0.878
268500,0.121,0.004,0.875
269000,0.114,0.001,0.886
269500,0.121,0.000,0.879
270000,0.101,0.002,0.897
270500,0.133,0.003,0.865
271000,0.106,0.008,0.886
271500,0.114,0.005,0.881
272000,0.131,0.000,0.869
272500,0.125,0.000,0.875
273000,0.143,0.002,0.855
273500,0.117,0.000,0.883
274000,0.116,0.002,0.882
274500,0.107,0.009,0.885
275000,0.129,0.008,0.863
275500,0.118,0.001,0.882
276000,0.118,0.000,0.882
276500,0.129,0.006,0.865
277000,0.127,0.002,0.872
277500,0.116,0.000,0.884
278000,0.132,0.000,0.868
278500,0.122,0.000,0.877
279000,0.150,0.000,0.850
279500,0.111,0.003,0.886
280000,0.121,0.001,0.878
280500,0.121,0.001,0.879
281000,0.109,0.000,0.891
281500,0.129,0.004,0.867
282000,0.110,0.012,0.878
282500,0.102,0.002,0.896
283000,0.112,0.008,0.880
283500,0.108,0.010,0.881
284000,0.116,0.001,0.884
284500,0.108,0.009,0.883
285000,0.095,0.009,0.897
285500,0.111,0.005,0.884
286000,0.118,0.008,0.873
286500,0.126,0.003,0.872
287000,0.119,0.007,0.874
287500,0.106,0.004,0.890
288000,0.114,0.002,0.885
288500,0.127,0.001,0.873
289000,0.113,0.001,0.886
289500,0.117,0.002,0.881
290000,0.102,0.002,0.897
290500,0.102,0.015,0.882
291000,0.107,0.003,0.889
291500,0.117,0.005,0.877
292000,0.129,0.006,0.865
292500,0.099,0.011,0.891
293000,0.102,0.010,0.888
293500,0.091,0.011,0.897
294000,0.113,0.009,0.879
294500,0.136,0.000,0.864
295000,0.116,0.007,0.877
295500,0.097,0.004,0.900
296000,0.112,0.001,0.888
296500,0.144,0.000,0.856
297000,0.111,0.007,0.882
297500,0.126,0.007,0.867
298000,0.103,0.004,0.893
298500,0.116,0.004,0.880
299000,0.113,0.000,0.887
299500,0.125,0.005,0.870
300000,0.113,0.001,0.886
300500,0.109,0.001,0.891
301000,0.105,0.003,0.892
301500,0.107,0.021,0.872
302000,0.122,0.005,0.873
302500,0.110,0.001,0.889
303000,0.093,0.003,0.905
303500,0.100,0.006,0.894
304000,0.106,0.001,0.894
304500,0.126,0.014,0.860
305000,0.091,0.015,0.894
305500,0.112,0.010,0.878
306000,0.099,0.003,0.899
306500,0.124,0.005,0.871
307000,0.117,0.009,0.874
307500,0.105,0.001,0.894
308000,0.105,0.000,0.894
308500,0.116,0.002,0.882
309000,0.099,0.000,0.901
309500,0.115,0.004,0.881
310000,0.135,0.000,0.865
310500,0.105,0.006,0.889
311000,0.090,0.000,0.909
311500,0.136,0.002,0.863
312000,0.115,0.017,0.869
312500,0.099,0.005,0.896
313000,0.113,0.013,0.874
313500,0.133,0.002,0.865
314000,0.135,0.001,0.865
314500,0.121,0.008,0.871
315000,0.100,0.001,0.899
315500,0.117,0.004,0.879
316000,0.092,0.012,0.895
316500,0.105,0.003,0.893
317000,0.123,0.005,0.872
317500,0.103,0.009,0.887
318000,0.110,0.007,0.883
318500,0.101,0.001,0.898
319000,0.099,0.004,0.897
319500,0.106,0.001,0.893
320000,0.107,0.000,0.892
320500,0.133,0.002,0.866
321000,0.106,0.004,0.890
321500,0.107,0.013,0.881
322000,0.106,0.001,0.892
322500,0.102,0.002,0.896
323000,0.128,0.000,0.872
323500,0.117,0.003,0.880
324000,0.115,0.003,0.883
324500,0.131,0.004,0.865
325000,0.123,0.000,0.877
325500,0.118,0.003,0.879
326000,0.139,0.002,0.860
326500,0.119,0.001,0.881
327000,0.097,0.006,0.897
327500,0.107,0.005,0.888
328000,0.120,0.005,0.874
328500,0.109,0.002,0.890
329000,0.126,0.000,0.874
329500,0.126,0.009,0.866
330000,0.122,0.001,0.877
330500,0.105,0.004,0.891
331000,0.128,0.015,0.858
331500,0.111,0.003,0.886
332000,0.121,0.001,0.878
332500,0.105,0.011,0.884
333000,0.100,0.002,0.899
333500,0.088,0.004,0.909
334000,0.113,0.015,0.872
334500,0.100,0.010,0.890
335000,0.114,0.005,0.881
335500,0.143,0.009,0.848
336000,0.130,0.009,0.862
336500,0.127,0.001,0.872
337000,0.124,0.000,0.875
337500,0.121,0.000,0.879
338000,0.110,0.009,0.882
338500,0.126,0.004,0.870
339000,0.106,0.001,0.894
339500,0.113,0.011,0.876
340000,0.127,0.003,0.871
340500,0.140,0.000,0.861
341000,0.130,0.000,0.871
341500,0.134,0.000,0.867
342000,0.122,0.005,0.873
342500,0.113,0.001,0.887
343000,0.137,0.000,0.863
343500,0.132,0.000,0.869
344000,0.110,0.016,0.874
344500,0.116,0.006,0.878
345000,0.122,0.004,0.874
345500,0.100,0.004,0.896
346000,0.127,0.013,0.860
346500,0.117,0.001,0.883
347000,0.128,0.004,0.868
347500,0.121,0.002,0.877
348000,0.139,0.001,0.860
348500,0.148,0.000,0.852
349000,0.126,0.001,0.874
349500,0.136,0.000,0.865
350000,0.097,0.016,0.887
350500,0.103,0.004,0.894
351000,0.110,0.002,0.888
351500,0.106,0.000,0.894
352000,0.114,0.000,0.886
352500,0.141,0.006,0.853
353000,0.123,0.002,0.875
353500,0.122,0.001,0.876
354000,0.099,0.011,0.891
354500,0.118,0.001,0.881
355000,0.098,0.001,0.902
355500,0.107,0.002,0.892
356000,0.117,0.005,0.878
356500,0.107,0.009,0.883
357000,0.115,0.007,0.878
357500,0.123,0.004,0.873
358000,0.112,0.004,0.884
358500,0.110,0.003,0.888
359000,0.111,0.000,0.889
359500,0.136,0.009,0.856
360000,0.105,0.003,0.892
360500,0.123,0.002,0.875
361000,0.125,0.000,0.875
361500,0.147,0.002,0.851
362000,0.131,0.016,0.853
362500,0.121,0.001,0.878
363000,0.130,0.000,0.871
363500,0.103,0.006,0.890
364000,0.102,0.001,0.897
364500,0.115,0.009,0.876
365000,0.125,0.006,0.869
365500,0.127,0.006,0.867
366000,0.112,0.007,0.881
366500,0.125,0.004,0.871
367000,0.135,0.000,0.865
367500,0.121,0.004,0.875
368000,0.115,0.001,0.885
368500,0.107,0.000,0.892
369000,0.132,0.000,0.868
369500,0.139,0.000,0.861
370000,0.114,0.000,0.886
370500,0.122,0.009,0.869
371000,0.114,0.001,0.885
371500,0.117,0.001,0.882
372000,0.123,0.006,0.871
372500,0.131,0.001,0.868
373000,0.112,0.000,0.888
373500,0.130,0.013,0.857
374000,0.108,0.004,0.888
374500,0.119,0.012,0.869
375000,0.101,0.001,0.898
375500,0.106,0.004,0.890
376000,0.127,0.000,0.873
376500,0.121,0.003,0.877
377000,0.100,0.007,0.893
377500,0.122,0.004,0.875
378000,0.132,0.000,0.868
378500,0.121,0.001,0.878
379000,0.120,0.000,0.879
379500,0.112,0.000,0.888
380000,0.100,0.000,0.900
380500,0.108,0.015,0.877
381000,0.112,0.010,0.878
381500,0.124,0.009,0.866
382000,0.132,0.001,0.868
382500,0.111,0.011,0.878
383000,0.119,0.001,0.880
383500,0.124,0.000,0.875
384000,0.113,0.005,0.882
384500,0.139,0.000,0.861
385000,0.148,0.000,0.852
385500,0.112,0.000,0.888
386000,0.108,0.000,0.891
386500,0.132,0.000,0.869
387000,0.109,0.000,0.891
387500,0.130,0.006,0.864
388000,0.111,0.005,0.884
388500,0.134,0.001,0.866
389000,0.108,0.006,0.886
389500,0.140,0.008,0.853
390000,0.123,0.006,0.870
390500,0.113,0.007,0.880
391000,0.114,0.009,0.877
391500,0.096,0.004,0.900
392000,0.128,0.008,0.865
392500,0.120,0.001,0.879
393000,0.092,0.003,0.905
393500,0.102,0.001,0.897
394000,0.132,0.000,0.869
394500,0.124,0.001,0.875
395000,0.115,0.002,0.884
395500,0.101,0.018,0.882
396000,0.115,0.003,0.883
396500,0.102,0.002,0.897
397000,0.132,0.001,0.868
397500,0.112,0.005,0.883
398000,0.117,0.006,0.877
398500,0.126,0.001,0.874
399000,0.120,0.001,0.878
399500,0.127,0.000,0.873
400000,0.105,0.000,0.894
400500,0.102,0.004,0.895
401000,0.108,0.000,0.892
401500,0.136,0.000,0.864
402000,0.142,0.000,0.858
402500,0.128,0.000,0.872
403000,0.119,0.006,0.875
403500,0.102,0.002,0.896
404000,0.122,0.000,0.878
404500,0.113,0.000,0.887
405000,0.096,0.005,0.899
405500,0.118,0.002,0.879
406000,0.102,0.010,0.888
406500,0.107,0.002,0.891
407000,0.098,0.004,0.898
407500,0.137,0.001,0.863
408000,0.115,0.007,0.878
408500,0.138,0.004,0.858
409000,0.127,0.005,0.868
409500,0.105,0.005,0.890
410000,0.126,0.002,0.873
410500,0.131,0.000,0.869
411000,0.137,0.000,0.863
411500,0.133,0.005,0.862
412000,0.119,0.007,0.873
412500,0.105,0.001,0.893
413000,0.111,0.004,0.885
413500,0.106,0.002,0.892
414000,0.126,0.003,0.872
414500,0.104,0.021,0.874
415000,0.117,0.002,0.881
415500,0.117,0.007,0.876
416000,0.120,0.000,0.879
416500,0.103,0.004,0.893
417000,0.108,0.004,0.889
417500,0.117,0.001,0.883
418000,0.104,0.013,0.883
418500,0.104,0.004,0.891
419000,0.136,0.000,0.865
419500,0.133,0.000,0.867
420000,0.129,0.000,0.871
420500,0.110,0.000,0.890
421000,0.110,0.004,0.887
421500,0.115,0.002,0.883
422000,0.127,0.004,0.869
422500,0.115,0.013,0.872
423000,0.100,0.000,0.900
423500,0.100,0.007,0.893
424000,0.093,0.005,0.901
424500,0.119,0.001,0.880
425000,0.102,0.011,0.888
425500,0.102,0.004,0.894
426000,0.113,0.007,0.880
426500,0.127,0.004,0.870
427000,0.140,0.000,0.860
427500,0.128,0.004,0.868
428000,0.108,0.003,0.889
428500,0.110,0.003,0.887
429000,0.112,0.002,0.886
429500,0.120,0.004,0.877
430000,0.102,0.009,0.889
430500,0.102,0.004,0.895
431000,0.102,0.009,0.890
431500,0.116,0.005,0.879
432000,0.109,0.003,0.888
432500,0.111,0.006,0.883
433000,0.110,0.016,0.874
433500,0.127,0.009,0.865
434000,0.115,0.017,0.868
434500,0.117,0.006,0.877
435000,0.130,0.003,0.868
435500,0.130,0.001,0.870
436000,0.124,0.003,0.874
436500,0.121,0.003,0.876
437000,0.096,0.014,0.890
437500,0.118,0.005,0.876
438000,0.115,0.001,0.885
438500,0.117,0.003,0.880
439000,0.119,0.001,0.881
439500,0.132,0.005,0.864
440000,0.131,0.000,0.869
440500,0.118,0.003,0.880
441000,0.126,0.007,0.867
441500,0.101,0.003,0.897
442000,0.133,0.006,0.861
442500,0.138,0.001,0.862
443000,0.112,0.013,0.875
443500,0.120,0.004,0.875
444000,0.105,0.001,0.894
444500,0.097,0.004,0.899
445000,0.091,0.001,0.907
445500,0.126,0.004,0.871
446000,0.111,0.001,0.889
446500,0.110,0.000,0.890
447000,0.114,0.002,0.885
447500,0.105,0.002,0.892
448000,0.103,0.011,0.885
448500,0.101,0.010,0.889
449000,0.130,0.001,0.870
449500,0.113,0.006,0.881
450000,0.137,0.000,0.863
450500,0.128,0.010,0.863
451000,0.102,0.002,0.897
451500,0.114,0.005,0.881
452000,0.112,0.009,0.880
452500,0.138,0.005,0.857
453000,0.138,0.001,0.862
453500,0.126,0.001,0.874
454000,0.119,0.000,0.881
454500,0.117,0.003,0.880
455000,0.110,0.001,0.890
455500,0.113,0.000,0.887
456000,0.129,0.004,0.867
456500,0.149,0.002,0.849
457000,0.135,0.000,0.865
457500,0.097,0.000,0.903
458000,0.111,0.007,0.882
458500,0.135,0.004,0.861
459000,0.107,0.009,0.884
459500,0.126,0.001,0.874
460000,0.112,0.000,0.888
460500,0.093,0.000,0.907
461000,0.100,0.003,0.897
461500,0.113,0.011,0.876
462000,0.115,0.003,0.883
462500,0.121,0.004,0.875
463000,0.120,0.002,0.878
463500,0.140,0.001,0.860
464000,0.121,0.001,0.878
464500,0.139,0.004,0.857
465000,0.107,0.000,0.893
465500,0.141,0.008,0.851
466000,0.118,0.006,0.876
466500,0.128,0.003,0.870
467000,0.130,0.000,0.870
467500,0.113,0.007,0.880
468000,0.111,0.009,0.880
468500,0.105,0.002,0.893
469000,0.100,0.005,0.895
469500,0.103,0.012,0.884
470000,0.098,0.009,0.894
470500,0.127,0.005,0.868
471000,0.109,0.007,0.884
471500,0.121,0.010,0.869
472000,0.111,0.009,0.880
472500,0.109,0.001,0.891
473000,0.141,0.004,0.855
473500,0.100,0.008,0.892
474000,0.107,0.000,0.892
474500,0.100,0.000,0.900
475000,0.101,0.019,0.880
475500,0.097,0.004,0.900
476000,0.105,0.004,0.891
476500,0.104,0.003,0.892
477000,0.099,0.013,0.888
477500,0.095,0.001,0.905
478000,0.138,0.000,0.863
478500,0.111,0.003,0.886
479000,0.106,0.013,0.881
479500,0.116,0.001,0.884
480000,0.124,0.002,0.873
480500,0.128,0.003,0.870
481000,0.114,0.008,0.878
481500,0.125,0.001,0.875
482000,0.105,0.009,0.887
482500,0.112,0.004,0.884
483000,0.092,0.009,0.899
483500,0.130,0.001,0.870
484000,0.130,0.009,0.862
484500,0.111,0.013,0.877
485000,0.117,0.007,0.876
485500,0.126,0.004,0.870
486000,0.121,0.004,0.875
486500,0.114,0.003,0.883
487000,0.099,0.009,0.892
487500,0.103,0.005,0.891
488000,0.101,0.000,0.899
488500,0.112,0.004,0.885
489000,0.103,0.001,0.897
489500,0.120,0.000,0.880
490000,0.101,0.000,0.899
490500,0.101,0.000,0.899
491000,0.105,0.010,0.885
491500,0.117,0.010,0.873
492000,0.108,0.005,0.886
492500,0.108,0.013,0.879
493000,0.122,0.002,0.876
493500,0.120,0.006,0.874
494000,0.135,0.001,0.865
494500,0.132,0.006,0.862
495000,0.140,0.002,0.859
495500,0.113,0.001,0.887
496000,0.121,0.011,0.868
496500,0.141,0.001,0.858
497000,0.139,0.000,0.861
497500,0.117,0.000,0.883
498000,0.111,0.005,0.884
498500,0.129,0.005,0.866
499000,0.124,0.004,0.871
499500,0.119,0.002,0.879
500000,0.144,0.000,0.856
500500,0.108,0.003,0.890
501000,0.112,0.005,0.883
501500,0.102,0.000,0.897
502000,0.120,0.000,0.879
502500,0.098,0.002,0.900
503000,0.117,0.001,0.883
503500,0.123,0.000,0.877
504000,0.102,0.000,0.898
504500,0.132,0.000,0.869
505000,0.131,0.004,0.866
505500,0.119,0.000,0.881
506000,0.117,0.002,0.881
506500,0.102,0.013,0.886
507000,0.119,0.015,0.866
507500,0.114,0.009,0.878
508000,0.127,0.001,0.872
508500,0.107,0.001,0.892
509000,0.090,0.003,0.908
509500,0.110,0.006,0.884
510000,0.103,0.002,0.895
510500,0.100,0.004,0.896
511000,0.133,0.001,0.867
511500,0.144,0.001,0.855
512000,0.106,0.000,0.893
512500,0.130,0.005,0.866
513000,0.146,0.004,0.849
513500,0.113,0.001,0.887
514000,0.124,0.000,0.876
514500,0.121,0.000,0.879
515000,0.117,0.003,0.880
515500,0.097,0.017,0.886
516000,0.118,0.007,0.874
516500,0.092,0.002,0.906
517000,0.104,0.000,0.896
517500,0.110,0.004,0.886
518000,0.095,0.003,0.903
518500,0.120,0.001,0.878
519000,0.108,0.000,0.891
519500,0.108,0.015,0.876
520000,0.111,0.002,0.888
520500,0.132,0.000,0.868
521000,0.138,0.009,0.854
521500,0.112,0.005,0.883
522000,0.119,0.000,0.881
522500,0.142,0.000,0.858
523000,0.129,0.010,0.861
523500,0.126,0.002,0.873
524000,0.127,0.003,0.870
524500,0.149,0.001,0.850
525000,0.141,0.000,0.859
525500,0.108,0.000,0.892
526000,0.145,0.002,0.854
526500,0.140,0.007,0.853
527000,0.128,0.001,0.872
527500,0.126,0.002,0.873
528000,0.111,0.005,0.884
528500,0.107,0.009,0.885
529000,0.120,0.004,0.876
529500,0.106,0.000,0.893
530000,0.103,0.003,0.895
530500,0.114,0.000,0.886
531000,0.121,0.003,0.876
531500,0.129,0.005,0.866
532000,0.133,0.001,0.866
532500,0.151,0.000,0.849
533000,0.126,0.000,0.875
533500,0.127,0.004,0.869
534000,0.102,0.008,0.890
534500,0.086,0.005,0.909
535000,0.133,0.000,0.867
535500,0.108,0.002,0.890
536000,0.133,0.000,0.867
536500,0.135,0.003,0.862
537000,0.114,0.000,0.886
537500,0.126,0.000,0.875
538000,0.139,0.006,0.855
538500,0.123,0.003,0.874
539000,0.144,0.002,0.854
539500,0.136,0.005,0.860
540000,0.130,0.001,0.869
540500,0.123,0.009,0.868
541000,0.132,0.001,0.868
541500,0.127,0.002,0.872
542000,0.128,0.002,0.871
542500,0.124,0.006,0.870
543000,0.104,0.006,0.889
543500,0.105,0.011,0.884
544000,0.118,0.009,0.872
544500,0.148,0.002,0.850
545000,0.110,0.001,0.890
545500,0.111,0.006,0.883
546000,0.112,0.004,0.884
546500,0.128,0.001,0.872
547000,0.118,0.005,0.876
547500,0.125,0.006,0.869
548000,0.119,0.004,0.876
548500,0.136,0.001,0.864
549000,0.115,0.009,0.876
549500,0.110,0.004,0.886
550000,0.126,0.000,0.875
550500,0.117,0.000,0.883
551000,0.105,0.000,0.894
551500,0.136,0.006,0.858
552000,0.110,0.005,0.885
552500,0.114,0.001,0.885
553000,0.112,0.004,0.884
553500,0.123,0.009,0.869
554000,0.124,0.000,0.876
554500,0.118,0.000,0.882
555000,0.132,0.000,0.868
555500,0.116,0.000,0.884
556000,0.124,0.008,0.868
556500,0.102,0.006,0.891
557000,0.112,0.000,0.888
557500,0.128,0.013,0.860
558000,0.137,0.002,0.861
558500,0.129,0.005,0.866
559000,0.121,0.006,0.872
559500,0.124,0.002,0.874
560000,0.102,0.003,0.895
560500,0.111,0.005,0.884
561000,0.111,0.001,0.889
561500,0.109,0.007,0.884
562000,0.128,0.003,0.869
562500,0.108,0.004,0.888
563000,0.133,0.000,0.867
563500,0.112,0.004,0.884
564000,0.136,0.006,0.858
564500,0.110,0.003,0.888
565000,0.122,0.001,0.877
565500,0.134,0.000,0.866
566000,0.128,0.000,0.872
566500,0.102,0.000,0.898
567000,0.089,0.010,0.900
567500,0.117,0.003,0.880
568000,0.095,0.006,0.899
568500,0.110,0.003,0.888
569000,0.134,0.001,0.865
569500,0.128,0.004,0.869
570000,0.120,0.001,0.879
570500,0.116,0.006,0.878
571000,0.105,0.006,0.888
571500,0.103,0.009,0.887
572000,0.114,0.007,0.879
572500,0.121,0.004,0.874
573000,0.108,0.005,0.887
573500,0.088,0.017,0.894
574000,0.088,0.006,0.905
574500,0.121,0.002,0.877
575000,0.136,0.000,0.864
575500,0.121,0.002,0.878
576000,0.106,0.001,0.894
576500,0.124,0.000,0.876
577000,0.126,0.001,0.873
577500,0.115,0.002,0.884
578000,0.098,0.007,0.895
578500,0.120,0.001,0.880
579000,0.107,0.004,0.888
579500,0.109,0.015,0.877
580000,0.116,0.001,0.883
580500,0.135,0.003,0.863
581000,0.120,0.000,0.879
581500,0.108,0.006,0.886
582000,0.112,0.002,0.887
582500,0.120,0.013,0.867
583000,0.108,0.004,0.888
583500,0.100,0.004,0.896
584000,0.107,0.017,0.876
584500,0.115,0.001,0.884
585000,0.115,0.007,0.878
585500,0.094,0.004,0.902
586000,0.102,0.000,0.897
586500,0.123,0.000,0.877
587000,0.128,0.009,0.864
587500,0.117,0.002,0.881
588000,0.100,0.012,0.888
588500,0.105,0.006,0.889
589000,0.124,0.003,0.872
589500,0.114,0.005,0.881
590000,0.116,0.000,0.884
590500,0.118,0.000,0.882
591000,0.140,0.006,0.854
591500,0.133,0.009,0.858
592000,0.112,0.011,0.877
592500,0.101,0.008,0.891
593000,0.097,0.004,0.899
593500,0.115,0.001,0.885
594000,0.110,0.011,0.879
594500,0.131,0.001,0.869
595000,0.118,0.001,0.881
595500,0.143,0.000,0.857
596000,0.114,0.013,0.873
596500,0.110,0.002,0.889
597000,0.117,0.002,0.882
597500,0.119,0.009,0.872
598000,0.106,0.001,0.893
598500,0.121,0.000,0.879
599000,0.108,0.003,0.889
599500,0.122,0.009,0.870
600000,0.110,0.001,0.889
600500,0.119,0.003,0.878
601000,0.112,0.013,0.876
601500,0.126,0.009,0.866
602000,0.103,0.006,0.891
602500,0.127,0.001,0.873
603000,0.113,0.003,0.884
603500,0.130,0.000,0.871
604000,0.123,0.009,0.868
604500,0.136,0.003,0.862
605000,0.133,0.004,0.863
605500,0.113,0.001,0.886
606000,0.119,0.002,0.879
606500,0.114,0.006,0.880
607000,0.110,0.006,0.884
607500,0.114,0.001,0.886
608000,0.131,0.004,0.866
608500,0.112,0.000,0.888
609000,0.095,0.004,0.902
609500,0.112,0.009,0.879
610000,0.110,0.010,0.880
610500,0.127,0.004,0.869
611000,0.113,0.000,0.887
611500,0.134,0.004,0.862
612000,0.112,0.006,0.882
612500,0.119,0.021,0.860
613000,0.115,0.004,0.882
613500,0.120,0.002,0.877
614000,0.125,0.007,0.868
614500,0.138,0.006,0.856
615000,0.113,0.001,0.887
615500,0.102,0.007,0.891
616000,0.132,0.002,0.867
616500,0.097,0.005,0.898
617000,0.128,0.008,0.865
617500,0.104,0.005,0.891
618000,0.121,0.006,0.872
618500,0.106,0.009,0.885
619000,0.092,0.006,0.902
619500,0.121,0.009,0.870
620000,0.111,0.005,0.884
620500,0.102,0.001,0.897
621000,0.096,0.002,0.902
621500,0.096,0.015,0.890
622000,0.101,0.004,0.895
622500,0.115,0.009,0.876
623000,0.114,0.001,0.886
623500,0.111,0.013,0.876
624000,0.113,0.009,0.878
624500,0.116,0.011,0.874
625000,0.104,0.007,0.889
625500,0.100,0.010,0.890
626000,0.110,0.004,0.886
626500,0.128,0.000,0.872
627000,0.118,0.003,0.880
627500,0.145,0.000,0.855
628000,0.102,0.000,0.897
628500,0.114,0.004,0.883
629000,0.100,0.003,0.898
629500,0.103,0.001,0.896
630000,0.106,0.002,0.892
630500,0.091,0.000,0.908
631000,0.120,0.000,0.879
631500,0.119,0.003,0.878
632000,0.116,0.002,0.883
632500,0.117,0.001,0.882
633000,0.117,0.000,0.883
633500,0.127,0.000,0.873
634000,0.135,0.004,0.861
634500,0.104,0.001,0.895
635000,0.117,0.000,0.883
635500,0.131,0.000,0.869
636000,0.121,0.008,0.871
636500,0.128,0.000,0.872
637000,0.116,0.000,0.884
637500,0.123,0.011,0.866
638000,0.111,0.001,0.889
638500,0.118,0.010,0.871
639000,0.114,0.001,0.886
639500,0.120,0.009,0.871
640000,0.117,0.002,0.881
640500,0.116,0.009,0.876
641000,0.128,0.002,0.871
641500,0.109,0.005,0.886
642000,0.112,0.017,0.872
642500,0.119,0.004,0.878
643000,0.121,0.007,0.872
643500,0.116,0.006,0.878
644000,0.116,0.003,0.881
644500,0.117,0.006,0.876
645000,0.121,0.002,0.878
645500,0.119,0.006,0.875
646000,0.085,0.016,0.899
646500,0.098,0.007,0.895
647000,0.090,0.003,0.907
647500,0.141,0.001,0.859
648000,0.122,0.004,0.873
648500,0.110,0.007,0.883
649000,0.095,0.018,0.888
649500,0.099,0.009,0.893
650000,0.122,0.007,0.871
650500,0.121,0.000,0.879
651000,0.140,0.004,0.857
651500,0.119,0.000,0.881
652000,0.126,0.000,0.874
652500,0.118,0.006,0.876
653000,0.114,0.001,0.886
653500,0.124,0.004,0.871
654000,0.118,0.000,0.881
654500,0.131,0.000,0.869
655000,0.115,0.000,0.885
655500,0.085,0.003,0.913
656000,0.101,0.006,0.893
656500,0.117,0.004,0.879
657000,0.117,0.000,0.883
657500,0.100,0.003,0.898
658000,0.109,0.006,0.885
658500,0.159,0.003,0.839
659000,0.123,0.000,0.877
659500,0.133,0.000,0.867
660000,0.147,0.000,0.853
660500,0.135,0.001,0.864
661000,0.135,0.001,0.865
661500,0.121,0.001,0.879
662000,0.114,0.005,0.881
662500,0.137,0.009,0.854
663000,0.122,0.001,0.877
663500,0.109,0.006,0.885
664000,0.115,0.004,0.881
664500,0.116,0.001,0.884
665000,0.107,0.013,0.880
665500,0.111,0.009,0.881
666000,0.112,0.002,0.886
666500,0.126,0.000,0.874
667000,0.114,0.006,0.880
667500,0.114,0.000,0.886
668000,0.128,0.000,0.872
668500,0.120,0.000,0.880
669000,0.113,0.005,0.882
669500,0.124,0.001,0.874
670000,0.117,0.015,0.868
670500,0.116,0.001,0.883
671000,0.129,0.001,0.870
671500,0.117,0.001,0.882
672000,0.117,0.004,0.880
672500,0.133,0.000,0.867
673000,0.141,0.006,0.853
673500,0.117,0.002,0.881
674000,0.134,0.003,0.864
674500,0.102,0.005,0.892
675000,0.108,0.004,0.889
675500,0.120,0.001,0.879
676000,0.111,0.000,0.889
676500,0.108,0.000,0.891
677000,0.114,0.002,0.885
677500,0.134,0.003,0.864
678000,0.113,0.000,0.887
678500,0.103,0.011,0.886
679000,0.110,0.001,0.889
679500,0.129,0.009,0.862
680000,0.126,0.006,0.868
680500,0.132,0.004,0.864
681000,0.107,0.007,0.886
681500,0.115,0.004,0.882
682000,0.112,0.011,0.877
682500,0.126,0.009,0.866
683000,0.108,0.002,0.889
683500,0.091,0.009,0.899
684000,0.113,0.009,0.878
684500,0.096,0.005,0.899
685000,0.094,0.004,0.902
685500,0.129,0.006,0.865
686000,0.110,0.000,0.890
686500,0.101,0.017,0.882
687000,0.129,0.001,0.870
687500,0.145,0.000,0.855
688000,0.155,0.000,0.845
688500,0.130,0.000,0.871
689000,0.097,0.007,0.896
689500,0.113,0.002,0.885
690000,0.093,0.000,0.906
690500,0.122,0.006,0.871
691000,0.124,0.012,0.864
691500,0.126,0.012,0.862
692000,0.116,0.002,0.883
692500,0.106,0.002,0.893
693000,0.117,0.003,0.880
693500,0.138,0.001,0.862
694000,0.108,0.003,0.889
694500,0.108,0.001,0.890
695000,0.114,0.000,0.886
695500,0.139,0.013,0.848
696000,0.126,0.002,0.873
696500,0.131,0.009,0.861
697000,0.113,0.003,0.885
697500,0.126,0.003,0.872
698000,0.131,0.009,0.860
698500,0.118,0.003,0.879
699000,0.114,0.010,0.876
699500,0.141,0.002,0.858
700000,0.118,0.004,0.878
700500,0.112,0.003,0.885
701000,0.106,0.001,0.892
701500,0.104,0.007,0.888
702000,0.107,0.004,0.888
702500,0.106,0.007,0.886
703000,0.098,0.001,0.901
703500,0.113,0.000,0.887
704000,0.116,0.007,0.877
704500,0.119,0.007,0.874
705000,0.116,0.001,0.883
705500,0.137,0.000,0.863
706000,0.136,0.000,0.865
706500,0.096,0.018,0.886
707000,0.105,0.006,0.888
707500,0.109,0.009,0.883
708000,0.119,0.001,0.881
708500,0.131,0.000,0.869
709000,0.135,0.000,0.865
709500,0.117,0.000,0.883
710000,0.115,0.007,0.878
710500,0.106,0.012,0.882
711000,0.093,0.009,0.898
711500,0.098,0.010,0.892
712000,0.105,0.001,0.895
712500,0.109,0.001,0.890
713000,0.110,0.013,0.877
713500,0.096,0.011,0.893
714000,0.099,0.002,0.900
714500,0.117,0.018,0.865
715000,0.131,0.003,0.866
715500,0.132,0.002,0.867
716000,0.153,0.001,0.846
716500,0.113,0.000,0.887
717000,0.098,0.018,0.885
717500,0.097,0.001,0.903
718000,0.103,0.002,0.896
718500,0.134,0.007,0.860
719000,0.138,0.007,0.856
719500,0.112,0.007,0.881
720000,0.127,0.006,0.867
720500,0.114,0.001,0.886
721000,0.109,0.006,0.885
721500,0.116,0.005,0.879
722000,0.146,0.000,0.854
722500,0.117,0.005,0.878
723000,0.130,0.001,0.870
723500,0.136,0.000,0.865
724000,0.126,0.000,0.875
724500,0.134,0.000,0.866
725000,0.108,0.000,0.892
725500,0.117,0.000,0.883
726000,0.087,0.000,0.913
726500,0.096,0.004,0.901
727000,0.123,0.004,0.873
727500,0.105,0.007,0.887
728000,0.106,0.010,0.883
728500,0.110,0.007,0.883
729000,0.108,0.001,0.890
729500,0.110,0.003,0.887
730000,0.108,0.001,0.892
730500,0.122,0.001,0.878
731000,0.115,0.004,0.882
731500,0.134,0.001,0.866
732000,0.103,0.009,0.889
732500,0.103,0.003,0.894
733000,0.103,0.001,0.897
733500,0.111,0.000,0.889
734000,0.129,0.008,0.863
734500,0.128,0.001,0.871
735000,0.105,0.009,0.887
735500,0.106,0.004,0.889
736000,0.108,0.000,0.891
736500,0.108,0.002,0.891
737000,0.113,0.000,0.887
737500,0.115,0.005,0.880
738000,0.127,0.000,0.873
738500,0.123,0.000,0.877
739000,0.119,0.001,0.881
739500,0.105,0.004,0.891
740000,0.111,0.001,0.889
740500,0.118,0.010,0.872
741000,0.106,0.005,0.888
741500,0.116,0.019,0.865
742000,0.106,0.005,0.888
742500,0.117,0.001,0.883
743000,0.119,0.002,0.879
743500,0.104,0.004,0.892
744000,0.113,0.000,0.887
744500,0.099,0.009,0.892
745000,0.120,0.002,0.879
745500,0.120,0.001,0.879
746000,0.108,0.000,0.891
746500,0.088,0.005,0.906
747000,0.117,0.006,0.877
747500,0.111,0.009,0.880
748000,0.121,0.002,0.877
748500,0.108,0.000,0.892
749000,0.131,0.002,0.867
749500,0.102,0.006,0.891
750000,0.124,0.006,0.870
750500,0.097,0.002,0.901
751000,0.121,0.000,0.879
751500,0.124,0.000,0.876
752000,0.096,0.000,0.904
752500,0.134,0.000,0.866
753000,0.124,0.000,0.876
753500,0.139,0.001,0.860
754000,0.103,0.003,0.894
754500,0.136,0.001,0.864
755000,0.138,0.000,0.862
755500,0.121,0.001,0.878
756000,0.101,0.004,0.896
756500,0.131,0.000,0.869
757000,0.132,0.009,0.860
757500,0.150,0.001,0.849
758000,0.123,0.007,0.870
758500,0.130,0.001,0.870
759000,0.102,0.000,0.897
759500,0.108,0.008,0.883
760000,0.117,0.001,0.882
760500,0.127,0.003,0.871
761000,0.124,0.006,0.869
761500,0.128,0.007,0.865
762000,0.107,0.015,0.878
762500,0.107,0.015,0.878
763000,0.114,0.005,0.881
763500,0.133,0.010,0.857
764000,0.129,0.001,0.871
764500,0.120,0.007,0.872
765000,0.100,0.001,0.900
765500,0.102,0.000,0.898
766000,0.116,0.000,0.884
766500,0.116,0.003,0.881
767000,0.116,0.002,0.883
767500,0.099,0.000,0.901
768000,0.105,0.010,0.884
768500,0.111,0.002,0.887
769000,0.114,0.004,0.882
769500,0.089,0.009,0.901
770000,0.117,0.002,0.881
770500,0.119,0.000,0.881
771000,0.110,0.013,0.877
771500,0.100,0.015,0.886
772000,0.115,0.001,0.884
772500,0.102,0.005,0.893
773000,0.115,0.006,0.879
773500,0.124,0.005,0.870
774000,0.121,0.001,0.878
774500,0.109,0.006,0.885
775000,0.106,0.010,0.884
775500,0.105,0.009,0.886
776000,0.095,0.000,0.905
776500,0.117,0.006,0.877
777000,0.135,0.005,0.860
777500,0.105,0.007,0.888
778000,0.134,0.003,0.864
778500,0.107,0.005,0.887
779000,0.111,0.011,0.878
779500,0.104,0.003,0.893
780000,0.116,0.001,0.884
780500,0.104,0.007,0.889
781000,0.118,0.001,0.881
781500,0.105,0.015,0.880
782000,0.119,0.003,0.879
782500,0.107,0.003,0.890
783000,0.124,0.001,0.875
783500,0.115,0.001,0.884
784000,0.117,0.001,0.882
784500,0.109,0.000,0.891
785000,0.117,0.002,0.881
785500,0.107,0.000,0.893
786000,0.129,0.000,0.871
786500,0.121,0.005,0.874
787000,0.113,0.019,0.868
787500,0.110,0.006,0.884
788000,0.117,0.001,0.882
788500,0.122,0.000,0.878
789000,0.126,0.000,0.875
789500,0.129,0.000,0.871
790000,0.126,0.011,0.864
790500,0.112,0.002,0.887
791000,0.093,0.005,0.901
791500,0.114,0.005,0.881
792000,0.141,0.000,0.859
792500,0.123,0.005,0.872
793000,0.104,0.004,0.891
793500,0.108,0.003,0.889
794000,0.117,0.003,0.880
794500,0.108,0.003,0.888
795000,0.096,0.013,0.891
795500,0.112,0.004,0.885
796000,0.123,0.015,0.862
796500,0.096,0.002,0.902
797000,0.117,0.002,0.881
797500,0.118,0.008,0.874
798000,0.102,0.001,0.897
798500,0.127,0.004,0.869
799000,0.112,0.000,0.888
799500,0.114,0.002,0.884
800000,0.129,0.004,0.868
800500,0.139,0.001,0.861
801000,0.128,0.006,0.866
801500,0.138,0.001,0.862
802000,0.129,0.000,0.871
802500,0.124,0.005,0.871
803000,0.101,0.007,0.892
803500,0.113,0.004,0.883
804000,0.112,0.015,0.873
804500,0.125,0.011,0.865
805000,0.140,0.003,0.858
805500,0.116,0.001,0.884
806000,0.098,0.002,0.901
806500,0.127,0.004,0.869
807000,0.112,0.001,0.887
807500,0.121,0.000,0.879
808000,0.117,0.004,0.879
808500,0.131,0.001,0.869
809000,0.131,0.000,0.869
809500,0.133,0.003,0.865
810000,0.119,0.002,0.879
810500,0.134,0.003,0.863
811000,0.118,0.000,0.882
811500,0.116,0.000,0.884
812000,0.110,0.000,0.890
812500,0.124,0.009,0.868
813000,0.117,0.002,0.881
813500,0.117,0.004,0.879
814000,0.101,0.004,0.895
814500,0.102,0.006,0.892
815000,0.110,0.001,0.889
815500,0.113,0.002,0.885
816000,0.132,0.000,0.868
816500,0.138,0.000,0.862
817000,0.107,0.000,0.893
817500,0.128,0.010,0.863
818000,0.124,0.004,0.872
818500,0.125,0.007,0.868
819000,0.110,0.011,0.879
819500,0.124,0.002,0.875
820000,0.099,0.006,0.895
820500,0.097,0.002,0.902
821000,0.097,0.001,0.902
821500,0.105,0.009,0.886
822000,0.113,0.003,0.884
822500,0.110,0.000,0.890
823000,0.131,0.008,0.861
823500,0.118,0.003,0.880
824000,0.120,0.002,0.877
824500,0.144,0.011,0.845
825000,0.110,0.003,0.887
825500,0.121,0.006,0.873
826000,0.117,0.002,0.881
826500,0.113,0.001,0.887
827000,0.097,0.000,0.903
827500,0.133,0.005,0.862
828000,0.119,0.017,0.865
828500,0.111,0.004,0.885
829000,0.159,0.001,0.840
829500,0.111,0.000,0.889
830000,0.102,0.007,0.891
830500,0.119,0.002,0.879
831000,0.130,0.001,0.870
831500,0.118,0.004,0.879
832000,0.110,0.015,0.875
832500,0.102,0.002,0.896
833000,0.117,0.010,0.873
833500,0.130,0.002,0.869
834000,0.113,0.003,0.885
834500,0.130,0.011,0.860
835000,0.131,0.013,0.857
835500,0.123,0.003,0.874
836000,0.101,0.006,0.893
836500,0.101,0.001,0.899
837000,0.100,0.000,0.900
837500,0.108,0.000,0.891
838000,0.108,0.001,0.892
838500,0.113,0.004,0.883
839000,0.116,0.007,0.877
839500,0.105,0.019,0.876
840000,0.110,0.007,0.883
840500,0.101,0.004,0.895
841000,0.102,0.000,0.898
841500,0.126,0.000,0.874
842000,0.121,0.004,0.875
842500,0.129,0.005,0.866
843000,0.117,0.002,0.881
843500,0.108,0.006,0.886
844000,0.112,0.017,0.872
844500,0.105,0.003,0.892
845000,0.108,0.004,0.888
845500,0.107,0.007,0.885
846000,0.100,0.011,0.889
846500,0.107,0.003,0.890
847000,0.113,0.007,0.880
847500,0.114,0.009,0.877
848000,0.143,0.001,0.857
848500,0.141,0.000,0.859
849000,0.115,0.009,0.877
849500,0.121,0.011,0.868
850000,0.107,0.017,0.876
850500,0.101,0.013,0.887
851000,0.112,0.002,0.887
851500,0.103,0.007,0.889
852000,0.105,0.002,0.894
852500,0.098,0.005,0.897
853000,0.111,0.000,0.889
853500,0.119,0.000,0.881
854000,0.134,0.004,0.862
854500,0.117,0.002,0.881
855000,0.138,0.000,0.862
855500,0.111,0.011,0.878
856000,0.105,0.006,0.889
856500,0.096,0.006,0.898
857000,0.128,0.002,0.871
857500,0.117,0.001,0.883
858000,0.099,0.002,0.899
858500,0.114,0.000,0.886
859000,0.111,0.004,0.885
859500,0.108,0.006,0.886
860000,0.089,0.001,0.910
860500,0.105,0.010,0.885
861000,0.112,0.011,0.877
861500,0.098,0.004,0.898
862000,0.113,0.012,0.875
862500,0.133,0.002,0.866
863000,0.108,0.002,0.891
863500,0.112,0.002,0.886
864000,0.113,0.013,0.875
864500,0.109,0.001,0.890
865000,0.120,0.000,0.880
865500,0.119,0.002,0.879
866000,0.119,0.001,0.881
866500,0.115,0.000,0.885
867000,0.120,0.000,0.879
867500,0.117,0.004,0.878
868000,0.123,0.006,0.871
868500,0.134,0.000,0.867
869000,0.125,0.000,0.875
869500,0.117,0.004,0.879
870000,0.125,0.001,0.875
870500,0.142,0.000,0.858
871000,0.110,0.000,0.890
871500,0.123,0.009,0.869
872000,0.109,0.005,0.886
872500,0.111,0.007,0.882
873000,0.114,0.000,0.886
873500,0.102,0.005,0.893
874000,0.140,0.001,0.859
874500,0.160,0.000,0.841
875000,0.129,0.003,0.868
875500,0.121,0.005,0.874
876000,0.112,0.003,0.886
876500,0.136,0.003,0.862
877000,0.108,0.008,0.884
877500,0.108,0.010,0.882
878000,0.107,0.013,0.880
878500,0.126,0.001,0.874
879000,0.134,0.002,0.865
879500,0.142,0.001,0.857
880000,0.120,0.000,0.880
880500,0.129,0.000,0.871
881000,0.137,0.000,0.863
881500,0.132,0.000,0.869
882000,0.111,0.004,0.885
882500,0.105,0.000,0.895
883000,0.115,0.007,0.878
883500,0.085,0.004,0.911
884000,0.117,0.000,0.883
884500,0.113,0.000,0.887
885000,0.112,0.000,0.888
885500,0.123,0.001,0.876
886000,0.137,0.000,0.863
886500,0.111,0.010,0.879
887000,0.144,0.004,0.852
887500,0.140,0.000,0.860
888000,0.123,0.007,0.870
888500,0.132,0.013,0.856
889000,0.130,0.013,0.858
889500,0.102,0.005,0.892
890000,0.108,0.016,0.876
890500,0.131,0.001,0.868
891000,0.104,0.004,0.892
891500,0.128,0.001,0.872
892000,0.120,0.001,0.879
892500,0.101,0.000,0.899
893000,0.100,0.004,0.896
893500,0.121,0.009,0.871
894000,0.104,0.011,0.885
894500,0.123,0.001,0.877
895000,0.124,0.006,0.870
895500,0.138,0.001,0.862
896000,0.122,0.008,0.869
896500,0.108,0.001,0.890
897000,0.107,0.000,0.892
897500,0.118,0.003,0.880
898000,0.130,0.006,0.865
898500,0.144,0.002,0.854
899000,0.116,0.001,0.883
899500,0.096,0.004,0.900
900000,0.117,0.000,0.883
900500,0.099,0.009,0.893
901000,0.121,0.015,0.865
901500,0.116,0.013,0.871
902000,0.107,0.006,0.887
902500,0.126,0.003,0.872
903000,0.097,0.000,0.903
903500,0.095,0.000,0.905
904000,0.115,0.004,0.881
904500,0.105,0.008,0.887
905000,0.107,0.002,0.891
905500,0.118,0.002,0.881
906000,0.103,0.004,0.892
906500,0.097,0.004,0.899
907000,0.110,0.001,0.890
907500,0.105,0.001,0.893
908000,0.105,0.002,0.894
908500,0.109,0.000,0.891
909000,0.101,0.009,0.891
909500,0.100,0.002,0.898
910000,0.112,0.003,0.886
910500,0.104,0.006,0.890
911000,0.110,0.000,0.890
911500,0.111,0.008,0.881
912000,0.116,0.003,0.881
912500,0.135,0.000,0.865
913000,0.136,0.000,0.865
913500,0.129,0.005,0.866
914000,0.117,0.007,0.876
914500,0.126,0.000,0.875
915000,0.131,0.009,0.861
915500,0.132,0.009,0.859
916000,0.114,0.011,0.875
916500,0.147,0.000,0.853
917000,0.126,0.000,0.874
917500,0.161,0.000,0.840
918000,0.137,0.000,0.863
918500,0.145,0.000,0.855
919000,0.126,0.000,0.874
919500,0.108,0.005,0.886
920000,0.108,0.004,0.889
920500,0.101,0.002,0.897
921000,0.112,0.006,0.882
921500,0.105,0.007,0.887
922000,0.134,0.001,0.865
922500,0.143,0.003,0.854
923000,0.118,0.008,0.873
923500,0.119,0.001,0.881
924000,0.130,0.001,0.870
924500,0.114,0.000,0.886
925000,0.118,0.003,0.880
925500,0.092,0.011,0.896
926000,0.106,0.005,0.889
926500,0.109,0.011,0.880
927000,0.105,0.002,0.894
927500,0.134,0.000,0.866
928000,0.111,0.000,0.889
928500,0.098,0.004,0.898
929000,0.084,0.009,0.907
929500,0.111,0.001,0.889
930000,0.110,0.001,0.889
930500,0.121,0.006,0.873
931000,0.110,0.005,0.885
931500,0.108,0.011,0.880
932000,0.087,0.022,0.890
932500,0.104,0.005,0.891
933000,0.122,0.003,0.874
933500,0.115,0.004,0.882
934000,0.146,0.004,0.850
934500,0.113,0.005,0.882
935000,0.100,0.006,0.894
935500,0.117,0.000,0.883
936000,0.130,0.000,0.870
936500,0.149,0.002,0.849
937000,0.132,0.000,0.868
937500,0.135,0.007,0.858
938000,0.091,0.011,0.898
938500,0.104,0.001,0.894
939000,0.123,0.000,0.877
939500,0.114,0.002,0.884
940000,0.135,0.007,0.858
940500,0.118,0.010,0.871
941000,0.114,0.001,0.886
941500,0.113,0.000,0.887
942000,0.112,0.000,0.888
942500,0.126,0.004,0.870
943000,0.112,0.000,0.888
943500,0.117,0.000,0.883
944000,0.120,0.001,0.879
944500,0.123,0.000,0.877
945000,0.103,0.013,0.885
945500,0.099,0.012,0.889
946000,0.126,0.000,0.874
946500,0.112,0.005,0.883
947000,0.117,0.008,0.875
947500,0.126,0.008,0.867
948000,0.137,0.009,0.855
948500,0.125,0.002,0.874
949000,0.119,0.000,0.881
949500,0.119,0.003,0.878
950000,0.102,0.005,0.893
950500,0.122,0.002,0.875
951000,0.113,0.000,0.887
951500,0.116,0.008,0.876
952000,0.108,0.009,0.882
952500,0.108,0.000,0.891
953000,0.119,0.000,0.881
953500,0.115,0.000,0.885
954000,0.107,0.005,0.888
954500,0.110,0.002,0.888
955000,0.111,0.002,0.887
955500,0.106,0.013,0.881
956000,0.096,0.014,0.890
956500,0.107,0.009,0.885
957000,0.137,0.003,0.860
957500,0.154,0.001,0.845
958000,0.113,0.000,0.887
958500,0.127,0.000,0.873
959000,0.105,0.000,0.894
959500,0.095,0.021,0.884
960000,0.108,0.004,0.887
960500,0.131,0.006,0.863
961000,0.123,0.009,0.868
961500,0.141,0.001,0.858
962000,0.111,0.000,0.889
962500,0.108,0.000,0.892
963000,0.120,0.003,0.877
963500,0.126,0.011,0.863
964000,0.117,0.002,0.881
964500,0.115,0.001,0.884
965000,0.108,0.009,0.883
965500,0.104,0.002,0.894
966000,0.143,0.000,0.857
966500,0.111,0.003,0.886
967000,0.113,0.010,0.877
967500,0.128,0.007,0.865
968000,0.113,0.014,0.873
968500,0.118,0.011,0.871
969000,0.104,0.005,0.891
969500,0.118,0.003,0.879
970000,0.113,0.002,0.886
970500,0.137,0.000,0.863
971000,0.107,0.013,0.881
971500,0.117,0.002,0.882
972000,0.104,0.005,0.890
972500,0.098,0.001,0.901
973000,0.103,0.015,0.881
973500,0.098,0.013,0.889
974000,0.115,0.007,0.878
974500,0.104,0.002,0.895
975000,0.114,0.000,0.886
975500,0.125,0.000,0.875
976000,0.136,0.006,0.858
976500,0.131,0.003,0.867
977000,0.140,0.005,0.855
977500,0.106,0.002,0.893
978000,0.116,0.008,0.876
978500,0.108,0.009,0.883
979000,0.105,0.013,0.881
979500,0.095,0.016,0.889
980000,0.113,0.003,0.885
980500,0.101,0.015,0.885
981000,0.096,0.003,0.901
981500,0.119,0.007,0.873
982000,0.108,0.009,0.883
982500,0.111,0.007,0.882
983000,0.121,0.009,0.869
983500,0.123,0.002,0.875
984000,0.121,0.000,0.879
984500,0.120,0.000,0.879
985000,0.110,0.006,0.884
985500,0.130,0.004,0.866
986000,0.112,0.003,0.886
986500,0.114,0.000,0.886
987000,0.138,0.004,0.858
987500,0.102,0.003,0.896
988000,0.109,0.002,0.889
988500,0.155,0.006,0.839
989000,0.129,0.009,0.863
989500,0.128,0.001,0.871
990000,0.115,0.009,0.877
990500,0.126,0.003,0.871
991000,0.100,0.000,0.900
991500,0.110,0.006,0.884
992000,0.128,0.001,0.872
992500,0.130,0.000,0.871
993000,0.121,0.000,0.879
993500,0.102,0.006,0.892
994000,0.106,0.008,0.886
994500,0.134,0.001,0.866
995000,0.132,0.007,0.862
995500,0.113,0.007,0.880
996000,0.119,0.010,0.871
996500,0.104,0.001,0.894
997000,0.115,0.001,0.885
997500,0.104,0.000,0.896
998000,0.114,0.003,0.884
998500,0.111,0.001,0.888
999000,0.134,0.003,0.864
999500,0.140,0.001,0.860
1000000,0.138,0.000,0.862
