time,n_A+p,n_B,n_AB
500,0.080,0.477,0.443
1000,0.082,0.154,0.764
1500,0.102,0.049,0.849
2000,0.143,0.025,0.833
2500,0.144,0.016,0.840
3000,0.135,0.013,0.852
3500,0.142,0.011,0.847
4000,0.148,0.005,0.847
4500,0.178,0.006,0.816
5000,0.185,0.003,0.812
5500,0.185,0.005,0.809
6000,0.175,0.005,0.820
6500,0.161,0.009,0.830
7000,0.164,0.003,0.833
7500,0.151,0.013,0.835
8000,0.171,0.011,0.818
8500,0.152,0.015,0.833
9000,0.168,0.011,0.822
9500,0.178,0.001,0.821
10000,0.182,0.000,0.818
10500,0.159,0.007,0.834
11000,0.170,0.012,0.819
11500,0.168,0.012,0.820
12000,0.150,0.011,0.839
12500,0.165,0.006,0.830
13000,0.153,0.005,0.841
13500,0.156,0.009,0.835
14000,0.193,0.002,0.805
14500,0.158,0.012,0.831
15000,0.167,0.005,0.828
15500,0.161,0.003,0.837
16000,0.157,0.004,0.839
16500,0.139,0.011,0.851
17000,0.141,0.004,0.855
17500,0.149,0.004,0.847
18000,0.152,0.004,0.844
18500,0.178,0.001,0.822
19000,0.152,0.001,0.848
19500,0.169,0.015,0.817
20000,0.163,0.013,0.825
20500,0.112,0.017,0.871
21000,0.151,0.011,0.838
21500,0.177,0.005,0.818
22000,0.188,0.005,0.807
22500,0.151,0.004,0.846
23000,0.163,0.003,0.835
23500,0.158,0.009,0.833
24000,0.158,0.007,0.835
24500,0.146,0.011,0.843
25000,0.158,0.006,0.836
25500,0.160,0.004,0.836
26000,0.191,0.004,0.805
26500,0.193,0.001,0.807
27000,0.152,0.000,0.848
27500,0.182,0.000,0.818
28000,0.169,0.000,0.832
28500,0.159,0.005,0.837
29000,0.176,0.000,0.824
29500,0.141,0.005,0.854
30000,0.151,0.002,0.848
30500,0.138,0.003,0.859
31000,0.144,0.010,0.846
31500,0.154,0.003,0.843
32000,0.148,0.011,0.841
32500,0.127,0.006,0.867
33000,0.129,0.013,0.858
33500,0.165,0.011,0.824
34000,0.137,0.003,0.861
34500,0.181,0.001,0.819
35000,0.159,0.003,0.839
35500,0.161,0.005,0.835
36000,0.143,0.013,0.844
36500,0.168,0.009,0.824
37000,0.178,0.004,0.818
37500,0.169,0.004,0.828
38000,0.171,0.014,0.815
38500,0.159,0.006,0.835
39000,0.154,0.007,0.839
39500,0.141,0.007,0.852
40000,0.164,0.003,0.834
40500,0.164,0.011,0.826
41000,0.176,0.007,0.816
41500,0.152,0.014,0.834
42000,0.171,0.003,0.827
42500,0.155,0.013,0.832
43000,0.154,0.008,0.838
43500,0.166,0.002,0.833
44000,0.141,0.016,0.843
44500,0.151,0.010,0.839
45000,0.152,0.007,0.841
45500,0.159,0.008,0.833
46000,0.149,0.003,0.848
46500,0.173,0.004,0.823
47000,0.128,0.005,0.867
47500,0.135,0.004,0.861
48000,0.137,0.011,0.852
48500,0.141,0.006,0.853
49000,0.129,0.007,0.864
49500,0.139,0.007,0.854
50000,0.151,0.017,0.833
50500,0.149,0.001,0.850
51000,0.141,0.013,0.846
51500,0.140,0.011,0.850
52000,0.121,0.018,0.860
52500,0.147,0.006,0.847
53000,0.184,0.001,0.815
53500,0.189,0.003,0.809
54000,0.186,0.001,0.814
54500,0.181,0.000,0.819
55000,0.157,0.011,0.833
55500,0.172,0.006,0.823
56000,0.166,0.007,0.827
56500,0.141,0.010,0.849
57000,0.177,0.005,0.818
57500,0.148,0.015,0.837
58000,0.142,0.017,0.842
58500,0.131,0.007,0.862
59000,0.155,0.005,0.840
59500,0.141,0.010,0.849
60000,0.168,0.009,0.823
60500,0.154,0.009,0.838
61000,0.153,0.015,0.832
61500,0.120,0.028,0.852
62000,0.137,0.021,0.842
62500,0.160,0.007,0.833
63000,0.190,0.007,0.803
63500,0.164,0.015,0.821
64000,0.151,0.011,0.838
64500,0.145,0.009,0.846
65000,0.139,0.012,0.849
65500,0.157,0.009,0.834
66000,0.172,0.005,0.823
66500,0.164,0.000,0.837
67000,0.162,0.002,0.837
67500,0.170,0.007,0.823
68000,0.172,0.004,0.824
68500,0.177,0.001,0.822
69000,0.173,0.001,0.826
69500,0.193,0.000,0.807
70000,0.185,0.000,0.815
70500,0.178,0.002,0.821
71000,0.188,0.005,0.807
71500,0.162,0.001,0.838
72000,0.156,0.009,0.835
72500,0.185,0.002,0.814
73000,0.164,0.009,0.828
73500,0.190,0.001,0.809
74000,0.179,0.002,0.819
74500,0.174,0.003,0.823
75000,0.181,0.001,0.818
75500,0.184,0.000,0.816
76000,0.163,0.001,0.837
76500,0.189,0.000,0.811
77000,0.149,0.015,0.836
77500,0.141,0.005,0.854
78000,0.155,0.006,0.839
78500,0.174,0.007,0.819
79000,0.172,0.003,0.826
79500,0.172,0.000,0.829
80000,0.167,0.000,0.834
80500,0.173,0.002,0.825
81000,0.203,0.003,0.793
81500,0.173,0.005,0.822
82000,0.147,0.001,0.852
82500,0.147,0.004,0.849
83000,0.152,0.003,0.845
83500,0.155,0.009,0.836
84000,0.160,0.005,0.835
84500,0.168,0.002,0.831
85000,0.152,0.007,0.840
85500,0.151,0.008,0.841
86000,0.135,0.008,0.857
86500,0.127,0.011,0.862
87000,0.151,0.014,0.835
87500,0.148,0.002,0.851
88000,0.140,0.018,0.842
88500,0.117,0.011,0.872
89000,0.159,0.001,0.841
89500,0.140,0.007,0.853
90000,0.142,0.003,0.855
90500,0.154,0.002,0.844
91000,0.163,0.004,0.833
91500,0.150,0.010,0.840
92000,0.153,0.003,0.845
92500,0.173,0.009,0.818
93000,0.136,0.005,0.859
93500,0.143,0.009,0.848
94000,0.122,0.004,0.874
94500,0.158,0.016,0.827
95000,0.176,0.004,0.820
95500,0.182,0.011,0.807
96000,0.154,0.011,0.835
96500,0.149,0.014,0.837
97000,0.139,0.010,0.851
97500,0.120,0.012,0.868
98000,0.161,0.013,0.827
98500,0.140,0.010,0.850
99000,0.150,0.001,0.849
99500,0.175,0.000,0.825
100000,0.142,0.011,0.847
100500,0.163,0.007,0.830
101000,0.165,0.006,0.830
101500,0.142,0.001,0.857
102000,0.172,0.004,0.824
102500,0.194,0.002,0.805
103000,0.191,0.000,0.809
103500,0.183,0.002,0.815
104000,0.130,0.001,0.869
104500,0.154,0.006,0.840
105000,0.149,0.006,0.845
105500,0.127,0.012,0.861
106000,0.121,0.008,0.871
106500,0.159,0.009,0.832
107000,0.181,0.005,0.814
107500,0.170,0.010,0.821
108000,0.162,0.007,0.831
108500,0.138,0.005,0.857
109000,0.149,0.001,0.851
109500,0.146,0.009,0.845
110000,0.150,0.002,0.849
110500,0.144,0.005,0.851
111000,0.138,0.006,0.857
111500,0.143,0.005,0.852
112000,0.157,0.005,0.838
112500,0.152,0.004,0.844
113000,0.140,0.004,0.856
113500,0.140,0.015,0.845
114000,0.141,0.004,0.855
114500,0.175,0.004,0.821
115000,0.145,0.003,0.852
115500,0.141,0.004,0.855
116000,0.125,0.008,0.867
116500,0.165,0.007,0.828
117000,0.169,0.006,0.826
117500,0.154,0.006,0.839
118000,0.154,0.011,0.835
118500,0.148,0.011,0.841
119000,0.144,0.002,0.854
119500,0.136,0.013,0.851
120000,0.137,0.001,0.862
120500,0.135,0.015,0.850
121000,0.138,0.011,0.851
121500,0.140,0.006,0.854
122000,0.123,0.037,0.840
122500,0.123,0.006,0.871
123000,0.140,0.012,0.848
123500,0.133,0.025,0.842
124000,0.118,0.015,0.866
124500,0.129,0.009,0.863
125000,0.134,0.009,0.857
125500,0.154,0.005,0.841
126000,0.155,0.011,0.833
126500,0.163,0.006,0.831
127000,0.167,0.001,0.833
127500,0.141,0.004,0.855
128000,0.156,0.006,0.838
128500,0.131,0.025,0.844
129000,0.144,0.016,0.840
129500,0.125,0.013,0.862
130000,0.213,0.005,0.781
130500,0.208,0.001,0.791
131000,0.192,0.015,0.793
131500,0.186,0.011,0.803
132000,0.155,0.011,0.833
132500,0.178,0.007,0.815
133000,0.133,0.018,0.849
133500,0.155,0.009,0.836
134000,0.156,0.011,0.833
134500,0.141,0.005,0.854
135000,0.126,0.015,0.859
135500,0.145,0.009,0.847
136000,0.143,0.009,0.849
136500,0.133,0.004,0.863
137000,0.133,0.004,0.864
137500,0.175,0.004,0.820
138000,0.166,0.006,0.828
138500,0.174,0.000,0.826
139000,0.164,0.013,0.823
139500,0.165,0.004,0.831
140000,0.188,0.011,0.802
140500,0.199,0.007,0.794
141000,0.211,0.004,0.784
141500,0.157,0.009,0.835
142000,0.176,0.010,0.814
142500,0.147,0.012,0.841
143000,0.159,0.003,0.839
143500,0.139,0.011,0.850
144000,0.159,0.011,0.831
144500,0.169,0.006,0.826
145000,0.161,0.017,0.823
145500,0.180,0.004,0.815
146000,0.151,0.001,0.848
146500,0.139,0.013,0.848
147000,0.150,0.006,0.844
147500,0.163,0.007,0.830
148000,0.135,0.021,0.844
148500,0.150,0.011,0.839
149000,0.163,0.010,0.828
149500,0.169,0.002,0.830
150000,0.163,0.015,0.823
150500,0.149,0.009,0.842
151000,0.188,0.001,0.812
151500,0.186,0.002,0.811
152000,0.158,0.009,0.833
152500,0.170,0.004,0.826
153000,0.160,0.003,0.837
153500,0.176,0.004,0.820
154000,0.167,0.013,0.821
154500,0.151,0.007,0.841
155000,0.159,0.021,0.821
155500,0.162,0.013,0.825
156000,0.194,0.006,0.800
156500,0.160,0.004,0.836
157000,0.176,0.018,0.806
157500,0.157,0.006,0.838
158000,0.165,0.001,0.835
158500,0.137,0.013,0.851
159000,0.143,0.017,0.841
159500,0.171,0.006,0.823
160000,0.200,0.005,0.795
160500,0.145,0.005,0.850
161000,0.143,0.007,0.850
161500,0.153,0.002,0.845
162000,0.191,0.004,0.804
162500,0.174,0.005,0.821
163000,0.143,0.015,0.842
163500,0.155,0.007,0.837
164000,0.164,0.002,0.835
164500,0.161,0.001,0.838
165000,0.148,0.006,0.846
165500,0.118,0.013,0.869
166000,0.154,0.014,0.832
166500,0.167,0.010,0.823
167000,0.148,0.005,0.846
167500,0.148,0.004,0.848
168000,0.157,0.004,0.839
168500,0.172,0.001,0.827
169000,0.185,0.000,0.815
169500,0.177,0.004,0.819
170000,0.173,0.001,0.826
170500,0.166,0.004,0.831
171000,0.170,0.003,0.827
171500,0.150,0.010,0.840
172000,0.170,0.002,0.829
172500,0.168,0.007,0.826
173000,0.153,0.004,0.844
173500,0.140,0.004,0.857
174000,0.169,0.007,0.825
174500,0.153,0.005,0.841
175000,0.149,0.003,0.848
175500,0.156,0.004,0.840
176000,0.143,0.011,0.847
176500,0.161,0.011,0.829
177000,0.148,0.004,0.848
177500,0.141,0.005,0.854
178000,0.162,0.013,0.826
178500,0.151,0.010,0.839
179000,0.146,0.006,0.848
179500,0.129,0.013,0.858
180000,0.120,0.013,0.866
180500,0.149,0.013,0.837
181000,0.149,0.011,0.840
181500,0.142,0.003,0.855
182000,0.154,0.003,0.843
182500,0.160,0.013,0.828
183000,0.139,0.003,0.858
183500,0.145,0.006,0.849
184000,0.138,0.002,0.860
184500,0.172,0.006,0.822
185000,0.155,0.011,0.834
185500,0.166,0.004,0.830
186000,0.148,0.004,0.848
186500,0.155,0.009,0.836
187000,0.134,0.030,0.836
187500,0.141,0.005,0.853
188000,0.150,0.019,0.831
188500,0.169,0.003,0.828
189000,0.150,0.015,0.835
189500,0.150,0.014,0.836
190000,0.146,0.016,0.838
190500,0.156,0.009,0.835
191000,0.158,0.011,0.832
191500,0.159,0.006,0.836
192000,0.166,0.011,0.823
192500,0.141,0.014,0.845
193000,0.154,0.006,0.840
193500,0.160,0.003,0.837
194000,0.160,0.001,0.840
194500,0.178,0.003,0.819
195000,0.164,0.005,0.831
195500,0.162,0.022,0.816
196000,0.167,0.004,0.830
196500,0.142,0.009,0.850
197000,0.173,0.006,0.821
197500,0.159,0.006,0.836
198000,0.193,0.002,0.805
198500,0.184,0.006,0.809
199000,0.174,0.001,0.826
199500,0.141,0.006,0.853
200000,0.145,0.002,0.854
200500,0.146,0.009,0.844
201000,0.155,0.003,0.842
201500,0.198,0.009,0.793
202000,0.177,0.004,0.819
202500,0.173,0.007,0.819
203000,0.165,0.005,0.830
203500,0.166,0.025,0.808
204000,0.148,0.024,0.828
204500,0.137,0.004,0.859
205000,0.161,0.002,0.838
205500,0.157,0.007,0.836
206000,0.159,0.003,0.839
206500,0.178,0.003,0.819
207000,0.143,0.007,0.850
207500,0.152,0.017,0.832
208000,0.133,0.021,0.846
208500,0.144,0.013,0.844
209000,0.148,0.015,0.837
209500,0.123,0.017,0.861
210000,0.136,0.002,0.863
210500,0.151,0.011,0.838
211000,0.142,0.016,0.842
211500,0.165,0.003,0.832
212000,0.172,0.003,0.826
212500,0.170,0.002,0.829
213000,0.204,0.012,0.784
213500,0.146,0.007,0.846
214000,0.162,0.005,0.834
214500,0.167,0.003,0.830
215000,0.187,0.000,0.813
215500,0.168,0.011,0.821
216000,0.134,0.004,0.862
216500,0.147,0.006,0.847
217000,0.153,0.003,0.844
217500,0.182,0.002,0.816
218000,0.213,0.005,0.781
218500,0.194,0.004,0.802
219000,0.162,0.001,0.837
219500,0.191,0.004,0.806
220000,0.139,0.001,0.861
220500,0.151,0.011,0.838
221000,0.139,0.004,0.858
221500,0.151,0.005,0.844
222000,0.147,0.013,0.839
222500,0.135,0.005,0.860
223000,0.153,0.011,0.837
223500,0.152,0.002,0.846
224000,0.152,0.000,0.848
224500,0.144,0.004,0.852
225000,0.173,0.007,0.820
225500,0.174,0.011,0.816
226000,0.152,0.004,0.844
226500,0.179,0.001,0.820
227000,0.150,0.015,0.835
227500,0.142,0.021,0.838
228000,0.123,0.019,0.858
228500,0.150,0.005,0.845
229000,0.165,0.002,0.834
229500,0.154,0.011,0.834
230000,0.160,0.015,0.825
230500,0.139,0.017,0.844
231000,0.167,0.008,0.826
231500,0.198,0.008,0.794
232000,0.155,0.017,0.828
232500,0.132,0.013,0.856
233000,0.144,0.008,0.848
233500,0.157,0.008,0.835
234000,0.136,0.005,0.859
234500,0.147,0.013,0.840
235000,0.135,0.005,0.860
235500,0.140,0.013,0.848
236000,0.130,0.009,0.861
236500,0.150,0.009,0.841
237000,0.162,0.000,0.839
237500,0.133,0.000,0.867
238000,0.132,0.007,0.861
238500,0.133,0.005,0.862
239000,0.136,0.008,0.856
239500,0.144,0.001,0.855
240000,0.169,0.007,0.824
240500,0.147,0.009,0.845
241000,0.157,0.004,0.840
241500,0.137,0.015,0.848
242000,0.138,0.005,0.857
242500,0.165,0.007,0.828
243000,0.154,0.008,0.838
243500,0.153,0.006,0.840
244000,0.158,0.011,0.832
244500,0.160,0.003,0.838
245000,0.147,0.002,0.852
245500,0.163,0.001,0.837
246000,0.153,0.000,0.847
246500,0.148,0.011,0.841
247000,0.135,0.009,0.856
247500,0.128,0.011,0.861
248000,0.175,0.006,0.819
248500,0.145,0.011,0.843
249000,0.154,0.008,0.838
249500,0.155,0.006,0.839
250000,0.150,0.004,0.846
250500,0.149,0.013,0.838
251000,0.153,0.010,0.837
251500,0.143,0.004,0.852
252000,0.131,0.019,0.850
252500,0.154,0.004,0.842
253000,0.161,0.001,0.838
253500,0.172,0.001,0.828
254000,0.159,0.002,0.840
254500,0.169,0.000,0.831
255000,0.135,0.010,0.855
255500,0.182,0.001,0.818
256000,0.138,0.004,0.859
256500,0.141,0.022,0.837
257000,0.132,0.010,0.858
257500,0.148,0.018,0.834
258000,0.124,0.018,0.859
258500,0.135,0.015,0.850
259000,0.156,0.008,0.836
259500,0.175,0.006,0.818
260000,0.186,0.005,0.808
260500,0.145,0.018,0.836
261000,0.144,0.009,0.847
261500,0.191,0.006,0.803
262000,0.165,0.004,0.831
262500,0.159,0.001,0.841
263000,0.157,0.006,0.837
263500,0.132,0.009,0.860
264000,0.142,0.003,0.855
264500,0.181,0.001,0.818
265000,0.179,0.000,0.821
265500,0.156,0.000,0.844
266000,0.168,0.003,0.829
266500,0.156,0.007,0.837
267000,0.161,0.002,0.838
267500,0.172,0.000,0.828
268000,0.180,0.009,0.811
268500,0.173,0.004,0.823
269000,0.158,0.004,0.838
269500,0.185,0.004,0.811
270000,0.150,0.002,0.848
270500,0.144,0.005,0.851
271000,0.141,0.002,0.857
271500,0.145,0.015,0.840
272000,0.181,0.006,0.812
272500,0.172,0.013,0.816
273000,0.157,0.009,0.834
273500,0.184,0.002,0.814
274000,0.182,0.000,0.818
274500,0.186,0.006,0.808
275000,0.208,0.006,0.785
275500,0.184,0.001,0.815
276000,0.227,0.000,0.773
276500,0.184,0.000,0.816
277000,0.154,0.004,0.842
277500,0.141,0.003,0.856
278000,0.196,0.000,0.804
278500,0.174,0.004,0.823
279000,0.159,0.010,0.831
279500,0.155,0.011,0.834
280000,0.172,0.002,0.827
280500,0.165,0.004,0.831
281000,0.168,0.006,0.826
281500,0.162,0.002,0.836
282000,0.142,0.007,0.851
282500,0.144,0.003,0.853
283000,0.138,0.002,0.860
283500,0.145,0.001,0.854
284000,0.182,0.004,0.814
284500,0.175,0.011,0.814
285000,0.178,0.002,0.820
285500,0.157,0.003,0.841
286000,0.188,0.002,0.810
286500,0.198,0.010,0.792
287000,0.184,0.001,0.815
287500,0.155,0.004,0.842
288000,0.139,0.008,0.853
288500,0.179,0.003,0.818
289000,0.163,0.009,0.828
289500,0.142,0.020,0.838
290000,0.161,0.009,0.830
290500,0.163,0.005,0.832
291000,0.164,0.008,0.828
291500,0.149,0.006,0.844
292000,0.167,0.001,0.833
292500,0.130,0.000,0.871
293000,0.152,0.000,0.848
293500,0.163,0.003,0.835
294000,0.147,0.007,0.846
294500,0.143,0.009,0.848
295000,0.176,0.004,0.819
295500,0.165,0.009,0.826
296000,0.165,0.004,0.832
296500,0.154,0.016,0.830
297000,0.161,0.004,0.835
297500,0.140,0.009,0.851
298000,0.159,0.006,0.836
298500,0.174,0.005,0.821
299000,0.147,0.008,0.845
299500,0.154,0.011,0.836
300000,0.175,0.002,0.823
300500,0.203,0.003,0.794
301000,0.151,0.002,0.848
301500,0.159,0.013,0.828
302000,0.155,0.002,0.843
302500,0.173,0.000,0.827
303000,0.176,0.006,0.818
303500,0.170,0.005,0.825
304000,0.167,0.002,0.832
304500,0.148,0.000,0.852
305000,0.142,0.003,0.855
305500,0.158,0.010,0.832
306000,0.143,0.009,0.848
306500,0.125,0.002,0.873
307000,0.186,0.011,0.802
307500,0.158,0.007,0.835
308000,0.154,0.006,0.840
308500,0.174,0.003,0.823
309000,0.145,0.013,0.842
309500,0.160,0.004,0.836
310000,0.142,0.027,0.831
310500,0.141,0.010,0.849
311000,0.132,0.015,0.854
311500,0.130,0.013,0.858
312000,0.152,0.007,0.841
312500,0.124,0.021,0.855
313000,0.136,0.009,0.855
313500,0.132,0.011,0.858
314000,0.147,0.006,0.847
314500,0.134,0.005,0.861
315000,0.146,0.010,0.844
315500,0.141,0.009,0.849
316000,0.170,0.013,0.817
316500,0.155,0.011,0.834
317000,0.157,0.005,0.838
317500,0.158,0.003,0.840
318000,0.137,0.006,0.857
318500,0.165,0.013,0.822
319000,0.147,0.006,0.847
319500,0.182,0.006,0.812
320000,0.151,0.002,0.847
320500,0.136,0.007,0.857
321000,0.154,0.002,0.845
321500,0.159,0.003,0.839
322000,0.144,0.010,0.846
322500,0.164,0.011,0.826
323000,0.145,0.001,0.854
323500,0.174,0.002,0.824
324000,0.144,0.005,0.851
324500,0.159,0.004,0.837
325000,0.198,0.006,0.796
325500,0.172,0.002,0.826
326000,0.153,0.009,0.838
326500,0.168,0.009,0.824
327000,0.160,0.010,0.830
327500,0.166,0.008,0.826
328000,0.154,0.006,0.840
328500,0.148,0.004,0.847
329000,0.132,0.011,0.858
329500,0.192,0.005,0.803
330000,0.152,0.009,0.839
330500,0.176,0.002,0.823
331000,0.177,0.000,0.823
331500,0.134,0.004,0.863
332000,0.137,0.007,0.856
332500,0.143,0.001,0.856
333000,0.149,0.000,0.851
333500,0.136,0.013,0.852
334000,0.153,0.021,0.826
334500,0.164,0.005,0.832
335000,0.170,0.004,0.826
335500,0.177,0.011,0.812
336000,0.154,0.004,0.842
336500,0.154,0.011,0.835
337000,0.183,0.007,0.809
337500,0.154,0.008,0.838
338000,0.156,0.003,0.842
338500,0.177,0.006,0.817
339000,0.162,0.004,0.834
339500,0.135,0.011,0.854
340000,0.140,0.013,0.847
340500,0.147,0.007,0.846
341000,0.179,0.009,0.811
341500,0.161,0.004,0.835
342000,0.176,0.003,0.821
342500,0.155,0.015,0.830
343000,0.158,0.011,0.831
343500,0.138,0.007,0.855
344000,0.159,0.004,0.837
344500,0.145,0.010,0.845
345000,0.147,0.009,0.844
345500,0.177,0.001,0.823
346000,0.132,0.012,0.856
346500,0.117,0.007,0.875
347000,0.190,0.007,0.803
347500,0.164,0.007,0.829
348000,0.162,0.004,0.835
348500,0.149,0.004,0.846
349000,0.152,0.005,0.843
349500,0.153,0.013,0.833
350000,0.132,0.013,0.856
350500,0.117,0.014,0.869
351000,0.138,0.006,0.856
351500,0.140,0.011,0.850
352000,0.176,0.010,0.814
352500,0.155,0.005,0.840
353000,0.130,0.002,0.868
353500,0.122,0.006,0.871
354000,0.143,0.011,0.845
354500,0.127,0.014,0.859
355000,0.114,0.009,0.877
355500,0.179,0.004,0.816
356000,0.200,0.006,0.794
356500,0.163,0.004,0.833
357000,0.142,0.010,0.848
357500,0.165,0.009,0.827
358000,0.154,0.003,0.843
358500,0.188,0.003,0.809
359000,0.166,0.007,0.827
359500,0.150,0.001,0.849
360000,0.157,0.006,0.837
360500,0.146,0.003,0.851
361000,0.161,0.014,0.825
361500,0.145,0.018,0.837
362000,0.176,0.015,0.809
362500,0.132,0.005,0.863
363000,0.166,0.007,0.827
363500,0.177,0.004,0.819
364000,0.166,0.012,0.822
364500,0.164,0.008,0.828
365000,0.160,0.003,0.838
365500,0.172,0.006,0.823
366000,0.173,0.011,0.816
366500,0.176,0.005,0.819
367000,0.169,0.005,0.826
367500,0.154,0.002,0.844
368000,0.165,0.007,0.828
368500,0.170,0.002,0.828
369000,0.139,0.005,0.856
369500,0.149,0.013,0.839
370000,0.138,0.002,0.860
370500,0.141,0.006,0.853
371000,0.186,0.005,0.809
371500,0.162,0.002,0.837
372000,0.148,0.009,0.843
372500,0.136,0.011,0.854
373000,0.182,0.013,0.806
373500,0.166,0.004,0.831
374000,0.159,0.004,0.838
374500,0.153,0.000,0.847
375000,0.137,0.021,0.842
375500,0.139,0.013,0.849
376000,0.152,0.009,0.839
376500,0.156,0.009,0.836
377000,0.128,0.009,0.864
377500,0.105,0.010,0.884
378000,0.143,0.005,0.852
378500,0.173,0.008,0.819
379000,0.170,0.001,0.829
379500,0.156,0.024,0.821
380000,0.163,0.017,0.821
380500,0.122,0.017,0.860
381000,0.133,0.007,0.860
381500,0.141,0.004,0.855
382000,0.165,0.006,0.830
382500,0.153,0.005,0.841
383000,0.149,0.004,0.847
383500,0.175,0.005,0.820
384000,0.144,0.018,0.838
384500,0.167,0.009,0.825
385000,0.150,0.004,0.847
385500,0.139,0.004,0.858
386000,0.171,0.013,0.817
386500,0.150,0.007,0.843
387000,0.177,0.001,0.822
387500,0.169,0.000,0.831
388000,0.152,0.023,0.825
388500,0.153,0.015,0.832
389000,0.175,0.002,0.823
389500,0.168,0.004,0.829
390000,0.145,0.007,0.848
390500,0.159,0.014,0.827
391000,0.182,0.006,0.812
391500,0.160,0.004,0.836
392000,0.153,0.009,0.838
392500,0.164,0.009,0.827
393000,0.144,0.002,0.854
393500,0.122,0.015,0.864
394000,0.151,0.009,0.840
394500,0.169,0.006,0.826
395000,0.137,0.001,0.863
395500,0.152,0.011,0.838
396000,0.148,0.008,0.844
396500,0.154,0.013,0.834
397000,0.117,0.009,0.874
397500,0.156,0.004,0.840
398000,0.167,0.000,0.833
398500,0.147,0.013,0.840
399000,0.136,0.015,0.849
399500,0.143,0.009,0.848
400000,0.129,0.009,0.863
400500,0.148,0.018,0.833
401000,0.154,0.008,0.838
401500,0.170,0.011,0.819
402000,0.172,0.008,0.821
402500,0.173,0.003,0.824
403000,0.146,0.005,0.849
403500,0.161,0.019,0.820
404000,0.171,0.003,0.827
404500,0.158,0.001,0.842
405000,0.150,0.000,0.850
405500,0.154,0.010,0.836
406000,0.164,0.006,0.830
406500,0.164,0.004,0.833
407000,0.176,0.001,0.823
407500,0.186,0.011,0.802
408000,0.153,0.011,0.836
408500,0.162,0.004,0.834
409000,0.174,0.011,0.815
409500,0.164,0.005,0.831
410000,0.206,0.001,0.794
410500,0.183,0.012,0.804
411000,0.161,0.003,0.836
411500,0.152,0.003,0.845
412000,0.182,0.003,0.815
412500,0.165,0.019,0.817
413000,0.162,0.004,0.835
413500,0.163,0.000,0.837
414000,0.198,0.004,0.798
414500,0.170,0.003,0.828
415000,0.179,0.000,0.821
415500,0.149,0.007,0.844
416000,0.159,0.011,0.830
416500,0.143,0.004,0.853
417000,0.147,0.006,0.846
417500,0.161,0.005,0.835
418000,0.141,0.007,0.852
418500,0.148,0.004,0.848
419000,0.152,0.013,0.835
419500,0.189,0.007,0.804
420000,0.159,0.006,0.836
420500,0.155,0.009,0.837
421000,0.222,0.001,0.777
421500,0.145,0.000,0.855
422000,0.141,0.000,0.859
422500,0.163,0.007,0.830
423000,0.152,0.007,0.840
423500,0.154,0.009,0.837
424000,0.164,0.009,0.828
424500,0.151,0.002,0.847
425000,0.141,0.004,0.855
425500,0.164,0.007,0.829
426000,0.153,0.002,0.846
426500,0.135,0.018,0.847
427000,0.142,0.013,0.846
427500,0.189,0.002,0.809
428000,0.175,0.018,0.807
428500,0.178,0.005,0.817
429000,0.199,0.000,0.801
429500,0.155,0.002,0.843
430000,0.155,0.006,0.839
430500,0.171,0.011,0.819
431000,0.157,0.002,0.841
431500,0.140,0.005,0.855
432000,0.151,0.006,0.843
432500,0.141,0.012,0.847
433000,0.148,0.011,0.841
433500,0.167,0.012,0.822
434000,0.161,0.003,0.837
434500,0.170,0.017,0.814
435000,0.122,0.019,0.859
435500,0.124,0.016,0.860
436000,0.155,0.004,0.841
436500,0.155,0.004,0.841
437000,0.144,0.000,0.856
437500,0.142,0.000,0.858
438000,0.137,0.003,0.861
438500,0.173,0.010,0.817
439000,0.135,0.005,0.860
439500,0.152,0.017,0.831
440000,0.195,0.004,0.801
440500,0.179,0.005,0.816
441000,0.159,0.005,0.836
441500,0.161,0.019,0.820
442000,0.141,0.035,0.825
442500,0.147,0.025,0.828
443000,0.143,0.011,0.846
443500,0.152,0.023,0.825
444000,0.163,0.006,0.831
444500,0.137,0.013,0.851
445000,0.149,0.007,0.844
445500,0.151,0.007,0.842
446000,0.142,0.002,0.857
446500,0.131,0.012,0.857
447000,0.155,0.004,0.841
447500,0.165,0.001,0.835
448000,0.140,0.009,0.851
448500,0.160,0.003,0.838
449000,0.117,0.004,0.879
449500,0.165,0.007,0.828
450000,0.163,0.010,0.828
450500,0.144,0.006,0.849
451000,0.162,0.001,0.837
451500,0.147,0.007,0.846
452000,0.151,0.017,0.832
452500,0.161,0.008,0.831
453000,0.177,0.004,0.818
453500,0.158,0.007,0.836
454000,0.161,0.001,0.839
454500,0.170,0.005,0.825
455000,0.173,0.001,0.827
455500,0.187,0.005,0.808
456000,0.146,0.004,0.850
456500,0.154,0.009,0.837
457000,0.151,0.002,0.848
457500,0.151,0.005,0.844
458000,0.159,0.008,0.833
458500,0.147,0.009,0.844
459000,0.142,0.005,0.853
459500,0.150,0.010,0.840
460000,0.153,0.003,0.845
460500,0.169,0.011,0.821
461000,0.160,0.005,0.836
461500,0.158,0.005,0.837
462000,0.174,0.005,0.821
462500,0.141,0.021,0.838
463000,0.137,0.009,0.855
463500,0.141,0.004,0.854
464000,0.163,0.002,0.836
464500,0.167,0.005,0.829
465000,0.168,0.004,0.829
465500,0.175,0.007,0.818
466000,0.165,0.001,0.835
466500,0.158,0.007,0.835
467000,0.171,0.007,0.822
467500,0.141,0.007,0.852
468000,0.166,0.005,0.829
468500,0.162,0.013,0.826
469000,0.117,0.019,0.864
469500,0.132,0.009,0.860
470000,0.141,0.006,0.853
470500,0.145,0.006,0.849
471000,0.150,0.015,0.834
471500,0.156,0.003,0.842
472000,0.149,0.003,0.848
472500,0.133,0.008,0.859
473000,0.138,0.030,0.832
473500,0.130,0.013,0.858
474000,0.154,0.005,0.841
474500,0.161,0.009,0.831
475000,0.177,0.008,0.815
475500,0.147,0.008,0.845
476000,0.131,0.004,0.865
476500,0.176,0.000,0.824
477000,0.169,0.006,0.825
477500,0.154,0.003,0.843
478000,0.220,0.001,0.779
478500,0.189,0.007,0.804
479000,0.188,0.007,0.805
479500,0.170,0.009,0.822
480000,0.145,0.017,0.838
480500,0.141,0.008,0.851
481000,0.162,0.001,0.838
481500,0.144,0.004,0.851
482000,0.186,0.002,0.813
482500,0.190,0.009,0.801
483000,0.200,0.005,0.795
483500,0.161,0.007,0.833
484000,0.185,0.002,0.813
484500,0.162,0.007,0.831
485000,0.180,0.017,0.804
485500,0.181,0.003,0.816
486000,0.162,0.005,0.834
486500,0.130,0.004,0.866
487000,0.189,0.011,0.801
487500,0.163,0.009,0.828
488000,0.137,0.011,0.852
488500,0.148,0.004,0.848
489000,0.154,0.004,0.842
489500,0.131,0.010,0.859
490000,0.153,0.003,0.844
490500,0.140,0.006,0.854
491000,0.157,0.013,0.831
491500,0.149,0.012,0.839
492000,0.135,0.010,0.855
492500,0.130,0.013,0.858
493000,0.151,0.002,0.847
493500,0.187,0.002,0.811
494000,0.188,0.003,0.810
494500,0.175,0.007,0.817
495000,0.183,0.003,0.814
495500,0.184,0.008,0.808
496000,0.192,0.015,0.793
496500,0.157,0.006,0.838
497000,0.138,0.004,0.859
497500,0.162,0.004,0.835
498000,0.146,0.004,0.850
498500,0.166,0.007,0.827
499000,0.152,0.006,0.842
499500,0.147,0.002,0.851
500000,0.166,0.003,0.832
500500,0.184,0.002,0.814
501000,0.162,0.011,0.828
501500,0.153,0.019,0.828
502000,0.157,0.008,0.836
502500,0.160,0.013,0.828
503000,0.174,0.003,0.823
503500,0.165,0.001,0.835
504000,0.165,0.001,0.835
504500,0.153,0.021,0.826
505000,0.151,0.011,0.838
505500,0.128,0.013,0.859
506000,0.163,0.011,0.827
506500,0.150,0.005,0.845
507000,0.177,0.003,0.820
507500,0.180,0.015,0.806
508000,0.155,0.009,0.836
508500,0.172,0.008,0.820
509000,0.144,0.008,0.848
509500,0.155,0.007,0.838
510000,0.141,0.004,0.855
510500,0.122,0.009,0.868
511000,0.164,0.015,0.821
511500,0.153,0.012,0.835
512000,0.153,0.004,0.843
512500,0.175,0.003,0.822
513000,0.137,0.005,0.858
513500,0.149,0.000,0.851
514000,0.166,0.000,0.834
514500,0.181,0.000,0.819
515000,0.162,0.009,0.830
515500,0.156,0.001,0.844
516000,0.169,0.001,0.831
516500,0.165,0.006,0.829
517000,0.151,0.001,0.849
517500,0.160,0.002,0.839
518000,0.171,0.009,0.820
518500,0.177,0.017,0.806
519000,0.149,0.004,0.847
519500,0.178,0.004,0.817
520000,0.152,0.002,0.846
520500,0.132,0.009,0.860
521000,0.161,0.005,0.834
521500,0.151,0.006,0.843
522000,0.169,0.004,0.827
522500,0.174,0.003,0.824
523000,0.149,0.008,0.843
523500,0.171,0.002,0.827
524000,0.171,0.011,0.819
524500,0.183,0.011,0.806
525000,0.172,0.003,0.825
525500,0.191,0.003,0.807
526000,0.164,0.002,0.835
526500,0.154,0.001,0.846
527000,0.148,0.000,0.852
527500,0.150,0.014,0.836
528000,0.139,0.003,0.859
528500,0.159,0.004,0.837
529000,0.151,0.004,0.846
529500,0.148,0.006,0.846
530000,0.150,0.002,0.848
530500,0.150,0.006,0.844
531000,0.149,0.007,0.844
531500,0.160,0.006,0.834
532000,0.161,0.005,0.834
532500,0.175,0.000,0.825
533000,0.154,0.004,0.842
533500,0.147,0.013,0.840
534000,0.139,0.021,0.840
534500,0.154,0.002,0.845
535000,0.193,0.000,0.807
535500,0.149,0.004,0.848
536000,0.162,0.004,0.835
536500,0.155,0.001,0.845
537000,0.183,0.005,0.811
537500,0.169,0.004,0.828
538000,0.169,0.001,0.831
538500,0.171,0.004,0.825
539000,0.161,0.017,0.823
539500,0.133,0.018,0.849
540000,0.133,0.025,0.842
540500,0.145,0.011,0.844
541000,0.163,0.015,0.823
541500,0.136,0.009,0.856
542000,0.172,0.006,0.822
542500,0.164,0.013,0.823
543000,0.141,0.013,0.845
543500,0.133,0.016,0.851
544000,0.129,0.013,0.858
544500,0.136,0.007,0.857
545000,0.168,0.006,0.826
545500,0.168,0.007,0.826
546000,0.174,0.009,0.816
546500,0.166,0.001,0.833
547000,0.182,0.002,0.816
547500,0.152,0.006,0.842
548000,0.163,0.011,0.827
548500,0.143,0.001,0.856
549000,0.167,0.004,0.829
549500,0.164,0.008,0.828
550000,0.176,0.002,0.823
550500,0.164,0.005,0.831
551000,0.135,0.011,0.854
551500,0.135,0.015,0.851
552000,0.131,0.004,0.866
552500,0.139,0.002,0.859
553000,0.138,0.013,0.850
553500,0.158,0.004,0.838
554000,0.184,0.005,0.810
554500,0.162,0.010,0.828
555000,0.162,0.009,0.830
555500,0.181,0.002,0.817
556000,0.190,0.000,0.810
556500,0.170,0.000,0.830
557000,0.137,0.013,0.850
557500,0.134,0.012,0.855
558000,0.126,0.007,0.867
558500,0.130,0.014,0.857
559000,0.142,0.019,0.838
559500,0.148,0.013,0.839
560000,0.157,0.006,0.837
560500,0.161,0.004,0.836
561000,0.140,0.001,0.860
561500,0.163,0.000,0.837
562000,0.149,0.003,0.848
562500,0.139,0.005,0.856
563000,0.145,0.011,0.844
563500,0.147,0.005,0.848
564000,0.159,0.009,0.833
564500,0.138,0.008,0.854
565000,0.172,0.005,0.823
565500,0.188,0.002,0.811
566000,0.170,0.005,0.826
566500,0.155,0.001,0.844
567000,0.170,0.009,0.821
567500,0.143,0.013,0.843
568000,0.164,0.009,0.827
568500,0.154,0.006,0.840
569000,0.163,0.002,0.836
569500,0.153,0.000,0.847
570000,0.166,0.000,0.835
570500,0.161,0.005,0.834
571000,0.138,0.005,0.857
571500,0.181,0.004,0.816
572000,0.181,0.001,0.818
572500,0.145,0.006,0.848
573000,0.146,0.013,0.842
573500,0.148,0.006,0.846
574000,0.162,0.012,0.827
574500,0.177,0.004,0.819
575000,0.138,0.008,0.855
575500,0.137,0.008,0.855
576000,0.158,0.004,0.839
576500,0.154,0.007,0.839
577000,0.151,0.003,0.846
577500,0.151,0.002,0.847
578000,0.199,0.003,0.799
578500,0.170,0.002,0.829
579000,0.119,0.004,0.877
579500,0.146,0.007,0.847
580000,0.151,0.004,0.845
580500,0.155,0.006,0.839
581000,0.155,0.009,0.836
581500,0.168,0.011,0.822
582000,0.172,0.007,0.821
582500,0.158,0.005,0.837
583000,0.160,0.007,0.833
583500,0.141,0.013,0.845
584000,0.158,0.009,0.834
584500,0.158,0.002,0.841
585000,0.174,0.001,0.825
585500,0.164,0.005,0.831
586000,0.166,0.022,0.812
586500,0.136,0.009,0.855
587000,0.145,0.012,0.843
587500,0.136,0.007,0.857
588000,0.155,0.002,0.843
588500,0.175,0.008,0.817
589000,0.181,0.002,0.818
589500,0.154,0.001,0.846
590000,0.183,0.011,0.806
590500,0.173,0.007,0.820
591000,0.157,0.007,0.836
591500,0.174,0.002,0.824
592000,0.182,0.004,0.815
592500,0.146,0.016,0.838
593000,0.140,0.011,0.849
593500,0.136,0.005,0.859
594000,0.116,0.013,0.871
594500,0.127,0.023,0.850
595000,0.131,0.010,0.859
595500,0.127,0.018,0.855
596000,0.130,0.016,0.854
596500,0.150,0.015,0.834
597000,0.166,0.006,0.829
597500,0.135,0.009,0.856
598000,0.168,0.002,0.831
598500,0.165,0.006,0.830
599000,0.132,0.008,0.861
599500,0.173,0.008,0.819
600000,0.169,0.008,0.823
600500,0.162,0.008,0.830
601000,0.161,0.004,0.836
601500,0.154,0.005,0.841
602000,0.209,0.001,0.789
602500,0.196,0.001,0.804
603000,0.150,0.006,0.843
603500,0.141,0.001,0.858
604000,0.136,0.015,0.850
604500,0.161,0.007,0.832
605000,0.151,0.024,0.825
605500,0.115,0.007,0.878
606000,0.140,0.011,0.849
606500,0.128,0.005,0.867
607000,0.152,0.003,0.846
607500,0.150,0.001,0.849
608000,0.179,0.000,0.821
608500,0.166,0.011,0.824
609000,0.184,0.005,0.811
609500,0.167,0.002,0.831
610000,0.165,0.005,0.830
610500,0.144,0.003,0.853
611000,0.140,0.007,0.853
611500,0.127,0.004,0.870
612000,0.171,0.007,0.823
612500,0.150,0.007,0.843
613000,0.131,0.015,0.855
613500,0.159,0.011,0.831
614000,0.150,0.013,0.837
614500,0.140,0.001,0.860
615000,0.127,0.018,0.855
615500,0.122,0.015,0.863
616000,0.143,0.021,0.835
616500,0.139,0.013,0.849
617000,0.146,0.006,0.848
617500,0.162,0.009,0.829
618000,0.172,0.004,0.825
618500,0.169,0.007,0.825
619000,0.145,0.002,0.853
619500,0.141,0.009,0.850
620000,0.115,0.009,0.876
620500,0.140,0.006,0.855
621000,0.132,0.005,0.863
621500,0.152,0.025,0.823
622000,0.156,0.009,0.835
622500,0.159,0.005,0.837
623000,0.146,0.004,0.850
623500,0.163,0.007,0.830
624000,0.153,0.002,0.846
624500,0.176,0.000,0.824
625000,0.195,0.010,0.795
625500,0.185,0.006,0.808
626000,0.160,0.004,0.837
626500,0.162,0.001,0.837
627000,0.173,0.000,0.827
627500,0.168,0.004,0.829
628000,0.151,0.002,0.847
628500,0.143,0.015,0.842
629000,0.150,0.011,0.839
629500,0.153,0.015,0.832
630000,0.140,0.018,0.843
630500,0.148,0.011,0.840
631000,0.152,0.008,0.840
631500,0.174,0.015,0.810
632000,0.176,0.005,0.819
632500,0.186,0.003,0.810
633000,0.183,0.001,0.816
633500,0.144,0.014,0.842
634000,0.141,0.004,0.855
634500,0.160,0.001,0.840
635000,0.159,0.032,0.809
635500,0.145,0.011,0.844
636000,0.134,0.007,0.859
636500,0.171,0.005,0.825
637000,0.161,0.006,0.834
637500,0.130,0.013,0.857
638000,0.155,0.002,0.843
638500,0.145,0.001,0.854
639000,0.133,0.007,0.860
639500,0.164,0.006,0.830
640000,0.172,0.015,0.812
640500,0.138,0.009,0.853
641000,0.140,0.009,0.851
641500,0.172,0.009,0.819
642000,0.203,0.011,0.787
642500,0.158,0.013,0.830
643000,0.192,0.006,0.802
643500,0.178,0.007,0.815
644000,0.147,0.002,0.851
644500,0.132,0.001,0.868
645000,0.149,0.003,0.848
645500,0.154,0.017,0.829
646000,0.171,0.011,0.819
646500,0.167,0.013,0.821
647000,0.155,0.005,0.839
647500,0.170,0.001,0.830
648000,0.172,0.009,0.820
648500,0.171,0.005,0.825
649000,0.184,0.003,0.814
649500,0.151,0.006,0.843
650000,0.185,0.006,0.808
650500,0.181,0.001,0.819
651000,0.143,0.009,0.848
651500,0.139,0.018,0.843
652000,0.165,0.011,0.824
652500,0.154,0.012,0.834
653000,0.167,0.007,0.826
653500,0.130,0.015,0.856
654000,0.155,0.004,0.841
654500,0.175,0.007,0.818
655000,0.165,0.002,0.834
655500,0.183,0.000,0.817
656000,0.171,0.004,0.826
656500,0.143,0.002,0.855
657000,0.133,0.001,0.867
657500,0.141,0.013,0.846
658000,0.129,0.011,0.860
658500,0.170,0.008,0.822
659000,0.164,0.003,0.834
659500,0.169,0.012,0.819
660000,0.162,0.018,0.820
660500,0.174,0.014,0.812
661000,0.142,0.016,0.842
661500,0.149,0.005,0.846
662000,0.158,0.009,0.834
662500,0.162,0.003,0.836
663000,0.136,0.007,0.857
663500,0.132,0.004,0.864
664000,0.162,0.008,0.831
664500,0.151,0.007,0.842
665000,0.170,0.015,0.816
665500,0.129,0.004,0.868
666000,0.130,0.005,0.865
666500,0.141,0.005,0.854
667000,0.137,0.009,0.854
667500,0.158,0.000,0.842
668000,0.149,0.024,0.827
668500,0.134,0.009,0.857
669000,0.136,0.011,0.854
669500,0.141,0.006,0.853
670000,0.153,0.010,0.837
670500,0.150,0.017,0.833
671000,0.139,0.014,0.847
671500,0.165,0.003,0.833
672000,0.185,0.004,0.810
672500,0.172,0.006,0.822
673000,0.183,0.009,0.807
673500,0.177,0.001,0.823
674000,0.148,0.009,0.843
674500,0.161,0.002,0.838
675000,0.158,0.006,0.836
675500,0.165,0.000,0.835
676000,0.133,0.003,0.864
676500,0.143,0.000,0.857
677000,0.150,0.006,0.843
677500,0.152,0.003,0.845
678000,0.147,0.011,0.841
678500,0.167,0.002,0.831
679000,0.149,0.007,0.844
679500,0.173,0.004,0.824
680000,0.145,0.004,0.851
680500,0.158,0.007,0.835
681000,0.124,0.014,0.861
681500,0.133,0.011,0.856
682000,0.159,0.013,0.828
682500,0.163,0.001,0.837
683000,0.161,0.006,0.833
683500,0.131,0.004,0.865
684000,0.166,0.001,0.834
684500,0.166,0.002,0.833
685000,0.146,0.005,0.848
685500,0.144,0.011,0.845
686000,0.128,0.016,0.856
686500,0.151,0.008,0.841
687000,0.143,0.011,0.847
687500,0.147,0.003,0.850
688000,0.165,0.002,0.834
688500,0.156,0.000,0.844
689000,0.153,0.002,0.846
689500,0.173,0.013,0.814
690000,0.148,0.004,0.848
690500,0.141,0.007,0.852
691000,0.132,0.002,0.867
691500,0.158,0.007,0.835
692000,0.147,0.011,0.843
692500,0.178,0.011,0.811
693000,0.171,0.010,0.820
693500,0.163,0.006,0.831
694000,0.150,0.004,0.846
694500,0.136,0.011,0.853
695000,0.153,0.019,0.828
695500,0.164,0.015,0.822
696000,0.177,0.005,0.818
696500,0.191,0.003,0.806
697000,0.154,0.007,0.838
697500,0.209,0.011,0.780
698000,0.163,0.006,0.831
698500,0.164,0.002,0.835
699000,0.133,0.006,0.861
699500,0.129,0.007,0.864
700000,0.139,0.010,0.851
700500,0.165,0.009,0.827
701000,0.158,0.004,0.838
701500,0.167,0.002,0.832
702000,0.145,0.000,0.855
702500,0.143,0.004,0.853
703000,0.144,0.011,0.845
703500,0.167,0.007,0.827
704000,0.141,0.006,0.853
704500,0.150,0.016,0.834
705000,0.146,0.018,0.835
705500,0.137,0.009,0.854
706000,0.127,0.012,0.861
706500,0.151,0.002,0.847
707000,0.147,0.005,0.847
707500,0.144,0.003,0.853
708000,0.162,0.000,0.839
708500,0.180,0.000,0.820
709000,0.196,0.005,0.799
709500,0.170,0.009,0.822
710000,0.167,0.001,0.833
710500,0.159,0.011,0.830
711000,0.161,0.011,0.828
711500,0.159,0.013,0.829
712000,0.130,0.002,0.869
712500,0.148,0.006,0.846
713000,0.182,0.003,0.816
713500,0.160,0.001,0.840
714000,0.172,0.000,0.828
714500,0.212,0.008,0.780
715000,0.180,0.002,0.818
715500,0.148,0.000,0.852
716000,0.163,0.004,0.833
716500,0.187,0.004,0.808
717000,0.163,0.004,0.834
717500,0.160,0.009,0.832
718000,0.195,0.004,0.801
718500,0.174,0.006,0.820
719000,0.153,0.009,0.838
719500,0.147,0.013,0.840
720000,0.170,0.005,0.826
720500,0.157,0.003,0.841
721000,0.149,0.003,0.848
721500,0.153,0.007,0.840
722000,0.170,0.009,0.821
722500,0.157,0.002,0.842
723000,0.143,0.006,0.851
723500,0.161,0.015,0.824
724000,0.138,0.004,0.858
724500,0.182,0.008,0.809
725000,0.146,0.002,0.852
725500,0.165,0.002,0.834
726000,0.140,0.009,0.851
726500,0.149,0.015,0.836
727000,0.147,0.005,0.848
727500,0.155,0.001,0.844
728000,0.131,0.019,0.850
728500,0.134,0.013,0.853
729000,0.120,0.013,0.868
729500,0.134,0.018,0.848
730000,0.124,0.013,0.864
730500,0.162,0.006,0.832
731000,0.151,0.021,0.828
731500,0.143,0.007,0.850
732000,0.140,0.006,0.854
732500,0.145,0.015,0.841
733000,0.136,0.004,0.861
733500,0.139,0.004,0.857
734000,0.139,0.005,0.856
734500,0.154,0.004,0.842
735000,0.149,0.006,0.845
735500,0.155,0.004,0.841
736000,0.132,0.005,0.864
736500,0.146,0.004,0.850
737000,0.171,0.007,0.822
737500,0.168,0.002,0.830
738000,0.140,0.014,0.847
738500,0.135,0.004,0.861
739000,0.168,0.009,0.823
739500,0.146,0.008,0.846
740000,0.136,0.008,0.856
740500,0.143,0.006,0.851
741000,0.130,0.005,0.865
741500,0.147,0.003,0.850
742000,0.178,0.004,0.817
742500,0.195,0.002,0.803
743000,0.166,0.007,0.828
743500,0.139,0.006,0.855
744000,0.132,0.007,0.861
744500,0.142,0.008,0.850
745000,0.119,0.003,0.879
745500,0.137,0.009,0.854
746000,0.142,0.002,0.856
746500,0.147,0.015,0.838
747000,0.142,0.004,0.855
747500,0.150,0.005,0.845
748000,0.166,0.004,0.831
748500,0.139,0.011,0.851
749000,0.151,0.020,0.829
749500,0.186,0.008,0.805
750000,0.165,0.014,0.822
750500,0.141,0.004,0.855
751000,0.196,0.006,0.798
751500,0.183,0.001,0.816
752000,0.172,0.008,0.820
752500,0.190,0.001,0.809
753000,0.165,0.005,0.830
753500,0.165,0.001,0.834
754000,0.179,0.004,0.817
754500,0.169,0.004,0.827
755000,0.192,0.005,0.803
755500,0.155,0.005,0.839
756000,0.145,0.013,0.843
756500,0.119,0.018,0.863
757000,0.171,0.013,0.817
757500,0.151,0.009,0.840
758000,0.165,0.006,0.829
758500,0.153,0.013,0.833
759000,0.172,0.005,0.823
759500,0.173,0.004,0.823
760000,0.180,0.003,0.817
760500,0.165,0.008,0.828
761000,0.157,0.004,0.839
761500,0.162,0.010,0.829
762000,0.145,0.011,0.844
762500,0.144,0.006,0.850
763000,0.133,0.011,0.856
763500,0.152,0.013,0.834
764000,0.150,0.002,0.848
764500,0.173,0.003,0.824
765000,0.177,0.000,0.823
765500,0.176,0.000,0.824
766000,0.196,0.015,0.789
766500,0.161,0.003,0.836
767000,0.141,0.001,0.858
767500,0.152,0.000,0.848
768000,0.188,0.000,0.812
768500,0.183,0.013,0.804
769000,0.138,0.006,0.857
769500,0.184,0.001,0.815
770000,0.158,0.004,0.838
770500,0.161,0.005,0.834
771000,0.161,0.003,0.837
771500,0.159,0.010,0.832
772000,0.145,0.009,0.847
772500,0.127,0.007,0.866
773000,0.123,0.007,0.869
773500,0.146,0.003,0.851
774000,0.163,0.001,0.836
774500,0.174,0.000,0.826
775000,0.167,0.000,0.833
775500,0.177,0.003,0.821
776000,0.165,0.005,0.831
776500,0.165,0.001,0.834
777000,0.159,0.008,0.833
777500,0.176,0.011,0.813
778000,0.153,0.008,0.839
778500,0.167,0.003,0.830
779000,0.164,0.001,0.835
779500,0.176,0.003,0.821
780000,0.182,0.008,0.810
780500,0.164,0.016,0.820
781000,0.177,0.002,0.821
781500,0.142,0.009,0.849
782000,0.135,0.009,0.856
782500,0.123,0.029,0.849
783000,0.137,0.026,0.837
783500,0.152,0.007,0.841
784000,0.145,0.013,0.842
784500,0.174,0.006,0.820
785000,0.167,0.005,0.829
785500,0.143,0.012,0.845
786000,0.147,0.011,0.842
786500,0.134,0.015,0.852
787000,0.160,0.013,0.827
787500,0.152,0.019,0.829
788000,0.128,0.013,0.860
788500,0.156,0.013,0.832
789000,0.149,0.006,0.844
789500,0.142,0.001,0.857
790000,0.136,0.009,0.855
790500,0.141,0.009,0.850
791000,0.164,0.002,0.835
791500,0.149,0.017,0.835
792000,0.147,0.006,0.847
792500,0.166,0.011,0.824
793000,0.168,0.006,0.826
793500,0.182,0.001,0.817
794000,0.199,0.002,0.800
794500,0.170,0.004,0.826
795000,0.134,0.014,0.853
795500,0.161,0.007,0.832
796000,0.185,0.001,0.814
796500,0.211,0.001,0.789
797000,0.166,0.005,0.829
797500,0.152,0.004,0.844
798000,0.163,0.012,0.826
798500,0.152,0.008,0.840
799000,0.160,0.007,0.833
799500,0.142,0.007,0.850
800000,0.128,0.021,0.851
800500,0.152,0.005,0.843
801000,0.164,0.006,0.830
801500,0.127,0.020,0.853
802000,0.153,0.005,0.841
802500,0.157,0.002,0.842
803000,0.154,0.009,0.837
803500,0.159,0.012,0.829
804000,0.178,0.002,0.821
804500,0.151,0.000,0.849
805000,0.188,0.009,0.803
805500,0.181,0.007,0.812
806000,0.171,0.003,0.827
806500,0.216,0.003,0.781
807000,0.174,0.001,0.825
807500,0.185,0.000,0.815
808000,0.171,0.013,0.816
808500,0.151,0.008,0.841
809000,0.140,0.012,0.848
809500,0.172,0.006,0.823
810000,0.169,0.002,0.830
810500,0.159,0.003,0.839
811000,0.188,0.001,0.812
811500,0.176,0.006,0.817
812000,0.167,0.009,0.825
812500,0.170,0.005,0.825
813000,0.148,0.003,0.849
813500,0.133,0.016,0.851
814000,0.146,0.006,0.848
814500,0.164,0.005,0.831
815000,0.147,0.012,0.841
815500,0.159,0.007,0.834
816000,0.137,0.007,0.856
816500,0.138,0.012,0.850
817000,0.164,0.006,0.830
817500,0.142,0.008,0.850
818000,0.156,0.002,0.843
818500,0.145,0.004,0.851
819000,0.166,0.009,0.826
819500,0.171,0.003,0.827
820000,0.160,0.017,0.824
820500,0.159,0.013,0.828
821000,0.144,0.009,0.847
821500,0.170,0.005,0.825
822000,0.183,0.006,0.811
822500,0.186,0.005,0.808
823000,0.141,0.003,0.856
823500,0.123,0.015,0.862
824000,0.145,0.018,0.836
824500,0.162,0.009,0.830
825000,0.160,0.004,0.837
825500,0.190,0.001,0.810
826000,0.171,0.011,0.818
826500,0.151,0.005,0.844
827000,0.170,0.006,0.824
827500,0.152,0.008,0.840
828000,0.153,0.002,0.846
828500,0.157,0.009,0.835
829000,0.174,0.002,0.825
829500,0.173,0.005,0.821
830000,0.146,0.006,0.848
830500,0.174,0.006,0.820
831000,0.170,0.003,0.828
831500,0.172,0.003,0.826
832000,0.158,0.017,0.826
832500,0.175,0.017,0.807
833000,0.146,0.019,0.835
833500,0.156,0.009,0.836
834000,0.182,0.002,0.817
834500,0.169,0.002,0.829
835000,0.148,0.004,0.848
835500,0.149,0.013,0.838
836000,0.157,0.005,0.838
836500,0.147,0.003,0.850
837000,0.144,0.003,0.853
837500,0.141,0.012,0.847
838000,0.169,0.004,0.828
838500,0.167,0.003,0.831
839000,0.193,0.000,0.807
839500,0.206,0.000,0.793
840000,0.172,0.005,0.822
840500,0.144,0.009,0.848
841000,0.142,0.006,0.852
841500,0.147,0.010,0.843
842000,0.163,0.005,0.832
842500,0.155,0.002,0.843
843000,0.149,0.015,0.837
843500,0.152,0.004,0.844
844000,0.141,0.009,0.850
844500,0.157,0.003,0.840
845000,0.158,0.002,0.841
845500,0.158,0.000,0.843
846000,0.149,0.006,0.845
846500,0.139,0.005,0.856
847000,0.141,0.006,0.853
847500,0.148,0.002,0.851
848000,0.157,0.006,0.837
848500,0.165,0.006,0.830
849000,0.166,0.009,0.825
849500,0.143,0.002,0.856
850000,0.168,0.001,0.832
850500,0.142,0.009,0.849
851000,0.132,0.001,0.868
851500,0.134,0.000,0.866
852000,0.160,0.008,0.833
852500,0.161,0.003,0.837
853000,0.184,0.001,0.815
853500,0.199,0.015,0.786
854000,0.190,0.002,0.809
854500,0.167,0.001,0.833
855000,0.153,0.000,0.847
855500,0.151,0.000,0.849
856000,0.150,0.006,0.844
856500,0.147,0.008,0.845
857000,0.145,0.006,0.848
857500,0.169,0.001,0.830
858000,0.153,0.000,0.847
858500,0.151,0.015,0.834
859000,0.148,0.004,0.848
859500,0.153,0.000,0.847
860000,0.168,0.000,0.833
860500,0.178,0.011,0.812
861000,0.136,0.011,0.854
861500,0.137,0.011,0.852
862000,0.164,0.004,0.833
862500,0.152,0.012,0.836
863000,0.170,0.003,0.828
863500,0.169,0.009,0.822
864000,0.168,0.016,0.816
864500,0.160,0.009,0.832
865000,0.168,0.005,0.828
865500,0.157,0.005,0.838
866000,0.201,0.005,0.794
866500,0.191,0.001,0.808
867000,0.160,0.005,0.835
867500,0.139,0.006,0.855
868000,0.143,0.003,0.854
868500,0.148,0.019,0.833
869000,0.140,0.011,0.850
869500,0.153,0.012,0.835
870000,0.149,0.007,0.844
870500,0.140,0.003,0.858
871000,0.158,0.009,0.833
871500,0.175,0.001,0.825
872000,0.168,0.006,0.826
872500,0.212,0.001,0.787
873000,0.162,0.010,0.829
873500,0.182,0.005,0.812
874000,0.197,0.005,0.798
874500,0.165,0.006,0.830
875000,0.148,0.001,0.852
875500,0.185,0.004,0.810
876000,0.161,0.006,0.833
876500,0.141,0.004,0.855
877000,0.132,0.007,0.861
877500,0.158,0.015,0.828
878000,0.198,0.002,0.801
878500,0.175,0.000,0.825
879000,0.187,0.001,0.812
879500,0.197,0.001,0.802
880000,0.149,0.000,0.851
880500,0.142,0.013,0.845
881000,0.117,0.013,0.870
881500,0.131,0.004,0.865
882000,0.146,0.015,0.839
882500,0.185,0.004,0.811
883000,0.192,0.005,0.803
883500,0.161,0.009,0.831
884000,0.142,0.018,0.840
884500,0.139,0.003,0.858
885000,0.138,0.007,0.856
885500,0.163,0.003,0.835
886000,0.173,0.007,0.820
886500,0.153,0.009,0.837
887000,0.154,0.013,0.832
887500,0.149,0.022,0.829
888000,0.139,0.015,0.846
888500,0.143,0.018,0.839
889000,0.128,0.022,0.851
889500,0.161,0.016,0.824
890000,0.177,0.003,0.820
890500,0.156,0.000,0.844
891000,0.161,0.007,0.832
891500,0.175,0.011,0.814
892000,0.142,0.004,0.854
892500,0.172,0.013,0.815
893000,0.155,0.004,0.840
893500,0.137,0.005,0.858
894000,0.143,0.007,0.850
894500,0.180,0.010,0.809
895000,0.143,0.007,0.849
895500,0.149,0.006,0.845
896000,0.166,0.011,0.824
896500,0.139,0.014,0.847
897000,0.150,0.014,0.836
897500,0.136,0.011,0.854
898000,0.144,0.004,0.852
898500,0.132,0.009,0.860
899000,0.162,0.006,0.832
899500,0.172,0.006,0.821
900000,0.177,0.005,0.818
900500,0.137,0.012,0.851
901000,0.146,0.013,0.842
901500,0.155,0.009,0.837
902000,0.178,0.003,0.819
902500,0.181,0.003,0.816
903000,0.196,0.003,0.802
903500,0.157,0.002,0.841
904000,0.161,0.007,0.833
904500,0.149,0.005,0.846
905000,0.171,0.013,0.817
905500,0.161,0.011,0.828
906000,0.156,0.006,0.838
906500,0.124,0.019,0.856
907000,0.146,0.009,0.845
907500,0.140,0.001,0.860
908000,0.128,0.015,0.858
908500,0.141,0.004,0.855
909000,0.162,0.009,0.830
909500,0.121,0.006,0.873
910000,0.154,0.015,0.831
910500,0.149,0.005,0.845
911000,0.134,0.005,0.861
911500,0.146,0.005,0.848
912000,0.119,0.011,0.869
912500,0.113,0.009,0.879
913000,0.147,0.012,0.841
913500,0.159,0.013,0.828
914000,0.147,0.013,0.840
914500,0.140,0.017,0.844
915000,0.140,0.011,0.850
915500,0.170,0.001,0.830
916000,0.161,0.008,0.832
916500,0.154,0.003,0.843
917000,0.158,0.009,0.833
917500,0.177,0.006,0.817
918000,0.148,0.009,0.843
918500,0.159,0.011,0.831
919000,0.186,0.007,0.807
919500,0.171,0.003,0.827
920000,0.153,0.003,0.844
920500,0.156,0.000,0.844
921000,0.174,0.003,0.823
921500,0.169,0.010,0.822
922000,0.157,0.006,0.837
922500,0.135,0.011,0.854
923000,0.200,0.004,0.796
923500,0.181,0.000,0.819
924000,0.206,0.011,0.783
924500,0.183,0.006,0.810
925000,0.195,0.009,0.796
925500,0.170,0.002,0.828
926000,0.175,0.022,0.803
926500,0.148,0.013,0.839
927000,0.203,0.003,0.794
927500,0.168,0.001,0.831
928000,0.140,0.013,0.847
928500,0.177,0.013,0.809
929000,0.180,0.008,0.812
929500,0.178,0.005,0.816
930000,0.170,0.012,0.818
930500,0.155,0.010,0.835
931000,0.156,0.002,0.842
931500,0.164,0.008,0.829
932000,0.158,0.003,0.840
932500,0.189,0.004,0.808
933000,0.141,0.004,0.855
933500,0.164,0.008,0.828
934000,0.158,0.006,0.837
934500,0.167,0.002,0.832
935000,0.175,0.005,0.819
935500,0.151,0.005,0.843
936000,0.154,0.012,0.834
936500,0.155,0.012,0.833
937000,0.146,0.009,0.845
937500,0.140,0.018,0.842
938000,0.153,0.014,0.833
938500,0.143,0.002,0.856
939000,0.150,0.005,0.845
939500,0.177,0.009,0.814
940000,0.151,0.011,0.837
940500,0.128,0.015,0.858
941000,0.158,0.013,0.830
941500,0.137,0.007,0.856
942000,0.157,0.002,0.841
942500,0.163,0.015,0.823
943000,0.142,0.013,0.845
943500,0.140,0.018,0.842
944000,0.128,0.024,0.849
944500,0.126,0.019,0.855
945000,0.126,0.010,0.865
945500,0.140,0.007,0.853
946000,0.131,0.001,0.869
946500,0.134,0.010,0.856
947000,0.117,0.018,0.866
947500,0.172,0.003,0.826
948000,0.150,0.009,0.841
948500,0.148,0.015,0.838
949000,0.137,0.002,0.861
949500,0.159,0.002,0.840
950000,0.141,0.005,0.853
950500,0.145,0.006,0.849
951000,0.163,0.003,0.835
951500,0.182,0.006,0.812
952000,0.175,0.011,0.814
952500,0.146,0.004,0.849
953000,0.152,0.007,0.840
953500,0.162,0.007,0.832
954000,0.171,0.004,0.825
954500,0.145,0.011,0.844
955000,0.154,0.009,0.837
955500,0.135,0.013,0.853
956000,0.148,0.009,0.843
956500,0.163,0.013,0.824
957000,0.181,0.004,0.815
957500,0.157,0.006,0.837
958000,0.155,0.021,0.824
958500,0.141,0.013,0.847
959000,0.160,0.011,0.830
959500,0.165,0.002,0.834
960000,0.194,0.001,0.806
960500,0.169,0.007,0.825
961000,0.170,0.008,0.822
961500,0.150,0.012,0.838
962000,0.141,0.008,0.851
962500,0.138,0.015,0.848
963000,0.132,0.010,0.859
963500,0.136,0.011,0.853
964000,0.162,0.008,0.830
964500,0.175,0.002,0.823
965000,0.152,0.011,0.837
965500,0.155,0.011,0.835
966000,0.140,0.007,0.853
966500,0.140,0.006,0.854
967000,0.134,0.013,0.854
967500,0.136,0.014,0.850
968000,0.156,0.020,0.824
968500,0.134,0.016,0.850
969000,0.172,0.005,0.823
969500,0.180,0.004,0.816
970000,0.197,0.005,0.797
970500,0.180,0.004,0.816
971000,0.147,0.003,0.850
971500,0.165,0.006,0.830
972000,0.173,0.007,0.820
972500,0.171,0.007,0.823
973000,0.161,0.004,0.835
973500,0.149,0.007,0.844
974000,0.159,0.019,0.822
974500,0.163,0.009,0.829
975000,0.159,0.009,0.833
975500,0.146,0.007,0.847
976000,0.180,0.007,0.812
976500,0.179,0.007,0.814
977000,0.166,0.004,0.830
977500,0.174,0.005,0.821
978000,0.150,0.003,0.847
978500,0.185,0.000,0.815
979000,0.161,0.004,0.836
979500,0.165,0.004,0.831
980000,0.176,0.011,0.813
980500,0.146,0.004,0.850
981000,0.154,0.012,0.834
981500,0.142,0.004,0.854
982000,0.159,0.007,0.835
982500,0.141,0.012,0.847
983000,0.168,0.008,0.825
983500,0.139,0.004,0.858
984000,0.180,0.009,0.810
984500,0.179,0.007,0.814
985000,0.139,0.002,0.860
985500,0.161,0.011,0.828
986000,0.169,0.003,0.829
986500,0.143,0.004,0.853
987000,0.145,0.011,0.844
987500,0.166,0.005,0.829
988000,0.140,0.009,0.852
988500,0.154,0.009,0.837
989000,0.159,0.005,0.836
989500,0.202,0.001,0.798
990000,0.187,0.005,0.807
990500,0.174,0.001,0.825
991000,0.164,0.004,0.833
991500,0.162,0.002,0.837
992000,0.155,0.005,0.840
992500,0.150,0.015,0.836
993000,0.164,0.002,0.835
993500,0.171,0.004,0.826
994000,0.159,0.001,0.841
994500,0.149,0.011,0.840
995000,0.153,0.004,0.843
995500,0.134,0.004,0.862
996000,0.166,0.004,0.830
996500,0.197,0.015,0.788
997000,0.240,0.004,0.756
997500,0.200,0.000,0.800
998000,0.170,0.008,0.822
998500,0.149,0.009,0.842
999000,0.138,0.011,0.851
999500,0.126,0.013,0.862
1000000,0.133,0.009,0.859
