time,n_A+p,n_B,n_AB
100,0.041,0.957,0.002
200,0.045,0.948,0.008
300,0.040,0.942,0.017
400,0.044,0.931,0.024
500,0.044,0.935,0.021
600,0.042,0.934,0.023
700,0.041,0.933,0.026
800,0.037,0.924,0.038
900,0.052,0.908,0.040
1000,0.044,0.913,0.044
1100,0.051,0.902,0.048
1200,0.060,0.885,0.055
1300,0.057,0.877,0.066
1400,0.052,0.863,0.085
1500,0.051,0.847,0.102
1600,0.070,0.852,0.078
1700,0.061,0.861,0.077
1800,0.086,0.824,0.091
1900,0.078,0.843,0.079
2000,0.086,0.839,0.075
2100,0.073,0.824,0.103
2200,0.080,0.809,0.111
2300,0.093,0.804,0.103
2400,0.113,0.792,0.095
2500,0.117,0.778,0.105
2600,0.127,0.765,0.108
2700,0.141,0.740,0.118
2800,0.122,0.708,0.169
2900,0.155,0.684,0.161
3000,0.147,0.698,0.155
3100,0.178,0.668,0.154
3200,0.145,0.686,0.169
3300,0.150,0.684,0.166
3400,0.151,0.666,0.182
3500,0.166,0.651,0.183
3600,0.153,0.688,0.159
3700,0.154,0.689,0.157
3800,0.162,0.693,0.145
3900,0.137,0.724,0.139
4000,0.153,0.694,0.153
4100,0.145,0.712,0.143
4200,0.144,0.732,0.123
4300,0.137,0.737,0.126
4400,0.126,0.733,0.141
4500,0.154,0.691,0.155
4600,0.159,0.663,0.178
4700,0.159,0.634,0.206
4800,0.159,0.643,0.198
4900,0.194,0.613,0.193
5000,0.208,0.598,0.193
5100,0.189,0.593,0.218
5200,0.205,0.577,0.217
5300,0.227,0.563,0.210
5400,0.197,0.583,0.220
5500,0.227,0.556,0.217
5600,0.229,0.549,0.221
5700,0.233,0.530,0.237
5800,0.308,0.460,0.232
5900,0.278,0.474,0.249
6000,0.244,0.492,0.263
6100,0.265,0.459,0.276
6200,0.238,0.482,0.280
6300,0.234,0.486,0.280
6400,0.249,0.466,0.285
6500,0.256,0.479,0.265
6600,0.247,0.483,0.271
6700,0.240,0.477,0.283
6800,0.218,0.488,0.295
6900,0.208,0.510,0.282
7000,0.182,0.561,0.257
7100,0.214,0.526,0.261
7200,0.237,0.517,0.246
7300,0.215,0.512,0.273
7400,0.211,0.514,0.275
7500,0.236,0.466,0.298
7600,0.256,0.466,0.279
7700,0.269,0.467,0.264
7800,0.267,0.485,0.248
7900,0.258,0.476,0.266
8000,0.265,0.453,0.282
8100,0.269,0.467,0.264
8200,0.265,0.494,0.240
8300,0.324,0.437,0.239
8400,0.327,0.426,0.247
8500,0.304,0.435,0.261
8600,0.290,0.468,0.242
8700,0.292,0.483,0.226
8800,0.262,0.495,0.243
8900,0.316,0.456,0.228
9000,0.299,0.451,0.250
9100,0.282,0.473,0.246
9200,0.278,0.489,0.233
9300,0.251,0.508,0.241
9400,0.243,0.499,0.258
9500,0.252,0.492,0.256
9600,0.283,0.471,0.246
9700,0.258,0.480,0.261
9800,0.226,0.527,0.247
9900,0.262,0.508,0.231
10000,0.228,0.533,0.239
10100,0.217,0.570,0.213
10200,0.187,0.568,0.244
10300,0.198,0.547,0.254
10400,0.187,0.560,0.253
10500,0.207,0.532,0.261
10600,0.192,0.529,0.279
10700,0.190,0.547,0.263
10800,0.202,0.534,0.264
10900,0.220,0.515,0.265
11000,0.211,0.510,0.279
11100,0.240,0.477,0.282
11200,0.224,0.502,0.274
11300,0.208,0.526,0.265
11400,0.219,0.534,0.246
11500,0.224,0.551,0.225
11600,0.224,0.558,0.219
11700,0.242,0.541,0.217
11800,0.249,0.515,0.237
11900,0.251,0.515,0.234
12000,0.275,0.499,0.226
12100,0.244,0.549,0.207
12200,0.222,0.570,0.208
12300,0.243,0.547,0.211
12400,0.217,0.560,0.223
12500,0.241,0.520,0.239
12600,0.272,0.498,0.231
12700,0.261,0.520,0.219
12800,0.278,0.511,0.211
12900,0.264,0.502,0.234
13000,0.278,0.485,0.236
13100,0.243,0.483,0.274
13200,0.246,0.487,0.267
13300,0.286,0.445,0.269
13400,0.289,0.455,0.256
13500,0.268,0.467,0.264
13600,0.267,0.496,0.237
13700,0.233,0.533,0.234
13800,0.205,0.562,0.232
13900,0.223,0.554,0.224
14000,0.207,0.555,0.238
14100,0.239,0.520,0.241
14200,0.226,0.542,0.232
14300,0.203,0.545,0.251
14400,0.204,0.549,0.246
14500,0.235,0.529,0.236
14600,0.229,0.541,0.229
14700,0.217,0.563,0.220
14800,0.219,0.550,0.231
14900,0.222,0.548,0.230
15000,0.222,0.549,0.228
15100,0.231,0.549,0.221
15200,0.262,0.534,0.204
15300,0.228,0.548,0.224
15400,0.218,0.572,0.210
15500,0.233,0.536,0.231
15600,0.218,0.544,0.238
15700,0.215,0.533,0.253
15800,0.253,0.509,0.237
15900,0.278,0.492,0.230
16000,0.302,0.469,0.229
16100,0.314,0.464,0.222
16200,0.340,0.427,0.233
16300,0.363,0.388,0.249
16400,0.373,0.364,0.263
16500,0.366,0.362,0.272
16600,0.350,0.412,0.238
16700,0.350,0.369,0.281
16800,0.362,0.359,0.279
16900,0.374,0.345,0.282
17000,0.409,0.315,0.276
17100,0.417,0.301,0.282
17200,0.402,0.322,0.276
17300,0.422,0.315,0.263
17400,0.447,0.294,0.259
17500,0.432,0.302,0.265
17600,0.426,0.307,0.267
17700,0.430,0.306,0.265
17800,0.463,0.294,0.243
17900,0.469,0.267,0.264
18000,0.457,0.269,0.274
18100,0.436,0.274,0.290
18200,0.419,0.299,0.282
18300,0.456,0.278,0.267
18400,0.458,0.295,0.247
18500,0.498,0.272,0.231
18600,0.474,0.285,0.240
18700,0.474,0.286,0.239
18800,0.490,0.288,0.223
18900,0.483,0.279,0.238
19000,0.513,0.262,0.225
19100,0.534,0.236,0.231
19200,0.564,0.205,0.231
19300,0.569,0.203,0.228
19400,0.589,0.186,0.225
19500,0.605,0.173,0.222
19600,0.609,0.173,0.218
19700,0.625,0.160,0.215
19800,0.602,0.187,0.211
19900,0.595,0.197,0.208
20000,0.609,0.189,0.202
20100,0.580,0.196,0.225
20200,0.576,0.195,0.229
20300,0.562,0.204,0.235
20400,0.540,0.241,0.219
20500,0.545,0.225,0.229
20600,0.563,0.228,0.208
20700,0.545,0.237,0.218
20800,0.522,0.246,0.232
20900,0.512,0.262,0.226
21000,0.489,0.274,0.237
21100,0.482,0.295,0.224
21200,0.497,0.290,0.214
21300,0.457,0.318,0.225
21400,0.438,0.332,0.231
21500,0.428,0.329,0.243
21600,0.453,0.321,0.226
21700,0.468,0.304,0.228
21800,0.463,0.302,0.235
21900,0.484,0.276,0.240
22000,0.494,0.272,0.235
22100,0.459,0.289,0.252
22200,0.469,0.263,0.269
22300,0.490,0.240,0.269
22400,0.477,0.246,0.278
22500,0.487,0.241,0.272
22600,0.498,0.257,0.246
22700,0.519,0.240,0.242
22800,0.509,0.247,0.243
22900,0.497,0.270,0.233
23000,0.501,0.267,0.232
23100,0.498,0.253,0.249
23200,0.501,0.254,0.245
23300,0.488,0.277,0.235
23400,0.469,0.261,0.270
23500,0.455,0.286,0.259
23600,0.505,0.243,0.251
23700,0.500,0.245,0.255
23800,0.502,0.236,0.261
23900,0.538,0.208,0.253
24000,0.509,0.266,0.225
24100,0.503,0.251,0.246
24200,0.508,0.232,0.260
24300,0.537,0.222,0.240
24400,0.567,0.196,0.237
24500,0.545,0.205,0.250
24600,0.567,0.167,0.266
24700,0.581,0.177,0.242
24800,0.551,0.176,0.273
24900,0.576,0.166,0.258
25000,0.560,0.179,0.261
25100,0.530,0.202,0.268
25200,0.505,0.213,0.282
25300,0.509,0.197,0.294
25400,0.497,0.249,0.255
25500,0.499,0.244,0.257
25600,0.509,0.223,0.268
25700,0.499,0.203,0.297
25800,0.543,0.183,0.274
25900,0.529,0.203,0.268
26000,0.527,0.238,0.235
26100,0.573,0.200,0.228
26200,0.590,0.182,0.228
26300,0.618,0.163,0.219
26400,0.616,0.150,0.234
26500,0.622,0.154,0.224
26600,0.615,0.172,0.214
26700,0.594,0.168,0.237
26800,0.611,0.162,0.228
26900,0.589,0.182,0.229
27000,0.612,0.175,0.214
27100,0.565,0.192,0.243
27200,0.550,0.186,0.264
27300,0.575,0.176,0.249
27400,0.558,0.205,0.237
27500,0.574,0.192,0.235
27600,0.533,0.218,0.249
27700,0.548,0.200,0.252
27800,0.577,0.190,0.233
27900,0.569,0.210,0.221
28000,0.552,0.227,0.221
28100,0.567,0.211,0.222
28200,0.529,0.205,0.265
28300,0.542,0.214,0.244
28400,0.523,0.232,0.245
28500,0.497,0.256,0.247
28600,0.528,0.233,0.239
28700,0.510,0.242,0.248
28800,0.472,0.256,0.272
28900,0.471,0.268,0.260
29000,0.492,0.240,0.268
29100,0.463,0.262,0.275
29200,0.459,0.264,0.277
29300,0.475,0.239,0.286
29400,0.460,0.256,0.284
29500,0.494,0.225,0.281
29600,0.514,0.194,0.292
29700,0.538,0.182,0.280
29800,0.543,0.188,0.269
29900,0.561,0.182,0.257
30000,0.536,0.177,0.287
30100,0.525,0.185,0.290
30200,0.502,0.205,0.292
30300,0.519,0.187,0.293
30400,0.519,0.175,0.306
30500,0.530,0.188,0.282
30600,0.578,0.168,0.254
30700,0.601,0.158,0.240
30800,0.618,0.157,0.225
30900,0.614,0.139,0.247
31000,0.633,0.154,0.212
31100,0.620,0.149,0.231
31200,0.641,0.143,0.216
31300,0.619,0.185,0.196
31400,0.658,0.151,0.191
31500,0.672,0.130,0.197
31600,0.669,0.135,0.196
31700,0.654,0.152,0.194
31800,0.638,0.151,0.211
31900,0.630,0.140,0.230
32000,0.598,0.157,0.244
32100,0.579,0.194,0.226
32200,0.568,0.193,0.239
32300,0.556,0.192,0.251
32400,0.558,0.207,0.236
32500,0.542,0.218,0.240
32600,0.524,0.212,0.263
32700,0.530,0.223,0.247
32800,0.524,0.217,0.260
32900,0.530,0.204,0.267
33000,0.533,0.219,0.248
33100,0.488,0.231,0.282
33200,0.504,0.250,0.246
33300,0.516,0.239,0.246
33400,0.517,0.232,0.251
33500,0.480,0.276,0.243
33600,0.492,0.258,0.250
33700,0.503,0.245,0.252
33800,0.498,0.226,0.276
33900,0.480,0.244,0.276
34000,0.461,0.261,0.278
34100,0.478,0.248,0.274
34200,0.491,0.253,0.256
34300,0.502,0.232,0.266
34400,0.488,0.242,0.271
34500,0.470,0.258,0.271
34600,0.465,0.250,0.285
34700,0.445,0.272,0.282
34800,0.445,0.265,0.290
34900,0.447,0.290,0.263
35000,0.463,0.295,0.242
35100,0.428,0.320,0.251
35200,0.427,0.293,0.280
35300,0.434,0.263,0.303
35400,0.439,0.246,0.315
35500,0.419,0.260,0.321
35600,0.439,0.272,0.289
35700,0.428,0.256,0.317
35800,0.430,0.252,0.318
35900,0.416,0.282,0.302
36000,0.429,0.283,0.288
36100,0.442,0.256,0.303
36200,0.424,0.287,0.289
36300,0.442,0.290,0.267
36400,0.420,0.307,0.273
36500,0.432,0.308,0.259
36600,0.451,0.269,0.281
36700,0.456,0.261,0.282
36800,0.504,0.229,0.267
36900,0.508,0.242,0.250
37000,0.532,0.207,0.261
37100,0.554,0.188,0.258
37200,0.562,0.178,0.260
37300,0.573,0.175,0.253
37400,0.552,0.190,0.258
37500,0.523,0.221,0.257
37600,0.501,0.203,0.296
37700,0.505,0.199,0.296
37800,0.528,0.197,0.275
37900,0.537,0.216,0.247
38000,0.526,0.208,0.266
38100,0.562,0.201,0.237
38200,0.550,0.205,0.245
38300,0.580,0.194,0.226
38400,0.620,0.165,0.215
38500,0.634,0.141,0.224
38600,0.634,0.141,0.225
38700,0.655,0.126,0.218
38800,0.669,0.122,0.210
38900,0.669,0.111,0.220
39000,0.680,0.108,0.212
39100,0.664,0.107,0.229
39200,0.681,0.120,0.198
39300,0.669,0.133,0.198
39400,0.666,0.120,0.214
39500,0.641,0.121,0.238
39600,0.662,0.123,0.215
39700,0.654,0.139,0.207
39800,0.657,0.132,0.212
39900,0.680,0.109,0.211
40000,0.684,0.114,0.203
40100,0.710,0.108,0.182
40200,0.713,0.115,0.172
40300,0.718,0.097,0.185
40400,0.724,0.107,0.170
40500,0.714,0.103,0.183
40600,0.734,0.091,0.175
40700,0.718,0.101,0.180
40800,0.720,0.101,0.179
40900,0.707,0.122,0.172
41000,0.709,0.122,0.169
41100,0.715,0.104,0.181
41200,0.728,0.104,0.168
41300,0.724,0.115,0.161
41400,0.696,0.138,0.166
41500,0.712,0.110,0.178
41600,0.717,0.101,0.183
41700,0.729,0.090,0.181
41800,0.738,0.097,0.165
41900,0.751,0.077,0.172
42000,0.753,0.079,0.168
42100,0.750,0.080,0.170
42200,0.745,0.084,0.171
42300,0.751,0.070,0.179
42400,0.766,0.069,0.165
42500,0.768,0.079,0.153
42600,0.786,0.058,0.155
42700,0.778,0.055,0.168
42800,0.800,0.045,0.154
42900,0.796,0.045,0.159
43000,0.793,0.063,0.144
43100,0.782,0.072,0.147
43200,0.779,0.062,0.159
43300,0.793,0.055,0.152
43400,0.792,0.059,0.148
43500,0.817,0.047,0.137
43600,0.834,0.047,0.119
43700,0.799,0.068,0.133
43800,0.817,0.058,0.125
43900,0.772,0.086,0.142
44000,0.736,0.091,0.173
44100,0.743,0.080,0.178
44200,0.750,0.074,0.176
44300,0.703,0.100,0.197
44400,0.708,0.108,0.185
44500,0.676,0.106,0.218
44600,0.671,0.124,0.205
44700,0.693,0.116,0.192
44800,0.686,0.114,0.201
44900,0.679,0.111,0.210
45000,0.653,0.140,0.207
45100,0.648,0.152,0.200
45200,0.659,0.139,0.202
45300,0.644,0.143,0.212
45400,0.640,0.155,0.205
45500,0.610,0.175,0.215
45600,0.633,0.141,0.226
45700,0.658,0.145,0.197
45800,0.665,0.155,0.180
45900,0.669,0.145,0.186
46000,0.662,0.143,0.194
46100,0.641,0.155,0.203
46200,0.662,0.136,0.202
46300,0.643,0.136,0.221
46400,0.622,0.167,0.211
46500,0.630,0.143,0.227
46600,0.634,0.154,0.212
46700,0.644,0.150,0.206
46800,0.646,0.155,0.198
46900,0.621,0.161,0.218
47000,0.630,0.150,0.219
47100,0.600,0.171,0.229
47200,0.625,0.163,0.212
47300,0.609,0.194,0.197
47400,0.594,0.163,0.243
47500,0.582,0.159,0.259
47600,0.575,0.165,0.260
47700,0.586,0.162,0.251
47800,0.581,0.167,0.252
47900,0.571,0.158,0.271
48000,0.558,0.165,0.277
48100,0.554,0.190,0.256
48200,0.594,0.174,0.232
48300,0.560,0.184,0.256
48400,0.538,0.217,0.244
48500,0.514,0.250,0.236
48600,0.476,0.261,0.264
48700,0.456,0.274,0.271
48800,0.459,0.269,0.271
48900,0.453,0.264,0.282
49000,0.483,0.239,0.279
49100,0.503,0.228,0.269
49200,0.508,0.228,0.265
49300,0.525,0.217,0.258
49400,0.553,0.195,0.252
49500,0.563,0.188,0.249
49600,0.569,0.173,0.257
49700,0.537,0.183,0.280
49800,0.524,0.186,0.290
49900,0.495,0.216,0.289
50000,0.497,0.212,0.291
50100,0.532,0.203,0.265
50200,0.561,0.196,0.243
50300,0.554,0.180,0.267
50400,0.547,0.186,0.268
50500,0.526,0.197,0.276
50600,0.481,0.208,0.310
50700,0.455,0.215,0.330
50800,0.461,0.223,0.316
50900,0.470,0.214,0.315
51000,0.480,0.217,0.303
51100,0.515,0.192,0.293
51200,0.502,0.197,0.302
51300,0.524,0.179,0.297
51400,0.524,0.179,0.297
51500,0.540,0.179,0.282
51600,0.561,0.190,0.249
51700,0.565,0.164,0.272
51800,0.561,0.165,0.275
51900,0.590,0.141,0.268
52000,0.597,0.134,0.269
52100,0.619,0.132,0.249
52200,0.610,0.147,0.243
52300,0.616,0.133,0.251
52400,0.573,0.161,0.267
52500,0.565,0.162,0.274
52600,0.562,0.168,0.270
52700,0.527,0.196,0.277
52800,0.524,0.196,0.280
52900,0.542,0.196,0.263
53000,0.552,0.188,0.260
53100,0.555,0.168,0.277
53200,0.578,0.139,0.283
53300,0.590,0.156,0.254
53400,0.637,0.140,0.223
53500,0.604,0.164,0.232
53600,0.628,0.144,0.228
53700,0.650,0.127,0.222
53800,0.638,0.140,0.222
53900,0.655,0.136,0.209
54000,0.648,0.137,0.214
54100,0.645,0.126,0.229
54200,0.656,0.120,0.224
54300,0.646,0.120,0.233
54400,0.650,0.129,0.221
54500,0.647,0.133,0.219
54600,0.669,0.124,0.207
54700,0.675,0.126,0.200
54800,0.702,0.114,0.184
54900,0.707,0.106,0.187
55000,0.698,0.109,0.193
55100,0.702,0.110,0.188
55200,0.715,0.108,0.178
55300,0.706,0.104,0.190
55400,0.697,0.123,0.180
55500,0.667,0.160,0.173
55600,0.655,0.137,0.208
55700,0.647,0.124,0.229
55800,0.643,0.130,0.226
55900,0.630,0.146,0.224
56000,0.608,0.161,0.231
56100,0.614,0.151,0.235
56200,0.622,0.164,0.214
56300,0.624,0.154,0.222
56400,0.588,0.151,0.260
56500,0.591,0.168,0.240
56600,0.557,0.180,0.263
56700,0.512,0.235,0.253
56800,0.521,0.233,0.246
56900,0.543,0.212,0.245
57000,0.562,0.188,0.250
57100,0.561,0.197,0.243
57200,0.545,0.223,0.232
57300,0.552,0.205,0.243
57400,0.552,0.221,0.227
57500,0.563,0.208,0.229
57600,0.567,0.205,0.228
57700,0.545,0.218,0.237
57800,0.535,0.208,0.257
57900,0.541,0.204,0.256
58000,0.526,0.200,0.274
58100,0.527,0.208,0.265
58200,0.516,0.221,0.264
58300,0.579,0.180,0.241
58400,0.603,0.179,0.218
58500,0.611,0.167,0.222
58600,0.612,0.172,0.215
58700,0.626,0.167,0.207
58800,0.656,0.159,0.185
58900,0.657,0.151,0.192
59000,0.675,0.125,0.200
59100,0.678,0.125,0.197
59200,0.686,0.119,0.194
59300,0.694,0.116,0.190
59400,0.694,0.114,0.192
59500,0.695,0.102,0.203
59600,0.720,0.100,0.180
59700,0.731,0.092,0.177
59800,0.713,0.092,0.195
59900,0.711,0.105,0.185
60000,0.709,0.116,0.175
60100,0.693,0.112,0.195
60200,0.711,0.105,0.185
60300,0.687,0.129,0.183
60400,0.704,0.110,0.186
60500,0.671,0.133,0.197
60600,0.699,0.119,0.182
60700,0.683,0.140,0.176
60800,0.666,0.141,0.193
60900,0.669,0.145,0.186
61000,0.687,0.127,0.186
61100,0.683,0.123,0.194
61200,0.682,0.123,0.194
61300,0.675,0.133,0.193
61400,0.668,0.147,0.186
61500,0.647,0.162,0.191
61600,0.690,0.122,0.188
61700,0.727,0.100,0.173
61800,0.724,0.104,0.173
61900,0.713,0.107,0.180
62000,0.693,0.109,0.198
62100,0.689,0.091,0.220
62200,0.700,0.108,0.192
62300,0.704,0.107,0.189
62400,0.733,0.100,0.166
62500,0.712,0.126,0.161
62600,0.703,0.139,0.158
62700,0.707,0.132,0.161
62800,0.696,0.132,0.172
62900,0.696,0.135,0.169
63000,0.702,0.110,0.188
63100,0.725,0.095,0.180
63200,0.718,0.108,0.173
63300,0.714,0.091,0.195
63400,0.717,0.087,0.196
63500,0.715,0.084,0.201
63600,0.696,0.086,0.218
63700,0.705,0.084,0.210
63800,0.700,0.100,0.200
63900,0.701,0.100,0.199
64000,0.736,0.093,0.172
64100,0.739,0.090,0.171
64200,0.737,0.079,0.183
64300,0.717,0.084,0.199
64400,0.737,0.084,0.178
64500,0.734,0.084,0.182
64600,0.724,0.106,0.170
64700,0.718,0.101,0.182
64800,0.690,0.125,0.185
64900,0.693,0.109,0.198
65000,0.684,0.115,0.201
65100,0.674,0.118,0.208
65200,0.695,0.105,0.200
65300,0.693,0.097,0.211
65400,0.686,0.128,0.186
65500,0.681,0.107,0.212
65600,0.683,0.119,0.198
65700,0.663,0.127,0.210
65800,0.662,0.129,0.208
65900,0.637,0.136,0.226
66000,0.623,0.153,0.224
66100,0.642,0.139,0.219
66200,0.656,0.122,0.222
66300,0.640,0.148,0.212
66400,0.661,0.127,0.212
66500,0.647,0.137,0.215
66600,0.611,0.169,0.220
66700,0.586,0.194,0.221
66800,0.585,0.161,0.254
66900,0.608,0.154,0.238
67000,0.618,0.134,0.248
67100,0.581,0.157,0.262
67200,0.600,0.146,0.254
67300,0.602,0.131,0.267
67400,0.619,0.136,0.244
67500,0.620,0.159,0.221
67600,0.646,0.136,0.219
67700,0.650,0.147,0.203
67800,0.673,0.134,0.192
67900,0.684,0.122,0.194
68000,0.678,0.134,0.189
68100,0.678,0.125,0.197
68200,0.717,0.111,0.172
68300,0.728,0.095,0.178
68400,0.724,0.098,0.178
68500,0.711,0.116,0.173
68600,0.714,0.087,0.198
68700,0.710,0.094,0.196
68800,0.699,0.113,0.188
68900,0.698,0.100,0.202
69000,0.697,0.105,0.198
69100,0.709,0.104,0.187
69200,0.717,0.118,0.165
69300,0.702,0.130,0.168
69400,0.696,0.119,0.185
69500,0.694,0.114,0.192
69600,0.675,0.121,0.204
69700,0.658,0.130,0.211
69800,0.633,0.154,0.212
69900,0.623,0.154,0.224
70000,0.639,0.148,0.214
70100,0.648,0.119,0.233
70200,0.640,0.153,0.207
70300,0.618,0.180,0.203
70400,0.648,0.140,0.211
70500,0.659,0.119,0.222
70600,0.669,0.115,0.216
70700,0.635,0.158,0.207
70800,0.588,0.185,0.226
70900,0.565,0.206,0.229
71000,0.540,0.214,0.246
71100,0.547,0.201,0.251
71200,0.503,0.220,0.277
71300,0.484,0.237,0.279
71400,0.497,0.229,0.274
71500,0.514,0.209,0.277
71600,0.510,0.211,0.278
71700,0.492,0.224,0.284
71800,0.515,0.225,0.261
71900,0.555,0.214,0.231
72000,0.555,0.187,0.257
72100,0.550,0.185,0.265
72200,0.576,0.179,0.245
72300,0.526,0.219,0.256
72400,0.513,0.226,0.261
72500,0.517,0.230,0.253
72600,0.519,0.215,0.265
72700,0.492,0.215,0.293
72800,0.498,0.213,0.289
72900,0.500,0.206,0.294
73000,0.544,0.183,0.273
73100,0.550,0.168,0.282
73200,0.546,0.150,0.304
73300,0.519,0.171,0.310
73400,0.553,0.178,0.269
73500,0.591,0.139,0.270
73600,0.579,0.158,0.263
73700,0.592,0.151,0.257
73800,0.591,0.159,0.249
73900,0.609,0.161,0.230
74000,0.615,0.158,0.227
74100,0.615,0.146,0.239
74200,0.618,0.150,0.233
74300,0.627,0.137,0.236
74400,0.635,0.133,0.232
74500,0.665,0.122,0.212
74600,0.670,0.130,0.200
74700,0.670,0.116,0.214
74800,0.707,0.112,0.182
74900,0.716,0.103,0.181
75000,0.729,0.090,0.181
75100,0.721,0.105,0.174
75200,0.743,0.083,0.174
75300,0.746,0.095,0.159
75400,0.742,0.105,0.153
75500,0.723,0.105,0.172
75600,0.718,0.113,0.169
75700,0.725,0.115,0.161
75800,0.739,0.107,0.154
75900,0.746,0.096,0.158
76000,0.749,0.089,0.162
76100,0.769,0.079,0.152
76200,0.791,0.066,0.143
76300,0.775,0.085,0.140
76400,0.782,0.079,0.140
76500,0.793,0.071,0.136
76600,0.796,0.062,0.142
76700,0.809,0.050,0.141
76800,0.806,0.043,0.151
76900,0.815,0.037,0.148
77000,0.811,0.034,0.154
77100,0.794,0.045,0.161
77200,0.796,0.048,0.156
77300,0.776,0.073,0.151
77400,0.755,0.083,0.162
77500,0.769,0.077,0.154
77600,0.747,0.086,0.167
77700,0.755,0.088,0.157
77800,0.733,0.109,0.158
77900,0.705,0.122,0.173
78000,0.710,0.111,0.179
78100,0.726,0.097,0.178
78200,0.759,0.076,0.165
78300,0.733,0.081,0.185
78400,0.741,0.069,0.190
78500,0.725,0.098,0.178
78600,0.754,0.076,0.169
78700,0.735,0.079,0.187
78800,0.754,0.065,0.181
78900,0.761,0.063,0.175
79000,0.722,0.093,0.185
79100,0.734,0.094,0.172
79200,0.734,0.076,0.190
79300,0.719,0.076,0.205
79400,0.740,0.077,0.183
79500,0.731,0.093,0.176
79600,0.733,0.092,0.175
79700,0.703,0.112,0.186
79800,0.698,0.114,0.187
79900,0.689,0.119,0.192
80000,0.700,0.108,0.193
80100,0.699,0.113,0.188
80200,0.680,0.130,0.190
80300,0.675,0.116,0.209
80400,0.715,0.097,0.187
80500,0.718,0.096,0.186
80600,0.735,0.085,0.180
80700,0.752,0.068,0.180
80800,0.796,0.051,0.153
80900,0.813,0.047,0.141
81000,0.834,0.041,0.126
81100,0.847,0.035,0.118
81200,0.828,0.061,0.111
81300,0.780,0.083,0.137
81400,0.789,0.066,0.146
81500,0.782,0.077,0.141
81600,0.781,0.066,0.153
81700,0.768,0.061,0.171
81800,0.756,0.087,0.158
81900,0.755,0.071,0.174
82000,0.727,0.077,0.196
82100,0.757,0.066,0.178
82200,0.752,0.072,0.176
82300,0.741,0.085,0.174
82400,0.704,0.108,0.189
82500,0.698,0.114,0.189
82600,0.676,0.133,0.191
82700,0.675,0.139,0.186
82800,0.657,0.149,0.194
82900,0.665,0.152,0.183
83000,0.645,0.168,0.187
83100,0.659,0.156,0.185
83200,0.639,0.176,0.185
83300,0.642,0.165,0.193
83400,0.657,0.151,0.193
83500,0.648,0.140,0.212
83600,0.634,0.141,0.225
83700,0.673,0.130,0.197
83800,0.677,0.113,0.210
83900,0.672,0.135,0.193
84000,0.671,0.125,0.204
84100,0.623,0.158,0.219
84200,0.614,0.193,0.193
84300,0.558,0.205,0.237
84400,0.534,0.236,0.231
84500,0.528,0.229,0.243
84600,0.519,0.246,0.235
84700,0.509,0.243,0.247
84800,0.531,0.242,0.226
84900,0.556,0.223,0.221
85000,0.572,0.216,0.212
85100,0.589,0.211,0.200
85200,0.566,0.244,0.190
85300,0.593,0.202,0.205
85400,0.573,0.222,0.204
85500,0.556,0.216,0.228
85600,0.584,0.203,0.212
85700,0.591,0.193,0.217
85800,0.605,0.195,0.200
85900,0.601,0.205,0.194
86000,0.610,0.196,0.194
86100,0.607,0.203,0.190
86200,0.607,0.185,0.208
86300,0.615,0.164,0.221
86400,0.616,0.175,0.210
86500,0.598,0.181,0.221
86600,0.632,0.147,0.222
86700,0.630,0.146,0.224
86800,0.615,0.145,0.240
86900,0.616,0.147,0.237
87000,0.622,0.169,0.208
87100,0.602,0.171,0.227
87200,0.615,0.174,0.211
87300,0.616,0.188,0.196
87400,0.587,0.209,0.204
87500,0.598,0.184,0.218
87600,0.570,0.196,0.234
87700,0.575,0.208,0.217
87800,0.570,0.208,0.221
87900,0.591,0.204,0.204
88000,0.625,0.180,0.195
88100,0.597,0.187,0.216
88200,0.606,0.169,0.225
88300,0.633,0.158,0.209
88400,0.622,0.168,0.210
88500,0.652,0.153,0.195
88600,0.678,0.136,0.187
88700,0.683,0.126,0.190
88800,0.703,0.126,0.171
88900,0.715,0.115,0.170
89000,0.718,0.113,0.169
89100,0.730,0.100,0.171
89200,0.730,0.114,0.156
89300,0.760,0.104,0.136
89400,0.750,0.098,0.152
89500,0.742,0.095,0.162
89600,0.743,0.104,0.154
89700,0.746,0.114,0.140
89800,0.736,0.122,0.142
89900,0.711,0.136,0.153
90000,0.724,0.132,0.144
90100,0.680,0.137,0.183
90200,0.687,0.132,0.181
90300,0.705,0.102,0.192
90400,0.680,0.126,0.194
90500,0.696,0.120,0.184
90600,0.690,0.139,0.171
90700,0.678,0.144,0.178
90800,0.683,0.143,0.174
90900,0.673,0.164,0.163
91000,0.667,0.172,0.161
91100,0.659,0.179,0.161
91200,0.651,0.197,0.152
91300,0.644,0.205,0.150
91400,0.658,0.183,0.158
91500,0.659,0.157,0.184
91600,0.664,0.162,0.173
91700,0.673,0.156,0.171
91800,0.655,0.181,0.164
91900,0.664,0.140,0.196
92000,0.683,0.130,0.187
92100,0.674,0.134,0.192
92200,0.678,0.124,0.198
92300,0.699,0.111,0.190
92400,0.701,0.112,0.186
92500,0.742,0.097,0.162
92600,0.757,0.084,0.159
92700,0.769,0.069,0.162
92800,0.776,0.080,0.143
92900,0.751,0.098,0.151
93000,0.773,0.086,0.141
93100,0.760,0.086,0.154
93200,0.757,0.085,0.158
93300,0.764,0.087,0.149
93400,0.767,0.081,0.152
93500,0.796,0.078,0.126
93600,0.788,0.086,0.126
93700,0.785,0.080,0.135
93800,0.819,0.065,0.116
93900,0.827,0.058,0.116
94000,0.807,0.058,0.135
94100,0.819,0.055,0.126
94200,0.825,0.048,0.127
94300,0.838,0.047,0.115
94400,0.836,0.043,0.121
94500,0.851,0.041,0.108
94600,0.860,0.034,0.105
94700,0.855,0.033,0.112
94800,0.842,0.046,0.112
94900,0.841,0.054,0.105
95000,0.813,0.075,0.112
95100,0.798,0.077,0.125
95200,0.818,0.061,0.120
95300,0.799,0.061,0.140
95400,0.802,0.056,0.143
95500,0.818,0.054,0.129
95600,0.820,0.057,0.123
95700,0.806,0.048,0.147
95800,0.797,0.052,0.151
95900,0.801,0.050,0.149
96000,0.808,0.059,0.133
96100,0.821,0.038,0.141
96200,0.832,0.050,0.118
96300,0.836,0.036,0.127
96400,0.842,0.045,0.114
96500,0.837,0.049,0.114
96600,0.855,0.041,0.104
96700,0.861,0.034,0.105
96800,0.860,0.034,0.105
96900,0.857,0.045,0.098
97000,0.869,0.034,0.097
97100,0.864,0.037,0.100
97200,0.875,0.031,0.094
97300,0.874,0.025,0.101
97400,0.873,0.031,0.097
97500,0.866,0.031,0.103
97600,0.881,0.026,0.093
97700,0.886,0.028,0.086
97800,0.891,0.027,0.082
97900,0.890,0.033,0.077
98000,0.895,0.033,0.073
98100,0.866,0.053,0.081
98200,0.871,0.047,0.082
98300,0.881,0.036,0.083
98400,0.889,0.027,0.084
98500,0.902,0.027,0.070
98600,0.907,0.023,0.070
98700,0.906,0.024,0.069
98800,0.913,0.023,0.063
98900,0.912,0.020,0.069
99000,0.913,0.026,0.062
99100,0.906,0.023,0.072
99200,0.921,0.016,0.063
99300,0.926,0.015,0.059
99400,0.920,0.011,0.069
99500,0.918,0.010,0.072
99600,0.921,0.017,0.062
99700,0.905,0.026,0.069
99800,0.896,0.024,0.080
99900,0.896,0.019,0.085
100000,0.895,0.018,0.087
