time,n_A+p,n_B,n_AB
100,0.322,0.521,0.157
200,0.244,0.450,0.306
300,0.256,0.446,0.298
400,0.256,0.467,0.277
500,0.174,0.467,0.360
600,0.165,0.500,0.335
700,0.136,0.558,0.306
800,0.165,0.521,0.314
900,0.132,0.566,0.302
1000,0.174,0.541,0.285
1100,0.153,0.574,0.273
1200,0.149,0.533,0.318
1300,0.186,0.496,0.318
1400,0.198,0.525,0.277
1500,0.182,0.521,0.298
1600,0.207,0.492,0.302
1700,0.260,0.442,0.298
1800,0.310,0.442,0.248
1900,0.269,0.405,0.326
2000,0.219,0.450,0.331
2100,0.182,0.587,0.231
2200,0.178,0.587,0.236
2300,0.165,0.599,0.236
2400,0.161,0.545,0.293
2500,0.169,0.574,0.256
2600,0.161,0.620,0.219
2700,0.157,0.616,0.227
2800,0.124,0.612,0.264
2900,0.112,0.620,0.269
3000,0.095,0.665,0.240
3100,0.083,0.690,0.227
3200,0.070,0.698,0.231
3300,0.054,0.760,0.186
3400,0.041,0.764,0.194
3500,0.045,0.748,0.207
3600,0.062,0.777,0.161
3700,0.037,0.822,0.140
3800,0.054,0.814,0.132
3900,0.033,0.860,0.107
4000,0.025,0.839,0.136
4100,0.017,0.831,0.153
4200,0.004,0.868,0.128
4300,0.012,0.868,0.120
4400,0.000,0.897,0.103
4500,0.000,0.913,0.087
4600,0.000,0.955,0.045
4700,0.000,0.963,0.037
4800,0.000,0.979,0.021
4900,0.000,0.983,0.017
5000,0.000,0.979,0.021
5100,0.000,0.979,0.021
5200,0.000,0.983,0.017
5300,0.000,0.988,0.012
5400,0.000,0.988,0.012
5500,0.000,0.992,0.008
5600,0.000,0.988,0.012
5700,0.000,0.992,0.008
5800,0.000,0.996,0.004
5900,0.000,0.996,0.004
6000,0.000,1.000,0.000
