time,n_A+p,n_B,n_AB
500,0.050,0.270,0.680
1000,0.050,0.415,0.535
1500,0.050,0.229,0.721
2000,0.050,0.177,0.773
2500,0.050,0.210,0.740
3000,0.050,0.326,0.624
3500,0.050,0.256,0.694
4000,0.050,0.248,0.702
4500,0.050,0.157,0.793
5000,0.050,0.306,0.644
5500,0.050,0.297,0.653
6000,0.050,0.197,0.753
6500,0.050,0.247,0.703
7000,0.058,0.142,0.800
7500,0.075,0.095,0.830
8000,0.902,0.001,0.097
8500,1.000,0.000,0.000
