time,n_A+p,n_B,n_AB
500,0.030,0.359,0.611
1000,0.030,0.194,0.776
1500,0.082,0.049,0.869
2000,0.578,0.000,0.422
2500,0.692,0.000,0.308
3000,0.756,0.000,0.244
3500,0.493,0.000,0.507
4000,0.630,0.000,0.370
4500,0.855,0.000,0.145
5000,0.867,0.000,0.133
5500,0.776,0.000,0.224
6000,0.623,0.000,0.377
6500,0.694,0.000,0.306
7000,0.759,0.000,0.241
7500,0.662,0.000,0.338
8000,0.512,0.000,0.488
8500,0.672,0.000,0.328
9000,0.858,0.000,0.142
9500,0.566,0.000,0.434
10000,0.755,0.000,0.245
10500,0.700,0.000,0.300
11000,0.723,0.000,0.277
11500,0.552,0.000,0.448
12000,0.803,0.000,0.197
12500,0.787,0.000,0.213
13000,0.821,0.000,0.179
13500,0.648,0.000,0.352
14000,0.638,0.000,0.362
14500,0.713,0.000,0.287
15000,0.840,0.000,0.160
15500,0.560,0.000,0.440
16000,0.640,0.000,0.360
16500,0.702,0.000,0.298
17000,0.615,0.000,0.385
17500,0.664,0.000,0.336
18000,0.703,0.000,0.297
18500,0.737,0.000,0.263
19000,0.788,0.000,0.212
19500,0.815,0.000,0.185
20000,0.885,0.000,0.115
20500,0.739,0.000,0.261
21000,0.650,0.000,0.350
21500,0.594,0.000,0.406
22000,0.497,0.000,0.503
22500,0.700,0.000,0.300
23000,0.563,0.000,0.437
23500,0.729,0.000,0.271
24000,0.656,0.000,0.344
24500,0.733,0.000,0.267
25000,0.876,0.000,0.124
25500,0.931,0.000,0.069
26000,0.999,0.000,0.001
26500,0.814,0.000,0.186
27000,0.748,0.000,0.252
27500,0.843,0.000,0.157
28000,0.873,0.000,0.127
28500,0.700,0.000,0.300
29000,0.655,0.000,0.345
29500,0.612,0.000,0.388
30000,0.725,0.000,0.275
30500,0.694,0.000,0.306
31000,0.798,0.000,0.202
31500,0.819,0.000,0.181
32000,0.815,0.000,0.185
32500,0.807,0.000,0.193
33000,0.831,0.000,0.169
33500,0.687,0.000,0.313
34000,0.774,0.000,0.226
34500,0.714,0.000,0.286
35000,0.545,0.000,0.455
35500,0.833,0.000,0.167
36000,0.843,0.000,0.157
36500,0.667,0.000,0.333
37000,0.744,0.000,0.256
37500,0.723,0.000,0.277
38000,0.640,0.000,0.360
38500,0.614,0.000,0.386
39000,0.856,0.000,0.144
39500,0.785,0.000,0.215
40000,0.827,0.000,0.173
40500,0.721,0.000,0.279
41000,0.377,0.000,0.623
41500,0.595,0.000,0.405
42000,0.791,0.000,0.209
42500,0.795,0.000,0.205
43000,0.575,0.000,0.425
43500,0.674,0.000,0.326
44000,0.649,0.000,0.351
44500,0.836,0.000,0.164
45000,0.735,0.000,0.265
45500,0.644,0.000,0.356
46000,0.645,0.000,0.355
46500,0.801,0.000,0.199
47000,0.779,0.000,0.221
47500,0.822,0.000,0.178
48000,0.861,0.000,0.139
48500,0.854,0.000,0.146
49000,0.836,0.000,0.164
49500,0.694,0.000,0.306
50000,0.694,0.000,0.306
50500,0.552,0.000,0.448
51000,0.544,0.000,0.456
51500,0.748,0.000,0.252
52000,0.713,0.000,0.287
52500,0.718,0.000,0.282
53000,0.533,0.000,0.467
53500,0.604,0.000,0.396
54000,0.557,0.000,0.443
54500,0.769,0.000,0.231
55000,0.652,0.000,0.348
55500,0.628,0.000,0.372
56000,0.911,0.000,0.089
56500,0.973,0.000,0.027
57000,0.947,0.000,0.053
57500,1.000,0.000,0.000
