time,n_A+p,n_B,n_AB
500,0.207,0.010,0.783
1000,0.545,0.000,0.455
1500,0.638,0.000,0.362
2000,0.916,0.000,0.084
2500,0.595,0.000,0.405
3000,0.826,0.000,0.174
3500,0.705,0.000,0.295
4000,0.644,0.000,0.356
4500,0.979,0.000,0.021
5000,0.816,0.000,0.184
5500,0.928,0.000,0.072
6000,0.825,0.000,0.175
6500,0.745,0.000,0.255
7000,0.603,0.000,0.397
7500,0.838,0.000,0.162
8000,0.829,0.000,0.171
8500,0.737,0.000,0.263
9000,0.773,0.000,0.227
9500,0.730,0.000,0.270
10000,0.826,0.000,0.174
10500,0.892,0.000,0.108
11000,0.699,0.000,0.301
11500,0.697,0.000,0.303
12000,0.614,0.000,0.386
12500,0.797,0.000,0.203
13000,0.875,0.000,0.125
13500,0.983,0.000,0.017
14000,1.000,0.000,0.000
