time,n_A+p,n_B,n_AB
500,0.080,0.576,0.344
1000,0.084,0.418,0.498
1500,0.080,0.433,0.487
2000,0.090,0.389,0.521
2500,0.096,0.295,0.609
3000,0.114,0.232,0.654
3500,0.189,0.151,0.660
4000,0.376,0.042,0.582
4500,0.730,0.001,0.269
5000,0.881,0.000,0.119
5500,0.956,0.000,0.044
6000,0.957,0.000,0.043
6500,0.982,0.000,0.018
7000,0.990,0.000,0.010
7500,0.990,0.000,0.010
8000,0.998,0.000,0.002
8500,0.999,0.000,0.001
9000,1.000,0.000,0.000
