time,n_A+p,n_B,n_AB
100,0.030,0.969,0.001
200,0.030,0.966,0.004
300,0.030,0.963,0.007
400,0.030,0.962,0.008
500,0.031,0.960,0.009
600,0.031,0.951,0.018
700,0.030,0.950,0.020
800,0.031,0.943,0.027
900,0.031,0.941,0.029
1000,0.031,0.934,0.036
1100,0.031,0.928,0.041
1200,0.031,0.922,0.047
1300,0.030,0.911,0.059
1400,0.032,0.904,0.064
1500,0.034,0.897,0.069
1600,0.034,0.886,0.081
1700,0.033,0.867,0.100
1800,0.035,0.857,0.108
1900,0.035,0.839,0.127
2000,0.034,0.835,0.132
2100,0.033,0.827,0.140
2200,0.033,0.820,0.147
2300,0.036,0.808,0.156
2400,0.036,0.801,0.163
2500,0.036,0.791,0.174
2600,0.035,0.783,0.182
2700,0.037,0.771,0.192
2800,0.038,0.759,0.203
2900,0.037,0.756,0.207
3000,0.039,0.760,0.201
3100,0.042,0.751,0.207
3200,0.042,0.743,0.216
3300,0.043,0.737,0.220
3400,0.048,0.746,0.206
3500,0.048,0.731,0.221
3600,0.049,0.729,0.222
3700,0.048,0.723,0.229
3800,0.041,0.721,0.238
3900,0.036,0.729,0.235
4000,0.039,0.727,0.234
4100,0.048,0.723,0.229
4200,0.045,0.717,0.238
4300,0.045,0.708,0.247
4400,0.048,0.703,0.249
4500,0.043,0.692,0.266
4600,0.042,0.685,0.273
4700,0.044,0.669,0.287
4800,0.047,0.661,0.292
4900,0.053,0.649,0.298
5000,0.051,0.648,0.301
5100,0.051,0.640,0.308
5200,0.052,0.635,0.313
5300,0.053,0.625,0.322
5400,0.052,0.628,0.320
5500,0.051,0.623,0.326
5600,0.058,0.618,0.324
5700,0.060,0.604,0.336
5800,0.063,0.594,0.342
5900,0.063,0.586,0.350
6000,0.062,0.575,0.363
6100,0.061,0.562,0.377
6200,0.061,0.558,0.381
6300,0.064,0.563,0.373
6400,0.059,0.561,0.380
6500,0.062,0.557,0.381
6600,0.062,0.554,0.384
6700,0.060,0.545,0.394
6800,0.063,0.537,0.399
6900,0.061,0.523,0.416
7000,0.064,0.517,0.419
7100,0.075,0.513,0.413
7200,0.066,0.509,0.425
7300,0.064,0.505,0.431
7400,0.063,0.506,0.431
7500,0.067,0.506,0.427
7600,0.066,0.507,0.427
7700,0.066,0.498,0.435
7800,0.072,0.495,0.433
7900,0.068,0.507,0.425
8000,0.069,0.506,0.425
8100,0.083,0.509,0.409
8200,0.083,0.510,0.408
8300,0.085,0.513,0.402
8400,0.085,0.508,0.408
8500,0.070,0.498,0.431
8600,0.073,0.493,0.434
8700,0.072,0.493,0.435
8800,0.070,0.491,0.438
8900,0.074,0.496,0.430
9000,0.067,0.494,0.438
9100,0.070,0.480,0.449
9200,0.076,0.479,0.445
9300,0.081,0.476,0.443
9400,0.078,0.475,0.447
9500,0.078,0.470,0.453
9600,0.080,0.473,0.447
9700,0.089,0.466,0.445
9800,0.085,0.465,0.450
9900,0.087,0.455,0.459
10000,0.085,0.455,0.461
10100,0.086,0.447,0.467
10200,0.086,0.449,0.465
10300,0.089,0.446,0.465
10400,0.081,0.443,0.476
10500,0.076,0.439,0.485
10600,0.083,0.440,0.477
10700,0.088,0.440,0.472
10800,0.100,0.434,0.466
10900,0.095,0.432,0.473
11000,0.098,0.431,0.471
11100,0.100,0.430,0.470
11200,0.092,0.430,0.478
11300,0.088,0.424,0.488
11400,0.104,0.424,0.472
11500,0.101,0.423,0.476
11600,0.098,0.417,0.485
11700,0.105,0.414,0.481
11800,0.104,0.415,0.481
11900,0.096,0.425,0.479
12000,0.103,0.442,0.455
12100,0.097,0.436,0.467
12200,0.092,0.410,0.498
12300,0.091,0.416,0.493
12400,0.094,0.419,0.487
12500,0.095,0.417,0.488
12600,0.094,0.412,0.494
12700,0.088,0.414,0.498
12800,0.088,0.409,0.504
12900,0.097,0.407,0.496
13000,0.100,0.403,0.496
13100,0.092,0.401,0.507
13200,0.095,0.403,0.502
13300,0.101,0.396,0.503
13400,0.098,0.390,0.512
13500,0.103,0.388,0.509
13600,0.101,0.382,0.517
13700,0.106,0.387,0.507
13800,0.097,0.401,0.502
13900,0.095,0.397,0.508
14000,0.101,0.395,0.504
14100,0.101,0.399,0.499
14200,0.099,0.397,0.504
14300,0.098,0.400,0.502
14400,0.104,0.391,0.505
14500,0.099,0.392,0.509
14600,0.092,0.384,0.524
14700,0.097,0.386,0.517
14800,0.105,0.387,0.508
14900,0.115,0.387,0.497
15000,0.117,0.384,0.498
15100,0.110,0.367,0.523
15200,0.111,0.364,0.525
15300,0.124,0.370,0.507
15400,0.122,0.364,0.515
15500,0.125,0.354,0.521
15600,0.121,0.350,0.529
15700,0.124,0.362,0.515
15800,0.117,0.353,0.529
15900,0.112,0.351,0.536
16000,0.108,0.354,0.537
16100,0.109,0.356,0.534
16200,0.105,0.358,0.537
16300,0.104,0.359,0.537
16400,0.103,0.363,0.534
16500,0.102,0.354,0.543
16600,0.111,0.350,0.538
16700,0.111,0.354,0.534
16800,0.112,0.355,0.532
16900,0.108,0.355,0.536
17000,0.108,0.356,0.535
17100,0.128,0.353,0.519
17200,0.125,0.363,0.513
17300,0.126,0.366,0.509
17400,0.115,0.362,0.523
17500,0.104,0.358,0.538
17600,0.103,0.360,0.537
17700,0.105,0.359,0.536
17800,0.103,0.362,0.535
17900,0.108,0.363,0.529
18000,0.114,0.368,0.518
18100,0.133,0.361,0.507
18200,0.129,0.350,0.521
18300,0.128,0.341,0.531
18400,0.133,0.336,0.531
18500,0.129,0.333,0.538
18600,0.133,0.332,0.535
18700,0.135,0.331,0.534
18800,0.131,0.334,0.535
18900,0.125,0.331,0.544
19000,0.126,0.332,0.542
19100,0.121,0.331,0.549
19200,0.122,0.329,0.550
19300,0.129,0.328,0.543
19400,0.149,0.329,0.522
19500,0.146,0.331,0.523
19600,0.145,0.326,0.529
19700,0.150,0.329,0.521
19800,0.154,0.329,0.517
19900,0.158,0.323,0.519
20000,0.151,0.321,0.528
20100,0.151,0.336,0.513
20200,0.155,0.335,0.510
20300,0.151,0.335,0.514
20400,0.153,0.330,0.517
20500,0.155,0.332,0.513
20600,0.156,0.334,0.510
20700,0.150,0.331,0.519
20800,0.146,0.330,0.524
20900,0.142,0.329,0.529
21000,0.140,0.321,0.539
21100,0.144,0.324,0.532
21200,0.139,0.328,0.533
21300,0.137,0.325,0.538
21400,0.141,0.323,0.536
21500,0.141,0.323,0.536
21600,0.157,0.323,0.520
21700,0.151,0.322,0.527
21800,0.149,0.320,0.531
21900,0.149,0.320,0.531
22000,0.154,0.320,0.526
22100,0.158,0.309,0.532
22200,0.150,0.304,0.545
22300,0.132,0.306,0.562
22400,0.136,0.308,0.556
22500,0.137,0.307,0.556
22600,0.129,0.300,0.571
22700,0.129,0.312,0.560
22800,0.124,0.309,0.567
22900,0.125,0.304,0.571
23000,0.130,0.301,0.569
23100,0.122,0.303,0.575
23200,0.123,0.314,0.564
23300,0.143,0.315,0.542
23400,0.140,0.313,0.547
23500,0.141,0.311,0.549
23600,0.140,0.309,0.551
23700,0.145,0.316,0.539
23800,0.152,0.321,0.527
23900,0.140,0.320,0.540
24000,0.159,0.315,0.526
24100,0.159,0.314,0.527
24200,0.160,0.315,0.525
24300,0.157,0.308,0.534
24400,0.156,0.304,0.539
24500,0.144,0.306,0.550
24600,0.135,0.316,0.550
24700,0.142,0.309,0.549
24800,0.139,0.312,0.550
24900,0.139,0.311,0.551
25000,0.138,0.307,0.555
25100,0.140,0.318,0.542
25200,0.138,0.317,0.545
25300,0.137,0.312,0.552
25400,0.133,0.302,0.565
25500,0.124,0.309,0.567
25600,0.123,0.308,0.569
25700,0.123,0.303,0.574
25800,0.123,0.313,0.565
25900,0.129,0.316,0.556
26000,0.126,0.316,0.559
26100,0.127,0.313,0.561
26200,0.126,0.311,0.564
26300,0.126,0.307,0.567
26400,0.127,0.313,0.561
26500,0.122,0.318,0.561
26600,0.115,0.308,0.576
26700,0.117,0.302,0.580
26800,0.107,0.305,0.587
26900,0.108,0.311,0.581
27000,0.106,0.309,0.584
27100,0.112,0.304,0.583
27200,0.116,0.299,0.584
27300,0.115,0.300,0.584
27400,0.115,0.294,0.590
27500,0.117,0.301,0.581
27600,0.118,0.308,0.573
27700,0.117,0.312,0.571
27800,0.129,0.328,0.543
27900,0.121,0.317,0.563
28000,0.118,0.324,0.558
28100,0.118,0.328,0.554
28200,0.121,0.333,0.546
28300,0.114,0.328,0.558
28400,0.120,0.322,0.559
28500,0.127,0.314,0.560
28600,0.128,0.318,0.555
28700,0.126,0.320,0.555
28800,0.124,0.319,0.558
28900,0.125,0.321,0.555
29000,0.121,0.319,0.561
29100,0.117,0.321,0.562
29200,0.113,0.329,0.558
29300,0.108,0.309,0.582
29400,0.111,0.308,0.580
29500,0.111,0.314,0.575
29600,0.104,0.306,0.589
29700,0.100,0.302,0.598
29800,0.111,0.304,0.584
29900,0.105,0.306,0.588
30000,0.105,0.297,0.598
30100,0.111,0.301,0.587
30200,0.111,0.302,0.586
30300,0.108,0.298,0.593
30400,0.117,0.294,0.588
30500,0.111,0.295,0.593
30600,0.105,0.299,0.596
30700,0.106,0.289,0.605
30800,0.107,0.295,0.598
30900,0.104,0.291,0.605
31000,0.106,0.294,0.600
31100,0.113,0.300,0.586
31200,0.108,0.297,0.594
31300,0.114,0.293,0.592
31400,0.100,0.291,0.609
31500,0.102,0.291,0.607
31600,0.104,0.296,0.600
31700,0.102,0.292,0.606
31800,0.101,0.294,0.605
31900,0.113,0.291,0.596
32000,0.113,0.290,0.597
32100,0.115,0.292,0.592
32200,0.114,0.287,0.599
32300,0.118,0.287,0.594
32400,0.115,0.294,0.590
32500,0.116,0.298,0.585
32600,0.114,0.287,0.599
32700,0.111,0.289,0.600
32800,0.115,0.295,0.589
32900,0.113,0.311,0.576
33000,0.116,0.311,0.573
33100,0.117,0.314,0.569
33200,0.107,0.313,0.580
33300,0.105,0.306,0.588
33400,0.109,0.308,0.582
33500,0.114,0.306,0.579
33600,0.124,0.305,0.571
33700,0.122,0.313,0.566
33800,0.120,0.299,0.581
33900,0.115,0.317,0.568
34000,0.114,0.308,0.577
34100,0.114,0.309,0.576
34200,0.113,0.298,0.588
34300,0.115,0.304,0.580
34400,0.116,0.311,0.573
34500,0.114,0.305,0.580
34600,0.118,0.307,0.574
34700,0.127,0.307,0.566
34800,0.126,0.307,0.567
34900,0.123,0.305,0.572
35000,0.112,0.300,0.587
35100,0.117,0.296,0.586
35200,0.112,0.287,0.601
35300,0.111,0.287,0.602
35400,0.105,0.283,0.612
35500,0.108,0.271,0.621
35600,0.111,0.270,0.619
35700,0.122,0.280,0.599
35800,0.124,0.288,0.588
35900,0.128,0.288,0.584
36000,0.128,0.285,0.587
36100,0.118,0.279,0.603
36200,0.117,0.300,0.582
36300,0.123,0.304,0.573
36400,0.125,0.308,0.567
36500,0.122,0.305,0.573
36600,0.117,0.299,0.583
36700,0.115,0.295,0.589
36800,0.125,0.294,0.581
36900,0.130,0.288,0.582
37000,0.129,0.283,0.588
37100,0.121,0.282,0.598
37200,0.122,0.275,0.604
37300,0.128,0.275,0.598
37400,0.132,0.277,0.591
37500,0.138,0.279,0.583
37600,0.131,0.283,0.586
37700,0.120,0.281,0.600
37800,0.117,0.275,0.608
37900,0.115,0.277,0.608
38000,0.107,0.268,0.625
38100,0.106,0.266,0.628
38200,0.114,0.283,0.603
38300,0.129,0.281,0.590
38400,0.125,0.289,0.586
38500,0.123,0.291,0.586
38600,0.126,0.297,0.577
38700,0.126,0.289,0.585
38800,0.125,0.286,0.589
38900,0.127,0.282,0.591
39000,0.140,0.274,0.586
39100,0.136,0.273,0.591
39200,0.134,0.275,0.591
39300,0.129,0.276,0.596
39400,0.132,0.279,0.589
39500,0.136,0.279,0.585
39600,0.129,0.276,0.596
39700,0.127,0.282,0.591
39800,0.128,0.284,0.588
39900,0.130,0.283,0.587
40000,0.129,0.279,0.592
40100,0.126,0.287,0.587
40200,0.129,0.288,0.583
40300,0.128,0.295,0.577
40400,0.130,0.292,0.578
40500,0.137,0.295,0.568
40600,0.149,0.296,0.555
40700,0.145,0.288,0.567
40800,0.140,0.285,0.575
40900,0.146,0.287,0.567
41000,0.144,0.282,0.574
41100,0.142,0.277,0.581
41200,0.148,0.270,0.582
41300,0.139,0.271,0.590
41400,0.146,0.270,0.584
41500,0.145,0.265,0.590
41600,0.140,0.268,0.592
41700,0.145,0.259,0.596
41800,0.139,0.273,0.588
41900,0.139,0.276,0.585
42000,0.146,0.280,0.574
42100,0.143,0.282,0.575
42200,0.140,0.276,0.584
42300,0.141,0.280,0.579
42400,0.150,0.279,0.571
42500,0.149,0.275,0.576
42600,0.154,0.281,0.565
42700,0.157,0.294,0.549
42800,0.152,0.289,0.559
42900,0.145,0.282,0.573
43000,0.137,0.281,0.582
43100,0.140,0.276,0.584
43200,0.148,0.273,0.579
43300,0.162,0.263,0.575
43400,0.163,0.267,0.570
43500,0.157,0.261,0.581
43600,0.161,0.261,0.577
43700,0.153,0.265,0.582
43800,0.156,0.257,0.586
43900,0.147,0.276,0.577
44000,0.142,0.271,0.587
44100,0.146,0.271,0.583
44200,0.161,0.282,0.557
44300,0.156,0.281,0.563
44400,0.143,0.281,0.576
44500,0.135,0.280,0.585
44600,0.136,0.279,0.585
44700,0.137,0.280,0.583
44800,0.135,0.282,0.583
44900,0.135,0.285,0.580
45000,0.129,0.286,0.585
45100,0.128,0.302,0.570
45200,0.130,0.298,0.572
45300,0.129,0.300,0.571
45400,0.125,0.312,0.564
45500,0.130,0.303,0.567
45600,0.129,0.309,0.562
45700,0.132,0.315,0.554
45800,0.133,0.313,0.555
45900,0.129,0.313,0.559
46000,0.126,0.307,0.567
46100,0.129,0.301,0.570
46200,0.128,0.304,0.568
46300,0.129,0.303,0.568
46400,0.127,0.297,0.576
46500,0.130,0.294,0.576
46600,0.129,0.286,0.585
46700,0.127,0.286,0.587
46800,0.123,0.280,0.598
46900,0.128,0.265,0.608
47000,0.133,0.276,0.591
47100,0.131,0.275,0.594
47200,0.129,0.270,0.602
47300,0.130,0.269,0.602
47400,0.131,0.266,0.604
47500,0.135,0.267,0.599
47600,0.128,0.265,0.608
47700,0.122,0.273,0.606
47800,0.124,0.268,0.609
47900,0.123,0.268,0.610
48000,0.122,0.269,0.610
48100,0.125,0.281,0.594
48200,0.117,0.279,0.604
48300,0.118,0.280,0.602
48400,0.118,0.271,0.611
48500,0.114,0.272,0.614
48600,0.112,0.275,0.613
48700,0.111,0.277,0.612
48800,0.122,0.276,0.603
48900,0.122,0.270,0.609
49000,0.120,0.275,0.606
49100,0.116,0.275,0.609
49200,0.120,0.276,0.605
49300,0.124,0.277,0.600
49400,0.130,0.273,0.598
49500,0.136,0.276,0.588
49600,0.136,0.274,0.590
49700,0.137,0.272,0.591
49800,0.138,0.280,0.582
49900,0.128,0.274,0.599
50000,0.129,0.275,0.597
50100,0.131,0.269,0.601
50200,0.134,0.266,0.601
50300,0.129,0.257,0.614
50400,0.135,0.257,0.608
50500,0.127,0.260,0.613
50600,0.143,0.263,0.594
50700,0.146,0.257,0.597
50800,0.147,0.259,0.593
50900,0.154,0.255,0.590
51000,0.156,0.254,0.589
51100,0.152,0.253,0.594
51200,0.159,0.257,0.583
51300,0.163,0.258,0.578
51400,0.163,0.257,0.579
51500,0.159,0.258,0.582
51600,0.169,0.259,0.572
51700,0.180,0.246,0.574
51800,0.172,0.244,0.584
51900,0.164,0.244,0.591
52000,0.163,0.241,0.596
52100,0.164,0.246,0.589
52200,0.160,0.257,0.582
52300,0.157,0.254,0.588
52400,0.157,0.246,0.597
52500,0.160,0.247,0.592
52600,0.159,0.252,0.588
52700,0.154,0.248,0.598
52800,0.150,0.253,0.597
52900,0.139,0.261,0.600
53000,0.139,0.260,0.601
53100,0.143,0.257,0.600
53200,0.150,0.259,0.590
53300,0.145,0.259,0.596
53400,0.158,0.252,0.589
53500,0.162,0.250,0.587
53600,0.162,0.247,0.590
53700,0.161,0.245,0.593
53800,0.159,0.245,0.596
53900,0.160,0.238,0.602
54000,0.174,0.239,0.587
54100,0.177,0.236,0.587
54200,0.176,0.234,0.590
54300,0.168,0.229,0.604
54400,0.172,0.224,0.605
54500,0.159,0.229,0.612
54600,0.149,0.233,0.618
54700,0.150,0.232,0.618
54800,0.151,0.240,0.609
54900,0.156,0.235,0.609
55000,0.156,0.228,0.616
55100,0.156,0.238,0.606
55200,0.155,0.243,0.602
55300,0.154,0.242,0.604
55400,0.155,0.244,0.601
55500,0.157,0.244,0.599
55600,0.161,0.241,0.598
55700,0.155,0.239,0.606
55800,0.157,0.239,0.604
55900,0.154,0.244,0.602
56000,0.158,0.239,0.603
56100,0.166,0.240,0.593
56200,0.158,0.242,0.600
56300,0.155,0.231,0.614
56400,0.157,0.237,0.606
56500,0.154,0.238,0.608
56600,0.152,0.233,0.615
56700,0.150,0.242,0.608
56800,0.147,0.241,0.612
56900,0.145,0.247,0.608
57000,0.142,0.244,0.614
57100,0.135,0.239,0.626
57200,0.143,0.237,0.620
57300,0.125,0.234,0.641
57400,0.128,0.238,0.634
57500,0.127,0.245,0.628
57600,0.130,0.243,0.627
57700,0.134,0.248,0.618
57800,0.133,0.250,0.617
57900,0.137,0.249,0.614
58000,0.138,0.252,0.610
58100,0.136,0.247,0.617
58200,0.146,0.248,0.606
58300,0.146,0.246,0.608
58400,0.141,0.259,0.600
58500,0.147,0.261,0.591
58600,0.137,0.266,0.598
58700,0.134,0.258,0.608
58800,0.131,0.257,0.612
58900,0.126,0.248,0.626
59000,0.124,0.251,0.625
59100,0.133,0.251,0.616
59200,0.137,0.238,0.625
59300,0.144,0.234,0.622
59400,0.149,0.239,0.612
59500,0.147,0.242,0.611
59600,0.143,0.239,0.618
59700,0.143,0.245,0.612
59800,0.145,0.244,0.611
59900,0.147,0.243,0.610
60000,0.138,0.235,0.627
60100,0.145,0.236,0.619
60200,0.148,0.236,0.616
60300,0.141,0.240,0.619
60400,0.138,0.235,0.627
60500,0.143,0.238,0.619
60600,0.142,0.232,0.626
60700,0.144,0.238,0.618
60800,0.143,0.237,0.620
60900,0.142,0.236,0.622
61000,0.147,0.232,0.621
61100,0.144,0.244,0.612
61200,0.139,0.254,0.607
61300,0.135,0.250,0.615
61400,0.147,0.245,0.608
61500,0.153,0.233,0.614
61600,0.143,0.233,0.624
61700,0.144,0.228,0.628
61800,0.138,0.231,0.631
61900,0.143,0.227,0.630
62000,0.142,0.223,0.635
62100,0.145,0.221,0.634
62200,0.148,0.223,0.629
62300,0.149,0.228,0.623
62400,0.141,0.226,0.633
62500,0.145,0.233,0.622
62600,0.138,0.228,0.634
62700,0.151,0.220,0.629
62800,0.142,0.219,0.639
62900,0.139,0.225,0.636
63000,0.138,0.224,0.638
63100,0.142,0.223,0.635
63200,0.139,0.226,0.635
63300,0.143,0.227,0.630
63400,0.142,0.227,0.631
63500,0.148,0.227,0.625
63600,0.148,0.234,0.618
63700,0.145,0.233,0.622
63800,0.144,0.238,0.618
63900,0.148,0.236,0.616
64000,0.142,0.231,0.627
64100,0.136,0.231,0.633
64200,0.130,0.237,0.633
64300,0.135,0.233,0.632
64400,0.143,0.232,0.625
64500,0.140,0.234,0.626
64600,0.138,0.236,0.626
64700,0.128,0.236,0.636
64800,0.146,0.225,0.629
64900,0.146,0.238,0.616
65000,0.140,0.231,0.629
65100,0.137,0.233,0.630
65200,0.131,0.236,0.633
65300,0.133,0.233,0.634
65400,0.133,0.232,0.635
65500,0.129,0.230,0.641
65600,0.134,0.226,0.640
65700,0.138,0.219,0.644
65800,0.135,0.225,0.640
65900,0.134,0.228,0.638
66000,0.132,0.229,0.639
66100,0.138,0.228,0.634
66200,0.127,0.221,0.653
66300,0.136,0.223,0.641
66400,0.135,0.222,0.644
66500,0.128,0.226,0.647
66600,0.120,0.223,0.658
66700,0.124,0.229,0.648
66800,0.120,0.231,0.650
66900,0.120,0.234,0.647
67000,0.117,0.238,0.645
67100,0.114,0.236,0.650
67200,0.118,0.237,0.645
67300,0.122,0.244,0.634
67400,0.120,0.247,0.633
67500,0.122,0.243,0.635
67600,0.126,0.243,0.631
67700,0.125,0.240,0.635
67800,0.126,0.237,0.637
67900,0.129,0.235,0.636
68000,0.124,0.238,0.638
68100,0.123,0.237,0.640
68200,0.122,0.238,0.640
68300,0.123,0.236,0.641
68400,0.117,0.238,0.645
68500,0.123,0.250,0.627
68600,0.117,0.254,0.628
68700,0.107,0.250,0.642
68800,0.106,0.247,0.647
68900,0.104,0.266,0.630
69000,0.112,0.263,0.625
69100,0.103,0.264,0.633
69200,0.100,0.261,0.638
69300,0.107,0.268,0.625
69400,0.116,0.275,0.609
69500,0.120,0.265,0.616
69600,0.123,0.268,0.610
69700,0.124,0.257,0.619
69800,0.129,0.257,0.614
69900,0.121,0.256,0.623
70000,0.123,0.246,0.631
70100,0.129,0.241,0.630
70200,0.133,0.236,0.631
70300,0.135,0.236,0.629
70400,0.128,0.233,0.639
70500,0.121,0.231,0.649
70600,0.134,0.238,0.628
70700,0.128,0.244,0.628
70800,0.126,0.238,0.636
70900,0.130,0.236,0.634
71000,0.134,0.233,0.633
71100,0.129,0.238,0.633
71200,0.131,0.241,0.628
71300,0.131,0.249,0.620
71400,0.134,0.254,0.612
71500,0.132,0.257,0.611
71600,0.120,0.253,0.627
71700,0.112,0.260,0.627
71800,0.115,0.263,0.622
71900,0.110,0.259,0.630
72000,0.107,0.264,0.629
72100,0.109,0.260,0.630
72200,0.111,0.255,0.633
72300,0.114,0.251,0.634
72400,0.106,0.260,0.633
72500,0.105,0.260,0.634
72600,0.106,0.265,0.629
72700,0.104,0.269,0.627
72800,0.108,0.272,0.620
72900,0.111,0.268,0.621
73000,0.108,0.269,0.623
73100,0.113,0.263,0.624
73200,0.120,0.263,0.618
73300,0.114,0.247,0.638
73400,0.117,0.251,0.631
73500,0.116,0.248,0.635
73600,0.118,0.250,0.631
73700,0.126,0.253,0.621
73800,0.122,0.250,0.628
73900,0.121,0.249,0.630
74000,0.113,0.245,0.641
74100,0.114,0.240,0.646
74200,0.123,0.233,0.645
74300,0.127,0.234,0.639
74400,0.134,0.244,0.622
74500,0.131,0.250,0.619
74600,0.131,0.248,0.621
74700,0.122,0.243,0.635
74800,0.120,0.245,0.635
74900,0.125,0.241,0.634
75000,0.126,0.250,0.624
75100,0.120,0.256,0.624
75200,0.122,0.254,0.624
75300,0.123,0.244,0.633
75400,0.118,0.247,0.634
75500,0.124,0.240,0.636
75600,0.131,0.241,0.628
75700,0.139,0.239,0.622
75800,0.146,0.232,0.622
75900,0.142,0.237,0.621
76000,0.142,0.233,0.625
76100,0.139,0.234,0.627
76200,0.138,0.243,0.619
76300,0.130,0.245,0.625
76400,0.135,0.242,0.623
76500,0.136,0.242,0.622
76600,0.132,0.245,0.623
76700,0.134,0.244,0.622
76800,0.135,0.243,0.622
76900,0.145,0.239,0.616
77000,0.149,0.231,0.620
77100,0.144,0.234,0.622
77200,0.141,0.247,0.612
77300,0.138,0.244,0.618
77400,0.142,0.240,0.618
77500,0.157,0.241,0.602
77600,0.152,0.240,0.608
77700,0.154,0.247,0.599
77800,0.154,0.247,0.599
77900,0.146,0.249,0.605
78000,0.144,0.246,0.610
78100,0.146,0.245,0.609
78200,0.149,0.240,0.611
78300,0.157,0.230,0.613
78400,0.161,0.230,0.609
78500,0.148,0.229,0.623
78600,0.149,0.221,0.630
78700,0.144,0.213,0.642
78800,0.144,0.212,0.644
78900,0.138,0.219,0.644
79000,0.142,0.227,0.631
79100,0.147,0.223,0.630
79200,0.147,0.234,0.619
79300,0.142,0.236,0.622
79400,0.148,0.233,0.619
79500,0.142,0.232,0.626
79600,0.141,0.229,0.630
79700,0.139,0.230,0.631
79800,0.145,0.235,0.620
79900,0.144,0.238,0.618
80000,0.139,0.229,0.632
80100,0.141,0.229,0.630
80200,0.143,0.230,0.627
80300,0.142,0.228,0.630
80400,0.137,0.230,0.633
80500,0.142,0.224,0.634
80600,0.136,0.219,0.646
80700,0.132,0.223,0.646
80800,0.134,0.234,0.632
80900,0.129,0.237,0.634
81000,0.134,0.236,0.630
81100,0.140,0.236,0.624
81200,0.145,0.230,0.625
81300,0.149,0.237,0.614
81400,0.163,0.240,0.597
81500,0.158,0.243,0.599
81600,0.160,0.236,0.604
81700,0.150,0.240,0.610
81800,0.156,0.239,0.605
81900,0.156,0.236,0.608
82000,0.157,0.240,0.603
82100,0.159,0.230,0.611
82200,0.153,0.223,0.624
82300,0.154,0.220,0.626
82400,0.152,0.226,0.622
82500,0.159,0.227,0.614
82600,0.165,0.226,0.609
82700,0.164,0.227,0.609
82800,0.171,0.225,0.605
82900,0.157,0.229,0.614
83000,0.154,0.230,0.616
83100,0.145,0.227,0.628
83200,0.137,0.231,0.632
83300,0.143,0.226,0.631
83400,0.143,0.217,0.640
83500,0.136,0.231,0.633
83600,0.125,0.231,0.645
83700,0.124,0.229,0.648
83800,0.127,0.232,0.641
83900,0.122,0.232,0.647
84000,0.117,0.230,0.653
84100,0.127,0.233,0.640
84200,0.142,0.235,0.623
84300,0.146,0.228,0.626
84400,0.139,0.229,0.632
84500,0.143,0.231,0.626
84600,0.137,0.232,0.631
84700,0.142,0.229,0.629
84800,0.140,0.231,0.629
84900,0.139,0.233,0.628
85000,0.138,0.238,0.624
85100,0.136,0.241,0.623
85200,0.131,0.237,0.632
85300,0.130,0.242,0.628
85400,0.137,0.238,0.625
85500,0.137,0.230,0.633
85600,0.133,0.234,0.633
85700,0.135,0.235,0.630
85800,0.123,0.225,0.653
85900,0.128,0.231,0.641
86000,0.135,0.230,0.635
86100,0.136,0.228,0.636
86200,0.131,0.223,0.647
86300,0.136,0.222,0.642
86400,0.133,0.223,0.645
86500,0.130,0.233,0.637
86600,0.131,0.228,0.641
86700,0.135,0.232,0.633
86800,0.131,0.241,0.628
86900,0.123,0.242,0.635
87000,0.135,0.238,0.627
87100,0.133,0.233,0.634
87200,0.131,0.227,0.642
87300,0.135,0.234,0.631
87400,0.149,0.228,0.623
87500,0.151,0.221,0.628
87600,0.162,0.221,0.617
87700,0.168,0.215,0.618
87800,0.160,0.217,0.623
87900,0.147,0.212,0.640
88000,0.151,0.211,0.637
88100,0.147,0.209,0.644
88200,0.147,0.210,0.642
88300,0.147,0.212,0.640
88400,0.155,0.210,0.634
88500,0.146,0.213,0.640
88600,0.149,0.217,0.634
88700,0.149,0.213,0.637
88800,0.151,0.217,0.632
88900,0.159,0.215,0.626
89000,0.156,0.218,0.626
89100,0.154,0.218,0.628
89200,0.147,0.216,0.637
89300,0.142,0.220,0.638
89400,0.140,0.218,0.642
89500,0.141,0.207,0.652
89600,0.138,0.208,0.654
89700,0.142,0.209,0.649
89800,0.142,0.215,0.644
89900,0.146,0.212,0.641
90000,0.146,0.216,0.638
90100,0.140,0.212,0.648
90200,0.131,0.219,0.651
90300,0.136,0.220,0.645
90400,0.138,0.219,0.644
90500,0.141,0.221,0.638
90600,0.140,0.224,0.636
90700,0.133,0.225,0.642
90800,0.136,0.218,0.647
90900,0.134,0.216,0.651
91000,0.133,0.218,0.650
91100,0.130,0.213,0.657
91200,0.131,0.209,0.660
91300,0.128,0.211,0.661
91400,0.133,0.219,0.649
91500,0.132,0.218,0.651
91600,0.128,0.229,0.644
91700,0.125,0.234,0.641
91800,0.121,0.241,0.638
91900,0.126,0.233,0.641
92000,0.125,0.232,0.644
92100,0.125,0.227,0.649
92200,0.125,0.229,0.647
92300,0.126,0.228,0.647
92400,0.124,0.224,0.653
92500,0.128,0.217,0.656
92600,0.130,0.215,0.656
92700,0.127,0.230,0.644
92800,0.124,0.229,0.648
92900,0.132,0.225,0.644
93000,0.125,0.225,0.651
93100,0.130,0.223,0.648
93200,0.130,0.222,0.649
93300,0.130,0.221,0.650
93400,0.122,0.209,0.669
93500,0.122,0.207,0.671
93600,0.129,0.205,0.666
93700,0.130,0.205,0.665
93800,0.132,0.206,0.662
93900,0.135,0.213,0.652
94000,0.141,0.212,0.647
94100,0.131,0.209,0.660
94200,0.137,0.208,0.655
94300,0.139,0.206,0.655
94400,0.145,0.207,0.648
94500,0.149,0.196,0.655
94600,0.151,0.195,0.654
94700,0.150,0.190,0.660
94800,0.149,0.196,0.655
94900,0.152,0.196,0.652
95000,0.147,0.199,0.654
95100,0.151,0.196,0.653
95200,0.161,0.201,0.637
95300,0.148,0.200,0.652
95400,0.157,0.202,0.640
95500,0.160,0.199,0.640
95600,0.159,0.198,0.642
95700,0.166,0.199,0.634
95800,0.160,0.204,0.635
95900,0.164,0.204,0.631
96000,0.162,0.205,0.632
96100,0.161,0.198,0.640
96200,0.174,0.207,0.619
96300,0.172,0.203,0.625
96400,0.172,0.202,0.626
96500,0.172,0.194,0.634
96600,0.176,0.198,0.626
96700,0.183,0.196,0.621
96800,0.181,0.190,0.629
96900,0.185,0.197,0.618
97000,0.185,0.194,0.621
97100,0.180,0.194,0.626
97200,0.170,0.196,0.634
97300,0.169,0.197,0.634
97400,0.166,0.197,0.636
97500,0.165,0.203,0.631
97600,0.168,0.202,0.630
97700,0.166,0.193,0.640
97800,0.154,0.197,0.649
97900,0.154,0.209,0.636
98000,0.150,0.201,0.649
98100,0.151,0.202,0.647
98200,0.144,0.209,0.647
98300,0.146,0.205,0.649
98400,0.141,0.203,0.656
98500,0.148,0.203,0.649
98600,0.148,0.195,0.657
98700,0.150,0.199,0.651
98800,0.153,0.198,0.649
98900,0.144,0.197,0.659
99000,0.138,0.197,0.665
99100,0.136,0.198,0.666
99200,0.138,0.189,0.673
99300,0.138,0.195,0.667
99400,0.142,0.190,0.668
99500,0.133,0.200,0.667
99600,0.137,0.200,0.663
99700,0.134,0.202,0.664
99800,0.133,0.213,0.654
99900,0.136,0.212,0.652
100000,0.129,0.213,0.658
