time,n_A+p,n_B,n_AB
500,0.080,0.569,0.351
1000,0.080,0.257,0.663
1500,0.111,0.157,0.733
2000,0.158,0.061,0.781
2500,0.433,0.007,0.559
3000,0.571,0.001,0.429
3500,0.677,0.000,0.323
4000,0.724,0.000,0.276
4500,0.747,0.000,0.253
5000,0.718,0.000,0.282
5500,0.758,0.000,0.242
6000,0.818,0.000,0.182
6500,0.846,0.000,0.154
7000,0.876,0.000,0.124
7500,0.879,0.000,0.121
8000,0.905,0.000,0.095
8500,0.940,0.000,0.060
9000,0.964,0.000,0.036
9500,0.986,0.000,0.014
10000,0.998,0.000,0.002
10500,0.988,0.000,0.012
11000,0.976,0.000,0.024
11500,0.956,0.000,0.044
12000,0.977,0.000,0.023
12500,0.993,0.000,0.007
13000,0.998,0.000,0.002
13500,0.989,0.000,0.011
14000,0.980,0.000,0.020
14500,0.953,0.000,0.047
15000,0.936,0.000,0.064
15500,0.931,0.000,0.069
16000,0.856,0.000,0.144
16500,0.800,0.000,0.200
17000,0.869,0.000,0.131
17500,0.873,0.000,0.127
18000,0.868,0.000,0.132
18500,0.877,0.000,0.123
19000,0.898,0.000,0.102
19500,0.912,0.000,0.088
20000,0.889,0.000,0.111
20500,0.912,0.000,0.088
21000,0.926,0.000,0.074
21500,0.901,0.000,0.099
22000,0.944,0.000,0.056
22500,0.985,0.000,0.015
23000,0.969,0.000,0.031
23500,0.979,0.000,0.021
24000,0.989,0.000,0.011
24500,0.994,0.000,0.006
25000,1.000,0.000,0.000
25500,1.000,0.000,0.000
