time,n_A+p,n_B,n_AB
100,0.030,0.967,0.003
200,0.031,0.962,0.007
300,0.031,0.962,0.007
400,0.031,0.961,0.008
500,0.031,0.957,0.012
600,0.034,0.955,0.011
700,0.033,0.946,0.021
800,0.033,0.945,0.022
900,0.034,0.944,0.022
1000,0.034,0.943,0.023
1100,0.046,0.934,0.020
1200,0.043,0.930,0.028
1300,0.046,0.931,0.023
1400,0.044,0.931,0.026
1500,0.051,0.919,0.030
1600,0.046,0.931,0.023
1700,0.046,0.927,0.027
1800,0.047,0.926,0.027
1900,0.047,0.928,0.025
2000,0.044,0.940,0.016
2100,0.053,0.916,0.031
2200,0.048,0.920,0.032
2300,0.047,0.921,0.032
2400,0.047,0.910,0.043
2500,0.049,0.918,0.033
2600,0.048,0.919,0.033
2700,0.050,0.914,0.036
2800,0.049,0.913,0.038
2900,0.047,0.914,0.039
3000,0.047,0.916,0.037
3100,0.049,0.912,0.039
3200,0.052,0.915,0.033
3300,0.052,0.908,0.040
3400,0.050,0.908,0.042
3500,0.048,0.913,0.039
3600,0.054,0.906,0.040
3700,0.054,0.905,0.041
3800,0.060,0.897,0.043
3900,0.060,0.898,0.042
4000,0.056,0.900,0.044
4100,0.058,0.891,0.051
4200,0.063,0.892,0.045
4300,0.060,0.894,0.046
4400,0.061,0.896,0.043
4500,0.059,0.890,0.051
4600,0.066,0.883,0.051
4700,0.064,0.885,0.051
4800,0.073,0.869,0.058
4900,0.068,0.869,0.062
5000,0.070,0.864,0.065
5100,0.069,0.860,0.070
5200,0.060,0.867,0.073
5300,0.077,0.864,0.059
5400,0.074,0.868,0.058
5500,0.075,0.866,0.059
5600,0.072,0.877,0.051
5700,0.070,0.877,0.052
5800,0.063,0.874,0.062
5900,0.064,0.875,0.060
6000,0.065,0.868,0.066
6100,0.062,0.865,0.073
6200,0.068,0.862,0.069
6300,0.061,0.882,0.057
6400,0.075,0.863,0.062
6500,0.076,0.864,0.060
6600,0.068,0.877,0.054
6700,0.073,0.868,0.059
6800,0.081,0.858,0.061
6900,0.085,0.859,0.056
7000,0.076,0.857,0.067
7100,0.083,0.861,0.056
7200,0.082,0.852,0.066
7300,0.088,0.836,0.077
7400,0.073,0.841,0.087
7500,0.089,0.825,0.086
7600,0.098,0.837,0.065
7700,0.102,0.825,0.073
7800,0.096,0.828,0.076
7900,0.095,0.825,0.080
8000,0.104,0.804,0.092
8100,0.113,0.806,0.081
8200,0.115,0.804,0.081
8300,0.117,0.802,0.081
8400,0.129,0.791,0.081
8500,0.120,0.800,0.081
8600,0.123,0.795,0.083
8700,0.118,0.794,0.088
8800,0.133,0.787,0.081
8900,0.118,0.798,0.084
9000,0.130,0.784,0.086
9100,0.142,0.767,0.091
9200,0.131,0.774,0.095
9300,0.134,0.769,0.097
9400,0.125,0.765,0.110
9500,0.130,0.762,0.108
9600,0.141,0.758,0.101
9700,0.135,0.754,0.111
9800,0.144,0.765,0.091
9900,0.138,0.761,0.101
10000,0.141,0.756,0.103
10100,0.133,0.758,0.109
10200,0.135,0.756,0.109
10300,0.143,0.761,0.096
10400,0.142,0.756,0.102
10500,0.140,0.758,0.102
10600,0.148,0.739,0.113
10700,0.161,0.727,0.111
10800,0.189,0.704,0.107
10900,0.185,0.713,0.102
11000,0.161,0.722,0.116
11100,0.159,0.712,0.129
11200,0.146,0.725,0.129
11300,0.175,0.715,0.110
11400,0.169,0.711,0.121
11500,0.164,0.711,0.125
11600,0.159,0.709,0.132
11700,0.147,0.727,0.126
11800,0.158,0.709,0.133
11900,0.165,0.711,0.124
12000,0.147,0.713,0.140
12100,0.151,0.710,0.139
12200,0.155,0.706,0.139
12300,0.153,0.705,0.142
12400,0.168,0.704,0.129
12500,0.155,0.720,0.125
12600,0.155,0.717,0.128
12700,0.160,0.720,0.120
12800,0.157,0.708,0.135
12900,0.160,0.704,0.136
13000,0.159,0.705,0.136
13100,0.163,0.714,0.123
13200,0.154,0.718,0.128
13300,0.151,0.722,0.127
13400,0.142,0.734,0.124
13500,0.140,0.730,0.130
13600,0.132,0.747,0.122
13700,0.139,0.750,0.111
13800,0.139,0.751,0.110
13900,0.129,0.769,0.102
14000,0.126,0.768,0.106
14100,0.123,0.765,0.112
14200,0.120,0.768,0.112
14300,0.131,0.760,0.109
14400,0.117,0.770,0.112
14500,0.131,0.770,0.099
14600,0.129,0.765,0.106
14700,0.128,0.767,0.105
14800,0.127,0.768,0.105
14900,0.128,0.775,0.097
15000,0.130,0.777,0.093
15100,0.134,0.774,0.092
15200,0.131,0.771,0.098
15300,0.124,0.787,0.090
15400,0.115,0.783,0.101
15500,0.116,0.768,0.115
15600,0.111,0.777,0.111
15700,0.111,0.775,0.113
15800,0.120,0.766,0.114
15900,0.120,0.762,0.118
16000,0.122,0.755,0.124
16100,0.139,0.751,0.110
16200,0.124,0.770,0.106
16300,0.124,0.768,0.108
16400,0.112,0.778,0.109
16500,0.139,0.768,0.093
16600,0.145,0.756,0.099
16700,0.145,0.754,0.101
16800,0.142,0.753,0.105
16900,0.145,0.756,0.099
17000,0.148,0.757,0.095
17100,0.142,0.747,0.111
17200,0.153,0.741,0.106
17300,0.155,0.726,0.118
17400,0.153,0.721,0.126
17500,0.154,0.732,0.113
17600,0.179,0.713,0.108
17700,0.184,0.706,0.110
17800,0.166,0.720,0.113
17900,0.160,0.724,0.115
18000,0.160,0.729,0.110
18100,0.162,0.722,0.115
18200,0.161,0.711,0.128
18300,0.166,0.707,0.127
18400,0.177,0.712,0.111
18500,0.176,0.716,0.108
18600,0.159,0.724,0.116
18700,0.158,0.721,0.121
18800,0.152,0.731,0.116
18900,0.152,0.737,0.110
19000,0.153,0.748,0.099
19100,0.162,0.740,0.098
19200,0.156,0.720,0.124
19300,0.171,0.705,0.125
19400,0.176,0.715,0.109
19500,0.182,0.710,0.108
19600,0.173,0.725,0.102
19700,0.158,0.725,0.116
19800,0.166,0.713,0.121
19900,0.175,0.712,0.113
20000,0.174,0.708,0.118
20100,0.173,0.715,0.112
20200,0.175,0.713,0.112
20300,0.171,0.703,0.127
20400,0.166,0.707,0.127
20500,0.170,0.718,0.112
20600,0.164,0.724,0.111
20700,0.160,0.730,0.109
20800,0.172,0.726,0.102
20900,0.181,0.730,0.089
21000,0.173,0.728,0.099
21100,0.183,0.718,0.099
21200,0.178,0.722,0.100
21300,0.174,0.723,0.103
21400,0.189,0.712,0.099
21500,0.190,0.713,0.097
21600,0.184,0.712,0.104
21700,0.174,0.716,0.110
21800,0.168,0.729,0.103
21900,0.168,0.727,0.105
22000,0.166,0.724,0.109
22100,0.171,0.714,0.115
22200,0.176,0.714,0.110
22300,0.175,0.711,0.114
22400,0.169,0.718,0.113
22500,0.162,0.723,0.114
22600,0.179,0.706,0.115
22700,0.194,0.700,0.106
22800,0.215,0.681,0.104
22900,0.209,0.675,0.115
23000,0.218,0.671,0.111
23100,0.205,0.669,0.126
23200,0.211,0.665,0.124
23300,0.201,0.663,0.136
23400,0.222,0.652,0.127
23500,0.224,0.652,0.125
23600,0.227,0.637,0.136
23700,0.233,0.642,0.125
23800,0.250,0.631,0.118
23900,0.229,0.664,0.107
24000,0.227,0.650,0.124
24100,0.219,0.653,0.129
24200,0.206,0.644,0.150
24300,0.207,0.636,0.156
24400,0.213,0.645,0.142
24500,0.216,0.635,0.149
24600,0.215,0.630,0.155
24700,0.212,0.644,0.144
24800,0.213,0.642,0.144
24900,0.220,0.640,0.140
25000,0.227,0.641,0.132
25100,0.236,0.628,0.136
25200,0.239,0.629,0.132
25300,0.247,0.627,0.126
25400,0.250,0.621,0.129
25500,0.224,0.646,0.131
25600,0.224,0.652,0.125
25700,0.236,0.641,0.123
25800,0.246,0.628,0.126
25900,0.246,0.631,0.123
26000,0.237,0.626,0.137
26100,0.237,0.629,0.134
26200,0.228,0.637,0.135
26300,0.223,0.635,0.142
26400,0.212,0.630,0.157
26500,0.211,0.630,0.158
26600,0.206,0.625,0.169
26700,0.204,0.633,0.162
26800,0.206,0.634,0.159
26900,0.213,0.631,0.155
27000,0.226,0.629,0.145
27100,0.235,0.618,0.147
27200,0.237,0.612,0.151
27300,0.234,0.597,0.170
27400,0.247,0.591,0.161
27500,0.241,0.603,0.156
27600,0.242,0.602,0.156
27700,0.239,0.611,0.150
27800,0.238,0.622,0.140
27900,0.241,0.616,0.143
28000,0.236,0.621,0.143
28100,0.225,0.634,0.141
28200,0.223,0.647,0.131
28300,0.219,0.650,0.132
28400,0.224,0.648,0.129
28500,0.228,0.641,0.131
28600,0.236,0.631,0.133
28700,0.249,0.618,0.133
28800,0.252,0.623,0.125
28900,0.264,0.609,0.128
29000,0.268,0.602,0.131
29100,0.269,0.602,0.130
29200,0.282,0.587,0.131
29300,0.281,0.592,0.127
29400,0.268,0.597,0.136
29500,0.265,0.608,0.128
29600,0.272,0.602,0.127
29700,0.267,0.600,0.134
29800,0.272,0.604,0.125
29900,0.273,0.591,0.136
30000,0.259,0.604,0.137
30100,0.253,0.598,0.149
30200,0.254,0.600,0.146
30300,0.254,0.606,0.140
30400,0.252,0.603,0.145
30500,0.253,0.602,0.145
30600,0.251,0.589,0.159
30700,0.240,0.599,0.161
30800,0.233,0.603,0.164
30900,0.239,0.607,0.154
31000,0.243,0.609,0.148
31100,0.233,0.615,0.152
31200,0.232,0.624,0.144
31300,0.235,0.625,0.140
31400,0.230,0.641,0.129
31500,0.226,0.644,0.131
31600,0.230,0.636,0.134
31700,0.227,0.630,0.143
31800,0.249,0.612,0.139
31900,0.239,0.610,0.151
32000,0.235,0.619,0.146
32100,0.232,0.618,0.150
32200,0.260,0.599,0.141
32300,0.258,0.605,0.137
32400,0.241,0.614,0.145
32500,0.245,0.603,0.152
32600,0.251,0.609,0.140
32700,0.243,0.607,0.150
32800,0.248,0.605,0.147
32900,0.248,0.609,0.143
33000,0.246,0.616,0.138
33100,0.238,0.618,0.144
33200,0.235,0.615,0.150
33300,0.241,0.614,0.145
33400,0.248,0.604,0.148
33500,0.255,0.590,0.154
33600,0.266,0.577,0.157
33700,0.275,0.577,0.148
33800,0.278,0.585,0.137
33900,0.269,0.594,0.137
34000,0.272,0.596,0.133
34100,0.272,0.593,0.135
34200,0.268,0.588,0.144
34300,0.275,0.588,0.137
34400,0.277,0.589,0.134
34500,0.278,0.594,0.128
34600,0.281,0.597,0.123
34700,0.280,0.589,0.131
34800,0.286,0.581,0.133
34900,0.276,0.583,0.141
35000,0.289,0.576,0.135
35100,0.284,0.582,0.134
35200,0.287,0.582,0.131
35300,0.283,0.578,0.139
35400,0.283,0.566,0.151
35500,0.299,0.558,0.143
35600,0.306,0.557,0.137
35700,0.326,0.543,0.131
35800,0.320,0.544,0.136
35900,0.318,0.544,0.138
36000,0.335,0.529,0.136
36100,0.339,0.521,0.140
36200,0.333,0.527,0.140
36300,0.327,0.521,0.152
36400,0.322,0.521,0.157
36500,0.324,0.514,0.162
36600,0.312,0.526,0.162
36700,0.303,0.532,0.164
36800,0.302,0.542,0.155
36900,0.297,0.557,0.146
37000,0.291,0.563,0.146
37100,0.288,0.550,0.162
37200,0.288,0.553,0.159
37300,0.292,0.550,0.158
37400,0.294,0.553,0.153
37500,0.295,0.551,0.154
37600,0.295,0.543,0.161
37700,0.290,0.557,0.153
37800,0.290,0.549,0.161
37900,0.299,0.533,0.168
38000,0.296,0.544,0.159
38100,0.281,0.551,0.169
38200,0.289,0.544,0.166
38300,0.279,0.559,0.162
38400,0.270,0.563,0.168
38500,0.251,0.574,0.175
38600,0.268,0.556,0.177
38700,0.279,0.558,0.163
38800,0.266,0.561,0.174
38900,0.264,0.560,0.177
39000,0.242,0.576,0.182
39100,0.248,0.569,0.183
39200,0.266,0.549,0.186
39300,0.266,0.545,0.189
39400,0.271,0.545,0.184
39500,0.269,0.537,0.194
39600,0.261,0.556,0.183
39700,0.269,0.544,0.187
39800,0.267,0.556,0.178
39900,0.268,0.552,0.181
40000,0.275,0.547,0.178
40100,0.280,0.542,0.178
40200,0.295,0.532,0.173
40300,0.307,0.517,0.176
40400,0.308,0.519,0.173
40500,0.307,0.517,0.176
40600,0.304,0.514,0.182
40700,0.291,0.516,0.193
40800,0.295,0.519,0.186
40900,0.280,0.526,0.194
41000,0.271,0.525,0.204
41100,0.277,0.522,0.201
41200,0.273,0.527,0.200
41300,0.269,0.531,0.200
41400,0.260,0.546,0.193
41500,0.257,0.540,0.202
41600,0.266,0.539,0.195
41700,0.284,0.544,0.172
41800,0.277,0.546,0.177
41900,0.280,0.549,0.172
42000,0.276,0.546,0.178
42100,0.275,0.545,0.180
42200,0.273,0.552,0.176
42300,0.276,0.552,0.173
42400,0.286,0.530,0.184
42500,0.291,0.525,0.184
42600,0.281,0.538,0.181
42700,0.299,0.516,0.185
42800,0.295,0.517,0.188
42900,0.306,0.497,0.196
43000,0.306,0.495,0.198
43100,0.291,0.503,0.206
43200,0.296,0.499,0.204
43300,0.305,0.490,0.204
43400,0.301,0.498,0.200
43500,0.312,0.502,0.187
43600,0.316,0.493,0.191
43700,0.332,0.482,0.186
43800,0.338,0.479,0.183
43900,0.351,0.464,0.185
44000,0.354,0.462,0.184
44100,0.342,0.465,0.193
44200,0.315,0.488,0.197
44300,0.320,0.485,0.195
44400,0.309,0.480,0.210
44500,0.330,0.472,0.198
44600,0.317,0.478,0.205
44700,0.316,0.475,0.209
44800,0.315,0.484,0.201
44900,0.327,0.477,0.196
45000,0.344,0.472,0.184
45100,0.342,0.472,0.186
45200,0.339,0.463,0.198
45300,0.368,0.443,0.189
45400,0.356,0.440,0.203
45500,0.369,0.431,0.200
45600,0.369,0.425,0.206
45700,0.377,0.418,0.205
45800,0.380,0.427,0.193
45900,0.379,0.425,0.196
46000,0.385,0.414,0.201
46100,0.396,0.419,0.185
46200,0.419,0.389,0.192
46300,0.420,0.383,0.197
46400,0.431,0.374,0.195
46500,0.436,0.369,0.195
46600,0.435,0.362,0.203
46700,0.426,0.360,0.215
46800,0.430,0.354,0.216
46900,0.449,0.345,0.205
47000,0.450,0.344,0.205
47100,0.458,0.343,0.199
47200,0.469,0.334,0.197
47300,0.461,0.343,0.196
47400,0.467,0.338,0.195
47500,0.474,0.333,0.193
47600,0.467,0.335,0.198
47700,0.477,0.331,0.192
47800,0.483,0.325,0.192
47900,0.493,0.315,0.192
48000,0.494,0.314,0.192
48100,0.494,0.312,0.194
48200,0.481,0.321,0.198
48300,0.485,0.319,0.196
48400,0.492,0.321,0.187
48500,0.486,0.323,0.191
48600,0.495,0.315,0.190
48700,0.509,0.313,0.179
48800,0.512,0.306,0.182
48900,0.518,0.307,0.175
49000,0.531,0.301,0.168
49100,0.532,0.295,0.173
49200,0.531,0.293,0.176
49300,0.533,0.291,0.176
49400,0.539,0.281,0.180
49500,0.535,0.277,0.188
49600,0.541,0.281,0.178
49700,0.546,0.283,0.171
49800,0.550,0.282,0.169
49900,0.549,0.280,0.172
50000,0.552,0.282,0.166
50100,0.560,0.282,0.158
50200,0.559,0.277,0.164
50300,0.568,0.277,0.155
50400,0.573,0.272,0.155
50500,0.573,0.273,0.154
50600,0.580,0.274,0.146
50700,0.586,0.272,0.142
50800,0.594,0.270,0.136
50900,0.591,0.276,0.133
51000,0.585,0.276,0.139
51100,0.591,0.272,0.137
51200,0.584,0.274,0.142
51300,0.575,0.276,0.149
51400,0.581,0.270,0.149
51500,0.578,0.273,0.149
51600,0.584,0.271,0.145
51700,0.596,0.263,0.142
51800,0.604,0.264,0.133
51900,0.607,0.259,0.134
52000,0.604,0.266,0.131
52100,0.620,0.256,0.124
52200,0.612,0.266,0.123
52300,0.614,0.261,0.125
52400,0.614,0.258,0.128
52500,0.618,0.253,0.129
52600,0.629,0.251,0.120
52700,0.638,0.248,0.113
52800,0.647,0.246,0.107
52900,0.648,0.245,0.107
53000,0.645,0.244,0.111
53100,0.649,0.235,0.116
53200,0.648,0.231,0.122
53300,0.646,0.230,0.125
53400,0.654,0.229,0.117
53500,0.659,0.227,0.114
53600,0.660,0.224,0.116
53700,0.665,0.221,0.114
53800,0.667,0.221,0.112
53900,0.672,0.219,0.109
54000,0.673,0.213,0.113
54100,0.674,0.213,0.112
54200,0.675,0.215,0.110
54300,0.678,0.213,0.108
54400,0.663,0.215,0.123
54500,0.671,0.215,0.114
54600,0.670,0.215,0.115
54700,0.676,0.212,0.111
54800,0.678,0.211,0.110
54900,0.682,0.209,0.108
55000,0.683,0.209,0.107
55100,0.682,0.207,0.110
55200,0.681,0.207,0.111
55300,0.687,0.206,0.106
55400,0.688,0.208,0.103
55500,0.693,0.208,0.099
55600,0.695,0.212,0.093
55700,0.697,0.208,0.095
55800,0.698,0.208,0.094
55900,0.684,0.208,0.107
56000,0.684,0.205,0.110
56100,0.685,0.210,0.104
56200,0.687,0.211,0.101
56300,0.692,0.210,0.098
56400,0.695,0.210,0.095
56500,0.694,0.207,0.099
56600,0.698,0.205,0.097
56700,0.696,0.202,0.102
56800,0.700,0.200,0.100
56900,0.691,0.219,0.091
57000,0.683,0.220,0.097
57100,0.689,0.215,0.096
57200,0.691,0.210,0.099
57300,0.706,0.207,0.087
57400,0.707,0.205,0.088
57500,0.709,0.205,0.086
57600,0.709,0.202,0.089
57700,0.709,0.204,0.087
57800,0.716,0.201,0.083
57900,0.716,0.201,0.083
58000,0.714,0.200,0.086
58100,0.713,0.198,0.089
58200,0.711,0.204,0.085
58300,0.711,0.203,0.086
58400,0.715,0.204,0.081
58500,0.716,0.204,0.080
58600,0.716,0.203,0.081
58700,0.714,0.198,0.088
58800,0.712,0.204,0.084
58900,0.712,0.204,0.084
59000,0.711,0.204,0.085
59100,0.714,0.202,0.084
59200,0.714,0.202,0.084
59300,0.720,0.200,0.080
59400,0.718,0.196,0.086
59500,0.722,0.192,0.086
59600,0.724,0.194,0.082
59700,0.720,0.201,0.079
59800,0.721,0.199,0.080
59900,0.728,0.193,0.079
60000,0.733,0.190,0.077
60100,0.733,0.188,0.079
60200,0.735,0.187,0.078
60300,0.733,0.187,0.080
60400,0.735,0.187,0.078
60500,0.735,0.183,0.082
60600,0.734,0.180,0.086
60700,0.735,0.180,0.085
60800,0.740,0.179,0.082
60900,0.741,0.177,0.083
61000,0.741,0.177,0.083
61100,0.740,0.173,0.088
61200,0.742,0.173,0.086
61300,0.742,0.173,0.086
61400,0.744,0.174,0.083
61500,0.751,0.171,0.079
61600,0.751,0.171,0.079
61700,0.753,0.171,0.077
61800,0.753,0.170,0.078
61900,0.753,0.170,0.078
62000,0.754,0.168,0.079
62100,0.741,0.168,0.092
62200,0.743,0.168,0.090
62300,0.746,0.171,0.084
62400,0.736,0.170,0.094
62500,0.743,0.169,0.089
62600,0.742,0.173,0.086
62700,0.747,0.172,0.082
62800,0.741,0.185,0.075
62900,0.741,0.183,0.077
63000,0.743,0.182,0.076
63100,0.742,0.182,0.077
63200,0.743,0.181,0.077
63300,0.742,0.178,0.081
63400,0.725,0.195,0.080
63500,0.727,0.194,0.079
63600,0.721,0.200,0.079
63700,0.719,0.200,0.081
63800,0.716,0.201,0.083
63900,0.715,0.203,0.082
64000,0.714,0.200,0.086
64100,0.713,0.199,0.088
64200,0.716,0.204,0.080
64300,0.722,0.205,0.073
64400,0.721,0.204,0.075
64500,0.724,0.196,0.080
64600,0.723,0.195,0.082
64700,0.722,0.195,0.083
64800,0.716,0.193,0.091
64900,0.707,0.204,0.089
65000,0.700,0.211,0.089
65100,0.698,0.212,0.090
65200,0.691,0.209,0.100
65300,0.694,0.211,0.095
65400,0.706,0.203,0.091
65500,0.704,0.202,0.094
65600,0.704,0.202,0.094
65700,0.706,0.204,0.090
65800,0.703,0.201,0.096
65900,0.703,0.198,0.099
66000,0.709,0.198,0.093
66100,0.710,0.198,0.092
66200,0.710,0.198,0.092
66300,0.708,0.198,0.094
66400,0.702,0.204,0.094
66500,0.698,0.201,0.101
66600,0.704,0.199,0.097
66700,0.702,0.198,0.100
66800,0.713,0.194,0.093
66900,0.712,0.187,0.101
67000,0.717,0.185,0.098
67100,0.717,0.185,0.098
67200,0.718,0.185,0.097
67300,0.723,0.181,0.096
67400,0.733,0.180,0.087
67500,0.732,0.175,0.093
67600,0.739,0.168,0.094
67700,0.743,0.165,0.092
67800,0.756,0.155,0.089
67900,0.757,0.155,0.088
68000,0.761,0.155,0.084
68100,0.763,0.155,0.082
68200,0.764,0.154,0.082
68300,0.769,0.152,0.079
68400,0.769,0.153,0.078
68500,0.771,0.153,0.076
68600,0.775,0.152,0.073
68700,0.776,0.152,0.072
68800,0.776,0.152,0.072
68900,0.777,0.151,0.072
69000,0.780,0.152,0.067
69100,0.781,0.152,0.066
69200,0.782,0.150,0.067
69300,0.782,0.150,0.067
69400,0.780,0.155,0.064
69500,0.780,0.154,0.065
69600,0.779,0.154,0.066
69700,0.783,0.149,0.067
69800,0.782,0.149,0.068
69900,0.782,0.149,0.068
70000,0.782,0.148,0.069
70100,0.782,0.148,0.069
70200,0.784,0.147,0.068
70300,0.784,0.147,0.068
70400,0.785,0.147,0.067
70500,0.788,0.146,0.066
70600,0.788,0.146,0.066
70700,0.788,0.146,0.066
70800,0.788,0.147,0.065
70900,0.787,0.144,0.069
71000,0.790,0.144,0.066
71100,0.793,0.142,0.065
71200,0.793,0.142,0.065
71300,0.793,0.142,0.065
71400,0.793,0.140,0.067
71500,0.796,0.140,0.064
71600,0.796,0.140,0.064
71700,0.796,0.140,0.064
71800,0.796,0.140,0.064
71900,0.796,0.140,0.064
72000,0.796,0.140,0.064
72100,0.797,0.140,0.063
72200,0.795,0.140,0.065
72300,0.796,0.140,0.064
72400,0.794,0.140,0.066
72500,0.796,0.140,0.064
72600,0.798,0.139,0.063
72700,0.798,0.139,0.063
72800,0.799,0.139,0.062
72900,0.798,0.141,0.061
73000,0.798,0.138,0.064
73100,0.801,0.136,0.063
73200,0.799,0.136,0.065
73300,0.800,0.135,0.065
73400,0.801,0.134,0.065
73500,0.801,0.134,0.065
73600,0.782,0.134,0.084
73700,0.788,0.136,0.077
73800,0.790,0.136,0.075
73900,0.787,0.136,0.078
74000,0.781,0.136,0.083
74100,0.781,0.136,0.083
74200,0.775,0.136,0.089
74300,0.776,0.139,0.085
74400,0.774,0.139,0.087
74500,0.774,0.137,0.089
74600,0.780,0.135,0.085
74700,0.767,0.134,0.099
74800,0.768,0.134,0.098
74900,0.775,0.134,0.091
75000,0.773,0.139,0.088
75100,0.771,0.137,0.092
75200,0.769,0.135,0.096
75300,0.776,0.135,0.089
75400,0.777,0.135,0.088
75500,0.780,0.136,0.084
75600,0.785,0.135,0.080
75700,0.784,0.135,0.081
75800,0.792,0.134,0.075
75900,0.793,0.134,0.074
76000,0.795,0.133,0.073
76100,0.791,0.135,0.075
76200,0.787,0.137,0.077
76300,0.785,0.135,0.080
76400,0.789,0.136,0.076
76500,0.791,0.133,0.077
76600,0.795,0.133,0.073
76700,0.796,0.133,0.072
76800,0.799,0.133,0.068
76900,0.797,0.132,0.072
77000,0.800,0.131,0.069
77100,0.801,0.131,0.068
77200,0.800,0.131,0.069
77300,0.799,0.131,0.070
77400,0.800,0.131,0.069
77500,0.805,0.129,0.066
77600,0.805,0.128,0.067
77700,0.805,0.128,0.067
77800,0.801,0.128,0.072
77900,0.801,0.131,0.068
78000,0.794,0.130,0.077
78100,0.792,0.131,0.078
78200,0.792,0.130,0.079
78300,0.793,0.130,0.078
78400,0.795,0.130,0.076
78500,0.794,0.129,0.078
78600,0.801,0.128,0.072
78700,0.802,0.128,0.070
78800,0.802,0.128,0.070
78900,0.802,0.129,0.069
79000,0.798,0.129,0.074
79100,0.798,0.129,0.074
79200,0.808,0.127,0.065
79300,0.808,0.127,0.065
79400,0.807,0.127,0.066
79500,0.806,0.127,0.067
79600,0.806,0.127,0.067
79700,0.806,0.126,0.068
79800,0.807,0.125,0.068
79900,0.809,0.125,0.066
80000,0.809,0.124,0.067
80100,0.810,0.124,0.066
80200,0.810,0.124,0.066
80300,0.813,0.124,0.063
80400,0.815,0.124,0.061
80500,0.814,0.126,0.060
80600,0.813,0.126,0.061
80700,0.814,0.126,0.060
80800,0.812,0.126,0.062
80900,0.812,0.126,0.062
81000,0.813,0.126,0.061
81100,0.813,0.126,0.061
81200,0.811,0.126,0.063
81300,0.814,0.126,0.060
81400,0.814,0.126,0.060
81500,0.812,0.127,0.061
81600,0.810,0.127,0.063
81700,0.808,0.127,0.065
81800,0.811,0.126,0.063
81900,0.816,0.126,0.058
82000,0.816,0.126,0.058
82100,0.817,0.126,0.057
82200,0.817,0.125,0.058
82300,0.818,0.125,0.057
82400,0.820,0.125,0.055
82500,0.820,0.125,0.055
82600,0.819,0.124,0.057
82700,0.799,0.124,0.078
82800,0.802,0.126,0.073
82900,0.803,0.126,0.072
83000,0.803,0.125,0.073
83100,0.807,0.124,0.069
83200,0.809,0.122,0.069
83300,0.810,0.122,0.068
83400,0.811,0.122,0.067
83500,0.812,0.122,0.066
83600,0.812,0.122,0.066
83700,0.813,0.122,0.065
83800,0.813,0.122,0.065
83900,0.815,0.122,0.063
84000,0.816,0.122,0.062
84100,0.816,0.122,0.062
84200,0.812,0.122,0.066
84300,0.814,0.122,0.064
84400,0.813,0.121,0.066
84500,0.813,0.121,0.066
84600,0.815,0.121,0.064
84700,0.817,0.121,0.062
84800,0.818,0.121,0.061
84900,0.818,0.120,0.062
85000,0.819,0.120,0.061
85100,0.820,0.120,0.060
85200,0.820,0.120,0.060
85300,0.821,0.120,0.059
85400,0.821,0.120,0.059
85500,0.821,0.120,0.059
85600,0.823,0.118,0.058
85700,0.823,0.118,0.058
85800,0.826,0.118,0.055
85900,0.828,0.118,0.053
86000,0.828,0.118,0.053
86100,0.828,0.118,0.053
86200,0.828,0.118,0.053
86300,0.828,0.118,0.053
86400,0.829,0.118,0.052
86500,0.829,0.118,0.052
86600,0.829,0.117,0.053
86700,0.829,0.117,0.053
86800,0.829,0.116,0.054
86900,0.831,0.116,0.052
87000,0.831,0.116,0.052
87100,0.831,0.116,0.052
87200,0.831,0.116,0.052
87300,0.831,0.116,0.052
87400,0.831,0.116,0.052
87500,0.829,0.117,0.053
87600,0.830,0.117,0.052
87700,0.831,0.117,0.051
87800,0.830,0.117,0.052
87900,0.830,0.117,0.052
88000,0.830,0.117,0.052
88100,0.830,0.117,0.052
88200,0.827,0.117,0.055
88300,0.829,0.117,0.053
88400,0.831,0.116,0.052
88500,0.834,0.115,0.051
88600,0.835,0.115,0.050
88700,0.836,0.115,0.049
88800,0.836,0.115,0.049
88900,0.836,0.115,0.049
89000,0.835,0.115,0.050
89100,0.836,0.115,0.049
89200,0.836,0.115,0.049
89300,0.836,0.115,0.049
89400,0.837,0.115,0.048
89500,0.837,0.115,0.048
89600,0.837,0.115,0.048
89700,0.838,0.114,0.048
89800,0.838,0.114,0.048
89900,0.837,0.116,0.047
90000,0.838,0.116,0.046
90100,0.838,0.115,0.047
90200,0.839,0.115,0.046
90300,0.841,0.114,0.045
90400,0.841,0.114,0.045
90500,0.841,0.114,0.045
90600,0.841,0.114,0.045
90700,0.841,0.114,0.045
90800,0.841,0.114,0.045
90900,0.841,0.114,0.045
91000,0.841,0.114,0.045
91100,0.841,0.114,0.045
91200,0.841,0.114,0.045
91300,0.841,0.114,0.045
91400,0.841,0.114,0.045
91500,0.840,0.114,0.046
91600,0.840,0.114,0.046
91700,0.840,0.114,0.046
91800,0.840,0.114,0.046
91900,0.839,0.114,0.047
92000,0.839,0.114,0.047
92100,0.839,0.113,0.048
92200,0.821,0.129,0.050
92300,0.821,0.129,0.050
92400,0.823,0.129,0.048
92500,0.822,0.128,0.050
92600,0.822,0.126,0.052
92700,0.818,0.127,0.055
92800,0.822,0.126,0.052
92900,0.818,0.124,0.058
93000,0.821,0.123,0.056
93100,0.822,0.123,0.055
93200,0.828,0.123,0.049
93300,0.826,0.123,0.051
93400,0.825,0.126,0.049
93500,0.820,0.126,0.054
93600,0.821,0.124,0.055
93700,0.820,0.125,0.055
93800,0.827,0.123,0.050
93900,0.829,0.123,0.048
94000,0.830,0.123,0.047
94100,0.829,0.121,0.050
94200,0.831,0.121,0.048
94300,0.831,0.122,0.047
94400,0.830,0.123,0.047
94500,0.830,0.123,0.047
94600,0.829,0.123,0.048
94700,0.828,0.122,0.050
94800,0.827,0.124,0.049
94900,0.828,0.124,0.048
95000,0.826,0.124,0.050
95100,0.828,0.123,0.049
95200,0.826,0.123,0.051
95300,0.825,0.118,0.056
95400,0.830,0.114,0.055
95500,0.835,0.112,0.053
95600,0.835,0.111,0.054
95700,0.834,0.111,0.055
95800,0.835,0.111,0.054
95900,0.832,0.111,0.056
96000,0.829,0.117,0.053
96100,0.829,0.117,0.053
96200,0.831,0.115,0.053
96300,0.832,0.115,0.052
96400,0.832,0.115,0.052
96500,0.832,0.115,0.052
96600,0.834,0.115,0.051
96700,0.832,0.115,0.052
96800,0.832,0.114,0.053
96900,0.834,0.113,0.053
97000,0.834,0.113,0.053
97100,0.835,0.113,0.052
97200,0.834,0.116,0.050
97300,0.832,0.116,0.051
97400,0.834,0.120,0.047
97500,0.832,0.118,0.049
97600,0.832,0.117,0.050
97700,0.836,0.116,0.048
97800,0.830,0.116,0.053
97900,0.830,0.116,0.053
98000,0.834,0.115,0.051
98100,0.834,0.115,0.051
98200,0.836,0.115,0.049
98300,0.837,0.114,0.049
98400,0.839,0.114,0.047
98500,0.841,0.114,0.045
98600,0.841,0.113,0.046
98700,0.836,0.113,0.051
98800,0.832,0.115,0.052
98900,0.834,0.115,0.051
99000,0.830,0.115,0.054
99100,0.831,0.115,0.053
99200,0.835,0.113,0.052
99300,0.839,0.114,0.047
99400,0.839,0.113,0.048
99500,0.839,0.112,0.049
99600,0.840,0.112,0.048
99700,0.841,0.112,0.047
99800,0.841,0.112,0.047
99900,0.840,0.110,0.050
100000,0.840,0.110,0.050
