time,n_A+p,n_B,n_AB
500,0.010,0.941,0.049
1000,0.010,0.964,0.026
1500,0.010,0.987,0.003
2000,0.010,0.914,0.076
2500,0.010,0.790,0.200
3000,0.010,0.933,0.057
3500,0.010,0.989,0.001
4000,0.010,0.982,0.008
4500,0.010,0.654,0.336
5000,0.010,0.936,0.054
5500,0.010,0.959,0.031
6000,0.010,0.937,0.053
6500,0.010,0.701,0.289
7000,0.010,0.887,0.103
7500,0.010,0.938,0.052
8000,0.010,0.909,0.081
8500,0.010,0.788,0.202
9000,0.010,0.981,0.009
9500,0.010,0.959,0.031
10000,0.010,0.933,0.057
10500,0.010,0.923,0.067
11000,0.010,0.977,0.013
11500,0.010,0.974,0.016
12000,0.010,0.923,0.067
12500,0.010,0.903,0.087
13000,0.010,0.900,0.090
13500,0.010,0.984,0.006
14000,0.010,0.917,0.073
14500,0.010,0.964,0.026
15000,0.010,0.913,0.077
15500,0.010,0.838,0.152
16000,0.010,0.925,0.065
16500,0.010,0.962,0.028
17000,0.010,0.866,0.124
17500,0.010,0.989,0.001
18000,0.010,0.968,0.022
18500,0.010,0.816,0.174
19000,0.010,0.965,0.025
19500,0.010,0.887,0.103
20000,0.010,0.968,0.022
20500,0.010,0.860,0.130
21000,0.010,0.955,0.035
21500,0.010,0.959,0.031
22000,0.010,0.964,0.026
22500,0.010,0.871,0.119
23000,0.010,0.919,0.071
23500,0.010,0.938,0.052
24000,0.010,0.954,0.036
24500,0.010,0.987,0.003
25000,0.010,0.968,0.022
25500,0.010,0.899,0.091
26000,0.010,0.789,0.201
26500,0.010,0.952,0.038
27000,0.010,0.961,0.029
27500,0.010,0.918,0.072
28000,0.010,0.911,0.079
28500,0.010,0.944,0.046
29000,0.010,0.966,0.024
29500,0.010,0.965,0.025
30000,0.010,0.900,0.090
30500,0.010,0.939,0.051
31000,0.010,0.943,0.047
31500,0.010,0.987,0.003
32000,0.010,0.854,0.136
32500,0.010,0.857,0.133
33000,0.010,0.982,0.008
33500,0.010,0.924,0.066
34000,0.010,0.958,0.032
34500,0.010,0.810,0.180
35000,0.010,0.975,0.015
35500,0.010,0.970,0.020
36000,0.010,0.910,0.080
36500,0.010,0.942,0.048
37000,0.010,0.849,0.141
37500,0.010,0.884,0.106
38000,0.010,0.987,0.003
38500,0.010,0.977,0.013
39000,0.010,0.885,0.105
39500,0.010,0.895,0.095
40000,0.010,0.964,0.026
40500,0.010,0.946,0.044
41000,0.010,0.825,0.165
41500,0.010,0.828,0.162
42000,0.010,0.849,0.141
42500,0.010,0.843,0.147
43000,0.010,0.822,0.168
43500,0.010,0.818,0.172
44000,0.010,0.843,0.147
44500,0.010,0.966,0.024
45000,0.010,0.817,0.173
45500,0.010,0.934,0.056
46000,0.010,0.990,0.000
46500,0.010,0.866,0.124
47000,0.010,0.946,0.044
47500,0.010,0.963,0.027
48000,0.010,0.954,0.036
48500,0.010,0.907,0.083
49000,0.010,0.921,0.069
49500,0.010,0.899,0.091
50000,0.010,0.971,0.019
50500,0.010,0.861,0.129
51000,0.010,0.958,0.032
51500,0.010,0.977,0.013
52000,0.010,0.924,0.066
52500,0.010,0.988,0.002
53000,0.010,0.921,0.069
53500,0.010,0.968,0.022
54000,0.010,0.752,0.238
54500,0.010,0.853,0.137
55000,0.010,0.973,0.017
55500,0.010,0.888,0.102
56000,0.010,0.851,0.139
56500,0.010,0.968,0.022
57000,0.010,0.847,0.143
57500,0.010,0.979,0.011
58000,0.010,0.941,0.049
58500,0.010,0.950,0.040
59000,0.010,0.977,0.013
59500,0.010,0.925,0.065
60000,0.010,0.950,0.040
60500,0.010,0.990,0.000
61000,0.010,0.912,0.078
61500,0.010,0.939,0.051
62000,0.010,0.946,0.044
62500,0.010,0.865,0.125
63000,0.010,0.974,0.016
63500,0.010,0.764,0.226
64000,0.010,0.953,0.037
64500,0.010,0.966,0.024
65000,0.010,0.984,0.006
65500,0.010,0.912,0.078
66000,0.010,0.989,0.001
66500,0.010,0.849,0.141
67000,0.010,0.838,0.152
67500,0.010,0.950,0.040
68000,0.010,0.893,0.097
68500,0.010,0.982,0.008
69000,0.010,0.957,0.033
69500,0.010,0.959,0.031
70000,0.010,0.974,0.016
70500,0.010,0.936,0.054
71000,0.010,0.950,0.040
71500,0.010,0.857,0.133
72000,0.010,0.873,0.117
72500,0.010,0.942,0.048
73000,0.010,0.898,0.092
73500,0.010,0.945,0.045
74000,0.010,0.915,0.075
74500,0.010,0.894,0.096
75000,0.010,0.977,0.013
75500,0.010,0.950,0.040
76000,0.010,0.938,0.052
76500,0.010,0.949,0.041
77000,0.010,0.928,0.062
77500,0.010,0.948,0.042
78000,0.010,0.819,0.171
78500,0.010,0.954,0.036
79000,0.010,0.908,0.082
79500,0.010,0.945,0.045
80000,0.010,0.985,0.005
80500,0.010,0.968,0.022
81000,0.010,0.832,0.158
81500,0.010,0.925,0.065
82000,0.010,0.888,0.102
82500,0.010,0.911,0.079
83000,0.010,0.936,0.054
83500,0.010,0.895,0.095
84000,0.010,0.989,0.001
84500,0.010,0.773,0.217
85000,0.010,0.631,0.359
85500,0.010,0.977,0.013
86000,0.010,0.891,0.099
86500,0.010,0.843,0.147
87000,0.010,0.801,0.189
87500,0.010,0.873,0.117
88000,0.010,0.935,0.055
88500,0.010,0.959,0.031
89000,0.010,0.947,0.043
89500,0.010,0.737,0.253
90000,0.010,0.973,0.017
90500,0.010,0.931,0.059
91000,0.010,0.872,0.118
91500,0.010,0.918,0.072
92000,0.010,0.899,0.091
92500,0.010,0.899,0.091
93000,0.010,0.805,0.185
93500,0.010,0.659,0.331
94000,0.010,0.843,0.147
94500,0.010,0.989,0.001
95000,0.010,0.928,0.062
95500,0.010,0.978,0.012
96000,0.010,0.958,0.032
96500,0.010,0.906,0.084
97000,0.010,0.988,0.002
97500,0.010,0.909,0.081
98000,0.010,0.968,0.022
98500,0.010,0.961,0.029
99000,0.010,0.900,0.090
99500,0.010,0.863,0.127
100000,0.010,0.880,0.110
100500,0.010,0.961,0.029
101000,0.010,0.947,0.043
101500,0.010,0.967,0.023
102000,0.010,0.943,0.047
102500,0.010,0.908,0.082
103000,0.010,0.842,0.148
103500,0.010,0.914,0.076
104000,0.010,0.990,0.000
104500,0.010,0.958,0.032
105000,0.010,0.839,0.151
105500,0.010,0.938,0.052
106000,0.010,0.955,0.035
106500,0.010,0.989,0.001
107000,0.010,0.929,0.061
107500,0.010,0.986,0.004
108000,0.010,0.824,0.166
108500,0.010,0.774,0.216
109000,0.010,0.976,0.014
109500,0.010,0.983,0.007
110000,0.010,0.799,0.191
110500,0.010,0.916,0.074
111000,0.010,0.926,0.064
111500,0.010,0.983,0.007
112000,0.010,0.984,0.006
112500,0.010,0.959,0.031
113000,0.010,0.915,0.075
113500,0.010,0.729,0.261
114000,0.010,0.990,0.000
114500,0.010,0.953,0.037
115000,0.010,0.837,0.153
115500,0.010,0.914,0.076
116000,0.010,0.888,0.102
116500,0.010,0.977,0.013
117000,0.010,0.918,0.072
117500,0.010,0.927,0.063
118000,0.010,0.870,0.120
118500,0.010,0.931,0.059
119000,0.010,0.846,0.144
119500,0.010,0.804,0.186
120000,0.010,0.949,0.041
120500,0.010,0.988,0.002
121000,0.010,0.979,0.011
121500,0.010,0.981,0.009
122000,0.010,0.934,0.056
122500,0.010,0.973,0.017
123000,0.010,0.838,0.152
123500,0.010,0.987,0.003
124000,0.010,0.877,0.113
124500,0.010,0.826,0.164
125000,0.010,0.964,0.026
125500,0.010,0.939,0.051
126000,0.010,0.897,0.093
126500,0.010,0.844,0.146
127000,0.010,0.841,0.149
127500,0.010,0.914,0.076
128000,0.010,0.820,0.170
128500,0.010,0.882,0.108
129000,0.010,0.813,0.177
129500,0.010,0.916,0.074
130000,0.010,0.913,0.077
130500,0.010,0.565,0.425
131000,0.010,0.943,0.047
131500,0.010,0.958,0.032
132000,0.010,0.973,0.017
132500,0.010,0.889,0.101
133000,0.010,0.883,0.107
133500,0.010,0.987,0.003
134000,0.010,0.990,0.000
134500,0.010,0.953,0.037
135000,0.010,0.960,0.030
135500,0.010,0.875,0.115
136000,0.010,0.959,0.031
136500,0.010,0.979,0.011
137000,0.010,0.990,0.000
137500,0.010,0.958,0.032
138000,0.010,0.964,0.026
138500,0.010,0.923,0.067
139000,0.010,0.826,0.164
139500,0.010,0.948,0.042
140000,0.010,0.964,0.026
140500,0.010,0.968,0.022
141000,0.010,0.990,0.000
141500,0.010,0.893,0.097
142000,0.010,0.829,0.161
142500,0.010,0.986,0.004
143000,0.010,0.962,0.028
143500,0.010,0.976,0.014
144000,0.010,0.892,0.098
144500,0.010,0.844,0.146
145000,0.010,0.925,0.065
145500,0.010,0.790,0.200
146000,0.010,0.980,0.010
146500,0.010,0.863,0.127
147000,0.010,0.901,0.089
147500,0.010,0.827,0.163
148000,0.010,0.897,0.093
148500,0.010,0.914,0.076
149000,0.010,0.981,0.009
149500,0.010,0.837,0.153
150000,0.010,0.910,0.080
150500,0.010,0.962,0.028
151000,0.010,0.952,0.038
151500,0.010,0.905,0.085
152000,0.010,0.886,0.104
152500,0.010,0.895,0.095
153000,0.010,0.969,0.021
153500,0.010,0.848,0.142
154000,0.010,0.919,0.071
154500,0.010,0.926,0.064
155000,0.010,0.878,0.112
155500,0.010,0.990,0.000
156000,0.010,0.990,0.000
156500,0.010,0.908,0.082
157000,0.010,0.759,0.231
157500,0.010,0.896,0.094
158000,0.010,0.846,0.144
158500,0.010,0.835,0.155
159000,0.010,0.979,0.011
159500,0.010,0.893,0.097
160000,0.010,0.806,0.184
160500,0.010,0.923,0.067
161000,0.010,0.935,0.055
161500,0.010,0.884,0.106
162000,0.010,0.876,0.114
162500,0.010,0.929,0.061
163000,0.010,0.908,0.082
163500,0.010,0.968,0.022
164000,0.010,0.872,0.118
164500,0.010,0.950,0.040
165000,0.010,0.845,0.145
165500,0.010,0.904,0.086
166000,0.010,0.866,0.124
166500,0.010,0.911,0.079
167000,0.010,0.967,0.023
167500,0.010,0.949,0.041
168000,0.010,0.838,0.152
168500,0.010,0.804,0.186
169000,0.010,0.987,0.003
169500,0.010,0.970,0.020
170000,0.010,0.945,0.045
170500,0.010,0.856,0.134
171000,0.010,0.953,0.037
171500,0.010,0.937,0.053
172000,0.010,0.955,0.035
172500,0.010,0.981,0.009
173000,0.010,0.940,0.050
173500,0.010,0.962,0.028
174000,0.010,0.989,0.001
174500,0.010,0.890,0.100
175000,0.010,0.869,0.121
175500,0.010,0.930,0.060
176000,0.010,0.872,0.118
176500,0.010,0.909,0.081
177000,0.010,0.797,0.193
177500,0.010,0.912,0.078
178000,0.010,0.926,0.064
178500,0.010,0.989,0.001
179000,0.010,0.945,0.045
179500,0.010,0.872,0.118
180000,0.010,0.934,0.056
180500,0.010,0.981,0.009
181000,0.010,0.988,0.002
181500,0.010,0.970,0.020
182000,0.010,0.815,0.175
182500,0.010,0.934,0.056
183000,0.010,0.927,0.063
183500,0.010,0.733,0.257
184000,0.010,0.961,0.029
184500,0.010,0.914,0.076
185000,0.010,0.880,0.110
185500,0.010,0.819,0.171
186000,0.010,0.986,0.004
186500,0.010,0.897,0.093
187000,0.010,0.983,0.007
187500,0.010,0.990,0.000
188000,0.010,0.867,0.123
188500,0.010,0.982,0.008
189000,0.010,0.983,0.007
189500,0.010,0.990,0.000
190000,0.010,0.979,0.011
190500,0.010,0.977,0.013
191000,0.010,0.957,0.033
191500,0.010,0.941,0.049
192000,0.010,0.848,0.142
192500,0.010,0.931,0.059
193000,0.010,0.930,0.060
193500,0.010,0.691,0.299
194000,0.010,0.949,0.041
194500,0.010,0.944,0.046
195000,0.010,0.914,0.076
195500,0.010,0.892,0.098
196000,0.010,0.894,0.096
196500,0.010,0.858,0.132
197000,0.010,0.988,0.002
197500,0.010,0.938,0.052
198000,0.010,0.955,0.035
198500,0.010,0.806,0.184
199000,0.010,0.905,0.085
199500,0.010,0.964,0.026
200000,0.010,0.985,0.005
200500,0.010,0.946,0.044
201000,0.010,0.935,0.055
201500,0.010,0.906,0.084
202000,0.010,0.892,0.098
202500,0.010,0.988,0.002
203000,0.010,0.978,0.012
203500,0.010,0.818,0.172
204000,0.010,0.952,0.038
204500,0.010,0.890,0.100
205000,0.010,0.927,0.063
205500,0.010,0.836,0.154
206000,0.010,0.769,0.221
206500,0.010,0.982,0.008
207000,0.010,0.975,0.015
207500,0.010,0.884,0.106
208000,0.010,0.984,0.006
208500,0.010,0.970,0.020
209000,0.010,0.738,0.252
209500,0.010,0.699,0.291
210000,0.010,0.851,0.139
210500,0.010,0.911,0.079
211000,0.010,0.938,0.052
211500,0.010,0.959,0.031
212000,0.010,0.808,0.182
212500,0.010,0.753,0.237
213000,0.010,0.950,0.040
213500,0.010,0.990,0.000
214000,0.010,0.975,0.015
214500,0.010,0.990,0.000
215000,0.010,0.874,0.116
215500,0.010,0.788,0.202
216000,0.010,0.848,0.142
216500,0.010,0.855,0.135
217000,0.010,0.990,0.000
217500,0.010,0.954,0.036
218000,0.010,0.890,0.100
218500,0.010,0.894,0.096
219000,0.010,0.952,0.038
219500,0.010,0.953,0.037
220000,0.010,0.947,0.043
220500,0.010,0.962,0.028
221000,0.010,0.987,0.003
221500,0.010,0.865,0.125
222000,0.010,0.918,0.072
222500,0.010,0.858,0.132
223000,0.010,0.931,0.059
223500,0.010,0.818,0.172
224000,0.010,0.936,0.054
224500,0.010,0.971,0.019
225000,0.010,0.990,0.000
225500,0.010,0.957,0.033
226000,0.010,0.913,0.077
226500,0.010,0.833,0.157
227000,0.010,0.985,0.005
227500,0.010,0.990,0.000
228000,0.010,0.952,0.038
228500,0.010,0.931,0.059
229000,0.010,0.989,0.001
229500,0.010,0.821,0.169
230000,0.010,0.965,0.025
230500,0.010,0.973,0.017
231000,0.010,0.798,0.192
231500,0.010,0.946,0.044
232000,0.010,0.736,0.254
232500,0.010,0.923,0.067
233000,0.010,0.851,0.139
233500,0.010,0.867,0.123
234000,0.010,0.927,0.063
234500,0.010,0.909,0.081
235000,0.010,0.938,0.052
235500,0.010,0.987,0.003
236000,0.010,0.920,0.070
236500,0.010,0.967,0.023
237000,0.010,0.933,0.057
237500,0.010,0.867,0.123
238000,0.010,0.891,0.099
238500,0.010,0.988,0.002
239000,0.010,0.972,0.018
239500,0.010,0.990,0.000
240000,0.010,0.883,0.107
240500,0.010,0.844,0.146
241000,0.010,0.970,0.020
241500,0.010,0.990,0.000
242000,0.010,0.865,0.125
242500,0.010,0.950,0.040
243000,0.010,0.868,0.122
243500,0.010,0.938,0.052
244000,0.010,0.766,0.224
244500,0.010,0.936,0.054
245000,0.010,0.973,0.017
245500,0.010,0.882,0.108
246000,0.010,0.959,0.031
246500,0.010,0.807,0.183
247000,0.010,0.834,0.156
247500,0.010,0.878,0.112
248000,0.010,0.669,0.321
248500,0.010,0.845,0.145
249000,0.010,0.900,0.090
249500,0.010,0.988,0.002
250000,0.010,0.975,0.015
250500,0.010,0.918,0.072
251000,0.010,0.989,0.001
251500,0.010,0.913,0.077
252000,0.010,0.926,0.064
252500,0.010,0.973,0.017
253000,0.010,0.921,0.069
253500,0.010,0.990,0.000
254000,0.010,0.884,0.106
254500,0.010,0.988,0.002
255000,0.010,0.916,0.074
255500,0.010,0.981,0.009
256000,0.010,0.796,0.194
256500,0.010,0.758,0.232
257000,0.010,0.918,0.072
257500,0.010,0.898,0.092
258000,0.010,0.955,0.035
258500,0.010,0.941,0.049
259000,0.010,0.972,0.018
259500,0.010,0.923,0.067
260000,0.010,0.917,0.073
260500,0.010,0.889,0.101
261000,0.010,0.876,0.114
261500,0.010,0.814,0.176
262000,0.010,0.901,0.089
262500,0.010,0.958,0.032
263000,0.010,0.966,0.024
263500,0.010,0.865,0.125
264000,0.010,0.870,0.120
264500,0.010,0.887,0.103
265000,0.010,0.896,0.094
265500,0.010,0.929,0.061
266000,0.010,0.977,0.013
266500,0.010,0.958,0.032
267000,0.010,0.883,0.107
267500,0.010,0.962,0.028
268000,0.010,0.958,0.032
268500,0.010,0.956,0.034
269000,0.010,0.989,0.001
269500,0.010,0.807,0.183
270000,0.010,0.954,0.036
270500,0.010,0.861,0.129
271000,0.010,0.852,0.138
271500,0.010,0.970,0.020
272000,0.010,0.978,0.012
272500,0.010,0.963,0.027
273000,0.010,0.972,0.018
273500,0.010,0.705,0.285
274000,0.010,0.969,0.021
274500,0.010,0.859,0.131
275000,0.010,0.854,0.136
275500,0.010,0.936,0.054
276000,0.010,0.985,0.005
276500,0.010,0.970,0.020
277000,0.010,0.949,0.041
277500,0.010,0.838,0.152
278000,0.010,0.896,0.094
278500,0.010,0.951,0.039
279000,0.010,0.928,0.062
279500,0.010,0.902,0.088
280000,0.010,0.809,0.181
280500,0.010,0.982,0.008
281000,0.010,0.896,0.094
281500,0.010,0.986,0.004
282000,0.010,0.936,0.054
282500,0.010,0.934,0.056
283000,0.010,0.984,0.006
283500,0.010,0.990,0.000
284000,0.010,0.965,0.025
284500,0.010,0.891,0.099
285000,0.010,0.911,0.079
285500,0.010,0.960,0.030
286000,0.010,0.957,0.033
286500,0.010,0.854,0.136
287000,0.010,0.786,0.204
287500,0.010,0.781,0.209
288000,0.010,0.935,0.055
288500,0.010,0.902,0.088
289000,0.010,0.990,0.000
289500,0.010,0.797,0.193
290000,0.010,0.839,0.151
290500,0.010,0.827,0.163
291000,0.010,0.974,0.016
291500,0.010,0.988,0.002
292000,0.010,0.989,0.001
292500,0.010,0.926,0.064
293000,0.010,0.987,0.003
293500,0.010,0.956,0.034
294000,0.010,0.954,0.036
294500,0.010,0.988,0.002
295000,0.010,0.970,0.020
295500,0.010,0.801,0.189
296000,0.010,0.946,0.044
296500,0.010,0.792,0.198
297000,0.010,0.807,0.183
297500,0.010,0.871,0.119
298000,0.010,0.990,0.000
298500,0.010,0.951,0.039
299000,0.010,0.759,0.231
299500,0.010,0.822,0.168
300000,0.010,0.980,0.010
300500,0.010,0.905,0.085
301000,0.010,0.951,0.039
301500,0.010,0.955,0.035
302000,0.010,0.953,0.037
302500,0.010,0.921,0.069
303000,0.010,0.894,0.096
303500,0.010,0.945,0.045
304000,0.010,0.885,0.105
304500,0.010,0.963,0.027
305000,0.010,0.889,0.101
305500,0.010,0.600,0.390
306000,0.010,0.815,0.175
306500,0.010,0.976,0.014
307000,0.010,0.957,0.033
307500,0.010,0.989,0.001
308000,0.010,0.990,0.000
308500,0.010,0.843,0.147
309000,0.010,0.976,0.014
309500,0.010,0.796,0.194
310000,0.010,0.926,0.064
310500,0.010,0.953,0.037
311000,0.010,0.951,0.039
311500,0.010,0.940,0.050
312000,0.010,0.988,0.002
312500,0.010,0.897,0.093
313000,0.010,0.948,0.042
313500,0.010,0.987,0.003
314000,0.010,0.816,0.174
314500,0.010,0.925,0.065
315000,0.010,0.986,0.004
315500,0.010,0.906,0.084
316000,0.010,0.956,0.034
316500,0.010,0.798,0.192
317000,0.010,0.967,0.023
317500,0.010,0.862,0.128
318000,0.010,0.903,0.087
318500,0.010,0.753,0.237
319000,0.010,0.858,0.132
319500,0.010,0.981,0.009
320000,0.010,0.897,0.093
320500,0.010,0.951,0.039
321000,0.010,0.989,0.001
321500,0.010,0.987,0.003
322000,0.010,0.984,0.006
322500,0.010,0.990,0.000
323000,0.010,0.920,0.070
323500,0.010,0.838,0.152
324000,0.010,0.886,0.104
324500,0.010,0.957,0.033
325000,0.010,0.988,0.002
325500,0.010,0.880,0.110
326000,0.010,0.912,0.078
326500,0.010,0.989,0.001
327000,0.010,0.929,0.061
327500,0.010,0.958,0.032
328000,0.010,0.880,0.110
328500,0.010,0.834,0.156
329000,0.010,0.905,0.085
329500,0.010,0.974,0.016
330000,0.010,0.903,0.087
330500,0.010,0.942,0.048
331000,0.010,0.922,0.068
331500,0.010,0.945,0.045
332000,0.010,0.926,0.064
332500,0.010,0.725,0.265
333000,0.010,0.923,0.067
333500,0.010,0.990,0.000
334000,0.010,0.818,0.172
334500,0.010,0.900,0.090
335000,0.010,0.990,0.000
335500,0.010,0.983,0.007
336000,0.010,0.788,0.202
336500,0.010,0.899,0.091
337000,0.010,0.950,0.040
337500,0.010,0.989,0.001
338000,0.010,0.988,0.002
338500,0.010,0.834,0.156
339000,0.010,0.905,0.085
339500,0.010,0.948,0.042
340000,0.010,0.876,0.114
340500,0.010,0.870,0.120
341000,0.010,0.926,0.064
341500,0.010,0.903,0.087
342000,0.010,0.984,0.006
342500,0.010,0.889,0.101
343000,0.010,0.964,0.026
343500,0.010,0.723,0.267
344000,0.010,0.956,0.034
344500,0.010,0.940,0.050
345000,0.010,0.964,0.026
345500,0.010,0.834,0.156
346000,0.010,0.949,0.041
346500,0.010,0.918,0.072
347000,0.010,0.955,0.035
347500,0.010,0.945,0.045
348000,0.010,0.966,0.024
348500,0.010,0.862,0.128
349000,0.010,0.831,0.159
349500,0.010,0.833,0.157
350000,0.010,0.861,0.129
350500,0.010,0.799,0.191
351000,0.010,0.703,0.287
351500,0.010,0.945,0.045
352000,0.010,0.945,0.045
352500,0.010,0.858,0.132
353000,0.010,0.887,0.103
353500,0.010,0.974,0.016
354000,0.010,0.882,0.108
354500,0.010,0.949,0.041
355000,0.010,0.917,0.073
355500,0.010,0.953,0.037
356000,0.010,0.972,0.018
356500,0.010,0.808,0.182
357000,0.010,0.984,0.006
357500,0.010,0.814,0.176
358000,0.010,0.927,0.063
358500,0.010,0.952,0.038
359000,0.010,0.946,0.044
359500,0.010,0.971,0.019
360000,0.010,0.976,0.014
360500,0.010,0.909,0.081
361000,0.010,0.943,0.047
361500,0.010,0.959,0.031
362000,0.010,0.942,0.048
362500,0.010,0.979,0.011
363000,0.010,0.949,0.041
363500,0.010,0.859,0.131
364000,0.010,0.988,0.002
364500,0.010,0.914,0.076
365000,0.010,0.962,0.028
365500,0.010,0.922,0.068
366000,0.010,0.978,0.012
366500,0.010,0.947,0.043
367000,0.010,0.987,0.003
367500,0.010,0.983,0.007
368000,0.010,0.943,0.047
368500,0.010,0.814,0.176
369000,0.010,0.946,0.044
369500,0.010,0.957,0.033
370000,0.010,0.989,0.001
370500,0.010,0.961,0.029
371000,0.010,0.931,0.059
371500,0.010,0.839,0.151
372000,0.010,0.922,0.068
372500,0.010,0.957,0.033
373000,0.010,0.958,0.032
373500,0.010,0.811,0.179
374000,0.010,0.989,0.001
374500,0.010,0.988,0.002
375000,0.010,0.934,0.056
375500,0.010,0.881,0.109
376000,0.010,0.986,0.004
376500,0.010,0.925,0.065
377000,0.010,0.866,0.124
377500,0.010,0.866,0.124
378000,0.010,0.923,0.067
378500,0.010,0.752,0.238
379000,0.010,0.988,0.002
379500,0.010,0.893,0.097
380000,0.010,0.972,0.018
380500,0.010,0.958,0.032
381000,0.010,0.718,0.272
381500,0.010,0.971,0.019
382000,0.010,0.955,0.035
382500,0.010,0.968,0.022
383000,0.010,0.977,0.013
383500,0.010,0.960,0.030
384000,0.010,0.975,0.015
384500,0.010,0.968,0.022
385000,0.010,0.970,0.020
385500,0.010,0.884,0.106
386000,0.010,0.936,0.054
386500,0.010,0.880,0.110
387000,0.010,0.983,0.007
387500,0.010,0.945,0.045
388000,0.010,0.909,0.081
388500,0.010,0.973,0.017
389000,0.010,0.965,0.025
389500,0.010,0.827,0.163
390000,0.010,0.629,0.361
390500,0.010,0.796,0.194
391000,0.010,0.874,0.116
391500,0.010,0.883,0.107
392000,0.010,0.857,0.133
392500,0.010,0.949,0.041
393000,0.010,0.986,0.004
393500,0.010,0.989,0.001
394000,0.010,0.956,0.034
394500,0.010,0.863,0.127
395000,0.010,0.893,0.097
395500,0.010,0.885,0.105
396000,0.010,0.939,0.051
396500,0.010,0.900,0.090
397000,0.010,0.986,0.004
397500,0.010,0.933,0.057
398000,0.010,0.952,0.038
398500,0.010,0.964,0.026
399000,0.010,0.970,0.020
399500,0.010,0.970,0.020
400000,0.010,0.972,0.018
400500,0.010,0.880,0.110
401000,0.010,0.974,0.016
401500,0.010,0.780,0.210
402000,0.010,0.948,0.042
402500,0.010,0.952,0.038
403000,0.010,0.864,0.126
403500,0.010,0.835,0.155
404000,0.010,0.977,0.013
404500,0.010,0.950,0.040
405000,0.010,0.877,0.113
405500,0.010,0.888,0.102
406000,0.010,0.898,0.092
406500,0.010,0.967,0.023
407000,0.010,0.928,0.062
407500,0.010,0.932,0.058
408000,0.010,0.885,0.105
408500,0.010,0.973,0.017
409000,0.010,0.963,0.027
409500,0.010,0.974,0.016
410000,0.010,0.809,0.181
410500,0.010,0.900,0.090
411000,0.010,0.928,0.062
411500,0.010,0.862,0.128
412000,0.010,0.799,0.191
412500,0.010,0.980,0.010
413000,0.010,0.753,0.237
413500,0.010,0.863,0.127
414000,0.010,0.877,0.113
414500,0.010,0.979,0.011
415000,0.010,0.940,0.050
415500,0.010,0.952,0.038
416000,0.010,0.956,0.034
416500,0.010,0.905,0.085
417000,0.010,0.990,0.000
417500,0.010,0.970,0.020
418000,0.010,0.933,0.057
418500,0.010,0.910,0.080
419000,0.010,0.914,0.076
419500,0.010,0.983,0.007
420000,0.010,0.911,0.079
420500,0.010,0.862,0.128
421000,0.010,0.942,0.048
421500,0.010,0.937,0.053
422000,0.010,0.815,0.175
422500,0.010,0.884,0.106
423000,0.010,0.949,0.041
423500,0.010,0.982,0.008
424000,0.010,0.958,0.032
424500,0.010,0.916,0.074
425000,0.010,0.971,0.019
425500,0.010,0.977,0.013
426000,0.010,0.791,0.199
426500,0.010,0.978,0.012
427000,0.010,0.796,0.194
427500,0.010,0.853,0.137
428000,0.010,0.909,0.081
428500,0.010,0.819,0.171
429000,0.010,0.821,0.169
429500,0.010,0.960,0.030
430000,0.010,0.868,0.122
430500,0.010,0.872,0.118
431000,0.010,0.965,0.025
431500,0.010,0.922,0.068
432000,0.010,0.958,0.032
432500,0.010,0.919,0.071
433000,0.010,0.972,0.018
433500,0.010,0.871,0.119
434000,0.010,0.938,0.052
434500,0.010,0.872,0.118
435000,0.010,0.898,0.092
435500,0.010,0.673,0.317
436000,0.010,0.912,0.078
436500,0.010,0.903,0.087
437000,0.010,0.963,0.027
437500,0.010,0.887,0.103
438000,0.010,0.954,0.036
438500,0.010,0.743,0.247
439000,0.010,0.815,0.175
439500,0.010,0.845,0.145
440000,0.010,0.858,0.132
440500,0.010,0.984,0.006
441000,0.010,0.960,0.030
441500,0.010,0.956,0.034
442000,0.010,0.917,0.073
442500,0.010,0.899,0.091
443000,0.010,0.966,0.024
443500,0.010,0.874,0.116
444000,0.010,0.947,0.043
444500,0.010,0.963,0.027
445000,0.010,0.883,0.107
445500,0.010,0.969,0.021
446000,0.010,0.958,0.032
446500,0.010,0.945,0.045
447000,0.010,0.953,0.037
447500,0.010,0.990,0.000
448000,0.010,0.902,0.088
448500,0.010,0.969,0.021
449000,0.010,0.971,0.019
449500,0.010,0.962,0.028
450000,0.010,0.905,0.085
450500,0.010,0.982,0.008
451000,0.010,0.735,0.255
451500,0.010,0.854,0.136
452000,0.010,0.857,0.133
452500,0.010,0.983,0.007
453000,0.010,0.916,0.074
453500,0.010,0.936,0.054
454000,0.010,0.901,0.089
454500,0.010,0.979,0.011
455000,0.010,0.874,0.116
455500,0.010,0.924,0.066
456000,0.010,0.897,0.093
456500,0.010,0.851,0.139
457000,0.010,0.979,0.011
457500,0.010,0.882,0.108
458000,0.010,0.927,0.063
458500,0.010,0.936,0.054
459000,0.010,0.773,0.217
459500,0.010,0.929,0.061
460000,0.010,0.859,0.131
460500,0.010,0.889,0.101
461000,0.010,0.955,0.035
461500,0.010,0.906,0.084
462000,0.010,0.914,0.076
462500,0.010,0.836,0.154
463000,0.010,0.772,0.218
463500,0.010,0.863,0.127
464000,0.010,0.959,0.031
464500,0.010,0.865,0.125
465000,0.010,0.950,0.040
465500,0.010,0.840,0.150
466000,0.010,0.984,0.006
466500,0.010,0.950,0.040
467000,0.010,0.913,0.077
467500,0.010,0.982,0.008
468000,0.010,0.682,0.308
468500,0.010,0.927,0.063
469000,0.010,0.826,0.164
469500,0.010,0.756,0.234
470000,0.010,0.803,0.187
470500,0.010,0.909,0.081
471000,0.010,0.979,0.011
471500,0.010,0.954,0.036
472000,0.010,0.947,0.043
472500,0.010,0.927,0.063
473000,0.010,0.929,0.061
473500,0.010,0.982,0.008
474000,0.010,0.916,0.074
474500,0.010,0.800,0.190
475000,0.010,0.855,0.135
475500,0.010,0.983,0.007
476000,0.010,0.954,0.036
476500,0.010,0.990,0.000
477000,0.010,0.930,0.060
477500,0.010,0.865,0.125
478000,0.010,0.985,0.005
478500,0.010,0.976,0.014
479000,0.010,0.829,0.161
479500,0.010,0.806,0.184
480000,0.010,0.935,0.055
480500,0.010,0.990,0.000
481000,0.010,0.955,0.035
481500,0.010,0.987,0.003
482000,0.010,0.988,0.002
482500,0.010,0.772,0.218
483000,0.010,0.878,0.112
483500,0.010,0.935,0.055
484000,0.010,0.848,0.142
484500,0.010,0.935,0.055
485000,0.010,0.980,0.010
485500,0.010,0.952,0.038
486000,0.010,0.882,0.108
486500,0.010,0.977,0.013
487000,0.010,0.989,0.001
487500,0.010,0.815,0.175
488000,0.010,0.853,0.137
488500,0.010,0.990,0.000
489000,0.010,0.965,0.025
489500,0.010,0.963,0.027
490000,0.010,0.979,0.011
490500,0.010,0.866,0.124
491000,0.010,0.963,0.027
491500,0.010,0.960,0.030
492000,0.010,0.976,0.014
492500,0.010,0.981,0.009
493000,0.010,0.988,0.002
493500,0.010,0.963,0.027
494000,0.010,0.980,0.010
494500,0.010,0.949,0.041
495000,0.010,0.889,0.101
495500,0.010,0.899,0.091
496000,0.010,0.771,0.219
496500,0.010,0.980,0.010
497000,0.010,0.949,0.041
497500,0.010,0.988,0.002
498000,0.010,0.844,0.146
498500,0.010,0.891,0.099
499000,0.010,0.928,0.062
499500,0.010,0.868,0.122
500000,0.010,0.940,0.050
500500,0.010,0.931,0.059
501000,0.010,0.988,0.002
501500,0.010,0.939,0.051
502000,0.010,0.987,0.003
502500,0.010,0.990,0.000
503000,0.010,0.984,0.006
503500,0.010,0.966,0.024
504000,0.010,0.938,0.052
504500,0.010,0.969,0.021
505000,0.010,0.969,0.021
505500,0.010,0.892,0.098
506000,0.010,0.989,0.001
506500,0.010,0.939,0.051
507000,0.010,0.935,0.055
507500,0.010,0.985,0.005
508000,0.010,0.990,0.000
508500,0.010,0.887,0.103
509000,0.010,0.914,0.076
509500,0.010,0.854,0.136
510000,0.010,0.990,0.000
510500,0.010,0.782,0.208
511000,0.010,0.943,0.047
511500,0.010,0.986,0.004
512000,0.010,0.987,0.003
512500,0.010,0.937,0.053
513000,0.010,0.892,0.098
513500,0.010,0.868,0.122
514000,0.010,0.985,0.005
514500,0.010,0.966,0.024
515000,0.010,0.986,0.004
515500,0.010,0.990,0.000
516000,0.010,0.963,0.027
516500,0.010,0.802,0.188
517000,0.010,0.891,0.099
517500,0.010,0.962,0.028
518000,0.010,0.883,0.107
518500,0.010,0.988,0.002
519000,0.010,0.990,0.000
519500,0.010,0.990,0.000
520000,0.010,0.809,0.181
520500,0.010,0.932,0.058
521000,0.010,0.903,0.087
521500,0.010,0.908,0.082
522000,0.010,0.940,0.050
522500,0.010,0.961,0.029
523000,0.010,0.838,0.152
523500,0.010,0.812,0.178
524000,0.010,0.943,0.047
524500,0.010,0.876,0.114
525000,0.010,0.862,0.128
525500,0.010,0.815,0.175
526000,0.010,0.985,0.005
526500,0.010,0.869,0.121
527000,0.010,0.932,0.058
527500,0.010,0.971,0.019
528000,0.010,0.988,0.002
528500,0.010,0.962,0.028
529000,0.010,0.801,0.189
529500,0.010,0.924,0.066
530000,0.010,0.931,0.059
530500,0.010,0.872,0.118
531000,0.010,0.988,0.002
531500,0.010,0.948,0.042
532000,0.010,0.935,0.055
532500,0.010,0.965,0.025
533000,0.010,0.919,0.071
533500,0.010,0.939,0.051
534000,0.010,0.989,0.001
534500,0.010,0.672,0.318
535000,0.010,0.938,0.052
535500,0.010,0.967,0.023
536000,0.010,0.937,0.053
536500,0.010,0.663,0.327
537000,0.010,0.922,0.068
537500,0.010,0.950,0.040
538000,0.010,0.890,0.100
538500,0.010,0.989,0.001
539000,0.010,0.921,0.069
539500,0.010,0.927,0.063
540000,0.010,0.893,0.097
540500,0.010,0.927,0.063
541000,0.010,0.811,0.179
541500,0.010,0.964,0.026
542000,0.010,0.964,0.026
542500,0.010,0.919,0.071
543000,0.010,0.881,0.109
543500,0.010,0.898,0.092
544000,0.010,0.839,0.151
544500,0.010,0.887,0.103
545000,0.010,0.965,0.025
545500,0.010,0.990,0.000
546000,0.010,0.928,0.062
546500,0.010,0.801,0.189
547000,0.010,0.930,0.060
547500,0.010,0.950,0.040
548000,0.010,0.933,0.057
548500,0.010,0.941,0.049
549000,0.010,0.837,0.153
549500,0.010,0.834,0.156
550000,0.010,0.963,0.027
550500,0.010,0.972,0.018
551000,0.010,0.959,0.031
551500,0.010,0.910,0.080
552000,0.010,0.944,0.046
552500,0.010,0.984,0.006
553000,0.010,0.931,0.059
553500,0.010,0.983,0.007
554000,0.010,0.985,0.005
554500,0.010,0.833,0.157
555000,0.010,0.780,0.210
555500,0.010,0.800,0.190
556000,0.010,0.986,0.004
556500,0.010,0.969,0.021
557000,0.010,0.910,0.080
557500,0.010,0.773,0.217
558000,0.010,0.983,0.007
558500,0.010,0.885,0.105
559000,0.010,0.961,0.029
559500,0.010,0.875,0.115
560000,0.010,0.966,0.024
560500,0.010,0.990,0.000
561000,0.010,0.889,0.101
561500,0.010,0.976,0.014
562000,0.010,0.978,0.012
562500,0.010,0.973,0.017
563000,0.010,0.924,0.066
563500,0.010,0.933,0.057
564000,0.010,0.885,0.105
564500,0.010,0.989,0.001
565000,0.010,0.921,0.069
565500,0.010,0.966,0.024
566000,0.010,0.941,0.049
566500,0.010,0.973,0.017
567000,0.010,0.953,0.037
567500,0.010,0.938,0.052
568000,0.010,0.908,0.082
568500,0.010,0.984,0.006
569000,0.010,0.971,0.019
569500,0.010,0.988,0.002
570000,0.010,0.946,0.044
570500,0.010,0.938,0.052
571000,0.010,0.982,0.008
571500,0.010,0.928,0.062
572000,0.010,0.973,0.017
572500,0.010,0.807,0.183
573000,0.010,0.864,0.126
573500,0.010,0.879,0.111
574000,0.010,0.938,0.052
574500,0.010,0.881,0.109
575000,0.010,0.906,0.084
575500,0.010,0.987,0.003
576000,0.010,0.936,0.054
576500,0.010,0.950,0.040
577000,0.010,0.884,0.106
577500,0.010,0.897,0.093
578000,0.010,0.743,0.247
578500,0.010,0.741,0.249
579000,0.010,0.956,0.034
579500,0.010,0.966,0.024
580000,0.010,0.987,0.003
580500,0.010,0.907,0.083
581000,0.010,0.855,0.135
581500,0.010,0.934,0.056
582000,0.010,0.931,0.059
582500,0.010,0.869,0.121
583000,0.010,0.946,0.044
583500,0.010,0.932,0.058
584000,0.010,0.832,0.158
584500,0.010,0.988,0.002
585000,0.010,0.975,0.015
585500,0.010,0.961,0.029
586000,0.010,0.990,0.000
586500,0.010,0.985,0.005
587000,0.010,0.990,0.000
587500,0.010,0.950,0.040
588000,0.010,0.990,0.000
588500,0.010,0.988,0.002
589000,0.010,0.878,0.112
589500,0.010,0.830,0.160
590000,0.010,0.821,0.169
590500,0.010,0.880,0.110
591000,0.010,0.830,0.160
591500,0.010,0.869,0.121
592000,0.010,0.960,0.030
592500,0.010,0.856,0.134
593000,0.010,0.984,0.006
593500,0.010,0.955,0.035
594000,0.010,0.900,0.090
594500,0.010,0.899,0.091
595000,0.010,0.872,0.118
595500,0.010,0.962,0.028
596000,0.010,0.899,0.091
596500,0.010,0.841,0.149
597000,0.010,0.913,0.077
597500,0.010,0.924,0.066
598000,0.010,0.861,0.129
598500,0.010,0.974,0.016
599000,0.010,0.870,0.120
599500,0.010,0.911,0.079
600000,0.010,0.877,0.113
600500,0.010,0.905,0.085
601000,0.010,0.988,0.002
601500,0.010,0.873,0.117
602000,0.010,0.954,0.036
602500,0.010,0.941,0.049
603000,0.010,0.831,0.159
603500,0.010,0.983,0.007
604000,0.010,0.893,0.097
604500,0.010,0.840,0.150
605000,0.010,0.978,0.012
605500,0.010,0.939,0.051
606000,0.010,0.766,0.224
606500,0.010,0.898,0.092
607000,0.010,0.926,0.064
607500,0.010,0.910,0.080
608000,0.010,0.916,0.074
608500,0.010,0.863,0.127
609000,0.010,0.936,0.054
609500,0.010,0.945,0.045
610000,0.010,0.897,0.093
610500,0.010,0.965,0.025
611000,0.010,0.988,0.002
611500,0.010,0.975,0.015
612000,0.010,0.902,0.088
612500,0.010,0.976,0.014
613000,0.010,0.945,0.045
613500,0.010,0.967,0.023
614000,0.010,0.790,0.200
614500,0.010,0.902,0.088
615000,0.010,0.871,0.119
615500,0.010,0.971,0.019
616000,0.010,0.917,0.073
616500,0.010,0.798,0.192
617000,0.010,0.884,0.106
617500,0.010,0.940,0.050
618000,0.010,0.915,0.075
618500,0.010,0.972,0.018
619000,0.010,0.922,0.068
619500,0.010,0.841,0.149
620000,0.010,0.889,0.101
620500,0.010,0.864,0.126
621000,0.010,0.922,0.068
621500,0.010,0.988,0.002
622000,0.010,0.891,0.099
622500,0.010,0.922,0.068
623000,0.010,0.909,0.081
623500,0.010,0.986,0.004
624000,0.010,0.990,0.000
624500,0.010,0.924,0.066
625000,0.010,0.822,0.168
625500,0.010,0.747,0.243
626000,0.010,0.737,0.253
626500,0.010,0.953,0.037
627000,0.010,0.958,0.032
627500,0.010,0.885,0.105
628000,0.010,0.931,0.059
628500,0.010,0.638,0.352
629000,0.010,0.983,0.007
629500,0.010,0.922,0.068
630000,0.010,0.898,0.092
630500,0.010,0.912,0.078
631000,0.010,0.893,0.097
631500,0.010,0.953,0.037
632000,0.010,0.954,0.036
632500,0.010,0.880,0.110
633000,0.010,0.761,0.229
633500,0.010,0.989,0.001
634000,0.010,0.851,0.139
634500,0.010,0.922,0.068
635000,0.010,0.882,0.108
635500,0.010,0.981,0.009
636000,0.010,0.764,0.226
636500,0.010,0.964,0.026
637000,0.010,0.964,0.026
637500,0.010,0.919,0.071
638000,0.010,0.794,0.196
638500,0.010,0.937,0.053
639000,0.010,0.926,0.064
639500,0.010,0.875,0.115
640000,0.010,0.989,0.001
640500,0.010,0.990,0.000
641000,0.010,0.929,0.061
641500,0.010,0.987,0.003
642000,0.010,0.953,0.037
642500,0.010,0.909,0.081
643000,0.010,0.975,0.015
643500,0.010,0.988,0.002
644000,0.010,0.968,0.022
644500,0.010,0.852,0.138
645000,0.010,0.864,0.126
645500,0.010,0.988,0.002
646000,0.010,0.744,0.246
646500,0.010,0.950,0.040
647000,0.010,0.924,0.066
647500,0.010,0.982,0.008
648000,0.010,0.986,0.004
648500,0.010,0.915,0.075
649000,0.010,0.977,0.013
649500,0.010,0.802,0.188
650000,0.010,0.896,0.094
650500,0.010,0.928,0.062
651000,0.010,0.911,0.079
651500,0.010,0.984,0.006
652000,0.010,0.953,0.037
652500,0.010,0.989,0.001
653000,0.010,0.946,0.044
653500,0.010,0.960,0.030
654000,0.010,0.931,0.059
654500,0.010,0.898,0.092
655000,0.010,0.947,0.043
655500,0.010,0.888,0.102
656000,0.010,0.828,0.162
656500,0.010,0.866,0.124
657000,0.010,0.903,0.087
657500,0.010,0.838,0.152
658000,0.010,0.959,0.031
658500,0.010,0.884,0.106
659000,0.010,0.814,0.176
659500,0.010,0.894,0.096
660000,0.010,0.806,0.184
660500,0.010,0.978,0.012
661000,0.010,0.921,0.069
661500,0.010,0.938,0.052
662000,0.010,0.967,0.023
662500,0.010,0.988,0.002
663000,0.010,0.972,0.018
663500,0.010,0.862,0.128
664000,0.010,0.905,0.085
664500,0.010,0.879,0.111
665000,0.010,0.896,0.094
665500,0.010,0.944,0.046
666000,0.010,0.829,0.161
666500,0.010,0.976,0.014
667000,0.010,0.960,0.030
667500,0.010,0.989,0.001
668000,0.010,0.925,0.065
668500,0.010,0.990,0.000
669000,0.010,0.981,0.009
669500,0.010,0.779,0.211
670000,0.010,0.849,0.141
670500,0.010,0.871,0.119
671000,0.010,0.939,0.051
671500,0.010,0.714,0.276
672000,0.010,0.922,0.068
672500,0.010,0.920,0.070
673000,0.010,0.854,0.136
673500,0.010,0.812,0.178
674000,0.010,0.762,0.228
674500,0.010,0.883,0.107
675000,0.010,0.965,0.025
675500,0.010,0.919,0.071
676000,0.010,0.989,0.001
676500,0.010,0.873,0.117
677000,0.010,0.966,0.024
677500,0.010,0.985,0.005
678000,0.010,0.990,0.000
678500,0.010,0.704,0.286
679000,0.010,0.841,0.149
679500,0.010,0.928,0.062
680000,0.010,0.949,0.041
680500,0.010,0.934,0.056
681000,0.010,0.856,0.134
681500,0.010,0.990,0.000
682000,0.010,0.974,0.016
682500,0.010,0.781,0.209
683000,0.010,0.732,0.258
683500,0.010,0.988,0.002
684000,0.010,0.960,0.030
684500,0.010,0.874,0.116
685000,0.010,0.889,0.101
685500,0.010,0.990,0.000
686000,0.010,0.959,0.031
686500,0.010,0.990,0.000
687000,0.010,0.914,0.076
687500,0.010,0.938,0.052
688000,0.010,0.990,0.000
688500,0.010,0.723,0.267
689000,0.010,0.800,0.190
689500,0.010,0.939,0.051
690000,0.010,0.973,0.017
690500,0.010,0.943,0.047
691000,0.010,0.808,0.182
691500,0.010,0.985,0.005
692000,0.010,0.984,0.006
692500,0.010,0.987,0.003
693000,0.010,0.907,0.083
693500,0.010,0.899,0.091
694000,0.010,0.863,0.127
694500,0.010,0.975,0.015
695000,0.010,0.971,0.019
695500,0.010,0.892,0.098
696000,0.010,0.941,0.049
696500,0.010,0.988,0.002
697000,0.010,0.927,0.063
697500,0.010,0.974,0.016
698000,0.010,0.879,0.111
698500,0.010,0.912,0.078
699000,0.010,0.826,0.164
699500,0.010,0.852,0.138
700000,0.010,0.986,0.004
700500,0.010,0.845,0.145
701000,0.010,0.961,0.029
701500,0.010,0.980,0.010
702000,0.010,0.980,0.010
702500,0.010,0.972,0.018
703000,0.010,0.954,0.036
703500,0.010,0.823,0.167
704000,0.010,0.924,0.066
704500,0.010,0.886,0.104
705000,0.010,0.976,0.014
705500,0.010,0.959,0.031
706000,0.010,0.954,0.036
706500,0.010,0.962,0.028
707000,0.010,0.935,0.055
707500,0.010,0.966,0.024
708000,0.010,0.886,0.104
708500,0.010,0.889,0.101
709000,0.010,0.979,0.011
709500,0.010,0.927,0.063
710000,0.010,0.853,0.137
710500,0.010,0.927,0.063
711000,0.010,0.791,0.199
711500,0.010,0.875,0.115
712000,0.010,0.804,0.186
712500,0.010,0.824,0.166
713000,0.010,0.897,0.093
713500,0.010,0.903,0.087
714000,0.010,0.988,0.002
714500,0.010,0.960,0.030
715000,0.010,0.889,0.101
715500,0.010,0.990,0.000
716000,0.010,0.871,0.119
716500,0.010,0.990,0.000
717000,0.010,0.952,0.038
717500,0.010,0.990,0.000
718000,0.010,0.967,0.023
718500,0.010,0.933,0.057
719000,0.010,0.736,0.254
719500,0.010,0.903,0.087
720000,0.010,0.892,0.098
720500,0.010,0.880,0.110
721000,0.010,0.972,0.018
721500,0.010,0.874,0.116
722000,0.010,0.858,0.132
722500,0.010,0.839,0.151
723000,0.010,0.881,0.109
723500,0.010,0.938,0.052
724000,0.010,0.972,0.018
724500,0.010,0.954,0.036
725000,0.010,0.968,0.022
725500,0.010,0.915,0.075
726000,0.010,0.881,0.109
726500,0.010,0.836,0.154
727000,0.010,0.990,0.000
727500,0.010,0.906,0.084
728000,0.010,0.986,0.004
728500,0.010,0.859,0.131
729000,0.010,0.709,0.281
729500,0.010,0.949,0.041
730000,0.010,0.984,0.006
730500,0.010,0.978,0.012
731000,0.010,0.924,0.066
731500,0.010,0.891,0.099
732000,0.010,0.916,0.074
732500,0.010,0.913,0.077
733000,0.010,0.964,0.026
733500,0.010,0.792,0.198
734000,0.010,0.885,0.105
734500,0.010,0.988,0.002
735000,0.010,0.973,0.017
735500,0.010,0.990,0.000
736000,0.010,0.924,0.066
736500,0.010,0.990,0.000
737000,0.010,0.981,0.009
737500,0.010,0.899,0.091
738000,0.010,0.990,0.000
738500,0.010,0.990,0.000
739000,0.010,0.772,0.218
739500,0.010,0.871,0.119
740000,0.010,0.867,0.123
740500,0.010,0.989,0.001
741000,0.010,0.942,0.048
741500,0.010,0.816,0.174
742000,0.010,0.990,0.000
742500,0.010,0.830,0.160
743000,0.010,0.866,0.124
743500,0.010,0.988,0.002
744000,0.010,0.944,0.046
744500,0.010,0.908,0.082
745000,0.010,0.947,0.043
745500,0.010,0.976,0.014
746000,0.010,0.957,0.033
746500,0.010,0.879,0.111
747000,0.010,0.939,0.051
747500,0.010,0.881,0.109
748000,0.010,0.798,0.192
748500,0.010,0.925,0.065
749000,0.010,0.974,0.016
749500,0.010,0.841,0.149
750000,0.010,0.817,0.173
750500,0.010,0.944,0.046
751000,0.010,0.934,0.056
751500,0.010,0.932,0.058
752000,0.010,0.975,0.015
752500,0.010,0.902,0.088
753000,0.010,0.939,0.051
753500,0.010,0.986,0.004
754000,0.010,0.970,0.020
754500,0.010,0.990,0.000
755000,0.010,0.957,0.033
755500,0.010,0.950,0.040
756000,0.010,0.874,0.116
756500,0.010,0.908,0.082
757000,0.010,0.840,0.150
757500,0.010,0.988,0.002
758000,0.010,0.824,0.166
758500,0.010,0.957,0.033
759000,0.010,0.835,0.155
759500,0.010,0.974,0.016
760000,0.010,0.953,0.037
760500,0.010,0.964,0.026
761000,0.010,0.973,0.017
761500,0.010,0.989,0.001
762000,0.010,0.872,0.118
762500,0.010,0.854,0.136
763000,0.010,0.924,0.066
763500,0.010,0.944,0.046
764000,0.010,0.821,0.169
764500,0.010,0.837,0.153
765000,0.010,0.949,0.041
765500,0.010,0.910,0.080
766000,0.010,0.911,0.079
766500,0.010,0.990,0.000
767000,0.010,0.830,0.160
767500,0.010,0.985,0.005
768000,0.010,0.966,0.024
768500,0.010,0.976,0.014
769000,0.010,0.973,0.017
769500,0.010,0.956,0.034
770000,0.010,0.972,0.018
770500,0.010,0.919,0.071
771000,0.010,0.940,0.050
771500,0.010,0.975,0.015
772000,0.010,0.960,0.030
772500,0.010,0.989,0.001
773000,0.010,0.953,0.037
773500,0.010,0.961,0.029
774000,0.010,0.914,0.076
774500,0.010,0.869,0.121
775000,0.010,0.886,0.104
775500,0.010,0.960,0.030
776000,0.010,0.964,0.026
776500,0.010,0.930,0.060
777000,0.010,0.892,0.098
777500,0.010,0.950,0.040
778000,0.010,0.974,0.016
778500,0.010,0.914,0.076
779000,0.010,0.866,0.124
779500,0.010,0.871,0.119
780000,0.010,0.814,0.176
780500,0.010,0.904,0.086
781000,0.010,0.905,0.085
781500,0.010,0.938,0.052
782000,0.010,0.973,0.017
782500,0.010,0.948,0.042
783000,0.010,0.755,0.235
783500,0.010,0.899,0.091
784000,0.010,0.946,0.044
784500,0.010,0.975,0.015
785000,0.010,0.990,0.000
785500,0.010,0.822,0.168
786000,0.010,0.924,0.066
786500,0.010,0.963,0.027
787000,0.010,0.801,0.189
787500,0.010,0.938,0.052
788000,0.010,0.964,0.026
788500,0.010,0.933,0.057
789000,0.010,0.945,0.045
789500,0.010,0.990,0.000
790000,0.010,0.909,0.081
790500,0.010,0.925,0.065
791000,0.010,0.985,0.005
791500,0.010,0.987,0.003
792000,0.010,0.852,0.138
792500,0.010,0.973,0.017
793000,0.010,0.981,0.009
793500,0.010,0.864,0.126
794000,0.010,0.923,0.067
794500,0.010,0.929,0.061
795000,0.010,0.922,0.068
795500,0.010,0.961,0.029
796000,0.010,0.956,0.034
796500,0.010,0.805,0.185
797000,0.010,0.972,0.018
797500,0.010,0.883,0.107
798000,0.010,0.990,0.000
798500,0.010,0.951,0.039
799000,0.010,0.990,0.000
799500,0.010,0.988,0.002
800000,0.010,0.938,0.052
800500,0.010,0.956,0.034
801000,0.010,0.937,0.053
801500,0.010,0.871,0.119
802000,0.010,0.885,0.105
802500,0.010,0.952,0.038
803000,0.010,0.971,0.019
803500,0.010,0.985,0.005
804000,0.010,0.943,0.047
804500,0.010,0.907,0.083
805000,0.010,0.816,0.174
805500,0.010,0.871,0.119
806000,0.010,0.920,0.070
806500,0.010,0.861,0.129
807000,0.010,0.875,0.115
807500,0.010,0.962,0.028
808000,0.010,0.971,0.019
808500,0.010,0.986,0.004
809000,0.010,0.837,0.153
809500,0.010,0.916,0.074
810000,0.010,0.850,0.140
810500,0.010,0.912,0.078
811000,0.010,0.872,0.118
811500,0.010,0.971,0.019
812000,0.010,0.970,0.020
812500,0.010,0.883,0.107
813000,0.010,0.812,0.178
813500,0.010,0.919,0.071
814000,0.010,0.870,0.120
814500,0.010,0.918,0.072
815000,0.010,0.846,0.144
815500,0.010,0.791,0.199
816000,0.010,0.980,0.010
816500,0.010,0.990,0.000
817000,0.010,0.944,0.046
817500,0.010,0.924,0.066
818000,0.010,0.788,0.202
818500,0.010,0.893,0.097
819000,0.010,0.961,0.029
819500,0.010,0.910,0.080
820000,0.010,0.863,0.127
820500,0.010,0.960,0.030
821000,0.010,0.918,0.072
821500,0.010,0.990,0.000
822000,0.010,0.965,0.025
822500,0.010,0.904,0.086
823000,0.010,0.806,0.184
823500,0.010,0.795,0.195
824000,0.010,0.965,0.025
824500,0.010,0.989,0.001
825000,0.010,0.820,0.170
825500,0.010,0.914,0.076
826000,0.010,0.974,0.016
826500,0.010,0.886,0.104
827000,0.010,0.946,0.044
827500,0.010,0.912,0.078
828000,0.010,0.777,0.213
828500,0.010,0.965,0.025
829000,0.010,0.934,0.056
829500,0.010,0.987,0.003
830000,0.010,0.968,0.022
830500,0.010,0.963,0.027
831000,0.010,0.954,0.036
831500,0.010,0.865,0.125
832000,0.010,0.984,0.006
832500,0.010,0.983,0.007
833000,0.010,0.909,0.081
833500,0.010,0.930,0.060
834000,0.010,0.969,0.021
834500,0.010,0.979,0.011
835000,0.010,0.981,0.009
835500,0.010,0.976,0.014
836000,0.010,0.907,0.083
836500,0.010,0.878,0.112
837000,0.010,0.880,0.110
837500,0.010,0.989,0.001
838000,0.010,0.958,0.032
838500,0.010,0.984,0.006
839000,0.010,0.827,0.163
839500,0.010,0.898,0.092
840000,0.010,0.949,0.041
840500,0.010,0.964,0.026
841000,0.010,0.880,0.110
841500,0.010,0.894,0.096
842000,0.010,0.807,0.183
842500,0.010,0.962,0.028
843000,0.010,0.971,0.019
843500,0.010,0.867,0.123
844000,0.010,0.904,0.086
844500,0.010,0.963,0.027
845000,0.010,0.987,0.003
845500,0.010,0.929,0.061
846000,0.010,0.990,0.000
846500,0.010,0.924,0.066
847000,0.010,0.897,0.093
847500,0.010,0.990,0.000
848000,0.010,0.974,0.016
848500,0.010,0.973,0.017
849000,0.010,0.908,0.082
849500,0.010,0.952,0.038
850000,0.010,0.778,0.212
850500,0.010,0.984,0.006
851000,0.010,0.946,0.044
851500,0.010,0.990,0.000
852000,0.010,0.961,0.029
852500,0.010,0.887,0.103
853000,0.010,0.889,0.101
853500,0.010,0.888,0.102
854000,0.010,0.973,0.017
854500,0.010,0.809,0.181
855000,0.010,0.883,0.107
855500,0.010,0.973,0.017
856000,0.010,0.990,0.000
856500,0.010,0.926,0.064
857000,0.010,0.990,0.000
857500,0.010,0.915,0.075
858000,0.010,0.989,0.001
858500,0.010,0.914,0.076
859000,0.010,0.971,0.019
859500,0.010,0.942,0.048
860000,0.010,0.990,0.000
860500,0.010,0.955,0.035
861000,0.010,0.902,0.088
861500,0.010,0.970,0.020
862000,0.010,0.985,0.005
862500,0.010,0.986,0.004
863000,0.010,0.948,0.042
863500,0.010,0.960,0.030
864000,0.010,0.881,0.109
864500,0.010,0.947,0.043
865000,0.010,0.979,0.011
865500,0.010,0.954,0.036
866000,0.010,0.962,0.028
866500,0.010,0.979,0.011
867000,0.010,0.852,0.138
867500,0.010,0.932,0.058
868000,0.010,0.844,0.146
868500,0.010,0.984,0.006
869000,0.010,0.946,0.044
869500,0.010,0.866,0.124
870000,0.010,0.896,0.094
870500,0.010,0.896,0.094
871000,0.010,0.929,0.061
871500,0.010,0.922,0.068
872000,0.010,0.930,0.060
872500,0.010,0.981,0.009
873000,0.010,0.915,0.075
873500,0.010,0.974,0.016
874000,0.010,0.888,0.102
874500,0.010,0.730,0.260
875000,0.010,0.878,0.112
875500,0.010,0.926,0.064
876000,0.010,0.891,0.099
876500,0.010,0.949,0.041
877000,0.010,0.986,0.004
877500,0.010,0.876,0.114
878000,0.010,0.894,0.096
878500,0.010,0.986,0.004
879000,0.010,0.953,0.037
879500,0.010,0.962,0.028
880000,0.010,0.990,0.000
880500,0.010,0.913,0.077
881000,0.010,0.881,0.109
881500,0.010,0.956,0.034
882000,0.010,0.737,0.253
882500,0.010,0.988,0.002
883000,0.010,0.942,0.048
883500,0.010,0.864,0.126
884000,0.010,0.947,0.043
884500,0.010,0.953,0.037
885000,0.010,0.983,0.007
885500,0.010,0.890,0.100
886000,0.010,0.802,0.188
886500,0.010,0.848,0.142
887000,0.010,0.939,0.051
887500,0.010,0.772,0.218
888000,0.010,0.731,0.259
888500,0.010,0.966,0.024
889000,0.010,0.958,0.032
889500,0.010,0.972,0.018
890000,0.010,0.823,0.167
890500,0.010,0.900,0.090
891000,0.010,0.824,0.166
891500,0.010,0.941,0.049
892000,0.010,0.990,0.000
892500,0.010,0.972,0.018
893000,0.010,0.927,0.063
893500,0.010,0.874,0.116
894000,0.010,0.931,0.059
894500,0.010,0.963,0.027
895000,0.010,0.985,0.005
895500,0.010,0.949,0.041
896000,0.010,0.971,0.019
896500,0.010,0.857,0.133
897000,0.010,0.905,0.085
897500,0.010,0.969,0.021
898000,0.010,0.899,0.091
898500,0.010,0.930,0.060
899000,0.010,0.972,0.018
899500,0.010,0.986,0.004
900000,0.010,0.974,0.016
900500,0.010,0.951,0.039
901000,0.010,0.762,0.228
901500,0.010,0.878,0.112
902000,0.010,0.906,0.084
902500,0.010,0.951,0.039
903000,0.010,0.989,0.001
903500,0.010,0.972,0.018
904000,0.010,0.964,0.026
904500,0.010,0.920,0.070
905000,0.010,0.821,0.169
905500,0.010,0.938,0.052
906000,0.010,0.926,0.064
906500,0.010,0.868,0.122
907000,0.010,0.935,0.055
907500,0.010,0.964,0.026
908000,0.010,0.826,0.164
908500,0.010,0.921,0.069
909000,0.010,0.896,0.094
909500,0.010,0.960,0.030
910000,0.010,0.965,0.025
910500,0.010,0.989,0.001
911000,0.010,0.941,0.049
911500,0.010,0.946,0.044
912000,0.010,0.981,0.009
912500,0.010,0.990,0.000
913000,0.010,0.957,0.033
913500,0.010,0.962,0.028
914000,0.010,0.878,0.112
914500,0.010,0.780,0.210
915000,0.010,0.771,0.219
915500,0.010,0.828,0.162
916000,0.010,0.961,0.029
916500,0.010,0.912,0.078
917000,0.010,0.945,0.045
917500,0.010,0.920,0.070
918000,0.010,0.976,0.014
918500,0.010,0.858,0.132
919000,0.010,0.965,0.025
919500,0.010,0.897,0.093
920000,0.010,0.719,0.271
920500,0.010,0.862,0.128
921000,0.010,0.780,0.210
921500,0.010,0.872,0.118
922000,0.010,0.944,0.046
922500,0.010,0.923,0.067
923000,0.010,0.982,0.008
923500,0.010,0.807,0.183
924000,0.010,0.965,0.025
924500,0.010,0.894,0.096
925000,0.010,0.954,0.036
925500,0.010,0.829,0.161
926000,0.010,0.980,0.010
926500,0.010,0.938,0.052
927000,0.010,0.960,0.030
927500,0.010,0.874,0.116
928000,0.010,0.969,0.021
928500,0.010,0.862,0.128
929000,0.010,0.934,0.056
929500,0.010,0.892,0.098
930000,0.010,0.902,0.088
930500,0.010,0.930,0.060
931000,0.010,0.956,0.034
931500,0.010,0.961,0.029
932000,0.010,0.914,0.076
932500,0.010,0.983,0.007
933000,0.010,0.946,0.044
933500,0.010,0.927,0.063
934000,0.010,0.904,0.086
934500,0.010,0.837,0.153
935000,0.010,0.971,0.019
935500,0.010,0.759,0.231
936000,0.010,0.788,0.202
936500,0.010,0.810,0.180
937000,0.010,0.829,0.161
937500,0.010,0.965,0.025
938000,0.010,0.944,0.046
938500,0.010,0.984,0.006
939000,0.010,0.874,0.116
939500,0.010,0.972,0.018
940000,0.010,0.926,0.064
940500,0.010,0.928,0.062
941000,0.010,0.888,0.102
941500,0.010,0.774,0.216
942000,0.010,0.915,0.075
942500,0.010,0.925,0.065
943000,0.010,0.966,0.024
943500,0.010,0.888,0.102
944000,0.010,0.988,0.002
944500,0.010,0.712,0.278
945000,0.010,0.938,0.052
945500,0.010,0.979,0.011
946000,0.010,0.791,0.199
946500,0.010,0.888,0.102
947000,0.010,0.962,0.028
947500,0.010,0.792,0.198
948000,0.010,0.977,0.013
948500,0.010,0.872,0.118
949000,0.010,0.830,0.160
949500,0.010,0.990,0.000
950000,0.010,0.989,0.001
950500,0.010,0.965,0.025
951000,0.010,0.958,0.032
951500,0.010,0.988,0.002
952000,0.010,0.960,0.030
952500,0.010,0.946,0.044
953000,0.010,0.936,0.054
953500,0.010,0.842,0.148
954000,0.010,0.818,0.172
954500,0.010,0.848,0.142
955000,0.010,0.974,0.016
955500,0.010,0.919,0.071
956000,0.010,0.918,0.072
956500,0.010,0.848,0.142
957000,0.010,0.985,0.005
957500,0.010,0.978,0.012
958000,0.010,0.955,0.035
958500,0.010,0.985,0.005
959000,0.010,0.926,0.064
959500,0.010,0.758,0.232
960000,0.010,0.820,0.170
960500,0.010,0.905,0.085
961000,0.010,0.897,0.093
961500,0.010,0.990,0.000
962000,0.010,0.963,0.027
962500,0.010,0.952,0.038
963000,0.010,0.989,0.001
963500,0.010,0.826,0.164
964000,0.010,0.841,0.149
964500,0.010,0.913,0.077
965000,0.010,0.906,0.084
965500,0.010,0.989,0.001
966000,0.010,0.831,0.159
966500,0.010,0.824,0.166
967000,0.010,0.986,0.004
967500,0.010,0.976,0.014
968000,0.010,0.813,0.177
968500,0.010,0.799,0.191
969000,0.010,0.990,0.000
969500,0.010,0.801,0.189
970000,0.010,0.908,0.082
970500,0.010,0.915,0.075
971000,0.010,0.956,0.034
971500,0.010,0.976,0.014
972000,0.010,0.988,0.002
972500,0.010,0.936,0.054
973000,0.010,0.935,0.055
973500,0.010,0.960,0.030
974000,0.010,0.742,0.248
974500,0.010,0.903,0.087
975000,0.010,0.883,0.107
975500,0.010,0.987,0.003
976000,0.010,0.942,0.048
976500,0.010,0.938,0.052
977000,0.010,0.829,0.161
977500,0.010,0.814,0.176
978000,0.010,0.785,0.205
978500,0.010,0.984,0.006
979000,0.010,0.845,0.145
979500,0.010,0.888,0.102
980000,0.010,0.987,0.003
980500,0.010,0.958,0.032
981000,0.010,0.882,0.108
981500,0.010,0.895,0.095
982000,0.010,0.902,0.088
982500,0.010,0.958,0.032
983000,0.010,0.919,0.071
983500,0.010,0.962,0.028
984000,0.010,0.960,0.030
984500,0.010,0.986,0.004
985000,0.010,0.901,0.089
985500,0.010,0.909,0.081
986000,0.010,0.990,0.000
986500,0.010,0.947,0.043
987000,0.010,0.952,0.038
987500,0.010,0.946,0.044
988000,0.010,0.925,0.065
988500,0.010,0.986,0.004
989000,0.010,0.936,0.054
989500,0.010,0.928,0.062
990000,0.010,0.990,0.000
990500,0.010,0.948,0.042
991000,0.010,0.867,0.123
991500,0.010,0.848,0.142
992000,0.010,0.909,0.081
992500,0.010,0.865,0.125
993000,0.010,0.905,0.085
993500,0.010,0.860,0.130
994000,0.010,0.982,0.008
994500,0.010,0.885,0.105
995000,0.010,0.935,0.055
995500,0.010,0.937,0.053
996000,0.010,0.988,0.002
996500,0.010,0.950,0.040
997000,0.010,0.763,0.227
997500,0.010,0.883,0.107
998000,0.010,0.699,0.291
998500,0.010,0.962,0.028
999000,0.010,0.943,0.047
999500,0.010,0.941,0.049
1000000,0.010,0.809,0.181
