time,n_A+p,n_B,n_AB
500,0.080,0.464,0.456
1000,0.096,0.121,0.783
1500,0.149,0.066,0.785
2000,0.406,0.005,0.589
2500,0.580,0.000,0.420
3000,0.712,0.000,0.288
3500,0.859,0.000,0.141
4000,0.873,0.000,0.127
4500,0.906,0.000,0.094
5000,0.897,0.000,0.103
5500,0.863,0.000,0.137
6000,0.872,0.000,0.128
6500,0.888,0.000,0.112
7000,0.912,0.000,0.088
7500,0.968,0.000,0.032
8000,0.959,0.000,0.041
8500,0.980,0.000,0.020
9000,0.888,0.000,0.112
9500,0.934,0.000,0.066
10000,0.978,0.000,0.022
10500,0.970,0.000,0.030
11000,0.940,0.000,0.060
11500,0.960,0.000,0.040
12000,0.927,0.000,0.073
12500,0.922,0.000,0.078
13000,0.864,0.000,0.136
13500,0.888,0.000,0.112
14000,0.923,0.000,0.077
14500,0.915,0.000,0.085
15000,0.896,0.000,0.104
15500,0.887,0.000,0.113
16000,0.843,0.000,0.157
16500,0.854,0.000,0.146
17000,0.873,0.000,0.127
17500,0.954,0.000,0.046
18000,0.968,0.000,0.032
18500,0.996,0.000,0.004
19000,0.993,0.000,0.007
19500,1.000,0.000,0.000
20000,1.000,0.000,0.000
