time,n_A+p,n_B,n_AB
500,0.050,0.905,0.045
1000,0.050,0.849,0.101
1500,0.055,0.770,0.175
2000,0.060,0.739,0.201
2500,0.061,0.658,0.281
3000,0.061,0.624,0.315
3500,0.066,0.610,0.324
4000,0.073,0.563,0.364
4500,0.075,0.509,0.416
5000,0.082,0.460,0.458
5500,0.080,0.450,0.470
6000,0.092,0.421,0.487
6500,0.090,0.437,0.473
7000,0.098,0.422,0.480
7500,0.115,0.372,0.513
8000,0.124,0.352,0.524
8500,0.132,0.370,0.498
9000,0.141,0.343,0.516
9500,0.146,0.297,0.557
10000,0.170,0.279,0.551
10500,0.159,0.295,0.546
11000,0.191,0.276,0.533
11500,0.175,0.249,0.576
12000,0.176,0.228,0.596
12500,0.208,0.209,0.583
13000,0.193,0.209,0.598
13500,0.215,0.238,0.547
14000,0.225,0.215,0.560
14500,0.270,0.195,0.535
15000,0.278,0.180,0.542
15500,0.262,0.171,0.567
16000,0.276,0.149,0.575
16500,0.257,0.161,0.582
17000,0.259,0.152,0.589
17500,0.282,0.153,0.565
18000,0.292,0.144,0.564
18500,0.301,0.130,0.569
19000,0.307,0.132,0.561
19500,0.303,0.134,0.563
20000,0.294,0.126,0.580
20500,0.311,0.128,0.561
21000,0.352,0.118,0.530
21500,0.352,0.090,0.558
22000,0.348,0.092,0.560
22500,0.367,0.084,0.549
23000,0.384,0.073,0.543
23500,0.435,0.070,0.495
24000,0.451,0.063,0.486
24500,0.436,0.047,0.517
25000,0.459,0.052,0.489
25500,0.481,0.054,0.465
26000,0.509,0.032,0.459
26500,0.510,0.039,0.451
27000,0.502,0.041,0.457
27500,0.494,0.043,0.463
28000,0.505,0.039,0.456
28500,0.513,0.030,0.457
29000,0.543,0.038,0.419
29500,0.575,0.039,0.386
30000,0.572,0.043,0.385
30500,0.555,0.035,0.410
31000,0.556,0.040,0.404
31500,0.556,0.046,0.398
32000,0.558,0.028,0.414
32500,0.564,0.032,0.404
33000,0.572,0.036,0.392
33500,0.562,0.031,0.407
34000,0.557,0.036,0.407
34500,0.551,0.031,0.418
35000,0.582,0.024,0.394
35500,0.576,0.023,0.401
36000,0.589,0.017,0.394
36500,0.589,0.017,0.394
37000,0.590,0.020,0.390
37500,0.548,0.028,0.424
38000,0.560,0.025,0.415
38500,0.579,0.017,0.404
39000,0.598,0.016,0.386
39500,0.611,0.014,0.375
40000,0.629,0.014,0.357
40500,0.636,0.012,0.352
41000,0.637,0.026,0.337
41500,0.625,0.018,0.357
42000,0.614,0.012,0.374
42500,0.618,0.021,0.361
43000,0.608,0.015,0.377
43500,0.629,0.008,0.363
44000,0.665,0.014,0.321
44500,0.697,0.012,0.291
45000,0.685,0.011,0.304
45500,0.677,0.007,0.316
46000,0.682,0.006,0.312
46500,0.681,0.003,0.316
47000,0.685,0.009,0.306
47500,0.662,0.008,0.330
48000,0.657,0.003,0.340
48500,0.674,0.000,0.326
49000,0.675,0.009,0.316
49500,0.659,0.012,0.329
50000,0.671,0.010,0.319
50500,0.658,0.009,0.333
51000,0.660,0.012,0.328
51500,0.660,0.011,0.329
52000,0.690,0.014,0.296
52500,0.649,0.005,0.346
53000,0.648,0.019,0.333
53500,0.648,0.015,0.337
54000,0.627,0.015,0.358
54500,0.630,0.010,0.360
55000,0.633,0.008,0.359
55500,0.628,0.002,0.370
56000,0.635,0.007,0.358
56500,0.662,0.003,0.335
57000,0.659,0.004,0.337
57500,0.654,0.008,0.338
58000,0.685,0.014,0.301
58500,0.670,0.011,0.319
59000,0.677,0.014,0.309
59500,0.682,0.014,0.304
60000,0.688,0.008,0.304
60500,0.709,0.007,0.284
61000,0.710,0.004,0.286
61500,0.742,0.005,0.253
62000,0.723,0.007,0.270
62500,0.701,0.007,0.292
63000,0.723,0.003,0.274
63500,0.724,0.004,0.272
64000,0.725,0.002,0.273
64500,0.735,0.000,0.265
65000,0.720,0.003,0.277
65500,0.722,0.008,0.270
66000,0.712,0.008,0.280
66500,0.733,0.004,0.263
67000,0.733,0.005,0.262
67500,0.724,0.009,0.267
68000,0.717,0.009,0.274
68500,0.700,0.009,0.291
69000,0.663,0.006,0.331
69500,0.666,0.003,0.331
70000,0.674,0.012,0.314
70500,0.719,0.005,0.276
71000,0.723,0.004,0.273
71500,0.718,0.008,0.274
72000,0.724,0.005,0.271
72500,0.728,0.004,0.268
73000,0.744,0.005,0.251
73500,0.738,0.004,0.258
74000,0.755,0.001,0.244
74500,0.758,0.001,0.241
75000,0.740,0.001,0.259
75500,0.718,0.003,0.279
76000,0.743,0.005,0.252
76500,0.709,0.010,0.281
77000,0.703,0.004,0.293
77500,0.690,0.006,0.304
78000,0.684,0.002,0.314
78500,0.667,0.019,0.314
79000,0.643,0.018,0.339
79500,0.638,0.013,0.349
80000,0.610,0.021,0.369
80500,0.604,0.020,0.376
81000,0.613,0.023,0.364
81500,0.594,0.015,0.391
82000,0.598,0.012,0.390
82500,0.607,0.010,0.383
83000,0.625,0.008,0.367
83500,0.631,0.008,0.361
84000,0.632,0.010,0.358
84500,0.669,0.009,0.322
85000,0.674,0.011,0.315
85500,0.651,0.007,0.342
86000,0.620,0.003,0.377
86500,0.628,0.006,0.366
87000,0.621,0.006,0.373
87500,0.656,0.017,0.327
88000,0.685,0.013,0.302
88500,0.685,0.007,0.308
89000,0.686,0.005,0.309
89500,0.705,0.006,0.289
90000,0.689,0.007,0.304
90500,0.684,0.009,0.307
91000,0.673,0.010,0.317
91500,0.671,0.010,0.319
92000,0.654,0.014,0.332
92500,0.657,0.013,0.330
93000,0.682,0.005,0.313
93500,0.701,0.007,0.292
94000,0.690,0.012,0.298
94500,0.687,0.012,0.301
95000,0.690,0.016,0.294
95500,0.663,0.006,0.331
96000,0.657,0.006,0.337
96500,0.665,0.013,0.322
97000,0.675,0.010,0.315
97500,0.664,0.020,0.316
98000,0.667,0.017,0.316
98500,0.658,0.015,0.327
99000,0.625,0.014,0.361
99500,0.636,0.015,0.349
100000,0.664,0.011,0.325
100500,0.637,0.012,0.351
101000,0.626,0.011,0.363
101500,0.634,0.008,0.358
102000,0.650,0.018,0.332
102500,0.639,0.019,0.342
103000,0.628,0.026,0.346
103500,0.638,0.017,0.345
104000,0.634,0.010,0.356
104500,0.649,0.012,0.339
105000,0.650,0.015,0.335
105500,0.671,0.016,0.313
106000,0.638,0.011,0.351
106500,0.662,0.012,0.326
107000,0.658,0.005,0.337
107500,0.684,0.012,0.304
108000,0.697,0.006,0.297
108500,0.676,0.005,0.319
109000,0.700,0.007,0.293
109500,0.690,0.006,0.304
110000,0.697,0.002,0.301
110500,0.712,0.005,0.283
111000,0.712,0.005,0.283
111500,0.724,0.007,0.269
112000,0.713,0.004,0.283
112500,0.665,0.002,0.333
113000,0.658,0.014,0.328
113500,0.626,0.011,0.363
114000,0.626,0.012,0.362
114500,0.636,0.016,0.348
115000,0.630,0.019,0.351
115500,0.618,0.007,0.375
116000,0.644,0.011,0.345
116500,0.653,0.010,0.337
117000,0.656,0.012,0.332
117500,0.635,0.011,0.354
118000,0.633,0.007,0.360
118500,0.674,0.015,0.311
119000,0.659,0.012,0.329
119500,0.663,0.005,0.332
120000,0.683,0.005,0.312
120500,0.659,0.005,0.336
121000,0.635,0.006,0.359
121500,0.652,0.008,0.340
122000,0.635,0.010,0.355
122500,0.634,0.014,0.352
123000,0.627,0.010,0.363
123500,0.625,0.013,0.362
124000,0.611,0.012,0.377
124500,0.618,0.015,0.367
125000,0.612,0.019,0.369
125500,0.580,0.014,0.406
126000,0.573,0.016,0.411
126500,0.612,0.016,0.372
127000,0.576,0.028,0.396
127500,0.562,0.017,0.421
128000,0.575,0.027,0.398
128500,0.579,0.018,0.403
129000,0.593,0.014,0.393
129500,0.571,0.026,0.403
130000,0.566,0.022,0.412
130500,0.595,0.024,0.381
131000,0.594,0.023,0.383
131500,0.622,0.026,0.352
132000,0.611,0.021,0.368
132500,0.610,0.011,0.379
133000,0.609,0.011,0.380
133500,0.617,0.011,0.372
134000,0.643,0.011,0.346
134500,0.631,0.018,0.351
135000,0.641,0.012,0.347
135500,0.661,0.012,0.327
136000,0.669,0.014,0.317
136500,0.671,0.013,0.316
137000,0.671,0.016,0.313
137500,0.683,0.011,0.306
138000,0.675,0.015,0.310
138500,0.644,0.017,0.339
139000,0.630,0.013,0.357
139500,0.642,0.009,0.349
140000,0.701,0.007,0.292
140500,0.707,0.004,0.289
141000,0.706,0.002,0.292
141500,0.721,0.001,0.278
142000,0.745,0.000,0.255
142500,0.727,0.003,0.270
143000,0.696,0.005,0.299
143500,0.656,0.004,0.340
144000,0.679,0.002,0.319
144500,0.715,0.003,0.282
145000,0.708,0.002,0.290
145500,0.691,0.003,0.306
146000,0.695,0.008,0.297
146500,0.708,0.012,0.280
147000,0.698,0.013,0.289
147500,0.708,0.016,0.276
148000,0.677,0.020,0.303
148500,0.639,0.018,0.343
149000,0.605,0.021,0.374
149500,0.621,0.022,0.357
150000,0.609,0.017,0.374
150500,0.634,0.011,0.355
151000,0.656,0.016,0.328
151500,0.654,0.015,0.331
152000,0.660,0.010,0.330
152500,0.676,0.014,0.310
153000,0.679,0.010,0.311
153500,0.679,0.016,0.305
154000,0.660,0.014,0.326
154500,0.655,0.012,0.333
155000,0.647,0.007,0.346
155500,0.638,0.007,0.355
156000,0.651,0.013,0.336
156500,0.666,0.010,0.324
157000,0.651,0.011,0.338
157500,0.628,0.006,0.366
158000,0.644,0.005,0.351
158500,0.626,0.031,0.343
159000,0.621,0.022,0.357
159500,0.637,0.017,0.346
160000,0.619,0.010,0.371
160500,0.642,0.012,0.346
161000,0.642,0.015,0.343
161500,0.640,0.014,0.346
162000,0.647,0.005,0.348
162500,0.633,0.009,0.358
163000,0.620,0.011,0.369
163500,0.627,0.015,0.358
164000,0.607,0.016,0.377
164500,0.594,0.019,0.387
165000,0.575,0.035,0.390
165500,0.605,0.026,0.369
166000,0.589,0.016,0.395
166500,0.565,0.037,0.398
167000,0.555,0.034,0.411
167500,0.560,0.022,0.418
168000,0.576,0.039,0.385
168500,0.572,0.028,0.400
169000,0.566,0.027,0.407
169500,0.572,0.021,0.407
170000,0.590,0.021,0.389
170500,0.591,0.024,0.385
171000,0.629,0.023,0.348
171500,0.595,0.012,0.393
172000,0.593,0.029,0.378
172500,0.580,0.025,0.395
173000,0.606,0.024,0.370
173500,0.636,0.021,0.343
174000,0.612,0.016,0.372
174500,0.619,0.014,0.367
175000,0.641,0.023,0.336
175500,0.640,0.030,0.330
176000,0.647,0.018,0.335
176500,0.658,0.010,0.332
177000,0.652,0.018,0.330
177500,0.631,0.018,0.351
178000,0.633,0.019,0.348
178500,0.668,0.012,0.320
179000,0.671,0.014,0.315
179500,0.651,0.013,0.336
180000,0.614,0.012,0.374
180500,0.619,0.009,0.372
181000,0.642,0.012,0.346
181500,0.657,0.006,0.337
182000,0.627,0.006,0.367
182500,0.655,0.007,0.338
183000,0.652,0.012,0.336
183500,0.658,0.012,0.330
184000,0.669,0.010,0.321
184500,0.663,0.012,0.325
185000,0.657,0.014,0.329
185500,0.654,0.011,0.335
186000,0.645,0.022,0.333
186500,0.643,0.022,0.335
187000,0.625,0.008,0.367
187500,0.644,0.011,0.345
188000,0.628,0.016,0.356
188500,0.624,0.010,0.366
189000,0.639,0.014,0.347
189500,0.659,0.011,0.330
190000,0.661,0.005,0.334
190500,0.677,0.009,0.314
191000,0.710,0.011,0.279
191500,0.706,0.008,0.286
192000,0.720,0.007,0.273
192500,0.708,0.007,0.285
193000,0.701,0.002,0.297
193500,0.677,0.003,0.320
194000,0.647,0.018,0.335
194500,0.661,0.009,0.330
195000,0.675,0.005,0.320
195500,0.695,0.011,0.294
196000,0.686,0.007,0.307
196500,0.696,0.007,0.297
197000,0.681,0.003,0.316
197500,0.680,0.006,0.314
198000,0.694,0.005,0.301
198500,0.723,0.013,0.264
199000,0.719,0.012,0.269
199500,0.691,0.010,0.299
200000,0.673,0.008,0.319
200500,0.644,0.007,0.349
201000,0.648,0.006,0.346
201500,0.656,0.009,0.335
202000,0.658,0.009,0.333
202500,0.649,0.012,0.339
203000,0.665,0.011,0.324
203500,0.664,0.009,0.327
204000,0.642,0.010,0.348
204500,0.624,0.012,0.364
205000,0.622,0.024,0.354
205500,0.611,0.020,0.369
206000,0.613,0.023,0.364
206500,0.609,0.018,0.373
207000,0.589,0.012,0.399
207500,0.603,0.020,0.377
208000,0.596,0.026,0.378
208500,0.577,0.025,0.398
209000,0.593,0.025,0.382
209500,0.576,0.015,0.409
210000,0.620,0.020,0.360
210500,0.639,0.024,0.337
211000,0.641,0.020,0.339
211500,0.637,0.016,0.347
212000,0.657,0.012,0.331
212500,0.665,0.006,0.329
213000,0.658,0.004,0.338
213500,0.668,0.006,0.326
214000,0.662,0.001,0.337
214500,0.667,0.005,0.328
215000,0.666,0.005,0.329
215500,0.662,0.011,0.327
216000,0.667,0.007,0.326
216500,0.674,0.013,0.313
217000,0.690,0.003,0.307
217500,0.671,0.014,0.315
218000,0.675,0.012,0.313
218500,0.684,0.006,0.310
219000,0.726,0.004,0.270
219500,0.730,0.012,0.258
220000,0.714,0.009,0.277
220500,0.714,0.003,0.283
221000,0.714,0.007,0.279
221500,0.709,0.014,0.277
222000,0.682,0.011,0.307
222500,0.673,0.006,0.321
223000,0.666,0.011,0.323
223500,0.687,0.013,0.300
224000,0.650,0.016,0.334
224500,0.679,0.010,0.311
225000,0.687,0.010,0.303
225500,0.664,0.008,0.328
226000,0.653,0.010,0.337
226500,0.645,0.012,0.343
227000,0.663,0.009,0.328
227500,0.667,0.005,0.328
228000,0.664,0.003,0.333
228500,0.656,0.002,0.342
229000,0.676,0.003,0.321
229500,0.656,0.015,0.329
230000,0.655,0.011,0.334
230500,0.642,0.012,0.346
231000,0.637,0.010,0.353
231500,0.633,0.010,0.357
232000,0.637,0.009,0.354
232500,0.645,0.007,0.348
233000,0.645,0.007,0.348
233500,0.656,0.006,0.338
234000,0.672,0.002,0.326
234500,0.670,0.002,0.328
235000,0.650,0.005,0.345
235500,0.661,0.010,0.329
236000,0.654,0.009,0.337
236500,0.625,0.007,0.368
237000,0.642,0.013,0.345
237500,0.614,0.009,0.377
238000,0.661,0.013,0.326
238500,0.689,0.013,0.298
239000,0.705,0.008,0.287
239500,0.718,0.006,0.276
240000,0.703,0.010,0.287
240500,0.664,0.004,0.332
241000,0.693,0.001,0.306
241500,0.697,0.005,0.298
242000,0.690,0.005,0.305
242500,0.720,0.007,0.273
243000,0.734,0.010,0.256
243500,0.712,0.008,0.280
244000,0.697,0.011,0.292
244500,0.683,0.005,0.312
245000,0.705,0.002,0.293
245500,0.697,0.007,0.296
246000,0.683,0.011,0.306
246500,0.673,0.010,0.317
247000,0.684,0.007,0.309
247500,0.669,0.008,0.323
248000,0.672,0.009,0.319
248500,0.665,0.011,0.324
249000,0.672,0.011,0.317
249500,0.693,0.020,0.287
250000,0.677,0.012,0.311
250500,0.659,0.015,0.326
251000,0.651,0.020,0.329
251500,0.648,0.012,0.340
252000,0.658,0.009,0.333
252500,0.631,0.017,0.352
253000,0.662,0.019,0.319
253500,0.634,0.017,0.349
254000,0.618,0.016,0.366
254500,0.626,0.008,0.366
255000,0.621,0.010,0.369
255500,0.619,0.007,0.374
256000,0.610,0.015,0.375
256500,0.627,0.011,0.362
257000,0.624,0.021,0.355
257500,0.625,0.016,0.359
258000,0.641,0.009,0.350
258500,0.639,0.014,0.347
259000,0.651,0.011,0.338
259500,0.646,0.009,0.345
260000,0.646,0.014,0.340
260500,0.648,0.018,0.334
261000,0.648,0.015,0.337
261500,0.675,0.011,0.314
262000,0.679,0.017,0.304
262500,0.695,0.006,0.299
263000,0.701,0.008,0.291
263500,0.733,0.005,0.262
264000,0.750,0.002,0.248
264500,0.744,0.002,0.254
265000,0.738,0.004,0.258
265500,0.764,0.001,0.235
266000,0.753,0.003,0.244
266500,0.751,0.002,0.247
267000,0.743,0.001,0.256
267500,0.738,0.005,0.257
268000,0.734,0.006,0.260
268500,0.730,0.003,0.267
269000,0.729,0.003,0.268
269500,0.730,0.009,0.261
270000,0.727,0.011,0.262
270500,0.720,0.009,0.271
271000,0.716,0.009,0.275
271500,0.719,0.003,0.278
272000,0.715,0.006,0.279
272500,0.698,0.004,0.298
273000,0.686,0.002,0.312
273500,0.686,0.002,0.312
274000,0.695,0.007,0.298
274500,0.677,0.003,0.320
275000,0.655,0.007,0.338
275500,0.677,0.012,0.311
276000,0.696,0.009,0.295
276500,0.704,0.007,0.289
277000,0.686,0.007,0.307
277500,0.679,0.010,0.311
278000,0.668,0.012,0.320
278500,0.665,0.007,0.328
279000,0.652,0.007,0.341
279500,0.698,0.004,0.298
280000,0.693,0.002,0.305
280500,0.695,0.001,0.304
281000,0.737,0.000,0.263
281500,0.746,0.005,0.249
282000,0.741,0.005,0.254
282500,0.730,0.010,0.260
283000,0.727,0.002,0.271
283500,0.702,0.008,0.290
284000,0.690,0.005,0.305
284500,0.645,0.005,0.350
285000,0.625,0.018,0.357
285500,0.603,0.023,0.374
286000,0.631,0.014,0.355
286500,0.631,0.020,0.349
287000,0.603,0.014,0.383
287500,0.575,0.017,0.408
288000,0.565,0.016,0.419
288500,0.551,0.017,0.432
289000,0.582,0.032,0.386
289500,0.586,0.022,0.392
290000,0.576,0.017,0.407
290500,0.595,0.017,0.388
291000,0.591,0.010,0.399
291500,0.609,0.009,0.382
292000,0.620,0.013,0.367
292500,0.609,0.014,0.377
293000,0.646,0.009,0.345
293500,0.632,0.007,0.361
294000,0.612,0.015,0.373
294500,0.589,0.022,0.389
295000,0.574,0.019,0.407
295500,0.593,0.025,0.382
296000,0.617,0.010,0.373
296500,0.624,0.018,0.358
297000,0.647,0.014,0.339
297500,0.657,0.017,0.326
298000,0.655,0.014,0.331
298500,0.638,0.012,0.350
299000,0.616,0.008,0.376
299500,0.636,0.010,0.354
300000,0.626,0.014,0.360
300500,0.647,0.013,0.340
301000,0.651,0.011,0.338
301500,0.669,0.006,0.325
302000,0.665,0.005,0.330
302500,0.660,0.009,0.331
303000,0.673,0.011,0.316
303500,0.652,0.010,0.338
304000,0.670,0.010,0.320
304500,0.644,0.002,0.354
305000,0.652,0.011,0.337
305500,0.659,0.009,0.332
306000,0.677,0.006,0.317
306500,0.656,0.011,0.333
307000,0.618,0.017,0.365
307500,0.634,0.012,0.354
308000,0.627,0.016,0.357
308500,0.595,0.027,0.378
309000,0.575,0.029,0.396
309500,0.556,0.025,0.419
310000,0.522,0.032,0.446
310500,0.507,0.034,0.459
311000,0.520,0.038,0.442
311500,0.536,0.034,0.430
312000,0.566,0.025,0.409
312500,0.598,0.017,0.385
313000,0.618,0.014,0.368
313500,0.624,0.028,0.348
314000,0.619,0.019,0.362
314500,0.625,0.012,0.363
315000,0.621,0.017,0.362
315500,0.615,0.015,0.370
316000,0.603,0.012,0.385
316500,0.596,0.009,0.395
317000,0.605,0.017,0.378
317500,0.628,0.011,0.361
318000,0.625,0.011,0.364
318500,0.631,0.018,0.351
319000,0.610,0.004,0.386
319500,0.627,0.004,0.369
320000,0.585,0.016,0.399
320500,0.620,0.024,0.356
321000,0.607,0.016,0.377
321500,0.637,0.015,0.348
322000,0.641,0.016,0.343
322500,0.663,0.015,0.322
323000,0.648,0.020,0.332
323500,0.633,0.023,0.344
324000,0.611,0.015,0.374
324500,0.627,0.017,0.356
325000,0.619,0.018,0.363
325500,0.640,0.013,0.347
326000,0.631,0.015,0.354
326500,0.646,0.016,0.338
327000,0.654,0.011,0.335
327500,0.683,0.009,0.308
328000,0.696,0.011,0.293
328500,0.649,0.014,0.337
329000,0.627,0.018,0.355
329500,0.617,0.024,0.359
330000,0.582,0.028,0.390
330500,0.594,0.023,0.383
331000,0.594,0.020,0.386
331500,0.581,0.013,0.406
332000,0.581,0.028,0.391
332500,0.617,0.016,0.367
333000,0.590,0.013,0.397
333500,0.615,0.020,0.365
334000,0.628,0.011,0.361
334500,0.604,0.022,0.374
335000,0.620,0.019,0.361
335500,0.632,0.011,0.357
336000,0.631,0.009,0.360
336500,0.644,0.010,0.346
337000,0.669,0.006,0.325
337500,0.690,0.006,0.304
338000,0.698,0.008,0.294
338500,0.705,0.007,0.288
339000,0.720,0.013,0.267
339500,0.684,0.005,0.311
340000,0.665,0.009,0.326
340500,0.672,0.014,0.314
341000,0.659,0.007,0.334
341500,0.646,0.006,0.348
342000,0.653,0.015,0.332
342500,0.643,0.013,0.344
343000,0.649,0.021,0.330
343500,0.637,0.015,0.348
344000,0.590,0.021,0.389
344500,0.578,0.013,0.409
345000,0.566,0.008,0.426
345500,0.558,0.011,0.431
346000,0.591,0.019,0.390
346500,0.573,0.025,0.402
347000,0.583,0.012,0.405
347500,0.596,0.015,0.389
348000,0.594,0.016,0.390
348500,0.598,0.020,0.382
349000,0.632,0.019,0.349
349500,0.624,0.015,0.361
350000,0.629,0.020,0.351
350500,0.628,0.027,0.345
351000,0.635,0.017,0.348
351500,0.637,0.019,0.344
352000,0.644,0.015,0.341
352500,0.671,0.015,0.314
353000,0.670,0.015,0.315
353500,0.636,0.019,0.345
354000,0.638,0.016,0.346
354500,0.632,0.018,0.350
355000,0.639,0.008,0.353
355500,0.645,0.013,0.342
356000,0.622,0.011,0.367
356500,0.638,0.012,0.350
357000,0.623,0.020,0.357
357500,0.633,0.023,0.344
358000,0.639,0.014,0.347
358500,0.645,0.010,0.345
359000,0.629,0.018,0.353
359500,0.629,0.018,0.353
360000,0.631,0.026,0.343
360500,0.644,0.024,0.332
361000,0.634,0.024,0.342
361500,0.625,0.018,0.357
362000,0.626,0.014,0.360
362500,0.624,0.024,0.352
363000,0.596,0.019,0.385
363500,0.591,0.018,0.391
364000,0.597,0.011,0.392
364500,0.578,0.023,0.399
365000,0.602,0.024,0.374
365500,0.592,0.026,0.382
366000,0.572,0.036,0.392
366500,0.567,0.027,0.406
367000,0.579,0.025,0.396
367500,0.567,0.028,0.405
368000,0.584,0.022,0.394
368500,0.636,0.023,0.341
369000,0.641,0.018,0.341
369500,0.645,0.014,0.341
370000,0.645,0.015,0.340
370500,0.663,0.025,0.312
371000,0.666,0.014,0.320
371500,0.664,0.010,0.326
372000,0.654,0.003,0.343
372500,0.650,0.008,0.342
373000,0.655,0.009,0.336
373500,0.689,0.005,0.306
374000,0.657,0.010,0.333
374500,0.650,0.011,0.339
375000,0.655,0.011,0.334
375500,0.668,0.018,0.314
376000,0.679,0.010,0.311
376500,0.678,0.015,0.307
377000,0.696,0.008,0.296
377500,0.717,0.009,0.274
378000,0.685,0.006,0.309
378500,0.679,0.005,0.316
379000,0.657,0.008,0.335
379500,0.637,0.010,0.353
380000,0.670,0.008,0.322
380500,0.676,0.009,0.315
381000,0.668,0.010,0.322
381500,0.668,0.005,0.327
382000,0.689,0.013,0.298
382500,0.660,0.016,0.324
383000,0.630,0.014,0.356
383500,0.625,0.018,0.357
384000,0.619,0.021,0.360
384500,0.609,0.020,0.371
385000,0.596,0.031,0.373
385500,0.580,0.038,0.382
386000,0.573,0.020,0.407
386500,0.571,0.025,0.404
387000,0.586,0.026,0.388
387500,0.600,0.025,0.375
388000,0.586,0.018,0.396
388500,0.603,0.016,0.381
389000,0.589,0.021,0.390
389500,0.559,0.024,0.417
390000,0.587,0.029,0.384
390500,0.615,0.019,0.366
391000,0.594,0.023,0.383
391500,0.624,0.014,0.362
392000,0.614,0.017,0.369
392500,0.625,0.012,0.363
393000,0.630,0.016,0.354
393500,0.617,0.019,0.364
394000,0.639,0.019,0.342
394500,0.623,0.015,0.362
395000,0.595,0.027,0.378
395500,0.583,0.031,0.386
396000,0.600,0.028,0.372
396500,0.598,0.021,0.381
397000,0.591,0.028,0.381
397500,0.551,0.020,0.429
398000,0.550,0.038,0.412
398500,0.544,0.027,0.429
399000,0.564,0.039,0.397
399500,0.574,0.034,0.392
400000,0.551,0.025,0.424
400500,0.527,0.027,0.446
401000,0.507,0.040,0.453
401500,0.522,0.028,0.450
402000,0.558,0.035,0.407
402500,0.533,0.039,0.428
403000,0.536,0.034,0.430
403500,0.537,0.037,0.426
404000,0.527,0.038,0.435
404500,0.526,0.047,0.427
405000,0.535,0.027,0.438
405500,0.533,0.035,0.432
406000,0.543,0.028,0.429
406500,0.532,0.027,0.441
407000,0.557,0.047,0.396
407500,0.545,0.040,0.415
408000,0.525,0.033,0.442
408500,0.563,0.025,0.412
409000,0.577,0.021,0.402
409500,0.608,0.024,0.368
410000,0.602,0.019,0.379
410500,0.603,0.010,0.387
411000,0.605,0.011,0.384
411500,0.602,0.007,0.391
412000,0.616,0.013,0.371
412500,0.616,0.016,0.368
413000,0.595,0.021,0.384
413500,0.567,0.029,0.404
414000,0.543,0.022,0.435
414500,0.558,0.020,0.422
415000,0.549,0.014,0.437
415500,0.531,0.032,0.437
416000,0.544,0.024,0.432
416500,0.570,0.029,0.401
417000,0.580,0.032,0.388
417500,0.581,0.023,0.396
418000,0.570,0.026,0.404
418500,0.597,0.028,0.375
419000,0.583,0.024,0.393
419500,0.563,0.040,0.397
420000,0.568,0.040,0.392
420500,0.565,0.032,0.403
421000,0.589,0.020,0.391
421500,0.583,0.010,0.407
422000,0.591,0.013,0.396
422500,0.588,0.018,0.394
423000,0.598,0.018,0.384
423500,0.591,0.010,0.399
424000,0.605,0.015,0.380
424500,0.631,0.017,0.352
425000,0.623,0.013,0.364
425500,0.608,0.020,0.372
426000,0.610,0.023,0.367
426500,0.602,0.014,0.384
427000,0.609,0.010,0.381
427500,0.565,0.012,0.423
428000,0.573,0.014,0.413
428500,0.589,0.024,0.387
429000,0.589,0.025,0.386
429500,0.596,0.021,0.383
430000,0.596,0.022,0.382
430500,0.615,0.016,0.369
431000,0.635,0.022,0.343
431500,0.630,0.030,0.340
432000,0.596,0.016,0.388
432500,0.591,0.017,0.392
433000,0.603,0.016,0.381
433500,0.627,0.008,0.365
434000,0.616,0.014,0.370
434500,0.602,0.013,0.385
435000,0.625,0.018,0.357
435500,0.658,0.020,0.322
436000,0.661,0.015,0.324
436500,0.671,0.009,0.320
437000,0.663,0.006,0.331
437500,0.681,0.013,0.306
438000,0.680,0.009,0.311
438500,0.677,0.015,0.308
439000,0.675,0.014,0.311
439500,0.727,0.007,0.266
440000,0.728,0.005,0.267
440500,0.724,0.007,0.269
441000,0.713,0.005,0.282
441500,0.720,0.009,0.271
442000,0.717,0.013,0.270
442500,0.729,0.010,0.261
443000,0.725,0.007,0.268
443500,0.693,0.004,0.303
444000,0.653,0.009,0.338
444500,0.686,0.002,0.312
445000,0.662,0.003,0.335
445500,0.661,0.012,0.327
446000,0.669,0.005,0.326
446500,0.689,0.007,0.304
447000,0.698,0.012,0.290
447500,0.688,0.016,0.296
448000,0.687,0.012,0.301
448500,0.699,0.007,0.294
449000,0.706,0.009,0.285
449500,0.721,0.003,0.276
450000,0.730,0.002,0.268
450500,0.746,0.001,0.253
451000,0.745,0.007,0.248
451500,0.743,0.001,0.256
452000,0.726,0.004,0.270
452500,0.730,0.006,0.264
453000,0.702,0.005,0.293
453500,0.697,0.006,0.297
454000,0.718,0.001,0.281
454500,0.716,0.005,0.279
455000,0.703,0.001,0.296
455500,0.705,0.002,0.293
456000,0.690,0.003,0.307
456500,0.660,0.016,0.324
457000,0.677,0.012,0.311
457500,0.651,0.005,0.344
458000,0.645,0.006,0.349
458500,0.650,0.006,0.344
459000,0.680,0.011,0.309
459500,0.685,0.005,0.310
460000,0.684,0.009,0.307
460500,0.688,0.005,0.307
461000,0.652,0.009,0.339
461500,0.646,0.007,0.347
462000,0.661,0.014,0.325
462500,0.663,0.011,0.326
463000,0.635,0.022,0.343
463500,0.619,0.019,0.362
464000,0.655,0.019,0.326
464500,0.661,0.012,0.327
465000,0.684,0.009,0.307
465500,0.696,0.011,0.293
466000,0.687,0.009,0.304
466500,0.708,0.001,0.291
467000,0.714,0.004,0.282
467500,0.699,0.002,0.299
468000,0.712,0.005,0.283
468500,0.705,0.004,0.291
469000,0.723,0.008,0.269
469500,0.717,0.012,0.271
470000,0.698,0.011,0.291
470500,0.707,0.007,0.286
471000,0.709,0.008,0.283
471500,0.701,0.004,0.295
472000,0.725,0.005,0.270
472500,0.710,0.004,0.286
473000,0.719,0.004,0.277
473500,0.711,0.009,0.280
474000,0.705,0.005,0.290
474500,0.699,0.012,0.289
475000,0.710,0.006,0.284
475500,0.703,0.011,0.286
476000,0.729,0.011,0.260
476500,0.713,0.007,0.280
477000,0.705,0.013,0.282
477500,0.667,0.006,0.327
478000,0.666,0.011,0.323
478500,0.647,0.014,0.339
479000,0.640,0.008,0.352
479500,0.649,0.011,0.340
480000,0.667,0.017,0.316
480500,0.662,0.016,0.322
481000,0.660,0.012,0.328
481500,0.674,0.018,0.308
482000,0.677,0.010,0.313
482500,0.680,0.005,0.315
483000,0.677,0.005,0.318
483500,0.672,0.010,0.318
484000,0.634,0.014,0.352
484500,0.612,0.017,0.371
485000,0.622,0.017,0.361
485500,0.590,0.015,0.395
486000,0.603,0.019,0.378
486500,0.630,0.012,0.358
487000,0.637,0.006,0.357
487500,0.615,0.022,0.363
488000,0.610,0.026,0.364
488500,0.591,0.024,0.385
489000,0.603,0.028,0.369
489500,0.621,0.029,0.350
490000,0.567,0.021,0.412
490500,0.590,0.012,0.398
491000,0.632,0.013,0.355
491500,0.626,0.017,0.357
492000,0.642,0.013,0.345
492500,0.658,0.016,0.326
493000,0.677,0.011,0.312
493500,0.677,0.012,0.311
494000,0.667,0.012,0.321
494500,0.656,0.012,0.332
495000,0.665,0.016,0.319
495500,0.641,0.014,0.345
496000,0.653,0.015,0.332
496500,0.658,0.009,0.333
497000,0.646,0.014,0.340
497500,0.669,0.010,0.321
498000,0.693,0.008,0.299
498500,0.699,0.008,0.293
499000,0.698,0.010,0.292
499500,0.692,0.006,0.302
500000,0.686,0.008,0.306
500500,0.683,0.010,0.307
501000,0.672,0.012,0.316
501500,0.663,0.002,0.335
502000,0.695,0.007,0.298
502500,0.708,0.003,0.289
503000,0.721,0.004,0.275
503500,0.746,0.007,0.247
504000,0.745,0.006,0.249
504500,0.732,0.004,0.264
505000,0.720,0.001,0.279
505500,0.712,0.005,0.283
506000,0.677,0.003,0.320
506500,0.676,0.010,0.314
507000,0.694,0.009,0.297
507500,0.686,0.010,0.304
508000,0.685,0.007,0.308
508500,0.677,0.017,0.306
509000,0.658,0.012,0.330
509500,0.662,0.013,0.325
510000,0.669,0.016,0.315
510500,0.664,0.013,0.323
511000,0.648,0.020,0.332
511500,0.630,0.016,0.354
512000,0.639,0.015,0.346
512500,0.633,0.012,0.355
513000,0.639,0.016,0.345
513500,0.645,0.020,0.335
514000,0.642,0.016,0.342
514500,0.629,0.011,0.360
515000,0.634,0.013,0.353
515500,0.667,0.009,0.324
516000,0.681,0.011,0.308
516500,0.687,0.013,0.300
517000,0.675,0.020,0.305
517500,0.689,0.016,0.295
518000,0.666,0.015,0.319
518500,0.623,0.011,0.366
519000,0.618,0.005,0.377
519500,0.615,0.015,0.370
520000,0.595,0.024,0.381
520500,0.606,0.031,0.363
521000,0.585,0.029,0.386
521500,0.563,0.024,0.413
522000,0.556,0.034,0.410
522500,0.560,0.023,0.417
523000,0.550,0.017,0.433
523500,0.545,0.036,0.419
524000,0.523,0.027,0.450
524500,0.528,0.024,0.448
525000,0.575,0.015,0.410
525500,0.551,0.023,0.426
526000,0.553,0.026,0.421
526500,0.535,0.018,0.447
527000,0.554,0.024,0.422
527500,0.591,0.021,0.388
528000,0.590,0.019,0.391
528500,0.618,0.015,0.367
529000,0.644,0.009,0.347
529500,0.675,0.004,0.321
530000,0.664,0.004,0.332
530500,0.641,0.007,0.352
531000,0.653,0.014,0.333
531500,0.657,0.009,0.334
532000,0.664,0.005,0.331
532500,0.704,0.005,0.291
533000,0.706,0.002,0.292
533500,0.716,0.002,0.282
534000,0.728,0.002,0.270
534500,0.736,0.005,0.259
535000,0.739,0.003,0.258
535500,0.748,0.005,0.247
536000,0.748,0.007,0.245
536500,0.736,0.011,0.253
537000,0.744,0.007,0.249
537500,0.758,0.009,0.233
538000,0.770,0.005,0.225
538500,0.751,0.007,0.242
539000,0.768,0.006,0.226
539500,0.753,0.003,0.244
540000,0.754,0.005,0.241
540500,0.768,0.006,0.226
541000,0.763,0.004,0.233
541500,0.778,0.000,0.222
542000,0.764,0.000,0.236
542500,0.771,0.006,0.223
543000,0.788,0.003,0.209
543500,0.755,0.006,0.239
544000,0.753,0.004,0.243
544500,0.764,0.001,0.235
545000,0.742,0.004,0.254
545500,0.731,0.004,0.265
546000,0.731,0.005,0.264
546500,0.735,0.007,0.258
547000,0.737,0.004,0.259
547500,0.719,0.002,0.279
548000,0.728,0.000,0.272
548500,0.716,0.000,0.284
549000,0.696,0.009,0.295
549500,0.709,0.005,0.286
550000,0.702,0.006,0.292
550500,0.714,0.004,0.282
551000,0.696,0.008,0.296
551500,0.672,0.009,0.319
552000,0.662,0.012,0.326
552500,0.634,0.022,0.344
553000,0.629,0.024,0.347
553500,0.625,0.013,0.362
554000,0.620,0.009,0.371
554500,0.646,0.013,0.341
555000,0.624,0.018,0.358
555500,0.636,0.010,0.354
556000,0.649,0.016,0.335
556500,0.653,0.017,0.330
557000,0.662,0.018,0.320
557500,0.638,0.012,0.350
558000,0.628,0.024,0.348
558500,0.617,0.023,0.360
559000,0.604,0.019,0.377
559500,0.606,0.016,0.378
560000,0.568,0.028,0.404
560500,0.537,0.026,0.437
561000,0.529,0.032,0.439
561500,0.538,0.029,0.433
562000,0.527,0.028,0.445
562500,0.511,0.027,0.462
563000,0.501,0.036,0.463
563500,0.545,0.026,0.429
564000,0.551,0.029,0.420
564500,0.564,0.027,0.409
565000,0.570,0.028,0.402
565500,0.551,0.025,0.424
566000,0.568,0.020,0.412
566500,0.553,0.020,0.427
567000,0.549,0.036,0.415
567500,0.546,0.037,0.417
568000,0.573,0.030,0.397
568500,0.540,0.030,0.430
569000,0.554,0.023,0.423
569500,0.567,0.015,0.418
570000,0.560,0.021,0.419
570500,0.589,0.013,0.398
571000,0.593,0.013,0.394
571500,0.577,0.013,0.410
572000,0.586,0.013,0.401
572500,0.645,0.014,0.341
573000,0.638,0.010,0.352
573500,0.634,0.013,0.353
574000,0.647,0.011,0.342
574500,0.661,0.009,0.330
575000,0.663,0.012,0.325
575500,0.653,0.019,0.328
576000,0.662,0.015,0.323
576500,0.659,0.019,0.322
577000,0.668,0.013,0.319
577500,0.667,0.007,0.326
578000,0.646,0.009,0.345
578500,0.657,0.009,0.334
579000,0.653,0.010,0.337
579500,0.660,0.014,0.326
580000,0.678,0.019,0.303
580500,0.682,0.019,0.299
581000,0.676,0.019,0.305
581500,0.675,0.017,0.308
582000,0.708,0.008,0.284
582500,0.706,0.013,0.281
583000,0.711,0.003,0.286
583500,0.692,0.007,0.301
584000,0.699,0.010,0.291
584500,0.695,0.007,0.298
585000,0.703,0.008,0.289
585500,0.715,0.011,0.274
586000,0.721,0.006,0.273
586500,0.725,0.005,0.270
587000,0.735,0.007,0.258
587500,0.744,0.004,0.252
588000,0.743,0.004,0.253
588500,0.742,0.004,0.254
589000,0.730,0.002,0.268
589500,0.737,0.000,0.263
590000,0.729,0.001,0.270
590500,0.739,0.002,0.259
591000,0.746,0.002,0.252
591500,0.749,0.005,0.246
592000,0.754,0.005,0.241
592500,0.790,0.002,0.208
593000,0.792,0.005,0.203
593500,0.813,0.002,0.185
594000,0.818,0.003,0.179
594500,0.825,0.002,0.173
595000,0.839,0.002,0.159
595500,0.848,0.000,0.152
596000,0.853,0.000,0.147
596500,0.840,0.000,0.160
597000,0.837,0.000,0.163
597500,0.840,0.000,0.160
598000,0.837,0.000,0.163
598500,0.829,0.002,0.169
599000,0.821,0.000,0.179
599500,0.824,0.000,0.176
600000,0.834,0.000,0.166
600500,0.824,0.001,0.175
601000,0.788,0.001,0.211
601500,0.790,0.004,0.206
602000,0.758,0.004,0.238
602500,0.746,0.005,0.249
603000,0.733,0.002,0.265
603500,0.752,0.005,0.243
604000,0.736,0.003,0.261
604500,0.741,0.009,0.250
605000,0.737,0.007,0.256
605500,0.738,0.002,0.260
606000,0.722,0.003,0.275
606500,0.682,0.005,0.313
607000,0.695,0.006,0.299
607500,0.708,0.003,0.289
608000,0.731,0.006,0.263
608500,0.719,0.004,0.277
609000,0.676,0.009,0.315
609500,0.680,0.010,0.310
610000,0.674,0.009,0.317
610500,0.637,0.010,0.353
611000,0.646,0.014,0.340
611500,0.660,0.013,0.327
612000,0.704,0.007,0.289
612500,0.691,0.014,0.295
613000,0.722,0.009,0.269
613500,0.720,0.010,0.270
614000,0.729,0.002,0.269
614500,0.741,0.002,0.257
615000,0.762,0.000,0.238
615500,0.793,0.000,0.207
616000,0.778,0.000,0.222
616500,0.786,0.003,0.211
617000,0.766,0.006,0.228
617500,0.759,0.004,0.237
618000,0.752,0.006,0.242
618500,0.740,0.003,0.257
619000,0.731,0.004,0.265
619500,0.745,0.004,0.251
620000,0.780,0.007,0.213
620500,0.781,0.002,0.217
621000,0.781,0.007,0.212
621500,0.790,0.005,0.205
622000,0.792,0.001,0.207
622500,0.757,0.001,0.242
623000,0.722,0.004,0.274
623500,0.717,0.008,0.275
624000,0.708,0.004,0.288
624500,0.691,0.006,0.303
625000,0.687,0.004,0.309
625500,0.690,0.008,0.302
626000,0.694,0.013,0.293
626500,0.701,0.010,0.289
627000,0.683,0.016,0.301
627500,0.704,0.010,0.286
628000,0.721,0.005,0.274
628500,0.704,0.006,0.290
629000,0.717,0.006,0.277
629500,0.723,0.002,0.275
630000,0.725,0.004,0.271
630500,0.743,0.003,0.254
631000,0.710,0.003,0.287
631500,0.736,0.008,0.256
632000,0.716,0.003,0.281
632500,0.709,0.001,0.290
633000,0.684,0.001,0.315
633500,0.678,0.010,0.312
634000,0.680,0.000,0.320
634500,0.721,0.001,0.278
635000,0.721,0.000,0.279
635500,0.706,0.003,0.291
636000,0.660,0.005,0.335
636500,0.706,0.009,0.285
637000,0.706,0.006,0.288
637500,0.687,0.002,0.311
638000,0.701,0.006,0.293
638500,0.707,0.013,0.280
639000,0.706,0.005,0.289
639500,0.706,0.005,0.289
640000,0.697,0.007,0.296
640500,0.709,0.004,0.287
641000,0.709,0.003,0.288
641500,0.736,0.003,0.261
642000,0.751,0.002,0.247
642500,0.735,0.005,0.260
643000,0.748,0.010,0.242
643500,0.736,0.003,0.261
644000,0.693,0.009,0.298
644500,0.684,0.016,0.300
645000,0.687,0.009,0.304
645500,0.674,0.010,0.316
646000,0.682,0.014,0.304
646500,0.651,0.010,0.339
647000,0.672,0.006,0.322
647500,0.665,0.011,0.324
648000,0.645,0.007,0.348
648500,0.643,0.009,0.348
649000,0.672,0.013,0.315
649500,0.661,0.012,0.327
650000,0.675,0.021,0.304
650500,0.659,0.011,0.330
651000,0.629,0.017,0.354
651500,0.619,0.006,0.375
652000,0.683,0.006,0.311
652500,0.667,0.010,0.323
653000,0.656,0.007,0.337
653500,0.664,0.015,0.321
654000,0.645,0.017,0.338
654500,0.663,0.015,0.322
655000,0.637,0.011,0.352
655500,0.651,0.006,0.343
656000,0.629,0.011,0.360
656500,0.633,0.012,0.355
657000,0.630,0.011,0.359
657500,0.615,0.011,0.374
658000,0.610,0.014,0.376
658500,0.616,0.007,0.377
659000,0.587,0.024,0.389
659500,0.590,0.016,0.394
660000,0.576,0.025,0.399
660500,0.583,0.029,0.388
661000,0.601,0.032,0.367
661500,0.588,0.024,0.388
662000,0.596,0.023,0.381
662500,0.634,0.020,0.346
663000,0.665,0.013,0.322
663500,0.643,0.011,0.346
664000,0.621,0.012,0.367
664500,0.627,0.014,0.359
665000,0.612,0.021,0.367
665500,0.605,0.014,0.381
666000,0.592,0.019,0.389
666500,0.621,0.016,0.363
667000,0.602,0.025,0.373
667500,0.589,0.023,0.388
668000,0.626,0.021,0.353
668500,0.668,0.008,0.324
669000,0.699,0.013,0.288
669500,0.663,0.012,0.325
670000,0.676,0.009,0.315
670500,0.661,0.007,0.332
671000,0.650,0.014,0.336
671500,0.635,0.013,0.352
672000,0.654,0.011,0.335
672500,0.626,0.017,0.357
673000,0.642,0.020,0.338
673500,0.653,0.023,0.324
674000,0.661,0.013,0.326
674500,0.616,0.010,0.374
675000,0.611,0.021,0.368
675500,0.585,0.029,0.386
676000,0.560,0.017,0.423
676500,0.553,0.017,0.430
677000,0.561,0.019,0.420
677500,0.583,0.012,0.405
678000,0.600,0.024,0.376
678500,0.600,0.025,0.375
679000,0.600,0.025,0.375
679500,0.593,0.019,0.388
680000,0.586,0.031,0.383
680500,0.605,0.022,0.373
681000,0.622,0.011,0.367
681500,0.647,0.008,0.345
682000,0.680,0.014,0.306
682500,0.692,0.015,0.293
683000,0.697,0.011,0.292
683500,0.684,0.010,0.306
684000,0.680,0.003,0.317
684500,0.700,0.005,0.295
685000,0.699,0.006,0.295
685500,0.700,0.001,0.299
686000,0.688,0.002,0.310
686500,0.701,0.007,0.292
687000,0.706,0.005,0.289
687500,0.692,0.005,0.303
688000,0.681,0.004,0.315
688500,0.711,0.005,0.284
689000,0.749,0.005,0.246
689500,0.728,0.006,0.266
690000,0.721,0.003,0.276
690500,0.702,0.006,0.292
691000,0.692,0.009,0.299
691500,0.684,0.007,0.309
692000,0.676,0.006,0.318
692500,0.664,0.004,0.332
693000,0.642,0.019,0.339
693500,0.661,0.018,0.321
694000,0.664,0.018,0.318
694500,0.632,0.011,0.357
695000,0.627,0.018,0.355
695500,0.644,0.008,0.348
696000,0.644,0.019,0.337
696500,0.644,0.020,0.336
697000,0.654,0.020,0.326
697500,0.607,0.009,0.384
698000,0.631,0.015,0.354
698500,0.633,0.016,0.351
699000,0.623,0.017,0.360
699500,0.635,0.016,0.349
700000,0.643,0.014,0.343
700500,0.628,0.017,0.355
701000,0.630,0.020,0.350
701500,0.634,0.023,0.343
702000,0.616,0.025,0.359
702500,0.598,0.016,0.386
703000,0.612,0.015,0.373
703500,0.636,0.009,0.355
704000,0.639,0.002,0.359
704500,0.643,0.006,0.351
705000,0.670,0.011,0.319
705500,0.640,0.011,0.349
706000,0.665,0.012,0.323
706500,0.661,0.009,0.330
707000,0.657,0.002,0.341
707500,0.644,0.012,0.344
708000,0.648,0.020,0.332
708500,0.630,0.016,0.354
709000,0.596,0.018,0.386
709500,0.594,0.024,0.382
710000,0.613,0.013,0.374
710500,0.614,0.009,0.377
711000,0.611,0.014,0.375
711500,0.587,0.018,0.395
712000,0.591,0.015,0.394
712500,0.541,0.022,0.437
713000,0.570,0.023,0.407
713500,0.572,0.025,0.403
714000,0.584,0.018,0.398
714500,0.612,0.009,0.379
715000,0.606,0.018,0.376
715500,0.611,0.016,0.373
716000,0.593,0.020,0.387
716500,0.584,0.016,0.400
717000,0.595,0.010,0.395
717500,0.615,0.015,0.370
718000,0.652,0.014,0.334
718500,0.660,0.021,0.319
719000,0.656,0.017,0.327
719500,0.638,0.020,0.342
720000,0.622,0.013,0.365
720500,0.637,0.013,0.350
721000,0.628,0.026,0.346
721500,0.621,0.019,0.360
722000,0.598,0.012,0.390
722500,0.611,0.028,0.361
723000,0.595,0.016,0.389
723500,0.628,0.013,0.359
724000,0.638,0.017,0.345
724500,0.617,0.019,0.364
725000,0.630,0.026,0.344
725500,0.631,0.018,0.351
726000,0.648,0.016,0.336
726500,0.644,0.012,0.344
727000,0.618,0.011,0.371
727500,0.632,0.015,0.353
728000,0.622,0.019,0.359
728500,0.610,0.015,0.375
729000,0.636,0.019,0.345
729500,0.616,0.018,0.366
730000,0.602,0.016,0.382
730500,0.606,0.005,0.389
731000,0.586,0.011,0.403
731500,0.541,0.012,0.447
732000,0.544,0.032,0.424
732500,0.546,0.037,0.417
733000,0.564,0.030,0.406
733500,0.574,0.037,0.389
734000,0.575,0.026,0.399
734500,0.564,0.027,0.409
735000,0.553,0.016,0.431
735500,0.564,0.025,0.411
736000,0.586,0.028,0.386
736500,0.598,0.017,0.385
737000,0.607,0.007,0.386
737500,0.624,0.008,0.368
738000,0.616,0.019,0.365
738500,0.622,0.014,0.364
739000,0.618,0.011,0.371
739500,0.644,0.008,0.348
740000,0.639,0.011,0.350
740500,0.624,0.008,0.368
741000,0.618,0.011,0.371
741500,0.659,0.013,0.328
742000,0.648,0.010,0.342
742500,0.652,0.009,0.339
743000,0.674,0.009,0.317
743500,0.690,0.005,0.305
744000,0.684,0.004,0.312
744500,0.665,0.017,0.318
745000,0.653,0.017,0.330
745500,0.653,0.016,0.331
746000,0.641,0.012,0.347
746500,0.656,0.017,0.327
747000,0.667,0.004,0.329
747500,0.661,0.008,0.331
748000,0.631,0.009,0.360
748500,0.643,0.007,0.350
749000,0.653,0.009,0.338
749500,0.657,0.011,0.332
750000,0.684,0.011,0.305
750500,0.696,0.006,0.298
751000,0.741,0.007,0.252
751500,0.751,0.006,0.243
752000,0.753,0.003,0.244
752500,0.762,0.002,0.236
753000,0.772,0.002,0.226
753500,0.748,0.006,0.246
754000,0.780,0.000,0.220
754500,0.782,0.000,0.218
755000,0.774,0.000,0.226
755500,0.762,0.002,0.236
756000,0.747,0.005,0.248
756500,0.747,0.012,0.241
757000,0.732,0.007,0.261
757500,0.757,0.003,0.240
758000,0.774,0.004,0.222
758500,0.779,0.005,0.216
759000,0.787,0.007,0.206
759500,0.762,0.007,0.231
760000,0.745,0.006,0.249
760500,0.741,0.011,0.248
761000,0.723,0.008,0.269
761500,0.743,0.011,0.246
762000,0.739,0.009,0.252
762500,0.750,0.010,0.240
763000,0.748,0.010,0.242
763500,0.752,0.005,0.243
764000,0.741,0.002,0.257
764500,0.731,0.007,0.262
765000,0.725,0.012,0.263
765500,0.703,0.010,0.287
766000,0.705,0.007,0.288
766500,0.686,0.003,0.311
767000,0.691,0.005,0.304
767500,0.705,0.006,0.289
768000,0.680,0.007,0.313
768500,0.690,0.007,0.303
769000,0.694,0.003,0.303
769500,0.732,0.016,0.252
770000,0.741,0.006,0.253
770500,0.707,0.004,0.289
771000,0.714,0.005,0.281
771500,0.700,0.006,0.294
772000,0.711,0.003,0.286
772500,0.733,0.000,0.267
773000,0.729,0.003,0.268
773500,0.702,0.005,0.293
774000,0.711,0.005,0.284
774500,0.716,0.000,0.284
775000,0.707,0.005,0.288
775500,0.712,0.008,0.280
776000,0.693,0.008,0.299
776500,0.704,0.005,0.291
777000,0.709,0.011,0.280
777500,0.676,0.009,0.315
778000,0.687,0.008,0.305
778500,0.673,0.005,0.322
779000,0.654,0.010,0.336
779500,0.676,0.011,0.313
780000,0.667,0.005,0.328
780500,0.670,0.007,0.323
781000,0.670,0.008,0.322
781500,0.687,0.007,0.306
782000,0.720,0.014,0.266
782500,0.694,0.010,0.296
783000,0.677,0.008,0.315
783500,0.675,0.011,0.314
784000,0.691,0.015,0.294
784500,0.717,0.010,0.273
785000,0.694,0.009,0.297
785500,0.663,0.009,0.328
786000,0.676,0.006,0.318
786500,0.689,0.003,0.308
787000,0.668,0.000,0.332
787500,0.655,0.012,0.333
788000,0.637,0.011,0.352
788500,0.657,0.014,0.329
789000,0.661,0.015,0.324
789500,0.709,0.009,0.282
790000,0.701,0.007,0.292
790500,0.705,0.006,0.289
791000,0.694,0.007,0.299
791500,0.682,0.004,0.314
792000,0.665,0.006,0.329
792500,0.648,0.010,0.342
793000,0.625,0.028,0.347
793500,0.669,0.027,0.304
794000,0.649,0.015,0.336
794500,0.642,0.012,0.346
795000,0.630,0.015,0.355
795500,0.625,0.022,0.353
796000,0.621,0.020,0.359
796500,0.637,0.009,0.354
797000,0.654,0.007,0.339
797500,0.658,0.008,0.334
798000,0.640,0.017,0.343
798500,0.625,0.009,0.366
799000,0.630,0.018,0.352
799500,0.675,0.011,0.314
800000,0.682,0.017,0.301
800500,0.655,0.011,0.334
801000,0.644,0.007,0.349
801500,0.666,0.009,0.325
802000,0.649,0.007,0.344
802500,0.631,0.014,0.355
803000,0.666,0.014,0.320
803500,0.686,0.009,0.305
