time,n_A+p,n_B,n_AB
500,0.030,0.451,0.519
1000,0.030,0.348,0.622
1500,0.030,0.381,0.589
2000,0.030,0.343,0.627
2500,0.030,0.364,0.606
3000,0.030,0.356,0.614
3500,0.030,0.330,0.640
4000,0.030,0.333,0.637
4500,0.030,0.409,0.561
5000,0.030,0.383,0.587
5500,0.030,0.300,0.670
6000,0.030,0.250,0.720
6500,0.030,0.451,0.519
7000,0.030,0.332,0.638
7500,0.030,0.411,0.559
8000,0.030,0.187,0.783
8500,0.030,0.350,0.620
9000,0.030,0.340,0.630
9500,0.030,0.279,0.691
10000,0.030,0.298,0.672
10500,0.030,0.386,0.584
11000,0.036,0.251,0.713
11500,0.030,0.384,0.586
12000,0.030,0.410,0.560
12500,0.030,0.426,0.544
13000,0.030,0.328,0.642
13500,0.030,0.320,0.650
14000,0.030,0.484,0.486
14500,0.030,0.271,0.699
15000,0.030,0.336,0.634
15500,0.030,0.247,0.723
16000,0.030,0.388,0.582
16500,0.030,0.308,0.662
17000,0.030,0.455,0.515
17500,0.030,0.444,0.526
18000,0.030,0.249,0.721
18500,0.030,0.296,0.674
19000,0.030,0.327,0.643
19500,0.030,0.248,0.722
20000,0.030,0.341,0.629
20500,0.030,0.293,0.677
21000,0.030,0.349,0.621
21500,0.030,0.384,0.586
22000,0.030,0.371,0.599
22500,0.030,0.227,0.743
23000,0.030,0.353,0.617
23500,0.030,0.368,0.602
24000,0.030,0.299,0.671
24500,0.030,0.303,0.667
25000,0.030,0.394,0.576
25500,0.030,0.314,0.656
26000,0.030,0.315,0.655
26500,0.030,0.439,0.531
27000,0.030,0.492,0.478
27500,0.030,0.381,0.589
28000,0.030,0.372,0.598
28500,0.030,0.332,0.638
29000,0.030,0.299,0.671
29500,0.030,0.341,0.629
30000,0.030,0.342,0.628
30500,0.030,0.332,0.638
31000,0.030,0.388,0.582
31500,0.030,0.341,0.629
32000,0.031,0.283,0.686
32500,0.030,0.527,0.443
33000,0.030,0.354,0.616
33500,0.030,0.305,0.665
34000,0.030,0.237,0.733
34500,0.036,0.213,0.751
35000,0.045,0.217,0.738
35500,0.030,0.350,0.620
36000,0.030,0.232,0.738
36500,0.030,0.375,0.595
37000,0.030,0.283,0.687
37500,0.030,0.300,0.670
38000,0.030,0.316,0.654
38500,0.030,0.311,0.659
39000,0.032,0.280,0.688
39500,0.030,0.326,0.644
40000,0.032,0.355,0.613
40500,0.030,0.396,0.574
41000,0.030,0.412,0.558
41500,0.030,0.412,0.558
42000,0.030,0.362,0.608
42500,0.030,0.305,0.665
43000,0.030,0.300,0.670
43500,0.031,0.273,0.696
44000,0.030,0.323,0.647
44500,0.030,0.322,0.648
45000,0.030,0.496,0.474
45500,0.030,0.306,0.664
46000,0.030,0.407,0.563
46500,0.030,0.382,0.588
47000,0.030,0.311,0.659
47500,0.030,0.347,0.623
48000,0.030,0.274,0.696
48500,0.030,0.445,0.525
49000,0.030,0.343,0.627
49500,0.030,0.416,0.554
50000,0.030,0.189,0.781
50500,0.030,0.311,0.659
51000,0.030,0.318,0.652
51500,0.030,0.425,0.545
52000,0.030,0.293,0.677
52500,0.030,0.299,0.671
53000,0.030,0.307,0.663
53500,0.030,0.270,0.700
54000,0.030,0.384,0.586
54500,0.030,0.336,0.634
55000,0.030,0.463,0.507
55500,0.030,0.572,0.398
56000,0.030,0.391,0.579
56500,0.030,0.385,0.585
57000,0.030,0.313,0.657
57500,0.030,0.346,0.624
58000,0.030,0.321,0.649
58500,0.051,0.157,0.792
59000,0.030,0.341,0.629
59500,0.030,0.268,0.702
60000,0.030,0.372,0.598
60500,0.037,0.236,0.727
61000,0.030,0.423,0.547
61500,0.030,0.356,0.614
62000,0.030,0.286,0.684
62500,0.030,0.317,0.653
63000,0.030,0.291,0.679
63500,0.030,0.410,0.560
64000,0.030,0.330,0.640
64500,0.030,0.313,0.657
65000,0.030,0.370,0.600
65500,0.030,0.255,0.715
66000,0.030,0.280,0.690
66500,0.030,0.231,0.739
67000,0.030,0.387,0.583
67500,0.030,0.400,0.570
68000,0.030,0.388,0.582
68500,0.030,0.303,0.667
69000,0.030,0.415,0.555
69500,0.030,0.467,0.503
70000,0.030,0.458,0.512
70500,0.030,0.286,0.684
71000,0.030,0.319,0.651
71500,0.030,0.376,0.594
72000,0.030,0.344,0.626
72500,0.030,0.341,0.629
73000,0.030,0.246,0.724
73500,0.030,0.259,0.711
74000,0.030,0.289,0.681
74500,0.030,0.271,0.699
75000,0.030,0.328,0.642
75500,0.030,0.368,0.602
76000,0.030,0.340,0.630
76500,0.030,0.281,0.689
77000,0.030,0.341,0.629
77500,0.030,0.248,0.722
78000,0.030,0.326,0.644
78500,0.030,0.342,0.628
79000,0.030,0.276,0.694
79500,0.030,0.447,0.523
80000,0.030,0.348,0.622
80500,0.030,0.481,0.489
81000,0.030,0.361,0.609
81500,0.030,0.260,0.710
82000,0.034,0.185,0.781
82500,0.030,0.226,0.744
83000,0.030,0.252,0.718
83500,0.030,0.314,0.656
84000,0.030,0.372,0.598
84500,0.030,0.396,0.574
85000,0.030,0.391,0.579
85500,0.030,0.370,0.600
86000,0.030,0.340,0.630
86500,0.030,0.335,0.635
87000,0.030,0.319,0.651
87500,0.030,0.350,0.620
88000,0.030,0.419,0.551
88500,0.030,0.270,0.700
89000,0.030,0.254,0.716
89500,0.030,0.391,0.579
90000,0.030,0.375,0.595
90500,0.030,0.264,0.706
91000,0.030,0.298,0.672
91500,0.030,0.244,0.726
92000,0.030,0.302,0.668
92500,0.030,0.440,0.530
93000,0.030,0.397,0.573
93500,0.030,0.370,0.600
94000,0.030,0.298,0.672
94500,0.030,0.436,0.534
95000,0.030,0.266,0.704
95500,0.030,0.320,0.650
96000,0.030,0.450,0.520
96500,0.030,0.323,0.647
97000,0.046,0.165,0.789
97500,0.030,0.276,0.694
98000,0.030,0.369,0.601
98500,0.030,0.369,0.601
99000,0.030,0.412,0.558
99500,0.030,0.283,0.687
100000,0.030,0.324,0.646
100500,0.030,0.345,0.625
101000,0.030,0.308,0.662
101500,0.030,0.246,0.724
102000,0.030,0.291,0.679
102500,0.030,0.347,0.623
103000,0.030,0.406,0.564
103500,0.030,0.380,0.590
104000,0.030,0.252,0.718
104500,0.030,0.204,0.766
105000,0.030,0.286,0.684
105500,0.030,0.245,0.725
106000,0.030,0.278,0.692
106500,0.030,0.352,0.618
107000,0.030,0.334,0.636
107500,0.030,0.318,0.652
108000,0.030,0.421,0.549
108500,0.030,0.211,0.759
109000,0.040,0.209,0.751
109500,0.482,0.002,0.516
110000,0.518,0.000,0.482
110500,0.885,0.000,0.115
111000,0.905,0.000,0.095
111500,0.967,0.000,0.033
112000,1.000,0.000,0.000
