time,n_A+p,n_B,n_AB
500,0.080,0.254,0.666
1000,0.227,0.038,0.735
1500,0.599,0.000,0.401
2000,0.733,0.000,0.267
2500,0.770,0.000,0.230
3000,0.800,0.000,0.200
3500,0.855,0.000,0.145
4000,0.764,0.000,0.236
4500,0.811,0.000,0.189
5000,0.726,0.000,0.274
5500,0.733,0.000,0.267
6000,0.855,0.000,0.145
6500,0.776,0.000,0.224
7000,0.786,0.000,0.214
7500,0.921,0.000,0.079
8000,0.852,0.000,0.148
8500,0.933,0.000,0.067
9000,0.952,0.000,0.048
9500,0.993,0.000,0.007
10000,1.000,0.000,0.000
