time,n_A+p,n_B,n_AB
500,0.080,0.674,0.246
1000,0.080,0.523,0.397
1500,0.080,0.393,0.528
2000,0.080,0.312,0.608
2500,0.080,0.344,0.577
3000,0.085,0.292,0.623
3500,0.082,0.252,0.667
4000,0.111,0.193,0.696
4500,0.102,0.163,0.735
5000,0.122,0.207,0.671
5500,0.172,0.120,0.708
6000,0.506,0.021,0.472
6500,0.794,0.002,0.204
7000,0.935,0.001,0.064
7500,0.991,0.000,0.009
8000,1.000,0.000,0.000
