time,n_A+p,n_B,n_AB
500,0.080,0.692,0.228
1000,0.082,0.611,0.307
1500,0.080,0.512,0.408
2000,0.091,0.519,0.390
2500,0.083,0.456,0.461
3000,0.115,0.391,0.494
3500,0.096,0.403,0.501
4000,0.093,0.409,0.498
4500,0.100,0.385,0.515
5000,0.099,0.384,0.517
5500,0.113,0.355,0.532
6000,0.117,0.381,0.502
6500,0.115,0.361,0.524
7000,0.128,0.331,0.541
7500,0.187,0.254,0.559
8000,0.161,0.240,0.599
8500,0.142,0.273,0.585
9000,0.125,0.313,0.562
9500,0.126,0.313,0.561
10000,0.118,0.337,0.545
10500,0.103,0.338,0.559
11000,0.122,0.351,0.527
11500,0.117,0.325,0.558
12000,0.136,0.265,0.599
12500,0.131,0.285,0.584
13000,0.117,0.315,0.568
13500,0.113,0.330,0.557
14000,0.134,0.326,0.540
14500,0.168,0.237,0.595
15000,0.172,0.197,0.631
15500,0.297,0.133,0.570
16000,0.418,0.047,0.535
16500,0.648,0.012,0.340
17000,0.860,0.002,0.138
17500,0.901,0.001,0.098
18000,0.934,0.000,0.066
18500,0.935,0.000,0.065
19000,0.974,0.000,0.026
19500,0.976,0.000,0.024
20000,0.984,0.000,0.016
20500,0.989,0.000,0.011
21000,0.997,0.000,0.003
21500,1.000,0.000,0.000
