time,n_A+p,n_B,n_AB
500,0.050,0.819,0.131
1000,0.050,0.570,0.380
1500,0.050,0.270,0.680
2000,0.055,0.284,0.661
2500,0.051,0.248,0.701
3000,0.050,0.268,0.682
3500,0.053,0.305,0.642
4000,0.050,0.316,0.634
4500,0.050,0.373,0.577
5000,0.050,0.289,0.661
5500,0.058,0.260,0.682
6000,0.054,0.245,0.700
6500,0.056,0.236,0.708
7000,0.052,0.220,0.728
7500,0.062,0.170,0.768
8000,0.069,0.174,0.757
8500,0.067,0.178,0.755
9000,0.066,0.219,0.716
9500,0.085,0.159,0.757
10000,0.082,0.140,0.778
10500,0.112,0.101,0.788
11000,0.171,0.062,0.766
11500,0.365,0.013,0.622
12000,0.657,0.002,0.341
12500,0.814,0.001,0.186
13000,0.855,0.000,0.145
13500,0.858,0.000,0.142
14000,0.923,0.000,0.077
14500,0.935,0.000,0.065
15000,0.935,0.000,0.065
15500,0.969,0.000,0.031
16000,0.987,0.000,0.013
16500,0.999,0.000,0.001
17000,1.000,0.000,0.000
17500,1.000,0.000,0.000
