time,n_A+p,n_B,n_AB
500,0.080,0.766,0.154
1000,0.080,0.709,0.211
1500,0.080,0.630,0.290
2000,0.080,0.563,0.357
2500,0.092,0.508,0.400
3000,0.082,0.507,0.411
3500,0.089,0.543,0.368
4000,0.086,0.516,0.398
4500,0.085,0.572,0.343
5000,0.081,0.534,0.385
5500,0.080,0.544,0.376
6000,0.084,0.586,0.330
6500,0.080,0.579,0.341
7000,0.082,0.596,0.322
7500,0.088,0.501,0.411
8000,0.090,0.535,0.375
8500,0.083,0.493,0.424
9000,0.088,0.521,0.391
9500,0.082,0.497,0.421
10000,0.083,0.513,0.404
10500,0.088,0.500,0.412
11000,0.091,0.484,0.425
11500,0.084,0.506,0.410
12000,0.080,0.534,0.386
12500,0.083,0.577,0.340
13000,0.080,0.534,0.386
13500,0.085,0.495,0.420
14000,0.087,0.458,0.455
14500,0.087,0.457,0.456
15000,0.087,0.470,0.443
15500,0.092,0.503,0.405
16000,0.094,0.422,0.484
16500,0.088,0.466,0.446
17000,0.090,0.550,0.360
17500,0.085,0.527,0.388
18000,0.092,0.441,0.467
18500,0.115,0.294,0.591
19000,0.124,0.305,0.571
19500,0.140,0.335,0.525
20000,0.142,0.289,0.569
20500,0.131,0.321,0.548
21000,0.161,0.302,0.537
21500,0.115,0.342,0.543
22000,0.109,0.370,0.521
22500,0.106,0.413,0.481
23000,0.120,0.369,0.511
23500,0.174,0.235,0.591
24000,0.213,0.162,0.625
24500,0.355,0.087,0.558
25000,0.562,0.012,0.426
25500,0.768,0.001,0.231
26000,0.837,0.000,0.163
26500,0.894,0.000,0.106
27000,0.964,0.000,0.036
27500,0.987,0.000,0.013
28000,0.970,0.000,0.030
28500,0.988,0.000,0.012
29000,0.997,0.000,0.003
29500,1.000,0.000,0.000
