time,n_A+p,n_B,n_AB
500,0.168,0.001,0.831
1000,0.410,0.000,0.590
1500,0.471,0.000,0.529
2000,0.684,0.000,0.316
2500,0.395,0.000,0.605
3000,0.585,0.000,0.415
3500,0.449,0.000,0.551
4000,0.728,0.000,0.272
4500,0.728,0.000,0.272
5000,0.479,0.000,0.521
5500,0.586,0.000,0.414
6000,0.609,0.000,0.391
6500,0.655,0.000,0.345
7000,0.681,0.000,0.319
7500,0.995,0.000,0.005
8000,0.940,0.000,0.060
8500,0.631,0.000,0.369
9000,0.591,0.000,0.409
9500,0.702,0.000,0.298
10000,0.732,0.000,0.268
10500,0.619,0.000,0.381
11000,0.558,0.000,0.442
11500,0.612,0.000,0.388
12000,0.685,0.000,0.315
12500,0.530,0.000,0.470
13000,0.561,0.000,0.439
13500,0.935,0.000,0.065
14000,0.998,0.000,0.002
14500,1.000,0.000,0.000
