time,n_A+p,n_B,n_AB
0,0.009,0.991,0.000
500,0.009,0.983,0.008
1000,0.009,0.972,0.018
1500,0.013,0.949,0.038
2000,0.018,0.914,0.067
2500,0.020,0.876,0.103
3000,0.040,0.865,0.095
3500,0.032,0.849,0.120
4000,0.026,0.823,0.151
4500,0.045,0.805,0.150
5000,0.051,0.775,0.174
5500,0.060,0.754,0.186
6000,0.072,0.762,0.166
6500,0.075,0.696,0.230
7000,0.072,0.675,0.253
7500,0.075,0.655,0.271
8000,0.075,0.623,0.302
8500,0.061,0.630,0.308
9000,0.092,0.605,0.303
9500,0.081,0.630,0.289
10000,0.083,0.601,0.317
10500,0.120,0.577,0.303
11000,0.125,0.572,0.303
11500,0.114,0.550,0.336
12000,0.122,0.545,0.333
12500,0.142,0.527,0.331
13000,0.098,0.527,0.375
13500,0.097,0.532,0.371
14000,0.104,0.518,0.378
14500,0.096,0.522,0.382
15000,0.100,0.518,0.382
15500,0.150,0.496,0.353
16000,0.158,0.498,0.343
16500,0.146,0.469,0.385
17000,0.139,0.455,0.407
17500,0.133,0.463,0.404
18000,0.125,0.448,0.427
18500,0.154,0.431,0.415
19000,0.141,0.446,0.413
19500,0.116,0.467,0.417
20000,0.132,0.426,0.442
20500,0.123,0.436,0.441
21000,0.130,0.439,0.431
21500,0.147,0.460,0.393
22000,0.142,0.447,0.411
22500,0.149,0.435,0.416
23000,0.123,0.442,0.435
23500,0.144,0.431,0.425
24000,0.142,0.422,0.436
24500,0.134,0.417,0.449
25000,0.154,0.401,0.444
25500,0.158,0.394,0.447
26000,0.162,0.372,0.466
26500,0.182,0.369,0.449
27000,0.181,0.397,0.422
27500,0.179,0.408,0.414
28000,0.168,0.385,0.447
28500,0.174,0.370,0.457
29000,0.173,0.388,0.439
29500,0.162,0.397,0.440
30000,0.161,0.376,0.463
30500,0.138,0.391,0.471
31000,0.148,0.391,0.461
31500,0.143,0.406,0.451
32000,0.152,0.406,0.442
32500,0.137,0.399,0.464
33000,0.138,0.394,0.468
33500,0.141,0.383,0.476
34000,0.157,0.391,0.451
34500,0.163,0.360,0.477
35000,0.197,0.333,0.470
35500,0.182,0.327,0.491
36000,0.176,0.337,0.487
36500,0.187,0.356,0.457
37000,0.210,0.339,0.450
37500,0.224,0.329,0.447
38000,0.216,0.321,0.464
38500,0.209,0.323,0.468
39000,0.203,0.364,0.433
39500,0.200,0.348,0.451
40000,0.175,0.350,0.475
40500,0.177,0.347,0.476
41000,0.174,0.330,0.496
41500,0.156,0.372,0.472
42000,0.157,0.358,0.485
42500,0.190,0.349,0.461
43000,0.193,0.355,0.451
43500,0.184,0.359,0.458
44000,0.189,0.363,0.448
44500,0.150,0.418,0.432
45000,0.147,0.397,0.456
45500,0.172,0.390,0.438
46000,0.172,0.359,0.470
46500,0.161,0.343,0.495
47000,0.156,0.350,0.493
47500,0.178,0.353,0.469
48000,0.215,0.345,0.440
48500,0.202,0.325,0.473
49000,0.205,0.321,0.474
49500,0.171,0.334,0.495
50000,0.182,0.324,0.494
50500,0.189,0.314,0.497
51000,0.213,0.313,0.474
51500,0.212,0.296,0.491
52000,0.208,0.298,0.493
52500,0.233,0.296,0.471
53000,0.233,0.294,0.473
53500,0.217,0.321,0.463
54000,0.180,0.326,0.494
54500,0.181,0.325,0.494
55000,0.212,0.313,0.475
55500,0.227,0.299,0.474
56000,0.190,0.334,0.476
56500,0.165,0.295,0.539
57000,0.178,0.324,0.498
57500,0.179,0.312,0.510
58000,0.209,0.307,0.483
58500,0.220,0.299,0.481
59000,0.264,0.286,0.450
59500,0.237,0.299,0.464
60000,0.245,0.288,0.467
60500,0.233,0.283,0.484
61000,0.256,0.285,0.459
61500,0.237,0.297,0.466
62000,0.216,0.306,0.478
62500,0.197,0.330,0.473
63000,0.189,0.317,0.494
63500,0.195,0.297,0.508
64000,0.182,0.335,0.483
64500,0.171,0.360,0.470
65000,0.163,0.360,0.477
65500,0.168,0.375,0.458
66000,0.184,0.361,0.456
66500,0.199,0.335,0.466
67000,0.198,0.320,0.482
67500,0.201,0.312,0.487
68000,0.212,0.315,0.473
68500,0.226,0.317,0.458
69000,0.222,0.306,0.472
69500,0.209,0.298,0.492
70000,0.202,0.316,0.482
70500,0.179,0.343,0.478
71000,0.172,0.347,0.481
71500,0.200,0.331,0.469
72000,0.179,0.335,0.486
72500,0.174,0.351,0.475
73000,0.215,0.324,0.462
73500,0.203,0.332,0.465
74000,0.192,0.314,0.494
74500,0.197,0.304,0.498
75000,0.189,0.314,0.497
75500,0.175,0.327,0.498
76000,0.152,0.327,0.521
76500,0.152,0.317,0.531
77000,0.156,0.303,0.540
77500,0.163,0.312,0.525
78000,0.190,0.293,0.517
78500,0.192,0.289,0.519
79000,0.184,0.299,0.517
79500,0.178,0.297,0.525
80000,0.225,0.303,0.472
80500,0.216,0.280,0.505
81000,0.198,0.287,0.515
81500,0.198,0.309,0.492
82000,0.172,0.313,0.516
82500,0.183,0.297,0.520
83000,0.224,0.287,0.489
83500,0.196,0.295,0.509
84000,0.196,0.287,0.517
84500,0.210,0.270,0.520
85000,0.187,0.300,0.513
85500,0.179,0.336,0.485
86000,0.189,0.320,0.491
86500,0.174,0.316,0.511
87000,0.184,0.307,0.509
87500,0.188,0.305,0.507
88000,0.197,0.292,0.511
88500,0.182,0.341,0.477
89000,0.178,0.332,0.490
89500,0.182,0.317,0.502
90000,0.211,0.303,0.485
90500,0.218,0.281,0.502
91000,0.218,0.280,0.503
91500,0.194,0.286,0.520
92000,0.186,0.282,0.532
92500,0.175,0.292,0.533
93000,0.178,0.308,0.514
93500,0.184,0.330,0.486
94000,0.164,0.311,0.525
94500,0.173,0.305,0.522
95000,0.166,0.321,0.513
95500,0.191,0.305,0.504
96000,0.188,0.303,0.509
96500,0.189,0.299,0.512
97000,0.187,0.283,0.530
97500,0.187,0.284,0.529
98000,0.181,0.289,0.530
98500,0.163,0.294,0.542
99000,0.198,0.290,0.512
99500,0.196,0.285,0.519
100000,0.218,0.276,0.507
100500,0.226,0.285,0.489
101000,0.239,0.278,0.483
101500,0.238,0.254,0.508
102000,0.248,0.248,0.504
102500,0.208,0.254,0.537
103000,0.204,0.276,0.520
103500,0.217,0.271,0.513
104000,0.207,0.267,0.526
104500,0.229,0.256,0.515
105000,0.229,0.256,0.515
105500,0.227,0.248,0.525
106000,0.259,0.244,0.496
106500,0.255,0.266,0.479
107000,0.244,0.264,0.492
107500,0.235,0.271,0.494
108000,0.223,0.294,0.483
108500,0.198,0.300,0.502
109000,0.248,0.279,0.473
109500,0.244,0.275,0.481
110000,0.230,0.273,0.497
110500,0.217,0.268,0.516
111000,0.193,0.273,0.534
111500,0.187,0.274,0.539
112000,0.180,0.284,0.536
112500,0.200,0.288,0.512
113000,0.222,0.276,0.503
113500,0.199,0.284,0.517
114000,0.204,0.266,0.530
114500,0.223,0.265,0.513
115000,0.230,0.251,0.519
115500,0.228,0.232,0.540
116000,0.223,0.226,0.552
116500,0.241,0.232,0.527
117000,0.219,0.227,0.555
117500,0.235,0.219,0.546
118000,0.218,0.241,0.541
118500,0.228,0.233,0.539
119000,0.266,0.239,0.495
119500,0.244,0.226,0.530
120000,0.243,0.227,0.530
120500,0.256,0.223,0.521
121000,0.234,0.242,0.524
121500,0.235,0.227,0.538
122000,0.203,0.233,0.564
122500,0.217,0.237,0.546
123000,0.207,0.232,0.561
123500,0.180,0.252,0.568
124000,0.175,0.255,0.570
124500,0.154,0.272,0.574
125000,0.150,0.267,0.583
125500,0.179,0.255,0.566
126000,0.186,0.242,0.572
126500,0.175,0.251,0.574
127000,0.180,0.265,0.556
127500,0.188,0.254,0.558
128000,0.183,0.256,0.561
128500,0.188,0.248,0.564
129000,0.186,0.265,0.550
129500,0.186,0.264,0.551
130000,0.184,0.246,0.570
130500,0.193,0.267,0.540
131000,0.200,0.267,0.533
131500,0.198,0.271,0.531
132000,0.178,0.276,0.546
132500,0.184,0.250,0.566
133000,0.166,0.260,0.573
133500,0.157,0.292,0.551
134000,0.162,0.308,0.529
134500,0.146,0.348,0.506
135000,0.146,0.370,0.484
135500,0.137,0.350,0.513
136000,0.131,0.368,0.502
136500,0.126,0.328,0.546
137000,0.145,0.319,0.536
137500,0.171,0.308,0.521
138000,0.160,0.296,0.543
138500,0.156,0.292,0.552
139000,0.148,0.300,0.552
139500,0.155,0.294,0.551
140000,0.172,0.300,0.528
140500,0.155,0.287,0.558
141000,0.155,0.338,0.507
141500,0.159,0.323,0.518
142000,0.171,0.319,0.511
142500,0.175,0.292,0.533
143000,0.178,0.266,0.557
143500,0.203,0.267,0.530
144000,0.213,0.267,0.520
144500,0.193,0.267,0.540
145000,0.181,0.280,0.539
145500,0.190,0.256,0.554
146000,0.194,0.278,0.528
146500,0.204,0.273,0.523
147000,0.212,0.244,0.543
147500,0.231,0.259,0.510
148000,0.200,0.234,0.566
148500,0.205,0.240,0.555
149000,0.197,0.235,0.568
149500,0.213,0.244,0.542
150000,0.210,0.242,0.547
150500,0.207,0.239,0.554
151000,0.206,0.221,0.573
151500,0.213,0.238,0.549
152000,0.216,0.227,0.558
152500,0.200,0.242,0.558
153000,0.231,0.202,0.567
153500,0.229,0.218,0.554
154000,0.220,0.227,0.554
154500,0.230,0.231,0.539
155000,0.229,0.234,0.537
155500,0.226,0.225,0.550
156000,0.237,0.225,0.538
156500,0.249,0.202,0.549
157000,0.241,0.201,0.558
157500,0.204,0.238,0.558
158000,0.206,0.236,0.558
158500,0.192,0.258,0.550
159000,0.185,0.239,0.576
159500,0.171,0.263,0.567
160000,0.173,0.267,0.561
160500,0.188,0.282,0.530
161000,0.184,0.300,0.516
161500,0.156,0.302,0.541
162000,0.165,0.291,0.543
162500,0.150,0.307,0.542
163000,0.178,0.271,0.552
163500,0.188,0.257,0.555
164000,0.184,0.278,0.538
164500,0.193,0.261,0.545
165000,0.176,0.251,0.573
165500,0.199,0.255,0.545
166000,0.191,0.256,0.553
166500,0.170,0.255,0.575
167000,0.180,0.277,0.543
167500,0.180,0.277,0.543
168000,0.158,0.290,0.552
168500,0.187,0.283,0.530
169000,0.187,0.290,0.523
169500,0.177,0.307,0.516
170000,0.178,0.287,0.535
170500,0.193,0.301,0.506
171000,0.178,0.277,0.545
171500,0.172,0.263,0.566
172000,0.168,0.282,0.551
172500,0.169,0.270,0.562
173000,0.177,0.257,0.566
173500,0.208,0.268,0.524
174000,0.201,0.275,0.524
174500,0.227,0.256,0.517
175000,0.209,0.253,0.537
175500,0.201,0.252,0.546
176000,0.195,0.281,0.524
176500,0.201,0.283,0.516
177000,0.217,0.273,0.511
177500,0.227,0.254,0.519
178000,0.233,0.232,0.535
178500,0.206,0.243,0.551
179000,0.217,0.235,0.549
179500,0.193,0.236,0.571
180000,0.206,0.234,0.560
180500,0.190,0.232,0.578
181000,0.168,0.244,0.588
181500,0.171,0.274,0.556
182000,0.197,0.278,0.525
182500,0.193,0.257,0.550
183000,0.185,0.271,0.544
183500,0.180,0.264,0.557
184000,0.186,0.266,0.549
184500,0.179,0.272,0.550
185000,0.191,0.283,0.526
185500,0.173,0.289,0.538
186000,0.157,0.274,0.569
186500,0.181,0.279,0.540
187000,0.201,0.274,0.525
187500,0.196,0.253,0.551
188000,0.248,0.230,0.522
188500,0.224,0.230,0.546
189000,0.194,0.279,0.527
189500,0.191,0.269,0.540
190000,0.223,0.274,0.504
190500,0.213,0.261,0.525
191000,0.231,0.244,0.525
191500,0.248,0.224,0.528
192000,0.244,0.212,0.543
192500,0.221,0.206,0.573
193000,0.221,0.205,0.574
193500,0.198,0.240,0.562
194000,0.184,0.248,0.568
194500,0.189,0.260,0.551
195000,0.191,0.245,0.564
195500,0.176,0.226,0.599
196000,0.176,0.243,0.581
196500,0.179,0.234,0.587
197000,0.158,0.271,0.571
197500,0.156,0.276,0.568
198000,0.152,0.266,0.582
198500,0.166,0.245,0.588
199000,0.154,0.271,0.575
199500,0.155,0.260,0.584
200000,0.169,0.261,0.570
200500,0.163,0.270,0.567
201000,0.188,0.248,0.564
201500,0.199,0.254,0.546
202000,0.202,0.257,0.540
202500,0.192,0.256,0.552
203000,0.184,0.265,0.552
203500,0.180,0.271,0.550
204000,0.213,0.253,0.533
204500,0.190,0.243,0.567
205000,0.193,0.229,0.578
205500,0.201,0.225,0.574
206000,0.209,0.205,0.585
206500,0.231,0.206,0.563
207000,0.302,0.203,0.494
207500,0.282,0.195,0.523
208000,0.291,0.198,0.511
208500,0.287,0.195,0.518
209000,0.234,0.203,0.563
209500,0.231,0.202,0.567
210000,0.215,0.215,0.571
210500,0.239,0.191,0.570
211000,0.271,0.184,0.545
211500,0.264,0.186,0.551
212000,0.251,0.203,0.545
212500,0.258,0.215,0.527
213000,0.266,0.216,0.519
213500,0.273,0.220,0.508
214000,0.296,0.231,0.473
214500,0.289,0.212,0.498
215000,0.278,0.205,0.517
215500,0.249,0.200,0.551
216000,0.230,0.215,0.556
216500,0.221,0.195,0.584
217000,0.213,0.199,0.587
217500,0.204,0.209,0.586
218000,0.219,0.203,0.578
218500,0.224,0.213,0.563
219000,0.217,0.209,0.574
219500,0.232,0.207,0.561
220000,0.216,0.225,0.560
220500,0.224,0.241,0.535
221000,0.226,0.212,0.562
221500,0.222,0.225,0.554
222000,0.205,0.238,0.557
222500,0.213,0.243,0.543
223000,0.204,0.231,0.565
223500,0.188,0.251,0.561
224000,0.191,0.227,0.582
224500,0.226,0.254,0.520
225000,0.203,0.246,0.551
225500,0.178,0.237,0.585
226000,0.204,0.231,0.565
226500,0.223,0.235,0.542
227000,0.198,0.234,0.568
227500,0.182,0.290,0.528
228000,0.181,0.274,0.545
228500,0.184,0.260,0.556
229000,0.186,0.255,0.559
229500,0.179,0.292,0.529
230000,0.179,0.253,0.568
230500,0.191,0.248,0.561
231000,0.170,0.251,0.579
231500,0.176,0.247,0.577
232000,0.184,0.258,0.558
232500,0.174,0.271,0.556
233000,0.186,0.275,0.539
233500,0.189,0.283,0.528
234000,0.168,0.269,0.564
234500,0.195,0.255,0.550
235000,0.235,0.249,0.516
235500,0.192,0.266,0.542
236000,0.210,0.271,0.519
236500,0.192,0.265,0.543
237000,0.199,0.265,0.536
237500,0.198,0.267,0.535
238000,0.194,0.266,0.540
238500,0.189,0.275,0.536
239000,0.177,0.265,0.559
239500,0.175,0.274,0.552
240000,0.164,0.284,0.552
240500,0.155,0.267,0.578
241000,0.188,0.241,0.571
241500,0.186,0.257,0.557
242000,0.211,0.239,0.550
242500,0.210,0.233,0.557
243000,0.206,0.236,0.558
243500,0.223,0.225,0.553
244000,0.224,0.222,0.555
244500,0.246,0.215,0.539
245000,0.242,0.224,0.534
245500,0.221,0.226,0.554
246000,0.227,0.223,0.551
246500,0.240,0.207,0.553
247000,0.231,0.212,0.557
247500,0.211,0.228,0.561
248000,0.202,0.221,0.577
248500,0.200,0.230,0.570
249000,0.218,0.220,0.563
249500,0.206,0.260,0.533
250000,0.196,0.255,0.549
250500,0.182,0.264,0.555
251000,0.195,0.259,0.545
251500,0.211,0.240,0.549
252000,0.198,0.218,0.584
252500,0.189,0.239,0.572
253000,0.175,0.228,0.598
253500,0.163,0.235,0.602
254000,0.158,0.249,0.592
254500,0.165,0.250,0.584
255000,0.161,0.235,0.604
255500,0.151,0.256,0.592
256000,0.145,0.257,0.598
256500,0.160,0.291,0.549
257000,0.165,0.286,0.549
257500,0.175,0.276,0.550
258000,0.172,0.260,0.568
258500,0.165,0.273,0.562
259000,0.150,0.272,0.578
259500,0.134,0.277,0.589
260000,0.144,0.258,0.598
260500,0.161,0.249,0.589
261000,0.147,0.239,0.614
261500,0.157,0.227,0.616
262000,0.145,0.247,0.608
262500,0.166,0.242,0.591
263000,0.159,0.231,0.610
263500,0.176,0.226,0.599
264000,0.162,0.250,0.587
264500,0.144,0.242,0.614
265000,0.181,0.242,0.577
265500,0.195,0.245,0.560
266000,0.212,0.224,0.564
266500,0.201,0.236,0.563
267000,0.216,0.264,0.521
267500,0.188,0.252,0.560
268000,0.186,0.255,0.559
268500,0.172,0.244,0.584
269000,0.191,0.217,0.592
269500,0.193,0.211,0.596
270000,0.203,0.232,0.565
270500,0.219,0.225,0.557
271000,0.251,0.197,0.552
271500,0.265,0.188,0.547
272000,0.255,0.201,0.543
272500,0.240,0.231,0.529
273000,0.230,0.242,0.528
273500,0.223,0.236,0.541
274000,0.208,0.221,0.571
274500,0.198,0.243,0.559
275000,0.192,0.253,0.555
275500,0.195,0.267,0.538
276000,0.209,0.236,0.555
276500,0.219,0.238,0.543
277000,0.201,0.231,0.568
277500,0.203,0.221,0.576
278000,0.200,0.228,0.572
278500,0.235,0.216,0.550
279000,0.225,0.207,0.568
279500,0.233,0.201,0.566
280000,0.230,0.202,0.568
280500,0.230,0.218,0.553
281000,0.211,0.217,0.572
281500,0.202,0.235,0.563
282000,0.203,0.242,0.555
282500,0.179,0.241,0.580
283000,0.188,0.237,0.575
283500,0.183,0.238,0.579
284000,0.183,0.247,0.570
284500,0.190,0.217,0.593
285000,0.198,0.218,0.584
285500,0.228,0.195,0.577
286000,0.233,0.204,0.563
286500,0.221,0.213,0.566
287000,0.208,0.226,0.566
287500,0.199,0.215,0.586
288000,0.198,0.207,0.594
288500,0.202,0.246,0.552
289000,0.205,0.231,0.564
289500,0.221,0.211,0.568
290000,0.254,0.201,0.544
290500,0.245,0.204,0.551
291000,0.252,0.217,0.531
291500,0.251,0.208,0.540
292000,0.229,0.231,0.540
292500,0.212,0.233,0.555
293000,0.239,0.204,0.557
293500,0.231,0.220,0.550
294000,0.211,0.217,0.572
294500,0.209,0.234,0.557
295000,0.204,0.215,0.581
295500,0.213,0.206,0.580
296000,0.227,0.194,0.579
296500,0.187,0.207,0.606
297000,0.220,0.194,0.586
297500,0.203,0.209,0.587
298000,0.194,0.221,0.585
298500,0.196,0.268,0.536
299000,0.208,0.254,0.537
299500,0.198,0.257,0.544
300000,0.182,0.241,0.577
300500,0.200,0.242,0.558
301000,0.180,0.249,0.571
301500,0.183,0.256,0.561
302000,0.198,0.235,0.567
302500,0.185,0.240,0.575
303000,0.163,0.259,0.577
303500,0.181,0.241,0.578
304000,0.187,0.245,0.568
304500,0.192,0.224,0.584
305000,0.198,0.215,0.587
305500,0.204,0.260,0.535
306000,0.198,0.267,0.535
306500,0.185,0.254,0.561
307000,0.201,0.247,0.552
307500,0.173,0.277,0.551
308000,0.157,0.278,0.565
308500,0.196,0.259,0.544
309000,0.224,0.249,0.527
309500,0.230,0.228,0.542
310000,0.221,0.221,0.559
310500,0.206,0.211,0.582
311000,0.202,0.237,0.561
311500,0.224,0.218,0.559
312000,0.237,0.220,0.543
312500,0.210,0.237,0.553
313000,0.211,0.212,0.576
313500,0.202,0.230,0.568
314000,0.211,0.240,0.549
314500,0.237,0.238,0.525
315000,0.234,0.228,0.538
315500,0.211,0.236,0.553
316000,0.245,0.223,0.532
316500,0.246,0.209,0.544
317000,0.229,0.232,0.539
317500,0.212,0.238,0.550
318000,0.205,0.206,0.588
318500,0.203,0.219,0.578
319000,0.220,0.237,0.543
319500,0.231,0.222,0.547
320000,0.269,0.194,0.537
320500,0.284,0.193,0.523
321000,0.263,0.209,0.528
321500,0.273,0.206,0.521
322000,0.275,0.183,0.542
322500,0.267,0.181,0.553
323000,0.280,0.165,0.555
323500,0.259,0.153,0.587
324000,0.250,0.171,0.579
324500,0.254,0.175,0.571
325000,0.273,0.158,0.569
325500,0.240,0.179,0.581
326000,0.258,0.180,0.562
326500,0.239,0.201,0.560
327000,0.241,0.201,0.558
327500,0.238,0.212,0.550
328000,0.249,0.205,0.545
328500,0.239,0.202,0.559
329000,0.260,0.174,0.566
329500,0.228,0.170,0.603
330000,0.227,0.170,0.604
330500,0.232,0.160,0.608
331000,0.221,0.184,0.596
331500,0.227,0.184,0.589
332000,0.223,0.198,0.579
332500,0.201,0.195,0.604
333000,0.190,0.226,0.584
333500,0.205,0.218,0.577
334000,0.195,0.233,0.572
334500,0.210,0.209,0.580
335000,0.228,0.201,0.571
335500,0.197,0.230,0.573
336000,0.201,0.243,0.556
336500,0.202,0.225,0.573
337000,0.182,0.235,0.583
337500,0.204,0.243,0.553
338000,0.188,0.257,0.555
338500,0.182,0.243,0.575
339000,0.215,0.249,0.536
339500,0.230,0.233,0.537
340000,0.241,0.219,0.540
340500,0.246,0.228,0.526
341000,0.248,0.213,0.538
341500,0.235,0.210,0.555
342000,0.223,0.201,0.576
342500,0.233,0.212,0.555
343000,0.236,0.208,0.556
343500,0.233,0.216,0.552
344000,0.237,0.217,0.546
344500,0.240,0.220,0.540
345000,0.272,0.212,0.516
345500,0.251,0.216,0.533
346000,0.256,0.208,0.535
346500,0.239,0.213,0.547
347000,0.234,0.221,0.545
347500,0.246,0.196,0.558
348000,0.240,0.190,0.570
348500,0.256,0.191,0.553
349000,0.236,0.210,0.554
349500,0.225,0.210,0.565
350000,0.234,0.216,0.551
350500,0.209,0.241,0.550
351000,0.220,0.229,0.552
351500,0.218,0.231,0.552
352000,0.231,0.231,0.538
352500,0.212,0.224,0.564
353000,0.237,0.209,0.554
353500,0.247,0.196,0.557
354000,0.226,0.219,0.556
354500,0.226,0.204,0.570
355000,0.208,0.222,0.570
355500,0.199,0.217,0.584
356000,0.186,0.212,0.602
356500,0.195,0.211,0.593
357000,0.211,0.193,0.596
357500,0.196,0.215,0.589
358000,0.187,0.236,0.577
358500,0.203,0.238,0.559
359000,0.194,0.230,0.576
359500,0.221,0.216,0.564
360000,0.203,0.227,0.570
360500,0.192,0.234,0.574
361000,0.202,0.217,0.581
361500,0.206,0.209,0.584
362000,0.207,0.218,0.575
362500,0.197,0.202,0.601
363000,0.197,0.227,0.576
363500,0.207,0.228,0.565
364000,0.187,0.254,0.559
364500,0.192,0.235,0.573
365000,0.172,0.226,0.603
365500,0.163,0.221,0.616
366000,0.157,0.231,0.612
366500,0.161,0.242,0.597
367000,0.174,0.222,0.605
367500,0.172,0.215,0.614
368000,0.181,0.217,0.603
368500,0.180,0.221,0.600
369000,0.182,0.239,0.579
369500,0.179,0.236,0.585
370000,0.194,0.245,0.561
370500,0.177,0.233,0.590
371000,0.179,0.229,0.592
371500,0.169,0.250,0.581
372000,0.152,0.255,0.592
372500,0.164,0.235,0.601
373000,0.174,0.223,0.604
373500,0.179,0.228,0.593
374000,0.188,0.217,0.596
374500,0.184,0.205,0.611
375000,0.186,0.248,0.566
375500,0.186,0.231,0.583
376000,0.178,0.222,0.601
376500,0.198,0.216,0.586
377000,0.188,0.191,0.621
377500,0.208,0.218,0.574
378000,0.179,0.230,0.591
378500,0.183,0.215,0.603
379000,0.161,0.245,0.593
379500,0.134,0.236,0.630
380000,0.158,0.215,0.627
380500,0.181,0.226,0.593
381000,0.179,0.209,0.612
381500,0.171,0.231,0.599
382000,0.201,0.217,0.582
382500,0.193,0.207,0.600
383000,0.190,0.209,0.601
383500,0.201,0.198,0.601
384000,0.197,0.199,0.604
384500,0.200,0.183,0.617
385000,0.192,0.190,0.618
385500,0.199,0.217,0.584
386000,0.192,0.202,0.606
386500,0.209,0.209,0.581
387000,0.190,0.220,0.590
387500,0.230,0.215,0.556
388000,0.215,0.227,0.559
388500,0.209,0.248,0.542
389000,0.204,0.217,0.579
389500,0.205,0.205,0.589
390000,0.205,0.241,0.554
390500,0.198,0.227,0.575
391000,0.205,0.222,0.573
391500,0.200,0.224,0.576
392000,0.183,0.189,0.628
392500,0.158,0.237,0.605
393000,0.165,0.232,0.603
393500,0.161,0.230,0.609
394000,0.158,0.260,0.581
394500,0.162,0.242,0.596
395000,0.171,0.208,0.621
395500,0.194,0.203,0.603
396000,0.225,0.209,0.566
396500,0.231,0.204,0.565
397000,0.231,0.208,0.561
397500,0.196,0.216,0.588
398000,0.185,0.218,0.598
398500,0.185,0.229,0.586
399000,0.170,0.231,0.600
399500,0.183,0.220,0.598
400000,0.174,0.223,0.604
400500,0.183,0.198,0.619
401000,0.204,0.202,0.593
401500,0.213,0.182,0.605
402000,0.210,0.171,0.619
402500,0.245,0.168,0.587
403000,0.263,0.161,0.576
403500,0.250,0.154,0.596
404000,0.226,0.164,0.610
404500,0.221,0.161,0.618
405000,0.221,0.179,0.601
405500,0.246,0.160,0.593
406000,0.264,0.150,0.586
406500,0.244,0.146,0.610
407000,0.250,0.134,0.616
407500,0.248,0.155,0.597
408000,0.273,0.159,0.568
408500,0.269,0.150,0.581
409000,0.281,0.158,0.561
409500,0.256,0.156,0.587
410000,0.236,0.192,0.572
410500,0.200,0.192,0.608
411000,0.191,0.187,0.622
411500,0.231,0.162,0.607
412000,0.234,0.155,0.611
412500,0.228,0.151,0.621
413000,0.237,0.153,0.610
413500,0.241,0.158,0.601
414000,0.227,0.151,0.622
414500,0.216,0.157,0.627
415000,0.216,0.153,0.631
415500,0.203,0.141,0.656
416000,0.205,0.170,0.625
416500,0.219,0.190,0.591
417000,0.224,0.174,0.603
417500,0.223,0.180,0.598
418000,0.222,0.166,0.612
418500,0.221,0.192,0.587
419000,0.220,0.189,0.591
419500,0.226,0.193,0.581
420000,0.211,0.175,0.614
420500,0.213,0.196,0.590
421000,0.196,0.210,0.593
421500,0.187,0.218,0.596
422000,0.164,0.227,0.609
422500,0.172,0.215,0.614
423000,0.179,0.209,0.612
423500,0.189,0.216,0.596
424000,0.199,0.222,0.579
424500,0.180,0.223,0.598
425000,0.184,0.212,0.604
425500,0.181,0.229,0.590
426000,0.187,0.218,0.596
426500,0.179,0.213,0.608
427000,0.178,0.215,0.608
427500,0.184,0.205,0.611
428000,0.208,0.208,0.583
428500,0.194,0.225,0.581
429000,0.202,0.203,0.594
429500,0.186,0.189,0.625
430000,0.194,0.181,0.625
430500,0.197,0.201,0.602
431000,0.184,0.215,0.602
431500,0.188,0.219,0.593
432000,0.215,0.200,0.585
432500,0.199,0.215,0.586
433000,0.199,0.228,0.573
433500,0.193,0.221,0.586
434000,0.187,0.226,0.587
434500,0.187,0.208,0.605
435000,0.182,0.200,0.618
435500,0.189,0.210,0.601
436000,0.206,0.185,0.609
436500,0.206,0.187,0.607
437000,0.211,0.181,0.608
437500,0.202,0.191,0.607
438000,0.198,0.184,0.618
438500,0.185,0.186,0.629
439000,0.177,0.207,0.616
439500,0.181,0.195,0.624
440000,0.188,0.186,0.626
440500,0.195,0.188,0.617
441000,0.209,0.221,0.570
441500,0.173,0.208,0.619
442000,0.185,0.248,0.567
442500,0.184,0.212,0.604
443000,0.208,0.220,0.572
443500,0.197,0.201,0.602
444000,0.209,0.195,0.596
444500,0.213,0.188,0.599
445000,0.191,0.203,0.606
445500,0.188,0.207,0.605
446000,0.175,0.209,0.616
446500,0.186,0.204,0.610
447000,0.196,0.196,0.608
447500,0.179,0.178,0.644
448000,0.177,0.181,0.642
448500,0.189,0.187,0.624
449000,0.221,0.173,0.607
449500,0.234,0.180,0.586
450000,0.237,0.188,0.575
450500,0.222,0.191,0.587
451000,0.230,0.173,0.598
451500,0.246,0.166,0.587
452000,0.260,0.185,0.555
452500,0.231,0.191,0.578
453000,0.231,0.204,0.565
453500,0.226,0.209,0.565
454000,0.221,0.228,0.552
454500,0.202,0.222,0.576
455000,0.212,0.240,0.547
455500,0.231,0.215,0.555
456000,0.239,0.212,0.549
456500,0.215,0.211,0.574
457000,0.184,0.223,0.593
457500,0.178,0.257,0.565
458000,0.203,0.238,0.559
458500,0.196,0.213,0.590
459000,0.186,0.231,0.583
459500,0.191,0.244,0.565
460000,0.204,0.225,0.571
460500,0.192,0.208,0.600
461000,0.186,0.212,0.602
461500,0.210,0.210,0.579
462000,0.212,0.212,0.575
462500,0.211,0.212,0.576
463000,0.205,0.196,0.599
463500,0.220,0.194,0.586
464000,0.209,0.212,0.578
464500,0.185,0.225,0.590
465000,0.168,0.264,0.569
465500,0.205,0.249,0.545
466000,0.207,0.225,0.568
466500,0.213,0.203,0.583
467000,0.255,0.179,0.566
467500,0.250,0.177,0.573
468000,0.221,0.203,0.576
468500,0.246,0.194,0.560
469000,0.257,0.200,0.542
469500,0.253,0.203,0.543
470000,0.273,0.212,0.515
470500,0.270,0.202,0.528
471000,0.257,0.218,0.525
471500,0.235,0.205,0.560
472000,0.202,0.201,0.597
472500,0.200,0.223,0.577
473000,0.188,0.246,0.566
473500,0.171,0.257,0.572
474000,0.194,0.233,0.573
474500,0.215,0.245,0.540
475000,0.202,0.234,0.564
475500,0.199,0.197,0.604
476000,0.239,0.179,0.582
476500,0.255,0.174,0.571
477000,0.240,0.193,0.567
477500,0.225,0.192,0.583
478000,0.213,0.211,0.575
478500,0.245,0.173,0.582
479000,0.259,0.163,0.577
479500,0.209,0.187,0.604
480000,0.224,0.178,0.599
480500,0.234,0.199,0.567
481000,0.226,0.210,0.564
481500,0.210,0.236,0.554
482000,0.217,0.219,0.565
482500,0.220,0.222,0.559
483000,0.227,0.213,0.560
483500,0.202,0.208,0.589
484000,0.205,0.201,0.593
484500,0.185,0.213,0.602
485000,0.183,0.205,0.612
485500,0.175,0.217,0.609
486000,0.194,0.203,0.603
486500,0.198,0.200,0.602
487000,0.202,0.223,0.575
487500,0.200,0.231,0.569
488000,0.207,0.219,0.574
488500,0.200,0.216,0.584
489000,0.188,0.213,0.599
489500,0.193,0.217,0.590
490000,0.188,0.229,0.583
490500,0.185,0.200,0.615
491000,0.182,0.223,0.596
491500,0.193,0.215,0.592
492000,0.181,0.224,0.596
492500,0.173,0.218,0.610
493000,0.170,0.238,0.592
493500,0.173,0.283,0.544
494000,0.159,0.295,0.545
494500,0.173,0.267,0.561
495000,0.165,0.272,0.563
495500,0.162,0.258,0.579
496000,0.164,0.250,0.585
496500,0.192,0.223,0.585
497000,0.216,0.219,0.566
497500,0.202,0.215,0.583
498000,0.180,0.206,0.614
498500,0.190,0.199,0.611
499000,0.179,0.200,0.621
499500,0.177,0.219,0.605
500000,0.199,0.200,0.601
500500,0.187,0.236,0.577
501000,0.163,0.231,0.606
501500,0.160,0.205,0.634
502000,0.176,0.220,0.605
502500,0.181,0.221,0.599
503000,0.173,0.245,0.582
503500,0.146,0.277,0.577
504000,0.161,0.260,0.578
504500,0.169,0.242,0.589
505000,0.168,0.232,0.601
505500,0.155,0.224,0.621
506000,0.161,0.234,0.605
506500,0.181,0.221,0.599
507000,0.204,0.211,0.584
507500,0.209,0.203,0.587
508000,0.229,0.209,0.562
508500,0.238,0.206,0.556
509000,0.244,0.188,0.568
509500,0.238,0.195,0.567
510000,0.246,0.180,0.574
510500,0.265,0.182,0.554
511000,0.274,0.185,0.541
511500,0.280,0.184,0.536
512000,0.269,0.209,0.522
512500,0.257,0.192,0.551
513000,0.254,0.204,0.541
513500,0.271,0.164,0.565
514000,0.280,0.149,0.571
514500,0.272,0.148,0.580
515000,0.278,0.147,0.575
515500,0.276,0.147,0.577
516000,0.278,0.182,0.540
516500,0.243,0.201,0.556
517000,0.233,0.178,0.589
517500,0.249,0.164,0.586
518000,0.250,0.171,0.579
518500,0.233,0.168,0.600
519000,0.215,0.188,0.598
519500,0.206,0.194,0.600
520000,0.192,0.207,0.601
520500,0.200,0.230,0.570
521000,0.213,0.220,0.567
521500,0.213,0.204,0.582
522000,0.228,0.206,0.566
522500,0.244,0.195,0.561
523000,0.243,0.205,0.552
523500,0.218,0.226,0.557
524000,0.215,0.270,0.516
524500,0.194,0.270,0.536
525000,0.212,0.242,0.545
525500,0.196,0.223,0.581
526000,0.206,0.224,0.570
526500,0.185,0.218,0.598
527000,0.184,0.226,0.590
527500,0.194,0.225,0.581
528000,0.198,0.208,0.593
528500,0.238,0.198,0.564
529000,0.215,0.210,0.575
529500,0.223,0.199,0.578
530000,0.231,0.213,0.556
530500,0.246,0.235,0.519
531000,0.232,0.223,0.545
531500,0.200,0.236,0.564
532000,0.190,0.222,0.588
532500,0.197,0.200,0.603
533000,0.202,0.219,0.579
533500,0.218,0.227,0.556
534000,0.204,0.233,0.563
534500,0.209,0.235,0.556
535000,0.196,0.210,0.593
535500,0.190,0.223,0.587
536000,0.191,0.233,0.576
536500,0.208,0.225,0.567
537000,0.200,0.222,0.578
537500,0.193,0.224,0.583
538000,0.177,0.227,0.597
538500,0.183,0.212,0.605
539000,0.181,0.233,0.586
539500,0.185,0.255,0.560
540000,0.189,0.241,0.570
540500,0.160,0.259,0.580
541000,0.189,0.245,0.566
541500,0.177,0.226,0.598
542000,0.193,0.231,0.576
542500,0.181,0.218,0.602
543000,0.188,0.218,0.594
543500,0.184,0.223,0.593
544000,0.181,0.233,0.586
544500,0.191,0.207,0.602
545000,0.194,0.228,0.578
545500,0.172,0.224,0.605
546000,0.158,0.263,0.579
546500,0.160,0.249,0.590
547000,0.179,0.243,0.578
547500,0.179,0.257,0.564
548000,0.184,0.227,0.589
548500,0.192,0.211,0.597
549000,0.182,0.207,0.611
549500,0.187,0.217,0.597
550000,0.175,0.226,0.600
550500,0.180,0.235,0.585
551000,0.176,0.219,0.606
551500,0.179,0.257,0.564
552000,0.156,0.257,0.586
552500,0.162,0.249,0.588
553000,0.168,0.245,0.587
553500,0.219,0.200,0.581
554000,0.223,0.194,0.583
554500,0.245,0.206,0.549
555000,0.250,0.203,0.546
555500,0.224,0.211,0.565
556000,0.230,0.218,0.553
556500,0.225,0.212,0.563
557000,0.240,0.217,0.543
557500,0.228,0.242,0.530
558000,0.240,0.236,0.524
558500,0.231,0.240,0.529
559000,0.229,0.227,0.544
559500,0.250,0.229,0.521
560000,0.227,0.229,0.544
560500,0.242,0.217,0.541
561000,0.218,0.244,0.538
561500,0.241,0.224,0.535
562000,0.230,0.227,0.543
562500,0.194,0.228,0.578
563000,0.203,0.227,0.570
563500,0.219,0.218,0.564
564000,0.203,0.231,0.566
564500,0.219,0.242,0.539
565000,0.207,0.221,0.572
565500,0.217,0.218,0.566
566000,0.221,0.223,0.557
566500,0.222,0.229,0.550
567000,0.229,0.201,0.570
567500,0.228,0.194,0.578
568000,0.236,0.184,0.580
568500,0.260,0.194,0.545
569000,0.297,0.186,0.517
569500,0.283,0.179,0.538
570000,0.269,0.187,0.544
570500,0.267,0.179,0.555
571000,0.248,0.179,0.573
571500,0.255,0.174,0.571
572000,0.246,0.192,0.562
572500,0.210,0.209,0.580
573000,0.211,0.213,0.575
573500,0.194,0.218,0.588
574000,0.184,0.234,0.582
574500,0.187,0.219,0.594
575000,0.185,0.195,0.620
575500,0.202,0.197,0.601
576000,0.195,0.215,0.590
576500,0.196,0.222,0.582
577000,0.193,0.212,0.594
577500,0.177,0.231,0.592
578000,0.157,0.273,0.570
578500,0.163,0.271,0.566
579000,0.160,0.266,0.574
579500,0.171,0.257,0.572
580000,0.170,0.235,0.596
580500,0.190,0.229,0.581
581000,0.194,0.227,0.579
581500,0.186,0.219,0.596
582000,0.168,0.233,0.600
582500,0.182,0.219,0.600
583000,0.169,0.201,0.630
583500,0.158,0.208,0.633
584000,0.187,0.196,0.617
584500,0.196,0.189,0.615
585000,0.213,0.197,0.589
585500,0.194,0.175,0.631
586000,0.191,0.195,0.614
586500,0.226,0.184,0.590
587000,0.190,0.211,0.599
587500,0.198,0.218,0.584
588000,0.193,0.231,0.576
588500,0.192,0.220,0.588
589000,0.202,0.203,0.594
589500,0.203,0.195,0.602
590000,0.200,0.198,0.602
590500,0.225,0.172,0.604
591000,0.229,0.171,0.601
591500,0.246,0.172,0.582
592000,0.237,0.180,0.583
592500,0.208,0.185,0.607
593000,0.226,0.186,0.588
593500,0.230,0.175,0.596
594000,0.232,0.181,0.587
594500,0.266,0.189,0.545
595000,0.242,0.205,0.553
595500,0.245,0.170,0.585
596000,0.238,0.166,0.596
596500,0.249,0.176,0.575
597000,0.250,0.208,0.541
597500,0.233,0.180,0.587
598000,0.231,0.191,0.578
598500,0.247,0.199,0.554
599000,0.212,0.200,0.587
599500,0.185,0.245,0.570
600000,0.186,0.215,0.600
600500,0.196,0.222,0.582
601000,0.206,0.240,0.554
601500,0.192,0.253,0.555
602000,0.188,0.266,0.546
602500,0.196,0.230,0.574
603000,0.200,0.217,0.583
603500,0.237,0.200,0.563
604000,0.221,0.189,0.590
604500,0.206,0.206,0.587
605000,0.210,0.195,0.594
605500,0.201,0.232,0.567
606000,0.201,0.210,0.588
606500,0.193,0.190,0.617
607000,0.200,0.224,0.576
607500,0.217,0.211,0.572
608000,0.213,0.219,0.568
608500,0.213,0.201,0.585
609000,0.216,0.187,0.598
609500,0.212,0.222,0.566
610000,0.198,0.207,0.594
610500,0.173,0.238,0.589
611000,0.187,0.219,0.594
611500,0.185,0.211,0.604
612000,0.184,0.231,0.585
612500,0.187,0.200,0.613
613000,0.198,0.216,0.586
613500,0.207,0.182,0.611
614000,0.221,0.182,0.598
614500,0.216,0.195,0.589
615000,0.217,0.200,0.583
615500,0.213,0.225,0.562
616000,0.236,0.206,0.558
616500,0.212,0.224,0.564
617000,0.221,0.217,0.563
617500,0.247,0.200,0.553
618000,0.232,0.199,0.569
618500,0.204,0.195,0.601
619000,0.224,0.191,0.585
619500,0.207,0.219,0.574
620000,0.179,0.226,0.596
620500,0.180,0.229,0.591
621000,0.194,0.224,0.582
621500,0.192,0.225,0.583
622000,0.177,0.234,0.589
622500,0.186,0.219,0.596
623000,0.190,0.184,0.626
623500,0.233,0.183,0.584
624000,0.243,0.177,0.580
624500,0.225,0.231,0.544
625000,0.247,0.207,0.545
625500,0.242,0.183,0.575
626000,0.226,0.211,0.563
626500,0.232,0.204,0.564
627000,0.212,0.213,0.574
627500,0.219,0.201,0.580
628000,0.231,0.208,0.561
628500,0.202,0.201,0.597
629000,0.190,0.258,0.552
629500,0.195,0.252,0.553
630000,0.183,0.219,0.599
630500,0.208,0.255,0.536
631000,0.203,0.235,0.562
631500,0.192,0.230,0.578
632000,0.195,0.233,0.572
632500,0.181,0.246,0.573
633000,0.158,0.270,0.572
633500,0.158,0.233,0.609
634000,0.161,0.249,0.589
634500,0.169,0.239,0.592
635000,0.171,0.225,0.605
635500,0.181,0.223,0.597
636000,0.165,0.217,0.618
636500,0.187,0.205,0.608
637000,0.199,0.212,0.588
637500,0.207,0.203,0.589
638000,0.218,0.208,0.574
638500,0.230,0.198,0.572
639000,0.224,0.204,0.572
639500,0.207,0.211,0.581
640000,0.212,0.200,0.587
640500,0.221,0.205,0.574
641000,0.245,0.189,0.566
641500,0.230,0.199,0.571
642000,0.227,0.202,0.571
642500,0.243,0.193,0.564
643000,0.231,0.215,0.555
643500,0.238,0.206,0.556
644000,0.264,0.200,0.536
644500,0.238,0.198,0.564
645000,0.234,0.205,0.561
645500,0.221,0.192,0.587
646000,0.234,0.188,0.578
646500,0.212,0.175,0.613
647000,0.229,0.191,0.580
647500,0.194,0.192,0.614
648000,0.206,0.202,0.591
648500,0.205,0.200,0.594
649000,0.193,0.211,0.596
649500,0.181,0.206,0.613
650000,0.193,0.216,0.591
650500,0.176,0.206,0.618
651000,0.207,0.206,0.586
651500,0.192,0.208,0.600
652000,0.195,0.216,0.589
652500,0.155,0.226,0.619
653000,0.172,0.230,0.599
653500,0.188,0.235,0.577
654000,0.192,0.232,0.576
654500,0.201,0.207,0.591
655000,0.187,0.218,0.596
655500,0.196,0.227,0.577
656000,0.187,0.215,0.599
656500,0.188,0.224,0.588
657000,0.193,0.234,0.573
657500,0.204,0.238,0.558
658000,0.212,0.209,0.578
658500,0.223,0.208,0.569
659000,0.222,0.213,0.565
659500,0.231,0.221,0.549
660000,0.211,0.229,0.560
660500,0.222,0.228,0.551
661000,0.220,0.205,0.575
661500,0.229,0.208,0.563
662000,0.241,0.206,0.553
662500,0.257,0.204,0.538
663000,0.245,0.205,0.550
663500,0.232,0.200,0.568
664000,0.209,0.227,0.564
664500,0.209,0.218,0.573
665000,0.199,0.213,0.587
665500,0.192,0.230,0.578
666000,0.173,0.222,0.606
666500,0.177,0.225,0.599
667000,0.207,0.237,0.556
667500,0.196,0.255,0.549
668000,0.221,0.215,0.565
668500,0.220,0.210,0.570
669000,0.219,0.220,0.562
669500,0.204,0.220,0.576
670000,0.195,0.241,0.564
670500,0.213,0.228,0.559
671000,0.227,0.215,0.559
671500,0.252,0.204,0.543
672000,0.228,0.210,0.562
672500,0.227,0.202,0.571
673000,0.231,0.177,0.592
673500,0.225,0.164,0.611
674000,0.245,0.168,0.587
674500,0.227,0.174,0.600
675000,0.205,0.194,0.601
675500,0.209,0.186,0.605
676000,0.211,0.199,0.589
676500,0.171,0.211,0.618
677000,0.181,0.182,0.637
677500,0.179,0.209,0.612
678000,0.194,0.211,0.594
678500,0.198,0.203,0.599
679000,0.210,0.220,0.570
679500,0.196,0.236,0.568
680000,0.199,0.223,0.578
680500,0.202,0.211,0.586
681000,0.205,0.222,0.573
681500,0.196,0.215,0.589
682000,0.190,0.215,0.596
682500,0.177,0.234,0.589
683000,0.216,0.229,0.556
683500,0.215,0.219,0.567
684000,0.206,0.220,0.574
684500,0.205,0.226,0.569
685000,0.216,0.220,0.565
685500,0.209,0.207,0.583
686000,0.180,0.187,0.633
686500,0.217,0.205,0.578
687000,0.216,0.210,0.574
687500,0.208,0.233,0.559
688000,0.194,0.217,0.589
688500,0.179,0.227,0.594
689000,0.188,0.267,0.545
689500,0.200,0.235,0.565
690000,0.192,0.189,0.619
690500,0.183,0.204,0.613
691000,0.177,0.216,0.608
691500,0.205,0.215,0.580
692000,0.233,0.186,0.581
692500,0.217,0.193,0.590
693000,0.218,0.207,0.575
693500,0.227,0.199,0.574
694000,0.226,0.223,0.552
694500,0.222,0.232,0.546
695000,0.207,0.227,0.566
695500,0.236,0.202,0.562
696000,0.243,0.194,0.563
696500,0.219,0.219,0.563
697000,0.213,0.202,0.584
697500,0.191,0.210,0.599
698000,0.188,0.237,0.575
698500,0.187,0.241,0.572
699000,0.205,0.264,0.531
699500,0.208,0.261,0.530
700000,0.188,0.239,0.573
700500,0.171,0.251,0.578
701000,0.183,0.233,0.584
701500,0.179,0.257,0.564
702000,0.174,0.263,0.564
702500,0.154,0.276,0.570
703000,0.161,0.271,0.568
703500,0.166,0.261,0.572
704000,0.177,0.264,0.560
704500,0.159,0.247,0.593
705000,0.186,0.238,0.576
705500,0.199,0.241,0.560
706000,0.215,0.249,0.536
706500,0.193,0.243,0.564
707000,0.203,0.229,0.568
707500,0.190,0.243,0.567
708000,0.185,0.221,0.594
708500,0.162,0.233,0.605
709000,0.180,0.236,0.584
709500,0.185,0.231,0.584
710000,0.204,0.229,0.567
710500,0.202,0.229,0.569
711000,0.202,0.215,0.583
711500,0.178,0.226,0.597
712000,0.178,0.199,0.623
712500,0.169,0.246,0.585
713000,0.172,0.235,0.593
713500,0.175,0.230,0.596
714000,0.177,0.220,0.604
714500,0.172,0.236,0.592
715000,0.162,0.239,0.599
715500,0.172,0.239,0.589
716000,0.187,0.220,0.593
716500,0.210,0.213,0.576
717000,0.208,0.215,0.577
717500,0.218,0.217,0.566
718000,0.222,0.216,0.563
718500,0.206,0.210,0.583
719000,0.193,0.216,0.591
719500,0.179,0.231,0.590
720000,0.187,0.236,0.577
720500,0.183,0.246,0.571
721000,0.172,0.240,0.588
721500,0.185,0.251,0.564
722000,0.192,0.225,0.583
722500,0.192,0.218,0.590
723000,0.192,0.241,0.567
723500,0.207,0.243,0.550
724000,0.215,0.245,0.540
724500,0.190,0.245,0.565
725000,0.200,0.256,0.543
725500,0.177,0.263,0.561
726000,0.170,0.261,0.569
726500,0.184,0.250,0.566
727000,0.209,0.248,0.542
727500,0.219,0.254,0.527
728000,0.221,0.248,0.531
728500,0.237,0.225,0.538
729000,0.236,0.246,0.518
729500,0.215,0.240,0.545
730000,0.204,0.234,0.562
730500,0.179,0.243,0.578
731000,0.177,0.256,0.567
731500,0.174,0.254,0.572
732000,0.187,0.240,0.573
732500,0.177,0.247,0.576
733000,0.203,0.228,0.569
733500,0.207,0.211,0.581
734000,0.196,0.223,0.581
734500,0.194,0.217,0.589
735000,0.194,0.226,0.580
735500,0.183,0.236,0.581
736000,0.199,0.231,0.570
736500,0.179,0.208,0.613
737000,0.156,0.250,0.593
737500,0.157,0.253,0.589
738000,0.173,0.240,0.587
738500,0.187,0.240,0.573
739000,0.188,0.261,0.551
739500,0.178,0.251,0.571
740000,0.192,0.251,0.557
740500,0.172,0.236,0.592
741000,0.171,0.244,0.585
741500,0.185,0.252,0.563
742000,0.207,0.242,0.551
742500,0.197,0.232,0.571
743000,0.207,0.228,0.565
743500,0.202,0.244,0.554
744000,0.198,0.241,0.561
744500,0.230,0.215,0.556
745000,0.260,0.201,0.538
745500,0.244,0.210,0.545
746000,0.200,0.226,0.574
746500,0.170,0.231,0.600
747000,0.177,0.229,0.594
747500,0.181,0.231,0.588
748000,0.164,0.259,0.576
748500,0.170,0.241,0.589
749000,0.155,0.245,0.600
749500,0.152,0.244,0.604
750000,0.175,0.230,0.596
750500,0.166,0.227,0.607
751000,0.164,0.252,0.583
751500,0.175,0.248,0.577
752000,0.181,0.222,0.598
752500,0.166,0.242,0.591
753000,0.169,0.228,0.604
753500,0.184,0.237,0.579
754000,0.202,0.213,0.584
754500,0.202,0.213,0.584
755000,0.198,0.219,0.583
755500,0.178,0.230,0.592
756000,0.189,0.237,0.574
756500,0.193,0.216,0.591
757000,0.208,0.213,0.578
757500,0.204,0.225,0.571
758000,0.185,0.249,0.566
758500,0.185,0.220,0.596
759000,0.197,0.194,0.609
759500,0.206,0.185,0.609
760000,0.203,0.220,0.577
760500,0.183,0.215,0.603
761000,0.200,0.223,0.577
761500,0.204,0.213,0.582
762000,0.193,0.240,0.567
762500,0.213,0.220,0.567
763000,0.219,0.201,0.580
763500,0.194,0.222,0.584
764000,0.208,0.223,0.569
764500,0.191,0.219,0.590
765000,0.173,0.260,0.567
765500,0.173,0.279,0.549
766000,0.156,0.258,0.585
766500,0.171,0.247,0.582
767000,0.166,0.268,0.566
767500,0.170,0.245,0.585
768000,0.176,0.249,0.575
768500,0.194,0.228,0.578
769000,0.189,0.208,0.603
769500,0.203,0.205,0.591
770000,0.191,0.212,0.597
770500,0.183,0.231,0.586
771000,0.206,0.237,0.557
771500,0.203,0.227,0.570
772000,0.228,0.251,0.521
772500,0.225,0.242,0.533
773000,0.221,0.266,0.514
773500,0.220,0.245,0.535
774000,0.200,0.237,0.563
774500,0.186,0.237,0.577
775000,0.183,0.241,0.576
775500,0.220,0.224,0.557
776000,0.210,0.196,0.593
776500,0.205,0.212,0.582
777000,0.223,0.232,0.545
777500,0.219,0.211,0.570
778000,0.232,0.197,0.571
778500,0.199,0.201,0.600
779000,0.225,0.218,0.558
779500,0.206,0.212,0.581
780000,0.221,0.247,0.532
780500,0.209,0.227,0.564
781000,0.247,0.206,0.546
781500,0.239,0.182,0.579
782000,0.235,0.185,0.580
782500,0.211,0.230,0.559
783000,0.226,0.245,0.529
783500,0.231,0.234,0.535
784000,0.219,0.235,0.546
784500,0.194,0.253,0.553
785000,0.193,0.253,0.554
785500,0.216,0.219,0.566
786000,0.210,0.206,0.583
786500,0.216,0.183,0.602
787000,0.218,0.174,0.609
787500,0.222,0.186,0.592
788000,0.211,0.212,0.576
788500,0.225,0.208,0.567
789000,0.225,0.194,0.581
789500,0.219,0.220,0.562
790000,0.218,0.217,0.566
790500,0.217,0.220,0.564
791000,0.218,0.208,0.574
791500,0.240,0.194,0.566
792000,0.229,0.195,0.576
792500,0.222,0.201,0.577
793000,0.215,0.203,0.582
793500,0.201,0.202,0.597
794000,0.204,0.200,0.596
794500,0.211,0.191,0.598
795000,0.200,0.221,0.579
795500,0.188,0.206,0.606
796000,0.184,0.202,0.614
796500,0.175,0.213,0.612
797000,0.171,0.224,0.606
797500,0.162,0.228,0.610
798000,0.165,0.228,0.607
798500,0.186,0.223,0.591
799000,0.169,0.232,0.600
799500,0.189,0.222,0.589
800000,0.204,0.213,0.582
800500,0.239,0.190,0.571
801000,0.222,0.188,0.590
801500,0.231,0.178,0.591
802000,0.208,0.211,0.580
802500,0.194,0.215,0.591
803000,0.191,0.210,0.599
803500,0.203,0.213,0.583
