time,n_A+p,n_B,n_AB
100,0.412,0.484,0.104
200,0.357,0.471,0.171
300,0.357,0.464,0.179
400,0.305,0.432,0.263
500,0.283,0.444,0.273
600,0.268,0.432,0.300
700,0.270,0.422,0.308
800,0.280,0.422,0.298
900,0.275,0.400,0.325
1000,0.288,0.387,0.325
1100,0.273,0.380,0.347
1200,0.280,0.392,0.328
1300,0.273,0.402,0.325
1400,0.270,0.427,0.303
1500,0.273,0.397,0.330
1600,0.293,0.392,0.315
1700,0.298,0.392,0.310
1800,0.308,0.355,0.337
1900,0.328,0.342,0.330
2000,0.315,0.328,0.357
2100,0.310,0.335,0.355
2200,0.298,0.337,0.365
2300,0.318,0.342,0.340
2400,0.305,0.333,0.362
2500,0.315,0.342,0.342
2600,0.305,0.335,0.360
2700,0.285,0.325,0.390
2800,0.303,0.313,0.385
2900,0.300,0.303,0.397
3000,0.266,0.285,0.449
3100,0.273,0.305,0.422
3200,0.310,0.315,0.375
3300,0.303,0.318,0.380
3400,0.300,0.318,0.382
3500,0.298,0.352,0.350
3600,0.298,0.362,0.340
3700,0.290,0.422,0.288
3800,0.293,0.382,0.325
3900,0.320,0.377,0.303
4000,0.303,0.347,0.350
4100,0.333,0.320,0.347
4200,0.345,0.337,0.318
4300,0.345,0.333,0.323
4400,0.318,0.300,0.382
4500,0.333,0.288,0.380
4600,0.337,0.288,0.375
4700,0.323,0.318,0.360
4800,0.340,0.288,0.372
4900,0.345,0.298,0.357
5000,0.340,0.303,0.357
5100,0.350,0.270,0.380
5200,0.362,0.298,0.340
5300,0.362,0.298,0.340
5400,0.377,0.325,0.298
5500,0.337,0.313,0.350
5600,0.352,0.295,0.352
5700,0.370,0.295,0.335
5800,0.365,0.313,0.323
5900,0.375,0.303,0.323
6000,0.382,0.290,0.328
6100,0.387,0.243,0.370
6200,0.370,0.270,0.360
6300,0.347,0.263,0.390
6400,0.390,0.251,0.360
6500,0.422,0.246,0.333
6600,0.429,0.256,0.315
6700,0.407,0.256,0.337
6800,0.402,0.253,0.345
6900,0.417,0.263,0.320
7000,0.404,0.246,0.350
7100,0.400,0.233,0.367
7200,0.387,0.238,0.375
7300,0.395,0.248,0.357
7400,0.390,0.246,0.365
7500,0.402,0.251,0.347
7600,0.412,0.261,0.328
7700,0.437,0.278,0.285
7800,0.432,0.288,0.280
7900,0.422,0.270,0.308
8000,0.434,0.263,0.303
8100,0.437,0.263,0.300
8200,0.434,0.261,0.305
8300,0.429,0.251,0.320
8400,0.434,0.216,0.350
8500,0.479,0.218,0.303
8600,0.459,0.221,0.320
8700,0.459,0.223,0.318
8800,0.469,0.194,0.337
8900,0.491,0.166,0.342
9000,0.481,0.179,0.340
9100,0.494,0.174,0.333
9200,0.496,0.174,0.330
9300,0.486,0.169,0.345
9400,0.506,0.208,0.285
9500,0.486,0.218,0.295
9600,0.504,0.203,0.293
9700,0.541,0.186,0.273
9800,0.524,0.191,0.285
9900,0.526,0.189,0.285
10000,0.543,0.169,0.288
10100,0.529,0.184,0.288
10200,0.484,0.191,0.325
10300,0.481,0.184,0.335
10400,0.511,0.171,0.318
10500,0.491,0.166,0.342
10600,0.509,0.154,0.337
10700,0.511,0.164,0.325
10800,0.529,0.176,0.295
10900,0.553,0.179,0.268
11000,0.553,0.184,0.263
11100,0.516,0.181,0.303
11200,0.489,0.181,0.330
11300,0.484,0.208,0.308
11400,0.491,0.208,0.300
11500,0.491,0.223,0.285
11600,0.481,0.211,0.308
11700,0.464,0.221,0.315
11800,0.457,0.231,0.313
11900,0.437,0.221,0.342
12000,0.459,0.216,0.325
12100,0.422,0.208,0.370
12200,0.429,0.208,0.362
12300,0.452,0.186,0.362
12400,0.467,0.186,0.347
12500,0.501,0.159,0.340
12600,0.531,0.144,0.325
12700,0.576,0.134,0.290
12800,0.591,0.156,0.253
12900,0.596,0.144,0.261
13000,0.581,0.129,0.290
13100,0.610,0.092,0.298
13200,0.635,0.102,0.263
13300,0.667,0.092,0.241
13400,0.692,0.094,0.213
13500,0.690,0.087,0.223
13600,0.680,0.069,0.251
13700,0.700,0.060,0.241
13800,0.715,0.050,0.236
13900,0.712,0.052,0.236
14000,0.737,0.042,0.221
14100,0.715,0.060,0.226
14200,0.742,0.060,0.199
14300,0.764,0.052,0.184
14400,0.754,0.060,0.186
14500,0.752,0.060,0.189
14600,0.762,0.047,0.191
14700,0.757,0.047,0.196
14800,0.754,0.047,0.199
14900,0.747,0.050,0.203
15000,0.727,0.062,0.211
15100,0.742,0.050,0.208
15200,0.754,0.047,0.199
15300,0.752,0.042,0.206
15400,0.762,0.037,0.201
15500,0.764,0.032,0.203
15600,0.769,0.032,0.199
15700,0.774,0.035,0.191
15800,0.779,0.030,0.191
15900,0.797,0.022,0.181
16000,0.804,0.032,0.164
16100,0.814,0.032,0.154
16200,0.819,0.025,0.156
16300,0.811,0.022,0.166
16400,0.821,0.025,0.154
16500,0.846,0.027,0.127
16600,0.864,0.025,0.112
16700,0.864,0.015,0.122
16800,0.861,0.010,0.129
16900,0.873,0.007,0.119
17000,0.893,0.010,0.097
17100,0.901,0.007,0.092
17200,0.878,0.007,0.114
17300,0.864,0.007,0.129
17400,0.856,0.012,0.132
17500,0.839,0.017,0.144
17600,0.841,0.012,0.146
17700,0.849,0.020,0.132
17800,0.854,0.015,0.132
17900,0.854,0.015,0.132
18000,0.871,0.012,0.117
18100,0.886,0.010,0.104
18200,0.898,0.010,0.092
18300,0.893,0.012,0.094
18400,0.878,0.012,0.109
18500,0.893,0.010,0.097
18600,0.898,0.017,0.084
18700,0.906,0.010,0.084
18800,0.928,0.007,0.065
18900,0.926,0.007,0.067
19000,0.935,0.005,0.060
19100,0.933,0.005,0.062
19200,0.933,0.005,0.062
19300,0.933,0.005,0.062
19400,0.938,0.005,0.057
19500,0.938,0.007,0.055
19600,0.938,0.007,0.055
19700,0.945,0.007,0.047
19800,0.945,0.007,0.047
19900,0.943,0.007,0.050
20000,0.945,0.007,0.047
20100,0.933,0.005,0.062
20200,0.935,0.005,0.060
20300,0.950,0.005,0.045
20400,0.953,0.002,0.045
20500,0.965,0.002,0.032
20600,0.968,0.002,0.030
20700,0.968,0.002,0.030
20800,0.965,0.002,0.032
20900,0.968,0.002,0.030
21000,0.965,0.007,0.027
21100,0.970,0.005,0.025
21200,0.970,0.005,0.025
21300,0.970,0.002,0.027
21400,0.973,0.002,0.025
21500,0.975,0.002,0.022
21600,0.978,0.002,0.020
21700,0.978,0.002,0.020
21800,0.980,0.002,0.017
21900,0.978,0.002,0.020
22000,0.978,0.002,0.020
22100,0.983,0.000,0.017
22200,0.985,0.000,0.015
22300,0.990,0.000,0.010
22400,0.993,0.000,0.007
22500,0.993,0.000,0.007
22600,0.993,0.000,0.007
22700,0.993,0.000,0.007
22800,0.993,0.000,0.007
22900,0.993,0.000,0.007
23000,0.993,0.000,0.007
23100,0.993,0.000,0.007
23200,0.993,0.000,0.007
23300,0.993,0.000,0.007
23400,0.993,0.000,0.007
23500,0.993,0.000,0.007
23600,0.993,0.000,0.007
23700,0.995,0.000,0.005
23800,0.995,0.000,0.005
23900,0.995,0.000,0.005
24000,0.995,0.000,0.005
24100,0.993,0.000,0.007
24200,0.990,0.000,0.010
24300,0.990,0.000,0.010
24400,0.990,0.000,0.010
24500,0.993,0.000,0.007
24600,0.995,0.000,0.005
24700,0.995,0.000,0.005
24800,0.995,0.000,0.005
24900,0.995,0.000,0.005
25000,0.995,0.000,0.005
25100,0.995,0.000,0.005
25200,0.995,0.000,0.005
25300,0.995,0.000,0.005
25400,0.993,0.000,0.007
25500,0.993,0.000,0.007
25600,0.998,0.000,0.002
25700,0.998,0.000,0.002
25800,0.998,0.000,0.002
25900,0.998,0.000,0.002
26000,1.000,0.000,0.000
