time,n_A+p,n_B,n_AB
100,0.030,0.960,0.010
200,0.030,0.952,0.018
300,0.030,0.949,0.021
400,0.030,0.943,0.028
500,0.030,0.937,0.034
600,0.031,0.932,0.038
700,0.033,0.931,0.037
800,0.033,0.923,0.044
900,0.033,0.914,0.053
1000,0.033,0.897,0.070
1100,0.032,0.892,0.077
1200,0.032,0.866,0.102
1300,0.036,0.853,0.111
1400,0.040,0.854,0.106
1500,0.042,0.844,0.114
1600,0.041,0.830,0.129
1700,0.047,0.826,0.127
1800,0.048,0.821,0.131
1900,0.048,0.811,0.141
2000,0.049,0.801,0.150
2100,0.048,0.797,0.155
2200,0.049,0.783,0.168
2300,0.048,0.776,0.176
2400,0.048,0.763,0.189
2500,0.049,0.762,0.189
2600,0.050,0.747,0.203
2700,0.047,0.740,0.213
2800,0.046,0.741,0.213
2900,0.046,0.729,0.225
3000,0.050,0.730,0.220
3100,0.049,0.724,0.227
3200,0.048,0.725,0.227
3300,0.053,0.716,0.231
3400,0.050,0.701,0.249
3500,0.053,0.703,0.244
3600,0.053,0.702,0.245
3700,0.047,0.696,0.257
3800,0.051,0.684,0.265
3900,0.051,0.678,0.271
4000,0.054,0.675,0.271
4100,0.054,0.666,0.280
4200,0.057,0.645,0.298
4300,0.067,0.647,0.286
4400,0.072,0.641,0.287
4500,0.070,0.651,0.279
4600,0.072,0.648,0.281
4700,0.061,0.642,0.296
4800,0.060,0.647,0.293
4900,0.072,0.642,0.286
5000,0.078,0.644,0.279
5100,0.075,0.647,0.279
5200,0.072,0.633,0.295
5300,0.070,0.624,0.305
5400,0.073,0.619,0.308
5500,0.072,0.616,0.313
5600,0.073,0.611,0.317
5700,0.078,0.601,0.322
5800,0.085,0.598,0.318
5900,0.092,0.597,0.312
6000,0.100,0.599,0.301
6100,0.097,0.593,0.309
6200,0.095,0.586,0.319
6300,0.088,0.580,0.332
6400,0.090,0.578,0.332
6500,0.086,0.571,0.343
6600,0.092,0.571,0.337
6700,0.097,0.559,0.344
6800,0.093,0.564,0.343
6900,0.095,0.565,0.340
7000,0.091,0.567,0.342
7100,0.092,0.565,0.343
7200,0.092,0.568,0.340
7300,0.088,0.564,0.348
7400,0.085,0.566,0.349
7500,0.092,0.558,0.350
7600,0.095,0.560,0.345
7700,0.099,0.556,0.345
7800,0.098,0.544,0.358
7900,0.090,0.545,0.365
8000,0.085,0.559,0.356
8100,0.095,0.554,0.351
8200,0.089,0.547,0.364
8300,0.085,0.544,0.371
8400,0.093,0.549,0.359
8500,0.099,0.535,0.366
8600,0.099,0.530,0.371
8700,0.095,0.525,0.380
8800,0.092,0.523,0.385
8900,0.087,0.522,0.391
9000,0.092,0.532,0.376
9100,0.102,0.529,0.369
9200,0.105,0.522,0.373
9300,0.104,0.523,0.373
9400,0.104,0.523,0.373
9500,0.112,0.516,0.372
9600,0.108,0.514,0.378
9700,0.114,0.503,0.383
9800,0.111,0.503,0.386
9900,0.103,0.505,0.392
10000,0.111,0.491,0.397
10100,0.114,0.494,0.391
10200,0.108,0.499,0.392
10300,0.103,0.491,0.406
10400,0.108,0.487,0.404
10500,0.104,0.474,0.422
10600,0.104,0.475,0.421
10700,0.100,0.470,0.430
10800,0.092,0.475,0.433
10900,0.098,0.475,0.427
11000,0.092,0.470,0.438
11100,0.092,0.469,0.439
11200,0.092,0.462,0.446
11300,0.089,0.458,0.454
11400,0.095,0.455,0.450
11500,0.099,0.462,0.439
11600,0.101,0.467,0.432
11700,0.102,0.466,0.432
11800,0.098,0.447,0.455
11900,0.101,0.449,0.449
12000,0.107,0.453,0.440
12100,0.104,0.449,0.446
12200,0.101,0.434,0.465
12300,0.099,0.430,0.471
12400,0.099,0.431,0.470
12500,0.093,0.432,0.475
12600,0.098,0.443,0.459
12700,0.089,0.437,0.474
12800,0.106,0.437,0.457
12900,0.110,0.438,0.451
13000,0.117,0.445,0.437
13100,0.129,0.445,0.426
13200,0.128,0.436,0.436
13300,0.122,0.437,0.441
13400,0.124,0.442,0.434
13500,0.124,0.444,0.432
13600,0.126,0.443,0.431
13700,0.123,0.438,0.439
13800,0.129,0.435,0.436
13900,0.132,0.438,0.430
14000,0.145,0.430,0.425
14100,0.138,0.431,0.431
14200,0.144,0.429,0.427
14300,0.140,0.441,0.419
14400,0.131,0.432,0.437
14500,0.127,0.431,0.442
14600,0.126,0.424,0.450
14700,0.132,0.427,0.441
14800,0.138,0.425,0.437
14900,0.132,0.415,0.454
15000,0.135,0.419,0.446
15100,0.134,0.422,0.444
15200,0.129,0.418,0.454
15300,0.145,0.413,0.442
15400,0.139,0.414,0.447
15500,0.145,0.404,0.450
15600,0.143,0.413,0.444
15700,0.158,0.410,0.432
15800,0.159,0.412,0.429
15900,0.175,0.402,0.423
16000,0.174,0.406,0.421
16100,0.172,0.402,0.426
16200,0.169,0.404,0.427
16300,0.153,0.410,0.437
16400,0.155,0.412,0.433
16500,0.151,0.402,0.446
16600,0.148,0.395,0.457
16700,0.146,0.393,0.461
16800,0.149,0.383,0.468
16900,0.145,0.384,0.471
17000,0.136,0.383,0.481
17100,0.139,0.388,0.473
17200,0.129,0.391,0.480
17300,0.135,0.399,0.466
17400,0.135,0.390,0.475
17500,0.124,0.393,0.483
17600,0.118,0.388,0.493
17700,0.135,0.373,0.492
17800,0.142,0.364,0.494
17900,0.139,0.365,0.496
18000,0.139,0.367,0.494
18100,0.142,0.367,0.491
18200,0.151,0.372,0.477
18300,0.168,0.379,0.454
18400,0.156,0.386,0.458
18500,0.144,0.383,0.473
18600,0.142,0.376,0.482
18700,0.139,0.367,0.494
18800,0.137,0.356,0.507
18900,0.135,0.355,0.510
19000,0.144,0.359,0.497
19100,0.145,0.360,0.495
19200,0.151,0.364,0.485
19300,0.158,0.356,0.485
19400,0.153,0.355,0.491
19500,0.157,0.352,0.490
19600,0.177,0.344,0.479
19700,0.173,0.345,0.482
19800,0.175,0.355,0.470
19900,0.165,0.341,0.493
20000,0.161,0.345,0.493
20100,0.162,0.349,0.488
20200,0.159,0.353,0.487
20300,0.142,0.356,0.502
20400,0.141,0.366,0.493
20500,0.146,0.366,0.488
20600,0.143,0.354,0.503
20700,0.146,0.353,0.501
20800,0.142,0.351,0.507
20900,0.151,0.359,0.490
21000,0.157,0.361,0.482
21100,0.160,0.360,0.480
21200,0.166,0.356,0.477
21300,0.154,0.368,0.478
21400,0.154,0.362,0.484
21500,0.155,0.366,0.479
21600,0.154,0.358,0.488
21700,0.148,0.358,0.494
21800,0.136,0.361,0.504
21900,0.134,0.353,0.513
22000,0.129,0.368,0.504
22100,0.129,0.371,0.501
22200,0.135,0.370,0.495
22300,0.140,0.367,0.493
22400,0.143,0.362,0.495
22500,0.140,0.355,0.505
22600,0.140,0.363,0.497
22700,0.145,0.372,0.483
22800,0.144,0.370,0.486
22900,0.153,0.373,0.474
23000,0.150,0.369,0.481
23100,0.156,0.369,0.475
23200,0.153,0.364,0.483
23300,0.142,0.372,0.486
23400,0.148,0.371,0.481
23500,0.142,0.369,0.489
23600,0.142,0.369,0.489
23700,0.142,0.375,0.483
23800,0.141,0.372,0.487
23900,0.139,0.368,0.493
24000,0.131,0.373,0.496
24100,0.135,0.369,0.496
24200,0.147,0.366,0.487
24300,0.147,0.364,0.489
24400,0.148,0.361,0.491
24500,0.143,0.350,0.507
24600,0.143,0.351,0.506
24700,0.151,0.356,0.492
24800,0.154,0.355,0.490
24900,0.155,0.356,0.488
25000,0.154,0.339,0.507
25100,0.144,0.345,0.511
25200,0.147,0.339,0.514
25300,0.154,0.333,0.513
25400,0.154,0.327,0.519
25500,0.158,0.328,0.514
25600,0.155,0.321,0.524
25700,0.156,0.322,0.522
25800,0.158,0.315,0.527
25900,0.152,0.317,0.531
26000,0.155,0.315,0.530
26100,0.154,0.330,0.516
26200,0.146,0.329,0.525
26300,0.154,0.340,0.506
26400,0.149,0.337,0.514
26500,0.150,0.338,0.512
26600,0.151,0.339,0.510
26700,0.150,0.339,0.511
26800,0.149,0.344,0.507
26900,0.147,0.340,0.513
27000,0.143,0.341,0.516
27100,0.140,0.337,0.523
27200,0.139,0.331,0.530
27300,0.136,0.331,0.533
27400,0.139,0.327,0.534
27500,0.141,0.321,0.538
27600,0.144,0.316,0.540
27700,0.153,0.318,0.529
27800,0.158,0.318,0.524
27900,0.158,0.324,0.518
28000,0.164,0.320,0.516
28100,0.162,0.322,0.516
28200,0.159,0.326,0.515
28300,0.153,0.334,0.513
28400,0.152,0.321,0.527
28500,0.139,0.318,0.543
28600,0.130,0.323,0.547
28700,0.136,0.326,0.538
28800,0.137,0.327,0.536
28900,0.136,0.316,0.549
29000,0.135,0.314,0.552
29100,0.138,0.315,0.547
29200,0.128,0.320,0.553
29300,0.128,0.311,0.562
29400,0.114,0.309,0.576
29500,0.116,0.308,0.575
29600,0.114,0.319,0.567
29700,0.118,0.314,0.568
29800,0.121,0.311,0.569
29900,0.122,0.313,0.566
30000,0.129,0.313,0.559
30100,0.133,0.322,0.545
30200,0.136,0.327,0.537
30300,0.140,0.318,0.542
30400,0.142,0.319,0.539
30500,0.143,0.308,0.549
30600,0.146,0.293,0.561
30700,0.154,0.294,0.552
30800,0.159,0.290,0.551
30900,0.147,0.291,0.562
31000,0.154,0.292,0.554
31100,0.162,0.298,0.539
31200,0.158,0.306,0.535
31300,0.158,0.305,0.536
31400,0.154,0.290,0.556
31500,0.159,0.287,0.554
31600,0.162,0.288,0.550
31700,0.170,0.292,0.538
31800,0.162,0.295,0.542
31900,0.157,0.295,0.547
32000,0.157,0.300,0.542
32100,0.160,0.295,0.544
32200,0.156,0.298,0.545
32300,0.154,0.300,0.545
32400,0.162,0.308,0.529
32500,0.163,0.306,0.530
32600,0.161,0.304,0.534
32700,0.155,0.312,0.533
32800,0.146,0.307,0.546
32900,0.138,0.305,0.557
33000,0.133,0.320,0.547
33100,0.140,0.329,0.531
33200,0.139,0.322,0.539
33300,0.140,0.317,0.543
33400,0.147,0.311,0.542
33500,0.155,0.307,0.537
33600,0.156,0.297,0.546
33700,0.152,0.296,0.552
33800,0.146,0.301,0.553
33900,0.147,0.297,0.556
34000,0.165,0.296,0.538
34100,0.158,0.297,0.544
34200,0.155,0.292,0.553
34300,0.159,0.294,0.546
34400,0.160,0.302,0.537
34500,0.165,0.304,0.530
34600,0.171,0.298,0.531
34700,0.165,0.302,0.532
34800,0.163,0.302,0.534
34900,0.158,0.315,0.527
35000,0.159,0.309,0.531
35100,0.162,0.313,0.525
35200,0.157,0.314,0.529
35300,0.151,0.307,0.541
35400,0.151,0.314,0.535
35500,0.150,0.312,0.538
35600,0.144,0.309,0.546
35700,0.144,0.309,0.546
35800,0.141,0.303,0.556
35900,0.145,0.306,0.549
36000,0.144,0.307,0.549
36100,0.159,0.311,0.530
36200,0.152,0.317,0.531
36300,0.152,0.313,0.535
36400,0.158,0.308,0.533
36500,0.153,0.305,0.541
36600,0.159,0.302,0.538
36700,0.160,0.306,0.533
36800,0.168,0.312,0.521
36900,0.155,0.299,0.545
37000,0.170,0.297,0.533
37100,0.162,0.296,0.541
37200,0.166,0.297,0.536
37300,0.169,0.297,0.534
37400,0.161,0.299,0.539
37500,0.166,0.299,0.534
37600,0.164,0.295,0.540
37700,0.153,0.297,0.550
37800,0.165,0.302,0.532
37900,0.159,0.303,0.537
38000,0.155,0.297,0.547
38100,0.156,0.301,0.542
38200,0.155,0.288,0.557
38300,0.157,0.288,0.555
38400,0.164,0.284,0.552
38500,0.170,0.286,0.544
38600,0.171,0.288,0.541
38700,0.172,0.295,0.533
38800,0.165,0.299,0.535
38900,0.161,0.293,0.545
39000,0.162,0.302,0.535
39100,0.152,0.297,0.551
39200,0.151,0.317,0.532
39300,0.150,0.313,0.537
39400,0.161,0.306,0.532
39500,0.160,0.307,0.532
39600,0.164,0.290,0.545
39700,0.165,0.287,0.547
39800,0.162,0.285,0.553
39900,0.166,0.283,0.551
40000,0.170,0.281,0.550
40100,0.171,0.282,0.547
40200,0.165,0.281,0.554
40300,0.171,0.281,0.549
40400,0.187,0.286,0.527
40500,0.187,0.293,0.520
40600,0.175,0.294,0.531
40700,0.182,0.291,0.527
40800,0.180,0.296,0.524
40900,0.187,0.291,0.522
41000,0.191,0.291,0.518
41100,0.184,0.286,0.530
41200,0.178,0.285,0.537
41300,0.180,0.291,0.529
41400,0.180,0.288,0.532
41500,0.181,0.292,0.527
41600,0.188,0.287,0.525
41700,0.192,0.283,0.525
41800,0.186,0.283,0.531
41900,0.179,0.291,0.530
42000,0.183,0.281,0.536
42100,0.181,0.287,0.532
42200,0.181,0.286,0.533
42300,0.177,0.286,0.537
42400,0.175,0.294,0.531
42500,0.182,0.293,0.525
42600,0.183,0.307,0.510
42700,0.177,0.309,0.514
42800,0.175,0.300,0.525
42900,0.168,0.304,0.528
43000,0.162,0.309,0.528
43100,0.170,0.306,0.524
43200,0.182,0.296,0.522
43300,0.182,0.292,0.526
43400,0.183,0.291,0.526
43500,0.187,0.301,0.512
43600,0.188,0.295,0.517
43700,0.201,0.295,0.504
43800,0.201,0.294,0.505
43900,0.202,0.302,0.495
44000,0.197,0.298,0.505
44100,0.201,0.286,0.513
44200,0.189,0.289,0.522
44300,0.168,0.289,0.543
44400,0.156,0.294,0.550
44500,0.161,0.289,0.550
44600,0.157,0.287,0.556
44700,0.163,0.290,0.546
44800,0.153,0.288,0.559
44900,0.150,0.293,0.557
45000,0.142,0.295,0.563
45100,0.151,0.290,0.559
45200,0.151,0.289,0.560
45300,0.156,0.298,0.545
45400,0.158,0.304,0.537
45500,0.153,0.292,0.555
45600,0.152,0.301,0.546
45700,0.145,0.298,0.557
45800,0.138,0.301,0.561
45900,0.133,0.306,0.561
46000,0.139,0.315,0.546
46100,0.136,0.307,0.557
46200,0.140,0.301,0.559
46300,0.142,0.297,0.561
46400,0.153,0.289,0.558
46500,0.154,0.286,0.560
46600,0.148,0.275,0.577
46700,0.146,0.279,0.575
46800,0.153,0.280,0.567
46900,0.147,0.302,0.551
47000,0.155,0.298,0.546
47100,0.165,0.309,0.525
47200,0.163,0.303,0.533
47300,0.165,0.300,0.534
47400,0.166,0.304,0.529
47500,0.174,0.303,0.523
47600,0.184,0.298,0.518
47700,0.184,0.300,0.516
47800,0.175,0.296,0.529
47900,0.170,0.299,0.531
48000,0.176,0.296,0.528
48100,0.171,0.301,0.528
48200,0.174,0.307,0.519
48300,0.170,0.300,0.530
48400,0.161,0.297,0.541
48500,0.165,0.303,0.531
48600,0.164,0.305,0.530
48700,0.155,0.300,0.544
48800,0.165,0.299,0.535
48900,0.159,0.298,0.542
49000,0.158,0.297,0.544
49100,0.156,0.294,0.550
49200,0.158,0.303,0.538
49300,0.157,0.303,0.539
49400,0.156,0.304,0.539
49500,0.160,0.307,0.532
49600,0.158,0.305,0.536
49700,0.158,0.312,0.530
49800,0.157,0.306,0.536
49900,0.156,0.306,0.537
50000,0.164,0.309,0.526
50100,0.160,0.289,0.551
50200,0.170,0.281,0.550
50300,0.164,0.281,0.555
50400,0.166,0.282,0.552
50500,0.173,0.282,0.545
50600,0.180,0.278,0.542
50700,0.179,0.292,0.529
50800,0.175,0.292,0.533
50900,0.178,0.290,0.532
51000,0.178,0.290,0.532
51100,0.174,0.291,0.535
51200,0.180,0.289,0.531
51300,0.173,0.286,0.541
51400,0.177,0.281,0.542
51500,0.172,0.276,0.553
51600,0.168,0.277,0.556
51700,0.161,0.281,0.558
51800,0.160,0.280,0.560
51900,0.170,0.270,0.561
52000,0.173,0.274,0.554
52100,0.175,0.285,0.540
52200,0.163,0.284,0.553
52300,0.170,0.294,0.536
52400,0.165,0.290,0.544
52500,0.166,0.286,0.547
52600,0.174,0.293,0.533
52700,0.169,0.289,0.542
52800,0.175,0.287,0.538
52900,0.172,0.285,0.543
53000,0.174,0.286,0.540
53100,0.175,0.283,0.542
53200,0.176,0.286,0.538
53300,0.169,0.291,0.540
53400,0.166,0.290,0.543
53500,0.159,0.297,0.543
53600,0.163,0.299,0.537
53700,0.163,0.302,0.534
53800,0.158,0.293,0.549
53900,0.157,0.295,0.547
54000,0.158,0.306,0.535
54100,0.150,0.285,0.565
54200,0.135,0.285,0.580
54300,0.140,0.298,0.562
54400,0.145,0.297,0.558
54500,0.147,0.292,0.561
54600,0.144,0.293,0.563
54700,0.175,0.295,0.530
54800,0.181,0.292,0.527
54900,0.178,0.285,0.537
55000,0.166,0.286,0.547
55100,0.173,0.288,0.539
55200,0.185,0.285,0.530
55300,0.200,0.291,0.509
55400,0.198,0.287,0.515
55500,0.194,0.284,0.522
55600,0.197,0.280,0.523
55700,0.201,0.277,0.522
55800,0.190,0.283,0.527
55900,0.190,0.283,0.527
56000,0.193,0.278,0.529
56100,0.182,0.269,0.550
56200,0.168,0.266,0.567
56300,0.174,0.264,0.563
56400,0.174,0.272,0.555
56500,0.166,0.268,0.566
56600,0.165,0.261,0.573
56700,0.170,0.259,0.571
56800,0.168,0.250,0.582
56900,0.191,0.253,0.556
57000,0.192,0.266,0.542
57100,0.194,0.265,0.541
57200,0.198,0.264,0.538
57300,0.206,0.267,0.527
57400,0.219,0.265,0.517
57500,0.218,0.263,0.520
57600,0.212,0.260,0.527
57700,0.198,0.258,0.543
57800,0.193,0.256,0.551
57900,0.207,0.256,0.536
58000,0.207,0.266,0.527
58100,0.205,0.266,0.529
58200,0.201,0.265,0.534
58300,0.203,0.260,0.536
58400,0.207,0.254,0.538
58500,0.209,0.258,0.532
58600,0.204,0.252,0.543
58700,0.202,0.247,0.551
58800,0.199,0.253,0.547
58900,0.197,0.255,0.547
59000,0.193,0.257,0.550
59100,0.196,0.258,0.545
59200,0.193,0.264,0.543
59300,0.189,0.252,0.559
59400,0.196,0.263,0.541
59500,0.199,0.264,0.537
59600,0.211,0.264,0.525
59700,0.206,0.265,0.529
59800,0.202,0.258,0.539
59900,0.203,0.251,0.545
60000,0.202,0.244,0.554
60100,0.203,0.242,0.555
60200,0.208,0.239,0.553
60300,0.202,0.244,0.554
60400,0.197,0.251,0.552
60500,0.178,0.249,0.573
60600,0.179,0.236,0.585
60700,0.179,0.235,0.586
60800,0.182,0.237,0.581
60900,0.185,0.246,0.569
61000,0.186,0.250,0.564
61100,0.191,0.254,0.555
61200,0.200,0.249,0.551
61300,0.202,0.248,0.550
61400,0.204,0.256,0.539
61500,0.202,0.255,0.542
61600,0.192,0.254,0.554
61700,0.187,0.258,0.555
61800,0.190,0.266,0.544
61900,0.186,0.263,0.552
62000,0.185,0.265,0.551
62100,0.182,0.260,0.558
62200,0.190,0.255,0.555
62300,0.187,0.258,0.555
62400,0.181,0.265,0.555
62500,0.179,0.264,0.558
62600,0.190,0.261,0.549
62700,0.192,0.253,0.555
62800,0.192,0.255,0.553
62900,0.188,0.253,0.559
63000,0.189,0.257,0.554
63100,0.184,0.255,0.561
63200,0.179,0.253,0.568
63300,0.175,0.249,0.576
63400,0.182,0.249,0.569
63500,0.171,0.250,0.579
63600,0.183,0.251,0.566
63700,0.190,0.248,0.562
63800,0.202,0.247,0.551
63900,0.205,0.249,0.545
64000,0.203,0.249,0.547
64100,0.205,0.243,0.552
64200,0.207,0.245,0.547
64300,0.200,0.242,0.558
64400,0.204,0.251,0.544
64500,0.202,0.251,0.546
64600,0.198,0.250,0.552
64700,0.210,0.254,0.535
64800,0.206,0.259,0.534
64900,0.204,0.253,0.542
65000,0.207,0.253,0.539
65100,0.196,0.254,0.550
65200,0.193,0.263,0.544
65300,0.196,0.269,0.535
65400,0.198,0.264,0.538
65500,0.208,0.260,0.531
65600,0.212,0.261,0.526
65700,0.221,0.260,0.519
65800,0.223,0.254,0.523
65900,0.226,0.256,0.518
66000,0.219,0.252,0.529
66100,0.222,0.253,0.525
66200,0.228,0.257,0.515
66300,0.233,0.259,0.508
66400,0.225,0.254,0.521
66500,0.230,0.252,0.518
66600,0.225,0.255,0.520
66700,0.216,0.239,0.545
66800,0.201,0.251,0.547
66900,0.199,0.246,0.555
67000,0.193,0.245,0.562
67100,0.197,0.244,0.559
67200,0.203,0.248,0.549
67300,0.210,0.242,0.547
67400,0.218,0.251,0.531
67500,0.205,0.241,0.554
67600,0.211,0.239,0.550
67700,0.223,0.239,0.538
67800,0.218,0.241,0.541
67900,0.226,0.238,0.536
68000,0.222,0.235,0.543
68100,0.217,0.227,0.557
68200,0.213,0.227,0.560
68300,0.202,0.231,0.567
68400,0.196,0.234,0.570
68500,0.193,0.239,0.568
68600,0.190,0.233,0.577
68700,0.191,0.237,0.572
68800,0.187,0.248,0.565
68900,0.191,0.267,0.542
69000,0.187,0.270,0.543
69100,0.186,0.277,0.537
69200,0.178,0.281,0.541
69300,0.182,0.273,0.545
69400,0.186,0.269,0.545
69500,0.188,0.263,0.550
69600,0.188,0.268,0.544
69700,0.190,0.265,0.545
69800,0.187,0.273,0.540
69900,0.186,0.275,0.539
70000,0.184,0.267,0.550
70100,0.184,0.267,0.550
70200,0.178,0.268,0.555
70300,0.179,0.275,0.546
70400,0.173,0.269,0.559
70500,0.181,0.273,0.546
70600,0.174,0.281,0.545
70700,0.174,0.264,0.563
70800,0.174,0.265,0.562
70900,0.174,0.264,0.563
71000,0.161,0.257,0.581
71100,0.164,0.248,0.587
71200,0.171,0.247,0.582
71300,0.177,0.257,0.566
71400,0.179,0.253,0.568
71500,0.175,0.253,0.572
71600,0.175,0.256,0.569
71700,0.180,0.257,0.563
71800,0.181,0.251,0.568
71900,0.173,0.245,0.582
72000,0.180,0.244,0.576
72100,0.179,0.242,0.579
72200,0.183,0.234,0.583
72300,0.192,0.232,0.576
72400,0.188,0.235,0.577
72500,0.195,0.240,0.565
72600,0.193,0.234,0.573
72700,0.189,0.224,0.587
72800,0.212,0.227,0.561
72900,0.220,0.238,0.542
73000,0.213,0.228,0.559
73100,0.206,0.229,0.565
73200,0.209,0.241,0.550
73300,0.227,0.238,0.535
73400,0.210,0.227,0.563
73500,0.223,0.225,0.553
73600,0.222,0.236,0.542
73700,0.218,0.239,0.543
73800,0.223,0.239,0.538
73900,0.225,0.242,0.533
74000,0.234,0.228,0.538
74100,0.238,0.229,0.533
74200,0.228,0.236,0.536
74300,0.213,0.234,0.553
74400,0.211,0.231,0.558
74500,0.218,0.226,0.557
74600,0.227,0.229,0.544
74700,0.209,0.226,0.565
74800,0.215,0.230,0.556
74900,0.215,0.227,0.559
75000,0.201,0.227,0.572
75100,0.194,0.232,0.574
75200,0.194,0.225,0.581
75300,0.189,0.227,0.584
75400,0.196,0.230,0.574
75500,0.195,0.224,0.581
75600,0.197,0.230,0.573
75700,0.207,0.230,0.563
75800,0.201,0.228,0.571
75900,0.210,0.227,0.563
76000,0.201,0.238,0.561
76100,0.220,0.242,0.538
76200,0.217,0.234,0.550
76300,0.213,0.234,0.553
76400,0.199,0.231,0.570
76500,0.197,0.233,0.570
76600,0.203,0.228,0.569
76700,0.197,0.230,0.573
76800,0.199,0.230,0.571
76900,0.199,0.231,0.570
77000,0.197,0.239,0.564
77100,0.191,0.246,0.563
77200,0.190,0.251,0.559
77300,0.186,0.253,0.561
77400,0.191,0.244,0.565
77500,0.190,0.255,0.555
77600,0.190,0.254,0.556
77700,0.185,0.245,0.570
77800,0.183,0.240,0.577
77900,0.188,0.239,0.573
78000,0.194,0.245,0.561
78100,0.194,0.246,0.560
78200,0.194,0.250,0.556
78300,0.191,0.251,0.558
78400,0.199,0.241,0.560
78500,0.206,0.233,0.561
78600,0.215,0.228,0.558
78700,0.207,0.231,0.562
78800,0.190,0.229,0.581
78900,0.183,0.229,0.588
79000,0.187,0.234,0.579
79100,0.187,0.232,0.581
79200,0.192,0.229,0.579
79300,0.196,0.232,0.572
79400,0.204,0.223,0.573
79500,0.192,0.224,0.584
79600,0.191,0.219,0.590
79700,0.191,0.225,0.584
79800,0.186,0.222,0.592
79900,0.188,0.211,0.601
80000,0.186,0.204,0.610
80100,0.195,0.207,0.598
80200,0.201,0.205,0.593
80300,0.193,0.217,0.590
80400,0.191,0.221,0.588
80500,0.197,0.215,0.588
80600,0.199,0.222,0.579
80700,0.201,0.224,0.575
80800,0.193,0.232,0.575
80900,0.202,0.227,0.571
81000,0.203,0.225,0.572
81100,0.199,0.225,0.576
81200,0.198,0.226,0.576
81300,0.193,0.226,0.581
81400,0.196,0.225,0.579
81500,0.192,0.227,0.581
81600,0.190,0.222,0.588
81700,0.193,0.231,0.576
81800,0.186,0.237,0.577
81900,0.189,0.236,0.575
82000,0.205,0.225,0.570
82100,0.205,0.227,0.568
82200,0.208,0.223,0.569
82300,0.216,0.221,0.564
82400,0.215,0.225,0.561
82500,0.221,0.230,0.550
82600,0.217,0.233,0.551
82700,0.208,0.233,0.559
82800,0.201,0.230,0.569
82900,0.202,0.236,0.562
83000,0.190,0.239,0.571
83100,0.180,0.233,0.587
83200,0.184,0.243,0.573
83300,0.182,0.240,0.578
83400,0.185,0.234,0.581
83500,0.184,0.229,0.587
83600,0.185,0.229,0.586
83700,0.177,0.235,0.588
83800,0.183,0.238,0.579
83900,0.176,0.232,0.592
84000,0.181,0.234,0.585
84100,0.179,0.238,0.583
84200,0.179,0.240,0.581
84300,0.177,0.242,0.581
84400,0.175,0.249,0.576
84500,0.182,0.238,0.580
84600,0.171,0.233,0.597
84700,0.169,0.227,0.605
84800,0.166,0.234,0.600
84900,0.170,0.236,0.594
85000,0.178,0.234,0.588
85100,0.179,0.239,0.582
85200,0.178,0.247,0.575
85300,0.172,0.246,0.582
85400,0.178,0.247,0.575
85500,0.175,0.249,0.576
85600,0.171,0.252,0.577
85700,0.168,0.249,0.583
85800,0.178,0.254,0.568
85900,0.178,0.258,0.564
86000,0.174,0.259,0.567
86100,0.161,0.263,0.576
86200,0.164,0.259,0.576
86300,0.164,0.253,0.582
86400,0.159,0.255,0.585
86500,0.164,0.263,0.573
86600,0.171,0.254,0.575
86700,0.172,0.260,0.568
86800,0.166,0.266,0.568
86900,0.184,0.275,0.541
87000,0.179,0.280,0.541
87100,0.178,0.269,0.554
87200,0.177,0.266,0.558
87300,0.181,0.268,0.552
87400,0.185,0.254,0.561
87500,0.190,0.260,0.550
87600,0.189,0.267,0.544
87700,0.187,0.266,0.547
87800,0.176,0.264,0.561
87900,0.178,0.264,0.559
88000,0.184,0.260,0.556
88100,0.179,0.261,0.560
88200,0.184,0.254,0.562
88300,0.192,0.249,0.559
88400,0.198,0.247,0.555
88500,0.195,0.248,0.557
88600,0.195,0.248,0.557
88700,0.185,0.250,0.565
88800,0.187,0.253,0.560
88900,0.186,0.251,0.563
89000,0.186,0.250,0.564
89100,0.180,0.245,0.575
89200,0.187,0.241,0.572
89300,0.187,0.245,0.568
89400,0.185,0.239,0.576
89500,0.185,0.237,0.578
89600,0.180,0.238,0.582
89700,0.178,0.238,0.584
89800,0.178,0.240,0.582
89900,0.174,0.242,0.584
90000,0.173,0.231,0.597
90100,0.176,0.234,0.590
90200,0.182,0.233,0.585
90300,0.175,0.243,0.582
90400,0.173,0.235,0.592
90500,0.177,0.235,0.588
90600,0.169,0.233,0.599
90700,0.164,0.231,0.605
90800,0.171,0.240,0.589
90900,0.163,0.233,0.604
91000,0.170,0.231,0.600
91100,0.177,0.234,0.589
91200,0.171,0.239,0.590
91300,0.174,0.234,0.592
91400,0.175,0.238,0.587
91500,0.188,0.236,0.576
91600,0.190,0.236,0.574
91700,0.196,0.237,0.567
91800,0.189,0.248,0.563
91900,0.199,0.251,0.550
92000,0.203,0.251,0.545
92100,0.203,0.247,0.550
92200,0.201,0.253,0.545
92300,0.204,0.248,0.547
92400,0.194,0.256,0.550
92500,0.194,0.257,0.549
92600,0.193,0.249,0.558
92700,0.189,0.246,0.565
92800,0.194,0.243,0.563
92900,0.208,0.244,0.547
93000,0.211,0.246,0.542
93100,0.209,0.243,0.547
93200,0.204,0.241,0.555
93300,0.209,0.244,0.546
93400,0.200,0.234,0.566
93500,0.197,0.231,0.572
93600,0.221,0.230,0.550
93700,0.217,0.229,0.555
93800,0.227,0.225,0.549
93900,0.219,0.228,0.554
94000,0.226,0.225,0.550
94100,0.244,0.220,0.536
94200,0.236,0.224,0.540
94300,0.237,0.227,0.536
94400,0.230,0.228,0.542
94500,0.241,0.233,0.526
94600,0.247,0.237,0.516
94700,0.249,0.238,0.513
94800,0.247,0.233,0.520
94900,0.246,0.234,0.520
95000,0.235,0.240,0.525
95100,0.232,0.236,0.532
95200,0.222,0.239,0.539
95300,0.231,0.250,0.519
95400,0.229,0.248,0.523
95500,0.217,0.248,0.535
95600,0.218,0.249,0.533
95700,0.220,0.250,0.530
95800,0.211,0.242,0.546
95900,0.204,0.240,0.556
96000,0.199,0.235,0.566
96100,0.201,0.237,0.562
96200,0.199,0.233,0.568
96300,0.202,0.236,0.562
96400,0.209,0.243,0.547
96500,0.199,0.243,0.558
96600,0.183,0.236,0.581
96700,0.183,0.226,0.591
96800,0.185,0.230,0.585
96900,0.179,0.231,0.590
97000,0.184,0.222,0.594
97100,0.189,0.222,0.589
97200,0.195,0.221,0.584
97300,0.196,0.225,0.579
97400,0.213,0.220,0.567
97500,0.221,0.219,0.561
97600,0.211,0.217,0.572
97700,0.210,0.215,0.575
97800,0.207,0.221,0.572
97900,0.205,0.216,0.579
98000,0.207,0.211,0.581
98100,0.203,0.213,0.583
98200,0.186,0.209,0.605
98300,0.176,0.204,0.620
98400,0.174,0.211,0.615
98500,0.185,0.212,0.603
98600,0.181,0.213,0.606
98700,0.183,0.222,0.596
98800,0.178,0.230,0.592
98900,0.157,0.231,0.612
99000,0.173,0.240,0.587
99100,0.174,0.243,0.583
99200,0.172,0.237,0.591
99300,0.180,0.236,0.584
99400,0.179,0.230,0.591
99500,0.186,0.238,0.576
99600,0.188,0.235,0.577
99700,0.192,0.234,0.574
99800,0.196,0.231,0.573
99900,0.197,0.229,0.574
100000,0.192,0.222,0.586
100100,0.194,0.224,0.582
100200,0.196,0.230,0.574
100300,0.195,0.236,0.569
100400,0.189,0.227,0.584
100500,0.193,0.226,0.581
100600,0.200,0.228,0.572
100700,0.192,0.235,0.573
100800,0.193,0.223,0.584
100900,0.187,0.225,0.588
101000,0.188,0.219,0.593
101100,0.188,0.210,0.602
101200,0.188,0.211,0.601
101300,0.189,0.217,0.594
101400,0.192,0.212,0.596
101500,0.196,0.218,0.586
101600,0.206,0.223,0.571
101700,0.212,0.227,0.561
101800,0.204,0.231,0.565
101900,0.208,0.231,0.561
102000,0.205,0.219,0.576
102100,0.200,0.221,0.579
102200,0.202,0.215,0.583
102300,0.204,0.223,0.573
102400,0.210,0.219,0.571
102500,0.212,0.216,0.572
102600,0.207,0.217,0.576
102700,0.197,0.216,0.587
102800,0.193,0.219,0.588
102900,0.194,0.226,0.580
103000,0.199,0.229,0.572
103100,0.196,0.230,0.574
103200,0.192,0.228,0.580
103300,0.194,0.223,0.583
103400,0.193,0.226,0.581
103500,0.187,0.237,0.576
103600,0.189,0.236,0.575
103700,0.192,0.242,0.566
103800,0.191,0.241,0.568
103900,0.184,0.249,0.567
104000,0.180,0.241,0.579
104100,0.174,0.246,0.580
104200,0.175,0.248,0.577
104300,0.176,0.247,0.577
104400,0.176,0.255,0.569
104500,0.179,0.247,0.574
104600,0.179,0.244,0.577
104700,0.166,0.243,0.590
104800,0.170,0.236,0.594
104900,0.175,0.239,0.586
105000,0.168,0.250,0.582
105100,0.163,0.248,0.588
105200,0.161,0.251,0.587
105300,0.165,0.246,0.588
105400,0.161,0.244,0.594
105500,0.158,0.244,0.598
105600,0.158,0.247,0.594
105700,0.163,0.244,0.592
105800,0.174,0.250,0.576
105900,0.180,0.246,0.574
106000,0.195,0.242,0.563
106100,0.196,0.232,0.572
106200,0.201,0.231,0.568
106300,0.197,0.233,0.570
106400,0.200,0.226,0.574
106500,0.210,0.226,0.564
106600,0.216,0.223,0.562
106700,0.205,0.225,0.570
106800,0.197,0.228,0.575
106900,0.203,0.226,0.571
107000,0.208,0.217,0.575
107100,0.210,0.222,0.568
107200,0.208,0.226,0.566
107300,0.197,0.226,0.577
107400,0.198,0.221,0.581
107500,0.189,0.228,0.583
107600,0.187,0.230,0.583
107700,0.185,0.224,0.591
107800,0.194,0.222,0.584
107900,0.194,0.219,0.587
108000,0.190,0.219,0.591
108100,0.183,0.215,0.603
108200,0.183,0.216,0.602
108300,0.190,0.225,0.585
108400,0.193,0.227,0.580
108500,0.197,0.229,0.574
108600,0.196,0.231,0.573
108700,0.186,0.231,0.583
108800,0.184,0.228,0.588
108900,0.180,0.229,0.591
109000,0.182,0.234,0.584
109100,0.186,0.238,0.576
109200,0.187,0.247,0.566
109300,0.196,0.246,0.558
109400,0.186,0.248,0.566
109500,0.189,0.251,0.560
109600,0.182,0.243,0.575
109700,0.188,0.243,0.569
109800,0.188,0.242,0.570
109900,0.193,0.238,0.569
110000,0.194,0.239,0.567
110100,0.187,0.239,0.574
110200,0.184,0.242,0.574
110300,0.189,0.238,0.573
110400,0.172,0.236,0.592
110500,0.173,0.242,0.585
110600,0.162,0.230,0.608
110700,0.169,0.233,0.599
110800,0.165,0.232,0.603
110900,0.171,0.235,0.594
111000,0.171,0.232,0.598
111100,0.174,0.235,0.591
111200,0.177,0.224,0.600
111300,0.176,0.230,0.594
111400,0.171,0.226,0.604
111500,0.170,0.220,0.611
111600,0.177,0.220,0.604
111700,0.176,0.223,0.602
111800,0.184,0.217,0.600
111900,0.173,0.224,0.604
112000,0.166,0.225,0.609
112100,0.162,0.212,0.625
112200,0.163,0.210,0.626
112300,0.160,0.212,0.627
112400,0.174,0.217,0.610
112500,0.181,0.207,0.612
112600,0.177,0.207,0.616
112700,0.179,0.210,0.611
112800,0.182,0.206,0.612
112900,0.175,0.205,0.620
113000,0.175,0.205,0.620
113100,0.180,0.207,0.613
113200,0.177,0.219,0.605
113300,0.168,0.221,0.612
113400,0.170,0.215,0.616
113500,0.178,0.223,0.600
113600,0.173,0.218,0.610
113700,0.174,0.221,0.606
113800,0.170,0.224,0.607
113900,0.179,0.226,0.596
114000,0.172,0.234,0.594
114100,0.180,0.233,0.587
114200,0.173,0.228,0.600
114300,0.174,0.224,0.603
114400,0.166,0.230,0.604
114500,0.162,0.229,0.609
114600,0.161,0.234,0.605
114700,0.156,0.242,0.602
114800,0.158,0.247,0.594
114900,0.147,0.243,0.610
115000,0.150,0.242,0.608
115100,0.166,0.232,0.602
115200,0.161,0.237,0.602
115300,0.169,0.233,0.599
115400,0.152,0.227,0.621
115500,0.160,0.224,0.616
115600,0.164,0.226,0.610
115700,0.169,0.221,0.611
115800,0.163,0.226,0.611
115900,0.162,0.221,0.617
116000,0.161,0.222,0.617
116100,0.147,0.236,0.617
116200,0.157,0.225,0.618
116300,0.163,0.219,0.618
116400,0.175,0.221,0.605
116500,0.204,0.225,0.571
116600,0.206,0.226,0.568
116700,0.197,0.236,0.567
116800,0.205,0.235,0.560
116900,0.203,0.228,0.569
117000,0.210,0.228,0.562
117100,0.204,0.217,0.579
117200,0.212,0.211,0.576
117300,0.209,0.210,0.580
117400,0.202,0.210,0.587
117500,0.202,0.215,0.583
117600,0.201,0.210,0.588
117700,0.196,0.209,0.594
117800,0.198,0.212,0.589
117900,0.194,0.212,0.593
118000,0.198,0.208,0.593
118100,0.192,0.220,0.588
118200,0.185,0.221,0.594
118300,0.188,0.222,0.590
118400,0.182,0.215,0.604
118500,0.189,0.205,0.606
118600,0.190,0.201,0.609
118700,0.192,0.203,0.605
118800,0.181,0.200,0.619
118900,0.173,0.201,0.626
119000,0.173,0.203,0.624
119100,0.170,0.208,0.622
119200,0.173,0.206,0.621
119300,0.174,0.212,0.614
119400,0.171,0.213,0.616
119500,0.173,0.213,0.614
119600,0.171,0.223,0.607
119700,0.165,0.218,0.617
119800,0.165,0.228,0.607
119900,0.172,0.228,0.601
120000,0.176,0.225,0.600
120100,0.173,0.218,0.610
120200,0.162,0.209,0.628
120300,0.170,0.212,0.618
120400,0.184,0.209,0.607
120500,0.186,0.208,0.606
120600,0.182,0.205,0.613
120700,0.187,0.207,0.606
120800,0.190,0.201,0.609
120900,0.190,0.205,0.605
121000,0.188,0.200,0.612
121100,0.192,0.200,0.608
121200,0.195,0.196,0.609
121300,0.205,0.186,0.609
121400,0.213,0.191,0.596
121500,0.222,0.186,0.592
121600,0.209,0.190,0.601
121700,0.202,0.189,0.609
121800,0.202,0.194,0.604
121900,0.195,0.193,0.612
122000,0.212,0.204,0.583
122100,0.211,0.197,0.591
122200,0.201,0.200,0.599
122300,0.204,0.203,0.592
122400,0.213,0.205,0.581
122500,0.220,0.200,0.580
122600,0.224,0.190,0.586
122700,0.216,0.188,0.597
122800,0.218,0.188,0.594
122900,0.223,0.189,0.588
123000,0.218,0.187,0.596
123100,0.223,0.186,0.591
123200,0.231,0.180,0.589
123300,0.227,0.177,0.597
123400,0.212,0.181,0.607
123500,0.211,0.184,0.605
123600,0.212,0.185,0.603
123700,0.199,0.193,0.608
123800,0.193,0.206,0.601
123900,0.190,0.205,0.605
124000,0.188,0.202,0.610
124100,0.188,0.195,0.617
124200,0.189,0.193,0.618
124300,0.186,0.195,0.619
124400,0.186,0.197,0.617
124500,0.184,0.197,0.619
124600,0.189,0.213,0.598
124700,0.189,0.209,0.602
124800,0.197,0.206,0.597
124900,0.189,0.202,0.609
125000,0.195,0.198,0.607
125100,0.208,0.197,0.594
125200,0.202,0.209,0.588
125300,0.197,0.207,0.596
125400,0.196,0.204,0.600
125500,0.202,0.207,0.590
125600,0.201,0.207,0.591
125700,0.207,0.207,0.585
125800,0.204,0.213,0.582
125900,0.198,0.211,0.590
126000,0.190,0.206,0.604
126100,0.198,0.205,0.597
126200,0.203,0.202,0.594
126300,0.210,0.206,0.583
126400,0.199,0.208,0.592
126500,0.203,0.209,0.587
126600,0.206,0.205,0.588
126700,0.203,0.210,0.586
126800,0.205,0.211,0.583
126900,0.197,0.207,0.596
127000,0.193,0.207,0.600
127100,0.194,0.208,0.598
127200,0.199,0.206,0.594
127300,0.205,0.202,0.592
127400,0.190,0.203,0.607
127500,0.201,0.205,0.593
127600,0.207,0.201,0.591
127700,0.219,0.200,0.581
127800,0.202,0.197,0.601
127900,0.199,0.193,0.608
128000,0.195,0.198,0.607
128100,0.192,0.201,0.607
128200,0.197,0.198,0.605
128300,0.184,0.200,0.616
128400,0.199,0.197,0.604
128500,0.196,0.193,0.611
128600,0.199,0.190,0.611
128700,0.198,0.185,0.617
128800,0.198,0.189,0.613
128900,0.192,0.190,0.618
129000,0.187,0.191,0.622
129100,0.199,0.192,0.609
129200,0.200,0.191,0.609
129300,0.193,0.194,0.613
129400,0.196,0.197,0.607
129500,0.183,0.201,0.616
129600,0.180,0.201,0.619
129700,0.177,0.204,0.619
129800,0.176,0.206,0.618
129900,0.173,0.209,0.618
130000,0.174,0.208,0.618
130100,0.179,0.215,0.607
130200,0.183,0.215,0.603
130300,0.174,0.220,0.607
130400,0.183,0.218,0.600
130500,0.178,0.210,0.612
130600,0.184,0.215,0.602
130700,0.183,0.212,0.605
130800,0.189,0.208,0.603
130900,0.200,0.201,0.599
131000,0.197,0.212,0.590
131100,0.196,0.210,0.593
131200,0.201,0.208,0.590
131300,0.207,0.201,0.591
131400,0.218,0.203,0.579
131500,0.204,0.206,0.589
131600,0.198,0.202,0.600
131700,0.199,0.201,0.600
131800,0.198,0.204,0.598
131900,0.197,0.211,0.591
132000,0.194,0.206,0.600
132100,0.180,0.205,0.615
132200,0.186,0.206,0.608
132300,0.189,0.206,0.605
132400,0.183,0.218,0.600
132500,0.179,0.213,0.608
132600,0.179,0.216,0.606
132700,0.180,0.212,0.608
132800,0.186,0.212,0.602
132900,0.177,0.206,0.617
133000,0.168,0.215,0.618
133100,0.175,0.220,0.606
133200,0.186,0.197,0.617
133300,0.189,0.199,0.612
133400,0.189,0.203,0.608
133500,0.185,0.208,0.607
133600,0.177,0.216,0.608
133700,0.173,0.200,0.627
133800,0.177,0.198,0.625
133900,0.179,0.207,0.614
134000,0.170,0.206,0.624
134100,0.171,0.207,0.622
134200,0.174,0.208,0.618
134300,0.174,0.215,0.612
134400,0.170,0.210,0.620
134500,0.180,0.206,0.614
134600,0.189,0.200,0.611
134700,0.190,0.198,0.612
134800,0.195,0.202,0.603
134900,0.191,0.215,0.594
135000,0.198,0.228,0.574
135100,0.193,0.236,0.571
135200,0.192,0.233,0.575
135300,0.202,0.232,0.566
135400,0.198,0.226,0.576
135500,0.209,0.234,0.557
135600,0.215,0.227,0.559
135700,0.218,0.227,0.556
135800,0.217,0.231,0.553
135900,0.221,0.223,0.557
136000,0.224,0.215,0.562
136100,0.218,0.217,0.566
136200,0.217,0.220,0.564
136300,0.219,0.223,0.559
136400,0.213,0.225,0.562
136500,0.210,0.227,0.563
136600,0.215,0.224,0.562
136700,0.221,0.221,0.559
136800,0.210,0.224,0.566
136900,0.210,0.217,0.573
137000,0.198,0.217,0.585
137100,0.209,0.219,0.572
137200,0.208,0.211,0.580
137300,0.203,0.219,0.578
137400,0.197,0.227,0.576
137500,0.204,0.219,0.577
137600,0.203,0.230,0.567
137700,0.207,0.228,0.565
137800,0.200,0.220,0.580
137900,0.199,0.221,0.580
138000,0.195,0.226,0.579
138100,0.199,0.217,0.584
138200,0.209,0.222,0.569
138300,0.220,0.224,0.557
138400,0.224,0.217,0.560
138500,0.222,0.215,0.564
138600,0.222,0.209,0.569
138700,0.212,0.220,0.568
138800,0.202,0.222,0.576
138900,0.202,0.223,0.575
139000,0.200,0.218,0.582
139100,0.197,0.211,0.591
139200,0.191,0.219,0.590
139300,0.182,0.219,0.600
139400,0.184,0.213,0.603
139500,0.182,0.231,0.587
139600,0.169,0.244,0.587
139700,0.170,0.233,0.598
139800,0.173,0.239,0.588
139900,0.177,0.237,0.586
140000,0.180,0.233,0.587
140100,0.175,0.219,0.607
140200,0.177,0.213,0.610
140300,0.181,0.205,0.614
140400,0.194,0.202,0.604
140500,0.188,0.210,0.602
140600,0.192,0.210,0.598
140700,0.202,0.215,0.583
140800,0.202,0.220,0.578
140900,0.197,0.216,0.587
141000,0.204,0.208,0.587
141100,0.200,0.215,0.585
141200,0.212,0.207,0.580
141300,0.204,0.198,0.598
141400,0.216,0.199,0.585
141500,0.215,0.199,0.586
141600,0.232,0.199,0.569
141700,0.233,0.206,0.561
141800,0.239,0.209,0.552
141900,0.251,0.203,0.545
142000,0.244,0.208,0.547
142100,0.246,0.212,0.541
142200,0.248,0.209,0.542
142300,0.238,0.204,0.558
142400,0.255,0.199,0.545
142500,0.245,0.202,0.553
142600,0.250,0.190,0.560
142700,0.247,0.190,0.563
142800,0.241,0.191,0.568
142900,0.235,0.198,0.567
143000,0.240,0.200,0.560
143100,0.237,0.199,0.564
143200,0.230,0.203,0.567
143300,0.235,0.198,0.567
143400,0.243,0.197,0.560
143500,0.230,0.194,0.576
143600,0.222,0.199,0.579
143700,0.228,0.197,0.575
143800,0.226,0.210,0.564
143900,0.219,0.211,0.570
144000,0.220,0.209,0.571
144100,0.228,0.204,0.568
144200,0.226,0.200,0.574
144300,0.227,0.200,0.573
144400,0.223,0.206,0.571
144500,0.223,0.209,0.568
144600,0.222,0.203,0.575
144700,0.221,0.205,0.574
144800,0.225,0.203,0.572
144900,0.228,0.206,0.566
145000,0.224,0.206,0.570
145100,0.221,0.206,0.573
145200,0.215,0.215,0.571
145300,0.210,0.210,0.579
145400,0.216,0.210,0.574
145500,0.221,0.224,0.556
145600,0.209,0.219,0.572
145700,0.220,0.213,0.567
145800,0.224,0.207,0.569
145900,0.222,0.199,0.579
146000,0.239,0.199,0.562
146100,0.259,0.206,0.534
146200,0.254,0.201,0.544
146300,0.255,0.202,0.542
146400,0.258,0.199,0.542
146500,0.271,0.195,0.534
146600,0.260,0.191,0.549
146700,0.254,0.191,0.555
146800,0.247,0.186,0.567
146900,0.248,0.186,0.566
147000,0.239,0.189,0.572
147100,0.215,0.185,0.601
147200,0.217,0.183,0.601
147300,0.226,0.190,0.584
147400,0.220,0.193,0.587
147500,0.235,0.190,0.575
147600,0.238,0.188,0.574
147700,0.246,0.183,0.571
147800,0.243,0.182,0.575
147900,0.237,0.180,0.583
148000,0.254,0.173,0.573
148100,0.258,0.175,0.567
148200,0.255,0.181,0.564
148300,0.252,0.179,0.569
148400,0.249,0.179,0.572
148500,0.243,0.183,0.574
148600,0.246,0.180,0.574
148700,0.245,0.180,0.575
148800,0.242,0.185,0.573
148900,0.239,0.187,0.574
149000,0.233,0.185,0.582
149100,0.238,0.186,0.576
149200,0.236,0.188,0.576
149300,0.230,0.187,0.583
149400,0.230,0.188,0.582
149500,0.225,0.180,0.596
149600,0.226,0.180,0.594
149700,0.242,0.179,0.579
149800,0.243,0.180,0.577
149900,0.245,0.181,0.574
150000,0.248,0.185,0.567
150100,0.256,0.184,0.560
150200,0.252,0.180,0.568
150300,0.247,0.179,0.574
150400,0.245,0.185,0.570
150500,0.246,0.181,0.573
150600,0.245,0.176,0.579
150700,0.254,0.176,0.570
150800,0.256,0.185,0.559
150900,0.252,0.184,0.564
151000,0.253,0.184,0.563
151100,0.248,0.184,0.568
151200,0.249,0.191,0.560
151300,0.251,0.191,0.558
151400,0.243,0.186,0.571
151500,0.238,0.180,0.582
151600,0.248,0.166,0.585
151700,0.239,0.159,0.602
151800,0.249,0.156,0.594
151900,0.246,0.164,0.589
152000,0.259,0.168,0.573
152100,0.251,0.162,0.586
152200,0.245,0.159,0.596
152300,0.239,0.171,0.590
152400,0.219,0.169,0.613
152500,0.207,0.178,0.615
152600,0.208,0.175,0.617
152700,0.216,0.179,0.606
152800,0.215,0.189,0.597
152900,0.217,0.195,0.588
153000,0.210,0.202,0.587
153100,0.211,0.211,0.577
153200,0.216,0.203,0.581
153300,0.221,0.200,0.579
153400,0.216,0.191,0.593
153500,0.220,0.192,0.588
153600,0.223,0.187,0.590
153700,0.225,0.183,0.592
153800,0.225,0.179,0.597
153900,0.222,0.173,0.606
154000,0.217,0.175,0.609
154100,0.221,0.185,0.594
154200,0.210,0.192,0.598
154300,0.209,0.187,0.604
154400,0.221,0.185,0.594
154500,0.216,0.191,0.593
154600,0.219,0.187,0.594
154700,0.213,0.189,0.598
154800,0.212,0.188,0.600
154900,0.219,0.201,0.580
155000,0.226,0.195,0.579
155100,0.222,0.194,0.584
155200,0.211,0.202,0.586
155300,0.218,0.204,0.578
155400,0.210,0.205,0.584
155500,0.217,0.204,0.579
155600,0.226,0.202,0.572
155700,0.230,0.197,0.573
155800,0.238,0.187,0.575
155900,0.233,0.187,0.580
156000,0.224,0.180,0.597
156100,0.229,0.173,0.599
156200,0.232,0.174,0.594
156300,0.236,0.177,0.587
156400,0.242,0.181,0.577
156500,0.246,0.176,0.578
156600,0.246,0.169,0.585
156700,0.246,0.168,0.586
156800,0.245,0.168,0.587
156900,0.250,0.164,0.585
157000,0.255,0.159,0.585
157100,0.250,0.163,0.586
157200,0.248,0.166,0.585
157300,0.253,0.162,0.584
157400,0.253,0.163,0.583
157500,0.245,0.171,0.584
157600,0.241,0.159,0.600
157700,0.249,0.173,0.578
157800,0.252,0.178,0.570
157900,0.251,0.179,0.570
158000,0.244,0.179,0.577
158100,0.265,0.172,0.564
158200,0.270,0.169,0.562
158300,0.258,0.159,0.582
158400,0.264,0.158,0.578
158500,0.241,0.155,0.604
158600,0.242,0.155,0.603
158700,0.247,0.148,0.605
158800,0.265,0.147,0.588
158900,0.277,0.151,0.572
159000,0.268,0.151,0.581
159100,0.261,0.149,0.589
159200,0.267,0.152,0.581
159300,0.282,0.158,0.560
159400,0.277,0.151,0.572
159500,0.280,0.150,0.570
159600,0.281,0.149,0.570
159700,0.276,0.153,0.571
159800,0.269,0.154,0.577
159900,0.270,0.156,0.574
160000,0.260,0.153,0.586
160100,0.290,0.150,0.560
160200,0.291,0.148,0.561
160300,0.311,0.161,0.528
160400,0.303,0.161,0.535
160500,0.301,0.157,0.541
160600,0.296,0.159,0.544
160700,0.298,0.161,0.540
160800,0.281,0.166,0.553
160900,0.273,0.164,0.563
161000,0.259,0.169,0.572
161100,0.263,0.169,0.569
161200,0.258,0.161,0.580
161300,0.259,0.157,0.583
161400,0.276,0.168,0.557
161500,0.283,0.170,0.547
161600,0.281,0.174,0.545
161700,0.276,0.169,0.556
161800,0.279,0.164,0.557
161900,0.274,0.171,0.556
162000,0.287,0.163,0.550
162100,0.288,0.154,0.558
162200,0.264,0.156,0.580
162300,0.267,0.169,0.565
162400,0.250,0.166,0.583
162500,0.246,0.169,0.585
162600,0.243,0.180,0.577
162700,0.233,0.196,0.571
162800,0.231,0.192,0.577
162900,0.226,0.185,0.589
163000,0.224,0.187,0.589
163100,0.221,0.178,0.602
163200,0.219,0.181,0.601
163300,0.209,0.191,0.600
163400,0.211,0.185,0.604
163500,0.218,0.194,0.588
163600,0.212,0.186,0.602
163700,0.219,0.186,0.596
163800,0.224,0.186,0.590
163900,0.228,0.186,0.586
164000,0.228,0.186,0.586
164100,0.230,0.178,0.592
164200,0.221,0.173,0.607
164300,0.250,0.181,0.569
