time,n_A+p,n_B,n_AB
500,0.080,0.899,0.021
1000,0.081,0.880,0.039
1500,0.081,0.859,0.060
2000,0.083,0.845,0.073
2500,0.083,0.833,0.084
3000,0.086,0.825,0.090
3500,0.089,0.807,0.103
4000,0.091,0.792,0.117
4500,0.092,0.774,0.134
5000,0.092,0.754,0.154
5500,0.092,0.750,0.157
6000,0.091,0.737,0.172
6500,0.098,0.719,0.184
7000,0.102,0.708,0.191
7500,0.105,0.693,0.203
8000,0.109,0.684,0.207
8500,0.106,0.672,0.222
9000,0.112,0.658,0.230
9500,0.112,0.645,0.243
10000,0.113,0.645,0.242
10500,0.111,0.636,0.253
11000,0.113,0.627,0.260
11500,0.123,0.615,0.262
12000,0.124,0.614,0.262
12500,0.125,0.617,0.258
13000,0.128,0.611,0.262
13500,0.133,0.610,0.257
14000,0.130,0.594,0.277
14500,0.129,0.586,0.286
15000,0.131,0.576,0.294
15500,0.138,0.563,0.300
16000,0.141,0.539,0.320
16500,0.145,0.538,0.317
17000,0.147,0.532,0.321
17500,0.153,0.527,0.320
18000,0.155,0.518,0.327
18500,0.162,0.506,0.333
19000,0.170,0.504,0.326
19500,0.171,0.492,0.338
20000,0.170,0.479,0.351
20500,0.173,0.471,0.356
21000,0.181,0.463,0.356
21500,0.177,0.460,0.363
22000,0.184,0.460,0.356
22500,0.187,0.452,0.361
23000,0.195,0.439,0.366
23500,0.193,0.437,0.370
24000,0.202,0.430,0.368
24500,0.213,0.434,0.353
25000,0.218,0.425,0.357
25500,0.210,0.424,0.365
26000,0.214,0.408,0.378
26500,0.222,0.401,0.378
27000,0.229,0.400,0.371
27500,0.229,0.401,0.371
28000,0.234,0.385,0.382
28500,0.233,0.381,0.386
29000,0.233,0.372,0.395
29500,0.234,0.362,0.404
30000,0.231,0.353,0.416
30500,0.237,0.347,0.416
31000,0.247,0.341,0.411
31500,0.253,0.337,0.410
32000,0.266,0.317,0.417
32500,0.268,0.316,0.416
33000,0.277,0.325,0.399
33500,0.283,0.322,0.395
34000,0.287,0.316,0.397
34500,0.281,0.311,0.407
35000,0.292,0.311,0.397
35500,0.294,0.311,0.395
36000,0.297,0.314,0.390
36500,0.299,0.299,0.401
37000,0.305,0.296,0.399
37500,0.314,0.288,0.398
38000,0.321,0.279,0.400
38500,0.320,0.263,0.417
39000,0.326,0.245,0.429
39500,0.322,0.245,0.433
40000,0.326,0.251,0.423
40500,0.323,0.247,0.430
41000,0.323,0.256,0.422
41500,0.328,0.257,0.415
42000,0.332,0.240,0.428
42500,0.330,0.250,0.420
43000,0.336,0.242,0.421
43500,0.337,0.239,0.424
44000,0.346,0.236,0.418
44500,0.361,0.236,0.403
45000,0.365,0.241,0.394
45500,0.366,0.228,0.405
46000,0.372,0.229,0.398
46500,0.375,0.222,0.403
47000,0.383,0.229,0.388
47500,0.381,0.222,0.397
48000,0.376,0.219,0.405
48500,0.369,0.210,0.421
49000,0.376,0.207,0.418
49500,0.389,0.198,0.413
50000,0.398,0.201,0.401
50500,0.399,0.201,0.400
51000,0.409,0.198,0.393
51500,0.411,0.186,0.402
52000,0.419,0.182,0.399
52500,0.436,0.179,0.385
53000,0.449,0.170,0.382
53500,0.444,0.167,0.389
54000,0.449,0.157,0.394
54500,0.469,0.151,0.380
55000,0.475,0.146,0.378
55500,0.482,0.147,0.371
56000,0.480,0.146,0.373
56500,0.492,0.143,0.364
57000,0.503,0.146,0.351
57500,0.519,0.137,0.344
58000,0.518,0.129,0.353
58500,0.526,0.121,0.352
59000,0.513,0.122,0.365
59500,0.515,0.122,0.363
60000,0.519,0.121,0.359
60500,0.517,0.123,0.359
61000,0.522,0.118,0.360
61500,0.521,0.115,0.364
62000,0.532,0.115,0.353
62500,0.543,0.113,0.344
63000,0.550,0.102,0.347
63500,0.556,0.102,0.342
64000,0.569,0.094,0.338
64500,0.571,0.084,0.346
65000,0.579,0.088,0.334
65500,0.588,0.085,0.327
66000,0.597,0.078,0.325
66500,0.598,0.078,0.324
67000,0.613,0.074,0.313
67500,0.617,0.074,0.309
68000,0.621,0.070,0.309
68500,0.626,0.070,0.304
69000,0.631,0.070,0.299
69500,0.626,0.066,0.308
70000,0.631,0.062,0.306
70500,0.634,0.061,0.304
71000,0.640,0.059,0.301
71500,0.645,0.061,0.293
72000,0.647,0.056,0.297
72500,0.654,0.054,0.291
73000,0.652,0.053,0.294
73500,0.650,0.055,0.295
74000,0.654,0.051,0.295
74500,0.664,0.056,0.280
75000,0.671,0.057,0.272
75500,0.676,0.053,0.270
76000,0.676,0.053,0.270
76500,0.682,0.052,0.266
77000,0.686,0.044,0.269
77500,0.696,0.051,0.254
78000,0.704,0.048,0.249
78500,0.704,0.045,0.251
79000,0.712,0.046,0.242
79500,0.715,0.043,0.243
80000,0.716,0.034,0.251
80500,0.721,0.032,0.247
81000,0.733,0.030,0.237
81500,0.733,0.032,0.235
82000,0.736,0.034,0.231
82500,0.740,0.040,0.221
83000,0.742,0.033,0.226
83500,0.737,0.030,0.233
84000,0.743,0.031,0.226
84500,0.746,0.030,0.224
85000,0.751,0.026,0.222
85500,0.752,0.025,0.223
86000,0.750,0.023,0.227
86500,0.754,0.026,0.219
87000,0.757,0.027,0.216
87500,0.757,0.031,0.212
88000,0.765,0.033,0.202
88500,0.768,0.029,0.203
89000,0.771,0.029,0.200
89500,0.766,0.027,0.207
90000,0.764,0.029,0.207
90500,0.763,0.024,0.213
91000,0.762,0.023,0.215
91500,0.768,0.027,0.205
92000,0.773,0.026,0.201
92500,0.773,0.024,0.203
93000,0.783,0.018,0.198
93500,0.783,0.017,0.200
94000,0.790,0.018,0.192
94500,0.793,0.018,0.189
95000,0.793,0.015,0.192
95500,0.794,0.016,0.190
96000,0.797,0.015,0.188
96500,0.803,0.017,0.180
97000,0.808,0.018,0.174
97500,0.806,0.020,0.174
98000,0.803,0.018,0.178
98500,0.807,0.017,0.176
99000,0.820,0.013,0.167
99500,0.820,0.011,0.169
100000,0.828,0.011,0.161
100500,0.829,0.011,0.160
101000,0.838,0.009,0.153
101500,0.844,0.009,0.147
102000,0.846,0.010,0.144
102500,0.852,0.010,0.138
103000,0.856,0.009,0.135
103500,0.863,0.011,0.127
104000,0.870,0.010,0.120
104500,0.869,0.011,0.121
105000,0.867,0.009,0.125
105500,0.863,0.010,0.127
106000,0.866,0.012,0.122
106500,0.868,0.009,0.123
107000,0.878,0.009,0.113
107500,0.880,0.010,0.110
108000,0.883,0.011,0.105
108500,0.889,0.009,0.101
109000,0.896,0.009,0.095
109500,0.894,0.008,0.098
110000,0.894,0.004,0.101
110500,0.902,0.004,0.094
111000,0.907,0.004,0.089
111500,0.909,0.004,0.087
112000,0.912,0.004,0.084
112500,0.916,0.004,0.080
113000,0.919,0.004,0.077
113500,0.922,0.003,0.075
114000,0.921,0.003,0.076
114500,0.918,0.002,0.080
115000,0.913,0.002,0.085
115500,0.918,0.002,0.080
116000,0.923,0.003,0.074
116500,0.921,0.002,0.077
117000,0.925,0.002,0.073
117500,0.926,0.002,0.072
118000,0.921,0.002,0.077
118500,0.920,0.001,0.079
119000,0.923,0.002,0.075
119500,0.923,0.002,0.075
120000,0.924,0.003,0.073
120500,0.927,0.003,0.070
121000,0.927,0.002,0.071
121500,0.929,0.002,0.069
122000,0.929,0.002,0.069
122500,0.935,0.002,0.063
123000,0.935,0.002,0.063
123500,0.938,0.002,0.060
124000,0.942,0.003,0.055
124500,0.942,0.002,0.056
125000,0.946,0.002,0.053
125500,0.949,0.002,0.049
126000,0.952,0.002,0.046
126500,0.950,0.002,0.049
127000,0.952,0.002,0.047
127500,0.951,0.002,0.048
128000,0.954,0.001,0.045
128500,0.956,0.001,0.043
129000,0.957,0.001,0.042
129500,0.958,0.001,0.041
130000,0.955,0.001,0.044
130500,0.959,0.001,0.041
131000,0.961,0.001,0.039
131500,0.960,0.001,0.040
132000,0.957,0.001,0.043
132500,0.959,0.000,0.041
133000,0.959,0.000,0.041
133500,0.960,0.000,0.040
134000,0.956,0.000,0.044
134500,0.958,0.000,0.042
135000,0.959,0.000,0.041
135500,0.960,0.000,0.040
136000,0.956,0.001,0.044
136500,0.955,0.001,0.045
137000,0.954,0.001,0.046
137500,0.947,0.001,0.053
138000,0.947,0.001,0.053
138500,0.954,0.001,0.046
139000,0.958,0.001,0.042
139500,0.960,0.001,0.040
140000,0.963,0.002,0.036
140500,0.965,0.002,0.034
141000,0.966,0.001,0.033
141500,0.966,0.001,0.033
142000,0.967,0.001,0.032
142500,0.972,0.001,0.028
143000,0.972,0.000,0.028
143500,0.971,0.000,0.029
144000,0.969,0.001,0.030
144500,0.969,0.001,0.031
145000,0.970,0.001,0.030
145500,0.970,0.002,0.029
146000,0.970,0.002,0.029
146500,0.972,0.002,0.027
147000,0.972,0.002,0.027
147500,0.975,0.001,0.024
148000,0.975,0.001,0.024
148500,0.972,0.001,0.028
149000,0.971,0.001,0.029
149500,0.970,0.001,0.030
150000,0.971,0.001,0.029
150500,0.974,0.001,0.025
151000,0.977,0.002,0.022
151500,0.979,0.002,0.020
152000,0.979,0.001,0.020
152500,0.982,0.001,0.017
153000,0.981,0.001,0.018
153500,0.982,0.001,0.018
154000,0.981,0.001,0.019
154500,0.981,0.001,0.019
155000,0.979,0.000,0.021
155500,0.978,0.001,0.022
156000,0.980,0.001,0.020
156500,0.982,0.001,0.018
157000,0.984,0.001,0.015
157500,0.984,0.001,0.016
158000,0.984,0.000,0.016
158500,0.987,0.000,0.013
159000,0.987,0.000,0.013
159500,0.987,0.000,0.013
160000,0.987,0.000,0.013
160500,0.988,0.000,0.012
161000,0.987,0.000,0.013
161500,0.988,0.000,0.012
162000,0.989,0.000,0.011
162500,0.989,0.000,0.011
163000,0.987,0.000,0.013
163500,0.987,0.000,0.013
164000,0.989,0.000,0.011
164500,0.989,0.000,0.011
165000,0.990,0.000,0.010
165500,0.988,0.000,0.012
166000,0.988,0.000,0.012
166500,0.987,0.000,0.013
167000,0.986,0.000,0.014
167500,0.986,0.000,0.014
168000,0.986,0.000,0.014
168500,0.986,0.000,0.014
169000,0.985,0.000,0.015
169500,0.982,0.000,0.018
170000,0.980,0.000,0.020
170500,0.977,0.000,0.023
171000,0.981,0.000,0.019
171500,0.981,0.000,0.019
172000,0.982,0.000,0.018
172500,0.981,0.000,0.019
173000,0.985,0.000,0.015
173500,0.987,0.000,0.013
174000,0.986,0.000,0.014
174500,0.989,0.000,0.011
175000,0.989,0.000,0.011
175500,0.990,0.000,0.010
176000,0.991,0.000,0.009
176500,0.990,0.000,0.010
177000,0.991,0.000,0.009
177500,0.990,0.000,0.010
178000,0.990,0.000,0.010
178500,0.989,0.000,0.011
179000,0.990,0.000,0.010
179500,0.990,0.000,0.010
180000,0.991,0.000,0.009
180500,0.993,0.000,0.007
181000,0.994,0.000,0.006
181500,0.993,0.000,0.007
182000,0.993,0.000,0.007
182500,0.994,0.000,0.006
183000,0.993,0.000,0.007
183500,0.993,0.000,0.007
184000,0.993,0.001,0.006
184500,0.993,0.001,0.006
185000,0.993,0.001,0.006
185500,0.993,0.000,0.007
186000,0.993,0.000,0.007
186500,0.993,0.000,0.007
187000,0.993,0.000,0.007
187500,0.994,0.000,0.006
188000,0.995,0.000,0.005
188500,0.996,0.000,0.004
189000,0.996,0.000,0.004
189500,0.995,0.000,0.005
190000,0.994,0.000,0.006
190500,0.995,0.000,0.005
191000,0.995,0.000,0.005
191500,0.996,0.000,0.004
192000,0.994,0.000,0.006
192500,0.993,0.000,0.007
193000,0.993,0.000,0.007
193500,0.991,0.000,0.009
194000,0.991,0.000,0.009
194500,0.992,0.000,0.008
195000,0.992,0.000,0.008
195500,0.992,0.000,0.008
196000,0.992,0.000,0.008
196500,0.991,0.000,0.009
197000,0.994,0.000,0.006
197500,0.995,0.000,0.005
198000,0.995,0.000,0.005
198500,0.995,0.000,0.005
199000,0.996,0.000,0.004
199500,0.995,0.000,0.005
200000,0.995,0.000,0.005
200500,0.995,0.000,0.005
201000,0.995,0.000,0.005
201500,0.996,0.000,0.004
202000,0.997,0.000,0.003
202500,0.997,0.000,0.003
203000,0.998,0.000,0.002
203500,0.998,0.000,0.002
204000,0.998,0.000,0.002
204500,0.998,0.000,0.002
205000,0.998,0.000,0.002
205500,0.999,0.000,0.001
206000,1.000,0.000,0.000
206500,1.000,0.000,0.000
207000,1.000,0.000,0.000
207500,1.000,0.000,0.000
208000,1.000,0.000,0.000
208500,0.999,0.000,0.001
209000,0.999,0.000,0.001
209500,0.999,0.000,0.001
210000,0.999,0.000,0.001
210500,0.999,0.000,0.001
211000,0.999,0.000,0.001
211500,0.999,0.000,0.001
212000,0.999,0.000,0.001
212500,1.000,0.000,0.000
213000,1.000,0.000,0.000
213500,1.000,0.000,0.000
214000,1.000,0.000,0.000
214500,1.000,0.000,0.000
215000,1.000,0.000,0.000
215500,1.000,0.000,0.000
216000,1.000,0.000,0.000
216500,1.000,0.000,0.000
217000,0.999,0.000,0.001
217500,0.999,0.000,0.001
218000,0.999,0.000,0.001
218500,0.999,0.000,0.001
219000,0.999,0.000,0.001
219500,1.000,0.000,0.000
220000,1.000,0.000,0.000
220500,1.000,0.000,0.000
221000,1.000,0.000,0.000
221500,1.000,0.000,0.000
222000,1.000,0.000,0.000
222500,1.000,0.000,0.000
223000,1.000,0.000,0.000
223500,1.000,0.000,0.000
224000,1.000,0.000,0.000
224500,1.000,0.000,0.000
225000,1.000,0.000,0.000
