time,n_A+p,n_B,n_AB
500,0.081,0.899,0.020
1000,0.080,0.886,0.034
1500,0.082,0.871,0.047
2000,0.083,0.863,0.055
2500,0.084,0.854,0.063
3000,0.084,0.836,0.081
3500,0.086,0.830,0.085
4000,0.088,0.816,0.096
4500,0.092,0.805,0.103
5000,0.095,0.796,0.109
5500,0.095,0.786,0.119
6000,0.095,0.789,0.116
6500,0.097,0.781,0.122
7000,0.097,0.770,0.133
7500,0.097,0.761,0.142
8000,0.100,0.750,0.150
8500,0.102,0.746,0.152
9000,0.105,0.744,0.151
9500,0.105,0.745,0.149
10000,0.112,0.747,0.141
10500,0.111,0.736,0.153
11000,0.113,0.726,0.161
11500,0.114,0.719,0.167
12000,0.116,0.718,0.166
12500,0.114,0.705,0.182
13000,0.114,0.700,0.186
13500,0.113,0.695,0.193
14000,0.110,0.693,0.198
14500,0.112,0.691,0.198
15000,0.115,0.684,0.201
15500,0.119,0.685,0.196
16000,0.120,0.686,0.193
16500,0.124,0.679,0.196
17000,0.122,0.681,0.196
17500,0.123,0.678,0.199
18000,0.123,0.682,0.195
18500,0.126,0.672,0.202
19000,0.129,0.671,0.200
19500,0.135,0.664,0.201
20000,0.138,0.658,0.204
20500,0.143,0.658,0.199
21000,0.139,0.650,0.211
21500,0.138,0.646,0.216
22000,0.133,0.639,0.228
22500,0.135,0.648,0.217
23000,0.142,0.642,0.216
23500,0.140,0.639,0.221
24000,0.143,0.631,0.226
24500,0.146,0.627,0.227
25000,0.146,0.629,0.225
25500,0.149,0.633,0.217
26000,0.155,0.625,0.220
26500,0.158,0.615,0.228
27000,0.155,0.611,0.234
27500,0.162,0.604,0.234
28000,0.157,0.603,0.240
28500,0.159,0.609,0.233
29000,0.157,0.605,0.238
29500,0.160,0.618,0.223
30000,0.163,0.609,0.228
30500,0.172,0.592,0.237
31000,0.172,0.581,0.247
31500,0.177,0.582,0.241
32000,0.172,0.577,0.251
32500,0.175,0.565,0.260
33000,0.179,0.569,0.252
33500,0.185,0.564,0.251
34000,0.191,0.568,0.241
34500,0.191,0.567,0.242
35000,0.186,0.548,0.265
35500,0.184,0.545,0.271
36000,0.182,0.542,0.276
36500,0.183,0.547,0.269
37000,0.177,0.542,0.280
37500,0.180,0.554,0.265
38000,0.178,0.552,0.269
38500,0.178,0.556,0.265
39000,0.185,0.543,0.271
39500,0.197,0.544,0.258
40000,0.198,0.541,0.261
40500,0.196,0.534,0.270
41000,0.200,0.528,0.272
41500,0.206,0.520,0.273
42000,0.211,0.506,0.282
42500,0.222,0.498,0.280
43000,0.216,0.488,0.296
43500,0.218,0.489,0.293
44000,0.213,0.486,0.300
44500,0.224,0.482,0.294
45000,0.230,0.481,0.289
45500,0.231,0.489,0.280
46000,0.239,0.473,0.288
46500,0.242,0.471,0.287
47000,0.254,0.456,0.291
47500,0.259,0.446,0.296
48000,0.266,0.447,0.287
48500,0.270,0.441,0.289
49000,0.268,0.433,0.299
49500,0.267,0.438,0.295
50000,0.268,0.430,0.302
50500,0.270,0.416,0.314
51000,0.281,0.403,0.317
51500,0.276,0.401,0.323
52000,0.294,0.384,0.322
52500,0.306,0.378,0.316
53000,0.310,0.375,0.315
53500,0.317,0.378,0.306
54000,0.317,0.367,0.317
54500,0.321,0.361,0.319
55000,0.318,0.361,0.322
55500,0.310,0.353,0.337
56000,0.331,0.348,0.321
56500,0.334,0.340,0.326
57000,0.334,0.340,0.326
57500,0.344,0.331,0.326
58000,0.346,0.340,0.315
58500,0.343,0.333,0.324
59000,0.341,0.324,0.335
59500,0.347,0.312,0.340
60000,0.364,0.311,0.324
60500,0.362,0.303,0.334
61000,0.378,0.300,0.322
61500,0.380,0.295,0.325
62000,0.385,0.301,0.314
62500,0.379,0.296,0.325
63000,0.394,0.295,0.311
63500,0.395,0.291,0.314
64000,0.400,0.285,0.315
64500,0.404,0.276,0.320
65000,0.415,0.257,0.328
65500,0.427,0.248,0.325
66000,0.434,0.239,0.327
66500,0.447,0.228,0.326
67000,0.465,0.227,0.308
67500,0.478,0.215,0.306
68000,0.469,0.209,0.322
68500,0.490,0.197,0.313
69000,0.503,0.192,0.305
69500,0.517,0.198,0.285
70000,0.524,0.183,0.292
70500,0.521,0.177,0.302
71000,0.531,0.170,0.298
71500,0.543,0.169,0.288
72000,0.560,0.165,0.275
72500,0.564,0.154,0.282
73000,0.571,0.144,0.285
73500,0.579,0.143,0.278
74000,0.584,0.132,0.284
74500,0.597,0.129,0.274
75000,0.609,0.126,0.265
75500,0.619,0.113,0.269
76000,0.628,0.105,0.267
76500,0.641,0.094,0.265
77000,0.649,0.096,0.255
77500,0.651,0.095,0.254
78000,0.677,0.087,0.236
78500,0.691,0.080,0.229
79000,0.707,0.075,0.218
79500,0.723,0.073,0.204
80000,0.722,0.065,0.214
80500,0.723,0.056,0.221
81000,0.721,0.051,0.228
81500,0.736,0.049,0.215
82000,0.747,0.043,0.211
82500,0.754,0.038,0.207
83000,0.769,0.040,0.191
83500,0.774,0.041,0.185
84000,0.781,0.035,0.184
84500,0.793,0.032,0.175
85000,0.795,0.029,0.175
85500,0.810,0.029,0.161
86000,0.827,0.025,0.148
86500,0.841,0.022,0.137
87000,0.849,0.021,0.130
87500,0.857,0.021,0.123
88000,0.870,0.017,0.113
88500,0.882,0.015,0.103
89000,0.891,0.011,0.098
89500,0.897,0.009,0.094
90000,0.903,0.007,0.089
90500,0.917,0.009,0.074
91000,0.922,0.008,0.070
91500,0.926,0.006,0.068
92000,0.933,0.005,0.061
92500,0.934,0.006,0.059
93000,0.940,0.006,0.054
93500,0.940,0.004,0.056
94000,0.941,0.004,0.056
94500,0.939,0.003,0.058
95000,0.946,0.003,0.052
95500,0.951,0.002,0.048
96000,0.957,0.002,0.041
96500,0.963,0.001,0.036
97000,0.963,0.001,0.036
97500,0.970,0.001,0.029
98000,0.974,0.000,0.026
98500,0.975,0.000,0.025
99000,0.978,0.000,0.022
99500,0.985,0.000,0.015
100000,0.989,0.000,0.011
100500,0.991,0.000,0.009
101000,0.992,0.000,0.008
101500,0.993,0.000,0.007
102000,0.993,0.000,0.007
102500,0.995,0.000,0.005
103000,0.996,0.000,0.004
103500,0.997,0.000,0.003
104000,0.996,0.000,0.004
104500,0.995,0.000,0.005
105000,0.996,0.000,0.004
105500,0.996,0.000,0.004
106000,0.997,0.000,0.003
106500,0.998,0.000,0.002
107000,0.997,0.000,0.003
107500,0.997,0.000,0.003
108000,0.998,0.000,0.002
108500,0.999,0.000,0.001
109000,0.999,0.000,0.001
109500,1.000,0.000,0.000
110000,0.999,0.000,0.001
110500,0.998,0.000,0.002
111000,0.998,0.000,0.002
111500,0.998,0.000,0.002
112000,0.999,0.000,0.001
112500,0.997,0.000,0.003
113000,0.998,0.000,0.002
113500,0.998,0.000,0.002
114000,0.998,0.000,0.002
114500,0.997,0.000,0.003
115000,0.996,0.000,0.004
115500,0.996,0.000,0.004
116000,0.996,0.000,0.004
116500,0.997,0.000,0.003
117000,0.997,0.000,0.003
117500,0.998,0.000,0.002
118000,0.997,0.000,0.003
118500,0.998,0.000,0.002
119000,0.999,0.000,0.001
119500,0.999,0.000,0.001
120000,1.000,0.000,0.000
120500,1.000,0.000,0.000
