time,n_A+p,n_B,n_AB
500,0.030,0.543,0.427
1000,0.030,0.341,0.629
1500,0.030,0.204,0.766
2000,0.030,0.233,0.737
2500,0.030,0.267,0.703
3000,0.030,0.407,0.563
3500,0.030,0.329,0.641
4000,0.030,0.407,0.563
4500,0.030,0.188,0.782
5000,0.030,0.271,0.699
5500,0.030,0.335,0.635
6000,0.030,0.272,0.698
6500,0.030,0.272,0.698
7000,0.030,0.361,0.609
7500,0.030,0.174,0.796
8000,0.030,0.266,0.704
8500,0.030,0.394,0.576
9000,0.030,0.291,0.679
9500,0.030,0.271,0.699
10000,0.030,0.230,0.740
10500,0.030,0.250,0.720
11000,0.030,0.493,0.477
11500,0.030,0.302,0.668
12000,0.030,0.441,0.529
12500,0.030,0.319,0.651
13000,0.030,0.250,0.720
13500,0.030,0.407,0.563
14000,0.030,0.324,0.646
14500,0.030,0.263,0.707
15000,0.030,0.158,0.812
15500,0.030,0.203,0.767
16000,0.030,0.350,0.620
16500,0.030,0.166,0.804
17000,0.030,0.210,0.760
17500,0.030,0.237,0.733
18000,0.030,0.288,0.682
18500,0.030,0.287,0.683
19000,0.030,0.341,0.629
19500,0.030,0.299,0.671
20000,0.030,0.204,0.766
20500,0.030,0.193,0.777
21000,0.030,0.178,0.792
21500,0.030,0.368,0.602
22000,0.030,0.285,0.685
22500,0.030,0.286,0.684
23000,0.030,0.336,0.634
23500,0.030,0.258,0.712
24000,0.030,0.450,0.520
24500,0.030,0.233,0.737
25000,0.030,0.194,0.776
25500,0.030,0.349,0.621
26000,0.030,0.248,0.722
26500,0.030,0.206,0.764
27000,0.030,0.261,0.709
27500,0.030,0.253,0.717
28000,0.030,0.199,0.771
28500,0.030,0.340,0.630
29000,0.030,0.294,0.676
29500,0.030,0.287,0.683
30000,0.030,0.228,0.742
30500,0.030,0.413,0.557
31000,0.030,0.324,0.646
31500,0.030,0.300,0.670
32000,0.030,0.271,0.699
32500,0.030,0.189,0.781
33000,0.030,0.357,0.613
33500,0.030,0.278,0.692
34000,0.030,0.303,0.667
34500,0.030,0.377,0.593
35000,0.030,0.342,0.628
35500,0.030,0.286,0.684
36000,0.030,0.289,0.681
36500,0.030,0.250,0.720
37000,0.030,0.275,0.695
37500,0.030,0.307,0.663
38000,0.030,0.216,0.754
38500,0.030,0.300,0.670
39000,0.030,0.318,0.652
39500,0.030,0.382,0.588
40000,0.030,0.215,0.755
40500,0.030,0.222,0.748
41000,0.030,0.197,0.773
41500,0.030,0.303,0.667
42000,0.030,0.134,0.836
42500,0.030,0.302,0.668
43000,0.030,0.195,0.775
43500,0.030,0.270,0.700
44000,0.030,0.461,0.509
44500,0.030,0.296,0.674
45000,0.033,0.172,0.795
45500,0.030,0.384,0.586
46000,0.030,0.336,0.634
46500,0.030,0.366,0.604
47000,0.050,0.127,0.823
47500,0.031,0.230,0.739
48000,0.030,0.223,0.747
48500,0.030,0.309,0.661
49000,0.030,0.319,0.651
49500,0.030,0.269,0.701
50000,0.030,0.193,0.777
50500,0.030,0.456,0.514
51000,0.030,0.314,0.656
51500,0.030,0.225,0.745
52000,0.030,0.203,0.767
52500,0.030,0.241,0.729
53000,0.030,0.236,0.734
53500,0.031,0.232,0.737
54000,0.030,0.306,0.664
54500,0.151,0.038,0.811
55000,0.855,0.000,0.145
55500,0.931,0.000,0.069
56000,1.000,0.000,0.000
