time,n_A+p,n_B,n_AB
100,0.030,0.960,0.010
200,0.030,0.955,0.015
300,0.030,0.951,0.019
400,0.035,0.941,0.025
500,0.032,0.933,0.036
600,0.033,0.940,0.028
700,0.033,0.936,0.032
800,0.033,0.937,0.031
900,0.033,0.934,0.034
1000,0.039,0.926,0.035
1100,0.041,0.924,0.035
1200,0.045,0.913,0.042
1300,0.042,0.914,0.044
1400,0.046,0.900,0.054
1500,0.050,0.880,0.069
1600,0.049,0.882,0.069
1700,0.051,0.873,0.076
1800,0.058,0.868,0.074
1900,0.055,0.856,0.089
2000,0.052,0.866,0.082
2100,0.056,0.858,0.086
2200,0.057,0.851,0.092
2300,0.073,0.827,0.100
2400,0.079,0.803,0.118
2500,0.082,0.791,0.128
2600,0.078,0.794,0.129
2700,0.073,0.785,0.142
2800,0.087,0.775,0.138
2900,0.094,0.779,0.127
3000,0.092,0.776,0.132
3100,0.093,0.774,0.133
3200,0.102,0.747,0.151
3300,0.110,0.740,0.150
3400,0.115,0.729,0.155
3500,0.110,0.720,0.170
3600,0.136,0.711,0.153
3700,0.140,0.702,0.158
3800,0.151,0.698,0.151
3900,0.154,0.687,0.158
4000,0.148,0.689,0.162
4100,0.141,0.688,0.171
4200,0.134,0.682,0.184
4300,0.134,0.683,0.183
4400,0.137,0.677,0.186
4500,0.134,0.671,0.195
4600,0.135,0.663,0.202
4700,0.137,0.663,0.200
4800,0.143,0.644,0.213
4900,0.141,0.635,0.224
5000,0.130,0.651,0.220
5100,0.131,0.651,0.219
5200,0.131,0.649,0.221
5300,0.139,0.632,0.229
5400,0.134,0.625,0.241
5500,0.137,0.627,0.236
5600,0.127,0.619,0.254
5700,0.137,0.614,0.249
5800,0.139,0.610,0.251
5900,0.147,0.624,0.229
6000,0.148,0.614,0.238
6100,0.149,0.594,0.256
6200,0.166,0.584,0.249
6300,0.172,0.590,0.238
6400,0.183,0.581,0.236
6500,0.201,0.554,0.245
6600,0.208,0.544,0.247
6700,0.213,0.549,0.238
6800,0.209,0.556,0.235
6900,0.210,0.541,0.248
7000,0.212,0.542,0.245
7100,0.216,0.541,0.243
7200,0.223,0.547,0.230
7300,0.220,0.539,0.241
7400,0.224,0.536,0.240
7500,0.210,0.539,0.250
7600,0.229,0.536,0.235
7700,0.228,0.543,0.229
7800,0.231,0.546,0.223
7900,0.229,0.541,0.230
8000,0.227,0.533,0.240
8100,0.221,0.530,0.249
8200,0.228,0.536,0.236
8300,0.230,0.526,0.244
8400,0.229,0.529,0.242
8500,0.235,0.530,0.235
8600,0.227,0.534,0.239
8700,0.247,0.531,0.222
8800,0.251,0.514,0.235
8900,0.259,0.513,0.228
9000,0.255,0.510,0.235
9100,0.256,0.510,0.234
9200,0.277,0.492,0.231
9300,0.285,0.490,0.225
9400,0.283,0.496,0.221
9500,0.276,0.501,0.224
9600,0.274,0.499,0.227
9700,0.279,0.498,0.223
9800,0.288,0.491,0.221
9900,0.277,0.484,0.239
10000,0.282,0.482,0.236
10100,0.276,0.474,0.250
10200,0.283,0.469,0.248
10300,0.275,0.466,0.259
10400,0.286,0.474,0.240
10500,0.282,0.466,0.252
10600,0.284,0.466,0.250
10700,0.287,0.465,0.248
10800,0.277,0.466,0.257
10900,0.266,0.478,0.256
11000,0.259,0.480,0.260
11100,0.252,0.475,0.273
11200,0.251,0.474,0.275
11300,0.257,0.492,0.250
11400,0.249,0.475,0.276
11500,0.247,0.474,0.279
11600,0.245,0.475,0.280
11700,0.247,0.460,0.293
11800,0.240,0.488,0.272
11900,0.247,0.476,0.277
12000,0.246,0.485,0.269
12100,0.242,0.504,0.254
12200,0.223,0.502,0.276
12300,0.245,0.491,0.264
12400,0.228,0.494,0.278
12500,0.223,0.498,0.279
12600,0.232,0.503,0.266
12700,0.227,0.499,0.274
12800,0.223,0.492,0.285
12900,0.224,0.491,0.285
13000,0.222,0.514,0.265
13100,0.221,0.503,0.277
13200,0.215,0.508,0.278
13300,0.209,0.517,0.274
13400,0.199,0.536,0.265
13500,0.202,0.533,0.265
13600,0.199,0.530,0.271
13700,0.200,0.538,0.261
13800,0.200,0.541,0.258
13900,0.208,0.527,0.265
14000,0.203,0.535,0.261
14100,0.208,0.541,0.250
14200,0.206,0.549,0.245
14300,0.200,0.549,0.251
14400,0.205,0.538,0.256
14500,0.200,0.538,0.261
14600,0.197,0.536,0.267
14700,0.195,0.536,0.269
14800,0.194,0.535,0.271
14900,0.196,0.514,0.290
15000,0.203,0.512,0.285
15100,0.201,0.510,0.289
15200,0.199,0.514,0.287
15300,0.194,0.515,0.291
15400,0.212,0.518,0.270
15500,0.210,0.523,0.267
15600,0.216,0.533,0.251
15700,0.207,0.540,0.252
15800,0.203,0.535,0.261
15900,0.210,0.550,0.240
16000,0.207,0.555,0.238
16100,0.203,0.549,0.248
16200,0.205,0.542,0.252
16300,0.198,0.541,0.260
16400,0.195,0.544,0.260
16500,0.206,0.527,0.267
16600,0.206,0.531,0.263
16700,0.210,0.535,0.254
16800,0.200,0.547,0.252
16900,0.202,0.545,0.252
17000,0.200,0.551,0.249
17100,0.213,0.547,0.239
17200,0.210,0.533,0.256
17300,0.207,0.536,0.256
17400,0.189,0.547,0.264
17500,0.196,0.550,0.254
17600,0.193,0.550,0.257
17700,0.184,0.547,0.269
17800,0.196,0.540,0.264
17900,0.182,0.534,0.284
18000,0.195,0.531,0.274
18100,0.187,0.527,0.286
18200,0.190,0.525,0.285
18300,0.186,0.535,0.279
18400,0.187,0.525,0.288
18500,0.195,0.531,0.274
18600,0.190,0.534,0.276
18700,0.196,0.527,0.277
18800,0.200,0.525,0.275
18900,0.197,0.540,0.263
19000,0.189,0.526,0.285
19100,0.191,0.527,0.282
19200,0.189,0.527,0.284
19300,0.191,0.523,0.286
19400,0.181,0.528,0.291
19500,0.196,0.506,0.298
19600,0.205,0.510,0.285
19700,0.186,0.514,0.300
19800,0.179,0.530,0.291
19900,0.174,0.539,0.287
20000,0.170,0.540,0.290
20100,0.175,0.544,0.281
20200,0.182,0.562,0.256
20300,0.171,0.558,0.272
20400,0.179,0.556,0.266
20500,0.176,0.557,0.268
20600,0.180,0.558,0.263
20700,0.202,0.549,0.249
20800,0.208,0.549,0.243
20900,0.196,0.538,0.266
21000,0.199,0.536,0.265
21100,0.189,0.539,0.272
21200,0.193,0.536,0.271
21300,0.187,0.542,0.271
21400,0.194,0.543,0.263
21500,0.185,0.539,0.276
21600,0.179,0.551,0.271
21700,0.189,0.545,0.266
21800,0.181,0.556,0.264
21900,0.183,0.555,0.263
22000,0.177,0.565,0.258
22100,0.176,0.556,0.269
22200,0.186,0.555,0.259
22300,0.187,0.550,0.264
22400,0.204,0.530,0.266
22500,0.195,0.538,0.267
22600,0.188,0.561,0.251
22700,0.193,0.560,0.247
22800,0.186,0.568,0.246
22900,0.182,0.560,0.258
23000,0.180,0.555,0.266
23100,0.176,0.553,0.272
23200,0.182,0.539,0.279
23300,0.181,0.539,0.280
23400,0.175,0.546,0.279
23500,0.177,0.560,0.264
23600,0.184,0.523,0.293
23700,0.181,0.517,0.302
23800,0.185,0.526,0.289
23900,0.185,0.527,0.288
24000,0.177,0.536,0.287
24100,0.184,0.530,0.286
24200,0.187,0.527,0.286
24300,0.186,0.530,0.284
24400,0.188,0.522,0.290
24500,0.179,0.528,0.293
24600,0.164,0.534,0.301
24700,0.184,0.521,0.295
24800,0.178,0.521,0.301
24900,0.176,0.503,0.322
25000,0.178,0.517,0.305
25100,0.182,0.523,0.295
25200,0.181,0.527,0.292
25300,0.175,0.526,0.299
25400,0.185,0.526,0.289
25500,0.181,0.525,0.294
25600,0.191,0.521,0.288
25700,0.187,0.526,0.287
25800,0.190,0.522,0.288
25900,0.186,0.510,0.304
26000,0.190,0.507,0.303
26100,0.186,0.503,0.312
26200,0.200,0.497,0.302
26300,0.194,0.505,0.301
26400,0.202,0.512,0.286
26500,0.200,0.514,0.286
26600,0.196,0.520,0.284
26700,0.181,0.527,0.292
26800,0.192,0.531,0.277
26900,0.195,0.523,0.282
27000,0.209,0.504,0.287
27100,0.217,0.499,0.284
27200,0.192,0.516,0.292
27300,0.181,0.525,0.294
27400,0.182,0.518,0.300
27500,0.188,0.529,0.283
27600,0.188,0.537,0.275
27700,0.186,0.536,0.278
27800,0.177,0.540,0.283
27900,0.180,0.541,0.279
28000,0.185,0.534,0.281
28100,0.177,0.539,0.284
28200,0.183,0.534,0.283
28300,0.173,0.551,0.277
28400,0.170,0.555,0.276
28500,0.174,0.552,0.275
28600,0.164,0.551,0.285
28700,0.169,0.546,0.285
28800,0.176,0.542,0.282
28900,0.184,0.537,0.279
29000,0.185,0.533,0.282
29100,0.183,0.536,0.281
29200,0.179,0.539,0.282
29300,0.178,0.532,0.290
29400,0.185,0.521,0.294
29500,0.191,0.505,0.304
29600,0.208,0.488,0.303
29700,0.212,0.488,0.299
29800,0.200,0.522,0.278
29900,0.215,0.517,0.269
30000,0.238,0.496,0.266
30100,0.235,0.498,0.267
30200,0.242,0.496,0.261
30300,0.246,0.490,0.264
30400,0.248,0.489,0.263
30500,0.239,0.495,0.266
30600,0.238,0.495,0.267
30700,0.232,0.488,0.280
30800,0.235,0.495,0.270
30900,0.240,0.490,0.270
31000,0.237,0.492,0.271
31100,0.239,0.496,0.265
31200,0.233,0.499,0.268
31300,0.230,0.487,0.283
31400,0.247,0.475,0.278
31500,0.245,0.476,0.279
31600,0.245,0.491,0.264
31700,0.250,0.479,0.271
31800,0.243,0.470,0.287
31900,0.242,0.471,0.287
32000,0.253,0.467,0.280
32100,0.299,0.450,0.250
32200,0.281,0.461,0.258
32300,0.289,0.466,0.245
32400,0.289,0.453,0.258
32500,0.291,0.455,0.254
32600,0.289,0.453,0.258
32700,0.301,0.441,0.257
32800,0.318,0.435,0.247
32900,0.322,0.435,0.243
33000,0.328,0.430,0.242
33100,0.329,0.423,0.248
33200,0.323,0.422,0.255
33300,0.321,0.418,0.261
33400,0.313,0.417,0.271
33500,0.303,0.435,0.261
33600,0.311,0.431,0.258
33700,0.315,0.434,0.251
33800,0.307,0.430,0.263
33900,0.320,0.420,0.260
34000,0.341,0.410,0.249
34100,0.337,0.421,0.242
34200,0.336,0.417,0.247
34300,0.324,0.415,0.261
34400,0.319,0.412,0.270
34500,0.336,0.400,0.264
34600,0.320,0.409,0.272
34700,0.313,0.419,0.269
34800,0.314,0.419,0.268
34900,0.314,0.403,0.283
35000,0.319,0.409,0.273
35100,0.330,0.397,0.273
35200,0.323,0.403,0.274
35300,0.333,0.397,0.270
35400,0.341,0.402,0.256
35500,0.351,0.387,0.261
35600,0.362,0.371,0.268
35700,0.374,0.368,0.258
35800,0.368,0.375,0.257
35900,0.363,0.364,0.274
36000,0.366,0.364,0.271
36100,0.358,0.362,0.281
36200,0.343,0.384,0.273
36300,0.332,0.371,0.297
36400,0.340,0.368,0.292
36500,0.343,0.356,0.300
36600,0.346,0.352,0.301
36700,0.339,0.363,0.298
36800,0.340,0.376,0.284
36900,0.342,0.381,0.277
37000,0.334,0.379,0.287
37100,0.337,0.379,0.284
37200,0.342,0.372,0.286
37300,0.346,0.374,0.280
37400,0.330,0.384,0.286
37500,0.324,0.379,0.297
37600,0.326,0.380,0.294
37700,0.315,0.379,0.306
37800,0.324,0.387,0.289
37900,0.314,0.384,0.302
38000,0.317,0.380,0.303
38100,0.325,0.379,0.296
38200,0.318,0.387,0.295
38300,0.311,0.391,0.298
38400,0.304,0.398,0.297
38500,0.297,0.408,0.295
38600,0.294,0.412,0.294
38700,0.304,0.398,0.297
38800,0.304,0.396,0.299
38900,0.313,0.395,0.292
39000,0.316,0.391,0.293
39100,0.301,0.404,0.294
39200,0.313,0.409,0.279
39300,0.314,0.396,0.290
39400,0.321,0.383,0.296
39500,0.314,0.381,0.305
39600,0.312,0.380,0.308
39700,0.311,0.379,0.311
39800,0.312,0.379,0.309
39900,0.315,0.381,0.304
40000,0.315,0.380,0.305
40100,0.326,0.381,0.293
40200,0.327,0.376,0.297
40300,0.338,0.370,0.292
40400,0.349,0.360,0.291
40500,0.363,0.363,0.275
40600,0.371,0.361,0.269
40700,0.359,0.356,0.285
40800,0.358,0.350,0.292
40900,0.347,0.353,0.299
41000,0.348,0.348,0.303
41100,0.354,0.358,0.288
41200,0.354,0.358,0.288
41300,0.337,0.355,0.307
41400,0.342,0.351,0.306
41500,0.332,0.354,0.314
41600,0.342,0.351,0.306
41700,0.346,0.344,0.309
41800,0.340,0.346,0.314
41900,0.354,0.347,0.298
42000,0.345,0.362,0.293
42100,0.343,0.355,0.301
42200,0.331,0.361,0.308
42300,0.324,0.364,0.313
42400,0.335,0.352,0.313
42500,0.331,0.364,0.305
42600,0.317,0.355,0.328
42700,0.313,0.352,0.335
42800,0.333,0.350,0.317
42900,0.332,0.353,0.315
43000,0.328,0.364,0.308
43100,0.331,0.369,0.300
43200,0.331,0.365,0.304
43300,0.318,0.359,0.324
43400,0.330,0.355,0.315
43500,0.334,0.359,0.307
43600,0.335,0.358,0.307
43700,0.334,0.354,0.312
43800,0.332,0.359,0.309
43900,0.336,0.351,0.313
44000,0.331,0.364,0.305
44100,0.329,0.364,0.307
44200,0.343,0.358,0.299
44300,0.338,0.369,0.293
44400,0.331,0.366,0.303
44500,0.324,0.362,0.315
44600,0.337,0.354,0.308
44700,0.334,0.347,0.319
44800,0.335,0.347,0.318
44900,0.331,0.348,0.321
45000,0.328,0.339,0.333
45100,0.332,0.346,0.322
45200,0.363,0.320,0.318
45300,0.366,0.322,0.313
45400,0.359,0.329,0.313
45500,0.354,0.332,0.314
45600,0.352,0.333,0.315
45700,0.367,0.323,0.311
45800,0.359,0.320,0.322
45900,0.358,0.323,0.320
46000,0.337,0.325,0.338
46100,0.331,0.334,0.335
46200,0.348,0.330,0.322
46300,0.360,0.326,0.315
46400,0.361,0.339,0.300
46500,0.355,0.332,0.313
46600,0.342,0.341,0.317
46700,0.335,0.342,0.323
46800,0.333,0.343,0.324
46900,0.336,0.353,0.311
47000,0.331,0.359,0.311
47100,0.335,0.321,0.344
47200,0.337,0.320,0.343
47300,0.352,0.316,0.332
47400,0.365,0.324,0.312
47500,0.367,0.316,0.318
47600,0.368,0.309,0.323
47700,0.361,0.309,0.330
47800,0.370,0.313,0.318
47900,0.376,0.305,0.319
48000,0.389,0.303,0.307
48100,0.384,0.307,0.308
48200,0.390,0.308,0.301
48300,0.397,0.301,0.301
48400,0.397,0.296,0.306
48500,0.390,0.287,0.323
48600,0.385,0.287,0.328
48700,0.370,0.303,0.327
48800,0.385,0.311,0.304
48900,0.404,0.295,0.300
49000,0.401,0.301,0.297
49100,0.397,0.302,0.300
49200,0.396,0.316,0.288
49300,0.391,0.307,0.301
49400,0.404,0.301,0.294
49500,0.422,0.297,0.281
49600,0.436,0.290,0.274
49700,0.427,0.291,0.282
49800,0.431,0.287,0.282
49900,0.434,0.279,0.287
50000,0.431,0.274,0.295
50100,0.433,0.268,0.299
50200,0.439,0.268,0.293
50300,0.431,0.274,0.295
50400,0.427,0.274,0.299
50500,0.436,0.271,0.293
50600,0.441,0.276,0.283
50700,0.446,0.275,0.279
50800,0.449,0.283,0.268
50900,0.447,0.278,0.275
51000,0.446,0.279,0.275
51100,0.434,0.271,0.295
51200,0.440,0.270,0.290
51300,0.439,0.268,0.293
51400,0.432,0.267,0.301
51500,0.446,0.264,0.290
51600,0.444,0.267,0.289
51700,0.444,0.267,0.289
51800,0.463,0.269,0.269
51900,0.455,0.268,0.278
52000,0.464,0.259,0.277
52100,0.469,0.254,0.277
52200,0.472,0.253,0.275
52300,0.474,0.257,0.269
52400,0.473,0.260,0.267
52500,0.472,0.249,0.279
52600,0.469,0.250,0.281
52700,0.474,0.248,0.278
52800,0.488,0.255,0.256
52900,0.487,0.270,0.243
53000,0.489,0.258,0.252
53100,0.484,0.253,0.263
53200,0.499,0.249,0.251
53300,0.505,0.249,0.246
53400,0.515,0.239,0.246
53500,0.524,0.243,0.233
53600,0.520,0.243,0.237
53700,0.516,0.240,0.244
53800,0.506,0.238,0.256
53900,0.501,0.238,0.261
54000,0.508,0.240,0.252
54100,0.507,0.243,0.250
54200,0.498,0.237,0.265
54300,0.506,0.238,0.256
54400,0.505,0.238,0.257
54500,0.510,0.237,0.253
54600,0.503,0.240,0.257
54700,0.505,0.235,0.260
54800,0.499,0.230,0.271
54900,0.498,0.228,0.274
55000,0.506,0.223,0.272
55100,0.516,0.218,0.267
55200,0.505,0.237,0.258
55300,0.498,0.233,0.269
55400,0.507,0.230,0.264
55500,0.502,0.234,0.265
55600,0.515,0.234,0.251
55700,0.517,0.224,0.259
55800,0.521,0.216,0.264
55900,0.531,0.218,0.251
56000,0.512,0.213,0.275
56100,0.515,0.212,0.273
56200,0.511,0.215,0.275
56300,0.516,0.211,0.273
56400,0.520,0.213,0.267
56500,0.523,0.208,0.269
56600,0.532,0.209,0.258
56700,0.529,0.216,0.255
56800,0.522,0.219,0.259
56900,0.534,0.216,0.250
57000,0.536,0.215,0.249
57100,0.541,0.216,0.243
57200,0.547,0.211,0.241
57300,0.549,0.216,0.236
57400,0.524,0.235,0.241
57500,0.521,0.228,0.251
57600,0.528,0.227,0.245
57700,0.536,0.225,0.239
57800,0.529,0.230,0.241
57900,0.524,0.217,0.259
58000,0.527,0.213,0.259
58100,0.536,0.210,0.253
58200,0.536,0.218,0.246
58300,0.544,0.206,0.249
58400,0.542,0.213,0.244
58500,0.545,0.213,0.241
58600,0.541,0.222,0.237
58700,0.547,0.219,0.234
58800,0.552,0.209,0.239
58900,0.536,0.210,0.253
59000,0.528,0.209,0.263
59100,0.519,0.215,0.267
59200,0.512,0.217,0.272
59300,0.502,0.226,0.273
59400,0.498,0.233,0.269
59500,0.498,0.226,0.276
59600,0.492,0.230,0.278
59700,0.488,0.236,0.276
59800,0.487,0.233,0.280
59900,0.493,0.224,0.283
60000,0.503,0.222,0.276
60100,0.497,0.222,0.281
60200,0.492,0.218,0.290
60300,0.502,0.218,0.281
60400,0.507,0.217,0.277
60500,0.504,0.212,0.284
60600,0.506,0.223,0.272
60700,0.514,0.222,0.265
60800,0.510,0.221,0.270
60900,0.532,0.219,0.249
61000,0.527,0.218,0.255
61100,0.525,0.212,0.263
61200,0.514,0.215,0.272
61300,0.513,0.221,0.267
61400,0.505,0.234,0.261
61500,0.494,0.229,0.277
61600,0.499,0.231,0.270
61700,0.499,0.226,0.275
61800,0.508,0.225,0.268
61900,0.504,0.235,0.261
62000,0.506,0.236,0.258
62100,0.505,0.234,0.261
62200,0.506,0.233,0.261
62300,0.506,0.224,0.271
62400,0.530,0.219,0.251
62500,0.533,0.223,0.244
62600,0.535,0.213,0.251
62700,0.541,0.213,0.245
62800,0.538,0.207,0.254
62900,0.539,0.208,0.252
63000,0.552,0.208,0.240
63100,0.556,0.210,0.234
63200,0.554,0.207,0.239
63300,0.555,0.204,0.241
63400,0.560,0.201,0.239
63500,0.564,0.199,0.237
63600,0.556,0.196,0.248
63700,0.568,0.194,0.238
63800,0.570,0.191,0.239
63900,0.574,0.187,0.239
64000,0.576,0.185,0.239
64100,0.586,0.180,0.234
64200,0.592,0.176,0.232
64300,0.594,0.179,0.227
64400,0.577,0.179,0.244
64500,0.582,0.181,0.237
64600,0.577,0.180,0.243
64700,0.581,0.179,0.240
64800,0.563,0.184,0.253
64900,0.567,0.184,0.249
65000,0.564,0.182,0.254
65100,0.572,0.180,0.248
65200,0.580,0.177,0.243
65300,0.581,0.180,0.239
65400,0.572,0.180,0.248
65500,0.562,0.184,0.254
65600,0.556,0.182,0.263
65700,0.557,0.182,0.261
65800,0.571,0.180,0.249
65900,0.578,0.190,0.232
66000,0.586,0.190,0.224
66100,0.589,0.189,0.222
66200,0.574,0.189,0.237
66300,0.583,0.189,0.228
66400,0.588,0.187,0.225
66500,0.588,0.184,0.228
66600,0.585,0.185,0.230
66700,0.590,0.185,0.225
66800,0.580,0.187,0.233
66900,0.586,0.190,0.224
67000,0.590,0.184,0.226
67100,0.591,0.190,0.219
67200,0.611,0.186,0.203
67300,0.610,0.186,0.204
67400,0.610,0.182,0.208
67500,0.609,0.184,0.207
67600,0.608,0.182,0.210
67700,0.613,0.182,0.205
67800,0.610,0.175,0.216
67900,0.619,0.176,0.205
68000,0.618,0.174,0.208
68100,0.620,0.171,0.209
68200,0.625,0.177,0.198
68300,0.628,0.175,0.197
68400,0.623,0.176,0.201
68500,0.626,0.178,0.196
68600,0.634,0.180,0.186
68700,0.644,0.173,0.184
68800,0.646,0.169,0.186
68900,0.627,0.180,0.193
69000,0.628,0.188,0.184
69100,0.632,0.181,0.187
69200,0.633,0.179,0.188
69300,0.632,0.183,0.185
69400,0.629,0.181,0.190
69500,0.630,0.173,0.197
69600,0.633,0.168,0.199
69700,0.639,0.165,0.195
69800,0.640,0.165,0.194
69900,0.639,0.163,0.197
70000,0.646,0.163,0.191
70100,0.648,0.162,0.190
70200,0.657,0.163,0.180
70300,0.665,0.159,0.176
70400,0.644,0.161,0.195
70500,0.644,0.162,0.194
70600,0.641,0.162,0.196
70700,0.642,0.161,0.196
70800,0.642,0.159,0.198
70900,0.638,0.159,0.202
71000,0.638,0.159,0.202
71100,0.641,0.161,0.197
71200,0.642,0.158,0.199
71300,0.633,0.159,0.207
71400,0.635,0.158,0.206
71500,0.633,0.158,0.208
71600,0.624,0.166,0.209
71700,0.623,0.168,0.209
71800,0.627,0.165,0.207
71900,0.629,0.164,0.206
72000,0.628,0.170,0.202
72100,0.630,0.166,0.203
72200,0.632,0.164,0.203
72300,0.636,0.159,0.204
72400,0.641,0.157,0.201
72500,0.633,0.159,0.207
72600,0.624,0.163,0.212
72700,0.626,0.161,0.212
72800,0.640,0.161,0.198
72900,0.641,0.162,0.196
73000,0.642,0.160,0.197
73100,0.646,0.157,0.197
73200,0.656,0.157,0.187
73300,0.652,0.156,0.192
73400,0.638,0.154,0.207
73500,0.644,0.157,0.199
73600,0.638,0.157,0.204
73700,0.647,0.158,0.195
73800,0.638,0.155,0.206
73900,0.649,0.157,0.194
74000,0.665,0.159,0.176
74100,0.663,0.158,0.179
74200,0.664,0.157,0.179
74300,0.667,0.153,0.180
74400,0.669,0.153,0.178
74500,0.671,0.154,0.175
74600,0.674,0.150,0.176
74700,0.677,0.151,0.172
74800,0.674,0.150,0.176
74900,0.675,0.150,0.175
75000,0.669,0.150,0.181
75100,0.672,0.148,0.180
75200,0.666,0.146,0.188
75300,0.668,0.145,0.187
75400,0.676,0.145,0.179
75500,0.683,0.145,0.172
75600,0.680,0.146,0.174
75700,0.687,0.143,0.170
75800,0.684,0.144,0.172
75900,0.684,0.147,0.169
76000,0.687,0.146,0.166
76100,0.689,0.145,0.165
76200,0.695,0.143,0.162
76300,0.697,0.143,0.160
76400,0.701,0.142,0.157
76500,0.702,0.140,0.158
76600,0.699,0.140,0.161
76700,0.693,0.144,0.163
76800,0.691,0.147,0.162
76900,0.686,0.145,0.169
77000,0.688,0.143,0.169
77100,0.694,0.145,0.161
77200,0.700,0.143,0.157
77300,0.703,0.142,0.155
77400,0.704,0.143,0.153
77500,0.705,0.143,0.152
77600,0.703,0.143,0.154
77700,0.707,0.142,0.151
77800,0.703,0.140,0.157
77900,0.696,0.139,0.165
78000,0.684,0.137,0.179
78100,0.687,0.138,0.175
78200,0.688,0.136,0.176
78300,0.686,0.135,0.179
78400,0.689,0.134,0.177
78500,0.693,0.134,0.174
78600,0.698,0.134,0.169
78700,0.704,0.134,0.162
78800,0.708,0.134,0.158
78900,0.701,0.142,0.157
79000,0.707,0.141,0.152
79100,0.693,0.154,0.153
79200,0.693,0.153,0.154
79300,0.671,0.159,0.170
79400,0.667,0.159,0.174
79500,0.672,0.159,0.169
79600,0.671,0.156,0.173
79700,0.665,0.157,0.178
79800,0.665,0.154,0.181
79900,0.664,0.152,0.184
80000,0.658,0.150,0.192
80100,0.648,0.146,0.206
80200,0.651,0.149,0.200
80300,0.660,0.143,0.197
80400,0.656,0.150,0.194
80500,0.654,0.147,0.199
80600,0.648,0.149,0.203
80700,0.664,0.150,0.186
80800,0.669,0.148,0.183
80900,0.670,0.148,0.182
81000,0.672,0.147,0.181
81100,0.674,0.145,0.181
81200,0.676,0.148,0.176
81300,0.681,0.143,0.176
81400,0.681,0.144,0.175
81500,0.685,0.139,0.176
81600,0.684,0.140,0.176
81700,0.687,0.144,0.169
81800,0.686,0.143,0.171
81900,0.694,0.141,0.165
82000,0.695,0.138,0.168
82100,0.703,0.137,0.160
82200,0.699,0.137,0.164
82300,0.706,0.136,0.158
82400,0.706,0.136,0.158
82500,0.705,0.136,0.159
82600,0.708,0.136,0.156
82700,0.711,0.136,0.153
82800,0.711,0.135,0.154
82900,0.714,0.136,0.150
83000,0.714,0.134,0.152
83100,0.718,0.135,0.147
83200,0.722,0.135,0.143
83300,0.725,0.134,0.141
83400,0.724,0.132,0.144
83500,0.722,0.130,0.148
83600,0.721,0.131,0.148
83700,0.715,0.132,0.153
83800,0.717,0.133,0.150
83900,0.720,0.133,0.147
84000,0.720,0.132,0.148
84100,0.717,0.137,0.146
84200,0.716,0.137,0.147
84300,0.718,0.137,0.145
84400,0.719,0.137,0.144
84500,0.718,0.136,0.146
84600,0.722,0.134,0.144
84700,0.722,0.134,0.144
84800,0.722,0.134,0.144
84900,0.728,0.133,0.139
85000,0.729,0.131,0.140
85100,0.730,0.129,0.141
85200,0.735,0.129,0.136
85300,0.735,0.127,0.138
85400,0.726,0.126,0.148
85500,0.727,0.125,0.148
85600,0.730,0.125,0.145
85700,0.730,0.124,0.146
85800,0.728,0.124,0.148
85900,0.727,0.126,0.147
86000,0.731,0.125,0.144
86100,0.736,0.124,0.140
86200,0.730,0.124,0.146
86300,0.737,0.124,0.139
86400,0.739,0.123,0.139
86500,0.742,0.123,0.136
86600,0.743,0.121,0.137
86700,0.744,0.120,0.137
86800,0.745,0.120,0.136
86900,0.742,0.118,0.140
87000,0.740,0.118,0.142
87100,0.740,0.118,0.142
87200,0.747,0.118,0.135
87300,0.743,0.123,0.135
87400,0.744,0.123,0.134
87500,0.742,0.122,0.137
87600,0.742,0.121,0.138
87700,0.742,0.121,0.138
87800,0.745,0.121,0.135
87900,0.747,0.120,0.134
88000,0.747,0.120,0.134
88100,0.731,0.127,0.142
88200,0.730,0.126,0.144
88300,0.722,0.124,0.154
88400,0.724,0.123,0.153
88500,0.717,0.124,0.159
88600,0.707,0.124,0.170
88700,0.712,0.123,0.165
88800,0.710,0.125,0.165
88900,0.714,0.129,0.157
89000,0.717,0.127,0.156
89100,0.702,0.148,0.150
89200,0.700,0.151,0.149
89300,0.700,0.146,0.154
89400,0.704,0.143,0.153
89500,0.703,0.144,0.153
89600,0.710,0.143,0.147
89700,0.705,0.147,0.148
89800,0.703,0.145,0.152
89900,0.695,0.151,0.154
90000,0.697,0.146,0.157
90100,0.697,0.144,0.159
90200,0.702,0.140,0.158
90300,0.698,0.138,0.164
90400,0.688,0.135,0.177
90500,0.693,0.136,0.172
90600,0.698,0.136,0.166
90700,0.702,0.135,0.163
90800,0.701,0.137,0.162
90900,0.694,0.136,0.171
91000,0.689,0.135,0.176
91100,0.698,0.134,0.169
91200,0.695,0.135,0.171
91300,0.701,0.134,0.165
91400,0.701,0.131,0.169
91500,0.704,0.136,0.160
91600,0.703,0.134,0.163
91700,0.703,0.132,0.165
91800,0.721,0.132,0.147
91900,0.721,0.130,0.149
92000,0.704,0.135,0.161
92100,0.713,0.132,0.155
92200,0.711,0.137,0.152
92300,0.715,0.129,0.156
92400,0.714,0.142,0.144
92500,0.714,0.140,0.146
92600,0.715,0.142,0.143
92700,0.710,0.145,0.145
92800,0.707,0.142,0.151
92900,0.705,0.140,0.155
93000,0.708,0.143,0.149
93100,0.709,0.139,0.152
93200,0.707,0.138,0.155
93300,0.706,0.135,0.159
93400,0.702,0.135,0.163
93500,0.699,0.138,0.163
93600,0.697,0.134,0.170
93700,0.701,0.136,0.163
93800,0.706,0.137,0.157
93900,0.699,0.136,0.165
94000,0.705,0.132,0.163
94100,0.702,0.128,0.171
94200,0.695,0.141,0.164
94300,0.697,0.141,0.162
94400,0.705,0.141,0.154
94500,0.704,0.138,0.158
94600,0.714,0.133,0.153
94700,0.714,0.133,0.153
94800,0.713,0.130,0.157
94900,0.702,0.130,0.169
95000,0.706,0.130,0.164
95100,0.715,0.129,0.156
95200,0.716,0.128,0.156
95300,0.718,0.130,0.152
95400,0.720,0.130,0.150
95500,0.721,0.137,0.142
95600,0.717,0.138,0.145
95700,0.717,0.137,0.146
95800,0.713,0.137,0.150
95900,0.712,0.138,0.150
96000,0.708,0.140,0.152
96100,0.697,0.135,0.169
96200,0.702,0.134,0.164
96300,0.702,0.133,0.165
96400,0.709,0.130,0.161
96500,0.714,0.127,0.159
96600,0.716,0.127,0.157
96700,0.720,0.130,0.150
96800,0.719,0.128,0.153
96900,0.726,0.129,0.145
97000,0.726,0.127,0.147
97100,0.729,0.126,0.145
97200,0.711,0.147,0.142
97300,0.713,0.149,0.138
97400,0.717,0.146,0.137
97500,0.700,0.146,0.154
97600,0.700,0.144,0.156
97700,0.688,0.142,0.170
97800,0.679,0.154,0.166
97900,0.677,0.155,0.168
98000,0.678,0.149,0.173
98100,0.672,0.144,0.184
98200,0.669,0.146,0.185
98300,0.676,0.148,0.176
98400,0.666,0.169,0.165
98500,0.656,0.173,0.172
98600,0.666,0.164,0.170
98700,0.679,0.146,0.175
98800,0.675,0.139,0.186
98900,0.672,0.143,0.185
99000,0.679,0.139,0.182
99100,0.674,0.144,0.182
99200,0.676,0.145,0.179
99300,0.697,0.129,0.175
99400,0.698,0.128,0.175
99500,0.696,0.128,0.177
99600,0.703,0.127,0.171
99700,0.710,0.124,0.166
99800,0.705,0.124,0.172
99900,0.710,0.125,0.165
100000,0.713,0.128,0.159
100100,0.710,0.126,0.164
100200,0.719,0.125,0.156
100300,0.721,0.126,0.153
100400,0.727,0.126,0.147
100500,0.727,0.124,0.149
100600,0.736,0.124,0.140
100700,0.733,0.124,0.143
100800,0.735,0.121,0.144
100900,0.735,0.120,0.145
101000,0.739,0.123,0.139
101100,0.736,0.124,0.140
101200,0.735,0.121,0.144
101300,0.739,0.120,0.142
101400,0.731,0.123,0.146
101500,0.732,0.122,0.146
101600,0.733,0.122,0.145
101700,0.742,0.121,0.138
101800,0.744,0.121,0.136
101900,0.749,0.121,0.131
102000,0.750,0.122,0.129
102100,0.732,0.122,0.146
102200,0.729,0.122,0.149
102300,0.731,0.122,0.147
102400,0.734,0.124,0.142
102500,0.725,0.121,0.154
102600,0.724,0.120,0.156
102700,0.725,0.121,0.154
102800,0.730,0.121,0.149
102900,0.729,0.121,0.150
103000,0.726,0.116,0.157
103100,0.732,0.115,0.152
103200,0.729,0.114,0.156
103300,0.727,0.114,0.158
103400,0.730,0.114,0.155
103500,0.727,0.112,0.160
103600,0.725,0.111,0.163
103700,0.728,0.108,0.163
103800,0.732,0.108,0.159
103900,0.733,0.108,0.158
104000,0.727,0.113,0.159
104100,0.728,0.110,0.161
104200,0.733,0.109,0.157
104300,0.739,0.109,0.152
104400,0.744,0.109,0.147
104500,0.746,0.109,0.145
104600,0.746,0.108,0.146
104700,0.744,0.108,0.148
104800,0.745,0.107,0.148
104900,0.740,0.106,0.154
105000,0.744,0.107,0.149
105100,0.750,0.107,0.143
105200,0.748,0.107,0.145
105300,0.746,0.109,0.145
105400,0.747,0.109,0.144
105500,0.746,0.108,0.146
105600,0.751,0.107,0.142
105700,0.741,0.106,0.153
105800,0.747,0.111,0.142
105900,0.749,0.111,0.140
106000,0.743,0.126,0.132
106100,0.736,0.133,0.131
106200,0.744,0.130,0.127
106300,0.739,0.134,0.128
106400,0.745,0.132,0.124
106500,0.749,0.128,0.124
106600,0.742,0.116,0.142
106700,0.745,0.117,0.138
106800,0.745,0.116,0.139
106900,0.751,0.115,0.134
107000,0.745,0.115,0.140
107100,0.745,0.113,0.142
107200,0.745,0.113,0.142
107300,0.744,0.113,0.143
107400,0.744,0.111,0.145
107500,0.743,0.111,0.146
107600,0.741,0.120,0.140
107700,0.740,0.121,0.140
107800,0.736,0.121,0.143
107900,0.729,0.116,0.154
108000,0.717,0.125,0.158
108100,0.729,0.120,0.151
108200,0.743,0.116,0.141
108300,0.743,0.113,0.144
108400,0.745,0.114,0.141
108500,0.737,0.115,0.147
108600,0.734,0.115,0.150
108700,0.737,0.115,0.147
108800,0.746,0.117,0.137
108900,0.747,0.113,0.140
109000,0.749,0.112,0.139
109100,0.750,0.107,0.143
109200,0.753,0.107,0.140
109300,0.736,0.113,0.150
109400,0.733,0.113,0.153
109500,0.726,0.117,0.156
109600,0.735,0.114,0.150
109700,0.727,0.113,0.159
109800,0.727,0.113,0.159
109900,0.731,0.113,0.155
110000,0.729,0.118,0.152
110100,0.731,0.115,0.153
110200,0.740,0.113,0.147
110300,0.732,0.112,0.155
110400,0.730,0.112,0.157
110500,0.729,0.111,0.159
110600,0.718,0.112,0.170
110700,0.728,0.113,0.158
110800,0.739,0.112,0.149
110900,0.739,0.115,0.146
111000,0.734,0.112,0.153
111100,0.743,0.112,0.145
111200,0.750,0.106,0.144
111300,0.745,0.105,0.150
111400,0.748,0.102,0.150
111500,0.749,0.102,0.149
111600,0.752,0.102,0.146
111700,0.761,0.102,0.137
111800,0.762,0.102,0.136
111900,0.756,0.102,0.142
112000,0.754,0.107,0.139
112100,0.752,0.111,0.137
112200,0.744,0.111,0.145
112300,0.745,0.112,0.143
112400,0.751,0.108,0.141
112500,0.750,0.107,0.143
112600,0.753,0.106,0.141
112700,0.747,0.106,0.147
112800,0.743,0.105,0.152
112900,0.748,0.105,0.147
113000,0.756,0.100,0.144
113100,0.761,0.099,0.140
113200,0.763,0.101,0.136
113300,0.766,0.101,0.133
113400,0.765,0.100,0.135
113500,0.767,0.099,0.134
113600,0.769,0.099,0.132
113700,0.768,0.100,0.132
113800,0.773,0.100,0.127
113900,0.773,0.100,0.127
114000,0.773,0.101,0.126
114100,0.775,0.100,0.125
114200,0.772,0.100,0.128
114300,0.777,0.099,0.124
114400,0.779,0.099,0.122
114500,0.782,0.096,0.122
114600,0.780,0.096,0.124
114700,0.775,0.096,0.129
114800,0.776,0.096,0.128
114900,0.779,0.095,0.126
115000,0.782,0.096,0.122
115100,0.779,0.096,0.125
115200,0.782,0.096,0.122
115300,0.780,0.095,0.125
115400,0.781,0.094,0.125
115500,0.779,0.094,0.127
115600,0.781,0.097,0.122
115700,0.777,0.096,0.127
115800,0.779,0.095,0.126
115900,0.778,0.096,0.126
116000,0.779,0.095,0.126
116100,0.781,0.095,0.124
116200,0.781,0.095,0.124
116300,0.780,0.095,0.125
116400,0.785,0.094,0.121
116500,0.783,0.093,0.124
116600,0.781,0.094,0.125
116700,0.778,0.094,0.128
116800,0.778,0.094,0.128
116900,0.777,0.095,0.128
117000,0.775,0.096,0.129
117100,0.774,0.094,0.132
117200,0.783,0.092,0.125
117300,0.783,0.090,0.127
117400,0.789,0.090,0.122
117500,0.784,0.092,0.124
117600,0.784,0.090,0.126
117700,0.785,0.089,0.126
117800,0.787,0.089,0.125
117900,0.787,0.089,0.125
118000,0.788,0.088,0.125
118100,0.790,0.089,0.122
118200,0.788,0.089,0.124
118300,0.791,0.089,0.121
118400,0.789,0.090,0.122
118500,0.792,0.089,0.120
118600,0.794,0.089,0.117
118700,0.795,0.089,0.116
118800,0.795,0.088,0.117
118900,0.796,0.088,0.116
119000,0.798,0.088,0.114
119100,0.799,0.087,0.114
119200,0.801,0.087,0.112
119300,0.800,0.087,0.113
119400,0.800,0.087,0.113
119500,0.803,0.087,0.110
119600,0.804,0.087,0.109
119700,0.804,0.087,0.109
119800,0.803,0.087,0.110
119900,0.803,0.087,0.110
120000,0.804,0.087,0.109
120100,0.800,0.087,0.113
120200,0.801,0.087,0.112
120300,0.799,0.087,0.114
120400,0.798,0.087,0.115
120500,0.798,0.087,0.115
120600,0.801,0.087,0.112
120700,0.802,0.087,0.111
120800,0.803,0.087,0.110
120900,0.802,0.087,0.111
121000,0.802,0.087,0.111
121100,0.801,0.087,0.112
121200,0.800,0.087,0.113
121300,0.799,0.087,0.114
121400,0.793,0.087,0.121
121500,0.795,0.086,0.120
121600,0.796,0.086,0.118
121700,0.797,0.086,0.117
121800,0.798,0.086,0.116
121900,0.798,0.086,0.116
122000,0.797,0.086,0.117
122100,0.801,0.086,0.113
122200,0.801,0.086,0.113
122300,0.800,0.086,0.114
122400,0.796,0.086,0.118
122500,0.796,0.086,0.118
122600,0.792,0.086,0.123
122700,0.792,0.086,0.123
122800,0.792,0.087,0.122
122900,0.788,0.092,0.121
123000,0.789,0.087,0.125
123100,0.791,0.087,0.123
123200,0.792,0.087,0.122
123300,0.791,0.087,0.123
123400,0.793,0.087,0.121
123500,0.793,0.087,0.121
123600,0.795,0.088,0.117
123700,0.794,0.088,0.118
123800,0.795,0.087,0.118
123900,0.795,0.086,0.120
124000,0.797,0.086,0.117
124100,0.798,0.086,0.116
124200,0.803,0.086,0.111
124300,0.803,0.086,0.111
124400,0.802,0.086,0.112
124500,0.802,0.086,0.112
124600,0.803,0.086,0.111
124700,0.805,0.086,0.109
124800,0.806,0.086,0.108
124900,0.805,0.085,0.110
125000,0.805,0.085,0.110
125100,0.806,0.085,0.109
125200,0.807,0.085,0.108
125300,0.806,0.085,0.109
125400,0.790,0.102,0.108
125500,0.780,0.097,0.123
125600,0.778,0.102,0.120
125700,0.777,0.099,0.124
125800,0.768,0.101,0.131
125900,0.770,0.097,0.133
126000,0.769,0.096,0.135
126100,0.772,0.095,0.133
126200,0.772,0.093,0.135
126300,0.769,0.099,0.132
126400,0.765,0.096,0.139
126500,0.761,0.095,0.144
126600,0.760,0.097,0.143
126700,0.759,0.096,0.145
126800,0.744,0.097,0.159
126900,0.748,0.098,0.154
127000,0.753,0.097,0.150
127100,0.745,0.097,0.158
127200,0.746,0.095,0.159
127300,0.741,0.109,0.150
127400,0.733,0.103,0.163
127500,0.733,0.107,0.159
127600,0.741,0.107,0.152
127700,0.739,0.109,0.152
127800,0.735,0.112,0.152
127900,0.737,0.108,0.154
128000,0.723,0.114,0.162
128100,0.729,0.110,0.160
128200,0.728,0.110,0.161
128300,0.720,0.116,0.163
128400,0.732,0.112,0.155
128500,0.730,0.109,0.160
128600,0.727,0.113,0.159
128700,0.713,0.113,0.174
128800,0.715,0.114,0.171
128900,0.718,0.113,0.169
129000,0.705,0.114,0.181
129100,0.705,0.122,0.174
129200,0.712,0.121,0.168
129300,0.711,0.123,0.166
129400,0.714,0.122,0.164
129500,0.719,0.126,0.155
129600,0.712,0.118,0.170
129700,0.716,0.118,0.165
129800,0.717,0.116,0.166
129900,0.726,0.114,0.159
130000,0.727,0.111,0.161
130100,0.730,0.113,0.156
130200,0.729,0.113,0.157
130300,0.731,0.111,0.157
130400,0.726,0.112,0.161
130500,0.739,0.109,0.152
130600,0.729,0.107,0.163
130700,0.718,0.110,0.172
130800,0.715,0.120,0.165
130900,0.700,0.117,0.183
131000,0.694,0.111,0.195
131100,0.706,0.106,0.188
131200,0.716,0.103,0.181
131300,0.720,0.104,0.176
131400,0.727,0.101,0.172
131500,0.730,0.100,0.170
131600,0.730,0.097,0.173
131700,0.733,0.094,0.173
131800,0.728,0.093,0.179
131900,0.732,0.093,0.175
132000,0.735,0.092,0.173
132100,0.740,0.092,0.169
132200,0.743,0.095,0.162
132300,0.736,0.100,0.163
132400,0.737,0.095,0.168
132500,0.748,0.093,0.159
132600,0.747,0.091,0.162
132700,0.746,0.091,0.163
132800,0.745,0.091,0.164
132900,0.747,0.089,0.164
133000,0.743,0.088,0.170
133100,0.731,0.088,0.181
133200,0.732,0.088,0.180
133300,0.712,0.116,0.172
133400,0.703,0.110,0.187
133500,0.706,0.112,0.182
133600,0.705,0.109,0.186
133700,0.710,0.105,0.185
133800,0.683,0.109,0.207
133900,0.686,0.099,0.215
134000,0.687,0.102,0.210
134100,0.689,0.099,0.211
134200,0.707,0.095,0.198
134300,0.713,0.094,0.193
134400,0.707,0.102,0.191
134500,0.711,0.099,0.190
134600,0.715,0.099,0.186
134700,0.719,0.094,0.187
134800,0.718,0.094,0.188
134900,0.705,0.098,0.197
135000,0.687,0.104,0.208
135100,0.689,0.105,0.205
135200,0.699,0.116,0.185
135300,0.705,0.120,0.176
135400,0.704,0.114,0.182
135500,0.706,0.111,0.183
135600,0.703,0.111,0.186
135700,0.707,0.111,0.182
135800,0.686,0.111,0.202
135900,0.687,0.111,0.201
136000,0.695,0.111,0.194
136100,0.700,0.112,0.188
136200,0.695,0.111,0.194
136300,0.678,0.110,0.211
136400,0.684,0.106,0.209
136500,0.686,0.103,0.210
136600,0.682,0.106,0.211
136700,0.677,0.112,0.210
136800,0.691,0.109,0.200
136900,0.692,0.107,0.201
137000,0.697,0.104,0.199
137100,0.694,0.103,0.203
137200,0.687,0.112,0.200
137300,0.685,0.108,0.206
137400,0.673,0.114,0.212
137500,0.673,0.108,0.219
137600,0.655,0.121,0.225
137700,0.649,0.130,0.222
137800,0.664,0.132,0.204
137900,0.671,0.128,0.201
138000,0.667,0.133,0.200
138100,0.659,0.129,0.212
138200,0.651,0.140,0.209
138300,0.649,0.137,0.215
138400,0.651,0.134,0.216
138500,0.641,0.126,0.233
138600,0.644,0.126,0.231
138700,0.639,0.138,0.223
138800,0.634,0.124,0.242
138900,0.615,0.142,0.243
139000,0.615,0.140,0.245
139100,0.625,0.132,0.243
139200,0.625,0.134,0.241
139300,0.627,0.128,0.245
139400,0.627,0.125,0.248
139500,0.638,0.124,0.238
139600,0.631,0.118,0.250
139700,0.634,0.122,0.244
139800,0.630,0.120,0.250
139900,0.636,0.118,0.245
140000,0.641,0.118,0.240
140100,0.655,0.114,0.231
140200,0.665,0.113,0.222
140300,0.655,0.123,0.223
140400,0.655,0.121,0.225
140500,0.652,0.126,0.223
140600,0.652,0.131,0.218
140700,0.649,0.127,0.225
140800,0.645,0.127,0.229
140900,0.654,0.124,0.223
141000,0.653,0.125,0.223
141100,0.654,0.123,0.224
141200,0.661,0.123,0.217
141300,0.660,0.122,0.219
141400,0.665,0.122,0.213
141500,0.659,0.129,0.212
141600,0.659,0.131,0.210
141700,0.658,0.122,0.221
141800,0.658,0.121,0.222
141900,0.655,0.124,0.222
142000,0.654,0.136,0.210
142100,0.650,0.133,0.218
142200,0.655,0.132,0.213
142300,0.652,0.129,0.220
142400,0.655,0.131,0.215
142500,0.652,0.123,0.226
142600,0.654,0.121,0.226
142700,0.652,0.123,0.226
142800,0.656,0.128,0.217
142900,0.646,0.124,0.231
143000,0.632,0.134,0.234
143100,0.657,0.121,0.223
143200,0.656,0.121,0.224
143300,0.666,0.120,0.215
143400,0.664,0.122,0.215
143500,0.663,0.116,0.221
143600,0.660,0.117,0.223
143700,0.659,0.115,0.226
143800,0.663,0.118,0.219
143900,0.663,0.109,0.228
144000,0.665,0.110,0.225
144100,0.658,0.103,0.239
144200,0.654,0.106,0.240
144300,0.657,0.114,0.229
144400,0.664,0.108,0.228
144500,0.652,0.107,0.241
144600,0.654,0.117,0.229
144700,0.651,0.115,0.234
144800,0.653,0.118,0.229
144900,0.648,0.118,0.234
145000,0.645,0.123,0.233
145100,0.647,0.118,0.235
145200,0.641,0.118,0.240
145300,0.636,0.117,0.246
145400,0.635,0.115,0.249
145500,0.634,0.113,0.252
145600,0.646,0.113,0.241
145700,0.651,0.110,0.239
145800,0.626,0.140,0.234
145900,0.626,0.134,0.240
146000,0.628,0.132,0.240
146100,0.624,0.127,0.249
146200,0.624,0.120,0.256
146300,0.631,0.113,0.255
146400,0.639,0.101,0.259
146500,0.629,0.097,0.274
146600,0.627,0.098,0.275
146700,0.627,0.102,0.271
146800,0.637,0.102,0.260
146900,0.631,0.105,0.264
147000,0.659,0.097,0.244
147100,0.652,0.093,0.255
147200,0.640,0.092,0.268
147300,0.638,0.091,0.271
147400,0.636,0.094,0.270
147500,0.645,0.095,0.260
147600,0.637,0.096,0.267
147700,0.639,0.104,0.256
147800,0.642,0.104,0.253
147900,0.647,0.104,0.249
148000,0.648,0.099,0.253
148100,0.652,0.097,0.251
148200,0.644,0.099,0.257
148300,0.634,0.100,0.266
148400,0.641,0.114,0.244
148500,0.650,0.109,0.241
148600,0.638,0.110,0.251
148700,0.630,0.111,0.258
148800,0.626,0.111,0.263
148900,0.635,0.105,0.259
149000,0.637,0.100,0.263
149100,0.639,0.100,0.260
149200,0.633,0.101,0.266
149300,0.635,0.100,0.265
149400,0.612,0.099,0.289
149500,0.640,0.097,0.263
149600,0.645,0.092,0.264
149700,0.650,0.095,0.255
149800,0.635,0.105,0.259
149900,0.635,0.106,0.258
150000,0.627,0.111,0.261
150100,0.632,0.111,0.256
150200,0.635,0.112,0.252
150300,0.642,0.117,0.240
150400,0.633,0.121,0.246
150500,0.638,0.115,0.246
150600,0.636,0.127,0.237
150700,0.630,0.126,0.244
150800,0.638,0.125,0.237
150900,0.648,0.116,0.236
151000,0.648,0.114,0.238
151100,0.651,0.121,0.229
151200,0.659,0.106,0.235
151300,0.663,0.108,0.229
151400,0.664,0.106,0.230
151500,0.663,0.107,0.230
151600,0.659,0.108,0.233
151700,0.663,0.116,0.221
151800,0.669,0.111,0.220
151900,0.664,0.110,0.226
152000,0.676,0.097,0.227
152100,0.682,0.099,0.219
152200,0.677,0.110,0.212
152300,0.682,0.112,0.205
152400,0.677,0.109,0.213
152500,0.681,0.101,0.218
152600,0.678,0.098,0.224
152700,0.680,0.101,0.219
152800,0.677,0.100,0.223
152900,0.672,0.109,0.219
153000,0.667,0.108,0.225
153100,0.669,0.110,0.221
153200,0.662,0.103,0.235
153300,0.655,0.108,0.237
153400,0.647,0.120,0.234
153500,0.644,0.116,0.240
153600,0.638,0.121,0.241
153700,0.642,0.122,0.236
153800,0.642,0.121,0.237
153900,0.651,0.117,0.232
154000,0.649,0.118,0.233
154100,0.647,0.114,0.239
154200,0.657,0.112,0.231
154300,0.663,0.115,0.222
154400,0.657,0.110,0.233
154500,0.644,0.109,0.247
154600,0.654,0.113,0.233
154700,0.645,0.117,0.238
154800,0.648,0.113,0.239
154900,0.652,0.112,0.236
155000,0.653,0.116,0.231
155100,0.657,0.112,0.231
155200,0.656,0.112,0.232
155300,0.663,0.108,0.229
155400,0.674,0.108,0.218
155500,0.677,0.110,0.212
155600,0.673,0.114,0.212
155700,0.676,0.115,0.208
155800,0.673,0.128,0.199
155900,0.676,0.126,0.198
156000,0.667,0.125,0.208
156100,0.670,0.123,0.207
156200,0.683,0.118,0.198
156300,0.671,0.117,0.211
156400,0.667,0.121,0.212
156500,0.648,0.124,0.229
156600,0.646,0.130,0.225
156700,0.639,0.127,0.234
156800,0.650,0.133,0.218
156900,0.652,0.136,0.212
157000,0.641,0.128,0.231
157100,0.650,0.128,0.223
157200,0.653,0.123,0.225
157300,0.659,0.124,0.218
157400,0.661,0.122,0.218
157500,0.662,0.120,0.219
157600,0.660,0.122,0.219
157700,0.658,0.120,0.223
157800,0.660,0.127,0.213
157900,0.659,0.115,0.226
158000,0.662,0.113,0.225
158100,0.663,0.121,0.217
158200,0.667,0.117,0.216
158300,0.664,0.118,0.218
158400,0.661,0.117,0.222
158500,0.660,0.117,0.223
158600,0.662,0.116,0.222
158700,0.674,0.114,0.211
158800,0.672,0.117,0.210
158900,0.675,0.110,0.215
159000,0.681,0.104,0.215
159100,0.672,0.103,0.225
159200,0.666,0.100,0.234
159300,0.665,0.105,0.230
159400,0.664,0.115,0.221
159500,0.666,0.111,0.223
159600,0.664,0.117,0.219
159700,0.662,0.118,0.220
159800,0.657,0.133,0.210
159900,0.650,0.126,0.225
160000,0.651,0.123,0.227
160100,0.659,0.120,0.222
160200,0.671,0.105,0.224
160300,0.664,0.102,0.234
160400,0.656,0.120,0.225
160500,0.651,0.127,0.223
160600,0.659,0.125,0.217
160700,0.656,0.120,0.225
160800,0.655,0.114,0.231
160900,0.649,0.121,0.231
161000,0.645,0.122,0.234
161100,0.650,0.121,0.230
161200,0.644,0.122,0.235
161300,0.646,0.116,0.238
161400,0.645,0.116,0.239
161500,0.639,0.123,0.238
161600,0.652,0.124,0.225
161700,0.664,0.120,0.217
161800,0.659,0.122,0.220
161900,0.669,0.121,0.210
162000,0.662,0.117,0.221
162100,0.671,0.118,0.210
162200,0.675,0.116,0.208
162300,0.678,0.109,0.212
162400,0.664,0.125,0.211
162500,0.660,0.121,0.220
162600,0.662,0.120,0.219
162700,0.665,0.117,0.218
162800,0.663,0.124,0.213
162900,0.670,0.125,0.205
163000,0.667,0.120,0.213
163100,0.663,0.116,0.221
163200,0.662,0.114,0.224
163300,0.663,0.115,0.222
163400,0.664,0.117,0.219
163500,0.660,0.116,0.224
163600,0.665,0.124,0.211
163700,0.658,0.127,0.216
163800,0.651,0.132,0.218
163900,0.647,0.136,0.218
164000,0.653,0.133,0.215
164100,0.645,0.133,0.223
164200,0.644,0.133,0.224
164300,0.634,0.142,0.224
