time,n_A+p,n_B,n_AB
500,0.030,0.439,0.531
1000,0.030,0.217,0.753
1500,0.030,0.360,0.610
2000,0.030,0.464,0.506
2500,0.030,0.276,0.694
3000,0.030,0.331,0.639
3500,0.030,0.307,0.663
4000,0.030,0.241,0.729
4500,0.030,0.274,0.696
5000,0.030,0.365,0.605
5500,0.030,0.413,0.557
6000,0.030,0.558,0.412
6500,0.030,0.260,0.710
7000,0.030,0.362,0.608
7500,0.030,0.338,0.632
8000,0.030,0.272,0.698
8500,0.030,0.304,0.666
9000,0.030,0.283,0.687
9500,0.030,0.324,0.646
10000,0.030,0.336,0.634
10500,0.030,0.263,0.707
11000,0.030,0.332,0.638
11500,0.030,0.168,0.802
12000,0.030,0.357,0.613
12500,0.030,0.335,0.635
13000,0.030,0.340,0.630
13500,0.030,0.226,0.744
14000,0.030,0.312,0.658
14500,0.030,0.323,0.647
15000,0.030,0.177,0.793
15500,0.030,0.306,0.664
16000,0.030,0.283,0.687
16500,0.030,0.297,0.673
17000,0.030,0.274,0.696
17500,0.030,0.557,0.413
18000,0.030,0.323,0.647
18500,0.030,0.435,0.535
19000,0.030,0.386,0.584
19500,0.030,0.355,0.615
20000,0.030,0.308,0.662
20500,0.030,0.269,0.701
21000,0.030,0.350,0.620
21500,0.030,0.470,0.500
22000,0.030,0.303,0.667
22500,0.030,0.260,0.710
23000,0.030,0.303,0.667
23500,0.030,0.413,0.557
24000,0.030,0.451,0.519
24500,0.030,0.302,0.668
25000,0.030,0.175,0.795
25500,0.030,0.229,0.741
26000,0.030,0.174,0.796
26500,0.492,0.003,0.505
27000,0.974,0.000,0.026
27500,1.000,0.000,0.000
