time,n_A+p,n_B,n_AB
100,0.030,0.969,0.002
200,0.030,0.967,0.003
300,0.030,0.967,0.003
400,0.030,0.947,0.023
500,0.030,0.945,0.025
600,0.030,0.931,0.039
700,0.030,0.931,0.039
800,0.030,0.916,0.055
900,0.030,0.899,0.071
1000,0.030,0.894,0.076
1100,0.030,0.859,0.111
1200,0.030,0.818,0.153
1300,0.030,0.765,0.204
1400,0.031,0.724,0.246
1500,0.031,0.701,0.268
1600,0.031,0.672,0.297
1700,0.032,0.629,0.339
1800,0.034,0.579,0.386
1900,0.036,0.556,0.408
2000,0.033,0.524,0.442
2100,0.036,0.527,0.437
2200,0.035,0.505,0.460
2300,0.037,0.472,0.491
2400,0.042,0.467,0.491
2500,0.039,0.457,0.504
2600,0.034,0.458,0.508
2700,0.045,0.425,0.530
2800,0.045,0.413,0.542
2900,0.045,0.386,0.569
3000,0.040,0.370,0.590
3100,0.040,0.370,0.590
3200,0.038,0.347,0.615
3300,0.039,0.335,0.626
3400,0.045,0.338,0.618
3500,0.044,0.344,0.612
3600,0.040,0.342,0.618
3700,0.045,0.345,0.610
3800,0.044,0.329,0.627
3900,0.047,0.306,0.647
4000,0.057,0.284,0.659
4100,0.049,0.279,0.671
4200,0.051,0.289,0.659
4300,0.053,0.286,0.661
4400,0.048,0.261,0.691
4500,0.052,0.233,0.715
4600,0.077,0.215,0.707
4700,0.087,0.203,0.710
4800,0.112,0.180,0.708
4900,0.098,0.178,0.725
5000,0.092,0.172,0.736
5100,0.095,0.163,0.742
5200,0.097,0.178,0.725
5300,0.103,0.169,0.728
5400,0.100,0.166,0.734
5500,0.085,0.164,0.751
5600,0.086,0.158,0.756
5700,0.083,0.164,0.753
5800,0.073,0.153,0.774
5900,0.084,0.159,0.757
6000,0.090,0.155,0.754
6100,0.089,0.157,0.754
6200,0.076,0.167,0.757
6300,0.080,0.158,0.762
6400,0.077,0.160,0.763
6500,0.072,0.171,0.758
6600,0.071,0.165,0.764
6700,0.067,0.183,0.750
6800,0.065,0.189,0.746
6900,0.065,0.191,0.744
7000,0.070,0.197,0.733
7100,0.077,0.182,0.741
7200,0.072,0.181,0.747
7300,0.061,0.193,0.747
7400,0.062,0.176,0.761
7500,0.061,0.181,0.758
7600,0.068,0.167,0.765
7700,0.068,0.162,0.771
7800,0.070,0.152,0.778
7900,0.066,0.167,0.767
8000,0.063,0.182,0.755
8100,0.069,0.168,0.763
8200,0.062,0.162,0.776
8300,0.066,0.165,0.769
8400,0.058,0.176,0.767
8500,0.056,0.187,0.757
8600,0.055,0.162,0.782
8700,0.052,0.148,0.799
8800,0.058,0.164,0.778
8900,0.056,0.172,0.772
9000,0.068,0.158,0.774
9100,0.072,0.153,0.775
9200,0.078,0.161,0.761
9300,0.090,0.162,0.748
9400,0.089,0.155,0.756
9500,0.097,0.136,0.767
9600,0.085,0.127,0.788
9700,0.093,0.126,0.781
9800,0.086,0.127,0.787
9900,0.081,0.128,0.790
10000,0.072,0.133,0.795
10100,0.073,0.142,0.785
10200,0.073,0.123,0.803
10300,0.069,0.124,0.807
10400,0.101,0.109,0.790
10500,0.095,0.106,0.799
10600,0.107,0.112,0.781
10700,0.099,0.108,0.793
10800,0.103,0.100,0.797
10900,0.097,0.096,0.807
11000,0.112,0.089,0.799
11100,0.100,0.081,0.818
11200,0.098,0.076,0.826
11300,0.110,0.072,0.818
11400,0.134,0.067,0.799
11500,0.143,0.063,0.794
11600,0.149,0.063,0.788
11700,0.153,0.065,0.782
11800,0.152,0.073,0.775
11900,0.172,0.077,0.751
12000,0.189,0.072,0.739
12100,0.193,0.072,0.735
12200,0.218,0.073,0.710
12300,0.224,0.070,0.706
12400,0.222,0.063,0.714
12500,0.210,0.062,0.728
12600,0.189,0.066,0.746
12700,0.187,0.061,0.751
12800,0.188,0.062,0.750
12900,0.198,0.059,0.742
13000,0.211,0.058,0.732
13100,0.192,0.057,0.751
13200,0.192,0.053,0.755
13300,0.179,0.051,0.769
13400,0.183,0.052,0.765
13500,0.199,0.055,0.746
13600,0.178,0.056,0.766
13700,0.165,0.061,0.774
13800,0.173,0.057,0.770
13900,0.174,0.061,0.765
14000,0.162,0.058,0.781
14100,0.155,0.052,0.793
14200,0.157,0.052,0.791
14300,0.161,0.051,0.788
14400,0.157,0.051,0.792
14500,0.150,0.052,0.799
14600,0.148,0.054,0.799
14700,0.147,0.054,0.799
14800,0.144,0.054,0.802
14900,0.177,0.050,0.773
15000,0.156,0.061,0.783
15100,0.157,0.056,0.787
15200,0.155,0.050,0.795
15300,0.161,0.046,0.793
15400,0.176,0.051,0.773
15500,0.170,0.060,0.770
15600,0.161,0.056,0.783
15700,0.166,0.058,0.775
15800,0.184,0.051,0.765
15900,0.193,0.045,0.762
16000,0.204,0.042,0.754
16100,0.198,0.049,0.753
16200,0.189,0.046,0.765
16300,0.190,0.044,0.765
16400,0.176,0.042,0.782
16500,0.180,0.041,0.779
16600,0.197,0.045,0.757
16700,0.208,0.049,0.742
16800,0.194,0.055,0.751
16900,0.226,0.049,0.725
17000,0.224,0.049,0.728
17100,0.201,0.045,0.754
17200,0.211,0.045,0.743
17300,0.203,0.040,0.757
17400,0.203,0.037,0.761
17500,0.218,0.036,0.747
17600,0.215,0.039,0.746
17700,0.229,0.040,0.731
17800,0.242,0.042,0.717
17900,0.231,0.042,0.728
18000,0.218,0.038,0.744
18100,0.217,0.040,0.744
18200,0.202,0.041,0.757
18300,0.200,0.042,0.757
18400,0.195,0.048,0.757
18500,0.192,0.042,0.767
18600,0.168,0.048,0.783
18700,0.196,0.042,0.762
18800,0.202,0.035,0.763
18900,0.202,0.033,0.765
19000,0.212,0.029,0.758
19100,0.209,0.027,0.764
19200,0.201,0.034,0.765
19300,0.190,0.033,0.777
19400,0.169,0.036,0.795
19500,0.172,0.038,0.790
19600,0.186,0.036,0.778
19700,0.183,0.040,0.778
19800,0.166,0.038,0.796
19900,0.168,0.031,0.800
20000,0.189,0.033,0.778
20100,0.172,0.029,0.799
20200,0.169,0.033,0.797
20300,0.163,0.037,0.800
20400,0.154,0.032,0.814
20500,0.155,0.037,0.808
20600,0.148,0.036,0.816
20700,0.155,0.036,0.810
20800,0.144,0.034,0.822
20900,0.154,0.041,0.804
21000,0.145,0.038,0.817
21100,0.147,0.040,0.813
21200,0.166,0.040,0.793
21300,0.186,0.037,0.776
21400,0.184,0.037,0.779
21500,0.201,0.036,0.763
21600,0.175,0.031,0.794
21700,0.159,0.038,0.803
21800,0.169,0.049,0.781
21900,0.158,0.041,0.800
22000,0.168,0.041,0.790
22100,0.169,0.036,0.795
22200,0.180,0.047,0.774
22300,0.161,0.044,0.795
22400,0.159,0.044,0.797
22500,0.178,0.043,0.779
22600,0.156,0.034,0.810
22700,0.144,0.044,0.811
22800,0.132,0.042,0.826
22900,0.143,0.047,0.811
23000,0.172,0.041,0.787
23100,0.172,0.038,0.790
23200,0.168,0.047,0.786
23300,0.179,0.041,0.780
23400,0.186,0.041,0.774
23500,0.182,0.039,0.779
23600,0.186,0.041,0.773
23700,0.197,0.037,0.766
23800,0.210,0.037,0.754
23900,0.194,0.032,0.774
24000,0.186,0.032,0.782
24100,0.172,0.033,0.795
24200,0.160,0.033,0.807
24300,0.158,0.030,0.813
24400,0.155,0.028,0.817
24500,0.168,0.037,0.796
24600,0.169,0.032,0.799
24700,0.165,0.038,0.796
24800,0.164,0.044,0.792
24900,0.159,0.049,0.791
25000,0.174,0.042,0.783
25100,0.187,0.040,0.773
25200,0.192,0.036,0.772
25300,0.201,0.041,0.758
25400,0.235,0.041,0.724
25500,0.226,0.037,0.737
25600,0.219,0.031,0.750
25700,0.213,0.032,0.755
25800,0.204,0.042,0.753
25900,0.210,0.036,0.754
26000,0.204,0.034,0.762
26100,0.200,0.038,0.761
26200,0.207,0.037,0.757
26300,0.209,0.038,0.753
26400,0.200,0.040,0.760
26500,0.228,0.035,0.737
26600,0.217,0.030,0.753
26700,0.218,0.031,0.751
26800,0.234,0.030,0.736
26900,0.236,0.034,0.730
27000,0.212,0.035,0.753
27100,0.220,0.044,0.736
27200,0.214,0.041,0.745
27300,0.217,0.048,0.735
27400,0.202,0.049,0.749
27500,0.183,0.044,0.773
27600,0.204,0.055,0.740
27700,0.210,0.049,0.742
27800,0.201,0.054,0.745
27900,0.210,0.042,0.748
28000,0.210,0.043,0.747
28100,0.228,0.037,0.736
28200,0.257,0.037,0.706
28300,0.254,0.034,0.711
28400,0.249,0.037,0.714
28500,0.222,0.031,0.747
28600,0.236,0.042,0.722
28700,0.230,0.049,0.721
28800,0.236,0.040,0.725
28900,0.217,0.037,0.746
29000,0.221,0.040,0.739
29100,0.229,0.038,0.733
29200,0.228,0.034,0.738
29300,0.226,0.033,0.740
29400,0.214,0.033,0.754
29500,0.222,0.038,0.740
29600,0.232,0.042,0.725
29700,0.226,0.045,0.728
29800,0.217,0.040,0.743
29900,0.206,0.036,0.758
30000,0.187,0.042,0.771
30100,0.200,0.041,0.758
30200,0.239,0.041,0.721
30300,0.198,0.037,0.765
30400,0.214,0.042,0.744
30500,0.203,0.044,0.754
30600,0.194,0.046,0.760
30700,0.194,0.040,0.766
30800,0.192,0.044,0.764
30900,0.197,0.044,0.758
31000,0.193,0.040,0.767
31100,0.177,0.034,0.789
31200,0.218,0.031,0.751
31300,0.205,0.026,0.769
31400,0.214,0.026,0.760
31500,0.213,0.030,0.757
31600,0.203,0.036,0.761
31700,0.229,0.034,0.737
31800,0.211,0.029,0.761
31900,0.199,0.028,0.773
32000,0.203,0.027,0.771
32100,0.171,0.030,0.799
32200,0.178,0.034,0.788
32300,0.168,0.036,0.796
32400,0.161,0.029,0.811
32500,0.150,0.034,0.816
32600,0.138,0.038,0.824
32700,0.157,0.034,0.809
32800,0.144,0.040,0.817
32900,0.140,0.036,0.824
33000,0.175,0.041,0.785
33100,0.172,0.038,0.790
33200,0.164,0.037,0.800
33300,0.189,0.031,0.780
33400,0.197,0.030,0.773
33500,0.187,0.026,0.787
33600,0.190,0.026,0.784
33700,0.210,0.033,0.758
33800,0.190,0.040,0.770
33900,0.174,0.045,0.781
34000,0.173,0.051,0.776
34100,0.164,0.058,0.779
34200,0.183,0.059,0.757
34300,0.187,0.056,0.757
34400,0.171,0.048,0.781
34500,0.187,0.044,0.769
34600,0.195,0.044,0.761
34700,0.214,0.051,0.735
34800,0.215,0.048,0.737
34900,0.209,0.044,0.747
35000,0.204,0.038,0.757
35100,0.203,0.034,0.763
35200,0.211,0.031,0.758
35300,0.202,0.029,0.769
35400,0.207,0.038,0.755
35500,0.185,0.037,0.778
35600,0.194,0.032,0.774
35700,0.183,0.030,0.787
35800,0.190,0.034,0.776
35900,0.180,0.036,0.783
36000,0.172,0.036,0.792
36100,0.173,0.037,0.789
36200,0.166,0.039,0.795
36300,0.148,0.040,0.811
36400,0.153,0.044,0.803
36500,0.183,0.049,0.768
36600,0.181,0.045,0.774
36700,0.179,0.044,0.776
36800,0.174,0.045,0.781
36900,0.148,0.059,0.792
37000,0.139,0.054,0.807
37100,0.141,0.045,0.814
37200,0.130,0.068,0.802
37300,0.124,0.059,0.817
37400,0.148,0.052,0.800
37500,0.142,0.047,0.811
37600,0.140,0.041,0.819
37700,0.129,0.044,0.828
37800,0.149,0.040,0.811
37900,0.147,0.052,0.801
38000,0.161,0.043,0.796
38100,0.174,0.045,0.781
38200,0.164,0.045,0.792
38300,0.150,0.052,0.797
38400,0.153,0.054,0.793
38500,0.154,0.054,0.793
38600,0.146,0.052,0.802
38700,0.170,0.053,0.777
38800,0.165,0.056,0.779
38900,0.165,0.058,0.776
39000,0.159,0.053,0.788
39100,0.164,0.049,0.786
39200,0.171,0.051,0.778
39300,0.166,0.042,0.792
39400,0.163,0.041,0.796
39500,0.169,0.041,0.790
39600,0.167,0.037,0.796
39700,0.176,0.037,0.786
39800,0.213,0.040,0.747
39900,0.214,0.037,0.749
40000,0.249,0.028,0.724
40100,0.247,0.029,0.724
40200,0.233,0.030,0.736
40300,0.225,0.032,0.743
40400,0.204,0.032,0.764
40500,0.204,0.031,0.764
40600,0.183,0.030,0.787
40700,0.197,0.029,0.774
40800,0.192,0.029,0.779
40900,0.207,0.029,0.764
41000,0.203,0.024,0.773
41100,0.204,0.026,0.770
41200,0.207,0.029,0.765
41300,0.207,0.027,0.767
41400,0.225,0.026,0.749
41500,0.205,0.027,0.767
41600,0.193,0.030,0.778
41700,0.190,0.034,0.775
41800,0.185,0.028,0.787
41900,0.185,0.025,0.790
42000,0.182,0.024,0.795
42100,0.172,0.024,0.803
42200,0.180,0.030,0.790
42300,0.176,0.033,0.791
42400,0.169,0.034,0.796
42500,0.196,0.039,0.765
42600,0.173,0.034,0.792
42700,0.159,0.033,0.808
42800,0.158,0.038,0.803
42900,0.176,0.036,0.789
43000,0.178,0.038,0.785
43100,0.170,0.039,0.791
43200,0.168,0.043,0.789
43300,0.166,0.038,0.795
43400,0.198,0.035,0.767
43500,0.201,0.030,0.769
43600,0.187,0.030,0.783
43700,0.179,0.036,0.785
43800,0.198,0.031,0.771
43900,0.185,0.035,0.781
44000,0.176,0.034,0.790
44100,0.194,0.034,0.772
44200,0.177,0.031,0.792
44300,0.178,0.031,0.791
44400,0.178,0.030,0.792
44500,0.189,0.034,0.777
44600,0.182,0.047,0.771
44700,0.178,0.042,0.781
44800,0.166,0.045,0.788
44900,0.158,0.043,0.799
45000,0.168,0.053,0.779
45100,0.161,0.052,0.788
45200,0.157,0.054,0.789
45300,0.165,0.054,0.781
45400,0.169,0.045,0.786
45500,0.187,0.046,0.767
45600,0.200,0.045,0.755
45700,0.179,0.042,0.778
45800,0.158,0.042,0.799
45900,0.172,0.036,0.792
46000,0.156,0.034,0.810
46100,0.154,0.034,0.811
46200,0.144,0.036,0.820
46300,0.170,0.034,0.796
46400,0.166,0.037,0.796
46500,0.156,0.043,0.801
46600,0.150,0.049,0.802
46700,0.165,0.043,0.792
46800,0.184,0.053,0.763
46900,0.169,0.051,0.781
47000,0.169,0.038,0.792
47100,0.203,0.038,0.758
47200,0.223,0.030,0.747
47300,0.222,0.024,0.753
47400,0.240,0.021,0.739
47500,0.224,0.018,0.758
47600,0.213,0.019,0.768
47700,0.203,0.019,0.778
47800,0.203,0.020,0.778
47900,0.173,0.016,0.810
48000,0.190,0.022,0.789
48100,0.178,0.020,0.802
48200,0.173,0.026,0.801
48300,0.169,0.024,0.806
48400,0.158,0.030,0.813
48500,0.174,0.023,0.803
48600,0.169,0.022,0.808
48700,0.164,0.025,0.811
48800,0.169,0.028,0.803
48900,0.170,0.028,0.802
49000,0.176,0.028,0.796
49100,0.162,0.024,0.813
49200,0.174,0.025,0.801
49300,0.211,0.026,0.763
49400,0.220,0.029,0.751
49500,0.198,0.023,0.779
49600,0.208,0.019,0.774
49700,0.203,0.024,0.772
49800,0.193,0.036,0.771
49900,0.198,0.034,0.768
50000,0.195,0.044,0.761
50100,0.192,0.041,0.767
50200,0.175,0.040,0.785
50300,0.178,0.037,0.785
50400,0.159,0.034,0.807
50500,0.177,0.037,0.786
50600,0.182,0.036,0.783
50700,0.172,0.035,0.793
50800,0.175,0.032,0.793
50900,0.190,0.037,0.773
51000,0.184,0.037,0.779
51100,0.179,0.033,0.788
51200,0.181,0.031,0.788
51300,0.168,0.033,0.800
51400,0.158,0.038,0.804
51500,0.183,0.029,0.788
51600,0.175,0.025,0.800
51700,0.177,0.026,0.797
51800,0.179,0.023,0.798
51900,0.172,0.029,0.799
52000,0.173,0.036,0.791
52100,0.160,0.039,0.801
52200,0.145,0.044,0.811
52300,0.140,0.037,0.823
52400,0.138,0.046,0.816
52500,0.160,0.051,0.789
52600,0.155,0.045,0.800
52700,0.139,0.048,0.813
52800,0.139,0.059,0.802
52900,0.147,0.062,0.792
53000,0.132,0.059,0.810
53100,0.128,0.054,0.818
53200,0.132,0.047,0.822
53300,0.162,0.046,0.792
53400,0.155,0.046,0.799
53500,0.159,0.048,0.793
53600,0.139,0.043,0.818
53700,0.141,0.037,0.822
53800,0.144,0.042,0.814
53900,0.130,0.041,0.829
54000,0.141,0.038,0.821
54100,0.130,0.036,0.835
54200,0.141,0.044,0.814
54300,0.155,0.037,0.808
54400,0.165,0.045,0.790
54500,0.189,0.037,0.774
54600,0.198,0.031,0.771
54700,0.187,0.030,0.783
54800,0.205,0.034,0.761
54900,0.192,0.029,0.779
55000,0.204,0.033,0.764
55100,0.210,0.034,0.756
55200,0.201,0.033,0.765
55300,0.201,0.030,0.769
55400,0.196,0.030,0.775
55500,0.181,0.036,0.783
55600,0.190,0.032,0.778
55700,0.179,0.032,0.789
55800,0.161,0.033,0.806
55900,0.183,0.050,0.767
56000,0.187,0.063,0.750
56100,0.161,0.055,0.784
56200,0.162,0.055,0.783
56300,0.180,0.055,0.765
56400,0.171,0.042,0.786
56500,0.173,0.036,0.792
56600,0.153,0.029,0.818
56700,0.169,0.031,0.800
56800,0.161,0.037,0.802
56900,0.182,0.035,0.783
57000,0.201,0.033,0.765
57100,0.187,0.031,0.781
57200,0.206,0.031,0.763
57300,0.194,0.036,0.771
57400,0.192,0.031,0.777
57500,0.193,0.032,0.775
57600,0.195,0.034,0.771
57700,0.237,0.033,0.730
57800,0.235,0.027,0.738
57900,0.228,0.024,0.747
58000,0.220,0.030,0.750
58100,0.222,0.036,0.742
58200,0.210,0.032,0.758
58300,0.189,0.033,0.778
58400,0.190,0.034,0.776
58500,0.171,0.037,0.793
58600,0.162,0.039,0.799
58700,0.162,0.037,0.801
58800,0.154,0.047,0.800
58900,0.146,0.048,0.806
59000,0.175,0.045,0.779
59100,0.157,0.049,0.794
59200,0.141,0.042,0.816
59300,0.129,0.041,0.829
59400,0.117,0.045,0.838
59500,0.124,0.041,0.835
59600,0.139,0.049,0.812
59700,0.146,0.045,0.809
59800,0.129,0.052,0.819
59900,0.121,0.051,0.828
60000,0.130,0.042,0.828
60100,0.134,0.037,0.829
60200,0.154,0.042,0.804
60300,0.158,0.042,0.800
60400,0.162,0.040,0.799
60500,0.143,0.044,0.813
60600,0.143,0.038,0.818
60700,0.139,0.039,0.822
60800,0.157,0.054,0.790
60900,0.149,0.044,0.807
61000,0.150,0.042,0.807
61100,0.149,0.041,0.810
61200,0.141,0.044,0.815
61300,0.141,0.048,0.811
61400,0.143,0.044,0.813
61500,0.155,0.048,0.797
61600,0.140,0.046,0.814
61700,0.140,0.040,0.820
61800,0.146,0.039,0.815
61900,0.140,0.032,0.828
62000,0.137,0.044,0.819
62100,0.141,0.054,0.806
62200,0.161,0.048,0.792
62300,0.161,0.047,0.792
62400,0.153,0.048,0.800
62500,0.160,0.044,0.796
62600,0.155,0.052,0.793
62700,0.150,0.045,0.804
62800,0.142,0.047,0.811
62900,0.141,0.049,0.810
63000,0.147,0.046,0.807
63100,0.147,0.042,0.810
63200,0.147,0.054,0.800
63300,0.140,0.047,0.814
63400,0.148,0.039,0.813
63500,0.157,0.036,0.807
63600,0.144,0.040,0.815
63700,0.145,0.049,0.806
63800,0.145,0.043,0.812
63900,0.147,0.045,0.808
64000,0.168,0.039,0.793
64100,0.161,0.039,0.800
64200,0.162,0.040,0.799
64300,0.179,0.040,0.781
64400,0.193,0.042,0.765
64500,0.167,0.044,0.789
64600,0.187,0.041,0.772
64700,0.185,0.054,0.761
64800,0.162,0.063,0.775
64900,0.182,0.061,0.758
65000,0.178,0.057,0.765
65100,0.181,0.055,0.764
65200,0.165,0.055,0.781
65300,0.159,0.049,0.792
65400,0.151,0.051,0.798
65500,0.156,0.049,0.795
65600,0.158,0.041,0.800
65700,0.164,0.062,0.774
65800,0.165,0.069,0.766
65900,0.164,0.066,0.770
66000,0.147,0.079,0.774
66100,0.151,0.065,0.785
66200,0.139,0.070,0.791
66300,0.139,0.069,0.792
66400,0.139,0.064,0.797
66500,0.136,0.069,0.795
66600,0.137,0.060,0.803
66700,0.151,0.056,0.793
66800,0.162,0.063,0.775
66900,0.157,0.055,0.788
67000,0.153,0.061,0.786
67100,0.159,0.051,0.790
67200,0.158,0.054,0.789
67300,0.148,0.049,0.803
67400,0.164,0.043,0.793
67500,0.154,0.047,0.799
67600,0.166,0.048,0.786
67700,0.157,0.056,0.786
67800,0.163,0.051,0.786
67900,0.150,0.043,0.807
68000,0.155,0.038,0.807
68100,0.162,0.037,0.801
68200,0.171,0.047,0.782
68300,0.164,0.040,0.797
68400,0.186,0.032,0.782
68500,0.188,0.030,0.782
68600,0.177,0.036,0.788
68700,0.200,0.031,0.769
68800,0.196,0.033,0.771
68900,0.201,0.036,0.763
69000,0.193,0.031,0.776
69100,0.197,0.026,0.777
69200,0.197,0.023,0.780
69300,0.200,0.024,0.776
69400,0.189,0.024,0.787
69500,0.189,0.030,0.782
69600,0.171,0.031,0.799
69700,0.178,0.028,0.795
69800,0.215,0.031,0.753
69900,0.208,0.029,0.763
70000,0.212,0.024,0.764
70100,0.205,0.025,0.770
70200,0.207,0.023,0.770
70300,0.225,0.026,0.750
70400,0.235,0.027,0.738
70500,0.230,0.026,0.744
70600,0.229,0.027,0.744
70700,0.225,0.031,0.744
70800,0.206,0.027,0.767
70900,0.214,0.028,0.758
71000,0.218,0.031,0.750
71100,0.226,0.027,0.747
71200,0.209,0.029,0.762
71300,0.211,0.029,0.761
71400,0.200,0.032,0.768
71500,0.190,0.038,0.772
71600,0.189,0.031,0.780
71700,0.189,0.027,0.784
71800,0.198,0.024,0.778
71900,0.213,0.022,0.765
72000,0.219,0.022,0.759
72100,0.231,0.020,0.749
72200,0.255,0.016,0.729
72300,0.256,0.019,0.725
72400,0.252,0.020,0.728
72500,0.243,0.027,0.731
72600,0.241,0.026,0.733
72700,0.282,0.030,0.688
72800,0.260,0.025,0.715
72900,0.278,0.017,0.705
73000,0.292,0.019,0.689
73100,0.283,0.029,0.689
73200,0.268,0.025,0.707
73300,0.285,0.020,0.694
73400,0.272,0.023,0.705
73500,0.271,0.028,0.701
73600,0.282,0.024,0.694
73700,0.263,0.025,0.712
73800,0.266,0.020,0.714
73900,0.259,0.020,0.721
74000,0.302,0.022,0.676
74100,0.270,0.020,0.710
74200,0.251,0.020,0.729
74300,0.263,0.019,0.718
74400,0.265,0.019,0.717
74500,0.262,0.016,0.722
74600,0.280,0.016,0.704
74700,0.285,0.019,0.696
74800,0.275,0.018,0.707
74900,0.281,0.017,0.702
75000,0.269,0.016,0.715
75100,0.252,0.015,0.733
75200,0.241,0.015,0.744
75300,0.230,0.011,0.759
75400,0.243,0.014,0.743
75500,0.245,0.015,0.740
75600,0.236,0.017,0.747
75700,0.248,0.021,0.731
75800,0.286,0.020,0.694
75900,0.276,0.022,0.701
76000,0.265,0.019,0.716
76100,0.280,0.020,0.700
76200,0.269,0.021,0.710
76300,0.268,0.023,0.708
76400,0.257,0.021,0.722
76500,0.279,0.022,0.698
76600,0.276,0.019,0.705
76700,0.299,0.020,0.681
76800,0.278,0.021,0.701
76900,0.289,0.016,0.694
77000,0.269,0.018,0.712
77100,0.252,0.017,0.731
77200,0.235,0.022,0.743
77300,0.233,0.027,0.739
77400,0.210,0.024,0.766
77500,0.215,0.019,0.765
77600,0.200,0.024,0.776
77700,0.222,0.024,0.754
77800,0.228,0.029,0.743
77900,0.212,0.023,0.765
78000,0.230,0.017,0.753
78100,0.233,0.026,0.742
78200,0.225,0.024,0.751
78300,0.242,0.018,0.740
78400,0.250,0.017,0.733
78500,0.272,0.016,0.712
78600,0.265,0.016,0.718
78700,0.260,0.020,0.720
78800,0.273,0.013,0.714
78900,0.276,0.013,0.711
79000,0.279,0.012,0.709
79100,0.288,0.014,0.698
79200,0.296,0.014,0.690
79300,0.311,0.016,0.673
79400,0.322,0.013,0.665
79500,0.311,0.019,0.671
79600,0.302,0.013,0.685
79700,0.293,0.011,0.696
79800,0.302,0.009,0.690
79900,0.274,0.012,0.714
80000,0.288,0.019,0.693
80100,0.263,0.022,0.716
80200,0.258,0.024,0.718
80300,0.252,0.044,0.704
80400,0.229,0.035,0.736
80500,0.228,0.031,0.740
80600,0.229,0.028,0.743
80700,0.226,0.026,0.748
80800,0.210,0.029,0.761
80900,0.203,0.028,0.769
81000,0.189,0.029,0.782
81100,0.204,0.035,0.761
81200,0.208,0.029,0.763
81300,0.205,0.029,0.766
81400,0.213,0.026,0.761
81500,0.228,0.029,0.743
81600,0.212,0.030,0.758
81700,0.228,0.029,0.743
81800,0.217,0.035,0.748
81900,0.229,0.029,0.742
82000,0.217,0.028,0.756
82100,0.225,0.025,0.750
82200,0.239,0.024,0.737
82300,0.249,0.026,0.725
82400,0.234,0.025,0.741
82500,0.228,0.027,0.745
82600,0.205,0.034,0.761
82700,0.205,0.044,0.751
82800,0.208,0.042,0.750
82900,0.188,0.041,0.771
83000,0.197,0.037,0.766
83100,0.196,0.032,0.772
83200,0.207,0.031,0.762
83300,0.198,0.024,0.778
83400,0.196,0.031,0.773
83500,0.212,0.024,0.764
83600,0.200,0.019,0.781
83700,0.199,0.019,0.782
83800,0.229,0.020,0.751
83900,0.228,0.022,0.750
84000,0.229,0.023,0.748
84100,0.237,0.029,0.733
84200,0.261,0.027,0.712
84300,0.257,0.029,0.714
84400,0.256,0.026,0.718
84500,0.254,0.034,0.712
84600,0.243,0.030,0.727
84700,0.249,0.034,0.718
84800,0.249,0.030,0.721
84900,0.216,0.027,0.757
85000,0.219,0.031,0.750
85100,0.200,0.030,0.770
85200,0.193,0.033,0.775
85300,0.186,0.045,0.768
85400,0.208,0.036,0.756
85500,0.191,0.029,0.781
85600,0.194,0.033,0.773
85700,0.201,0.037,0.763
85800,0.200,0.042,0.757
85900,0.196,0.040,0.764
86000,0.190,0.034,0.775
86100,0.198,0.035,0.767
86200,0.178,0.044,0.778
86300,0.170,0.034,0.796
86400,0.172,0.033,0.795
86500,0.166,0.027,0.807
86600,0.176,0.032,0.792
86700,0.165,0.025,0.810
86800,0.190,0.024,0.786
86900,0.179,0.036,0.786
87000,0.164,0.052,0.785
87100,0.161,0.056,0.783
87200,0.161,0.055,0.784
87300,0.159,0.068,0.773
87400,0.156,0.052,0.792
87500,0.151,0.052,0.797
87600,0.164,0.044,0.793
87700,0.180,0.043,0.777
87800,0.179,0.036,0.786
87900,0.169,0.035,0.796
88000,0.173,0.035,0.792
88100,0.202,0.034,0.764
88200,0.191,0.031,0.778
88300,0.209,0.028,0.763
88400,0.209,0.024,0.767
88500,0.205,0.029,0.766
88600,0.209,0.025,0.766
88700,0.212,0.036,0.751
88800,0.207,0.033,0.760
88900,0.209,0.030,0.761
89000,0.208,0.036,0.756
89100,0.192,0.034,0.774
89200,0.192,0.036,0.773
89300,0.172,0.033,0.795
89400,0.165,0.037,0.797
89500,0.153,0.045,0.802
89600,0.172,0.047,0.782
89700,0.171,0.044,0.785
89800,0.176,0.040,0.784
89900,0.176,0.045,0.779
90000,0.164,0.049,0.788
90100,0.158,0.041,0.801
90200,0.147,0.055,0.797
90300,0.152,0.045,0.803
90400,0.143,0.044,0.813
90500,0.147,0.048,0.804
90600,0.147,0.045,0.808
90700,0.161,0.048,0.791
90800,0.191,0.045,0.764
90900,0.191,0.042,0.767
91000,0.194,0.042,0.764
91100,0.183,0.033,0.784
91200,0.180,0.053,0.767
91300,0.173,0.058,0.769
91400,0.192,0.070,0.739
91500,0.170,0.074,0.756
91600,0.166,0.067,0.767
91700,0.178,0.083,0.739
91800,0.193,0.069,0.738
91900,0.203,0.059,0.738
92000,0.218,0.054,0.728
92100,0.189,0.051,0.760
92200,0.187,0.047,0.765
92300,0.204,0.038,0.757
92400,0.210,0.037,0.754
92500,0.207,0.031,0.761
92600,0.192,0.040,0.768
92700,0.186,0.041,0.773
92800,0.174,0.048,0.778
92900,0.187,0.044,0.769
93000,0.181,0.041,0.778
93100,0.172,0.052,0.775
93200,0.176,0.046,0.778
93300,0.154,0.052,0.795
93400,0.150,0.051,0.799
93500,0.144,0.046,0.810
93600,0.146,0.041,0.813
93700,0.154,0.040,0.807
93800,0.161,0.038,0.801
93900,0.171,0.030,0.800
94000,0.196,0.026,0.779
94100,0.203,0.031,0.767
94200,0.194,0.028,0.778
94300,0.174,0.050,0.776
94400,0.166,0.045,0.788
94500,0.157,0.041,0.803
94600,0.171,0.039,0.790
94700,0.150,0.035,0.815
94800,0.158,0.031,0.811
94900,0.182,0.031,0.787
95000,0.196,0.032,0.772
95100,0.194,0.031,0.774
95200,0.193,0.038,0.769
95300,0.188,0.044,0.768
95400,0.168,0.040,0.792
95500,0.172,0.040,0.788
95600,0.178,0.037,0.785
95700,0.204,0.040,0.756
95800,0.193,0.042,0.765
95900,0.200,0.038,0.763
96000,0.183,0.033,0.784
96100,0.199,0.047,0.754
96200,0.198,0.054,0.749
96300,0.198,0.043,0.758
96400,0.190,0.041,0.768
96500,0.197,0.040,0.763
96600,0.198,0.042,0.760
96700,0.188,0.044,0.768
96800,0.178,0.039,0.783
96900,0.182,0.045,0.774
97000,0.174,0.044,0.782
97100,0.173,0.037,0.790
97200,0.189,0.034,0.776
97300,0.184,0.036,0.781
97400,0.186,0.041,0.772
97500,0.198,0.036,0.766
97600,0.200,0.041,0.759
97700,0.196,0.036,0.768
97800,0.211,0.033,0.756
97900,0.201,0.036,0.764
98000,0.210,0.033,0.757
98100,0.207,0.033,0.760
98200,0.193,0.047,0.760
98300,0.183,0.045,0.772
98400,0.182,0.041,0.778
98500,0.173,0.033,0.794
98600,0.168,0.037,0.795
98700,0.164,0.041,0.796
98800,0.160,0.037,0.803
98900,0.170,0.036,0.795
99000,0.167,0.033,0.800
99100,0.164,0.036,0.801
99200,0.168,0.031,0.801
99300,0.173,0.029,0.797
99400,0.156,0.034,0.810
99500,0.146,0.035,0.820
99600,0.149,0.038,0.813
99700,0.151,0.037,0.811
99800,0.147,0.038,0.814
99900,0.155,0.046,0.799
100000,0.152,0.038,0.810
