time,n_A+p,n_B,n_AB
500,0.030,0.644,0.326
1000,0.030,0.511,0.459
1500,0.030,0.422,0.548
2000,0.030,0.376,0.594
2500,0.030,0.294,0.676
3000,0.030,0.215,0.755
3500,0.030,0.577,0.393
4000,0.030,0.262,0.708
4500,0.030,0.278,0.692
5000,0.030,0.353,0.617
5500,0.030,0.432,0.538
6000,0.030,0.367,0.603
6500,0.030,0.358,0.612
7000,0.030,0.387,0.583
7500,0.030,0.367,0.603
8000,0.030,0.310,0.660
8500,0.030,0.238,0.732
9000,0.030,0.378,0.592
9500,0.030,0.293,0.677
10000,0.030,0.239,0.731
10500,0.030,0.305,0.665
11000,0.030,0.395,0.575
11500,0.030,0.338,0.632
12000,0.030,0.402,0.568
12500,0.030,0.398,0.572
13000,0.030,0.392,0.578
13500,0.030,0.411,0.559
14000,0.030,0.443,0.527
14500,0.030,0.414,0.556
15000,0.030,0.382,0.588
15500,0.030,0.288,0.682
16000,0.030,0.335,0.635
16500,0.030,0.413,0.557
17000,0.030,0.383,0.587
17500,0.030,0.375,0.595
18000,0.030,0.446,0.524
18500,0.030,0.464,0.506
19000,0.030,0.224,0.746
19500,0.030,0.277,0.693
20000,0.030,0.293,0.677
20500,0.030,0.396,0.574
21000,0.030,0.423,0.547
21500,0.030,0.248,0.722
22000,0.030,0.423,0.547
22500,0.030,0.488,0.482
23000,0.030,0.433,0.537
23500,0.030,0.440,0.530
24000,0.030,0.173,0.797
24500,0.030,0.271,0.699
25000,0.030,0.286,0.684
25500,0.030,0.484,0.486
26000,0.030,0.441,0.529
26500,0.030,0.359,0.611
27000,0.030,0.329,0.641
27500,0.030,0.414,0.556
28000,0.030,0.349,0.621
28500,0.030,0.412,0.558
29000,0.030,0.313,0.657
29500,0.030,0.412,0.558
30000,0.030,0.361,0.609
30500,0.030,0.269,0.701
31000,0.030,0.568,0.402
31500,0.104,0.031,0.865
32000,0.984,0.000,0.016
32500,1.000,0.000,0.000
