time,n_A+p,n_B,n_AB
500,0.080,0.591,0.329
1000,0.084,0.352,0.564
1500,0.125,0.231,0.644
2000,0.165,0.148,0.687
2500,0.204,0.120,0.676
3000,0.337,0.039,0.624
3500,0.444,0.007,0.549
4000,0.680,0.000,0.320
4500,0.717,0.000,0.283
5000,0.739,0.000,0.261
5500,0.780,0.000,0.220
6000,0.812,0.000,0.188
6500,0.832,0.000,0.168
7000,0.868,0.000,0.132
7500,0.888,0.000,0.112
8000,0.854,0.000,0.146
8500,0.771,0.000,0.229
9000,0.811,0.000,0.189
9500,0.863,0.000,0.137
10000,0.819,0.000,0.181
10500,0.855,0.000,0.145
11000,0.880,0.000,0.120
11500,0.874,0.000,0.126
12000,0.851,0.000,0.149
12500,0.868,0.000,0.132
13000,0.839,0.000,0.161
13500,0.879,0.000,0.121
14000,0.901,0.000,0.099
14500,0.909,0.000,0.091
15000,0.857,0.000,0.143
15500,0.862,0.000,0.138
16000,0.813,0.000,0.187
16500,0.748,0.000,0.252
17000,0.818,0.000,0.182
17500,0.780,0.000,0.220
18000,0.780,0.000,0.220
18500,0.823,0.000,0.177
19000,0.874,0.000,0.126
19500,0.835,0.000,0.165
20000,0.795,0.000,0.205
20500,0.783,0.000,0.217
21000,0.792,0.000,0.208
21500,0.813,0.000,0.187
22000,0.843,0.000,0.157
22500,0.844,0.000,0.156
23000,0.815,0.000,0.185
23500,0.866,0.000,0.134
24000,0.883,0.000,0.117
24500,0.906,0.000,0.094
25000,0.913,0.000,0.087
25500,0.909,0.000,0.091
26000,0.942,0.000,0.058
26500,0.924,0.000,0.076
27000,0.872,0.000,0.128
27500,0.870,0.000,0.130
28000,0.930,0.000,0.070
28500,0.921,0.000,0.079
29000,0.901,0.000,0.099
29500,0.917,0.000,0.083
30000,0.920,0.000,0.080
30500,0.903,0.000,0.097
31000,0.845,0.000,0.155
31500,0.885,0.000,0.115
32000,0.900,0.000,0.100
32500,0.933,0.000,0.067
33000,0.934,0.000,0.066
33500,0.966,0.000,0.034
34000,0.968,0.000,0.032
34500,0.984,0.000,0.016
35000,0.993,0.000,0.007
35500,0.999,0.000,0.001
36000,0.999,0.000,0.001
36500,1.000,0.000,0.000
