time,n_A+p,n_B,n_AB
500,0.030,0.944,0.026
1000,0.030,0.905,0.065
1500,0.030,0.888,0.082
2000,0.030,0.869,0.101
2500,0.030,0.820,0.150
3000,0.030,0.771,0.199
3500,0.030,0.730,0.240
4000,0.034,0.644,0.322
4500,0.047,0.598,0.355
5000,0.054,0.508,0.438
5500,0.048,0.460,0.492
6000,0.060,0.429,0.511
6500,0.084,0.395,0.521
7000,0.115,0.313,0.572
7500,0.108,0.323,0.569
8000,0.123,0.300,0.577
8500,0.127,0.268,0.605
9000,0.120,0.220,0.660
9500,0.162,0.217,0.621
10000,0.170,0.199,0.631
10500,0.183,0.188,0.629
11000,0.178,0.177,0.645
11500,0.239,0.150,0.611
12000,0.227,0.134,0.639
12500,0.247,0.129,0.624
13000,0.263,0.131,0.606
13500,0.275,0.126,0.599
14000,0.261,0.124,0.615
14500,0.254,0.119,0.627
15000,0.235,0.119,0.646
15500,0.247,0.122,0.631
16000,0.272,0.114,0.614
16500,0.225,0.156,0.619
17000,0.238,0.157,0.605
17500,0.239,0.163,0.598
18000,0.242,0.146,0.612
18500,0.223,0.147,0.630
19000,0.208,0.177,0.615
19500,0.221,0.194,0.585
20000,0.207,0.155,0.638
20500,0.207,0.162,0.631
21000,0.214,0.164,0.622
21500,0.227,0.165,0.608
22000,0.201,0.132,0.667
22500,0.249,0.130,0.621
23000,0.255,0.108,0.637
23500,0.263,0.108,0.629
24000,0.263,0.115,0.622
24500,0.269,0.119,0.612
25000,0.279,0.123,0.598
25500,0.264,0.105,0.631
26000,0.287,0.109,0.604
26500,0.296,0.106,0.598
27000,0.294,0.118,0.588
27500,0.292,0.090,0.618
28000,0.276,0.110,0.614
28500,0.293,0.128,0.579
29000,0.268,0.115,0.617
29500,0.245,0.118,0.637
30000,0.249,0.124,0.627
30500,0.245,0.115,0.640
31000,0.274,0.134,0.592
31500,0.274,0.119,0.607
32000,0.275,0.110,0.615
32500,0.268,0.078,0.654
33000,0.247,0.093,0.660
33500,0.266,0.092,0.642
34000,0.260,0.101,0.639
34500,0.225,0.127,0.648
35000,0.251,0.121,0.628
35500,0.261,0.108,0.631
36000,0.246,0.114,0.640
36500,0.280,0.121,0.599
37000,0.262,0.112,0.626
37500,0.253,0.113,0.634
38000,0.250,0.106,0.644
38500,0.237,0.099,0.664
39000,0.233,0.093,0.674
39500,0.249,0.096,0.655
40000,0.234,0.124,0.642
40500,0.242,0.114,0.644
41000,0.285,0.106,0.609
41500,0.299,0.114,0.587
42000,0.309,0.096,0.595
42500,0.283,0.096,0.621
43000,0.291,0.068,0.641
43500,0.312,0.073,0.615
44000,0.306,0.098,0.596
44500,0.287,0.090,0.623
45000,0.285,0.087,0.628
45500,0.281,0.104,0.615
46000,0.280,0.115,0.605
46500,0.268,0.127,0.605
47000,0.277,0.150,0.573
47500,0.263,0.123,0.614
48000,0.250,0.115,0.635
48500,0.252,0.128,0.620
49000,0.246,0.125,0.629
49500,0.283,0.113,0.604
50000,0.264,0.113,0.623
50500,0.268,0.135,0.597
51000,0.264,0.120,0.616
51500,0.263,0.117,0.620
52000,0.260,0.132,0.608
52500,0.243,0.114,0.643
53000,0.267,0.136,0.597
53500,0.257,0.125,0.618
54000,0.227,0.119,0.654
54500,0.230,0.132,0.638
55000,0.228,0.120,0.652
55500,0.257,0.130,0.613
56000,0.250,0.130,0.620
56500,0.258,0.134,0.608
57000,0.230,0.139,0.631
57500,0.227,0.121,0.652
58000,0.267,0.137,0.596
58500,0.249,0.120,0.631
59000,0.250,0.113,0.637
59500,0.250,0.131,0.619
60000,0.273,0.136,0.591
60500,0.238,0.131,0.631
61000,0.242,0.138,0.620
61500,0.244,0.115,0.641
62000,0.251,0.118,0.631
62500,0.243,0.111,0.646
63000,0.250,0.101,0.649
63500,0.268,0.103,0.629
64000,0.253,0.105,0.642
64500,0.243,0.084,0.673
65000,0.246,0.119,0.635
65500,0.244,0.113,0.643
66000,0.241,0.120,0.639
66500,0.270,0.115,0.615
67000,0.275,0.115,0.610
67500,0.263,0.114,0.623
68000,0.250,0.114,0.636
68500,0.293,0.118,0.589
69000,0.291,0.094,0.615
69500,0.281,0.104,0.615
70000,0.298,0.087,0.615
70500,0.331,0.077,0.592
71000,0.310,0.106,0.584
71500,0.326,0.068,0.606
72000,0.317,0.073,0.610
72500,0.301,0.068,0.631
73000,0.296,0.088,0.616
73500,0.294,0.098,0.608
74000,0.301,0.088,0.611
74500,0.286,0.099,0.615
75000,0.287,0.108,0.605
75500,0.267,0.082,0.651
76000,0.268,0.116,0.616
76500,0.261,0.102,0.637
77000,0.247,0.128,0.625
77500,0.243,0.115,0.642
78000,0.258,0.118,0.624
78500,0.265,0.112,0.623
79000,0.268,0.109,0.623
79500,0.297,0.089,0.614
80000,0.309,0.076,0.615
80500,0.316,0.073,0.611
81000,0.322,0.070,0.608
81500,0.326,0.069,0.605
82000,0.320,0.053,0.627
82500,0.353,0.066,0.581
83000,0.354,0.066,0.580
83500,0.373,0.053,0.574
84000,0.365,0.057,0.578
84500,0.377,0.056,0.567
85000,0.363,0.065,0.572
85500,0.355,0.071,0.574
86000,0.340,0.078,0.582
86500,0.360,0.067,0.573
87000,0.354,0.074,0.572
87500,0.306,0.064,0.630
88000,0.333,0.080,0.587
88500,0.300,0.079,0.621
89000,0.290,0.083,0.627
89500,0.294,0.080,0.626
90000,0.271,0.104,0.625
90500,0.272,0.095,0.633
91000,0.295,0.113,0.592
91500,0.281,0.106,0.613
92000,0.324,0.092,0.584
92500,0.312,0.076,0.612
93000,0.303,0.074,0.623
93500,0.335,0.078,0.587
94000,0.343,0.076,0.581
94500,0.332,0.082,0.586
95000,0.329,0.069,0.602
95500,0.316,0.092,0.592
96000,0.317,0.083,0.600
96500,0.358,0.081,0.561
97000,0.360,0.068,0.572
97500,0.370,0.058,0.572
98000,0.375,0.051,0.574
98500,0.378,0.045,0.577
99000,0.379,0.058,0.563
99500,0.370,0.048,0.582
100000,0.365,0.060,0.575
100500,0.356,0.058,0.586
101000,0.355,0.063,0.582
101500,0.357,0.084,0.559
102000,0.345,0.085,0.570
102500,0.344,0.076,0.580
103000,0.324,0.081,0.595
103500,0.310,0.079,0.611
104000,0.328,0.079,0.593
104500,0.349,0.082,0.569
105000,0.344,0.081,0.575
105500,0.331,0.082,0.587
106000,0.339,0.095,0.566
106500,0.333,0.065,0.602
107000,0.328,0.079,0.593
107500,0.305,0.092,0.603
108000,0.308,0.085,0.607
108500,0.302,0.090,0.608
109000,0.301,0.096,0.603
109500,0.303,0.097,0.600
110000,0.296,0.097,0.607
110500,0.283,0.097,0.620
111000,0.287,0.106,0.607
111500,0.289,0.096,0.615
112000,0.307,0.088,0.605
112500,0.282,0.104,0.614
113000,0.295,0.108,0.597
113500,0.299,0.108,0.593
114000,0.301,0.096,0.603
114500,0.286,0.104,0.610
115000,0.261,0.134,0.605
115500,0.244,0.131,0.625
116000,0.252,0.105,0.643
116500,0.280,0.112,0.608
117000,0.263,0.113,0.624
117500,0.266,0.108,0.626
118000,0.274,0.117,0.609
118500,0.265,0.115,0.620
119000,0.295,0.103,0.602
119500,0.301,0.095,0.604
120000,0.304,0.109,0.587
120500,0.297,0.109,0.594
121000,0.295,0.106,0.599
121500,0.316,0.096,0.588
122000,0.270,0.113,0.617
122500,0.242,0.097,0.661
123000,0.266,0.121,0.613
123500,0.270,0.131,0.599
124000,0.271,0.122,0.607
124500,0.264,0.130,0.606
125000,0.265,0.106,0.629
125500,0.248,0.116,0.636
126000,0.241,0.142,0.617
126500,0.238,0.123,0.639
127000,0.225,0.115,0.660
127500,0.221,0.126,0.653
128000,0.209,0.140,0.651
128500,0.219,0.128,0.653
129000,0.233,0.142,0.625
129500,0.250,0.124,0.626
130000,0.255,0.112,0.633
130500,0.258,0.119,0.623
131000,0.263,0.098,0.639
131500,0.274,0.117,0.609
132000,0.244,0.128,0.628
132500,0.249,0.123,0.628
133000,0.263,0.126,0.611
133500,0.244,0.122,0.634
134000,0.260,0.119,0.621
134500,0.272,0.107,0.621
135000,0.292,0.093,0.615
135500,0.264,0.127,0.609
136000,0.243,0.121,0.636
136500,0.249,0.118,0.633
137000,0.243,0.139,0.618
137500,0.234,0.132,0.634
138000,0.216,0.137,0.647
138500,0.235,0.146,0.619
139000,0.247,0.127,0.626
139500,0.241,0.119,0.640
140000,0.245,0.110,0.645
140500,0.273,0.122,0.605
141000,0.291,0.135,0.574
141500,0.260,0.118,0.622
142000,0.315,0.102,0.583
142500,0.294,0.089,0.617
143000,0.266,0.093,0.641
143500,0.238,0.121,0.641
144000,0.231,0.130,0.639
144500,0.245,0.119,0.636
145000,0.244,0.124,0.632
145500,0.252,0.111,0.637
146000,0.273,0.109,0.618
146500,0.278,0.088,0.634
147000,0.273,0.089,0.638
147500,0.270,0.085,0.645
148000,0.245,0.104,0.651
148500,0.245,0.117,0.638
149000,0.242,0.129,0.629
149500,0.233,0.146,0.621
150000,0.229,0.128,0.643
150500,0.253,0.111,0.636
151000,0.253,0.115,0.632
151500,0.243,0.119,0.638
152000,0.249,0.135,0.616
152500,0.267,0.123,0.610
153000,0.299,0.124,0.577
153500,0.309,0.097,0.594
154000,0.317,0.090,0.593
154500,0.330,0.087,0.583
155000,0.343,0.083,0.574
155500,0.339,0.067,0.594
156000,0.333,0.075,0.592
156500,0.296,0.094,0.610
157000,0.277,0.096,0.627
157500,0.270,0.097,0.633
158000,0.279,0.106,0.615
158500,0.299,0.085,0.616
159000,0.284,0.095,0.621
159500,0.310,0.097,0.593
160000,0.304,0.097,0.599
160500,0.281,0.101,0.618
161000,0.283,0.108,0.609
161500,0.309,0.093,0.598
162000,0.315,0.090,0.595
162500,0.316,0.089,0.595
163000,0.339,0.095,0.566
163500,0.331,0.099,0.570
164000,0.324,0.085,0.591
164500,0.313,0.081,0.606
165000,0.339,0.072,0.589
165500,0.328,0.088,0.584
166000,0.336,0.080,0.584
166500,0.363,0.072,0.565
167000,0.318,0.073,0.609
167500,0.336,0.089,0.575
168000,0.345,0.092,0.563
168500,0.363,0.077,0.560
169000,0.346,0.087,0.567
169500,0.325,0.089,0.586
170000,0.341,0.074,0.585
170500,0.319,0.072,0.609
171000,0.307,0.085,0.608
171500,0.335,0.109,0.556
172000,0.345,0.096,0.559
172500,0.332,0.074,0.594
173000,0.318,0.080,0.602
173500,0.293,0.085,0.622
174000,0.258,0.095,0.647
174500,0.267,0.109,0.624
175000,0.278,0.102,0.620
175500,0.288,0.113,0.599
176000,0.269,0.098,0.633
176500,0.247,0.127,0.626
177000,0.279,0.123,0.598
177500,0.306,0.114,0.580
178000,0.295,0.103,0.602
178500,0.299,0.101,0.600
179000,0.319,0.094,0.587
179500,0.315,0.089,0.596
180000,0.331,0.079,0.590
180500,0.321,0.085,0.594
181000,0.307,0.078,0.615
181500,0.316,0.076,0.608
182000,0.299,0.091,0.610
182500,0.305,0.087,0.608
183000,0.307,0.092,0.601
183500,0.288,0.079,0.633
184000,0.303,0.103,0.594
184500,0.319,0.096,0.585
185000,0.289,0.085,0.626
185500,0.298,0.090,0.612
186000,0.304,0.092,0.604
186500,0.295,0.101,0.604
187000,0.314,0.096,0.590
187500,0.318,0.076,0.606
188000,0.336,0.065,0.599
188500,0.324,0.056,0.620
189000,0.310,0.073,0.617
189500,0.334,0.080,0.586
190000,0.338,0.077,0.585
190500,0.327,0.085,0.588
191000,0.313,0.074,0.613
191500,0.313,0.093,0.594
192000,0.312,0.086,0.602
192500,0.312,0.070,0.618
193000,0.315,0.083,0.602
193500,0.346,0.078,0.576
194000,0.348,0.063,0.589
194500,0.339,0.076,0.585
195000,0.320,0.054,0.626
195500,0.300,0.069,0.631
196000,0.285,0.085,0.630
196500,0.301,0.088,0.611
197000,0.315,0.108,0.577
197500,0.305,0.102,0.593
198000,0.314,0.092,0.594
198500,0.315,0.078,0.607
199000,0.330,0.061,0.609
199500,0.328,0.073,0.599
200000,0.321,0.079,0.600
200500,0.342,0.087,0.571
201000,0.321,0.097,0.582
201500,0.338,0.090,0.572
202000,0.330,0.099,0.571
202500,0.313,0.091,0.596
203000,0.304,0.089,0.607
203500,0.285,0.106,0.609
204000,0.246,0.103,0.651
204500,0.245,0.112,0.643
205000,0.270,0.120,0.610
205500,0.267,0.117,0.616
206000,0.254,0.129,0.617
206500,0.251,0.115,0.634
207000,0.267,0.123,0.610
207500,0.240,0.136,0.624
208000,0.234,0.146,0.620
208500,0.235,0.138,0.627
209000,0.217,0.124,0.659
209500,0.231,0.119,0.650
210000,0.227,0.143,0.630
210500,0.214,0.136,0.650
211000,0.252,0.140,0.608
211500,0.245,0.137,0.618
212000,0.246,0.137,0.617
212500,0.244,0.103,0.653
213000,0.236,0.112,0.652
213500,0.222,0.132,0.646
214000,0.236,0.120,0.644
214500,0.232,0.104,0.664
215000,0.248,0.099,0.653
215500,0.246,0.111,0.643
216000,0.230,0.119,0.651
216500,0.218,0.136,0.646
217000,0.238,0.135,0.627
217500,0.255,0.128,0.617
218000,0.244,0.116,0.640
218500,0.235,0.131,0.634
219000,0.212,0.115,0.673
219500,0.239,0.112,0.649
220000,0.270,0.115,0.615
220500,0.278,0.106,0.616
221000,0.246,0.121,0.633
221500,0.266,0.115,0.619
222000,0.265,0.111,0.624
222500,0.289,0.093,0.618
223000,0.300,0.087,0.613
223500,0.284,0.089,0.627
224000,0.286,0.096,0.618
224500,0.308,0.085,0.607
225000,0.308,0.090,0.602
225500,0.333,0.079,0.588
226000,0.330,0.072,0.598
226500,0.327,0.082,0.591
227000,0.336,0.090,0.574
227500,0.356,0.072,0.572
228000,0.320,0.054,0.626
228500,0.293,0.075,0.632
229000,0.308,0.068,0.624
229500,0.315,0.085,0.600
230000,0.317,0.091,0.592
230500,0.320,0.107,0.573
231000,0.275,0.103,0.622
231500,0.286,0.078,0.636
232000,0.294,0.084,0.622
232500,0.305,0.073,0.622
233000,0.320,0.083,0.597
233500,0.326,0.086,0.588
234000,0.310,0.075,0.615
234500,0.307,0.087,0.606
235000,0.295,0.089,0.616
235500,0.280,0.098,0.622
236000,0.269,0.105,0.626
236500,0.296,0.101,0.603
237000,0.299,0.110,0.591
237500,0.310,0.101,0.589
238000,0.279,0.112,0.609
238500,0.272,0.119,0.609
239000,0.246,0.117,0.637
239500,0.245,0.144,0.611
240000,0.255,0.143,0.602
240500,0.232,0.137,0.631
241000,0.218,0.165,0.617
241500,0.212,0.172,0.616
242000,0.231,0.159,0.610
242500,0.239,0.139,0.622
243000,0.258,0.138,0.604
243500,0.262,0.110,0.628
244000,0.263,0.131,0.606
244500,0.254,0.145,0.601
245000,0.235,0.166,0.599
245500,0.220,0.144,0.636
246000,0.239,0.132,0.629
246500,0.248,0.123,0.629
247000,0.239,0.105,0.656
247500,0.279,0.102,0.619
248000,0.278,0.099,0.623
248500,0.279,0.126,0.595
249000,0.282,0.113,0.605
249500,0.253,0.121,0.626
250000,0.256,0.118,0.626
250500,0.258,0.127,0.615
251000,0.248,0.099,0.653
251500,0.250,0.100,0.650
252000,0.261,0.102,0.637
252500,0.276,0.107,0.617
253000,0.272,0.124,0.604
253500,0.291,0.123,0.586
254000,0.272,0.093,0.635
254500,0.278,0.094,0.628
255000,0.296,0.083,0.621
255500,0.302,0.091,0.607
256000,0.291,0.095,0.614
256500,0.315,0.091,0.594
257000,0.331,0.079,0.590
257500,0.352,0.065,0.583
258000,0.346,0.074,0.580
258500,0.333,0.081,0.586
259000,0.331,0.076,0.593
259500,0.317,0.070,0.613
260000,0.298,0.072,0.630
260500,0.308,0.077,0.615
261000,0.317,0.101,0.582
261500,0.298,0.112,0.590
262000,0.323,0.098,0.579
262500,0.330,0.094,0.576
263000,0.359,0.072,0.569
263500,0.360,0.061,0.579
264000,0.384,0.060,0.556
264500,0.378,0.052,0.570
265000,0.364,0.061,0.575
265500,0.341,0.069,0.590
266000,0.325,0.083,0.592
266500,0.283,0.094,0.623
267000,0.265,0.085,0.650
267500,0.295,0.102,0.603
268000,0.294,0.096,0.610
268500,0.276,0.100,0.624
269000,0.280,0.098,0.622
269500,0.280,0.098,0.622
270000,0.267,0.100,0.633
270500,0.260,0.110,0.630
271000,0.244,0.117,0.639
271500,0.257,0.129,0.614
272000,0.243,0.133,0.624
272500,0.259,0.133,0.608
273000,0.243,0.121,0.636
273500,0.236,0.122,0.642
274000,0.250,0.101,0.649
274500,0.262,0.114,0.624
275000,0.238,0.128,0.634
275500,0.244,0.120,0.636
276000,0.284,0.106,0.610
276500,0.294,0.116,0.590
277000,0.287,0.107,0.606
277500,0.270,0.091,0.639
278000,0.251,0.073,0.676
278500,0.253,0.110,0.637
279000,0.240,0.091,0.669
279500,0.251,0.130,0.619
280000,0.244,0.129,0.627
280500,0.257,0.124,0.619
281000,0.299,0.104,0.597
281500,0.310,0.091,0.599
282000,0.309,0.092,0.599
282500,0.308,0.104,0.588
283000,0.301,0.099,0.600
283500,0.267,0.101,0.632
284000,0.254,0.107,0.639
284500,0.258,0.119,0.623
285000,0.286,0.120,0.594
285500,0.280,0.108,0.612
286000,0.276,0.101,0.623
286500,0.244,0.109,0.647
287000,0.265,0.096,0.639
287500,0.279,0.101,0.620
288000,0.281,0.093,0.626
288500,0.283,0.096,0.621
289000,0.326,0.092,0.582
289500,0.332,0.088,0.580
290000,0.306,0.097,0.597
290500,0.283,0.104,0.613
291000,0.287,0.102,0.611
291500,0.294,0.093,0.613
292000,0.288,0.095,0.617
292500,0.272,0.099,0.629
293000,0.287,0.085,0.628
293500,0.264,0.112,0.624
294000,0.276,0.120,0.604
294500,0.262,0.119,0.619
295000,0.253,0.120,0.627
295500,0.250,0.120,0.630
296000,0.286,0.109,0.605
296500,0.297,0.101,0.602
297000,0.281,0.106,0.613
297500,0.282,0.111,0.607
298000,0.278,0.110,0.612
298500,0.309,0.105,0.586
299000,0.310,0.092,0.598
299500,0.293,0.095,0.612
300000,0.292,0.101,0.607
300500,0.282,0.114,0.604
301000,0.266,0.117,0.617
301500,0.270,0.100,0.630
302000,0.243,0.099,0.658
302500,0.261,0.105,0.634
303000,0.277,0.090,0.633
303500,0.311,0.088,0.601
304000,0.306,0.106,0.588
304500,0.289,0.127,0.584
305000,0.293,0.128,0.579
305500,0.304,0.123,0.573
306000,0.271,0.119,0.610
306500,0.289,0.108,0.603
307000,0.279,0.104,0.617
307500,0.281,0.101,0.618
308000,0.275,0.101,0.624
308500,0.294,0.119,0.587
309000,0.309,0.116,0.575
309500,0.322,0.114,0.564
310000,0.292,0.107,0.601
310500,0.288,0.110,0.602
311000,0.267,0.124,0.609
311500,0.248,0.112,0.640
312000,0.267,0.109,0.624
312500,0.292,0.117,0.591
313000,0.270,0.128,0.602
313500,0.277,0.112,0.611
314000,0.278,0.112,0.610
314500,0.289,0.110,0.601
315000,0.257,0.128,0.615
315500,0.232,0.151,0.617
316000,0.231,0.130,0.639
316500,0.221,0.128,0.651
317000,0.259,0.105,0.636
317500,0.263,0.101,0.636
318000,0.292,0.104,0.604
318500,0.275,0.110,0.615
319000,0.317,0.120,0.563
319500,0.286,0.098,0.616
320000,0.309,0.072,0.619
320500,0.284,0.077,0.639
321000,0.296,0.091,0.613
321500,0.268,0.099,0.633
322000,0.259,0.096,0.645
322500,0.239,0.118,0.643
323000,0.250,0.111,0.639
323500,0.265,0.117,0.618
324000,0.299,0.110,0.591
324500,0.299,0.092,0.609
325000,0.313,0.067,0.620
325500,0.315,0.082,0.603
326000,0.340,0.083,0.577
326500,0.313,0.072,0.615
327000,0.326,0.068,0.606
327500,0.315,0.078,0.607
328000,0.305,0.086,0.609
328500,0.301,0.095,0.604
329000,0.267,0.088,0.645
329500,0.284,0.081,0.635
330000,0.249,0.083,0.668
330500,0.272,0.093,0.635
331000,0.246,0.100,0.654
331500,0.218,0.114,0.668
332000,0.230,0.097,0.673
332500,0.273,0.075,0.652
333000,0.290,0.092,0.618
333500,0.289,0.100,0.611
334000,0.274,0.111,0.615
334500,0.285,0.113,0.602
335000,0.285,0.106,0.609
335500,0.278,0.115,0.607
336000,0.305,0.122,0.573
336500,0.279,0.122,0.599
337000,0.269,0.126,0.605
337500,0.254,0.130,0.616
338000,0.249,0.148,0.603
338500,0.244,0.149,0.607
339000,0.253,0.113,0.634
339500,0.233,0.139,0.628
340000,0.245,0.123,0.632
340500,0.212,0.143,0.645
341000,0.234,0.145,0.621
341500,0.221,0.133,0.646
342000,0.238,0.134,0.628
342500,0.240,0.116,0.644
343000,0.276,0.098,0.626
343500,0.266,0.104,0.630
344000,0.270,0.105,0.625
344500,0.277,0.108,0.615
345000,0.266,0.088,0.646
345500,0.285,0.104,0.611
346000,0.281,0.081,0.638
346500,0.248,0.107,0.645
347000,0.274,0.088,0.638
347500,0.273,0.107,0.620
348000,0.269,0.098,0.633
348500,0.275,0.080,0.645
349000,0.291,0.085,0.624
349500,0.288,0.102,0.610
350000,0.280,0.094,0.626
350500,0.266,0.088,0.646
351000,0.274,0.108,0.618
351500,0.276,0.105,0.619
352000,0.267,0.102,0.631
352500,0.284,0.105,0.611
353000,0.251,0.102,0.647
353500,0.243,0.098,0.659
354000,0.235,0.112,0.653
354500,0.231,0.111,0.658
355000,0.245,0.116,0.639
355500,0.253,0.125,0.622
356000,0.230,0.143,0.627
356500,0.245,0.139,0.616
357000,0.241,0.125,0.634
357500,0.243,0.128,0.629
358000,0.237,0.150,0.613
358500,0.247,0.122,0.631
359000,0.262,0.132,0.606
359500,0.255,0.107,0.638
360000,0.255,0.086,0.659
360500,0.276,0.122,0.602
361000,0.273,0.116,0.611
361500,0.275,0.095,0.630
362000,0.261,0.075,0.664
362500,0.270,0.074,0.656
363000,0.290,0.080,0.630
363500,0.283,0.075,0.642
364000,0.279,0.087,0.634
364500,0.298,0.090,0.612
365000,0.289,0.097,0.614
365500,0.277,0.089,0.634
366000,0.312,0.091,0.597
366500,0.299,0.107,0.594
367000,0.305,0.086,0.609
367500,0.323,0.069,0.608
368000,0.312,0.076,0.612
368500,0.335,0.065,0.600
369000,0.321,0.059,0.620
369500,0.334,0.067,0.599
370000,0.340,0.067,0.593
370500,0.363,0.071,0.566
371000,0.345,0.064,0.591
371500,0.350,0.054,0.596
372000,0.351,0.083,0.566
372500,0.321,0.087,0.592
373000,0.285,0.080,0.635
373500,0.312,0.096,0.592
374000,0.317,0.081,0.602
374500,0.328,0.078,0.594
375000,0.330,0.086,0.584
375500,0.323,0.093,0.584
376000,0.343,0.100,0.557
376500,0.314,0.088,0.598
377000,0.309,0.091,0.600
377500,0.279,0.118,0.603
378000,0.278,0.122,0.600
378500,0.262,0.122,0.616
379000,0.264,0.117,0.619
379500,0.277,0.111,0.612
380000,0.277,0.114,0.609
380500,0.248,0.113,0.639
381000,0.233,0.136,0.631
381500,0.221,0.151,0.628
382000,0.253,0.128,0.619
382500,0.280,0.132,0.588
383000,0.249,0.104,0.647
383500,0.267,0.111,0.622
384000,0.250,0.092,0.658
384500,0.234,0.112,0.654
385000,0.230,0.116,0.654
385500,0.232,0.124,0.644
386000,0.265,0.107,0.628
386500,0.276,0.104,0.620
387000,0.244,0.128,0.628
387500,0.232,0.136,0.632
388000,0.237,0.129,0.634
388500,0.255,0.134,0.611
389000,0.249,0.142,0.609
389500,0.263,0.126,0.611
390000,0.235,0.144,0.621
390500,0.229,0.126,0.645
391000,0.226,0.112,0.662
391500,0.255,0.121,0.624
392000,0.246,0.098,0.656
392500,0.278,0.098,0.624
393000,0.258,0.104,0.638
393500,0.266,0.094,0.640
394000,0.274,0.115,0.611
394500,0.272,0.105,0.623
395000,0.247,0.108,0.645
395500,0.235,0.128,0.637
396000,0.243,0.133,0.624
396500,0.247,0.128,0.625
397000,0.237,0.120,0.643
397500,0.254,0.108,0.638
398000,0.240,0.110,0.650
398500,0.249,0.121,0.630
399000,0.237,0.125,0.638
399500,0.237,0.146,0.617
400000,0.238,0.139,0.623
400500,0.266,0.133,0.601
401000,0.255,0.132,0.613
401500,0.244,0.148,0.608
402000,0.263,0.136,0.601
402500,0.246,0.135,0.619
403000,0.248,0.130,0.622
403500,0.224,0.139,0.637
404000,0.228,0.149,0.623
404500,0.267,0.156,0.577
405000,0.262,0.143,0.595
405500,0.245,0.128,0.627
406000,0.247,0.108,0.645
406500,0.265,0.117,0.618
407000,0.275,0.118,0.607
407500,0.282,0.119,0.599
408000,0.258,0.118,0.624
408500,0.270,0.147,0.583
409000,0.255,0.125,0.620
409500,0.246,0.143,0.611
410000,0.223,0.123,0.654
410500,0.229,0.117,0.654
411000,0.231,0.128,0.641
411500,0.222,0.157,0.621
412000,0.227,0.148,0.625
412500,0.232,0.146,0.622
413000,0.210,0.150,0.640
413500,0.218,0.150,0.632
414000,0.222,0.151,0.627
414500,0.227,0.157,0.616
415000,0.226,0.157,0.617
415500,0.235,0.150,0.615
416000,0.253,0.113,0.634
416500,0.261,0.138,0.601
417000,0.248,0.140,0.612
417500,0.224,0.153,0.623
418000,0.225,0.141,0.634
418500,0.220,0.130,0.650
419000,0.214,0.129,0.657
419500,0.229,0.154,0.617
420000,0.266,0.131,0.603
420500,0.253,0.123,0.624
421000,0.263,0.131,0.606
421500,0.274,0.111,0.615
422000,0.295,0.118,0.587
422500,0.302,0.103,0.595
423000,0.281,0.103,0.616
423500,0.281,0.099,0.620
424000,0.281,0.113,0.606
424500,0.289,0.125,0.586
425000,0.269,0.111,0.620
425500,0.281,0.120,0.599
426000,0.253,0.114,0.633
426500,0.250,0.124,0.626
427000,0.233,0.126,0.641
427500,0.242,0.142,0.616
428000,0.264,0.131,0.605
428500,0.239,0.135,0.626
429000,0.270,0.113,0.617
429500,0.273,0.118,0.609
430000,0.273,0.102,0.625
430500,0.275,0.111,0.614
431000,0.235,0.121,0.644
431500,0.243,0.117,0.640
432000,0.239,0.122,0.639
432500,0.279,0.124,0.597
433000,0.291,0.127,0.582
433500,0.330,0.101,0.569
434000,0.290,0.082,0.628
434500,0.284,0.103,0.613
435000,0.262,0.112,0.626
435500,0.291,0.110,0.599
436000,0.265,0.125,0.610
436500,0.265,0.129,0.606
437000,0.272,0.115,0.613
437500,0.298,0.128,0.574
438000,0.282,0.124,0.594
438500,0.268,0.128,0.604
439000,0.271,0.125,0.604
439500,0.269,0.120,0.611
440000,0.288,0.108,0.604
440500,0.292,0.122,0.586
441000,0.272,0.114,0.614
441500,0.287,0.095,0.618
442000,0.284,0.114,0.602
442500,0.276,0.116,0.608
443000,0.287,0.107,0.606
443500,0.289,0.113,0.598
444000,0.295,0.101,0.604
444500,0.265,0.099,0.636
445000,0.260,0.115,0.625
445500,0.271,0.131,0.598
446000,0.281,0.127,0.592
446500,0.283,0.119,0.598
447000,0.270,0.126,0.604
447500,0.293,0.121,0.586
448000,0.278,0.108,0.614
448500,0.294,0.115,0.591
449000,0.275,0.094,0.631
449500,0.290,0.093,0.617
450000,0.305,0.085,0.610
450500,0.309,0.093,0.598
451000,0.277,0.086,0.637
451500,0.307,0.108,0.585
452000,0.300,0.083,0.617
452500,0.313,0.075,0.612
453000,0.316,0.094,0.590
453500,0.308,0.100,0.592
454000,0.297,0.104,0.599
454500,0.297,0.097,0.606
455000,0.275,0.109,0.616
455500,0.290,0.140,0.570
456000,0.269,0.119,0.612
456500,0.267,0.103,0.630
457000,0.290,0.108,0.602
457500,0.268,0.088,0.644
458000,0.274,0.082,0.644
458500,0.276,0.097,0.627
459000,0.307,0.124,0.569
459500,0.319,0.103,0.578
460000,0.313,0.088,0.599
460500,0.306,0.074,0.620
461000,0.302,0.083,0.615
461500,0.314,0.105,0.581
462000,0.302,0.099,0.599
462500,0.263,0.102,0.635
463000,0.260,0.111,0.629
463500,0.261,0.110,0.629
464000,0.256,0.130,0.614
464500,0.264,0.118,0.618
465000,0.259,0.130,0.611
465500,0.255,0.094,0.651
466000,0.260,0.102,0.638
466500,0.274,0.089,0.637
467000,0.286,0.103,0.611
467500,0.266,0.095,0.639
468000,0.275,0.096,0.629
468500,0.282,0.121,0.597
469000,0.263,0.097,0.640
469500,0.259,0.105,0.636
470000,0.249,0.126,0.625
470500,0.239,0.126,0.635
471000,0.260,0.136,0.604
471500,0.235,0.128,0.637
472000,0.256,0.128,0.616
472500,0.265,0.084,0.651
473000,0.274,0.079,0.647
473500,0.294,0.100,0.606
474000,0.293,0.091,0.616
474500,0.278,0.112,0.610
475000,0.294,0.101,0.605
475500,0.302,0.093,0.605
476000,0.271,0.076,0.653
476500,0.308,0.088,0.604
477000,0.314,0.096,0.590
477500,0.306,0.108,0.586
478000,0.299,0.105,0.596
478500,0.298,0.083,0.619
479000,0.333,0.088,0.579
479500,0.321,0.091,0.588
480000,0.347,0.092,0.561
480500,0.340,0.082,0.578
481000,0.353,0.096,0.551
481500,0.312,0.080,0.608
482000,0.333,0.074,0.593
482500,0.336,0.069,0.595
483000,0.341,0.066,0.593
483500,0.332,0.056,0.612
484000,0.312,0.071,0.617
484500,0.293,0.098,0.609
485000,0.309,0.086,0.605
485500,0.308,0.078,0.614
486000,0.310,0.082,0.608
486500,0.329,0.079,0.592
487000,0.294,0.083,0.623
487500,0.319,0.089,0.592
488000,0.329,0.086,0.585
488500,0.306,0.076,0.618
489000,0.322,0.076,0.602
489500,0.342,0.088,0.570
490000,0.342,0.072,0.586
490500,0.349,0.064,0.587
491000,0.331,0.087,0.582
491500,0.338,0.091,0.571
492000,0.319,0.093,0.588
492500,0.309,0.090,0.601
493000,0.291,0.096,0.613
493500,0.274,0.076,0.650
494000,0.281,0.094,0.625
494500,0.284,0.094,0.622
495000,0.283,0.094,0.623
495500,0.302,0.094,0.604
496000,0.289,0.101,0.610
496500,0.275,0.090,0.635
497000,0.283,0.108,0.609
497500,0.313,0.091,0.596
498000,0.293,0.098,0.609
498500,0.295,0.082,0.623
499000,0.293,0.082,0.625
499500,0.279,0.079,0.642
500000,0.266,0.093,0.641
500500,0.279,0.084,0.637
501000,0.295,0.079,0.626
501500,0.307,0.065,0.628
502000,0.323,0.082,0.595
502500,0.334,0.069,0.597
503000,0.338,0.071,0.591
503500,0.340,0.059,0.601
504000,0.354,0.053,0.593
504500,0.366,0.058,0.576
505000,0.338,0.066,0.596
505500,0.335,0.068,0.597
506000,0.348,0.069,0.583
506500,0.342,0.083,0.575
507000,0.331,0.069,0.600
507500,0.319,0.094,0.587
508000,0.307,0.082,0.611
508500,0.281,0.089,0.630
509000,0.298,0.084,0.618
509500,0.308,0.099,0.593
510000,0.333,0.084,0.583
510500,0.341,0.091,0.568
511000,0.303,0.100,0.597
511500,0.307,0.105,0.588
512000,0.323,0.095,0.582
512500,0.300,0.104,0.596
513000,0.286,0.102,0.612
513500,0.271,0.108,0.621
514000,0.305,0.091,0.604
514500,0.302,0.065,0.633
515000,0.305,0.058,0.637
515500,0.362,0.057,0.581
516000,0.339,0.061,0.600
516500,0.350,0.068,0.582
517000,0.323,0.086,0.591
517500,0.309,0.083,0.608
518000,0.299,0.097,0.604
518500,0.303,0.086,0.611
519000,0.307,0.085,0.608
519500,0.294,0.081,0.625
520000,0.286,0.081,0.633
520500,0.295,0.071,0.634
521000,0.306,0.088,0.606
521500,0.298,0.094,0.608
522000,0.312,0.099,0.589
522500,0.292,0.108,0.600
523000,0.295,0.098,0.607
523500,0.314,0.075,0.611
524000,0.326,0.067,0.607
524500,0.341,0.071,0.588
525000,0.343,0.071,0.586
525500,0.352,0.070,0.578
526000,0.361,0.058,0.581
526500,0.364,0.061,0.575
527000,0.364,0.071,0.565
527500,0.345,0.079,0.576
528000,0.354,0.067,0.579
528500,0.315,0.086,0.599
529000,0.291,0.096,0.613
529500,0.283,0.122,0.595
530000,0.288,0.088,0.624
530500,0.281,0.079,0.640
531000,0.305,0.065,0.630
531500,0.288,0.089,0.623
532000,0.291,0.106,0.603
532500,0.288,0.090,0.622
533000,0.290,0.098,0.612
533500,0.302,0.098,0.600
534000,0.293,0.094,0.613
534500,0.284,0.091,0.625
535000,0.306,0.115,0.579
535500,0.313,0.106,0.581
536000,0.297,0.104,0.599
536500,0.299,0.103,0.598
537000,0.259,0.107,0.634
537500,0.266,0.108,0.626
538000,0.258,0.110,0.632
538500,0.269,0.107,0.624
539000,0.270,0.108,0.622
539500,0.267,0.080,0.653
540000,0.283,0.102,0.615
540500,0.265,0.088,0.647
541000,0.257,0.091,0.652
541500,0.263,0.099,0.638
542000,0.235,0.131,0.634
542500,0.259,0.120,0.621
543000,0.270,0.107,0.623
543500,0.280,0.121,0.599
544000,0.291,0.122,0.587
544500,0.289,0.090,0.621
545000,0.309,0.092,0.599
545500,0.316,0.087,0.597
546000,0.288,0.071,0.641
546500,0.306,0.087,0.607
547000,0.288,0.074,0.638
547500,0.298,0.091,0.611
548000,0.289,0.110,0.601
548500,0.273,0.125,0.602
549000,0.270,0.120,0.610
549500,0.277,0.138,0.585
550000,0.287,0.117,0.596
550500,0.257,0.129,0.614
551000,0.251,0.141,0.608
551500,0.278,0.125,0.597
552000,0.289,0.123,0.588
552500,0.311,0.113,0.576
553000,0.305,0.119,0.576
553500,0.290,0.116,0.594
554000,0.297,0.115,0.588
554500,0.300,0.098,0.602
555000,0.301,0.082,0.617
555500,0.292,0.092,0.616
556000,0.326,0.085,0.589
556500,0.322,0.086,0.592
557000,0.344,0.078,0.578
557500,0.320,0.088,0.592
558000,0.326,0.085,0.589
558500,0.313,0.108,0.579
559000,0.313,0.096,0.591
559500,0.305,0.086,0.609
560000,0.295,0.074,0.631
560500,0.320,0.071,0.609
561000,0.348,0.080,0.572
561500,0.333,0.076,0.591
562000,0.344,0.087,0.569
562500,0.338,0.088,0.574
563000,0.324,0.081,0.595
563500,0.315,0.084,0.601
564000,0.323,0.079,0.598
564500,0.292,0.088,0.620
565000,0.278,0.079,0.643
565500,0.282,0.090,0.628
566000,0.294,0.088,0.618
566500,0.291,0.104,0.605
567000,0.254,0.107,0.639
567500,0.242,0.112,0.646
568000,0.262,0.110,0.628
568500,0.247,0.139,0.614
569000,0.256,0.124,0.620
569500,0.253,0.099,0.648
570000,0.258,0.122,0.620
570500,0.256,0.141,0.603
571000,0.249,0.144,0.607
571500,0.228,0.140,0.632
572000,0.225,0.143,0.632
572500,0.231,0.140,0.629
573000,0.232,0.131,0.637
573500,0.265,0.132,0.603
574000,0.263,0.111,0.626
574500,0.241,0.108,0.651
575000,0.242,0.120,0.638
575500,0.266,0.109,0.625
576000,0.283,0.104,0.613
576500,0.291,0.091,0.618
577000,0.276,0.086,0.638
577500,0.300,0.095,0.605
578000,0.292,0.099,0.609
578500,0.289,0.107,0.604
579000,0.298,0.095,0.607
579500,0.257,0.096,0.647
580000,0.276,0.100,0.624
580500,0.261,0.105,0.634
581000,0.256,0.129,0.615
581500,0.247,0.127,0.626
582000,0.283,0.120,0.597
582500,0.331,0.091,0.578
583000,0.323,0.095,0.582
583500,0.320,0.106,0.574
584000,0.335,0.097,0.568
584500,0.305,0.109,0.586
585000,0.283,0.096,0.621
585500,0.269,0.095,0.636
586000,0.262,0.105,0.633
586500,0.283,0.106,0.611
587000,0.255,0.096,0.649
587500,0.286,0.082,0.632
588000,0.308,0.099,0.593
588500,0.302,0.080,0.618
589000,0.372,0.069,0.559
589500,0.359,0.073,0.568
590000,0.327,0.065,0.608
590500,0.292,0.075,0.633
591000,0.290,0.081,0.629
591500,0.315,0.084,0.601
592000,0.330,0.084,0.586
592500,0.350,0.099,0.551
593000,0.337,0.085,0.578
593500,0.310,0.074,0.616
594000,0.295,0.077,0.628
594500,0.309,0.062,0.629
595000,0.297,0.060,0.643
595500,0.291,0.061,0.648
596000,0.341,0.063,0.596
596500,0.361,0.066,0.573
597000,0.372,0.088,0.540
597500,0.361,0.073,0.566
598000,0.326,0.077,0.597
598500,0.343,0.072,0.585
599000,0.355,0.064,0.581
599500,0.369,0.065,0.566
600000,0.367,0.065,0.568
600500,0.332,0.076,0.592
601000,0.322,0.089,0.589
601500,0.295,0.083,0.622
602000,0.323,0.074,0.603
602500,0.343,0.075,0.582
603000,0.337,0.062,0.601
603500,0.320,0.069,0.611
604000,0.321,0.066,0.613
604500,0.310,0.072,0.618
605000,0.318,0.074,0.608
605500,0.303,0.084,0.613
606000,0.299,0.085,0.616
606500,0.321,0.092,0.587
607000,0.281,0.088,0.631
607500,0.261,0.077,0.662
608000,0.288,0.083,0.629
608500,0.303,0.102,0.595
609000,0.311,0.104,0.585
609500,0.309,0.087,0.604
610000,0.311,0.073,0.616
610500,0.299,0.078,0.623
611000,0.301,0.081,0.618
611500,0.320,0.068,0.612
612000,0.324,0.058,0.618
612500,0.325,0.062,0.613
613000,0.352,0.082,0.566
613500,0.346,0.075,0.579
614000,0.330,0.070,0.600
614500,0.335,0.060,0.605
615000,0.358,0.056,0.586
615500,0.367,0.056,0.577
616000,0.357,0.059,0.584
616500,0.334,0.086,0.580
617000,0.291,0.107,0.602
617500,0.253,0.113,0.634
618000,0.227,0.148,0.625
618500,0.235,0.137,0.628
619000,0.232,0.138,0.630
619500,0.233,0.131,0.636
620000,0.206,0.121,0.673
620500,0.254,0.140,0.606
621000,0.267,0.126,0.607
621500,0.263,0.124,0.613
622000,0.270,0.123,0.607
622500,0.247,0.149,0.604
623000,0.268,0.121,0.611
623500,0.297,0.131,0.572
624000,0.294,0.129,0.577
624500,0.283,0.114,0.603
625000,0.287,0.108,0.605
625500,0.314,0.094,0.592
626000,0.308,0.092,0.600
626500,0.317,0.106,0.577
627000,0.294,0.094,0.612
627500,0.293,0.091,0.616
628000,0.305,0.086,0.609
628500,0.318,0.088,0.594
629000,0.318,0.089,0.593
629500,0.315,0.071,0.614
630000,0.309,0.084,0.607
630500,0.303,0.059,0.638
631000,0.313,0.065,0.622
631500,0.355,0.058,0.587
632000,0.362,0.072,0.566
632500,0.385,0.068,0.547
633000,0.389,0.056,0.555
633500,0.410,0.063,0.527
634000,0.399,0.052,0.549
634500,0.429,0.036,0.535
635000,0.452,0.034,0.514
635500,0.454,0.039,0.507
636000,0.438,0.039,0.523
636500,0.398,0.053,0.549
637000,0.419,0.055,0.526
637500,0.397,0.057,0.546
638000,0.359,0.070,0.571
638500,0.361,0.074,0.565
639000,0.328,0.087,0.585
639500,0.312,0.085,0.603
640000,0.316,0.092,0.592
640500,0.313,0.093,0.594
641000,0.273,0.104,0.623
641500,0.269,0.097,0.634
642000,0.273,0.090,0.637
642500,0.293,0.096,0.611
643000,0.283,0.111,0.606
643500,0.257,0.124,0.619
644000,0.271,0.112,0.617
644500,0.291,0.097,0.612
645000,0.294,0.103,0.603
645500,0.301,0.077,0.622
646000,0.320,0.078,0.602
646500,0.312,0.089,0.599
647000,0.329,0.080,0.591
647500,0.320,0.083,0.597
648000,0.281,0.092,0.627
648500,0.286,0.110,0.604
649000,0.299,0.108,0.593
649500,0.277,0.109,0.614
650000,0.280,0.097,0.623
650500,0.307,0.083,0.610
651000,0.288,0.074,0.638
651500,0.282,0.071,0.647
652000,0.265,0.094,0.641
652500,0.290,0.107,0.603
653000,0.293,0.099,0.608
653500,0.284,0.103,0.613
654000,0.248,0.131,0.621
654500,0.252,0.120,0.628
655000,0.248,0.119,0.633
655500,0.258,0.124,0.618
656000,0.251,0.111,0.638
656500,0.279,0.099,0.622
657000,0.285,0.098,0.617
657500,0.316,0.100,0.584
658000,0.331,0.079,0.590
658500,0.361,0.069,0.570
659000,0.367,0.073,0.560
659500,0.362,0.073,0.565
660000,0.348,0.080,0.572
660500,0.359,0.062,0.579
661000,0.350,0.065,0.585
661500,0.366,0.043,0.591
662000,0.342,0.036,0.622
662500,0.349,0.043,0.608
663000,0.361,0.032,0.607
663500,0.355,0.052,0.593
664000,0.358,0.063,0.579
664500,0.334,0.063,0.603
665000,0.313,0.061,0.626
665500,0.349,0.064,0.587
666000,0.373,0.055,0.572
666500,0.372,0.068,0.560
667000,0.368,0.074,0.558
667500,0.349,0.056,0.595
668000,0.352,0.049,0.599
668500,0.345,0.088,0.567
669000,0.315,0.076,0.609
669500,0.340,0.069,0.591
670000,0.352,0.076,0.572
670500,0.378,0.072,0.550
671000,0.329,0.067,0.604
671500,0.330,0.067,0.603
672000,0.338,0.062,0.600
672500,0.323,0.075,0.602
673000,0.322,0.076,0.602
673500,0.322,0.086,0.592
674000,0.343,0.075,0.582
674500,0.356,0.080,0.564
675000,0.354,0.078,0.568
675500,0.317,0.069,0.614
676000,0.322,0.079,0.599
676500,0.318,0.080,0.602
677000,0.306,0.095,0.599
677500,0.333,0.081,0.586
678000,0.334,0.074,0.592
678500,0.320,0.079,0.601
679000,0.295,0.095,0.610
679500,0.257,0.119,0.624
680000,0.250,0.119,0.631
680500,0.269,0.113,0.618
681000,0.264,0.109,0.627
681500,0.277,0.104,0.619
682000,0.278,0.098,0.624
682500,0.281,0.103,0.616
683000,0.285,0.102,0.613
683500,0.333,0.099,0.568
684000,0.295,0.096,0.609
684500,0.307,0.083,0.610
685000,0.335,0.090,0.575
685500,0.364,0.098,0.538
686000,0.357,0.089,0.554
686500,0.360,0.067,0.573
687000,0.343,0.068,0.589
687500,0.354,0.070,0.576
688000,0.371,0.049,0.580
688500,0.391,0.041,0.568
689000,0.361,0.042,0.597
689500,0.366,0.056,0.578
690000,0.378,0.062,0.560
690500,0.401,0.062,0.537
691000,0.383,0.050,0.567
691500,0.354,0.083,0.563
692000,0.336,0.090,0.574
692500,0.309,0.103,0.588
693000,0.305,0.093,0.602
693500,0.274,0.095,0.631
694000,0.278,0.123,0.599
694500,0.301,0.113,0.586
695000,0.288,0.114,0.598
695500,0.287,0.109,0.604
696000,0.253,0.126,0.621
696500,0.234,0.129,0.637
697000,0.243,0.143,0.614
697500,0.214,0.152,0.634
698000,0.226,0.141,0.633
698500,0.217,0.140,0.643
699000,0.223,0.133,0.644
699500,0.247,0.137,0.616
700000,0.281,0.118,0.601
700500,0.255,0.144,0.601
701000,0.256,0.149,0.595
701500,0.228,0.149,0.623
702000,0.240,0.154,0.606
702500,0.213,0.164,0.623
703000,0.214,0.149,0.637
703500,0.211,0.133,0.656
704000,0.212,0.144,0.644
704500,0.217,0.146,0.637
705000,0.214,0.150,0.636
705500,0.190,0.166,0.644
706000,0.205,0.174,0.621
706500,0.207,0.182,0.611
707000,0.212,0.171,0.617
707500,0.214,0.168,0.618
708000,0.223,0.112,0.665
708500,0.270,0.111,0.619
709000,0.253,0.110,0.637
709500,0.248,0.110,0.642
710000,0.252,0.105,0.643
710500,0.253,0.098,0.649
711000,0.280,0.088,0.632
711500,0.323,0.092,0.585
712000,0.304,0.080,0.616
712500,0.293,0.086,0.621
713000,0.308,0.082,0.610
713500,0.296,0.097,0.607
714000,0.297,0.093,0.610
714500,0.273,0.105,0.622
715000,0.266,0.079,0.655
715500,0.300,0.080,0.620
716000,0.320,0.092,0.588
716500,0.302,0.116,0.582
717000,0.298,0.090,0.612
717500,0.302,0.080,0.618
718000,0.311,0.086,0.603
718500,0.303,0.095,0.602
719000,0.301,0.079,0.620
719500,0.274,0.101,0.625
720000,0.285,0.103,0.612
720500,0.309,0.099,0.592
721000,0.294,0.102,0.604
721500,0.295,0.078,0.627
722000,0.291,0.099,0.610
722500,0.285,0.094,0.621
723000,0.271,0.075,0.654
723500,0.316,0.090,0.594
724000,0.304,0.098,0.598
724500,0.285,0.101,0.614
725000,0.290,0.092,0.618
725500,0.297,0.094,0.609
726000,0.305,0.088,0.607
726500,0.349,0.058,0.593
727000,0.357,0.058,0.585
727500,0.353,0.059,0.588
728000,0.344,0.075,0.581
728500,0.333,0.069,0.598
729000,0.319,0.086,0.595
729500,0.318,0.095,0.587
730000,0.352,0.081,0.567
730500,0.352,0.064,0.584
731000,0.352,0.066,0.582
731500,0.336,0.071,0.593
732000,0.319,0.077,0.604
732500,0.318,0.070,0.612
733000,0.323,0.076,0.601
733500,0.310,0.075,0.615
734000,0.319,0.086,0.595
734500,0.306,0.114,0.580
735000,0.299,0.095,0.606
735500,0.314,0.087,0.599
736000,0.333,0.084,0.583
736500,0.298,0.073,0.629
737000,0.296,0.086,0.618
737500,0.288,0.098,0.614
738000,0.274,0.091,0.635
738500,0.278,0.094,0.628
739000,0.297,0.102,0.601
739500,0.300,0.108,0.592
740000,0.331,0.096,0.573
740500,0.310,0.089,0.601
741000,0.285,0.072,0.643
741500,0.306,0.070,0.624
742000,0.339,0.064,0.597
742500,0.339,0.057,0.604
743000,0.329,0.072,0.599
743500,0.357,0.082,0.561
744000,0.328,0.069,0.603
744500,0.332,0.070,0.598
745000,0.326,0.070,0.604
745500,0.339,0.061,0.600
746000,0.310,0.089,0.601
746500,0.310,0.104,0.586
747000,0.329,0.082,0.589
747500,0.327,0.072,0.601
748000,0.331,0.095,0.574
748500,0.351,0.079,0.570
749000,0.319,0.083,0.598
749500,0.318,0.070,0.612
750000,0.338,0.074,0.588
750500,0.346,0.079,0.575
751000,0.352,0.085,0.563
751500,0.336,0.096,0.568
752000,0.319,0.094,0.587
752500,0.346,0.074,0.580
753000,0.345,0.058,0.597
753500,0.360,0.079,0.561
754000,0.336,0.077,0.587
754500,0.334,0.078,0.588
755000,0.338,0.090,0.572
755500,0.326,0.091,0.583
756000,0.316,0.084,0.600
756500,0.316,0.072,0.612
757000,0.320,0.066,0.614
757500,0.314,0.072,0.614
758000,0.307,0.091,0.602
758500,0.283,0.105,0.612
759000,0.266,0.116,0.618
759500,0.238,0.116,0.646
760000,0.227,0.110,0.663
760500,0.239,0.118,0.643
761000,0.221,0.105,0.674
761500,0.220,0.128,0.652
762000,0.224,0.118,0.658
762500,0.226,0.136,0.638
763000,0.209,0.132,0.659
763500,0.210,0.142,0.648
764000,0.209,0.148,0.643
764500,0.215,0.148,0.637
765000,0.249,0.124,0.627
765500,0.235,0.134,0.631
766000,0.237,0.118,0.645
766500,0.261,0.124,0.615
767000,0.244,0.130,0.626
767500,0.266,0.111,0.623
768000,0.268,0.095,0.637
768500,0.285,0.101,0.614
769000,0.276,0.081,0.643
769500,0.273,0.077,0.650
770000,0.281,0.108,0.611
770500,0.273,0.101,0.626
771000,0.288,0.105,0.607
771500,0.301,0.103,0.596
772000,0.287,0.098,0.615
772500,0.280,0.090,0.630
773000,0.293,0.090,0.617
773500,0.295,0.084,0.621
774000,0.278,0.095,0.627
774500,0.293,0.097,0.610
775000,0.293,0.097,0.610
775500,0.298,0.086,0.616
776000,0.314,0.072,0.614
776500,0.326,0.100,0.574
777000,0.361,0.072,0.567
777500,0.342,0.059,0.599
778000,0.337,0.073,0.590
778500,0.362,0.074,0.564
779000,0.328,0.074,0.598
779500,0.314,0.063,0.623
780000,0.316,0.078,0.606
780500,0.304,0.085,0.611
781000,0.313,0.088,0.599
781500,0.314,0.093,0.593
782000,0.311,0.085,0.604
782500,0.307,0.092,0.601
783000,0.322,0.079,0.599
783500,0.322,0.072,0.606
784000,0.317,0.083,0.600
784500,0.324,0.082,0.594
785000,0.344,0.078,0.578
785500,0.358,0.065,0.577
786000,0.368,0.059,0.573
786500,0.386,0.057,0.557
787000,0.371,0.076,0.553
787500,0.327,0.082,0.591
788000,0.313,0.072,0.615
788500,0.320,0.078,0.602
789000,0.324,0.081,0.595
789500,0.315,0.090,0.595
790000,0.310,0.091,0.599
790500,0.322,0.074,0.604
791000,0.316,0.072,0.612
791500,0.325,0.093,0.582
792000,0.332,0.106,0.562
792500,0.309,0.090,0.601
793000,0.312,0.084,0.604
793500,0.309,0.086,0.605
794000,0.274,0.107,0.619
794500,0.265,0.101,0.634
795000,0.267,0.115,0.618
795500,0.272,0.117,0.611
796000,0.278,0.101,0.621
796500,0.285,0.090,0.625
797000,0.298,0.104,0.598
797500,0.284,0.115,0.601
798000,0.255,0.104,0.641
798500,0.257,0.119,0.624
799000,0.246,0.138,0.616
799500,0.260,0.129,0.611
800000,0.226,0.126,0.648
800500,0.239,0.124,0.637
801000,0.253,0.117,0.630
801500,0.292,0.109,0.599
802000,0.285,0.096,0.619
802500,0.296,0.093,0.611
803000,0.294,0.086,0.620
803500,0.269,0.096,0.635
804000,0.287,0.114,0.599
804500,0.269,0.134,0.597
805000,0.289,0.119,0.592
805500,0.272,0.111,0.617
806000,0.241,0.125,0.634
806500,0.238,0.115,0.647
807000,0.265,0.121,0.614
807500,0.266,0.115,0.619
808000,0.289,0.119,0.592
808500,0.303,0.100,0.597
809000,0.290,0.114,0.596
809500,0.306,0.095,0.599
810000,0.273,0.085,0.642
810500,0.287,0.085,0.628
811000,0.283,0.089,0.628
811500,0.281,0.091,0.628
812000,0.274,0.099,0.627
812500,0.282,0.097,0.621
813000,0.276,0.076,0.648
813500,0.282,0.073,0.645
814000,0.291,0.081,0.628
814500,0.298,0.102,0.600
815000,0.294,0.108,0.598
815500,0.302,0.093,0.605
816000,0.313,0.080,0.607
816500,0.315,0.079,0.606
817000,0.310,0.090,0.600
817500,0.311,0.087,0.602
818000,0.319,0.083,0.598
818500,0.308,0.097,0.595
819000,0.304,0.100,0.596
819500,0.295,0.077,0.628
820000,0.292,0.094,0.614
820500,0.305,0.086,0.609
821000,0.311,0.102,0.587
821500,0.265,0.097,0.638
822000,0.269,0.098,0.633
822500,0.277,0.088,0.635
823000,0.302,0.092,0.606
823500,0.294,0.083,0.623
824000,0.287,0.090,0.623
824500,0.300,0.079,0.621
825000,0.299,0.091,0.610
825500,0.310,0.104,0.586
826000,0.302,0.070,0.628
826500,0.304,0.080,0.616
827000,0.275,0.085,0.640
827500,0.264,0.093,0.643
828000,0.260,0.080,0.660
828500,0.264,0.101,0.635
829000,0.275,0.112,0.613
829500,0.263,0.101,0.636
830000,0.262,0.099,0.639
830500,0.271,0.115,0.614
831000,0.240,0.105,0.655
831500,0.241,0.103,0.656
832000,0.262,0.099,0.639
832500,0.271,0.090,0.639
833000,0.265,0.087,0.648
833500,0.259,0.110,0.631
834000,0.265,0.119,0.616
834500,0.261,0.118,0.621
835000,0.248,0.131,0.621
835500,0.228,0.140,0.632
836000,0.241,0.115,0.644
836500,0.281,0.108,0.611
837000,0.288,0.121,0.591
837500,0.282,0.113,0.605
838000,0.250,0.121,0.629
838500,0.288,0.122,0.590
839000,0.288,0.110,0.602
839500,0.289,0.104,0.607
840000,0.311,0.102,0.587
840500,0.304,0.105,0.591
841000,0.305,0.080,0.615
841500,0.308,0.073,0.619
842000,0.327,0.089,0.584
842500,0.317,0.084,0.599
843000,0.356,0.079,0.565
843500,0.328,0.089,0.583
844000,0.327,0.085,0.588
844500,0.349,0.072,0.579
845000,0.343,0.072,0.585
845500,0.346,0.061,0.593
846000,0.343,0.065,0.592
846500,0.332,0.064,0.604
847000,0.329,0.077,0.594
847500,0.343,0.062,0.595
848000,0.331,0.082,0.587
848500,0.326,0.072,0.602
849000,0.326,0.076,0.598
849500,0.339,0.085,0.576
850000,0.326,0.082,0.592
850500,0.273,0.093,0.634
851000,0.276,0.076,0.648
851500,0.268,0.106,0.626
852000,0.304,0.104,0.592
852500,0.318,0.093,0.589
853000,0.298,0.093,0.609
853500,0.300,0.079,0.621
854000,0.280,0.091,0.629
854500,0.270,0.092,0.638
855000,0.292,0.098,0.610
855500,0.284,0.098,0.618
856000,0.277,0.086,0.637
856500,0.274,0.086,0.640
857000,0.298,0.075,0.627
857500,0.314,0.084,0.602
858000,0.337,0.078,0.585
858500,0.333,0.094,0.573
859000,0.305,0.091,0.604
859500,0.308,0.092,0.600
860000,0.288,0.091,0.621
860500,0.275,0.103,0.622
861000,0.278,0.085,0.637
861500,0.322,0.083,0.595
862000,0.285,0.092,0.623
862500,0.274,0.091,0.635
863000,0.268,0.102,0.630
863500,0.258,0.108,0.634
864000,0.266,0.104,0.630
864500,0.250,0.106,0.644
865000,0.286,0.105,0.609
865500,0.269,0.101,0.630
866000,0.282,0.106,0.612
866500,0.289,0.107,0.604
867000,0.287,0.104,0.609
867500,0.283,0.084,0.633
868000,0.285,0.084,0.631
868500,0.285,0.073,0.642
869000,0.296,0.078,0.626
869500,0.286,0.084,0.630
870000,0.317,0.065,0.618
870500,0.316,0.074,0.610
871000,0.314,0.092,0.594
871500,0.284,0.084,0.632
872000,0.304,0.085,0.611
872500,0.308,0.078,0.614
873000,0.287,0.099,0.614
873500,0.263,0.103,0.634
874000,0.249,0.102,0.649
874500,0.268,0.103,0.629
875000,0.285,0.087,0.628
875500,0.292,0.105,0.603
876000,0.283,0.095,0.622
876500,0.306,0.095,0.599
877000,0.286,0.099,0.615
877500,0.268,0.112,0.620
878000,0.284,0.107,0.609
878500,0.273,0.099,0.628
879000,0.301,0.096,0.603
879500,0.313,0.072,0.615
880000,0.299,0.095,0.606
880500,0.279,0.093,0.628
881000,0.296,0.093,0.611
881500,0.289,0.085,0.626
882000,0.295,0.086,0.619
882500,0.296,0.112,0.592
883000,0.270,0.110,0.620
883500,0.304,0.102,0.594
884000,0.296,0.103,0.601
884500,0.314,0.097,0.589
885000,0.317,0.084,0.599
885500,0.300,0.092,0.608
886000,0.270,0.090,0.640
886500,0.289,0.090,0.621
887000,0.295,0.092,0.613
887500,0.294,0.088,0.618
888000,0.291,0.089,0.620
888500,0.279,0.107,0.614
889000,0.314,0.076,0.610
889500,0.293,0.082,0.625
890000,0.274,0.094,0.632
890500,0.259,0.101,0.640
891000,0.280,0.084,0.636
891500,0.293,0.087,0.620
892000,0.318,0.079,0.603
892500,0.293,0.081,0.626
893000,0.293,0.094,0.613
893500,0.281,0.093,0.626
894000,0.272,0.124,0.604
894500,0.261,0.118,0.621
895000,0.261,0.113,0.626
895500,0.265,0.107,0.628
896000,0.271,0.120,0.609
896500,0.265,0.124,0.611
897000,0.267,0.126,0.607
897500,0.294,0.121,0.585
898000,0.291,0.115,0.594
898500,0.274,0.110,0.616
899000,0.267,0.110,0.623
899500,0.262,0.100,0.638
900000,0.300,0.088,0.612
900500,0.322,0.098,0.580
901000,0.317,0.089,0.594
901500,0.326,0.071,0.603
902000,0.308,0.082,0.610
902500,0.324,0.081,0.595
903000,0.312,0.091,0.597
903500,0.326,0.093,0.581
904000,0.319,0.099,0.582
904500,0.312,0.096,0.592
905000,0.331,0.084,0.585
905500,0.318,0.102,0.580
906000,0.298,0.104,0.598
906500,0.281,0.132,0.587
907000,0.245,0.127,0.628
907500,0.233,0.135,0.632
908000,0.243,0.133,0.624
908500,0.243,0.125,0.632
909000,0.246,0.113,0.641
909500,0.237,0.110,0.653
910000,0.258,0.099,0.643
910500,0.286,0.084,0.630
911000,0.281,0.092,0.627
911500,0.292,0.107,0.601
912000,0.302,0.097,0.601
912500,0.301,0.083,0.616
913000,0.298,0.086,0.616
913500,0.325,0.070,0.605
914000,0.358,0.050,0.592
914500,0.377,0.056,0.567
915000,0.353,0.076,0.571
915500,0.354,0.080,0.566
916000,0.338,0.072,0.590
916500,0.330,0.072,0.598
917000,0.313,0.095,0.592
917500,0.283,0.102,0.615
918000,0.277,0.103,0.620
918500,0.281,0.116,0.603
919000,0.299,0.087,0.614
919500,0.325,0.096,0.579
920000,0.296,0.103,0.601
920500,0.278,0.105,0.617
921000,0.240,0.135,0.625
921500,0.225,0.141,0.634
922000,0.232,0.130,0.638
922500,0.225,0.116,0.659
923000,0.243,0.134,0.623
923500,0.246,0.129,0.625
924000,0.217,0.125,0.658
924500,0.230,0.116,0.654
925000,0.229,0.112,0.659
925500,0.217,0.119,0.664
926000,0.236,0.139,0.625
926500,0.263,0.127,0.610
927000,0.248,0.116,0.636
927500,0.244,0.112,0.644
928000,0.269,0.134,0.597
928500,0.293,0.109,0.598
929000,0.259,0.123,0.618
929500,0.271,0.105,0.624
930000,0.264,0.111,0.625
930500,0.268,0.112,0.620
931000,0.238,0.114,0.648
931500,0.256,0.093,0.651
932000,0.261,0.106,0.633
932500,0.258,0.121,0.621
933000,0.251,0.138,0.611
933500,0.270,0.119,0.611
934000,0.278,0.108,0.614
934500,0.302,0.103,0.595
935000,0.307,0.097,0.596
935500,0.306,0.098,0.596
936000,0.312,0.093,0.595
936500,0.304,0.084,0.612
937000,0.314,0.082,0.604
937500,0.299,0.099,0.602
938000,0.324,0.083,0.593
938500,0.300,0.102,0.598
939000,0.318,0.102,0.580
939500,0.301,0.101,0.598
940000,0.338,0.082,0.580
940500,0.306,0.077,0.617
941000,0.332,0.069,0.599
941500,0.336,0.090,0.574
942000,0.311,0.076,0.613
942500,0.325,0.091,0.584
943000,0.327,0.099,0.574
943500,0.296,0.085,0.619
944000,0.321,0.063,0.616
944500,0.337,0.047,0.616
945000,0.338,0.062,0.600
945500,0.310,0.058,0.632
946000,0.336,0.061,0.603
946500,0.329,0.069,0.602
947000,0.321,0.086,0.593
947500,0.309,0.086,0.605
948000,0.321,0.104,0.575
948500,0.281,0.107,0.612
949000,0.281,0.104,0.615
949500,0.263,0.119,0.618
950000,0.280,0.118,0.602
950500,0.265,0.125,0.610
951000,0.254,0.128,0.618
951500,0.264,0.133,0.603
952000,0.276,0.113,0.611
952500,0.292,0.115,0.593
953000,0.295,0.112,0.593
953500,0.296,0.101,0.603
954000,0.283,0.112,0.605
954500,0.291,0.106,0.603
955000,0.277,0.103,0.620
955500,0.280,0.118,0.602
956000,0.288,0.105,0.607
956500,0.283,0.101,0.616
957000,0.281,0.114,0.605
957500,0.285,0.111,0.604
958000,0.276,0.112,0.612
958500,0.285,0.116,0.599
959000,0.305,0.089,0.606
959500,0.307,0.103,0.590
960000,0.281,0.115,0.604
960500,0.255,0.117,0.628
961000,0.244,0.123,0.633
961500,0.232,0.127,0.641
962000,0.229,0.135,0.636
962500,0.233,0.131,0.636
963000,0.246,0.115,0.639
963500,0.251,0.110,0.639
964000,0.281,0.105,0.614
964500,0.289,0.095,0.616
965000,0.279,0.104,0.617
965500,0.281,0.120,0.599
966000,0.270,0.109,0.621
966500,0.286,0.111,0.603
967000,0.273,0.107,0.620
967500,0.241,0.118,0.641
968000,0.260,0.112,0.628
968500,0.270,0.113,0.617
969000,0.283,0.113,0.604
969500,0.286,0.099,0.615
970000,0.266,0.103,0.631
970500,0.292,0.118,0.590
971000,0.295,0.112,0.593
971500,0.276,0.109,0.615
972000,0.303,0.098,0.599
972500,0.326,0.088,0.586
973000,0.317,0.059,0.624
973500,0.306,0.077,0.617
974000,0.314,0.077,0.609
974500,0.350,0.077,0.573
975000,0.309,0.094,0.597
975500,0.302,0.100,0.598
976000,0.274,0.101,0.625
976500,0.269,0.103,0.628
977000,0.270,0.108,0.622
977500,0.260,0.108,0.632
978000,0.284,0.099,0.617
978500,0.281,0.107,0.612
979000,0.268,0.115,0.617
979500,0.260,0.107,0.633
980000,0.277,0.109,0.614
980500,0.280,0.081,0.639
981000,0.279,0.086,0.635
981500,0.286,0.100,0.614
982000,0.289,0.096,0.615
982500,0.275,0.090,0.635
983000,0.283,0.090,0.627
983500,0.273,0.086,0.641
984000,0.294,0.086,0.620
984500,0.298,0.091,0.611
985000,0.308,0.087,0.605
985500,0.314,0.087,0.599
986000,0.328,0.084,0.588
986500,0.299,0.081,0.620
987000,0.273,0.092,0.635
987500,0.294,0.097,0.609
988000,0.277,0.086,0.637
988500,0.288,0.095,0.617
989000,0.273,0.094,0.633
989500,0.294,0.067,0.639
990000,0.297,0.089,0.614
990500,0.292,0.089,0.619
991000,0.326,0.093,0.581
991500,0.303,0.095,0.602
992000,0.314,0.080,0.606
992500,0.292,0.101,0.607
993000,0.282,0.100,0.618
993500,0.291,0.102,0.607
994000,0.272,0.102,0.626
994500,0.290,0.112,0.598
995000,0.284,0.096,0.620
995500,0.300,0.100,0.600
996000,0.297,0.095,0.608
996500,0.270,0.100,0.630
997000,0.262,0.106,0.632
997500,0.266,0.089,0.645
998000,0.299,0.087,0.614
998500,0.300,0.086,0.614
999000,0.329,0.095,0.576
999500,0.312,0.102,0.586
1000000,0.292,0.102,0.606
