time,n_A+p,n_B,n_AB
1000,0.115,0.269,0.616
2000,0.061,0.341,0.598
3000,0.011,0.535,0.454
4000,0.000,0.629,0.371
5000,0.000,0.705,0.295
6000,0.001,0.768,0.231
7000,0.000,0.791,0.209
8000,0.000,0.773,0.227
9000,0.000,0.742,0.258
10000,0.000,0.777,0.223
11000,0.000,0.768,0.232
12000,0.000,0.746,0.254
13000,0.000,0.667,0.333
14000,0.000,0.664,0.336
15000,0.000,0.726,0.274
16000,0.005,0.686,0.309
17000,0.003,0.692,0.305
18000,0.000,0.724,0.276
19000,0.000,0.773,0.227
20000,0.000,0.806,0.194
21000,0.000,0.814,0.186
22000,0.000,0.841,0.159
23000,0.000,0.889,0.111
24000,0.000,0.883,0.117
25000,0.000,0.893,0.107
26000,0.000,0.878,0.122
27000,0.000,0.875,0.125
28000,0.000,0.846,0.154
29000,0.000,0.881,0.119
30000,0.000,0.813,0.187
31000,0.000,0.727,0.273
32000,0.000,0.723,0.277
33000,0.000,0.723,0.277
34000,0.000,0.791,0.209
35000,0.000,0.866,0.134
36000,0.000,0.904,0.096
37000,0.000,0.901,0.099
38000,0.000,0.911,0.089
39000,0.000,0.871,0.129
40000,0.000,0.819,0.181
41000,0.001,0.786,0.213
42000,0.000,0.787,0.213
43000,0.000,0.782,0.218
44000,0.000,0.822,0.178
45000,0.000,0.844,0.156
46000,0.000,0.856,0.144
47000,0.000,0.857,0.143
48000,0.000,0.853,0.147
49000,0.000,0.855,0.145
50000,0.000,0.850,0.150
51000,0.000,0.834,0.166
52000,0.000,0.807,0.193
53000,0.000,0.770,0.230
54000,0.000,0.778,0.222
55000,0.000,0.852,0.148
56000,0.000,0.817,0.183
57000,0.000,0.801,0.199
58000,0.000,0.838,0.162
59000,0.000,0.835,0.165
60000,0.000,0.839,0.161
61000,0.000,0.841,0.159
62000,0.000,0.876,0.124
63000,0.000,0.853,0.147
64000,0.000,0.831,0.169
65000,0.000,0.767,0.233
66000,0.000,0.776,0.224
67000,0.000,0.808,0.192
68000,0.000,0.831,0.169
69000,0.000,0.834,0.166
70000,0.000,0.884,0.116
71000,0.000,0.819,0.181
72000,0.000,0.802,0.198
73000,0.000,0.784,0.216
74000,0.000,0.854,0.146
75000,0.000,0.887,0.113
76000,0.000,0.887,0.113
77000,0.000,0.915,0.085
78000,0.000,0.917,0.083
79000,0.000,0.887,0.113
80000,0.000,0.866,0.134
81000,0.000,0.866,0.134
82000,0.000,0.875,0.125
83000,0.000,0.909,0.091
84000,0.000,0.901,0.099
85000,0.000,0.951,0.049
86000,0.000,0.961,0.039
87000,0.000,0.965,0.035
88000,0.000,0.962,0.038
89000,0.000,0.981,0.019
90000,0.000,0.973,0.027
91000,0.000,0.979,0.021
92000,0.000,0.997,0.003
93000,0.000,0.988,0.012
94000,0.000,0.998,0.002
95000,0.000,1.000,0.000
