time,n_A+p,n_B,n_AB
100,0.415,0.530,0.055
200,0.397,0.519,0.084
300,0.372,0.501,0.128
400,0.360,0.487,0.153
500,0.344,0.461,0.195
600,0.335,0.451,0.213
700,0.327,0.435,0.238
800,0.325,0.428,0.247
900,0.316,0.433,0.251
1000,0.318,0.422,0.260
1100,0.305,0.421,0.274
1200,0.300,0.418,0.282
1300,0.293,0.418,0.289
1400,0.290,0.411,0.299
1500,0.285,0.396,0.319
1600,0.279,0.390,0.331
1700,0.275,0.375,0.350
1800,0.277,0.371,0.352
1900,0.272,0.369,0.360
2000,0.265,0.367,0.369
2100,0.267,0.373,0.361
2200,0.271,0.374,0.355
2300,0.265,0.362,0.374
2400,0.258,0.355,0.386
2500,0.253,0.355,0.391
2600,0.255,0.347,0.397
2700,0.253,0.350,0.396
2800,0.253,0.344,0.402
2900,0.257,0.345,0.397
3000,0.253,0.343,0.403
3100,0.250,0.342,0.408
3200,0.252,0.329,0.419
3300,0.268,0.335,0.397
3400,0.271,0.337,0.392
3500,0.276,0.338,0.386
3600,0.276,0.337,0.387
3700,0.283,0.336,0.381
3800,0.280,0.336,0.384
3900,0.283,0.337,0.380
4000,0.275,0.335,0.390
4100,0.275,0.341,0.384
4200,0.279,0.341,0.380
4300,0.278,0.337,0.385
4400,0.273,0.327,0.400
4500,0.277,0.327,0.396
4600,0.291,0.329,0.380
4700,0.282,0.322,0.396
4800,0.278,0.331,0.391
4900,0.274,0.335,0.391
5000,0.270,0.328,0.402
5100,0.267,0.324,0.410
5200,0.267,0.317,0.417
5300,0.265,0.317,0.419
5400,0.264,0.320,0.417
5500,0.258,0.318,0.424
5600,0.264,0.319,0.418
5700,0.275,0.324,0.401
5800,0.267,0.316,0.418
5900,0.261,0.319,0.420
6000,0.273,0.322,0.406
6100,0.265,0.321,0.415
6200,0.259,0.321,0.420
6300,0.260,0.328,0.412
6400,0.252,0.340,0.408
6500,0.251,0.332,0.417
6600,0.251,0.325,0.424
6700,0.252,0.319,0.429
6800,0.253,0.309,0.437
6900,0.253,0.303,0.443
7000,0.257,0.306,0.436
7100,0.239,0.314,0.447
7200,0.236,0.309,0.455
7300,0.242,0.304,0.454
7400,0.242,0.313,0.445
7500,0.243,0.327,0.430
7600,0.251,0.322,0.427
7700,0.254,0.308,0.437
7800,0.249,0.317,0.434
7900,0.250,0.318,0.432
8000,0.255,0.318,0.427
8100,0.252,0.322,0.426
8200,0.253,0.324,0.423
8300,0.258,0.329,0.413
8400,0.259,0.325,0.416
8500,0.254,0.323,0.423
8600,0.267,0.326,0.408
8700,0.258,0.323,0.419
8800,0.269,0.324,0.408
8900,0.271,0.308,0.421
9000,0.260,0.301,0.438
9100,0.263,0.313,0.425
9200,0.274,0.309,0.417
9300,0.268,0.306,0.426
9400,0.264,0.304,0.432
9500,0.274,0.306,0.420
9600,0.271,0.307,0.422
9700,0.271,0.298,0.431
9800,0.263,0.297,0.440
9900,0.252,0.300,0.447
10000,0.249,0.304,0.446
10100,0.248,0.308,0.443
10200,0.239,0.307,0.454
10300,0.246,0.307,0.446
10400,0.242,0.306,0.451
10500,0.250,0.311,0.439
10600,0.254,0.308,0.437
10700,0.263,0.303,0.434
10800,0.258,0.303,0.438
10900,0.263,0.295,0.442
11000,0.255,0.291,0.454
11100,0.250,0.288,0.462
11200,0.252,0.281,0.467
11300,0.254,0.271,0.475
11400,0.258,0.264,0.478
11500,0.267,0.266,0.468
11600,0.257,0.277,0.466
11700,0.257,0.276,0.467
11800,0.267,0.270,0.464
11900,0.268,0.272,0.461
12000,0.270,0.276,0.455
12100,0.270,0.281,0.449
12200,0.267,0.299,0.434
12300,0.256,0.293,0.450
12400,0.258,0.291,0.450
12500,0.260,0.292,0.447
12600,0.255,0.290,0.455
12700,0.256,0.295,0.448
12800,0.254,0.302,0.443
12900,0.244,0.301,0.455
13000,0.238,0.284,0.478
13100,0.236,0.294,0.470
13200,0.236,0.292,0.472
13300,0.246,0.293,0.461
13400,0.246,0.291,0.463
13500,0.248,0.284,0.468
13600,0.246,0.286,0.468
13700,0.242,0.282,0.476
13800,0.238,0.280,0.482
13900,0.252,0.274,0.474
14000,0.257,0.269,0.474
14100,0.264,0.265,0.472
14200,0.272,0.257,0.471
14300,0.268,0.253,0.479
14400,0.284,0.250,0.466
14500,0.278,0.246,0.476
14600,0.278,0.245,0.477
14700,0.267,0.252,0.481
14800,0.264,0.263,0.474
14900,0.267,0.250,0.483
15000,0.265,0.247,0.488
15100,0.276,0.245,0.479
15200,0.282,0.235,0.483
15300,0.280,0.233,0.487
15400,0.281,0.238,0.481
15500,0.275,0.233,0.492
15600,0.276,0.222,0.503
15700,0.275,0.232,0.493
15800,0.276,0.234,0.490
15900,0.268,0.231,0.502
16000,0.267,0.233,0.501
16100,0.259,0.228,0.513
16200,0.258,0.228,0.514
16300,0.254,0.236,0.510
16400,0.257,0.247,0.495
16500,0.257,0.242,0.501
16600,0.245,0.234,0.521
16700,0.242,0.235,0.523
16800,0.235,0.243,0.522
16900,0.230,0.240,0.530
17000,0.230,0.240,0.530
17100,0.233,0.242,0.525
17200,0.238,0.255,0.507
17300,0.238,0.257,0.505
17400,0.234,0.252,0.514
17500,0.241,0.246,0.513
17600,0.256,0.240,0.504
17700,0.249,0.241,0.510
17800,0.259,0.240,0.501
17900,0.259,0.242,0.498
18000,0.268,0.248,0.484
18100,0.260,0.246,0.493
18200,0.260,0.247,0.492
18300,0.265,0.242,0.493
18400,0.267,0.232,0.502
18500,0.264,0.244,0.492
18600,0.258,0.243,0.498
18700,0.257,0.252,0.490
18800,0.259,0.244,0.496
18900,0.265,0.241,0.494
19000,0.263,0.240,0.497
19100,0.258,0.233,0.509
19200,0.250,0.241,0.509
19300,0.248,0.246,0.506
19400,0.245,0.261,0.493
19500,0.246,0.270,0.484
19600,0.254,0.265,0.481
19700,0.246,0.263,0.491
19800,0.245,0.257,0.497
19900,0.247,0.248,0.505
20000,0.249,0.239,0.512
20100,0.258,0.247,0.494
20200,0.259,0.246,0.494
20300,0.252,0.263,0.485
20400,0.253,0.269,0.478
20500,0.244,0.290,0.466
20600,0.250,0.290,0.460
20700,0.247,0.291,0.462
20800,0.247,0.289,0.464
20900,0.249,0.284,0.467
21000,0.257,0.283,0.460
21100,0.245,0.280,0.475
21200,0.240,0.271,0.489
21300,0.242,0.267,0.491
21400,0.230,0.252,0.518
21500,0.232,0.255,0.513
21600,0.225,0.255,0.520
21700,0.227,0.257,0.516
21800,0.235,0.266,0.499
21900,0.229,0.261,0.510
22000,0.219,0.261,0.520
22100,0.212,0.272,0.516
22200,0.212,0.279,0.509
22300,0.213,0.270,0.517
22400,0.212,0.267,0.521
22500,0.211,0.266,0.523
22600,0.219,0.271,0.511
22700,0.220,0.266,0.515
22800,0.219,0.253,0.528
22900,0.236,0.255,0.509
23000,0.238,0.249,0.513
23100,0.231,0.248,0.521
23200,0.230,0.248,0.522
23300,0.234,0.252,0.514
23400,0.225,0.254,0.521
23500,0.234,0.254,0.512
23600,0.243,0.251,0.506
23700,0.242,0.252,0.506
23800,0.240,0.244,0.516
23900,0.242,0.241,0.517
24000,0.242,0.241,0.517
24100,0.237,0.238,0.525
24200,0.243,0.239,0.518
24300,0.239,0.245,0.516
24400,0.243,0.244,0.513
24500,0.247,0.242,0.511
24600,0.239,0.239,0.522
24700,0.255,0.244,0.501
24800,0.255,0.246,0.498
24900,0.250,0.256,0.493
25000,0.249,0.260,0.490
25100,0.244,0.249,0.507
25200,0.247,0.246,0.507
25300,0.244,0.246,0.510
25400,0.247,0.250,0.503
25500,0.242,0.244,0.514
25600,0.241,0.236,0.523
25700,0.233,0.238,0.529
25800,0.237,0.238,0.525
25900,0.233,0.241,0.526
26000,0.240,0.232,0.528
26100,0.239,0.222,0.539
26200,0.236,0.228,0.536
26300,0.240,0.216,0.544
26400,0.248,0.222,0.530
26500,0.242,0.226,0.532
26600,0.243,0.217,0.540
26700,0.251,0.210,0.538
26800,0.245,0.210,0.544
26900,0.240,0.219,0.541
27000,0.250,0.209,0.540
27100,0.257,0.209,0.533
27200,0.254,0.198,0.547
27300,0.259,0.202,0.538
27400,0.261,0.206,0.532
27500,0.254,0.209,0.536
27600,0.245,0.212,0.542
27700,0.240,0.211,0.549
27800,0.243,0.211,0.545
27900,0.235,0.216,0.550
28000,0.236,0.215,0.550
28100,0.234,0.212,0.554
28200,0.236,0.224,0.540
28300,0.240,0.231,0.529
28400,0.241,0.238,0.521
28500,0.236,0.241,0.523
28600,0.234,0.243,0.523
28700,0.224,0.245,0.531
28800,0.215,0.242,0.543
28900,0.231,0.243,0.526
29000,0.229,0.252,0.519
29100,0.217,0.256,0.527
29200,0.215,0.256,0.529
29300,0.215,0.258,0.527
29400,0.223,0.263,0.515
29500,0.228,0.264,0.509
29600,0.216,0.263,0.522
29700,0.209,0.260,0.530
29800,0.221,0.256,0.523
29900,0.220,0.247,0.533
30000,0.216,0.248,0.536
30100,0.210,0.251,0.538
30200,0.209,0.264,0.527
30300,0.202,0.266,0.532
30400,0.207,0.263,0.530
30500,0.211,0.270,0.519
30600,0.201,0.275,0.524
30700,0.193,0.276,0.531
30800,0.199,0.276,0.525
30900,0.205,0.270,0.525
31000,0.196,0.266,0.538
31100,0.202,0.267,0.531
31200,0.205,0.279,0.516
31300,0.205,0.276,0.519
31400,0.209,0.278,0.513
31500,0.211,0.276,0.513
31600,0.217,0.281,0.503
31700,0.212,0.279,0.509
31800,0.212,0.283,0.505
31900,0.200,0.299,0.501
32000,0.195,0.297,0.508
32100,0.191,0.303,0.506
32200,0.191,0.289,0.520
32300,0.200,0.304,0.495
32400,0.190,0.297,0.513
32500,0.195,0.285,0.520
32600,0.193,0.280,0.527
32700,0.198,0.289,0.513
32800,0.207,0.282,0.511
32900,0.203,0.290,0.507
33000,0.195,0.284,0.521
33100,0.194,0.280,0.526
33200,0.189,0.278,0.533
33300,0.193,0.268,0.539
33400,0.198,0.265,0.537
33500,0.206,0.266,0.528
33600,0.220,0.260,0.520
33700,0.220,0.252,0.528
33800,0.215,0.251,0.534
33900,0.216,0.254,0.530
34000,0.222,0.254,0.524
34100,0.218,0.254,0.528
34200,0.210,0.258,0.531
34300,0.213,0.260,0.526
34400,0.217,0.258,0.525
34500,0.219,0.264,0.518
34600,0.209,0.257,0.533
34700,0.220,0.260,0.520
34800,0.212,0.251,0.536
34900,0.210,0.254,0.535
35000,0.208,0.249,0.542
35100,0.205,0.246,0.549
35200,0.202,0.249,0.549
35300,0.205,0.251,0.543
35400,0.217,0.263,0.521
35500,0.216,0.258,0.526
35600,0.217,0.263,0.521
35700,0.215,0.264,0.522
35800,0.211,0.265,0.524
35900,0.207,0.266,0.527
36000,0.206,0.270,0.524
36100,0.207,0.263,0.530
36200,0.204,0.268,0.528
36300,0.201,0.269,0.530
36400,0.203,0.282,0.515
36500,0.202,0.275,0.523
36600,0.197,0.276,0.527
36700,0.194,0.269,0.537
36800,0.188,0.267,0.545
36900,0.205,0.272,0.523
37000,0.208,0.272,0.520
37100,0.207,0.270,0.523
37200,0.218,0.266,0.517
37300,0.213,0.261,0.525
37400,0.195,0.267,0.538
37500,0.193,0.263,0.544
37600,0.207,0.260,0.532
37700,0.210,0.267,0.523
37800,0.198,0.265,0.537
37900,0.194,0.271,0.535
38000,0.189,0.279,0.532
38100,0.192,0.273,0.535
38200,0.194,0.279,0.527
38300,0.189,0.289,0.522
38400,0.190,0.287,0.523
38500,0.193,0.281,0.526
38600,0.194,0.288,0.518
38700,0.193,0.272,0.535
38800,0.191,0.279,0.530
38900,0.192,0.271,0.537
39000,0.203,0.272,0.525
39100,0.206,0.268,0.526
39200,0.212,0.259,0.528
39300,0.209,0.257,0.533
39400,0.206,0.259,0.534
39500,0.203,0.268,0.529
39600,0.201,0.272,0.527
39700,0.192,0.274,0.534
39800,0.192,0.283,0.525
39900,0.192,0.284,0.524
40000,0.198,0.283,0.519
40100,0.193,0.263,0.544
40200,0.192,0.272,0.536
40300,0.194,0.270,0.536
40400,0.205,0.268,0.527
40500,0.197,0.276,0.527
40600,0.197,0.264,0.539
40700,0.208,0.263,0.529
40800,0.204,0.261,0.534
40900,0.195,0.250,0.555
41000,0.197,0.247,0.556
41100,0.202,0.238,0.560
41200,0.200,0.235,0.565
41300,0.206,0.241,0.553
41400,0.201,0.253,0.545
41500,0.201,0.246,0.553
41600,0.209,0.246,0.544
41700,0.211,0.244,0.544
41800,0.209,0.249,0.541
41900,0.217,0.248,0.535
42000,0.221,0.242,0.537
42100,0.232,0.236,0.532
42200,0.234,0.244,0.522
42300,0.231,0.243,0.526
42400,0.219,0.249,0.532
42500,0.228,0.255,0.517
42600,0.227,0.250,0.523
42700,0.229,0.244,0.527
42800,0.232,0.240,0.528
42900,0.230,0.229,0.541
43000,0.216,0.232,0.553
43100,0.221,0.230,0.550
43200,0.219,0.221,0.561
43300,0.223,0.223,0.555
43400,0.221,0.218,0.562
43500,0.240,0.218,0.542
43600,0.233,0.213,0.554
43700,0.228,0.218,0.555
43800,0.225,0.211,0.564
43900,0.206,0.215,0.579
44000,0.210,0.215,0.575
44100,0.210,0.219,0.571
44200,0.212,0.232,0.556
44300,0.211,0.227,0.562
44400,0.210,0.235,0.555
44500,0.204,0.241,0.555
44600,0.210,0.244,0.545
44700,0.211,0.243,0.545
44800,0.217,0.240,0.543
44900,0.220,0.236,0.544
45000,0.207,0.239,0.554
45100,0.210,0.245,0.544
45200,0.209,0.252,0.538
45300,0.206,0.277,0.517
45400,0.208,0.282,0.510
45500,0.204,0.283,0.513
45600,0.209,0.267,0.524
45700,0.208,0.263,0.529
45800,0.200,0.258,0.541
45900,0.207,0.254,0.538
46000,0.213,0.247,0.539
46100,0.215,0.249,0.536
46200,0.203,0.246,0.551
46300,0.199,0.236,0.565
46400,0.200,0.233,0.567
46500,0.201,0.222,0.577
46600,0.205,0.222,0.573
46700,0.207,0.220,0.573
46800,0.204,0.226,0.570
46900,0.206,0.235,0.559
47000,0.208,0.246,0.545
47100,0.206,0.245,0.549
47200,0.199,0.257,0.543
47300,0.198,0.247,0.555
47400,0.190,0.252,0.558
47500,0.192,0.244,0.564
47600,0.192,0.255,0.553
47700,0.199,0.259,0.541
47800,0.199,0.251,0.550
47900,0.201,0.253,0.545
48000,0.206,0.246,0.547
48100,0.208,0.253,0.538
48200,0.213,0.244,0.542
48300,0.203,0.241,0.556
48400,0.200,0.257,0.542
48500,0.192,0.249,0.559
48600,0.190,0.260,0.550
48700,0.194,0.268,0.538
48800,0.196,0.258,0.545
48900,0.196,0.249,0.555
49000,0.201,0.242,0.557
49100,0.202,0.246,0.552
49200,0.202,0.255,0.542
49300,0.199,0.253,0.547
49400,0.200,0.249,0.551
49500,0.203,0.259,0.537
49600,0.205,0.259,0.535
49700,0.198,0.249,0.553
49800,0.195,0.238,0.567
49900,0.196,0.240,0.564
50000,0.191,0.238,0.571
50100,0.185,0.253,0.562
50200,0.179,0.261,0.560
50300,0.176,0.264,0.561
50400,0.184,0.271,0.545
50500,0.180,0.279,0.541
50600,0.179,0.278,0.543
50700,0.178,0.281,0.541
50800,0.182,0.272,0.546
50900,0.184,0.256,0.560
51000,0.192,0.267,0.541
51100,0.183,0.269,0.549
51200,0.171,0.268,0.562
51300,0.171,0.257,0.572
51400,0.168,0.255,0.577
51500,0.175,0.264,0.562
51600,0.176,0.253,0.571
51700,0.168,0.266,0.567
51800,0.175,0.257,0.568
51900,0.172,0.263,0.566
52000,0.169,0.271,0.561
52100,0.168,0.274,0.559
52200,0.174,0.282,0.544
52300,0.175,0.275,0.551
52400,0.169,0.275,0.557
52500,0.173,0.296,0.531
52600,0.169,0.292,0.539
52700,0.175,0.294,0.531
52800,0.172,0.285,0.543
52900,0.172,0.279,0.550
53000,0.168,0.276,0.557
53100,0.168,0.275,0.558
53200,0.172,0.275,0.554
53300,0.180,0.274,0.546
53400,0.183,0.275,0.542
53500,0.175,0.269,0.557
53600,0.175,0.261,0.564
53700,0.182,0.261,0.557
53800,0.182,0.260,0.558
53900,0.187,0.258,0.555
54000,0.185,0.265,0.551
54100,0.177,0.272,0.552
54200,0.176,0.266,0.559
54300,0.174,0.266,0.561
54400,0.170,0.263,0.568
54500,0.171,0.265,0.565
54600,0.172,0.260,0.568
54700,0.171,0.256,0.573
54800,0.169,0.250,0.581
54900,0.165,0.245,0.589
55000,0.162,0.245,0.592
55100,0.166,0.246,0.587
55200,0.163,0.243,0.593
55300,0.152,0.249,0.599
55400,0.161,0.239,0.600
55500,0.163,0.240,0.597
55600,0.176,0.236,0.588
55700,0.178,0.230,0.592
55800,0.179,0.231,0.590
55900,0.175,0.238,0.587
56000,0.177,0.238,0.585
56100,0.178,0.224,0.599
56200,0.175,0.230,0.596
56300,0.175,0.248,0.577
56400,0.182,0.236,0.582
56500,0.190,0.241,0.569
56600,0.179,0.240,0.581
56700,0.174,0.240,0.586
56800,0.175,0.221,0.605
56900,0.166,0.233,0.601
57000,0.171,0.239,0.590
57100,0.173,0.243,0.584
57200,0.179,0.241,0.580
57300,0.180,0.240,0.580
57400,0.175,0.246,0.579
57500,0.172,0.248,0.580
57600,0.165,0.240,0.594
57700,0.173,0.250,0.577
57800,0.170,0.242,0.588
57900,0.172,0.245,0.583
58000,0.180,0.246,0.574
58100,0.187,0.241,0.572
58200,0.176,0.240,0.584
58300,0.178,0.241,0.581
58400,0.186,0.230,0.584
58500,0.185,0.231,0.584
58600,0.185,0.234,0.581
58700,0.191,0.240,0.569
58800,0.180,0.246,0.574
58900,0.189,0.241,0.570
59000,0.190,0.240,0.570
59100,0.190,0.237,0.573
59200,0.178,0.238,0.584
59300,0.174,0.242,0.584
59400,0.185,0.253,0.562
59500,0.181,0.245,0.574
59600,0.190,0.249,0.561
59700,0.190,0.248,0.562
59800,0.184,0.244,0.572
59900,0.177,0.243,0.580
60000,0.176,0.252,0.572
60100,0.176,0.260,0.564
60200,0.182,0.254,0.564
60300,0.183,0.256,0.561
60400,0.181,0.253,0.566
60500,0.176,0.260,0.564
60600,0.177,0.261,0.562
60700,0.175,0.254,0.571
60800,0.166,0.259,0.574
60900,0.170,0.271,0.560
61000,0.161,0.264,0.575
61100,0.170,0.268,0.563
61200,0.177,0.264,0.560
61300,0.175,0.259,0.566
61400,0.176,0.255,0.569
61500,0.174,0.256,0.570
61600,0.174,0.248,0.578
61700,0.170,0.266,0.565
61800,0.177,0.260,0.563
61900,0.175,0.259,0.566
62000,0.177,0.253,0.570
62100,0.180,0.259,0.561
62200,0.181,0.252,0.567
62300,0.184,0.251,0.565
62400,0.179,0.256,0.565
62500,0.182,0.259,0.559
62600,0.177,0.257,0.566
62700,0.178,0.249,0.573
62800,0.172,0.246,0.582
62900,0.171,0.248,0.581
63000,0.184,0.244,0.572
63100,0.181,0.245,0.574
63200,0.180,0.245,0.575
63300,0.178,0.235,0.587
63400,0.175,0.247,0.578
63500,0.179,0.255,0.566
63600,0.173,0.264,0.564
63700,0.173,0.265,0.563
63800,0.168,0.264,0.569
63900,0.171,0.271,0.559
64000,0.164,0.273,0.563
64100,0.165,0.281,0.554
64200,0.164,0.289,0.546
64300,0.174,0.299,0.527
64400,0.174,0.290,0.536
64500,0.180,0.283,0.537
64600,0.183,0.269,0.549
64700,0.184,0.272,0.544
64800,0.178,0.277,0.545
64900,0.183,0.254,0.563
65000,0.185,0.259,0.556
65100,0.187,0.260,0.553
65200,0.196,0.261,0.542
65300,0.197,0.253,0.550
65400,0.192,0.255,0.553
65500,0.192,0.253,0.555
65600,0.192,0.258,0.550
65700,0.188,0.261,0.551
65800,0.186,0.261,0.553
65900,0.186,0.279,0.535
66000,0.192,0.282,0.526
66100,0.192,0.270,0.538
66200,0.197,0.272,0.531
66300,0.193,0.260,0.546
66400,0.186,0.254,0.560
66500,0.184,0.247,0.569
66600,0.183,0.247,0.570
66700,0.193,0.232,0.575
66800,0.195,0.221,0.584
66900,0.201,0.219,0.580
67000,0.201,0.212,0.586
67100,0.202,0.219,0.579
67200,0.193,0.215,0.592
67300,0.195,0.213,0.591
67400,0.198,0.224,0.578
67500,0.198,0.221,0.581
67600,0.202,0.216,0.582
67700,0.203,0.241,0.556
67800,0.198,0.248,0.554
67900,0.199,0.249,0.552
68000,0.213,0.236,0.551
68100,0.213,0.240,0.546
68200,0.205,0.242,0.553
68300,0.207,0.245,0.547
68400,0.206,0.239,0.555
68500,0.213,0.234,0.553
68600,0.218,0.225,0.558
68700,0.221,0.225,0.555
68800,0.218,0.231,0.552
68900,0.213,0.228,0.559
69000,0.223,0.238,0.539
69100,0.219,0.231,0.551
69200,0.224,0.227,0.550
69300,0.223,0.227,0.551
69400,0.228,0.222,0.551
69500,0.230,0.216,0.555
69600,0.222,0.217,0.562
69700,0.229,0.222,0.550
69800,0.226,0.228,0.546
69900,0.223,0.233,0.544
70000,0.209,0.231,0.560
70100,0.211,0.232,0.557
70200,0.205,0.228,0.567
70300,0.204,0.227,0.569
70400,0.208,0.235,0.557
70500,0.206,0.236,0.558
70600,0.199,0.250,0.551
70700,0.193,0.234,0.573
70800,0.190,0.226,0.584
70900,0.179,0.220,0.602
71000,0.175,0.224,0.602
71100,0.186,0.226,0.588
71200,0.182,0.216,0.603
71300,0.193,0.226,0.581
71400,0.201,0.226,0.573
71500,0.212,0.219,0.569
71600,0.203,0.225,0.572
71700,0.204,0.223,0.573
71800,0.203,0.233,0.564
71900,0.203,0.225,0.572
72000,0.203,0.223,0.574
72100,0.197,0.211,0.591
72200,0.199,0.217,0.584
72300,0.198,0.223,0.579
72400,0.194,0.221,0.585
72500,0.182,0.216,0.603
72600,0.190,0.216,0.594
72700,0.192,0.209,0.599
72800,0.199,0.207,0.593
72900,0.192,0.210,0.598
73000,0.195,0.210,0.594
73100,0.190,0.230,0.580
73200,0.184,0.226,0.590
73300,0.190,0.218,0.592
73400,0.189,0.225,0.586
73500,0.194,0.217,0.589
73600,0.186,0.220,0.594
73700,0.185,0.230,0.585
73800,0.180,0.230,0.590
73900,0.183,0.232,0.585
74000,0.185,0.228,0.587
74100,0.181,0.233,0.586
74200,0.188,0.220,0.592
74300,0.184,0.213,0.603
74400,0.182,0.217,0.602
74500,0.191,0.218,0.591
74600,0.195,0.216,0.589
74700,0.195,0.217,0.588
74800,0.203,0.206,0.590
74900,0.197,0.208,0.594
75000,0.202,0.216,0.582
75100,0.197,0.213,0.589
75200,0.207,0.223,0.570
75300,0.208,0.212,0.579
75400,0.197,0.210,0.592
75500,0.222,0.207,0.571
75600,0.224,0.206,0.570
75700,0.225,0.205,0.570
75800,0.217,0.206,0.577
75900,0.210,0.207,0.582
76000,0.206,0.212,0.581
76100,0.205,0.211,0.583
76200,0.200,0.206,0.593
76300,0.215,0.211,0.574
76400,0.212,0.216,0.572
76500,0.208,0.205,0.586
76600,0.211,0.206,0.582
76700,0.203,0.211,0.585
76800,0.208,0.211,0.580
76900,0.206,0.211,0.582
77000,0.196,0.206,0.598
77100,0.193,0.220,0.587
77200,0.190,0.218,0.592
77300,0.194,0.205,0.601
77400,0.198,0.206,0.596
77500,0.193,0.209,0.598
77600,0.198,0.207,0.594
77700,0.199,0.216,0.585
77800,0.206,0.219,0.575
77900,0.203,0.212,0.584
78000,0.204,0.212,0.583
78100,0.203,0.207,0.589
78200,0.209,0.198,0.592
78300,0.216,0.191,0.593
78400,0.219,0.187,0.594
78500,0.236,0.184,0.580
78600,0.233,0.193,0.574
78700,0.212,0.194,0.593
78800,0.217,0.208,0.575
78900,0.211,0.213,0.575
79000,0.223,0.210,0.567
79100,0.229,0.199,0.572
79200,0.231,0.203,0.566
79300,0.230,0.202,0.568
79400,0.235,0.191,0.574
79500,0.246,0.184,0.570
79600,0.255,0.190,0.555
79700,0.247,0.192,0.561
79800,0.253,0.200,0.546
79900,0.246,0.200,0.554
80000,0.235,0.205,0.560
80100,0.234,0.202,0.564
80200,0.229,0.202,0.569
80300,0.235,0.201,0.564
80400,0.237,0.201,0.562
80500,0.238,0.197,0.565
80600,0.233,0.202,0.565
80700,0.232,0.205,0.563
80800,0.236,0.211,0.553
80900,0.237,0.221,0.542
81000,0.240,0.229,0.531
81100,0.235,0.229,0.536
81200,0.237,0.225,0.538
81300,0.234,0.221,0.545
81400,0.227,0.227,0.546
81500,0.215,0.234,0.552
81600,0.227,0.227,0.546
81700,0.225,0.231,0.544
81800,0.218,0.229,0.554
81900,0.217,0.226,0.558
82000,0.223,0.212,0.565
82100,0.234,0.217,0.550
82200,0.233,0.225,0.542
82300,0.224,0.215,0.562
82400,0.223,0.216,0.562
82500,0.248,0.201,0.551
82600,0.247,0.197,0.556
82700,0.237,0.200,0.563
82800,0.227,0.208,0.565
82900,0.226,0.209,0.565
83000,0.231,0.215,0.555
83100,0.232,0.201,0.567
83200,0.235,0.205,0.560
83300,0.234,0.210,0.556
83400,0.234,0.204,0.562
83500,0.233,0.201,0.566
83600,0.220,0.200,0.580
83700,0.218,0.198,0.584
83800,0.206,0.205,0.588
83900,0.204,0.213,0.582
84000,0.212,0.211,0.576
84100,0.210,0.204,0.585
84200,0.220,0.199,0.581
84300,0.220,0.201,0.579
84400,0.222,0.213,0.565
84500,0.220,0.208,0.572
84600,0.219,0.215,0.567
84700,0.225,0.204,0.571
84800,0.218,0.200,0.582
84900,0.218,0.204,0.578
85000,0.227,0.207,0.566
85100,0.224,0.212,0.564
85200,0.225,0.215,0.561
85300,0.235,0.211,0.554
85400,0.229,0.209,0.562
85500,0.231,0.211,0.558
85600,0.242,0.215,0.543
85700,0.231,0.208,0.561
85800,0.233,0.211,0.556
85900,0.227,0.217,0.557
86000,0.222,0.217,0.562
86100,0.227,0.218,0.556
86200,0.216,0.213,0.571
86300,0.210,0.221,0.569
86400,0.202,0.221,0.577
86500,0.204,0.228,0.568
86600,0.197,0.229,0.574
86700,0.191,0.227,0.582
86800,0.186,0.235,0.579
86900,0.182,0.229,0.589
87000,0.180,0.232,0.588
87100,0.186,0.237,0.577
87200,0.192,0.232,0.576
87300,0.176,0.245,0.579
87400,0.182,0.243,0.575
87500,0.189,0.239,0.572
87600,0.186,0.239,0.575
87700,0.180,0.228,0.592
87800,0.171,0.225,0.605
87900,0.178,0.229,0.593
88000,0.182,0.229,0.589
88100,0.179,0.228,0.593
88200,0.173,0.220,0.608
88300,0.182,0.225,0.593
88400,0.178,0.228,0.594
88500,0.173,0.215,0.613
88600,0.170,0.222,0.609
88700,0.176,0.222,0.603
88800,0.169,0.217,0.615
88900,0.161,0.220,0.619
89000,0.164,0.222,0.614
89100,0.169,0.220,0.612
89200,0.165,0.226,0.609
89300,0.175,0.225,0.601
89400,0.178,0.218,0.605
89500,0.177,0.215,0.609
89600,0.192,0.216,0.592
89700,0.186,0.211,0.603
89800,0.183,0.209,0.608
89900,0.180,0.204,0.616
90000,0.182,0.220,0.599
90100,0.172,0.225,0.604
90200,0.171,0.215,0.615
90300,0.170,0.216,0.615
90400,0.178,0.213,0.609
90500,0.185,0.210,0.605
90600,0.186,0.212,0.602
90700,0.184,0.208,0.608
90800,0.188,0.208,0.604
90900,0.190,0.207,0.603
91000,0.194,0.210,0.596
91100,0.204,0.218,0.578
91200,0.200,0.217,0.583
91300,0.195,0.217,0.588
91400,0.193,0.221,0.586
91500,0.185,0.226,0.589
91600,0.188,0.228,0.584
91700,0.182,0.231,0.587
91800,0.187,0.226,0.587
91900,0.189,0.235,0.576
92000,0.186,0.234,0.580
92100,0.187,0.237,0.576
92200,0.186,0.227,0.587
92300,0.192,0.219,0.589
92400,0.186,0.223,0.591
92500,0.188,0.225,0.587
92600,0.183,0.224,0.593
92700,0.190,0.222,0.588
92800,0.185,0.227,0.588
92900,0.188,0.221,0.591
93000,0.186,0.229,0.585
93100,0.177,0.241,0.582
93200,0.176,0.237,0.587
93300,0.181,0.237,0.582
93400,0.173,0.242,0.585
93500,0.179,0.244,0.577
93600,0.178,0.251,0.571
93700,0.182,0.249,0.569
93800,0.177,0.239,0.584
93900,0.177,0.237,0.586
94000,0.183,0.234,0.583
94100,0.191,0.229,0.580
94200,0.193,0.220,0.587
94300,0.183,0.223,0.594
94400,0.183,0.226,0.591
94500,0.184,0.228,0.588
94600,0.176,0.221,0.604
94700,0.173,0.221,0.607
94800,0.172,0.228,0.601
94900,0.176,0.229,0.596
95000,0.174,0.229,0.598
95100,0.180,0.234,0.586
95200,0.177,0.231,0.592
95300,0.180,0.226,0.594
95400,0.180,0.219,0.602
95500,0.193,0.218,0.589
95600,0.199,0.219,0.582
95700,0.202,0.222,0.576
95800,0.199,0.239,0.562
95900,0.196,0.243,0.561
96000,0.192,0.243,0.565
96100,0.190,0.244,0.566
96200,0.182,0.242,0.576
96300,0.182,0.236,0.582
96400,0.170,0.232,0.599
96500,0.175,0.233,0.592
96600,0.178,0.233,0.589
96700,0.180,0.234,0.586
96800,0.187,0.236,0.577
96900,0.192,0.230,0.578
97000,0.185,0.238,0.577
97100,0.184,0.237,0.579
97200,0.198,0.241,0.561
97300,0.208,0.244,0.547
97400,0.204,0.235,0.561
97500,0.207,0.231,0.562
97600,0.217,0.226,0.558
97700,0.222,0.220,0.559
97800,0.211,0.212,0.576
97900,0.223,0.206,0.571
98000,0.208,0.201,0.590
98100,0.222,0.194,0.584
98200,0.205,0.197,0.598
98300,0.223,0.193,0.584
98400,0.213,0.188,0.599
98500,0.212,0.202,0.585
98600,0.204,0.206,0.589
98700,0.204,0.215,0.581
98800,0.201,0.209,0.589
98900,0.205,0.224,0.571
99000,0.207,0.215,0.578
99100,0.202,0.205,0.592
99200,0.206,0.207,0.586
99300,0.209,0.207,0.583
99400,0.209,0.207,0.583
99500,0.206,0.203,0.590
99600,0.208,0.200,0.591
99700,0.209,0.211,0.579
99800,0.211,0.210,0.578
99900,0.212,0.208,0.579
100000,0.202,0.215,0.583
