time,n_A+p,n_B,n_AB
100,0.391,0.533,0.076
200,0.364,0.512,0.125
300,0.344,0.502,0.154
400,0.325,0.486,0.189
500,0.321,0.481,0.198
600,0.313,0.469,0.219
700,0.308,0.458,0.234
800,0.306,0.447,0.246
900,0.302,0.443,0.254
1000,0.293,0.443,0.264
1100,0.288,0.440,0.272
1200,0.285,0.449,0.266
1300,0.281,0.435,0.284
1400,0.278,0.439,0.283
1500,0.273,0.438,0.289
1600,0.274,0.436,0.290
1700,0.268,0.414,0.319
1800,0.278,0.403,0.319
1900,0.278,0.403,0.319
2000,0.282,0.404,0.314
2100,0.286,0.403,0.311
2200,0.281,0.419,0.300
2300,0.271,0.423,0.306
2400,0.269,0.419,0.313
2500,0.270,0.417,0.314
2600,0.271,0.416,0.314
2700,0.269,0.407,0.325
2800,0.264,0.403,0.333
2900,0.266,0.410,0.325
3000,0.268,0.414,0.319
3100,0.265,0.412,0.324
3200,0.258,0.407,0.335
3300,0.258,0.390,0.351
3400,0.269,0.393,0.338
3500,0.272,0.385,0.343
3600,0.267,0.399,0.334
3700,0.263,0.395,0.342
3800,0.259,0.391,0.349
3900,0.260,0.398,0.341
4000,0.266,0.389,0.345
4100,0.263,0.386,0.351
4200,0.272,0.376,0.352
4300,0.273,0.380,0.347
4400,0.287,0.368,0.345
4500,0.285,0.360,0.355
4600,0.291,0.363,0.346
4700,0.291,0.369,0.340
4800,0.275,0.359,0.367
4900,0.263,0.353,0.384
5000,0.271,0.359,0.371
5100,0.267,0.355,0.378
5200,0.260,0.360,0.380
5300,0.268,0.353,0.379
5400,0.256,0.347,0.396
5500,0.259,0.350,0.390
5600,0.264,0.350,0.386
5700,0.259,0.359,0.382
5800,0.265,0.353,0.382
5900,0.270,0.354,0.376
6000,0.277,0.347,0.376
6100,0.268,0.339,0.393
6200,0.255,0.351,0.393
6300,0.256,0.347,0.396
6400,0.259,0.345,0.395
6500,0.264,0.352,0.384
6600,0.259,0.352,0.388
6700,0.259,0.347,0.393
6800,0.256,0.335,0.409
6900,0.254,0.343,0.402
7000,0.248,0.340,0.412
7100,0.239,0.338,0.423
7200,0.238,0.345,0.417
7300,0.231,0.343,0.426
7400,0.231,0.344,0.425
7500,0.236,0.366,0.398
7600,0.240,0.362,0.398
7700,0.240,0.362,0.398
7800,0.244,0.352,0.403
7900,0.241,0.352,0.407
8000,0.233,0.349,0.418
8100,0.232,0.353,0.415
8200,0.251,0.351,0.397
8300,0.252,0.332,0.416
8400,0.248,0.336,0.416
8500,0.246,0.333,0.421
8600,0.244,0.343,0.413
8700,0.243,0.350,0.407
8800,0.246,0.354,0.399
8900,0.246,0.363,0.391
9000,0.255,0.359,0.386
9100,0.252,0.368,0.380
9200,0.252,0.360,0.388
9300,0.246,0.361,0.393
9400,0.237,0.364,0.399
9500,0.240,0.363,0.397
9600,0.239,0.365,0.396
9700,0.244,0.369,0.387
9800,0.231,0.356,0.413
9900,0.229,0.358,0.414
10000,0.233,0.348,0.419
10100,0.232,0.366,0.402
10200,0.237,0.355,0.408
10300,0.236,0.348,0.416
10400,0.245,0.343,0.412
10500,0.241,0.351,0.408
10600,0.237,0.346,0.417
10700,0.239,0.341,0.420
10800,0.247,0.336,0.417
10900,0.233,0.337,0.430
11000,0.238,0.345,0.417
11100,0.228,0.359,0.414
11200,0.229,0.348,0.423
11300,0.222,0.347,0.431
11400,0.225,0.358,0.418
11500,0.219,0.373,0.409
11600,0.218,0.375,0.408
11700,0.216,0.371,0.414
11800,0.229,0.368,0.403
11900,0.226,0.386,0.388
12000,0.233,0.382,0.385
12100,0.235,0.373,0.392
12200,0.224,0.373,0.403
12300,0.220,0.370,0.411
12400,0.216,0.363,0.422
12500,0.216,0.374,0.411
12600,0.217,0.375,0.409
12700,0.212,0.372,0.416
12800,0.215,0.371,0.415
12900,0.220,0.374,0.407
13000,0.224,0.380,0.396
13100,0.225,0.375,0.400
13200,0.224,0.368,0.409
13300,0.220,0.368,0.413
13400,0.228,0.367,0.406
13500,0.219,0.359,0.423
13600,0.223,0.347,0.430
13700,0.225,0.339,0.436
13800,0.224,0.348,0.428
13900,0.231,0.344,0.425
14000,0.234,0.339,0.427
14100,0.241,0.337,0.422
14200,0.241,0.338,0.421
14300,0.245,0.337,0.418
14400,0.238,0.351,0.411
14500,0.239,0.342,0.419
14600,0.235,0.346,0.419
14700,0.230,0.351,0.419
14800,0.230,0.348,0.422
14900,0.228,0.351,0.421
15000,0.224,0.347,0.429
15100,0.223,0.341,0.436
15200,0.219,0.344,0.437
15300,0.228,0.342,0.430
15400,0.231,0.335,0.434
15500,0.232,0.330,0.438
15600,0.233,0.342,0.425
15700,0.236,0.337,0.427
15800,0.232,0.316,0.453
15900,0.228,0.300,0.472
16000,0.240,0.295,0.465
16100,0.247,0.287,0.466
16200,0.242,0.273,0.485
16300,0.237,0.283,0.480
16400,0.243,0.294,0.463
16500,0.255,0.282,0.463
16600,0.246,0.287,0.467
16700,0.246,0.275,0.479
16800,0.243,0.283,0.474
16900,0.234,0.300,0.466
17000,0.230,0.312,0.459
17100,0.238,0.315,0.447
17200,0.246,0.304,0.449
17300,0.233,0.290,0.477
17400,0.227,0.287,0.486
17500,0.236,0.291,0.473
17600,0.237,0.293,0.470
17700,0.240,0.287,0.473
17800,0.237,0.297,0.466
17900,0.244,0.302,0.454
18000,0.254,0.300,0.445
18100,0.246,0.324,0.430
18200,0.239,0.330,0.431
18300,0.243,0.321,0.436
18400,0.248,0.319,0.433
18500,0.241,0.319,0.440
18600,0.240,0.322,0.438
18700,0.235,0.316,0.449
18800,0.233,0.329,0.438
18900,0.233,0.333,0.434
19000,0.233,0.328,0.439
19100,0.235,0.319,0.446
19200,0.241,0.320,0.439
19300,0.236,0.315,0.449
19400,0.231,0.315,0.455
19500,0.231,0.317,0.453
19600,0.231,0.305,0.464
19700,0.230,0.297,0.473
19800,0.243,0.296,0.461
19900,0.244,0.299,0.457
20000,0.248,0.273,0.479
20100,0.253,0.273,0.474
20200,0.260,0.294,0.445
20300,0.261,0.282,0.457
20400,0.271,0.277,0.453
20500,0.278,0.280,0.442
20600,0.266,0.284,0.450
20700,0.256,0.280,0.464
20800,0.257,0.288,0.455
20900,0.258,0.279,0.463
21000,0.255,0.276,0.469
21100,0.255,0.282,0.463
21200,0.251,0.288,0.461
21300,0.259,0.282,0.459
21400,0.251,0.266,0.483
21500,0.264,0.267,0.470
21600,0.274,0.264,0.463
21700,0.283,0.270,0.447
21800,0.274,0.267,0.460
21900,0.273,0.272,0.456
22000,0.270,0.282,0.448
22100,0.269,0.271,0.461
22200,0.267,0.279,0.455
22300,0.273,0.271,0.457
22400,0.271,0.276,0.454
22500,0.269,0.271,0.461
22600,0.268,0.268,0.465
22700,0.257,0.269,0.474
22800,0.265,0.265,0.471
22900,0.267,0.271,0.463
23000,0.277,0.270,0.454
23100,0.270,0.260,0.470
23200,0.273,0.266,0.462
23300,0.278,0.257,0.465
23400,0.277,0.259,0.464
23500,0.267,0.271,0.463
23600,0.271,0.258,0.471
23700,0.266,0.247,0.487
23800,0.263,0.244,0.493
23900,0.264,0.247,0.489
24000,0.283,0.259,0.458
24100,0.285,0.270,0.445
24200,0.285,0.275,0.440
24300,0.295,0.275,0.430
24400,0.291,0.272,0.437
24500,0.296,0.280,0.424
24600,0.294,0.284,0.422
24700,0.281,0.279,0.440
24800,0.269,0.271,0.461
24900,0.269,0.282,0.449
25000,0.272,0.280,0.448
25100,0.252,0.288,0.460
25200,0.255,0.282,0.463
25300,0.246,0.293,0.461
25400,0.241,0.290,0.469
25500,0.244,0.290,0.466
25600,0.249,0.282,0.469
25700,0.254,0.284,0.462
25800,0.249,0.289,0.462
25900,0.248,0.284,0.468
26000,0.256,0.282,0.462
26100,0.268,0.275,0.458
26200,0.272,0.277,0.451
26300,0.269,0.268,0.464
26400,0.266,0.259,0.475
26500,0.254,0.271,0.475
26600,0.251,0.268,0.481
26700,0.250,0.265,0.485
26800,0.251,0.272,0.477
26900,0.251,0.272,0.477
27000,0.252,0.268,0.480
27100,0.249,0.268,0.483
27200,0.250,0.254,0.495
27300,0.234,0.259,0.507
27400,0.235,0.245,0.520
27500,0.237,0.248,0.515
27600,0.248,0.248,0.504
27700,0.243,0.248,0.509
27800,0.247,0.255,0.497
27900,0.240,0.257,0.503
28000,0.243,0.260,0.496
28100,0.254,0.267,0.479
28200,0.247,0.261,0.491
28300,0.258,0.263,0.479
28400,0.255,0.267,0.478
28500,0.251,0.278,0.471
28600,0.245,0.276,0.479
28700,0.245,0.278,0.477
28800,0.251,0.270,0.479
28900,0.255,0.269,0.476
29000,0.244,0.276,0.480
29100,0.249,0.272,0.479
29200,0.253,0.272,0.475
29300,0.248,0.265,0.487
29400,0.261,0.255,0.483
29500,0.261,0.254,0.484
29600,0.267,0.264,0.470
29700,0.258,0.267,0.475
29800,0.254,0.258,0.487
29900,0.260,0.251,0.488
30000,0.260,0.237,0.503
30100,0.260,0.222,0.518
30200,0.263,0.234,0.504
30300,0.264,0.229,0.508
30400,0.273,0.231,0.496
30500,0.277,0.238,0.485
30600,0.279,0.240,0.481
30700,0.264,0.240,0.496
30800,0.258,0.240,0.502
30900,0.249,0.245,0.506
31000,0.239,0.251,0.510
31100,0.239,0.253,0.508
31200,0.238,0.268,0.494
31300,0.239,0.266,0.495
31400,0.238,0.260,0.502
31500,0.237,0.252,0.511
31600,0.231,0.258,0.511
31700,0.230,0.268,0.503
31800,0.238,0.269,0.493
31900,0.225,0.264,0.512
32000,0.236,0.267,0.497
32100,0.242,0.259,0.498
32200,0.235,0.255,0.510
32300,0.237,0.242,0.521
32400,0.239,0.233,0.528
32500,0.251,0.227,0.522
32600,0.260,0.232,0.508
32700,0.255,0.234,0.511
32800,0.264,0.244,0.492
32900,0.260,0.250,0.489
33000,0.254,0.256,0.489
33100,0.252,0.260,0.487
33200,0.250,0.274,0.476
33300,0.245,0.266,0.489
33400,0.246,0.257,0.496
33500,0.251,0.253,0.495
33600,0.242,0.250,0.508
33700,0.246,0.252,0.502
33800,0.248,0.256,0.495
33900,0.242,0.256,0.502
34000,0.243,0.265,0.492
34100,0.247,0.265,0.488
34200,0.249,0.269,0.482
34300,0.243,0.267,0.490
34400,0.242,0.265,0.493
34500,0.251,0.265,0.484
34600,0.257,0.264,0.479
34700,0.256,0.266,0.478
34800,0.254,0.271,0.475
34900,0.249,0.275,0.476
35000,0.256,0.278,0.466
35100,0.261,0.279,0.460
35200,0.257,0.286,0.457
35300,0.261,0.285,0.454
35400,0.258,0.280,0.462
35500,0.267,0.287,0.446
35600,0.261,0.280,0.459
35700,0.249,0.279,0.472
35800,0.257,0.275,0.468
35900,0.252,0.283,0.465
36000,0.259,0.274,0.467
36100,0.254,0.269,0.477
36200,0.248,0.280,0.472
36300,0.249,0.281,0.470
36400,0.251,0.277,0.472
36500,0.246,0.278,0.476
36600,0.243,0.260,0.496
36700,0.247,0.265,0.488
36800,0.261,0.264,0.475
36900,0.260,0.268,0.472
37000,0.259,0.264,0.477
37100,0.258,0.270,0.472
37200,0.263,0.261,0.476
37300,0.257,0.272,0.471
37400,0.240,0.275,0.485
37500,0.241,0.274,0.485
37600,0.244,0.270,0.486
37700,0.246,0.268,0.486
37800,0.257,0.261,0.481
37900,0.267,0.270,0.464
38000,0.272,0.274,0.455
38100,0.294,0.264,0.442
38200,0.292,0.256,0.451
38300,0.282,0.259,0.459
38400,0.272,0.255,0.473
38500,0.279,0.259,0.462
38600,0.282,0.261,0.457
38700,0.275,0.260,0.465
38800,0.266,0.254,0.480
38900,0.273,0.258,0.469
39000,0.264,0.263,0.474
39100,0.266,0.259,0.475
39200,0.265,0.261,0.474
39300,0.259,0.259,0.481
39400,0.246,0.268,0.486
39500,0.249,0.263,0.488
39600,0.247,0.265,0.488
39700,0.247,0.259,0.493
39800,0.252,0.257,0.490
39900,0.240,0.271,0.489
40000,0.247,0.276,0.477
40100,0.242,0.274,0.484
40200,0.240,0.263,0.497
40300,0.242,0.271,0.487
40400,0.250,0.261,0.488
40500,0.252,0.267,0.481
40600,0.265,0.267,0.469
40700,0.260,0.267,0.473
40800,0.261,0.273,0.466
40900,0.258,0.264,0.478
41000,0.255,0.269,0.476
41100,0.261,0.277,0.462
41200,0.252,0.269,0.479
41300,0.244,0.287,0.469
41400,0.243,0.280,0.477
41500,0.240,0.270,0.490
41600,0.246,0.276,0.478
41700,0.258,0.281,0.461
41800,0.270,0.281,0.449
41900,0.279,0.277,0.444
42000,0.286,0.276,0.438
42100,0.286,0.270,0.444
42200,0.284,0.266,0.450
42300,0.294,0.254,0.451
42400,0.287,0.246,0.467
42500,0.276,0.246,0.478
42600,0.277,0.244,0.479
42700,0.281,0.234,0.485
42800,0.281,0.231,0.488
42900,0.285,0.238,0.477
43000,0.277,0.235,0.488
43100,0.270,0.228,0.503
43200,0.259,0.234,0.507
43300,0.260,0.234,0.506
43400,0.257,0.236,0.507
43500,0.254,0.240,0.506
43600,0.256,0.229,0.515
43700,0.266,0.233,0.502
43800,0.268,0.226,0.507
43900,0.279,0.219,0.503
44000,0.277,0.218,0.506
44100,0.291,0.219,0.490
44200,0.288,0.224,0.488
44300,0.285,0.218,0.497
44400,0.287,0.217,0.496
44500,0.284,0.219,0.497
44600,0.285,0.218,0.497
44700,0.282,0.211,0.507
44800,0.301,0.228,0.471
44900,0.312,0.227,0.462
45000,0.302,0.233,0.465
45100,0.299,0.227,0.474
45200,0.303,0.232,0.465
45300,0.297,0.240,0.463
45400,0.302,0.234,0.464
45500,0.298,0.248,0.454
45600,0.314,0.236,0.450
45700,0.302,0.238,0.460
45800,0.301,0.234,0.465
45900,0.293,0.234,0.473
46000,0.292,0.228,0.480
46100,0.294,0.224,0.482
46200,0.289,0.227,0.484
46300,0.290,0.236,0.474
46400,0.290,0.225,0.485
46500,0.293,0.221,0.486
46600,0.297,0.223,0.480
46700,0.296,0.208,0.495
46800,0.289,0.219,0.492
46900,0.297,0.206,0.496
47000,0.289,0.211,0.499
47100,0.285,0.206,0.509
47200,0.288,0.212,0.499
47300,0.294,0.212,0.493
47400,0.294,0.210,0.495
47500,0.297,0.221,0.482
47600,0.298,0.228,0.474
47700,0.292,0.228,0.480
47800,0.288,0.228,0.484
47900,0.289,0.227,0.484
48000,0.292,0.221,0.487
48100,0.289,0.227,0.484
48200,0.284,0.224,0.492
48300,0.284,0.234,0.482
48400,0.283,0.235,0.482
48500,0.279,0.237,0.484
48600,0.269,0.238,0.493
48700,0.268,0.241,0.491
48800,0.255,0.240,0.505
48900,0.259,0.237,0.504
49000,0.258,0.238,0.504
49100,0.266,0.242,0.492
49200,0.268,0.229,0.504
49300,0.271,0.234,0.495
49400,0.278,0.233,0.489
49500,0.273,0.238,0.489
49600,0.256,0.243,0.501
49700,0.267,0.237,0.496
49800,0.285,0.232,0.483
49900,0.295,0.231,0.474
50000,0.293,0.228,0.479
50100,0.283,0.218,0.499
50200,0.287,0.212,0.501
50300,0.288,0.208,0.504
50400,0.278,0.210,0.512
50500,0.281,0.203,0.516
50600,0.278,0.202,0.520
50700,0.292,0.209,0.498
50800,0.275,0.209,0.516
50900,0.280,0.212,0.508
51000,0.281,0.204,0.515
51100,0.283,0.199,0.518
51200,0.291,0.205,0.504
51300,0.293,0.209,0.497
51400,0.289,0.211,0.499
51500,0.277,0.209,0.514
51600,0.278,0.210,0.512
51700,0.278,0.209,0.513
51800,0.269,0.207,0.524
51900,0.282,0.203,0.515
52000,0.291,0.206,0.503
52100,0.274,0.211,0.515
52200,0.273,0.213,0.514
52300,0.272,0.212,0.516
52400,0.263,0.220,0.518
52500,0.268,0.231,0.502
52600,0.263,0.229,0.509
52700,0.267,0.226,0.508
52800,0.266,0.216,0.519
52900,0.266,0.218,0.517
53000,0.268,0.218,0.515
53100,0.267,0.210,0.523
53200,0.269,0.219,0.513
53300,0.268,0.217,0.516
53400,0.266,0.216,0.519
53500,0.271,0.219,0.511
53600,0.267,0.220,0.514
53700,0.267,0.222,0.512
53800,0.279,0.223,0.498
53900,0.275,0.222,0.504
54000,0.280,0.226,0.494
54100,0.276,0.228,0.496
54200,0.283,0.235,0.482
54300,0.278,0.222,0.501
54400,0.267,0.212,0.521
54500,0.252,0.211,0.536
54600,0.242,0.208,0.550
54700,0.235,0.210,0.555
54800,0.240,0.217,0.543
54900,0.250,0.228,0.522
55000,0.241,0.228,0.531
55100,0.247,0.217,0.536
55200,0.246,0.220,0.534
55300,0.233,0.223,0.544
55400,0.228,0.230,0.542
55500,0.233,0.237,0.530
55600,0.231,0.248,0.521
55700,0.228,0.260,0.512
55800,0.237,0.254,0.509
55900,0.238,0.251,0.511
56000,0.249,0.252,0.498
56100,0.248,0.238,0.514
56200,0.245,0.236,0.519
56300,0.231,0.232,0.537
56400,0.235,0.242,0.523
56500,0.240,0.240,0.520
56600,0.240,0.251,0.509
56700,0.242,0.251,0.507
56800,0.241,0.273,0.486
56900,0.230,0.271,0.499
57000,0.235,0.268,0.497
57100,0.241,0.260,0.498
57200,0.251,0.255,0.493
57300,0.253,0.243,0.504
57400,0.247,0.248,0.505
57500,0.247,0.250,0.503
57600,0.250,0.251,0.498
57700,0.247,0.237,0.516
57800,0.252,0.245,0.503
57900,0.248,0.245,0.507
58000,0.236,0.258,0.506
58100,0.238,0.258,0.504
58200,0.238,0.265,0.497
58300,0.234,0.277,0.489
58400,0.234,0.290,0.476
58500,0.229,0.298,0.473
58600,0.223,0.296,0.481
58700,0.218,0.288,0.494
58800,0.216,0.287,0.497
58900,0.205,0.299,0.495
59000,0.201,0.303,0.495
59100,0.199,0.316,0.485
59200,0.190,0.304,0.506
59300,0.191,0.306,0.503
59400,0.194,0.307,0.498
59500,0.193,0.305,0.502
59600,0.191,0.312,0.497
59700,0.203,0.314,0.483
59800,0.201,0.314,0.485
59900,0.206,0.309,0.484
60000,0.198,0.302,0.499
60100,0.201,0.297,0.502
60200,0.207,0.298,0.494
60300,0.206,0.303,0.490
60400,0.202,0.293,0.505
60500,0.200,0.295,0.505
60600,0.206,0.306,0.487
60700,0.208,0.291,0.501
60800,0.202,0.291,0.507
60900,0.204,0.284,0.512
61000,0.198,0.285,0.517
61100,0.197,0.282,0.521
61200,0.193,0.280,0.527
61300,0.199,0.287,0.514
61400,0.194,0.288,0.518
61500,0.198,0.285,0.517
61600,0.191,0.281,0.528
61700,0.177,0.278,0.545
61800,0.190,0.289,0.521
61900,0.191,0.288,0.521
62000,0.195,0.286,0.519
62100,0.212,0.282,0.506
62200,0.218,0.293,0.489
62300,0.212,0.281,0.507
62400,0.207,0.270,0.523
62500,0.208,0.274,0.518
62600,0.200,0.275,0.525
62700,0.203,0.267,0.530
62800,0.208,0.275,0.517
62900,0.205,0.269,0.526
63000,0.197,0.271,0.532
63100,0.198,0.270,0.532
63200,0.197,0.269,0.534
63300,0.195,0.273,0.532
63400,0.196,0.269,0.535
63500,0.191,0.269,0.540
63600,0.188,0.260,0.552
63700,0.203,0.265,0.532
63800,0.199,0.255,0.545
63900,0.186,0.260,0.554
64000,0.185,0.283,0.532
64100,0.181,0.281,0.538
64200,0.188,0.279,0.533
64300,0.188,0.273,0.539
64400,0.193,0.280,0.527
64500,0.192,0.273,0.535
64600,0.181,0.279,0.540
64700,0.190,0.277,0.533
64800,0.191,0.277,0.532
64900,0.191,0.295,0.514
65000,0.193,0.299,0.508
65100,0.189,0.299,0.512
65200,0.195,0.299,0.506
65300,0.194,0.303,0.503
65400,0.186,0.301,0.513
65500,0.188,0.299,0.513
65600,0.183,0.293,0.524
65700,0.175,0.288,0.537
65800,0.189,0.292,0.519
65900,0.193,0.302,0.505
66000,0.184,0.309,0.507
66100,0.183,0.313,0.505
66200,0.181,0.305,0.514
66300,0.184,0.299,0.517
66400,0.189,0.297,0.514
66500,0.189,0.293,0.518
66600,0.196,0.300,0.504
66700,0.194,0.297,0.509
66800,0.186,0.288,0.526
66900,0.188,0.270,0.542
67000,0.201,0.256,0.542
67100,0.205,0.251,0.543
67200,0.219,0.235,0.546
67300,0.226,0.232,0.542
67400,0.232,0.234,0.534
67500,0.228,0.244,0.528
67600,0.231,0.241,0.528
67700,0.229,0.237,0.534
67800,0.231,0.243,0.526
67900,0.233,0.249,0.518
68000,0.234,0.241,0.525
68100,0.232,0.248,0.520
68200,0.241,0.248,0.511
68300,0.244,0.254,0.502
68400,0.249,0.251,0.499
68500,0.247,0.258,0.494
68600,0.251,0.238,0.511
68700,0.240,0.238,0.522
68800,0.241,0.249,0.510
68900,0.238,0.258,0.504
69000,0.221,0.252,0.527
69100,0.224,0.253,0.523
69200,0.242,0.249,0.509
69300,0.249,0.252,0.498
69400,0.256,0.254,0.489
69500,0.253,0.255,0.491
69600,0.255,0.259,0.485
69700,0.257,0.264,0.479
69800,0.259,0.270,0.471
69900,0.250,0.254,0.495
70000,0.232,0.250,0.518
70100,0.240,0.254,0.506
70200,0.245,0.263,0.492
70300,0.248,0.259,0.492
70400,0.251,0.274,0.475
70500,0.250,0.259,0.490
70600,0.242,0.265,0.493
70700,0.231,0.263,0.507
70800,0.229,0.260,0.511
70900,0.224,0.260,0.516
71000,0.225,0.265,0.511
71100,0.212,0.261,0.526
71200,0.215,0.269,0.517
71300,0.222,0.271,0.508
71400,0.231,0.273,0.496
71500,0.222,0.272,0.507
71600,0.237,0.272,0.491
71700,0.237,0.270,0.493
71800,0.242,0.275,0.483
71900,0.243,0.269,0.488
72000,0.226,0.264,0.511
72100,0.218,0.254,0.528
72200,0.222,0.261,0.517
72300,0.221,0.245,0.534
72400,0.205,0.266,0.529
72500,0.215,0.265,0.521
72600,0.219,0.265,0.517
72700,0.211,0.263,0.526
72800,0.221,0.265,0.515
72900,0.225,0.259,0.516
73000,0.226,0.256,0.518
73100,0.223,0.251,0.526
73200,0.228,0.234,0.538
73300,0.221,0.233,0.546
73400,0.227,0.232,0.541
73500,0.221,0.215,0.565
73600,0.232,0.218,0.551
73700,0.241,0.219,0.540
73800,0.241,0.219,0.540
73900,0.244,0.212,0.543
74000,0.250,0.212,0.537
74100,0.251,0.204,0.544
74200,0.244,0.205,0.551
74300,0.242,0.207,0.551
74400,0.251,0.216,0.533
74500,0.245,0.217,0.538
74600,0.244,0.221,0.535
74700,0.242,0.230,0.528
74800,0.244,0.230,0.526
74900,0.250,0.234,0.516
75000,0.246,0.229,0.525
75100,0.253,0.232,0.515
75200,0.251,0.239,0.510
75300,0.245,0.242,0.513
75400,0.243,0.251,0.506
75500,0.242,0.261,0.496
75600,0.233,0.260,0.507
75700,0.230,0.257,0.513
75800,0.231,0.252,0.517
75900,0.223,0.251,0.526
76000,0.228,0.247,0.525
76100,0.221,0.247,0.532
76200,0.223,0.241,0.536
76300,0.224,0.251,0.525
76400,0.231,0.245,0.524
76500,0.227,0.248,0.525
76600,0.219,0.243,0.538
76700,0.224,0.249,0.527
76800,0.225,0.259,0.516
76900,0.218,0.260,0.522
77000,0.220,0.249,0.531
77100,0.222,0.265,0.514
77200,0.233,0.264,0.504
77300,0.231,0.264,0.506
77400,0.233,0.278,0.489
77500,0.227,0.276,0.497
77600,0.229,0.263,0.509
77700,0.224,0.261,0.515
77800,0.221,0.274,0.506
77900,0.222,0.273,0.506
78000,0.227,0.268,0.506
78100,0.225,0.265,0.511
78200,0.219,0.261,0.520
78300,0.230,0.251,0.519
78400,0.226,0.257,0.517
78500,0.227,0.249,0.524
78600,0.233,0.246,0.521
78700,0.229,0.250,0.521
78800,0.230,0.248,0.522
78900,0.232,0.251,0.517
79000,0.230,0.243,0.527
79100,0.234,0.238,0.528
79200,0.240,0.240,0.520
79300,0.225,0.240,0.535
79400,0.221,0.239,0.540
79500,0.222,0.239,0.539
79600,0.231,0.244,0.525
79700,0.233,0.248,0.519
79800,0.238,0.250,0.512
79900,0.245,0.251,0.504
80000,0.230,0.257,0.513
80100,0.230,0.254,0.516
80200,0.230,0.241,0.529
80300,0.233,0.240,0.527
80400,0.232,0.242,0.526
80500,0.233,0.239,0.528
80600,0.232,0.237,0.531
80700,0.228,0.236,0.536
80800,0.232,0.233,0.535
80900,0.228,0.240,0.532
81000,0.218,0.238,0.544
81100,0.218,0.240,0.542
81200,0.211,0.244,0.544
81300,0.210,0.245,0.544
81400,0.211,0.251,0.537
81500,0.210,0.255,0.534
81600,0.207,0.249,0.543
81700,0.208,0.247,0.544
81800,0.212,0.269,0.519
81900,0.204,0.257,0.538
82000,0.205,0.257,0.537
82100,0.206,0.259,0.534
82200,0.203,0.266,0.531
82300,0.199,0.253,0.547
82400,0.201,0.253,0.545
82500,0.204,0.265,0.531
82600,0.204,0.263,0.533
82700,0.222,0.259,0.519
82800,0.223,0.247,0.530
82900,0.220,0.242,0.538
83000,0.225,0.241,0.534
83100,0.216,0.241,0.543
83200,0.225,0.249,0.526
83300,0.238,0.237,0.525
83400,0.240,0.230,0.530
83500,0.239,0.225,0.536
83600,0.250,0.223,0.527
83700,0.248,0.228,0.524
83800,0.249,0.229,0.522
83900,0.246,0.223,0.531
84000,0.248,0.230,0.522
84100,0.249,0.234,0.517
84200,0.244,0.235,0.521
84300,0.239,0.234,0.527
84400,0.248,0.235,0.517
84500,0.250,0.232,0.518
84600,0.254,0.224,0.522
84700,0.252,0.219,0.529
84800,0.241,0.221,0.538
84900,0.246,0.239,0.515
85000,0.242,0.243,0.515
85100,0.228,0.240,0.532
85200,0.232,0.238,0.530
85300,0.233,0.241,0.526
85400,0.233,0.232,0.535
85500,0.237,0.224,0.539
85600,0.243,0.219,0.538
85700,0.228,0.226,0.546
85800,0.244,0.226,0.530
85900,0.241,0.222,0.537
86000,0.244,0.216,0.540
86100,0.265,0.209,0.526
86200,0.256,0.210,0.533
86300,0.253,0.225,0.522
86400,0.256,0.222,0.522
86500,0.255,0.221,0.524
86600,0.250,0.219,0.531
86700,0.252,0.219,0.529
86800,0.249,0.229,0.522
86900,0.249,0.222,0.529
87000,0.249,0.223,0.528
87100,0.250,0.218,0.532
87200,0.260,0.225,0.515
87300,0.261,0.229,0.510
87400,0.259,0.231,0.510
87500,0.255,0.229,0.516
87600,0.264,0.222,0.515
87700,0.272,0.215,0.514
87800,0.274,0.211,0.515
87900,0.277,0.209,0.514
88000,0.285,0.202,0.513
88100,0.284,0.201,0.515
88200,0.288,0.199,0.513
88300,0.289,0.195,0.516
88400,0.283,0.196,0.521
88500,0.284,0.191,0.525
88600,0.289,0.201,0.510
88700,0.283,0.196,0.521
88800,0.277,0.202,0.521
88900,0.279,0.210,0.511
89000,0.273,0.208,0.519
89100,0.285,0.208,0.507
89200,0.283,0.210,0.507
89300,0.287,0.213,0.499
89400,0.286,0.215,0.499
89500,0.285,0.212,0.503
89600,0.290,0.215,0.495
89700,0.288,0.212,0.499
89800,0.281,0.203,0.516
89900,0.281,0.189,0.530
90000,0.293,0.183,0.524
90100,0.303,0.184,0.513
90200,0.307,0.188,0.505
90300,0.306,0.200,0.493
90400,0.296,0.203,0.501
90500,0.293,0.197,0.510
90600,0.288,0.197,0.515
90700,0.287,0.195,0.518
90800,0.281,0.207,0.512
90900,0.277,0.212,0.511
91000,0.276,0.202,0.522
91100,0.280,0.197,0.523
91200,0.280,0.195,0.525
91300,0.288,0.193,0.519
91400,0.299,0.196,0.505
91500,0.300,0.193,0.507
91600,0.296,0.192,0.512
91700,0.293,0.190,0.517
91800,0.320,0.193,0.487
91900,0.317,0.198,0.485
92000,0.314,0.208,0.478
92100,0.320,0.206,0.474
92200,0.325,0.220,0.456
92300,0.321,0.215,0.465
92400,0.319,0.208,0.473
92500,0.319,0.206,0.475
92600,0.322,0.199,0.479
92700,0.323,0.202,0.475
92800,0.334,0.203,0.463
92900,0.342,0.195,0.463
93000,0.351,0.189,0.460
93100,0.347,0.191,0.462
93200,0.344,0.191,0.465
93300,0.335,0.198,0.467
93400,0.339,0.198,0.463
93500,0.346,0.192,0.462
93600,0.349,0.191,0.460
93700,0.345,0.193,0.462
93800,0.337,0.201,0.462
93900,0.324,0.203,0.473
94000,0.324,0.198,0.478
94100,0.320,0.196,0.484
94200,0.325,0.199,0.476
94300,0.316,0.199,0.485
94400,0.314,0.212,0.474
94500,0.321,0.221,0.459
94600,0.313,0.211,0.476
94700,0.314,0.211,0.475
94800,0.317,0.211,0.472
94900,0.299,0.205,0.495
95000,0.292,0.208,0.499
95100,0.274,0.207,0.519
95200,0.270,0.206,0.524
95300,0.264,0.208,0.528
95400,0.270,0.203,0.527
95500,0.260,0.190,0.550
95600,0.255,0.190,0.555
95700,0.259,0.196,0.544
95800,0.264,0.194,0.542
95900,0.256,0.203,0.540
96000,0.257,0.200,0.542
96100,0.261,0.206,0.532
96200,0.250,0.213,0.536
96300,0.258,0.219,0.523
96400,0.248,0.220,0.532
96500,0.242,0.217,0.541
96600,0.237,0.223,0.540
96700,0.237,0.222,0.541
96800,0.239,0.216,0.545
96900,0.231,0.213,0.556
97000,0.231,0.212,0.557
97100,0.234,0.227,0.539
97200,0.243,0.235,0.522
97300,0.248,0.232,0.520
97400,0.260,0.228,0.512
97500,0.259,0.220,0.521
97600,0.255,0.213,0.531
97700,0.270,0.218,0.513
97800,0.267,0.222,0.512
97900,0.260,0.208,0.531
98000,0.254,0.220,0.526
98100,0.253,0.213,0.533
98200,0.261,0.210,0.528
98300,0.267,0.215,0.519
98400,0.273,0.210,0.517
98500,0.278,0.204,0.518
98600,0.295,0.209,0.495
98700,0.297,0.205,0.497
98800,0.300,0.199,0.501
98900,0.295,0.191,0.514
99000,0.271,0.193,0.536
99100,0.279,0.197,0.524
99200,0.275,0.199,0.526
99300,0.273,0.194,0.533
99400,0.276,0.198,0.526
99500,0.285,0.202,0.513
99600,0.282,0.200,0.518
99700,0.284,0.199,0.517
99800,0.287,0.200,0.513
99900,0.281,0.204,0.515
100000,0.278,0.204,0.518
