time,n_A+p,n_B,n_AB
500,0.050,0.483,0.467
1000,0.050,0.389,0.561
1500,0.050,0.396,0.554
2000,0.050,0.349,0.601
2500,0.050,0.341,0.609
3000,0.050,0.376,0.574
3500,0.050,0.388,0.562
4000,0.050,0.505,0.445
4500,0.050,0.403,0.547
5000,0.050,0.426,0.524
5500,0.050,0.344,0.606
6000,0.061,0.198,0.741
6500,0.356,0.020,0.624
7000,0.998,0.000,0.002
7500,1.000,0.000,0.000
