time,n_A+p,n_B,n_AB
0,0.450,0.550,0.000
500,0.241,0.292,0.467
1000,0.194,0.222,0.584
1500,0.163,0.207,0.630
2000,0.140,0.197,0.663
2500,0.151,0.183,0.666
3000,0.116,0.224,0.660
3500,0.111,0.237,0.652
4000,0.099,0.250,0.651
4500,0.084,0.232,0.683
5000,0.101,0.281,0.618
5500,0.090,0.223,0.687
6000,0.079,0.272,0.649
6500,0.067,0.258,0.675
7000,0.059,0.256,0.685
7500,0.055,0.239,0.707
8000,0.047,0.214,0.739
8500,0.047,0.263,0.690
9000,0.033,0.337,0.630
9500,0.026,0.314,0.660
10000,0.030,0.289,0.680
10500,0.031,0.354,0.614
11000,0.026,0.411,0.563
11500,0.022,0.399,0.579
12000,0.020,0.478,0.502
12500,0.024,0.396,0.580
13000,0.018,0.393,0.588
13500,0.021,0.403,0.576
14000,0.017,0.386,0.597
14500,0.014,0.383,0.603
15000,0.011,0.462,0.527
15500,0.010,0.462,0.529
16000,0.008,0.471,0.522
16500,0.010,0.428,0.561
17000,0.006,0.451,0.543
17500,0.009,0.396,0.595
18000,0.010,0.455,0.535
18500,0.010,0.445,0.545
19000,0.013,0.461,0.526
19500,0.013,0.384,0.603
20000,0.016,0.345,0.639
20500,0.021,0.369,0.610
21000,0.021,0.371,0.608
21500,0.024,0.367,0.609
22000,0.011,0.433,0.556
22500,0.012,0.421,0.566
23000,0.015,0.409,0.576
23500,0.011,0.412,0.577
24000,0.015,0.409,0.576
24500,0.011,0.434,0.555
25000,0.012,0.453,0.535
25500,0.012,0.492,0.496
26000,0.008,0.531,0.461
26500,0.013,0.431,0.556
27000,0.009,0.453,0.538
27500,0.006,0.520,0.474
28000,0.003,0.560,0.437
28500,0.003,0.526,0.471
29000,0.007,0.556,0.437
29500,0.009,0.461,0.530
30000,0.015,0.493,0.492
30500,0.009,0.531,0.460
31000,0.009,0.513,0.478
31500,0.008,0.566,0.426
32000,0.008,0.509,0.484
32500,0.021,0.478,0.501
33000,0.017,0.498,0.485
33500,0.009,0.537,0.455
34000,0.011,0.534,0.455
34500,0.006,0.534,0.460
35000,0.007,0.548,0.445
35500,0.010,0.547,0.443
36000,0.010,0.488,0.502
36500,0.010,0.459,0.531
37000,0.012,0.435,0.552
37500,0.012,0.521,0.467
38000,0.016,0.529,0.456
38500,0.020,0.452,0.528
39000,0.017,0.446,0.536
39500,0.015,0.446,0.540
40000,0.010,0.423,0.567
40500,0.010,0.421,0.569
41000,0.012,0.409,0.579
41500,0.015,0.349,0.636
42000,0.024,0.359,0.616
42500,0.019,0.323,0.658
43000,0.024,0.315,0.661
43500,0.032,0.328,0.640
44000,0.029,0.332,0.639
44500,0.024,0.325,0.651
45000,0.015,0.371,0.614
45500,0.019,0.347,0.633
46000,0.008,0.409,0.583
46500,0.011,0.356,0.633
47000,0.015,0.396,0.588
47500,0.008,0.380,0.613
48000,0.010,0.442,0.548
48500,0.009,0.424,0.568
49000,0.014,0.466,0.520
49500,0.008,0.521,0.471
50000,0.010,0.476,0.513
50500,0.011,0.512,0.477
51000,0.005,0.514,0.481
51500,0.008,0.563,0.429
52000,0.005,0.555,0.440
52500,0.007,0.455,0.538
53000,0.008,0.504,0.488
53500,0.005,0.545,0.449
54000,0.012,0.423,0.565
54500,0.027,0.386,0.587
55000,0.015,0.424,0.561
55500,0.015,0.405,0.580
56000,0.030,0.389,0.580
56500,0.018,0.357,0.625
57000,0.023,0.375,0.602
57500,0.022,0.370,0.608
58000,0.016,0.388,0.596
58500,0.018,0.370,0.612
59000,0.006,0.448,0.545
59500,0.012,0.419,0.569
60000,0.013,0.431,0.555
60500,0.006,0.507,0.487
61000,0.013,0.500,0.487
61500,0.021,0.530,0.449
62000,0.019,0.524,0.458
62500,0.012,0.512,0.477
63000,0.026,0.447,0.527
63500,0.026,0.400,0.573
64000,0.017,0.389,0.594
64500,0.015,0.424,0.561
65000,0.010,0.387,0.603
65500,0.008,0.384,0.608
66000,0.011,0.400,0.588
66500,0.012,0.347,0.641
67000,0.016,0.357,0.627
67500,0.017,0.377,0.606
68000,0.009,0.449,0.542
68500,0.011,0.474,0.515
69000,0.010,0.477,0.513
69500,0.018,0.476,0.506
70000,0.013,0.487,0.500
70500,0.015,0.461,0.524
71000,0.009,0.474,0.517
71500,0.015,0.474,0.511
72000,0.017,0.464,0.519
72500,0.015,0.473,0.513
73000,0.023,0.430,0.547
73500,0.023,0.458,0.520
74000,0.031,0.434,0.535
74500,0.034,0.423,0.543
75000,0.044,0.412,0.544
75500,0.049,0.377,0.574
76000,0.031,0.386,0.583
76500,0.015,0.436,0.549
77000,0.019,0.441,0.540
77500,0.012,0.447,0.541
78000,0.012,0.435,0.552
78500,0.008,0.477,0.515
79000,0.005,0.474,0.521
79500,0.006,0.470,0.524
80000,0.014,0.462,0.524
80500,0.015,0.425,0.559
81000,0.016,0.380,0.604
81500,0.013,0.407,0.580
82000,0.016,0.373,0.611
82500,0.015,0.427,0.558
83000,0.014,0.365,0.621
83500,0.020,0.409,0.571
84000,0.013,0.471,0.516
84500,0.012,0.466,0.522
85000,0.016,0.470,0.514
85500,0.021,0.476,0.503
86000,0.012,0.500,0.488
86500,0.007,0.573,0.420
87000,0.007,0.521,0.472
87500,0.004,0.551,0.445
88000,0.005,0.513,0.482
88500,0.008,0.530,0.462
89000,0.007,0.583,0.410
89500,0.007,0.539,0.454
90000,0.008,0.494,0.499
90500,0.007,0.509,0.484
91000,0.008,0.524,0.467
91500,0.011,0.477,0.512
92000,0.006,0.527,0.467
92500,0.006,0.538,0.456
93000,0.003,0.590,0.407
93500,0.003,0.598,0.399
94000,0.003,0.646,0.351
94500,0.007,0.616,0.377
95000,0.006,0.607,0.387
95500,0.005,0.570,0.425
96000,0.004,0.602,0.393
96500,0.002,0.567,0.431
97000,0.003,0.527,0.470
97500,0.003,0.524,0.473
98000,0.005,0.562,0.432
98500,0.006,0.492,0.502
99000,0.019,0.512,0.469
99500,0.011,0.494,0.495
100000,0.006,0.519,0.474
100500,0.005,0.543,0.452
101000,0.004,0.551,0.445
101500,0.005,0.572,0.423
102000,0.004,0.590,0.406
102500,0.003,0.563,0.434
103000,0.003,0.575,0.421
103500,0.005,0.620,0.375
104000,0.005,0.596,0.399
104500,0.006,0.601,0.393
105000,0.005,0.577,0.419
105500,0.008,0.571,0.421
106000,0.008,0.533,0.459
106500,0.006,0.541,0.453
107000,0.004,0.530,0.466
107500,0.007,0.535,0.458
108000,0.002,0.509,0.490
108500,0.006,0.519,0.476
109000,0.005,0.538,0.457
109500,0.005,0.526,0.469
110000,0.009,0.517,0.474
110500,0.010,0.491,0.499
111000,0.008,0.533,0.459
111500,0.009,0.524,0.467
112000,0.011,0.460,0.529
112500,0.015,0.471,0.514
113000,0.006,0.486,0.508
113500,0.018,0.509,0.473
114000,0.009,0.481,0.510
114500,0.010,0.513,0.477
115000,0.005,0.498,0.498
115500,0.004,0.569,0.427
116000,0.001,0.537,0.462
116500,0.005,0.543,0.452
117000,0.005,0.511,0.484
117500,0.006,0.515,0.479
118000,0.009,0.468,0.523
118500,0.011,0.422,0.567
119000,0.006,0.424,0.570
119500,0.015,0.449,0.536
120000,0.008,0.461,0.531
120500,0.013,0.439,0.548
121000,0.011,0.425,0.564
121500,0.017,0.511,0.472
122000,0.020,0.490,0.490
122500,0.024,0.474,0.502
123000,0.019,0.458,0.524
123500,0.030,0.466,0.504
124000,0.017,0.412,0.570
124500,0.009,0.440,0.551
125000,0.008,0.447,0.545
125500,0.008,0.501,0.492
126000,0.006,0.549,0.445
126500,0.009,0.534,0.457
127000,0.009,0.500,0.491
127500,0.008,0.558,0.435
128000,0.013,0.545,0.442
128500,0.017,0.549,0.434
129000,0.011,0.551,0.438
129500,0.006,0.524,0.469
130000,0.005,0.545,0.449
130500,0.007,0.531,0.462
131000,0.009,0.463,0.527
131500,0.009,0.508,0.483
132000,0.013,0.458,0.529
132500,0.017,0.451,0.531
133000,0.019,0.468,0.513
133500,0.022,0.450,0.528
134000,0.017,0.455,0.529
134500,0.006,0.388,0.607
135000,0.009,0.411,0.580
135500,0.010,0.451,0.538
136000,0.006,0.410,0.584
136500,0.006,0.426,0.568
137000,0.012,0.457,0.531
137500,0.010,0.465,0.525
138000,0.010,0.425,0.565
138500,0.009,0.468,0.523
139000,0.005,0.456,0.538
139500,0.011,0.496,0.493
140000,0.007,0.488,0.505
140500,0.008,0.498,0.494
141000,0.015,0.423,0.562
141500,0.016,0.489,0.495
142000,0.018,0.481,0.501
142500,0.040,0.437,0.523
143000,0.036,0.466,0.499
143500,0.030,0.520,0.451
144000,0.016,0.501,0.484
144500,0.015,0.472,0.513
145000,0.022,0.497,0.482
145500,0.013,0.537,0.450
146000,0.008,0.519,0.473
146500,0.015,0.441,0.544
147000,0.009,0.431,0.560
147500,0.014,0.431,0.555
148000,0.021,0.381,0.598
148500,0.037,0.361,0.601
149000,0.030,0.360,0.610
149500,0.026,0.399,0.575
150000,0.017,0.356,0.627
150500,0.012,0.357,0.631
151000,0.009,0.359,0.632
151500,0.017,0.385,0.598
152000,0.021,0.378,0.601
152500,0.012,0.414,0.574
153000,0.013,0.449,0.537
153500,0.019,0.414,0.566
154000,0.015,0.467,0.518
154500,0.008,0.469,0.524
155000,0.008,0.449,0.543
155500,0.009,0.469,0.522
156000,0.012,0.471,0.517
156500,0.015,0.448,0.537
157000,0.018,0.425,0.556
157500,0.013,0.466,0.522
158000,0.014,0.448,0.538
158500,0.017,0.473,0.509
159000,0.010,0.492,0.498
159500,0.016,0.430,0.554
160000,0.010,0.460,0.530
160500,0.010,0.476,0.515
161000,0.009,0.420,0.572
161500,0.010,0.405,0.585
162000,0.012,0.403,0.585
162500,0.013,0.419,0.568
163000,0.009,0.377,0.614
163500,0.012,0.400,0.588
164000,0.008,0.442,0.550
164500,0.010,0.472,0.518
165000,0.009,0.432,0.559
165500,0.003,0.458,0.540
166000,0.006,0.499,0.495
166500,0.010,0.456,0.534
167000,0.009,0.455,0.536
167500,0.007,0.478,0.515
168000,0.009,0.452,0.540
168500,0.015,0.426,0.559
169000,0.009,0.438,0.554
169500,0.014,0.463,0.523
170000,0.016,0.487,0.497
170500,0.017,0.542,0.441
171000,0.014,0.507,0.479
171500,0.007,0.502,0.491
172000,0.008,0.477,0.516
172500,0.010,0.546,0.444
173000,0.013,0.520,0.467
173500,0.005,0.470,0.524
174000,0.006,0.521,0.473
174500,0.008,0.542,0.450
175000,0.007,0.496,0.497
175500,0.004,0.542,0.453
176000,0.005,0.549,0.446
176500,0.005,0.522,0.473
177000,0.005,0.552,0.444
177500,0.011,0.471,0.518
178000,0.014,0.408,0.578
178500,0.009,0.413,0.579
179000,0.010,0.427,0.563
179500,0.011,0.452,0.537
180000,0.013,0.435,0.552
180500,0.008,0.448,0.545
181000,0.005,0.446,0.549
181500,0.008,0.467,0.525
182000,0.015,0.506,0.478
182500,0.013,0.517,0.470
183000,0.009,0.524,0.467
183500,0.007,0.554,0.439
184000,0.015,0.530,0.455
184500,0.007,0.538,0.455
185000,0.011,0.531,0.458
185500,0.014,0.464,0.522
186000,0.020,0.498,0.482
186500,0.022,0.474,0.503
187000,0.016,0.501,0.483
187500,0.014,0.464,0.522
188000,0.009,0.481,0.510
188500,0.005,0.485,0.509
189000,0.009,0.488,0.502
189500,0.007,0.514,0.479
190000,0.006,0.504,0.490
190500,0.012,0.431,0.558
191000,0.020,0.415,0.565
191500,0.009,0.491,0.500
192000,0.008,0.515,0.477
192500,0.007,0.517,0.476
193000,0.009,0.508,0.484
193500,0.013,0.471,0.516
194000,0.011,0.526,0.463
194500,0.005,0.456,0.539
195000,0.004,0.503,0.492
195500,0.005,0.483,0.512
196000,0.006,0.439,0.555
196500,0.008,0.475,0.517
197000,0.003,0.460,0.536
197500,0.010,0.452,0.537
198000,0.016,0.373,0.612
198500,0.023,0.406,0.571
199000,0.026,0.384,0.590
199500,0.014,0.363,0.623
200000,0.016,0.370,0.614
200500,0.016,0.373,0.611
201000,0.021,0.377,0.602
201500,0.019,0.372,0.609
202000,0.019,0.411,0.570
202500,0.022,0.410,0.569
203000,0.012,0.491,0.498
203500,0.007,0.477,0.516
204000,0.009,0.516,0.475
204500,0.012,0.487,0.501
205000,0.015,0.444,0.541
205500,0.016,0.468,0.516
206000,0.037,0.429,0.534
206500,0.040,0.442,0.519
207000,0.031,0.476,0.492
207500,0.020,0.444,0.536
208000,0.013,0.459,0.528
208500,0.010,0.473,0.517
209000,0.017,0.464,0.518
209500,0.020,0.441,0.539
210000,0.014,0.438,0.548
210500,0.008,0.501,0.491
211000,0.005,0.553,0.442
211500,0.012,0.508,0.480
212000,0.015,0.476,0.510
212500,0.006,0.466,0.529
213000,0.012,0.470,0.518
213500,0.010,0.523,0.467
214000,0.013,0.512,0.474
214500,0.011,0.480,0.509
215000,0.010,0.512,0.478
215500,0.009,0.509,0.483
216000,0.005,0.540,0.455
216500,0.008,0.517,0.475
217000,0.003,0.559,0.438
217500,0.009,0.505,0.486
218000,0.014,0.432,0.554
218500,0.020,0.416,0.563
219000,0.020,0.456,0.524
219500,0.010,0.460,0.530
220000,0.012,0.495,0.492
220500,0.006,0.483,0.510
221000,0.007,0.464,0.529
221500,0.003,0.467,0.530
222000,0.008,0.485,0.508
222500,0.008,0.519,0.474
223000,0.008,0.541,0.451
223500,0.010,0.520,0.470
224000,0.006,0.548,0.445
224500,0.005,0.530,0.466
225000,0.004,0.529,0.467
225500,0.010,0.523,0.467
226000,0.013,0.521,0.466
226500,0.012,0.546,0.442
227000,0.008,0.544,0.448
227500,0.007,0.483,0.510
228000,0.006,0.506,0.487
228500,0.006,0.564,0.430
229000,0.004,0.605,0.391
229500,0.003,0.545,0.451
230000,0.005,0.542,0.453
230500,0.005,0.530,0.464
231000,0.008,0.522,0.470
231500,0.010,0.441,0.549
232000,0.005,0.522,0.473
232500,0.008,0.469,0.523
233000,0.008,0.438,0.554
233500,0.003,0.455,0.541
234000,0.006,0.499,0.495
234500,0.012,0.459,0.529
235000,0.010,0.427,0.562
235500,0.015,0.445,0.540
236000,0.010,0.467,0.523
236500,0.013,0.473,0.513
237000,0.008,0.413,0.579
237500,0.011,0.393,0.596
238000,0.016,0.386,0.598
238500,0.016,0.413,0.570
239000,0.023,0.407,0.570
239500,0.012,0.409,0.579
240000,0.020,0.414,0.566
240500,0.017,0.390,0.593
241000,0.014,0.392,0.594
241500,0.014,0.421,0.565
242000,0.013,0.448,0.540
242500,0.016,0.395,0.589
243000,0.024,0.444,0.533
243500,0.017,0.435,0.547
244000,0.009,0.425,0.566
244500,0.012,0.466,0.522
245000,0.022,0.396,0.581
245500,0.013,0.410,0.576
246000,0.016,0.462,0.522
246500,0.013,0.427,0.560
247000,0.012,0.418,0.570
247500,0.014,0.447,0.539
248000,0.014,0.441,0.545
248500,0.006,0.516,0.478
249000,0.014,0.419,0.567
249500,0.011,0.459,0.530
250000,0.012,0.446,0.542
250500,0.010,0.506,0.483
251000,0.015,0.456,0.529
251500,0.008,0.501,0.491
252000,0.006,0.490,0.504
252500,0.010,0.473,0.517
253000,0.008,0.509,0.483
253500,0.008,0.478,0.514
254000,0.009,0.498,0.494
254500,0.006,0.528,0.466
255000,0.006,0.502,0.492
255500,0.010,0.510,0.480
256000,0.010,0.491,0.498
256500,0.009,0.396,0.594
257000,0.012,0.475,0.513
257500,0.009,0.473,0.518
258000,0.009,0.476,0.516
258500,0.011,0.524,0.464
259000,0.010,0.530,0.460
259500,0.024,0.493,0.483
260000,0.021,0.446,0.533
260500,0.021,0.462,0.517
261000,0.009,0.464,0.527
261500,0.016,0.443,0.541
262000,0.014,0.509,0.477
262500,0.012,0.509,0.479
263000,0.008,0.455,0.537
263500,0.008,0.458,0.534
264000,0.008,0.506,0.487
264500,0.006,0.515,0.480
265000,0.009,0.466,0.524
265500,0.010,0.475,0.515
266000,0.015,0.377,0.608
266500,0.021,0.349,0.630
267000,0.013,0.406,0.581
267500,0.011,0.431,0.558
268000,0.012,0.403,0.585
268500,0.012,0.434,0.554
269000,0.015,0.373,0.612
269500,0.016,0.360,0.624
270000,0.012,0.402,0.586
270500,0.016,0.416,0.568
271000,0.011,0.415,0.574
271500,0.010,0.386,0.604
272000,0.009,0.438,0.554
272500,0.019,0.405,0.576
273000,0.012,0.439,0.549
273500,0.015,0.430,0.555
274000,0.007,0.504,0.489
274500,0.004,0.531,0.464
275000,0.002,0.590,0.408
275500,0.002,0.573,0.425
276000,0.003,0.587,0.410
276500,0.006,0.528,0.466
277000,0.013,0.472,0.515
277500,0.008,0.374,0.618
278000,0.008,0.402,0.590
278500,0.012,0.393,0.595
279000,0.016,0.378,0.606
279500,0.020,0.416,0.564
280000,0.020,0.394,0.586
280500,0.008,0.451,0.541
281000,0.009,0.530,0.461
281500,0.006,0.582,0.412
282000,0.008,0.483,0.509
282500,0.005,0.516,0.478
283000,0.006,0.538,0.456
283500,0.007,0.521,0.472
284000,0.006,0.548,0.446
284500,0.008,0.471,0.520
285000,0.010,0.508,0.482
285500,0.014,0.485,0.501
286000,0.002,0.498,0.499
286500,0.010,0.531,0.459
287000,0.013,0.502,0.485
287500,0.012,0.546,0.442
288000,0.009,0.494,0.497
288500,0.012,0.490,0.498
289000,0.006,0.508,0.485
289500,0.011,0.484,0.505
290000,0.006,0.520,0.474
290500,0.009,0.542,0.449
291000,0.004,0.517,0.478
291500,0.005,0.547,0.448
292000,0.006,0.509,0.485
292500,0.003,0.483,0.515
293000,0.009,0.455,0.536
293500,0.016,0.393,0.591
294000,0.013,0.402,0.584
294500,0.015,0.369,0.616
295000,0.012,0.438,0.550
295500,0.010,0.438,0.551
296000,0.010,0.442,0.548
296500,0.012,0.420,0.568
297000,0.014,0.412,0.574
297500,0.005,0.472,0.523
298000,0.009,0.408,0.583
298500,0.009,0.410,0.580
299000,0.015,0.398,0.587
299500,0.029,0.361,0.609
300000,0.025,0.359,0.616
300500,0.026,0.336,0.638
301000,0.021,0.411,0.568
301500,0.017,0.448,0.535
302000,0.007,0.463,0.530
302500,0.006,0.478,0.516
303000,0.009,0.452,0.538
303500,0.006,0.472,0.522
304000,0.009,0.460,0.531
304500,0.010,0.461,0.529
305000,0.008,0.476,0.516
305500,0.006,0.512,0.482
306000,0.013,0.455,0.531
306500,0.016,0.495,0.490
307000,0.008,0.494,0.498
307500,0.013,0.473,0.514
308000,0.010,0.461,0.529
308500,0.016,0.419,0.565
309000,0.015,0.410,0.575
309500,0.020,0.349,0.630
310000,0.011,0.372,0.617
310500,0.012,0.464,0.523
311000,0.013,0.428,0.559
311500,0.005,0.488,0.506
312000,0.009,0.464,0.527
312500,0.008,0.495,0.497
313000,0.018,0.453,0.529
313500,0.021,0.388,0.591
314000,0.033,0.355,0.612
314500,0.018,0.380,0.602
315000,0.016,0.392,0.592
315500,0.020,0.368,0.612
316000,0.014,0.432,0.554
316500,0.014,0.508,0.478
317000,0.012,0.460,0.528
317500,0.010,0.441,0.549
318000,0.013,0.376,0.611
318500,0.015,0.358,0.627
319000,0.011,0.360,0.629
319500,0.012,0.349,0.639
320000,0.011,0.368,0.620
320500,0.008,0.428,0.563
321000,0.008,0.432,0.560
321500,0.005,0.491,0.504
322000,0.008,0.477,0.516
322500,0.003,0.515,0.482
323000,0.003,0.555,0.442
323500,0.003,0.596,0.400
324000,0.002,0.566,0.431
324500,0.009,0.501,0.491
325000,0.004,0.551,0.445
325500,0.004,0.495,0.501
326000,0.006,0.525,0.469
326500,0.005,0.549,0.445
327000,0.005,0.608,0.388
327500,0.003,0.615,0.382
328000,0.002,0.576,0.423
328500,0.002,0.613,0.385
329000,0.002,0.604,0.393
329500,0.005,0.579,0.416
330000,0.005,0.547,0.448
330500,0.005,0.512,0.483
331000,0.003,0.492,0.504
331500,0.006,0.519,0.475
332000,0.005,0.554,0.442
332500,0.003,0.513,0.484
333000,0.011,0.482,0.507
333500,0.007,0.453,0.540
334000,0.012,0.381,0.607
334500,0.020,0.395,0.585
335000,0.019,0.339,0.642
335500,0.019,0.304,0.676
336000,0.028,0.274,0.698
336500,0.045,0.254,0.701
337000,0.043,0.221,0.736
337500,0.050,0.198,0.752
338000,0.063,0.214,0.722
338500,0.056,0.249,0.694
339000,0.048,0.295,0.658
339500,0.042,0.266,0.692
340000,0.033,0.270,0.697
340500,0.033,0.268,0.700
341000,0.032,0.229,0.739
341500,0.043,0.228,0.729
342000,0.029,0.282,0.690
342500,0.030,0.308,0.662
343000,0.016,0.384,0.601
343500,0.013,0.425,0.561
344000,0.019,0.443,0.538
344500,0.013,0.479,0.508
345000,0.013,0.438,0.548
345500,0.010,0.449,0.541
346000,0.010,0.402,0.588
346500,0.012,0.455,0.533
347000,0.016,0.423,0.561
347500,0.010,0.460,0.530
348000,0.013,0.422,0.565
348500,0.008,0.435,0.557
349000,0.010,0.471,0.518
349500,0.009,0.373,0.618
350000,0.010,0.411,0.579
350500,0.013,0.456,0.531
351000,0.010,0.468,0.522
351500,0.009,0.493,0.498
352000,0.007,0.464,0.529
352500,0.007,0.489,0.504
353000,0.008,0.524,0.467
353500,0.012,0.448,0.541
354000,0.038,0.377,0.585
354500,0.049,0.373,0.578
355000,0.055,0.360,0.585
355500,0.042,0.368,0.590
356000,0.038,0.345,0.618
356500,0.021,0.380,0.599
357000,0.038,0.374,0.588
357500,0.041,0.396,0.563
358000,0.052,0.347,0.601
358500,0.035,0.360,0.605
359000,0.016,0.434,0.549
359500,0.012,0.473,0.515
360000,0.014,0.486,0.500
360500,0.016,0.414,0.570
361000,0.020,0.434,0.547
361500,0.023,0.379,0.598
362000,0.020,0.438,0.541
362500,0.011,0.502,0.487
363000,0.008,0.537,0.456
363500,0.008,0.491,0.501
364000,0.011,0.483,0.506
364500,0.017,0.492,0.491
365000,0.016,0.478,0.506
365500,0.019,0.445,0.536
366000,0.010,0.477,0.513
366500,0.008,0.454,0.538
367000,0.013,0.492,0.494
367500,0.015,0.431,0.554
368000,0.023,0.393,0.584
368500,0.024,0.432,0.544
369000,0.022,0.385,0.593
369500,0.027,0.412,0.562
370000,0.024,0.392,0.584
370500,0.028,0.392,0.580
371000,0.021,0.349,0.630
371500,0.036,0.338,0.626
372000,0.070,0.309,0.620
372500,0.071,0.319,0.610
373000,0.042,0.347,0.611
373500,0.038,0.283,0.679
374000,0.028,0.284,0.688
374500,0.040,0.341,0.620
375000,0.035,0.398,0.568
375500,0.020,0.402,0.579
376000,0.017,0.417,0.566
376500,0.013,0.423,0.564
377000,0.011,0.449,0.540
377500,0.008,0.439,0.553
378000,0.005,0.429,0.566
378500,0.007,0.436,0.557
379000,0.009,0.461,0.530
379500,0.008,0.473,0.520
380000,0.009,0.487,0.503
380500,0.009,0.476,0.515
381000,0.012,0.449,0.540
381500,0.014,0.492,0.494
382000,0.009,0.564,0.427
382500,0.010,0.537,0.453
383000,0.010,0.508,0.482
383500,0.006,0.509,0.485
384000,0.013,0.509,0.478
384500,0.010,0.518,0.472
385000,0.005,0.529,0.466
385500,0.003,0.502,0.495
386000,0.008,0.534,0.458
386500,0.004,0.519,0.477
387000,0.006,0.548,0.445
387500,0.006,0.534,0.460
388000,0.006,0.526,0.469
388500,0.005,0.545,0.449
389000,0.010,0.554,0.435
389500,0.010,0.539,0.451
390000,0.013,0.541,0.445
390500,0.006,0.526,0.468
391000,0.010,0.539,0.451
391500,0.006,0.524,0.470
392000,0.013,0.471,0.516
392500,0.010,0.540,0.450
393000,0.005,0.538,0.457
393500,0.008,0.498,0.494
394000,0.014,0.449,0.537
394500,0.013,0.403,0.583
395000,0.018,0.395,0.587
395500,0.015,0.413,0.572
396000,0.024,0.421,0.555
396500,0.012,0.395,0.593
397000,0.011,0.444,0.545
397500,0.015,0.399,0.586
398000,0.021,0.399,0.580
398500,0.019,0.431,0.551
399000,0.019,0.379,0.602
399500,0.012,0.388,0.600
400000,0.017,0.434,0.548
400500,0.016,0.387,0.597
401000,0.017,0.413,0.570
401500,0.016,0.440,0.544
402000,0.022,0.409,0.570
402500,0.020,0.395,0.585
403000,0.013,0.348,0.639
403500,0.022,0.378,0.600
404000,0.038,0.351,0.611
404500,0.016,0.381,0.603
405000,0.015,0.368,0.616
405500,0.019,0.329,0.653
406000,0.024,0.371,0.605
406500,0.015,0.450,0.535
407000,0.016,0.472,0.512
407500,0.012,0.482,0.506
408000,0.012,0.445,0.543
408500,0.010,0.453,0.537
409000,0.019,0.403,0.578
409500,0.008,0.478,0.515
410000,0.011,0.494,0.495
410500,0.009,0.425,0.566
411000,0.005,0.427,0.568
411500,0.004,0.442,0.554
412000,0.007,0.492,0.501
412500,0.006,0.503,0.491
413000,0.011,0.530,0.459
413500,0.007,0.594,0.399
414000,0.009,0.569,0.421
414500,0.003,0.543,0.453
415000,0.008,0.507,0.485
415500,0.006,0.484,0.510
416000,0.008,0.478,0.514
416500,0.009,0.548,0.442
417000,0.011,0.481,0.508
417500,0.014,0.463,0.523
418000,0.010,0.469,0.521
418500,0.005,0.488,0.507
419000,0.007,0.510,0.483
419500,0.007,0.538,0.455
420000,0.010,0.517,0.473
420500,0.008,0.503,0.488
421000,0.008,0.467,0.525
421500,0.010,0.464,0.526
422000,0.016,0.416,0.568
422500,0.019,0.415,0.566
423000,0.026,0.439,0.535
423500,0.031,0.388,0.581
424000,0.012,0.423,0.565
424500,0.010,0.434,0.556
425000,0.012,0.451,0.537
425500,0.023,0.439,0.538
426000,0.024,0.400,0.575
426500,0.026,0.384,0.590
427000,0.013,0.445,0.542
427500,0.009,0.470,0.521
428000,0.011,0.501,0.488
428500,0.011,0.515,0.474
429000,0.015,0.473,0.512
429500,0.012,0.464,0.524
430000,0.013,0.446,0.541
430500,0.013,0.437,0.550
431000,0.015,0.415,0.570
431500,0.020,0.427,0.553
432000,0.015,0.447,0.538
432500,0.005,0.447,0.548
433000,0.009,0.501,0.490
433500,0.004,0.509,0.487
434000,0.007,0.474,0.519
434500,0.003,0.455,0.542
435000,0.006,0.467,0.526
435500,0.006,0.502,0.492
436000,0.003,0.520,0.477
436500,0.002,0.513,0.484
437000,0.008,0.493,0.499
437500,0.010,0.419,0.570
438000,0.010,0.400,0.590
438500,0.015,0.389,0.596
439000,0.014,0.401,0.585
439500,0.021,0.444,0.535
440000,0.006,0.520,0.473
440500,0.006,0.476,0.517
441000,0.006,0.534,0.460
441500,0.003,0.474,0.523
442000,0.006,0.434,0.561
442500,0.014,0.402,0.584
443000,0.013,0.413,0.574
443500,0.011,0.407,0.582
444000,0.020,0.420,0.560
444500,0.009,0.431,0.559
445000,0.012,0.437,0.552
445500,0.008,0.474,0.519
446000,0.008,0.495,0.497
446500,0.005,0.482,0.513
447000,0.005,0.490,0.506
447500,0.003,0.510,0.487
448000,0.006,0.456,0.537
448500,0.004,0.517,0.478
449000,0.008,0.573,0.419
449500,0.005,0.620,0.375
450000,0.005,0.565,0.431
450500,0.005,0.525,0.470
451000,0.003,0.531,0.466
451500,0.000,0.562,0.438
452000,0.002,0.555,0.444
452500,0.003,0.503,0.494
453000,0.006,0.522,0.473
453500,0.004,0.477,0.519
454000,0.006,0.454,0.540
454500,0.014,0.455,0.531
455000,0.010,0.423,0.566
455500,0.009,0.426,0.565
456000,0.005,0.487,0.508
456500,0.012,0.473,0.516
457000,0.006,0.457,0.537
457500,0.005,0.454,0.541
458000,0.004,0.474,0.522
458500,0.014,0.417,0.569
459000,0.010,0.425,0.565
459500,0.010,0.430,0.559
460000,0.027,0.412,0.561
460500,0.010,0.447,0.542
461000,0.006,0.434,0.559
461500,0.016,0.449,0.536
462000,0.010,0.431,0.559
462500,0.013,0.426,0.561
463000,0.025,0.435,0.540
463500,0.028,0.408,0.564
464000,0.027,0.399,0.575
464500,0.027,0.339,0.634
465000,0.039,0.318,0.643
465500,0.031,0.373,0.596
466000,0.018,0.403,0.579
466500,0.027,0.380,0.594
467000,0.027,0.346,0.627
467500,0.020,0.370,0.610
468000,0.020,0.413,0.567
468500,0.016,0.477,0.508
469000,0.008,0.430,0.562
469500,0.011,0.451,0.538
470000,0.012,0.441,0.547
470500,0.013,0.414,0.572
471000,0.025,0.372,0.603
471500,0.042,0.361,0.597
472000,0.035,0.385,0.580
472500,0.029,0.361,0.609
473000,0.026,0.368,0.606
473500,0.013,0.399,0.588
474000,0.006,0.434,0.560
474500,0.009,0.469,0.522
475000,0.011,0.453,0.536
475500,0.020,0.398,0.582
476000,0.013,0.444,0.542
476500,0.020,0.432,0.548
477000,0.013,0.459,0.527
477500,0.014,0.497,0.490
478000,0.019,0.459,0.523
478500,0.018,0.391,0.591
479000,0.019,0.407,0.574
479500,0.017,0.375,0.607
480000,0.013,0.401,0.586
480500,0.008,0.442,0.549
481000,0.008,0.441,0.551
481500,0.009,0.431,0.560
482000,0.009,0.493,0.498
482500,0.008,0.518,0.474
483000,0.005,0.492,0.503
483500,0.008,0.537,0.455
484000,0.003,0.483,0.514
484500,0.006,0.519,0.476
485000,0.005,0.513,0.481
485500,0.004,0.457,0.539
486000,0.012,0.438,0.550
486500,0.013,0.510,0.477
487000,0.013,0.585,0.402
487500,0.012,0.513,0.475
488000,0.008,0.556,0.436
488500,0.010,0.572,0.419
489000,0.007,0.551,0.442
489500,0.008,0.540,0.452
490000,0.020,0.444,0.536
490500,0.017,0.447,0.536
491000,0.008,0.454,0.538
491500,0.008,0.468,0.524
492000,0.017,0.439,0.544
492500,0.013,0.423,0.563
493000,0.013,0.427,0.561
493500,0.016,0.398,0.587
494000,0.013,0.396,0.591
494500,0.019,0.342,0.639
495000,0.017,0.339,0.644
495500,0.016,0.335,0.648
496000,0.016,0.361,0.623
496500,0.046,0.300,0.654
497000,0.029,0.268,0.703
497500,0.023,0.326,0.651
498000,0.026,0.335,0.640
498500,0.019,0.354,0.627
499000,0.017,0.356,0.627
499500,0.024,0.355,0.621
500000,0.023,0.381,0.596
500500,0.011,0.495,0.494
501000,0.008,0.510,0.482
501500,0.005,0.501,0.494
502000,0.006,0.532,0.462
502500,0.011,0.486,0.503
503000,0.006,0.502,0.492
503500,0.004,0.507,0.489
504000,0.013,0.459,0.528
504500,0.014,0.393,0.593
505000,0.029,0.414,0.558
505500,0.018,0.459,0.523
506000,0.011,0.487,0.502
506500,0.006,0.471,0.522
507000,0.015,0.438,0.547
507500,0.033,0.416,0.552
508000,0.012,0.490,0.499
508500,0.011,0.475,0.514
509000,0.008,0.464,0.528
509500,0.012,0.442,0.547
510000,0.027,0.416,0.557
510500,0.022,0.415,0.563
511000,0.013,0.392,0.595
511500,0.011,0.418,0.571
512000,0.007,0.459,0.534
512500,0.011,0.403,0.586
513000,0.005,0.459,0.537
513500,0.005,0.456,0.538
514000,0.016,0.465,0.519
514500,0.020,0.361,0.618
515000,0.020,0.344,0.636
515500,0.019,0.379,0.602
516000,0.013,0.389,0.598
516500,0.008,0.398,0.594
517000,0.013,0.361,0.626
517500,0.014,0.416,0.570
518000,0.012,0.407,0.581
518500,0.012,0.452,0.537
519000,0.005,0.475,0.520
519500,0.009,0.483,0.508
520000,0.006,0.473,0.521
520500,0.020,0.453,0.527
521000,0.011,0.535,0.454
521500,0.006,0.513,0.481
522000,0.006,0.502,0.492
522500,0.009,0.501,0.490
523000,0.012,0.494,0.494
523500,0.008,0.475,0.517
524000,0.008,0.503,0.490
524500,0.006,0.489,0.505
525000,0.008,0.512,0.480
525500,0.008,0.469,0.524
526000,0.008,0.497,0.495
526500,0.004,0.502,0.494
527000,0.004,0.505,0.491
527500,0.009,0.460,0.531
528000,0.007,0.460,0.533
528500,0.010,0.458,0.533
529000,0.009,0.390,0.601
529500,0.010,0.381,0.609
530000,0.015,0.407,0.578
530500,0.010,0.419,0.571
531000,0.008,0.437,0.555
531500,0.014,0.404,0.582
532000,0.009,0.493,0.498
532500,0.006,0.460,0.534
533000,0.010,0.468,0.522
533500,0.005,0.479,0.516
534000,0.008,0.563,0.429
534500,0.005,0.595,0.400
535000,0.006,0.576,0.417
535500,0.004,0.548,0.448
536000,0.003,0.567,0.430
536500,0.002,0.586,0.412
537000,0.005,0.590,0.405
537500,0.005,0.527,0.469
538000,0.006,0.460,0.534
538500,0.015,0.432,0.553
539000,0.008,0.476,0.516
539500,0.009,0.439,0.552
540000,0.008,0.411,0.581
540500,0.009,0.462,0.530
541000,0.009,0.475,0.516
541500,0.008,0.487,0.505
542000,0.011,0.441,0.548
542500,0.010,0.461,0.529
543000,0.009,0.401,0.590
543500,0.005,0.441,0.554
544000,0.014,0.406,0.580
544500,0.005,0.439,0.555
545000,0.008,0.444,0.548
545500,0.011,0.447,0.542
546000,0.011,0.465,0.524
546500,0.008,0.469,0.523
547000,0.009,0.467,0.524
547500,0.009,0.461,0.530
548000,0.014,0.396,0.590
548500,0.017,0.434,0.549
549000,0.012,0.440,0.548
549500,0.009,0.463,0.527
550000,0.009,0.447,0.544
550500,0.008,0.463,0.529
551000,0.009,0.515,0.476
551500,0.008,0.464,0.528
552000,0.028,0.379,0.593
552500,0.020,0.377,0.603
553000,0.058,0.291,0.651
553500,0.067,0.310,0.623
554000,0.034,0.283,0.682
554500,0.037,0.332,0.632
555000,0.031,0.363,0.606
555500,0.017,0.336,0.647
556000,0.014,0.452,0.534
556500,0.016,0.397,0.587
557000,0.008,0.462,0.530
557500,0.010,0.458,0.533
558000,0.012,0.492,0.497
558500,0.005,0.450,0.545
559000,0.010,0.448,0.541
559500,0.005,0.456,0.538
560000,0.008,0.489,0.503
560500,0.006,0.532,0.462
561000,0.007,0.511,0.482
561500,0.005,0.470,0.525
562000,0.004,0.517,0.479
562500,0.003,0.598,0.399
563000,0.002,0.616,0.382
563500,0.005,0.593,0.402
564000,0.005,0.497,0.498
564500,0.002,0.515,0.484
565000,0.003,0.487,0.510
565500,0.006,0.485,0.509
566000,0.003,0.507,0.490
566500,0.003,0.495,0.502
567000,0.005,0.501,0.494
567500,0.002,0.515,0.483
568000,0.005,0.558,0.437
568500,0.001,0.520,0.479
569000,0.002,0.548,0.449
569500,0.002,0.488,0.510
570000,0.007,0.506,0.487
570500,0.005,0.488,0.507
571000,0.012,0.481,0.507
571500,0.023,0.412,0.565
572000,0.019,0.413,0.568
572500,0.013,0.379,0.608
573000,0.012,0.375,0.613
573500,0.009,0.370,0.622
574000,0.007,0.420,0.573
574500,0.008,0.474,0.518
575000,0.008,0.463,0.529
575500,0.009,0.385,0.607
576000,0.015,0.448,0.537
576500,0.008,0.448,0.545
577000,0.009,0.444,0.547
577500,0.022,0.430,0.548
578000,0.012,0.449,0.539
578500,0.018,0.495,0.487
579000,0.014,0.466,0.520
579500,0.012,0.473,0.515
580000,0.009,0.480,0.511
580500,0.005,0.432,0.563
581000,0.008,0.494,0.498
581500,0.009,0.466,0.526
582000,0.004,0.509,0.487
582500,0.005,0.547,0.449
583000,0.004,0.533,0.463
583500,0.003,0.572,0.425
584000,0.003,0.521,0.476
584500,0.008,0.509,0.484
585000,0.013,0.484,0.503
585500,0.008,0.497,0.495
586000,0.010,0.524,0.466
586500,0.015,0.460,0.526
587000,0.006,0.452,0.542
587500,0.020,0.414,0.566
588000,0.024,0.402,0.574
588500,0.039,0.385,0.576
589000,0.050,0.368,0.581
589500,0.049,0.346,0.605
590000,0.031,0.399,0.569
590500,0.017,0.382,0.601
591000,0.024,0.398,0.577
591500,0.017,0.420,0.563
592000,0.027,0.396,0.577
592500,0.023,0.416,0.561
593000,0.029,0.379,0.593
593500,0.038,0.375,0.587
594000,0.051,0.353,0.596
594500,0.026,0.373,0.601
595000,0.024,0.416,0.560
595500,0.035,0.414,0.551
596000,0.022,0.430,0.548
596500,0.048,0.373,0.579
597000,0.028,0.346,0.626
597500,0.017,0.420,0.563
598000,0.013,0.460,0.527
598500,0.020,0.443,0.537
599000,0.016,0.392,0.592
599500,0.019,0.434,0.548
600000,0.022,0.458,0.521
600500,0.015,0.428,0.558
601000,0.017,0.417,0.565
601500,0.009,0.424,0.567
602000,0.010,0.487,0.503
602500,0.012,0.429,0.559
603000,0.011,0.422,0.567
603500,0.019,0.419,0.562
604000,0.010,0.446,0.543
604500,0.009,0.486,0.505
605000,0.012,0.500,0.488
605500,0.009,0.491,0.501
606000,0.015,0.440,0.545
606500,0.010,0.437,0.554
607000,0.015,0.375,0.609
607500,0.014,0.360,0.626
608000,0.013,0.396,0.590
608500,0.016,0.378,0.607
609000,0.011,0.404,0.585
609500,0.007,0.393,0.600
610000,0.013,0.437,0.550
610500,0.009,0.452,0.539
611000,0.005,0.458,0.537
611500,0.010,0.449,0.540
612000,0.002,0.475,0.523
612500,0.009,0.436,0.555
613000,0.004,0.462,0.534
613500,0.009,0.388,0.604
614000,0.012,0.412,0.576
614500,0.011,0.409,0.580
615000,0.009,0.408,0.583
615500,0.011,0.430,0.559
616000,0.009,0.428,0.563
616500,0.011,0.401,0.588
617000,0.009,0.402,0.588
617500,0.019,0.385,0.597
618000,0.016,0.389,0.594
618500,0.015,0.416,0.570
619000,0.012,0.480,0.508
619500,0.015,0.476,0.509
620000,0.016,0.437,0.547
620500,0.019,0.423,0.558
621000,0.016,0.432,0.552
621500,0.015,0.452,0.533
622000,0.015,0.452,0.533
622500,0.015,0.448,0.538
623000,0.008,0.494,0.498
623500,0.012,0.461,0.527
624000,0.013,0.444,0.543
624500,0.012,0.414,0.574
625000,0.013,0.411,0.576
625500,0.023,0.377,0.601
626000,0.012,0.375,0.612
626500,0.017,0.388,0.595
627000,0.012,0.374,0.614
627500,0.020,0.364,0.616
628000,0.016,0.377,0.607
628500,0.013,0.412,0.575
629000,0.011,0.413,0.576
629500,0.006,0.395,0.599
630000,0.012,0.435,0.553
630500,0.006,0.496,0.498
631000,0.006,0.419,0.576
631500,0.008,0.415,0.577
632000,0.006,0.438,0.556
632500,0.006,0.464,0.530
633000,0.003,0.479,0.517
633500,0.006,0.524,0.469
634000,0.003,0.481,0.516
634500,0.007,0.448,0.545
635000,0.013,0.429,0.558
635500,0.006,0.410,0.584
636000,0.012,0.389,0.600
636500,0.008,0.437,0.555
637000,0.010,0.433,0.556
637500,0.003,0.461,0.536
638000,0.006,0.468,0.526
638500,0.005,0.547,0.448
639000,0.006,0.594,0.400
639500,0.003,0.627,0.369
640000,0.004,0.588,0.407
640500,0.003,0.628,0.368
641000,0.008,0.602,0.391
641500,0.004,0.644,0.352
642000,0.004,0.615,0.381
642500,0.005,0.585,0.410
643000,0.005,0.647,0.347
643500,0.008,0.594,0.399
644000,0.009,0.600,0.391
644500,0.010,0.610,0.380
645000,0.009,0.550,0.441
645500,0.013,0.513,0.473
646000,0.015,0.484,0.501
646500,0.019,0.430,0.551
647000,0.009,0.523,0.469
647500,0.004,0.599,0.397
648000,0.003,0.615,0.382
648500,0.004,0.654,0.342
649000,0.003,0.637,0.359
649500,0.002,0.574,0.424
650000,0.004,0.569,0.427
650500,0.005,0.548,0.447
651000,0.003,0.549,0.448
651500,0.006,0.563,0.431
652000,0.004,0.634,0.361
652500,0.006,0.600,0.394
653000,0.008,0.556,0.436
653500,0.010,0.474,0.516
654000,0.004,0.510,0.486
654500,0.009,0.516,0.475
655000,0.010,0.452,0.538
655500,0.017,0.423,0.560
656000,0.024,0.422,0.554
656500,0.024,0.388,0.588
657000,0.036,0.382,0.582
657500,0.044,0.338,0.618
658000,0.033,0.347,0.620
658500,0.018,0.401,0.581
659000,0.015,0.487,0.498
659500,0.016,0.461,0.523
660000,0.019,0.435,0.546
660500,0.020,0.402,0.578
661000,0.023,0.374,0.603
661500,0.013,0.421,0.566
662000,0.015,0.436,0.549
662500,0.023,0.381,0.597
663000,0.027,0.375,0.598
663500,0.031,0.346,0.623
664000,0.042,0.329,0.629
664500,0.045,0.360,0.594
665000,0.025,0.374,0.601
665500,0.016,0.418,0.566
666000,0.013,0.460,0.527
666500,0.012,0.452,0.537
667000,0.009,0.474,0.517
667500,0.009,0.482,0.509
668000,0.010,0.492,0.497
668500,0.023,0.455,0.522
669000,0.015,0.446,0.538
669500,0.014,0.417,0.569
670000,0.013,0.469,0.519
670500,0.011,0.451,0.538
671000,0.016,0.444,0.540
671500,0.015,0.475,0.510
672000,0.019,0.478,0.503
672500,0.012,0.563,0.424
673000,0.012,0.501,0.487
673500,0.016,0.540,0.444
674000,0.010,0.487,0.502
674500,0.008,0.485,0.507
675000,0.008,0.443,0.549
675500,0.010,0.403,0.587
676000,0.008,0.412,0.580
676500,0.012,0.459,0.529
677000,0.006,0.453,0.541
677500,0.009,0.470,0.520
678000,0.009,0.446,0.545
678500,0.015,0.417,0.568
679000,0.022,0.402,0.576
679500,0.030,0.396,0.575
680000,0.022,0.402,0.576
680500,0.020,0.349,0.630
681000,0.023,0.362,0.615
681500,0.019,0.395,0.586
682000,0.030,0.396,0.574
682500,0.015,0.420,0.565
683000,0.019,0.470,0.512
683500,0.015,0.471,0.515
684000,0.019,0.451,0.530
684500,0.021,0.414,0.565
685000,0.013,0.458,0.529
685500,0.012,0.470,0.519
686000,0.010,0.457,0.533
686500,0.018,0.446,0.536
687000,0.014,0.420,0.566
687500,0.009,0.476,0.515
688000,0.007,0.543,0.450
688500,0.008,0.595,0.397
689000,0.016,0.563,0.421
689500,0.010,0.569,0.421
690000,0.009,0.519,0.472
690500,0.008,0.532,0.460
691000,0.015,0.456,0.529
691500,0.012,0.474,0.514
692000,0.016,0.462,0.522
692500,0.016,0.446,0.538
693000,0.013,0.448,0.539
693500,0.006,0.516,0.478
694000,0.003,0.562,0.435
694500,0.004,0.533,0.463
695000,0.005,0.534,0.462
695500,0.010,0.475,0.515
696000,0.017,0.449,0.534
696500,0.010,0.506,0.484
697000,0.008,0.547,0.445
697500,0.006,0.547,0.446
698000,0.013,0.473,0.515
698500,0.010,0.477,0.513
699000,0.008,0.530,0.463
699500,0.007,0.534,0.459
700000,0.005,0.559,0.436
700500,0.003,0.577,0.420
701000,0.008,0.585,0.407
701500,0.007,0.543,0.450
702000,0.005,0.528,0.467
702500,0.009,0.538,0.453
703000,0.008,0.522,0.470
703500,0.014,0.514,0.472
704000,0.008,0.517,0.476
704500,0.004,0.541,0.455
705000,0.003,0.549,0.448
705500,0.007,0.563,0.430
706000,0.011,0.595,0.394
706500,0.012,0.584,0.405
707000,0.012,0.534,0.454
707500,0.017,0.473,0.509
708000,0.023,0.462,0.515
708500,0.017,0.456,0.527
709000,0.024,0.476,0.501
709500,0.020,0.480,0.500
710000,0.013,0.492,0.495
710500,0.009,0.523,0.468
711000,0.008,0.551,0.441
711500,0.006,0.525,0.469
712000,0.006,0.558,0.436
712500,0.003,0.631,0.366
713000,0.004,0.604,0.392
713500,0.003,0.576,0.421
714000,0.006,0.571,0.423
714500,0.002,0.516,0.482
715000,0.003,0.565,0.432
715500,0.006,0.536,0.458
716000,0.001,0.552,0.448
716500,0.002,0.536,0.462
717000,0.008,0.499,0.494
717500,0.005,0.497,0.499
718000,0.005,0.552,0.442
718500,0.005,0.575,0.420
719000,0.018,0.467,0.515
719500,0.010,0.478,0.512
720000,0.008,0.486,0.506
720500,0.005,0.510,0.485
721000,0.008,0.554,0.438
721500,0.011,0.501,0.488
722000,0.017,0.448,0.535
722500,0.009,0.436,0.555
723000,0.010,0.527,0.463
723500,0.008,0.458,0.534
724000,0.010,0.506,0.484
724500,0.010,0.455,0.535
725000,0.012,0.423,0.566
725500,0.012,0.414,0.574
726000,0.017,0.435,0.548
726500,0.020,0.367,0.613
727000,0.028,0.303,0.669
727500,0.044,0.312,0.644
728000,0.026,0.335,0.639
728500,0.036,0.320,0.644
729000,0.021,0.385,0.594
729500,0.037,0.374,0.588
730000,0.032,0.361,0.607
730500,0.020,0.404,0.576
731000,0.012,0.464,0.523
731500,0.012,0.474,0.514
732000,0.008,0.403,0.589
732500,0.007,0.431,0.562
733000,0.010,0.415,0.575
733500,0.009,0.488,0.503
734000,0.008,0.499,0.494
734500,0.015,0.476,0.509
735000,0.013,0.434,0.553
735500,0.010,0.471,0.519
736000,0.009,0.470,0.521
736500,0.008,0.422,0.570
737000,0.016,0.437,0.547
737500,0.025,0.405,0.570
738000,0.030,0.332,0.637
738500,0.043,0.308,0.649
739000,0.031,0.309,0.659
739500,0.030,0.304,0.666
740000,0.020,0.302,0.678
740500,0.026,0.298,0.676
741000,0.026,0.345,0.629
741500,0.028,0.271,0.701
742000,0.026,0.290,0.684
742500,0.035,0.263,0.702
743000,0.032,0.332,0.636
743500,0.036,0.357,0.607
744000,0.045,0.378,0.577
744500,0.036,0.346,0.618
745000,0.035,0.420,0.545
745500,0.026,0.381,0.593
746000,0.023,0.439,0.538
746500,0.019,0.470,0.511
747000,0.019,0.441,0.540
747500,0.015,0.478,0.508
748000,0.012,0.489,0.499
748500,0.012,0.445,0.542
749000,0.012,0.409,0.579
749500,0.019,0.405,0.576
750000,0.015,0.457,0.528
750500,0.014,0.483,0.503
751000,0.015,0.471,0.514
751500,0.014,0.508,0.478
752000,0.015,0.453,0.532
752500,0.012,0.517,0.471
753000,0.008,0.512,0.481
753500,0.010,0.451,0.538
754000,0.009,0.527,0.464
754500,0.009,0.479,0.512
755000,0.005,0.484,0.512
755500,0.011,0.460,0.529
756000,0.009,0.470,0.521
756500,0.019,0.469,0.512
757000,0.009,0.484,0.508
757500,0.008,0.516,0.476
758000,0.003,0.468,0.529
758500,0.006,0.536,0.458
759000,0.007,0.552,0.441
759500,0.010,0.510,0.480
760000,0.008,0.430,0.563
760500,0.009,0.408,0.583
761000,0.016,0.434,0.550
761500,0.031,0.373,0.596
762000,0.020,0.402,0.577
762500,0.015,0.436,0.549
763000,0.016,0.439,0.545
763500,0.013,0.416,0.572
764000,0.009,0.415,0.576
764500,0.019,0.453,0.528
765000,0.015,0.425,0.559
765500,0.007,0.376,0.617
766000,0.015,0.415,0.570
766500,0.021,0.328,0.651
767000,0.017,0.361,0.622
767500,0.019,0.363,0.618
768000,0.023,0.350,0.626
768500,0.011,0.409,0.580
769000,0.008,0.420,0.572
769500,0.013,0.375,0.611
770000,0.013,0.388,0.599
770500,0.017,0.372,0.611
771000,0.016,0.430,0.555
771500,0.014,0.447,0.539
772000,0.006,0.485,0.508
772500,0.008,0.461,0.531
773000,0.022,0.419,0.559
773500,0.019,0.452,0.529
774000,0.009,0.432,0.559
774500,0.009,0.483,0.508
775000,0.009,0.474,0.517
775500,0.010,0.469,0.521
776000,0.008,0.463,0.530
776500,0.006,0.483,0.512
777000,0.013,0.452,0.535
777500,0.016,0.425,0.559
778000,0.008,0.437,0.556
778500,0.010,0.439,0.550
779000,0.010,0.406,0.584
779500,0.023,0.399,0.578
780000,0.020,0.360,0.620
780500,0.019,0.356,0.625
781000,0.009,0.437,0.554
781500,0.008,0.442,0.550
782000,0.014,0.447,0.539
782500,0.005,0.489,0.506
783000,0.006,0.464,0.529
783500,0.009,0.451,0.540
784000,0.005,0.494,0.501
784500,0.005,0.546,0.449
785000,0.005,0.508,0.487
785500,0.005,0.527,0.468
786000,0.010,0.502,0.488
786500,0.008,0.470,0.522
787000,0.005,0.481,0.514
787500,0.008,0.429,0.563
788000,0.012,0.409,0.579
788500,0.015,0.409,0.577
789000,0.010,0.482,0.508
789500,0.010,0.481,0.509
790000,0.011,0.522,0.467
790500,0.008,0.508,0.484
791000,0.008,0.607,0.385
791500,0.010,0.644,0.346
792000,0.006,0.612,0.381
792500,0.004,0.614,0.382
793000,0.003,0.636,0.361
793500,0.003,0.590,0.407
794000,0.004,0.556,0.439
794500,0.007,0.484,0.509
795000,0.006,0.513,0.480
795500,0.005,0.498,0.497
796000,0.006,0.513,0.480
796500,0.010,0.483,0.507
797000,0.011,0.426,0.563
797500,0.009,0.483,0.508
798000,0.007,0.487,0.506
798500,0.018,0.476,0.506
799000,0.012,0.432,0.556
799500,0.016,0.427,0.556
800000,0.016,0.350,0.634
800500,0.020,0.334,0.646
801000,0.026,0.332,0.642
801500,0.021,0.358,0.621
802000,0.019,0.361,0.619
802500,0.026,0.363,0.611
803000,0.030,0.349,0.621
803500,0.027,0.339,0.634
