time,n_A+p,n_B,n_AB
500,0.080,0.436,0.484
1000,0.088,0.142,0.769
1500,0.173,0.024,0.802
2000,0.516,0.001,0.483
2500,0.605,0.000,0.395
3000,0.636,0.000,0.364
3500,0.655,0.000,0.345
4000,0.674,0.000,0.326
4500,0.652,0.000,0.348
5000,0.753,0.000,0.247
5500,0.771,0.000,0.229
6000,0.802,0.000,0.198
6500,0.849,0.000,0.151
7000,0.885,0.000,0.115
7500,0.892,0.000,0.108
8000,0.914,0.000,0.086
8500,0.925,0.000,0.075
9000,0.921,0.000,0.079
9500,0.855,0.000,0.145
10000,0.849,0.000,0.151
10500,0.821,0.000,0.179
11000,0.769,0.000,0.231
11500,0.738,0.000,0.262
12000,0.721,0.000,0.279
12500,0.749,0.000,0.251
13000,0.708,0.000,0.292
13500,0.727,0.000,0.273
14000,0.758,0.000,0.242
14500,0.766,0.000,0.234
15000,0.686,0.000,0.314
15500,0.796,0.000,0.204
16000,0.841,0.000,0.159
16500,0.882,0.000,0.118
17000,0.873,0.000,0.127
17500,0.838,0.000,0.162
18000,0.807,0.000,0.193
18500,0.818,0.000,0.182
19000,0.881,0.000,0.119
19500,0.925,0.000,0.075
20000,0.928,0.000,0.072
20500,0.917,0.000,0.083
21000,0.954,0.000,0.046
21500,0.969,0.000,0.031
22000,0.967,0.000,0.033
22500,0.938,0.000,0.062
23000,0.967,0.000,0.033
23500,0.993,0.000,0.007
24000,1.000,0.000,0.000
