time,n_A+p,n_B,n_AB
100,0.029,0.959,0.012
200,0.029,0.942,0.029
300,0.029,0.934,0.037
400,0.029,0.955,0.017
500,0.033,0.959,0.008
600,0.033,0.946,0.021
700,0.033,0.955,0.012
800,0.029,0.938,0.033
900,0.029,0.938,0.033
1000,0.029,0.942,0.029
1100,0.029,0.942,0.029
1200,0.029,0.909,0.062
1300,0.037,0.860,0.103
1400,0.058,0.843,0.099
1500,0.050,0.855,0.095
1600,0.037,0.864,0.099
1700,0.041,0.864,0.095
1800,0.037,0.905,0.058
1900,0.037,0.901,0.062
2000,0.029,0.880,0.091
2100,0.033,0.888,0.079
2200,0.033,0.901,0.066
2300,0.041,0.872,0.087
2400,0.033,0.893,0.074
2500,0.037,0.921,0.041
2600,0.033,0.897,0.070
2700,0.029,0.897,0.074
2800,0.037,0.880,0.083
2900,0.050,0.901,0.050
3000,0.058,0.921,0.021
3100,0.058,0.917,0.025
3200,0.050,0.897,0.054
3300,0.062,0.864,0.074
3400,0.058,0.851,0.091
3500,0.050,0.835,0.116
3600,0.058,0.818,0.124
3700,0.054,0.818,0.128
3800,0.062,0.789,0.149
3900,0.054,0.818,0.128
4000,0.066,0.785,0.149
4100,0.083,0.777,0.140
4200,0.116,0.764,0.120
4300,0.132,0.736,0.132
4400,0.140,0.727,0.132
4500,0.136,0.690,0.174
4600,0.079,0.736,0.186
4700,0.091,0.760,0.149
4800,0.116,0.752,0.132
4900,0.099,0.773,0.128
5000,0.116,0.785,0.099
5100,0.103,0.785,0.112
5200,0.103,0.764,0.132
5300,0.079,0.736,0.186
5400,0.099,0.731,0.169
5500,0.112,0.694,0.194
5600,0.095,0.715,0.190
5700,0.136,0.674,0.190
5800,0.194,0.636,0.169
5900,0.211,0.632,0.157
6000,0.190,0.603,0.207
6100,0.178,0.570,0.252
6200,0.178,0.632,0.190
6300,0.194,0.599,0.207
6400,0.165,0.632,0.202
6500,0.186,0.616,0.198
6600,0.207,0.566,0.227
6700,0.244,0.483,0.273
6800,0.285,0.467,0.248
6900,0.335,0.438,0.227
7000,0.376,0.372,0.252
7100,0.384,0.360,0.256
7200,0.413,0.314,0.273
7300,0.446,0.298,0.256
7400,0.463,0.326,0.211
7500,0.442,0.281,0.277
7600,0.488,0.264,0.248
7700,0.479,0.256,0.264
7800,0.541,0.207,0.252
7900,0.554,0.182,0.264
8000,0.607,0.174,0.219
8100,0.607,0.153,0.240
8200,0.624,0.145,0.231
8300,0.628,0.116,0.256
8400,0.632,0.153,0.215
8500,0.665,0.161,0.174
8600,0.678,0.124,0.198
8700,0.698,0.099,0.202
8800,0.744,0.062,0.194
8900,0.810,0.050,0.140
9000,0.781,0.050,0.169
9100,0.793,0.066,0.140
9200,0.810,0.079,0.112
9300,0.789,0.070,0.140
9400,0.843,0.058,0.099
9500,0.839,0.037,0.124
9600,0.868,0.025,0.107
9700,0.901,0.021,0.079
9800,0.913,0.012,0.074
9900,0.959,0.008,0.033
10000,0.963,0.008,0.029
10100,0.959,0.008,0.033
10200,0.955,0.008,0.037
10300,0.971,0.004,0.025
10400,0.979,0.000,0.021
10500,0.975,0.000,0.025
10600,0.979,0.000,0.021
10700,0.988,0.000,0.012
10800,0.992,0.000,0.008
10900,0.992,0.000,0.008
11000,0.992,0.000,0.008
11100,0.996,0.000,0.004
11200,1.000,0.000,0.000
