time,n_A+p,n_B,n_AB
500,0.467,0.001,0.532
1000,0.870,0.000,0.130
1500,0.733,0.000,0.267
2000,0.783,0.000,0.217
2500,0.603,0.000,0.397
3000,0.679,0.000,0.321
3500,0.923,0.000,0.077
4000,0.847,0.000,0.153
4500,0.940,0.000,0.060
5000,0.964,0.000,0.036
5500,0.749,0.000,0.251
6000,0.585,0.000,0.415
6500,0.692,0.000,0.308
7000,0.590,0.000,0.410
7500,0.543,0.000,0.457
8000,0.619,0.000,0.381
8500,0.691,0.000,0.309
9000,0.767,0.000,0.233
9500,0.697,0.000,0.303
10000,0.597,0.000,0.403
10500,0.803,0.000,0.197
11000,0.516,0.000,0.484
11500,0.750,0.000,0.250
12000,0.941,0.000,0.059
12500,1.000,0.000,0.000
