time,n_A+p,n_B,n_AB
0,0.449,0.551,0.000
500,0.361,0.460,0.180
1000,0.306,0.457,0.237
1500,0.299,0.473,0.228
2000,0.283,0.470,0.247
2500,0.286,0.439,0.275
3000,0.286,0.419,0.295
3500,0.279,0.444,0.277
4000,0.261,0.440,0.298
4500,0.274,0.432,0.294
5000,0.266,0.426,0.308
5500,0.249,0.438,0.313
6000,0.255,0.440,0.304
6500,0.251,0.430,0.319
7000,0.240,0.409,0.351
7500,0.234,0.426,0.340
8000,0.255,0.435,0.309
8500,0.270,0.397,0.333
9000,0.277,0.407,0.317
9500,0.270,0.404,0.326
10000,0.248,0.386,0.366
10500,0.246,0.398,0.355
11000,0.241,0.372,0.387
11500,0.279,0.367,0.354
12000,0.256,0.361,0.383
12500,0.261,0.331,0.408
13000,0.287,0.328,0.385
13500,0.264,0.328,0.409
14000,0.304,0.309,0.386
14500,0.316,0.300,0.384
15000,0.298,0.330,0.372
15500,0.289,0.318,0.393
16000,0.336,0.304,0.360
16500,0.295,0.297,0.408
17000,0.325,0.291,0.384
17500,0.301,0.303,0.395
18000,0.294,0.320,0.386
18500,0.292,0.311,0.397
19000,0.284,0.318,0.398
19500,0.298,0.316,0.386
20000,0.292,0.297,0.411
20500,0.285,0.302,0.413
21000,0.283,0.314,0.403
21500,0.293,0.313,0.394
22000,0.296,0.352,0.351
22500,0.289,0.307,0.403
23000,0.267,0.332,0.401
23500,0.306,0.314,0.380
24000,0.304,0.299,0.396
24500,0.322,0.294,0.384
25000,0.328,0.302,0.370
25500,0.315,0.296,0.389
26000,0.305,0.292,0.402
26500,0.312,0.277,0.412
27000,0.302,0.292,0.406
27500,0.316,0.298,0.386
28000,0.327,0.295,0.378
28500,0.300,0.284,0.416
29000,0.305,0.293,0.401
29500,0.292,0.295,0.413
30000,0.320,0.291,0.389
30500,0.305,0.298,0.396
31000,0.320,0.289,0.391
31500,0.343,0.271,0.386
32000,0.366,0.258,0.376
32500,0.355,0.260,0.384
33000,0.329,0.272,0.399
33500,0.335,0.264,0.401
34000,0.317,0.266,0.418
34500,0.328,0.256,0.416
35000,0.349,0.247,0.403
35500,0.342,0.248,0.410
36000,0.327,0.261,0.412
36500,0.331,0.239,0.430
37000,0.323,0.256,0.421
37500,0.336,0.255,0.409
38000,0.332,0.258,0.410
38500,0.321,0.243,0.436
39000,0.319,0.242,0.439
39500,0.343,0.234,0.423
40000,0.347,0.249,0.403
40500,0.360,0.236,0.404
41000,0.379,0.238,0.383
41500,0.338,0.244,0.418
42000,0.337,0.250,0.413
42500,0.356,0.221,0.423
43000,0.345,0.237,0.418
43500,0.348,0.225,0.427
44000,0.298,0.231,0.471
44500,0.319,0.248,0.433
45000,0.313,0.268,0.420
45500,0.335,0.236,0.429
46000,0.309,0.221,0.470
46500,0.330,0.227,0.443
47000,0.331,0.246,0.423
47500,0.313,0.238,0.449
48000,0.309,0.244,0.446
48500,0.352,0.227,0.421
49000,0.374,0.216,0.411
49500,0.389,0.217,0.394
50000,0.367,0.209,0.424
50500,0.372,0.227,0.401
51000,0.403,0.224,0.373
51500,0.396,0.205,0.398
52000,0.421,0.212,0.367
52500,0.408,0.212,0.380
53000,0.406,0.204,0.390
53500,0.421,0.195,0.384
54000,0.414,0.210,0.376
54500,0.400,0.209,0.390
55000,0.385,0.206,0.409
55500,0.375,0.203,0.422
56000,0.387,0.200,0.413
56500,0.408,0.194,0.398
57000,0.424,0.186,0.390
57500,0.431,0.184,0.385
58000,0.451,0.162,0.386
58500,0.447,0.175,0.378
59000,0.417,0.166,0.417
59500,0.407,0.179,0.415
60000,0.391,0.185,0.424
60500,0.443,0.188,0.369
61000,0.436,0.197,0.367
61500,0.427,0.187,0.386
62000,0.422,0.177,0.401
62500,0.412,0.173,0.416
63000,0.418,0.182,0.400
63500,0.409,0.179,0.413
64000,0.385,0.203,0.412
64500,0.363,0.197,0.440
65000,0.346,0.221,0.433
65500,0.337,0.219,0.444
66000,0.340,0.220,0.440
66500,0.347,0.240,0.413
67000,0.337,0.236,0.427
67500,0.334,0.235,0.431
68000,0.328,0.254,0.418
68500,0.328,0.251,0.421
69000,0.313,0.267,0.421
69500,0.296,0.256,0.447
70000,0.288,0.269,0.443
70500,0.307,0.269,0.424
71000,0.327,0.257,0.416
71500,0.304,0.241,0.455
72000,0.301,0.251,0.447
72500,0.314,0.248,0.438
73000,0.294,0.256,0.449
73500,0.308,0.267,0.425
74000,0.292,0.274,0.434
74500,0.302,0.277,0.421
75000,0.335,0.239,0.426
75500,0.339,0.231,0.430
76000,0.330,0.236,0.434
76500,0.334,0.235,0.431
77000,0.319,0.250,0.431
77500,0.324,0.248,0.428
78000,0.312,0.263,0.426
78500,0.285,0.272,0.443
79000,0.284,0.292,0.424
79500,0.317,0.283,0.400
80000,0.319,0.278,0.403
80500,0.305,0.272,0.423
81000,0.303,0.271,0.426
81500,0.316,0.267,0.418
82000,0.315,0.264,0.422
82500,0.298,0.257,0.444
83000,0.307,0.268,0.425
83500,0.321,0.266,0.414
84000,0.330,0.258,0.412
84500,0.322,0.257,0.421
85000,0.303,0.282,0.415
85500,0.296,0.302,0.401
86000,0.277,0.314,0.410
86500,0.259,0.301,0.439
87000,0.250,0.303,0.446
87500,0.251,0.286,0.463
88000,0.283,0.273,0.444
88500,0.319,0.239,0.442
89000,0.294,0.254,0.451
89500,0.284,0.267,0.449
90000,0.280,0.246,0.474
90500,0.304,0.242,0.454
91000,0.291,0.236,0.473
91500,0.283,0.227,0.490
92000,0.284,0.248,0.468
92500,0.281,0.273,0.446
93000,0.281,0.268,0.451
93500,0.285,0.263,0.453
94000,0.267,0.269,0.465
94500,0.261,0.263,0.476
95000,0.294,0.238,0.468
95500,0.309,0.222,0.469
96000,0.324,0.204,0.472
96500,0.303,0.239,0.458
97000,0.324,0.225,0.451
97500,0.302,0.231,0.467
98000,0.325,0.231,0.444
98500,0.315,0.236,0.449
99000,0.307,0.237,0.456
99500,0.292,0.244,0.464
100000,0.314,0.237,0.449
100500,0.300,0.244,0.456
101000,0.302,0.245,0.453
101500,0.315,0.256,0.429
102000,0.315,0.254,0.431
102500,0.296,0.259,0.444
103000,0.293,0.247,0.460
103500,0.311,0.240,0.449
104000,0.324,0.241,0.435
104500,0.346,0.218,0.436
105000,0.309,0.246,0.444
105500,0.326,0.239,0.435
106000,0.322,0.219,0.460
106500,0.328,0.225,0.447
107000,0.330,0.213,0.457
107500,0.349,0.222,0.429
108000,0.334,0.210,0.456
108500,0.331,0.223,0.446
109000,0.323,0.251,0.426
109500,0.317,0.247,0.436
110000,0.325,0.248,0.427
110500,0.305,0.223,0.472
111000,0.296,0.218,0.486
111500,0.309,0.222,0.469
112000,0.337,0.234,0.429
112500,0.353,0.220,0.427
113000,0.367,0.203,0.430
113500,0.366,0.216,0.419
114000,0.328,0.215,0.458
114500,0.346,0.218,0.436
115000,0.367,0.218,0.416
115500,0.373,0.208,0.419
116000,0.368,0.202,0.430
116500,0.360,0.208,0.432
117000,0.385,0.187,0.428
117500,0.389,0.195,0.416
118000,0.371,0.218,0.412
118500,0.370,0.201,0.429
119000,0.370,0.203,0.427
119500,0.377,0.199,0.424
120000,0.381,0.184,0.435
120500,0.419,0.176,0.406
121000,0.420,0.166,0.414
121500,0.420,0.180,0.400
122000,0.419,0.180,0.401
122500,0.389,0.202,0.409
123000,0.379,0.185,0.436
123500,0.398,0.197,0.404
124000,0.370,0.203,0.427
124500,0.360,0.196,0.444
125000,0.313,0.207,0.480
125500,0.334,0.218,0.448
126000,0.316,0.194,0.490
126500,0.342,0.207,0.450
127000,0.325,0.222,0.454
127500,0.337,0.215,0.448
128000,0.335,0.208,0.457
128500,0.345,0.213,0.441
129000,0.358,0.229,0.414
129500,0.341,0.215,0.444
130000,0.330,0.217,0.454
130500,0.313,0.226,0.462
131000,0.322,0.225,0.454
131500,0.298,0.229,0.473
132000,0.279,0.255,0.466
132500,0.293,0.249,0.458
133000,0.302,0.225,0.473
133500,0.298,0.265,0.437
134000,0.307,0.236,0.457
134500,0.317,0.230,0.454
135000,0.343,0.227,0.430
135500,0.373,0.205,0.422
136000,0.333,0.211,0.456
136500,0.299,0.226,0.475
137000,0.317,0.209,0.474
137500,0.341,0.231,0.428
138000,0.358,0.203,0.439
138500,0.346,0.216,0.438
139000,0.350,0.210,0.439
139500,0.332,0.210,0.458
140000,0.354,0.195,0.450
140500,0.320,0.205,0.475
141000,0.351,0.207,0.441
141500,0.328,0.216,0.457
142000,0.316,0.232,0.453
142500,0.324,0.221,0.456
143000,0.324,0.234,0.442
143500,0.314,0.236,0.450
144000,0.328,0.231,0.441
144500,0.339,0.227,0.434
145000,0.334,0.203,0.463
145500,0.350,0.194,0.456
146000,0.366,0.180,0.455
146500,0.365,0.195,0.440
147000,0.363,0.200,0.437
147500,0.350,0.174,0.476
148000,0.352,0.177,0.471
148500,0.411,0.178,0.412
149000,0.424,0.175,0.401
149500,0.413,0.184,0.403
150000,0.373,0.180,0.447
150500,0.395,0.175,0.430
151000,0.377,0.166,0.457
151500,0.402,0.172,0.426
152000,0.418,0.178,0.404
152500,0.404,0.165,0.430
153000,0.400,0.177,0.423
153500,0.380,0.178,0.442
154000,0.386,0.170,0.444
154500,0.396,0.168,0.436
155000,0.388,0.159,0.453
155500,0.387,0.150,0.463
156000,0.398,0.153,0.448
156500,0.401,0.151,0.447
157000,0.410,0.157,0.433
157500,0.391,0.177,0.432
158000,0.414,0.153,0.433
158500,0.445,0.138,0.417
159000,0.403,0.137,0.460
159500,0.425,0.136,0.439
160000,0.426,0.154,0.420
160500,0.423,0.145,0.432
161000,0.412,0.162,0.426
161500,0.428,0.145,0.427
162000,0.426,0.157,0.417
162500,0.429,0.140,0.431
163000,0.411,0.168,0.422
163500,0.412,0.179,0.410
164000,0.397,0.170,0.433
164500,0.388,0.175,0.437
165000,0.392,0.166,0.441
165500,0.407,0.161,0.432
166000,0.390,0.161,0.448
166500,0.420,0.150,0.430
167000,0.401,0.150,0.448
167500,0.393,0.139,0.468
168000,0.408,0.143,0.449
168500,0.431,0.151,0.418
169000,0.453,0.141,0.407
169500,0.463,0.134,0.403
170000,0.492,0.127,0.381
170500,0.503,0.121,0.377
171000,0.493,0.118,0.388
171500,0.482,0.122,0.396
172000,0.501,0.120,0.380
172500,0.502,0.118,0.380
173000,0.494,0.129,0.377
173500,0.494,0.122,0.384
174000,0.486,0.123,0.391
174500,0.491,0.121,0.388
175000,0.489,0.128,0.383
175500,0.513,0.125,0.363
176000,0.539,0.130,0.331
176500,0.533,0.123,0.344
177000,0.523,0.133,0.344
177500,0.511,0.124,0.366
178000,0.509,0.127,0.365
178500,0.504,0.117,0.379
179000,0.516,0.120,0.365
179500,0.522,0.120,0.359
180000,0.485,0.120,0.395
180500,0.487,0.114,0.398
181000,0.529,0.114,0.356
181500,0.532,0.122,0.346
182000,0.494,0.131,0.375
182500,0.499,0.117,0.383
183000,0.510,0.117,0.373
183500,0.510,0.121,0.370
184000,0.490,0.121,0.389
184500,0.496,0.122,0.382
185000,0.526,0.116,0.358
185500,0.498,0.114,0.387
186000,0.519,0.106,0.375
186500,0.476,0.114,0.410
187000,0.492,0.118,0.389
187500,0.499,0.116,0.384
188000,0.505,0.114,0.381
188500,0.543,0.116,0.340
189000,0.555,0.113,0.332
189500,0.567,0.105,0.328
190000,0.584,0.112,0.303
190500,0.545,0.101,0.353
191000,0.537,0.103,0.360
191500,0.549,0.095,0.356
192000,0.568,0.084,0.348
192500,0.557,0.089,0.354
193000,0.555,0.094,0.351
193500,0.542,0.101,0.356
194000,0.547,0.103,0.349
194500,0.534,0.106,0.360
195000,0.495,0.121,0.384
195500,0.498,0.116,0.385
196000,0.493,0.108,0.398
196500,0.493,0.125,0.382
197000,0.493,0.122,0.385
197500,0.506,0.125,0.370
198000,0.512,0.121,0.368
198500,0.532,0.118,0.349
199000,0.515,0.121,0.365
199500,0.524,0.108,0.368
200000,0.539,0.098,0.363
200500,0.555,0.093,0.352
201000,0.571,0.089,0.340
201500,0.583,0.098,0.319
202000,0.569,0.095,0.336
202500,0.554,0.086,0.361
203000,0.566,0.087,0.347
203500,0.579,0.086,0.335
204000,0.584,0.090,0.326
204500,0.576,0.098,0.326
205000,0.587,0.097,0.316
205500,0.564,0.090,0.346
206000,0.579,0.102,0.319
206500,0.591,0.092,0.317
207000,0.592,0.087,0.321
207500,0.589,0.091,0.320
208000,0.571,0.106,0.323
208500,0.549,0.114,0.337
209000,0.559,0.103,0.338
209500,0.557,0.102,0.341
210000,0.593,0.096,0.311
210500,0.608,0.093,0.299
211000,0.602,0.086,0.313
211500,0.607,0.086,0.307
212000,0.637,0.080,0.283
212500,0.626,0.084,0.290
213000,0.638,0.077,0.285
213500,0.659,0.081,0.260
214000,0.669,0.074,0.257
214500,0.653,0.078,0.270
215000,0.670,0.076,0.254
215500,0.675,0.077,0.248
216000,0.670,0.078,0.252
216500,0.657,0.076,0.268
217000,0.677,0.078,0.245
217500,0.665,0.074,0.261
218000,0.669,0.073,0.258
218500,0.667,0.075,0.258
219000,0.676,0.077,0.247
219500,0.663,0.077,0.260
220000,0.665,0.074,0.261
220500,0.644,0.082,0.275
221000,0.646,0.083,0.272
221500,0.651,0.100,0.249
222000,0.652,0.093,0.255
222500,0.645,0.090,0.266
223000,0.641,0.090,0.269
223500,0.601,0.097,0.302
224000,0.604,0.096,0.300
224500,0.574,0.102,0.324
225000,0.545,0.107,0.347
225500,0.545,0.113,0.341
226000,0.552,0.108,0.340
226500,0.566,0.098,0.336
227000,0.591,0.092,0.317
227500,0.601,0.089,0.311
228000,0.590,0.085,0.325
228500,0.589,0.092,0.319
229000,0.600,0.096,0.304
229500,0.606,0.090,0.304
230000,0.586,0.095,0.319
230500,0.576,0.112,0.312
231000,0.567,0.111,0.322
231500,0.546,0.107,0.346
232000,0.561,0.102,0.337
232500,0.565,0.108,0.327
233000,0.511,0.108,0.381
233500,0.504,0.109,0.387
234000,0.502,0.110,0.388
234500,0.498,0.111,0.390
235000,0.499,0.118,0.382
235500,0.493,0.118,0.388
236000,0.465,0.141,0.394
236500,0.465,0.135,0.400
237000,0.486,0.145,0.369
237500,0.473,0.122,0.406
238000,0.449,0.130,0.421
238500,0.455,0.129,0.417
239000,0.463,0.132,0.406
239500,0.469,0.139,0.392
240000,0.472,0.130,0.398
240500,0.470,0.136,0.394
241000,0.470,0.124,0.407
241500,0.495,0.122,0.383
242000,0.506,0.127,0.368
242500,0.511,0.121,0.369
243000,0.482,0.112,0.406
243500,0.463,0.114,0.423
244000,0.498,0.120,0.382
244500,0.504,0.121,0.376
245000,0.513,0.112,0.375
245500,0.506,0.114,0.380
246000,0.484,0.108,0.408
246500,0.472,0.117,0.411
247000,0.499,0.108,0.392
247500,0.503,0.105,0.392
248000,0.487,0.107,0.406
248500,0.486,0.107,0.407
249000,0.494,0.115,0.390
249500,0.499,0.116,0.384
250000,0.490,0.114,0.395
250500,0.493,0.105,0.401
251000,0.494,0.106,0.399
251500,0.478,0.124,0.398
252000,0.484,0.134,0.382
252500,0.461,0.115,0.424
253000,0.473,0.120,0.408
253500,0.484,0.116,0.399
254000,0.483,0.106,0.411
254500,0.455,0.128,0.418
255000,0.456,0.142,0.402
255500,0.459,0.137,0.404
256000,0.426,0.132,0.442
256500,0.431,0.139,0.430
257000,0.439,0.129,0.432
257500,0.463,0.125,0.413
258000,0.461,0.130,0.410
258500,0.472,0.118,0.410
259000,0.465,0.127,0.409
259500,0.480,0.128,0.392
260000,0.457,0.124,0.420
260500,0.470,0.117,0.413
261000,0.479,0.112,0.409
261500,0.483,0.118,0.398
262000,0.487,0.105,0.408
262500,0.472,0.129,0.399
263000,0.469,0.131,0.400
263500,0.494,0.114,0.391
264000,0.489,0.113,0.397
264500,0.509,0.092,0.399
265000,0.489,0.101,0.410
265500,0.501,0.087,0.413
266000,0.502,0.081,0.418
266500,0.533,0.081,0.386
267000,0.497,0.098,0.404
267500,0.508,0.105,0.387
268000,0.499,0.098,0.402
268500,0.530,0.081,0.389
269000,0.551,0.077,0.373
269500,0.533,0.085,0.382
270000,0.526,0.087,0.387
270500,0.568,0.068,0.364
271000,0.602,0.064,0.334
271500,0.577,0.064,0.359
272000,0.584,0.073,0.343
272500,0.600,0.074,0.327
273000,0.607,0.079,0.315
273500,0.608,0.066,0.326
274000,0.585,0.073,0.342
274500,0.585,0.070,0.344
275000,0.584,0.067,0.348
275500,0.592,0.068,0.339
276000,0.590,0.083,0.327
276500,0.598,0.079,0.324
277000,0.587,0.086,0.327
277500,0.588,0.080,0.332
278000,0.576,0.079,0.345
278500,0.608,0.068,0.324
279000,0.610,0.063,0.327
279500,0.589,0.078,0.333
280000,0.577,0.076,0.347
280500,0.587,0.086,0.327
281000,0.594,0.088,0.318
281500,0.581,0.082,0.337
282000,0.587,0.082,0.331
282500,0.569,0.079,0.352
283000,0.589,0.077,0.334
283500,0.602,0.074,0.325
284000,0.623,0.063,0.314
284500,0.623,0.063,0.314
285000,0.654,0.062,0.284
285500,0.680,0.055,0.265
286000,0.658,0.057,0.285
286500,0.647,0.058,0.295
287000,0.633,0.066,0.300
287500,0.649,0.059,0.292
288000,0.644,0.051,0.305
288500,0.649,0.058,0.293
289000,0.649,0.058,0.293
289500,0.642,0.060,0.297
290000,0.648,0.053,0.299
290500,0.672,0.050,0.278
291000,0.686,0.055,0.258
291500,0.682,0.052,0.266
292000,0.688,0.052,0.259
292500,0.668,0.059,0.273
293000,0.653,0.058,0.289
293500,0.673,0.064,0.263
294000,0.696,0.058,0.246
294500,0.672,0.060,0.268
295000,0.668,0.064,0.268
295500,0.660,0.067,0.273
296000,0.647,0.072,0.282
296500,0.639,0.064,0.296
297000,0.646,0.062,0.292
297500,0.658,0.061,0.281
298000,0.669,0.058,0.273
298500,0.655,0.057,0.288
299000,0.647,0.061,0.292
299500,0.658,0.067,0.275
300000,0.665,0.061,0.274
300500,0.680,0.063,0.256
301000,0.673,0.061,0.266
301500,0.700,0.057,0.243
302000,0.683,0.067,0.249
302500,0.695,0.060,0.245
303000,0.684,0.062,0.253
303500,0.716,0.054,0.230
304000,0.740,0.052,0.208
304500,0.718,0.051,0.231
305000,0.724,0.050,0.226
305500,0.721,0.054,0.225
306000,0.740,0.045,0.216
306500,0.735,0.049,0.216
307000,0.746,0.049,0.205
307500,0.740,0.044,0.217
308000,0.737,0.049,0.213
308500,0.731,0.051,0.218
309000,0.698,0.057,0.245
309500,0.696,0.063,0.241
310000,0.683,0.076,0.241
310500,0.685,0.062,0.252
311000,0.684,0.060,0.255
311500,0.691,0.061,0.248
312000,0.668,0.058,0.274
312500,0.683,0.057,0.259
313000,0.696,0.058,0.246
313500,0.711,0.051,0.238
314000,0.720,0.046,0.234
314500,0.731,0.044,0.225
315000,0.729,0.049,0.222
315500,0.723,0.046,0.231
316000,0.740,0.040,0.221
316500,0.730,0.035,0.235
317000,0.730,0.038,0.232
317500,0.735,0.036,0.229
318000,0.751,0.040,0.209
318500,0.753,0.035,0.212
319000,0.761,0.038,0.201
319500,0.754,0.041,0.205
320000,0.760,0.041,0.199
320500,0.764,0.039,0.197
321000,0.751,0.042,0.207
321500,0.752,0.041,0.207
322000,0.762,0.040,0.198
322500,0.778,0.034,0.188
323000,0.781,0.031,0.188
323500,0.795,0.036,0.170
324000,0.800,0.033,0.168
324500,0.798,0.032,0.171
325000,0.800,0.032,0.169
325500,0.794,0.030,0.177
326000,0.803,0.030,0.168
326500,0.799,0.030,0.172
327000,0.793,0.030,0.178
327500,0.808,0.032,0.160
328000,0.804,0.029,0.168
328500,0.818,0.029,0.153
329000,0.831,0.029,0.140
329500,0.837,0.029,0.135
330000,0.816,0.028,0.156
330500,0.824,0.027,0.149
331000,0.796,0.033,0.172
331500,0.761,0.039,0.200
332000,0.753,0.033,0.215
332500,0.755,0.036,0.209
333000,0.781,0.034,0.185
333500,0.787,0.031,0.183
334000,0.780,0.032,0.188
334500,0.763,0.036,0.201
335000,0.753,0.050,0.197
335500,0.756,0.042,0.202
336000,0.790,0.043,0.168
336500,0.783,0.039,0.178
337000,0.790,0.040,0.171
337500,0.792,0.032,0.177
338000,0.806,0.032,0.162
338500,0.802,0.036,0.162
339000,0.808,0.039,0.153
339500,0.812,0.037,0.151
340000,0.808,0.036,0.156
340500,0.813,0.030,0.157
341000,0.812,0.027,0.161
341500,0.794,0.027,0.180
342000,0.808,0.026,0.166
342500,0.813,0.027,0.160
343000,0.809,0.029,0.162
343500,0.813,0.031,0.156
344000,0.808,0.031,0.161
344500,0.805,0.032,0.163
345000,0.814,0.025,0.161
345500,0.804,0.028,0.169
346000,0.812,0.028,0.160
346500,0.795,0.033,0.173
347000,0.820,0.025,0.155
347500,0.810,0.027,0.163
348000,0.801,0.028,0.172
348500,0.790,0.023,0.187
349000,0.815,0.023,0.161
349500,0.826,0.022,0.151
350000,0.826,0.022,0.151
350500,0.819,0.032,0.149
351000,0.822,0.029,0.149
351500,0.804,0.038,0.158
352000,0.819,0.037,0.144
352500,0.828,0.032,0.140
353000,0.826,0.031,0.143
353500,0.836,0.028,0.137
354000,0.828,0.032,0.140
354500,0.810,0.036,0.154
355000,0.810,0.030,0.160
355500,0.819,0.032,0.149
356000,0.800,0.028,0.173
356500,0.807,0.036,0.157
357000,0.796,0.035,0.170
357500,0.816,0.036,0.148
358000,0.795,0.033,0.173
358500,0.806,0.038,0.156
359000,0.813,0.029,0.158
359500,0.831,0.028,0.141
360000,0.826,0.029,0.145
360500,0.834,0.026,0.141
361000,0.830,0.026,0.144
361500,0.820,0.026,0.154
362000,0.822,0.032,0.146
362500,0.821,0.032,0.147
363000,0.813,0.027,0.160
363500,0.804,0.025,0.172
364000,0.802,0.028,0.171
364500,0.795,0.034,0.172
365000,0.776,0.039,0.185
365500,0.747,0.046,0.207
366000,0.764,0.039,0.197
366500,0.754,0.038,0.208
367000,0.753,0.034,0.213
367500,0.747,0.043,0.210
368000,0.735,0.041,0.224
368500,0.706,0.042,0.252
369000,0.702,0.049,0.249
369500,0.713,0.038,0.249
370000,0.694,0.048,0.258
370500,0.704,0.041,0.255
371000,0.687,0.045,0.268
371500,0.717,0.054,0.229
372000,0.709,0.052,0.239
372500,0.707,0.050,0.243
373000,0.703,0.045,0.252
373500,0.696,0.051,0.253
374000,0.696,0.057,0.247
374500,0.700,0.052,0.248
375000,0.654,0.053,0.293
375500,0.653,0.062,0.285
376000,0.646,0.066,0.288
376500,0.638,0.074,0.288
377000,0.651,0.058,0.291
377500,0.661,0.057,0.282
378000,0.697,0.054,0.249
378500,0.703,0.053,0.244
379000,0.688,0.059,0.252
379500,0.680,0.065,0.254
380000,0.677,0.067,0.255
380500,0.675,0.057,0.268
381000,0.661,0.067,0.272
381500,0.650,0.061,0.289
382000,0.682,0.051,0.267
382500,0.642,0.051,0.306
383000,0.641,0.051,0.307
383500,0.660,0.053,0.287
384000,0.649,0.061,0.290
384500,0.666,0.055,0.279
385000,0.668,0.050,0.282
385500,0.675,0.048,0.277
386000,0.671,0.052,0.277
386500,0.648,0.054,0.298
387000,0.663,0.047,0.290
387500,0.613,0.057,0.330
388000,0.550,0.091,0.360
388500,0.559,0.086,0.355
389000,0.574,0.083,0.343
389500,0.567,0.087,0.346
390000,0.566,0.067,0.367
390500,0.559,0.087,0.354
391000,0.543,0.093,0.364
391500,0.577,0.087,0.336
392000,0.567,0.086,0.347
392500,0.550,0.077,0.374
393000,0.566,0.082,0.352
393500,0.588,0.084,0.328
394000,0.589,0.082,0.329
394500,0.604,0.073,0.324
395000,0.607,0.073,0.321
395500,0.617,0.075,0.308
396000,0.627,0.081,0.292
396500,0.625,0.073,0.302
397000,0.636,0.086,0.278
397500,0.627,0.067,0.305
398000,0.621,0.065,0.314
398500,0.616,0.058,0.326
399000,0.623,0.060,0.317
399500,0.620,0.061,0.319
400000,0.629,0.055,0.316
400500,0.633,0.064,0.302
401000,0.637,0.056,0.306
401500,0.649,0.060,0.291
402000,0.651,0.062,0.287
402500,0.651,0.067,0.282
403000,0.660,0.065,0.275
403500,0.645,0.069,0.286
404000,0.627,0.086,0.287
404500,0.627,0.078,0.295
405000,0.642,0.068,0.289
405500,0.639,0.068,0.292
406000,0.647,0.081,0.273
406500,0.676,0.066,0.257
407000,0.669,0.065,0.266
407500,0.680,0.047,0.273
408000,0.674,0.051,0.275
408500,0.631,0.062,0.306
409000,0.628,0.062,0.309
409500,0.618,0.066,0.316
410000,0.609,0.075,0.317
410500,0.604,0.077,0.320
411000,0.599,0.073,0.329
411500,0.596,0.076,0.329
412000,0.585,0.077,0.338
412500,0.573,0.077,0.350
413000,0.588,0.086,0.326
413500,0.585,0.072,0.343
414000,0.585,0.075,0.340
414500,0.572,0.072,0.356
415000,0.583,0.073,0.344
415500,0.555,0.067,0.378
416000,0.553,0.069,0.378
416500,0.540,0.080,0.380
417000,0.551,0.090,0.360
417500,0.545,0.121,0.334
418000,0.550,0.092,0.359
418500,0.582,0.087,0.331
419000,0.590,0.070,0.339
419500,0.622,0.058,0.320
420000,0.621,0.059,0.320
420500,0.649,0.061,0.290
421000,0.649,0.047,0.304
421500,0.673,0.044,0.283
422000,0.680,0.041,0.279
422500,0.699,0.044,0.257
423000,0.713,0.042,0.245
423500,0.713,0.044,0.243
424000,0.715,0.043,0.242
424500,0.724,0.044,0.232
425000,0.708,0.045,0.247
425500,0.726,0.041,0.233
426000,0.722,0.039,0.239
426500,0.733,0.046,0.221
427000,0.733,0.043,0.224
427500,0.716,0.042,0.242
428000,0.707,0.043,0.250
428500,0.680,0.048,0.272
429000,0.689,0.052,0.258
429500,0.695,0.052,0.253
430000,0.697,0.051,0.252
430500,0.694,0.052,0.254
431000,0.668,0.050,0.282
431500,0.664,0.065,0.271
432000,0.661,0.059,0.280
432500,0.658,0.060,0.282
433000,0.658,0.052,0.290
433500,0.647,0.048,0.305
434000,0.615,0.068,0.317
434500,0.624,0.055,0.321
435000,0.617,0.054,0.329
435500,0.604,0.048,0.348
436000,0.609,0.059,0.332
436500,0.611,0.046,0.343
437000,0.593,0.054,0.352
437500,0.556,0.050,0.394
438000,0.570,0.072,0.359
438500,0.599,0.059,0.342
439000,0.608,0.063,0.329
439500,0.638,0.062,0.299
440000,0.637,0.049,0.314
440500,0.670,0.046,0.284
441000,0.672,0.050,0.278
441500,0.683,0.049,0.268
442000,0.660,0.060,0.280
442500,0.662,0.063,0.275
443000,0.647,0.065,0.288
443500,0.613,0.074,0.314
444000,0.618,0.069,0.313
444500,0.628,0.055,0.317
445000,0.629,0.068,0.302
445500,0.630,0.068,0.301
446000,0.614,0.070,0.316
446500,0.619,0.072,0.309
447000,0.635,0.064,0.300
447500,0.619,0.069,0.312
448000,0.600,0.066,0.334
448500,0.613,0.070,0.317
449000,0.609,0.074,0.318
449500,0.602,0.070,0.328
450000,0.582,0.085,0.333
450500,0.559,0.079,0.363
451000,0.556,0.079,0.366
451500,0.562,0.077,0.362
452000,0.546,0.072,0.382
452500,0.564,0.082,0.354
453000,0.580,0.089,0.331
453500,0.586,0.100,0.314
454000,0.553,0.109,0.338
454500,0.563,0.097,0.340
455000,0.562,0.097,0.341
455500,0.535,0.093,0.372
456000,0.552,0.100,0.348
456500,0.575,0.090,0.335
457000,0.570,0.080,0.350
457500,0.536,0.088,0.376
458000,0.550,0.093,0.358
458500,0.532,0.104,0.364
459000,0.539,0.094,0.367
459500,0.552,0.083,0.366
460000,0.555,0.094,0.351
460500,0.555,0.094,0.351
461000,0.565,0.086,0.349
461500,0.588,0.101,0.311
462000,0.564,0.105,0.331
462500,0.568,0.084,0.348
463000,0.572,0.078,0.350
463500,0.588,0.087,0.325
464000,0.562,0.085,0.353
464500,0.558,0.085,0.358
465000,0.589,0.084,0.327
465500,0.592,0.082,0.326
466000,0.588,0.074,0.338
466500,0.623,0.060,0.317
467000,0.619,0.054,0.327
467500,0.631,0.059,0.309
468000,0.616,0.054,0.330
468500,0.592,0.064,0.343
469000,0.571,0.070,0.359
469500,0.592,0.065,0.342
470000,0.578,0.061,0.361
470500,0.563,0.069,0.368
471000,0.584,0.066,0.349
471500,0.584,0.068,0.347
472000,0.555,0.086,0.360
472500,0.549,0.082,0.370
473000,0.555,0.089,0.356
473500,0.526,0.080,0.394
474000,0.515,0.102,0.383
474500,0.503,0.095,0.402
475000,0.521,0.089,0.390
475500,0.532,0.085,0.383
476000,0.528,0.098,0.374
476500,0.549,0.094,0.358
477000,0.546,0.081,0.373
477500,0.569,0.070,0.361
478000,0.546,0.081,0.373
478500,0.564,0.090,0.346
479000,0.526,0.107,0.367
479500,0.515,0.095,0.390
480000,0.499,0.104,0.396
480500,0.516,0.099,0.385
481000,0.506,0.117,0.377
481500,0.523,0.100,0.377
482000,0.531,0.102,0.367
482500,0.543,0.088,0.369
483000,0.537,0.091,0.372
483500,0.551,0.087,0.363
484000,0.539,0.083,0.378
484500,0.559,0.089,0.352
485000,0.533,0.093,0.374
485500,0.514,0.095,0.391
486000,0.519,0.106,0.375
486500,0.496,0.104,0.399
487000,0.510,0.096,0.394
487500,0.514,0.101,0.385
488000,0.521,0.094,0.385
488500,0.511,0.093,0.396
489000,0.528,0.101,0.371
489500,0.520,0.116,0.364
490000,0.535,0.102,0.363
490500,0.510,0.098,0.392
491000,0.484,0.111,0.404
491500,0.445,0.129,0.426
492000,0.411,0.171,0.419
492500,0.395,0.174,0.431
493000,0.392,0.173,0.435
493500,0.394,0.151,0.455
494000,0.390,0.164,0.445
494500,0.401,0.146,0.453
495000,0.430,0.145,0.425
495500,0.427,0.135,0.438
496000,0.413,0.148,0.439
496500,0.444,0.137,0.419
497000,0.439,0.132,0.429
497500,0.454,0.124,0.423
498000,0.456,0.114,0.430
498500,0.459,0.117,0.424
499000,0.462,0.127,0.412
499500,0.466,0.127,0.408
500000,0.473,0.130,0.397
500500,0.481,0.123,0.396
501000,0.474,0.117,0.409
501500,0.473,0.128,0.399
502000,0.473,0.131,0.396
502500,0.498,0.126,0.376
503000,0.483,0.124,0.393
503500,0.489,0.131,0.380
504000,0.505,0.098,0.397
504500,0.533,0.090,0.377
505000,0.532,0.089,0.379
505500,0.515,0.094,0.391
506000,0.502,0.091,0.408
506500,0.517,0.101,0.382
507000,0.467,0.108,0.425
507500,0.511,0.122,0.368
508000,0.512,0.120,0.369
508500,0.481,0.125,0.394
509000,0.491,0.117,0.391
509500,0.483,0.124,0.393
510000,0.477,0.132,0.391
510500,0.458,0.128,0.415
511000,0.477,0.126,0.397
511500,0.484,0.122,0.394
512000,0.464,0.114,0.422
512500,0.455,0.121,0.425
513000,0.408,0.123,0.470
513500,0.415,0.155,0.430
514000,0.415,0.127,0.459
514500,0.413,0.139,0.448
515000,0.419,0.132,0.449
515500,0.414,0.147,0.439
516000,0.432,0.134,0.434
516500,0.469,0.121,0.411
517000,0.463,0.121,0.417
517500,0.475,0.132,0.393
518000,0.469,0.110,0.421
518500,0.484,0.109,0.407
519000,0.482,0.108,0.410
519500,0.485,0.101,0.414
520000,0.466,0.106,0.428
520500,0.474,0.120,0.407
521000,0.467,0.106,0.427
521500,0.494,0.105,0.400
522000,0.481,0.096,0.423
522500,0.483,0.105,0.412
523000,0.471,0.111,0.418
523500,0.490,0.099,0.411
524000,0.476,0.102,0.422
524500,0.468,0.114,0.418
525000,0.506,0.101,0.393
525500,0.511,0.110,0.379
526000,0.503,0.109,0.388
526500,0.524,0.099,0.377
527000,0.510,0.105,0.385
527500,0.552,0.108,0.340
528000,0.511,0.105,0.384
528500,0.505,0.094,0.401
529000,0.524,0.096,0.380
529500,0.535,0.089,0.376
530000,0.565,0.092,0.343
530500,0.579,0.082,0.339
531000,0.560,0.088,0.352
531500,0.561,0.076,0.364
532000,0.570,0.069,0.361
532500,0.582,0.074,0.344
533000,0.567,0.068,0.365
533500,0.564,0.072,0.365
534000,0.569,0.086,0.345
534500,0.555,0.081,0.365
535000,0.550,0.079,0.372
535500,0.569,0.084,0.347
536000,0.575,0.077,0.348
536500,0.573,0.079,0.348
537000,0.571,0.068,0.361
537500,0.565,0.065,0.370
538000,0.574,0.068,0.358
538500,0.578,0.080,0.342
539000,0.606,0.076,0.319
539500,0.607,0.076,0.318
540000,0.605,0.074,0.322
540500,0.592,0.067,0.340
541000,0.590,0.069,0.340
541500,0.580,0.066,0.353
542000,0.589,0.069,0.341
542500,0.588,0.074,0.338
543000,0.599,0.074,0.328
543500,0.580,0.083,0.337
544000,0.589,0.078,0.333
544500,0.562,0.070,0.368
545000,0.563,0.079,0.359
545500,0.557,0.064,0.379
546000,0.554,0.083,0.364
546500,0.532,0.086,0.382
547000,0.526,0.083,0.391
547500,0.524,0.076,0.400
548000,0.558,0.083,0.360
548500,0.585,0.080,0.335
549000,0.583,0.067,0.349
549500,0.562,0.059,0.379
550000,0.545,0.064,0.390
550500,0.566,0.067,0.367
551000,0.578,0.064,0.358
551500,0.579,0.058,0.363
552000,0.572,0.058,0.370
552500,0.577,0.068,0.354
553000,0.568,0.073,0.360
553500,0.586,0.068,0.345
554000,0.570,0.090,0.340
554500,0.535,0.081,0.384
555000,0.572,0.087,0.341
555500,0.568,0.079,0.353
556000,0.540,0.075,0.385
556500,0.543,0.076,0.381
557000,0.530,0.088,0.382
557500,0.544,0.088,0.368
558000,0.533,0.089,0.378
558500,0.537,0.088,0.375
559000,0.539,0.092,0.369
559500,0.544,0.086,0.370
560000,0.543,0.085,0.372
560500,0.515,0.094,0.391
561000,0.494,0.123,0.383
561500,0.482,0.121,0.397
562000,0.486,0.114,0.399
562500,0.476,0.107,0.417
563000,0.496,0.100,0.403
563500,0.488,0.095,0.417
564000,0.494,0.079,0.427
564500,0.514,0.088,0.398
565000,0.487,0.093,0.420
565500,0.504,0.102,0.394
566000,0.528,0.096,0.376
566500,0.514,0.084,0.402
567000,0.507,0.081,0.413
567500,0.528,0.073,0.399
568000,0.538,0.074,0.388
568500,0.519,0.088,0.393
569000,0.513,0.077,0.411
569500,0.498,0.081,0.421
570000,0.510,0.090,0.400
570500,0.492,0.098,0.410
571000,0.513,0.095,0.392
571500,0.501,0.092,0.408
572000,0.509,0.088,0.403
572500,0.506,0.085,0.410
573000,0.502,0.085,0.414
573500,0.526,0.102,0.372
574000,0.512,0.099,0.389
574500,0.520,0.088,0.392
575000,0.507,0.087,0.407
575500,0.524,0.090,0.386
576000,0.521,0.089,0.390
576500,0.551,0.093,0.356
577000,0.563,0.086,0.351
577500,0.538,0.085,0.377
578000,0.523,0.095,0.382
578500,0.524,0.085,0.391
579000,0.543,0.095,0.362
579500,0.508,0.095,0.397
580000,0.487,0.110,0.402
580500,0.501,0.103,0.396
581000,0.476,0.099,0.425
581500,0.474,0.105,0.421
582000,0.502,0.102,0.396
582500,0.491,0.109,0.399
583000,0.482,0.113,0.404
583500,0.503,0.109,0.388
584000,0.480,0.100,0.420
584500,0.453,0.099,0.448
585000,0.454,0.098,0.448
585500,0.469,0.099,0.432
586000,0.448,0.115,0.436
586500,0.442,0.122,0.436
587000,0.418,0.137,0.445
587500,0.407,0.153,0.440
588000,0.406,0.152,0.442
588500,0.402,0.133,0.465
589000,0.401,0.140,0.459
589500,0.389,0.160,0.450
590000,0.406,0.143,0.451
590500,0.421,0.140,0.439
591000,0.391,0.141,0.468
591500,0.394,0.151,0.455
592000,0.374,0.146,0.480
592500,0.371,0.155,0.474
593000,0.420,0.149,0.431
593500,0.417,0.136,0.447
594000,0.403,0.137,0.460
594500,0.396,0.144,0.460
595000,0.394,0.151,0.455
595500,0.380,0.172,0.448
596000,0.401,0.179,0.420
596500,0.368,0.191,0.441
597000,0.387,0.191,0.422
597500,0.408,0.150,0.442
598000,0.434,0.135,0.431
598500,0.443,0.132,0.425
599000,0.449,0.113,0.437
599500,0.432,0.120,0.448
600000,0.417,0.129,0.455
600500,0.446,0.128,0.426
601000,0.437,0.137,0.426
601500,0.446,0.150,0.403
602000,0.453,0.139,0.409
602500,0.457,0.135,0.409
603000,0.436,0.155,0.409
603500,0.453,0.143,0.404
604000,0.447,0.143,0.410
604500,0.447,0.156,0.396
605000,0.453,0.159,0.388
605500,0.451,0.147,0.401
606000,0.440,0.142,0.418
606500,0.416,0.139,0.445
607000,0.423,0.141,0.436
607500,0.426,0.125,0.449
608000,0.425,0.127,0.448
608500,0.445,0.132,0.423
609000,0.434,0.130,0.436
609500,0.399,0.143,0.458
610000,0.419,0.138,0.443
610500,0.416,0.155,0.429
611000,0.389,0.166,0.444
611500,0.347,0.186,0.467
612000,0.353,0.182,0.465
612500,0.358,0.176,0.467
613000,0.342,0.170,0.488
613500,0.377,0.166,0.457
614000,0.397,0.160,0.442
614500,0.411,0.143,0.446
615000,0.437,0.134,0.429
615500,0.428,0.131,0.441
616000,0.404,0.137,0.459
616500,0.392,0.148,0.460
617000,0.394,0.137,0.469
617500,0.408,0.135,0.458
618000,0.423,0.132,0.445
618500,0.419,0.127,0.455
619000,0.437,0.136,0.427
619500,0.429,0.129,0.442
620000,0.389,0.138,0.473
620500,0.369,0.136,0.495
621000,0.386,0.135,0.479
621500,0.383,0.147,0.470
622000,0.411,0.127,0.463
622500,0.409,0.122,0.470
623000,0.411,0.126,0.464
623500,0.411,0.150,0.439
624000,0.411,0.151,0.438
624500,0.412,0.140,0.448
625000,0.408,0.154,0.438
625500,0.401,0.151,0.447
626000,0.396,0.141,0.463
626500,0.395,0.138,0.467
627000,0.417,0.123,0.461
627500,0.399,0.120,0.481
628000,0.421,0.127,0.453
628500,0.445,0.110,0.444
629000,0.406,0.121,0.474
629500,0.419,0.101,0.480
630000,0.413,0.115,0.472
630500,0.424,0.128,0.448
631000,0.398,0.143,0.459
631500,0.402,0.137,0.461
632000,0.423,0.124,0.454
632500,0.415,0.144,0.441
633000,0.409,0.133,0.459
633500,0.411,0.145,0.444
634000,0.394,0.132,0.474
634500,0.392,0.134,0.474
635000,0.403,0.133,0.464
635500,0.416,0.129,0.456
636000,0.433,0.126,0.441
636500,0.417,0.113,0.470
637000,0.415,0.121,0.465
637500,0.388,0.117,0.494
638000,0.386,0.139,0.475
638500,0.393,0.160,0.446
639000,0.388,0.153,0.459
639500,0.355,0.173,0.472
640000,0.363,0.159,0.478
640500,0.361,0.160,0.479
641000,0.367,0.176,0.458
641500,0.350,0.189,0.461
642000,0.354,0.179,0.467
642500,0.346,0.168,0.486
643000,0.331,0.176,0.493
643500,0.318,0.173,0.510
644000,0.318,0.161,0.521
644500,0.317,0.199,0.484
645000,0.342,0.201,0.457
645500,0.344,0.198,0.458
646000,0.340,0.198,0.462
646500,0.347,0.171,0.482
647000,0.360,0.168,0.473
647500,0.341,0.160,0.498
648000,0.340,0.148,0.512
648500,0.352,0.158,0.489
649000,0.362,0.158,0.480
649500,0.370,0.154,0.476
650000,0.369,0.145,0.486
650500,0.389,0.139,0.472
651000,0.385,0.129,0.486
651500,0.423,0.117,0.460
652000,0.419,0.117,0.464
652500,0.412,0.126,0.463
653000,0.393,0.127,0.480
653500,0.409,0.141,0.450
654000,0.399,0.139,0.462
654500,0.420,0.152,0.428
655000,0.432,0.134,0.434
655500,0.429,0.116,0.455
656000,0.440,0.105,0.455
656500,0.464,0.112,0.424
657000,0.479,0.108,0.413
657500,0.501,0.106,0.393
658000,0.459,0.117,0.424
658500,0.468,0.118,0.414
659000,0.467,0.123,0.411
659500,0.433,0.130,0.437
660000,0.439,0.126,0.435
660500,0.453,0.115,0.432
661000,0.445,0.130,0.425
661500,0.434,0.125,0.441
662000,0.468,0.106,0.426
662500,0.454,0.099,0.447
663000,0.435,0.111,0.454
663500,0.437,0.110,0.453
664000,0.446,0.114,0.439
664500,0.465,0.108,0.427
665000,0.446,0.111,0.442
665500,0.475,0.115,0.410
666000,0.481,0.110,0.409
666500,0.499,0.101,0.399
667000,0.493,0.110,0.396
667500,0.485,0.115,0.399
668000,0.469,0.135,0.396
668500,0.461,0.151,0.388
669000,0.463,0.142,0.395
669500,0.444,0.152,0.403
670000,0.418,0.163,0.419
670500,0.399,0.160,0.440
671000,0.417,0.159,0.424
671500,0.410,0.166,0.424
672000,0.427,0.148,0.425
672500,0.434,0.145,0.421
673000,0.409,0.146,0.445
673500,0.407,0.156,0.437
674000,0.424,0.126,0.450
674500,0.431,0.141,0.428
675000,0.448,0.122,0.430
675500,0.438,0.126,0.436
676000,0.437,0.135,0.428
676500,0.438,0.120,0.442
677000,0.468,0.111,0.421
677500,0.467,0.108,0.425
678000,0.426,0.110,0.464
678500,0.438,0.127,0.435
679000,0.428,0.106,0.466
679500,0.434,0.109,0.457
680000,0.418,0.118,0.464
680500,0.417,0.138,0.445
681000,0.420,0.129,0.451
681500,0.403,0.149,0.447
682000,0.396,0.161,0.442
682500,0.394,0.151,0.455
683000,0.406,0.147,0.447
683500,0.403,0.151,0.445
684000,0.431,0.145,0.424
684500,0.419,0.153,0.428
685000,0.425,0.130,0.445
685500,0.430,0.137,0.433
686000,0.422,0.135,0.443
686500,0.434,0.122,0.444
687000,0.457,0.121,0.423
687500,0.453,0.123,0.425
688000,0.458,0.113,0.429
688500,0.429,0.105,0.466
689000,0.415,0.127,0.459
689500,0.426,0.135,0.439
690000,0.398,0.153,0.448
690500,0.394,0.151,0.455
691000,0.390,0.166,0.443
691500,0.375,0.165,0.460
692000,0.347,0.184,0.469
692500,0.372,0.145,0.483
693000,0.347,0.152,0.501
693500,0.350,0.154,0.495
694000,0.374,0.147,0.479
694500,0.371,0.150,0.479
695000,0.368,0.156,0.476
695500,0.365,0.156,0.479
696000,0.361,0.169,0.471
696500,0.362,0.169,0.470
697000,0.372,0.149,0.479
697500,0.397,0.138,0.465
698000,0.399,0.137,0.464
698500,0.388,0.147,0.465
699000,0.380,0.151,0.469
699500,0.377,0.160,0.463
700000,0.384,0.158,0.458
700500,0.410,0.156,0.434
701000,0.401,0.162,0.436
701500,0.417,0.159,0.424
702000,0.422,0.154,0.424
702500,0.413,0.146,0.441
703000,0.403,0.140,0.457
703500,0.403,0.135,0.462
704000,0.404,0.147,0.448
704500,0.388,0.150,0.462
705000,0.388,0.161,0.450
705500,0.393,0.158,0.448
706000,0.415,0.149,0.436
706500,0.414,0.143,0.443
707000,0.403,0.140,0.457
707500,0.435,0.130,0.435
708000,0.450,0.125,0.425
708500,0.465,0.132,0.403
709000,0.436,0.124,0.440
709500,0.445,0.123,0.432
710000,0.439,0.114,0.446
710500,0.450,0.122,0.428
711000,0.416,0.121,0.464
711500,0.424,0.122,0.455
712000,0.435,0.135,0.430
712500,0.429,0.130,0.441
713000,0.417,0.131,0.453
713500,0.406,0.131,0.464
714000,0.415,0.145,0.440
714500,0.423,0.129,0.448
715000,0.434,0.132,0.434
715500,0.409,0.149,0.442
716000,0.393,0.160,0.446
716500,0.407,0.145,0.448
717000,0.391,0.158,0.450
717500,0.411,0.153,0.436
718000,0.383,0.151,0.466
718500,0.397,0.155,0.447
719000,0.380,0.158,0.462
719500,0.378,0.180,0.442
720000,0.383,0.179,0.438
720500,0.388,0.150,0.462
721000,0.407,0.150,0.443
721500,0.407,0.146,0.447
722000,0.419,0.145,0.436
722500,0.394,0.149,0.457
723000,0.381,0.138,0.481
723500,0.365,0.177,0.459
724000,0.334,0.168,0.498
724500,0.362,0.172,0.467
725000,0.351,0.160,0.488
725500,0.367,0.157,0.476
726000,0.374,0.155,0.471
726500,0.359,0.154,0.487
727000,0.370,0.152,0.478
727500,0.383,0.151,0.466
728000,0.385,0.171,0.444
728500,0.382,0.176,0.442
729000,0.380,0.180,0.440
729500,0.388,0.166,0.445
730000,0.400,0.145,0.455
730500,0.381,0.156,0.463
731000,0.380,0.172,0.448
731500,0.384,0.176,0.440
732000,0.371,0.178,0.451
732500,0.378,0.191,0.431
733000,0.342,0.201,0.457
733500,0.338,0.193,0.469
734000,0.344,0.185,0.471
734500,0.363,0.184,0.454
735000,0.351,0.201,0.447
735500,0.331,0.210,0.459
736000,0.306,0.194,0.499
736500,0.321,0.219,0.461
737000,0.319,0.200,0.481
737500,0.331,0.205,0.464
738000,0.337,0.192,0.471
738500,0.333,0.206,0.461
739000,0.327,0.198,0.475
739500,0.339,0.198,0.463
740000,0.340,0.184,0.476
740500,0.325,0.205,0.470
741000,0.329,0.207,0.464
741500,0.327,0.187,0.486
742000,0.315,0.212,0.473
742500,0.301,0.211,0.487
743000,0.314,0.202,0.484
743500,0.330,0.192,0.478
744000,0.342,0.200,0.458
744500,0.366,0.181,0.454
745000,0.363,0.178,0.460
745500,0.352,0.181,0.467
746000,0.359,0.181,0.461
746500,0.359,0.188,0.454
747000,0.356,0.177,0.467
747500,0.337,0.168,0.495
748000,0.367,0.154,0.479
748500,0.362,0.166,0.472
749000,0.352,0.176,0.472
749500,0.391,0.168,0.441
750000,0.387,0.165,0.447
750500,0.416,0.166,0.418
751000,0.386,0.163,0.450
751500,0.374,0.185,0.441
752000,0.359,0.192,0.449
752500,0.374,0.191,0.435
753000,0.341,0.213,0.445
753500,0.329,0.200,0.471
754000,0.322,0.219,0.460
754500,0.324,0.190,0.486
755000,0.334,0.193,0.473
755500,0.347,0.194,0.459
756000,0.338,0.205,0.457
756500,0.332,0.203,0.465
757000,0.320,0.213,0.467
757500,0.317,0.229,0.455
758000,0.314,0.232,0.455
758500,0.299,0.232,0.469
759000,0.319,0.232,0.449
759500,0.312,0.227,0.462
760000,0.311,0.210,0.479
760500,0.325,0.200,0.475
761000,0.344,0.210,0.445
761500,0.312,0.211,0.477
762000,0.311,0.223,0.467
762500,0.303,0.208,0.488
763000,0.313,0.221,0.467
763500,0.317,0.239,0.444
764000,0.271,0.280,0.449
764500,0.290,0.257,0.453
765000,0.311,0.243,0.446
765500,0.300,0.255,0.444
766000,0.296,0.222,0.482
766500,0.308,0.211,0.480
767000,0.285,0.218,0.497
767500,0.289,0.221,0.490
768000,0.294,0.223,0.483
768500,0.316,0.206,0.478
769000,0.302,0.210,0.487
769500,0.311,0.215,0.475
770000,0.318,0.204,0.478
770500,0.318,0.191,0.491
771000,0.328,0.189,0.483
771500,0.340,0.198,0.462
772000,0.325,0.188,0.487
772500,0.318,0.213,0.469
773000,0.319,0.192,0.489
773500,0.362,0.164,0.474
774000,0.374,0.149,0.477
774500,0.382,0.132,0.486
775000,0.376,0.152,0.472
775500,0.360,0.169,0.472
776000,0.346,0.179,0.475
776500,0.350,0.181,0.469
777000,0.348,0.198,0.454
777500,0.344,0.206,0.449
778000,0.326,0.193,0.481
778500,0.334,0.213,0.453
779000,0.331,0.187,0.482
779500,0.330,0.172,0.498
780000,0.321,0.176,0.504
780500,0.341,0.174,0.485
781000,0.309,0.202,0.488
781500,0.295,0.209,0.495
782000,0.286,0.226,0.488
782500,0.295,0.205,0.499
783000,0.299,0.187,0.514
783500,0.316,0.197,0.487
784000,0.334,0.197,0.469
784500,0.341,0.208,0.450
785000,0.344,0.187,0.469
785500,0.348,0.186,0.466
786000,0.339,0.177,0.484
786500,0.340,0.181,0.479
787000,0.342,0.191,0.467
787500,0.344,0.191,0.465
788000,0.327,0.197,0.476
788500,0.320,0.193,0.487
789000,0.322,0.192,0.486
789500,0.333,0.204,0.463
790000,0.349,0.193,0.458
790500,0.351,0.178,0.471
791000,0.363,0.171,0.467
791500,0.409,0.151,0.440
792000,0.409,0.146,0.445
792500,0.399,0.165,0.435
793000,0.401,0.148,0.450
793500,0.414,0.152,0.434
794000,0.393,0.165,0.441
794500,0.388,0.164,0.447
795000,0.378,0.182,0.440
795500,0.374,0.179,0.447
796000,0.380,0.162,0.458
796500,0.395,0.171,0.434
797000,0.383,0.181,0.436
797500,0.404,0.165,0.430
798000,0.395,0.182,0.423
798500,0.388,0.186,0.426
799000,0.378,0.192,0.430
799500,0.398,0.169,0.433
800000,0.374,0.194,0.432
800500,0.377,0.171,0.453
801000,0.369,0.179,0.453
801500,0.356,0.190,0.454
802000,0.321,0.198,0.481
802500,0.329,0.197,0.474
803000,0.341,0.190,0.469
803500,0.320,0.191,0.489
