time,n_A+p,n_B,n_AB
500,0.050,0.403,0.547
1000,0.050,0.344,0.606
1500,0.053,0.215,0.732
2000,0.051,0.199,0.750
2500,0.055,0.199,0.746
3000,0.060,0.229,0.711
3500,0.050,0.270,0.680
4000,0.050,0.283,0.667
4500,0.050,0.347,0.603
5000,0.050,0.292,0.658
5500,0.091,0.128,0.781
6000,0.440,0.011,0.549
6500,0.785,0.000,0.215
7000,0.910,0.000,0.090
7500,0.975,0.000,0.025
8000,0.978,0.000,0.022
8500,0.999,0.000,0.001
9000,1.000,0.000,0.000
