time,n_A+p,n_B,n_AB
500,0.050,0.857,0.093
1000,0.050,0.801,0.149
1500,0.050,0.736,0.214
2000,0.050,0.648,0.302
2500,0.054,0.598,0.348
3000,0.060,0.595,0.345
3500,0.056,0.573,0.371
4000,0.062,0.482,0.456
4500,0.084,0.435,0.481
5000,0.088,0.385,0.527
5500,0.093,0.357,0.550
6000,0.117,0.318,0.565
6500,0.120,0.293,0.587
7000,0.132,0.248,0.620
7500,0.158,0.248,0.594
8000,0.171,0.205,0.624
8500,0.173,0.191,0.636
9000,0.208,0.155,0.637
9500,0.234,0.173,0.593
10000,0.231,0.155,0.614
10500,0.230,0.141,0.629
11000,0.265,0.112,0.623
11500,0.291,0.104,0.605
12000,0.332,0.082,0.586
12500,0.381,0.047,0.572
13000,0.441,0.045,0.514
13500,0.424,0.025,0.551
14000,0.457,0.035,0.508
14500,0.516,0.023,0.461
15000,0.540,0.019,0.441
15500,0.587,0.010,0.403
16000,0.560,0.010,0.430
16500,0.550,0.012,0.438
17000,0.564,0.007,0.429
17500,0.533,0.008,0.459
18000,0.542,0.008,0.450
18500,0.591,0.003,0.406
19000,0.615,0.005,0.380
19500,0.612,0.005,0.383
20000,0.667,0.003,0.330
20500,0.704,0.000,0.296
21000,0.734,0.004,0.262
21500,0.717,0.003,0.280
22000,0.714,0.000,0.286
22500,0.739,0.002,0.259
23000,0.756,0.001,0.243
23500,0.718,0.000,0.282
24000,0.689,0.008,0.303
24500,0.654,0.004,0.342
25000,0.644,0.005,0.351
25500,0.686,0.004,0.310
26000,0.694,0.001,0.305
26500,0.711,0.000,0.289
27000,0.700,0.003,0.297
27500,0.712,0.001,0.287
28000,0.734,0.001,0.265
28500,0.674,0.002,0.324
29000,0.750,0.000,0.250
29500,0.723,0.004,0.273
30000,0.705,0.009,0.286
30500,0.686,0.006,0.308
31000,0.687,0.000,0.313
31500,0.678,0.000,0.322
32000,0.657,0.000,0.343
32500,0.664,0.007,0.329
33000,0.641,0.007,0.352
33500,0.646,0.003,0.351
34000,0.648,0.008,0.344
34500,0.662,0.002,0.336
35000,0.678,0.004,0.318
35500,0.740,0.003,0.257
36000,0.720,0.002,0.278
36500,0.762,0.000,0.238
37000,0.766,0.000,0.234
37500,0.751,0.000,0.249
38000,0.754,0.000,0.246
38500,0.722,0.000,0.278
39000,0.745,0.000,0.255
39500,0.737,0.000,0.263
40000,0.783,0.000,0.217
40500,0.818,0.000,0.182
41000,0.803,0.004,0.193
41500,0.799,0.001,0.200
42000,0.807,0.000,0.193
42500,0.760,0.000,0.240
43000,0.759,0.000,0.241
43500,0.761,0.003,0.236
44000,0.745,0.001,0.254
44500,0.718,0.000,0.282
45000,0.724,0.000,0.276
45500,0.737,0.002,0.261
46000,0.699,0.001,0.300
46500,0.682,0.004,0.314
47000,0.685,0.000,0.315
47500,0.659,0.003,0.338
48000,0.657,0.005,0.338
48500,0.647,0.002,0.351
49000,0.664,0.001,0.335
49500,0.672,0.001,0.327
50000,0.652,0.007,0.341
50500,0.680,0.005,0.315
51000,0.687,0.003,0.310
51500,0.690,0.002,0.308
52000,0.705,0.001,0.294
52500,0.679,0.000,0.321
53000,0.641,0.000,0.359
53500,0.637,0.007,0.356
54000,0.679,0.014,0.307
54500,0.680,0.007,0.313
55000,0.652,0.005,0.343
55500,0.672,0.007,0.321
56000,0.679,0.006,0.315
56500,0.724,0.007,0.269
57000,0.722,0.003,0.275
57500,0.736,0.007,0.257
58000,0.782,0.004,0.214
58500,0.769,0.001,0.230
59000,0.732,0.000,0.268
59500,0.746,0.003,0.251
60000,0.790,0.001,0.209
60500,0.777,0.001,0.222
61000,0.772,0.001,0.227
61500,0.740,0.001,0.259
62000,0.718,0.000,0.282
62500,0.729,0.001,0.270
63000,0.750,0.001,0.249
63500,0.757,0.001,0.242
64000,0.776,0.000,0.224
64500,0.765,0.000,0.235
65000,0.746,0.000,0.254
65500,0.762,0.000,0.238
66000,0.739,0.001,0.260
66500,0.765,0.000,0.235
67000,0.779,0.000,0.221
67500,0.750,0.004,0.246
68000,0.753,0.001,0.246
68500,0.758,0.002,0.240
69000,0.731,0.003,0.266
69500,0.704,0.004,0.292
70000,0.702,0.002,0.296
70500,0.690,0.003,0.307
71000,0.703,0.003,0.294
71500,0.681,0.002,0.317
72000,0.672,0.003,0.325
72500,0.633,0.002,0.365
73000,0.640,0.006,0.354
73500,0.612,0.002,0.386
74000,0.612,0.002,0.386
74500,0.660,0.000,0.340
75000,0.673,0.003,0.324
75500,0.656,0.003,0.341
76000,0.648,0.002,0.350
76500,0.679,0.001,0.320
77000,0.668,0.000,0.332
77500,0.694,0.001,0.305
78000,0.701,0.000,0.299
78500,0.690,0.000,0.310
79000,0.666,0.002,0.332
79500,0.649,0.001,0.350
80000,0.662,0.001,0.337
80500,0.654,0.004,0.342
81000,0.669,0.005,0.326
81500,0.688,0.006,0.306
82000,0.690,0.002,0.308
82500,0.719,0.001,0.280
83000,0.703,0.002,0.295
83500,0.704,0.001,0.295
84000,0.698,0.002,0.300
84500,0.688,0.001,0.311
85000,0.680,0.001,0.319
85500,0.656,0.005,0.339
86000,0.697,0.002,0.301
86500,0.730,0.001,0.269
87000,0.679,0.003,0.318
87500,0.709,0.005,0.286
88000,0.704,0.005,0.291
88500,0.698,0.000,0.302
89000,0.693,0.000,0.307
89500,0.703,0.000,0.297
90000,0.667,0.000,0.333
90500,0.634,0.002,0.364
91000,0.578,0.005,0.417
91500,0.593,0.005,0.402
92000,0.613,0.010,0.377
92500,0.640,0.005,0.355
93000,0.670,0.001,0.329
93500,0.670,0.001,0.329
94000,0.658,0.004,0.338
94500,0.669,0.004,0.327
95000,0.673,0.005,0.322
95500,0.692,0.003,0.305
96000,0.638,0.000,0.362
96500,0.663,0.011,0.326
97000,0.692,0.004,0.304
97500,0.677,0.004,0.319
98000,0.693,0.005,0.302
98500,0.685,0.004,0.311
99000,0.683,0.005,0.312
99500,0.706,0.001,0.293
100000,0.685,0.001,0.314
100500,0.699,0.002,0.299
101000,0.767,0.005,0.228
101500,0.767,0.001,0.232
102000,0.777,0.001,0.222
102500,0.721,0.003,0.276
103000,0.749,0.004,0.247
103500,0.744,0.000,0.256
104000,0.718,0.004,0.278
104500,0.707,0.011,0.282
105000,0.684,0.002,0.314
105500,0.660,0.001,0.339
106000,0.660,0.011,0.329
106500,0.639,0.005,0.356
107000,0.645,0.006,0.349
107500,0.654,0.003,0.343
108000,0.644,0.004,0.352
108500,0.656,0.004,0.340
109000,0.713,0.001,0.286
109500,0.675,0.000,0.325
110000,0.695,0.002,0.303
110500,0.697,0.003,0.300
111000,0.702,0.001,0.297
111500,0.634,0.002,0.364
112000,0.607,0.013,0.380
112500,0.586,0.010,0.404
113000,0.597,0.012,0.391
113500,0.570,0.012,0.418
114000,0.594,0.007,0.399
114500,0.623,0.008,0.369
115000,0.634,0.009,0.357
115500,0.641,0.009,0.350
116000,0.643,0.002,0.355
116500,0.640,0.002,0.358
117000,0.682,0.004,0.314
117500,0.672,0.003,0.325
118000,0.670,0.006,0.324
118500,0.681,0.012,0.307
119000,0.669,0.002,0.329
119500,0.648,0.003,0.349
120000,0.655,0.000,0.345
120500,0.640,0.002,0.358
121000,0.639,0.001,0.360
121500,0.631,0.007,0.362
122000,0.601,0.000,0.399
122500,0.645,0.003,0.352
123000,0.633,0.002,0.365
123500,0.620,0.002,0.378
124000,0.663,0.001,0.336
124500,0.617,0.004,0.379
125000,0.654,0.002,0.344
125500,0.668,0.002,0.330
126000,0.686,0.004,0.310
126500,0.703,0.001,0.296
127000,0.703,0.005,0.292
127500,0.719,0.000,0.281
128000,0.750,0.004,0.246
128500,0.737,0.003,0.260
129000,0.731,0.003,0.266
129500,0.700,0.001,0.299
130000,0.694,0.008,0.298
130500,0.639,0.012,0.349
131000,0.600,0.005,0.395
131500,0.608,0.003,0.389
132000,0.641,0.000,0.359
132500,0.651,0.000,0.349
133000,0.676,0.004,0.320
133500,0.683,0.002,0.315
134000,0.710,0.002,0.288
134500,0.708,0.000,0.292
135000,0.698,0.000,0.302
135500,0.685,0.000,0.315
136000,0.699,0.002,0.299
136500,0.690,0.002,0.308
137000,0.690,0.004,0.306
137500,0.690,0.007,0.303
138000,0.715,0.003,0.282
138500,0.706,0.001,0.293
139000,0.717,0.000,0.283
139500,0.755,0.000,0.245
140000,0.721,0.001,0.278
140500,0.727,0.001,0.272
141000,0.746,0.001,0.253
141500,0.700,0.004,0.296
142000,0.699,0.005,0.296
142500,0.681,0.000,0.319
143000,0.662,0.000,0.338
143500,0.663,0.000,0.337
144000,0.662,0.006,0.332
144500,0.653,0.002,0.345
145000,0.675,0.004,0.321
145500,0.692,0.004,0.304
146000,0.653,0.006,0.341
146500,0.663,0.014,0.323
147000,0.638,0.004,0.358
147500,0.668,0.002,0.330
148000,0.636,0.006,0.358
148500,0.654,0.010,0.336
149000,0.635,0.007,0.358
149500,0.648,0.010,0.342
150000,0.645,0.006,0.349
150500,0.647,0.002,0.351
151000,0.625,0.002,0.373
151500,0.632,0.001,0.367
152000,0.612,0.004,0.384
152500,0.634,0.001,0.365
153000,0.645,0.004,0.351
153500,0.706,0.002,0.292
154000,0.723,0.007,0.270
154500,0.732,0.004,0.264
155000,0.739,0.001,0.260
155500,0.765,0.002,0.233
156000,0.767,0.001,0.232
156500,0.773,0.001,0.226
157000,0.802,0.001,0.197
157500,0.784,0.000,0.216
158000,0.833,0.000,0.167
158500,0.813,0.000,0.187
159000,0.798,0.000,0.202
159500,0.774,0.000,0.226
160000,0.803,0.000,0.197
160500,0.771,0.004,0.225
161000,0.778,0.001,0.221
161500,0.766,0.000,0.234
162000,0.810,0.000,0.190
162500,0.756,0.000,0.244
163000,0.757,0.000,0.243
163500,0.756,0.000,0.244
164000,0.758,0.000,0.242
164500,0.724,0.002,0.274
165000,0.721,0.003,0.276
165500,0.684,0.003,0.313
166000,0.659,0.001,0.340
166500,0.630,0.005,0.365
167000,0.632,0.002,0.366
167500,0.659,0.001,0.340
168000,0.695,0.001,0.304
168500,0.712,0.006,0.282
169000,0.738,0.002,0.260
169500,0.746,0.002,0.252
170000,0.762,0.000,0.238
170500,0.749,0.000,0.251
171000,0.732,0.000,0.268
171500,0.723,0.000,0.277
172000,0.758,0.000,0.242
172500,0.743,0.004,0.253
173000,0.719,0.005,0.276
173500,0.682,0.002,0.316
174000,0.689,0.008,0.303
174500,0.663,0.001,0.336
175000,0.741,0.000,0.259
175500,0.772,0.001,0.227
176000,0.800,0.001,0.199
176500,0.796,0.000,0.204
177000,0.745,0.000,0.255
177500,0.750,0.002,0.248
178000,0.755,0.001,0.244
178500,0.749,0.003,0.248
179000,0.743,0.001,0.256
179500,0.737,0.001,0.262
180000,0.738,0.000,0.262
180500,0.737,0.002,0.261
181000,0.724,0.000,0.276
181500,0.713,0.000,0.287
182000,0.702,0.000,0.298
182500,0.721,0.002,0.277
183000,0.686,0.001,0.313
183500,0.743,0.000,0.257
184000,0.745,0.000,0.255
184500,0.730,0.000,0.270
185000,0.745,0.000,0.255
185500,0.750,0.003,0.247
186000,0.714,0.002,0.284
186500,0.725,0.000,0.275
187000,0.727,0.003,0.270
187500,0.695,0.004,0.301
188000,0.723,0.001,0.276
188500,0.729,0.003,0.268
189000,0.686,0.002,0.312
189500,0.640,0.007,0.353
190000,0.658,0.002,0.340
190500,0.642,0.004,0.354
191000,0.624,0.005,0.371
191500,0.627,0.002,0.371
192000,0.641,0.001,0.358
192500,0.575,0.006,0.419
193000,0.606,0.016,0.378
193500,0.610,0.008,0.382
194000,0.661,0.008,0.331
194500,0.656,0.004,0.340
195000,0.646,0.012,0.342
195500,0.614,0.006,0.380
196000,0.612,0.006,0.382
196500,0.634,0.006,0.360
197000,0.647,0.002,0.351
197500,0.638,0.008,0.354
198000,0.621,0.002,0.377
198500,0.640,0.001,0.359
199000,0.646,0.005,0.349
199500,0.638,0.007,0.355
200000,0.662,0.000,0.338
200500,0.656,0.001,0.343
201000,0.669,0.001,0.330
201500,0.703,0.000,0.297
202000,0.733,0.003,0.264
202500,0.731,0.002,0.267
203000,0.765,0.002,0.233
203500,0.738,0.001,0.261
204000,0.701,0.000,0.299
204500,0.705,0.000,0.295
205000,0.723,0.003,0.274
205500,0.697,0.006,0.297
206000,0.700,0.003,0.297
206500,0.719,0.004,0.277
207000,0.695,0.001,0.304
207500,0.716,0.004,0.280
208000,0.719,0.001,0.280
208500,0.746,0.001,0.253
209000,0.756,0.002,0.242
209500,0.704,0.011,0.285
210000,0.716,0.000,0.284
210500,0.712,0.000,0.288
211000,0.677,0.000,0.323
211500,0.708,0.003,0.289
212000,0.734,0.001,0.265
212500,0.714,0.001,0.285
213000,0.669,0.001,0.330
213500,0.596,0.004,0.400
214000,0.591,0.007,0.402
214500,0.595,0.004,0.401
215000,0.646,0.010,0.344
215500,0.645,0.006,0.349
216000,0.627,0.000,0.373
216500,0.616,0.004,0.380
217000,0.642,0.001,0.357
217500,0.698,0.004,0.298
218000,0.687,0.005,0.308
218500,0.715,0.004,0.281
219000,0.737,0.002,0.261
219500,0.716,0.002,0.282
220000,0.741,0.000,0.259
220500,0.754,0.000,0.246
221000,0.732,0.001,0.267
221500,0.761,0.000,0.239
222000,0.711,0.000,0.289
222500,0.739,0.000,0.261
223000,0.744,0.000,0.256
223500,0.730,0.000,0.270
224000,0.721,0.000,0.279
224500,0.706,0.000,0.294
225000,0.735,0.000,0.265
225500,0.703,0.006,0.291
226000,0.670,0.003,0.327
226500,0.685,0.005,0.310
227000,0.706,0.001,0.293
227500,0.728,0.001,0.271
228000,0.703,0.004,0.293
228500,0.714,0.001,0.285
229000,0.725,0.007,0.268
229500,0.709,0.003,0.288
230000,0.715,0.001,0.284
230500,0.664,0.001,0.335
231000,0.683,0.004,0.313
231500,0.671,0.003,0.326
232000,0.653,0.000,0.347
232500,0.643,0.001,0.356
233000,0.643,0.001,0.356
233500,0.639,0.000,0.361
234000,0.665,0.000,0.335
234500,0.634,0.000,0.366
235000,0.670,0.000,0.330
235500,0.637,0.002,0.361
236000,0.632,0.007,0.361
236500,0.643,0.003,0.354
237000,0.660,0.000,0.340
237500,0.644,0.000,0.356
238000,0.661,0.005,0.334
238500,0.670,0.002,0.328
239000,0.635,0.005,0.360
239500,0.608,0.010,0.382
240000,0.606,0.004,0.390
240500,0.654,0.002,0.344
241000,0.639,0.005,0.356
241500,0.596,0.001,0.403
242000,0.619,0.008,0.373
242500,0.641,0.002,0.357
243000,0.603,0.006,0.391
243500,0.585,0.001,0.414
244000,0.618,0.004,0.378
244500,0.632,0.013,0.355
245000,0.621,0.006,0.373
245500,0.615,0.005,0.380
246000,0.597,0.002,0.401
246500,0.603,0.001,0.396
247000,0.601,0.000,0.399
247500,0.583,0.001,0.416
248000,0.579,0.000,0.421
248500,0.607,0.002,0.391
249000,0.622,0.010,0.368
249500,0.617,0.004,0.379
250000,0.653,0.000,0.347
250500,0.652,0.001,0.347
251000,0.647,0.006,0.347
251500,0.672,0.006,0.322
252000,0.647,0.009,0.344
252500,0.669,0.004,0.327
253000,0.678,0.003,0.319
253500,0.641,0.008,0.351
254000,0.645,0.004,0.351
254500,0.642,0.004,0.354
255000,0.654,0.007,0.339
255500,0.655,0.001,0.344
256000,0.640,0.003,0.357
256500,0.661,0.000,0.339
257000,0.701,0.005,0.294
257500,0.690,0.002,0.308
258000,0.698,0.001,0.301
258500,0.706,0.004,0.290
259000,0.725,0.001,0.274
259500,0.764,0.000,0.236
260000,0.744,0.006,0.250
260500,0.755,0.002,0.243
261000,0.774,0.000,0.226
261500,0.781,0.000,0.219
262000,0.815,0.000,0.185
262500,0.792,0.004,0.204
263000,0.836,0.000,0.164
263500,0.761,0.000,0.239
264000,0.756,0.004,0.240
264500,0.718,0.001,0.281
265000,0.677,0.002,0.321
265500,0.655,0.000,0.345
266000,0.676,0.000,0.324
266500,0.660,0.003,0.337
267000,0.672,0.003,0.325
267500,0.679,0.004,0.317
268000,0.686,0.002,0.312
268500,0.699,0.002,0.299
269000,0.714,0.005,0.281
269500,0.705,0.003,0.292
270000,0.678,0.001,0.321
270500,0.681,0.007,0.312
271000,0.690,0.001,0.309
271500,0.698,0.003,0.299
272000,0.703,0.003,0.294
272500,0.681,0.003,0.316
273000,0.700,0.005,0.295
273500,0.741,0.000,0.259
274000,0.730,0.000,0.270
274500,0.769,0.000,0.231
275000,0.770,0.000,0.230
275500,0.734,0.000,0.266
276000,0.728,0.000,0.272
276500,0.770,0.000,0.230
277000,0.717,0.006,0.277
277500,0.726,0.000,0.274
278000,0.737,0.003,0.260
278500,0.743,0.001,0.256
279000,0.709,0.004,0.287
279500,0.718,0.009,0.273
280000,0.706,0.006,0.288
280500,0.705,0.006,0.289
281000,0.716,0.002,0.282
281500,0.741,0.000,0.259
282000,0.702,0.000,0.298
282500,0.704,0.000,0.296
283000,0.706,0.000,0.294
283500,0.683,0.000,0.317
284000,0.685,0.001,0.314
284500,0.679,0.001,0.320
285000,0.684,0.005,0.311
285500,0.698,0.001,0.301
286000,0.705,0.000,0.295
286500,0.684,0.004,0.312
287000,0.643,0.006,0.351
287500,0.659,0.005,0.336
288000,0.694,0.006,0.300
288500,0.725,0.005,0.270
289000,0.705,0.002,0.293
289500,0.697,0.000,0.303
290000,0.684,0.004,0.312
290500,0.677,0.001,0.322
291000,0.714,0.001,0.285
291500,0.715,0.004,0.281
292000,0.687,0.000,0.313
292500,0.705,0.001,0.294
293000,0.705,0.001,0.294
293500,0.704,0.000,0.296
294000,0.705,0.012,0.283
294500,0.691,0.005,0.304
295000,0.664,0.010,0.326
295500,0.671,0.006,0.323
296000,0.672,0.005,0.323
296500,0.683,0.000,0.317
297000,0.670,0.000,0.330
297500,0.642,0.000,0.358
298000,0.635,0.008,0.357
298500,0.678,0.003,0.319
299000,0.671,0.003,0.326
299500,0.708,0.000,0.292
300000,0.713,0.000,0.287
300500,0.702,0.002,0.296
301000,0.699,0.001,0.300
301500,0.728,0.003,0.269
302000,0.728,0.002,0.270
302500,0.722,0.000,0.278
303000,0.710,0.000,0.290
303500,0.693,0.001,0.306
304000,0.678,0.000,0.322
304500,0.644,0.000,0.356
305000,0.675,0.001,0.324
305500,0.707,0.000,0.293
306000,0.675,0.008,0.317
306500,0.656,0.007,0.337
307000,0.661,0.010,0.329
307500,0.641,0.016,0.343
308000,0.692,0.008,0.300
308500,0.650,0.003,0.347
309000,0.640,0.002,0.358
309500,0.657,0.001,0.342
310000,0.677,0.000,0.323
310500,0.677,0.002,0.321
311000,0.695,0.000,0.305
311500,0.673,0.002,0.325
312000,0.660,0.001,0.339
312500,0.693,0.004,0.303
313000,0.692,0.000,0.308
313500,0.689,0.000,0.311
314000,0.678,0.004,0.318
314500,0.679,0.001,0.320
315000,0.692,0.004,0.304
315500,0.714,0.000,0.286
316000,0.660,0.001,0.339
316500,0.708,0.001,0.291
317000,0.714,0.000,0.286
317500,0.687,0.000,0.313
318000,0.701,0.006,0.293
318500,0.704,0.001,0.295
319000,0.715,0.000,0.285
319500,0.726,0.000,0.274
320000,0.765,0.001,0.234
320500,0.750,0.000,0.250
321000,0.701,0.004,0.295
321500,0.635,0.002,0.363
322000,0.635,0.006,0.359
322500,0.654,0.002,0.344
323000,0.651,0.003,0.346
323500,0.664,0.011,0.325
324000,0.662,0.009,0.329
324500,0.623,0.014,0.363
325000,0.644,0.004,0.352
325500,0.661,0.005,0.334
326000,0.632,0.005,0.363
326500,0.635,0.004,0.361
327000,0.665,0.005,0.330
327500,0.659,0.004,0.337
328000,0.613,0.008,0.379
328500,0.631,0.009,0.360
329000,0.650,0.003,0.347
329500,0.631,0.005,0.364
330000,0.624,0.008,0.368
330500,0.584,0.001,0.415
331000,0.608,0.006,0.386
331500,0.655,0.003,0.342
332000,0.672,0.004,0.324
332500,0.670,0.006,0.324
333000,0.638,0.003,0.359
333500,0.701,0.001,0.298
334000,0.690,0.000,0.310
334500,0.704,0.000,0.296
335000,0.702,0.000,0.298
335500,0.676,0.001,0.323
336000,0.712,0.001,0.287
336500,0.713,0.000,0.287
337000,0.713,0.002,0.285
337500,0.729,0.005,0.266
338000,0.690,0.002,0.308
338500,0.698,0.002,0.300
339000,0.713,0.002,0.285
339500,0.695,0.001,0.304
340000,0.676,0.002,0.322
340500,0.669,0.002,0.329
341000,0.625,0.001,0.374
341500,0.658,0.001,0.341
342000,0.674,0.001,0.325
342500,0.670,0.000,0.330
343000,0.651,0.001,0.348
343500,0.662,0.001,0.337
344000,0.669,0.004,0.327
344500,0.663,0.000,0.337
345000,0.659,0.001,0.340
345500,0.669,0.003,0.328
346000,0.682,0.004,0.314
346500,0.657,0.000,0.343
347000,0.732,0.003,0.265
347500,0.745,0.000,0.255
348000,0.772,0.000,0.228
348500,0.770,0.000,0.230
349000,0.775,0.000,0.225
349500,0.750,0.000,0.250
350000,0.782,0.000,0.218
350500,0.763,0.000,0.237
351000,0.728,0.000,0.272
351500,0.718,0.006,0.276
352000,0.634,0.006,0.360
352500,0.629,0.004,0.367
353000,0.586,0.010,0.404
353500,0.602,0.008,0.390
354000,0.689,0.003,0.308
354500,0.702,0.002,0.296
355000,0.728,0.000,0.272
355500,0.667,0.000,0.333
356000,0.675,0.005,0.320
356500,0.703,0.001,0.296
357000,0.720,0.000,0.280
357500,0.740,0.005,0.255
358000,0.727,0.003,0.270
358500,0.735,0.001,0.264
359000,0.722,0.002,0.276
359500,0.759,0.000,0.241
360000,0.752,0.000,0.248
360500,0.749,0.000,0.251
361000,0.744,0.000,0.256
361500,0.744,0.004,0.252
362000,0.742,0.001,0.257
362500,0.760,0.001,0.239
363000,0.754,0.001,0.245
363500,0.729,0.000,0.271
364000,0.725,0.000,0.275
364500,0.731,0.000,0.269
365000,0.747,0.000,0.253
365500,0.752,0.002,0.246
366000,0.765,0.006,0.229
366500,0.762,0.001,0.237
367000,0.751,0.000,0.249
367500,0.739,0.000,0.261
368000,0.718,0.002,0.280
368500,0.691,0.001,0.308
369000,0.734,0.001,0.265
369500,0.750,0.000,0.250
370000,0.743,0.003,0.254
370500,0.732,0.001,0.267
371000,0.740,0.001,0.259
371500,0.711,0.000,0.289
372000,0.735,0.000,0.265
372500,0.731,0.000,0.269
373000,0.717,0.000,0.283
373500,0.748,0.003,0.249
374000,0.761,0.001,0.238
374500,0.764,0.000,0.236
375000,0.747,0.000,0.253
375500,0.758,0.002,0.240
376000,0.744,0.000,0.256
376500,0.727,0.000,0.273
377000,0.714,0.001,0.285
377500,0.682,0.000,0.318
378000,0.720,0.000,0.280
378500,0.712,0.000,0.288
379000,0.725,0.000,0.275
379500,0.718,0.000,0.282
380000,0.753,0.000,0.247
380500,0.784,0.001,0.215
381000,0.766,0.000,0.234
381500,0.785,0.001,0.214
382000,0.780,0.000,0.220
382500,0.768,0.000,0.232
383000,0.744,0.000,0.256
383500,0.733,0.000,0.267
384000,0.723,0.004,0.273
384500,0.733,0.000,0.267
385000,0.715,0.004,0.281
385500,0.715,0.000,0.285
386000,0.732,0.000,0.268
386500,0.743,0.000,0.257
387000,0.721,0.002,0.277
387500,0.748,0.001,0.251
388000,0.690,0.000,0.310
388500,0.717,0.000,0.283
389000,0.697,0.001,0.302
389500,0.691,0.004,0.305
390000,0.667,0.002,0.331
390500,0.655,0.003,0.342
391000,0.635,0.008,0.357
391500,0.597,0.004,0.399
392000,0.630,0.007,0.363
392500,0.647,0.003,0.350
393000,0.664,0.003,0.333
393500,0.672,0.005,0.323
394000,0.665,0.009,0.326
394500,0.661,0.013,0.326
395000,0.626,0.009,0.365
395500,0.619,0.010,0.371
396000,0.593,0.003,0.404
396500,0.603,0.001,0.396
397000,0.577,0.004,0.419
397500,0.615,0.005,0.380
398000,0.635,0.003,0.362
398500,0.678,0.002,0.320
399000,0.710,0.000,0.290
399500,0.711,0.004,0.285
400000,0.683,0.000,0.317
400500,0.687,0.003,0.310
401000,0.709,0.006,0.285
401500,0.713,0.002,0.285
402000,0.729,0.001,0.270
402500,0.725,0.002,0.273
403000,0.701,0.002,0.297
403500,0.697,0.005,0.298
404000,0.718,0.002,0.280
404500,0.696,0.001,0.303
405000,0.679,0.002,0.319
405500,0.681,0.000,0.319
406000,0.719,0.000,0.281
406500,0.725,0.002,0.273
407000,0.764,0.000,0.236
407500,0.762,0.000,0.238
408000,0.778,0.000,0.222
408500,0.764,0.000,0.236
409000,0.739,0.000,0.261
409500,0.735,0.000,0.265
410000,0.716,0.000,0.284
410500,0.687,0.012,0.301
411000,0.686,0.003,0.311
411500,0.732,0.000,0.268
412000,0.708,0.000,0.292
412500,0.710,0.000,0.290
413000,0.657,0.000,0.343
413500,0.649,0.000,0.351
414000,0.659,0.000,0.341
414500,0.637,0.000,0.363
415000,0.632,0.007,0.361
415500,0.651,0.002,0.347
416000,0.625,0.013,0.362
416500,0.635,0.005,0.360
417000,0.670,0.004,0.326
417500,0.631,0.003,0.366
418000,0.656,0.002,0.342
418500,0.666,0.000,0.334
419000,0.663,0.002,0.335
419500,0.675,0.000,0.325
420000,0.677,0.005,0.318
420500,0.657,0.004,0.339
421000,0.638,0.008,0.354
421500,0.649,0.003,0.348
422000,0.678,0.001,0.321
422500,0.681,0.003,0.316
423000,0.665,0.007,0.328
423500,0.641,0.003,0.356
424000,0.651,0.008,0.341
424500,0.654,0.007,0.339
425000,0.640,0.001,0.359
425500,0.658,0.004,0.338
426000,0.594,0.009,0.397
426500,0.649,0.013,0.338
427000,0.660,0.012,0.328
427500,0.636,0.007,0.357
428000,0.676,0.012,0.312
428500,0.635,0.006,0.359
429000,0.653,0.003,0.344
429500,0.640,0.001,0.359
430000,0.637,0.001,0.362
430500,0.631,0.004,0.365
431000,0.607,0.009,0.384
431500,0.632,0.004,0.364
432000,0.684,0.002,0.314
432500,0.690,0.000,0.310
433000,0.677,0.000,0.323
433500,0.649,0.004,0.347
434000,0.632,0.001,0.367
434500,0.652,0.008,0.340
435000,0.676,0.004,0.320
435500,0.686,0.006,0.308
436000,0.680,0.006,0.314
436500,0.616,0.005,0.379
437000,0.577,0.010,0.413
437500,0.592,0.006,0.402
438000,0.583,0.018,0.399
438500,0.576,0.009,0.415
439000,0.568,0.005,0.427
439500,0.587,0.017,0.396
440000,0.606,0.008,0.386
440500,0.648,0.012,0.340
441000,0.643,0.005,0.352
441500,0.691,0.002,0.307
442000,0.670,0.003,0.327
442500,0.642,0.001,0.357
443000,0.683,0.003,0.314
443500,0.670,0.002,0.328
444000,0.660,0.001,0.339
444500,0.684,0.000,0.316
445000,0.643,0.000,0.357
445500,0.653,0.000,0.347
446000,0.626,0.009,0.365
446500,0.620,0.003,0.377
447000,0.641,0.001,0.358
447500,0.675,0.000,0.325
448000,0.684,0.007,0.309
448500,0.654,0.001,0.345
449000,0.687,0.003,0.310
449500,0.646,0.007,0.347
450000,0.630,0.007,0.363
450500,0.666,0.003,0.331
451000,0.667,0.001,0.332
451500,0.670,0.003,0.327
452000,0.639,0.010,0.351
452500,0.628,0.011,0.361
453000,0.629,0.014,0.357
453500,0.595,0.013,0.392
454000,0.642,0.003,0.355
454500,0.653,0.002,0.345
455000,0.635,0.005,0.360
455500,0.621,0.005,0.374
456000,0.616,0.009,0.375
456500,0.629,0.007,0.364
457000,0.609,0.009,0.382
457500,0.624,0.009,0.367
458000,0.650,0.015,0.335
458500,0.635,0.004,0.361
459000,0.639,0.002,0.359
459500,0.628,0.008,0.364
460000,0.598,0.008,0.394
460500,0.637,0.011,0.352
461000,0.577,0.005,0.418
461500,0.576,0.005,0.419
462000,0.626,0.010,0.364
462500,0.651,0.003,0.346
463000,0.668,0.004,0.328
463500,0.662,0.001,0.337
464000,0.623,0.005,0.372
464500,0.639,0.011,0.350
465000,0.639,0.005,0.356
465500,0.681,0.002,0.317
466000,0.682,0.004,0.314
466500,0.712,0.002,0.286
467000,0.679,0.002,0.319
467500,0.654,0.004,0.342
468000,0.667,0.010,0.323
468500,0.656,0.003,0.341
469000,0.655,0.003,0.342
469500,0.658,0.005,0.337
470000,0.685,0.005,0.310
470500,0.671,0.003,0.326
471000,0.669,0.008,0.323
471500,0.660,0.002,0.338
472000,0.655,0.005,0.340
472500,0.649,0.002,0.349
473000,0.610,0.002,0.388
473500,0.618,0.003,0.379
474000,0.644,0.007,0.349
474500,0.638,0.001,0.361
475000,0.640,0.000,0.360
475500,0.675,0.004,0.321
476000,0.649,0.005,0.346
476500,0.706,0.002,0.292
477000,0.674,0.003,0.323
477500,0.653,0.006,0.341
478000,0.656,0.009,0.335
478500,0.710,0.005,0.285
479000,0.726,0.003,0.271
479500,0.745,0.001,0.254
480000,0.727,0.000,0.273
480500,0.682,0.004,0.314
481000,0.639,0.002,0.359
481500,0.642,0.002,0.356
482000,0.604,0.007,0.389
482500,0.587,0.008,0.405
483000,0.602,0.003,0.395
483500,0.651,0.003,0.346
484000,0.612,0.005,0.383
484500,0.621,0.003,0.376
485000,0.660,0.008,0.332
485500,0.659,0.004,0.337
486000,0.629,0.011,0.360
486500,0.644,0.006,0.350
487000,0.679,0.003,0.318
487500,0.663,0.000,0.337
488000,0.686,0.000,0.314
488500,0.697,0.000,0.303
489000,0.696,0.001,0.303
489500,0.706,0.000,0.294
490000,0.649,0.005,0.346
490500,0.659,0.002,0.339
491000,0.666,0.010,0.324
491500,0.607,0.001,0.392
492000,0.603,0.003,0.394
492500,0.624,0.006,0.370
493000,0.659,0.002,0.339
493500,0.666,0.006,0.328
494000,0.642,0.004,0.354
494500,0.608,0.011,0.381
495000,0.597,0.006,0.397
495500,0.570,0.010,0.420
496000,0.605,0.002,0.393
496500,0.544,0.011,0.445
497000,0.569,0.006,0.425
497500,0.585,0.001,0.414
498000,0.603,0.003,0.394
498500,0.596,0.005,0.399
499000,0.572,0.009,0.419
499500,0.588,0.012,0.400
500000,0.586,0.014,0.400
500500,0.599,0.004,0.397
501000,0.625,0.002,0.373
501500,0.646,0.005,0.349
502000,0.646,0.003,0.351
502500,0.646,0.001,0.353
503000,0.615,0.006,0.379
503500,0.615,0.004,0.381
504000,0.633,0.006,0.361
504500,0.663,0.004,0.333
505000,0.643,0.008,0.349
505500,0.667,0.006,0.327
506000,0.681,0.006,0.313
506500,0.680,0.002,0.318
507000,0.689,0.002,0.309
507500,0.684,0.006,0.310
508000,0.693,0.005,0.302
508500,0.676,0.006,0.318
509000,0.713,0.004,0.283
509500,0.680,0.002,0.318
510000,0.730,0.001,0.269
510500,0.704,0.000,0.296
511000,0.710,0.000,0.290
511500,0.693,0.000,0.307
512000,0.705,0.000,0.295
512500,0.723,0.002,0.275
513000,0.696,0.000,0.304
513500,0.718,0.000,0.282
514000,0.731,0.000,0.269
514500,0.738,0.001,0.261
515000,0.663,0.001,0.336
515500,0.678,0.001,0.321
516000,0.669,0.002,0.329
516500,0.629,0.008,0.363
517000,0.665,0.012,0.323
517500,0.635,0.003,0.362
518000,0.657,0.001,0.342
518500,0.679,0.003,0.318
519000,0.692,0.006,0.302
519500,0.687,0.003,0.310
520000,0.690,0.005,0.305
520500,0.694,0.001,0.305
521000,0.687,0.001,0.312
521500,0.683,0.006,0.311
522000,0.679,0.001,0.320
522500,0.696,0.003,0.301
523000,0.657,0.004,0.339
523500,0.680,0.012,0.308
524000,0.682,0.012,0.306
524500,0.667,0.005,0.328
525000,0.698,0.001,0.301
525500,0.690,0.000,0.310
526000,0.699,0.006,0.295
526500,0.729,0.003,0.268
527000,0.724,0.001,0.275
527500,0.707,0.001,0.292
528000,0.691,0.001,0.308
528500,0.684,0.000,0.316
529000,0.703,0.000,0.297
529500,0.721,0.000,0.279
530000,0.663,0.004,0.333
530500,0.630,0.005,0.365
531000,0.644,0.006,0.350
531500,0.657,0.004,0.339
532000,0.693,0.003,0.304
532500,0.693,0.002,0.305
533000,0.696,0.005,0.299
533500,0.684,0.004,0.312
534000,0.678,0.003,0.319
534500,0.694,0.006,0.300
535000,0.676,0.003,0.321
535500,0.683,0.001,0.316
536000,0.682,0.004,0.314
536500,0.691,0.000,0.309
537000,0.679,0.000,0.321
537500,0.619,0.002,0.379
538000,0.595,0.002,0.403
538500,0.605,0.008,0.387
539000,0.613,0.006,0.381
539500,0.610,0.004,0.386
540000,0.603,0.001,0.396
540500,0.592,0.001,0.407
541000,0.601,0.013,0.386
541500,0.612,0.010,0.378
542000,0.593,0.022,0.385
542500,0.613,0.011,0.376
543000,0.608,0.005,0.387
543500,0.635,0.004,0.361
544000,0.657,0.007,0.336
544500,0.680,0.006,0.314
545000,0.677,0.006,0.317
545500,0.671,0.005,0.324
546000,0.647,0.004,0.349
546500,0.669,0.007,0.324
547000,0.681,0.002,0.317
547500,0.702,0.004,0.294
548000,0.715,0.002,0.283
548500,0.712,0.001,0.287
549000,0.734,0.002,0.264
549500,0.732,0.000,0.268
550000,0.761,0.000,0.239
550500,0.742,0.000,0.258
551000,0.735,0.000,0.265
551500,0.757,0.000,0.243
552000,0.717,0.000,0.283
552500,0.707,0.000,0.293
553000,0.687,0.000,0.313
553500,0.686,0.000,0.314
554000,0.678,0.000,0.322
554500,0.708,0.005,0.287
555000,0.708,0.005,0.287
555500,0.677,0.000,0.323
556000,0.652,0.000,0.348
556500,0.664,0.000,0.336
557000,0.656,0.000,0.344
557500,0.658,0.000,0.342
558000,0.622,0.001,0.377
558500,0.642,0.001,0.357
559000,0.645,0.008,0.347
559500,0.638,0.007,0.355
560000,0.615,0.004,0.381
560500,0.636,0.001,0.363
561000,0.631,0.000,0.369
561500,0.594,0.003,0.403
562000,0.610,0.001,0.389
562500,0.642,0.003,0.355
563000,0.639,0.003,0.358
563500,0.699,0.003,0.298
564000,0.668,0.006,0.326
564500,0.673,0.005,0.322
565000,0.677,0.003,0.320
565500,0.665,0.003,0.332
566000,0.649,0.001,0.350
566500,0.690,0.002,0.308
567000,0.694,0.001,0.305
567500,0.713,0.000,0.287
568000,0.732,0.000,0.268
568500,0.709,0.002,0.289
569000,0.656,0.001,0.343
569500,0.699,0.005,0.296
570000,0.679,0.005,0.316
570500,0.680,0.005,0.315
571000,0.638,0.001,0.361
571500,0.625,0.010,0.365
572000,0.638,0.003,0.359
572500,0.665,0.001,0.334
573000,0.701,0.001,0.298
573500,0.679,0.004,0.317
574000,0.684,0.000,0.316
574500,0.643,0.000,0.357
575000,0.655,0.003,0.342
575500,0.697,0.002,0.301
576000,0.686,0.002,0.312
576500,0.661,0.004,0.335
577000,0.670,0.003,0.327
577500,0.638,0.004,0.358
578000,0.678,0.003,0.319
578500,0.671,0.005,0.324
579000,0.672,0.004,0.324
579500,0.661,0.003,0.336
580000,0.693,0.003,0.304
580500,0.671,0.001,0.328
581000,0.651,0.008,0.341
581500,0.643,0.005,0.352
582000,0.638,0.012,0.350
582500,0.645,0.010,0.345
583000,0.655,0.004,0.341
583500,0.675,0.002,0.323
584000,0.631,0.003,0.366
584500,0.686,0.004,0.310
585000,0.658,0.010,0.332
585500,0.596,0.006,0.398
586000,0.592,0.005,0.403
586500,0.599,0.006,0.395
587000,0.598,0.006,0.396
587500,0.621,0.008,0.371
588000,0.612,0.006,0.382
588500,0.630,0.003,0.367
589000,0.668,0.001,0.331
589500,0.671,0.003,0.326
590000,0.681,0.001,0.318
590500,0.699,0.000,0.301
591000,0.739,0.000,0.261
591500,0.756,0.000,0.244
592000,0.718,0.000,0.282
592500,0.746,0.000,0.254
593000,0.745,0.007,0.248
593500,0.695,0.002,0.303
594000,0.723,0.001,0.276
594500,0.681,0.002,0.317
595000,0.724,0.001,0.275
595500,0.747,0.001,0.252
596000,0.744,0.003,0.253
596500,0.752,0.001,0.247
597000,0.705,0.002,0.293
597500,0.679,0.001,0.320
598000,0.720,0.000,0.280
598500,0.705,0.006,0.289
599000,0.708,0.002,0.290
599500,0.736,0.000,0.264
600000,0.681,0.000,0.319
600500,0.705,0.000,0.295
601000,0.666,0.000,0.334
601500,0.646,0.007,0.347
602000,0.655,0.004,0.341
602500,0.665,0.003,0.332
603000,0.635,0.005,0.360
603500,0.644,0.002,0.354
604000,0.661,0.000,0.339
604500,0.649,0.002,0.349
605000,0.634,0.010,0.356
605500,0.624,0.006,0.370
606000,0.602,0.009,0.389
606500,0.580,0.004,0.416
607000,0.599,0.001,0.400
607500,0.597,0.001,0.402
608000,0.593,0.000,0.407
608500,0.649,0.003,0.348
609000,0.668,0.005,0.327
609500,0.660,0.006,0.334
610000,0.678,0.001,0.321
610500,0.739,0.002,0.259
611000,0.678,0.002,0.320
611500,0.673,0.002,0.325
612000,0.671,0.001,0.328
612500,0.618,0.003,0.379
613000,0.641,0.004,0.355
613500,0.675,0.004,0.321
614000,0.676,0.000,0.324
614500,0.673,0.001,0.326
615000,0.700,0.000,0.300
615500,0.702,0.000,0.298
616000,0.733,0.002,0.265
616500,0.693,0.001,0.306
617000,0.682,0.000,0.318
617500,0.680,0.003,0.317
618000,0.683,0.001,0.316
618500,0.707,0.000,0.293
619000,0.681,0.000,0.319
619500,0.691,0.000,0.309
620000,0.709,0.000,0.291
620500,0.704,0.000,0.296
621000,0.685,0.000,0.315
621500,0.649,0.002,0.349
622000,0.663,0.007,0.330
622500,0.677,0.004,0.319
623000,0.712,0.003,0.285
623500,0.689,0.002,0.309
624000,0.689,0.000,0.311
624500,0.675,0.001,0.324
625000,0.651,0.003,0.346
625500,0.660,0.011,0.329
626000,0.620,0.011,0.369
626500,0.656,0.004,0.340
627000,0.604,0.001,0.395
627500,0.623,0.011,0.366
628000,0.603,0.009,0.388
628500,0.570,0.009,0.421
629000,0.592,0.004,0.404
629500,0.608,0.012,0.380
630000,0.629,0.009,0.362
630500,0.624,0.005,0.371
631000,0.604,0.007,0.389
631500,0.625,0.003,0.372
632000,0.633,0.002,0.365
632500,0.669,0.001,0.330
633000,0.704,0.004,0.292
633500,0.686,0.008,0.306
634000,0.711,0.012,0.277
634500,0.686,0.006,0.308
635000,0.662,0.007,0.331
635500,0.674,0.000,0.326
636000,0.710,0.000,0.290
636500,0.694,0.000,0.306
637000,0.720,0.000,0.280
637500,0.674,0.000,0.326
638000,0.694,0.000,0.306
638500,0.720,0.002,0.278
639000,0.709,0.000,0.291
639500,0.706,0.000,0.294
640000,0.665,0.007,0.328
640500,0.658,0.006,0.336
641000,0.610,0.003,0.387
641500,0.610,0.004,0.386
642000,0.616,0.004,0.380
642500,0.644,0.001,0.355
643000,0.684,0.002,0.314
643500,0.693,0.000,0.307
644000,0.724,0.002,0.274
644500,0.705,0.005,0.290
645000,0.688,0.003,0.309
645500,0.638,0.005,0.357
646000,0.590,0.003,0.407
646500,0.623,0.008,0.369
647000,0.628,0.008,0.364
647500,0.630,0.005,0.365
648000,0.639,0.008,0.353
648500,0.611,0.005,0.384
649000,0.609,0.004,0.387
649500,0.637,0.006,0.357
650000,0.652,0.005,0.343
650500,0.628,0.004,0.368
651000,0.632,0.001,0.367
651500,0.617,0.003,0.380
652000,0.686,0.001,0.313
652500,0.687,0.001,0.312
653000,0.712,0.000,0.288
653500,0.724,0.003,0.273
654000,0.734,0.000,0.266
654500,0.727,0.001,0.272
655000,0.753,0.004,0.243
655500,0.740,0.001,0.259
656000,0.717,0.002,0.281
656500,0.723,0.001,0.276
657000,0.746,0.000,0.254
657500,0.728,0.000,0.272
658000,0.729,0.000,0.271
658500,0.706,0.000,0.294
659000,0.719,0.000,0.281
659500,0.722,0.000,0.278
660000,0.732,0.002,0.266
660500,0.752,0.000,0.248
661000,0.765,0.000,0.235
661500,0.767,0.000,0.233
662000,0.756,0.000,0.244
662500,0.763,0.000,0.237
663000,0.769,0.000,0.231
663500,0.789,0.000,0.211
664000,0.806,0.000,0.194
664500,0.784,0.000,0.216
665000,0.771,0.000,0.229
665500,0.772,0.000,0.228
666000,0.761,0.000,0.239
666500,0.719,0.002,0.279
667000,0.738,0.000,0.262
667500,0.702,0.004,0.294
668000,0.730,0.003,0.267
668500,0.714,0.001,0.285
669000,0.671,0.004,0.325
669500,0.656,0.006,0.338
670000,0.580,0.005,0.415
670500,0.582,0.004,0.414
671000,0.567,0.016,0.417
671500,0.626,0.005,0.369
672000,0.653,0.005,0.342
672500,0.666,0.003,0.331
673000,0.649,0.001,0.350
673500,0.677,0.004,0.319
674000,0.676,0.003,0.321
674500,0.687,0.001,0.312
675000,0.678,0.005,0.317
675500,0.655,0.007,0.338
676000,0.673,0.008,0.319
676500,0.652,0.005,0.343
677000,0.643,0.003,0.354
677500,0.623,0.008,0.369
678000,0.647,0.009,0.344
678500,0.628,0.006,0.366
679000,0.614,0.005,0.381
679500,0.617,0.013,0.370
680000,0.603,0.007,0.390
680500,0.647,0.000,0.353
681000,0.635,0.002,0.363
681500,0.671,0.000,0.329
682000,0.700,0.000,0.300
682500,0.681,0.002,0.317
683000,0.669,0.000,0.331
683500,0.707,0.001,0.292
684000,0.685,0.000,0.315
684500,0.681,0.000,0.319
685000,0.695,0.002,0.303
685500,0.671,0.009,0.320
686000,0.662,0.003,0.335
686500,0.676,0.005,0.319
687000,0.646,0.011,0.343
687500,0.672,0.004,0.324
688000,0.651,0.006,0.343
688500,0.682,0.001,0.317
689000,0.706,0.000,0.294
689500,0.696,0.000,0.304
690000,0.680,0.001,0.319
690500,0.683,0.004,0.313
691000,0.699,0.005,0.296
691500,0.718,0.003,0.279
692000,0.731,0.000,0.269
692500,0.771,0.000,0.229
693000,0.800,0.000,0.200
693500,0.780,0.003,0.217
694000,0.760,0.001,0.239
694500,0.792,0.002,0.206
695000,0.748,0.002,0.250
695500,0.757,0.001,0.242
696000,0.753,0.000,0.247
696500,0.710,0.000,0.290
697000,0.740,0.000,0.260
697500,0.743,0.000,0.257
698000,0.764,0.000,0.236
698500,0.761,0.000,0.239
699000,0.746,0.000,0.254
699500,0.699,0.003,0.298
700000,0.705,0.005,0.290
700500,0.691,0.001,0.308
701000,0.689,0.002,0.309
701500,0.703,0.001,0.296
702000,0.684,0.000,0.316
702500,0.659,0.000,0.341
703000,0.680,0.000,0.320
703500,0.642,0.007,0.351
704000,0.646,0.007,0.347
704500,0.689,0.003,0.308
705000,0.681,0.000,0.319
705500,0.679,0.004,0.317
706000,0.678,0.002,0.320
706500,0.693,0.002,0.305
707000,0.731,0.004,0.265
707500,0.728,0.002,0.270
708000,0.728,0.001,0.271
708500,0.709,0.003,0.288
709000,0.708,0.000,0.292
709500,0.713,0.000,0.287
710000,0.714,0.003,0.283
710500,0.715,0.001,0.284
711000,0.721,0.002,0.277
711500,0.671,0.002,0.327
712000,0.705,0.001,0.294
712500,0.697,0.003,0.300
713000,0.680,0.002,0.318
713500,0.684,0.002,0.314
714000,0.682,0.007,0.311
714500,0.679,0.008,0.313
715000,0.704,0.004,0.292
715500,0.720,0.002,0.278
716000,0.761,0.000,0.239
716500,0.757,0.004,0.239
717000,0.738,0.008,0.254
717500,0.718,0.004,0.278
718000,0.728,0.002,0.270
718500,0.746,0.000,0.254
719000,0.707,0.000,0.293
719500,0.670,0.000,0.330
720000,0.651,0.000,0.349
720500,0.646,0.003,0.351
721000,0.629,0.000,0.371
721500,0.630,0.007,0.363
722000,0.641,0.002,0.357
722500,0.659,0.001,0.340
723000,0.679,0.008,0.313
723500,0.695,0.007,0.298
724000,0.697,0.001,0.302
724500,0.718,0.000,0.282
725000,0.739,0.002,0.259
725500,0.702,0.001,0.297
726000,0.688,0.001,0.311
726500,0.701,0.008,0.291
727000,0.719,0.004,0.277
727500,0.747,0.001,0.252
728000,0.698,0.000,0.302
728500,0.669,0.000,0.331
729000,0.671,0.004,0.325
729500,0.690,0.000,0.310
730000,0.678,0.004,0.318
730500,0.681,0.006,0.313
731000,0.689,0.002,0.309
731500,0.702,0.001,0.297
732000,0.675,0.004,0.321
732500,0.719,0.001,0.280
733000,0.682,0.003,0.315
733500,0.675,0.007,0.318
734000,0.674,0.008,0.318
734500,0.697,0.002,0.301
735000,0.716,0.003,0.281
735500,0.704,0.004,0.292
736000,0.699,0.001,0.300
736500,0.690,0.000,0.310
737000,0.719,0.002,0.279
737500,0.721,0.000,0.279
738000,0.710,0.004,0.286
738500,0.728,0.001,0.271
739000,0.693,0.005,0.302
739500,0.652,0.005,0.343
740000,0.658,0.001,0.341
740500,0.643,0.001,0.356
741000,0.637,0.001,0.362
741500,0.651,0.006,0.343
742000,0.669,0.007,0.324
742500,0.661,0.003,0.336
743000,0.630,0.004,0.366
743500,0.654,0.005,0.341
744000,0.660,0.005,0.335
744500,0.652,0.005,0.343
745000,0.702,0.001,0.297
745500,0.736,0.000,0.264
746000,0.747,0.000,0.253
746500,0.747,0.001,0.252
747000,0.733,0.000,0.267
747500,0.696,0.000,0.304
748000,0.731,0.000,0.269
748500,0.748,0.000,0.252
749000,0.723,0.000,0.277
749500,0.725,0.000,0.275
750000,0.729,0.000,0.271
750500,0.770,0.000,0.230
751000,0.755,0.000,0.245
751500,0.766,0.003,0.231
752000,0.736,0.002,0.262
752500,0.740,0.001,0.259
753000,0.736,0.001,0.263
753500,0.720,0.001,0.279
754000,0.716,0.000,0.284
754500,0.673,0.000,0.327
755000,0.647,0.000,0.353
755500,0.631,0.004,0.365
756000,0.615,0.007,0.378
756500,0.624,0.003,0.373
757000,0.595,0.006,0.399
757500,0.578,0.009,0.413
758000,0.587,0.009,0.404
758500,0.586,0.009,0.405
759000,0.587,0.017,0.396
759500,0.555,0.012,0.433
760000,0.529,0.014,0.457
760500,0.552,0.008,0.440
761000,0.593,0.009,0.398
761500,0.628,0.004,0.368
762000,0.616,0.007,0.377
762500,0.686,0.009,0.305
763000,0.673,0.006,0.321
763500,0.662,0.001,0.337
764000,0.641,0.003,0.356
764500,0.633,0.001,0.366
765000,0.640,0.004,0.356
765500,0.623,0.004,0.373
766000,0.614,0.002,0.384
766500,0.641,0.007,0.352
767000,0.640,0.003,0.357
767500,0.637,0.003,0.360
768000,0.612,0.007,0.381
768500,0.550,0.009,0.441
769000,0.582,0.007,0.411
769500,0.587,0.007,0.406
770000,0.591,0.011,0.398
770500,0.615,0.003,0.382
771000,0.628,0.009,0.363
771500,0.582,0.016,0.402
772000,0.607,0.015,0.378
772500,0.611,0.002,0.387
773000,0.637,0.005,0.358
773500,0.642,0.004,0.354
774000,0.641,0.003,0.356
774500,0.673,0.004,0.323
775000,0.639,0.001,0.360
775500,0.620,0.001,0.379
776000,0.673,0.004,0.323
776500,0.692,0.003,0.305
777000,0.703,0.002,0.295
777500,0.709,0.001,0.290
778000,0.712,0.005,0.283
778500,0.714,0.003,0.283
779000,0.676,0.001,0.323
779500,0.688,0.005,0.307
780000,0.687,0.001,0.312
780500,0.684,0.002,0.314
781000,0.691,0.003,0.306
781500,0.708,0.002,0.290
782000,0.695,0.000,0.305
782500,0.723,0.004,0.273
783000,0.704,0.002,0.294
783500,0.696,0.000,0.304
784000,0.712,0.002,0.286
784500,0.714,0.003,0.283
785000,0.703,0.000,0.297
785500,0.700,0.000,0.300
786000,0.665,0.000,0.335
786500,0.689,0.000,0.311
787000,0.702,0.000,0.298
787500,0.714,0.001,0.285
788000,0.729,0.004,0.267
788500,0.699,0.002,0.299
789000,0.697,0.001,0.302
789500,0.686,0.002,0.312
790000,0.689,0.001,0.310
790500,0.677,0.007,0.316
791000,0.666,0.002,0.332
791500,0.655,0.002,0.343
792000,0.666,0.000,0.334
792500,0.651,0.000,0.349
793000,0.675,0.000,0.325
793500,0.686,0.003,0.311
794000,0.651,0.006,0.343
794500,0.666,0.004,0.330
795000,0.681,0.004,0.315
795500,0.667,0.003,0.330
796000,0.642,0.008,0.350
796500,0.684,0.002,0.314
797000,0.643,0.005,0.352
797500,0.648,0.004,0.348
798000,0.617,0.002,0.381
798500,0.591,0.017,0.392
799000,0.603,0.011,0.386
799500,0.627,0.011,0.362
800000,0.644,0.005,0.351
800500,0.641,0.006,0.353
801000,0.667,0.006,0.327
801500,0.699,0.001,0.300
802000,0.698,0.000,0.302
802500,0.684,0.000,0.316
803000,0.747,0.000,0.253
803500,0.743,0.004,0.253
804000,0.739,0.001,0.260
804500,0.770,0.000,0.230
805000,0.773,0.001,0.226
805500,0.785,0.001,0.214
806000,0.782,0.000,0.218
806500,0.775,0.000,0.225
807000,0.762,0.000,0.238
807500,0.798,0.000,0.202
808000,0.783,0.000,0.217
808500,0.777,0.000,0.223
809000,0.776,0.000,0.224
809500,0.785,0.000,0.215
810000,0.753,0.000,0.247
810500,0.712,0.002,0.286
811000,0.747,0.001,0.252
811500,0.696,0.001,0.303
812000,0.662,0.002,0.336
812500,0.683,0.000,0.317
813000,0.649,0.000,0.351
813500,0.686,0.000,0.314
814000,0.675,0.000,0.325
814500,0.685,0.004,0.311
815000,0.709,0.002,0.289
815500,0.730,0.002,0.268
816000,0.763,0.000,0.237
816500,0.786,0.000,0.214
817000,0.769,0.000,0.231
817500,0.760,0.000,0.240
818000,0.768,0.000,0.232
818500,0.754,0.000,0.246
819000,0.717,0.000,0.283
819500,0.735,0.003,0.262
820000,0.690,0.000,0.310
820500,0.682,0.004,0.314
821000,0.657,0.006,0.337
821500,0.633,0.006,0.361
822000,0.643,0.004,0.353
822500,0.636,0.010,0.354
823000,0.681,0.002,0.317
823500,0.706,0.004,0.290
824000,0.671,0.004,0.325
824500,0.677,0.001,0.322
825000,0.619,0.004,0.377
825500,0.649,0.011,0.340
826000,0.640,0.005,0.355
826500,0.650,0.003,0.347
827000,0.640,0.002,0.358
827500,0.632,0.008,0.360
828000,0.636,0.003,0.361
828500,0.641,0.005,0.354
829000,0.657,0.003,0.340
829500,0.654,0.004,0.342
830000,0.702,0.000,0.298
830500,0.770,0.000,0.230
831000,0.752,0.000,0.248
831500,0.763,0.000,0.237
832000,0.708,0.000,0.292
832500,0.729,0.002,0.269
833000,0.717,0.002,0.281
833500,0.723,0.001,0.276
834000,0.687,0.003,0.310
834500,0.682,0.000,0.318
835000,0.666,0.005,0.329
835500,0.641,0.003,0.356
836000,0.658,0.004,0.338
836500,0.701,0.004,0.295
837000,0.706,0.004,0.290
837500,0.735,0.001,0.264
838000,0.748,0.001,0.251
838500,0.734,0.002,0.264
839000,0.729,0.000,0.271
839500,0.729,0.003,0.268
840000,0.750,0.002,0.248
840500,0.772,0.000,0.228
841000,0.767,0.000,0.233
841500,0.763,0.000,0.237
842000,0.773,0.003,0.224
842500,0.751,0.001,0.248
843000,0.776,0.000,0.224
843500,0.767,0.000,0.233
844000,0.765,0.000,0.235
844500,0.784,0.000,0.216
845000,0.803,0.000,0.197
845500,0.764,0.003,0.233
846000,0.788,0.001,0.211
846500,0.780,0.000,0.220
847000,0.782,0.003,0.215
847500,0.778,0.000,0.222
848000,0.797,0.000,0.203
848500,0.790,0.000,0.210
849000,0.803,0.000,0.197
849500,0.816,0.000,0.184
850000,0.789,0.000,0.211
850500,0.776,0.000,0.224
851000,0.772,0.003,0.225
851500,0.766,0.004,0.230
852000,0.755,0.002,0.243
852500,0.738,0.000,0.262
853000,0.711,0.000,0.289
853500,0.723,0.000,0.277
854000,0.715,0.000,0.285
854500,0.740,0.000,0.260
855000,0.736,0.000,0.264
855500,0.729,0.000,0.271
856000,0.756,0.004,0.240
856500,0.694,0.004,0.302
857000,0.651,0.006,0.343
857500,0.708,0.004,0.288
858000,0.661,0.000,0.339
858500,0.654,0.003,0.343
859000,0.627,0.002,0.371
859500,0.638,0.005,0.357
860000,0.677,0.003,0.320
860500,0.643,0.005,0.352
861000,0.626,0.001,0.373
861500,0.647,0.004,0.349
862000,0.628,0.004,0.368
862500,0.638,0.001,0.361
863000,0.633,0.005,0.362
863500,0.634,0.006,0.360
864000,0.671,0.002,0.327
864500,0.661,0.004,0.335
865000,0.659,0.013,0.328
865500,0.666,0.006,0.328
866000,0.705,0.002,0.293
866500,0.707,0.004,0.289
867000,0.713,0.006,0.281
867500,0.727,0.002,0.271
868000,0.738,0.001,0.261
868500,0.746,0.000,0.254
869000,0.722,0.000,0.278
869500,0.721,0.000,0.279
870000,0.711,0.000,0.289
870500,0.668,0.004,0.328
871000,0.650,0.003,0.347
871500,0.632,0.006,0.362
872000,0.688,0.001,0.311
872500,0.646,0.000,0.354
873000,0.647,0.002,0.351
873500,0.669,0.001,0.330
874000,0.681,0.000,0.319
874500,0.661,0.007,0.332
875000,0.656,0.001,0.343
875500,0.636,0.000,0.364
876000,0.675,0.000,0.325
876500,0.690,0.000,0.310
877000,0.672,0.006,0.322
877500,0.653,0.001,0.346
878000,0.698,0.004,0.298
878500,0.717,0.003,0.280
879000,0.709,0.000,0.291
879500,0.693,0.003,0.304
880000,0.659,0.002,0.339
880500,0.665,0.001,0.334
881000,0.665,0.000,0.335
881500,0.688,0.000,0.312
882000,0.680,0.000,0.320
882500,0.718,0.003,0.279
883000,0.727,0.001,0.272
883500,0.728,0.001,0.271
884000,0.721,0.003,0.276
884500,0.716,0.001,0.283
885000,0.748,0.000,0.252
885500,0.774,0.000,0.226
886000,0.769,0.000,0.231
886500,0.805,0.000,0.195
887000,0.766,0.000,0.234
887500,0.775,0.000,0.225
888000,0.749,0.000,0.251
888500,0.741,0.001,0.258
889000,0.722,0.000,0.278
889500,0.676,0.004,0.320
890000,0.688,0.003,0.309
890500,0.700,0.003,0.297
891000,0.738,0.004,0.258
891500,0.708,0.004,0.288
892000,0.700,0.005,0.295
892500,0.734,0.003,0.263
893000,0.717,0.003,0.280
893500,0.737,0.005,0.258
894000,0.758,0.001,0.241
894500,0.817,0.000,0.183
895000,0.832,0.000,0.168
895500,0.824,0.000,0.176
896000,0.815,0.000,0.185
896500,0.803,0.000,0.197
897000,0.791,0.000,0.209
897500,0.797,0.004,0.199
898000,0.814,0.000,0.186
898500,0.822,0.000,0.178
899000,0.773,0.000,0.227
899500,0.780,0.002,0.218
900000,0.774,0.001,0.225
900500,0.768,0.000,0.232
901000,0.760,0.000,0.240
901500,0.793,0.000,0.207
902000,0.824,0.000,0.176
902500,0.795,0.000,0.205
903000,0.801,0.000,0.199
903500,0.778,0.000,0.222
904000,0.770,0.000,0.230
904500,0.745,0.000,0.255
905000,0.744,0.000,0.256
905500,0.750,0.000,0.250
906000,0.741,0.002,0.257
906500,0.723,0.006,0.271
907000,0.725,0.004,0.271
907500,0.730,0.000,0.270
908000,0.747,0.001,0.252
908500,0.749,0.002,0.249
909000,0.759,0.001,0.240
909500,0.752,0.000,0.248
910000,0.737,0.002,0.261
910500,0.722,0.001,0.277
911000,0.721,0.000,0.279
911500,0.671,0.000,0.329
912000,0.671,0.000,0.329
912500,0.675,0.004,0.321
913000,0.717,0.000,0.283
913500,0.707,0.000,0.293
914000,0.684,0.000,0.316
914500,0.701,0.003,0.296
915000,0.713,0.006,0.281
915500,0.698,0.003,0.299
916000,0.708,0.000,0.292
916500,0.673,0.003,0.324
917000,0.670,0.002,0.328
917500,0.664,0.002,0.334
918000,0.646,0.003,0.351
918500,0.668,0.000,0.332
919000,0.711,0.002,0.287
919500,0.742,0.002,0.256
920000,0.741,0.000,0.259
920500,0.746,0.004,0.250
921000,0.760,0.003,0.237
921500,0.769,0.002,0.229
922000,0.742,0.004,0.254
922500,0.728,0.001,0.271
923000,0.712,0.000,0.288
923500,0.741,0.000,0.259
924000,0.755,0.000,0.245
924500,0.755,0.000,0.245
925000,0.741,0.003,0.256
925500,0.695,0.002,0.303
926000,0.696,0.001,0.303
926500,0.713,0.005,0.282
927000,0.715,0.005,0.280
927500,0.729,0.002,0.269
928000,0.736,0.000,0.264
928500,0.747,0.000,0.253
929000,0.766,0.000,0.234
929500,0.750,0.000,0.250
930000,0.759,0.000,0.241
930500,0.750,0.000,0.250
931000,0.727,0.004,0.269
931500,0.737,0.001,0.262
932000,0.709,0.001,0.290
932500,0.698,0.000,0.302
933000,0.711,0.001,0.288
933500,0.727,0.000,0.273
934000,0.729,0.000,0.271
934500,0.731,0.000,0.269
935000,0.706,0.000,0.294
935500,0.707,0.000,0.293
936000,0.719,0.002,0.279
936500,0.682,0.000,0.318
937000,0.701,0.000,0.299
937500,0.714,0.000,0.286
938000,0.740,0.003,0.257
938500,0.732,0.002,0.266
939000,0.685,0.001,0.314
939500,0.691,0.002,0.307
940000,0.671,0.002,0.327
940500,0.700,0.001,0.299
941000,0.733,0.000,0.267
941500,0.726,0.000,0.274
942000,0.681,0.004,0.315
942500,0.710,0.001,0.289
943000,0.699,0.000,0.301
943500,0.688,0.000,0.312
944000,0.712,0.007,0.281
944500,0.723,0.008,0.269
945000,0.748,0.003,0.249
945500,0.724,0.010,0.266
946000,0.722,0.003,0.275
946500,0.732,0.001,0.267
947000,0.745,0.000,0.255
947500,0.738,0.000,0.262
948000,0.704,0.003,0.293
948500,0.714,0.004,0.282
949000,0.672,0.005,0.323
949500,0.638,0.003,0.359
950000,0.641,0.006,0.353
950500,0.644,0.003,0.353
951000,0.663,0.002,0.335
951500,0.715,0.007,0.278
952000,0.692,0.002,0.306
952500,0.711,0.004,0.285
953000,0.659,0.004,0.337
953500,0.639,0.000,0.361
954000,0.652,0.004,0.344
954500,0.640,0.004,0.356
955000,0.633,0.007,0.360
955500,0.647,0.002,0.351
956000,0.642,0.004,0.354
956500,0.671,0.005,0.324
957000,0.648,0.007,0.345
957500,0.646,0.006,0.348
958000,0.598,0.012,0.390
958500,0.577,0.002,0.421
959000,0.595,0.000,0.405
959500,0.580,0.015,0.405
960000,0.607,0.007,0.386
960500,0.618,0.013,0.369
961000,0.626,0.007,0.367
961500,0.627,0.017,0.356
962000,0.645,0.003,0.352
962500,0.670,0.000,0.330
963000,0.725,0.002,0.273
963500,0.736,0.000,0.264
964000,0.693,0.000,0.307
964500,0.676,0.000,0.324
965000,0.639,0.000,0.361
965500,0.629,0.003,0.368
966000,0.629,0.004,0.367
966500,0.636,0.006,0.358
967000,0.686,0.004,0.310
967500,0.665,0.004,0.331
968000,0.697,0.002,0.301
968500,0.697,0.000,0.303
969000,0.694,0.008,0.298
969500,0.684,0.003,0.313
970000,0.687,0.008,0.305
970500,0.695,0.003,0.302
971000,0.700,0.005,0.295
971500,0.660,0.001,0.339
972000,0.621,0.006,0.373
972500,0.645,0.003,0.352
973000,0.634,0.001,0.365
973500,0.598,0.001,0.401
974000,0.638,0.004,0.358
974500,0.636,0.005,0.359
975000,0.664,0.005,0.331
975500,0.649,0.001,0.350
976000,0.657,0.001,0.342
976500,0.669,0.001,0.330
977000,0.682,0.004,0.314
977500,0.678,0.008,0.314
978000,0.640,0.008,0.352
978500,0.617,0.002,0.381
979000,0.677,0.009,0.314
979500,0.680,0.003,0.317
980000,0.707,0.005,0.288
980500,0.699,0.006,0.295
981000,0.727,0.001,0.272
981500,0.727,0.008,0.265
982000,0.713,0.004,0.283
982500,0.725,0.002,0.273
983000,0.707,0.000,0.293
983500,0.727,0.000,0.273
984000,0.709,0.000,0.291
984500,0.693,0.000,0.307
985000,0.727,0.000,0.273
985500,0.679,0.008,0.313
986000,0.652,0.001,0.347
986500,0.693,0.001,0.306
987000,0.688,0.005,0.307
987500,0.678,0.003,0.319
988000,0.689,0.001,0.310
988500,0.675,0.004,0.321
989000,0.650,0.004,0.346
989500,0.669,0.001,0.330
990000,0.661,0.000,0.339
990500,0.672,0.000,0.328
991000,0.711,0.000,0.289
991500,0.682,0.000,0.318
992000,0.667,0.002,0.331
992500,0.687,0.000,0.313
993000,0.673,0.000,0.327
993500,0.685,0.003,0.312
994000,0.731,0.004,0.265
994500,0.709,0.001,0.290
995000,0.718,0.000,0.282
995500,0.697,0.003,0.300
996000,0.708,0.001,0.291
996500,0.712,0.000,0.288
997000,0.727,0.000,0.273
997500,0.710,0.001,0.289
998000,0.714,0.000,0.286
998500,0.707,0.000,0.293
999000,0.690,0.003,0.307
999500,0.691,0.001,0.308
1000000,0.698,0.004,0.298
