time,n_A+p,n_B,n_AB
500,0.080,0.649,0.271
1000,0.080,0.419,0.501
1500,0.080,0.317,0.603
2000,0.085,0.224,0.692
2500,0.147,0.086,0.767
3000,0.259,0.029,0.712
3500,0.529,0.005,0.465
4000,0.614,0.001,0.386
4500,0.702,0.000,0.298
5000,0.765,0.000,0.235
5500,0.803,0.000,0.197
6000,0.845,0.000,0.155
6500,0.895,0.000,0.105
7000,0.908,0.000,0.092
7500,0.918,0.000,0.082
8000,0.918,0.000,0.082
8500,0.942,0.000,0.058
9000,0.953,0.000,0.047
9500,0.920,0.000,0.080
10000,0.916,0.000,0.084
10500,0.952,0.000,0.048
11000,0.961,0.000,0.039
11500,0.962,0.000,0.038
12000,0.975,0.000,0.025
12500,0.987,0.000,0.013
13000,0.995,0.000,0.005
13500,0.999,0.000,0.001
14000,1.000,0.000,0.000
14500,1.000,0.000,0.000
