time,n_A+p,n_B,n_AB
500,0.050,0.906,0.043
1000,0.050,0.862,0.088
1500,0.050,0.818,0.132
2000,0.051,0.781,0.167
2500,0.050,0.743,0.207
3000,0.050,0.728,0.222
3500,0.050,0.683,0.266
4000,0.051,0.642,0.306
4500,0.053,0.620,0.327
5000,0.053,0.604,0.343
5500,0.051,0.596,0.353
6000,0.056,0.600,0.344
6500,0.055,0.583,0.362
7000,0.053,0.565,0.382
7500,0.055,0.547,0.398
8000,0.054,0.534,0.411
8500,0.054,0.523,0.423
9000,0.054,0.555,0.391
9500,0.051,0.544,0.405
10000,0.055,0.537,0.408
10500,0.062,0.515,0.422
11000,0.060,0.515,0.424
11500,0.060,0.479,0.461
12000,0.058,0.482,0.460
12500,0.057,0.466,0.477
13000,0.065,0.473,0.463
13500,0.063,0.468,0.470
14000,0.071,0.436,0.492
14500,0.067,0.412,0.521
15000,0.071,0.413,0.516
15500,0.066,0.446,0.488
16000,0.066,0.456,0.478
16500,0.062,0.445,0.493
17000,0.070,0.451,0.480
17500,0.069,0.450,0.482
18000,0.065,0.458,0.478
18500,0.069,0.452,0.480
19000,0.071,0.452,0.477
19500,0.066,0.450,0.485
20000,0.067,0.490,0.443
20500,0.063,0.477,0.460
21000,0.067,0.481,0.452
21500,0.070,0.492,0.438
22000,0.070,0.498,0.431
22500,0.066,0.482,0.452
23000,0.069,0.473,0.458
23500,0.066,0.460,0.475
24000,0.069,0.462,0.470
24500,0.061,0.466,0.473
25000,0.074,0.471,0.455
25500,0.066,0.480,0.455
26000,0.067,0.503,0.430
26500,0.070,0.472,0.457
27000,0.066,0.478,0.456
27500,0.062,0.497,0.440
28000,0.061,0.481,0.458
28500,0.063,0.491,0.446
29000,0.064,0.485,0.451
29500,0.056,0.496,0.447
30000,0.059,0.491,0.451
30500,0.060,0.508,0.431
31000,0.065,0.486,0.450
31500,0.068,0.477,0.455
32000,0.063,0.502,0.435
32500,0.065,0.512,0.423
33000,0.059,0.507,0.433
33500,0.059,0.496,0.446
34000,0.061,0.486,0.453
34500,0.072,0.483,0.445
35000,0.067,0.456,0.477
35500,0.068,0.428,0.504
36000,0.084,0.408,0.508
36500,0.075,0.404,0.522
37000,0.091,0.384,0.526
37500,0.086,0.397,0.517
38000,0.073,0.388,0.539
38500,0.081,0.392,0.528
39000,0.090,0.407,0.502
39500,0.078,0.391,0.531
40000,0.084,0.388,0.528
40500,0.081,0.401,0.518
41000,0.086,0.395,0.519
41500,0.072,0.388,0.539
42000,0.076,0.408,0.516
42500,0.076,0.405,0.519
43000,0.073,0.392,0.535
43500,0.069,0.420,0.511
44000,0.070,0.441,0.490
44500,0.063,0.428,0.509
45000,0.062,0.434,0.504
45500,0.065,0.433,0.502
46000,0.067,0.440,0.494
46500,0.066,0.452,0.482
47000,0.062,0.474,0.464
47500,0.066,0.490,0.444
48000,0.071,0.489,0.439
48500,0.064,0.458,0.478
49000,0.067,0.453,0.480
49500,0.062,0.460,0.477
50000,0.070,0.457,0.474
50500,0.070,0.435,0.495
51000,0.074,0.446,0.480
51500,0.080,0.420,0.500
52000,0.081,0.397,0.522
52500,0.098,0.395,0.507
53000,0.079,0.389,0.532
53500,0.076,0.391,0.533
54000,0.080,0.408,0.512
54500,0.078,0.431,0.491
55000,0.076,0.428,0.496
55500,0.070,0.441,0.489
56000,0.074,0.430,0.496
56500,0.079,0.419,0.502
57000,0.075,0.426,0.498
57500,0.082,0.409,0.509
58000,0.082,0.405,0.513
58500,0.074,0.414,0.512
59000,0.080,0.425,0.495
59500,0.080,0.422,0.498
60000,0.071,0.414,0.515
60500,0.074,0.403,0.523
61000,0.069,0.424,0.507
61500,0.066,0.438,0.496
62000,0.072,0.461,0.467
62500,0.069,0.468,0.463
63000,0.075,0.487,0.438
63500,0.073,0.486,0.440
64000,0.064,0.453,0.483
64500,0.064,0.475,0.461
65000,0.062,0.472,0.465
65500,0.065,0.455,0.480
66000,0.070,0.438,0.492
66500,0.070,0.430,0.499
67000,0.074,0.424,0.502
67500,0.072,0.423,0.505
68000,0.073,0.409,0.518
68500,0.068,0.427,0.506
69000,0.072,0.416,0.512
69500,0.070,0.424,0.506
70000,0.084,0.418,0.498
70500,0.086,0.420,0.494
71000,0.070,0.446,0.483
71500,0.060,0.459,0.480
72000,0.065,0.460,0.475
72500,0.076,0.464,0.459
73000,0.077,0.449,0.473
73500,0.067,0.453,0.481
74000,0.065,0.463,0.473
74500,0.069,0.450,0.481
75000,0.069,0.482,0.449
75500,0.068,0.464,0.469
76000,0.074,0.470,0.456
76500,0.072,0.457,0.472
77000,0.080,0.429,0.491
77500,0.067,0.440,0.494
78000,0.066,0.444,0.491
78500,0.060,0.475,0.465
79000,0.060,0.457,0.483
79500,0.062,0.456,0.482
80000,0.069,0.471,0.460
80500,0.074,0.468,0.458
81000,0.071,0.451,0.478
81500,0.070,0.462,0.468
82000,0.067,0.448,0.486
82500,0.064,0.427,0.509
83000,0.076,0.411,0.512
83500,0.084,0.413,0.503
84000,0.082,0.378,0.540
84500,0.081,0.397,0.523
85000,0.080,0.364,0.556
85500,0.092,0.360,0.548
86000,0.101,0.347,0.552
86500,0.103,0.358,0.539
87000,0.102,0.346,0.551
87500,0.105,0.354,0.540
88000,0.102,0.342,0.557
88500,0.102,0.331,0.567
89000,0.102,0.342,0.556
89500,0.082,0.367,0.550
90000,0.097,0.370,0.533
90500,0.097,0.349,0.554
91000,0.085,0.370,0.544
91500,0.080,0.370,0.550
92000,0.072,0.411,0.517
92500,0.073,0.397,0.529
93000,0.071,0.458,0.471
93500,0.067,0.455,0.479
94000,0.060,0.439,0.501
94500,0.064,0.479,0.456
95000,0.063,0.477,0.460
95500,0.062,0.447,0.490
96000,0.066,0.461,0.473
96500,0.059,0.463,0.479
97000,0.061,0.457,0.483
97500,0.060,0.465,0.475
98000,0.058,0.457,0.486
98500,0.059,0.486,0.455
99000,0.062,0.469,0.468
99500,0.060,0.475,0.464
100000,0.070,0.453,0.477
100500,0.062,0.442,0.495
101000,0.064,0.428,0.508
101500,0.069,0.469,0.462
102000,0.069,0.464,0.467
102500,0.066,0.469,0.465
103000,0.067,0.467,0.467
103500,0.069,0.442,0.490
104000,0.071,0.449,0.481
104500,0.069,0.432,0.499
105000,0.070,0.415,0.514
105500,0.065,0.450,0.485
106000,0.067,0.424,0.509
106500,0.079,0.402,0.520
107000,0.076,0.414,0.509
107500,0.073,0.422,0.505
108000,0.075,0.433,0.492
108500,0.074,0.439,0.488
109000,0.081,0.446,0.473
109500,0.075,0.448,0.477
110000,0.084,0.423,0.493
110500,0.086,0.413,0.502
111000,0.082,0.420,0.498
111500,0.087,0.411,0.502
112000,0.081,0.431,0.488
112500,0.073,0.425,0.502
113000,0.089,0.376,0.534
113500,0.104,0.372,0.523
114000,0.092,0.376,0.532
114500,0.090,0.368,0.541
115000,0.092,0.375,0.532
115500,0.088,0.407,0.505
116000,0.090,0.411,0.498
116500,0.085,0.396,0.520
117000,0.080,0.387,0.533
117500,0.086,0.398,0.517
118000,0.086,0.379,0.534
118500,0.089,0.350,0.560
119000,0.102,0.371,0.526
119500,0.096,0.363,0.541
120000,0.100,0.373,0.526
120500,0.089,0.380,0.531
121000,0.091,0.386,0.523
121500,0.090,0.364,0.545
122000,0.099,0.374,0.527
122500,0.092,0.375,0.532
123000,0.095,0.364,0.541
123500,0.100,0.355,0.545
124000,0.086,0.370,0.544
124500,0.085,0.377,0.539
125000,0.080,0.415,0.506
125500,0.077,0.388,0.535
126000,0.077,0.403,0.520
126500,0.078,0.373,0.548
127000,0.088,0.384,0.528
127500,0.089,0.379,0.532
128000,0.095,0.378,0.527
128500,0.097,0.373,0.530
129000,0.095,0.363,0.542
129500,0.106,0.349,0.544
130000,0.096,0.351,0.553
130500,0.096,0.358,0.546
131000,0.092,0.369,0.538
131500,0.088,0.346,0.566
132000,0.092,0.361,0.546
132500,0.089,0.344,0.567
133000,0.099,0.345,0.556
133500,0.112,0.351,0.537
134000,0.111,0.337,0.552
134500,0.105,0.341,0.553
135000,0.109,0.340,0.551
135500,0.115,0.314,0.571
136000,0.117,0.316,0.568
136500,0.122,0.326,0.551
137000,0.116,0.317,0.567
137500,0.117,0.332,0.551
138000,0.121,0.309,0.570
138500,0.104,0.312,0.583
139000,0.104,0.346,0.549
139500,0.092,0.338,0.570
140000,0.092,0.386,0.522
140500,0.089,0.391,0.520
141000,0.089,0.376,0.534
141500,0.088,0.386,0.526
142000,0.086,0.396,0.519
142500,0.077,0.392,0.530
143000,0.079,0.423,0.498
143500,0.077,0.399,0.524
144000,0.074,0.453,0.474
144500,0.069,0.434,0.497
145000,0.065,0.414,0.521
145500,0.070,0.433,0.496
146000,0.075,0.436,0.489
146500,0.072,0.452,0.476
147000,0.070,0.453,0.477
147500,0.066,0.458,0.476
148000,0.072,0.463,0.464
148500,0.068,0.461,0.471
149000,0.064,0.442,0.494
149500,0.066,0.439,0.496
150000,0.080,0.430,0.490
150500,0.073,0.417,0.510
151000,0.084,0.413,0.504
151500,0.081,0.389,0.530
152000,0.078,0.394,0.528
152500,0.086,0.396,0.518
153000,0.084,0.361,0.555
153500,0.086,0.347,0.568
154000,0.086,0.338,0.575
154500,0.088,0.354,0.558
155000,0.086,0.383,0.530
155500,0.086,0.390,0.524
156000,0.091,0.393,0.516
156500,0.092,0.387,0.521
157000,0.098,0.359,0.543
157500,0.100,0.332,0.569
158000,0.102,0.337,0.561
158500,0.093,0.360,0.546
159000,0.081,0.360,0.559
159500,0.075,0.381,0.544
160000,0.095,0.356,0.548
160500,0.095,0.364,0.540
161000,0.091,0.363,0.546
161500,0.088,0.377,0.535
162000,0.092,0.397,0.510
162500,0.081,0.416,0.503
163000,0.081,0.418,0.501
163500,0.072,0.412,0.516
164000,0.074,0.416,0.510
164500,0.083,0.445,0.473
165000,0.086,0.447,0.467
165500,0.079,0.448,0.473
166000,0.074,0.438,0.487
166500,0.067,0.410,0.523
167000,0.067,0.437,0.496
167500,0.069,0.437,0.494
168000,0.065,0.436,0.499
168500,0.070,0.421,0.508
169000,0.084,0.414,0.502
169500,0.076,0.397,0.527
170000,0.097,0.362,0.541
170500,0.098,0.364,0.538
171000,0.100,0.374,0.526
171500,0.105,0.381,0.514
172000,0.101,0.365,0.534
172500,0.092,0.367,0.541
173000,0.092,0.357,0.551
173500,0.102,0.343,0.556
174000,0.106,0.337,0.557
174500,0.104,0.354,0.541
175000,0.109,0.332,0.559
175500,0.106,0.357,0.536
176000,0.104,0.336,0.560
176500,0.095,0.339,0.567
177000,0.095,0.386,0.520
177500,0.091,0.371,0.538
178000,0.099,0.378,0.524
178500,0.096,0.378,0.526
179000,0.091,0.353,0.556
179500,0.088,0.345,0.566
180000,0.088,0.363,0.548
180500,0.089,0.375,0.536
181000,0.086,0.383,0.531
181500,0.095,0.395,0.510
182000,0.088,0.396,0.516
182500,0.095,0.384,0.521
183000,0.087,0.398,0.515
183500,0.090,0.374,0.535
184000,0.083,0.396,0.522
184500,0.088,0.395,0.516
185000,0.075,0.440,0.486
185500,0.072,0.441,0.488
186000,0.076,0.431,0.493
186500,0.071,0.423,0.506
187000,0.083,0.404,0.514
187500,0.082,0.397,0.521
188000,0.079,0.412,0.509
188500,0.083,0.411,0.506
189000,0.073,0.415,0.512
189500,0.068,0.447,0.485
190000,0.073,0.436,0.490
190500,0.077,0.440,0.483
191000,0.068,0.419,0.512
191500,0.072,0.441,0.487
192000,0.078,0.421,0.501
192500,0.078,0.444,0.478
193000,0.076,0.453,0.470
193500,0.075,0.445,0.479
194000,0.070,0.460,0.470
194500,0.073,0.453,0.475
195000,0.070,0.451,0.479
195500,0.073,0.448,0.480
196000,0.068,0.450,0.482
196500,0.069,0.442,0.489
197000,0.071,0.445,0.483
197500,0.080,0.451,0.470
198000,0.068,0.461,0.471
198500,0.070,0.461,0.468
199000,0.073,0.439,0.487
199500,0.081,0.426,0.493
200000,0.083,0.424,0.493
200500,0.082,0.415,0.503
201000,0.080,0.427,0.493
201500,0.077,0.450,0.473
202000,0.076,0.446,0.477
202500,0.068,0.472,0.460
203000,0.066,0.464,0.470
203500,0.069,0.447,0.484
204000,0.069,0.438,0.493
204500,0.079,0.444,0.478
205000,0.073,0.430,0.497
205500,0.077,0.441,0.481
206000,0.075,0.414,0.510
206500,0.068,0.433,0.499
207000,0.070,0.429,0.500
207500,0.065,0.441,0.495
208000,0.067,0.419,0.514
208500,0.066,0.432,0.502
209000,0.070,0.429,0.500
209500,0.069,0.468,0.464
210000,0.069,0.464,0.468
210500,0.062,0.462,0.476
211000,0.062,0.455,0.483
211500,0.059,0.469,0.472
212000,0.061,0.481,0.458
212500,0.062,0.497,0.440
213000,0.061,0.473,0.466
213500,0.067,0.458,0.475
214000,0.064,0.461,0.475
214500,0.063,0.463,0.474
215000,0.067,0.466,0.468
215500,0.066,0.458,0.476
216000,0.073,0.435,0.492
216500,0.069,0.438,0.493
217000,0.062,0.421,0.517
217500,0.066,0.411,0.523
218000,0.071,0.398,0.530
218500,0.074,0.398,0.528
219000,0.085,0.386,0.530
219500,0.089,0.371,0.540
220000,0.090,0.374,0.536
220500,0.088,0.387,0.526
221000,0.087,0.377,0.536
221500,0.082,0.370,0.548
222000,0.082,0.389,0.530
222500,0.085,0.382,0.533
223000,0.089,0.383,0.527
223500,0.088,0.375,0.537
224000,0.081,0.389,0.531
224500,0.087,0.398,0.515
225000,0.083,0.411,0.506
225500,0.087,0.426,0.486
226000,0.077,0.444,0.480
226500,0.076,0.426,0.497
227000,0.086,0.378,0.536
227500,0.077,0.405,0.518
228000,0.072,0.419,0.508
228500,0.073,0.392,0.535
229000,0.083,0.395,0.522
229500,0.081,0.383,0.537
230000,0.085,0.355,0.560
230500,0.077,0.359,0.564
231000,0.086,0.383,0.531
231500,0.092,0.381,0.526
232000,0.085,0.381,0.535
232500,0.090,0.373,0.537
233000,0.089,0.374,0.537
233500,0.105,0.344,0.551
234000,0.101,0.319,0.581
234500,0.117,0.304,0.579
235000,0.116,0.290,0.594
235500,0.120,0.272,0.608
236000,0.131,0.283,0.586
236500,0.154,0.261,0.585
237000,0.151,0.261,0.589
237500,0.164,0.240,0.595
238000,0.172,0.237,0.591
238500,0.171,0.240,0.590
239000,0.170,0.218,0.611
239500,0.167,0.212,0.621
240000,0.189,0.190,0.621
240500,0.191,0.184,0.624
241000,0.222,0.142,0.636
241500,0.253,0.124,0.623
242000,0.304,0.109,0.587
242500,0.311,0.096,0.593
243000,0.334,0.079,0.587
243500,0.389,0.070,0.540
244000,0.402,0.051,0.546
244500,0.463,0.028,0.509
245000,0.519,0.024,0.457
245500,0.557,0.011,0.431
246000,0.552,0.009,0.439
246500,0.631,0.009,0.360
247000,0.667,0.009,0.324
247500,0.694,0.004,0.302
248000,0.715,0.002,0.283
248500,0.731,0.001,0.269
249000,0.746,0.001,0.254
249500,0.782,0.000,0.218
250000,0.821,0.000,0.179
250500,0.847,0.000,0.153
251000,0.862,0.000,0.138
251500,0.844,0.000,0.156
252000,0.859,0.000,0.141
252500,0.869,0.000,0.131
253000,0.874,0.000,0.126
253500,0.886,0.000,0.114
254000,0.899,0.000,0.101
254500,0.891,0.000,0.109
255000,0.906,0.000,0.094
255500,0.906,0.000,0.094
256000,0.912,0.000,0.088
256500,0.892,0.000,0.108
257000,0.904,0.000,0.096
257500,0.907,0.000,0.093
258000,0.909,0.000,0.091
258500,0.888,0.000,0.112
259000,0.902,0.000,0.098
259500,0.910,0.000,0.090
260000,0.906,0.000,0.094
260500,0.921,0.000,0.079
261000,0.939,0.000,0.061
261500,0.939,0.000,0.061
262000,0.939,0.000,0.061
262500,0.942,0.000,0.058
263000,0.954,0.000,0.046
263500,0.960,0.000,0.040
264000,0.966,0.000,0.034
264500,0.969,0.000,0.031
265000,0.973,0.000,0.027
265500,0.966,0.000,0.034
266000,0.967,0.000,0.033
266500,0.972,0.000,0.028
267000,0.971,0.000,0.029
267500,0.972,0.000,0.028
268000,0.976,0.000,0.024
268500,0.972,0.000,0.028
269000,0.970,0.000,0.030
269500,0.971,0.000,0.029
270000,0.972,0.000,0.028
270500,0.974,0.000,0.026
271000,0.973,0.000,0.027
271500,0.975,0.000,0.025
272000,0.982,0.000,0.018
272500,0.987,0.000,0.013
273000,0.985,0.000,0.015
273500,0.991,0.000,0.009
274000,0.990,0.000,0.010
274500,0.991,0.000,0.009
275000,0.997,0.000,0.003
275500,0.996,0.000,0.004
276000,0.998,0.000,0.002
276500,0.997,0.000,0.003
277000,0.997,0.000,0.003
277500,0.995,0.000,0.005
278000,0.991,0.000,0.009
278500,0.994,0.000,0.006
279000,0.993,0.000,0.007
279500,0.996,0.000,0.004
280000,0.995,0.000,0.005
280500,0.994,0.000,0.006
281000,0.996,0.000,0.004
281500,0.995,0.000,0.005
282000,0.994,0.000,0.006
282500,0.991,0.000,0.009
283000,0.992,0.000,0.008
283500,0.997,0.000,0.003
284000,0.998,0.000,0.002
284500,0.996,0.000,0.004
285000,0.998,0.000,0.002
285500,0.999,0.000,0.001
286000,1.000,0.000,0.000
