time,n_A+p,n_B,n_AB
500,0.030,0.811,0.159
1000,0.030,0.565,0.405
1500,0.030,0.241,0.728
2000,0.039,0.098,0.863
2500,0.053,0.067,0.880
3000,0.059,0.057,0.884
3500,0.089,0.033,0.879
4000,0.086,0.020,0.893
4500,0.075,0.017,0.908
5000,0.096,0.015,0.889
5500,0.100,0.013,0.887
6000,0.084,0.016,0.900
6500,0.098,0.013,0.890
7000,0.095,0.028,0.877
7500,0.075,0.024,0.901
8000,0.090,0.028,0.882
8500,0.100,0.011,0.889
9000,0.085,0.030,0.885
9500,0.106,0.024,0.869
10000,0.102,0.006,0.892
10500,0.076,0.028,0.895
11000,0.101,0.022,0.877
11500,0.085,0.021,0.895
12000,0.077,0.033,0.890
12500,0.091,0.008,0.901
13000,0.088,0.005,0.906
13500,0.123,0.014,0.863
14000,0.090,0.018,0.892
14500,0.101,0.021,0.878
15000,0.083,0.015,0.902
15500,0.085,0.021,0.894
16000,0.085,0.049,0.867
16500,0.059,0.021,0.920
17000,0.103,0.026,0.870
17500,0.077,0.027,0.896
18000,0.097,0.028,0.875
18500,0.115,0.019,0.866
19000,0.087,0.030,0.883
19500,0.074,0.022,0.903
20000,0.082,0.013,0.905
20500,0.086,0.025,0.889
21000,0.070,0.039,0.891
21500,0.093,0.021,0.886
22000,0.073,0.022,0.905
22500,0.097,0.018,0.885
23000,0.099,0.013,0.888
23500,0.112,0.014,0.874
24000,0.097,0.011,0.892
24500,0.084,0.005,0.911
25000,0.102,0.003,0.896
25500,0.122,0.004,0.873
26000,0.105,0.015,0.880
26500,0.085,0.026,0.889
27000,0.089,0.011,0.899
27500,0.098,0.019,0.883
28000,0.088,0.011,0.901
28500,0.085,0.012,0.903
29000,0.100,0.014,0.886
29500,0.076,0.015,0.908
30000,0.095,0.007,0.898
30500,0.120,0.015,0.865
31000,0.132,0.014,0.855
31500,0.090,0.027,0.882
32000,0.060,0.026,0.913
32500,0.089,0.024,0.887
33000,0.066,0.034,0.900
33500,0.098,0.019,0.883
34000,0.105,0.011,0.885
34500,0.091,0.018,0.892
35000,0.084,0.011,0.906
35500,0.084,0.015,0.901
36000,0.087,0.018,0.894
36500,0.092,0.025,0.883
37000,0.099,0.025,0.876
37500,0.107,0.029,0.865
38000,0.086,0.037,0.876
38500,0.068,0.038,0.894
39000,0.076,0.046,0.877
39500,0.069,0.036,0.895
40000,0.065,0.035,0.900
40500,0.095,0.025,0.880
41000,0.082,0.019,0.899
41500,0.098,0.011,0.891
42000,0.090,0.020,0.889
42500,0.089,0.007,0.903
43000,0.106,0.018,0.876
43500,0.090,0.018,0.893
44000,0.107,0.006,0.886
44500,0.095,0.009,0.896
45000,0.126,0.018,0.857
45500,0.106,0.018,0.876
46000,0.112,0.018,0.870
46500,0.098,0.018,0.885
47000,0.098,0.021,0.882
47500,0.089,0.005,0.905
48000,0.075,0.022,0.903
48500,0.053,0.031,0.916
49000,0.078,0.028,0.894
49500,0.111,0.011,0.878
50000,0.082,0.015,0.903
50500,0.082,0.015,0.903
51000,0.097,0.022,0.881
51500,0.088,0.021,0.890
52000,0.085,0.016,0.899
52500,0.086,0.015,0.899
53000,0.071,0.030,0.899
53500,0.113,0.018,0.870
54000,0.076,0.013,0.911
54500,0.097,0.011,0.893
55000,0.085,0.015,0.900
55500,0.095,0.016,0.889
56000,0.118,0.009,0.873
56500,0.081,0.009,0.910
57000,0.081,0.016,0.903
57500,0.093,0.025,0.882
58000,0.117,0.025,0.859
58500,0.103,0.013,0.883
59000,0.119,0.014,0.867
59500,0.102,0.034,0.865
60000,0.093,0.009,0.898
60500,0.088,0.019,0.892
61000,0.076,0.015,0.910
61500,0.089,0.014,0.897
62000,0.071,0.025,0.903
62500,0.076,0.032,0.892
63000,0.076,0.024,0.900
63500,0.064,0.036,0.900
64000,0.055,0.043,0.902
64500,0.085,0.026,0.889
65000,0.081,0.010,0.909
65500,0.091,0.011,0.899
66000,0.106,0.025,0.868
66500,0.112,0.007,0.881
67000,0.096,0.011,0.893
67500,0.110,0.008,0.882
68000,0.079,0.021,0.900
68500,0.089,0.012,0.898
69000,0.074,0.013,0.913
69500,0.102,0.019,0.878
70000,0.081,0.021,0.898
70500,0.079,0.018,0.904
71000,0.114,0.007,0.879
71500,0.102,0.011,0.887
72000,0.104,0.012,0.883
72500,0.098,0.007,0.895
73000,0.131,0.017,0.853
73500,0.095,0.008,0.897
74000,0.105,0.022,0.873
74500,0.090,0.032,0.877
75000,0.112,0.007,0.881
75500,0.133,0.011,0.856
76000,0.131,0.015,0.855
76500,0.086,0.027,0.886
77000,0.093,0.035,0.872
77500,0.091,0.016,0.892
78000,0.089,0.018,0.893
78500,0.099,0.026,0.875
79000,0.089,0.014,0.896
79500,0.085,0.016,0.899
80000,0.093,0.029,0.878
80500,0.092,0.015,0.892
81000,0.087,0.021,0.891
81500,0.076,0.012,0.912
82000,0.075,0.019,0.906
82500,0.073,0.018,0.908
83000,0.072,0.028,0.900
83500,0.080,0.037,0.883
84000,0.075,0.019,0.905
84500,0.088,0.022,0.890
85000,0.068,0.028,0.904
85500,0.067,0.036,0.897
86000,0.065,0.029,0.907
86500,0.081,0.020,0.899
87000,0.081,0.009,0.910
87500,0.131,0.011,0.858
88000,0.099,0.004,0.898
88500,0.094,0.027,0.879
89000,0.089,0.011,0.899
89500,0.061,0.016,0.922
90000,0.059,0.030,0.911
90500,0.059,0.034,0.908
91000,0.071,0.039,0.890
91500,0.079,0.029,0.892
92000,0.092,0.026,0.881
92500,0.074,0.030,0.896
93000,0.070,0.017,0.912
93500,0.098,0.021,0.881
94000,0.086,0.021,0.892
94500,0.070,0.033,0.897
95000,0.064,0.032,0.904
95500,0.064,0.037,0.899
96000,0.064,0.044,0.892
96500,0.086,0.028,0.886
97000,0.099,0.013,0.889
97500,0.094,0.037,0.869
98000,0.085,0.015,0.901
98500,0.101,0.018,0.882
99000,0.066,0.004,0.930
99500,0.080,0.006,0.914
100000,0.101,0.021,0.878
100500,0.081,0.016,0.903
101000,0.061,0.030,0.908
101500,0.099,0.013,0.888
102000,0.090,0.011,0.900
102500,0.086,0.002,0.912
103000,0.075,0.026,0.899
103500,0.092,0.027,0.880
104000,0.084,0.011,0.905
104500,0.094,0.021,0.886
105000,0.089,0.017,0.894
105500,0.067,0.021,0.913
106000,0.081,0.015,0.905
106500,0.069,0.034,0.897
107000,0.082,0.025,0.893
107500,0.090,0.018,0.892
108000,0.076,0.030,0.893
108500,0.075,0.022,0.903
109000,0.086,0.014,0.900
109500,0.091,0.018,0.890
110000,0.082,0.021,0.897
110500,0.095,0.029,0.876
111000,0.104,0.029,0.868
111500,0.100,0.019,0.881
112000,0.101,0.038,0.861
112500,0.075,0.033,0.893
113000,0.103,0.021,0.875
113500,0.074,0.011,0.914
114000,0.110,0.004,0.887
114500,0.108,0.008,0.883
115000,0.102,0.017,0.882
115500,0.111,0.018,0.871
116000,0.111,0.004,0.886
116500,0.119,0.011,0.870
117000,0.107,0.029,0.863
117500,0.084,0.015,0.901
118000,0.115,0.025,0.860
118500,0.114,0.019,0.867
119000,0.094,0.013,0.893
119500,0.110,0.004,0.887
120000,0.116,0.004,0.881
120500,0.108,0.024,0.869
121000,0.095,0.021,0.884
121500,0.087,0.003,0.909
122000,0.091,0.006,0.902
122500,0.072,0.026,0.901
123000,0.071,0.036,0.892
123500,0.061,0.042,0.897
124000,0.090,0.034,0.876
124500,0.056,0.042,0.902
125000,0.075,0.024,0.900
125500,0.084,0.016,0.900
126000,0.100,0.019,0.881
126500,0.105,0.009,0.887
127000,0.092,0.022,0.886
127500,0.120,0.007,0.873
128000,0.098,0.005,0.897
128500,0.099,0.029,0.872
129000,0.127,0.009,0.864
129500,0.111,0.004,0.886
130000,0.115,0.014,0.871
130500,0.096,0.005,0.899
131000,0.086,0.032,0.882
131500,0.105,0.019,0.875
132000,0.096,0.007,0.897
132500,0.100,0.019,0.881
133000,0.098,0.035,0.868
133500,0.083,0.032,0.885
134000,0.086,0.051,0.863
134500,0.067,0.021,0.912
135000,0.085,0.013,0.903
135500,0.093,0.015,0.892
136000,0.070,0.008,0.922
136500,0.077,0.033,0.890
137000,0.097,0.029,0.874
137500,0.092,0.022,0.885
138000,0.103,0.022,0.875
138500,0.098,0.013,0.889
139000,0.110,0.021,0.869
139500,0.096,0.012,0.892
140000,0.079,0.013,0.908
140500,0.085,0.019,0.896
141000,0.087,0.016,0.896
141500,0.100,0.018,0.883
142000,0.087,0.015,0.898
142500,0.079,0.021,0.901
143000,0.067,0.015,0.919
143500,0.082,0.033,0.885
144000,0.079,0.029,0.892
144500,0.071,0.042,0.888
145000,0.099,0.022,0.879
145500,0.056,0.048,0.896
146000,0.071,0.035,0.893
146500,0.091,0.027,0.882
147000,0.086,0.015,0.899
147500,0.088,0.021,0.891
148000,0.105,0.015,0.880
148500,0.074,0.032,0.895
149000,0.051,0.037,0.911
149500,0.060,0.035,0.905
150000,0.059,0.036,0.905
150500,0.065,0.036,0.899
151000,0.104,0.021,0.875
151500,0.096,0.006,0.898
152000,0.083,0.018,0.899
152500,0.078,0.031,0.891
153000,0.077,0.028,0.894
153500,0.060,0.035,0.904
154000,0.060,0.040,0.899
154500,0.073,0.028,0.898
155000,0.102,0.021,0.877
155500,0.085,0.029,0.887
156000,0.079,0.034,0.887
156500,0.082,0.046,0.872
157000,0.087,0.025,0.888
157500,0.093,0.007,0.900
158000,0.097,0.018,0.886
158500,0.112,0.005,0.883
159000,0.102,0.013,0.885
159500,0.085,0.029,0.886
160000,0.086,0.025,0.889
160500,0.096,0.007,0.897
161000,0.090,0.032,0.878
161500,0.079,0.021,0.900
162000,0.059,0.022,0.919
162500,0.081,0.036,0.883
163000,0.069,0.021,0.910
163500,0.086,0.034,0.880
164000,0.077,0.023,0.900
164500,0.076,0.037,0.886
165000,0.110,0.021,0.869
165500,0.111,0.011,0.879
166000,0.093,0.024,0.883
166500,0.088,0.007,0.904
167000,0.084,0.041,0.875
167500,0.088,0.029,0.882
168000,0.107,0.009,0.883
168500,0.120,0.012,0.868
169000,0.082,0.009,0.909
169500,0.103,0.018,0.880
170000,0.082,0.026,0.892
170500,0.084,0.029,0.887
171000,0.102,0.015,0.882
171500,0.086,0.016,0.898
172000,0.075,0.032,0.893
172500,0.095,0.033,0.873
173000,0.088,0.022,0.890
173500,0.065,0.031,0.904
174000,0.059,0.031,0.910
174500,0.067,0.035,0.898
175000,0.082,0.029,0.889
175500,0.059,0.023,0.917
176000,0.058,0.043,0.898
176500,0.067,0.035,0.898
177000,0.065,0.032,0.903
177500,0.081,0.021,0.898
178000,0.085,0.011,0.905
178500,0.087,0.030,0.883
179000,0.105,0.025,0.870
179500,0.111,0.015,0.874
180000,0.094,0.012,0.894
180500,0.079,0.021,0.900
181000,0.067,0.022,0.911
181500,0.067,0.022,0.911
182000,0.058,0.029,0.913
182500,0.096,0.011,0.893
183000,0.097,0.003,0.901
183500,0.147,0.008,0.845
184000,0.095,0.003,0.902
184500,0.080,0.032,0.889
185000,0.100,0.028,0.872
185500,0.094,0.005,0.901
186000,0.117,0.018,0.866
186500,0.081,0.019,0.900
187000,0.099,0.013,0.889
187500,0.093,0.021,0.886
188000,0.086,0.025,0.889
188500,0.113,0.006,0.881
189000,0.093,0.009,0.899
189500,0.093,0.021,0.885
190000,0.121,0.011,0.868
190500,0.094,0.007,0.899
191000,0.090,0.033,0.878
191500,0.102,0.026,0.872
192000,0.087,0.023,0.890
192500,0.068,0.005,0.927
193000,0.101,0.008,0.891
193500,0.101,0.021,0.878
194000,0.110,0.022,0.868
194500,0.112,0.018,0.870
195000,0.086,0.040,0.875
195500,0.081,0.030,0.889
196000,0.077,0.026,0.896
196500,0.100,0.022,0.878
197000,0.076,0.009,0.914
197500,0.108,0.014,0.878
198000,0.088,0.009,0.904
198500,0.081,0.029,0.890
199000,0.070,0.049,0.881
199500,0.068,0.025,0.907
200000,0.076,0.025,0.899
200500,0.102,0.022,0.876
201000,0.099,0.029,0.873
201500,0.066,0.042,0.892
202000,0.081,0.029,0.890
202500,0.085,0.013,0.902
203000,0.108,0.013,0.879
203500,0.089,0.007,0.904
204000,0.131,0.015,0.855
204500,0.114,0.013,0.873
205000,0.123,0.007,0.870
205500,0.081,0.015,0.905
206000,0.093,0.019,0.887
206500,0.069,0.015,0.916
207000,0.085,0.037,0.878
207500,0.076,0.034,0.889
208000,0.068,0.037,0.894
208500,0.093,0.019,0.888
209000,0.087,0.014,0.898
209500,0.072,0.021,0.907
210000,0.087,0.019,0.894
210500,0.098,0.016,0.886
211000,0.080,0.028,0.892
211500,0.054,0.047,0.898
212000,0.061,0.040,0.900
212500,0.116,0.020,0.864
213000,0.088,0.017,0.895
213500,0.094,0.015,0.891
214000,0.089,0.016,0.895
214500,0.107,0.016,0.877
215000,0.137,0.004,0.860
215500,0.159,0.004,0.837
216000,0.128,0.010,0.863
216500,0.093,0.016,0.890
217000,0.142,0.015,0.842
217500,0.088,0.006,0.905
218000,0.081,0.021,0.898
218500,0.096,0.024,0.881
219000,0.071,0.025,0.904
219500,0.080,0.029,0.891
220000,0.079,0.009,0.913
220500,0.083,0.022,0.895
221000,0.090,0.020,0.889
221500,0.101,0.022,0.877
222000,0.093,0.017,0.890
222500,0.124,0.015,0.862
223000,0.117,0.011,0.872
223500,0.097,0.029,0.874
224000,0.073,0.033,0.893
224500,0.079,0.017,0.904
225000,0.075,0.015,0.910
225500,0.087,0.024,0.890
226000,0.090,0.028,0.882
226500,0.111,0.011,0.878
227000,0.088,0.025,0.886
227500,0.115,0.004,0.881
228000,0.103,0.013,0.884
228500,0.115,0.017,0.869
229000,0.117,0.004,0.880
229500,0.107,0.017,0.876
230000,0.079,0.005,0.916
230500,0.105,0.021,0.875
231000,0.077,0.011,0.912
231500,0.070,0.024,0.906
232000,0.086,0.030,0.884
232500,0.099,0.017,0.884
233000,0.097,0.013,0.890
233500,0.090,0.011,0.899
234000,0.153,0.006,0.841
234500,0.092,0.013,0.895
235000,0.102,0.018,0.880
235500,0.071,0.034,0.896
236000,0.091,0.028,0.880
236500,0.111,0.033,0.856
237000,0.103,0.021,0.877
237500,0.139,0.021,0.841
238000,0.114,0.005,0.881
238500,0.121,0.028,0.852
239000,0.113,0.015,0.872
239500,0.071,0.015,0.914
240000,0.087,0.021,0.893
240500,0.140,0.007,0.853
241000,0.133,0.008,0.859
241500,0.108,0.017,0.875
242000,0.113,0.021,0.867
242500,0.107,0.016,0.877
243000,0.116,0.015,0.869
243500,0.114,0.014,0.872
244000,0.100,0.025,0.875
244500,0.089,0.010,0.901
245000,0.075,0.037,0.887
245500,0.067,0.030,0.903
246000,0.064,0.029,0.908
246500,0.085,0.028,0.887
247000,0.096,0.024,0.880
247500,0.082,0.043,0.876
248000,0.065,0.036,0.899
248500,0.083,0.015,0.902
249000,0.098,0.010,0.892
249500,0.095,0.023,0.882
250000,0.075,0.030,0.894
250500,0.099,0.011,0.890
251000,0.065,0.019,0.916
251500,0.089,0.035,0.876
252000,0.064,0.018,0.917
252500,0.097,0.021,0.882
253000,0.083,0.026,0.891
253500,0.070,0.029,0.900
254000,0.081,0.018,0.901
254500,0.098,0.017,0.886
255000,0.062,0.038,0.899
255500,0.080,0.034,0.887
256000,0.070,0.019,0.910
256500,0.068,0.019,0.913
257000,0.068,0.015,0.917
257500,0.072,0.026,0.901
258000,0.075,0.029,0.895
258500,0.085,0.009,0.906
259000,0.089,0.027,0.883
259500,0.115,0.019,0.866
260000,0.116,0.018,0.866
260500,0.081,0.028,0.892
261000,0.088,0.025,0.887
261500,0.110,0.005,0.885
262000,0.090,0.017,0.893
262500,0.087,0.028,0.884
263000,0.077,0.028,0.895
263500,0.074,0.022,0.904
264000,0.091,0.020,0.889
264500,0.103,0.026,0.870
265000,0.113,0.013,0.874
265500,0.100,0.014,0.886
266000,0.074,0.014,0.911
266500,0.083,0.034,0.883
267000,0.076,0.021,0.903
267500,0.086,0.018,0.897
268000,0.098,0.015,0.887
268500,0.084,0.031,0.885
269000,0.093,0.019,0.888
269500,0.072,0.026,0.901
270000,0.050,0.038,0.911
270500,0.092,0.026,0.882
271000,0.084,0.021,0.895
271500,0.087,0.017,0.897
272000,0.081,0.024,0.896
272500,0.086,0.037,0.877
273000,0.090,0.036,0.873
273500,0.085,0.011,0.904
274000,0.085,0.021,0.894
274500,0.095,0.020,0.885
275000,0.086,0.031,0.882
275500,0.092,0.038,0.869
276000,0.113,0.018,0.869
276500,0.070,0.016,0.914
277000,0.100,0.021,0.880
277500,0.107,0.015,0.878
278000,0.092,0.011,0.898
278500,0.089,0.028,0.882
279000,0.088,0.018,0.894
279500,0.095,0.014,0.891
280000,0.074,0.016,0.909
280500,0.085,0.015,0.901
281000,0.077,0.029,0.894
281500,0.061,0.045,0.894
282000,0.074,0.025,0.900
282500,0.082,0.013,0.905
283000,0.092,0.007,0.901
283500,0.113,0.021,0.866
284000,0.117,0.009,0.874
284500,0.099,0.013,0.889
285000,0.072,0.029,0.900
285500,0.087,0.009,0.903
286000,0.097,0.019,0.884
286500,0.076,0.015,0.908
287000,0.118,0.011,0.870
287500,0.129,0.015,0.856
288000,0.108,0.013,0.878
288500,0.086,0.019,0.895
289000,0.089,0.017,0.893
289500,0.097,0.019,0.884
290000,0.071,0.017,0.912
290500,0.081,0.025,0.895
291000,0.087,0.015,0.898
291500,0.115,0.009,0.876
292000,0.103,0.015,0.883
292500,0.095,0.011,0.894
293000,0.117,0.018,0.866
293500,0.089,0.007,0.903
294000,0.085,0.013,0.902
294500,0.096,0.018,0.886
295000,0.077,0.033,0.891
295500,0.072,0.037,0.891
296000,0.071,0.025,0.904
296500,0.075,0.015,0.910
297000,0.084,0.020,0.896
297500,0.086,0.034,0.880
298000,0.083,0.043,0.874
298500,0.084,0.015,0.902
299000,0.066,0.021,0.913
299500,0.092,0.029,0.880
300000,0.077,0.021,0.901
300500,0.066,0.028,0.906
301000,0.086,0.033,0.882
301500,0.061,0.028,0.911
302000,0.073,0.024,0.904
302500,0.064,0.030,0.906
303000,0.086,0.025,0.889
303500,0.089,0.011,0.901
304000,0.086,0.025,0.889
304500,0.087,0.017,0.897
305000,0.116,0.009,0.875
305500,0.089,0.018,0.892
306000,0.097,0.020,0.883
306500,0.080,0.025,0.895
307000,0.083,0.014,0.903
307500,0.080,0.019,0.901
308000,0.095,0.026,0.879
308500,0.079,0.030,0.891
309000,0.088,0.023,0.888
309500,0.085,0.027,0.888
310000,0.081,0.042,0.877
310500,0.067,0.017,0.916
311000,0.072,0.020,0.908
311500,0.093,0.037,0.869
312000,0.065,0.053,0.882
312500,0.077,0.036,0.887
313000,0.067,0.029,0.904
313500,0.096,0.028,0.876
314000,0.086,0.029,0.884
314500,0.080,0.021,0.899
315000,0.110,0.028,0.862
315500,0.104,0.018,0.878
316000,0.083,0.013,0.904
316500,0.086,0.033,0.881
317000,0.102,0.015,0.884
317500,0.097,0.034,0.870
318000,0.089,0.021,0.890
318500,0.105,0.022,0.873
319000,0.115,0.022,0.863
319500,0.123,0.019,0.858
320000,0.092,0.028,0.881
320500,0.085,0.027,0.888
321000,0.084,0.023,0.893
321500,0.092,0.044,0.863
322000,0.089,0.018,0.893
322500,0.120,0.019,0.860
323000,0.093,0.026,0.880
323500,0.132,0.023,0.846
324000,0.111,0.021,0.868
324500,0.114,0.013,0.873
325000,0.095,0.024,0.882
325500,0.082,0.021,0.897
326000,0.082,0.021,0.898
326500,0.073,0.028,0.900
327000,0.074,0.042,0.884
327500,0.086,0.024,0.890
328000,0.071,0.024,0.904
328500,0.099,0.019,0.882
329000,0.083,0.022,0.895
329500,0.076,0.015,0.909
330000,0.117,0.013,0.870
330500,0.116,0.011,0.873
331000,0.097,0.015,0.889
331500,0.067,0.015,0.918
332000,0.106,0.022,0.872
332500,0.102,0.011,0.887
333000,0.098,0.022,0.880
333500,0.081,0.017,0.903
334000,0.121,0.013,0.866
334500,0.118,0.018,0.864
335000,0.086,0.004,0.910
335500,0.091,0.023,0.885
336000,0.082,0.035,0.883
336500,0.084,0.021,0.896
337000,0.079,0.026,0.895
337500,0.070,0.025,0.904
338000,0.059,0.013,0.928
338500,0.083,0.009,0.909
339000,0.102,0.026,0.871
339500,0.083,0.011,0.907
340000,0.088,0.013,0.899
340500,0.121,0.014,0.865
341000,0.087,0.037,0.876
341500,0.072,0.035,0.893
342000,0.065,0.033,0.902
342500,0.070,0.024,0.906
343000,0.093,0.032,0.874
343500,0.074,0.019,0.907
344000,0.082,0.029,0.890
344500,0.063,0.043,0.895
345000,0.106,0.024,0.870
345500,0.089,0.020,0.890
346000,0.070,0.018,0.911
346500,0.079,0.029,0.893
347000,0.081,0.025,0.894
347500,0.106,0.015,0.880
348000,0.105,0.025,0.870
348500,0.104,0.025,0.871
349000,0.086,0.018,0.896
349500,0.102,0.017,0.882
350000,0.105,0.008,0.887
350500,0.100,0.011,0.889
351000,0.097,0.029,0.875
351500,0.097,0.020,0.883
352000,0.079,0.025,0.896
352500,0.061,0.026,0.913
353000,0.071,0.032,0.896
353500,0.086,0.031,0.882
354000,0.099,0.013,0.888
354500,0.092,0.013,0.894
355000,0.096,0.012,0.892
355500,0.104,0.012,0.883
356000,0.088,0.011,0.900
356500,0.111,0.005,0.884
357000,0.104,0.011,0.885
357500,0.099,0.015,0.886
358000,0.103,0.009,0.887
358500,0.114,0.009,0.877
359000,0.107,0.010,0.882
359500,0.102,0.007,0.891
360000,0.091,0.015,0.893
360500,0.075,0.013,0.911
361000,0.070,0.018,0.911
361500,0.065,0.041,0.895
362000,0.077,0.026,0.897
362500,0.080,0.006,0.914
363000,0.088,0.029,0.883
363500,0.087,0.017,0.897
364000,0.070,0.030,0.899
364500,0.064,0.028,0.908
365000,0.079,0.018,0.903
365500,0.103,0.009,0.888
366000,0.083,0.015,0.903
366500,0.108,0.021,0.870
367000,0.086,0.011,0.903
367500,0.081,0.015,0.904
368000,0.091,0.038,0.870
368500,0.092,0.030,0.878
369000,0.090,0.034,0.876
369500,0.127,0.014,0.859
370000,0.113,0.009,0.878
370500,0.097,0.014,0.889
371000,0.102,0.025,0.873
371500,0.114,0.013,0.873
372000,0.104,0.011,0.885
372500,0.064,0.024,0.912
373000,0.085,0.027,0.888
373500,0.097,0.021,0.882
374000,0.075,0.029,0.896
374500,0.058,0.035,0.907
375000,0.068,0.040,0.892
375500,0.064,0.047,0.889
376000,0.081,0.032,0.888
376500,0.077,0.034,0.889
377000,0.064,0.040,0.897
377500,0.072,0.043,0.885
378000,0.102,0.029,0.868
378500,0.068,0.026,0.906
379000,0.089,0.024,0.887
379500,0.090,0.022,0.887
380000,0.097,0.018,0.886
380500,0.112,0.004,0.885
381000,0.086,0.013,0.901
381500,0.121,0.017,0.862
382000,0.108,0.021,0.870
382500,0.113,0.011,0.876
383000,0.070,0.013,0.918
383500,0.072,0.006,0.921
384000,0.103,0.015,0.883
384500,0.093,0.017,0.890
385000,0.082,0.019,0.899
385500,0.113,0.021,0.867
386000,0.102,0.021,0.877
386500,0.073,0.030,0.897
387000,0.074,0.037,0.888
387500,0.064,0.021,0.915
388000,0.092,0.018,0.889
388500,0.103,0.008,0.888
389000,0.105,0.017,0.878
389500,0.092,0.025,0.883
390000,0.107,0.021,0.871
390500,0.096,0.028,0.876
391000,0.099,0.015,0.887
391500,0.097,0.017,0.886
392000,0.088,0.035,0.877
392500,0.101,0.026,0.873
393000,0.089,0.037,0.874
393500,0.065,0.030,0.905
394000,0.099,0.021,0.880
394500,0.064,0.049,0.887
395000,0.056,0.044,0.899
395500,0.067,0.029,0.904
396000,0.109,0.020,0.871
396500,0.088,0.009,0.903
397000,0.087,0.015,0.898
397500,0.089,0.013,0.898
398000,0.159,0.002,0.840
398500,0.102,0.004,0.893
399000,0.073,0.017,0.909
399500,0.078,0.029,0.893
400000,0.077,0.030,0.893
400500,0.071,0.051,0.878
401000,0.068,0.029,0.902
401500,0.065,0.023,0.912
402000,0.080,0.014,0.906
402500,0.109,0.016,0.875
403000,0.075,0.028,0.897
403500,0.077,0.030,0.892
404000,0.091,0.039,0.870
404500,0.090,0.026,0.883
405000,0.099,0.008,0.893
405500,0.076,0.022,0.901
406000,0.069,0.019,0.912
406500,0.077,0.032,0.891
407000,0.077,0.031,0.892
407500,0.071,0.042,0.888
408000,0.075,0.040,0.885
408500,0.084,0.032,0.885
409000,0.081,0.011,0.908
409500,0.118,0.018,0.864
410000,0.122,0.005,0.872
410500,0.096,0.025,0.880
411000,0.096,0.012,0.892
411500,0.091,0.006,0.903
412000,0.092,0.015,0.893
412500,0.106,0.025,0.869
413000,0.106,0.016,0.877
413500,0.108,0.013,0.880
414000,0.088,0.018,0.895
414500,0.086,0.006,0.907
415000,0.069,0.026,0.905
415500,0.070,0.033,0.897
416000,0.083,0.041,0.877
416500,0.096,0.024,0.880
417000,0.104,0.007,0.889
417500,0.076,0.019,0.905
418000,0.068,0.018,0.914
418500,0.096,0.043,0.861
419000,0.095,0.021,0.884
419500,0.106,0.015,0.880
420000,0.073,0.028,0.898
420500,0.092,0.032,0.876
421000,0.083,0.039,0.878
421500,0.107,0.016,0.877
422000,0.078,0.017,0.905
422500,0.088,0.009,0.903
423000,0.092,0.019,0.888
423500,0.098,0.012,0.890
424000,0.120,0.024,0.857
424500,0.100,0.014,0.886
425000,0.077,0.011,0.911
425500,0.096,0.009,0.895
426000,0.091,0.010,0.899
426500,0.100,0.013,0.888
427000,0.126,0.006,0.868
427500,0.098,0.017,0.886
428000,0.076,0.023,0.900
428500,0.079,0.022,0.899
429000,0.081,0.033,0.886
429500,0.105,0.018,0.877
430000,0.089,0.006,0.905
430500,0.098,0.032,0.870
431000,0.093,0.031,0.875
431500,0.102,0.017,0.881
432000,0.085,0.008,0.907
432500,0.080,0.013,0.907
433000,0.115,0.006,0.879
433500,0.085,0.018,0.897
434000,0.068,0.022,0.910
434500,0.080,0.018,0.902
435000,0.084,0.011,0.905
435500,0.091,0.022,0.887
436000,0.073,0.046,0.881
436500,0.053,0.023,0.923
437000,0.116,0.019,0.865
437500,0.135,0.009,0.857
438000,0.110,0.025,0.865
438500,0.128,0.009,0.863
439000,0.102,0.014,0.884
439500,0.098,0.018,0.885
440000,0.100,0.013,0.888
440500,0.099,0.005,0.896
441000,0.074,0.021,0.904
441500,0.083,0.042,0.875
442000,0.073,0.022,0.904
442500,0.085,0.034,0.882
443000,0.067,0.022,0.911
443500,0.091,0.014,0.894
444000,0.094,0.018,0.888
444500,0.127,0.004,0.869
445000,0.107,0.002,0.891
445500,0.092,0.012,0.896
446000,0.076,0.029,0.895
446500,0.082,0.011,0.907
447000,0.088,0.024,0.888
447500,0.076,0.030,0.893
448000,0.095,0.029,0.876
448500,0.088,0.020,0.891
449000,0.104,0.010,0.886
449500,0.134,0.007,0.859
450000,0.076,0.018,0.906
450500,0.083,0.042,0.876
451000,0.069,0.022,0.909
451500,0.084,0.024,0.893
452000,0.090,0.028,0.881
452500,0.060,0.040,0.900
453000,0.070,0.032,0.898
453500,0.067,0.029,0.905
454000,0.070,0.017,0.913
454500,0.067,0.019,0.914
455000,0.101,0.031,0.868
455500,0.077,0.022,0.900
456000,0.086,0.016,0.898
456500,0.091,0.026,0.882
457000,0.092,0.022,0.885
457500,0.085,0.025,0.891
458000,0.101,0.015,0.885
458500,0.119,0.007,0.874
459000,0.108,0.009,0.883
459500,0.102,0.026,0.872
460000,0.070,0.029,0.900
460500,0.080,0.011,0.909
461000,0.086,0.014,0.900
461500,0.095,0.006,0.899
462000,0.130,0.005,0.865
462500,0.105,0.001,0.895
463000,0.126,0.013,0.862
463500,0.096,0.009,0.896
464000,0.083,0.030,0.887
464500,0.085,0.029,0.886
465000,0.067,0.037,0.896
465500,0.070,0.043,0.888
466000,0.077,0.028,0.895
466500,0.084,0.029,0.887
467000,0.086,0.021,0.892
467500,0.083,0.011,0.906
468000,0.085,0.018,0.897
468500,0.058,0.057,0.885
469000,0.057,0.046,0.896
469500,0.058,0.040,0.902
470000,0.084,0.029,0.888
470500,0.080,0.022,0.898
471000,0.096,0.029,0.875
471500,0.096,0.019,0.885
472000,0.093,0.029,0.878
472500,0.089,0.017,0.894
473000,0.074,0.018,0.908
473500,0.071,0.035,0.893
474000,0.086,0.025,0.888
474500,0.100,0.018,0.883
475000,0.110,0.021,0.869
475500,0.099,0.021,0.880
476000,0.100,0.033,0.867
476500,0.068,0.029,0.902
477000,0.095,0.015,0.890
477500,0.122,0.013,0.866
478000,0.102,0.030,0.868
478500,0.098,0.025,0.878
479000,0.090,0.014,0.896
479500,0.112,0.020,0.868
480000,0.114,0.011,0.875
480500,0.092,0.016,0.891
481000,0.083,0.018,0.900
481500,0.064,0.034,0.902
482000,0.055,0.034,0.911
482500,0.085,0.028,0.887
483000,0.090,0.035,0.874
483500,0.084,0.034,0.882
484000,0.064,0.031,0.905
484500,0.070,0.036,0.893
485000,0.067,0.025,0.908
485500,0.095,0.026,0.879
486000,0.066,0.028,0.906
486500,0.080,0.029,0.891
487000,0.087,0.016,0.897
487500,0.112,0.003,0.885
488000,0.086,0.006,0.907
488500,0.111,0.011,0.878
489000,0.087,0.009,0.903
489500,0.072,0.015,0.913
490000,0.089,0.011,0.900
490500,0.084,0.019,0.897
491000,0.086,0.038,0.876
491500,0.063,0.019,0.918
492000,0.085,0.015,0.900
492500,0.096,0.027,0.877
493000,0.095,0.011,0.894
493500,0.059,0.007,0.933
494000,0.093,0.029,0.879
494500,0.081,0.018,0.902
495000,0.130,0.009,0.862
495500,0.142,0.003,0.855
496000,0.113,0.017,0.870
496500,0.080,0.006,0.914
497000,0.077,0.035,0.888
497500,0.075,0.030,0.894
498000,0.059,0.032,0.908
498500,0.059,0.031,0.910
499000,0.073,0.045,0.881
499500,0.097,0.019,0.884
500000,0.097,0.019,0.884
500500,0.103,0.013,0.884
501000,0.078,0.011,0.911
501500,0.059,0.029,0.912
502000,0.076,0.039,0.885
502500,0.084,0.029,0.888
503000,0.114,0.013,0.873
503500,0.077,0.026,0.897
504000,0.092,0.014,0.894
504500,0.093,0.022,0.884
505000,0.087,0.026,0.886
505500,0.076,0.011,0.913
506000,0.096,0.025,0.879
506500,0.086,0.029,0.886
507000,0.095,0.017,0.888
507500,0.109,0.012,0.879
508000,0.105,0.026,0.869
508500,0.097,0.019,0.884
509000,0.070,0.002,0.927
509500,0.058,0.038,0.904
510000,0.050,0.035,0.915
510500,0.052,0.034,0.913
511000,0.093,0.025,0.882
511500,0.101,0.013,0.887
512000,0.103,0.020,0.876
512500,0.097,0.018,0.885
513000,0.109,0.013,0.879
513500,0.092,0.017,0.891
514000,0.108,0.013,0.879
514500,0.086,0.013,0.901
515000,0.093,0.011,0.896
515500,0.092,0.017,0.892
516000,0.131,0.024,0.846
516500,0.120,0.006,0.873
517000,0.110,0.011,0.880
517500,0.103,0.017,0.880
518000,0.113,0.012,0.875
518500,0.119,0.010,0.871
519000,0.082,0.021,0.897
519500,0.071,0.031,0.897
520000,0.071,0.021,0.908
520500,0.097,0.007,0.896
521000,0.089,0.035,0.875
521500,0.089,0.022,0.888
522000,0.069,0.036,0.895
522500,0.090,0.030,0.879
523000,0.097,0.018,0.886
523500,0.089,0.021,0.889
524000,0.100,0.012,0.888
524500,0.077,0.034,0.889
525000,0.084,0.024,0.892
525500,0.071,0.038,0.891
526000,0.072,0.018,0.909
526500,0.114,0.013,0.873
527000,0.110,0.010,0.880
527500,0.084,0.021,0.895
528000,0.086,0.030,0.883
528500,0.109,0.009,0.882
529000,0.076,0.021,0.904
529500,0.059,0.022,0.918
530000,0.084,0.017,0.899
530500,0.094,0.015,0.891
531000,0.090,0.025,0.886
531500,0.088,0.011,0.901
532000,0.089,0.025,0.886
532500,0.093,0.020,0.887
533000,0.072,0.043,0.885
533500,0.110,0.017,0.874
534000,0.084,0.014,0.902
534500,0.069,0.022,0.909
535000,0.071,0.038,0.891
535500,0.065,0.066,0.870
536000,0.080,0.025,0.895
536500,0.089,0.047,0.864
537000,0.102,0.022,0.876
537500,0.086,0.021,0.893
538000,0.061,0.052,0.886
538500,0.056,0.039,0.905
539000,0.073,0.020,0.907
539500,0.098,0.029,0.873
540000,0.090,0.021,0.889
540500,0.088,0.017,0.895
541000,0.094,0.029,0.877
541500,0.089,0.009,0.902
542000,0.095,0.010,0.895
542500,0.102,0.017,0.882
543000,0.087,0.011,0.902
543500,0.089,0.005,0.906
544000,0.093,0.009,0.898
544500,0.083,0.013,0.905
545000,0.091,0.017,0.892
545500,0.066,0.036,0.898
546000,0.086,0.021,0.893
546500,0.074,0.040,0.886
547000,0.087,0.042,0.871
547500,0.090,0.028,0.881
548000,0.082,0.019,0.899
548500,0.107,0.013,0.879
549000,0.095,0.011,0.894
549500,0.102,0.013,0.884
550000,0.111,0.020,0.869
550500,0.131,0.007,0.862
551000,0.093,0.005,0.901
551500,0.087,0.011,0.903
552000,0.074,0.021,0.906
552500,0.070,0.016,0.914
553000,0.077,0.021,0.901
553500,0.104,0.013,0.883
554000,0.091,0.006,0.902
554500,0.076,0.027,0.897
555000,0.064,0.047,0.889
555500,0.077,0.015,0.908
556000,0.130,0.021,0.850
556500,0.110,0.017,0.874
557000,0.094,0.007,0.899
557500,0.093,0.025,0.881
558000,0.083,0.011,0.907
558500,0.090,0.026,0.884
559000,0.075,0.027,0.898
559500,0.092,0.035,0.874
560000,0.090,0.030,0.880
560500,0.086,0.024,0.890
561000,0.091,0.009,0.900
561500,0.099,0.004,0.897
562000,0.155,0.008,0.837
562500,0.132,0.011,0.857
563000,0.108,0.015,0.877
563500,0.092,0.009,0.898
564000,0.097,0.020,0.883
564500,0.081,0.015,0.905
565000,0.070,0.029,0.901
565500,0.090,0.022,0.888
566000,0.088,0.015,0.898
566500,0.060,0.036,0.903
567000,0.059,0.026,0.915
567500,0.068,0.019,0.912
568000,0.088,0.024,0.888
568500,0.087,0.019,0.894
569000,0.066,0.013,0.921
569500,0.117,0.004,0.879
570000,0.100,0.007,0.893
570500,0.085,0.007,0.908
571000,0.104,0.025,0.870
571500,0.059,0.032,0.908
572000,0.068,0.034,0.898
572500,0.107,0.011,0.881
573000,0.087,0.002,0.911
573500,0.110,0.011,0.879
574000,0.086,0.012,0.902
574500,0.094,0.008,0.898
575000,0.109,0.007,0.884
575500,0.089,0.018,0.893
576000,0.067,0.025,0.909
576500,0.055,0.023,0.922
577000,0.068,0.040,0.893
577500,0.088,0.029,0.883
578000,0.070,0.026,0.903
578500,0.062,0.029,0.909
579000,0.088,0.018,0.894
579500,0.102,0.019,0.879
580000,0.130,0.013,0.858
580500,0.110,0.021,0.870
581000,0.115,0.024,0.862
581500,0.072,0.019,0.908
582000,0.075,0.030,0.894
582500,0.096,0.020,0.884
583000,0.100,0.024,0.877
583500,0.089,0.015,0.895
584000,0.091,0.011,0.899
584500,0.117,0.012,0.871
585000,0.099,0.024,0.878
585500,0.089,0.021,0.890
586000,0.090,0.013,0.896
586500,0.072,0.041,0.886
587000,0.087,0.024,0.889
587500,0.080,0.029,0.891
588000,0.070,0.029,0.901
588500,0.080,0.018,0.902
589000,0.088,0.016,0.895
589500,0.087,0.036,0.876
590000,0.071,0.019,0.910
590500,0.070,0.016,0.914
591000,0.094,0.018,0.889
591500,0.066,0.028,0.906
592000,0.074,0.040,0.886
592500,0.082,0.035,0.883
593000,0.071,0.017,0.912
593500,0.079,0.028,0.893
594000,0.105,0.014,0.881
594500,0.101,0.013,0.886
595000,0.059,0.012,0.929
595500,0.079,0.026,0.895
596000,0.095,0.033,0.872
596500,0.085,0.023,0.892
597000,0.071,0.026,0.902
597500,0.070,0.033,0.896
598000,0.113,0.011,0.876
598500,0.101,0.009,0.890
599000,0.097,0.011,0.892
599500,0.114,0.013,0.874
600000,0.103,0.021,0.877
600500,0.103,0.029,0.867
601000,0.101,0.024,0.876
601500,0.084,0.022,0.894
602000,0.102,0.007,0.891
602500,0.102,0.006,0.891
603000,0.087,0.011,0.903
603500,0.071,0.025,0.904
604000,0.073,0.019,0.908
604500,0.075,0.024,0.901
605000,0.066,0.037,0.896
605500,0.097,0.015,0.889
606000,0.104,0.015,0.882
606500,0.086,0.004,0.910
607000,0.114,0.002,0.884
607500,0.107,0.009,0.884
608000,0.080,0.011,0.910
608500,0.073,0.019,0.907
609000,0.093,0.015,0.893
609500,0.068,0.051,0.881
610000,0.068,0.050,0.882
610500,0.100,0.028,0.873
611000,0.107,0.017,0.876
611500,0.088,0.016,0.896
612000,0.086,0.019,0.895
612500,0.102,0.014,0.884
613000,0.099,0.017,0.885
613500,0.112,0.010,0.878
614000,0.103,0.009,0.888
614500,0.095,0.015,0.891
615000,0.127,0.011,0.862
615500,0.100,0.015,0.886
616000,0.081,0.010,0.909
616500,0.081,0.021,0.898
617000,0.085,0.032,0.883
617500,0.084,0.024,0.892
618000,0.106,0.014,0.880
618500,0.101,0.012,0.887
619000,0.139,0.009,0.853
619500,0.131,0.015,0.854
620000,0.130,0.019,0.852
620500,0.109,0.006,0.885
621000,0.104,0.013,0.882
621500,0.084,0.021,0.895
622000,0.093,0.039,0.868
622500,0.100,0.020,0.880
623000,0.104,0.030,0.866
623500,0.116,0.011,0.874
624000,0.087,0.016,0.897
624500,0.086,0.029,0.884
625000,0.085,0.009,0.906
625500,0.097,0.018,0.886
626000,0.090,0.011,0.899
626500,0.088,0.020,0.891
627000,0.106,0.021,0.872
627500,0.098,0.015,0.887
628000,0.097,0.021,0.883
628500,0.083,0.011,0.906
629000,0.082,0.018,0.900
629500,0.060,0.021,0.918
630000,0.089,0.021,0.889
630500,0.096,0.027,0.877
631000,0.085,0.019,0.896
631500,0.078,0.028,0.894
632000,0.099,0.011,0.890
632500,0.096,0.006,0.898
633000,0.111,0.021,0.868
633500,0.115,0.013,0.872
634000,0.086,0.034,0.880
634500,0.073,0.035,0.892
635000,0.075,0.050,0.875
635500,0.086,0.025,0.889
636000,0.068,0.029,0.903
636500,0.089,0.004,0.907
637000,0.092,0.022,0.886
637500,0.086,0.021,0.893
638000,0.065,0.036,0.899
638500,0.070,0.032,0.897
639000,0.079,0.028,0.893
639500,0.076,0.023,0.900
640000,0.086,0.028,0.886
640500,0.077,0.035,0.889
641000,0.068,0.030,0.901
641500,0.076,0.024,0.900
642000,0.105,0.019,0.875
642500,0.126,0.006,0.868
643000,0.131,0.022,0.847
643500,0.072,0.022,0.906
644000,0.120,0.015,0.864
644500,0.100,0.005,0.895
645000,0.091,0.015,0.893
645500,0.069,0.033,0.898
646000,0.075,0.025,0.900
646500,0.078,0.033,0.890
647000,0.091,0.013,0.895
647500,0.081,0.017,0.902
648000,0.092,0.028,0.879
648500,0.084,0.029,0.888
649000,0.088,0.027,0.884
649500,0.090,0.013,0.897
650000,0.089,0.013,0.897
650500,0.086,0.020,0.894
651000,0.092,0.016,0.891
651500,0.115,0.026,0.859
652000,0.083,0.031,0.886
652500,0.080,0.033,0.887
653000,0.065,0.024,0.912
653500,0.079,0.012,0.909
654000,0.071,0.020,0.909
654500,0.070,0.025,0.905
655000,0.091,0.015,0.894
655500,0.103,0.013,0.884
656000,0.090,0.025,0.885
656500,0.114,0.008,0.878
657000,0.095,0.002,0.903
657500,0.087,0.002,0.912
658000,0.111,0.004,0.885
658500,0.121,0.022,0.857
659000,0.103,0.034,0.862
659500,0.089,0.017,0.893
660000,0.102,0.035,0.864
660500,0.095,0.021,0.884
661000,0.093,0.025,0.882
661500,0.067,0.021,0.912
662000,0.081,0.018,0.902
662500,0.065,0.017,0.918
663000,0.086,0.028,0.886
663500,0.101,0.023,0.876
664000,0.106,0.011,0.883
664500,0.093,0.015,0.892
665000,0.122,0.013,0.865
665500,0.084,0.018,0.898
666000,0.098,0.026,0.876
666500,0.089,0.036,0.875
667000,0.061,0.033,0.906
667500,0.058,0.033,0.909
668000,0.080,0.029,0.891
668500,0.097,0.018,0.885
669000,0.099,0.021,0.880
669500,0.082,0.019,0.899
670000,0.086,0.022,0.891
670500,0.059,0.023,0.918
671000,0.075,0.019,0.905
671500,0.100,0.019,0.881
672000,0.121,0.021,0.858
672500,0.119,0.007,0.874
673000,0.082,0.030,0.888
673500,0.062,0.032,0.906
674000,0.072,0.029,0.898
674500,0.086,0.015,0.898
675000,0.071,0.015,0.914
675500,0.089,0.019,0.892
676000,0.111,0.017,0.872
676500,0.082,0.009,0.910
677000,0.101,0.020,0.879
677500,0.101,0.025,0.874
678000,0.095,0.010,0.895
678500,0.093,0.007,0.900
679000,0.097,0.011,0.892
679500,0.086,0.034,0.880
680000,0.071,0.035,0.894
680500,0.087,0.011,0.901
681000,0.095,0.011,0.894
681500,0.119,0.006,0.875
682000,0.078,0.011,0.911
682500,0.103,0.018,0.878
683000,0.081,0.024,0.896
683500,0.065,0.049,0.887
684000,0.064,0.032,0.905
684500,0.062,0.026,0.912
685000,0.091,0.004,0.905
685500,0.116,0.025,0.860
686000,0.099,0.018,0.883
686500,0.088,0.013,0.899
687000,0.085,0.009,0.906
687500,0.123,0.015,0.861
688000,0.110,0.025,0.865
688500,0.106,0.014,0.879
689000,0.086,0.034,0.880
689500,0.096,0.018,0.886
690000,0.103,0.021,0.876
690500,0.114,0.004,0.883
691000,0.075,0.006,0.919
691500,0.097,0.017,0.887
692000,0.096,0.022,0.882
692500,0.091,0.015,0.895
693000,0.113,0.002,0.886
693500,0.134,0.009,0.857
694000,0.128,0.004,0.868
694500,0.107,0.009,0.883
695000,0.094,0.011,0.896
695500,0.094,0.011,0.895
696000,0.099,0.006,0.895
696500,0.089,0.011,0.900
697000,0.110,0.015,0.875
697500,0.097,0.016,0.887
698000,0.090,0.021,0.888
698500,0.115,0.024,0.862
699000,0.126,0.011,0.864
699500,0.104,0.013,0.882
700000,0.106,0.017,0.877
700500,0.103,0.021,0.877
701000,0.062,0.015,0.922
701500,0.080,0.018,0.903
702000,0.116,0.006,0.878
702500,0.091,0.035,0.873
703000,0.120,0.018,0.862
703500,0.102,0.025,0.874
704000,0.082,0.029,0.889
704500,0.087,0.019,0.893
705000,0.080,0.015,0.906
705500,0.071,0.009,0.920
706000,0.074,0.024,0.902
706500,0.069,0.022,0.909
707000,0.079,0.024,0.898
707500,0.108,0.009,0.884
708000,0.094,0.015,0.892
708500,0.100,0.019,0.881
709000,0.062,0.022,0.915
709500,0.072,0.039,0.888
710000,0.077,0.016,0.907
710500,0.087,0.007,0.906
711000,0.107,0.003,0.890
711500,0.064,0.007,0.929
712000,0.103,0.013,0.884
712500,0.087,0.022,0.891
713000,0.068,0.024,0.908
713500,0.068,0.021,0.911
714000,0.127,0.018,0.856
714500,0.110,0.015,0.875
715000,0.078,0.016,0.906
715500,0.097,0.009,0.894
716000,0.098,0.025,0.877
716500,0.104,0.011,0.885
717000,0.099,0.018,0.883
717500,0.070,0.029,0.901
718000,0.111,0.018,0.872
718500,0.098,0.019,0.883
719000,0.088,0.024,0.887
719500,0.122,0.013,0.865
720000,0.102,0.010,0.888
720500,0.079,0.022,0.899
721000,0.088,0.024,0.889
721500,0.107,0.016,0.877
722000,0.080,0.022,0.898
722500,0.075,0.030,0.894
723000,0.079,0.014,0.907
723500,0.095,0.026,0.879
724000,0.091,0.027,0.882
724500,0.051,0.036,0.912
725000,0.064,0.031,0.905
725500,0.082,0.021,0.898
726000,0.090,0.022,0.888
726500,0.071,0.024,0.904
727000,0.075,0.024,0.900
727500,0.070,0.030,0.899
728000,0.070,0.048,0.881
728500,0.068,0.042,0.891
729000,0.080,0.039,0.881
729500,0.076,0.032,0.893
730000,0.078,0.030,0.892
730500,0.138,0.008,0.855
731000,0.130,0.001,0.870
731500,0.101,0.013,0.887
732000,0.101,0.022,0.877
732500,0.089,0.011,0.900
733000,0.064,0.038,0.898
733500,0.096,0.035,0.869
734000,0.107,0.012,0.881
734500,0.097,0.029,0.875
735000,0.070,0.019,0.911
735500,0.091,0.011,0.899
736000,0.088,0.023,0.888
736500,0.093,0.034,0.872
737000,0.086,0.015,0.899
737500,0.103,0.013,0.885
738000,0.091,0.032,0.877
738500,0.086,0.037,0.876
739000,0.081,0.035,0.884
739500,0.067,0.039,0.894
740000,0.061,0.026,0.912
740500,0.085,0.032,0.884
741000,0.092,0.026,0.881
741500,0.098,0.022,0.880
742000,0.072,0.035,0.893
742500,0.089,0.014,0.896
743000,0.098,0.024,0.879
743500,0.080,0.033,0.887
744000,0.080,0.012,0.908
744500,0.086,0.008,0.905
745000,0.102,0.017,0.882
745500,0.115,0.004,0.881
746000,0.103,0.008,0.889
746500,0.108,0.013,0.878
747000,0.095,0.019,0.886
747500,0.071,0.021,0.908
748000,0.079,0.034,0.888
748500,0.083,0.032,0.885
749000,0.088,0.028,0.883
749500,0.070,0.036,0.894
750000,0.066,0.030,0.904
750500,0.110,0.019,0.871
751000,0.097,0.004,0.899
751500,0.074,0.013,0.914
752000,0.084,0.028,0.888
752500,0.084,0.011,0.905
753000,0.089,0.021,0.889
753500,0.065,0.043,0.892
754000,0.074,0.026,0.899
754500,0.076,0.026,0.898
755000,0.067,0.021,0.913
755500,0.083,0.024,0.893
756000,0.090,0.020,0.890
756500,0.113,0.011,0.876
757000,0.116,0.017,0.868
757500,0.078,0.029,0.894
758000,0.088,0.028,0.883
758500,0.051,0.017,0.932
759000,0.048,0.029,0.922
759500,0.067,0.027,0.906
760000,0.061,0.057,0.882
760500,0.059,0.024,0.917
761000,0.111,0.013,0.876
761500,0.095,0.013,0.892
762000,0.096,0.006,0.898
762500,0.123,0.021,0.855
763000,0.081,0.020,0.899
763500,0.084,0.015,0.901
764000,0.104,0.015,0.881
764500,0.111,0.005,0.884
765000,0.133,0.013,0.854
765500,0.099,0.009,0.892
766000,0.095,0.013,0.893
766500,0.097,0.018,0.886
767000,0.067,0.015,0.918
767500,0.095,0.025,0.880
768000,0.089,0.013,0.898
768500,0.083,0.051,0.867
769000,0.067,0.042,0.892
769500,0.060,0.026,0.914
770000,0.107,0.025,0.867
770500,0.108,0.022,0.870
771000,0.101,0.033,0.866
771500,0.092,0.027,0.881
772000,0.096,0.014,0.890
772500,0.104,0.014,0.882
773000,0.084,0.025,0.891
773500,0.064,0.063,0.873
774000,0.070,0.022,0.907
774500,0.049,0.033,0.919
775000,0.045,0.069,0.886
775500,0.052,0.038,0.910
776000,0.083,0.044,0.873
776500,0.082,0.020,0.898
777000,0.108,0.026,0.865
777500,0.086,0.012,0.902
778000,0.058,0.029,0.914
778500,0.056,0.037,0.906
779000,0.074,0.016,0.909
779500,0.118,0.016,0.866
780000,0.089,0.028,0.884
780500,0.115,0.021,0.865
781000,0.102,0.016,0.882
781500,0.082,0.017,0.902
782000,0.108,0.012,0.880
782500,0.094,0.025,0.881
783000,0.085,0.015,0.900
783500,0.087,0.013,0.899
784000,0.080,0.007,0.913
784500,0.090,0.025,0.884
785000,0.081,0.021,0.898
785500,0.073,0.028,0.898
786000,0.082,0.034,0.885
786500,0.084,0.017,0.900
787000,0.092,0.013,0.894
787500,0.088,0.029,0.882
788000,0.096,0.023,0.881
788500,0.079,0.026,0.895
789000,0.098,0.019,0.883
789500,0.057,0.027,0.916
790000,0.077,0.019,0.904
790500,0.051,0.028,0.920
791000,0.064,0.039,0.897
791500,0.070,0.023,0.907
792000,0.083,0.018,0.900
792500,0.097,0.013,0.891
793000,0.080,0.003,0.918
793500,0.090,0.023,0.887
794000,0.096,0.029,0.875
794500,0.076,0.031,0.892
795000,0.083,0.025,0.892
795500,0.098,0.011,0.892
796000,0.096,0.015,0.890
796500,0.124,0.013,0.863
797000,0.102,0.004,0.894
797500,0.077,0.043,0.879
798000,0.057,0.041,0.903
798500,0.085,0.026,0.889
799000,0.055,0.044,0.901
799500,0.060,0.025,0.915
800000,0.089,0.045,0.865
800500,0.090,0.025,0.885
801000,0.093,0.025,0.881
801500,0.084,0.024,0.893
802000,0.087,0.017,0.895
802500,0.099,0.015,0.886
803000,0.076,0.029,0.894
803500,0.081,0.037,0.882
804000,0.084,0.018,0.899
804500,0.082,0.009,0.909
805000,0.060,0.034,0.906
805500,0.067,0.024,0.910
806000,0.068,0.008,0.924
806500,0.086,0.017,0.896
807000,0.081,0.030,0.889
807500,0.082,0.025,0.893
808000,0.106,0.004,0.890
808500,0.118,0.011,0.870
809000,0.104,0.015,0.881
809500,0.097,0.025,0.878
810000,0.095,0.029,0.876
810500,0.070,0.015,0.916
811000,0.074,0.007,0.918
811500,0.076,0.030,0.893
812000,0.073,0.031,0.895
812500,0.077,0.013,0.909
813000,0.099,0.011,0.890
813500,0.107,0.014,0.879
814000,0.118,0.013,0.868
814500,0.090,0.015,0.895
815000,0.126,0.017,0.858
815500,0.137,0.009,0.854
816000,0.100,0.006,0.894
816500,0.088,0.017,0.895
817000,0.100,0.032,0.868
817500,0.086,0.018,0.896
818000,0.096,0.015,0.890
818500,0.081,0.041,0.879
819000,0.099,0.024,0.877
819500,0.103,0.017,0.881
820000,0.123,0.011,0.866
820500,0.083,0.008,0.909
821000,0.105,0.021,0.873
821500,0.083,0.029,0.889
822000,0.081,0.020,0.899
822500,0.095,0.013,0.892
823000,0.102,0.005,0.893
823500,0.091,0.017,0.891
824000,0.128,0.003,0.870
824500,0.094,0.012,0.894
825000,0.099,0.005,0.896
825500,0.110,0.010,0.880
826000,0.138,0.008,0.855
826500,0.114,0.019,0.867
827000,0.125,0.017,0.859
827500,0.092,0.003,0.904
828000,0.112,0.005,0.883
828500,0.130,0.016,0.854
829000,0.110,0.009,0.882
829500,0.088,0.015,0.897
830000,0.108,0.015,0.876
830500,0.066,0.042,0.892
831000,0.064,0.028,0.909
831500,0.072,0.012,0.915
832000,0.074,0.008,0.918
832500,0.103,0.016,0.880
833000,0.095,0.013,0.893
833500,0.101,0.019,0.880
834000,0.107,0.031,0.861
834500,0.098,0.030,0.872
835000,0.100,0.018,0.883
835500,0.081,0.021,0.898
836000,0.087,0.037,0.875
836500,0.078,0.021,0.901
837000,0.100,0.026,0.874
837500,0.108,0.017,0.874
838000,0.106,0.006,0.888
838500,0.101,0.003,0.896
839000,0.112,0.018,0.870
839500,0.119,0.003,0.879
840000,0.113,0.007,0.880
840500,0.108,0.010,0.882
841000,0.087,0.032,0.880
841500,0.075,0.032,0.892
842000,0.072,0.015,0.912
842500,0.097,0.009,0.894
843000,0.085,0.034,0.881
843500,0.078,0.029,0.894
844000,0.086,0.020,0.893
844500,0.083,0.006,0.911
845000,0.091,0.006,0.903
845500,0.084,0.021,0.895
846000,0.077,0.036,0.886
846500,0.088,0.026,0.886
847000,0.096,0.024,0.880
847500,0.092,0.017,0.891
848000,0.096,0.007,0.897
848500,0.109,0.018,0.873
849000,0.081,0.006,0.913
849500,0.070,0.036,0.894
850000,0.110,0.011,0.879
850500,0.113,0.007,0.880
851000,0.105,0.017,0.879
851500,0.087,0.012,0.901
852000,0.086,0.017,0.898
852500,0.088,0.043,0.869
853000,0.089,0.021,0.891
853500,0.092,0.007,0.901
854000,0.096,0.017,0.887
854500,0.091,0.017,0.892
855000,0.105,0.007,0.887
855500,0.079,0.024,0.897
856000,0.114,0.007,0.879
856500,0.110,0.006,0.884
857000,0.095,0.022,0.883
857500,0.073,0.018,0.908
858000,0.076,0.028,0.896
858500,0.072,0.015,0.912
859000,0.111,0.020,0.869
859500,0.095,0.019,0.886
860000,0.084,0.010,0.906
860500,0.114,0.022,0.864
861000,0.091,0.026,0.883
861500,0.107,0.024,0.869
862000,0.100,0.022,0.878
862500,0.085,0.015,0.901
863000,0.096,0.004,0.901
863500,0.092,0.011,0.896
864000,0.088,0.009,0.903
864500,0.077,0.018,0.905
865000,0.090,0.026,0.883
865500,0.059,0.029,0.912
866000,0.079,0.028,0.893
866500,0.098,0.022,0.880
867000,0.068,0.040,0.892
867500,0.079,0.032,0.889
868000,0.075,0.037,0.887
868500,0.067,0.011,0.922
869000,0.067,0.037,0.896
869500,0.089,0.030,0.881
870000,0.067,0.029,0.904
870500,0.087,0.026,0.886
871000,0.086,0.015,0.900
871500,0.090,0.009,0.902
872000,0.093,0.013,0.894
872500,0.087,0.021,0.891
873000,0.079,0.033,0.889
873500,0.112,0.014,0.874
874000,0.103,0.019,0.877
874500,0.086,0.013,0.900
875000,0.104,0.021,0.875
875500,0.102,0.007,0.891
876000,0.131,0.021,0.848
876500,0.100,0.009,0.891
877000,0.065,0.035,0.901
877500,0.135,0.011,0.854
878000,0.101,0.024,0.875
878500,0.102,0.015,0.882
879000,0.059,0.036,0.904
879500,0.076,0.037,0.887
880000,0.090,0.018,0.892
880500,0.086,0.025,0.889
881000,0.066,0.018,0.915
881500,0.106,0.007,0.886
882000,0.099,0.019,0.882
882500,0.100,0.010,0.890
883000,0.083,0.014,0.903
883500,0.062,0.035,0.903
884000,0.048,0.029,0.922
884500,0.073,0.031,0.896
885000,0.085,0.025,0.890
885500,0.098,0.018,0.884
886000,0.082,0.024,0.895
886500,0.083,0.011,0.906
887000,0.092,0.011,0.897
887500,0.073,0.018,0.909
888000,0.108,0.021,0.871
888500,0.102,0.011,0.887
889000,0.077,0.009,0.915
889500,0.136,0.015,0.849
890000,0.124,0.009,0.868
890500,0.108,0.015,0.877
891000,0.114,0.011,0.875
891500,0.087,0.015,0.898
892000,0.097,0.018,0.885
892500,0.084,0.018,0.898
893000,0.099,0.011,0.890
893500,0.095,0.014,0.891
894000,0.097,0.007,0.896
894500,0.110,0.021,0.870
895000,0.097,0.011,0.893
895500,0.111,0.013,0.876
896000,0.092,0.025,0.883
896500,0.073,0.037,0.889
897000,0.083,0.026,0.891
897500,0.120,0.009,0.871
898000,0.099,0.032,0.869
898500,0.103,0.025,0.873
899000,0.088,0.010,0.902
899500,0.076,0.013,0.910
900000,0.094,0.027,0.879
900500,0.094,0.009,0.898
901000,0.096,0.019,0.885
901500,0.113,0.010,0.877
902000,0.085,0.014,0.901
902500,0.095,0.009,0.896
903000,0.070,0.024,0.906
903500,0.073,0.019,0.908
904000,0.076,0.028,0.896
904500,0.095,0.016,0.889
905000,0.090,0.009,0.902
905500,0.094,0.032,0.875
906000,0.095,0.026,0.879
906500,0.086,0.028,0.886
907000,0.084,0.026,0.890
907500,0.070,0.025,0.904
908000,0.062,0.034,0.903
908500,0.058,0.025,0.916
909000,0.076,0.033,0.891
909500,0.102,0.040,0.859
910000,0.092,0.017,0.890
910500,0.080,0.024,0.896
911000,0.097,0.019,0.884
911500,0.076,0.021,0.904
912000,0.078,0.013,0.909
912500,0.086,0.019,0.895
913000,0.126,0.011,0.864
913500,0.116,0.009,0.875
914000,0.096,0.009,0.895
914500,0.077,0.012,0.910
915000,0.116,0.005,0.879
915500,0.096,0.017,0.887
916000,0.062,0.043,0.894
916500,0.089,0.041,0.870
917000,0.083,0.014,0.903
917500,0.097,0.038,0.865
918000,0.079,0.013,0.909
918500,0.088,0.022,0.890
919000,0.077,0.030,0.893
919500,0.075,0.028,0.897
920000,0.073,0.018,0.909
920500,0.097,0.014,0.889
921000,0.108,0.004,0.887
921500,0.097,0.006,0.897
922000,0.090,0.022,0.888
922500,0.068,0.021,0.912
923000,0.080,0.009,0.912
923500,0.090,0.029,0.881
924000,0.092,0.021,0.886
924500,0.091,0.021,0.887
925000,0.103,0.025,0.871
925500,0.061,0.037,0.902
926000,0.069,0.042,0.889
926500,0.088,0.026,0.885
927000,0.080,0.024,0.896
927500,0.105,0.021,0.875
928000,0.089,0.045,0.866
928500,0.087,0.045,0.868
929000,0.062,0.032,0.906
929500,0.073,0.032,0.895
930000,0.094,0.019,0.887
930500,0.094,0.021,0.885
931000,0.100,0.013,0.887
931500,0.111,0.003,0.887
932000,0.100,0.011,0.889
932500,0.070,0.012,0.918
933000,0.062,0.024,0.914
933500,0.077,0.026,0.896
934000,0.074,0.021,0.905
934500,0.126,0.004,0.870
935000,0.091,0.011,0.898
935500,0.108,0.021,0.870
936000,0.088,0.011,0.900
936500,0.112,0.004,0.884
937000,0.105,0.024,0.871
937500,0.074,0.039,0.887
938000,0.096,0.024,0.881
938500,0.070,0.020,0.910
939000,0.084,0.029,0.888
939500,0.074,0.021,0.905
940000,0.103,0.021,0.876
940500,0.091,0.022,0.886
941000,0.091,0.011,0.899
941500,0.081,0.030,0.889
942000,0.073,0.042,0.886
942500,0.080,0.033,0.887
943000,0.085,0.020,0.895
943500,0.071,0.018,0.910
944000,0.072,0.051,0.877
944500,0.111,0.044,0.845
945000,0.087,0.040,0.873
945500,0.074,0.039,0.887
946000,0.112,0.013,0.875
946500,0.097,0.003,0.901
947000,0.090,0.018,0.893
947500,0.100,0.019,0.881
948000,0.087,0.017,0.896
948500,0.083,0.016,0.901
949000,0.090,0.028,0.881
949500,0.095,0.015,0.890
950000,0.102,0.025,0.873
950500,0.096,0.022,0.882
951000,0.101,0.033,0.866
951500,0.100,0.020,0.880
952000,0.088,0.038,0.873
952500,0.109,0.025,0.866
953000,0.102,0.013,0.886
953500,0.120,0.011,0.868
954000,0.087,0.025,0.889
954500,0.065,0.043,0.893
955000,0.072,0.039,0.888
955500,0.067,0.025,0.908
956000,0.067,0.060,0.873
956500,0.069,0.037,0.894
957000,0.088,0.024,0.889
957500,0.070,0.028,0.901
958000,0.116,0.021,0.863
958500,0.106,0.012,0.881
959000,0.084,0.015,0.902
959500,0.085,0.018,0.897
960000,0.067,0.032,0.901
960500,0.075,0.026,0.899
961000,0.083,0.030,0.887
961500,0.069,0.023,0.908
962000,0.099,0.027,0.874
962500,0.084,0.024,0.892
963000,0.098,0.009,0.894
963500,0.073,0.020,0.906
964000,0.101,0.025,0.874
964500,0.118,0.024,0.858
965000,0.092,0.019,0.888
965500,0.102,0.021,0.878
966000,0.084,0.014,0.902
966500,0.097,0.007,0.896
967000,0.100,0.007,0.893
967500,0.098,0.035,0.867
968000,0.092,0.021,0.887
968500,0.073,0.022,0.905
969000,0.121,0.025,0.854
969500,0.101,0.023,0.876
970000,0.066,0.021,0.913
970500,0.059,0.044,0.897
971000,0.080,0.043,0.877
971500,0.074,0.027,0.899
972000,0.077,0.024,0.899
972500,0.085,0.015,0.900
973000,0.069,0.011,0.921
973500,0.088,0.021,0.892
974000,0.083,0.018,0.900
974500,0.060,0.025,0.914
975000,0.083,0.015,0.902
975500,0.081,0.018,0.901
976000,0.118,0.024,0.858
976500,0.123,0.017,0.861
977000,0.099,0.030,0.871
977500,0.102,0.023,0.874
978000,0.100,0.011,0.889
978500,0.092,0.022,0.885
979000,0.067,0.014,0.919
979500,0.086,0.008,0.905
980000,0.100,0.008,0.892
980500,0.073,0.019,0.907
981000,0.072,0.028,0.899
981500,0.099,0.021,0.880
982000,0.101,0.024,0.876
982500,0.101,0.013,0.887
983000,0.136,0.011,0.853
983500,0.104,0.021,0.874
984000,0.085,0.026,0.889
984500,0.091,0.018,0.890
985000,0.082,0.018,0.900
985500,0.065,0.034,0.902
986000,0.104,0.024,0.873
986500,0.088,0.018,0.893
987000,0.067,0.036,0.897
987500,0.057,0.049,0.894
988000,0.107,0.018,0.874
988500,0.076,0.015,0.910
989000,0.087,0.032,0.881
989500,0.080,0.022,0.898
990000,0.066,0.029,0.904
990500,0.085,0.019,0.896
991000,0.060,0.039,0.900
991500,0.094,0.026,0.880
992000,0.081,0.025,0.895
992500,0.085,0.037,0.878
993000,0.072,0.036,0.892
993500,0.093,0.024,0.883
994000,0.075,0.022,0.902
994500,0.072,0.018,0.910
995000,0.085,0.025,0.890
995500,0.120,0.011,0.868
996000,0.112,0.004,0.884
996500,0.106,0.018,0.876
997000,0.102,0.017,0.882
997500,0.067,0.025,0.908
998000,0.068,0.019,0.912
998500,0.073,0.036,0.891
999000,0.071,0.013,0.915
999500,0.082,0.023,0.895
1000000,0.125,0.014,0.861
