time,n_A+p,n_B,n_AB
500,0.030,0.596,0.374
1000,0.030,0.642,0.328
1500,0.030,0.608,0.362
2000,0.030,0.717,0.253
2500,0.030,0.749,0.221
3000,0.030,0.549,0.421
3500,0.030,0.672,0.298
4000,0.030,0.655,0.315
4500,0.030,0.691,0.279
5000,0.030,0.629,0.341
5500,0.030,0.669,0.301
6000,0.030,0.527,0.443
6500,0.030,0.683,0.287
7000,0.030,0.769,0.201
7500,0.030,0.651,0.319
8000,0.030,0.586,0.384
8500,0.030,0.646,0.324
9000,0.030,0.709,0.261
9500,0.030,0.664,0.306
10000,0.030,0.715,0.255
10500,0.030,0.719,0.251
11000,0.030,0.544,0.426
11500,0.030,0.719,0.251
12000,0.030,0.584,0.386
12500,0.030,0.646,0.324
13000,0.030,0.558,0.412
13500,0.030,0.615,0.355
14000,0.030,0.600,0.370
14500,0.030,0.570,0.400
15000,0.030,0.610,0.360
15500,0.030,0.640,0.330
16000,0.030,0.655,0.315
16500,0.030,0.641,0.329
17000,0.030,0.637,0.333
17500,0.030,0.528,0.442
18000,0.030,0.636,0.334
18500,0.030,0.542,0.428
19000,0.030,0.659,0.311
19500,0.030,0.642,0.328
20000,0.030,0.492,0.478
20500,0.030,0.587,0.383
21000,0.030,0.534,0.436
21500,0.030,0.525,0.445
22000,0.030,0.634,0.336
22500,0.030,0.467,0.503
23000,0.030,0.655,0.315
23500,0.030,0.594,0.376
24000,0.030,0.627,0.343
24500,0.030,0.559,0.411
25000,0.030,0.590,0.380
25500,0.030,0.561,0.409
26000,0.030,0.576,0.394
26500,0.030,0.549,0.421
27000,0.030,0.670,0.300
27500,0.030,0.586,0.384
28000,0.030,0.663,0.307
28500,0.030,0.759,0.211
29000,0.030,0.524,0.446
29500,0.030,0.721,0.249
30000,0.030,0.513,0.457
30500,0.030,0.622,0.348
31000,0.030,0.554,0.416
31500,0.030,0.667,0.303
32000,0.030,0.681,0.289
32500,0.030,0.611,0.359
33000,0.030,0.567,0.403
33500,0.030,0.513,0.457
34000,0.030,0.662,0.308
34500,0.030,0.629,0.341
35000,0.030,0.683,0.287
35500,0.030,0.548,0.422
36000,0.030,0.591,0.379
36500,0.030,0.708,0.262
37000,0.030,0.565,0.405
37500,0.030,0.717,0.253
38000,0.030,0.725,0.245
38500,0.030,0.578,0.392
39000,0.030,0.589,0.381
39500,0.030,0.673,0.297
40000,0.030,0.628,0.342
40500,0.030,0.687,0.283
41000,0.030,0.591,0.379
41500,0.030,0.397,0.573
42000,0.030,0.610,0.360
42500,0.030,0.653,0.317
43000,0.030,0.719,0.251
43500,0.030,0.736,0.234
44000,0.030,0.500,0.470
44500,0.030,0.494,0.476
45000,0.030,0.548,0.422
45500,0.030,0.641,0.329
46000,0.030,0.488,0.482
46500,0.030,0.566,0.404
47000,0.030,0.498,0.472
47500,0.030,0.629,0.341
48000,0.030,0.674,0.296
48500,0.030,0.528,0.442
49000,0.030,0.523,0.447
49500,0.030,0.506,0.464
50000,0.030,0.629,0.341
50500,0.030,0.698,0.272
51000,0.030,0.626,0.344
51500,0.030,0.542,0.428
52000,0.030,0.493,0.477
52500,0.030,0.718,0.252
53000,0.030,0.671,0.299
53500,0.030,0.697,0.273
54000,0.030,0.544,0.426
54500,0.030,0.481,0.489
55000,0.030,0.728,0.242
55500,0.030,0.700,0.270
56000,0.030,0.703,0.267
56500,0.030,0.781,0.189
57000,0.030,0.575,0.395
57500,0.030,0.492,0.478
58000,0.030,0.555,0.415
58500,0.030,0.685,0.285
59000,0.030,0.664,0.306
59500,0.030,0.812,0.158
60000,0.030,0.636,0.334
60500,0.030,0.737,0.233
61000,0.030,0.636,0.334
61500,0.030,0.491,0.479
62000,0.030,0.535,0.435
62500,0.030,0.631,0.339
63000,0.030,0.635,0.335
63500,0.030,0.603,0.367
64000,0.030,0.661,0.309
64500,0.030,0.718,0.252
65000,0.030,0.652,0.318
65500,0.030,0.528,0.442
66000,0.030,0.701,0.269
66500,0.030,0.645,0.325
67000,0.030,0.650,0.320
67500,0.030,0.614,0.356
68000,0.030,0.670,0.300
68500,0.030,0.733,0.237
69000,0.030,0.713,0.257
69500,0.030,0.788,0.182
70000,0.030,0.641,0.329
70500,0.030,0.603,0.367
71000,0.030,0.585,0.385
71500,0.030,0.637,0.333
72000,0.030,0.638,0.332
72500,0.030,0.744,0.226
73000,0.030,0.570,0.400
73500,0.030,0.462,0.508
74000,0.030,0.600,0.370
74500,0.030,0.527,0.443
75000,0.030,0.774,0.196
75500,0.030,0.775,0.195
76000,0.030,0.623,0.347
76500,0.030,0.512,0.458
77000,0.030,0.595,0.375
77500,0.030,0.709,0.261
78000,0.030,0.639,0.331
78500,0.030,0.654,0.316
79000,0.030,0.478,0.492
79500,0.030,0.644,0.326
80000,0.030,0.634,0.336
80500,0.030,0.565,0.405
81000,0.030,0.771,0.199
81500,0.030,0.815,0.155
82000,0.030,0.637,0.333
82500,0.030,0.694,0.276
83000,0.030,0.680,0.290
83500,0.030,0.558,0.412
84000,0.030,0.763,0.207
84500,0.030,0.633,0.337
85000,0.030,0.756,0.214
85500,0.030,0.728,0.242
86000,0.030,0.705,0.265
86500,0.030,0.524,0.446
87000,0.030,0.680,0.290
87500,0.030,0.647,0.323
88000,0.030,0.633,0.337
88500,0.030,0.503,0.467
89000,0.030,0.556,0.414
89500,0.030,0.689,0.281
90000,0.030,0.832,0.138
90500,0.030,0.763,0.207
91000,0.030,0.592,0.378
91500,0.030,0.618,0.352
92000,0.030,0.640,0.330
92500,0.030,0.507,0.463
93000,0.030,0.533,0.437
93500,0.030,0.722,0.248
94000,0.030,0.551,0.419
94500,0.030,0.482,0.488
95000,0.030,0.691,0.279
95500,0.030,0.684,0.286
96000,0.030,0.662,0.308
96500,0.030,0.659,0.311
97000,0.030,0.793,0.177
97500,0.030,0.691,0.279
98000,0.030,0.758,0.212
98500,0.030,0.529,0.441
99000,0.030,0.592,0.378
99500,0.030,0.507,0.463
100000,0.030,0.615,0.355
100500,0.030,0.604,0.366
101000,0.030,0.589,0.381
101500,0.030,0.646,0.324
102000,0.030,0.615,0.355
102500,0.030,0.550,0.420
103000,0.030,0.770,0.200
103500,0.030,0.737,0.233
104000,0.030,0.733,0.237
104500,0.030,0.661,0.309
105000,0.030,0.694,0.276
105500,0.030,0.606,0.364
106000,0.030,0.423,0.547
106500,0.030,0.635,0.335
107000,0.030,0.463,0.507
107500,0.030,0.632,0.338
108000,0.030,0.645,0.325
108500,0.030,0.621,0.349
109000,0.030,0.590,0.380
109500,0.030,0.640,0.330
110000,0.030,0.561,0.409
110500,0.030,0.555,0.415
111000,0.030,0.602,0.368
111500,0.030,0.643,0.327
112000,0.030,0.616,0.354
112500,0.030,0.625,0.345
113000,0.030,0.691,0.279
113500,0.030,0.551,0.419
114000,0.030,0.490,0.480
114500,0.030,0.780,0.190
115000,0.030,0.790,0.180
115500,0.030,0.626,0.344
116000,0.030,0.594,0.376
116500,0.030,0.773,0.197
117000,0.030,0.612,0.358
117500,0.030,0.410,0.560
118000,0.030,0.429,0.541
118500,0.030,0.645,0.325
119000,0.030,0.741,0.229
119500,0.030,0.587,0.383
120000,0.030,0.567,0.403
120500,0.030,0.571,0.399
121000,0.030,0.652,0.318
121500,0.030,0.641,0.329
122000,0.030,0.847,0.123
122500,0.030,0.667,0.303
123000,0.030,0.724,0.246
123500,0.030,0.589,0.381
124000,0.030,0.596,0.374
124500,0.030,0.707,0.263
125000,0.030,0.467,0.503
125500,0.030,0.577,0.393
126000,0.030,0.769,0.201
126500,0.030,0.839,0.131
127000,0.030,0.440,0.530
127500,0.030,0.634,0.336
128000,0.030,0.398,0.572
128500,0.030,0.551,0.419
129000,0.030,0.658,0.312
129500,0.030,0.748,0.222
130000,0.030,0.587,0.383
130500,0.030,0.644,0.326
131000,0.030,0.602,0.368
131500,0.030,0.547,0.423
132000,0.030,0.600,0.370
132500,0.030,0.431,0.539
133000,0.030,0.595,0.375
133500,0.030,0.633,0.337
134000,0.030,0.526,0.444
134500,0.030,0.449,0.521
135000,0.030,0.751,0.219
135500,0.030,0.658,0.312
136000,0.030,0.744,0.226
136500,0.030,0.729,0.241
137000,0.030,0.590,0.380
137500,0.030,0.575,0.395
138000,0.030,0.587,0.383
138500,0.030,0.837,0.133
139000,0.030,0.665,0.305
139500,0.030,0.722,0.248
140000,0.030,0.585,0.385
140500,0.030,0.651,0.319
141000,0.030,0.637,0.333
141500,0.030,0.528,0.442
142000,0.030,0.598,0.372
142500,0.030,0.530,0.440
143000,0.030,0.529,0.441
143500,0.030,0.566,0.404
144000,0.030,0.549,0.421
144500,0.030,0.584,0.386
145000,0.030,0.744,0.226
145500,0.030,0.790,0.180
146000,0.030,0.680,0.290
146500,0.030,0.747,0.223
147000,0.030,0.727,0.243
147500,0.030,0.640,0.330
148000,0.030,0.582,0.388
148500,0.030,0.744,0.226
149000,0.030,0.475,0.495
149500,0.030,0.520,0.450
150000,0.030,0.526,0.444
150500,0.030,0.606,0.364
151000,0.030,0.558,0.412
151500,0.030,0.724,0.246
152000,0.030,0.581,0.389
152500,0.030,0.570,0.400
153000,0.030,0.718,0.252
153500,0.030,0.774,0.196
154000,0.030,0.760,0.210
154500,0.030,0.841,0.129
155000,0.030,0.705,0.265
155500,0.030,0.710,0.260
156000,0.030,0.634,0.336
156500,0.030,0.605,0.365
157000,0.030,0.605,0.365
157500,0.030,0.496,0.474
158000,0.030,0.536,0.434
158500,0.030,0.393,0.577
159000,0.030,0.640,0.330
159500,0.030,0.692,0.278
160000,0.030,0.655,0.315
160500,0.030,0.703,0.267
161000,0.030,0.692,0.278
161500,0.030,0.660,0.310
162000,0.030,0.761,0.209
162500,0.030,0.706,0.264
163000,0.030,0.556,0.414
163500,0.030,0.751,0.219
164000,0.030,0.613,0.357
164500,0.030,0.531,0.439
165000,0.030,0.588,0.382
165500,0.030,0.520,0.450
166000,0.030,0.520,0.450
166500,0.030,0.612,0.358
167000,0.030,0.494,0.476
167500,0.030,0.683,0.287
168000,0.030,0.654,0.316
168500,0.030,0.763,0.207
169000,0.030,0.598,0.372
169500,0.030,0.735,0.235
170000,0.030,0.554,0.416
170500,0.030,0.593,0.377
171000,0.030,0.645,0.325
171500,0.030,0.591,0.379
172000,0.030,0.512,0.458
172500,0.030,0.711,0.259
173000,0.030,0.687,0.283
173500,0.030,0.690,0.280
174000,0.030,0.560,0.410
174500,0.030,0.567,0.403
175000,0.030,0.592,0.378
175500,0.030,0.704,0.266
176000,0.030,0.479,0.491
176500,0.030,0.550,0.420
177000,0.030,0.514,0.456
177500,0.030,0.629,0.341
178000,0.030,0.779,0.191
178500,0.030,0.552,0.418
179000,0.030,0.632,0.338
179500,0.030,0.570,0.400
180000,0.030,0.672,0.298
180500,0.030,0.550,0.420
181000,0.030,0.676,0.294
181500,0.030,0.605,0.365
182000,0.030,0.540,0.430
182500,0.030,0.547,0.423
183000,0.030,0.609,0.361
183500,0.030,0.472,0.498
184000,0.030,0.656,0.314
184500,0.030,0.710,0.260
185000,0.030,0.744,0.226
185500,0.030,0.744,0.226
186000,0.030,0.693,0.277
186500,0.030,0.640,0.330
187000,0.030,0.572,0.398
187500,0.030,0.592,0.378
188000,0.030,0.596,0.374
188500,0.030,0.589,0.381
189000,0.030,0.541,0.429
189500,0.030,0.727,0.243
190000,0.030,0.597,0.373
190500,0.030,0.585,0.385
191000,0.030,0.557,0.413
191500,0.030,0.584,0.386
192000,0.030,0.448,0.522
192500,0.030,0.702,0.268
193000,0.030,0.589,0.381
193500,0.030,0.643,0.327
194000,0.030,0.522,0.448
194500,0.030,0.764,0.206
195000,0.030,0.478,0.492
195500,0.030,0.592,0.378
196000,0.030,0.634,0.336
196500,0.030,0.527,0.443
197000,0.030,0.688,0.282
197500,0.030,0.733,0.237
198000,0.030,0.819,0.151
198500,0.030,0.714,0.256
199000,0.030,0.579,0.391
199500,0.030,0.606,0.364
200000,0.030,0.651,0.319
200500,0.030,0.778,0.192
201000,0.030,0.661,0.309
201500,0.030,0.557,0.413
202000,0.030,0.523,0.447
202500,0.030,0.492,0.478
203000,0.030,0.543,0.427
203500,0.030,0.625,0.345
204000,0.030,0.635,0.335
204500,0.030,0.555,0.415
205000,0.030,0.581,0.389
205500,0.030,0.628,0.342
206000,0.030,0.485,0.485
206500,0.030,0.598,0.372
207000,0.030,0.717,0.253
207500,0.030,0.590,0.380
208000,0.030,0.633,0.337
208500,0.030,0.730,0.240
209000,0.030,0.619,0.351
209500,0.030,0.504,0.466
210000,0.030,0.543,0.427
210500,0.030,0.802,0.168
211000,0.030,0.600,0.370
211500,0.030,0.473,0.497
212000,0.030,0.639,0.331
212500,0.030,0.767,0.203
213000,0.030,0.661,0.309
213500,0.030,0.639,0.331
214000,0.030,0.525,0.445
214500,0.030,0.606,0.364
215000,0.030,0.533,0.437
215500,0.030,0.625,0.345
216000,0.030,0.513,0.457
216500,0.030,0.666,0.304
217000,0.030,0.597,0.373
217500,0.030,0.654,0.316
218000,0.030,0.576,0.394
218500,0.030,0.767,0.203
219000,0.030,0.649,0.321
219500,0.030,0.661,0.309
220000,0.030,0.573,0.397
220500,0.030,0.607,0.363
221000,0.030,0.587,0.383
221500,0.030,0.512,0.458
222000,0.030,0.515,0.455
222500,0.030,0.370,0.600
223000,0.030,0.466,0.504
223500,0.030,0.598,0.372
224000,0.030,0.695,0.275
224500,0.030,0.632,0.338
225000,0.030,0.529,0.441
225500,0.030,0.673,0.297
226000,0.030,0.758,0.212
226500,0.030,0.362,0.608
227000,0.030,0.579,0.391
227500,0.030,0.671,0.299
228000,0.030,0.549,0.421
228500,0.030,0.707,0.263
229000,0.030,0.744,0.226
229500,0.030,0.386,0.584
230000,0.030,0.635,0.335
230500,0.030,0.737,0.233
231000,0.030,0.660,0.310
231500,0.030,0.680,0.290
232000,0.030,0.745,0.225
232500,0.030,0.616,0.354
233000,0.030,0.631,0.339
233500,0.030,0.684,0.286
234000,0.030,0.720,0.250
234500,0.030,0.708,0.262
235000,0.030,0.736,0.234
235500,0.030,0.646,0.324
236000,0.030,0.702,0.268
236500,0.030,0.690,0.280
237000,0.030,0.847,0.123
237500,0.030,0.711,0.259
238000,0.030,0.652,0.318
238500,0.030,0.657,0.313
239000,0.030,0.635,0.335
239500,0.030,0.699,0.271
240000,0.030,0.609,0.361
240500,0.030,0.471,0.499
241000,0.030,0.492,0.478
241500,0.030,0.582,0.388
242000,0.030,0.813,0.157
242500,0.030,0.616,0.354
243000,0.030,0.506,0.464
243500,0.030,0.560,0.410
244000,0.030,0.546,0.424
244500,0.030,0.564,0.406
245000,0.030,0.661,0.309
245500,0.030,0.663,0.307
246000,0.030,0.611,0.359
246500,0.030,0.821,0.149
247000,0.030,0.674,0.296
247500,0.030,0.627,0.343
248000,0.030,0.632,0.338
248500,0.030,0.789,0.181
249000,0.030,0.755,0.215
249500,0.030,0.696,0.274
250000,0.030,0.661,0.309
250500,0.030,0.703,0.267
251000,0.030,0.626,0.344
251500,0.030,0.428,0.542
252000,0.030,0.522,0.448
252500,0.030,0.596,0.374
253000,0.030,0.512,0.458
253500,0.030,0.615,0.355
254000,0.030,0.700,0.270
254500,0.030,0.748,0.222
255000,0.030,0.610,0.360
255500,0.030,0.545,0.425
256000,0.030,0.736,0.234
256500,0.030,0.619,0.351
257000,0.030,0.872,0.098
257500,0.030,0.649,0.321
258000,0.030,0.628,0.342
258500,0.030,0.622,0.348
259000,0.030,0.773,0.197
259500,0.030,0.778,0.192
260000,0.030,0.547,0.423
260500,0.030,0.707,0.263
261000,0.030,0.730,0.240
261500,0.030,0.505,0.465
262000,0.030,0.708,0.262
262500,0.030,0.674,0.296
263000,0.030,0.727,0.243
263500,0.030,0.628,0.342
264000,0.030,0.595,0.375
264500,0.030,0.477,0.493
265000,0.030,0.664,0.306
265500,0.030,0.552,0.418
266000,0.030,0.609,0.361
266500,0.030,0.710,0.260
267000,0.030,0.619,0.351
267500,0.030,0.794,0.176
268000,0.030,0.582,0.388
268500,0.030,0.620,0.350
269000,0.030,0.608,0.362
269500,0.030,0.704,0.266
270000,0.030,0.545,0.425
270500,0.030,0.563,0.407
271000,0.030,0.644,0.326
271500,0.030,0.685,0.285
272000,0.030,0.650,0.320
272500,0.030,0.639,0.331
273000,0.030,0.683,0.287
273500,0.030,0.567,0.403
274000,0.030,0.651,0.319
274500,0.030,0.629,0.341
275000,0.030,0.561,0.409
275500,0.030,0.598,0.372
276000,0.030,0.654,0.316
276500,0.030,0.736,0.234
277000,0.030,0.592,0.378
277500,0.030,0.671,0.299
278000,0.030,0.712,0.258
278500,0.030,0.568,0.402
279000,0.030,0.703,0.267
279500,0.030,0.693,0.277
280000,0.030,0.639,0.331
280500,0.030,0.532,0.438
281000,0.030,0.719,0.251
281500,0.030,0.732,0.238
282000,0.030,0.621,0.349
282500,0.030,0.775,0.195
283000,0.030,0.653,0.317
283500,0.030,0.596,0.374
284000,0.030,0.774,0.196
284500,0.030,0.671,0.299
285000,0.030,0.623,0.347
285500,0.030,0.583,0.387
286000,0.030,0.631,0.339
286500,0.030,0.509,0.461
287000,0.030,0.624,0.346
287500,0.030,0.551,0.419
288000,0.030,0.582,0.388
288500,0.030,0.737,0.233
289000,0.030,0.629,0.341
289500,0.030,0.566,0.404
290000,0.030,0.703,0.267
290500,0.030,0.685,0.285
291000,0.030,0.853,0.117
291500,0.030,0.709,0.261
292000,0.030,0.586,0.384
292500,0.030,0.497,0.473
293000,0.030,0.592,0.378
293500,0.030,0.783,0.187
294000,0.030,0.757,0.213
294500,0.030,0.570,0.400
295000,0.030,0.593,0.377
295500,0.030,0.632,0.338
296000,0.030,0.681,0.289
296500,0.030,0.627,0.343
297000,0.030,0.593,0.377
297500,0.030,0.759,0.211
298000,0.030,0.507,0.463
298500,0.030,0.803,0.167
299000,0.030,0.611,0.359
299500,0.030,0.552,0.418
300000,0.030,0.702,0.268
300500,0.030,0.672,0.298
301000,0.030,0.670,0.300
301500,0.030,0.640,0.330
302000,0.030,0.645,0.325
302500,0.030,0.689,0.281
303000,0.030,0.673,0.297
303500,0.030,0.613,0.357
304000,0.030,0.635,0.335
304500,0.030,0.765,0.205
305000,0.030,0.524,0.446
305500,0.030,0.649,0.321
306000,0.030,0.664,0.306
306500,0.030,0.706,0.264
307000,0.030,0.703,0.267
307500,0.030,0.815,0.155
308000,0.030,0.617,0.353
308500,0.030,0.497,0.473
309000,0.030,0.676,0.294
309500,0.030,0.584,0.386
310000,0.030,0.699,0.271
310500,0.030,0.626,0.344
311000,0.030,0.580,0.390
311500,0.030,0.496,0.474
312000,0.030,0.576,0.394
312500,0.030,0.500,0.470
313000,0.030,0.620,0.350
313500,0.030,0.670,0.300
314000,0.030,0.681,0.289
314500,0.030,0.616,0.354
315000,0.030,0.720,0.250
315500,0.030,0.716,0.254
316000,0.030,0.788,0.182
316500,0.030,0.627,0.343
317000,0.030,0.680,0.290
317500,0.030,0.582,0.388
318000,0.030,0.590,0.380
318500,0.030,0.628,0.342
319000,0.030,0.676,0.294
319500,0.030,0.694,0.276
320000,0.030,0.440,0.530
320500,0.030,0.716,0.254
321000,0.030,0.592,0.378
321500,0.030,0.532,0.438
322000,0.030,0.555,0.415
322500,0.030,0.546,0.424
323000,0.030,0.680,0.290
323500,0.030,0.622,0.348
324000,0.030,0.774,0.196
324500,0.030,0.611,0.359
325000,0.030,0.585,0.385
325500,0.030,0.626,0.344
326000,0.030,0.708,0.262
326500,0.030,0.556,0.414
327000,0.030,0.665,0.305
327500,0.030,0.577,0.393
328000,0.030,0.688,0.282
328500,0.030,0.581,0.389
329000,0.030,0.561,0.409
329500,0.030,0.718,0.252
330000,0.030,0.689,0.281
330500,0.030,0.605,0.365
331000,0.030,0.580,0.390
331500,0.030,0.588,0.382
332000,0.030,0.838,0.132
332500,0.030,0.620,0.350
333000,0.030,0.430,0.540
333500,0.030,0.570,0.400
334000,0.030,0.573,0.397
334500,0.030,0.671,0.299
335000,0.030,0.687,0.283
335500,0.030,0.721,0.249
336000,0.030,0.724,0.246
336500,0.030,0.620,0.350
337000,0.030,0.734,0.236
337500,0.030,0.448,0.522
338000,0.030,0.671,0.299
338500,0.030,0.737,0.233
339000,0.030,0.560,0.410
339500,0.030,0.734,0.236
340000,0.030,0.749,0.221
340500,0.030,0.620,0.350
341000,0.030,0.528,0.442
341500,0.030,0.713,0.257
342000,0.030,0.517,0.453
342500,0.030,0.550,0.420
343000,0.030,0.670,0.300
343500,0.030,0.658,0.312
344000,0.030,0.676,0.294
344500,0.030,0.670,0.300
345000,0.030,0.475,0.495
345500,0.030,0.670,0.300
346000,0.030,0.848,0.122
346500,0.030,0.672,0.298
347000,0.030,0.610,0.360
347500,0.030,0.545,0.425
348000,0.030,0.694,0.276
348500,0.030,0.495,0.475
349000,0.030,0.679,0.291
349500,0.030,0.557,0.413
350000,0.030,0.651,0.319
350500,0.030,0.500,0.470
351000,0.030,0.535,0.435
351500,0.030,0.621,0.349
352000,0.030,0.654,0.316
352500,0.030,0.545,0.425
353000,0.030,0.626,0.344
353500,0.030,0.615,0.355
354000,0.030,0.487,0.483
354500,0.030,0.701,0.269
355000,0.030,0.654,0.316
355500,0.030,0.825,0.145
356000,0.030,0.596,0.374
356500,0.030,0.739,0.231
357000,0.030,0.813,0.157
357500,0.030,0.554,0.416
358000,0.030,0.602,0.368
358500,0.030,0.705,0.265
359000,0.030,0.580,0.390
359500,0.030,0.541,0.429
360000,0.030,0.665,0.305
360500,0.030,0.755,0.215
361000,0.030,0.650,0.320
361500,0.030,0.616,0.354
362000,0.030,0.467,0.503
362500,0.030,0.581,0.389
363000,0.030,0.596,0.374
363500,0.030,0.817,0.153
364000,0.030,0.789,0.181
364500,0.030,0.723,0.247
365000,0.030,0.620,0.350
365500,0.030,0.586,0.384
366000,0.030,0.702,0.268
366500,0.030,0.726,0.244
367000,0.030,0.453,0.517
367500,0.030,0.628,0.342
368000,0.030,0.607,0.363
368500,0.030,0.616,0.354
369000,0.030,0.604,0.366
369500,0.030,0.703,0.267
370000,0.030,0.701,0.269
370500,0.030,0.805,0.165
371000,0.030,0.719,0.251
371500,0.030,0.714,0.256
372000,0.030,0.540,0.430
372500,0.030,0.479,0.491
373000,0.030,0.464,0.506
373500,0.030,0.682,0.288
374000,0.030,0.657,0.313
374500,0.030,0.610,0.360
375000,0.030,0.634,0.336
375500,0.030,0.772,0.198
376000,0.030,0.435,0.535
376500,0.030,0.680,0.290
377000,0.030,0.627,0.343
377500,0.030,0.434,0.536
378000,0.030,0.664,0.306
378500,0.030,0.519,0.451
379000,0.030,0.640,0.330
379500,0.030,0.718,0.252
380000,0.030,0.632,0.338
380500,0.030,0.597,0.373
381000,0.030,0.662,0.308
381500,0.030,0.633,0.337
382000,0.030,0.678,0.292
382500,0.030,0.624,0.346
383000,0.030,0.569,0.401
383500,0.030,0.718,0.252
384000,0.030,0.638,0.332
384500,0.030,0.485,0.485
385000,0.030,0.525,0.445
385500,0.030,0.529,0.441
386000,0.030,0.826,0.144
386500,0.030,0.770,0.200
387000,0.030,0.677,0.293
387500,0.030,0.590,0.380
388000,0.030,0.804,0.166
388500,0.030,0.547,0.423
389000,0.030,0.676,0.294
389500,0.030,0.828,0.142
390000,0.030,0.593,0.377
390500,0.030,0.652,0.318
391000,0.030,0.622,0.348
391500,0.030,0.628,0.342
392000,0.030,0.620,0.350
392500,0.030,0.794,0.176
393000,0.030,0.696,0.274
393500,0.030,0.569,0.401
394000,0.030,0.614,0.356
394500,0.030,0.661,0.309
395000,0.030,0.729,0.241
395500,0.030,0.747,0.223
396000,0.030,0.640,0.330
396500,0.030,0.711,0.259
397000,0.030,0.676,0.294
397500,0.030,0.710,0.260
398000,0.030,0.556,0.414
398500,0.030,0.679,0.291
399000,0.030,0.693,0.277
399500,0.030,0.621,0.349
400000,0.030,0.473,0.497
400500,0.030,0.566,0.404
401000,0.030,0.570,0.400
401500,0.030,0.387,0.583
402000,0.030,0.537,0.433
402500,0.030,0.734,0.236
403000,0.030,0.588,0.382
403500,0.030,0.641,0.329
404000,0.030,0.606,0.364
404500,0.030,0.792,0.178
405000,0.030,0.687,0.283
405500,0.030,0.677,0.293
406000,0.030,0.460,0.510
406500,0.030,0.678,0.292
407000,0.030,0.589,0.381
407500,0.030,0.624,0.346
408000,0.030,0.479,0.491
408500,0.030,0.559,0.411
409000,0.030,0.585,0.385
409500,0.030,0.808,0.162
410000,0.030,0.653,0.317
410500,0.030,0.568,0.402
411000,0.030,0.668,0.302
411500,0.030,0.617,0.353
412000,0.030,0.470,0.500
412500,0.030,0.401,0.569
413000,0.030,0.677,0.293
413500,0.030,0.636,0.334
414000,0.030,0.691,0.279
414500,0.030,0.629,0.341
415000,0.030,0.666,0.304
415500,0.030,0.727,0.243
416000,0.030,0.572,0.398
416500,0.030,0.636,0.334
417000,0.030,0.672,0.298
417500,0.030,0.528,0.442
418000,0.030,0.619,0.351
418500,0.030,0.544,0.426
419000,0.030,0.638,0.332
419500,0.030,0.615,0.355
420000,0.030,0.547,0.423
420500,0.030,0.588,0.382
421000,0.030,0.591,0.379
421500,0.030,0.677,0.293
422000,0.030,0.611,0.359
422500,0.030,0.592,0.378
423000,0.030,0.622,0.348
423500,0.030,0.690,0.280
424000,0.030,0.619,0.351
424500,0.030,0.753,0.217
425000,0.030,0.718,0.252
425500,0.030,0.711,0.259
426000,0.030,0.742,0.228
426500,0.030,0.702,0.268
427000,0.030,0.520,0.450
427500,0.030,0.723,0.247
428000,0.030,0.542,0.428
428500,0.030,0.598,0.372
429000,0.030,0.698,0.272
429500,0.030,0.756,0.214
430000,0.030,0.611,0.359
430500,0.030,0.638,0.332
431000,0.030,0.693,0.277
431500,0.030,0.570,0.400
432000,0.030,0.698,0.272
432500,0.030,0.662,0.308
433000,0.030,0.686,0.284
433500,0.030,0.423,0.547
434000,0.030,0.616,0.354
434500,0.030,0.467,0.503
435000,0.030,0.733,0.237
435500,0.030,0.592,0.378
436000,0.030,0.525,0.445
436500,0.030,0.560,0.410
437000,0.030,0.777,0.193
437500,0.030,0.542,0.428
438000,0.030,0.574,0.396
438500,0.030,0.621,0.349
439000,0.030,0.512,0.458
439500,0.030,0.694,0.276
440000,0.030,0.626,0.344
440500,0.030,0.769,0.201
441000,0.030,0.738,0.232
441500,0.030,0.528,0.442
442000,0.030,0.473,0.497
442500,0.030,0.804,0.166
443000,0.030,0.703,0.267
443500,0.030,0.809,0.161
444000,0.030,0.737,0.233
444500,0.030,0.749,0.221
445000,0.030,0.590,0.380
445500,0.030,0.619,0.351
446000,0.030,0.576,0.394
446500,0.030,0.586,0.384
447000,0.030,0.572,0.398
447500,0.030,0.516,0.454
448000,0.030,0.648,0.322
448500,0.030,0.652,0.318
449000,0.030,0.520,0.450
449500,0.030,0.424,0.546
450000,0.030,0.373,0.597
450500,0.030,0.549,0.421
451000,0.030,0.546,0.424
451500,0.030,0.642,0.328
452000,0.030,0.633,0.337
452500,0.030,0.518,0.452
453000,0.030,0.506,0.464
453500,0.030,0.651,0.319
454000,0.030,0.538,0.432
454500,0.030,0.651,0.319
455000,0.030,0.630,0.340
455500,0.030,0.659,0.311
456000,0.030,0.544,0.426
456500,0.030,0.693,0.277
457000,0.030,0.669,0.301
457500,0.030,0.630,0.340
458000,0.030,0.582,0.388
458500,0.030,0.620,0.350
459000,0.030,0.636,0.334
459500,0.030,0.635,0.335
460000,0.030,0.503,0.467
460500,0.030,0.537,0.433
461000,0.030,0.559,0.411
461500,0.030,0.490,0.480
462000,0.030,0.568,0.402
462500,0.030,0.471,0.499
463000,0.030,0.464,0.506
463500,0.030,0.563,0.407
464000,0.030,0.672,0.298
464500,0.030,0.591,0.379
465000,0.030,0.588,0.382
465500,0.030,0.609,0.361
466000,0.030,0.547,0.423
466500,0.030,0.551,0.419
467000,0.030,0.525,0.445
467500,0.030,0.715,0.255
468000,0.030,0.493,0.477
468500,0.030,0.682,0.288
469000,0.030,0.644,0.326
469500,0.030,0.672,0.298
470000,0.030,0.678,0.292
470500,0.030,0.743,0.227
471000,0.030,0.802,0.168
471500,0.030,0.642,0.328
472000,0.030,0.636,0.334
472500,0.030,0.614,0.356
473000,0.030,0.720,0.250
473500,0.030,0.580,0.390
474000,0.030,0.667,0.303
474500,0.030,0.611,0.359
475000,0.030,0.760,0.210
475500,0.030,0.731,0.239
476000,0.030,0.611,0.359
476500,0.030,0.444,0.526
477000,0.030,0.676,0.294
477500,0.030,0.641,0.329
478000,0.030,0.586,0.384
478500,0.030,0.502,0.468
479000,0.030,0.522,0.448
479500,0.030,0.597,0.373
480000,0.030,0.541,0.429
480500,0.030,0.514,0.456
481000,0.030,0.660,0.310
481500,0.030,0.806,0.164
482000,0.030,0.724,0.246
482500,0.030,0.673,0.297
483000,0.030,0.594,0.376
483500,0.030,0.682,0.288
484000,0.030,0.711,0.259
484500,0.030,0.597,0.373
485000,0.030,0.671,0.299
485500,0.030,0.643,0.327
486000,0.030,0.465,0.505
486500,0.030,0.676,0.294
487000,0.030,0.540,0.430
487500,0.030,0.624,0.346
488000,0.030,0.714,0.256
488500,0.030,0.399,0.571
489000,0.030,0.743,0.227
489500,0.030,0.799,0.171
490000,0.030,0.781,0.189
490500,0.030,0.697,0.273
491000,0.030,0.583,0.387
491500,0.030,0.599,0.371
492000,0.030,0.713,0.257
492500,0.030,0.663,0.307
493000,0.030,0.579,0.391
493500,0.030,0.624,0.346
494000,0.030,0.688,0.282
494500,0.030,0.819,0.151
495000,0.030,0.687,0.283
495500,0.030,0.630,0.340
496000,0.030,0.694,0.276
496500,0.030,0.722,0.248
497000,0.030,0.577,0.393
497500,0.030,0.561,0.409
498000,0.030,0.680,0.290
498500,0.030,0.692,0.278
499000,0.030,0.683,0.287
499500,0.030,0.616,0.354
500000,0.030,0.669,0.301
500500,0.030,0.489,0.481
501000,0.030,0.739,0.231
501500,0.030,0.499,0.471
502000,0.030,0.515,0.455
502500,0.030,0.596,0.374
503000,0.030,0.730,0.240
503500,0.030,0.729,0.241
504000,0.030,0.588,0.382
504500,0.030,0.540,0.430
505000,0.030,0.535,0.435
505500,0.030,0.718,0.252
506000,0.030,0.702,0.268
506500,0.030,0.621,0.349
507000,0.030,0.665,0.305
507500,0.030,0.647,0.323
508000,0.030,0.774,0.196
508500,0.030,0.729,0.241
509000,0.030,0.759,0.211
509500,0.030,0.568,0.402
510000,0.030,0.649,0.321
510500,0.030,0.669,0.301
511000,0.030,0.789,0.181
511500,0.030,0.609,0.361
512000,0.030,0.643,0.327
512500,0.030,0.721,0.249
513000,0.030,0.521,0.449
513500,0.030,0.712,0.258
514000,0.030,0.607,0.363
514500,0.030,0.667,0.303
515000,0.030,0.730,0.240
515500,0.030,0.710,0.260
516000,0.030,0.559,0.411
516500,0.030,0.561,0.409
517000,0.030,0.605,0.365
517500,0.030,0.628,0.342
518000,0.030,0.657,0.313
518500,0.030,0.679,0.291
519000,0.030,0.757,0.213
519500,0.030,0.753,0.217
520000,0.030,0.512,0.458
520500,0.030,0.727,0.243
521000,0.030,0.581,0.389
521500,0.030,0.726,0.244
522000,0.030,0.673,0.297
522500,0.030,0.639,0.331
523000,0.030,0.681,0.289
523500,0.030,0.633,0.337
524000,0.030,0.574,0.396
524500,0.030,0.643,0.327
525000,0.030,0.689,0.281
525500,0.030,0.482,0.488
526000,0.030,0.636,0.334
526500,0.030,0.803,0.167
527000,0.030,0.803,0.167
527500,0.030,0.550,0.420
528000,0.030,0.681,0.289
528500,0.030,0.728,0.242
529000,0.030,0.644,0.326
529500,0.030,0.511,0.459
530000,0.030,0.632,0.338
530500,0.030,0.746,0.224
531000,0.030,0.682,0.288
531500,0.030,0.636,0.334
532000,0.030,0.728,0.242
532500,0.030,0.650,0.320
533000,0.030,0.540,0.430
533500,0.030,0.487,0.483
534000,0.030,0.440,0.530
534500,0.030,0.716,0.254
535000,0.030,0.520,0.450
535500,0.030,0.489,0.481
536000,0.030,0.688,0.282
536500,0.030,0.748,0.222
537000,0.030,0.767,0.203
537500,0.030,0.627,0.343
538000,0.030,0.471,0.499
538500,0.030,0.543,0.427
539000,0.030,0.611,0.359
539500,0.030,0.547,0.423
540000,0.030,0.522,0.448
540500,0.030,0.676,0.294
541000,0.030,0.902,0.068
541500,0.030,0.729,0.241
542000,0.030,0.660,0.310
542500,0.030,0.622,0.348
543000,0.030,0.678,0.292
543500,0.030,0.611,0.359
544000,0.030,0.808,0.162
544500,0.030,0.673,0.297
545000,0.030,0.686,0.284
545500,0.030,0.692,0.278
546000,0.030,0.774,0.196
546500,0.030,0.668,0.302
547000,0.030,0.569,0.401
547500,0.030,0.604,0.366
548000,0.030,0.711,0.259
548500,0.030,0.780,0.190
549000,0.030,0.452,0.518
549500,0.030,0.613,0.357
550000,0.030,0.827,0.143
550500,0.030,0.726,0.244
551000,0.030,0.707,0.263
551500,0.030,0.715,0.255
552000,0.030,0.695,0.275
552500,0.030,0.770,0.200
553000,0.030,0.583,0.387
553500,0.030,0.682,0.288
554000,0.030,0.764,0.206
554500,0.030,0.831,0.139
555000,0.030,0.674,0.296
555500,0.030,0.667,0.303
556000,0.030,0.551,0.419
556500,0.030,0.529,0.441
557000,0.030,0.627,0.343
557500,0.030,0.593,0.377
558000,0.030,0.791,0.179
558500,0.030,0.668,0.302
559000,0.030,0.664,0.306
559500,0.030,0.645,0.325
560000,0.030,0.486,0.484
560500,0.030,0.565,0.405
561000,0.030,0.678,0.292
561500,0.030,0.669,0.301
562000,0.030,0.571,0.399
562500,0.030,0.687,0.283
563000,0.030,0.632,0.338
563500,0.030,0.803,0.167
564000,0.030,0.707,0.263
564500,0.030,0.551,0.419
565000,0.030,0.554,0.416
565500,0.030,0.774,0.196
566000,0.030,0.717,0.253
566500,0.030,0.712,0.258
567000,0.030,0.685,0.285
567500,0.030,0.634,0.336
568000,0.030,0.721,0.249
568500,0.030,0.594,0.376
569000,0.030,0.544,0.426
569500,0.030,0.662,0.308
570000,0.030,0.581,0.389
570500,0.030,0.561,0.409
571000,0.030,0.652,0.318
571500,0.030,0.663,0.307
572000,0.030,0.307,0.663
572500,0.030,0.487,0.483
573000,0.030,0.682,0.288
573500,0.030,0.676,0.294
574000,0.030,0.529,0.441
574500,0.030,0.700,0.270
575000,0.030,0.641,0.329
575500,0.030,0.633,0.337
576000,0.030,0.717,0.253
576500,0.030,0.663,0.307
577000,0.030,0.701,0.269
577500,0.030,0.658,0.312
578000,0.030,0.587,0.383
578500,0.030,0.717,0.253
579000,0.030,0.678,0.292
579500,0.030,0.676,0.294
580000,0.030,0.563,0.407
580500,0.030,0.550,0.420
581000,0.030,0.642,0.328
581500,0.030,0.551,0.419
582000,0.030,0.523,0.447
582500,0.030,0.616,0.354
583000,0.030,0.470,0.500
583500,0.030,0.637,0.333
584000,0.030,0.825,0.145
584500,0.030,0.571,0.399
585000,0.030,0.405,0.565
585500,0.030,0.718,0.252
586000,0.030,0.662,0.308
586500,0.030,0.610,0.360
587000,0.030,0.533,0.437
587500,0.030,0.583,0.387
588000,0.030,0.582,0.388
588500,0.030,0.753,0.217
589000,0.030,0.513,0.457
589500,0.030,0.659,0.311
590000,0.030,0.707,0.263
590500,0.030,0.614,0.356
591000,0.030,0.571,0.399
591500,0.030,0.632,0.338
592000,0.030,0.673,0.297
592500,0.030,0.653,0.317
593000,0.030,0.637,0.333
593500,0.030,0.566,0.404
594000,0.030,0.811,0.159
594500,0.030,0.849,0.121
595000,0.030,0.630,0.340
595500,0.030,0.496,0.474
596000,0.030,0.640,0.330
596500,0.030,0.744,0.226
597000,0.030,0.685,0.285
597500,0.030,0.549,0.421
598000,0.030,0.584,0.386
598500,0.030,0.536,0.434
599000,0.030,0.648,0.322
599500,0.030,0.632,0.338
600000,0.030,0.709,0.261
600500,0.030,0.758,0.212
601000,0.030,0.686,0.284
601500,0.030,0.685,0.285
602000,0.030,0.596,0.374
602500,0.030,0.663,0.307
603000,0.030,0.724,0.246
603500,0.030,0.681,0.289
604000,0.030,0.803,0.167
604500,0.030,0.570,0.400
605000,0.030,0.611,0.359
605500,0.030,0.548,0.422
606000,0.030,0.546,0.424
606500,0.030,0.601,0.369
607000,0.030,0.491,0.479
607500,0.030,0.750,0.220
608000,0.030,0.725,0.245
608500,0.030,0.670,0.300
609000,0.030,0.628,0.342
609500,0.030,0.603,0.367
610000,0.030,0.774,0.196
610500,0.030,0.660,0.310
611000,0.030,0.574,0.396
611500,0.030,0.617,0.353
612000,0.030,0.634,0.336
612500,0.030,0.670,0.300
613000,0.030,0.662,0.308
613500,0.030,0.568,0.402
614000,0.030,0.514,0.456
614500,0.030,0.444,0.526
615000,0.030,0.715,0.255
615500,0.030,0.645,0.325
616000,0.030,0.606,0.364
616500,0.030,0.717,0.253
617000,0.030,0.529,0.441
617500,0.030,0.705,0.265
618000,0.030,0.672,0.298
618500,0.030,0.653,0.317
619000,0.030,0.656,0.314
619500,0.030,0.527,0.443
620000,0.030,0.472,0.498
620500,0.030,0.614,0.356
621000,0.030,0.609,0.361
621500,0.030,0.814,0.156
622000,0.030,0.683,0.287
622500,0.030,0.645,0.325
623000,0.030,0.742,0.228
623500,0.030,0.592,0.378
624000,0.030,0.606,0.364
624500,0.030,0.653,0.317
625000,0.030,0.687,0.283
625500,0.030,0.481,0.489
626000,0.030,0.771,0.199
626500,0.030,0.520,0.450
627000,0.030,0.512,0.458
627500,0.030,0.635,0.335
628000,0.030,0.808,0.162
628500,0.030,0.566,0.404
629000,0.030,0.598,0.372
629500,0.030,0.560,0.410
630000,0.030,0.459,0.511
630500,0.030,0.733,0.237
631000,0.030,0.728,0.242
631500,0.030,0.534,0.436
632000,0.030,0.620,0.350
632500,0.030,0.745,0.225
633000,0.030,0.559,0.411
633500,0.030,0.593,0.377
634000,0.030,0.716,0.254
634500,0.030,0.520,0.450
635000,0.030,0.594,0.376
635500,0.030,0.615,0.355
636000,0.030,0.759,0.211
636500,0.030,0.614,0.356
637000,0.030,0.702,0.268
637500,0.030,0.543,0.427
638000,0.030,0.586,0.384
638500,0.030,0.628,0.342
639000,0.030,0.657,0.313
639500,0.030,0.579,0.391
640000,0.030,0.553,0.417
640500,0.030,0.587,0.383
641000,0.030,0.615,0.355
641500,0.030,0.476,0.494
642000,0.030,0.578,0.392
642500,0.030,0.680,0.290
643000,0.030,0.694,0.276
643500,0.030,0.591,0.379
644000,0.030,0.511,0.459
644500,0.030,0.649,0.321
645000,0.030,0.588,0.382
645500,0.030,0.545,0.425
646000,0.030,0.675,0.295
646500,0.030,0.631,0.339
647000,0.030,0.600,0.370
647500,0.030,0.770,0.200
648000,0.030,0.592,0.378
648500,0.030,0.709,0.261
649000,0.030,0.624,0.346
649500,0.030,0.528,0.442
650000,0.030,0.592,0.378
650500,0.030,0.683,0.287
651000,0.030,0.625,0.345
651500,0.030,0.834,0.136
652000,0.030,0.517,0.453
652500,0.030,0.603,0.367
653000,0.030,0.719,0.251
653500,0.030,0.725,0.245
654000,0.030,0.545,0.425
654500,0.030,0.731,0.239
655000,0.030,0.460,0.510
655500,0.030,0.552,0.418
656000,0.030,0.644,0.326
656500,0.030,0.718,0.252
657000,0.030,0.582,0.388
657500,0.030,0.721,0.249
658000,0.030,0.688,0.282
658500,0.030,0.701,0.269
659000,0.030,0.601,0.369
659500,0.030,0.530,0.440
660000,0.030,0.789,0.181
660500,0.030,0.719,0.251
661000,0.030,0.569,0.401
661500,0.030,0.672,0.298
662000,0.030,0.785,0.185
662500,0.030,0.762,0.208
663000,0.030,0.766,0.204
663500,0.030,0.413,0.557
664000,0.030,0.565,0.405
664500,0.030,0.524,0.446
665000,0.030,0.531,0.439
665500,0.030,0.440,0.530
666000,0.030,0.636,0.334
666500,0.030,0.645,0.325
667000,0.030,0.597,0.373
667500,0.030,0.485,0.485
668000,0.030,0.614,0.356
668500,0.030,0.686,0.284
669000,0.030,0.629,0.341
669500,0.030,0.624,0.346
670000,0.030,0.646,0.324
670500,0.030,0.640,0.330
671000,0.030,0.764,0.206
671500,0.030,0.657,0.313
672000,0.030,0.546,0.424
672500,0.030,0.593,0.377
673000,0.030,0.649,0.321
673500,0.030,0.622,0.348
674000,0.030,0.575,0.395
674500,0.030,0.482,0.488
675000,0.030,0.631,0.339
675500,0.030,0.515,0.455
676000,0.030,0.523,0.447
676500,0.030,0.412,0.558
677000,0.030,0.707,0.263
677500,0.030,0.515,0.455
678000,0.030,0.522,0.448
678500,0.030,0.613,0.357
679000,0.030,0.656,0.314
679500,0.030,0.666,0.304
680000,0.030,0.513,0.457
680500,0.030,0.573,0.397
681000,0.030,0.476,0.494
681500,0.030,0.563,0.407
682000,0.030,0.639,0.331
682500,0.030,0.606,0.364
683000,0.030,0.551,0.419
683500,0.030,0.639,0.331
684000,0.030,0.772,0.198
684500,0.030,0.765,0.205
685000,0.030,0.644,0.326
685500,0.030,0.668,0.302
686000,0.030,0.618,0.352
686500,0.030,0.636,0.334
687000,0.030,0.633,0.337
687500,0.030,0.545,0.425
688000,0.030,0.709,0.261
688500,0.030,0.537,0.433
689000,0.030,0.666,0.304
689500,0.030,0.643,0.327
690000,0.030,0.626,0.344
690500,0.030,0.572,0.398
691000,0.030,0.535,0.435
691500,0.030,0.814,0.156
692000,0.030,0.551,0.419
692500,0.030,0.546,0.424
693000,0.030,0.750,0.220
693500,0.030,0.361,0.609
694000,0.030,0.709,0.261
694500,0.030,0.781,0.189
695000,0.030,0.566,0.404
695500,0.030,0.592,0.378
696000,0.030,0.747,0.223
696500,0.030,0.757,0.213
697000,0.030,0.524,0.446
697500,0.030,0.482,0.488
698000,0.030,0.512,0.458
698500,0.030,0.538,0.432
699000,0.030,0.511,0.459
699500,0.030,0.565,0.405
700000,0.030,0.607,0.363
700500,0.030,0.732,0.238
701000,0.030,0.797,0.173
701500,0.030,0.660,0.310
702000,0.030,0.650,0.320
702500,0.030,0.631,0.339
703000,0.030,0.697,0.273
703500,0.030,0.696,0.274
704000,0.030,0.753,0.217
704500,0.030,0.668,0.302
705000,0.030,0.597,0.373
705500,0.030,0.467,0.503
706000,0.030,0.536,0.434
706500,0.030,0.654,0.316
707000,0.030,0.751,0.219
707500,0.030,0.581,0.389
708000,0.030,0.682,0.288
708500,0.030,0.555,0.415
709000,0.030,0.601,0.369
709500,0.030,0.664,0.306
710000,0.030,0.597,0.373
710500,0.030,0.523,0.447
711000,0.030,0.629,0.341
711500,0.030,0.580,0.390
712000,0.030,0.658,0.312
712500,0.030,0.639,0.331
713000,0.030,0.805,0.165
713500,0.030,0.598,0.372
714000,0.030,0.621,0.349
714500,0.030,0.734,0.236
715000,0.030,0.811,0.159
715500,0.030,0.736,0.234
716000,0.030,0.637,0.333
716500,0.030,0.625,0.345
717000,0.030,0.616,0.354
717500,0.030,0.448,0.522
718000,0.030,0.630,0.340
718500,0.030,0.585,0.385
719000,0.030,0.464,0.506
719500,0.030,0.576,0.394
720000,0.030,0.545,0.425
720500,0.030,0.667,0.303
721000,0.030,0.748,0.222
721500,0.030,0.579,0.391
722000,0.030,0.620,0.350
722500,0.030,0.727,0.243
723000,0.030,0.656,0.314
723500,0.030,0.606,0.364
724000,0.030,0.528,0.442
724500,0.030,0.787,0.183
725000,0.030,0.639,0.331
725500,0.030,0.458,0.512
726000,0.030,0.541,0.429
726500,0.030,0.605,0.365
727000,0.030,0.644,0.326
727500,0.030,0.663,0.307
728000,0.030,0.740,0.230
728500,0.030,0.701,0.269
729000,0.030,0.501,0.469
729500,0.030,0.621,0.349
730000,0.030,0.665,0.305
730500,0.030,0.635,0.335
731000,0.030,0.484,0.486
731500,0.030,0.542,0.428
732000,0.030,0.718,0.252
732500,0.030,0.689,0.281
733000,0.030,0.456,0.514
733500,0.030,0.527,0.443
734000,0.030,0.570,0.400
734500,0.030,0.742,0.228
735000,0.030,0.696,0.274
735500,0.030,0.650,0.320
736000,0.030,0.657,0.313
736500,0.030,0.707,0.263
737000,0.030,0.683,0.287
737500,0.030,0.718,0.252
738000,0.030,0.718,0.252
738500,0.030,0.713,0.257
739000,0.030,0.621,0.349
739500,0.030,0.580,0.390
740000,0.030,0.619,0.351
740500,0.030,0.588,0.382
741000,0.030,0.635,0.335
741500,0.030,0.628,0.342
742000,0.030,0.656,0.314
742500,0.030,0.600,0.370
743000,0.030,0.641,0.329
743500,0.030,0.638,0.332
744000,0.030,0.724,0.246
744500,0.030,0.539,0.431
745000,0.030,0.644,0.326
745500,0.030,0.596,0.374
746000,0.030,0.693,0.277
746500,0.030,0.495,0.475
747000,0.030,0.662,0.308
747500,0.030,0.562,0.408
748000,0.030,0.631,0.339
748500,0.030,0.511,0.459
749000,0.030,0.591,0.379
749500,0.030,0.516,0.454
750000,0.030,0.768,0.202
750500,0.030,0.714,0.256
751000,0.030,0.649,0.321
751500,0.030,0.661,0.309
752000,0.030,0.592,0.378
752500,0.030,0.664,0.306
753000,0.030,0.648,0.322
753500,0.030,0.618,0.352
754000,0.030,0.543,0.427
754500,0.030,0.688,0.282
755000,0.030,0.657,0.313
755500,0.030,0.694,0.276
756000,0.030,0.707,0.263
756500,0.030,0.613,0.357
757000,0.030,0.717,0.253
757500,0.030,0.687,0.283
758000,0.030,0.635,0.335
758500,0.030,0.650,0.320
759000,0.030,0.615,0.355
759500,0.030,0.640,0.330
760000,0.030,0.666,0.304
760500,0.030,0.581,0.389
761000,0.030,0.787,0.183
761500,0.030,0.719,0.251
762000,0.030,0.675,0.295
762500,0.030,0.564,0.406
763000,0.030,0.647,0.323
763500,0.030,0.529,0.441
764000,0.030,0.553,0.417
764500,0.030,0.433,0.537
765000,0.030,0.474,0.496
765500,0.030,0.733,0.237
766000,0.030,0.692,0.278
766500,0.030,0.508,0.462
767000,0.030,0.765,0.205
767500,0.030,0.766,0.204
768000,0.030,0.885,0.085
768500,0.030,0.605,0.365
769000,0.030,0.783,0.187
769500,0.030,0.773,0.197
770000,0.030,0.564,0.406
770500,0.030,0.564,0.406
771000,0.030,0.628,0.342
771500,0.030,0.482,0.488
772000,0.030,0.601,0.369
772500,0.030,0.501,0.469
773000,0.030,0.564,0.406
773500,0.030,0.588,0.382
774000,0.030,0.603,0.367
774500,0.030,0.729,0.241
775000,0.030,0.516,0.454
775500,0.030,0.505,0.465
776000,0.030,0.572,0.398
776500,0.030,0.583,0.387
777000,0.030,0.522,0.448
777500,0.030,0.746,0.224
778000,0.030,0.688,0.282
778500,0.030,0.532,0.438
779000,0.030,0.629,0.341
779500,0.030,0.737,0.233
780000,0.030,0.702,0.268
780500,0.030,0.640,0.330
781000,0.030,0.607,0.363
781500,0.030,0.790,0.180
782000,0.030,0.562,0.408
782500,0.030,0.656,0.314
783000,0.030,0.544,0.426
783500,0.030,0.629,0.341
784000,0.030,0.613,0.357
784500,0.030,0.796,0.174
785000,0.030,0.662,0.308
785500,0.030,0.509,0.461
786000,0.030,0.812,0.158
786500,0.030,0.461,0.509
787000,0.030,0.518,0.452
787500,0.030,0.531,0.439
788000,0.030,0.764,0.206
788500,0.030,0.696,0.274
789000,0.030,0.491,0.479
789500,0.030,0.625,0.345
790000,0.030,0.617,0.353
790500,0.030,0.696,0.274
791000,0.030,0.538,0.432
791500,0.030,0.634,0.336
792000,0.030,0.716,0.254
792500,0.030,0.659,0.311
793000,0.030,0.485,0.485
793500,0.030,0.792,0.178
794000,0.030,0.660,0.310
794500,0.030,0.663,0.307
795000,0.030,0.631,0.339
795500,0.030,0.582,0.388
796000,0.030,0.633,0.337
796500,0.030,0.560,0.410
797000,0.030,0.556,0.414
797500,0.030,0.662,0.308
798000,0.030,0.545,0.425
798500,0.030,0.553,0.417
799000,0.030,0.524,0.446
799500,0.030,0.582,0.388
800000,0.030,0.605,0.365
800500,0.030,0.571,0.399
801000,0.030,0.797,0.173
801500,0.030,0.766,0.204
802000,0.030,0.587,0.383
802500,0.030,0.554,0.416
803000,0.030,0.615,0.355
803500,0.030,0.488,0.482
804000,0.030,0.753,0.217
804500,0.030,0.711,0.259
805000,0.030,0.690,0.280
805500,0.030,0.797,0.173
806000,0.030,0.634,0.336
806500,0.030,0.582,0.388
807000,0.030,0.480,0.490
807500,0.030,0.626,0.344
808000,0.030,0.606,0.364
808500,0.030,0.584,0.386
809000,0.030,0.669,0.301
809500,0.030,0.653,0.317
810000,0.030,0.669,0.301
810500,0.030,0.732,0.238
811000,0.030,0.654,0.316
811500,0.030,0.701,0.269
812000,0.030,0.722,0.248
812500,0.030,0.590,0.380
813000,0.030,0.599,0.371
813500,0.030,0.650,0.320
814000,0.030,0.631,0.339
814500,0.030,0.571,0.399
815000,0.030,0.678,0.292
815500,0.030,0.600,0.370
816000,0.030,0.672,0.298
816500,0.030,0.439,0.531
817000,0.030,0.587,0.383
817500,0.030,0.623,0.347
818000,0.030,0.502,0.468
818500,0.030,0.484,0.486
819000,0.030,0.528,0.442
819500,0.030,0.530,0.440
820000,0.030,0.584,0.386
820500,0.030,0.772,0.198
821000,0.030,0.690,0.280
821500,0.030,0.730,0.240
822000,0.030,0.609,0.361
822500,0.030,0.685,0.285
823000,0.030,0.685,0.285
823500,0.030,0.622,0.348
824000,0.030,0.729,0.241
824500,0.030,0.583,0.387
825000,0.030,0.655,0.315
825500,0.030,0.584,0.386
826000,0.030,0.746,0.224
826500,0.030,0.640,0.330
827000,0.030,0.552,0.418
827500,0.030,0.568,0.402
828000,0.030,0.736,0.234
828500,0.030,0.646,0.324
829000,0.030,0.714,0.256
829500,0.030,0.675,0.295
830000,0.030,0.773,0.197
830500,0.030,0.679,0.291
831000,0.030,0.553,0.417
831500,0.030,0.525,0.445
832000,0.030,0.758,0.212
832500,0.030,0.552,0.418
833000,0.030,0.757,0.213
833500,0.030,0.727,0.243
834000,0.030,0.632,0.338
834500,0.030,0.649,0.321
835000,0.030,0.576,0.394
835500,0.030,0.701,0.269
836000,0.030,0.642,0.328
836500,0.030,0.591,0.379
837000,0.030,0.512,0.458
837500,0.030,0.558,0.412
838000,0.030,0.623,0.347
838500,0.030,0.558,0.412
839000,0.030,0.591,0.379
839500,0.030,0.741,0.229
840000,0.030,0.594,0.376
840500,0.030,0.687,0.283
841000,0.030,0.779,0.191
841500,0.030,0.745,0.225
842000,0.030,0.805,0.165
842500,0.030,0.643,0.327
843000,0.030,0.569,0.401
843500,0.030,0.524,0.446
844000,0.030,0.540,0.430
844500,0.030,0.614,0.356
845000,0.030,0.586,0.384
845500,0.030,0.444,0.526
846000,0.030,0.529,0.441
846500,0.030,0.552,0.418
847000,0.030,0.635,0.335
847500,0.030,0.719,0.251
848000,0.030,0.596,0.374
848500,0.030,0.684,0.286
849000,0.030,0.613,0.357
849500,0.030,0.589,0.381
850000,0.030,0.587,0.383
850500,0.030,0.526,0.444
851000,0.030,0.527,0.443
851500,0.030,0.624,0.346
852000,0.030,0.560,0.410
852500,0.030,0.713,0.257
853000,0.030,0.519,0.451
853500,0.030,0.726,0.244
854000,0.030,0.662,0.308
854500,0.030,0.737,0.233
855000,0.030,0.690,0.280
855500,0.030,0.722,0.248
856000,0.030,0.701,0.269
856500,0.030,0.602,0.368
857000,0.030,0.671,0.299
857500,0.030,0.661,0.309
858000,0.030,0.597,0.373
858500,0.030,0.664,0.306
859000,0.030,0.553,0.417
859500,0.030,0.652,0.318
860000,0.030,0.683,0.287
860500,0.030,0.737,0.233
861000,0.030,0.690,0.280
861500,0.030,0.553,0.417
862000,0.030,0.563,0.407
862500,0.030,0.703,0.267
863000,0.030,0.586,0.384
863500,0.030,0.613,0.357
864000,0.030,0.599,0.371
864500,0.030,0.546,0.424
865000,0.030,0.640,0.330
865500,0.030,0.630,0.340
866000,0.030,0.476,0.494
866500,0.030,0.637,0.333
867000,0.030,0.590,0.380
867500,0.030,0.734,0.236
868000,0.030,0.630,0.340
868500,0.030,0.703,0.267
869000,0.030,0.804,0.166
869500,0.030,0.750,0.220
870000,0.030,0.754,0.216
870500,0.030,0.518,0.452
871000,0.030,0.661,0.309
871500,0.030,0.641,0.329
872000,0.030,0.597,0.373
872500,0.030,0.699,0.271
873000,0.030,0.706,0.264
873500,0.030,0.720,0.250
874000,0.030,0.785,0.185
874500,0.030,0.730,0.240
875000,0.030,0.650,0.320
875500,0.030,0.748,0.222
876000,0.030,0.649,0.321
876500,0.030,0.644,0.326
877000,0.030,0.845,0.125
877500,0.030,0.628,0.342
878000,0.030,0.809,0.161
878500,0.030,0.578,0.392
879000,0.030,0.596,0.374
879500,0.030,0.683,0.287
880000,0.030,0.739,0.231
880500,0.030,0.624,0.346
881000,0.030,0.601,0.369
881500,0.030,0.748,0.222
882000,0.030,0.830,0.140
882500,0.030,0.840,0.130
883000,0.030,0.547,0.423
883500,0.030,0.495,0.475
884000,0.030,0.567,0.403
884500,0.030,0.679,0.291
885000,0.030,0.633,0.337
885500,0.030,0.663,0.307
886000,0.030,0.702,0.268
886500,0.030,0.538,0.432
887000,0.030,0.401,0.569
887500,0.030,0.714,0.256
888000,0.030,0.527,0.443
888500,0.030,0.774,0.196
889000,0.030,0.583,0.387
889500,0.030,0.651,0.319
890000,0.030,0.617,0.353
890500,0.030,0.674,0.296
891000,0.030,0.703,0.267
891500,0.030,0.505,0.465
892000,0.030,0.757,0.213
892500,0.030,0.764,0.206
893000,0.030,0.710,0.260
893500,0.030,0.405,0.565
894000,0.030,0.539,0.431
894500,0.030,0.641,0.329
895000,0.030,0.680,0.290
895500,0.030,0.599,0.371
896000,0.030,0.532,0.438
896500,0.030,0.601,0.369
897000,0.030,0.729,0.241
897500,0.030,0.656,0.314
898000,0.030,0.700,0.270
898500,0.030,0.630,0.340
899000,0.030,0.716,0.254
899500,0.030,0.733,0.237
900000,0.030,0.627,0.343
900500,0.030,0.494,0.476
901000,0.030,0.651,0.319
901500,0.030,0.606,0.364
902000,0.030,0.695,0.275
902500,0.030,0.758,0.212
903000,0.030,0.575,0.395
903500,0.030,0.620,0.350
904000,0.030,0.596,0.374
904500,0.030,0.724,0.246
905000,0.030,0.626,0.344
905500,0.030,0.715,0.255
906000,0.030,0.739,0.231
906500,0.030,0.733,0.237
907000,0.030,0.757,0.213
907500,0.030,0.524,0.446
908000,0.030,0.648,0.322
908500,0.030,0.596,0.374
909000,0.030,0.540,0.430
909500,0.030,0.523,0.447
910000,0.030,0.584,0.386
910500,0.030,0.616,0.354
911000,0.030,0.866,0.104
911500,0.030,0.720,0.250
912000,0.030,0.622,0.348
912500,0.030,0.579,0.391
913000,0.030,0.464,0.506
913500,0.030,0.569,0.401
914000,0.030,0.588,0.382
914500,0.030,0.593,0.377
915000,0.030,0.637,0.333
915500,0.030,0.488,0.482
916000,0.030,0.569,0.401
916500,0.030,0.773,0.197
917000,0.030,0.696,0.274
917500,0.030,0.584,0.386
918000,0.030,0.675,0.295
918500,0.030,0.721,0.249
919000,0.030,0.668,0.302
919500,0.030,0.681,0.289
920000,0.030,0.455,0.515
920500,0.030,0.553,0.417
921000,0.030,0.652,0.318
921500,0.030,0.727,0.243
922000,0.030,0.664,0.306
922500,0.030,0.408,0.562
923000,0.030,0.671,0.299
923500,0.030,0.496,0.474
924000,0.030,0.588,0.382
924500,0.030,0.769,0.201
925000,0.030,0.779,0.191
925500,0.030,0.836,0.134
926000,0.030,0.658,0.312
926500,0.030,0.695,0.275
927000,0.030,0.726,0.244
927500,0.030,0.712,0.258
928000,0.030,0.730,0.240
928500,0.030,0.655,0.315
929000,0.030,0.699,0.271
929500,0.030,0.649,0.321
930000,0.030,0.560,0.410
930500,0.030,0.729,0.241
931000,0.030,0.587,0.383
931500,0.030,0.594,0.376
932000,0.030,0.591,0.379
932500,0.030,0.457,0.513
933000,0.030,0.610,0.360
933500,0.030,0.664,0.306
934000,0.030,0.600,0.370
934500,0.030,0.480,0.490
935000,0.030,0.666,0.304
935500,0.030,0.529,0.441
936000,0.030,0.615,0.355
936500,0.030,0.617,0.353
937000,0.030,0.622,0.348
937500,0.030,0.517,0.453
938000,0.030,0.680,0.290
938500,0.030,0.690,0.280
939000,0.030,0.675,0.295
939500,0.030,0.620,0.350
940000,0.030,0.575,0.395
940500,0.030,0.496,0.474
941000,0.030,0.574,0.396
941500,0.030,0.686,0.284
942000,0.030,0.634,0.336
942500,0.030,0.732,0.238
943000,0.030,0.640,0.330
943500,0.030,0.525,0.445
944000,0.030,0.558,0.412
944500,0.030,0.606,0.364
945000,0.030,0.760,0.210
945500,0.030,0.667,0.303
946000,0.030,0.584,0.386
946500,0.030,0.767,0.203
947000,0.030,0.485,0.485
947500,0.030,0.667,0.303
948000,0.030,0.544,0.426
948500,0.030,0.584,0.386
949000,0.030,0.722,0.248
949500,0.030,0.586,0.384
950000,0.030,0.503,0.467
950500,0.030,0.580,0.390
951000,0.030,0.596,0.374
951500,0.030,0.622,0.348
952000,0.030,0.756,0.214
952500,0.030,0.533,0.437
953000,0.030,0.449,0.521
953500,0.030,0.637,0.333
954000,0.030,0.469,0.501
954500,0.030,0.590,0.380
955000,0.030,0.709,0.261
955500,0.030,0.643,0.327
956000,0.030,0.626,0.344
956500,0.030,0.597,0.373
957000,0.030,0.543,0.427
957500,0.030,0.679,0.291
958000,0.030,0.486,0.484
958500,0.030,0.757,0.213
959000,0.030,0.617,0.353
959500,0.030,0.757,0.213
960000,0.030,0.529,0.441
960500,0.030,0.599,0.371
961000,0.030,0.653,0.317
961500,0.030,0.625,0.345
962000,0.030,0.729,0.241
962500,0.030,0.693,0.277
963000,0.030,0.685,0.285
963500,0.030,0.707,0.263
964000,0.030,0.630,0.340
964500,0.030,0.535,0.435
965000,0.030,0.513,0.457
965500,0.030,0.682,0.288
966000,0.030,0.582,0.388
966500,0.030,0.692,0.278
967000,0.030,0.492,0.478
967500,0.030,0.507,0.463
968000,0.030,0.653,0.317
968500,0.030,0.640,0.330
969000,0.030,0.565,0.405
969500,0.030,0.412,0.558
970000,0.030,0.557,0.413
970500,0.030,0.581,0.389
971000,0.030,0.706,0.264
971500,0.030,0.733,0.237
972000,0.030,0.679,0.291
972500,0.030,0.591,0.379
973000,0.030,0.578,0.392
973500,0.030,0.442,0.528
974000,0.030,0.627,0.343
974500,0.030,0.543,0.427
975000,0.030,0.739,0.231
975500,0.030,0.690,0.280
976000,0.030,0.700,0.270
976500,0.030,0.724,0.246
977000,0.030,0.586,0.384
977500,0.030,0.577,0.393
978000,0.030,0.732,0.238
978500,0.030,0.606,0.364
979000,0.030,0.532,0.438
979500,0.030,0.492,0.478
980000,0.030,0.802,0.168
980500,0.030,0.456,0.514
981000,0.030,0.516,0.454
981500,0.030,0.464,0.506
982000,0.030,0.684,0.286
982500,0.030,0.672,0.298
983000,0.030,0.629,0.341
983500,0.030,0.556,0.414
984000,0.030,0.553,0.417
984500,0.030,0.533,0.437
985000,0.030,0.612,0.358
985500,0.030,0.593,0.377
986000,0.030,0.562,0.408
986500,0.030,0.660,0.310
987000,0.030,0.598,0.372
987500,0.030,0.710,0.260
988000,0.030,0.770,0.200
988500,0.030,0.749,0.221
989000,0.030,0.582,0.388
989500,0.030,0.481,0.489
990000,0.030,0.553,0.417
990500,0.030,0.648,0.322
991000,0.030,0.834,0.136
991500,0.030,0.714,0.256
992000,0.030,0.707,0.263
992500,0.030,0.718,0.252
993000,0.030,0.647,0.323
993500,0.030,0.852,0.118
994000,0.030,0.700,0.270
994500,0.030,0.475,0.495
995000,0.030,0.434,0.536
995500,0.030,0.629,0.341
996000,0.030,0.709,0.261
996500,0.030,0.603,0.367
997000,0.030,0.508,0.462
997500,0.030,0.517,0.453
998000,0.030,0.698,0.272
998500,0.030,0.727,0.243
999000,0.030,0.602,0.368
999500,0.030,0.706,0.264
1000000,0.030,0.750,0.220
