time,n_A+p,n_B,n_AB
100,0.028,0.960,0.012
200,0.028,0.948,0.024
300,0.028,0.945,0.028
400,0.028,0.945,0.028
500,0.028,0.930,0.043
600,0.043,0.896,0.061
700,0.040,0.865,0.095
800,0.043,0.869,0.089
900,0.055,0.838,0.107
1000,0.040,0.853,0.107
1100,0.046,0.838,0.116
1200,0.040,0.850,0.110
1300,0.043,0.838,0.119
1400,0.040,0.820,0.141
1500,0.052,0.801,0.147
1600,0.058,0.807,0.135
1700,0.058,0.789,0.153
1800,0.052,0.789,0.159
1900,0.052,0.804,0.144
2000,0.049,0.820,0.131
2100,0.046,0.810,0.144
2200,0.049,0.817,0.135
2300,0.046,0.798,0.156
2400,0.049,0.798,0.153
2500,0.055,0.810,0.135
2600,0.058,0.789,0.153
2700,0.049,0.758,0.193
2800,0.076,0.758,0.165
2900,0.083,0.786,0.131
3000,0.080,0.777,0.144
3100,0.076,0.783,0.141
3200,0.064,0.789,0.147
3300,0.055,0.789,0.156
3400,0.058,0.807,0.135
3500,0.064,0.804,0.131
3600,0.049,0.807,0.144
3700,0.055,0.804,0.141
3800,0.058,0.804,0.138
3900,0.076,0.795,0.128
4000,0.073,0.783,0.144
4100,0.083,0.761,0.156
4200,0.076,0.758,0.165
4300,0.067,0.755,0.177
4400,0.073,0.734,0.193
4500,0.076,0.758,0.165
4600,0.073,0.761,0.165
4700,0.083,0.758,0.159
4800,0.101,0.746,0.153
4900,0.086,0.752,0.162
5000,0.095,0.734,0.171
5100,0.086,0.743,0.171
5200,0.116,0.709,0.174
5300,0.104,0.697,0.199
5400,0.107,0.700,0.193
5500,0.128,0.664,0.208
5600,0.128,0.654,0.217
5700,0.122,0.703,0.174
5800,0.119,0.700,0.180
5900,0.113,0.709,0.177
6000,0.107,0.706,0.187
6100,0.107,0.694,0.199
6200,0.104,0.654,0.242
6300,0.083,0.651,0.266
6400,0.113,0.648,0.239
6500,0.101,0.667,0.232
6600,0.107,0.661,0.232
6700,0.125,0.645,0.229
6800,0.153,0.633,0.214
6900,0.138,0.606,0.257
7000,0.138,0.596,0.266
7100,0.150,0.596,0.254
7200,0.162,0.590,0.248
7300,0.135,0.621,0.245
7400,0.125,0.593,0.281
7500,0.141,0.572,0.287
7600,0.153,0.578,0.269
7700,0.174,0.535,0.291
7800,0.168,0.550,0.281
7900,0.144,0.550,0.306
8000,0.171,0.538,0.291
8100,0.156,0.544,0.300
8200,0.168,0.554,0.278
8300,0.162,0.569,0.269
8400,0.162,0.596,0.242
8500,0.144,0.615,0.242
8600,0.156,0.569,0.275
8700,0.196,0.532,0.272
8800,0.214,0.505,0.281
8900,0.196,0.505,0.300
9000,0.190,0.492,0.318
9100,0.190,0.477,0.333
9200,0.205,0.462,0.333
9300,0.190,0.465,0.346
9400,0.223,0.462,0.315
9500,0.223,0.431,0.346
9600,0.229,0.437,0.333
9700,0.251,0.453,0.297
9800,0.257,0.437,0.306
9900,0.275,0.419,0.306
10000,0.281,0.443,0.275
10100,0.284,0.450,0.266
10200,0.257,0.422,0.321
10300,0.297,0.391,0.312
10400,0.339,0.370,0.291
10500,0.318,0.391,0.291
10600,0.294,0.382,0.324
10700,0.315,0.358,0.327
10800,0.352,0.306,0.343
10900,0.339,0.312,0.349
11000,0.364,0.287,0.349
11100,0.346,0.242,0.413
11200,0.352,0.245,0.404
11300,0.339,0.278,0.382
11400,0.373,0.303,0.324
11500,0.398,0.303,0.300
11600,0.379,0.291,0.330
11700,0.398,0.278,0.324
11800,0.385,0.257,0.358
11900,0.391,0.269,0.339
12000,0.376,0.257,0.367
12100,0.394,0.232,0.373
12200,0.382,0.263,0.355
12300,0.404,0.223,0.373
12400,0.413,0.245,0.343
12500,0.394,0.254,0.352
12600,0.382,0.291,0.327
12700,0.419,0.263,0.318
12800,0.434,0.235,0.330
12900,0.446,0.245,0.309
13000,0.468,0.232,0.300
13100,0.480,0.196,0.324
13200,0.462,0.239,0.300
13300,0.437,0.257,0.306
13400,0.428,0.263,0.309
13500,0.431,0.248,0.321
13600,0.431,0.263,0.306
13700,0.468,0.251,0.281
13800,0.511,0.248,0.242
13900,0.471,0.263,0.266
14000,0.468,0.263,0.269
14100,0.508,0.251,0.242
14200,0.547,0.242,0.211
14300,0.535,0.220,0.245
14400,0.529,0.180,0.291
14500,0.508,0.193,0.300
14600,0.502,0.223,0.275
14700,0.523,0.214,0.263
14800,0.538,0.208,0.254
14900,0.572,0.183,0.245
15000,0.602,0.150,0.248
15100,0.606,0.141,0.254
15200,0.630,0.147,0.223
15300,0.661,0.147,0.193
15400,0.700,0.147,0.153
15500,0.703,0.119,0.177
15600,0.688,0.107,0.205
15700,0.706,0.110,0.183
15800,0.716,0.098,0.187
15900,0.706,0.104,0.190
16000,0.706,0.098,0.196
16100,0.685,0.101,0.214
16200,0.700,0.089,0.211
16300,0.682,0.080,0.239
16400,0.688,0.076,0.235
16500,0.716,0.076,0.208
16600,0.725,0.080,0.196
16700,0.758,0.064,0.177
16800,0.755,0.092,0.153
16900,0.749,0.116,0.135
17000,0.728,0.110,0.162
17100,0.731,0.086,0.183
17200,0.731,0.067,0.202
17300,0.774,0.067,0.159
17400,0.774,0.076,0.150
17500,0.789,0.076,0.135
17600,0.786,0.067,0.147
17700,0.771,0.061,0.168
17800,0.795,0.052,0.153
17900,0.801,0.055,0.144
18000,0.810,0.058,0.131
18100,0.817,0.046,0.138
18200,0.817,0.052,0.131
18300,0.829,0.058,0.113
18400,0.841,0.061,0.098
18500,0.832,0.046,0.122
18600,0.817,0.040,0.144
18700,0.838,0.040,0.122
18800,0.817,0.034,0.150
18900,0.826,0.031,0.144
19000,0.850,0.040,0.110
19100,0.853,0.034,0.113
19200,0.847,0.031,0.122
19300,0.844,0.040,0.116
19400,0.826,0.037,0.138
19500,0.829,0.037,0.135
19600,0.853,0.024,0.122
19700,0.856,0.024,0.119
19800,0.865,0.028,0.107
19900,0.875,0.018,0.107
20000,0.875,0.034,0.092
20100,0.865,0.040,0.095
20200,0.862,0.028,0.110
20300,0.865,0.024,0.110
20400,0.893,0.021,0.086
20500,0.911,0.015,0.073
20600,0.902,0.009,0.089
20700,0.905,0.018,0.076
20800,0.899,0.015,0.086
20900,0.899,0.012,0.089
21000,0.905,0.021,0.073
21100,0.911,0.012,0.076
21200,0.908,0.009,0.083
21300,0.893,0.009,0.098
21400,0.890,0.006,0.104
21500,0.893,0.006,0.101
21600,0.914,0.006,0.080
21700,0.930,0.003,0.067
21800,0.936,0.003,0.061
21900,0.936,0.003,0.061
22000,0.957,0.003,0.040
22100,0.942,0.009,0.049
22200,0.927,0.006,0.067
22300,0.927,0.003,0.070
22400,0.939,0.003,0.058
22500,0.933,0.012,0.055
22600,0.933,0.018,0.049
22700,0.933,0.009,0.058
22800,0.933,0.009,0.058
22900,0.951,0.003,0.046
23000,0.945,0.003,0.052
23100,0.954,0.003,0.043
23200,0.954,0.000,0.046
23300,0.951,0.000,0.049
23400,0.939,0.000,0.061
23500,0.942,0.000,0.058
23600,0.942,0.000,0.058
23700,0.960,0.000,0.040
23800,0.960,0.000,0.040
23900,0.960,0.000,0.040
24000,0.969,0.000,0.031
24100,0.979,0.000,0.021
24200,0.982,0.000,0.018
24300,0.982,0.000,0.018
24400,0.985,0.000,0.015
24500,0.985,0.000,0.015
24600,0.988,0.000,0.012
24700,0.976,0.000,0.024
24800,0.972,0.000,0.028
24900,0.991,0.000,0.009
25000,0.997,0.000,0.003
25100,0.991,0.000,0.009
25200,0.991,0.000,0.009
25300,0.991,0.000,0.009
25400,0.994,0.000,0.006
25500,0.994,0.000,0.006
25600,0.994,0.000,0.006
25700,0.997,0.000,0.003
25800,0.997,0.000,0.003
25900,1.000,0.000,0.000
