time,n_A+p,n_B,n_AB,avg_entropy_simp
500,0.028,0.926,0.046,0.115217
1000,0.051,0.871,0.078,0.192278
1500,0.041,0.825,0.134,0.262053
2000,0.051,0.710,0.240,0.338314
2500,0.065,0.719,0.217,0.313561
3000,0.065,0.710,0.226,0.348032
3500,0.074,0.724,0.203,0.327572
4000,0.069,0.779,0.152,0.277094
4500,0.046,0.751,0.203,0.309495
5000,0.083,0.751,0.166,0.314009
5500,0.051,0.751,0.198,0.307435
6000,0.037,0.843,0.120,0.198980
6500,0.032,0.862,0.106,0.192063
7000,0.074,0.825,0.101,0.246963
7500,0.046,0.820,0.134,0.240116
8000,0.046,0.820,0.134,0.254941
8500,0.032,0.866,0.101,0.190971
9000,0.046,0.829,0.124,0.259962
9500,0.041,0.783,0.175,0.285194
10000,0.032,0.797,0.171,0.282067
10500,0.060,0.820,0.120,0.248433
11000,0.065,0.788,0.147,0.277108
11500,0.069,0.747,0.184,0.327787
12000,0.092,0.687,0.221,0.368036
12500,0.101,0.668,0.230,0.368460
13000,0.120,0.627,0.253,0.397704
13500,0.106,0.673,0.221,0.360905
14000,0.069,0.760,0.171,0.290840
14500,0.069,0.751,0.180,0.294194
15000,0.069,0.797,0.134,0.262611
15500,0.078,0.737,0.184,0.323035
16000,0.115,0.664,0.221,0.381180
16500,0.083,0.770,0.147,0.285984
17000,0.055,0.765,0.180,0.291949
17500,0.065,0.797,0.138,0.257335
18000,0.074,0.742,0.184,0.319911
18500,0.060,0.747,0.194,0.301633
19000,0.051,0.756,0.194,0.266416
19500,0.138,0.668,0.194,0.359343
20000,0.115,0.608,0.276,0.385089
20500,0.175,0.571,0.253,0.425339
21000,0.226,0.442,0.332,0.480176
21500,0.198,0.415,0.387,0.468505
22000,0.313,0.346,0.341,0.495765
22500,0.410,0.272,0.318,0.474527
23000,0.498,0.203,0.300,0.431512
23500,0.558,0.152,0.290,0.383374
24000,0.696,0.065,0.240,0.274098
24500,0.811,0.069,0.120,0.192226
25000,0.912,0.009,0.078,0.071418
25500,0.972,0.009,0.018,0.015601
26000,0.986,0.005,0.009,0.007191
26500,0.995,0.005,-0.000,0.000187
27000,0.991,0.005,0.005,0.006087
27500,0.995,0.005,-0.000,0.000187
28000,0.991,0.005,0.005,0.006087
28500,0.995,0.005,-0.000,0.000187
29000,0.995,0.005,-0.000,0.000187
29500,0.995,0.005,-0.000,0.000187
30000,0.995,0.005,-0.000,0.000187
30500,0.995,0.005,-0.000,0.000187
31000,0.995,0.005,-0.000,0.000187
31500,0.995,0.005,-0.000,0.000187
32000,0.995,0.005,-0.000,0.000187
32500,0.995,0.005,-0.000,0.000187
33000,0.995,0.005,-0.000,0.000187
33500,0.995,0.005,-0.000,0.000187
34000,0.995,0.005,-0.000,0.000187
34500,0.995,0.005,-0.000,0.000187
35000,0.995,0.000,0.005,0.000187
35500,0.995,0.000,0.005,0.000187
36000,0.995,0.000,0.005,0.000187
36500,0.995,0.000,0.005,0.000187
37000,0.995,0.000,0.005,0.000187
37500,0.995,0.000,0.005,0.000187
38000,0.995,0.000,0.005,0.000187
38500,1.000,0.000,0.000,0.000000
