time,n_A+p,n_B,n_AB
0,0.030,0.970,0.000
500,0.030,0.941,0.030
1000,0.030,0.875,0.095
1500,0.040,0.819,0.141
2000,0.045,0.767,0.188
2500,0.051,0.707,0.242
3000,0.052,0.642,0.305
3500,0.048,0.584,0.368
4000,0.048,0.552,0.400
4500,0.056,0.533,0.411
5000,0.054,0.506,0.440
5500,0.054,0.471,0.475
6000,0.052,0.448,0.499
6500,0.048,0.435,0.517
7000,0.052,0.426,0.522
7500,0.058,0.425,0.517
8000,0.078,0.415,0.508
8500,0.081,0.378,0.541
9000,0.067,0.369,0.564
9500,0.060,0.358,0.582
10000,0.051,0.352,0.597
10500,0.051,0.346,0.603
11000,0.064,0.337,0.599
11500,0.055,0.338,0.607
12000,0.062,0.326,0.612
12500,0.063,0.319,0.618
13000,0.065,0.320,0.615
13500,0.061,0.311,0.628
14000,0.089,0.313,0.599
14500,0.087,0.309,0.604
15000,0.093,0.323,0.584
15500,0.091,0.305,0.604
16000,0.082,0.305,0.613
16500,0.085,0.311,0.605
17000,0.087,0.303,0.610
17500,0.087,0.292,0.621
18000,0.080,0.287,0.633
18500,0.089,0.279,0.632
19000,0.077,0.280,0.644
19500,0.074,0.282,0.645
20000,0.073,0.287,0.640
20500,0.068,0.289,0.642
21000,0.075,0.280,0.646
21500,0.067,0.278,0.655
22000,0.069,0.275,0.656
22500,0.072,0.275,0.654
23000,0.064,0.265,0.671
23500,0.066,0.261,0.672
24000,0.070,0.254,0.675
24500,0.062,0.254,0.683
25000,0.060,0.247,0.693
25500,0.060,0.260,0.679
26000,0.066,0.252,0.681
26500,0.066,0.249,0.684
27000,0.073,0.273,0.655
27500,0.066,0.272,0.662
28000,0.051,0.261,0.687
28500,0.064,0.255,0.680
29000,0.058,0.254,0.687
29500,0.061,0.250,0.688
30000,0.054,0.252,0.694
30500,0.061,0.255,0.683
31000,0.062,0.248,0.689
31500,0.066,0.249,0.684
32000,0.077,0.239,0.684
32500,0.070,0.244,0.685
33000,0.072,0.243,0.685
33500,0.063,0.233,0.704
34000,0.058,0.236,0.706
34500,0.063,0.243,0.694
35000,0.057,0.236,0.707
35500,0.060,0.234,0.706
36000,0.063,0.230,0.707
36500,0.075,0.236,0.689
37000,0.063,0.236,0.701
37500,0.067,0.241,0.692
38000,0.074,0.231,0.696
38500,0.077,0.234,0.689
39000,0.093,0.236,0.671
39500,0.075,0.229,0.697
40000,0.080,0.226,0.695
40500,0.076,0.237,0.687
41000,0.069,0.228,0.703
41500,0.063,0.228,0.709
42000,0.088,0.228,0.684
42500,0.072,0.220,0.709
43000,0.073,0.247,0.680
43500,0.072,0.233,0.696
44000,0.066,0.244,0.689
44500,0.061,0.245,0.694
45000,0.061,0.240,0.699
45500,0.080,0.241,0.679
46000,0.077,0.237,0.686
46500,0.080,0.230,0.691
47000,0.067,0.235,0.698
47500,0.077,0.228,0.696
48000,0.078,0.234,0.688
48500,0.084,0.227,0.689
49000,0.077,0.223,0.701
49500,0.080,0.225,0.696
50000,0.076,0.218,0.707
50500,0.072,0.206,0.722
51000,0.081,0.207,0.712
51500,0.078,0.206,0.716
52000,0.090,0.216,0.695
52500,0.091,0.202,0.707
53000,0.084,0.200,0.716
53500,0.072,0.227,0.702
54000,0.089,0.208,0.703
54500,0.085,0.215,0.701
55000,0.082,0.204,0.714
55500,0.085,0.206,0.709
56000,0.086,0.218,0.697
56500,0.108,0.216,0.676
57000,0.089,0.201,0.710
57500,0.087,0.199,0.714
58000,0.079,0.197,0.724
58500,0.079,0.195,0.726
59000,0.073,0.198,0.729
59500,0.096,0.199,0.705
60000,0.085,0.201,0.714
60500,0.085,0.198,0.717
61000,0.077,0.190,0.733
61500,0.074,0.206,0.720
62000,0.077,0.188,0.735
62500,0.088,0.184,0.728
63000,0.076,0.197,0.727
63500,0.073,0.190,0.737
64000,0.077,0.192,0.731
64500,0.077,0.186,0.737
65000,0.085,0.201,0.714
65500,0.075,0.197,0.728
66000,0.084,0.188,0.728
66500,0.083,0.196,0.721
67000,0.085,0.192,0.723
67500,0.075,0.181,0.745
68000,0.063,0.184,0.753
68500,0.064,0.177,0.759
69000,0.064,0.179,0.757
69500,0.065,0.198,0.736
70000,0.076,0.208,0.716
70500,0.075,0.199,0.726
71000,0.076,0.195,0.729
71500,0.069,0.189,0.742
72000,0.070,0.187,0.743
72500,0.067,0.190,0.743
73000,0.077,0.188,0.735
73500,0.076,0.177,0.748
74000,0.079,0.188,0.733
74500,0.101,0.186,0.713
75000,0.089,0.186,0.725
75500,0.080,0.198,0.722
76000,0.079,0.200,0.721
76500,0.077,0.193,0.730
77000,0.074,0.204,0.722
77500,0.069,0.201,0.729
78000,0.066,0.188,0.746
78500,0.076,0.182,0.743
79000,0.069,0.175,0.756
79500,0.081,0.180,0.740
80000,0.070,0.182,0.748
80500,0.067,0.189,0.744
81000,0.069,0.187,0.744
81500,0.065,0.179,0.756
82000,0.063,0.175,0.762
82500,0.069,0.174,0.757
83000,0.084,0.174,0.743
83500,0.088,0.171,0.742
84000,0.087,0.174,0.740
84500,0.082,0.184,0.734
85000,0.085,0.183,0.732
85500,0.096,0.177,0.727
86000,0.095,0.180,0.725
86500,0.077,0.193,0.730
87000,0.087,0.177,0.736
87500,0.093,0.161,0.746
88000,0.103,0.181,0.716
88500,0.090,0.175,0.735
89000,0.087,0.182,0.731
89500,0.088,0.169,0.744
90000,0.086,0.163,0.751
90500,0.106,0.171,0.723
91000,0.110,0.168,0.722
91500,0.091,0.162,0.747
92000,0.084,0.164,0.752
92500,0.088,0.160,0.752
93000,0.079,0.165,0.756
93500,0.078,0.171,0.752
94000,0.090,0.176,0.734
94500,0.098,0.164,0.737
95000,0.097,0.170,0.733
95500,0.090,0.165,0.745
96000,0.085,0.162,0.753
96500,0.073,0.158,0.769
97000,0.080,0.161,0.759
97500,0.073,0.157,0.770
98000,0.072,0.148,0.780
98500,0.073,0.156,0.771
99000,0.085,0.156,0.759
99500,0.081,0.160,0.759
100000,0.075,0.162,0.763
100500,0.070,0.157,0.772
101000,0.082,0.172,0.747
101500,0.075,0.183,0.743
102000,0.075,0.179,0.747
102500,0.075,0.163,0.762
103000,0.077,0.164,0.759
103500,0.084,0.163,0.753
104000,0.079,0.168,0.754
104500,0.085,0.158,0.757
105000,0.085,0.175,0.741
105500,0.083,0.177,0.741
106000,0.080,0.178,0.743
106500,0.072,0.173,0.756
107000,0.083,0.177,0.741
107500,0.083,0.172,0.746
108000,0.081,0.168,0.752
108500,0.092,0.168,0.741
109000,0.085,0.161,0.754
109500,0.067,0.161,0.771
110000,0.080,0.158,0.762
110500,0.082,0.157,0.761
111000,0.078,0.157,0.765
111500,0.079,0.156,0.765
112000,0.069,0.155,0.775
112500,0.075,0.149,0.776
113000,0.091,0.143,0.766
113500,0.085,0.141,0.774
114000,0.082,0.146,0.772
114500,0.079,0.150,0.771
115000,0.095,0.147,0.758
115500,0.093,0.145,0.762
116000,0.088,0.145,0.767
116500,0.086,0.145,0.769
117000,0.082,0.144,0.774
117500,0.083,0.135,0.782
118000,0.094,0.138,0.768
118500,0.081,0.148,0.771
119000,0.089,0.150,0.761
119500,0.089,0.150,0.761
120000,0.087,0.154,0.759
120500,0.099,0.147,0.754
121000,0.091,0.146,0.763
121500,0.082,0.136,0.782
122000,0.076,0.141,0.783
122500,0.084,0.131,0.785
123000,0.084,0.141,0.775
123500,0.084,0.138,0.778
124000,0.073,0.136,0.792
124500,0.076,0.144,0.780
125000,0.093,0.139,0.768
125500,0.073,0.139,0.789
126000,0.072,0.146,0.782
126500,0.070,0.163,0.766
127000,0.073,0.158,0.769
127500,0.065,0.158,0.776
128000,0.066,0.151,0.782
128500,0.080,0.148,0.772
129000,0.072,0.149,0.779
129500,0.074,0.155,0.771
130000,0.074,0.150,0.776
130500,0.083,0.150,0.767
131000,0.080,0.137,0.783
131500,0.086,0.142,0.772
132000,0.099,0.135,0.766
132500,0.081,0.158,0.761
133000,0.078,0.153,0.769
133500,0.084,0.161,0.755
134000,0.081,0.163,0.756
134500,0.076,0.171,0.754
135000,0.070,0.164,0.765
135500,0.072,0.159,0.769
136000,0.080,0.151,0.769
136500,0.077,0.146,0.777
137000,0.069,0.144,0.787
137500,0.074,0.144,0.782
138000,0.079,0.164,0.757
138500,0.099,0.156,0.745
139000,0.095,0.155,0.750
139500,0.091,0.134,0.775
140000,0.086,0.141,0.773
140500,0.083,0.151,0.766
141000,0.086,0.147,0.767
141500,0.092,0.145,0.763
142000,0.087,0.144,0.769
142500,0.095,0.148,0.757
143000,0.091,0.150,0.759
143500,0.100,0.150,0.750
144000,0.096,0.150,0.754
144500,0.092,0.146,0.762
145000,0.093,0.138,0.769
145500,0.095,0.136,0.769
146000,0.095,0.134,0.771
146500,0.101,0.134,0.765
147000,0.104,0.133,0.763
147500,0.102,0.132,0.766
148000,0.092,0.132,0.776
148500,0.082,0.144,0.774
149000,0.088,0.137,0.775
149500,0.084,0.133,0.783
150000,0.085,0.140,0.775
150500,0.095,0.144,0.761
151000,0.085,0.134,0.781
151500,0.095,0.137,0.768
152000,0.088,0.137,0.775
152500,0.082,0.145,0.773
153000,0.077,0.138,0.785
153500,0.078,0.137,0.785
154000,0.076,0.142,0.782
154500,0.072,0.143,0.785
155000,0.080,0.143,0.777
155500,0.070,0.136,0.794
156000,0.074,0.137,0.790
156500,0.080,0.150,0.770
157000,0.082,0.150,0.768
157500,0.076,0.153,0.771
158000,0.074,0.151,0.775
158500,0.075,0.149,0.776
159000,0.077,0.148,0.775
159500,0.068,0.148,0.783
160000,0.067,0.145,0.788
160500,0.064,0.137,0.799
161000,0.073,0.141,0.787
161500,0.066,0.134,0.800
162000,0.078,0.131,0.792
162500,0.063,0.139,0.798
163000,0.061,0.136,0.803
163500,0.075,0.140,0.785
164000,0.079,0.143,0.778
164500,0.081,0.147,0.772
165000,0.084,0.144,0.772
165500,0.078,0.137,0.785
166000,0.078,0.142,0.780
166500,0.067,0.137,0.796
167000,0.074,0.134,0.793
167500,0.079,0.123,0.799
168000,0.079,0.121,0.801
168500,0.094,0.120,0.787
169000,0.089,0.114,0.797
169500,0.088,0.120,0.793
170000,0.086,0.134,0.780
170500,0.086,0.127,0.788
171000,0.083,0.150,0.767
171500,0.083,0.147,0.770
172000,0.077,0.148,0.775
172500,0.078,0.143,0.779
173000,0.082,0.132,0.787
173500,0.087,0.132,0.781
174000,0.081,0.148,0.771
174500,0.081,0.155,0.764
175000,0.072,0.154,0.774
175500,0.088,0.147,0.765
176000,0.084,0.131,0.785
176500,0.085,0.127,0.789
177000,0.082,0.134,0.784
177500,0.078,0.132,0.791
178000,0.084,0.128,0.789
178500,0.088,0.128,0.784
179000,0.090,0.117,0.793
179500,0.109,0.114,0.776
180000,0.088,0.114,0.798
180500,0.098,0.120,0.782
181000,0.088,0.135,0.777
181500,0.081,0.131,0.789
182000,0.074,0.138,0.789
182500,0.104,0.137,0.759
183000,0.090,0.132,0.778
183500,0.091,0.120,0.790
184000,0.079,0.129,0.793
184500,0.076,0.136,0.789
185000,0.061,0.140,0.799
185500,0.076,0.151,0.773
186000,0.068,0.138,0.794
186500,0.072,0.134,0.795
187000,0.070,0.154,0.775
187500,0.074,0.150,0.776
188000,0.099,0.136,0.765
188500,0.073,0.139,0.789
189000,0.060,0.140,0.800
189500,0.064,0.136,0.800
190000,0.066,0.135,0.799
190500,0.068,0.142,0.790
191000,0.076,0.136,0.789
191500,0.068,0.129,0.803
192000,0.070,0.117,0.812
192500,0.079,0.120,0.802
193000,0.090,0.117,0.793
193500,0.081,0.126,0.794
194000,0.081,0.121,0.799
194500,0.076,0.123,0.802
195000,0.076,0.128,0.797
195500,0.072,0.134,0.795
196000,0.075,0.129,0.797
196500,0.075,0.138,0.788
197000,0.087,0.129,0.784
197500,0.082,0.126,0.793
198000,0.076,0.121,0.804
198500,0.077,0.125,0.799
199000,0.081,0.130,0.790
199500,0.083,0.121,0.797
200000,0.094,0.126,0.780
200500,0.087,0.128,0.785
201000,0.090,0.128,0.782
201500,0.087,0.129,0.784
202000,0.094,0.136,0.770
202500,0.086,0.118,0.796
203000,0.084,0.114,0.802
203500,0.083,0.117,0.800
204000,0.079,0.127,0.795
204500,0.086,0.118,0.796
205000,0.087,0.123,0.791
205500,0.084,0.113,0.803
206000,0.084,0.109,0.807
206500,0.081,0.107,0.812
207000,0.085,0.125,0.791
207500,0.090,0.122,0.789
208000,0.084,0.130,0.787
208500,0.085,0.116,0.799
209000,0.064,0.112,0.823
209500,0.064,0.105,0.830
210000,0.061,0.107,0.831
210500,0.064,0.114,0.821
211000,0.066,0.146,0.788
211500,0.069,0.143,0.788
212000,0.069,0.132,0.799
212500,0.074,0.127,0.800
213000,0.078,0.125,0.798
213500,0.073,0.121,0.807
214000,0.079,0.122,0.800
214500,0.077,0.126,0.798
215000,0.081,0.118,0.801
215500,0.080,0.136,0.784
216000,0.098,0.131,0.771
216500,0.104,0.114,0.781
217000,0.094,0.113,0.793
217500,0.083,0.118,0.799
218000,0.086,0.115,0.799
218500,0.085,0.122,0.794
219000,0.094,0.106,0.800
219500,0.096,0.108,0.796
220000,0.084,0.111,0.805
220500,0.090,0.121,0.790
221000,0.086,0.117,0.797
221500,0.094,0.117,0.789
222000,0.090,0.113,0.797
222500,0.087,0.122,0.792
223000,0.079,0.122,0.800
223500,0.075,0.123,0.803
224000,0.089,0.134,0.777
224500,0.085,0.132,0.783
225000,0.088,0.126,0.787
225500,0.091,0.105,0.804
226000,0.094,0.134,0.772
226500,0.086,0.126,0.789
227000,0.089,0.117,0.794
227500,0.100,0.123,0.777
228000,0.091,0.117,0.792
228500,0.077,0.135,0.789
229000,0.072,0.126,0.803
229500,0.096,0.124,0.780
230000,0.084,0.137,0.779
230500,0.082,0.129,0.790
231000,0.079,0.124,0.798
231500,0.080,0.123,0.798
232000,0.079,0.115,0.806
232500,0.073,0.117,0.810
233000,0.075,0.121,0.805
233500,0.073,0.128,0.800
234000,0.078,0.123,0.800
234500,0.083,0.126,0.792
235000,0.078,0.117,0.805
235500,0.084,0.117,0.799
236000,0.084,0.118,0.798
236500,0.080,0.104,0.816
237000,0.080,0.111,0.809
237500,0.077,0.112,0.811
238000,0.078,0.107,0.815
238500,0.067,0.128,0.805
239000,0.070,0.123,0.807
239500,0.069,0.120,0.811
240000,0.074,0.116,0.810
240500,0.079,0.111,0.810
241000,0.081,0.109,0.810
241500,0.084,0.107,0.809
242000,0.083,0.107,0.810
242500,0.076,0.108,0.816
243000,0.090,0.113,0.797
243500,0.107,0.110,0.782
244000,0.088,0.102,0.810
244500,0.089,0.109,0.802
245000,0.087,0.108,0.805
245500,0.094,0.115,0.791
246000,0.093,0.118,0.789
246500,0.086,0.115,0.799
247000,0.088,0.110,0.802
247500,0.075,0.122,0.804
248000,0.079,0.123,0.799
248500,0.083,0.136,0.781
249000,0.084,0.120,0.797
249500,0.097,0.141,0.762
250000,0.111,0.141,0.748
250500,0.106,0.130,0.764
251000,0.099,0.141,0.760
251500,0.096,0.141,0.763
252000,0.094,0.128,0.778
252500,0.095,0.140,0.765
253000,0.088,0.133,0.779
253500,0.087,0.129,0.784
254000,0.085,0.129,0.787
254500,0.091,0.117,0.792
255000,0.091,0.114,0.795
255500,0.082,0.108,0.810
256000,0.075,0.118,0.807
256500,0.073,0.116,0.811
257000,0.066,0.117,0.816
257500,0.077,0.115,0.808
258000,0.085,0.118,0.797
258500,0.087,0.113,0.800
259000,0.077,0.111,0.812
259500,0.070,0.106,0.823
260000,0.066,0.114,0.819
260500,0.076,0.112,0.812
261000,0.077,0.124,0.800
261500,0.070,0.129,0.801
262000,0.081,0.133,0.787
262500,0.069,0.132,0.799
263000,0.069,0.129,0.802
263500,0.066,0.121,0.813
264000,0.065,0.120,0.815
264500,0.065,0.120,0.815
265000,0.066,0.114,0.819
265500,0.065,0.110,0.824
266000,0.072,0.112,0.816
266500,0.075,0.114,0.811
267000,0.096,0.114,0.790
267500,0.093,0.118,0.789
268000,0.088,0.108,0.804
268500,0.083,0.103,0.814
269000,0.080,0.128,0.793
269500,0.081,0.105,0.814
270000,0.078,0.105,0.817
270500,0.082,0.107,0.811
271000,0.088,0.124,0.789
271500,0.083,0.121,0.797
272000,0.089,0.122,0.790
272500,0.100,0.111,0.789
273000,0.089,0.107,0.804
273500,0.087,0.107,0.806
274000,0.087,0.130,0.783
274500,0.084,0.118,0.798
275000,0.084,0.126,0.791
275500,0.078,0.118,0.804
276000,0.084,0.105,0.811
276500,0.065,0.111,0.823
277000,0.087,0.108,0.805
277500,0.096,0.107,0.797
278000,0.090,0.112,0.798
278500,0.089,0.111,0.800
279000,0.094,0.108,0.798
279500,0.094,0.113,0.793
280000,0.100,0.103,0.797
280500,0.124,0.097,0.779
281000,0.100,0.101,0.799
281500,0.106,0.100,0.794
282000,0.101,0.097,0.802
282500,0.086,0.106,0.808
283000,0.093,0.114,0.793
283500,0.078,0.113,0.809
284000,0.083,0.109,0.808
284500,0.088,0.108,0.804
285000,0.075,0.098,0.827
285500,0.079,0.098,0.823
286000,0.088,0.098,0.814
286500,0.082,0.101,0.817
287000,0.072,0.105,0.823
287500,0.077,0.109,0.814
288000,0.084,0.113,0.803
288500,0.098,0.107,0.795
289000,0.092,0.106,0.802
289500,0.102,0.112,0.785
290000,0.091,0.111,0.798
290500,0.095,0.103,0.802
291000,0.101,0.114,0.784
291500,0.096,0.108,0.796
292000,0.089,0.102,0.809
292500,0.081,0.113,0.806
293000,0.082,0.131,0.788
293500,0.079,0.118,0.803
294000,0.098,0.116,0.785
294500,0.090,0.109,0.801
295000,0.087,0.110,0.803
295500,0.081,0.117,0.802
296000,0.089,0.116,0.795
296500,0.099,0.108,0.793
297000,0.099,0.106,0.795
297500,0.090,0.105,0.805
298000,0.081,0.117,0.802
298500,0.083,0.114,0.803
299000,0.084,0.099,0.817
299500,0.084,0.100,0.816
300000,0.085,0.112,0.803
300500,0.074,0.108,0.818
301000,0.074,0.107,0.819
301500,0.089,0.110,0.801
302000,0.079,0.125,0.797
302500,0.076,0.124,0.801
303000,0.078,0.121,0.802
303500,0.074,0.115,0.811
304000,0.075,0.125,0.801
304500,0.072,0.109,0.819
305000,0.082,0.109,0.809
305500,0.118,0.112,0.769
306000,0.102,0.124,0.774
306500,0.099,0.134,0.767
307000,0.103,0.131,0.766
307500,0.118,0.113,0.768
308000,0.104,0.124,0.772
308500,0.108,0.112,0.779
309000,0.106,0.113,0.780
309500,0.095,0.123,0.782
310000,0.099,0.128,0.773
310500,0.087,0.111,0.802
311000,0.080,0.120,0.801
311500,0.094,0.122,0.784
312000,0.108,0.114,0.777
312500,0.090,0.129,0.781
313000,0.084,0.138,0.778
313500,0.082,0.128,0.791
314000,0.094,0.123,0.783
314500,0.100,0.137,0.763
315000,0.114,0.134,0.752
315500,0.117,0.118,0.764
316000,0.102,0.111,0.787
316500,0.089,0.115,0.796
317000,0.094,0.141,0.765
317500,0.095,0.133,0.772
318000,0.093,0.129,0.778
318500,0.091,0.131,0.778
319000,0.088,0.112,0.800
319500,0.084,0.121,0.796
320000,0.082,0.112,0.806
320500,0.081,0.115,0.804
321000,0.092,0.104,0.804
321500,0.084,0.099,0.817
322000,0.081,0.113,0.806
322500,0.078,0.102,0.820
323000,0.073,0.105,0.822
323500,0.077,0.101,0.822
324000,0.060,0.090,0.850
324500,0.070,0.094,0.836
325000,0.075,0.100,0.825
325500,0.076,0.092,0.832
326000,0.103,0.088,0.809
326500,0.090,0.096,0.814
327000,0.080,0.103,0.817
327500,0.078,0.092,0.830
328000,0.080,0.092,0.828
328500,0.080,0.097,0.823
329000,0.088,0.096,0.816
329500,0.089,0.102,0.809
330000,0.080,0.090,0.830
330500,0.077,0.093,0.830
331000,0.076,0.090,0.835
331500,0.069,0.090,0.841
332000,0.077,0.117,0.806
332500,0.070,0.105,0.824
333000,0.069,0.106,0.824
333500,0.080,0.118,0.802
334000,0.076,0.107,0.817
334500,0.085,0.108,0.807
335000,0.081,0.107,0.812
335500,0.085,0.116,0.799
336000,0.094,0.114,0.792
336500,0.089,0.110,0.801
337000,0.105,0.091,0.804
337500,0.105,0.103,0.792
338000,0.110,0.094,0.796
338500,0.100,0.093,0.807
339000,0.093,0.094,0.813
339500,0.090,0.094,0.816
340000,0.077,0.095,0.828
340500,0.073,0.098,0.829
341000,0.075,0.090,0.836
341500,0.096,0.097,0.807
342000,0.096,0.092,0.812
342500,0.106,0.092,0.802
343000,0.098,0.091,0.811
343500,0.082,0.102,0.816
344000,0.078,0.101,0.821
344500,0.087,0.097,0.816
345000,0.096,0.094,0.810
345500,0.091,0.096,0.813
346000,0.084,0.089,0.827
346500,0.094,0.082,0.824
347000,0.092,0.089,0.819
347500,0.092,0.093,0.815
348000,0.088,0.086,0.826
348500,0.082,0.087,0.831
349000,0.079,0.092,0.829
349500,0.065,0.093,0.842
350000,0.077,0.089,0.835
350500,0.076,0.094,0.830
351000,0.075,0.098,0.827
351500,0.083,0.112,0.805
352000,0.077,0.101,0.822
352500,0.084,0.117,0.799
353000,0.083,0.106,0.811
353500,0.086,0.098,0.816
354000,0.082,0.096,0.822
354500,0.077,0.098,0.825
355000,0.108,0.103,0.789
355500,0.094,0.100,0.806
356000,0.077,0.103,0.820
356500,0.095,0.110,0.795
357000,0.095,0.111,0.794
357500,0.088,0.099,0.813
358000,0.080,0.099,0.821
358500,0.093,0.091,0.816
359000,0.092,0.102,0.806
359500,0.085,0.094,0.821
360000,0.086,0.096,0.818
360500,0.086,0.091,0.823
361000,0.084,0.083,0.834
361500,0.100,0.097,0.803
362000,0.087,0.087,0.826
362500,0.079,0.087,0.835
363000,0.088,0.092,0.820
363500,0.089,0.089,0.822
364000,0.084,0.084,0.832
364500,0.084,0.095,0.821
365000,0.081,0.091,0.828
365500,0.081,0.092,0.827
366000,0.079,0.099,0.822
366500,0.074,0.090,0.837
367000,0.082,0.096,0.822
367500,0.070,0.092,0.838
368000,0.068,0.095,0.837
368500,0.084,0.085,0.831
369000,0.085,0.079,0.837
369500,0.084,0.076,0.841
370000,0.078,0.083,0.840
370500,0.077,0.089,0.835
371000,0.069,0.092,0.839
371500,0.079,0.091,0.830
372000,0.080,0.090,0.830
372500,0.098,0.090,0.812
373000,0.082,0.099,0.819
373500,0.075,0.090,0.836
374000,0.073,0.096,0.831
374500,0.078,0.096,0.826
375000,0.086,0.101,0.813
375500,0.076,0.102,0.822
376000,0.080,0.091,0.829
376500,0.096,0.083,0.821
377000,0.078,0.104,0.818
377500,0.086,0.099,0.815
378000,0.080,0.094,0.826
378500,0.078,0.103,0.819
379000,0.080,0.109,0.811
379500,0.086,0.103,0.811
380000,0.099,0.101,0.800
380500,0.109,0.104,0.787
381000,0.114,0.101,0.784
381500,0.116,0.106,0.777
382000,0.112,0.103,0.784
382500,0.105,0.098,0.797
383000,0.087,0.108,0.805
383500,0.091,0.100,0.809
384000,0.088,0.093,0.819
384500,0.090,0.095,0.815
385000,0.085,0.082,0.834
385500,0.099,0.080,0.821
386000,0.081,0.085,0.835
386500,0.076,0.082,0.843
387000,0.076,0.083,0.842
387500,0.085,0.079,0.837
388000,0.082,0.099,0.819
388500,0.086,0.104,0.810
389000,0.086,0.109,0.805
389500,0.089,0.093,0.818
390000,0.100,0.085,0.815
390500,0.089,0.090,0.821
391000,0.092,0.092,0.816
391500,0.082,0.092,0.826
392000,0.082,0.103,0.815
392500,0.103,0.095,0.802
393000,0.087,0.097,0.816
393500,0.081,0.099,0.820
394000,0.081,0.106,0.813
394500,0.083,0.104,0.813
395000,0.087,0.105,0.808
395500,0.080,0.092,0.828
396000,0.077,0.105,0.818
396500,0.070,0.095,0.835
397000,0.087,0.093,0.820
397500,0.100,0.091,0.809
398000,0.121,0.095,0.784
398500,0.126,0.089,0.785
399000,0.094,0.079,0.827
399500,0.090,0.092,0.818
400000,0.087,0.089,0.824
400500,0.088,0.098,0.814
401000,0.083,0.082,0.836
401500,0.078,0.098,0.824
402000,0.076,0.105,0.819
402500,0.088,0.097,0.815
403000,0.076,0.096,0.828
403500,0.083,0.106,0.811
404000,0.081,0.110,0.809
404500,0.084,0.096,0.820
405000,0.075,0.101,0.824
405500,0.073,0.106,0.821
406000,0.067,0.095,0.838
406500,0.066,0.094,0.840
407000,0.065,0.092,0.843
407500,0.069,0.087,0.844
408000,0.067,0.085,0.848
408500,0.072,0.080,0.849
409000,0.069,0.082,0.849
409500,0.074,0.089,0.838
410000,0.078,0.099,0.823
410500,0.098,0.099,0.803
411000,0.115,0.096,0.789
411500,0.113,0.088,0.799
412000,0.102,0.085,0.813
412500,0.112,0.080,0.808
413000,0.102,0.089,0.809
413500,0.086,0.093,0.821
414000,0.091,0.097,0.812
414500,0.091,0.092,0.817
415000,0.124,0.097,0.779
415500,0.106,0.086,0.808
416000,0.092,0.088,0.820
416500,0.103,0.092,0.805
417000,0.101,0.083,0.816
417500,0.100,0.093,0.807
418000,0.105,0.088,0.807
418500,0.089,0.092,0.819
419000,0.083,0.092,0.825
419500,0.087,0.102,0.811
420000,0.094,0.090,0.816
420500,0.083,0.090,0.827
421000,0.075,0.099,0.826
421500,0.087,0.107,0.806
422000,0.084,0.094,0.822
422500,0.087,0.084,0.829
423000,0.090,0.082,0.828
423500,0.101,0.093,0.806
424000,0.098,0.083,0.819
424500,0.087,0.070,0.843
425000,0.086,0.081,0.834
425500,0.096,0.075,0.829
426000,0.104,0.079,0.817
426500,0.099,0.075,0.826
427000,0.104,0.081,0.815
427500,0.091,0.074,0.836
428000,0.081,0.070,0.849
428500,0.078,0.072,0.851
429000,0.081,0.075,0.845
429500,0.077,0.085,0.839
430000,0.088,0.076,0.837
430500,0.089,0.081,0.830
431000,0.091,0.086,0.823
431500,0.094,0.077,0.829
432000,0.110,0.085,0.805
432500,0.108,0.080,0.812
433000,0.093,0.079,0.828
433500,0.104,0.079,0.817
434000,0.097,0.079,0.824
434500,0.092,0.092,0.816
435000,0.079,0.089,0.832
435500,0.081,0.093,0.826
436000,0.082,0.090,0.828
436500,0.082,0.106,0.812
437000,0.078,0.107,0.815
437500,0.092,0.099,0.809
438000,0.103,0.097,0.800
438500,0.096,0.093,0.811
439000,0.089,0.100,0.811
439500,0.085,0.090,0.825
440000,0.083,0.093,0.824
440500,0.084,0.097,0.819
441000,0.087,0.094,0.819
441500,0.084,0.099,0.817
442000,0.089,0.085,0.826
442500,0.095,0.087,0.818
443000,0.087,0.085,0.828
443500,0.104,0.087,0.809
444000,0.098,0.082,0.820
444500,0.095,0.081,0.824
445000,0.098,0.077,0.825
445500,0.084,0.067,0.849
446000,0.082,0.075,0.844
446500,0.089,0.073,0.839
447000,0.120,0.067,0.813
447500,0.111,0.069,0.819
448000,0.107,0.077,0.816
448500,0.113,0.084,0.803
449000,0.106,0.081,0.813
449500,0.094,0.086,0.820
450000,0.108,0.084,0.808
450500,0.109,0.087,0.804
451000,0.108,0.086,0.806
451500,0.102,0.087,0.811
452000,0.104,0.094,0.802
452500,0.095,0.077,0.828
453000,0.103,0.082,0.815
453500,0.100,0.080,0.820
454000,0.102,0.077,0.821
454500,0.104,0.091,0.805
455000,0.093,0.096,0.811
455500,0.097,0.103,0.800
456000,0.096,0.101,0.803
456500,0.089,0.114,0.797
457000,0.090,0.105,0.805
457500,0.079,0.101,0.820
458000,0.085,0.097,0.818
458500,0.098,0.089,0.813
459000,0.105,0.088,0.807
459500,0.100,0.079,0.821
460000,0.104,0.074,0.822
460500,0.114,0.063,0.822
461000,0.112,0.062,0.825
461500,0.113,0.074,0.813
462000,0.118,0.099,0.782
462500,0.106,0.091,0.803
463000,0.109,0.089,0.802
463500,0.103,0.092,0.805
464000,0.108,0.099,0.793
464500,0.095,0.088,0.817
465000,0.086,0.092,0.822
465500,0.086,0.086,0.828
466000,0.085,0.088,0.827
466500,0.083,0.096,0.821
467000,0.089,0.092,0.819
467500,0.088,0.084,0.828
468000,0.101,0.112,0.787
468500,0.095,0.107,0.798
469000,0.093,0.100,0.807
469500,0.088,0.091,0.821
470000,0.084,0.081,0.836
470500,0.085,0.078,0.838
471000,0.084,0.083,0.834
471500,0.092,0.084,0.824
472000,0.079,0.075,0.847
472500,0.078,0.095,0.827
473000,0.072,0.087,0.842
473500,0.062,0.085,0.853
474000,0.072,0.096,0.832
474500,0.069,0.086,0.845
475000,0.081,0.080,0.840
475500,0.070,0.093,0.837
476000,0.076,0.089,0.836
476500,0.068,0.088,0.844
477000,0.069,0.086,0.845
477500,0.068,0.077,0.855
478000,0.068,0.074,0.858
478500,0.084,0.088,0.828
479000,0.092,0.084,0.824
479500,0.106,0.080,0.814
480000,0.097,0.074,0.829
480500,0.088,0.069,0.843
481000,0.084,0.067,0.849
481500,0.076,0.078,0.847
482000,0.087,0.087,0.826
482500,0.089,0.078,0.834
483000,0.074,0.080,0.847
483500,0.083,0.074,0.844
484000,0.076,0.068,0.856
484500,0.076,0.091,0.834
485000,0.090,0.094,0.816
485500,0.080,0.102,0.818
486000,0.093,0.108,0.799
486500,0.113,0.102,0.784
487000,0.107,0.090,0.803
487500,0.102,0.085,0.813
488000,0.102,0.082,0.816
488500,0.107,0.081,0.812
489000,0.105,0.083,0.812
489500,0.091,0.080,0.829
490000,0.087,0.092,0.821
490500,0.089,0.080,0.831
491000,0.083,0.081,0.837
491500,0.103,0.093,0.804
492000,0.091,0.081,0.828
492500,0.089,0.080,0.831
493000,0.091,0.084,0.825
493500,0.088,0.086,0.826
494000,0.088,0.082,0.830
494500,0.082,0.081,0.838
495000,0.091,0.074,0.836
495500,0.101,0.073,0.826
496000,0.105,0.076,0.819
496500,0.093,0.077,0.830
497000,0.084,0.075,0.842
497500,0.088,0.073,0.840
498000,0.100,0.077,0.823
498500,0.103,0.086,0.811
499000,0.121,0.079,0.801
499500,0.109,0.082,0.809
500000,0.118,0.084,0.798
500500,0.120,0.080,0.801
501000,0.111,0.081,0.808
501500,0.105,0.069,0.825
502000,0.098,0.075,0.827
502500,0.096,0.091,0.813
503000,0.089,0.074,0.838
503500,0.089,0.075,0.837
504000,0.088,0.080,0.832
504500,0.095,0.065,0.840
505000,0.096,0.076,0.828
505500,0.101,0.078,0.821
506000,0.095,0.081,0.824
506500,0.086,0.066,0.848
507000,0.080,0.070,0.850
507500,0.080,0.078,0.843
508000,0.081,0.075,0.845
508500,0.086,0.072,0.843
509000,0.080,0.070,0.850
509500,0.074,0.078,0.849
510000,0.075,0.089,0.837
510500,0.075,0.092,0.834
511000,0.069,0.098,0.832
511500,0.073,0.089,0.839
512000,0.073,0.087,0.841
512500,0.078,0.093,0.829
513000,0.086,0.105,0.809
513500,0.075,0.096,0.829
514000,0.088,0.088,0.824
514500,0.095,0.083,0.822
515000,0.094,0.084,0.822
515500,0.091,0.098,0.811
516000,0.097,0.079,0.824
516500,0.094,0.099,0.807
517000,0.074,0.092,0.835
517500,0.077,0.085,0.839
518000,0.077,0.082,0.842
518500,0.089,0.086,0.825
519000,0.088,0.088,0.824
519500,0.091,0.075,0.835
520000,0.083,0.075,0.843
520500,0.086,0.075,0.840
521000,0.080,0.086,0.835
521500,0.073,0.078,0.850
522000,0.076,0.079,0.846
522500,0.086,0.074,0.841
523000,0.099,0.076,0.825
523500,0.084,0.078,0.839
524000,0.088,0.076,0.837
524500,0.085,0.075,0.841
525000,0.082,0.066,0.852
525500,0.072,0.090,0.839
526000,0.083,0.094,0.823
526500,0.090,0.094,0.816
527000,0.080,0.107,0.813
527500,0.074,0.101,0.825
528000,0.084,0.095,0.821
528500,0.077,0.101,0.822
529000,0.074,0.088,0.839
529500,0.070,0.091,0.839
530000,0.066,0.089,0.845
530500,0.073,0.089,0.839
531000,0.073,0.086,0.842
531500,0.068,0.081,0.851
532000,0.074,0.083,0.844
532500,0.074,0.102,0.824
533000,0.074,0.100,0.826
533500,0.074,0.094,0.832
534000,0.079,0.095,0.826
534500,0.072,0.100,0.828
535000,0.081,0.095,0.824
535500,0.075,0.085,0.841
536000,0.068,0.072,0.860
536500,0.058,0.079,0.863
537000,0.059,0.089,0.852
537500,0.067,0.084,0.849
538000,0.073,0.082,0.846
538500,0.085,0.082,0.834
539000,0.080,0.101,0.819
539500,0.075,0.090,0.836
540000,0.076,0.080,0.845
540500,0.070,0.081,0.849
541000,0.080,0.094,0.826
541500,0.077,0.086,0.838
542000,0.077,0.089,0.835
542500,0.089,0.101,0.810
543000,0.095,0.086,0.819
543500,0.094,0.080,0.826
544000,0.091,0.073,0.837
544500,0.077,0.096,0.827
545000,0.084,0.083,0.834
545500,0.074,0.075,0.852
546000,0.080,0.075,0.846
546500,0.086,0.074,0.841
547000,0.088,0.069,0.843
547500,0.080,0.069,0.851
548000,0.086,0.070,0.844
548500,0.090,0.073,0.838
549000,0.098,0.078,0.824
549500,0.095,0.082,0.823
550000,0.091,0.090,0.819
550500,0.079,0.098,0.823
551000,0.083,0.098,0.819
551500,0.074,0.087,0.840
552000,0.091,0.079,0.830
552500,0.085,0.081,0.835
553000,0.084,0.083,0.834
553500,0.077,0.089,0.835
554000,0.086,0.074,0.841
554500,0.089,0.077,0.835
555000,0.077,0.077,0.847
555500,0.085,0.093,0.822
556000,0.083,0.081,0.837
556500,0.074,0.076,0.851
557000,0.091,0.075,0.835
557500,0.079,0.078,0.844
558000,0.078,0.074,0.849
558500,0.077,0.079,0.845
559000,0.102,0.072,0.826
559500,0.111,0.077,0.812
560000,0.117,0.092,0.791
560500,0.106,0.091,0.803
561000,0.106,0.077,0.817
561500,0.104,0.076,0.820
562000,0.089,0.065,0.846
562500,0.090,0.074,0.837
563000,0.080,0.063,0.857
563500,0.094,0.070,0.836
564000,0.092,0.082,0.826
564500,0.089,0.079,0.832
565000,0.077,0.080,0.844
565500,0.093,0.065,0.842
566000,0.073,0.082,0.846
566500,0.074,0.072,0.855
567000,0.076,0.080,0.845
567500,0.077,0.086,0.838
568000,0.092,0.076,0.832
568500,0.072,0.093,0.836
569000,0.072,0.083,0.846
569500,0.079,0.081,0.841
570000,0.094,0.082,0.824
570500,0.097,0.084,0.819
571000,0.099,0.082,0.819
571500,0.089,0.076,0.836
572000,0.100,0.076,0.824
572500,0.091,0.079,0.830
573000,0.094,0.081,0.825
573500,0.109,0.072,0.819
574000,0.099,0.070,0.830
574500,0.096,0.069,0.835
575000,0.103,0.072,0.825
575500,0.094,0.074,0.832
576000,0.091,0.072,0.838
576500,0.095,0.068,0.837
577000,0.099,0.066,0.835
577500,0.099,0.069,0.831
578000,0.096,0.066,0.838
578500,0.087,0.069,0.844
579000,0.098,0.068,0.834
579500,0.095,0.073,0.832
580000,0.092,0.077,0.831
580500,0.120,0.066,0.814
581000,0.108,0.067,0.824
581500,0.104,0.072,0.824
582000,0.094,0.069,0.837
582500,0.092,0.066,0.842
583000,0.087,0.066,0.847
583500,0.089,0.060,0.851
584000,0.091,0.065,0.844
584500,0.095,0.066,0.839
585000,0.091,0.074,0.836
585500,0.097,0.082,0.821
586000,0.080,0.080,0.841
586500,0.084,0.079,0.838
587000,0.083,0.076,0.842
587500,0.087,0.083,0.830
588000,0.088,0.074,0.839
588500,0.082,0.070,0.848
589000,0.083,0.092,0.825
589500,0.073,0.093,0.835
590000,0.087,0.095,0.818
590500,0.092,0.098,0.810
591000,0.083,0.084,0.834
591500,0.100,0.087,0.813
592000,0.094,0.085,0.821
592500,0.088,0.088,0.824
593000,0.083,0.092,0.825
593500,0.085,0.088,0.827
594000,0.084,0.102,0.814
594500,0.080,0.089,0.831
595000,0.091,0.095,0.814
595500,0.082,0.084,0.835
596000,0.077,0.101,0.822
596500,0.075,0.098,0.827
597000,0.084,0.098,0.818
597500,0.082,0.093,0.825
598000,0.094,0.084,0.822
598500,0.087,0.076,0.838
599000,0.084,0.084,0.832
599500,0.083,0.079,0.839
600000,0.081,0.067,0.852
600500,0.091,0.067,0.842
601000,0.082,0.076,0.843
601500,0.080,0.075,0.846
602000,0.077,0.081,0.843
602500,0.083,0.092,0.825
603000,0.098,0.090,0.812
603500,0.089,0.082,0.829
604000,0.110,0.100,0.790
604500,0.094,0.081,0.825
605000,0.100,0.070,0.829
605500,0.089,0.076,0.836
606000,0.082,0.074,0.845
606500,0.086,0.079,0.836
607000,0.082,0.077,0.842
607500,0.102,0.072,0.826
608000,0.092,0.069,0.839
608500,0.079,0.091,0.830
609000,0.083,0.085,0.832
609500,0.077,0.087,0.837
610000,0.074,0.075,0.852
610500,0.088,0.075,0.838
611000,0.082,0.069,0.849
611500,0.082,0.063,0.855
612000,0.079,0.056,0.865
612500,0.080,0.061,0.859
613000,0.080,0.064,0.856
613500,0.079,0.066,0.855
614000,0.069,0.056,0.874
614500,0.081,0.067,0.852
615000,0.077,0.061,0.862
615500,0.085,0.068,0.847
616000,0.085,0.063,0.852
616500,0.086,0.074,0.841
617000,0.083,0.076,0.842
617500,0.087,0.063,0.850
618000,0.080,0.070,0.850
618500,0.085,0.073,0.843
619000,0.086,0.075,0.840
619500,0.078,0.073,0.850
620000,0.072,0.089,0.840
620500,0.069,0.081,0.850
621000,0.075,0.075,0.851
621500,0.074,0.074,0.853
622000,0.069,0.074,0.857
622500,0.070,0.080,0.850
623000,0.068,0.081,0.851
623500,0.074,0.075,0.852
624000,0.070,0.078,0.852
624500,0.076,0.075,0.850
625000,0.080,0.072,0.849
625500,0.080,0.073,0.848
626000,0.072,0.069,0.859
626500,0.079,0.096,0.825
627000,0.076,0.091,0.834
627500,0.069,0.078,0.853
628000,0.080,0.065,0.855
628500,0.089,0.059,0.852
629000,0.074,0.061,0.865
629500,0.076,0.065,0.859
630000,0.084,0.063,0.853
630500,0.078,0.055,0.867
631000,0.101,0.063,0.836
631500,0.092,0.065,0.843
632000,0.088,0.061,0.851
632500,0.086,0.065,0.849
633000,0.075,0.072,0.854
633500,0.086,0.069,0.845
634000,0.083,0.076,0.842
634500,0.083,0.072,0.846
635000,0.081,0.069,0.850
635500,0.081,0.087,0.832
636000,0.088,0.066,0.846
636500,0.090,0.077,0.834
637000,0.083,0.068,0.849
637500,0.080,0.065,0.855
638000,0.078,0.067,0.855
638500,0.072,0.072,0.857
639000,0.072,0.072,0.857
639500,0.086,0.069,0.845
640000,0.082,0.077,0.842
640500,0.085,0.075,0.841
641000,0.085,0.075,0.841
641500,0.084,0.077,0.840
642000,0.089,0.082,0.829
642500,0.088,0.086,0.826
643000,0.109,0.094,0.797
643500,0.104,0.091,0.805
644000,0.106,0.089,0.805
644500,0.100,0.076,0.824
645000,0.095,0.074,0.831
645500,0.094,0.077,0.829
646000,0.095,0.083,0.822
646500,0.094,0.079,0.827
647000,0.102,0.081,0.817
647500,0.099,0.078,0.823
648000,0.098,0.069,0.832
648500,0.095,0.068,0.837
649000,0.100,0.067,0.832
649500,0.096,0.069,0.835
650000,0.093,0.079,0.828
650500,0.088,0.076,0.837
651000,0.096,0.087,0.817
651500,0.095,0.094,0.811
652000,0.083,0.087,0.830
652500,0.089,0.083,0.828
653000,0.087,0.091,0.822
653500,0.088,0.088,0.824
654000,0.084,0.087,0.829
654500,0.083,0.088,0.829
655000,0.089,0.101,0.810
655500,0.090,0.090,0.820
656000,0.084,0.096,0.820
656500,0.074,0.091,0.836
657000,0.082,0.077,0.842
657500,0.079,0.073,0.849
658000,0.086,0.064,0.850
658500,0.099,0.058,0.843
659000,0.094,0.064,0.842
659500,0.091,0.059,0.850
660000,0.089,0.072,0.840
660500,0.112,0.068,0.819
661000,0.097,0.072,0.831
661500,0.091,0.078,0.831
662000,0.108,0.064,0.827
662500,0.104,0.065,0.830
663000,0.099,0.063,0.838
663500,0.099,0.093,0.808
664000,0.090,0.073,0.838
664500,0.081,0.076,0.844
665000,0.085,0.066,0.849
665500,0.079,0.069,0.852
666000,0.086,0.068,0.846
666500,0.090,0.085,0.825
667000,0.097,0.069,0.834
667500,0.091,0.075,0.835
668000,0.088,0.077,0.836
668500,0.091,0.083,0.826
669000,0.085,0.074,0.842
669500,0.100,0.077,0.823
670000,0.101,0.067,0.831
670500,0.086,0.060,0.854
671000,0.090,0.061,0.849
671500,0.080,0.087,0.834
672000,0.093,0.073,0.835
672500,0.089,0.073,0.839
673000,0.093,0.077,0.830
673500,0.096,0.082,0.822
674000,0.089,0.110,0.801
674500,0.085,0.086,0.829
675000,0.083,0.077,0.841
675500,0.087,0.077,0.837
676000,0.079,0.078,0.844
676500,0.075,0.080,0.846
677000,0.085,0.080,0.836
677500,0.084,0.080,0.837
678000,0.079,0.082,0.840
678500,0.082,0.079,0.840
679000,0.086,0.077,0.838
679500,0.087,0.084,0.829
680000,0.090,0.085,0.825
680500,0.090,0.091,0.819
681000,0.090,0.086,0.824
681500,0.094,0.086,0.820
682000,0.092,0.092,0.816
682500,0.085,0.091,0.824
683000,0.083,0.082,0.836
683500,0.070,0.093,0.837
684000,0.076,0.080,0.845
684500,0.083,0.084,0.834
685000,0.072,0.076,0.853
685500,0.086,0.080,0.835
686000,0.077,0.086,0.838
686500,0.079,0.081,0.841
687000,0.086,0.077,0.838
687500,0.083,0.079,0.839
688000,0.080,0.079,0.842
688500,0.085,0.069,0.846
689000,0.077,0.092,0.831
689500,0.083,0.076,0.842
690000,0.091,0.072,0.838
690500,0.084,0.079,0.838
691000,0.075,0.073,0.853
691500,0.080,0.072,0.849
692000,0.080,0.088,0.832
692500,0.084,0.066,0.850
693000,0.095,0.070,0.835
693500,0.086,0.065,0.849
694000,0.092,0.078,0.830
694500,0.103,0.097,0.800
695000,0.101,0.085,0.814
695500,0.097,0.087,0.816
696000,0.083,0.087,0.830
696500,0.084,0.082,0.835
697000,0.076,0.073,0.852
697500,0.081,0.072,0.848
698000,0.089,0.088,0.823
698500,0.083,0.092,0.825
699000,0.086,0.085,0.829
699500,0.096,0.077,0.827
700000,0.090,0.084,0.826
700500,0.094,0.089,0.817
701000,0.091,0.088,0.821
701500,0.089,0.081,0.830
702000,0.093,0.074,0.834
702500,0.088,0.074,0.839
703000,0.084,0.062,0.854
703500,0.072,0.064,0.864
704000,0.075,0.068,0.857
704500,0.083,0.061,0.856
705000,0.078,0.080,0.843
705500,0.081,0.066,0.853
706000,0.081,0.060,0.859
706500,0.090,0.065,0.845
707000,0.086,0.065,0.849
707500,0.094,0.066,0.840
708000,0.091,0.070,0.839
708500,0.083,0.065,0.852
709000,0.087,0.065,0.848
709500,0.090,0.073,0.838
710000,0.090,0.062,0.848
710500,0.079,0.067,0.854
711000,0.079,0.065,0.856
711500,0.076,0.063,0.861
712000,0.078,0.068,0.854
712500,0.072,0.063,0.865
713000,0.074,0.078,0.849
713500,0.074,0.064,0.862
714000,0.072,0.057,0.871
714500,0.068,0.076,0.856
715000,0.081,0.074,0.846
715500,0.091,0.066,0.843
716000,0.076,0.057,0.867
716500,0.078,0.051,0.871
717000,0.074,0.055,0.871
717500,0.080,0.051,0.869
718000,0.087,0.063,0.850
718500,0.086,0.070,0.844
719000,0.088,0.063,0.849
719500,0.084,0.062,0.854
720000,0.077,0.081,0.843
720500,0.073,0.074,0.854
721000,0.072,0.069,0.859
721500,0.076,0.062,0.862
722000,0.077,0.078,0.846
722500,0.076,0.086,0.839
723000,0.076,0.076,0.849
723500,0.080,0.083,0.838
724000,0.076,0.073,0.852
724500,0.077,0.061,0.862
725000,0.081,0.092,0.827
725500,0.081,0.082,0.838
726000,0.078,0.075,0.848
726500,0.075,0.066,0.859
727000,0.074,0.066,0.860
727500,0.070,0.063,0.866
728000,0.085,0.064,0.851
728500,0.082,0.069,0.849
729000,0.076,0.060,0.864
729500,0.080,0.067,0.853
730000,0.073,0.065,0.862
730500,0.068,0.064,0.867
731000,0.070,0.061,0.868
731500,0.077,0.066,0.857
732000,0.072,0.053,0.875
732500,0.066,0.055,0.878
733000,0.073,0.052,0.875
733500,0.079,0.065,0.856
734000,0.077,0.064,0.859
734500,0.073,0.067,0.860
735000,0.083,0.059,0.858
735500,0.074,0.072,0.855
736000,0.069,0.072,0.859
736500,0.072,0.072,0.857
737000,0.074,0.065,0.861
737500,0.084,0.067,0.849
738000,0.068,0.061,0.870
738500,0.074,0.068,0.858
739000,0.076,0.070,0.854
739500,0.073,0.074,0.854
740000,0.076,0.061,0.863
740500,0.069,0.062,0.868
741000,0.069,0.069,0.861
741500,0.074,0.067,0.859
742000,0.078,0.067,0.855
742500,0.081,0.060,0.859
743000,0.083,0.064,0.853
743500,0.077,0.072,0.852
744000,0.091,0.072,0.838
744500,0.094,0.076,0.830
745000,0.094,0.076,0.830
745500,0.088,0.070,0.842
746000,0.100,0.073,0.827
746500,0.098,0.067,0.835
747000,0.092,0.064,0.844
747500,0.101,0.066,0.832
748000,0.090,0.060,0.850
748500,0.082,0.077,0.842
749000,0.102,0.088,0.810
749500,0.089,0.073,0.839
750000,0.090,0.076,0.835
750500,0.095,0.080,0.825
751000,0.091,0.069,0.840
751500,0.095,0.076,0.829
752000,0.093,0.069,0.838
752500,0.101,0.067,0.831
753000,0.091,0.064,0.845
753500,0.087,0.056,0.857
754000,0.082,0.053,0.865
754500,0.069,0.058,0.872
755000,0.087,0.056,0.857
755500,0.082,0.061,0.857
756000,0.089,0.074,0.838
756500,0.083,0.093,0.824
757000,0.069,0.093,0.838
757500,0.061,0.082,0.857
758000,0.066,0.076,0.858
758500,0.069,0.078,0.853
759000,0.070,0.078,0.852
759500,0.098,0.066,0.836
760000,0.091,0.062,0.847
760500,0.086,0.054,0.860
761000,0.098,0.068,0.834
761500,0.079,0.064,0.857
762000,0.078,0.085,0.838
762500,0.084,0.062,0.854
763000,0.087,0.061,0.852
763500,0.093,0.076,0.831
764000,0.100,0.064,0.836
764500,0.094,0.058,0.848
765000,0.084,0.063,0.853
765500,0.089,0.059,0.852
766000,0.075,0.059,0.866
766500,0.075,0.068,0.857
767000,0.079,0.074,0.848
767500,0.072,0.074,0.855
768000,0.080,0.081,0.840
768500,0.069,0.079,0.852
769000,0.085,0.079,0.837
769500,0.083,0.080,0.838
770000,0.069,0.072,0.859
770500,0.073,0.067,0.860
771000,0.072,0.060,0.868
771500,0.080,0.058,0.862
772000,0.079,0.058,0.863
772500,0.081,0.070,0.849
773000,0.069,0.064,0.866
773500,0.074,0.065,0.861
774000,0.081,0.056,0.863
774500,0.122,0.068,0.810
775000,0.122,0.066,0.812
775500,0.114,0.067,0.818
776000,0.110,0.066,0.823
776500,0.083,0.067,0.850
777000,0.088,0.063,0.849
777500,0.093,0.068,0.839
778000,0.085,0.061,0.854
778500,0.091,0.059,0.850
779000,0.082,0.062,0.856
779500,0.078,0.059,0.863
780000,0.077,0.060,0.863
780500,0.081,0.066,0.853
781000,0.089,0.052,0.859
781500,0.082,0.058,0.860
782000,0.081,0.057,0.862
782500,0.070,0.060,0.869
783000,0.070,0.052,0.877
783500,0.076,0.064,0.860
784000,0.087,0.064,0.849
784500,0.078,0.065,0.857
785000,0.077,0.063,0.860
785500,0.090,0.057,0.853
786000,0.087,0.048,0.865
786500,0.091,0.054,0.855
787000,0.089,0.051,0.860
787500,0.086,0.049,0.865
788000,0.092,0.055,0.853
788500,0.097,0.050,0.853
789000,0.100,0.053,0.847
789500,0.088,0.073,0.840
790000,0.101,0.060,0.839
790500,0.095,0.058,0.847
791000,0.085,0.059,0.856
791500,0.082,0.065,0.853
792000,0.081,0.060,0.859
792500,0.091,0.052,0.857
793000,0.081,0.065,0.854
793500,0.088,0.073,0.840
794000,0.085,0.069,0.846
794500,0.092,0.074,0.835
795000,0.091,0.076,0.834
795500,0.086,0.064,0.850
796000,0.085,0.067,0.848
796500,0.107,0.053,0.840
797000,0.094,0.057,0.849
797500,0.093,0.048,0.859
798000,0.103,0.052,0.845
798500,0.096,0.059,0.845
799000,0.090,0.057,0.853
799500,0.098,0.057,0.845
800000,0.089,0.057,0.854
800500,0.095,0.064,0.841
801000,0.092,0.068,0.840
801500,0.079,0.056,0.865
802000,0.079,0.072,0.850
802500,0.074,0.076,0.851
803000,0.070,0.080,0.850
803500,0.072,0.079,0.850
