time,n_A+p,n_B,n_AB
500,0.050,0.672,0.278
1000,0.050,0.358,0.592
1500,0.050,0.359,0.591
2000,0.054,0.247,0.699
2500,0.081,0.279,0.640
3000,0.061,0.386,0.553
3500,0.050,0.412,0.538
4000,0.050,0.349,0.601
4500,0.050,0.371,0.579
5000,0.050,0.393,0.557
5500,0.051,0.304,0.645
6000,0.054,0.371,0.575
6500,0.050,0.405,0.545
7000,0.050,0.454,0.496
7500,0.050,0.505,0.445
8000,0.050,0.372,0.578
8500,0.050,0.376,0.574
9000,0.051,0.344,0.605
9500,0.067,0.352,0.581
10000,0.051,0.434,0.515
10500,0.050,0.415,0.535
11000,0.050,0.423,0.527
11500,0.050,0.363,0.587
12000,0.061,0.284,0.655
12500,0.053,0.313,0.634
13000,0.050,0.341,0.609
13500,0.050,0.371,0.579
14000,0.050,0.380,0.570
14500,0.052,0.399,0.549
15000,0.050,0.298,0.652
15500,0.051,0.394,0.555
16000,0.050,0.363,0.587
16500,0.050,0.324,0.626
17000,0.050,0.392,0.558
17500,0.050,0.310,0.640
18000,0.113,0.167,0.720
18500,0.187,0.084,0.729
19000,0.679,0.003,0.318
19500,0.910,0.000,0.090
20000,0.976,0.000,0.024
20500,0.999,0.000,0.001
21000,0.999,0.000,0.001
21500,1.000,0.000,0.000
