time,n_A+p,n_B,n_AB
100,0.303,0.342,0.355
200,0.158,0.368,0.474
300,0.197,0.250,0.553
400,0.237,0.158,0.605
500,0.237,0.224,0.539
600,0.184,0.303,0.513
700,0.421,0.158,0.421
800,0.355,0.224,0.421
900,0.237,0.382,0.382
1000,0.158,0.447,0.395
1100,0.184,0.289,0.526
1200,0.197,0.197,0.605
1300,0.355,0.184,0.461
1400,0.250,0.316,0.434
1500,0.316,0.329,0.355
1600,0.092,0.500,0.408
1700,0.092,0.487,0.421
1800,0.092,0.605,0.303
1900,0.039,0.526,0.434
2000,0.079,0.592,0.329
2100,0.079,0.684,0.237
2200,0.039,0.750,0.211
2300,0.066,0.750,0.184
2400,0.079,0.803,0.118
2500,0.039,0.579,0.382
2600,0.066,0.500,0.434
2700,0.092,0.421,0.487
2800,0.184,0.408,0.408
2900,0.171,0.303,0.526
3000,0.237,0.342,0.421
3100,0.132,0.500,0.368
3200,0.092,0.579,0.329
3300,0.066,0.579,0.355
3400,0.039,0.592,0.368
3500,0.053,0.632,0.316
3600,0.105,0.632,0.263
3700,0.053,0.579,0.368
3800,0.000,0.645,0.355
3900,0.066,0.526,0.408
4000,0.118,0.434,0.447
4100,0.171,0.382,0.447
4200,0.132,0.526,0.342
4300,0.118,0.500,0.382
4400,0.039,0.526,0.434
4500,0.039,0.632,0.329
4600,0.092,0.526,0.382
4700,0.132,0.395,0.474
4800,0.184,0.461,0.355
4900,0.105,0.447,0.447
5000,0.184,0.355,0.461
5100,0.171,0.368,0.461
5200,0.395,0.211,0.395
5300,0.316,0.171,0.513
5400,0.289,0.316,0.395
5500,0.408,0.197,0.395
5600,0.224,0.303,0.474
5700,0.197,0.197,0.605
5800,0.224,0.184,0.592
5900,0.579,0.092,0.329
6000,0.579,0.066,0.355
6100,0.724,0.026,0.250
6200,0.750,0.013,0.237
6300,0.750,0.000,0.250
6400,0.711,0.105,0.184
6500,0.461,0.250,0.289
6600,0.447,0.118,0.434
6700,0.487,0.092,0.421
6800,0.618,0.053,0.329
6900,0.684,0.013,0.303
7000,0.671,0.026,0.303
7100,0.697,0.053,0.250
7200,0.684,0.013,0.303
7300,0.816,0.000,0.184
7400,0.803,0.013,0.184
7500,0.763,0.039,0.197
7600,0.566,0.066,0.368
7700,0.487,0.066,0.447
7800,0.539,0.066,0.395
7900,0.579,0.079,0.342
8000,0.395,0.105,0.500
8100,0.329,0.184,0.487
8200,0.329,0.250,0.421
8300,0.184,0.263,0.553
8400,0.263,0.237,0.500
8500,0.329,0.184,0.487
8600,0.289,0.250,0.461
8700,0.224,0.316,0.461
8800,0.197,0.237,0.566
8900,0.303,0.211,0.487
9000,0.382,0.184,0.434
9100,0.526,0.092,0.382
9200,0.395,0.276,0.329
9300,0.250,0.197,0.553
9400,0.316,0.145,0.539
9500,0.329,0.145,0.526
9600,0.329,0.158,0.513
9700,0.368,0.092,0.539
9800,0.382,0.211,0.408
9900,0.329,0.105,0.566
10000,0.500,0.079,0.421
10100,0.513,0.053,0.434
10200,0.605,0.066,0.329
10300,0.579,0.000,0.421
10400,0.434,0.092,0.474
10500,0.461,0.039,0.500
10600,0.539,0.092,0.368
10700,0.395,0.105,0.500
10800,0.592,0.039,0.368
10900,0.632,0.053,0.316
11000,0.816,0.026,0.158
11100,0.842,0.013,0.145
11200,0.763,0.000,0.237
11300,0.882,0.000,0.118
11400,0.789,0.026,0.184
11500,0.750,0.053,0.197
11600,0.553,0.197,0.250
11700,0.579,0.105,0.316
11800,0.632,0.079,0.289
11900,0.553,0.039,0.408
12000,0.632,0.039,0.329
12100,0.605,0.066,0.329
12200,0.526,0.066,0.408
12300,0.684,0.066,0.250
12400,0.592,0.171,0.237
12500,0.474,0.079,0.447
12600,0.382,0.158,0.461
12700,0.382,0.211,0.408
12800,0.368,0.263,0.368
12900,0.421,0.171,0.408
13000,0.645,0.105,0.250
13100,0.697,0.079,0.224
13200,0.776,0.026,0.197
13300,0.763,0.013,0.224
13400,0.842,0.000,0.158
13500,0.789,0.000,0.211
13600,0.803,0.013,0.184
13700,0.789,0.013,0.197
13800,0.829,0.000,0.171
13900,0.724,0.039,0.237
14000,0.882,0.000,0.118
14100,0.868,0.000,0.132
14200,0.882,0.000,0.118
14300,0.868,0.000,0.132
14400,0.921,0.000,0.079
14500,0.882,0.000,0.118
14600,0.934,0.000,0.066
14700,0.921,0.000,0.079
14800,0.829,0.000,0.171
14900,0.895,0.000,0.105
15000,0.947,0.000,0.053
15100,0.974,0.000,0.026
15200,0.974,0.000,0.026
15300,0.974,0.000,0.026
15400,0.987,0.000,0.013
15500,0.987,0.000,0.013
15600,0.987,0.000,0.013
15700,1.000,0.000,0.000
