time,n_A+p,n_B,n_AB
0,0.449,0.551,0.000
500,0.328,0.412,0.261
1000,0.310,0.437,0.253
1500,0.275,0.439,0.285
2000,0.243,0.439,0.318
2500,0.196,0.496,0.308
3000,0.179,0.454,0.367
3500,0.201,0.409,0.390
4000,0.218,0.452,0.330
4500,0.184,0.499,0.318
5000,0.141,0.504,0.355
5500,0.164,0.561,0.275
6000,0.146,0.578,0.275
6500,0.136,0.578,0.285
7000,0.141,0.640,0.218
7500,0.122,0.640,0.238
8000,0.112,0.643,0.246
8500,0.124,0.660,0.216
9000,0.127,0.677,0.196
9500,0.069,0.720,0.211
10000,0.055,0.749,0.196
10500,0.037,0.804,0.159
11000,0.022,0.856,0.122
11500,0.017,0.868,0.114
12000,0.017,0.866,0.117
12500,0.015,0.901,0.084
13000,0.015,0.901,0.084
13500,0.010,0.943,0.047
14000,0.012,0.926,0.062
14500,0.020,0.896,0.084
15000,0.007,0.926,0.067
15500,0.007,0.948,0.045
16000,0.007,0.970,0.022
16500,0.007,0.980,0.012
17000,0.007,0.980,0.012
17500,0.007,0.985,0.007
18000,0.005,0.983,0.012
18500,0.005,0.990,0.005
19000,0.005,0.988,0.007
19500,0.005,0.985,0.010
20000,0.005,0.988,0.007
20500,0.005,0.990,0.005
21000,0.005,0.995,0.000
21500,0.005,0.995,0.000
22000,0.005,0.995,0.000
22500,0.002,0.995,0.002
23000,0.002,0.995,0.002
23500,0.002,0.993,0.005
24000,0.002,0.993,0.005
24500,0.002,0.993,0.005
25000,0.005,0.993,0.002
25500,0.002,0.993,0.005
26000,0.000,0.998,0.002
26500,0.000,0.998,0.002
27000,0.000,0.998,0.002
27500,0.000,0.998,0.002
28000,0.000,0.990,0.010
28500,0.000,0.995,0.005
29000,0.000,1.000,0.000
