time,n_A+p,n_B,n_AB,avg_entropy_simp
500,0.037,0.872,0.091,0.193731
1000,0.083,0.789,0.128,0.277455
1500,0.037,0.847,0.116,0.223463
2000,0.107,0.748,0.145,0.333506
2500,0.074,0.810,0.116,0.265914
3000,0.066,0.843,0.091,0.204211
3500,0.045,0.876,0.079,0.192425
4000,0.033,0.876,0.091,0.190019
4500,0.058,0.847,0.095,0.241312
5000,0.050,0.860,0.091,0.217890
5500,0.045,0.847,0.107,0.222760
6000,0.041,0.860,0.099,0.200965
6500,0.033,0.917,0.050,0.100343
7000,0.033,0.917,0.050,0.137490
7500,0.054,0.901,0.045,0.161976
8000,0.033,0.913,0.054,0.138425
8500,0.045,0.876,0.079,0.166372
9000,0.070,0.847,0.083,0.217161
9500,0.037,0.835,0.128,0.239801
10000,0.045,0.843,0.112,0.226468
10500,0.058,0.826,0.116,0.244722
11000,0.041,0.888,0.070,0.144508
11500,0.041,0.901,0.058,0.139515
12000,0.033,0.880,0.087,0.193018
12500,0.033,0.905,0.062,0.156823
13000,0.041,0.893,0.066,0.171314
13500,0.054,0.868,0.079,0.200922
14000,0.041,0.835,0.124,0.223834
14500,0.066,0.785,0.149,0.297313
15000,0.087,0.822,0.091,0.234696
15500,0.037,0.872,0.091,0.172315
16000,0.058,0.855,0.087,0.215221
16500,0.037,0.893,0.070,0.142866
17000,0.037,0.880,0.083,0.192694
17500,0.054,0.756,0.190,0.321605
18000,0.079,0.789,0.132,0.277220
18500,0.083,0.744,0.174,0.348054
19000,0.087,0.789,0.124,0.261836
19500,0.058,0.798,0.145,0.253647
20000,0.087,0.802,0.112,0.275986
20500,0.058,0.835,0.107,0.239816
21000,0.074,0.822,0.103,0.253902
21500,0.054,0.814,0.132,0.247741
22000,0.103,0.806,0.091,0.265285
22500,0.095,0.736,0.169,0.335053
23000,0.070,0.802,0.128,0.264144
23500,0.140,0.736,0.124,0.350983
24000,0.083,0.798,0.120,0.243272
24500,0.103,0.694,0.202,0.380828
25000,0.128,0.661,0.211,0.399824
25500,0.132,0.657,0.211,0.395962
26000,0.124,0.694,0.182,0.386859
26500,0.112,0.702,0.186,0.379612
27000,0.070,0.756,0.174,0.336544
27500,0.083,0.752,0.165,0.318492
28000,0.062,0.806,0.132,0.258040
28500,0.054,0.868,0.079,0.179742
29000,0.041,0.901,0.058,0.145661
29500,0.033,0.880,0.087,0.177218
30000,0.037,0.921,0.041,0.121978
30500,0.037,0.905,0.058,0.139897
31000,0.037,0.913,0.050,0.120554
31500,0.037,0.901,0.062,0.148044
32000,0.062,0.851,0.087,0.218445
32500,0.033,0.864,0.103,0.172552
33000,0.070,0.814,0.116,0.262055
33500,0.058,0.831,0.112,0.256510
34000,0.054,0.893,0.054,0.138574
34500,0.037,0.893,0.070,0.157080
35000,0.058,0.843,0.099,0.245355
35500,0.079,0.793,0.128,0.298805
36000,0.041,0.868,0.091,0.201427
36500,0.033,0.913,0.054,0.122931
37000,0.037,0.905,0.058,0.164726
37500,0.045,0.864,0.091,0.218911
38000,0.079,0.822,0.099,0.248879
38500,0.041,0.802,0.157,0.265421
39000,0.054,0.814,0.132,0.225565
39500,0.050,0.864,0.087,0.185309
40000,0.050,0.872,0.079,0.169348
40500,0.029,0.905,0.066,0.120693
41000,0.041,0.876,0.083,0.172588
41500,0.045,0.822,0.132,0.250323
42000,0.045,0.913,0.041,0.125230
42500,0.041,0.884,0.074,0.174914
43000,0.029,0.917,0.054,0.138867
43500,0.037,0.901,0.062,0.159605
44000,0.037,0.905,0.058,0.138183
44500,0.041,0.880,0.079,0.156501
45000,0.037,0.880,0.083,0.189381
45500,0.041,0.884,0.074,0.162217
46000,0.050,0.847,0.103,0.191690
46500,0.099,0.760,0.140,0.352591
47000,0.132,0.723,0.145,0.355486
47500,0.124,0.702,0.174,0.376316
48000,0.128,0.690,0.182,0.385392
48500,0.091,0.756,0.153,0.306811
49000,0.103,0.740,0.157,0.330592
49500,0.112,0.715,0.174,0.367902
50000,0.099,0.756,0.145,0.332340
50500,0.091,0.723,0.186,0.374184
51000,0.050,0.851,0.099,0.194248
51500,0.041,0.851,0.107,0.206194
52000,0.041,0.868,0.091,0.185515
52500,0.041,0.847,0.112,0.209014
53000,0.033,0.884,0.083,0.180133
53500,0.033,0.864,0.103,0.185296
54000,0.074,0.831,0.095,0.206347
54500,0.050,0.880,0.070,0.160045
55000,0.033,0.901,0.066,0.136195
55500,0.054,0.814,0.132,0.252476
56000,0.045,0.818,0.136,0.243934
56500,0.070,0.789,0.140,0.291819
57000,0.079,0.810,0.112,0.253671
57500,0.062,0.810,0.128,0.264240
58000,0.083,0.818,0.099,0.267093
58500,0.054,0.860,0.087,0.193342
59000,0.033,0.893,0.074,0.147797
59500,0.045,0.880,0.074,0.186602
60000,0.045,0.905,0.050,0.137823
60500,0.050,0.872,0.079,0.214518
61000,0.041,0.901,0.058,0.142599
61500,0.041,0.880,0.079,0.203987
62000,0.037,0.884,0.079,0.186958
62500,0.033,0.872,0.095,0.194917
63000,0.033,0.864,0.103,0.174225
63500,0.045,0.905,0.050,0.148627
64000,0.033,0.880,0.087,0.174469
64500,0.041,0.872,0.087,0.201963
65000,0.041,0.843,0.116,0.236876
65500,0.045,0.860,0.095,0.211723
66000,0.050,0.851,0.099,0.220251
66500,0.062,0.835,0.103,0.236688
67000,0.054,0.855,0.091,0.202959
67500,0.062,0.872,0.066,0.162957
68000,0.037,0.868,0.095,0.178822
68500,0.045,0.822,0.132,0.238013
69000,0.041,0.860,0.099,0.209450
69500,0.058,0.806,0.136,0.280211
70000,0.058,0.864,0.079,0.191415
70500,0.050,0.835,0.116,0.232592
71000,0.037,0.901,0.062,0.154125
71500,0.029,0.909,0.062,0.135526
72000,0.029,0.930,0.041,0.088562
72500,0.029,0.901,0.070,0.142515
73000,0.045,0.860,0.095,0.213888
73500,0.037,0.876,0.087,0.182288
74000,0.029,0.946,0.025,0.090573
74500,0.050,0.876,0.074,0.163301
75000,0.054,0.843,0.103,0.238084
75500,0.037,0.917,0.045,0.103402
76000,0.050,0.843,0.107,0.255007
76500,0.029,0.917,0.054,0.122347
77000,0.029,0.930,0.041,0.105430
77500,0.033,0.934,0.033,0.115787
78000,0.037,0.872,0.091,0.190317
78500,0.045,0.864,0.091,0.188842
79000,0.037,0.893,0.070,0.153597
79500,0.050,0.847,0.103,0.218177
80000,0.091,0.764,0.145,0.343013
80500,0.120,0.682,0.198,0.408996
81000,0.112,0.645,0.244,0.430892
81500,0.149,0.661,0.190,0.427410
82000,0.140,0.653,0.207,0.423299
82500,0.169,0.682,0.149,0.380408
83000,0.136,0.690,0.174,0.400487
83500,0.186,0.583,0.231,0.474814
84000,0.178,0.583,0.240,0.445290
84500,0.054,0.860,0.087,0.169495
85000,0.070,0.789,0.140,0.275778
85500,0.041,0.847,0.112,0.225155
86000,0.037,0.876,0.087,0.193564
86500,0.050,0.909,0.041,0.131284
87000,0.037,0.897,0.066,0.154376
87500,0.037,0.884,0.079,0.184059
88000,0.029,0.917,0.054,0.118441
88500,0.037,0.893,0.070,0.150189
89000,0.041,0.901,0.058,0.136327
89500,0.037,0.909,0.054,0.136297
90000,0.037,0.901,0.062,0.125669
90500,0.041,0.893,0.066,0.134372
91000,0.062,0.860,0.079,0.196205
91500,0.054,0.864,0.083,0.184596
92000,0.079,0.839,0.083,0.227200
92500,0.091,0.769,0.140,0.306612
93000,0.045,0.831,0.124,0.237446
93500,0.045,0.831,0.124,0.257088
94000,0.045,0.847,0.107,0.218102
94500,0.070,0.839,0.091,0.236767
95000,0.062,0.818,0.120,0.256123
95500,0.079,0.789,0.132,0.291628
96000,0.087,0.756,0.157,0.313486
96500,0.066,0.806,0.128,0.280917
97000,0.045,0.855,0.099,0.200454
97500,0.041,0.901,0.058,0.131283
98000,0.041,0.880,0.079,0.181372
98500,0.079,0.860,0.062,0.192330
99000,0.153,0.686,0.161,0.388088
99500,0.132,0.702,0.165,0.354368
100000,0.128,0.686,0.186,0.392205
