time,n_A+p,n_B,n_AB
500,0.030,0.877,0.093
1000,0.030,0.892,0.078
1500,0.030,0.868,0.102
2000,0.030,0.859,0.111
2500,0.030,0.807,0.163
3000,0.030,0.806,0.164
3500,0.030,0.817,0.153
4000,0.030,0.819,0.151
4500,0.030,0.766,0.204
5000,0.030,0.804,0.166
5500,0.030,0.773,0.197
6000,0.030,0.807,0.163
6500,0.030,0.820,0.150
7000,0.030,0.881,0.089
7500,0.030,0.925,0.045
8000,0.030,0.832,0.138
8500,0.030,0.899,0.071
9000,0.030,0.905,0.065
9500,0.030,0.877,0.093
10000,0.030,0.841,0.129
10500,0.030,0.822,0.148
11000,0.030,0.805,0.165
11500,0.030,0.816,0.154
12000,0.030,0.867,0.103
12500,0.030,0.833,0.137
13000,0.030,0.847,0.123
13500,0.030,0.824,0.146
14000,0.030,0.825,0.145
14500,0.030,0.802,0.168
15000,0.030,0.775,0.195
15500,0.030,0.800,0.170
16000,0.030,0.868,0.102
16500,0.030,0.812,0.158
17000,0.030,0.769,0.201
17500,0.030,0.824,0.146
18000,0.030,0.765,0.205
18500,0.030,0.765,0.205
19000,0.030,0.821,0.149
19500,0.030,0.775,0.195
20000,0.030,0.838,0.132
20500,0.030,0.760,0.210
21000,0.030,0.871,0.099
21500,0.030,0.825,0.145
22000,0.030,0.736,0.234
22500,0.030,0.779,0.191
23000,0.030,0.779,0.191
23500,0.030,0.847,0.123
24000,0.030,0.886,0.084
24500,0.030,0.843,0.127
25000,0.030,0.820,0.150
25500,0.030,0.840,0.130
26000,0.030,0.827,0.143
26500,0.030,0.843,0.127
27000,0.030,0.812,0.158
27500,0.030,0.821,0.149
28000,0.030,0.754,0.216
28500,0.030,0.792,0.178
29000,0.030,0.806,0.164
29500,0.030,0.770,0.200
30000,0.030,0.866,0.104
30500,0.030,0.920,0.050
31000,0.030,0.774,0.196
31500,0.030,0.844,0.126
32000,0.030,0.897,0.073
32500,0.030,0.855,0.115
33000,0.030,0.788,0.182
33500,0.030,0.840,0.130
34000,0.030,0.771,0.199
34500,0.030,0.856,0.114
35000,0.030,0.846,0.124
35500,0.030,0.849,0.121
36000,0.030,0.828,0.142
36500,0.030,0.750,0.220
37000,0.030,0.877,0.093
37500,0.030,0.828,0.142
38000,0.030,0.765,0.205
38500,0.030,0.745,0.225
39000,0.030,0.744,0.226
39500,0.030,0.802,0.168
40000,0.030,0.755,0.215
40500,0.030,0.740,0.230
41000,0.030,0.759,0.211
41500,0.030,0.859,0.111
42000,0.030,0.787,0.183
42500,0.030,0.827,0.143
43000,0.030,0.832,0.138
43500,0.030,0.702,0.268
44000,0.030,0.838,0.132
44500,0.030,0.836,0.134
45000,0.030,0.785,0.185
45500,0.030,0.760,0.210
46000,0.030,0.827,0.143
46500,0.030,0.868,0.102
47000,0.030,0.890,0.080
47500,0.030,0.809,0.161
48000,0.030,0.878,0.092
48500,0.030,0.916,0.054
49000,0.030,0.863,0.107
49500,0.030,0.862,0.108
50000,0.030,0.812,0.158
50500,0.030,0.778,0.192
51000,0.030,0.765,0.205
51500,0.030,0.821,0.149
52000,0.030,0.792,0.178
52500,0.030,0.828,0.142
53000,0.030,0.840,0.130
53500,0.030,0.820,0.150
54000,0.030,0.821,0.149
54500,0.030,0.838,0.132
55000,0.030,0.873,0.097
55500,0.030,0.859,0.111
56000,0.030,0.746,0.224
56500,0.030,0.829,0.141
57000,0.030,0.780,0.190
57500,0.030,0.836,0.134
58000,0.030,0.744,0.226
58500,0.030,0.839,0.131
59000,0.030,0.845,0.125
59500,0.030,0.795,0.175
60000,0.030,0.773,0.197
60500,0.030,0.777,0.193
61000,0.030,0.874,0.096
61500,0.030,0.795,0.175
62000,0.030,0.814,0.156
62500,0.030,0.849,0.121
63000,0.030,0.755,0.215
63500,0.030,0.795,0.175
64000,0.030,0.923,0.047
64500,0.030,0.872,0.098
65000,0.030,0.834,0.136
65500,0.030,0.805,0.165
66000,0.030,0.828,0.142
66500,0.030,0.781,0.189
67000,0.030,0.796,0.174
67500,0.030,0.844,0.126
68000,0.030,0.806,0.164
68500,0.030,0.810,0.160
69000,0.030,0.864,0.106
69500,0.030,0.830,0.140
70000,0.030,0.865,0.105
70500,0.030,0.833,0.137
71000,0.030,0.780,0.190
71500,0.030,0.784,0.186
72000,0.030,0.807,0.163
72500,0.030,0.767,0.203
73000,0.030,0.848,0.122
73500,0.030,0.734,0.236
74000,0.030,0.721,0.249
74500,0.030,0.764,0.206
75000,0.030,0.862,0.108
75500,0.030,0.837,0.133
76000,0.030,0.856,0.114
76500,0.030,0.733,0.237
77000,0.030,0.778,0.192
77500,0.030,0.750,0.220
78000,0.030,0.800,0.170
78500,0.030,0.802,0.168
79000,0.030,0.751,0.219
79500,0.030,0.755,0.215
80000,0.030,0.815,0.155
80500,0.030,0.829,0.141
81000,0.030,0.863,0.107
81500,0.030,0.839,0.131
82000,0.030,0.855,0.115
82500,0.030,0.839,0.131
83000,0.030,0.840,0.130
83500,0.030,0.838,0.132
84000,0.030,0.775,0.195
84500,0.030,0.837,0.133
85000,0.030,0.801,0.169
85500,0.030,0.784,0.186
86000,0.030,0.816,0.154
86500,0.030,0.835,0.135
87000,0.030,0.793,0.177
87500,0.030,0.753,0.217
88000,0.030,0.790,0.180
88500,0.030,0.770,0.200
89000,0.030,0.683,0.287
89500,0.030,0.740,0.230
90000,0.030,0.794,0.176
90500,0.030,0.792,0.178
91000,0.030,0.718,0.252
91500,0.030,0.715,0.255
92000,0.030,0.806,0.164
92500,0.030,0.775,0.195
93000,0.030,0.774,0.196
93500,0.030,0.792,0.178
94000,0.030,0.929,0.041
94500,0.030,0.881,0.089
95000,0.030,0.793,0.177
95500,0.030,0.802,0.168
96000,0.030,0.775,0.195
96500,0.030,0.753,0.217
97000,0.030,0.807,0.163
97500,0.030,0.857,0.113
98000,0.030,0.816,0.154
98500,0.030,0.864,0.106
99000,0.030,0.885,0.085
99500,0.030,0.774,0.196
100000,0.030,0.789,0.181
100500,0.030,0.786,0.184
101000,0.030,0.793,0.177
101500,0.030,0.771,0.199
102000,0.030,0.881,0.089
102500,0.030,0.847,0.123
103000,0.030,0.855,0.115
103500,0.030,0.795,0.175
104000,0.030,0.746,0.224
104500,0.030,0.865,0.105
105000,0.030,0.875,0.095
105500,0.030,0.809,0.161
106000,0.030,0.865,0.105
106500,0.030,0.892,0.078
107000,0.030,0.875,0.095
107500,0.030,0.888,0.082
108000,0.030,0.800,0.170
108500,0.030,0.775,0.195
109000,0.030,0.833,0.137
109500,0.030,0.784,0.186
110000,0.030,0.861,0.109
110500,0.030,0.738,0.232
111000,0.030,0.823,0.147
111500,0.030,0.841,0.129
112000,0.030,0.853,0.117
112500,0.030,0.854,0.116
113000,0.030,0.799,0.171
113500,0.030,0.842,0.128
114000,0.030,0.808,0.162
114500,0.030,0.847,0.123
115000,0.030,0.868,0.102
115500,0.030,0.845,0.125
116000,0.030,0.845,0.125
116500,0.030,0.857,0.113
117000,0.030,0.864,0.106
117500,0.030,0.826,0.144
118000,0.030,0.674,0.296
118500,0.030,0.681,0.289
119000,0.030,0.692,0.278
119500,0.030,0.759,0.211
120000,0.030,0.811,0.159
120500,0.030,0.829,0.141
121000,0.030,0.777,0.193
121500,0.030,0.890,0.080
122000,0.030,0.773,0.197
122500,0.030,0.890,0.080
123000,0.030,0.834,0.136
123500,0.030,0.792,0.178
124000,0.030,0.846,0.124
124500,0.030,0.802,0.168
125000,0.030,0.783,0.187
125500,0.030,0.814,0.156
126000,0.030,0.779,0.191
126500,0.030,0.827,0.143
127000,0.030,0.784,0.186
127500,0.030,0.771,0.199
128000,0.030,0.744,0.226
128500,0.030,0.905,0.065
129000,0.030,0.833,0.137
129500,0.030,0.749,0.221
130000,0.030,0.855,0.115
130500,0.030,0.771,0.199
131000,0.030,0.870,0.100
131500,0.030,0.806,0.164
132000,0.030,0.845,0.125
132500,0.030,0.841,0.129
133000,0.030,0.834,0.136
133500,0.030,0.750,0.220
134000,0.030,0.833,0.137
134500,0.030,0.811,0.159
135000,0.030,0.843,0.127
135500,0.030,0.846,0.124
136000,0.030,0.821,0.149
136500,0.030,0.864,0.106
137000,0.030,0.868,0.102
137500,0.030,0.832,0.138
138000,0.030,0.843,0.127
138500,0.030,0.803,0.167
139000,0.030,0.780,0.190
139500,0.030,0.787,0.183
140000,0.030,0.850,0.120
140500,0.030,0.798,0.172
141000,0.030,0.795,0.175
141500,0.030,0.803,0.167
142000,0.030,0.899,0.071
142500,0.030,0.825,0.145
143000,0.030,0.783,0.187
143500,0.030,0.798,0.172
144000,0.030,0.795,0.175
144500,0.030,0.899,0.071
145000,0.030,0.785,0.185
145500,0.030,0.804,0.166
146000,0.030,0.841,0.129
146500,0.030,0.775,0.195
147000,0.030,0.865,0.105
147500,0.030,0.820,0.150
148000,0.030,0.807,0.163
148500,0.030,0.843,0.127
149000,0.030,0.798,0.172
149500,0.030,0.853,0.117
150000,0.030,0.807,0.163
150500,0.030,0.826,0.144
151000,0.030,0.713,0.257
151500,0.030,0.720,0.250
152000,0.030,0.728,0.242
152500,0.030,0.705,0.265
153000,0.030,0.759,0.211
153500,0.030,0.773,0.197
154000,0.030,0.856,0.114
154500,0.030,0.848,0.122
155000,0.030,0.724,0.246
155500,0.030,0.758,0.212
156000,0.030,0.751,0.219
156500,0.030,0.816,0.154
157000,0.030,0.723,0.247
157500,0.030,0.850,0.120
158000,0.030,0.757,0.213
158500,0.030,0.741,0.229
159000,0.030,0.871,0.099
159500,0.030,0.827,0.143
160000,0.030,0.853,0.117
160500,0.030,0.784,0.186
161000,0.030,0.809,0.161
161500,0.030,0.795,0.175
162000,0.030,0.826,0.144
162500,0.030,0.758,0.212
163000,0.030,0.826,0.144
163500,0.030,0.820,0.150
164000,0.030,0.822,0.148
164500,0.030,0.845,0.125
165000,0.030,0.874,0.096
165500,0.030,0.840,0.130
166000,0.030,0.726,0.244
166500,0.030,0.701,0.269
167000,0.030,0.775,0.195
167500,0.030,0.846,0.124
168000,0.030,0.822,0.148
168500,0.030,0.768,0.202
169000,0.030,0.786,0.184
169500,0.030,0.758,0.212
170000,0.030,0.824,0.146
170500,0.030,0.744,0.226
171000,0.030,0.801,0.169
171500,0.030,0.779,0.191
172000,0.030,0.761,0.209
172500,0.030,0.796,0.174
173000,0.030,0.795,0.175
173500,0.030,0.900,0.070
174000,0.030,0.863,0.107
174500,0.030,0.777,0.193
175000,0.030,0.804,0.166
175500,0.030,0.835,0.135
176000,0.030,0.851,0.119
176500,0.030,0.839,0.131
177000,0.030,0.816,0.154
177500,0.030,0.778,0.192
178000,0.030,0.806,0.164
178500,0.030,0.768,0.202
179000,0.030,0.807,0.163
179500,0.030,0.757,0.213
180000,0.030,0.826,0.144
180500,0.030,0.851,0.119
181000,0.030,0.854,0.116
181500,0.030,0.794,0.176
182000,0.030,0.819,0.151
182500,0.030,0.807,0.163
183000,0.030,0.800,0.170
183500,0.030,0.803,0.167
184000,0.030,0.796,0.174
184500,0.030,0.800,0.170
185000,0.030,0.875,0.095
185500,0.030,0.854,0.116
186000,0.030,0.879,0.091
186500,0.030,0.852,0.118
187000,0.030,0.847,0.123
187500,0.030,0.829,0.141
188000,0.030,0.832,0.138
188500,0.030,0.860,0.110
189000,0.030,0.813,0.157
189500,0.030,0.897,0.073
190000,0.030,0.861,0.109
190500,0.030,0.855,0.115
191000,0.030,0.793,0.177
191500,0.030,0.837,0.133
192000,0.030,0.787,0.183
192500,0.030,0.757,0.213
193000,0.030,0.789,0.181
193500,0.030,0.833,0.137
194000,0.030,0.795,0.175
194500,0.030,0.822,0.148
195000,0.030,0.821,0.149
195500,0.030,0.821,0.149
196000,0.030,0.890,0.080
196500,0.030,0.865,0.105
197000,0.030,0.851,0.119
197500,0.030,0.892,0.078
198000,0.030,0.813,0.157
198500,0.030,0.793,0.177
199000,0.030,0.769,0.201
199500,0.030,0.827,0.143
200000,0.030,0.897,0.073
200500,0.030,0.873,0.097
201000,0.030,0.778,0.192
201500,0.030,0.798,0.172
202000,0.030,0.832,0.138
202500,0.030,0.730,0.240
203000,0.030,0.780,0.190
203500,0.030,0.834,0.136
204000,0.030,0.773,0.197
204500,0.030,0.821,0.149
205000,0.030,0.828,0.142
205500,0.030,0.806,0.164
206000,0.030,0.801,0.169
206500,0.030,0.780,0.190
207000,0.030,0.817,0.153
207500,0.030,0.826,0.144
208000,0.030,0.803,0.167
208500,0.030,0.711,0.259
209000,0.030,0.814,0.156
209500,0.030,0.801,0.169
210000,0.030,0.841,0.129
210500,0.030,0.881,0.089
211000,0.030,0.804,0.166
211500,0.030,0.803,0.167
212000,0.030,0.782,0.188
212500,0.030,0.748,0.222
213000,0.030,0.826,0.144
213500,0.030,0.803,0.167
214000,0.030,0.769,0.201
214500,0.030,0.822,0.148
215000,0.030,0.747,0.223
215500,0.030,0.762,0.208
216000,0.030,0.836,0.134
216500,0.030,0.820,0.150
217000,0.030,0.848,0.122
217500,0.030,0.830,0.140
218000,0.030,0.871,0.099
218500,0.030,0.796,0.174
219000,0.030,0.810,0.160
219500,0.030,0.806,0.164
220000,0.030,0.825,0.145
220500,0.030,0.820,0.150
221000,0.030,0.809,0.161
221500,0.030,0.779,0.191
222000,0.030,0.797,0.173
222500,0.030,0.803,0.167
223000,0.030,0.826,0.144
223500,0.030,0.786,0.184
224000,0.030,0.779,0.191
224500,0.030,0.804,0.166
225000,0.030,0.841,0.129
225500,0.030,0.804,0.166
226000,0.030,0.751,0.219
226500,0.030,0.809,0.161
227000,0.030,0.809,0.161
227500,0.030,0.774,0.196
228000,0.030,0.722,0.248
228500,0.030,0.819,0.151
229000,0.030,0.779,0.191
229500,0.030,0.848,0.122
230000,0.030,0.830,0.140
230500,0.030,0.753,0.217
231000,0.030,0.683,0.287
231500,0.030,0.763,0.207
232000,0.030,0.788,0.182
232500,0.030,0.782,0.188
233000,0.030,0.835,0.135
233500,0.030,0.853,0.117
234000,0.030,0.813,0.157
234500,0.030,0.781,0.189
235000,0.030,0.819,0.151
235500,0.030,0.850,0.120
236000,0.030,0.745,0.225
236500,0.030,0.841,0.129
237000,0.030,0.817,0.153
237500,0.030,0.827,0.143
238000,0.030,0.838,0.132
238500,0.030,0.829,0.141
239000,0.030,0.771,0.199
239500,0.030,0.809,0.161
240000,0.030,0.726,0.244
240500,0.030,0.775,0.195
241000,0.030,0.818,0.152
241500,0.030,0.737,0.233
242000,0.030,0.865,0.105
242500,0.030,0.798,0.172
243000,0.030,0.925,0.045
243500,0.030,0.864,0.106
244000,0.030,0.791,0.179
244500,0.030,0.735,0.235
245000,0.030,0.783,0.187
245500,0.030,0.781,0.189
246000,0.030,0.815,0.155
246500,0.030,0.796,0.174
247000,0.030,0.806,0.164
247500,0.030,0.791,0.179
248000,0.030,0.797,0.173
248500,0.030,0.755,0.215
249000,0.030,0.759,0.211
249500,0.030,0.757,0.213
250000,0.030,0.741,0.229
250500,0.030,0.842,0.128
251000,0.030,0.761,0.209
251500,0.030,0.810,0.160
252000,0.030,0.846,0.124
252500,0.030,0.848,0.122
253000,0.030,0.846,0.124
253500,0.030,0.847,0.123
254000,0.030,0.845,0.125
254500,0.030,0.800,0.170
255000,0.030,0.784,0.186
255500,0.030,0.772,0.198
256000,0.030,0.798,0.172
256500,0.030,0.832,0.138
257000,0.030,0.817,0.153
257500,0.030,0.814,0.156
258000,0.030,0.855,0.115
258500,0.030,0.877,0.093
259000,0.030,0.773,0.197
259500,0.030,0.750,0.220
260000,0.030,0.790,0.180
260500,0.030,0.797,0.173
261000,0.030,0.778,0.192
261500,0.030,0.759,0.211
262000,0.030,0.835,0.135
262500,0.030,0.833,0.137
263000,0.030,0.879,0.091
263500,0.030,0.871,0.099
264000,0.030,0.884,0.086
264500,0.030,0.844,0.126
265000,0.030,0.748,0.222
265500,0.030,0.722,0.248
266000,0.030,0.860,0.110
266500,0.030,0.828,0.142
267000,0.030,0.849,0.121
267500,0.030,0.850,0.120
268000,0.030,0.755,0.215
268500,0.030,0.836,0.134
269000,0.030,0.745,0.225
269500,0.030,0.841,0.129
270000,0.030,0.797,0.173
270500,0.030,0.755,0.215
271000,0.030,0.725,0.245
271500,0.030,0.835,0.135
272000,0.030,0.855,0.115
272500,0.030,0.811,0.159
273000,0.030,0.819,0.151
273500,0.030,0.779,0.191
274000,0.030,0.773,0.197
274500,0.030,0.866,0.104
275000,0.030,0.882,0.088
275500,0.030,0.846,0.124
276000,0.030,0.877,0.093
276500,0.030,0.801,0.169
277000,0.030,0.787,0.183
277500,0.030,0.799,0.171
278000,0.030,0.732,0.238
278500,0.030,0.824,0.146
279000,0.030,0.767,0.203
279500,0.030,0.846,0.124
280000,0.030,0.807,0.163
280500,0.030,0.855,0.115
281000,0.030,0.856,0.114
281500,0.030,0.892,0.078
282000,0.030,0.828,0.142
282500,0.030,0.812,0.158
283000,0.030,0.813,0.157
283500,0.030,0.799,0.171
284000,0.030,0.903,0.067
284500,0.030,0.804,0.166
285000,0.030,0.815,0.155
285500,0.030,0.798,0.172
286000,0.030,0.873,0.097
286500,0.030,0.826,0.144
287000,0.030,0.849,0.121
287500,0.030,0.810,0.160
288000,0.030,0.796,0.174
288500,0.030,0.818,0.152
289000,0.030,0.812,0.158
289500,0.030,0.836,0.134
290000,0.030,0.795,0.175
290500,0.030,0.796,0.174
291000,0.030,0.835,0.135
291500,0.030,0.798,0.172
292000,0.030,0.829,0.141
292500,0.030,0.767,0.203
293000,0.030,0.887,0.083
293500,0.030,0.889,0.081
294000,0.030,0.869,0.101
294500,0.030,0.898,0.072
295000,0.030,0.865,0.105
295500,0.030,0.819,0.151
296000,0.030,0.906,0.064
296500,0.030,0.760,0.210
297000,0.030,0.784,0.186
297500,0.030,0.803,0.167
298000,0.030,0.872,0.098
298500,0.030,0.784,0.186
299000,0.030,0.847,0.123
299500,0.030,0.809,0.161
300000,0.030,0.824,0.146
300500,0.030,0.819,0.151
301000,0.030,0.833,0.137
301500,0.030,0.838,0.132
302000,0.030,0.756,0.214
302500,0.030,0.735,0.235
303000,0.030,0.808,0.162
303500,0.030,0.824,0.146
304000,0.030,0.826,0.144
304500,0.030,0.681,0.289
305000,0.030,0.787,0.183
305500,0.030,0.827,0.143
306000,0.030,0.860,0.110
306500,0.030,0.819,0.151
307000,0.030,0.850,0.120
307500,0.030,0.867,0.103
308000,0.030,0.884,0.086
308500,0.030,0.886,0.084
309000,0.030,0.853,0.117
309500,0.030,0.831,0.139
310000,0.030,0.809,0.161
310500,0.030,0.833,0.137
311000,0.030,0.846,0.124
311500,0.030,0.808,0.162
312000,0.030,0.865,0.105
312500,0.030,0.805,0.165
313000,0.030,0.843,0.127
313500,0.030,0.909,0.061
314000,0.030,0.871,0.099
314500,0.030,0.806,0.164
315000,0.030,0.830,0.140
315500,0.030,0.845,0.125
316000,0.030,0.824,0.146
316500,0.030,0.777,0.193
317000,0.030,0.853,0.117
317500,0.030,0.812,0.158
318000,0.030,0.827,0.143
318500,0.030,0.836,0.134
319000,0.030,0.720,0.250
319500,0.030,0.828,0.142
320000,0.030,0.894,0.076
320500,0.030,0.852,0.118
321000,0.030,0.856,0.114
321500,0.030,0.835,0.135
322000,0.030,0.827,0.143
322500,0.030,0.793,0.177
323000,0.030,0.846,0.124
323500,0.030,0.764,0.206
324000,0.030,0.740,0.230
324500,0.030,0.795,0.175
325000,0.030,0.819,0.151
325500,0.030,0.811,0.159
326000,0.030,0.768,0.202
326500,0.030,0.817,0.153
327000,0.030,0.736,0.234
327500,0.030,0.791,0.179
328000,0.030,0.832,0.138
328500,0.030,0.743,0.227
329000,0.030,0.759,0.211
329500,0.030,0.812,0.158
330000,0.030,0.888,0.082
330500,0.030,0.768,0.202
331000,0.030,0.773,0.197
331500,0.030,0.824,0.146
332000,0.030,0.812,0.158
332500,0.030,0.834,0.136
333000,0.030,0.774,0.196
333500,0.030,0.807,0.163
334000,0.030,0.851,0.119
334500,0.030,0.829,0.141
335000,0.030,0.802,0.168
335500,0.030,0.845,0.125
336000,0.030,0.924,0.046
336500,0.030,0.801,0.169
337000,0.030,0.782,0.188
337500,0.030,0.844,0.126
338000,0.030,0.891,0.079
338500,0.030,0.848,0.122
339000,0.030,0.854,0.116
339500,0.030,0.776,0.194
340000,0.030,0.823,0.147
340500,0.030,0.870,0.100
341000,0.030,0.853,0.117
341500,0.030,0.853,0.117
342000,0.030,0.702,0.268
342500,0.030,0.766,0.204
343000,0.030,0.808,0.162
343500,0.030,0.880,0.090
344000,0.030,0.832,0.138
344500,0.030,0.868,0.102
345000,0.030,0.811,0.159
345500,0.030,0.853,0.117
346000,0.030,0.889,0.081
346500,0.030,0.864,0.106
347000,0.030,0.914,0.056
347500,0.030,0.857,0.113
348000,0.030,0.776,0.194
348500,0.030,0.752,0.218
349000,0.030,0.811,0.159
349500,0.030,0.786,0.184
350000,0.030,0.764,0.206
350500,0.030,0.827,0.143
351000,0.030,0.889,0.081
351500,0.030,0.811,0.159
352000,0.030,0.823,0.147
352500,0.030,0.838,0.132
353000,0.030,0.829,0.141
353500,0.030,0.826,0.144
354000,0.030,0.798,0.172
354500,0.030,0.871,0.099
355000,0.030,0.778,0.192
355500,0.030,0.810,0.160
356000,0.030,0.831,0.139
356500,0.030,0.827,0.143
357000,0.030,0.861,0.109
357500,0.030,0.825,0.145
358000,0.030,0.790,0.180
358500,0.030,0.865,0.105
359000,0.030,0.845,0.125
359500,0.030,0.803,0.167
360000,0.030,0.824,0.146
360500,0.030,0.829,0.141
361000,0.030,0.810,0.160
361500,0.030,0.812,0.158
362000,0.030,0.821,0.149
362500,0.030,0.750,0.220
363000,0.030,0.830,0.140
363500,0.030,0.740,0.230
364000,0.030,0.810,0.160
364500,0.030,0.767,0.203
365000,0.030,0.786,0.184
365500,0.030,0.787,0.183
366000,0.030,0.814,0.156
366500,0.030,0.788,0.182
367000,0.030,0.880,0.090
367500,0.030,0.755,0.215
368000,0.030,0.799,0.171
368500,0.030,0.767,0.203
369000,0.030,0.801,0.169
369500,0.030,0.755,0.215
370000,0.030,0.753,0.217
370500,0.030,0.800,0.170
371000,0.030,0.792,0.178
371500,0.030,0.836,0.134
372000,0.030,0.846,0.124
372500,0.030,0.774,0.196
373000,0.030,0.828,0.142
373500,0.030,0.872,0.098
374000,0.030,0.832,0.138
374500,0.030,0.784,0.186
375000,0.030,0.832,0.138
375500,0.030,0.843,0.127
376000,0.030,0.833,0.137
376500,0.030,0.872,0.098
377000,0.030,0.870,0.100
377500,0.030,0.775,0.195
378000,0.030,0.751,0.219
378500,0.030,0.794,0.176
379000,0.030,0.818,0.152
379500,0.030,0.932,0.038
380000,0.030,0.845,0.125
380500,0.030,0.909,0.061
381000,0.030,0.850,0.120
381500,0.030,0.872,0.098
382000,0.030,0.861,0.109
382500,0.030,0.857,0.113
383000,0.030,0.807,0.163
383500,0.030,0.831,0.139
384000,0.030,0.804,0.166
384500,0.030,0.795,0.175
385000,0.030,0.787,0.183
385500,0.030,0.812,0.158
386000,0.030,0.832,0.138
386500,0.030,0.801,0.169
387000,0.030,0.830,0.140
387500,0.030,0.837,0.133
388000,0.030,0.907,0.063
388500,0.030,0.860,0.110
389000,0.030,0.858,0.112
389500,0.030,0.778,0.192
390000,0.030,0.820,0.150
390500,0.030,0.746,0.224
391000,0.030,0.780,0.190
391500,0.030,0.784,0.186
392000,0.030,0.846,0.124
392500,0.030,0.876,0.094
393000,0.030,0.788,0.182
393500,0.030,0.816,0.154
394000,0.030,0.821,0.149
394500,0.030,0.744,0.226
395000,0.030,0.759,0.211
395500,0.030,0.793,0.177
396000,0.030,0.845,0.125
396500,0.030,0.760,0.210
397000,0.030,0.764,0.206
397500,0.030,0.813,0.157
398000,0.030,0.863,0.107
398500,0.030,0.873,0.097
399000,0.030,0.795,0.175
399500,0.030,0.857,0.113
400000,0.030,0.923,0.047
400500,0.030,0.933,0.037
401000,0.030,0.841,0.129
401500,0.030,0.788,0.182
402000,0.030,0.805,0.165
402500,0.030,0.855,0.115
403000,0.030,0.790,0.180
403500,0.030,0.832,0.138
404000,0.030,0.777,0.193
404500,0.030,0.780,0.190
405000,0.030,0.836,0.134
405500,0.030,0.819,0.151
406000,0.030,0.807,0.163
406500,0.030,0.787,0.183
407000,0.030,0.826,0.144
407500,0.030,0.885,0.085
408000,0.030,0.747,0.223
408500,0.030,0.746,0.224
409000,0.030,0.825,0.145
409500,0.030,0.825,0.145
410000,0.030,0.856,0.114
410500,0.030,0.827,0.143
411000,0.030,0.862,0.108
411500,0.030,0.886,0.084
412000,0.030,0.852,0.118
412500,0.030,0.877,0.093
413000,0.030,0.804,0.166
413500,0.030,0.849,0.121
414000,0.030,0.801,0.169
414500,0.030,0.796,0.174
415000,0.030,0.877,0.093
415500,0.030,0.783,0.187
416000,0.030,0.803,0.167
416500,0.030,0.793,0.177
417000,0.030,0.803,0.167
417500,0.030,0.763,0.207
418000,0.030,0.809,0.161
418500,0.030,0.883,0.087
419000,0.030,0.862,0.108
419500,0.030,0.826,0.144
420000,0.030,0.801,0.169
420500,0.030,0.811,0.159
421000,0.030,0.811,0.159
421500,0.030,0.846,0.124
422000,0.030,0.853,0.117
422500,0.030,0.853,0.117
423000,0.030,0.791,0.179
423500,0.030,0.871,0.099
424000,0.030,0.875,0.095
424500,0.030,0.849,0.121
425000,0.030,0.898,0.072
425500,0.030,0.879,0.091
426000,0.030,0.881,0.089
426500,0.030,0.840,0.130
427000,0.030,0.853,0.117
427500,0.030,0.751,0.219
428000,0.030,0.746,0.224
428500,0.030,0.762,0.208
429000,0.030,0.732,0.238
429500,0.030,0.840,0.130
430000,0.030,0.833,0.137
430500,0.030,0.802,0.168
431000,0.030,0.855,0.115
431500,0.030,0.833,0.137
432000,0.030,0.793,0.177
432500,0.030,0.835,0.135
433000,0.030,0.872,0.098
433500,0.030,0.887,0.083
434000,0.030,0.916,0.054
434500,0.030,0.912,0.058
435000,0.030,0.891,0.079
435500,0.030,0.889,0.081
436000,0.030,0.811,0.159
436500,0.030,0.811,0.159
437000,0.030,0.776,0.194
437500,0.030,0.818,0.152
438000,0.030,0.922,0.048
438500,0.030,0.830,0.140
439000,0.030,0.878,0.092
439500,0.030,0.806,0.164
440000,0.030,0.804,0.166
440500,0.030,0.836,0.134
441000,0.030,0.856,0.114
441500,0.030,0.829,0.141
442000,0.030,0.833,0.137
442500,0.030,0.859,0.111
443000,0.030,0.865,0.105
443500,0.030,0.758,0.212
444000,0.030,0.799,0.171
444500,0.030,0.793,0.177
445000,0.030,0.793,0.177
445500,0.030,0.769,0.201
446000,0.030,0.718,0.252
446500,0.030,0.809,0.161
447000,0.030,0.826,0.144
447500,0.030,0.846,0.124
448000,0.030,0.835,0.135
448500,0.030,0.789,0.181
449000,0.030,0.826,0.144
449500,0.030,0.832,0.138
450000,0.030,0.886,0.084
450500,0.030,0.803,0.167
451000,0.030,0.806,0.164
451500,0.030,0.817,0.153
452000,0.030,0.773,0.197
452500,0.030,0.803,0.167
453000,0.030,0.853,0.117
453500,0.030,0.916,0.054
454000,0.030,0.801,0.169
454500,0.030,0.718,0.252
455000,0.030,0.756,0.214
455500,0.030,0.813,0.157
456000,0.030,0.884,0.086
456500,0.030,0.797,0.173
457000,0.030,0.794,0.176
457500,0.030,0.866,0.104
458000,0.030,0.828,0.142
458500,0.030,0.768,0.202
459000,0.030,0.807,0.163
459500,0.030,0.827,0.143
460000,0.030,0.814,0.156
460500,0.030,0.875,0.095
461000,0.030,0.865,0.105
461500,0.030,0.842,0.128
462000,0.030,0.791,0.179
462500,0.030,0.791,0.179
463000,0.030,0.766,0.204
463500,0.030,0.778,0.192
464000,0.030,0.888,0.082
464500,0.030,0.846,0.124
465000,0.030,0.797,0.173
465500,0.030,0.788,0.182
466000,0.030,0.794,0.176
466500,0.030,0.800,0.170
467000,0.030,0.811,0.159
467500,0.030,0.853,0.117
468000,0.030,0.877,0.093
468500,0.030,0.803,0.167
469000,0.030,0.755,0.215
469500,0.030,0.767,0.203
470000,0.030,0.834,0.136
470500,0.030,0.781,0.189
471000,0.030,0.809,0.161
471500,0.030,0.840,0.130
472000,0.030,0.811,0.159
472500,0.030,0.849,0.121
473000,0.030,0.865,0.105
473500,0.030,0.831,0.139
474000,0.030,0.797,0.173
474500,0.030,0.810,0.160
475000,0.030,0.859,0.111
475500,0.030,0.822,0.148
476000,0.030,0.841,0.129
476500,0.030,0.820,0.150
477000,0.030,0.811,0.159
477500,0.030,0.840,0.130
478000,0.030,0.759,0.211
478500,0.030,0.780,0.190
479000,0.030,0.770,0.200
479500,0.030,0.786,0.184
480000,0.030,0.850,0.120
480500,0.030,0.855,0.115
481000,0.030,0.767,0.203
481500,0.030,0.828,0.142
482000,0.030,0.832,0.138
482500,0.030,0.876,0.094
483000,0.030,0.864,0.106
483500,0.030,0.893,0.077
484000,0.030,0.889,0.081
484500,0.030,0.851,0.119
485000,0.030,0.867,0.103
485500,0.030,0.844,0.126
486000,0.030,0.722,0.248
486500,0.030,0.822,0.148
487000,0.030,0.844,0.126
487500,0.030,0.787,0.183
488000,0.030,0.848,0.122
488500,0.030,0.786,0.184
489000,0.030,0.834,0.136
489500,0.030,0.883,0.087
490000,0.030,0.840,0.130
490500,0.030,0.849,0.121
491000,0.030,0.779,0.191
491500,0.030,0.792,0.178
492000,0.030,0.776,0.194
492500,0.030,0.840,0.130
493000,0.030,0.780,0.190
493500,0.030,0.732,0.238
494000,0.030,0.771,0.199
494500,0.030,0.811,0.159
495000,0.030,0.710,0.260
495500,0.030,0.804,0.166
496000,0.030,0.827,0.143
496500,0.030,0.817,0.153
497000,0.030,0.736,0.234
497500,0.030,0.756,0.214
498000,0.030,0.698,0.272
498500,0.030,0.728,0.242
499000,0.030,0.797,0.173
499500,0.030,0.874,0.096
500000,0.030,0.796,0.174
500500,0.030,0.807,0.163
501000,0.030,0.769,0.201
501500,0.030,0.740,0.230
502000,0.030,0.733,0.237
502500,0.030,0.857,0.113
503000,0.030,0.840,0.130
503500,0.030,0.865,0.105
504000,0.030,0.789,0.181
504500,0.030,0.721,0.249
505000,0.030,0.785,0.185
505500,0.030,0.849,0.121
506000,0.030,0.800,0.170
506500,0.030,0.834,0.136
507000,0.030,0.778,0.192
507500,0.030,0.841,0.129
508000,0.030,0.856,0.114
508500,0.030,0.882,0.088
509000,0.030,0.907,0.063
509500,0.030,0.876,0.094
510000,0.030,0.820,0.150
510500,0.030,0.810,0.160
511000,0.030,0.790,0.180
511500,0.030,0.721,0.249
512000,0.030,0.792,0.178
512500,0.030,0.728,0.242
513000,0.030,0.754,0.216
513500,0.030,0.648,0.322
514000,0.030,0.712,0.258
514500,0.030,0.803,0.167
515000,0.030,0.856,0.114
515500,0.030,0.925,0.045
516000,0.030,0.830,0.140
516500,0.030,0.779,0.191
517000,0.030,0.829,0.141
517500,0.030,0.795,0.175
518000,0.030,0.741,0.229
518500,0.030,0.736,0.234
519000,0.030,0.861,0.109
519500,0.030,0.772,0.198
520000,0.030,0.785,0.185
520500,0.030,0.765,0.205
521000,0.030,0.806,0.164
521500,0.030,0.868,0.102
522000,0.030,0.845,0.125
522500,0.030,0.876,0.094
523000,0.030,0.831,0.139
523500,0.030,0.855,0.115
524000,0.030,0.825,0.145
524500,0.030,0.821,0.149
525000,0.030,0.787,0.183
525500,0.030,0.757,0.213
526000,0.030,0.751,0.219
526500,0.030,0.761,0.209
527000,0.030,0.746,0.224
527500,0.030,0.751,0.219
528000,0.030,0.794,0.176
528500,0.030,0.817,0.153
529000,0.030,0.867,0.103
529500,0.030,0.781,0.189
530000,0.030,0.750,0.220
530500,0.030,0.772,0.198
531000,0.030,0.845,0.125
531500,0.030,0.841,0.129
532000,0.030,0.839,0.131
532500,0.030,0.830,0.140
533000,0.030,0.852,0.118
533500,0.030,0.860,0.110
534000,0.030,0.789,0.181
534500,0.030,0.799,0.171
535000,0.030,0.799,0.171
535500,0.030,0.787,0.183
536000,0.030,0.699,0.271
536500,0.030,0.593,0.377
537000,0.030,0.712,0.258
537500,0.030,0.782,0.188
538000,0.030,0.759,0.211
538500,0.030,0.859,0.111
539000,0.030,0.704,0.266
539500,0.030,0.761,0.209
540000,0.030,0.819,0.151
540500,0.030,0.734,0.236
541000,0.030,0.805,0.165
541500,0.030,0.896,0.074
542000,0.030,0.800,0.170
542500,0.030,0.799,0.171
543000,0.030,0.859,0.111
543500,0.030,0.756,0.214
544000,0.030,0.759,0.211
544500,0.030,0.859,0.111
545000,0.030,0.915,0.055
545500,0.030,0.831,0.139
546000,0.030,0.803,0.167
546500,0.030,0.781,0.189
547000,0.030,0.750,0.220
547500,0.030,0.744,0.226
548000,0.030,0.796,0.174
548500,0.030,0.816,0.154
549000,0.030,0.774,0.196
549500,0.030,0.845,0.125
550000,0.030,0.806,0.164
550500,0.030,0.874,0.096
551000,0.030,0.841,0.129
551500,0.030,0.695,0.275
552000,0.030,0.757,0.213
552500,0.030,0.809,0.161
553000,0.030,0.862,0.108
553500,0.030,0.818,0.152
554000,0.030,0.805,0.165
554500,0.030,0.784,0.186
555000,0.030,0.834,0.136
555500,0.030,0.858,0.112
556000,0.030,0.839,0.131
556500,0.030,0.827,0.143
557000,0.030,0.875,0.095
557500,0.030,0.747,0.223
558000,0.030,0.712,0.258
558500,0.030,0.747,0.223
559000,0.030,0.745,0.225
559500,0.030,0.799,0.171
560000,0.030,0.813,0.157
560500,0.030,0.826,0.144
561000,0.030,0.804,0.166
561500,0.030,0.815,0.155
562000,0.030,0.769,0.201
562500,0.030,0.738,0.232
563000,0.030,0.684,0.286
563500,0.030,0.723,0.247
564000,0.030,0.821,0.149
564500,0.030,0.822,0.148
565000,0.030,0.851,0.119
565500,0.030,0.866,0.104
566000,0.030,0.790,0.180
566500,0.030,0.859,0.111
567000,0.030,0.801,0.169
567500,0.030,0.818,0.152
568000,0.030,0.848,0.122
568500,0.030,0.882,0.088
569000,0.030,0.859,0.111
569500,0.030,0.851,0.119
570000,0.030,0.879,0.091
570500,0.030,0.849,0.121
571000,0.030,0.774,0.196
571500,0.030,0.831,0.139
572000,0.030,0.822,0.148
572500,0.030,0.817,0.153
573000,0.030,0.781,0.189
573500,0.030,0.818,0.152
574000,0.030,0.818,0.152
574500,0.030,0.859,0.111
575000,0.030,0.862,0.108
575500,0.030,0.821,0.149
576000,0.030,0.814,0.156
576500,0.030,0.812,0.158
577000,0.030,0.776,0.194
577500,0.030,0.800,0.170
578000,0.030,0.890,0.080
578500,0.030,0.842,0.128
579000,0.030,0.694,0.276
579500,0.030,0.846,0.124
580000,0.030,0.880,0.090
580500,0.030,0.801,0.169
581000,0.030,0.833,0.137
581500,0.030,0.866,0.104
582000,0.030,0.781,0.189
582500,0.030,0.852,0.118
583000,0.030,0.843,0.127
583500,0.030,0.824,0.146
584000,0.030,0.753,0.217
584500,0.030,0.808,0.162
585000,0.030,0.848,0.122
585500,0.030,0.818,0.152
586000,0.030,0.820,0.150
586500,0.030,0.850,0.120
587000,0.030,0.890,0.080
587500,0.030,0.775,0.195
588000,0.030,0.847,0.123
588500,0.030,0.798,0.172
589000,0.030,0.846,0.124
589500,0.030,0.889,0.081
590000,0.030,0.863,0.107
590500,0.030,0.851,0.119
591000,0.030,0.835,0.135
591500,0.030,0.672,0.298
592000,0.030,0.834,0.136
592500,0.030,0.822,0.148
593000,0.030,0.815,0.155
593500,0.030,0.805,0.165
594000,0.030,0.887,0.083
594500,0.030,0.877,0.093
595000,0.030,0.875,0.095
595500,0.030,0.808,0.162
596000,0.030,0.843,0.127
596500,0.030,0.704,0.266
597000,0.030,0.767,0.203
597500,0.030,0.814,0.156
598000,0.030,0.834,0.136
598500,0.030,0.815,0.155
599000,0.030,0.866,0.104
599500,0.030,0.809,0.161
600000,0.030,0.842,0.128
600500,0.030,0.823,0.147
601000,0.030,0.724,0.246
601500,0.030,0.822,0.148
602000,0.030,0.922,0.048
602500,0.030,0.878,0.092
603000,0.030,0.841,0.129
603500,0.030,0.856,0.114
604000,0.030,0.836,0.134
604500,0.030,0.767,0.203
605000,0.030,0.833,0.137
605500,0.030,0.814,0.156
606000,0.030,0.653,0.317
606500,0.030,0.683,0.287
607000,0.030,0.729,0.241
607500,0.030,0.823,0.147
608000,0.030,0.870,0.100
608500,0.030,0.825,0.145
609000,0.030,0.859,0.111
609500,0.030,0.851,0.119
610000,0.030,0.721,0.249
610500,0.030,0.826,0.144
611000,0.030,0.701,0.269
611500,0.030,0.776,0.194
612000,0.030,0.787,0.183
612500,0.030,0.786,0.184
613000,0.030,0.730,0.240
613500,0.030,0.797,0.173
614000,0.030,0.823,0.147
614500,0.030,0.768,0.202
615000,0.030,0.741,0.229
615500,0.030,0.793,0.177
616000,0.030,0.831,0.139
616500,0.030,0.774,0.196
617000,0.030,0.817,0.153
617500,0.030,0.839,0.131
618000,0.030,0.825,0.145
618500,0.030,0.780,0.190
619000,0.030,0.706,0.264
619500,0.030,0.690,0.280
620000,0.030,0.707,0.263
620500,0.030,0.826,0.144
621000,0.030,0.858,0.112
621500,0.030,0.828,0.142
622000,0.030,0.792,0.178
622500,0.030,0.887,0.083
623000,0.030,0.764,0.206
623500,0.030,0.837,0.133
624000,0.030,0.817,0.153
624500,0.030,0.841,0.129
625000,0.030,0.849,0.121
625500,0.030,0.811,0.159
626000,0.030,0.888,0.082
626500,0.030,0.798,0.172
627000,0.030,0.787,0.183
627500,0.030,0.782,0.188
628000,0.030,0.877,0.093
628500,0.030,0.816,0.154
629000,0.030,0.896,0.074
629500,0.030,0.823,0.147
630000,0.030,0.800,0.170
630500,0.030,0.727,0.243
631000,0.030,0.816,0.154
631500,0.030,0.796,0.174
632000,0.030,0.847,0.123
632500,0.030,0.899,0.071
633000,0.030,0.918,0.052
633500,0.030,0.831,0.139
634000,0.030,0.793,0.177
634500,0.030,0.815,0.155
635000,0.030,0.863,0.107
635500,0.030,0.830,0.140
636000,0.030,0.773,0.197
636500,0.030,0.847,0.123
637000,0.030,0.820,0.150
637500,0.030,0.787,0.183
638000,0.030,0.788,0.182
638500,0.030,0.856,0.114
639000,0.030,0.843,0.127
639500,0.030,0.807,0.163
640000,0.030,0.884,0.086
640500,0.030,0.814,0.156
641000,0.030,0.808,0.162
641500,0.030,0.783,0.187
642000,0.030,0.840,0.130
642500,0.030,0.894,0.076
643000,0.030,0.810,0.160
643500,0.030,0.878,0.092
644000,0.030,0.782,0.188
644500,0.030,0.739,0.231
645000,0.030,0.834,0.136
645500,0.030,0.838,0.132
646000,0.030,0.911,0.059
646500,0.030,0.809,0.161
647000,0.030,0.819,0.151
647500,0.030,0.865,0.105
648000,0.030,0.730,0.240
648500,0.030,0.806,0.164
649000,0.030,0.833,0.137
649500,0.030,0.847,0.123
650000,0.030,0.854,0.116
650500,0.030,0.817,0.153
651000,0.030,0.699,0.271
651500,0.030,0.666,0.304
652000,0.030,0.727,0.243
652500,0.030,0.848,0.122
653000,0.030,0.738,0.232
653500,0.030,0.733,0.237
654000,0.030,0.727,0.243
654500,0.030,0.782,0.188
655000,0.030,0.832,0.138
655500,0.030,0.714,0.256
656000,0.030,0.791,0.179
656500,0.030,0.780,0.190
657000,0.030,0.848,0.122
657500,0.030,0.904,0.066
658000,0.030,0.872,0.098
658500,0.030,0.893,0.077
659000,0.030,0.896,0.074
659500,0.030,0.834,0.136
660000,0.030,0.822,0.148
660500,0.030,0.833,0.137
661000,0.030,0.748,0.222
661500,0.030,0.808,0.162
662000,0.030,0.852,0.118
662500,0.030,0.838,0.132
663000,0.030,0.826,0.144
663500,0.030,0.802,0.168
664000,0.030,0.844,0.126
664500,0.030,0.826,0.144
665000,0.030,0.825,0.145
665500,0.030,0.768,0.202
666000,0.030,0.859,0.111
666500,0.030,0.808,0.162
667000,0.030,0.789,0.181
667500,0.030,0.916,0.054
668000,0.030,0.874,0.096
668500,0.030,0.832,0.138
669000,0.030,0.880,0.090
669500,0.030,0.802,0.168
670000,0.030,0.740,0.230
670500,0.030,0.744,0.226
671000,0.030,0.795,0.175
671500,0.030,0.827,0.143
672000,0.030,0.791,0.179
672500,0.030,0.703,0.267
673000,0.030,0.827,0.143
673500,0.030,0.814,0.156
674000,0.030,0.803,0.167
674500,0.030,0.821,0.149
675000,0.030,0.819,0.151
675500,0.030,0.885,0.085
676000,0.030,0.842,0.128
676500,0.030,0.804,0.166
677000,0.030,0.738,0.232
677500,0.030,0.777,0.193
678000,0.030,0.797,0.173
678500,0.030,0.798,0.172
679000,0.030,0.803,0.167
679500,0.030,0.797,0.173
680000,0.030,0.830,0.140
680500,0.030,0.782,0.188
681000,0.030,0.855,0.115
681500,0.030,0.860,0.110
682000,0.030,0.837,0.133
682500,0.030,0.878,0.092
683000,0.030,0.797,0.173
683500,0.030,0.811,0.159
684000,0.030,0.872,0.098
684500,0.030,0.895,0.075
685000,0.030,0.875,0.095
685500,0.030,0.848,0.122
686000,0.030,0.807,0.163
686500,0.030,0.829,0.141
687000,0.030,0.842,0.128
687500,0.030,0.847,0.123
688000,0.030,0.860,0.110
688500,0.030,0.819,0.151
689000,0.030,0.817,0.153
689500,0.030,0.859,0.111
690000,0.030,0.790,0.180
690500,0.030,0.844,0.126
691000,0.030,0.808,0.162
691500,0.030,0.755,0.215
692000,0.030,0.798,0.172
692500,0.030,0.744,0.226
693000,0.030,0.759,0.211
693500,0.030,0.789,0.181
694000,0.030,0.826,0.144
694500,0.030,0.734,0.236
695000,0.030,0.752,0.218
695500,0.030,0.826,0.144
696000,0.030,0.819,0.151
696500,0.030,0.849,0.121
697000,0.030,0.890,0.080
697500,0.030,0.869,0.101
698000,0.030,0.767,0.203
698500,0.030,0.791,0.179
699000,0.030,0.781,0.189
699500,0.030,0.818,0.152
700000,0.030,0.827,0.143
700500,0.030,0.848,0.122
701000,0.030,0.875,0.095
701500,0.030,0.809,0.161
702000,0.030,0.814,0.156
702500,0.030,0.842,0.128
703000,0.030,0.843,0.127
703500,0.030,0.847,0.123
704000,0.030,0.876,0.094
704500,0.030,0.833,0.137
705000,0.030,0.784,0.186
705500,0.030,0.786,0.184
706000,0.030,0.848,0.122
706500,0.030,0.830,0.140
707000,0.030,0.851,0.119
707500,0.030,0.799,0.171
708000,0.030,0.884,0.086
708500,0.030,0.871,0.099
709000,0.030,0.908,0.062
709500,0.030,0.823,0.147
710000,0.030,0.858,0.112
710500,0.030,0.771,0.199
711000,0.030,0.812,0.158
711500,0.030,0.761,0.209
712000,0.030,0.831,0.139
712500,0.030,0.789,0.181
713000,0.030,0.860,0.110
713500,0.030,0.870,0.100
714000,0.030,0.813,0.157
714500,0.030,0.829,0.141
715000,0.030,0.824,0.146
715500,0.030,0.837,0.133
716000,0.030,0.816,0.154
716500,0.030,0.794,0.176
717000,0.030,0.817,0.153
717500,0.030,0.808,0.162
718000,0.030,0.765,0.205
718500,0.030,0.792,0.178
719000,0.030,0.832,0.138
719500,0.030,0.753,0.217
720000,0.030,0.823,0.147
720500,0.030,0.781,0.189
721000,0.030,0.740,0.230
721500,0.030,0.711,0.259
722000,0.030,0.703,0.267
722500,0.030,0.736,0.234
723000,0.030,0.845,0.125
723500,0.030,0.793,0.177
724000,0.030,0.843,0.127
724500,0.030,0.822,0.148
725000,0.030,0.830,0.140
725500,0.030,0.756,0.214
726000,0.030,0.773,0.197
726500,0.030,0.795,0.175
727000,0.030,0.820,0.150
727500,0.030,0.608,0.362
728000,0.030,0.700,0.270
728500,0.030,0.809,0.161
729000,0.030,0.875,0.095
729500,0.030,0.798,0.172
730000,0.030,0.742,0.228
730500,0.030,0.829,0.141
731000,0.030,0.802,0.168
731500,0.030,0.812,0.158
732000,0.030,0.917,0.053
732500,0.030,0.861,0.109
733000,0.030,0.772,0.198
733500,0.030,0.811,0.159
734000,0.030,0.825,0.145
734500,0.030,0.845,0.125
735000,0.030,0.787,0.183
735500,0.030,0.812,0.158
736000,0.030,0.801,0.169
736500,0.030,0.782,0.188
737000,0.030,0.738,0.232
737500,0.030,0.773,0.197
738000,0.030,0.767,0.203
738500,0.030,0.838,0.132
739000,0.030,0.844,0.126
739500,0.030,0.759,0.211
740000,0.030,0.691,0.279
740500,0.030,0.775,0.195
741000,0.030,0.812,0.158
741500,0.030,0.833,0.137
742000,0.030,0.859,0.111
742500,0.030,0.870,0.100
743000,0.030,0.830,0.140
743500,0.030,0.826,0.144
744000,0.030,0.802,0.168
744500,0.030,0.786,0.184
745000,0.030,0.870,0.100
745500,0.030,0.762,0.208
746000,0.030,0.750,0.220
746500,0.030,0.786,0.184
747000,0.030,0.816,0.154
747500,0.030,0.808,0.162
748000,0.030,0.850,0.120
748500,0.030,0.834,0.136
749000,0.030,0.833,0.137
749500,0.030,0.849,0.121
750000,0.030,0.779,0.191
750500,0.030,0.828,0.142
751000,0.030,0.755,0.215
751500,0.030,0.802,0.168
752000,0.030,0.803,0.167
752500,0.030,0.755,0.215
753000,0.030,0.777,0.193
753500,0.030,0.840,0.130
754000,0.030,0.760,0.210
754500,0.030,0.830,0.140
755000,0.030,0.791,0.179
755500,0.030,0.805,0.165
756000,0.030,0.822,0.148
756500,0.030,0.836,0.134
757000,0.030,0.801,0.169
757500,0.030,0.766,0.204
758000,0.030,0.785,0.185
758500,0.030,0.757,0.213
759000,0.030,0.787,0.183
759500,0.030,0.701,0.269
760000,0.030,0.874,0.096
760500,0.030,0.803,0.167
761000,0.030,0.893,0.077
761500,0.030,0.856,0.114
762000,0.030,0.831,0.139
762500,0.030,0.767,0.203
763000,0.030,0.770,0.200
763500,0.030,0.788,0.182
764000,0.030,0.847,0.123
764500,0.030,0.819,0.151
765000,0.030,0.827,0.143
765500,0.030,0.811,0.159
766000,0.030,0.844,0.126
766500,0.030,0.818,0.152
767000,0.030,0.845,0.125
767500,0.030,0.887,0.083
768000,0.030,0.842,0.128
768500,0.030,0.839,0.131
769000,0.030,0.829,0.141
769500,0.030,0.861,0.109
770000,0.030,0.865,0.105
770500,0.030,0.857,0.113
771000,0.030,0.863,0.107
771500,0.030,0.726,0.244
772000,0.030,0.864,0.106
772500,0.030,0.857,0.113
773000,0.030,0.895,0.075
773500,0.030,0.809,0.161
774000,0.030,0.744,0.226
774500,0.030,0.737,0.233
775000,0.030,0.817,0.153
775500,0.030,0.857,0.113
776000,0.030,0.863,0.107
776500,0.030,0.796,0.174
777000,0.030,0.816,0.154
777500,0.030,0.878,0.092
778000,0.030,0.792,0.178
778500,0.030,0.789,0.181
779000,0.030,0.817,0.153
779500,0.030,0.778,0.192
780000,0.030,0.778,0.192
780500,0.030,0.808,0.162
781000,0.030,0.824,0.146
781500,0.030,0.821,0.149
782000,0.030,0.830,0.140
782500,0.030,0.835,0.135
783000,0.030,0.875,0.095
783500,0.030,0.822,0.148
784000,0.030,0.815,0.155
784500,0.030,0.879,0.091
785000,0.030,0.850,0.120
785500,0.030,0.872,0.098
786000,0.030,0.853,0.117
786500,0.030,0.778,0.192
787000,0.030,0.754,0.216
787500,0.030,0.802,0.168
788000,0.030,0.816,0.154
788500,0.030,0.769,0.201
789000,0.030,0.831,0.139
789500,0.030,0.842,0.128
790000,0.030,0.768,0.202
790500,0.030,0.807,0.163
791000,0.030,0.787,0.183
791500,0.030,0.731,0.239
792000,0.030,0.839,0.131
792500,0.030,0.881,0.089
793000,0.030,0.769,0.201
793500,0.030,0.864,0.106
794000,0.030,0.811,0.159
794500,0.030,0.836,0.134
795000,0.030,0.788,0.182
795500,0.030,0.778,0.192
796000,0.030,0.826,0.144
796500,0.030,0.874,0.096
797000,0.030,0.835,0.135
797500,0.030,0.897,0.073
798000,0.030,0.823,0.147
798500,0.030,0.802,0.168
799000,0.030,0.860,0.110
799500,0.030,0.792,0.178
800000,0.030,0.797,0.173
800500,0.030,0.789,0.181
801000,0.030,0.857,0.113
801500,0.030,0.821,0.149
802000,0.030,0.862,0.108
802500,0.030,0.864,0.106
803000,0.030,0.809,0.161
803500,0.030,0.856,0.114
804000,0.030,0.901,0.069
804500,0.030,0.857,0.113
805000,0.030,0.743,0.227
805500,0.030,0.810,0.160
806000,0.030,0.807,0.163
806500,0.030,0.801,0.169
807000,0.030,0.810,0.160
807500,0.030,0.844,0.126
808000,0.030,0.850,0.120
808500,0.030,0.849,0.121
809000,0.030,0.836,0.134
809500,0.030,0.797,0.173
810000,0.030,0.864,0.106
810500,0.030,0.803,0.167
811000,0.030,0.812,0.158
811500,0.030,0.753,0.217
812000,0.030,0.866,0.104
812500,0.030,0.822,0.148
813000,0.030,0.768,0.202
813500,0.030,0.761,0.209
814000,0.030,0.779,0.191
814500,0.030,0.737,0.233
815000,0.030,0.776,0.194
815500,0.030,0.781,0.189
816000,0.030,0.769,0.201
816500,0.030,0.756,0.214
817000,0.030,0.785,0.185
817500,0.030,0.768,0.202
818000,0.030,0.796,0.174
818500,0.030,0.790,0.180
819000,0.030,0.749,0.221
819500,0.030,0.757,0.213
820000,0.030,0.768,0.202
820500,0.030,0.850,0.120
821000,0.030,0.732,0.238
821500,0.030,0.790,0.180
822000,0.030,0.783,0.187
822500,0.030,0.755,0.215
823000,0.030,0.776,0.194
823500,0.030,0.843,0.127
824000,0.030,0.826,0.144
824500,0.030,0.807,0.163
825000,0.030,0.759,0.211
825500,0.030,0.837,0.133
826000,0.030,0.866,0.104
826500,0.030,0.763,0.207
827000,0.030,0.854,0.116
827500,0.030,0.878,0.092
828000,0.030,0.893,0.077
828500,0.030,0.882,0.088
829000,0.030,0.690,0.280
829500,0.030,0.745,0.225
830000,0.030,0.774,0.196
830500,0.030,0.847,0.123
831000,0.030,0.841,0.129
831500,0.030,0.857,0.113
832000,0.030,0.790,0.180
832500,0.030,0.852,0.118
833000,0.030,0.780,0.190
833500,0.030,0.715,0.255
834000,0.030,0.824,0.146
834500,0.030,0.693,0.277
835000,0.030,0.818,0.152
835500,0.030,0.861,0.109
836000,0.030,0.837,0.133
836500,0.030,0.846,0.124
837000,0.030,0.746,0.224
837500,0.030,0.824,0.146
838000,0.030,0.861,0.109
838500,0.030,0.770,0.200
839000,0.030,0.863,0.107
839500,0.030,0.859,0.111
840000,0.030,0.897,0.073
840500,0.030,0.852,0.118
841000,0.030,0.776,0.194
841500,0.030,0.755,0.215
842000,0.030,0.819,0.151
842500,0.030,0.866,0.104
843000,0.030,0.812,0.158
843500,0.030,0.829,0.141
844000,0.030,0.810,0.160
844500,0.030,0.828,0.142
845000,0.030,0.883,0.087
845500,0.030,0.850,0.120
846000,0.030,0.815,0.155
846500,0.030,0.837,0.133
847000,0.030,0.836,0.134
847500,0.030,0.883,0.087
848000,0.030,0.868,0.102
848500,0.030,0.873,0.097
849000,0.030,0.826,0.144
849500,0.030,0.753,0.217
850000,0.030,0.871,0.099
850500,0.030,0.839,0.131
851000,0.030,0.869,0.101
851500,0.030,0.845,0.125
852000,0.030,0.816,0.154
852500,0.030,0.890,0.080
853000,0.030,0.806,0.164
853500,0.030,0.749,0.221
854000,0.030,0.767,0.203
854500,0.030,0.841,0.129
855000,0.030,0.817,0.153
855500,0.030,0.832,0.138
856000,0.030,0.736,0.234
856500,0.030,0.832,0.138
857000,0.030,0.819,0.151
857500,0.030,0.866,0.104
858000,0.030,0.802,0.168
858500,0.030,0.859,0.111
859000,0.030,0.794,0.176
859500,0.030,0.816,0.154
860000,0.030,0.838,0.132
860500,0.030,0.799,0.171
861000,0.030,0.783,0.187
861500,0.030,0.774,0.196
862000,0.030,0.705,0.265
862500,0.030,0.747,0.223
863000,0.030,0.778,0.192
863500,0.030,0.767,0.203
864000,0.030,0.682,0.288
864500,0.030,0.722,0.248
865000,0.030,0.776,0.194
865500,0.030,0.846,0.124
866000,0.030,0.829,0.141
866500,0.030,0.718,0.252
867000,0.030,0.829,0.141
867500,0.030,0.771,0.199
868000,0.030,0.847,0.123
868500,0.030,0.774,0.196
869000,0.030,0.794,0.176
869500,0.030,0.780,0.190
870000,0.030,0.849,0.121
870500,0.030,0.742,0.228
871000,0.030,0.816,0.154
871500,0.030,0.720,0.250
872000,0.030,0.739,0.231
872500,0.030,0.886,0.084
873000,0.030,0.804,0.166
873500,0.030,0.839,0.131
874000,0.030,0.738,0.232
874500,0.030,0.834,0.136
875000,0.030,0.883,0.087
875500,0.030,0.907,0.063
876000,0.030,0.890,0.080
876500,0.030,0.843,0.127
877000,0.030,0.800,0.170
877500,0.030,0.858,0.112
878000,0.030,0.821,0.149
878500,0.030,0.822,0.148
879000,0.030,0.828,0.142
879500,0.030,0.876,0.094
880000,0.030,0.915,0.055
880500,0.030,0.885,0.085
881000,0.030,0.816,0.154
881500,0.030,0.824,0.146
882000,0.030,0.892,0.078
882500,0.030,0.856,0.114
883000,0.030,0.879,0.091
883500,0.030,0.792,0.178
884000,0.030,0.764,0.206
884500,0.030,0.818,0.152
885000,0.030,0.897,0.073
885500,0.030,0.904,0.066
886000,0.030,0.852,0.118
886500,0.030,0.788,0.182
887000,0.030,0.737,0.233
887500,0.030,0.781,0.189
888000,0.030,0.806,0.164
888500,0.030,0.823,0.147
889000,0.030,0.779,0.191
889500,0.030,0.828,0.142
890000,0.030,0.852,0.118
890500,0.030,0.866,0.104
891000,0.030,0.896,0.074
891500,0.030,0.782,0.188
892000,0.030,0.800,0.170
892500,0.030,0.830,0.140
893000,0.030,0.837,0.133
893500,0.030,0.812,0.158
894000,0.030,0.788,0.182
894500,0.030,0.772,0.198
895000,0.030,0.791,0.179
895500,0.030,0.728,0.242
896000,0.030,0.713,0.257
896500,0.030,0.793,0.177
897000,0.030,0.818,0.152
897500,0.030,0.766,0.204
898000,0.030,0.772,0.198
898500,0.030,0.817,0.153
899000,0.030,0.787,0.183
899500,0.030,0.795,0.175
900000,0.030,0.807,0.163
900500,0.030,0.793,0.177
901000,0.030,0.807,0.163
901500,0.030,0.816,0.154
902000,0.030,0.783,0.187
902500,0.030,0.889,0.081
903000,0.030,0.867,0.103
903500,0.030,0.835,0.135
904000,0.030,0.833,0.137
904500,0.030,0.830,0.140
905000,0.030,0.767,0.203
905500,0.030,0.821,0.149
906000,0.030,0.770,0.200
906500,0.030,0.746,0.224
907000,0.030,0.831,0.139
907500,0.030,0.714,0.256
908000,0.030,0.781,0.189
908500,0.030,0.761,0.209
909000,0.030,0.788,0.182
909500,0.030,0.844,0.126
910000,0.030,0.834,0.136
910500,0.030,0.888,0.082
911000,0.030,0.790,0.180
911500,0.030,0.854,0.116
912000,0.030,0.792,0.178
912500,0.030,0.758,0.212
913000,0.030,0.824,0.146
913500,0.030,0.857,0.113
914000,0.030,0.810,0.160
914500,0.030,0.829,0.141
915000,0.030,0.844,0.126
915500,0.030,0.825,0.145
916000,0.030,0.876,0.094
916500,0.030,0.849,0.121
917000,0.030,0.841,0.129
917500,0.030,0.841,0.129
918000,0.030,0.812,0.158
918500,0.030,0.815,0.155
919000,0.030,0.677,0.293
919500,0.030,0.767,0.203
920000,0.030,0.798,0.172
920500,0.030,0.756,0.214
921000,0.030,0.833,0.137
921500,0.030,0.826,0.144
922000,0.030,0.867,0.103
922500,0.030,0.814,0.156
923000,0.030,0.884,0.086
923500,0.030,0.819,0.151
924000,0.030,0.761,0.209
924500,0.030,0.793,0.177
925000,0.030,0.865,0.105
925500,0.030,0.801,0.169
926000,0.030,0.781,0.189
926500,0.030,0.792,0.178
927000,0.030,0.852,0.118
927500,0.030,0.771,0.199
928000,0.030,0.795,0.175
928500,0.030,0.733,0.237
929000,0.030,0.833,0.137
929500,0.030,0.761,0.209
930000,0.030,0.801,0.169
930500,0.030,0.746,0.224
931000,0.030,0.818,0.152
931500,0.030,0.862,0.108
932000,0.030,0.720,0.250
932500,0.030,0.836,0.134
933000,0.030,0.843,0.127
933500,0.030,0.775,0.195
934000,0.030,0.787,0.183
934500,0.030,0.822,0.148
935000,0.030,0.777,0.193
935500,0.030,0.871,0.099
936000,0.030,0.890,0.080
936500,0.030,0.807,0.163
937000,0.030,0.902,0.068
937500,0.030,0.832,0.138
938000,0.030,0.741,0.229
938500,0.030,0.849,0.121
939000,0.030,0.821,0.149
939500,0.030,0.814,0.156
940000,0.030,0.803,0.167
940500,0.030,0.776,0.194
941000,0.030,0.770,0.200
941500,0.030,0.856,0.114
942000,0.030,0.842,0.128
942500,0.030,0.810,0.160
943000,0.030,0.745,0.225
943500,0.030,0.760,0.210
944000,0.030,0.824,0.146
944500,0.030,0.827,0.143
945000,0.030,0.812,0.158
945500,0.030,0.766,0.204
946000,0.030,0.777,0.193
946500,0.030,0.860,0.110
947000,0.030,0.758,0.212
947500,0.030,0.694,0.276
948000,0.030,0.674,0.296
948500,0.030,0.775,0.195
949000,0.030,0.695,0.275
949500,0.030,0.727,0.243
950000,0.030,0.732,0.238
950500,0.030,0.799,0.171
951000,0.030,0.807,0.163
951500,0.030,0.769,0.201
952000,0.030,0.881,0.089
952500,0.030,0.844,0.126
953000,0.030,0.825,0.145
953500,0.030,0.852,0.118
954000,0.030,0.814,0.156
954500,0.030,0.762,0.208
955000,0.030,0.800,0.170
955500,0.030,0.794,0.176
956000,0.030,0.820,0.150
956500,0.030,0.862,0.108
957000,0.030,0.925,0.045
957500,0.030,0.905,0.065
958000,0.030,0.873,0.097
958500,0.030,0.799,0.171
959000,0.030,0.765,0.205
959500,0.030,0.817,0.153
960000,0.030,0.747,0.223
960500,0.030,0.814,0.156
961000,0.030,0.819,0.151
961500,0.030,0.781,0.189
962000,0.030,0.850,0.120
962500,0.030,0.846,0.124
963000,0.030,0.815,0.155
963500,0.030,0.806,0.164
964000,0.030,0.833,0.137
964500,0.030,0.798,0.172
965000,0.030,0.851,0.119
965500,0.030,0.871,0.099
966000,0.030,0.863,0.107
966500,0.030,0.767,0.203
967000,0.030,0.788,0.182
967500,0.030,0.836,0.134
968000,0.030,0.833,0.137
968500,0.030,0.845,0.125
969000,0.030,0.886,0.084
969500,0.030,0.791,0.179
970000,0.030,0.764,0.206
970500,0.030,0.801,0.169
971000,0.030,0.804,0.166
971500,0.030,0.824,0.146
972000,0.030,0.826,0.144
972500,0.030,0.776,0.194
973000,0.030,0.782,0.188
973500,0.030,0.783,0.187
974000,0.030,0.767,0.203
974500,0.030,0.844,0.126
975000,0.030,0.864,0.106
975500,0.030,0.830,0.140
976000,0.030,0.856,0.114
976500,0.030,0.881,0.089
977000,0.030,0.870,0.100
977500,0.030,0.851,0.119
978000,0.030,0.829,0.141
978500,0.030,0.746,0.224
979000,0.030,0.672,0.298
979500,0.030,0.786,0.184
980000,0.030,0.793,0.177
980500,0.030,0.870,0.100
981000,0.030,0.843,0.127
981500,0.030,0.842,0.128
982000,0.030,0.771,0.199
982500,0.030,0.723,0.247
983000,0.030,0.779,0.191
983500,0.030,0.790,0.180
984000,0.030,0.930,0.040
984500,0.030,0.898,0.072
985000,0.030,0.771,0.199
985500,0.030,0.828,0.142
986000,0.030,0.766,0.204
986500,0.030,0.777,0.193
987000,0.030,0.712,0.258
987500,0.030,0.838,0.132
988000,0.030,0.783,0.187
988500,0.030,0.838,0.132
989000,0.030,0.841,0.129
989500,0.030,0.861,0.109
990000,0.030,0.777,0.193
990500,0.030,0.761,0.209
991000,0.030,0.877,0.093
991500,0.030,0.851,0.119
992000,0.030,0.834,0.136
992500,0.030,0.820,0.150
993000,0.030,0.812,0.158
993500,0.030,0.818,0.152
994000,0.030,0.772,0.198
994500,0.030,0.718,0.252
995000,0.030,0.749,0.221
995500,0.030,0.797,0.173
996000,0.030,0.867,0.103
996500,0.030,0.782,0.188
997000,0.030,0.802,0.168
997500,0.030,0.823,0.147
998000,0.030,0.813,0.157
998500,0.030,0.735,0.235
999000,0.030,0.833,0.137
999500,0.030,0.773,0.197
1000000,0.030,0.783,0.187
