time,n_A+p,n_B,n_AB
500,0.097,0.058,0.845
1000,0.485,0.000,0.515
1500,0.771,0.000,0.229
2000,0.740,0.000,0.260
2500,0.799,0.000,0.201
3000,0.714,0.000,0.286
3500,0.646,0.000,0.354
4000,0.608,0.000,0.392
4500,0.575,0.000,0.425
5000,0.799,0.000,0.201
5500,0.850,0.000,0.150
6000,0.961,0.000,0.039
6500,0.963,0.000,0.037
7000,0.801,0.000,0.199
7500,0.926,0.000,0.074
8000,0.833,0.000,0.167
8500,0.773,0.000,0.227
9000,0.842,0.000,0.158
9500,0.878,0.000,0.122
10000,0.896,0.000,0.104
10500,0.875,0.000,0.125
11000,0.929,0.000,0.071
11500,0.929,0.000,0.071
12000,0.802,0.000,0.198
12500,0.749,0.000,0.251
13000,0.720,0.000,0.280
13500,0.640,0.000,0.360
14000,0.604,0.000,0.396
14500,0.695,0.000,0.305
15000,0.594,0.000,0.406
15500,0.571,0.000,0.429
16000,0.738,0.000,0.262
16500,0.606,0.000,0.394
17000,0.786,0.000,0.214
17500,0.814,0.000,0.186
18000,0.701,0.000,0.299
18500,0.673,0.000,0.327
19000,0.697,0.000,0.303
19500,0.721,0.000,0.279
20000,0.657,0.000,0.343
20500,0.586,0.000,0.414
21000,0.650,0.000,0.350
21500,0.816,0.000,0.184
22000,0.805,0.000,0.195
22500,0.753,0.000,0.247
23000,0.602,0.000,0.398
23500,0.684,0.000,0.316
24000,0.668,0.000,0.332
24500,0.742,0.000,0.258
25000,0.737,0.000,0.263
25500,0.723,0.000,0.277
26000,0.752,0.000,0.248
26500,0.848,0.000,0.152
27000,0.884,0.000,0.116
27500,0.774,0.000,0.226
28000,0.649,0.000,0.351
28500,0.662,0.000,0.338
29000,0.627,0.000,0.373
29500,0.669,0.000,0.331
30000,0.535,0.000,0.465
30500,0.547,0.000,0.453
31000,0.775,0.000,0.225
31500,0.818,0.000,0.182
32000,0.733,0.000,0.267
32500,0.897,0.000,0.103
33000,0.800,0.000,0.200
33500,0.912,0.000,0.088
34000,0.925,0.000,0.075
34500,0.867,0.000,0.133
35000,0.802,0.000,0.198
35500,0.828,0.000,0.172
36000,0.967,0.000,0.033
36500,0.979,0.000,0.021
37000,0.823,0.000,0.177
37500,0.839,0.000,0.161
38000,0.625,0.000,0.375
38500,0.713,0.000,0.287
39000,0.598,0.000,0.402
39500,0.521,0.000,0.479
40000,0.652,0.000,0.348
40500,0.651,0.000,0.349
41000,0.689,0.000,0.311
41500,0.664,0.000,0.336
42000,0.773,0.000,0.227
42500,0.780,0.000,0.220
43000,0.674,0.000,0.326
43500,0.717,0.000,0.283
44000,0.787,0.000,0.213
44500,0.640,0.000,0.360
45000,0.604,0.000,0.396
45500,0.782,0.000,0.218
46000,0.686,0.000,0.314
46500,0.642,0.000,0.358
47000,0.493,0.000,0.507
47500,0.541,0.000,0.459
48000,0.673,0.000,0.327
48500,0.666,0.000,0.334
49000,0.796,0.000,0.204
49500,0.835,0.000,0.165
50000,0.700,0.000,0.300
50500,0.770,0.000,0.230
51000,0.959,0.000,0.041
51500,0.915,0.000,0.085
52000,0.985,0.000,0.015
52500,0.999,0.000,0.001
53000,1.000,0.000,0.000
