time,n_A+p,n_B,n_AB
500,0.030,0.948,0.022
1000,0.030,0.919,0.050
1500,0.030,0.905,0.065
2000,0.030,0.882,0.088
2500,0.030,0.872,0.098
3000,0.030,0.856,0.114
3500,0.030,0.852,0.118
4000,0.030,0.865,0.105
4500,0.030,0.882,0.088
5000,0.030,0.897,0.073
5500,0.030,0.900,0.070
6000,0.030,0.900,0.070
6500,0.030,0.895,0.075
7000,0.030,0.874,0.096
7500,0.030,0.889,0.081
8000,0.030,0.862,0.108
8500,0.030,0.846,0.124
9000,0.030,0.866,0.104
9500,0.030,0.870,0.100
10000,0.030,0.865,0.105
10500,0.030,0.872,0.098
11000,0.030,0.881,0.089
11500,0.030,0.875,0.095
12000,0.030,0.865,0.105
12500,0.030,0.862,0.108
13000,0.030,0.857,0.113
13500,0.030,0.854,0.116
14000,0.030,0.844,0.126
14500,0.030,0.856,0.114
15000,0.030,0.838,0.132
15500,0.030,0.802,0.167
16000,0.030,0.828,0.142
16500,0.030,0.840,0.130
17000,0.030,0.823,0.147
17500,0.030,0.814,0.156
18000,0.030,0.833,0.137
18500,0.030,0.838,0.132
19000,0.030,0.840,0.130
19500,0.030,0.874,0.096
20000,0.030,0.872,0.098
20500,0.030,0.864,0.106
21000,0.030,0.862,0.108
21500,0.030,0.859,0.111
22000,0.030,0.841,0.129
22500,0.030,0.867,0.103
23000,0.030,0.868,0.102
23500,0.030,0.878,0.092
24000,0.030,0.868,0.102
24500,0.030,0.862,0.108
25000,0.030,0.869,0.101
25500,0.030,0.878,0.092
26000,0.030,0.864,0.106
26500,0.030,0.881,0.089
27000,0.030,0.855,0.115
27500,0.030,0.841,0.129
28000,0.030,0.876,0.094
28500,0.030,0.889,0.081
29000,0.030,0.884,0.086
29500,0.030,0.876,0.094
30000,0.030,0.850,0.120
30500,0.030,0.873,0.097
31000,0.030,0.836,0.134
31500,0.030,0.843,0.127
32000,0.030,0.821,0.149
32500,0.030,0.833,0.137
33000,0.030,0.800,0.169
33500,0.030,0.818,0.152
34000,0.030,0.838,0.132
34500,0.030,0.843,0.127
35000,0.030,0.865,0.105
35500,0.030,0.851,0.119
36000,0.030,0.831,0.139
36500,0.030,0.841,0.129
37000,0.030,0.845,0.125
37500,0.030,0.834,0.136
38000,0.030,0.842,0.128
38500,0.030,0.833,0.137
39000,0.030,0.807,0.162
39500,0.030,0.818,0.152
40000,0.030,0.844,0.126
40500,0.030,0.849,0.121
41000,0.030,0.854,0.116
41500,0.030,0.875,0.095
42000,0.030,0.861,0.109
42500,0.030,0.820,0.150
43000,0.030,0.812,0.157
43500,0.030,0.812,0.157
44000,0.030,0.793,0.177
44500,0.030,0.797,0.173
45000,0.030,0.803,0.166
45500,0.030,0.805,0.165
46000,0.030,0.821,0.149
46500,0.030,0.833,0.137
47000,0.030,0.865,0.105
47500,0.030,0.816,0.154
48000,0.030,0.842,0.128
48500,0.030,0.824,0.146
49000,0.030,0.832,0.138
49500,0.030,0.841,0.129
50000,0.030,0.843,0.127
50500,0.030,0.847,0.123
51000,0.030,0.820,0.150
51500,0.030,0.845,0.125
52000,0.030,0.861,0.109
52500,0.030,0.862,0.108
53000,0.030,0.860,0.110
53500,0.030,0.865,0.105
54000,0.030,0.878,0.092
54500,0.030,0.870,0.100
55000,0.030,0.857,0.113
55500,0.030,0.860,0.110
56000,0.030,0.856,0.114
56500,0.030,0.848,0.122
57000,0.030,0.874,0.096
57500,0.030,0.881,0.089
58000,0.030,0.863,0.107
58500,0.030,0.863,0.107
59000,0.030,0.839,0.131
59500,0.030,0.848,0.122
60000,0.030,0.848,0.122
60500,0.030,0.810,0.160
61000,0.030,0.809,0.160
61500,0.030,0.821,0.149
62000,0.030,0.846,0.124
62500,0.030,0.841,0.129
63000,0.030,0.832,0.138
63500,0.030,0.850,0.120
64000,0.030,0.844,0.126
64500,0.030,0.847,0.123
65000,0.030,0.837,0.133
65500,0.030,0.847,0.123
66000,0.030,0.846,0.124
66500,0.030,0.835,0.135
67000,0.030,0.821,0.149
67500,0.030,0.822,0.148
68000,0.030,0.823,0.147
68500,0.030,0.826,0.144
69000,0.030,0.841,0.129
69500,0.030,0.830,0.140
70000,0.030,0.830,0.140
70500,0.030,0.820,0.150
71000,0.030,0.783,0.187
71500,0.030,0.792,0.177
72000,0.030,0.821,0.149
72500,0.030,0.823,0.147
73000,0.030,0.818,0.152
73500,0.030,0.836,0.134
74000,0.030,0.845,0.125
74500,0.030,0.856,0.114
75000,0.030,0.858,0.112
75500,0.030,0.856,0.114
76000,0.030,0.862,0.108
76500,0.030,0.874,0.096
77000,0.030,0.858,0.112
77500,0.030,0.843,0.127
78000,0.030,0.819,0.151
78500,0.030,0.818,0.152
79000,0.030,0.827,0.143
79500,0.030,0.836,0.134
80000,0.030,0.825,0.145
80500,0.030,0.824,0.146
81000,0.030,0.831,0.139
81500,0.030,0.824,0.146
82000,0.030,0.820,0.150
82500,0.030,0.838,0.132
83000,0.030,0.858,0.112
83500,0.030,0.861,0.109
84000,0.030,0.846,0.124
84500,0.030,0.822,0.148
85000,0.030,0.825,0.145
85500,0.031,0.821,0.148
86000,0.030,0.819,0.151
86500,0.030,0.854,0.116
87000,0.030,0.857,0.113
87500,0.030,0.855,0.115
88000,0.030,0.865,0.105
88500,0.030,0.842,0.128
89000,0.030,0.844,0.126
89500,0.030,0.832,0.138
90000,0.030,0.802,0.168
90500,0.030,0.819,0.151
91000,0.030,0.841,0.129
91500,0.030,0.834,0.136
92000,0.030,0.831,0.139
92500,0.030,0.817,0.153
93000,0.030,0.831,0.139
93500,0.030,0.832,0.138
94000,0.030,0.839,0.131
94500,0.030,0.803,0.167
95000,0.030,0.758,0.212
95500,0.030,0.781,0.189
96000,0.030,0.797,0.173
96500,0.030,0.772,0.198
97000,0.030,0.795,0.174
97500,0.030,0.791,0.179
98000,0.030,0.806,0.163
98500,0.030,0.812,0.158
99000,0.030,0.828,0.142
99500,0.030,0.829,0.141
100000,0.030,0.846,0.124
100500,0.030,0.866,0.104
101000,0.030,0.851,0.119
101500,0.030,0.832,0.138
102000,0.030,0.810,0.160
102500,0.030,0.778,0.192
103000,0.030,0.791,0.179
103500,0.030,0.805,0.165
104000,0.030,0.817,0.153
104500,0.030,0.801,0.169
105000,0.030,0.806,0.164
105500,0.030,0.832,0.138
106000,0.030,0.845,0.125
106500,0.030,0.836,0.134
107000,0.030,0.841,0.129
107500,0.030,0.834,0.136
108000,0.030,0.835,0.135
108500,0.030,0.834,0.136
109000,0.030,0.827,0.143
109500,0.030,0.833,0.137
110000,0.030,0.841,0.129
110500,0.030,0.815,0.155
111000,0.030,0.806,0.164
111500,0.030,0.812,0.158
112000,0.031,0.807,0.162
112500,0.030,0.809,0.160
113000,0.030,0.832,0.138
113500,0.030,0.833,0.137
114000,0.030,0.831,0.139
114500,0.030,0.818,0.152
115000,0.030,0.826,0.144
115500,0.030,0.808,0.161
116000,0.030,0.810,0.159
116500,0.030,0.841,0.129
117000,0.030,0.851,0.119
117500,0.030,0.850,0.120
118000,0.030,0.822,0.148
118500,0.030,0.834,0.136
119000,0.030,0.846,0.124
119500,0.030,0.850,0.120
120000,0.030,0.853,0.117
120500,0.030,0.849,0.121
121000,0.030,0.856,0.114
121500,0.030,0.869,0.101
122000,0.030,0.839,0.131
122500,0.030,0.839,0.131
123000,0.030,0.835,0.135
123500,0.030,0.833,0.137
124000,0.030,0.834,0.136
124500,0.030,0.858,0.112
125000,0.030,0.858,0.112
125500,0.030,0.855,0.115
126000,0.030,0.875,0.095
126500,0.030,0.884,0.086
127000,0.030,0.888,0.082
127500,0.030,0.870,0.100
128000,0.030,0.873,0.097
128500,0.030,0.890,0.080
129000,0.030,0.859,0.111
129500,0.030,0.854,0.116
130000,0.030,0.886,0.084
130500,0.030,0.893,0.077
131000,0.030,0.879,0.091
131500,0.030,0.874,0.096
132000,0.030,0.839,0.131
132500,0.030,0.846,0.124
133000,0.030,0.851,0.119
133500,0.030,0.851,0.119
134000,0.030,0.819,0.151
134500,0.030,0.804,0.165
135000,0.030,0.821,0.149
135500,0.030,0.832,0.138
136000,0.030,0.823,0.147
136500,0.030,0.851,0.119
137000,0.030,0.839,0.131
137500,0.030,0.833,0.137
138000,0.030,0.854,0.116
138500,0.030,0.871,0.099
139000,0.030,0.874,0.096
139500,0.030,0.857,0.113
140000,0.030,0.834,0.136
140500,0.030,0.835,0.135
141000,0.030,0.830,0.140
141500,0.030,0.842,0.128
142000,0.030,0.839,0.131
142500,0.030,0.840,0.130
143000,0.030,0.837,0.133
143500,0.030,0.839,0.131
144000,0.030,0.857,0.113
144500,0.030,0.831,0.139
145000,0.030,0.819,0.151
145500,0.030,0.834,0.136
146000,0.030,0.824,0.146
146500,0.030,0.808,0.162
147000,0.030,0.796,0.173
147500,0.030,0.817,0.153
148000,0.030,0.813,0.157
148500,0.030,0.834,0.136
149000,0.030,0.836,0.134
149500,0.030,0.853,0.117
150000,0.030,0.849,0.121
150500,0.030,0.870,0.100
151000,0.030,0.860,0.110
151500,0.030,0.886,0.084
152000,0.030,0.884,0.086
152500,0.030,0.877,0.093
153000,0.030,0.874,0.096
153500,0.030,0.855,0.115
154000,0.030,0.862,0.108
154500,0.030,0.853,0.117
155000,0.030,0.856,0.114
155500,0.030,0.831,0.139
156000,0.030,0.837,0.133
156500,0.030,0.833,0.137
157000,0.030,0.829,0.141
157500,0.030,0.852,0.118
158000,0.030,0.863,0.107
158500,0.030,0.877,0.093
159000,0.030,0.877,0.093
159500,0.030,0.879,0.091
160000,0.030,0.841,0.129
160500,0.030,0.859,0.111
161000,0.030,0.845,0.125
161500,0.030,0.832,0.138
162000,0.030,0.833,0.137
162500,0.030,0.832,0.138
163000,0.030,0.805,0.164
163500,0.030,0.797,0.173
164000,0.030,0.819,0.151
164500,0.030,0.821,0.149
165000,0.030,0.831,0.139
165500,0.030,0.829,0.141
166000,0.030,0.822,0.148
166500,0.030,0.841,0.129
167000,0.030,0.837,0.133
167500,0.030,0.843,0.127
168000,0.030,0.814,0.156
168500,0.030,0.832,0.138
169000,0.030,0.839,0.131
169500,0.030,0.859,0.111
170000,0.030,0.865,0.105
170500,0.030,0.871,0.099
171000,0.030,0.868,0.102
171500,0.030,0.860,0.110
172000,0.030,0.838,0.132
172500,0.030,0.852,0.118
173000,0.030,0.860,0.110
173500,0.030,0.854,0.116
174000,0.030,0.868,0.102
174500,0.030,0.849,0.121
175000,0.030,0.853,0.117
175500,0.030,0.850,0.120
176000,0.030,0.868,0.102
176500,0.030,0.860,0.110
177000,0.030,0.850,0.120
177500,0.030,0.832,0.138
178000,0.030,0.854,0.116
178500,0.030,0.834,0.136
179000,0.030,0.840,0.130
179500,0.030,0.841,0.129
180000,0.030,0.821,0.149
180500,0.030,0.853,0.117
181000,0.030,0.860,0.110
181500,0.030,0.842,0.128
182000,0.030,0.828,0.142
182500,0.030,0.835,0.135
183000,0.030,0.864,0.106
183500,0.030,0.867,0.103
184000,0.030,0.866,0.104
184500,0.030,0.870,0.100
185000,0.030,0.860,0.110
185500,0.030,0.864,0.106
186000,0.030,0.865,0.105
186500,0.030,0.866,0.104
187000,0.030,0.878,0.092
187500,0.030,0.878,0.092
188000,0.030,0.880,0.090
188500,0.030,0.852,0.118
189000,0.030,0.855,0.115
189500,0.030,0.862,0.108
190000,0.030,0.857,0.113
190500,0.030,0.867,0.103
191000,0.030,0.865,0.105
191500,0.030,0.866,0.104
192000,0.030,0.843,0.127
192500,0.030,0.831,0.139
193000,0.030,0.832,0.138
193500,0.030,0.829,0.141
194000,0.030,0.815,0.155
194500,0.030,0.818,0.152
195000,0.030,0.840,0.130
195500,0.030,0.864,0.106
196000,0.030,0.867,0.103
196500,0.030,0.855,0.115
197000,0.030,0.864,0.106
197500,0.030,0.860,0.110
198000,0.030,0.843,0.127
198500,0.030,0.844,0.126
199000,0.030,0.839,0.131
199500,0.030,0.839,0.131
200000,0.030,0.823,0.147
200500,0.030,0.836,0.134
201000,0.030,0.836,0.134
201500,0.030,0.819,0.151
202000,0.030,0.841,0.129
202500,0.030,0.833,0.137
203000,0.030,0.840,0.130
203500,0.030,0.849,0.121
204000,0.030,0.876,0.094
204500,0.030,0.885,0.085
205000,0.030,0.858,0.112
205500,0.030,0.843,0.127
206000,0.030,0.848,0.122
206500,0.030,0.849,0.121
207000,0.030,0.856,0.114
207500,0.030,0.875,0.095
208000,0.030,0.869,0.101
208500,0.030,0.874,0.096
209000,0.030,0.857,0.113
209500,0.030,0.832,0.138
210000,0.030,0.802,0.167
210500,0.030,0.823,0.147
211000,0.030,0.854,0.116
211500,0.030,0.848,0.122
212000,0.030,0.871,0.099
212500,0.030,0.820,0.150
213000,0.030,0.849,0.121
213500,0.030,0.844,0.126
214000,0.030,0.835,0.135
214500,0.030,0.844,0.126
215000,0.030,0.855,0.115
215500,0.030,0.871,0.099
216000,0.030,0.868,0.102
216500,0.030,0.884,0.086
217000,0.030,0.889,0.081
217500,0.030,0.878,0.092
218000,0.030,0.861,0.109
218500,0.030,0.863,0.107
219000,0.030,0.856,0.114
219500,0.030,0.856,0.114
220000,0.030,0.853,0.117
220500,0.030,0.830,0.140
221000,0.030,0.807,0.163
221500,0.030,0.788,0.181
222000,0.030,0.796,0.174
222500,0.030,0.793,0.176
223000,0.030,0.806,0.163
223500,0.030,0.837,0.133
224000,0.030,0.819,0.151
224500,0.030,0.831,0.139
225000,0.030,0.831,0.139
225500,0.030,0.828,0.142
226000,0.030,0.843,0.127
226500,0.030,0.828,0.142
227000,0.030,0.834,0.136
227500,0.030,0.838,0.132
228000,0.030,0.808,0.161
228500,0.030,0.831,0.139
229000,0.030,0.842,0.128
229500,0.030,0.827,0.143
230000,0.030,0.808,0.162
230500,0.030,0.808,0.162
231000,0.030,0.825,0.145
231500,0.030,0.800,0.170
232000,0.030,0.815,0.155
232500,0.030,0.828,0.142
233000,0.030,0.804,0.166
233500,0.030,0.808,0.162
234000,0.030,0.804,0.166
234500,0.030,0.825,0.145
235000,0.030,0.814,0.156
235500,0.030,0.837,0.133
236000,0.030,0.814,0.156
236500,0.030,0.840,0.130
237000,0.030,0.844,0.126
237500,0.030,0.851,0.119
238000,0.030,0.843,0.127
238500,0.030,0.841,0.129
239000,0.030,0.823,0.147
239500,0.030,0.836,0.134
240000,0.030,0.833,0.137
240500,0.030,0.845,0.125
241000,0.030,0.820,0.150
241500,0.030,0.831,0.139
242000,0.030,0.829,0.141
242500,0.030,0.819,0.151
243000,0.030,0.847,0.123
243500,0.030,0.854,0.116
244000,0.030,0.834,0.136
244500,0.030,0.836,0.134
245000,0.030,0.836,0.134
245500,0.030,0.841,0.129
246000,0.030,0.864,0.106
246500,0.030,0.861,0.109
247000,0.030,0.850,0.120
247500,0.030,0.845,0.125
248000,0.030,0.849,0.121
248500,0.030,0.830,0.140
249000,0.030,0.805,0.164
249500,0.030,0.823,0.147
250000,0.030,0.835,0.135
250500,0.030,0.806,0.163
251000,0.030,0.842,0.128
251500,0.030,0.847,0.123
252000,0.030,0.825,0.145
252500,0.030,0.837,0.133
253000,0.030,0.831,0.139
253500,0.030,0.819,0.151
254000,0.030,0.811,0.158
254500,0.030,0.814,0.156
255000,0.030,0.827,0.143
255500,0.030,0.822,0.148
256000,0.030,0.834,0.136
256500,0.030,0.827,0.143
257000,0.030,0.803,0.167
257500,0.030,0.840,0.130
258000,0.030,0.836,0.134
258500,0.030,0.829,0.141
259000,0.030,0.843,0.127
259500,0.030,0.843,0.127
260000,0.030,0.823,0.147
260500,0.030,0.831,0.139
261000,0.030,0.823,0.147
261500,0.030,0.816,0.154
262000,0.030,0.824,0.146
262500,0.030,0.791,0.178
263000,0.030,0.799,0.171
263500,0.030,0.797,0.172
264000,0.030,0.794,0.176
264500,0.030,0.806,0.164
265000,0.030,0.838,0.132
265500,0.030,0.828,0.142
266000,0.030,0.849,0.121
266500,0.030,0.852,0.118
267000,0.030,0.824,0.146
267500,0.030,0.858,0.112
268000,0.030,0.844,0.126
268500,0.030,0.840,0.130
269000,0.030,0.882,0.088
269500,0.030,0.879,0.091
270000,0.030,0.877,0.093
270500,0.030,0.873,0.097
271000,0.030,0.873,0.097
271500,0.030,0.859,0.111
272000,0.030,0.874,0.096
272500,0.030,0.870,0.100
273000,0.030,0.860,0.110
273500,0.030,0.826,0.144
274000,0.030,0.852,0.118
274500,0.030,0.837,0.133
275000,0.030,0.806,0.164
275500,0.030,0.828,0.142
276000,0.030,0.840,0.130
276500,0.030,0.847,0.123
277000,0.030,0.853,0.117
277500,0.030,0.863,0.107
278000,0.030,0.869,0.101
278500,0.030,0.860,0.110
279000,0.030,0.859,0.111
279500,0.030,0.856,0.114
280000,0.030,0.842,0.128
280500,0.030,0.847,0.123
281000,0.030,0.864,0.106
281500,0.030,0.837,0.133
282000,0.030,0.818,0.152
282500,0.030,0.845,0.125
283000,0.030,0.838,0.132
283500,0.030,0.834,0.136
284000,0.030,0.854,0.116
284500,0.030,0.882,0.088
285000,0.030,0.879,0.091
285500,0.030,0.848,0.122
286000,0.030,0.832,0.138
286500,0.030,0.832,0.138
287000,0.030,0.845,0.125
287500,0.030,0.841,0.129
288000,0.030,0.872,0.098
288500,0.030,0.869,0.101
289000,0.030,0.852,0.118
289500,0.030,0.848,0.122
290000,0.030,0.838,0.132
290500,0.030,0.846,0.124
291000,0.030,0.828,0.142
291500,0.030,0.827,0.143
292000,0.030,0.817,0.153
292500,0.030,0.820,0.150
293000,0.030,0.835,0.135
293500,0.030,0.832,0.138
294000,0.030,0.841,0.129
294500,0.030,0.807,0.163
295000,0.030,0.829,0.141
295500,0.030,0.838,0.132
296000,0.030,0.851,0.119
296500,0.030,0.854,0.116
297000,0.030,0.869,0.101
297500,0.030,0.857,0.113
298000,0.030,0.839,0.131
298500,0.030,0.835,0.135
299000,0.030,0.861,0.109
299500,0.030,0.857,0.113
300000,0.030,0.854,0.116
300500,0.030,0.835,0.135
301000,0.030,0.864,0.106
301500,0.030,0.848,0.122
302000,0.030,0.856,0.114
302500,0.030,0.877,0.093
303000,0.030,0.877,0.093
303500,0.030,0.890,0.080
304000,0.030,0.869,0.101
304500,0.030,0.868,0.102
305000,0.030,0.867,0.103
305500,0.030,0.879,0.091
306000,0.030,0.844,0.126
306500,0.030,0.851,0.119
307000,0.030,0.860,0.110
307500,0.030,0.856,0.114
308000,0.030,0.854,0.116
308500,0.030,0.863,0.107
309000,0.030,0.837,0.133
309500,0.030,0.843,0.127
310000,0.030,0.833,0.137
310500,0.030,0.852,0.118
311000,0.030,0.846,0.124
311500,0.030,0.856,0.114
312000,0.030,0.870,0.100
312500,0.030,0.872,0.098
313000,0.030,0.869,0.101
313500,0.030,0.889,0.081
314000,0.030,0.887,0.083
314500,0.030,0.882,0.088
315000,0.030,0.873,0.097
315500,0.030,0.878,0.092
316000,0.030,0.850,0.120
316500,0.030,0.849,0.121
317000,0.030,0.873,0.097
317500,0.030,0.882,0.088
318000,0.030,0.887,0.083
318500,0.030,0.879,0.091
319000,0.030,0.877,0.093
319500,0.030,0.838,0.132
320000,0.030,0.837,0.133
320500,0.030,0.842,0.128
321000,0.030,0.826,0.144
321500,0.030,0.838,0.132
322000,0.030,0.828,0.142
322500,0.030,0.824,0.146
323000,0.030,0.852,0.118
323500,0.030,0.849,0.121
324000,0.030,0.847,0.123
324500,0.030,0.853,0.117
325000,0.030,0.855,0.115
325500,0.030,0.855,0.115
326000,0.030,0.862,0.108
326500,0.030,0.850,0.120
327000,0.030,0.826,0.144
327500,0.030,0.816,0.154
328000,0.030,0.827,0.143
328500,0.030,0.821,0.149
329000,0.030,0.846,0.124
329500,0.030,0.864,0.106
330000,0.030,0.862,0.108
330500,0.030,0.845,0.125
331000,0.030,0.853,0.117
331500,0.030,0.854,0.116
332000,0.030,0.869,0.101
332500,0.030,0.852,0.118
333000,0.030,0.874,0.096
333500,0.030,0.851,0.119
334000,0.030,0.863,0.107
334500,0.030,0.848,0.122
335000,0.030,0.854,0.116
335500,0.030,0.844,0.126
336000,0.030,0.837,0.133
336500,0.030,0.847,0.123
337000,0.030,0.841,0.129
337500,0.030,0.838,0.132
338000,0.030,0.849,0.121
338500,0.030,0.855,0.115
339000,0.030,0.871,0.099
339500,0.030,0.852,0.118
340000,0.030,0.846,0.124
340500,0.030,0.864,0.106
341000,0.030,0.834,0.136
341500,0.030,0.849,0.121
342000,0.030,0.857,0.113
342500,0.030,0.867,0.103
343000,0.030,0.857,0.113
343500,0.030,0.861,0.109
344000,0.030,0.860,0.110
344500,0.030,0.825,0.145
345000,0.030,0.807,0.162
345500,0.030,0.820,0.150
346000,0.030,0.821,0.149
346500,0.030,0.848,0.122
347000,0.030,0.856,0.114
347500,0.030,0.838,0.132
348000,0.030,0.857,0.113
348500,0.030,0.846,0.124
349000,0.030,0.844,0.126
349500,0.030,0.845,0.125
350000,0.030,0.859,0.111
350500,0.030,0.869,0.101
351000,0.030,0.850,0.120
351500,0.030,0.847,0.123
352000,0.030,0.861,0.109
352500,0.030,0.847,0.123
353000,0.030,0.835,0.135
353500,0.030,0.829,0.141
354000,0.030,0.820,0.150
354500,0.030,0.826,0.144
355000,0.030,0.825,0.145
355500,0.030,0.846,0.124
356000,0.030,0.841,0.129
356500,0.030,0.850,0.120
357000,0.030,0.869,0.101
357500,0.030,0.860,0.110
358000,0.030,0.852,0.118
358500,0.030,0.846,0.124
359000,0.030,0.835,0.135
359500,0.030,0.828,0.142
360000,0.030,0.856,0.114
360500,0.030,0.870,0.100
361000,0.030,0.854,0.116
361500,0.030,0.851,0.119
362000,0.030,0.853,0.117
362500,0.030,0.834,0.136
363000,0.030,0.834,0.136
363500,0.030,0.824,0.146
364000,0.030,0.806,0.163
364500,0.030,0.826,0.144
365000,0.030,0.856,0.114
365500,0.030,0.857,0.113
366000,0.030,0.860,0.110
366500,0.030,0.857,0.113
367000,0.030,0.867,0.103
367500,0.030,0.857,0.113
368000,0.030,0.833,0.137
368500,0.030,0.856,0.114
369000,0.030,0.862,0.108
369500,0.030,0.825,0.145
370000,0.030,0.827,0.143
370500,0.030,0.833,0.137
371000,0.030,0.846,0.124
371500,0.030,0.838,0.132
372000,0.030,0.816,0.154
372500,0.030,0.821,0.149
373000,0.030,0.826,0.144
373500,0.030,0.850,0.120
374000,0.030,0.801,0.168
374500,0.030,0.815,0.155
375000,0.030,0.807,0.163
375500,0.030,0.817,0.153
376000,0.030,0.805,0.165
376500,0.030,0.829,0.141
377000,0.030,0.842,0.128
377500,0.030,0.833,0.137
378000,0.030,0.832,0.138
378500,0.030,0.839,0.131
379000,0.030,0.862,0.108
379500,0.030,0.835,0.135
380000,0.030,0.839,0.131
380500,0.030,0.804,0.165
381000,0.030,0.814,0.156
381500,0.030,0.813,0.157
382000,0.030,0.833,0.137
382500,0.030,0.835,0.135
383000,0.030,0.818,0.152
383500,0.030,0.807,0.163
384000,0.030,0.822,0.148
384500,0.030,0.824,0.146
385000,0.030,0.834,0.136
385500,0.030,0.834,0.136
386000,0.030,0.875,0.095
386500,0.030,0.862,0.108
387000,0.030,0.871,0.099
387500,0.030,0.854,0.116
388000,0.030,0.842,0.128
388500,0.030,0.832,0.138
389000,0.030,0.816,0.154
389500,0.030,0.813,0.157
390000,0.030,0.822,0.148
390500,0.030,0.817,0.153
391000,0.030,0.824,0.146
391500,0.030,0.837,0.133
392000,0.030,0.860,0.110
392500,0.030,0.829,0.141
393000,0.030,0.858,0.112
393500,0.030,0.864,0.106
394000,0.030,0.845,0.125
394500,0.030,0.853,0.117
395000,0.030,0.846,0.124
395500,0.030,0.848,0.122
396000,0.030,0.830,0.140
396500,0.030,0.834,0.136
397000,0.030,0.849,0.121
397500,0.030,0.845,0.125
398000,0.030,0.844,0.126
398500,0.030,0.825,0.145
399000,0.030,0.834,0.136
399500,0.030,0.850,0.120
400000,0.030,0.846,0.124
400500,0.030,0.859,0.111
401000,0.030,0.860,0.110
401500,0.030,0.852,0.118
402000,0.030,0.826,0.144
402500,0.030,0.824,0.146
403000,0.030,0.810,0.160
403500,0.030,0.811,0.158
404000,0.030,0.803,0.166
404500,0.030,0.826,0.144
405000,0.030,0.836,0.134
405500,0.030,0.824,0.146
406000,0.030,0.832,0.138
406500,0.030,0.835,0.135
407000,0.030,0.825,0.145
407500,0.030,0.833,0.137
408000,0.030,0.804,0.166
408500,0.030,0.798,0.171
409000,0.030,0.806,0.164
409500,0.030,0.822,0.148
410000,0.030,0.829,0.141
410500,0.030,0.815,0.155
411000,0.030,0.828,0.142
411500,0.030,0.845,0.125
412000,0.030,0.837,0.133
412500,0.030,0.834,0.136
413000,0.030,0.820,0.150
413500,0.030,0.834,0.136
414000,0.030,0.842,0.128
414500,0.030,0.851,0.119
415000,0.030,0.850,0.120
415500,0.030,0.856,0.114
416000,0.030,0.846,0.124
416500,0.030,0.828,0.142
417000,0.030,0.826,0.144
417500,0.030,0.848,0.122
418000,0.030,0.827,0.143
418500,0.030,0.832,0.138
419000,0.030,0.834,0.136
419500,0.030,0.857,0.113
420000,0.030,0.855,0.115
420500,0.030,0.857,0.113
421000,0.030,0.849,0.121
421500,0.030,0.870,0.100
422000,0.030,0.860,0.110
422500,0.030,0.859,0.111
423000,0.030,0.830,0.140
423500,0.030,0.826,0.144
424000,0.030,0.809,0.161
424500,0.030,0.801,0.169
425000,0.030,0.821,0.149
425500,0.030,0.824,0.146
426000,0.030,0.841,0.129
426500,0.030,0.833,0.137
427000,0.030,0.852,0.118
427500,0.030,0.858,0.112
428000,0.030,0.860,0.110
428500,0.030,0.840,0.130
429000,0.030,0.859,0.111
429500,0.030,0.870,0.100
430000,0.030,0.870,0.100
430500,0.030,0.867,0.103
431000,0.030,0.848,0.122
431500,0.030,0.843,0.127
432000,0.030,0.827,0.143
432500,0.030,0.832,0.138
433000,0.030,0.818,0.152
433500,0.030,0.838,0.132
434000,0.030,0.825,0.145
434500,0.030,0.785,0.185
435000,0.030,0.784,0.185
435500,0.030,0.816,0.154
436000,0.030,0.846,0.124
436500,0.030,0.837,0.133
437000,0.030,0.851,0.119
437500,0.030,0.847,0.123
438000,0.030,0.814,0.156
438500,0.030,0.817,0.153
439000,0.030,0.814,0.156
439500,0.030,0.817,0.153
440000,0.030,0.818,0.152
440500,0.030,0.814,0.156
441000,0.030,0.831,0.139
441500,0.030,0.861,0.109
442000,0.030,0.850,0.120
442500,0.030,0.853,0.117
443000,0.030,0.845,0.125
443500,0.030,0.843,0.127
444000,0.030,0.852,0.118
444500,0.030,0.870,0.100
445000,0.030,0.870,0.100
445500,0.030,0.874,0.096
446000,0.030,0.858,0.112
446500,0.030,0.863,0.107
447000,0.030,0.837,0.133
447500,0.030,0.830,0.140
448000,0.030,0.843,0.127
448500,0.030,0.846,0.124
449000,0.030,0.847,0.123
449500,0.030,0.854,0.116
450000,0.030,0.828,0.142
450500,0.030,0.844,0.126
451000,0.030,0.839,0.131
451500,0.030,0.855,0.115
452000,0.030,0.859,0.111
452500,0.030,0.841,0.129
453000,0.030,0.833,0.137
453500,0.030,0.838,0.132
454000,0.030,0.849,0.121
454500,0.030,0.865,0.105
455000,0.030,0.849,0.121
455500,0.030,0.844,0.126
456000,0.030,0.868,0.102
456500,0.030,0.874,0.096
457000,0.030,0.859,0.111
457500,0.030,0.854,0.116
458000,0.030,0.833,0.137
458500,0.030,0.839,0.131
459000,0.030,0.839,0.131
459500,0.030,0.844,0.126
460000,0.030,0.835,0.135
460500,0.030,0.848,0.122
461000,0.030,0.838,0.132
461500,0.030,0.846,0.124
462000,0.030,0.864,0.106
462500,0.030,0.869,0.101
463000,0.030,0.882,0.088
463500,0.030,0.879,0.091
464000,0.030,0.901,0.069
464500,0.030,0.897,0.073
465000,0.030,0.876,0.094
465500,0.030,0.865,0.105
466000,0.030,0.871,0.099
466500,0.030,0.856,0.114
467000,0.030,0.870,0.100
467500,0.030,0.846,0.124
468000,0.030,0.842,0.128
468500,0.030,0.849,0.121
469000,0.030,0.847,0.123
469500,0.030,0.819,0.151
470000,0.030,0.805,0.164
470500,0.030,0.859,0.111
471000,0.030,0.857,0.113
471500,0.030,0.836,0.134
472000,0.030,0.868,0.102
472500,0.030,0.850,0.120
473000,0.030,0.872,0.098
473500,0.030,0.885,0.085
474000,0.030,0.853,0.117
474500,0.030,0.848,0.122
475000,0.030,0.837,0.133
475500,0.030,0.838,0.132
476000,0.030,0.828,0.142
476500,0.030,0.844,0.126
477000,0.030,0.833,0.137
477500,0.030,0.864,0.106
478000,0.030,0.889,0.081
478500,0.030,0.871,0.099
479000,0.030,0.844,0.126
479500,0.030,0.841,0.129
480000,0.030,0.852,0.118
480500,0.030,0.867,0.103
481000,0.030,0.867,0.103
481500,0.030,0.848,0.122
482000,0.030,0.835,0.135
482500,0.030,0.841,0.129
483000,0.030,0.841,0.129
483500,0.030,0.841,0.129
484000,0.030,0.826,0.144
484500,0.030,0.849,0.121
485000,0.030,0.849,0.121
485500,0.030,0.832,0.138
486000,0.030,0.821,0.149
486500,0.030,0.818,0.152
487000,0.030,0.850,0.120
487500,0.030,0.842,0.128
488000,0.030,0.853,0.117
488500,0.030,0.860,0.110
489000,0.030,0.893,0.077
489500,0.030,0.892,0.078
490000,0.030,0.886,0.084
490500,0.030,0.867,0.103
491000,0.030,0.863,0.107
491500,0.030,0.846,0.124
492000,0.030,0.826,0.144
492500,0.030,0.813,0.157
493000,0.030,0.835,0.135
493500,0.030,0.849,0.121
494000,0.030,0.858,0.112
494500,0.030,0.866,0.104
495000,0.030,0.820,0.150
495500,0.030,0.829,0.141
496000,0.030,0.848,0.122
496500,0.030,0.814,0.156
497000,0.030,0.809,0.161
497500,0.030,0.847,0.123
498000,0.030,0.852,0.118
498500,0.030,0.857,0.113
499000,0.030,0.850,0.120
499500,0.030,0.859,0.111
500000,0.030,0.873,0.097
500500,0.030,0.879,0.091
501000,0.030,0.863,0.107
501500,0.030,0.860,0.110
502000,0.030,0.880,0.090
502500,0.030,0.868,0.102
503000,0.030,0.875,0.095
503500,0.030,0.866,0.104
504000,0.030,0.883,0.087
504500,0.030,0.868,0.102
505000,0.030,0.878,0.092
505500,0.030,0.881,0.089
506000,0.030,0.838,0.132
506500,0.030,0.875,0.095
507000,0.030,0.840,0.130
507500,0.030,0.823,0.147
508000,0.030,0.835,0.135
508500,0.030,0.820,0.150
509000,0.030,0.810,0.159
509500,0.030,0.819,0.151
510000,0.030,0.811,0.159
510500,0.030,0.817,0.153
511000,0.030,0.831,0.139
511500,0.030,0.820,0.150
512000,0.030,0.824,0.146
512500,0.030,0.823,0.147
513000,0.030,0.836,0.134
513500,0.030,0.866,0.104
514000,0.030,0.860,0.110
514500,0.030,0.859,0.111
515000,0.030,0.851,0.119
515500,0.030,0.856,0.114
516000,0.030,0.839,0.131
516500,0.030,0.823,0.147
517000,0.030,0.824,0.146
517500,0.030,0.827,0.143
518000,0.030,0.817,0.153
518500,0.030,0.774,0.196
519000,0.030,0.815,0.155
519500,0.030,0.834,0.136
520000,0.030,0.826,0.144
520500,0.030,0.861,0.109
521000,0.030,0.861,0.109
521500,0.030,0.865,0.105
522000,0.030,0.854,0.116
522500,0.030,0.819,0.151
523000,0.030,0.836,0.134
523500,0.030,0.831,0.139
524000,0.030,0.841,0.129
524500,0.030,0.847,0.123
525000,0.030,0.838,0.132
525500,0.030,0.810,0.159
526000,0.030,0.838,0.132
526500,0.030,0.856,0.114
527000,0.030,0.866,0.104
527500,0.030,0.864,0.106
528000,0.030,0.865,0.105
528500,0.030,0.872,0.098
529000,0.030,0.875,0.095
529500,0.030,0.856,0.114
530000,0.030,0.859,0.111
530500,0.030,0.863,0.107
531000,0.030,0.848,0.122
531500,0.030,0.863,0.107
532000,0.030,0.859,0.111
532500,0.030,0.870,0.100
533000,0.030,0.852,0.118
533500,0.030,0.843,0.127
534000,0.030,0.831,0.139
534500,0.030,0.836,0.134
535000,0.030,0.834,0.136
535500,0.030,0.833,0.137
536000,0.030,0.841,0.129
536500,0.030,0.827,0.143
537000,0.030,0.839,0.131
537500,0.030,0.843,0.127
538000,0.030,0.836,0.134
538500,0.030,0.830,0.140
539000,0.030,0.831,0.139
539500,0.030,0.850,0.120
540000,0.030,0.824,0.146
540500,0.031,0.839,0.130
541000,0.031,0.847,0.122
541500,0.030,0.862,0.108
542000,0.030,0.863,0.107
542500,0.030,0.849,0.121
543000,0.030,0.841,0.129
543500,0.030,0.822,0.148
544000,0.030,0.861,0.109
544500,0.030,0.866,0.104
545000,0.030,0.869,0.101
545500,0.030,0.848,0.122
546000,0.031,0.854,0.115
546500,0.030,0.847,0.123
547000,0.030,0.832,0.138
547500,0.030,0.863,0.107
548000,0.030,0.850,0.120
548500,0.030,0.851,0.119
549000,0.030,0.863,0.107
549500,0.030,0.863,0.107
550000,0.030,0.838,0.132
550500,0.030,0.850,0.120
551000,0.030,0.829,0.141
551500,0.030,0.859,0.111
552000,0.030,0.853,0.117
552500,0.030,0.845,0.125
553000,0.030,0.863,0.107
553500,0.030,0.829,0.141
554000,0.030,0.803,0.166
554500,0.030,0.799,0.170
555000,0.030,0.792,0.177
555500,0.030,0.782,0.188
556000,0.030,0.801,0.169
556500,0.030,0.808,0.161
557000,0.030,0.815,0.155
557500,0.030,0.814,0.156
558000,0.030,0.812,0.157
558500,0.030,0.836,0.134
559000,0.030,0.833,0.137
559500,0.030,0.839,0.131
560000,0.030,0.860,0.110
560500,0.030,0.867,0.103
561000,0.030,0.828,0.142
561500,0.030,0.831,0.139
562000,0.030,0.819,0.151
562500,0.030,0.816,0.154
563000,0.030,0.836,0.134
563500,0.030,0.851,0.119
564000,0.030,0.831,0.139
564500,0.030,0.829,0.141
565000,0.030,0.832,0.138
565500,0.030,0.827,0.143
566000,0.030,0.865,0.105
566500,0.030,0.879,0.091
567000,0.030,0.870,0.100
567500,0.030,0.882,0.088
568000,0.030,0.876,0.094
568500,0.030,0.832,0.138
569000,0.030,0.818,0.152
569500,0.030,0.840,0.130
570000,0.030,0.828,0.142
570500,0.030,0.828,0.142
571000,0.030,0.833,0.137
571500,0.030,0.831,0.139
572000,0.030,0.858,0.112
572500,0.030,0.875,0.095
573000,0.030,0.882,0.088
573500,0.030,0.873,0.097
574000,0.030,0.893,0.077
574500,0.030,0.871,0.099
575000,0.030,0.831,0.139
575500,0.030,0.838,0.132
576000,0.030,0.836,0.134
576500,0.030,0.846,0.124
577000,0.030,0.846,0.124
577500,0.030,0.843,0.127
578000,0.030,0.836,0.134
578500,0.030,0.857,0.113
579000,0.030,0.867,0.103
579500,0.030,0.840,0.130
580000,0.030,0.842,0.128
580500,0.030,0.834,0.136
581000,0.030,0.821,0.149
581500,0.030,0.836,0.134
582000,0.030,0.803,0.166
582500,0.030,0.809,0.161
583000,0.030,0.809,0.160
583500,0.030,0.807,0.163
584000,0.030,0.849,0.121
584500,0.030,0.839,0.131
585000,0.030,0.811,0.158
585500,0.030,0.814,0.156
586000,0.030,0.834,0.136
586500,0.030,0.840,0.130
587000,0.030,0.850,0.120
587500,0.030,0.853,0.117
588000,0.030,0.833,0.137
588500,0.030,0.836,0.134
589000,0.030,0.830,0.140
589500,0.030,0.836,0.134
590000,0.030,0.794,0.176
590500,0.030,0.800,0.169
591000,0.030,0.819,0.151
591500,0.030,0.799,0.171
592000,0.030,0.821,0.149
592500,0.030,0.853,0.117
593000,0.030,0.871,0.099
593500,0.030,0.868,0.102
594000,0.030,0.865,0.105
594500,0.030,0.851,0.119
595000,0.030,0.837,0.133
595500,0.030,0.808,0.162
596000,0.030,0.811,0.158
596500,0.030,0.845,0.125
597000,0.030,0.846,0.124
597500,0.030,0.841,0.129
598000,0.030,0.840,0.130
598500,0.030,0.843,0.127
599000,0.030,0.832,0.138
599500,0.030,0.809,0.161
600000,0.030,0.825,0.145
600500,0.030,0.805,0.165
601000,0.030,0.837,0.133
601500,0.030,0.833,0.137
602000,0.030,0.865,0.105
602500,0.030,0.859,0.111
603000,0.030,0.861,0.109
603500,0.030,0.856,0.114
604000,0.030,0.853,0.117
604500,0.030,0.875,0.095
605000,0.030,0.836,0.134
605500,0.030,0.837,0.133
606000,0.030,0.836,0.134
606500,0.030,0.835,0.135
607000,0.030,0.843,0.127
607500,0.030,0.858,0.112
608000,0.030,0.847,0.123
608500,0.030,0.848,0.122
609000,0.030,0.846,0.124
609500,0.030,0.872,0.098
610000,0.030,0.873,0.097
610500,0.030,0.845,0.125
611000,0.030,0.844,0.126
611500,0.030,0.847,0.123
612000,0.030,0.847,0.123
612500,0.030,0.821,0.149
613000,0.030,0.843,0.127
613500,0.030,0.828,0.142
614000,0.030,0.831,0.139
614500,0.030,0.836,0.134
615000,0.030,0.811,0.158
615500,0.030,0.825,0.145
616000,0.030,0.830,0.140
616500,0.030,0.834,0.136
617000,0.030,0.843,0.127
617500,0.030,0.843,0.127
618000,0.030,0.841,0.129
618500,0.030,0.843,0.127
619000,0.030,0.869,0.101
619500,0.030,0.872,0.098
620000,0.030,0.872,0.098
620500,0.030,0.862,0.108
621000,0.030,0.866,0.104
621500,0.030,0.858,0.112
622000,0.030,0.860,0.110
622500,0.030,0.868,0.102
623000,0.030,0.880,0.090
623500,0.030,0.877,0.093
624000,0.030,0.864,0.106
624500,0.030,0.844,0.126
625000,0.030,0.826,0.144
625500,0.030,0.822,0.148
626000,0.030,0.836,0.134
626500,0.030,0.826,0.144
627000,0.030,0.831,0.139
627500,0.030,0.839,0.131
628000,0.030,0.863,0.107
628500,0.030,0.864,0.106
629000,0.030,0.860,0.110
629500,0.030,0.859,0.111
630000,0.030,0.862,0.108
630500,0.030,0.876,0.094
631000,0.030,0.877,0.093
631500,0.030,0.866,0.104
632000,0.030,0.852,0.118
632500,0.030,0.849,0.121
633000,0.030,0.853,0.117
633500,0.030,0.858,0.112
634000,0.030,0.870,0.100
634500,0.030,0.856,0.114
635000,0.030,0.850,0.120
635500,0.030,0.850,0.120
636000,0.030,0.876,0.094
636500,0.030,0.866,0.104
637000,0.030,0.849,0.121
637500,0.030,0.819,0.151
638000,0.030,0.829,0.141
638500,0.030,0.839,0.131
639000,0.030,0.832,0.138
639500,0.030,0.820,0.150
640000,0.030,0.841,0.129
640500,0.030,0.849,0.121
641000,0.030,0.833,0.137
641500,0.030,0.837,0.133
642000,0.030,0.843,0.127
642500,0.030,0.862,0.108
643000,0.030,0.876,0.094
643500,0.030,0.892,0.078
644000,0.030,0.881,0.089
644500,0.030,0.866,0.104
645000,0.030,0.860,0.110
645500,0.030,0.831,0.139
646000,0.030,0.832,0.138
646500,0.030,0.853,0.117
647000,0.030,0.862,0.108
647500,0.030,0.861,0.109
648000,0.030,0.856,0.114
648500,0.030,0.848,0.122
649000,0.030,0.836,0.134
649500,0.030,0.845,0.125
650000,0.030,0.816,0.154
650500,0.030,0.797,0.173
651000,0.030,0.788,0.182
651500,0.030,0.834,0.136
652000,0.030,0.831,0.139
652500,0.030,0.806,0.164
653000,0.030,0.805,0.164
653500,0.030,0.797,0.172
654000,0.030,0.820,0.150
654500,0.030,0.820,0.150
655000,0.030,0.819,0.151
655500,0.030,0.815,0.155
656000,0.030,0.804,0.166
656500,0.030,0.802,0.168
657000,0.030,0.816,0.154
657500,0.030,0.843,0.127
658000,0.030,0.859,0.111
658500,0.030,0.829,0.141
659000,0.030,0.863,0.107
659500,0.030,0.851,0.119
660000,0.030,0.841,0.129
660500,0.030,0.836,0.134
661000,0.030,0.839,0.131
661500,0.030,0.857,0.113
662000,0.030,0.820,0.150
662500,0.030,0.827,0.143
663000,0.030,0.818,0.152
663500,0.030,0.813,0.157
664000,0.030,0.818,0.152
664500,0.030,0.813,0.157
665000,0.030,0.769,0.201
665500,0.030,0.773,0.197
666000,0.030,0.790,0.180
666500,0.030,0.800,0.170
667000,0.030,0.837,0.133
667500,0.030,0.836,0.134
668000,0.030,0.812,0.157
668500,0.030,0.811,0.158
669000,0.030,0.835,0.135
669500,0.030,0.837,0.133
670000,0.030,0.842,0.128
670500,0.030,0.806,0.163
671000,0.030,0.813,0.157
671500,0.030,0.829,0.141
672000,0.030,0.861,0.109
672500,0.030,0.872,0.098
673000,0.030,0.856,0.114
673500,0.030,0.862,0.108
674000,0.030,0.855,0.115
674500,0.030,0.890,0.080
675000,0.030,0.880,0.090
675500,0.031,0.877,0.092
676000,0.030,0.873,0.097
676500,0.030,0.879,0.091
677000,0.030,0.886,0.084
677500,0.030,0.863,0.107
678000,0.030,0.862,0.108
678500,0.030,0.846,0.124
679000,0.030,0.847,0.123
679500,0.030,0.839,0.131
680000,0.030,0.807,0.163
680500,0.030,0.808,0.161
681000,0.030,0.812,0.158
681500,0.030,0.814,0.156
682000,0.030,0.817,0.153
682500,0.030,0.844,0.126
683000,0.030,0.838,0.132
683500,0.030,0.825,0.145
684000,0.030,0.830,0.140
684500,0.030,0.827,0.143
685000,0.030,0.851,0.119
685500,0.030,0.844,0.126
686000,0.030,0.844,0.126
686500,0.030,0.849,0.121
687000,0.030,0.861,0.109
687500,0.030,0.858,0.112
688000,0.030,0.863,0.107
688500,0.030,0.863,0.107
689000,0.030,0.842,0.128
689500,0.030,0.835,0.135
690000,0.030,0.842,0.128
690500,0.030,0.862,0.108
691000,0.030,0.859,0.111
691500,0.030,0.843,0.127
692000,0.030,0.838,0.132
692500,0.030,0.843,0.127
693000,0.030,0.863,0.107
693500,0.030,0.854,0.116
694000,0.030,0.867,0.103
694500,0.030,0.844,0.126
695000,0.030,0.861,0.109
695500,0.030,0.851,0.119
696000,0.030,0.838,0.132
696500,0.030,0.826,0.144
697000,0.030,0.838,0.132
697500,0.030,0.834,0.136
698000,0.030,0.817,0.153
698500,0.030,0.818,0.152
699000,0.030,0.855,0.115
699500,0.030,0.852,0.118
700000,0.032,0.840,0.129
700500,0.030,0.844,0.126
701000,0.030,0.851,0.119
701500,0.030,0.821,0.149
702000,0.030,0.814,0.156
702500,0.030,0.860,0.110
703000,0.030,0.886,0.084
703500,0.030,0.875,0.095
704000,0.030,0.827,0.143
704500,0.030,0.829,0.141
705000,0.030,0.835,0.135
705500,0.030,0.848,0.122
706000,0.030,0.830,0.140
706500,0.030,0.835,0.135
707000,0.030,0.870,0.100
707500,0.030,0.890,0.080
708000,0.030,0.880,0.090
708500,0.030,0.889,0.081
709000,0.030,0.899,0.071
709500,0.030,0.887,0.083
710000,0.030,0.896,0.074
710500,0.030,0.881,0.089
711000,0.030,0.866,0.104
711500,0.030,0.843,0.127
712000,0.030,0.830,0.140
712500,0.030,0.815,0.155
713000,0.030,0.810,0.160
713500,0.030,0.800,0.170
714000,0.030,0.795,0.174
714500,0.030,0.823,0.147
715000,0.030,0.844,0.126
715500,0.030,0.846,0.124
716000,0.030,0.822,0.148
716500,0.030,0.809,0.161
717000,0.030,0.790,0.179
717500,0.030,0.790,0.179
718000,0.030,0.794,0.176
718500,0.030,0.778,0.192
719000,0.030,0.802,0.168
719500,0.030,0.821,0.149
720000,0.030,0.836,0.134
720500,0.030,0.835,0.135
721000,0.030,0.822,0.148
721500,0.030,0.816,0.154
722000,0.030,0.801,0.168
722500,0.030,0.802,0.167
723000,0.030,0.820,0.150
723500,0.030,0.846,0.124
724000,0.030,0.839,0.131
724500,0.030,0.831,0.139
725000,0.030,0.857,0.113
725500,0.030,0.873,0.097
726000,0.030,0.869,0.101
726500,0.030,0.872,0.098
727000,0.030,0.862,0.108
727500,0.030,0.861,0.109
728000,0.030,0.851,0.119
728500,0.030,0.840,0.130
729000,0.030,0.849,0.121
729500,0.030,0.855,0.115
730000,0.030,0.904,0.066
730500,0.030,0.897,0.073
731000,0.030,0.875,0.095
731500,0.030,0.856,0.114
732000,0.030,0.841,0.129
732500,0.030,0.831,0.139
733000,0.030,0.839,0.131
733500,0.030,0.859,0.111
734000,0.030,0.882,0.088
734500,0.030,0.876,0.094
735000,0.030,0.884,0.086
735500,0.030,0.874,0.096
736000,0.030,0.836,0.134
736500,0.030,0.814,0.156
737000,0.030,0.835,0.135
737500,0.030,0.837,0.133
738000,0.030,0.835,0.135
738500,0.030,0.817,0.153
739000,0.030,0.854,0.116
739500,0.030,0.841,0.129
740000,0.030,0.847,0.123
740500,0.030,0.852,0.118
741000,0.030,0.826,0.144
741500,0.030,0.838,0.132
742000,0.030,0.834,0.136
742500,0.030,0.828,0.142
743000,0.030,0.828,0.142
743500,0.030,0.827,0.143
744000,0.030,0.843,0.127
744500,0.030,0.840,0.130
745000,0.030,0.855,0.115
745500,0.030,0.865,0.105
746000,0.030,0.868,0.102
746500,0.030,0.840,0.130
747000,0.030,0.819,0.151
747500,0.030,0.826,0.144
748000,0.030,0.792,0.178
748500,0.030,0.807,0.163
749000,0.030,0.838,0.132
749500,0.030,0.845,0.125
750000,0.030,0.866,0.104
750500,0.030,0.866,0.104
751000,0.030,0.841,0.129
751500,0.030,0.827,0.143
752000,0.030,0.823,0.147
752500,0.030,0.845,0.125
753000,0.030,0.842,0.128
753500,0.030,0.850,0.120
754000,0.030,0.858,0.112
754500,0.030,0.842,0.128
755000,0.030,0.852,0.118
755500,0.030,0.843,0.127
756000,0.030,0.815,0.155
756500,0.030,0.820,0.150
757000,0.030,0.804,0.165
757500,0.030,0.851,0.119
758000,0.030,0.843,0.127
758500,0.030,0.841,0.129
759000,0.030,0.835,0.135
759500,0.030,0.825,0.145
760000,0.030,0.844,0.126
760500,0.030,0.819,0.151
761000,0.030,0.827,0.143
761500,0.030,0.836,0.134
762000,0.030,0.817,0.153
762500,0.030,0.833,0.137
763000,0.030,0.831,0.139
763500,0.030,0.818,0.152
764000,0.030,0.833,0.137
764500,0.030,0.829,0.141
765000,0.030,0.823,0.147
765500,0.030,0.826,0.144
766000,0.030,0.798,0.171
766500,0.030,0.800,0.169
767000,0.030,0.830,0.140
767500,0.030,0.816,0.154
768000,0.030,0.826,0.144
768500,0.030,0.837,0.133
769000,0.030,0.851,0.119
769500,0.030,0.830,0.140
770000,0.030,0.846,0.124
770500,0.030,0.834,0.136
771000,0.030,0.858,0.112
771500,0.030,0.870,0.100
772000,0.030,0.863,0.107
772500,0.030,0.841,0.129
773000,0.030,0.834,0.136
773500,0.030,0.828,0.142
774000,0.030,0.861,0.109
774500,0.030,0.843,0.127
775000,0.030,0.823,0.147
775500,0.030,0.816,0.154
776000,0.030,0.841,0.129
776500,0.030,0.834,0.136
777000,0.030,0.815,0.155
777500,0.030,0.825,0.145
778000,0.030,0.857,0.113
778500,0.030,0.858,0.112
779000,0.030,0.855,0.115
779500,0.030,0.845,0.125
780000,0.030,0.870,0.100
780500,0.030,0.866,0.104
781000,0.030,0.850,0.120
781500,0.030,0.853,0.117
782000,0.030,0.844,0.126
782500,0.030,0.849,0.121
783000,0.030,0.879,0.091
783500,0.030,0.838,0.132
784000,0.030,0.847,0.123
784500,0.030,0.858,0.112
785000,0.030,0.837,0.133
785500,0.030,0.839,0.131
786000,0.030,0.851,0.119
786500,0.030,0.799,0.171
787000,0.030,0.812,0.158
787500,0.030,0.831,0.139
788000,0.030,0.821,0.149
788500,0.030,0.829,0.141
789000,0.030,0.833,0.137
789500,0.030,0.831,0.139
790000,0.030,0.805,0.164
790500,0.030,0.831,0.139
791000,0.030,0.822,0.148
791500,0.030,0.846,0.124
792000,0.030,0.842,0.128
792500,0.030,0.830,0.140
793000,0.030,0.851,0.119
793500,0.030,0.879,0.091
794000,0.030,0.870,0.100
794500,0.030,0.852,0.118
795000,0.030,0.855,0.115
795500,0.030,0.828,0.142
796000,0.030,0.824,0.146
796500,0.030,0.838,0.132
797000,0.030,0.851,0.119
797500,0.030,0.843,0.127
798000,0.030,0.846,0.124
798500,0.030,0.874,0.096
799000,0.030,0.850,0.120
799500,0.030,0.845,0.125
800000,0.030,0.830,0.140
800500,0.030,0.823,0.147
801000,0.030,0.835,0.135
801500,0.030,0.840,0.130
802000,0.030,0.832,0.138
802500,0.030,0.835,0.135
803000,0.030,0.815,0.155
803500,0.030,0.821,0.149
804000,0.030,0.832,0.138
804500,0.030,0.844,0.126
805000,0.030,0.857,0.113
805500,0.030,0.854,0.116
806000,0.030,0.831,0.139
806500,0.030,0.844,0.126
807000,0.030,0.841,0.129
807500,0.030,0.820,0.150
808000,0.030,0.812,0.158
808500,0.030,0.811,0.159
809000,0.030,0.831,0.139
809500,0.030,0.823,0.147
810000,0.030,0.801,0.169
810500,0.030,0.808,0.161
811000,0.030,0.811,0.158
811500,0.030,0.810,0.160
812000,0.030,0.822,0.148
812500,0.030,0.809,0.161
813000,0.030,0.768,0.202
813500,0.030,0.787,0.183
814000,0.030,0.797,0.172
814500,0.030,0.808,0.161
815000,0.030,0.805,0.164
815500,0.030,0.818,0.152
816000,0.030,0.863,0.107
816500,0.030,0.866,0.104
817000,0.030,0.873,0.097
817500,0.030,0.854,0.116
818000,0.030,0.850,0.120
818500,0.030,0.849,0.121
819000,0.030,0.878,0.092
819500,0.030,0.879,0.091
820000,0.030,0.845,0.125
820500,0.030,0.846,0.124
821000,0.030,0.834,0.136
821500,0.030,0.854,0.116
822000,0.030,0.851,0.119
822500,0.030,0.825,0.145
823000,0.030,0.831,0.139
823500,0.030,0.837,0.133
824000,0.030,0.823,0.147
824500,0.030,0.847,0.123
825000,0.030,0.829,0.141
825500,0.030,0.827,0.143
826000,0.030,0.845,0.125
826500,0.030,0.846,0.124
827000,0.030,0.841,0.129
827500,0.030,0.836,0.134
828000,0.030,0.830,0.140
828500,0.030,0.856,0.114
829000,0.030,0.842,0.128
829500,0.030,0.830,0.140
830000,0.030,0.818,0.152
830500,0.030,0.836,0.134
831000,0.032,0.854,0.114
831500,0.030,0.853,0.117
832000,0.030,0.858,0.112
832500,0.030,0.865,0.105
833000,0.030,0.858,0.112
833500,0.030,0.827,0.143
834000,0.030,0.812,0.158
834500,0.030,0.807,0.163
835000,0.030,0.814,0.156
835500,0.030,0.826,0.144
836000,0.030,0.822,0.148
836500,0.030,0.815,0.155
837000,0.030,0.825,0.145
837500,0.030,0.817,0.153
838000,0.030,0.822,0.148
838500,0.030,0.818,0.152
839000,0.030,0.805,0.164
839500,0.030,0.817,0.153
840000,0.030,0.839,0.131
840500,0.030,0.850,0.120
841000,0.030,0.838,0.132
841500,0.030,0.861,0.109
842000,0.030,0.828,0.142
842500,0.030,0.856,0.114
843000,0.030,0.858,0.112
843500,0.030,0.850,0.120
844000,0.030,0.867,0.103
844500,0.030,0.881,0.089
845000,0.030,0.889,0.081
845500,0.030,0.871,0.099
846000,0.030,0.855,0.115
846500,0.030,0.849,0.121
847000,0.030,0.857,0.113
847500,0.030,0.868,0.102
848000,0.030,0.880,0.090
848500,0.030,0.896,0.074
849000,0.030,0.850,0.120
849500,0.030,0.850,0.120
850000,0.030,0.837,0.133
850500,0.030,0.825,0.145
851000,0.030,0.820,0.150
851500,0.030,0.847,0.123
852000,0.030,0.863,0.107
852500,0.030,0.845,0.125
853000,0.030,0.825,0.145
853500,0.030,0.823,0.147
854000,0.030,0.811,0.159
854500,0.030,0.821,0.149
855000,0.030,0.827,0.143
855500,0.030,0.816,0.154
856000,0.030,0.809,0.160
856500,0.030,0.822,0.148
857000,0.030,0.833,0.137
857500,0.030,0.835,0.135
858000,0.030,0.815,0.155
858500,0.030,0.819,0.151
859000,0.030,0.816,0.154
859500,0.030,0.824,0.146
860000,0.030,0.861,0.109
860500,0.030,0.866,0.104
861000,0.030,0.868,0.102
861500,0.030,0.848,0.122
862000,0.030,0.851,0.119
862500,0.030,0.849,0.121
863000,0.030,0.844,0.126
863500,0.030,0.823,0.147
864000,0.030,0.812,0.158
864500,0.030,0.839,0.131
865000,0.030,0.823,0.147
865500,0.030,0.791,0.179
866000,0.030,0.785,0.184
866500,0.030,0.794,0.176
867000,0.030,0.780,0.190
867500,0.030,0.794,0.175
868000,0.030,0.819,0.151
868500,0.030,0.843,0.127
869000,0.030,0.805,0.164
869500,0.030,0.796,0.173
870000,0.030,0.818,0.152
870500,0.030,0.865,0.105
871000,0.030,0.860,0.110
871500,0.030,0.855,0.115
872000,0.030,0.827,0.143
872500,0.030,0.833,0.137
873000,0.030,0.834,0.136
873500,0.030,0.827,0.143
874000,0.030,0.849,0.121
874500,0.030,0.841,0.129
875000,0.030,0.821,0.149
875500,0.030,0.826,0.144
876000,0.030,0.841,0.129
876500,0.030,0.850,0.120
877000,0.030,0.849,0.121
877500,0.030,0.854,0.116
878000,0.030,0.865,0.105
878500,0.030,0.861,0.109
879000,0.030,0.866,0.104
879500,0.030,0.851,0.119
880000,0.030,0.863,0.107
880500,0.030,0.872,0.098
881000,0.030,0.850,0.120
881500,0.030,0.845,0.125
882000,0.030,0.854,0.116
882500,0.030,0.844,0.126
883000,0.030,0.874,0.096
883500,0.030,0.876,0.094
884000,0.030,0.865,0.105
884500,0.030,0.865,0.105
885000,0.030,0.884,0.086
885500,0.030,0.903,0.067
886000,0.030,0.850,0.120
886500,0.030,0.847,0.123
887000,0.030,0.820,0.150
887500,0.030,0.828,0.142
888000,0.030,0.828,0.142
888500,0.030,0.855,0.115
889000,0.030,0.849,0.121
889500,0.030,0.859,0.111
890000,0.030,0.838,0.132
890500,0.030,0.846,0.124
891000,0.030,0.841,0.129
891500,0.030,0.855,0.115
892000,0.030,0.884,0.086
892500,0.030,0.828,0.142
893000,0.030,0.845,0.125
893500,0.030,0.833,0.137
894000,0.030,0.824,0.146
894500,0.030,0.843,0.127
895000,0.030,0.843,0.127
895500,0.030,0.831,0.139
896000,0.030,0.834,0.136
896500,0.030,0.840,0.130
897000,0.030,0.845,0.125
897500,0.030,0.849,0.121
898000,0.030,0.852,0.118
898500,0.030,0.838,0.132
899000,0.030,0.836,0.134
899500,0.030,0.868,0.102
900000,0.030,0.874,0.096
900500,0.030,0.863,0.107
901000,0.030,0.862,0.108
901500,0.030,0.874,0.096
902000,0.030,0.879,0.091
902500,0.030,0.876,0.094
903000,0.030,0.868,0.102
903500,0.030,0.845,0.125
904000,0.030,0.860,0.110
904500,0.030,0.843,0.127
905000,0.030,0.843,0.127
905500,0.030,0.856,0.114
906000,0.030,0.858,0.112
906500,0.030,0.845,0.125
907000,0.030,0.836,0.134
907500,0.030,0.857,0.113
908000,0.030,0.870,0.100
908500,0.030,0.852,0.118
909000,0.030,0.858,0.112
909500,0.030,0.851,0.119
910000,0.030,0.840,0.130
910500,0.030,0.862,0.108
911000,0.030,0.857,0.113
911500,0.030,0.857,0.113
912000,0.030,0.829,0.141
912500,0.030,0.833,0.137
913000,0.030,0.845,0.125
913500,0.030,0.848,0.122
914000,0.030,0.860,0.110
914500,0.030,0.842,0.128
915000,0.030,0.847,0.123
915500,0.030,0.840,0.130
916000,0.030,0.822,0.148
916500,0.030,0.818,0.152
917000,0.030,0.813,0.157
917500,0.030,0.833,0.137
918000,0.030,0.833,0.137
918500,0.030,0.823,0.147
919000,0.030,0.834,0.136
919500,0.030,0.852,0.118
920000,0.030,0.866,0.104
920500,0.030,0.878,0.092
921000,0.030,0.849,0.121
921500,0.030,0.811,0.158
922000,0.030,0.833,0.137
922500,0.030,0.847,0.123
923000,0.030,0.815,0.155
923500,0.030,0.812,0.157
924000,0.030,0.823,0.147
924500,0.030,0.808,0.162
925000,0.030,0.824,0.146
925500,0.030,0.857,0.113
926000,0.030,0.847,0.123
926500,0.030,0.853,0.117
927000,0.030,0.861,0.109
927500,0.030,0.838,0.132
928000,0.030,0.814,0.156
928500,0.030,0.813,0.157
929000,0.030,0.823,0.147
929500,0.030,0.834,0.136
930000,0.030,0.832,0.138
930500,0.030,0.809,0.160
931000,0.030,0.805,0.165
931500,0.030,0.802,0.167
932000,0.030,0.809,0.161
932500,0.030,0.800,0.170
933000,0.030,0.806,0.163
933500,0.030,0.826,0.144
934000,0.030,0.841,0.129
934500,0.030,0.833,0.137
935000,0.030,0.831,0.139
935500,0.030,0.835,0.135
936000,0.030,0.827,0.143
936500,0.030,0.814,0.156
937000,0.030,0.827,0.143
937500,0.030,0.859,0.111
938000,0.030,0.846,0.124
938500,0.030,0.836,0.134
939000,0.030,0.867,0.103
939500,0.030,0.843,0.127
940000,0.030,0.806,0.163
940500,0.030,0.821,0.149
941000,0.030,0.801,0.168
941500,0.030,0.802,0.167
942000,0.030,0.796,0.173
942500,0.030,0.839,0.131
943000,0.030,0.866,0.104
943500,0.030,0.861,0.109
944000,0.030,0.862,0.108
944500,0.030,0.881,0.089
945000,0.030,0.868,0.102
945500,0.030,0.867,0.103
946000,0.030,0.878,0.092
946500,0.030,0.866,0.104
947000,0.030,0.874,0.096
947500,0.030,0.851,0.119
948000,0.030,0.844,0.126
948500,0.030,0.853,0.117
949000,0.030,0.857,0.113
949500,0.030,0.838,0.132
950000,0.030,0.837,0.133
950500,0.030,0.840,0.130
951000,0.030,0.833,0.137
951500,0.030,0.808,0.162
952000,0.030,0.802,0.168
952500,0.030,0.814,0.156
953000,0.030,0.810,0.159
953500,0.030,0.829,0.141
954000,0.030,0.817,0.153
954500,0.030,0.805,0.164
955000,0.030,0.807,0.162
955500,0.030,0.825,0.145
956000,0.030,0.866,0.104
956500,0.030,0.851,0.119
957000,0.030,0.858,0.112
957500,0.030,0.838,0.132
958000,0.030,0.854,0.116
958500,0.030,0.841,0.129
959000,0.030,0.842,0.128
959500,0.030,0.831,0.139
960000,0.030,0.828,0.142
960500,0.030,0.828,0.142
961000,0.030,0.789,0.181
961500,0.030,0.807,0.162
962000,0.030,0.802,0.168
962500,0.030,0.829,0.141
963000,0.030,0.841,0.129
963500,0.030,0.872,0.098
964000,0.030,0.855,0.115
964500,0.030,0.836,0.134
965000,0.030,0.849,0.121
965500,0.030,0.851,0.119
966000,0.030,0.853,0.117
966500,0.030,0.836,0.134
967000,0.030,0.836,0.134
967500,0.030,0.827,0.143
968000,0.030,0.821,0.149
968500,0.030,0.824,0.146
969000,0.030,0.868,0.102
969500,0.030,0.857,0.113
970000,0.030,0.846,0.124
970500,0.030,0.857,0.113
971000,0.030,0.827,0.143
971500,0.030,0.834,0.136
972000,0.030,0.846,0.124
972500,0.030,0.857,0.113
973000,0.030,0.858,0.112
973500,0.030,0.869,0.101
974000,0.030,0.880,0.090
974500,0.030,0.882,0.088
975000,0.030,0.861,0.109
975500,0.030,0.858,0.112
976000,0.030,0.858,0.112
976500,0.030,0.860,0.110
977000,0.030,0.835,0.135
977500,0.030,0.828,0.142
978000,0.030,0.807,0.162
978500,0.030,0.838,0.132
979000,0.030,0.872,0.098
979500,0.030,0.854,0.116
980000,0.030,0.851,0.119
980500,0.030,0.857,0.113
981000,0.030,0.849,0.121
981500,0.030,0.839,0.131
982000,0.030,0.831,0.139
982500,0.030,0.835,0.135
983000,0.030,0.835,0.135
983500,0.030,0.812,0.158
984000,0.030,0.812,0.158
984500,0.030,0.837,0.133
985000,0.030,0.831,0.139
985500,0.030,0.845,0.125
986000,0.030,0.859,0.111
986500,0.030,0.869,0.101
987000,0.030,0.862,0.108
987500,0.030,0.852,0.118
988000,0.030,0.850,0.120
988500,0.030,0.841,0.129
989000,0.030,0.808,0.161
989500,0.030,0.790,0.180
990000,0.030,0.785,0.184
990500,0.030,0.796,0.173
991000,0.030,0.781,0.189
991500,0.030,0.787,0.183
992000,0.030,0.804,0.166
992500,0.030,0.836,0.134
993000,0.030,0.850,0.120
993500,0.030,0.842,0.128
994000,0.030,0.854,0.116
994500,0.030,0.851,0.119
995000,0.030,0.838,0.132
995500,0.030,0.847,0.123
996000,0.030,0.849,0.121
996500,0.030,0.843,0.127
997000,0.030,0.844,0.126
997500,0.030,0.852,0.118
998000,0.030,0.824,0.146
998500,0.030,0.831,0.139
999000,0.030,0.824,0.146
999500,0.030,0.825,0.145
1000000,0.030,0.826,0.144
