time,n_A+p,n_B,n_AB
500,0.050,0.650,0.299
1000,0.050,0.362,0.587
1500,0.053,0.245,0.702
2000,0.050,0.183,0.767
2500,0.071,0.136,0.794
3000,0.075,0.135,0.789
3500,0.075,0.108,0.817
4000,0.140,0.059,0.801
4500,0.332,0.005,0.663
5000,0.580,0.000,0.420
5500,0.636,0.000,0.364
6000,0.750,0.000,0.250
6500,0.739,0.000,0.261
7000,0.836,0.000,0.164
7500,0.719,0.000,0.281
8000,0.744,0.000,0.256
8500,0.788,0.000,0.212
9000,0.791,0.000,0.209
9500,0.858,0.000,0.142
10000,0.865,0.000,0.135
10500,0.945,0.000,0.055
11000,0.958,0.000,0.042
11500,0.950,0.000,0.050
12000,0.945,0.000,0.055
12500,0.960,0.000,0.040
13000,0.965,0.000,0.035
13500,0.969,0.000,0.031
14000,0.974,0.000,0.026
14500,0.980,0.000,0.020
15000,0.967,0.000,0.033
15500,0.943,0.000,0.057
16000,0.897,0.000,0.103
16500,0.871,0.000,0.129
17000,0.945,0.000,0.055
17500,0.950,0.000,0.050
18000,0.944,0.000,0.056
18500,0.971,0.000,0.029
19000,0.963,0.000,0.037
19500,0.919,0.000,0.081
20000,0.935,0.000,0.065
20500,0.904,0.000,0.096
21000,0.941,0.000,0.059
21500,0.968,0.000,0.032
22000,0.898,0.000,0.102
22500,0.846,0.000,0.154
23000,0.891,0.000,0.109
23500,0.884,0.000,0.116
24000,0.886,0.000,0.114
24500,0.882,0.000,0.118
25000,0.878,0.000,0.122
25500,0.907,0.000,0.093
26000,0.905,0.000,0.095
26500,0.861,0.000,0.139
27000,0.904,0.000,0.096
27500,0.860,0.000,0.140
28000,0.899,0.000,0.101
28500,0.950,0.000,0.050
29000,0.971,0.000,0.029
29500,0.960,0.000,0.040
30000,0.931,0.000,0.069
30500,0.946,0.000,0.054
31000,0.942,0.000,0.058
31500,0.949,0.000,0.051
32000,0.925,0.000,0.075
32500,0.974,0.000,0.026
33000,0.937,0.000,0.063
33500,0.916,0.000,0.084
34000,0.896,0.000,0.104
34500,0.868,0.000,0.132
35000,0.838,0.000,0.162
35500,0.827,0.000,0.173
36000,0.846,0.000,0.154
36500,0.780,0.000,0.220
37000,0.780,0.000,0.220
37500,0.807,0.000,0.193
38000,0.808,0.000,0.192
38500,0.855,0.000,0.145
39000,0.864,0.000,0.136
39500,0.819,0.000,0.181
40000,0.826,0.000,0.174
40500,0.822,0.000,0.178
41000,0.842,0.000,0.158
41500,0.808,0.000,0.192
42000,0.866,0.000,0.134
42500,0.907,0.000,0.093
43000,0.840,0.000,0.160
43500,0.786,0.000,0.214
44000,0.822,0.000,0.178
44500,0.817,0.000,0.183
45000,0.809,0.000,0.191
45500,0.694,0.000,0.306
46000,0.825,0.000,0.175
46500,0.784,0.000,0.216
47000,0.781,0.000,0.219
47500,0.845,0.000,0.155
48000,0.806,0.000,0.194
48500,0.814,0.000,0.186
49000,0.867,0.000,0.133
49500,0.876,0.000,0.124
50000,0.894,0.000,0.106
50500,0.885,0.000,0.115
51000,0.796,0.000,0.204
51500,0.788,0.000,0.212
52000,0.837,0.000,0.163
52500,0.908,0.000,0.092
53000,0.862,0.000,0.138
53500,0.883,0.000,0.117
54000,0.852,0.000,0.148
54500,0.929,0.000,0.071
55000,0.991,0.000,0.009
55500,0.992,0.000,0.008
56000,0.996,0.000,0.004
56500,0.999,0.000,0.001
57000,1.000,0.000,0.000
