time,n_A+p,n_B,n_AB
100,0.387,0.471,0.141
200,0.365,0.422,0.213
300,0.360,0.387,0.253
400,0.335,0.385,0.280
500,0.320,0.390,0.290
600,0.295,0.360,0.345
700,0.256,0.377,0.367
800,0.246,0.345,0.409
900,0.228,0.342,0.429
1000,0.243,0.352,0.404
1100,0.228,0.352,0.419
1200,0.221,0.385,0.395
1300,0.238,0.397,0.365
1400,0.211,0.407,0.382
1500,0.246,0.395,0.360
1600,0.278,0.385,0.337
1700,0.283,0.357,0.360
1800,0.253,0.375,0.372
1900,0.246,0.375,0.380
2000,0.233,0.375,0.392
2100,0.216,0.380,0.404
2200,0.199,0.409,0.392
2300,0.206,0.432,0.362
2400,0.221,0.427,0.352
2500,0.216,0.429,0.355
2600,0.199,0.429,0.372
2700,0.169,0.417,0.414
2800,0.151,0.432,0.417
2900,0.154,0.442,0.404
3000,0.174,0.422,0.404
3100,0.161,0.444,0.395
3200,0.146,0.442,0.412
3300,0.154,0.464,0.382
3400,0.149,0.471,0.380
3500,0.144,0.459,0.397
3600,0.161,0.474,0.365
3700,0.146,0.484,0.370
3800,0.136,0.484,0.380
3900,0.139,0.476,0.385
4000,0.159,0.422,0.419
4100,0.189,0.400,0.412
4200,0.169,0.412,0.419
4300,0.179,0.412,0.409
4400,0.174,0.452,0.375
4500,0.189,0.404,0.407
4600,0.206,0.385,0.409
4700,0.213,0.362,0.424
4800,0.238,0.360,0.402
4900,0.221,0.395,0.385
5000,0.213,0.397,0.390
5100,0.179,0.409,0.412
5200,0.159,0.409,0.432
5300,0.181,0.380,0.439
5400,0.189,0.397,0.414
5500,0.201,0.380,0.419
5600,0.208,0.355,0.437
5700,0.196,0.387,0.417
5800,0.206,0.380,0.414
5900,0.176,0.390,0.434
6000,0.196,0.395,0.409
6100,0.186,0.439,0.375
6200,0.199,0.452,0.350
6300,0.171,0.424,0.404
6400,0.186,0.417,0.397
6500,0.191,0.424,0.385
6600,0.181,0.429,0.390
6700,0.186,0.404,0.409
6800,0.179,0.414,0.407
6900,0.181,0.392,0.427
7000,0.206,0.380,0.414
7100,0.211,0.390,0.400
7200,0.206,0.397,0.397
7300,0.221,0.377,0.402
7400,0.216,0.432,0.352
7500,0.221,0.407,0.372
7600,0.196,0.417,0.387
7700,0.179,0.377,0.444
7800,0.199,0.370,0.432
7900,0.199,0.357,0.444
8000,0.203,0.350,0.447
8100,0.199,0.365,0.437
8200,0.199,0.407,0.395
8300,0.203,0.395,0.402
8400,0.211,0.370,0.419
8500,0.203,0.357,0.439
8600,0.226,0.347,0.427
8700,0.251,0.382,0.367
8800,0.251,0.390,0.360
8900,0.236,0.372,0.392
9000,0.241,0.370,0.390
9100,0.231,0.365,0.404
9200,0.246,0.347,0.407
9300,0.251,0.345,0.404
9400,0.243,0.352,0.404
9500,0.256,0.313,0.432
9600,0.270,0.300,0.429
9700,0.266,0.308,0.427
9800,0.246,0.310,0.444
9900,0.231,0.328,0.442
10000,0.208,0.300,0.491
10100,0.221,0.325,0.454
10200,0.258,0.300,0.442
10300,0.266,0.320,0.414
10400,0.258,0.313,0.429
10500,0.278,0.313,0.409
10600,0.238,0.335,0.427
10700,0.270,0.328,0.402
10800,0.280,0.325,0.395
10900,0.251,0.300,0.449
11000,0.256,0.340,0.404
11100,0.253,0.313,0.434
11200,0.251,0.310,0.439
11300,0.228,0.342,0.429
11400,0.223,0.347,0.429
11500,0.206,0.362,0.432
11600,0.223,0.355,0.422
11700,0.218,0.313,0.469
11800,0.241,0.335,0.424
11900,0.270,0.315,0.414
12000,0.278,0.313,0.409
12100,0.266,0.325,0.409
12200,0.275,0.310,0.414
12300,0.283,0.278,0.439
12400,0.285,0.270,0.444
12500,0.315,0.241,0.444
12600,0.320,0.241,0.439
12700,0.328,0.233,0.439
12800,0.300,0.246,0.454
12900,0.303,0.278,0.419
13000,0.325,0.253,0.422
13100,0.347,0.256,0.397
13200,0.355,0.231,0.414
13300,0.375,0.233,0.392
13400,0.382,0.211,0.407
13500,0.380,0.216,0.404
13600,0.402,0.218,0.380
13700,0.419,0.216,0.365
13800,0.407,0.246,0.347
13900,0.390,0.251,0.360
14000,0.387,0.243,0.370
14100,0.395,0.226,0.380
14200,0.404,0.216,0.380
14300,0.409,0.213,0.377
14400,0.419,0.226,0.355
14500,0.412,0.221,0.367
14600,0.404,0.233,0.362
14700,0.392,0.228,0.380
14800,0.365,0.228,0.407
14900,0.355,0.251,0.395
15000,0.377,0.246,0.377
15100,0.392,0.236,0.372
15200,0.404,0.221,0.375
15300,0.414,0.211,0.375
15400,0.400,0.206,0.395
15500,0.412,0.201,0.387
15600,0.392,0.211,0.397
15700,0.375,0.216,0.409
15800,0.380,0.218,0.402
15900,0.387,0.189,0.424
16000,0.387,0.203,0.409
16100,0.375,0.199,0.427
16200,0.342,0.194,0.464
16300,0.310,0.228,0.462
16400,0.340,0.238,0.422
16500,0.362,0.231,0.407
16600,0.360,0.223,0.417
16700,0.352,0.221,0.427
16800,0.340,0.223,0.437
16900,0.342,0.248,0.409
17000,0.320,0.238,0.442
17100,0.340,0.199,0.462
17200,0.340,0.196,0.464
17300,0.355,0.208,0.437
17400,0.352,0.199,0.449
17500,0.350,0.216,0.434
17600,0.347,0.231,0.422
17700,0.335,0.223,0.442
17800,0.323,0.226,0.452
17900,0.333,0.208,0.459
18000,0.357,0.213,0.429
18100,0.357,0.206,0.437
18200,0.350,0.191,0.459
18300,0.380,0.218,0.402
18400,0.377,0.216,0.407
18500,0.412,0.199,0.390
18600,0.419,0.208,0.372
18700,0.444,0.196,0.360
18800,0.457,0.176,0.367
18900,0.427,0.184,0.390
19000,0.404,0.191,0.404
19100,0.414,0.179,0.407
19200,0.419,0.169,0.412
19300,0.419,0.189,0.392
19400,0.417,0.191,0.392
19500,0.395,0.208,0.397
19600,0.375,0.233,0.392
19700,0.382,0.211,0.407
19800,0.390,0.186,0.424
19900,0.404,0.189,0.407
20000,0.422,0.159,0.419
20100,0.427,0.159,0.414
20200,0.442,0.176,0.382
20300,0.412,0.181,0.407
20400,0.404,0.184,0.412
20500,0.409,0.159,0.432
20600,0.417,0.146,0.437
20700,0.427,0.122,0.452
20800,0.457,0.122,0.422
20900,0.474,0.109,0.417
21000,0.491,0.109,0.400
21100,0.504,0.129,0.367
21200,0.514,0.109,0.377
21300,0.501,0.102,0.397
21400,0.514,0.097,0.390
21500,0.511,0.102,0.387
21600,0.496,0.099,0.404
21700,0.504,0.117,0.380
21800,0.511,0.132,0.357
21900,0.533,0.144,0.323
22000,0.521,0.132,0.347
22100,0.526,0.129,0.345
22200,0.519,0.127,0.355
22300,0.516,0.129,0.355
22400,0.553,0.122,0.325
22500,0.558,0.136,0.305
22600,0.566,0.132,0.303
22700,0.571,0.139,0.290
22800,0.548,0.149,0.303
22900,0.548,0.139,0.313
23000,0.536,0.132,0.333
23100,0.533,0.132,0.335
23200,0.536,0.151,0.313
23300,0.558,0.164,0.278
23400,0.521,0.149,0.330
23500,0.533,0.149,0.318
23600,0.546,0.141,0.313
23700,0.533,0.146,0.320
23800,0.514,0.161,0.325
23900,0.504,0.154,0.342
24000,0.536,0.146,0.318
24100,0.519,0.144,0.337
24200,0.529,0.149,0.323
24300,0.516,0.141,0.342
24400,0.496,0.144,0.360
24500,0.491,0.179,0.330
24600,0.444,0.164,0.392
24700,0.481,0.161,0.357
24800,0.491,0.176,0.333
24900,0.486,0.174,0.340
25000,0.469,0.159,0.372
25100,0.464,0.144,0.392
25200,0.467,0.149,0.385
25300,0.462,0.154,0.385
25400,0.462,0.146,0.392
25500,0.447,0.149,0.404
25600,0.471,0.141,0.387
25700,0.486,0.154,0.360
25800,0.499,0.139,0.362
25900,0.496,0.122,0.382
26000,0.476,0.129,0.395
26100,0.486,0.117,0.397
26200,0.514,0.109,0.377
26300,0.516,0.109,0.375
26400,0.519,0.124,0.357
26500,0.519,0.119,0.362
26600,0.519,0.114,0.367
26700,0.516,0.112,0.372
26800,0.491,0.104,0.404
26900,0.504,0.119,0.377
27000,0.491,0.149,0.360
27100,0.469,0.154,0.377
27200,0.462,0.156,0.382
27300,0.462,0.151,0.387
27400,0.439,0.129,0.432
27500,0.417,0.146,0.437
27600,0.427,0.171,0.402
27700,0.434,0.156,0.409
27800,0.414,0.203,0.382
27900,0.417,0.201,0.382
28000,0.390,0.201,0.409
28100,0.382,0.203,0.414
28200,0.375,0.186,0.439
28300,0.382,0.216,0.402
28400,0.367,0.221,0.412
28500,0.357,0.231,0.412
28600,0.367,0.241,0.392
28700,0.340,0.223,0.437
28800,0.320,0.241,0.439
28900,0.305,0.256,0.439
29000,0.288,0.263,0.449
29100,0.313,0.293,0.395
29200,0.313,0.310,0.377
29300,0.283,0.335,0.382
29400,0.251,0.365,0.385
29500,0.231,0.382,0.387
29600,0.233,0.387,0.380
29700,0.203,0.414,0.382
29800,0.221,0.432,0.347
29900,0.216,0.424,0.360
30000,0.199,0.454,0.347
30100,0.194,0.452,0.355
30200,0.169,0.467,0.365
30300,0.166,0.454,0.380
30400,0.184,0.427,0.390
30500,0.186,0.417,0.397
30600,0.208,0.380,0.412
30700,0.208,0.407,0.385
30800,0.208,0.395,0.397
30900,0.236,0.375,0.390
31000,0.231,0.365,0.404
31100,0.266,0.350,0.385
31200,0.246,0.340,0.414
31300,0.270,0.310,0.419
31400,0.288,0.342,0.370
31500,0.283,0.333,0.385
31600,0.258,0.350,0.392
31700,0.233,0.335,0.432
31800,0.223,0.375,0.402
31900,0.233,0.362,0.404
32000,0.211,0.404,0.385
32100,0.208,0.392,0.400
32200,0.206,0.417,0.377
32300,0.189,0.397,0.414
32400,0.223,0.392,0.385
32500,0.216,0.387,0.397
32600,0.191,0.402,0.407
32700,0.201,0.402,0.397
32800,0.189,0.400,0.412
32900,0.194,0.397,0.409
33000,0.176,0.404,0.419
33100,0.189,0.432,0.380
33200,0.169,0.454,0.377
33300,0.164,0.471,0.365
33400,0.159,0.471,0.370
33500,0.159,0.489,0.352
33600,0.146,0.476,0.377
33700,0.156,0.467,0.377
33800,0.174,0.449,0.377
33900,0.186,0.444,0.370
34000,0.174,0.434,0.392
34100,0.196,0.422,0.382
34200,0.191,0.444,0.365
34300,0.196,0.452,0.352
34400,0.199,0.469,0.333
34500,0.218,0.437,0.345
34600,0.199,0.439,0.362
34700,0.191,0.464,0.345
34800,0.176,0.481,0.342
34900,0.169,0.491,0.340
35000,0.184,0.484,0.333
35100,0.164,0.499,0.337
35200,0.149,0.499,0.352
35300,0.146,0.504,0.350
35400,0.132,0.529,0.340
35500,0.136,0.526,0.337
35600,0.139,0.531,0.330
35700,0.132,0.526,0.342
35800,0.139,0.521,0.340
35900,0.119,0.536,0.345
36000,0.119,0.524,0.357
36100,0.119,0.511,0.370
36200,0.104,0.531,0.365
36300,0.107,0.541,0.352
36400,0.104,0.541,0.355
36500,0.114,0.568,0.318
36600,0.114,0.578,0.308
36700,0.107,0.558,0.335
36800,0.094,0.533,0.372
36900,0.097,0.566,0.337
37000,0.107,0.548,0.345
37100,0.092,0.548,0.360
37200,0.074,0.571,0.355
37300,0.089,0.576,0.335
37400,0.117,0.538,0.345
37500,0.151,0.531,0.318
37600,0.134,0.514,0.352
37700,0.112,0.531,0.357
37800,0.124,0.533,0.342
37900,0.094,0.543,0.362
38000,0.089,0.521,0.390
38100,0.097,0.521,0.382
38200,0.094,0.529,0.377
38300,0.087,0.573,0.340
38400,0.097,0.561,0.342
38500,0.089,0.571,0.340
38600,0.092,0.553,0.355
38700,0.084,0.581,0.335
38800,0.082,0.588,0.330
38900,0.094,0.588,0.318
39000,0.099,0.563,0.337
39100,0.112,0.576,0.313
39200,0.089,0.573,0.337
39300,0.109,0.586,0.305
39400,0.097,0.608,0.295
39500,0.084,0.576,0.340
39600,0.092,0.588,0.320
39700,0.082,0.615,0.303
39800,0.069,0.618,0.313
39900,0.065,0.628,0.308
40000,0.077,0.633,0.290
40100,0.079,0.623,0.298
40200,0.092,0.638,0.270
40300,0.092,0.648,0.261
40400,0.074,0.623,0.303
40500,0.065,0.635,0.300
40600,0.062,0.638,0.300
40700,0.079,0.648,0.273
40800,0.072,0.655,0.273
40900,0.067,0.658,0.275
41000,0.072,0.680,0.248
41100,0.072,0.645,0.283
41200,0.077,0.633,0.290
41300,0.077,0.670,0.253
41400,0.052,0.692,0.256
41500,0.069,0.677,0.253
41600,0.067,0.682,0.251
41700,0.062,0.670,0.268
41800,0.062,0.680,0.258
41900,0.057,0.690,0.253
42000,0.057,0.707,0.236
42100,0.050,0.697,0.253
42200,0.037,0.692,0.270
42300,0.047,0.702,0.251
42400,0.047,0.717,0.236
42500,0.072,0.682,0.246
42600,0.069,0.677,0.253
42700,0.057,0.677,0.266
42800,0.047,0.697,0.256
42900,0.057,0.692,0.251
43000,0.074,0.672,0.253
43100,0.069,0.660,0.270
43200,0.052,0.670,0.278
43300,0.072,0.685,0.243
43400,0.069,0.667,0.263
43500,0.067,0.660,0.273
43600,0.079,0.643,0.278
43700,0.084,0.648,0.268
43800,0.077,0.650,0.273
43900,0.065,0.650,0.285
44000,0.057,0.643,0.300
44100,0.047,0.648,0.305
44200,0.050,0.655,0.295
44300,0.047,0.655,0.298
44400,0.055,0.690,0.256
44500,0.052,0.707,0.241
44600,0.042,0.720,0.238
44700,0.040,0.700,0.261
44800,0.047,0.685,0.268
44900,0.040,0.702,0.258
45000,0.042,0.702,0.256
45100,0.050,0.687,0.263
45200,0.045,0.717,0.238
45300,0.052,0.720,0.228
45400,0.042,0.702,0.256
45500,0.040,0.697,0.263
45600,0.052,0.697,0.251
45700,0.047,0.685,0.268
45800,0.035,0.695,0.270
45900,0.027,0.697,0.275
46000,0.022,0.727,0.251
46100,0.017,0.749,0.233
46200,0.025,0.747,0.228
46300,0.022,0.762,0.216
46400,0.017,0.759,0.223
46500,0.017,0.767,0.216
46600,0.015,0.787,0.199
46700,0.012,0.804,0.184
46800,0.027,0.799,0.174
46900,0.022,0.816,0.161
47000,0.030,0.831,0.139
47100,0.022,0.834,0.144
47200,0.035,0.824,0.141
47300,0.040,0.831,0.129
47400,0.045,0.824,0.132
47500,0.040,0.801,0.159
47600,0.032,0.792,0.176
47700,0.032,0.789,0.179
47800,0.032,0.772,0.196
47900,0.037,0.762,0.201
48000,0.027,0.764,0.208
48100,0.027,0.747,0.226
48200,0.022,0.744,0.233
48300,0.027,0.744,0.228
48400,0.022,0.764,0.213
48500,0.030,0.752,0.218
48600,0.030,0.759,0.211
48700,0.030,0.744,0.226
48800,0.027,0.764,0.208
48900,0.020,0.759,0.221
49000,0.022,0.754,0.223
49100,0.017,0.749,0.233
49200,0.025,0.762,0.213
49300,0.040,0.767,0.194
49400,0.030,0.749,0.221
49500,0.040,0.734,0.226
49600,0.035,0.739,0.226
49700,0.040,0.749,0.211
49800,0.032,0.754,0.213
49900,0.037,0.767,0.196
50000,0.032,0.782,0.186
50100,0.022,0.779,0.199
50200,0.020,0.779,0.201
50300,0.015,0.797,0.189
50400,0.015,0.797,0.189
50500,0.015,0.789,0.196
50600,0.017,0.806,0.176
50700,0.022,0.809,0.169
50800,0.015,0.804,0.181
50900,0.017,0.799,0.184
51000,0.020,0.794,0.186
51100,0.025,0.782,0.194
51200,0.025,0.767,0.208
51300,0.025,0.779,0.196
51400,0.027,0.764,0.208
51500,0.032,0.774,0.194
51600,0.032,0.774,0.194
51700,0.030,0.759,0.211
51800,0.030,0.772,0.199
51900,0.027,0.782,0.191
52000,0.040,0.799,0.161
52100,0.032,0.797,0.171
52200,0.030,0.811,0.159
52300,0.020,0.821,0.159
52400,0.015,0.819,0.166
52500,0.015,0.816,0.169
52600,0.015,0.819,0.166
52700,0.020,0.821,0.159
52800,0.027,0.829,0.144
52900,0.037,0.824,0.139
53000,0.030,0.836,0.134
53100,0.025,0.859,0.117
53200,0.022,0.866,0.112
53300,0.022,0.854,0.124
53400,0.020,0.854,0.127
53500,0.017,0.873,0.109
53600,0.017,0.866,0.117
53700,0.017,0.864,0.119
53800,0.015,0.861,0.124
53900,0.010,0.871,0.119
54000,0.007,0.871,0.122
54100,0.007,0.859,0.134
54200,0.007,0.866,0.127
54300,0.005,0.866,0.129
54400,0.005,0.868,0.127
54500,0.005,0.866,0.129
54600,0.015,0.883,0.102
54700,0.015,0.888,0.097
54800,0.012,0.898,0.089
54900,0.007,0.906,0.087
55000,0.007,0.908,0.084
55100,0.007,0.911,0.082
55200,0.007,0.906,0.087
55300,0.007,0.906,0.087
55400,0.007,0.918,0.074
55500,0.010,0.923,0.067
55600,0.010,0.916,0.074
55700,0.007,0.923,0.069
55800,0.017,0.913,0.069
55900,0.012,0.908,0.079
56000,0.012,0.916,0.072
56100,0.007,0.908,0.084
56200,0.007,0.908,0.084
56300,0.007,0.918,0.074
56400,0.007,0.926,0.067
56500,0.007,0.931,0.062
56600,0.005,0.938,0.057
56700,0.012,0.933,0.055
56800,0.010,0.918,0.072
56900,0.007,0.928,0.065
57000,0.005,0.945,0.050
57100,0.005,0.928,0.067
57200,0.010,0.916,0.074
57300,0.007,0.913,0.079
57400,0.005,0.918,0.077
57500,0.005,0.923,0.072
57600,0.012,0.928,0.060
57700,0.007,0.921,0.072
57800,0.007,0.916,0.077
57900,0.005,0.918,0.077
58000,0.005,0.918,0.077
58100,0.005,0.918,0.077
58200,0.005,0.918,0.077
58300,0.005,0.921,0.074
58400,0.005,0.918,0.077
58500,0.005,0.913,0.082
58600,0.007,0.903,0.089
58700,0.005,0.891,0.104
58800,0.007,0.891,0.102
58900,0.007,0.893,0.099
59000,0.012,0.896,0.092
59100,0.012,0.898,0.089
59200,0.017,0.891,0.092
59300,0.017,0.898,0.084
59400,0.012,0.898,0.089
59500,0.010,0.896,0.094
59600,0.005,0.893,0.102
59700,0.007,0.898,0.094
59800,0.007,0.883,0.109
59900,0.005,0.891,0.104
60000,0.007,0.901,0.092
60100,0.007,0.886,0.107
60200,0.007,0.883,0.109
60300,0.010,0.888,0.102
60400,0.005,0.896,0.099
60500,0.005,0.898,0.097
60600,0.012,0.908,0.079
60700,0.022,0.906,0.072
60800,0.012,0.881,0.107
60900,0.007,0.888,0.104
61000,0.010,0.881,0.109
61100,0.010,0.873,0.117
61200,0.012,0.876,0.112
61300,0.010,0.868,0.122
61400,0.007,0.868,0.124
61500,0.007,0.876,0.117
61600,0.005,0.886,0.109
61700,0.005,0.893,0.102
61800,0.005,0.896,0.099
61900,0.005,0.893,0.102
62000,0.002,0.891,0.107
62100,0.002,0.908,0.089
62200,0.002,0.918,0.079
62300,0.002,0.916,0.082
62400,0.007,0.906,0.087
62500,0.005,0.911,0.084
62600,0.005,0.918,0.077
62700,0.005,0.928,0.067
62800,0.005,0.921,0.074
62900,0.005,0.926,0.069
63000,0.005,0.933,0.062
63100,0.010,0.935,0.055
63200,0.007,0.935,0.057
63300,0.007,0.923,0.069
63400,0.007,0.913,0.079
63500,0.005,0.926,0.069
63600,0.005,0.923,0.072
63700,0.005,0.908,0.087
63800,0.005,0.903,0.092
63900,0.005,0.881,0.114
64000,0.005,0.891,0.104
64100,0.010,0.901,0.089
64200,0.007,0.911,0.082
64300,0.007,0.903,0.089
64400,0.007,0.883,0.109
64500,0.007,0.873,0.119
64600,0.015,0.851,0.134
64700,0.005,0.856,0.139
64800,0.010,0.849,0.141
64900,0.007,0.854,0.139
65000,0.010,0.834,0.156
65100,0.007,0.831,0.161
65200,0.020,0.806,0.174
65300,0.015,0.819,0.166
65400,0.007,0.839,0.154
65500,0.010,0.841,0.149
65600,0.007,0.856,0.136
65700,0.010,0.871,0.119
65800,0.007,0.871,0.122
65900,0.007,0.873,0.119
66000,0.012,0.864,0.124
66100,0.012,0.856,0.132
66200,0.012,0.859,0.129
66300,0.012,0.871,0.117
66400,0.010,0.859,0.132
66500,0.007,0.839,0.154
66600,0.007,0.851,0.141
66700,0.007,0.844,0.149
66800,0.005,0.839,0.156
66900,0.005,0.834,0.161
67000,0.017,0.829,0.154
67100,0.020,0.839,0.141
67200,0.017,0.821,0.161
67300,0.015,0.836,0.149
67400,0.017,0.841,0.141
67500,0.017,0.849,0.134
67600,0.022,0.841,0.136
67700,0.017,0.834,0.149
67800,0.032,0.814,0.154
67900,0.030,0.804,0.166
68000,0.022,0.804,0.174
68100,0.027,0.806,0.166
68200,0.020,0.824,0.156
68300,0.020,0.826,0.154
68400,0.025,0.824,0.151
68500,0.032,0.804,0.164
68600,0.027,0.804,0.169
68700,0.020,0.809,0.171
68800,0.025,0.824,0.151
68900,0.020,0.816,0.164
69000,0.030,0.826,0.144
69100,0.027,0.836,0.136
69200,0.030,0.851,0.119
69300,0.025,0.851,0.124
69400,0.035,0.826,0.139
69500,0.037,0.814,0.149
69600,0.042,0.806,0.151
69700,0.045,0.826,0.129
69800,0.045,0.816,0.139
69900,0.035,0.821,0.144
70000,0.030,0.811,0.159
70100,0.037,0.806,0.156
70200,0.032,0.816,0.151
70300,0.030,0.811,0.159
70400,0.032,0.804,0.164
70500,0.035,0.789,0.176
70600,0.032,0.777,0.191
70700,0.037,0.787,0.176
70800,0.030,0.774,0.196
70900,0.022,0.779,0.199
71000,0.027,0.797,0.176
71100,0.030,0.801,0.169
71200,0.037,0.799,0.164
71300,0.030,0.814,0.156
71400,0.035,0.824,0.141
71500,0.035,0.804,0.161
71600,0.032,0.804,0.164
71700,0.030,0.811,0.159
71800,0.025,0.792,0.184
71900,0.037,0.792,0.171
72000,0.032,0.787,0.181
72100,0.025,0.797,0.179
72200,0.025,0.799,0.176
72300,0.030,0.784,0.186
72400,0.030,0.774,0.196
72500,0.020,0.772,0.208
72600,0.022,0.767,0.211
72700,0.027,0.759,0.213
72800,0.042,0.767,0.191
72900,0.055,0.787,0.159
73000,0.045,0.794,0.161
73100,0.035,0.777,0.189
73200,0.037,0.774,0.189
73300,0.037,0.784,0.179
73400,0.037,0.787,0.176
73500,0.040,0.767,0.194
73600,0.040,0.762,0.199
73700,0.037,0.762,0.201
73800,0.032,0.787,0.181
73900,0.035,0.789,0.176
74000,0.032,0.762,0.206
74100,0.030,0.767,0.203
74200,0.030,0.789,0.181
74300,0.025,0.769,0.206
74400,0.022,0.784,0.194
74500,0.030,0.757,0.213
74600,0.040,0.747,0.213
74700,0.032,0.727,0.241
74800,0.050,0.712,0.238
74900,0.047,0.710,0.243
75000,0.045,0.730,0.226
75100,0.047,0.759,0.194
75200,0.052,0.769,0.179
75300,0.050,0.779,0.171
75400,0.060,0.762,0.179
75500,0.047,0.764,0.189
75600,0.037,0.764,0.199
75700,0.040,0.784,0.176
75800,0.047,0.784,0.169
75900,0.042,0.784,0.174
76000,0.037,0.801,0.161
76100,0.040,0.782,0.179
76200,0.037,0.789,0.174
76300,0.025,0.809,0.166
76400,0.020,0.809,0.171
76500,0.015,0.794,0.191
76600,0.022,0.814,0.164
76700,0.032,0.814,0.154
76800,0.042,0.806,0.151
76900,0.047,0.804,0.149
77000,0.042,0.799,0.159
77100,0.037,0.782,0.181
77200,0.027,0.792,0.181
77300,0.027,0.774,0.199
77400,0.025,0.767,0.208
77500,0.022,0.797,0.181
77600,0.015,0.821,0.164
77700,0.015,0.829,0.156
77800,0.022,0.839,0.139
77900,0.045,0.814,0.141
78000,0.037,0.804,0.159
78100,0.030,0.809,0.161
78200,0.017,0.811,0.171
78300,0.025,0.814,0.161
78400,0.027,0.821,0.151
78500,0.025,0.801,0.174
78600,0.015,0.814,0.171
78700,0.012,0.834,0.154
78800,0.030,0.839,0.132
78900,0.037,0.831,0.132
79000,0.027,0.849,0.124
79100,0.022,0.866,0.112
79200,0.022,0.886,0.092
79300,0.012,0.876,0.112
79400,0.017,0.878,0.104
79500,0.015,0.903,0.082
79600,0.015,0.906,0.079
79700,0.012,0.921,0.067
79800,0.010,0.921,0.069
79900,0.012,0.913,0.074
80000,0.005,0.916,0.079
80100,0.002,0.918,0.079
80200,0.007,0.913,0.079
80300,0.007,0.921,0.072
80400,0.005,0.918,0.077
80500,0.005,0.918,0.077
80600,0.010,0.928,0.062
80700,0.010,0.923,0.067
80800,0.010,0.923,0.067
80900,0.007,0.933,0.060
81000,0.005,0.945,0.050
81100,0.005,0.950,0.045
81200,0.005,0.933,0.062
81300,0.005,0.928,0.067
81400,0.005,0.931,0.065
81500,0.002,0.931,0.067
81600,0.007,0.938,0.055
81700,0.005,0.943,0.052
81800,0.005,0.945,0.050
81900,0.002,0.950,0.047
82000,0.002,0.950,0.047
82100,0.002,0.950,0.047
82200,0.002,0.945,0.052
82300,0.002,0.953,0.045
82400,0.002,0.938,0.060
82500,0.002,0.933,0.065
82600,0.002,0.938,0.060
82700,0.002,0.945,0.052
82800,0.002,0.958,0.040
82900,0.002,0.955,0.042
83000,0.002,0.955,0.042
83100,0.002,0.955,0.042
83200,0.002,0.953,0.045
83300,0.002,0.943,0.055
83400,0.002,0.940,0.057
83500,0.002,0.933,0.065
83600,0.002,0.935,0.062
83700,0.002,0.928,0.069
83800,0.007,0.928,0.065
83900,0.012,0.935,0.052
84000,0.010,0.921,0.069
84100,0.005,0.933,0.062
84200,0.005,0.938,0.057
84300,0.007,0.943,0.050
84400,0.005,0.948,0.047
84500,0.002,0.945,0.052
84600,0.002,0.950,0.047
84700,0.002,0.953,0.045
84800,0.002,0.955,0.042
84900,0.002,0.958,0.040
85000,0.007,0.960,0.032
85100,0.007,0.960,0.032
85200,0.007,0.958,0.035
85300,0.007,0.950,0.042
85400,0.007,0.953,0.040
85500,0.007,0.958,0.035
85600,0.007,0.958,0.035
85700,0.007,0.963,0.030
85800,0.007,0.968,0.025
85900,0.007,0.958,0.035
86000,0.005,0.960,0.035
86100,0.005,0.955,0.040
86200,0.005,0.955,0.040
86300,0.005,0.958,0.037
86400,0.005,0.958,0.037
86500,0.005,0.963,0.032
86600,0.002,0.960,0.037
86700,0.002,0.960,0.037
86800,0.002,0.960,0.037
86900,0.002,0.963,0.035
87000,0.002,0.968,0.030
87100,0.002,0.968,0.030
87200,0.002,0.970,0.027
87300,0.002,0.958,0.040
87400,0.002,0.955,0.042
87500,0.002,0.953,0.045
87600,0.002,0.955,0.042
87700,0.002,0.960,0.037
87800,0.002,0.965,0.032
87900,0.002,0.965,0.032
88000,0.002,0.965,0.032
88100,0.002,0.960,0.037
88200,0.002,0.953,0.045
88300,0.002,0.958,0.040
88400,0.002,0.960,0.037
88500,0.002,0.965,0.032
88600,0.002,0.973,0.025
88700,0.002,0.980,0.017
88800,0.002,0.980,0.017
88900,0.002,0.983,0.015
89000,0.002,0.985,0.012
89100,0.002,0.985,0.012
89200,0.002,0.978,0.020
89300,0.002,0.983,0.015
89400,0.000,0.988,0.012
89500,0.000,0.988,0.012
89600,0.000,0.990,0.010
89700,0.000,0.990,0.010
89800,0.000,0.990,0.010
89900,0.000,0.983,0.017
90000,0.000,0.983,0.017
90100,0.000,0.985,0.015
90200,0.000,0.988,0.012
90300,0.000,0.988,0.012
90400,0.000,0.988,0.012
90500,0.000,0.988,0.012
90600,0.000,0.988,0.012
90700,0.000,0.990,0.010
90800,0.000,0.990,0.010
90900,0.000,0.993,0.007
91000,0.000,0.993,0.007
91100,0.000,0.993,0.007
91200,0.000,0.993,0.007
91300,0.000,0.993,0.007
91400,0.000,0.995,0.005
91500,0.000,0.995,0.005
91600,0.000,0.995,0.005
91700,0.000,0.995,0.005
91800,0.000,0.995,0.005
91900,0.000,0.995,0.005
92000,0.000,0.995,0.005
92100,0.000,0.995,0.005
92200,0.000,0.990,0.010
92300,0.005,0.973,0.022
92400,0.002,0.978,0.020
92500,0.002,0.978,0.020
92600,0.002,0.973,0.025
92700,0.002,0.970,0.027
92800,0.002,0.970,0.027
92900,0.000,0.975,0.025
93000,0.000,0.975,0.025
93100,0.000,0.983,0.017
93200,0.000,0.983,0.017
93300,0.000,0.975,0.025
93400,0.000,0.978,0.022
93500,0.000,0.973,0.027
93600,0.000,0.975,0.025
93700,0.000,0.978,0.022
93800,0.000,0.978,0.022
93900,0.000,0.973,0.027
94000,0.000,0.975,0.025
94100,0.000,0.978,0.022
94200,0.000,0.975,0.025
94300,0.000,0.983,0.017
94400,0.000,0.983,0.017
94500,0.000,0.980,0.020
94600,0.000,0.983,0.017
94700,0.000,0.985,0.015
94800,0.000,0.988,0.012
94900,0.000,0.988,0.012
95000,0.000,0.985,0.015
95100,0.000,0.983,0.017
95200,0.000,0.983,0.017
95300,0.000,0.980,0.020
95400,0.000,0.983,0.017
95500,0.000,0.985,0.015
95600,0.000,0.985,0.015
95700,0.000,0.985,0.015
95800,0.000,0.988,0.012
95900,0.000,0.988,0.012
96000,0.000,0.988,0.012
96100,0.000,0.988,0.012
96200,0.000,0.988,0.012
96300,0.000,0.988,0.012
96400,0.000,0.988,0.012
96500,0.000,0.988,0.012
96600,0.000,0.990,0.010
96700,0.000,0.990,0.010
96800,0.000,0.990,0.010
96900,0.000,0.990,0.010
97000,0.000,0.990,0.010
97100,0.000,0.990,0.010
97200,0.000,0.990,0.010
97300,0.000,0.990,0.010
97400,0.000,0.990,0.010
97500,0.000,0.990,0.010
97600,0.000,0.990,0.010
97700,0.000,0.990,0.010
97800,0.000,0.990,0.010
97900,0.000,0.993,0.007
98000,0.000,0.993,0.007
98100,0.000,0.993,0.007
98200,0.000,0.993,0.007
98300,0.000,0.993,0.007
98400,0.000,0.993,0.007
98500,0.000,0.993,0.007
98600,0.000,0.993,0.007
98700,0.000,0.993,0.007
98800,0.000,0.993,0.007
98900,0.000,0.993,0.007
99000,0.000,0.993,0.007
99100,0.000,0.993,0.007
99200,0.000,0.993,0.007
99300,0.000,0.993,0.007
99400,0.000,0.993,0.007
99500,0.000,0.993,0.007
99600,0.000,0.993,0.007
99700,0.000,0.993,0.007
99800,0.000,0.993,0.007
99900,0.000,0.993,0.007
100000,0.000,0.993,0.007
