time,n_A+p,n_B,n_AB
100,0.030,0.957,0.013
200,0.030,0.956,0.014
300,0.031,0.955,0.014
400,0.030,0.947,0.023
500,0.030,0.941,0.030
600,0.030,0.936,0.035
700,0.031,0.934,0.036
800,0.036,0.915,0.049
900,0.038,0.917,0.045
1000,0.041,0.907,0.052
1100,0.040,0.909,0.051
1200,0.044,0.909,0.047
1300,0.042,0.905,0.053
1400,0.039,0.892,0.069
1500,0.039,0.894,0.067
1600,0.047,0.878,0.075
1700,0.044,0.878,0.078
1800,0.042,0.872,0.086
1900,0.044,0.875,0.081
2000,0.044,0.864,0.092
2100,0.049,0.858,0.093
2200,0.049,0.858,0.093
2300,0.049,0.852,0.099
2400,0.047,0.848,0.105
2500,0.048,0.839,0.113
2600,0.047,0.847,0.106
2700,0.056,0.837,0.107
2800,0.049,0.828,0.123
2900,0.051,0.822,0.127
3000,0.062,0.811,0.127
3100,0.060,0.799,0.141
3200,0.066,0.799,0.135
3300,0.066,0.793,0.141
3400,0.060,0.787,0.153
3500,0.058,0.785,0.156
3600,0.054,0.784,0.161
3700,0.057,0.782,0.160
3800,0.060,0.780,0.159
3900,0.053,0.778,0.169
4000,0.046,0.766,0.188
4100,0.047,0.763,0.190
4200,0.058,0.769,0.173
4300,0.057,0.770,0.173
4400,0.057,0.768,0.175
4500,0.062,0.771,0.166
4600,0.054,0.765,0.181
4700,0.062,0.765,0.173
4800,0.054,0.776,0.170
4900,0.066,0.771,0.162
5000,0.073,0.768,0.159
5100,0.063,0.760,0.177
5200,0.065,0.739,0.196
5300,0.070,0.733,0.196
5400,0.083,0.716,0.201
5500,0.085,0.712,0.203
5600,0.090,0.703,0.207
5700,0.088,0.701,0.211
5800,0.083,0.701,0.217
5900,0.084,0.703,0.213
6000,0.087,0.708,0.205
6100,0.086,0.694,0.221
6200,0.086,0.680,0.234
6300,0.086,0.681,0.233
6400,0.092,0.685,0.223
6500,0.095,0.689,0.216
6600,0.094,0.685,0.221
6700,0.085,0.689,0.226
6800,0.081,0.691,0.229
6900,0.082,0.695,0.224
7000,0.089,0.685,0.226
7100,0.089,0.685,0.226
7200,0.088,0.681,0.231
7300,0.093,0.678,0.229
7400,0.084,0.669,0.247
7500,0.088,0.675,0.237
7600,0.086,0.671,0.243
7700,0.080,0.664,0.256
7800,0.078,0.659,0.264
7900,0.086,0.653,0.261
8000,0.083,0.648,0.270
8100,0.081,0.647,0.273
8200,0.083,0.654,0.264
8300,0.090,0.645,0.266
8400,0.115,0.626,0.258
8500,0.118,0.617,0.265
8600,0.126,0.607,0.268
8700,0.136,0.599,0.266
8800,0.132,0.594,0.274
8900,0.123,0.588,0.289
9000,0.130,0.578,0.292
9100,0.130,0.576,0.294
9200,0.133,0.580,0.287
9300,0.132,0.577,0.291
9400,0.120,0.584,0.296
9500,0.115,0.585,0.299
9600,0.120,0.583,0.297
9700,0.125,0.570,0.305
9800,0.117,0.570,0.313
9900,0.138,0.546,0.316
10000,0.123,0.574,0.303
10100,0.134,0.585,0.281
10200,0.129,0.579,0.292
10300,0.132,0.580,0.288
10400,0.147,0.580,0.273
10500,0.152,0.572,0.276
10600,0.152,0.565,0.283
10700,0.168,0.566,0.267
10800,0.163,0.564,0.273
10900,0.177,0.554,0.270
11000,0.185,0.540,0.275
11100,0.187,0.540,0.273
11200,0.180,0.531,0.289
11300,0.180,0.540,0.280
11400,0.172,0.535,0.293
11500,0.173,0.534,0.293
11600,0.166,0.523,0.311
11700,0.169,0.530,0.301
11800,0.164,0.536,0.299
11900,0.152,0.547,0.300
12000,0.159,0.541,0.299
12100,0.157,0.531,0.312
12200,0.152,0.522,0.326
12300,0.160,0.516,0.324
12400,0.168,0.529,0.303
12500,0.168,0.530,0.302
12600,0.153,0.524,0.323
12700,0.148,0.529,0.323
12800,0.148,0.534,0.318
12900,0.135,0.571,0.294
13000,0.136,0.557,0.307
13100,0.127,0.559,0.315
13200,0.133,0.553,0.315
13300,0.129,0.545,0.326
13400,0.139,0.547,0.314
13500,0.148,0.540,0.312
13600,0.164,0.533,0.302
13700,0.166,0.523,0.311
13800,0.168,0.528,0.304
13900,0.172,0.520,0.308
14000,0.163,0.516,0.321
14100,0.170,0.516,0.315
14200,0.166,0.518,0.316
14300,0.166,0.519,0.315
14400,0.161,0.537,0.301
14500,0.166,0.549,0.285
14600,0.164,0.538,0.297
14700,0.168,0.543,0.289
14800,0.154,0.558,0.288
14900,0.147,0.565,0.288
15000,0.159,0.563,0.278
15100,0.163,0.553,0.284
15200,0.160,0.540,0.299
15300,0.174,0.525,0.301
15400,0.169,0.529,0.302
15500,0.198,0.511,0.291
15600,0.191,0.520,0.289
15700,0.176,0.522,0.302
15800,0.175,0.516,0.309
15900,0.173,0.507,0.321
16000,0.181,0.499,0.320
16100,0.180,0.509,0.312
16200,0.180,0.513,0.307
16300,0.176,0.513,0.312
16400,0.179,0.526,0.295
16500,0.173,0.522,0.305
16600,0.180,0.511,0.309
16700,0.183,0.503,0.315
16800,0.191,0.506,0.303
16900,0.185,0.518,0.297
17000,0.175,0.520,0.305
17100,0.177,0.513,0.311
17200,0.183,0.505,0.313
17300,0.180,0.507,0.314
17400,0.173,0.509,0.319
17500,0.168,0.494,0.338
17600,0.170,0.496,0.334
17700,0.169,0.488,0.343
17800,0.166,0.486,0.347
17900,0.162,0.488,0.349
18000,0.168,0.505,0.328
18100,0.160,0.502,0.338
18200,0.159,0.496,0.344
18300,0.169,0.494,0.337
18400,0.163,0.492,0.344
18500,0.164,0.496,0.339
18600,0.166,0.497,0.336
18700,0.170,0.494,0.336
18800,0.173,0.486,0.341
18900,0.182,0.482,0.336
19000,0.187,0.473,0.340
19100,0.174,0.467,0.360
19200,0.180,0.465,0.355
19300,0.177,0.466,0.358
19400,0.189,0.461,0.350
19500,0.195,0.448,0.356
19600,0.228,0.445,0.327
19700,0.222,0.436,0.342
19800,0.216,0.436,0.348
19900,0.225,0.433,0.342
20000,0.211,0.426,0.363
20100,0.204,0.427,0.369
20200,0.210,0.430,0.360
20300,0.205,0.423,0.372
20400,0.217,0.435,0.348
20500,0.208,0.430,0.362
20600,0.206,0.433,0.361
20700,0.205,0.429,0.366
20800,0.199,0.430,0.371
20900,0.206,0.437,0.356
21000,0.200,0.438,0.362
21100,0.198,0.437,0.365
21200,0.185,0.436,0.379
21300,0.187,0.428,0.385
21400,0.198,0.428,0.374
21500,0.213,0.421,0.366
21600,0.215,0.423,0.363
21700,0.202,0.431,0.367
21800,0.201,0.433,0.366
21900,0.200,0.431,0.369
22000,0.190,0.422,0.388
22100,0.198,0.432,0.370
22200,0.192,0.436,0.372
22300,0.202,0.429,0.369
22400,0.206,0.420,0.374
22500,0.215,0.409,0.377
22600,0.216,0.412,0.373
22700,0.228,0.419,0.353
22800,0.234,0.421,0.345
22900,0.233,0.421,0.346
23000,0.238,0.414,0.348
23100,0.253,0.397,0.349
23200,0.248,0.391,0.361
23300,0.239,0.392,0.369
23400,0.241,0.394,0.365
23500,0.225,0.400,0.375
23600,0.204,0.395,0.400
23700,0.199,0.391,0.410
23800,0.209,0.392,0.398
23900,0.212,0.403,0.384
24000,0.223,0.398,0.379
24100,0.239,0.392,0.369
24200,0.249,0.390,0.361
24300,0.252,0.409,0.339
24400,0.243,0.406,0.351
24500,0.234,0.421,0.345
24600,0.240,0.411,0.349
24700,0.226,0.424,0.350
24800,0.224,0.417,0.360
24900,0.231,0.419,0.350
25000,0.244,0.410,0.346
25100,0.238,0.396,0.366
25200,0.244,0.404,0.351
25300,0.250,0.397,0.352
25400,0.261,0.370,0.369
25500,0.264,0.368,0.369
25600,0.273,0.367,0.361
25700,0.265,0.365,0.371
25800,0.263,0.363,0.375
25900,0.261,0.372,0.367
26000,0.250,0.378,0.372
26100,0.265,0.379,0.356
26200,0.253,0.375,0.372
26300,0.266,0.372,0.363
26400,0.270,0.377,0.353
26500,0.260,0.376,0.364
26600,0.253,0.384,0.363
26700,0.252,0.396,0.351
26800,0.247,0.397,0.355
26900,0.265,0.384,0.351
27000,0.255,0.397,0.347
27100,0.243,0.409,0.348
27200,0.244,0.404,0.351
27300,0.248,0.407,0.345
27400,0.236,0.407,0.358
27500,0.234,0.397,0.369
27600,0.233,0.411,0.356
27700,0.239,0.422,0.339
27800,0.235,0.399,0.366
27900,0.228,0.394,0.378
28000,0.229,0.388,0.383
28100,0.235,0.383,0.382
28200,0.243,0.383,0.374
28300,0.239,0.382,0.379
28400,0.227,0.382,0.391
28500,0.247,0.382,0.371
28600,0.252,0.390,0.358
28700,0.249,0.377,0.374
28800,0.243,0.379,0.378
28900,0.239,0.381,0.380
29000,0.240,0.380,0.380
29100,0.247,0.372,0.381
29200,0.265,0.362,0.374
29300,0.260,0.366,0.374
29400,0.268,0.369,0.364
29500,0.268,0.363,0.370
29600,0.266,0.373,0.362
29700,0.264,0.378,0.359
29800,0.266,0.377,0.358
29900,0.243,0.379,0.378
30000,0.248,0.380,0.372
30100,0.251,0.377,0.372
30200,0.254,0.375,0.371
30300,0.260,0.371,0.369
30400,0.274,0.381,0.345
30500,0.257,0.391,0.351
30600,0.252,0.385,0.363
30700,0.254,0.383,0.363
30800,0.256,0.384,0.360
30900,0.233,0.394,0.373
31000,0.231,0.388,0.381
31100,0.225,0.393,0.382
31200,0.230,0.383,0.387
31300,0.242,0.383,0.375
31400,0.251,0.381,0.368
31500,0.248,0.377,0.375
31600,0.276,0.362,0.363
31700,0.275,0.360,0.366
31800,0.272,0.361,0.368
31900,0.259,0.359,0.382
32000,0.260,0.355,0.384
32100,0.250,0.372,0.378
32200,0.249,0.376,0.375
32300,0.244,0.388,0.368
32400,0.234,0.394,0.372
32500,0.234,0.402,0.364
32600,0.240,0.402,0.358
32700,0.244,0.397,0.359
32800,0.242,0.391,0.367
32900,0.243,0.386,0.371
33000,0.257,0.373,0.370
33100,0.257,0.373,0.370
33200,0.242,0.390,0.368
33300,0.232,0.392,0.376
33400,0.239,0.388,0.373
33500,0.230,0.383,0.387
33600,0.227,0.377,0.396
33700,0.223,0.366,0.412
33800,0.228,0.361,0.412
33900,0.231,0.365,0.404
34000,0.234,0.367,0.399
34100,0.228,0.374,0.398
34200,0.231,0.372,0.397
34300,0.241,0.360,0.399
34400,0.245,0.359,0.396
34500,0.237,0.365,0.398
34600,0.228,0.361,0.412
34700,0.237,0.350,0.413
34800,0.231,0.358,0.412
34900,0.224,0.366,0.411
35000,0.247,0.362,0.391
35100,0.264,0.354,0.382
35200,0.257,0.360,0.383
35300,0.268,0.368,0.365
35400,0.265,0.349,0.386
35500,0.266,0.350,0.384
35600,0.273,0.351,0.376
35700,0.271,0.365,0.365
35800,0.268,0.369,0.364
35900,0.267,0.352,0.381
36000,0.261,0.349,0.389
36100,0.254,0.361,0.385
36200,0.260,0.352,0.387
36300,0.267,0.354,0.379
36400,0.271,0.359,0.371
36500,0.269,0.364,0.368
36600,0.276,0.349,0.375
36700,0.271,0.363,0.367
36800,0.280,0.359,0.362
36900,0.287,0.359,0.354
37000,0.279,0.365,0.356
37100,0.278,0.355,0.367
37200,0.266,0.363,0.372
37300,0.268,0.358,0.375
37400,0.276,0.353,0.371
37500,0.268,0.352,0.380
37600,0.266,0.363,0.372
37700,0.253,0.359,0.388
37800,0.248,0.358,0.394
37900,0.267,0.359,0.375
38000,0.264,0.352,0.384
38100,0.263,0.355,0.382
38200,0.247,0.348,0.404
38300,0.244,0.344,0.412
38400,0.243,0.353,0.403
38500,0.239,0.366,0.395
38600,0.259,0.352,0.388
38700,0.255,0.364,0.381
38800,0.256,0.366,0.378
38900,0.257,0.366,0.377
39000,0.258,0.367,0.375
39100,0.253,0.372,0.375
39200,0.254,0.376,0.370
39300,0.248,0.376,0.376
39400,0.238,0.375,0.387
39500,0.245,0.368,0.387
39600,0.236,0.368,0.396
39700,0.228,0.372,0.400
39800,0.216,0.365,0.420
39900,0.232,0.362,0.407
40000,0.230,0.373,0.397
40100,0.225,0.367,0.409
40200,0.226,0.371,0.403
40300,0.232,0.366,0.402
40400,0.229,0.381,0.390
40500,0.238,0.373,0.389
40600,0.247,0.371,0.382
40700,0.243,0.370,0.387
40800,0.231,0.371,0.398
40900,0.223,0.364,0.414
41000,0.222,0.373,0.406
41100,0.210,0.373,0.417
41200,0.205,0.374,0.421
41300,0.205,0.368,0.427
41400,0.203,0.358,0.439
41500,0.212,0.352,0.435
41600,0.218,0.343,0.439
41700,0.236,0.347,0.417
41800,0.232,0.340,0.428
41900,0.240,0.341,0.419
42000,0.233,0.348,0.419
42100,0.231,0.351,0.418
42200,0.238,0.350,0.412
42300,0.237,0.358,0.406
42400,0.240,0.351,0.409
42500,0.233,0.350,0.417
42600,0.229,0.359,0.413
42700,0.230,0.367,0.403
42800,0.231,0.366,0.403
42900,0.221,0.396,0.383
43000,0.200,0.410,0.390
43100,0.192,0.412,0.396
43200,0.195,0.403,0.401
43300,0.188,0.401,0.411
43400,0.194,0.406,0.400
43500,0.209,0.399,0.391
43600,0.211,0.394,0.394
43700,0.209,0.395,0.395
43800,0.216,0.383,0.401
43900,0.212,0.388,0.399
44000,0.200,0.392,0.408
44100,0.201,0.375,0.424
44200,0.212,0.362,0.426
44300,0.218,0.347,0.435
44400,0.216,0.358,0.427
44500,0.215,0.359,0.427
44600,0.208,0.355,0.436
44700,0.201,0.362,0.437
44800,0.209,0.353,0.437
44900,0.215,0.365,0.421
45000,0.208,0.362,0.430
45100,0.208,0.363,0.429
45200,0.213,0.365,0.422
45300,0.209,0.354,0.436
45400,0.206,0.352,0.441
45500,0.213,0.361,0.426
45600,0.210,0.355,0.434
45700,0.205,0.354,0.440
45800,0.213,0.339,0.447
45900,0.211,0.346,0.442
46000,0.191,0.352,0.457
46100,0.194,0.353,0.453
46200,0.203,0.343,0.454
46300,0.203,0.355,0.441
46400,0.212,0.371,0.417
46500,0.200,0.379,0.421
46600,0.187,0.392,0.421
46700,0.184,0.388,0.428
46800,0.191,0.384,0.425
46900,0.189,0.374,0.437
47000,0.213,0.372,0.415
47100,0.210,0.381,0.409
47200,0.216,0.366,0.419
47300,0.221,0.359,0.421
47400,0.236,0.348,0.416
47500,0.240,0.354,0.406
47600,0.239,0.330,0.431
47700,0.232,0.336,0.432
47800,0.211,0.340,0.448
47900,0.217,0.344,0.439
48000,0.217,0.347,0.436
48100,0.215,0.350,0.435
48200,0.205,0.360,0.435
48300,0.195,0.356,0.448
48400,0.204,0.358,0.438
48500,0.197,0.364,0.439
48600,0.202,0.374,0.424
48700,0.197,0.376,0.427
48800,0.193,0.389,0.418
48900,0.208,0.370,0.422
49000,0.213,0.376,0.411
49100,0.213,0.374,0.413
49200,0.224,0.365,0.412
49300,0.218,0.366,0.417
49400,0.208,0.371,0.421
49500,0.193,0.375,0.432
49600,0.194,0.370,0.436
49700,0.209,0.371,0.420
49800,0.213,0.375,0.412
49900,0.208,0.375,0.417
50000,0.211,0.376,0.413
50100,0.210,0.381,0.409
50200,0.213,0.378,0.409
50300,0.230,0.350,0.420
50400,0.234,0.348,0.418
50500,0.238,0.351,0.411
50600,0.233,0.354,0.413
50700,0.225,0.364,0.412
50800,0.225,0.362,0.414
50900,0.236,0.337,0.427
51000,0.229,0.334,0.437
51100,0.237,0.334,0.429
51200,0.237,0.347,0.416
51300,0.239,0.345,0.416
51400,0.240,0.341,0.419
51500,0.232,0.336,0.432
51600,0.241,0.322,0.437
51700,0.236,0.325,0.439
51800,0.245,0.325,0.430
51900,0.245,0.328,0.427
52000,0.226,0.349,0.425
52100,0.225,0.340,0.435
52200,0.223,0.348,0.429
52300,0.236,0.345,0.419
52400,0.230,0.352,0.418
52500,0.232,0.338,0.430
52600,0.234,0.336,0.430
52700,0.234,0.330,0.436
52800,0.237,0.318,0.445
52900,0.239,0.319,0.442
53000,0.243,0.318,0.439
53100,0.238,0.327,0.435
53200,0.239,0.340,0.421
53300,0.245,0.332,0.423
53400,0.248,0.337,0.415
53500,0.249,0.328,0.423
53600,0.241,0.333,0.426
53700,0.242,0.334,0.424
53800,0.245,0.340,0.415
53900,0.254,0.336,0.410
54000,0.250,0.339,0.411
54100,0.263,0.340,0.397
54200,0.263,0.340,0.397
54300,0.258,0.336,0.406
54400,0.259,0.337,0.403
54500,0.257,0.349,0.393
54600,0.251,0.351,0.397
54700,0.268,0.361,0.372
54800,0.274,0.355,0.371
54900,0.264,0.365,0.372
55000,0.267,0.365,0.369
55100,0.265,0.362,0.374
55200,0.263,0.381,0.356
55300,0.251,0.367,0.382
55400,0.242,0.378,0.380
55500,0.239,0.369,0.392
55600,0.247,0.377,0.376
55700,0.230,0.383,0.387
55800,0.229,0.387,0.384
55900,0.217,0.389,0.394
56000,0.241,0.379,0.380
56100,0.252,0.380,0.368
56200,0.248,0.378,0.374
56300,0.247,0.372,0.381
56400,0.257,0.367,0.376
56500,0.255,0.362,0.383
56600,0.257,0.361,0.382
56700,0.257,0.355,0.387
56800,0.248,0.353,0.398
56900,0.252,0.354,0.393
57000,0.255,0.356,0.388
57100,0.241,0.353,0.406
57200,0.233,0.354,0.413
57300,0.233,0.351,0.416
57400,0.245,0.343,0.412
57500,0.246,0.351,0.402
57600,0.249,0.353,0.397
57700,0.233,0.370,0.397
57800,0.231,0.381,0.388
57900,0.232,0.387,0.381
58000,0.236,0.382,0.382
58100,0.243,0.368,0.389
58200,0.239,0.358,0.403
58300,0.235,0.366,0.399
58400,0.229,0.358,0.414
58500,0.221,0.383,0.396
58600,0.213,0.393,0.393
58700,0.216,0.386,0.398
58800,0.206,0.379,0.415
58900,0.206,0.392,0.401
59000,0.212,0.394,0.393
59100,0.207,0.396,0.396
59200,0.192,0.406,0.402
59300,0.207,0.391,0.401
59400,0.208,0.389,0.402
59500,0.204,0.395,0.400
59600,0.196,0.390,0.414
59700,0.192,0.390,0.418
59800,0.194,0.374,0.432
59900,0.200,0.363,0.437
60000,0.206,0.361,0.433
60100,0.223,0.362,0.416
60200,0.239,0.333,0.428
60300,0.235,0.345,0.420
60400,0.230,0.370,0.400
60500,0.228,0.368,0.404
60600,0.239,0.365,0.396
60700,0.250,0.364,0.386
60800,0.252,0.358,0.390
60900,0.246,0.348,0.406
61000,0.244,0.353,0.402
61100,0.248,0.352,0.399
61200,0.241,0.360,0.399
61300,0.244,0.362,0.394
61400,0.247,0.349,0.403
61500,0.253,0.345,0.401
61600,0.274,0.336,0.390
61700,0.270,0.341,0.389
61800,0.264,0.334,0.402
61900,0.260,0.335,0.404
62000,0.247,0.334,0.419
62100,0.222,0.363,0.416
62200,0.224,0.353,0.423
62300,0.216,0.343,0.441
62400,0.213,0.330,0.457
62500,0.216,0.336,0.448
62600,0.210,0.330,0.460
62700,0.224,0.367,0.410
62800,0.229,0.369,0.402
62900,0.229,0.377,0.394
63000,0.238,0.366,0.396
63100,0.242,0.352,0.406
63200,0.246,0.347,0.407
63300,0.231,0.339,0.430
63400,0.234,0.333,0.433
63500,0.237,0.343,0.420
63600,0.246,0.332,0.422
63700,0.250,0.333,0.417
63800,0.252,0.326,0.422
63900,0.254,0.340,0.406
64000,0.253,0.344,0.402
64100,0.255,0.345,0.399
64200,0.254,0.339,0.407
64300,0.255,0.336,0.409
64400,0.258,0.340,0.401
64500,0.248,0.340,0.412
64600,0.245,0.345,0.410
64700,0.246,0.347,0.407
64800,0.256,0.329,0.415
64900,0.264,0.333,0.403
65000,0.264,0.321,0.416
65100,0.265,0.305,0.430
65200,0.280,0.313,0.408
65300,0.288,0.308,0.403
65400,0.285,0.305,0.410
65500,0.299,0.302,0.398
65600,0.290,0.306,0.403
65700,0.288,0.301,0.411
65800,0.276,0.304,0.420
65900,0.286,0.297,0.417
66000,0.290,0.298,0.412
66100,0.283,0.302,0.415
66200,0.291,0.292,0.417
66300,0.291,0.293,0.416
66400,0.293,0.285,0.422
66500,0.289,0.279,0.432
66600,0.285,0.279,0.436
66700,0.284,0.282,0.434
66800,0.301,0.281,0.418
66900,0.306,0.284,0.410
67000,0.295,0.285,0.420
67100,0.296,0.276,0.428
67200,0.297,0.274,0.429
67300,0.288,0.267,0.445
67400,0.288,0.266,0.446
67500,0.289,0.267,0.444
67600,0.287,0.264,0.449
67700,0.302,0.269,0.429
67800,0.295,0.266,0.439
67900,0.289,0.287,0.424
68000,0.303,0.275,0.422
68100,0.304,0.282,0.414
68200,0.305,0.291,0.403
68300,0.307,0.296,0.396
68400,0.287,0.307,0.406
68500,0.278,0.313,0.410
68600,0.279,0.316,0.406
68700,0.283,0.309,0.408
68800,0.281,0.314,0.406
68900,0.271,0.307,0.422
69000,0.283,0.301,0.416
69100,0.284,0.297,0.419
69200,0.268,0.300,0.432
69300,0.273,0.304,0.423
69400,0.279,0.303,0.418
69500,0.275,0.295,0.430
69600,0.276,0.299,0.425
69700,0.276,0.303,0.421
69800,0.273,0.296,0.431
69900,0.268,0.294,0.438
70000,0.266,0.311,0.424
70100,0.261,0.319,0.420
70200,0.270,0.304,0.426
70300,0.279,0.311,0.411
70400,0.295,0.307,0.397
70500,0.289,0.303,0.408
70600,0.297,0.299,0.403
70700,0.291,0.292,0.417
70800,0.302,0.290,0.408
70900,0.296,0.284,0.420
71000,0.308,0.277,0.415
71100,0.305,0.280,0.415
71200,0.288,0.287,0.425
71300,0.284,0.284,0.432
71400,0.275,0.300,0.425
71500,0.263,0.299,0.438
71600,0.268,0.292,0.440
71700,0.282,0.285,0.433
71800,0.276,0.297,0.427
71900,0.279,0.298,0.423
72000,0.270,0.311,0.420
72100,0.275,0.312,0.414
72200,0.269,0.301,0.430
72300,0.261,0.298,0.440
72400,0.257,0.298,0.444
72500,0.255,0.294,0.450
72600,0.249,0.313,0.438
72700,0.245,0.308,0.446
72800,0.244,0.313,0.443
72900,0.246,0.297,0.457
73000,0.245,0.307,0.447
73100,0.246,0.315,0.439
73200,0.248,0.320,0.432
73300,0.241,0.325,0.434
73400,0.236,0.322,0.442
73500,0.238,0.336,0.426
73600,0.238,0.334,0.428
73700,0.242,0.328,0.430
73800,0.242,0.334,0.424
73900,0.247,0.331,0.422
74000,0.248,0.332,0.420
74100,0.246,0.340,0.414
74200,0.252,0.330,0.418
74300,0.249,0.323,0.428
74400,0.242,0.328,0.430
74500,0.238,0.324,0.438
74600,0.246,0.325,0.429
74700,0.267,0.308,0.425
74800,0.254,0.318,0.428
74900,0.258,0.318,0.424
75000,0.264,0.322,0.415
75100,0.263,0.318,0.420
75200,0.272,0.318,0.411
75300,0.276,0.318,0.407
75400,0.272,0.323,0.406
75500,0.268,0.324,0.409
75600,0.250,0.323,0.427
75700,0.267,0.317,0.417
75800,0.264,0.322,0.415
75900,0.252,0.320,0.428
76000,0.253,0.320,0.427
76100,0.254,0.330,0.416
76200,0.271,0.327,0.402
76300,0.272,0.325,0.403
76400,0.276,0.329,0.395
76500,0.268,0.327,0.406
76600,0.260,0.324,0.416
76700,0.279,0.321,0.400
76800,0.261,0.318,0.421
76900,0.264,0.319,0.418
77000,0.266,0.323,0.412
77100,0.272,0.307,0.421
77200,0.268,0.304,0.428
77300,0.270,0.313,0.418
77400,0.272,0.320,0.409
77500,0.275,0.318,0.408
77600,0.261,0.307,0.431
77700,0.263,0.322,0.416
77800,0.268,0.329,0.403
77900,0.246,0.335,0.419
78000,0.245,0.355,0.399
78100,0.229,0.368,0.403
78200,0.235,0.366,0.399
78300,0.247,0.356,0.396
78400,0.249,0.353,0.397
78500,0.245,0.353,0.401
78600,0.270,0.340,0.390
78700,0.260,0.337,0.402
78800,0.279,0.324,0.397
78900,0.291,0.313,0.396
79000,0.292,0.316,0.392
79100,0.296,0.318,0.386
79200,0.294,0.313,0.393
79300,0.289,0.307,0.403
79400,0.289,0.302,0.409
79500,0.277,0.308,0.415
79600,0.259,0.319,0.422
79700,0.255,0.318,0.427
79800,0.252,0.335,0.413
79900,0.239,0.347,0.414
80000,0.236,0.337,0.427
80100,0.237,0.348,0.415
80200,0.233,0.337,0.430
80300,0.236,0.342,0.422
80400,0.238,0.354,0.408
80500,0.250,0.358,0.392
80600,0.239,0.353,0.408
80700,0.237,0.350,0.413
80800,0.236,0.339,0.425
80900,0.240,0.347,0.413
81000,0.246,0.335,0.419
81100,0.248,0.342,0.410
81200,0.248,0.343,0.409
81300,0.251,0.348,0.400
81400,0.256,0.346,0.397
81500,0.245,0.345,0.410
81600,0.236,0.356,0.408
81700,0.236,0.362,0.402
81800,0.233,0.359,0.409
81900,0.235,0.366,0.399
82000,0.247,0.359,0.394
82100,0.240,0.365,0.395
82200,0.239,0.366,0.395
82300,0.232,0.366,0.402
82400,0.250,0.354,0.395
82500,0.248,0.354,0.397
82600,0.233,0.361,0.407
82700,0.222,0.360,0.419
82800,0.228,0.358,0.415
82900,0.232,0.359,0.410
83000,0.228,0.361,0.412
83100,0.231,0.342,0.427
83200,0.222,0.347,0.431
83300,0.228,0.344,0.428
83400,0.228,0.342,0.430
83500,0.228,0.341,0.431
83600,0.249,0.330,0.421
83700,0.255,0.328,0.417
83800,0.246,0.338,0.416
83900,0.259,0.326,0.415
84000,0.263,0.320,0.418
84100,0.265,0.317,0.419
84200,0.261,0.324,0.415
84300,0.253,0.336,0.411
84400,0.260,0.329,0.411
84500,0.258,0.338,0.403
84600,0.249,0.332,0.419
84700,0.247,0.335,0.418
84800,0.249,0.323,0.428
84900,0.244,0.323,0.433
85000,0.238,0.306,0.456
85100,0.242,0.309,0.448
85200,0.244,0.320,0.436
85300,0.237,0.323,0.440
85400,0.251,0.327,0.422
85500,0.249,0.340,0.411
85600,0.241,0.354,0.404
85700,0.259,0.329,0.412
85800,0.259,0.333,0.408
85900,0.254,0.329,0.417
86000,0.249,0.330,0.421
86100,0.258,0.329,0.413
86200,0.259,0.342,0.398
86300,0.247,0.348,0.404
86400,0.242,0.352,0.406
86500,0.249,0.345,0.406
86600,0.254,0.332,0.414
86700,0.246,0.347,0.407
86800,0.239,0.339,0.422
86900,0.235,0.349,0.416
87000,0.229,0.348,0.423
87100,0.222,0.342,0.436
87200,0.227,0.362,0.412
87300,0.225,0.361,0.415
87400,0.219,0.366,0.416
87500,0.226,0.359,0.416
87600,0.230,0.347,0.423
87700,0.235,0.344,0.421
87800,0.242,0.333,0.425
87900,0.246,0.331,0.423
88000,0.243,0.328,0.429
88100,0.248,0.324,0.428
88200,0.251,0.331,0.418
88300,0.255,0.340,0.404
88400,0.245,0.354,0.400
88500,0.255,0.348,0.396
88600,0.255,0.343,0.401
88700,0.257,0.355,0.387
88800,0.269,0.346,0.385
88900,0.275,0.346,0.379
89000,0.276,0.333,0.391
89100,0.265,0.334,0.401
89200,0.265,0.334,0.401
89300,0.283,0.330,0.387
89400,0.271,0.343,0.386
89500,0.263,0.346,0.391
89600,0.264,0.348,0.388
89700,0.265,0.350,0.385
89800,0.259,0.359,0.382
89900,0.259,0.352,0.388
90000,0.263,0.349,0.388
90100,0.267,0.337,0.396
90200,0.259,0.325,0.416
90300,0.265,0.326,0.410
90400,0.263,0.317,0.421
90500,0.264,0.306,0.430
90600,0.281,0.312,0.408
90700,0.296,0.298,0.406
90800,0.298,0.294,0.408
90900,0.297,0.295,0.408
91000,0.288,0.295,0.417
91100,0.284,0.297,0.419
91200,0.278,0.312,0.411
91300,0.273,0.309,0.418
91400,0.265,0.321,0.415
91500,0.269,0.313,0.419
91600,0.288,0.313,0.399
91700,0.287,0.306,0.407
91800,0.280,0.320,0.400
91900,0.285,0.318,0.397
92000,0.276,0.318,0.407
92100,0.283,0.308,0.409
92200,0.282,0.303,0.415
92300,0.271,0.295,0.434
92400,0.266,0.298,0.436
92500,0.264,0.296,0.440
92600,0.271,0.284,0.445
92700,0.275,0.291,0.434
92800,0.281,0.286,0.433
92900,0.270,0.292,0.438
93000,0.268,0.301,0.431
93100,0.274,0.303,0.423
93200,0.275,0.298,0.427
93300,0.268,0.288,0.444
93400,0.274,0.292,0.434
93500,0.271,0.285,0.444
93600,0.263,0.286,0.451
93700,0.265,0.289,0.446
93800,0.264,0.285,0.451
93900,0.259,0.290,0.450
94000,0.260,0.291,0.448
94100,0.258,0.296,0.445
94200,0.250,0.292,0.458
94300,0.247,0.294,0.459
94400,0.236,0.311,0.454
94500,0.230,0.308,0.462
94600,0.232,0.316,0.453
94700,0.230,0.306,0.464
94800,0.226,0.308,0.466
94900,0.223,0.306,0.471
95000,0.225,0.308,0.467
95100,0.241,0.305,0.454
95200,0.241,0.296,0.463
95300,0.266,0.283,0.451
95400,0.266,0.284,0.450
95500,0.273,0.269,0.459
95600,0.269,0.281,0.450
95700,0.265,0.279,0.457
95800,0.263,0.282,0.456
95900,0.272,0.278,0.450
96000,0.274,0.277,0.449
96100,0.271,0.277,0.453
96200,0.269,0.276,0.456
96300,0.277,0.289,0.434
96400,0.254,0.291,0.455
96500,0.256,0.289,0.455
96600,0.275,0.286,0.439
96700,0.286,0.268,0.446
96800,0.270,0.279,0.451
96900,0.274,0.277,0.449
97000,0.270,0.281,0.449
97100,0.271,0.283,0.446
97200,0.281,0.284,0.435
97300,0.287,0.273,0.440
97400,0.295,0.282,0.423
97500,0.291,0.279,0.430
97600,0.282,0.280,0.438
97700,0.281,0.287,0.432
97800,0.275,0.287,0.438
97900,0.285,0.280,0.435
98000,0.295,0.293,0.412
98100,0.296,0.290,0.414
98200,0.287,0.287,0.426
98300,0.285,0.289,0.426
98400,0.275,0.297,0.428
98500,0.288,0.290,0.422
98600,0.282,0.289,0.429
98700,0.266,0.284,0.450
98800,0.256,0.298,0.445
98900,0.258,0.292,0.449
99000,0.269,0.286,0.445
99100,0.258,0.303,0.438
99200,0.257,0.294,0.448
99300,0.260,0.293,0.446
99400,0.259,0.293,0.447
99500,0.250,0.321,0.429
99600,0.244,0.326,0.430
99700,0.246,0.318,0.436
99800,0.245,0.321,0.434
99900,0.236,0.322,0.442
100000,0.230,0.330,0.440
