time,n_A+p,n_B,n_AB
500,0.050,0.141,0.809
1000,0.075,0.132,0.793
1500,0.052,0.079,0.869
2000,0.685,0.000,0.315
2500,0.938,0.000,0.062
3000,0.834,0.000,0.166
3500,0.579,0.000,0.421
4000,0.644,0.000,0.356
4500,0.833,0.000,0.167
5000,0.443,0.000,0.557
5500,0.589,0.000,0.411
6000,0.787,0.000,0.213
6500,0.866,0.000,0.134
7000,0.615,0.000,0.385
7500,0.592,0.000,0.408
8000,0.704,0.000,0.296
8500,0.870,0.000,0.130
9000,0.976,0.000,0.024
9500,1.000,0.000,0.000
