time,n_A+p,n_B,n_AB
500,0.080,0.837,0.084
1000,0.080,0.768,0.152
1500,0.080,0.702,0.219
2000,0.082,0.649,0.269
2500,0.082,0.611,0.308
3000,0.082,0.573,0.346
3500,0.083,0.549,0.368
4000,0.090,0.517,0.393
4500,0.091,0.483,0.426
5000,0.089,0.448,0.463
5500,0.098,0.436,0.466
6000,0.106,0.436,0.458
6500,0.110,0.425,0.465
7000,0.104,0.401,0.494
7500,0.106,0.382,0.512
8000,0.118,0.367,0.514
8500,0.131,0.333,0.536
9000,0.126,0.314,0.561
9500,0.137,0.303,0.560
10000,0.144,0.291,0.565
10500,0.148,0.264,0.589
11000,0.160,0.251,0.589
11500,0.199,0.218,0.583
12000,0.199,0.204,0.597
12500,0.211,0.168,0.620
13000,0.245,0.148,0.607
13500,0.281,0.126,0.593
14000,0.340,0.108,0.552
14500,0.380,0.074,0.545
15000,0.414,0.053,0.533
15500,0.478,0.028,0.494
16000,0.534,0.024,0.442
16500,0.587,0.014,0.399
17000,0.627,0.011,0.362
17500,0.670,0.008,0.322
18000,0.699,0.006,0.295
18500,0.728,0.002,0.270
19000,0.768,0.002,0.230
19500,0.788,0.000,0.212
20000,0.837,0.000,0.163
20500,0.850,0.000,0.150
21000,0.856,0.000,0.144
21500,0.866,0.000,0.134
22000,0.873,0.000,0.127
22500,0.882,0.000,0.118
23000,0.913,0.000,0.087
23500,0.906,0.000,0.094
24000,0.924,0.000,0.076
24500,0.936,0.000,0.064
25000,0.939,0.000,0.061
25500,0.933,0.000,0.067
26000,0.940,0.000,0.060
26500,0.939,0.000,0.061
27000,0.941,0.000,0.059
27500,0.951,0.000,0.049
28000,0.954,0.000,0.046
28500,0.949,0.000,0.051
29000,0.962,0.000,0.038
29500,0.955,0.000,0.045
30000,0.956,0.000,0.044
30500,0.955,0.000,0.045
31000,0.966,0.000,0.034
31500,0.971,0.000,0.029
32000,0.967,0.000,0.033
32500,0.978,0.000,0.022
33000,0.974,0.000,0.026
33500,0.979,0.000,0.021
34000,0.965,0.000,0.035
34500,0.963,0.000,0.037
35000,0.970,0.000,0.030
35500,0.961,0.000,0.039
36000,0.972,0.000,0.028
36500,0.964,0.000,0.036
37000,0.970,0.000,0.030
37500,0.978,0.000,0.022
38000,0.979,0.000,0.021
38500,0.982,0.000,0.018
39000,0.988,0.000,0.012
39500,0.989,0.000,0.011
40000,0.990,0.000,0.010
40500,0.995,0.000,0.005
41000,0.992,0.000,0.008
41500,0.992,0.000,0.008
42000,0.991,0.000,0.009
42500,0.992,0.000,0.008
43000,0.993,0.000,0.007
43500,0.994,0.000,0.006
44000,0.994,0.000,0.006
44500,0.996,0.000,0.004
45000,0.997,0.000,0.003
45500,0.999,0.000,0.001
46000,1.000,0.000,0.000
46500,0.998,0.000,0.002
47000,0.999,0.000,0.001
47500,1.000,0.000,0.000
