time,n_A+p,n_B,n_AB
500,0.050,0.438,0.512
1000,0.050,0.254,0.696
1500,0.050,0.393,0.557
2000,0.050,0.397,0.553
2500,0.050,0.404,0.546
3000,0.050,0.406,0.544
3500,0.050,0.374,0.576
4000,0.050,0.239,0.711
4500,0.050,0.398,0.552
5000,0.050,0.323,0.627
5500,0.050,0.310,0.640
6000,0.050,0.500,0.450
6500,0.050,0.416,0.534
7000,0.050,0.344,0.606
7500,0.050,0.342,0.608
8000,0.050,0.372,0.578
8500,0.050,0.257,0.693
9000,0.050,0.480,0.470
9500,0.050,0.406,0.544
10000,0.050,0.377,0.573
10500,0.050,0.455,0.495
11000,0.050,0.368,0.582
11500,0.050,0.304,0.646
12000,0.050,0.263,0.687
12500,0.050,0.338,0.612
13000,0.050,0.392,0.558
13500,0.050,0.430,0.520
14000,0.050,0.381,0.569
14500,0.050,0.430,0.520
15000,0.050,0.354,0.596
15500,0.050,0.417,0.533
16000,0.050,0.403,0.547
16500,0.050,0.253,0.697
17000,0.050,0.319,0.631
17500,0.050,0.271,0.679
18000,0.050,0.421,0.529
18500,0.050,0.236,0.714
19000,0.050,0.255,0.695
19500,0.050,0.315,0.635
20000,0.050,0.390,0.560
20500,0.050,0.278,0.672
21000,0.050,0.445,0.505
21500,0.050,0.335,0.615
22000,0.050,0.291,0.659
22500,0.051,0.329,0.620
23000,0.050,0.445,0.505
23500,0.050,0.420,0.530
24000,0.050,0.271,0.679
24500,0.165,0.054,0.781
25000,0.992,0.000,0.008
25500,1.000,0.000,0.000
