time,n_A+p,n_B,n_AB
0,0.028,0.972,0.000
500,0.028,0.959,0.014
1000,0.032,0.880,0.088
1500,0.028,0.834,0.138
2000,0.037,0.857,0.106
2500,0.041,0.829,0.129
3000,0.032,0.765,0.203
3500,0.046,0.756,0.198
4000,0.055,0.760,0.184
4500,0.074,0.737,0.189
5000,0.074,0.668,0.258
5500,0.106,0.590,0.304
6000,0.083,0.622,0.295
6500,0.083,0.608,0.309
7000,0.055,0.677,0.267
7500,0.037,0.691,0.272
8000,0.069,0.650,0.281
8500,0.092,0.654,0.253
9000,0.088,0.682,0.230
9500,0.092,0.641,0.267
10000,0.115,0.631,0.253
10500,0.083,0.539,0.378
11000,0.120,0.516,0.364
11500,0.143,0.585,0.272
12000,0.129,0.493,0.378
12500,0.097,0.548,0.355
13000,0.161,0.535,0.304
13500,0.124,0.488,0.387
14000,0.143,0.452,0.406
14500,0.184,0.447,0.369
15000,0.194,0.378,0.429
15500,0.198,0.429,0.373
16000,0.249,0.350,0.401
16500,0.244,0.327,0.429
17000,0.359,0.212,0.429
17500,0.429,0.240,0.332
18000,0.502,0.161,0.336
18500,0.493,0.134,0.373
19000,0.553,0.106,0.341
19500,0.525,0.101,0.373
20000,0.475,0.124,0.401
20500,0.567,0.092,0.341
21000,0.645,0.088,0.267
21500,0.590,0.106,0.304
22000,0.747,0.037,0.217
22500,0.760,0.009,0.230
23000,0.811,0.018,0.171
23500,0.857,0.014,0.129
24000,0.756,0.023,0.221
24500,0.853,0.028,0.120
25000,0.811,0.018,0.171
25500,0.871,0.014,0.115
26000,0.839,0.009,0.152
26500,0.899,0.014,0.088
27000,0.931,0.009,0.060
27500,0.926,0.009,0.065
28000,0.922,0.009,0.069
28500,0.935,0.018,0.046
29000,0.968,0.005,0.028
29500,0.982,0.005,0.014
30000,0.982,0.005,0.014
30500,0.991,0.000,0.009
31000,0.991,0.000,0.009
31500,0.995,0.000,0.005
32000,1.000,0.000,0.000
