time,n_A+p,n_B,n_AB
500,0.050,0.856,0.094
1000,0.050,0.771,0.179
1500,0.050,0.647,0.302
2000,0.050,0.534,0.415
2500,0.050,0.551,0.398
3000,0.050,0.481,0.468
3500,0.054,0.409,0.536
4000,0.058,0.395,0.547
4500,0.054,0.360,0.585
5000,0.057,0.332,0.611
5500,0.058,0.336,0.607
6000,0.051,0.351,0.598
6500,0.050,0.410,0.540
7000,0.050,0.369,0.581
7500,0.053,0.408,0.538
8000,0.062,0.401,0.537
8500,0.058,0.422,0.520
9000,0.057,0.374,0.569
9500,0.057,0.364,0.579
10000,0.053,0.369,0.578
10500,0.051,0.380,0.569
11000,0.051,0.367,0.582
11500,0.051,0.344,0.605
12000,0.055,0.340,0.605
12500,0.054,0.346,0.600
13000,0.053,0.358,0.589
13500,0.053,0.375,0.572
14000,0.057,0.355,0.587
14500,0.059,0.322,0.619
15000,0.060,0.343,0.597
15500,0.058,0.349,0.593
16000,0.054,0.382,0.564
16500,0.055,0.350,0.595
17000,0.056,0.291,0.653
17500,0.057,0.317,0.626
18000,0.057,0.316,0.628
18500,0.057,0.304,0.638
19000,0.058,0.325,0.617
19500,0.069,0.291,0.640
20000,0.058,0.332,0.611
20500,0.054,0.301,0.644
21000,0.055,0.309,0.635
21500,0.053,0.281,0.665
22000,0.053,0.278,0.669
22500,0.060,0.309,0.630
23000,0.070,0.287,0.643
23500,0.061,0.298,0.640
24000,0.062,0.306,0.632
24500,0.062,0.267,0.671
25000,0.063,0.354,0.583
25500,0.057,0.332,0.611
26000,0.054,0.381,0.565
26500,0.051,0.348,0.601
27000,0.054,0.378,0.568
27500,0.051,0.364,0.585
28000,0.055,0.336,0.609
28500,0.052,0.348,0.600
29000,0.061,0.322,0.617
29500,0.052,0.352,0.595
30000,0.057,0.319,0.625
30500,0.053,0.332,0.615
31000,0.051,0.344,0.605
31500,0.052,0.338,0.610
32000,0.051,0.369,0.580
32500,0.050,0.354,0.596
33000,0.050,0.382,0.568
33500,0.051,0.356,0.594
34000,0.052,0.346,0.601
34500,0.065,0.361,0.574
35000,0.062,0.331,0.607
35500,0.061,0.320,0.619
36000,0.059,0.311,0.630
36500,0.054,0.332,0.614
37000,0.054,0.316,0.630
37500,0.060,0.321,0.619
38000,0.052,0.308,0.639
38500,0.050,0.342,0.608
39000,0.054,0.328,0.617
39500,0.059,0.283,0.658
40000,0.066,0.319,0.615
40500,0.070,0.294,0.636
41000,0.064,0.305,0.631
41500,0.061,0.290,0.648
42000,0.065,0.309,0.626
42500,0.063,0.289,0.648
43000,0.060,0.287,0.652
43500,0.054,0.322,0.624
44000,0.061,0.355,0.584
44500,0.056,0.335,0.609
45000,0.057,0.355,0.587
45500,0.052,0.364,0.584
46000,0.057,0.369,0.575
46500,0.058,0.314,0.629
47000,0.054,0.327,0.619
47500,0.056,0.328,0.617
48000,0.065,0.293,0.642
48500,0.073,0.277,0.650
49000,0.063,0.259,0.678
49500,0.062,0.331,0.607
50000,0.074,0.254,0.672
50500,0.065,0.249,0.686
51000,0.085,0.208,0.707
51500,0.096,0.215,0.689
52000,0.080,0.247,0.673
52500,0.074,0.257,0.669
53000,0.076,0.243,0.681
53500,0.070,0.221,0.709
54000,0.071,0.260,0.669
54500,0.073,0.260,0.667
55000,0.074,0.224,0.703
55500,0.082,0.268,0.651
56000,0.083,0.253,0.664
56500,0.071,0.259,0.670
57000,0.077,0.225,0.698
57500,0.073,0.281,0.645
58000,0.067,0.265,0.668
58500,0.083,0.225,0.692
59000,0.075,0.213,0.711
59500,0.082,0.195,0.724
60000,0.084,0.224,0.693
60500,0.094,0.202,0.704
61000,0.084,0.223,0.694
61500,0.077,0.271,0.653
62000,0.064,0.317,0.619
62500,0.059,0.355,0.586
63000,0.051,0.340,0.609
63500,0.051,0.354,0.595
64000,0.050,0.306,0.643
64500,0.054,0.363,0.583
65000,0.053,0.351,0.596
65500,0.054,0.353,0.592
66000,0.054,0.359,0.587
66500,0.056,0.322,0.622
67000,0.052,0.349,0.598
67500,0.055,0.361,0.584
68000,0.053,0.378,0.569
68500,0.069,0.336,0.595
69000,0.054,0.333,0.613
69500,0.053,0.353,0.594
70000,0.051,0.333,0.616
70500,0.051,0.371,0.579
71000,0.050,0.364,0.585
71500,0.051,0.371,0.578
72000,0.053,0.361,0.586
72500,0.053,0.387,0.559
73000,0.051,0.377,0.572
73500,0.054,0.363,0.583
74000,0.058,0.344,0.599
74500,0.059,0.343,0.599
75000,0.053,0.387,0.560
75500,0.052,0.385,0.563
76000,0.059,0.358,0.583
76500,0.058,0.364,0.579
77000,0.059,0.344,0.597
77500,0.054,0.369,0.577
78000,0.051,0.400,0.550
78500,0.050,0.403,0.547
79000,0.050,0.418,0.532
79500,0.051,0.354,0.594
80000,0.054,0.337,0.609
80500,0.062,0.285,0.652
81000,0.061,0.268,0.671
81500,0.062,0.339,0.599
82000,0.052,0.347,0.601
82500,0.055,0.326,0.619
83000,0.059,0.307,0.633
83500,0.059,0.286,0.655
84000,0.052,0.325,0.623
84500,0.051,0.354,0.595
85000,0.053,0.324,0.623
85500,0.060,0.314,0.626
86000,0.059,0.350,0.592
86500,0.057,0.346,0.597
87000,0.054,0.321,0.625
87500,0.057,0.366,0.577
88000,0.054,0.368,0.578
88500,0.051,0.395,0.555
89000,0.052,0.371,0.577
89500,0.054,0.391,0.555
90000,0.056,0.355,0.589
90500,0.053,0.354,0.593
91000,0.056,0.298,0.647
91500,0.064,0.308,0.629
92000,0.055,0.292,0.653
92500,0.059,0.316,0.625
93000,0.066,0.303,0.631
93500,0.067,0.266,0.668
94000,0.059,0.274,0.667
94500,0.072,0.235,0.693
95000,0.077,0.251,0.672
95500,0.069,0.269,0.663
96000,0.076,0.289,0.634
96500,0.056,0.306,0.638
97000,0.059,0.307,0.633
97500,0.056,0.328,0.616
98000,0.054,0.334,0.612
98500,0.058,0.329,0.613
99000,0.066,0.312,0.622
99500,0.054,0.321,0.625
100000,0.054,0.317,0.629
100500,0.061,0.264,0.675
101000,0.052,0.334,0.613
101500,0.050,0.349,0.601
102000,0.060,0.294,0.645
102500,0.057,0.313,0.631
103000,0.059,0.331,0.609
103500,0.058,0.344,0.599
104000,0.057,0.302,0.640
104500,0.056,0.328,0.617
105000,0.060,0.327,0.613
105500,0.052,0.360,0.588
106000,0.056,0.335,0.609
106500,0.060,0.358,0.581
107000,0.069,0.313,0.618
107500,0.056,0.325,0.619
108000,0.058,0.298,0.645
108500,0.071,0.309,0.620
109000,0.063,0.299,0.638
109500,0.058,0.294,0.648
110000,0.051,0.309,0.639
110500,0.065,0.279,0.656
111000,0.064,0.272,0.664
111500,0.064,0.281,0.655
112000,0.080,0.234,0.686
112500,0.096,0.235,0.669
113000,0.086,0.234,0.680
113500,0.107,0.188,0.705
114000,0.100,0.189,0.712
114500,0.086,0.250,0.663
115000,0.084,0.240,0.676
115500,0.106,0.191,0.703
116000,0.102,0.151,0.747
116500,0.115,0.175,0.710
117000,0.112,0.205,0.683
117500,0.111,0.164,0.726
118000,0.163,0.117,0.720
118500,0.246,0.063,0.691
119000,0.387,0.021,0.593
119500,0.564,0.004,0.432
120000,0.640,0.001,0.359
120500,0.683,0.000,0.317
121000,0.711,0.000,0.289
121500,0.737,0.000,0.263
122000,0.799,0.000,0.201
122500,0.838,0.000,0.162
123000,0.834,0.000,0.166
123500,0.884,0.000,0.116
124000,0.902,0.000,0.098
124500,0.930,0.000,0.070
125000,0.912,0.000,0.088
125500,0.918,0.000,0.082
126000,0.930,0.000,0.070
126500,0.928,0.000,0.072
127000,0.930,0.000,0.070
127500,0.936,0.000,0.064
128000,0.938,0.000,0.062
128500,0.927,0.000,0.073
129000,0.924,0.000,0.076
129500,0.918,0.000,0.082
130000,0.935,0.000,0.065
130500,0.933,0.000,0.067
131000,0.944,0.000,0.056
131500,0.963,0.000,0.037
132000,0.969,0.000,0.031
132500,0.961,0.000,0.039
133000,0.972,0.000,0.028
133500,0.985,0.000,0.015
134000,0.995,0.000,0.005
134500,0.998,0.000,0.002
135000,0.992,0.000,0.008
135500,0.998,0.000,0.002
136000,0.986,0.000,0.014
136500,0.980,0.000,0.020
137000,0.967,0.000,0.033
137500,0.953,0.000,0.047
138000,0.955,0.000,0.045
138500,0.959,0.000,0.041
139000,0.956,0.000,0.044
139500,0.969,0.000,0.031
140000,0.982,0.000,0.018
140500,0.988,0.000,0.012
141000,0.988,0.000,0.012
141500,0.983,0.000,0.017
142000,0.986,0.000,0.014
142500,0.987,0.000,0.013
143000,0.996,0.000,0.004
143500,0.998,0.000,0.002
144000,1.000,0.000,0.000
