time,n_A+p,n_B,n_AB
500,0.050,0.866,0.084
1000,0.050,0.818,0.132
1500,0.050,0.764,0.186
2000,0.050,0.722,0.228
2500,0.050,0.769,0.181
3000,0.050,0.764,0.186
3500,0.050,0.756,0.194
4000,0.050,0.736,0.214
4500,0.050,0.721,0.229
5000,0.050,0.712,0.238
5500,0.050,0.710,0.240
6000,0.050,0.712,0.238
6500,0.050,0.704,0.246
7000,0.050,0.691,0.259
7500,0.050,0.718,0.232
8000,0.050,0.691,0.259
8500,0.054,0.611,0.335
9000,0.051,0.677,0.271
9500,0.050,0.691,0.259
10000,0.050,0.654,0.296
10500,0.050,0.675,0.275
11000,0.050,0.676,0.273
11500,0.050,0.678,0.272
12000,0.050,0.646,0.304
12500,0.050,0.645,0.304
13000,0.050,0.647,0.302
13500,0.050,0.682,0.268
14000,0.050,0.663,0.286
14500,0.050,0.696,0.254
15000,0.050,0.713,0.237
15500,0.050,0.723,0.227
16000,0.050,0.728,0.222
16500,0.050,0.715,0.235
17000,0.050,0.690,0.260
17500,0.050,0.707,0.243
18000,0.050,0.675,0.274
18500,0.050,0.670,0.280
19000,0.050,0.623,0.327
19500,0.050,0.657,0.293
20000,0.050,0.680,0.270
20500,0.050,0.717,0.233
21000,0.050,0.695,0.255
21500,0.050,0.749,0.201
22000,0.050,0.684,0.266
22500,0.050,0.717,0.233
23000,0.050,0.717,0.233
23500,0.050,0.712,0.238
24000,0.050,0.711,0.239
24500,0.050,0.745,0.205
25000,0.050,0.758,0.192
25500,0.050,0.731,0.219
26000,0.050,0.663,0.286
26500,0.050,0.717,0.233
27000,0.050,0.717,0.233
27500,0.050,0.697,0.253
28000,0.050,0.681,0.268
28500,0.050,0.701,0.249
29000,0.050,0.683,0.266
29500,0.050,0.668,0.282
30000,0.050,0.680,0.270
30500,0.050,0.723,0.227
31000,0.050,0.773,0.177
31500,0.050,0.763,0.186
32000,0.050,0.659,0.290
32500,0.050,0.684,0.266
33000,0.050,0.685,0.265
33500,0.050,0.730,0.220
34000,0.050,0.681,0.268
34500,0.050,0.664,0.286
35000,0.050,0.710,0.240
35500,0.050,0.722,0.228
36000,0.050,0.697,0.253
36500,0.050,0.694,0.256
37000,0.050,0.723,0.227
37500,0.050,0.672,0.277
38000,0.050,0.669,0.281
38500,0.050,0.710,0.240
39000,0.050,0.702,0.248
39500,0.050,0.736,0.214
40000,0.050,0.714,0.236
40500,0.050,0.717,0.233
41000,0.050,0.705,0.245
41500,0.050,0.683,0.266
42000,0.050,0.660,0.289
42500,0.050,0.696,0.254
43000,0.050,0.750,0.200
43500,0.050,0.750,0.200
44000,0.050,0.759,0.191
44500,0.050,0.740,0.210
45000,0.050,0.735,0.215
45500,0.050,0.748,0.202
46000,0.050,0.737,0.213
46500,0.050,0.754,0.196
47000,0.050,0.746,0.204
47500,0.050,0.732,0.218
48000,0.050,0.704,0.246
48500,0.050,0.702,0.248
49000,0.050,0.716,0.234
49500,0.050,0.716,0.234
50000,0.050,0.738,0.212
50500,0.050,0.741,0.209
51000,0.050,0.698,0.252
51500,0.050,0.709,0.241
52000,0.050,0.698,0.252
52500,0.050,0.708,0.242
53000,0.050,0.722,0.228
53500,0.050,0.694,0.256
54000,0.050,0.702,0.248
54500,0.050,0.722,0.228
55000,0.050,0.716,0.234
55500,0.050,0.714,0.236
56000,0.050,0.719,0.231
56500,0.050,0.693,0.257
57000,0.050,0.706,0.244
57500,0.050,0.672,0.277
58000,0.050,0.668,0.281
58500,0.050,0.696,0.254
59000,0.050,0.682,0.267
59500,0.050,0.696,0.254
60000,0.050,0.728,0.222
60500,0.050,0.699,0.251
61000,0.050,0.714,0.236
61500,0.050,0.665,0.285
62000,0.050,0.664,0.285
62500,0.050,0.692,0.258
63000,0.050,0.656,0.294
63500,0.050,0.643,0.306
64000,0.050,0.668,0.281
64500,0.050,0.628,0.322
65000,0.050,0.698,0.252
65500,0.050,0.694,0.256
66000,0.050,0.726,0.224
66500,0.050,0.735,0.215
67000,0.050,0.770,0.179
67500,0.050,0.789,0.160
68000,0.050,0.748,0.202
68500,0.050,0.730,0.220
69000,0.050,0.704,0.246
69500,0.050,0.725,0.225
70000,0.050,0.745,0.205
70500,0.050,0.750,0.200
71000,0.050,0.722,0.228
71500,0.050,0.731,0.219
72000,0.050,0.744,0.206
72500,0.050,0.750,0.200
73000,0.050,0.723,0.227
73500,0.050,0.718,0.232
74000,0.050,0.725,0.225
74500,0.050,0.699,0.251
75000,0.050,0.725,0.225
75500,0.050,0.741,0.209
76000,0.050,0.735,0.215
76500,0.050,0.739,0.211
77000,0.050,0.712,0.238
77500,0.050,0.703,0.247
78000,0.050,0.728,0.222
78500,0.050,0.735,0.215
79000,0.050,0.690,0.260
79500,0.050,0.627,0.323
80000,0.050,0.660,0.290
80500,0.050,0.668,0.282
81000,0.050,0.612,0.338
81500,0.050,0.578,0.372
82000,0.050,0.639,0.311
82500,0.050,0.687,0.263
83000,0.050,0.682,0.267
83500,0.050,0.701,0.249
84000,0.050,0.699,0.251
84500,0.050,0.711,0.239
85000,0.050,0.647,0.302
85500,0.050,0.680,0.270
86000,0.050,0.690,0.260
86500,0.050,0.708,0.242
87000,0.050,0.650,0.300
87500,0.050,0.688,0.262
88000,0.050,0.719,0.231
88500,0.050,0.750,0.200
89000,0.050,0.759,0.191
89500,0.050,0.764,0.185
90000,0.050,0.757,0.193
90500,0.050,0.757,0.193
91000,0.050,0.731,0.219
91500,0.050,0.734,0.216
92000,0.050,0.776,0.173
92500,0.050,0.771,0.179
93000,0.050,0.736,0.214
93500,0.050,0.733,0.217
94000,0.050,0.701,0.249
94500,0.050,0.648,0.302
95000,0.050,0.636,0.314
95500,0.050,0.660,0.289
96000,0.050,0.674,0.275
96500,0.050,0.679,0.271
97000,0.050,0.672,0.278
97500,0.050,0.666,0.284
98000,0.050,0.685,0.265
98500,0.050,0.716,0.234
99000,0.050,0.716,0.234
99500,0.050,0.627,0.323
100000,0.050,0.664,0.286
100500,0.050,0.647,0.303
101000,0.050,0.710,0.240
101500,0.050,0.705,0.245
102000,0.050,0.674,0.276
102500,0.050,0.701,0.249
103000,0.050,0.675,0.275
103500,0.050,0.724,0.226
104000,0.050,0.783,0.167
104500,0.050,0.728,0.222
105000,0.050,0.756,0.194
105500,0.050,0.759,0.191
106000,0.050,0.773,0.176
106500,0.050,0.779,0.171
107000,0.050,0.748,0.202
107500,0.050,0.758,0.192
108000,0.050,0.775,0.175
108500,0.050,0.701,0.249
109000,0.050,0.710,0.240
109500,0.050,0.745,0.205
110000,0.050,0.740,0.210
110500,0.050,0.682,0.267
111000,0.050,0.704,0.246
111500,0.050,0.701,0.249
112000,0.050,0.702,0.248
112500,0.050,0.667,0.283
113000,0.050,0.681,0.268
113500,0.050,0.695,0.255
114000,0.050,0.735,0.215
114500,0.050,0.697,0.253
115000,0.050,0.672,0.277
115500,0.050,0.701,0.249
116000,0.050,0.708,0.242
116500,0.050,0.739,0.211
117000,0.050,0.730,0.220
117500,0.050,0.762,0.188
118000,0.050,0.728,0.222
118500,0.050,0.719,0.231
119000,0.050,0.772,0.177
119500,0.050,0.760,0.190
120000,0.050,0.686,0.264
120500,0.050,0.668,0.282
121000,0.050,0.675,0.274
121500,0.050,0.653,0.296
122000,0.050,0.634,0.316
122500,0.050,0.642,0.308
123000,0.050,0.670,0.279
123500,0.050,0.706,0.244
124000,0.050,0.694,0.256
124500,0.050,0.657,0.292
125000,0.050,0.694,0.256
125500,0.050,0.698,0.252
126000,0.050,0.669,0.281
126500,0.050,0.673,0.277
127000,0.050,0.664,0.285
127500,0.050,0.729,0.221
128000,0.050,0.690,0.260
128500,0.050,0.726,0.224
129000,0.050,0.701,0.249
129500,0.050,0.716,0.234
130000,0.050,0.676,0.273
130500,0.050,0.671,0.279
131000,0.050,0.684,0.266
131500,0.050,0.745,0.205
132000,0.050,0.726,0.224
132500,0.050,0.722,0.228
133000,0.050,0.701,0.249
133500,0.050,0.698,0.252
134000,0.050,0.731,0.219
134500,0.050,0.705,0.245
135000,0.050,0.718,0.232
135500,0.050,0.739,0.211
136000,0.050,0.726,0.224
136500,0.050,0.660,0.290
137000,0.050,0.628,0.322
137500,0.050,0.699,0.251
138000,0.050,0.689,0.261
138500,0.050,0.651,0.298
139000,0.050,0.721,0.229
139500,0.050,0.725,0.225
140000,0.050,0.780,0.170
140500,0.050,0.786,0.163
141000,0.050,0.772,0.178
141500,0.050,0.741,0.209
142000,0.050,0.769,0.181
142500,0.050,0.711,0.239
143000,0.050,0.712,0.238
143500,0.050,0.729,0.221
144000,0.050,0.721,0.229
144500,0.050,0.684,0.266
145000,0.050,0.717,0.233
145500,0.050,0.710,0.240
146000,0.050,0.673,0.277
146500,0.050,0.641,0.309
147000,0.050,0.723,0.227
147500,0.050,0.684,0.265
148000,0.050,0.699,0.251
148500,0.050,0.719,0.231
149000,0.050,0.692,0.258
149500,0.050,0.696,0.254
150000,0.050,0.713,0.237
150500,0.050,0.705,0.245
151000,0.050,0.676,0.273
151500,0.050,0.713,0.237
152000,0.050,0.697,0.253
152500,0.050,0.729,0.221
153000,0.050,0.686,0.263
153500,0.050,0.750,0.200
154000,0.050,0.720,0.230
154500,0.050,0.676,0.273
155000,0.050,0.742,0.208
155500,0.050,0.693,0.257
156000,0.050,0.657,0.293
156500,0.050,0.662,0.287
157000,0.050,0.679,0.270
157500,0.050,0.699,0.251
158000,0.050,0.683,0.267
158500,0.050,0.710,0.240
159000,0.050,0.672,0.277
159500,0.050,0.702,0.248
160000,0.050,0.706,0.244
160500,0.050,0.737,0.213
161000,0.050,0.730,0.220
161500,0.050,0.748,0.202
162000,0.050,0.726,0.224
162500,0.050,0.721,0.229
163000,0.050,0.685,0.264
163500,0.050,0.665,0.285
164000,0.050,0.646,0.303
164500,0.050,0.623,0.327
165000,0.050,0.624,0.326
165500,0.050,0.683,0.267
166000,0.050,0.714,0.236
166500,0.050,0.685,0.264
167000,0.050,0.708,0.242
167500,0.050,0.719,0.231
168000,0.050,0.709,0.241
168500,0.050,0.737,0.213
169000,0.050,0.647,0.302
169500,0.050,0.647,0.302
170000,0.050,0.702,0.248
170500,0.050,0.686,0.264
171000,0.050,0.694,0.256
171500,0.050,0.695,0.255
172000,0.050,0.627,0.323
172500,0.050,0.669,0.280
173000,0.050,0.678,0.271
173500,0.050,0.671,0.278
174000,0.050,0.689,0.261
174500,0.050,0.605,0.345
175000,0.050,0.597,0.353
175500,0.050,0.639,0.311
176000,0.050,0.686,0.263
176500,0.050,0.683,0.266
177000,0.050,0.695,0.255
177500,0.050,0.748,0.202
178000,0.050,0.703,0.247
178500,0.050,0.752,0.198
179000,0.050,0.749,0.201
179500,0.050,0.708,0.242
180000,0.050,0.668,0.281
180500,0.050,0.716,0.234
181000,0.050,0.700,0.250
181500,0.050,0.726,0.224
182000,0.050,0.685,0.265
182500,0.050,0.710,0.240
183000,0.050,0.726,0.224
183500,0.050,0.708,0.242
184000,0.050,0.754,0.196
184500,0.050,0.762,0.188
185000,0.050,0.764,0.185
185500,0.050,0.758,0.192
186000,0.050,0.762,0.188
186500,0.050,0.764,0.186
187000,0.050,0.730,0.220
187500,0.050,0.695,0.255
188000,0.050,0.691,0.259
188500,0.050,0.694,0.256
189000,0.050,0.681,0.269
189500,0.050,0.628,0.322
190000,0.050,0.652,0.298
190500,0.050,0.669,0.280
191000,0.050,0.681,0.268
191500,0.050,0.678,0.271
192000,0.050,0.677,0.272
192500,0.050,0.680,0.269
193000,0.050,0.729,0.221
193500,0.050,0.713,0.237
194000,0.050,0.721,0.229
194500,0.050,0.683,0.267
195000,0.050,0.712,0.238
195500,0.050,0.702,0.248
196000,0.050,0.702,0.248
196500,0.050,0.709,0.241
197000,0.050,0.687,0.263
197500,0.050,0.692,0.258
198000,0.050,0.738,0.212
198500,0.050,0.720,0.230
199000,0.050,0.753,0.197
199500,0.050,0.714,0.236
200000,0.050,0.715,0.235
200500,0.050,0.727,0.223
201000,0.050,0.742,0.208
201500,0.050,0.789,0.161
202000,0.050,0.763,0.186
202500,0.050,0.739,0.211
203000,0.050,0.670,0.279
203500,0.050,0.667,0.283
204000,0.050,0.665,0.285
204500,0.050,0.689,0.261
205000,0.050,0.707,0.243
205500,0.050,0.695,0.255
206000,0.050,0.697,0.253
206500,0.050,0.731,0.219
207000,0.050,0.715,0.235
207500,0.050,0.688,0.262
208000,0.050,0.658,0.292
208500,0.050,0.650,0.300
209000,0.050,0.679,0.270
209500,0.050,0.738,0.212
210000,0.050,0.728,0.222
210500,0.050,0.770,0.180
211000,0.050,0.734,0.216
211500,0.050,0.744,0.206
212000,0.050,0.730,0.220
212500,0.050,0.735,0.215
213000,0.050,0.757,0.193
213500,0.050,0.722,0.228
214000,0.050,0.718,0.232
214500,0.050,0.699,0.251
215000,0.050,0.723,0.227
215500,0.050,0.766,0.184
216000,0.050,0.724,0.226
216500,0.050,0.761,0.189
217000,0.050,0.729,0.221
217500,0.050,0.730,0.220
218000,0.050,0.711,0.239
218500,0.050,0.704,0.246
219000,0.050,0.719,0.231
219500,0.050,0.653,0.297
220000,0.050,0.700,0.250
220500,0.050,0.743,0.207
221000,0.050,0.707,0.243
221500,0.050,0.725,0.225
222000,0.050,0.727,0.223
222500,0.050,0.695,0.255
223000,0.050,0.699,0.251
223500,0.050,0.689,0.261
224000,0.050,0.690,0.260
224500,0.050,0.666,0.283
225000,0.050,0.649,0.300
225500,0.050,0.671,0.279
226000,0.050,0.666,0.284
226500,0.050,0.677,0.273
227000,0.050,0.694,0.256
227500,0.050,0.735,0.215
228000,0.050,0.744,0.206
228500,0.050,0.757,0.193
229000,0.050,0.715,0.235
229500,0.050,0.665,0.284
230000,0.050,0.746,0.204
230500,0.050,0.694,0.256
231000,0.050,0.734,0.216
231500,0.050,0.755,0.195
232000,0.050,0.742,0.208
232500,0.050,0.788,0.162
233000,0.050,0.763,0.187
233500,0.050,0.754,0.196
234000,0.050,0.704,0.246
234500,0.050,0.669,0.280
235000,0.050,0.647,0.303
235500,0.050,0.665,0.285
236000,0.050,0.620,0.330
236500,0.050,0.648,0.302
237000,0.050,0.676,0.273
237500,0.050,0.725,0.225
238000,0.050,0.734,0.216
238500,0.050,0.735,0.215
239000,0.050,0.648,0.301
239500,0.050,0.699,0.251
240000,0.050,0.728,0.222
240500,0.050,0.723,0.227
241000,0.050,0.695,0.255
241500,0.050,0.718,0.232
242000,0.050,0.708,0.242
242500,0.050,0.723,0.227
243000,0.050,0.741,0.209
243500,0.050,0.738,0.212
244000,0.050,0.674,0.275
244500,0.050,0.685,0.264
245000,0.050,0.679,0.270
245500,0.050,0.728,0.222
246000,0.050,0.732,0.218
246500,0.050,0.704,0.246
247000,0.050,0.702,0.248
247500,0.050,0.643,0.307
248000,0.050,0.655,0.295
248500,0.050,0.658,0.291
249000,0.050,0.585,0.365
249500,0.050,0.611,0.339
250000,0.050,0.662,0.288
250500,0.050,0.742,0.208
251000,0.050,0.776,0.174
251500,0.050,0.740,0.210
252000,0.050,0.706,0.244
252500,0.050,0.688,0.262
253000,0.050,0.680,0.269
253500,0.050,0.644,0.306
254000,0.050,0.676,0.274
254500,0.050,0.670,0.279
255000,0.050,0.645,0.304
255500,0.050,0.623,0.327
256000,0.050,0.647,0.303
256500,0.050,0.713,0.237
257000,0.050,0.730,0.220
257500,0.050,0.668,0.282
258000,0.050,0.663,0.287
258500,0.050,0.676,0.273
259000,0.050,0.668,0.281
259500,0.050,0.691,0.259
260000,0.050,0.725,0.225
260500,0.050,0.703,0.247
261000,0.050,0.675,0.274
261500,0.050,0.694,0.256
262000,0.050,0.682,0.268
262500,0.050,0.684,0.265
263000,0.050,0.716,0.234
263500,0.050,0.732,0.218
264000,0.050,0.720,0.230
264500,0.050,0.750,0.200
265000,0.050,0.726,0.224
265500,0.050,0.741,0.209
266000,0.050,0.690,0.260
266500,0.050,0.704,0.246
267000,0.050,0.709,0.241
267500,0.050,0.696,0.254
268000,0.050,0.686,0.264
268500,0.050,0.696,0.254
269000,0.050,0.706,0.244
269500,0.050,0.729,0.221
270000,0.050,0.722,0.228
270500,0.050,0.726,0.224
271000,0.050,0.737,0.213
271500,0.050,0.725,0.225
272000,0.050,0.683,0.267
272500,0.050,0.646,0.304
273000,0.050,0.649,0.301
273500,0.050,0.666,0.284
274000,0.050,0.675,0.274
274500,0.050,0.693,0.257
275000,0.050,0.740,0.210
275500,0.050,0.761,0.189
276000,0.050,0.720,0.230
276500,0.050,0.707,0.243
277000,0.050,0.681,0.269
277500,0.050,0.676,0.273
278000,0.050,0.669,0.280
278500,0.050,0.697,0.253
279000,0.050,0.706,0.244
279500,0.050,0.678,0.271
280000,0.050,0.647,0.302
280500,0.050,0.648,0.301
281000,0.050,0.645,0.304
281500,0.050,0.728,0.222
282000,0.050,0.722,0.228
282500,0.050,0.728,0.222
283000,0.050,0.751,0.199
283500,0.050,0.720,0.230
284000,0.050,0.725,0.225
284500,0.050,0.725,0.225
285000,0.050,0.725,0.225
285500,0.050,0.730,0.220
286000,0.050,0.698,0.252
286500,0.050,0.741,0.209
287000,0.050,0.712,0.238
287500,0.050,0.696,0.254
288000,0.050,0.725,0.225
288500,0.050,0.680,0.270
289000,0.050,0.676,0.274
289500,0.050,0.660,0.289
290000,0.050,0.616,0.334
290500,0.050,0.677,0.273
291000,0.050,0.742,0.208
291500,0.050,0.692,0.258
292000,0.050,0.705,0.245
292500,0.050,0.728,0.222
293000,0.050,0.740,0.210
293500,0.050,0.742,0.208
294000,0.050,0.739,0.211
294500,0.050,0.761,0.189
295000,0.050,0.744,0.206
295500,0.050,0.703,0.247
296000,0.050,0.722,0.228
296500,0.050,0.776,0.174
297000,0.050,0.753,0.197
297500,0.050,0.760,0.190
298000,0.050,0.714,0.236
298500,0.050,0.719,0.231
299000,0.050,0.713,0.237
299500,0.050,0.722,0.228
300000,0.050,0.695,0.255
300500,0.050,0.721,0.229
301000,0.050,0.734,0.216
301500,0.050,0.758,0.192
302000,0.050,0.698,0.252
302500,0.050,0.658,0.292
303000,0.050,0.684,0.266
303500,0.050,0.677,0.272
304000,0.050,0.652,0.297
304500,0.050,0.730,0.220
305000,0.050,0.713,0.237
305500,0.050,0.733,0.217
306000,0.050,0.695,0.255
306500,0.050,0.727,0.223
307000,0.050,0.715,0.235
307500,0.050,0.722,0.228
308000,0.050,0.732,0.218
308500,0.050,0.709,0.241
309000,0.050,0.712,0.238
309500,0.050,0.696,0.254
310000,0.050,0.657,0.292
310500,0.050,0.724,0.226
311000,0.050,0.713,0.237
311500,0.050,0.742,0.208
312000,0.050,0.694,0.256
312500,0.050,0.723,0.227
313000,0.050,0.691,0.259
313500,0.050,0.666,0.284
314000,0.050,0.688,0.262
314500,0.050,0.665,0.285
315000,0.050,0.702,0.248
315500,0.050,0.686,0.263
316000,0.050,0.688,0.262
316500,0.050,0.715,0.235
317000,0.050,0.718,0.232
317500,0.050,0.640,0.309
318000,0.050,0.636,0.314
318500,0.050,0.718,0.232
319000,0.050,0.735,0.215
319500,0.050,0.762,0.188
320000,0.050,0.709,0.241
320500,0.050,0.725,0.225
321000,0.050,0.702,0.248
321500,0.050,0.700,0.250
322000,0.050,0.708,0.242
322500,0.050,0.749,0.201
323000,0.050,0.730,0.220
323500,0.050,0.666,0.284
324000,0.050,0.698,0.252
324500,0.050,0.721,0.229
325000,0.050,0.741,0.209
325500,0.050,0.726,0.224
326000,0.050,0.714,0.236
326500,0.050,0.642,0.307
327000,0.050,0.621,0.329
327500,0.050,0.666,0.283
328000,0.050,0.642,0.308
328500,0.050,0.648,0.301
329000,0.050,0.695,0.255
329500,0.053,0.698,0.249
330000,0.051,0.730,0.220
330500,0.050,0.729,0.221
331000,0.050,0.743,0.207
331500,0.050,0.738,0.212
332000,0.050,0.752,0.198
332500,0.050,0.737,0.213
333000,0.050,0.739,0.211
333500,0.050,0.713,0.237
334000,0.050,0.725,0.225
334500,0.050,0.737,0.213
335000,0.050,0.789,0.161
335500,0.050,0.744,0.206
336000,0.050,0.681,0.268
336500,0.050,0.681,0.268
337000,0.050,0.703,0.247
337500,0.050,0.705,0.245
338000,0.050,0.697,0.253
338500,0.050,0.708,0.242
339000,0.050,0.741,0.209
339500,0.050,0.713,0.237
340000,0.050,0.720,0.230
340500,0.050,0.696,0.254
341000,0.050,0.739,0.211
341500,0.050,0.716,0.234
342000,0.050,0.710,0.240
342500,0.050,0.668,0.281
343000,0.050,0.690,0.260
343500,0.050,0.689,0.261
344000,0.050,0.634,0.316
344500,0.050,0.674,0.275
345000,0.050,0.702,0.248
345500,0.050,0.688,0.262
346000,0.050,0.708,0.242
346500,0.050,0.658,0.292
347000,0.050,0.698,0.252
347500,0.050,0.742,0.208
348000,0.050,0.691,0.259
348500,0.050,0.690,0.260
349000,0.050,0.721,0.229
349500,0.050,0.739,0.211
350000,0.050,0.676,0.273
350500,0.050,0.681,0.269
351000,0.050,0.697,0.253
351500,0.050,0.716,0.234
352000,0.050,0.710,0.240
352500,0.050,0.760,0.190
353000,0.050,0.779,0.170
353500,0.050,0.748,0.202
354000,0.050,0.704,0.246
354500,0.050,0.679,0.270
355000,0.050,0.659,0.291
355500,0.050,0.670,0.279
356000,0.050,0.688,0.262
356500,0.050,0.667,0.282
357000,0.050,0.737,0.213
357500,0.050,0.738,0.212
358000,0.050,0.745,0.205
358500,0.050,0.748,0.202
359000,0.050,0.735,0.215
359500,0.050,0.706,0.244
360000,0.050,0.711,0.239
360500,0.050,0.703,0.247
361000,0.050,0.695,0.255
361500,0.050,0.691,0.259
362000,0.050,0.688,0.262
362500,0.050,0.738,0.212
363000,0.050,0.723,0.227
363500,0.050,0.755,0.195
364000,0.050,0.683,0.266
364500,0.050,0.746,0.204
365000,0.050,0.720,0.230
365500,0.050,0.668,0.281
366000,0.050,0.674,0.276
366500,0.050,0.698,0.252
367000,0.050,0.659,0.291
367500,0.050,0.692,0.258
368000,0.050,0.697,0.253
368500,0.050,0.707,0.243
369000,0.050,0.741,0.209
369500,0.050,0.727,0.223
370000,0.050,0.758,0.192
370500,0.050,0.724,0.226
371000,0.050,0.731,0.219
371500,0.050,0.732,0.218
372000,0.050,0.721,0.229
372500,0.050,0.714,0.236
373000,0.050,0.681,0.268
373500,0.050,0.714,0.236
374000,0.050,0.764,0.186
374500,0.050,0.751,0.199
375000,0.050,0.718,0.232
375500,0.050,0.701,0.249
376000,0.050,0.698,0.252
376500,0.050,0.722,0.228
377000,0.050,0.688,0.262
377500,0.050,0.677,0.272
378000,0.050,0.715,0.235
378500,0.050,0.763,0.187
379000,0.050,0.778,0.172
379500,0.050,0.759,0.191
380000,0.050,0.736,0.214
380500,0.050,0.703,0.247
381000,0.050,0.726,0.224
381500,0.050,0.676,0.273
382000,0.050,0.688,0.262
382500,0.050,0.695,0.255
383000,0.050,0.702,0.248
383500,0.050,0.700,0.250
384000,0.050,0.678,0.271
384500,0.050,0.697,0.253
385000,0.050,0.676,0.274
385500,0.050,0.703,0.247
386000,0.050,0.667,0.282
386500,0.050,0.674,0.276
387000,0.050,0.665,0.285
387500,0.050,0.696,0.254
388000,0.050,0.705,0.245
388500,0.050,0.715,0.235
389000,0.050,0.738,0.212
389500,0.050,0.720,0.230
390000,0.050,0.710,0.240
390500,0.050,0.684,0.266
391000,0.050,0.681,0.269
391500,0.050,0.699,0.251
392000,0.050,0.695,0.255
392500,0.050,0.689,0.261
393000,0.050,0.683,0.266
393500,0.050,0.686,0.264
394000,0.050,0.703,0.247
394500,0.050,0.725,0.225
395000,0.050,0.757,0.193
395500,0.050,0.766,0.184
396000,0.050,0.753,0.197
396500,0.050,0.698,0.252
397000,0.050,0.725,0.225
397500,0.050,0.753,0.197
398000,0.050,0.745,0.205
398500,0.050,0.712,0.238
399000,0.050,0.708,0.242
399500,0.050,0.696,0.254
400000,0.050,0.680,0.269
400500,0.050,0.700,0.250
401000,0.050,0.666,0.283
401500,0.050,0.699,0.251
402000,0.050,0.714,0.236
402500,0.050,0.743,0.207
403000,0.050,0.709,0.241
403500,0.050,0.691,0.259
404000,0.050,0.650,0.300
404500,0.050,0.667,0.283
405000,0.050,0.700,0.250
405500,0.050,0.676,0.273
406000,0.050,0.706,0.244
406500,0.050,0.659,0.290
407000,0.050,0.701,0.249
407500,0.050,0.729,0.221
408000,0.050,0.708,0.242
408500,0.050,0.676,0.273
409000,0.050,0.654,0.295
409500,0.050,0.697,0.253
410000,0.050,0.745,0.205
410500,0.050,0.693,0.257
411000,0.050,0.695,0.255
411500,0.050,0.737,0.213
412000,0.050,0.669,0.280
412500,0.050,0.713,0.237
413000,0.050,0.694,0.256
413500,0.050,0.697,0.253
414000,0.050,0.677,0.272
414500,0.050,0.709,0.241
415000,0.050,0.699,0.251
415500,0.050,0.686,0.263
416000,0.050,0.705,0.245
416500,0.050,0.717,0.233
417000,0.050,0.712,0.238
417500,0.050,0.731,0.219
418000,0.050,0.633,0.317
418500,0.050,0.669,0.281
419000,0.050,0.675,0.274
419500,0.050,0.713,0.237
420000,0.050,0.708,0.242
420500,0.050,0.682,0.268
421000,0.050,0.730,0.220
421500,0.050,0.740,0.210
422000,0.050,0.752,0.198
422500,0.050,0.724,0.226
423000,0.050,0.744,0.206
423500,0.050,0.731,0.219
424000,0.050,0.741,0.209
424500,0.050,0.718,0.232
425000,0.050,0.684,0.265
425500,0.050,0.709,0.241
426000,0.050,0.741,0.209
426500,0.050,0.724,0.226
427000,0.050,0.740,0.210
427500,0.050,0.752,0.198
428000,0.050,0.779,0.171
428500,0.050,0.791,0.159
429000,0.050,0.732,0.218
429500,0.050,0.742,0.208
430000,0.050,0.675,0.274
430500,0.050,0.660,0.290
431000,0.050,0.653,0.297
431500,0.050,0.691,0.259
432000,0.050,0.645,0.304
432500,0.050,0.639,0.310
433000,0.050,0.649,0.301
433500,0.050,0.678,0.272
434000,0.050,0.720,0.230
434500,0.050,0.666,0.284
435000,0.050,0.709,0.241
435500,0.050,0.683,0.266
436000,0.050,0.698,0.252
436500,0.050,0.741,0.209
437000,0.050,0.719,0.231
437500,0.050,0.706,0.244
438000,0.050,0.706,0.244
438500,0.050,0.707,0.243
439000,0.050,0.731,0.219
439500,0.050,0.734,0.216
440000,0.050,0.725,0.225
440500,0.050,0.742,0.208
441000,0.050,0.694,0.256
441500,0.050,0.646,0.303
442000,0.050,0.643,0.307
442500,0.050,0.656,0.294
443000,0.050,0.688,0.262
443500,0.050,0.702,0.248
444000,0.050,0.742,0.208
444500,0.050,0.743,0.207
445000,0.050,0.739,0.211
445500,0.050,0.707,0.243
446000,0.050,0.727,0.223
446500,0.050,0.684,0.266
447000,0.050,0.709,0.241
447500,0.050,0.748,0.202
448000,0.050,0.679,0.271
448500,0.050,0.661,0.289
449000,0.050,0.658,0.292
449500,0.050,0.699,0.251
450000,0.050,0.695,0.255
450500,0.050,0.651,0.298
451000,0.050,0.723,0.227
451500,0.050,0.734,0.216
452000,0.050,0.722,0.228
452500,0.050,0.723,0.227
453000,0.050,0.707,0.243
453500,0.050,0.702,0.248
454000,0.050,0.706,0.244
454500,0.050,0.734,0.216
455000,0.050,0.723,0.227
455500,0.050,0.764,0.186
456000,0.050,0.706,0.244
456500,0.050,0.661,0.289
457000,0.050,0.655,0.294
457500,0.050,0.764,0.186
458000,0.050,0.711,0.239
458500,0.050,0.648,0.301
459000,0.050,0.614,0.336
459500,0.050,0.657,0.293
460000,0.050,0.670,0.280
460500,0.050,0.617,0.333
461000,0.050,0.635,0.315
461500,0.050,0.602,0.348
462000,0.051,0.648,0.300
462500,0.050,0.621,0.329
463000,0.050,0.680,0.269
463500,0.050,0.670,0.280
464000,0.050,0.626,0.324
464500,0.050,0.685,0.264
465000,0.050,0.731,0.219
465500,0.050,0.693,0.257
466000,0.050,0.718,0.232
466500,0.050,0.737,0.213
467000,0.050,0.749,0.201
467500,0.050,0.696,0.254
468000,0.050,0.641,0.309
468500,0.050,0.657,0.293
469000,0.050,0.680,0.270
469500,0.050,0.670,0.279
470000,0.050,0.726,0.224
470500,0.050,0.681,0.269
471000,0.050,0.712,0.238
471500,0.050,0.681,0.268
472000,0.050,0.737,0.213
472500,0.050,0.719,0.231
473000,0.050,0.755,0.195
473500,0.050,0.729,0.221
474000,0.050,0.689,0.261
474500,0.050,0.723,0.227
475000,0.050,0.702,0.248
475500,0.050,0.685,0.265
476000,0.050,0.647,0.302
476500,0.050,0.684,0.265
477000,0.050,0.656,0.294
477500,0.050,0.644,0.305
478000,0.050,0.678,0.271
478500,0.050,0.714,0.236
479000,0.050,0.721,0.229
479500,0.050,0.714,0.236
480000,0.050,0.717,0.233
480500,0.050,0.678,0.271
481000,0.050,0.709,0.241
481500,0.050,0.734,0.216
482000,0.050,0.728,0.222
482500,0.050,0.733,0.217
483000,0.050,0.664,0.285
483500,0.050,0.678,0.272
484000,0.050,0.702,0.248
484500,0.050,0.641,0.309
485000,0.050,0.660,0.290
485500,0.050,0.632,0.318
486000,0.050,0.707,0.243
486500,0.050,0.700,0.250
487000,0.050,0.688,0.262
487500,0.050,0.718,0.232
488000,0.050,0.733,0.217
488500,0.050,0.716,0.234
489000,0.050,0.701,0.249
489500,0.050,0.696,0.254
490000,0.050,0.686,0.263
490500,0.050,0.717,0.233
491000,0.050,0.715,0.235
491500,0.050,0.666,0.284
492000,0.050,0.703,0.247
492500,0.050,0.672,0.278
493000,0.050,0.663,0.286
493500,0.050,0.665,0.285
494000,0.050,0.651,0.299
494500,0.050,0.689,0.261
495000,0.050,0.714,0.236
495500,0.050,0.727,0.223
496000,0.050,0.735,0.215
496500,0.050,0.747,0.203
497000,0.050,0.708,0.242
497500,0.050,0.724,0.226
498000,0.050,0.739,0.211
498500,0.050,0.722,0.228
499000,0.050,0.683,0.266
499500,0.050,0.642,0.307
500000,0.050,0.676,0.273
500500,0.050,0.675,0.275
501000,0.050,0.691,0.259
501500,0.050,0.666,0.283
502000,0.050,0.707,0.243
502500,0.050,0.710,0.240
503000,0.050,0.680,0.269
503500,0.050,0.705,0.245
504000,0.050,0.714,0.236
504500,0.050,0.678,0.272
505000,0.050,0.689,0.261
505500,0.050,0.767,0.182
506000,0.050,0.793,0.156
506500,0.050,0.733,0.217
507000,0.050,0.683,0.266
507500,0.050,0.708,0.242
508000,0.050,0.700,0.250
508500,0.050,0.697,0.253
509000,0.050,0.659,0.290
509500,0.050,0.651,0.298
510000,0.050,0.722,0.228
510500,0.050,0.706,0.244
511000,0.050,0.661,0.288
511500,0.050,0.701,0.249
512000,0.050,0.720,0.230
512500,0.050,0.710,0.240
513000,0.050,0.732,0.218
513500,0.050,0.771,0.179
514000,0.050,0.746,0.204
514500,0.050,0.744,0.206
515000,0.050,0.737,0.213
515500,0.050,0.653,0.296
516000,0.050,0.729,0.221
516500,0.050,0.699,0.251
517000,0.050,0.727,0.223
517500,0.050,0.773,0.177
518000,0.050,0.775,0.175
518500,0.050,0.759,0.191
519000,0.050,0.724,0.226
519500,0.050,0.678,0.272
520000,0.050,0.693,0.257
520500,0.050,0.681,0.269
521000,0.050,0.703,0.247
521500,0.050,0.729,0.221
522000,0.050,0.669,0.280
522500,0.050,0.633,0.317
523000,0.050,0.655,0.294
523500,0.050,0.613,0.337
524000,0.050,0.617,0.333
524500,0.050,0.623,0.327
525000,0.050,0.695,0.255
525500,0.050,0.706,0.244
526000,0.050,0.711,0.239
526500,0.050,0.640,0.309
527000,0.050,0.655,0.295
527500,0.050,0.604,0.346
528000,0.050,0.638,0.312
528500,0.050,0.669,0.281
529000,0.050,0.684,0.266
529500,0.050,0.704,0.246
530000,0.050,0.731,0.219
530500,0.050,0.697,0.253
531000,0.050,0.707,0.243
531500,0.050,0.668,0.282
532000,0.050,0.659,0.291
532500,0.050,0.720,0.230
533000,0.050,0.704,0.246
533500,0.050,0.651,0.298
534000,0.050,0.703,0.247
534500,0.050,0.753,0.197
535000,0.050,0.761,0.189
535500,0.050,0.748,0.202
536000,0.050,0.756,0.194
536500,0.050,0.693,0.257
537000,0.050,0.682,0.267
537500,0.050,0.664,0.285
538000,0.050,0.711,0.239
538500,0.050,0.696,0.254
539000,0.050,0.668,0.281
539500,0.050,0.665,0.285
540000,0.050,0.673,0.276
540500,0.050,0.712,0.238
541000,0.050,0.723,0.227
541500,0.050,0.732,0.218
542000,0.050,0.725,0.225
542500,0.050,0.745,0.205
543000,0.050,0.709,0.241
543500,0.050,0.757,0.193
544000,0.050,0.728,0.222
544500,0.050,0.713,0.237
545000,0.050,0.688,0.262
545500,0.050,0.675,0.275
546000,0.050,0.684,0.266
546500,0.050,0.620,0.330
547000,0.050,0.695,0.255
547500,0.050,0.700,0.250
548000,0.050,0.737,0.213
548500,0.050,0.693,0.257
549000,0.050,0.707,0.243
549500,0.050,0.720,0.230
550000,0.050,0.691,0.259
550500,0.050,0.705,0.245
551000,0.050,0.727,0.223
551500,0.050,0.735,0.215
552000,0.050,0.688,0.262
552500,0.050,0.696,0.254
553000,0.050,0.703,0.247
553500,0.050,0.643,0.306
554000,0.050,0.699,0.251
554500,0.050,0.663,0.287
555000,0.050,0.665,0.285
555500,0.050,0.631,0.319
556000,0.050,0.665,0.285
556500,0.050,0.717,0.233
557000,0.050,0.702,0.248
557500,0.050,0.706,0.244
558000,0.050,0.705,0.245
558500,0.050,0.718,0.232
559000,0.050,0.670,0.279
559500,0.050,0.683,0.266
560000,0.050,0.716,0.234
560500,0.050,0.716,0.234
561000,0.050,0.753,0.197
561500,0.050,0.730,0.220
562000,0.050,0.759,0.191
562500,0.050,0.749,0.201
563000,0.050,0.669,0.280
563500,0.050,0.648,0.302
564000,0.050,0.702,0.248
564500,0.050,0.717,0.233
565000,0.050,0.718,0.232
565500,0.050,0.715,0.235
566000,0.050,0.724,0.226
566500,0.050,0.696,0.254
567000,0.050,0.655,0.294
567500,0.050,0.697,0.253
568000,0.050,0.689,0.261
568500,0.050,0.647,0.302
569000,0.050,0.671,0.278
569500,0.050,0.766,0.184
570000,0.050,0.727,0.223
570500,0.050,0.712,0.238
571000,0.050,0.769,0.180
571500,0.050,0.717,0.233
572000,0.050,0.690,0.260
572500,0.050,0.718,0.232
573000,0.050,0.722,0.228
573500,0.050,0.744,0.206
574000,0.050,0.750,0.200
574500,0.050,0.711,0.239
575000,0.050,0.694,0.256
575500,0.050,0.653,0.297
576000,0.050,0.716,0.234
576500,0.050,0.717,0.233
577000,0.050,0.707,0.243
577500,0.050,0.698,0.252
578000,0.050,0.721,0.229
578500,0.050,0.730,0.220
579000,0.050,0.724,0.226
579500,0.050,0.678,0.272
580000,0.050,0.699,0.251
580500,0.050,0.729,0.221
581000,0.050,0.710,0.240
581500,0.050,0.735,0.215
582000,0.050,0.781,0.168
582500,0.050,0.751,0.199
583000,0.050,0.744,0.206
583500,0.050,0.726,0.224
584000,0.050,0.750,0.200
584500,0.050,0.785,0.165
585000,0.050,0.803,0.146
585500,0.050,0.778,0.172
586000,0.050,0.777,0.173
586500,0.050,0.741,0.209
587000,0.050,0.773,0.177
587500,0.050,0.758,0.192
588000,0.050,0.733,0.217
588500,0.050,0.702,0.248
589000,0.050,0.688,0.262
589500,0.050,0.701,0.249
590000,0.050,0.715,0.235
590500,0.050,0.748,0.202
591000,0.050,0.757,0.193
591500,0.050,0.727,0.223
592000,0.050,0.693,0.257
592500,0.050,0.705,0.245
593000,0.050,0.733,0.217
593500,0.050,0.758,0.192
594000,0.050,0.718,0.232
594500,0.050,0.707,0.243
595000,0.050,0.728,0.222
595500,0.050,0.711,0.239
596000,0.050,0.683,0.266
596500,0.050,0.648,0.301
597000,0.050,0.671,0.279
597500,0.050,0.643,0.307
598000,0.050,0.665,0.284
598500,0.050,0.741,0.209
599000,0.050,0.666,0.284
599500,0.050,0.694,0.256
600000,0.050,0.730,0.220
600500,0.050,0.744,0.206
601000,0.050,0.778,0.171
601500,0.050,0.762,0.188
602000,0.050,0.686,0.263
602500,0.050,0.711,0.239
603000,0.050,0.724,0.226
603500,0.050,0.706,0.244
604000,0.050,0.719,0.231
604500,0.050,0.706,0.244
605000,0.050,0.734,0.216
605500,0.050,0.728,0.222
606000,0.050,0.681,0.268
606500,0.050,0.671,0.278
607000,0.050,0.688,0.262
607500,0.050,0.703,0.247
608000,0.050,0.750,0.200
608500,0.050,0.726,0.224
609000,0.050,0.689,0.261
609500,0.050,0.725,0.225
610000,0.050,0.726,0.224
610500,0.050,0.716,0.234
611000,0.050,0.648,0.302
611500,0.050,0.661,0.288
612000,0.050,0.653,0.296
612500,0.050,0.715,0.235
613000,0.050,0.701,0.249
613500,0.050,0.692,0.258
614000,0.050,0.674,0.275
614500,0.050,0.679,0.270
615000,0.050,0.732,0.218
615500,0.050,0.662,0.288
616000,0.050,0.648,0.301
616500,0.050,0.698,0.252
617000,0.050,0.731,0.219
617500,0.050,0.739,0.211
618000,0.050,0.749,0.201
618500,0.050,0.707,0.243
619000,0.050,0.708,0.242
619500,0.050,0.710,0.240
620000,0.050,0.718,0.232
620500,0.050,0.772,0.177
621000,0.050,0.751,0.199
621500,0.050,0.731,0.219
622000,0.050,0.725,0.225
622500,0.050,0.702,0.248
623000,0.050,0.712,0.238
623500,0.050,0.667,0.282
624000,0.050,0.694,0.256
624500,0.050,0.666,0.283
625000,0.050,0.664,0.286
625500,0.050,0.671,0.278
626000,0.050,0.715,0.235
626500,0.050,0.712,0.238
627000,0.050,0.677,0.272
627500,0.050,0.687,0.263
628000,0.050,0.682,0.268
628500,0.050,0.684,0.265
629000,0.050,0.633,0.317
629500,0.050,0.677,0.272
630000,0.050,0.662,0.288
630500,0.050,0.704,0.246
631000,0.050,0.720,0.230
631500,0.050,0.735,0.215
632000,0.050,0.738,0.212
632500,0.050,0.720,0.230
633000,0.050,0.661,0.288
633500,0.050,0.663,0.286
634000,0.050,0.686,0.264
634500,0.050,0.668,0.282
635000,0.050,0.699,0.251
635500,0.050,0.698,0.252
636000,0.050,0.719,0.231
636500,0.050,0.696,0.254
637000,0.050,0.652,0.297
637500,0.050,0.689,0.261
638000,0.050,0.746,0.204
638500,0.050,0.713,0.237
639000,0.050,0.678,0.272
639500,0.050,0.683,0.267
640000,0.050,0.684,0.266
640500,0.050,0.659,0.290
641000,0.050,0.672,0.277
641500,0.050,0.657,0.292
642000,0.050,0.631,0.319
642500,0.050,0.729,0.221
643000,0.050,0.738,0.212
643500,0.050,0.707,0.243
644000,0.050,0.669,0.281
644500,0.050,0.633,0.317
645000,0.050,0.649,0.301
645500,0.050,0.702,0.248
646000,0.050,0.742,0.208
646500,0.050,0.712,0.238
647000,0.050,0.714,0.236
647500,0.050,0.709,0.241
648000,0.050,0.747,0.203
648500,0.050,0.732,0.218
649000,0.050,0.696,0.254
649500,0.050,0.675,0.275
650000,0.050,0.669,0.280
650500,0.050,0.708,0.242
651000,0.050,0.680,0.270
651500,0.050,0.733,0.217
652000,0.050,0.696,0.254
652500,0.050,0.695,0.255
653000,0.050,0.685,0.264
653500,0.050,0.693,0.257
654000,0.050,0.678,0.271
654500,0.050,0.657,0.292
655000,0.050,0.669,0.280
655500,0.050,0.709,0.241
656000,0.050,0.722,0.228
656500,0.050,0.716,0.234
657000,0.050,0.720,0.230
657500,0.050,0.683,0.267
658000,0.050,0.675,0.274
658500,0.050,0.661,0.288
659000,0.050,0.666,0.284
659500,0.050,0.630,0.320
660000,0.050,0.613,0.337
660500,0.050,0.663,0.286
661000,0.050,0.674,0.275
661500,0.050,0.693,0.257
662000,0.050,0.771,0.179
662500,0.050,0.705,0.245
663000,0.050,0.687,0.263
663500,0.050,0.675,0.275
664000,0.050,0.651,0.298
664500,0.050,0.657,0.293
665000,0.050,0.676,0.273
665500,0.050,0.710,0.240
666000,0.050,0.674,0.275
666500,0.050,0.669,0.280
667000,0.050,0.663,0.286
667500,0.050,0.703,0.247
668000,0.050,0.712,0.238
668500,0.050,0.737,0.213
669000,0.050,0.714,0.236
669500,0.050,0.753,0.197
670000,0.050,0.760,0.190
670500,0.050,0.734,0.216
671000,0.050,0.691,0.259
671500,0.050,0.696,0.254
672000,0.050,0.736,0.214
672500,0.050,0.732,0.218
673000,0.050,0.779,0.171
673500,0.050,0.744,0.206
674000,0.050,0.740,0.210
674500,0.050,0.702,0.248
675000,0.050,0.659,0.290
675500,0.050,0.700,0.250
676000,0.050,0.705,0.245
676500,0.050,0.683,0.266
677000,0.050,0.710,0.240
677500,0.050,0.741,0.209
678000,0.050,0.720,0.230
678500,0.050,0.697,0.253
679000,0.050,0.754,0.196
679500,0.050,0.739,0.211
680000,0.050,0.718,0.232
680500,0.050,0.712,0.238
681000,0.050,0.736,0.214
681500,0.050,0.736,0.214
682000,0.050,0.756,0.194
682500,0.050,0.715,0.235
683000,0.050,0.662,0.288
683500,0.050,0.647,0.302
684000,0.050,0.661,0.288
684500,0.050,0.677,0.272
685000,0.050,0.759,0.191
685500,0.050,0.702,0.248
686000,0.050,0.738,0.212
686500,0.050,0.736,0.214
687000,0.050,0.730,0.220
687500,0.050,0.707,0.243
688000,0.050,0.695,0.255
688500,0.050,0.683,0.267
689000,0.050,0.684,0.266
689500,0.050,0.635,0.315
690000,0.050,0.633,0.317
690500,0.050,0.635,0.315
691000,0.050,0.641,0.309
691500,0.050,0.639,0.311
692000,0.050,0.659,0.290
692500,0.050,0.687,0.263
693000,0.050,0.708,0.242
693500,0.050,0.706,0.244
694000,0.050,0.722,0.228
694500,0.050,0.733,0.217
695000,0.050,0.687,0.263
695500,0.050,0.696,0.254
696000,0.050,0.754,0.196
696500,0.050,0.716,0.234
697000,0.050,0.723,0.227
697500,0.050,0.725,0.225
698000,0.050,0.707,0.243
698500,0.050,0.650,0.299
699000,0.050,0.608,0.342
699500,0.050,0.637,0.312
700000,0.050,0.691,0.259
700500,0.050,0.685,0.264
701000,0.050,0.698,0.252
701500,0.050,0.713,0.237
702000,0.050,0.793,0.157
702500,0.050,0.742,0.208
703000,0.050,0.751,0.199
703500,0.050,0.724,0.226
704000,0.050,0.723,0.227
704500,0.050,0.696,0.254
705000,0.050,0.728,0.222
705500,0.050,0.691,0.259
706000,0.050,0.725,0.225
706500,0.050,0.707,0.243
707000,0.050,0.678,0.272
707500,0.050,0.608,0.342
708000,0.050,0.653,0.296
708500,0.050,0.643,0.307
709000,0.050,0.672,0.278
709500,0.050,0.658,0.292
710000,0.050,0.706,0.244
710500,0.050,0.742,0.208
711000,0.050,0.714,0.236
711500,0.050,0.695,0.255
712000,0.050,0.655,0.294
712500,0.050,0.683,0.266
713000,0.050,0.715,0.235
713500,0.050,0.770,0.180
714000,0.050,0.735,0.215
714500,0.050,0.694,0.256
715000,0.050,0.680,0.270
715500,0.050,0.660,0.289
716000,0.050,0.632,0.318
716500,0.050,0.640,0.309
717000,0.050,0.654,0.296
717500,0.050,0.655,0.294
718000,0.050,0.712,0.238
718500,0.050,0.709,0.241
719000,0.050,0.727,0.223
719500,0.050,0.734,0.216
720000,0.050,0.711,0.239
720500,0.050,0.714,0.236
721000,0.050,0.667,0.282
721500,0.050,0.711,0.239
722000,0.050,0.663,0.286
722500,0.050,0.669,0.281
723000,0.050,0.716,0.234
723500,0.050,0.678,0.271
724000,0.050,0.680,0.270
724500,0.050,0.690,0.260
725000,0.050,0.713,0.237
725500,0.050,0.736,0.214
726000,0.050,0.736,0.214
726500,0.050,0.711,0.239
727000,0.050,0.700,0.250
727500,0.050,0.742,0.208
728000,0.050,0.762,0.188
728500,0.050,0.742,0.208
729000,0.050,0.736,0.214
729500,0.050,0.679,0.270
730000,0.050,0.639,0.311
730500,0.050,0.720,0.230
731000,0.050,0.722,0.228
731500,0.050,0.682,0.267
732000,0.050,0.653,0.297
732500,0.050,0.694,0.256
733000,0.050,0.713,0.237
733500,0.050,0.732,0.218
734000,0.050,0.710,0.240
734500,0.050,0.702,0.248
735000,0.050,0.697,0.253
735500,0.050,0.728,0.222
736000,0.050,0.721,0.229
736500,0.050,0.742,0.208
737000,0.050,0.753,0.197
737500,0.050,0.754,0.196
738000,0.050,0.740,0.210
738500,0.050,0.715,0.235
739000,0.050,0.751,0.199
739500,0.050,0.720,0.230
740000,0.050,0.736,0.214
740500,0.050,0.749,0.201
741000,0.050,0.705,0.245
741500,0.050,0.718,0.232
742000,0.050,0.722,0.228
742500,0.050,0.753,0.197
743000,0.050,0.776,0.173
743500,0.050,0.750,0.200
744000,0.050,0.715,0.235
744500,0.050,0.753,0.197
745000,0.050,0.801,0.149
745500,0.050,0.761,0.189
746000,0.050,0.743,0.207
746500,0.050,0.726,0.224
747000,0.050,0.711,0.239
747500,0.050,0.650,0.299
748000,0.050,0.651,0.299
748500,0.050,0.694,0.256
749000,0.050,0.659,0.290
749500,0.050,0.664,0.285
750000,0.050,0.713,0.237
750500,0.050,0.745,0.205
751000,0.050,0.713,0.237
751500,0.050,0.653,0.296
752000,0.050,0.633,0.317
752500,0.050,0.656,0.293
753000,0.050,0.665,0.285
753500,0.050,0.641,0.309
754000,0.050,0.651,0.298
754500,0.050,0.647,0.303
755000,0.050,0.710,0.240
755500,0.050,0.738,0.212
756000,0.050,0.702,0.248
756500,0.050,0.686,0.263
757000,0.050,0.661,0.288
757500,0.050,0.737,0.213
758000,0.050,0.720,0.230
758500,0.050,0.686,0.263
759000,0.050,0.688,0.262
759500,0.050,0.670,0.279
760000,0.050,0.730,0.220
760500,0.050,0.721,0.229
761000,0.050,0.694,0.256
761500,0.050,0.683,0.267
762000,0.050,0.639,0.311
762500,0.050,0.650,0.300
763000,0.050,0.662,0.287
763500,0.050,0.708,0.242
764000,0.050,0.670,0.280
764500,0.050,0.715,0.235
765000,0.050,0.749,0.201
765500,0.050,0.694,0.256
766000,0.050,0.672,0.277
766500,0.050,0.672,0.277
767000,0.050,0.681,0.268
767500,0.050,0.682,0.268
768000,0.050,0.725,0.225
768500,0.050,0.714,0.236
769000,0.050,0.718,0.232
769500,0.050,0.729,0.221
770000,0.050,0.744,0.206
770500,0.050,0.723,0.227
771000,0.050,0.704,0.246
771500,0.050,0.723,0.227
772000,0.050,0.719,0.231
772500,0.050,0.727,0.223
773000,0.050,0.705,0.245
773500,0.050,0.739,0.211
774000,0.050,0.725,0.225
774500,0.050,0.701,0.249
775000,0.050,0.690,0.260
775500,0.050,0.698,0.252
776000,0.050,0.689,0.261
776500,0.050,0.718,0.232
777000,0.050,0.726,0.224
777500,0.050,0.695,0.255
778000,0.050,0.678,0.272
778500,0.050,0.720,0.230
779000,0.050,0.692,0.258
779500,0.050,0.724,0.226
780000,0.050,0.688,0.262
780500,0.050,0.685,0.265
781000,0.050,0.744,0.206
781500,0.050,0.693,0.257
782000,0.050,0.750,0.200
782500,0.050,0.747,0.203
783000,0.050,0.748,0.202
783500,0.050,0.723,0.227
784000,0.050,0.664,0.285
784500,0.050,0.665,0.284
785000,0.050,0.661,0.288
785500,0.050,0.654,0.295
786000,0.050,0.678,0.271
786500,0.050,0.636,0.314
787000,0.050,0.656,0.294
787500,0.050,0.720,0.230
788000,0.050,0.726,0.224
788500,0.050,0.743,0.207
789000,0.050,0.710,0.240
789500,0.050,0.723,0.227
790000,0.050,0.722,0.228
790500,0.050,0.671,0.278
791000,0.050,0.709,0.241
791500,0.050,0.747,0.203
792000,0.050,0.754,0.196
792500,0.050,0.736,0.214
793000,0.050,0.725,0.225
793500,0.050,0.722,0.228
794000,0.050,0.731,0.219
794500,0.050,0.696,0.254
795000,0.050,0.686,0.264
795500,0.050,0.665,0.285
796000,0.050,0.675,0.275
796500,0.050,0.661,0.288
797000,0.050,0.663,0.286
797500,0.050,0.712,0.238
798000,0.050,0.710,0.240
798500,0.050,0.732,0.218
799000,0.050,0.770,0.179
799500,0.050,0.795,0.154
800000,0.050,0.767,0.182
800500,0.050,0.748,0.202
801000,0.050,0.753,0.197
801500,0.050,0.748,0.202
802000,0.050,0.717,0.233
802500,0.050,0.752,0.198
803000,0.050,0.741,0.209
803500,0.050,0.701,0.249
804000,0.050,0.710,0.240
804500,0.050,0.703,0.247
805000,0.050,0.701,0.249
805500,0.050,0.650,0.300
806000,0.050,0.678,0.272
806500,0.050,0.703,0.247
807000,0.050,0.709,0.241
807500,0.050,0.675,0.275
808000,0.050,0.625,0.325
808500,0.050,0.664,0.286
809000,0.050,0.691,0.259
809500,0.050,0.668,0.282
810000,0.050,0.680,0.269
810500,0.050,0.728,0.222
811000,0.050,0.695,0.255
811500,0.050,0.700,0.250
812000,0.050,0.719,0.231
812500,0.050,0.683,0.267
813000,0.050,0.719,0.231
813500,0.050,0.701,0.249
814000,0.050,0.768,0.181
814500,0.050,0.783,0.167
815000,0.050,0.772,0.177
815500,0.050,0.729,0.221
816000,0.050,0.728,0.222
816500,0.050,0.744,0.206
817000,0.050,0.750,0.200
817500,0.050,0.734,0.216
818000,0.050,0.775,0.174
818500,0.050,0.729,0.221
819000,0.050,0.661,0.289
819500,0.050,0.653,0.297
820000,0.050,0.671,0.279
820500,0.050,0.656,0.293
821000,0.050,0.702,0.248
821500,0.050,0.747,0.203
822000,0.050,0.733,0.217
822500,0.050,0.703,0.247
823000,0.050,0.685,0.264
823500,0.050,0.675,0.274
824000,0.050,0.671,0.279
824500,0.050,0.684,0.266
825000,0.050,0.682,0.267
825500,0.050,0.702,0.248
826000,0.050,0.703,0.247
826500,0.050,0.681,0.268
827000,0.050,0.697,0.253
827500,0.050,0.694,0.256
828000,0.050,0.681,0.268
828500,0.050,0.674,0.275
829000,0.050,0.719,0.231
829500,0.050,0.707,0.243
830000,0.050,0.717,0.233
830500,0.050,0.725,0.225
831000,0.050,0.748,0.202
831500,0.050,0.714,0.236
832000,0.050,0.759,0.191
832500,0.050,0.717,0.233
833000,0.050,0.672,0.278
833500,0.050,0.668,0.281
834000,0.050,0.670,0.280
834500,0.050,0.645,0.304
835000,0.050,0.666,0.283
835500,0.050,0.649,0.300
836000,0.050,0.696,0.254
836500,0.050,0.682,0.268
837000,0.050,0.701,0.249
837500,0.050,0.733,0.217
838000,0.050,0.715,0.235
838500,0.050,0.712,0.238
839000,0.050,0.724,0.226
839500,0.050,0.770,0.179
840000,0.050,0.758,0.192
840500,0.050,0.698,0.252
841000,0.050,0.691,0.259
841500,0.050,0.681,0.268
842000,0.050,0.698,0.252
842500,0.050,0.659,0.290
843000,0.050,0.709,0.241
843500,0.050,0.661,0.288
844000,0.050,0.714,0.236
844500,0.050,0.705,0.245
845000,0.050,0.714,0.236
845500,0.050,0.742,0.208
846000,0.050,0.719,0.231
846500,0.050,0.729,0.221
847000,0.050,0.711,0.239
847500,0.050,0.724,0.226
848000,0.050,0.672,0.278
848500,0.050,0.618,0.332
849000,0.050,0.597,0.353
849500,0.050,0.655,0.294
850000,0.050,0.608,0.342
850500,0.050,0.686,0.263
851000,0.050,0.692,0.258
851500,0.050,0.709,0.241
852000,0.050,0.721,0.229
852500,0.050,0.717,0.233
853000,0.050,0.691,0.259
853500,0.050,0.616,0.334
854000,0.050,0.672,0.277
854500,0.050,0.680,0.270
855000,0.050,0.726,0.224
855500,0.050,0.700,0.250
856000,0.050,0.711,0.239
856500,0.050,0.696,0.254
857000,0.050,0.712,0.238
857500,0.050,0.719,0.231
858000,0.050,0.745,0.205
858500,0.050,0.769,0.180
859000,0.050,0.755,0.195
859500,0.050,0.687,0.263
860000,0.050,0.729,0.221
860500,0.050,0.693,0.257
861000,0.050,0.702,0.248
861500,0.050,0.709,0.241
862000,0.050,0.713,0.237
862500,0.050,0.748,0.202
863000,0.050,0.721,0.229
863500,0.050,0.689,0.261
864000,0.050,0.706,0.244
864500,0.050,0.686,0.263
865000,0.050,0.721,0.229
865500,0.050,0.755,0.195
866000,0.050,0.731,0.219
866500,0.050,0.741,0.209
867000,0.050,0.740,0.210
867500,0.050,0.745,0.205
868000,0.050,0.702,0.248
868500,0.050,0.717,0.233
869000,0.050,0.752,0.198
869500,0.050,0.724,0.226
870000,0.050,0.707,0.243
870500,0.050,0.729,0.221
871000,0.050,0.738,0.212
871500,0.050,0.745,0.205
872000,0.050,0.709,0.241
872500,0.050,0.716,0.234
873000,0.050,0.679,0.271
873500,0.050,0.684,0.266
874000,0.050,0.650,0.299
874500,0.050,0.682,0.267
875000,0.050,0.717,0.233
875500,0.050,0.673,0.277
876000,0.050,0.690,0.260
876500,0.050,0.710,0.240
877000,0.050,0.691,0.259
877500,0.050,0.685,0.265
878000,0.050,0.663,0.286
878500,0.050,0.698,0.252
879000,0.050,0.753,0.197
879500,0.050,0.764,0.185
880000,0.050,0.712,0.238
880500,0.050,0.716,0.234
881000,0.050,0.715,0.235
881500,0.050,0.700,0.250
882000,0.050,0.714,0.236
882500,0.050,0.752,0.198
883000,0.050,0.662,0.287
883500,0.050,0.701,0.249
884000,0.050,0.709,0.241
884500,0.050,0.692,0.258
885000,0.050,0.738,0.212
885500,0.050,0.751,0.199
886000,0.050,0.733,0.217
886500,0.050,0.691,0.259
887000,0.050,0.695,0.255
887500,0.050,0.734,0.216
888000,0.050,0.747,0.203
888500,0.050,0.755,0.195
889000,0.050,0.744,0.206
889500,0.050,0.747,0.203
890000,0.050,0.714,0.236
890500,0.050,0.748,0.202
891000,0.050,0.735,0.215
891500,0.050,0.716,0.234
892000,0.050,0.684,0.266
892500,0.050,0.715,0.235
893000,0.050,0.698,0.252
893500,0.050,0.644,0.305
894000,0.050,0.707,0.243
894500,0.050,0.664,0.285
895000,0.050,0.719,0.231
895500,0.050,0.730,0.220
896000,0.050,0.737,0.213
896500,0.050,0.749,0.201
897000,0.050,0.707,0.243
897500,0.050,0.684,0.265
898000,0.050,0.686,0.264
898500,0.050,0.720,0.230
899000,0.050,0.684,0.266
899500,0.050,0.688,0.262
900000,0.050,0.675,0.275
900500,0.050,0.633,0.317
901000,0.050,0.625,0.325
901500,0.050,0.694,0.256
902000,0.050,0.704,0.246
902500,0.050,0.660,0.290
903000,0.050,0.654,0.296
903500,0.050,0.719,0.231
904000,0.050,0.689,0.261
904500,0.050,0.704,0.246
905000,0.050,0.653,0.296
905500,0.050,0.681,0.269
906000,0.050,0.698,0.252
906500,0.050,0.742,0.208
907000,0.050,0.650,0.300
907500,0.050,0.667,0.282
908000,0.050,0.671,0.279
908500,0.050,0.730,0.220
909000,0.050,0.701,0.249
909500,0.050,0.706,0.244
910000,0.050,0.680,0.269
910500,0.050,0.652,0.298
911000,0.050,0.727,0.223
911500,0.050,0.745,0.205
912000,0.050,0.737,0.213
912500,0.050,0.735,0.215
913000,0.050,0.718,0.232
913500,0.050,0.677,0.273
914000,0.050,0.760,0.190
914500,0.050,0.738,0.212
915000,0.050,0.761,0.189
915500,0.050,0.773,0.177
916000,0.050,0.709,0.241
916500,0.050,0.703,0.247
917000,0.050,0.695,0.255
917500,0.050,0.653,0.297
918000,0.050,0.667,0.283
918500,0.050,0.691,0.259
919000,0.050,0.663,0.286
919500,0.050,0.687,0.263
920000,0.050,0.691,0.259
920500,0.050,0.725,0.225
921000,0.050,0.751,0.199
921500,0.050,0.729,0.221
922000,0.050,0.714,0.236
922500,0.050,0.731,0.219
923000,0.050,0.702,0.248
923500,0.050,0.674,0.275
924000,0.050,0.699,0.251
924500,0.050,0.698,0.252
925000,0.050,0.715,0.235
925500,0.050,0.769,0.180
926000,0.050,0.731,0.219
926500,0.050,0.698,0.252
927000,0.050,0.687,0.263
927500,0.050,0.664,0.285
928000,0.050,0.687,0.263
928500,0.050,0.707,0.243
929000,0.050,0.701,0.249
929500,0.050,0.706,0.244
930000,0.050,0.625,0.325
930500,0.050,0.647,0.303
931000,0.050,0.622,0.328
931500,0.050,0.673,0.276
932000,0.050,0.701,0.249
932500,0.050,0.737,0.213
933000,0.050,0.768,0.182
933500,0.050,0.721,0.229
934000,0.050,0.715,0.235
934500,0.050,0.727,0.223
935000,0.050,0.729,0.221
935500,0.050,0.759,0.191
936000,0.050,0.753,0.197
936500,0.050,0.736,0.214
937000,0.050,0.700,0.250
937500,0.050,0.676,0.274
938000,0.050,0.715,0.235
938500,0.050,0.697,0.253
939000,0.050,0.698,0.252
939500,0.050,0.724,0.226
940000,0.050,0.691,0.259
940500,0.050,0.681,0.269
941000,0.050,0.675,0.275
941500,0.050,0.700,0.250
942000,0.050,0.710,0.240
942500,0.050,0.754,0.196
943000,0.050,0.724,0.226
943500,0.050,0.750,0.200
944000,0.050,0.707,0.243
944500,0.050,0.664,0.285
945000,0.050,0.690,0.260
945500,0.050,0.742,0.208
946000,0.050,0.723,0.227
946500,0.050,0.688,0.262
947000,0.050,0.646,0.303
947500,0.050,0.695,0.255
948000,0.050,0.729,0.221
948500,0.050,0.721,0.229
949000,0.050,0.679,0.271
949500,0.050,0.684,0.265
950000,0.050,0.720,0.230
950500,0.050,0.686,0.264
951000,0.050,0.688,0.262
951500,0.050,0.686,0.263
952000,0.050,0.735,0.215
952500,0.050,0.647,0.303
953000,0.050,0.700,0.250
953500,0.050,0.692,0.258
954000,0.050,0.697,0.253
954500,0.050,0.731,0.219
955000,0.050,0.705,0.245
955500,0.050,0.724,0.226
956000,0.050,0.740,0.210
956500,0.050,0.790,0.160
957000,0.050,0.719,0.231
957500,0.050,0.747,0.203
958000,0.050,0.768,0.182
958500,0.050,0.739,0.211
959000,0.050,0.694,0.256
959500,0.050,0.722,0.228
960000,0.050,0.768,0.181
960500,0.050,0.750,0.200
961000,0.050,0.764,0.186
961500,0.050,0.736,0.214
962000,0.050,0.745,0.205
962500,0.050,0.734,0.216
963000,0.050,0.719,0.231
963500,0.050,0.686,0.264
964000,0.050,0.679,0.270
964500,0.050,0.712,0.238
965000,0.050,0.691,0.259
965500,0.050,0.728,0.222
966000,0.050,0.734,0.216
966500,0.050,0.726,0.224
967000,0.050,0.705,0.245
967500,0.050,0.668,0.282
968000,0.050,0.715,0.235
968500,0.050,0.701,0.249
969000,0.050,0.615,0.335
969500,0.050,0.667,0.283
970000,0.050,0.682,0.268
970500,0.050,0.737,0.213
971000,0.050,0.690,0.260
971500,0.050,0.677,0.273
972000,0.050,0.696,0.254
972500,0.050,0.709,0.241
973000,0.050,0.666,0.284
973500,0.050,0.695,0.255
974000,0.050,0.683,0.266
974500,0.050,0.681,0.268
975000,0.050,0.679,0.271
975500,0.050,0.679,0.270
976000,0.050,0.658,0.291
976500,0.050,0.669,0.280
977000,0.050,0.742,0.208
977500,0.050,0.706,0.244
978000,0.050,0.747,0.203
978500,0.050,0.715,0.235
979000,0.050,0.696,0.254
979500,0.050,0.670,0.280
980000,0.050,0.734,0.216
980500,0.050,0.706,0.244
981000,0.050,0.742,0.208
981500,0.050,0.741,0.209
982000,0.050,0.725,0.225
982500,0.050,0.687,0.263
983000,0.050,0.654,0.295
983500,0.050,0.687,0.263
984000,0.050,0.667,0.282
984500,0.050,0.679,0.270
985000,0.050,0.668,0.281
985500,0.050,0.655,0.295
986000,0.050,0.698,0.252
986500,0.050,0.715,0.235
987000,0.050,0.662,0.287
987500,0.050,0.661,0.288
988000,0.050,0.679,0.270
988500,0.050,0.736,0.214
989000,0.050,0.738,0.212
989500,0.050,0.683,0.267
990000,0.050,0.696,0.254
990500,0.050,0.681,0.268
991000,0.050,0.656,0.294
991500,0.050,0.729,0.221
992000,0.050,0.748,0.202
992500,0.050,0.709,0.241
993000,0.050,0.709,0.241
993500,0.050,0.641,0.308
994000,0.050,0.674,0.276
994500,0.050,0.701,0.249
995000,0.050,0.731,0.219
995500,0.050,0.735,0.215
996000,0.050,0.728,0.222
996500,0.050,0.710,0.240
997000,0.050,0.724,0.226
997500,0.050,0.718,0.232
998000,0.050,0.744,0.206
998500,0.050,0.707,0.243
999000,0.050,0.694,0.256
999500,0.050,0.713,0.237
1000000,0.050,0.689,0.261
