time,n_A+p,n_B,n_AB,avg_entropy_simp
500,0.030,0.949,0.021,0.083476
1000,0.033,0.921,0.046,0.106124
1500,0.041,0.899,0.060,0.152304
2000,0.048,0.873,0.079,0.200194
2500,0.043,0.851,0.106,0.204227
3000,0.046,0.860,0.094,0.209023
3500,0.046,0.835,0.120,0.256765
4000,0.038,0.834,0.129,0.237587
4500,0.040,0.835,0.126,0.247510
5000,0.047,0.831,0.122,0.253615
5500,0.051,0.818,0.131,0.281267
6000,0.047,0.798,0.155,0.301898
6500,0.043,0.807,0.150,0.283305
7000,0.042,0.800,0.158,0.272501
7500,0.053,0.790,0.157,0.267768
8000,0.053,0.793,0.154,0.264035
8500,0.063,0.760,0.177,0.322044
9000,0.072,0.746,0.183,0.331955
9500,0.070,0.726,0.203,0.363580
10000,0.079,0.708,0.213,0.352559
10500,0.099,0.663,0.238,0.376271
11000,0.105,0.635,0.259,0.385508
11500,0.110,0.635,0.254,0.389514
12000,0.109,0.611,0.280,0.364349
12500,0.108,0.621,0.271,0.381328
13000,0.108,0.599,0.293,0.383344
13500,0.116,0.597,0.287,0.384062
14000,0.135,0.579,0.286,0.394696
14500,0.124,0.602,0.275,0.374531
15000,0.125,0.597,0.279,0.398942
15500,0.124,0.615,0.261,0.364747
16000,0.126,0.586,0.288,0.393547
16500,0.128,0.588,0.284,0.366875
17000,0.118,0.594,0.287,0.369418
17500,0.112,0.614,0.274,0.374859
18000,0.111,0.604,0.285,0.367902
18500,0.106,0.590,0.303,0.372750
19000,0.123,0.583,0.294,0.382137
19500,0.113,0.578,0.308,0.351355
20000,0.113,0.560,0.327,0.386883
20500,0.129,0.543,0.328,0.403590
21000,0.146,0.554,0.300,0.368331
21500,0.141,0.535,0.324,0.407560
22000,0.132,0.501,0.368,0.420589
22500,0.152,0.495,0.352,0.413358
23000,0.144,0.515,0.341,0.407299
23500,0.146,0.491,0.363,0.398344
24000,0.146,0.490,0.364,0.414116
24500,0.148,0.495,0.356,0.426781
25000,0.164,0.486,0.349,0.404381
25500,0.175,0.467,0.359,0.404169
26000,0.149,0.458,0.393,0.393052
26500,0.165,0.469,0.366,0.441372
27000,0.171,0.464,0.366,0.404162
27500,0.162,0.455,0.383,0.393641
28000,0.166,0.476,0.358,0.398884
28500,0.171,0.471,0.359,0.427643
29000,0.176,0.460,0.365,0.409836
29500,0.174,0.470,0.356,0.441375
30000,0.184,0.456,0.361,0.414664
30500,0.197,0.446,0.356,0.415171
31000,0.193,0.453,0.354,0.431126
31500,0.175,0.454,0.372,0.394046
32000,0.191,0.449,0.360,0.428954
32500,0.217,0.406,0.378,0.400828
33000,0.219,0.398,0.383,0.420234
33500,0.260,0.391,0.348,0.356771
34000,0.263,0.374,0.364,0.368088
34500,0.248,0.382,0.370,0.403160
35000,0.241,0.353,0.406,0.416129
35500,0.278,0.352,0.370,0.384924
36000,0.271,0.349,0.380,0.365534
36500,0.297,0.335,0.368,0.364324
37000,0.296,0.341,0.363,0.411951
37500,0.282,0.371,0.347,0.412029
38000,0.292,0.356,0.351,0.389644
38500,0.285,0.345,0.370,0.403091
39000,0.294,0.346,0.360,0.385627
39500,0.328,0.330,0.342,0.365894
40000,0.329,0.326,0.345,0.367903
40500,0.343,0.321,0.336,0.345017
41000,0.352,0.323,0.325,0.361614
41500,0.359,0.308,0.333,0.347540
42000,0.340,0.323,0.337,0.339966
42500,0.329,0.322,0.349,0.339835
43000,0.345,0.320,0.335,0.341878
43500,0.334,0.311,0.355,0.357068
44000,0.314,0.305,0.381,0.400882
44500,0.322,0.286,0.392,0.375953
45000,0.334,0.300,0.366,0.399207
45500,0.346,0.286,0.368,0.380417
46000,0.350,0.291,0.359,0.384576
46500,0.346,0.306,0.347,0.380302
47000,0.347,0.286,0.367,0.356114
47500,0.350,0.309,0.340,0.384288
48000,0.348,0.307,0.344,0.400396
48500,0.340,0.303,0.356,0.393022
49000,0.386,0.290,0.324,0.338276
49500,0.382,0.271,0.347,0.320102
50000,0.370,0.282,0.348,0.346707
50500,0.392,0.274,0.334,0.345214
51000,0.442,0.258,0.299,0.293079
51500,0.455,0.251,0.294,0.246793
52000,0.489,0.247,0.264,0.209979
52500,0.499,0.239,0.261,0.250119
53000,0.499,0.230,0.271,0.273549
53500,0.522,0.223,0.255,0.208225
54000,0.520,0.230,0.250,0.255720
54500,0.513,0.229,0.258,0.246552
55000,0.497,0.223,0.280,0.255840
55500,0.526,0.224,0.250,0.240122
56000,0.527,0.223,0.250,0.262825
56500,0.545,0.225,0.230,0.253613
57000,0.511,0.231,0.258,0.243371
57500,0.522,0.237,0.241,0.261252
58000,0.491,0.230,0.279,0.279924
58500,0.480,0.244,0.276,0.269977
59000,0.470,0.241,0.289,0.287270
59500,0.458,0.232,0.311,0.322393
60000,0.455,0.234,0.312,0.314150
60500,0.465,0.244,0.291,0.332676
61000,0.428,0.231,0.341,0.322338
61500,0.446,0.227,0.327,0.326235
62000,0.469,0.228,0.303,0.296944
62500,0.485,0.216,0.299,0.291898
63000,0.502,0.207,0.291,0.273661
63500,0.515,0.218,0.268,0.288166
64000,0.523,0.208,0.269,0.261865
64500,0.518,0.209,0.273,0.273009
65000,0.485,0.204,0.311,0.281957
65500,0.499,0.220,0.281,0.286171
66000,0.518,0.208,0.274,0.254868
66500,0.483,0.200,0.317,0.293610
67000,0.477,0.215,0.308,0.305182
67500,0.471,0.216,0.314,0.299027
68000,0.476,0.213,0.311,0.332261
68500,0.480,0.221,0.299,0.300191
69000,0.477,0.219,0.304,0.316739
69500,0.486,0.211,0.302,0.307693
70000,0.510,0.211,0.279,0.313424
70500,0.507,0.202,0.291,0.308134
71000,0.539,0.200,0.260,0.263144
71500,0.510,0.204,0.286,0.297900
72000,0.543,0.210,0.246,0.207361
72500,0.524,0.202,0.274,0.284536
73000,0.530,0.188,0.282,0.248671
73500,0.540,0.183,0.277,0.213648
74000,0.562,0.179,0.259,0.228183
74500,0.552,0.173,0.276,0.234355
75000,0.577,0.164,0.258,0.176966
75500,0.584,0.166,0.249,0.173727
76000,0.562,0.173,0.266,0.259493
76500,0.533,0.177,0.290,0.300334
77000,0.515,0.180,0.305,0.312818
77500,0.505,0.171,0.325,0.285573
78000,0.524,0.180,0.296,0.278409
78500,0.534,0.173,0.293,0.235832
79000,0.535,0.165,0.299,0.250408
79500,0.540,0.172,0.288,0.265338
80000,0.532,0.176,0.292,0.268025
80500,0.516,0.179,0.305,0.306612
81000,0.537,0.169,0.294,0.277557
81500,0.550,0.171,0.280,0.288920
82000,0.544,0.165,0.290,0.253863
82500,0.558,0.159,0.283,0.229753
83000,0.559,0.158,0.283,0.229125
83500,0.581,0.155,0.264,0.193777
84000,0.586,0.159,0.254,0.212401
84500,0.596,0.153,0.251,0.178247
85000,0.605,0.150,0.245,0.181134
85500,0.611,0.146,0.243,0.145033
86000,0.615,0.144,0.241,0.169648
86500,0.615,0.144,0.241,0.183488
87000,0.614,0.147,0.239,0.198632
87500,0.624,0.146,0.230,0.240785
88000,0.635,0.143,0.222,0.169752
88500,0.632,0.147,0.221,0.167033
89000,0.638,0.147,0.215,0.169557
89500,0.586,0.143,0.271,0.222500
90000,0.585,0.149,0.266,0.250054
90500,0.587,0.149,0.264,0.226425
91000,0.608,0.155,0.237,0.214585
91500,0.622,0.147,0.231,0.214589
92000,0.617,0.140,0.243,0.233362
92500,0.608,0.140,0.252,0.236351
93000,0.619,0.146,0.235,0.213407
93500,0.593,0.143,0.264,0.218080
94000,0.623,0.137,0.240,0.205900
94500,0.627,0.132,0.241,0.180260
95000,0.639,0.130,0.231,0.152914
95500,0.656,0.132,0.212,0.146326
96000,0.652,0.132,0.217,0.162852
96500,0.653,0.137,0.210,0.195568
97000,0.669,0.128,0.203,0.146179
97500,0.664,0.131,0.205,0.170664
98000,0.669,0.138,0.193,0.149003
98500,0.670,0.124,0.206,0.148727
99000,0.673,0.128,0.199,0.150448
99500,0.677,0.127,0.196,0.155139
100000,0.701,0.126,0.174,0.112448
