time,n_A+p,n_B,n_AB
500,0.050,0.398,0.552
1000,0.050,0.270,0.680
1500,0.050,0.280,0.670
2000,0.058,0.289,0.653
2500,0.050,0.284,0.666
3000,0.050,0.299,0.651
3500,0.054,0.258,0.688
4000,0.051,0.317,0.632
4500,0.050,0.336,0.614
5000,0.050,0.408,0.542
5500,0.050,0.309,0.641
6000,0.050,0.453,0.497
6500,0.050,0.335,0.615
7000,0.064,0.269,0.667
7500,0.050,0.265,0.685
8000,0.050,0.349,0.601
8500,0.050,0.346,0.604
9000,0.050,0.414,0.536
9500,0.071,0.187,0.742
10000,0.328,0.019,0.653
10500,0.850,0.000,0.150
11000,0.884,0.000,0.116
11500,0.874,0.000,0.126
12000,0.954,0.000,0.046
12500,1.000,0.000,0.000
