time,n_A+p,n_B,n_AB
200,0.028,0.903,0.069
400,0.028,0.848,0.124
600,0.032,0.843,0.124
800,0.032,0.853,0.115
1000,0.032,0.848,0.120
1200,0.041,0.802,0.157
1400,0.046,0.770,0.184
1600,0.041,0.783,0.175
1800,0.046,0.765,0.189
2000,0.051,0.728,0.221
2200,0.046,0.760,0.194
2400,0.037,0.770,0.194
2600,0.046,0.811,0.143
2800,0.046,0.779,0.175
3000,0.046,0.760,0.194
3200,0.032,0.691,0.276
3400,0.041,0.724,0.235
3600,0.037,0.714,0.249
3800,0.046,0.737,0.217
4000,0.065,0.719,0.217
4200,0.051,0.668,0.281
4400,0.069,0.659,0.272
4600,0.074,0.627,0.300
4800,0.074,0.650,0.276
5000,0.083,0.599,0.318
5200,0.101,0.581,0.318
5400,0.078,0.585,0.336
5600,0.074,0.608,0.318
5800,0.088,0.650,0.263
6000,0.088,0.604,0.309
6200,0.074,0.641,0.286
6400,0.078,0.650,0.272
6600,0.088,0.636,0.276
6800,0.092,0.622,0.286
7000,0.065,0.650,0.286
7200,0.065,0.710,0.226
7400,0.074,0.714,0.212
7600,0.051,0.668,0.281
7800,0.041,0.747,0.212
8000,0.051,0.756,0.194
8200,0.046,0.783,0.171
8400,0.032,0.728,0.240
8600,0.046,0.714,0.240
8800,0.051,0.700,0.249
9000,0.069,0.700,0.230
9200,0.051,0.705,0.244
9400,0.055,0.756,0.189
9600,0.060,0.788,0.152
9800,0.065,0.802,0.134
10000,0.069,0.756,0.175
10200,0.046,0.756,0.198
10400,0.065,0.659,0.276
10600,0.055,0.599,0.346
10800,0.051,0.664,0.286
11000,0.046,0.636,0.318
11200,0.060,0.608,0.332
11400,0.083,0.613,0.304
11600,0.097,0.567,0.336
11800,0.106,0.521,0.373
12000,0.111,0.502,0.387
12200,0.111,0.548,0.341
12400,0.106,0.558,0.336
12600,0.180,0.512,0.309
12800,0.194,0.452,0.355
13000,0.198,0.433,0.369
13200,0.212,0.447,0.341
13400,0.194,0.415,0.392
13600,0.203,0.456,0.341
13800,0.180,0.498,0.323
14000,0.175,0.406,0.419
14200,0.161,0.424,0.415
14400,0.143,0.456,0.401
14600,0.143,0.558,0.300
14800,0.147,0.562,0.290
15000,0.111,0.548,0.341
15200,0.157,0.548,0.295
15400,0.124,0.585,0.290
15600,0.078,0.581,0.341
15800,0.074,0.627,0.300
16000,0.083,0.622,0.295
16200,0.078,0.608,0.313
16400,0.078,0.645,0.276
16600,0.083,0.659,0.258
16800,0.083,0.673,0.244
17000,0.055,0.687,0.258
17200,0.065,0.682,0.253
17400,0.088,0.705,0.207
17600,0.069,0.737,0.194
17800,0.069,0.687,0.244
18000,0.078,0.705,0.217
18200,0.055,0.724,0.221
18400,0.046,0.774,0.180
18600,0.041,0.793,0.166
18800,0.046,0.765,0.189
19000,0.065,0.760,0.175
19200,0.046,0.733,0.221
19400,0.060,0.751,0.189
19600,0.074,0.760,0.166
19800,0.074,0.687,0.240
20000,0.092,0.700,0.207
20200,0.083,0.631,0.286
20400,0.120,0.594,0.286
20600,0.074,0.544,0.382
20800,0.074,0.507,0.419
21000,0.097,0.558,0.346
21200,0.147,0.548,0.304
21400,0.129,0.567,0.304
21600,0.134,0.525,0.341
21800,0.111,0.585,0.304
22000,0.097,0.627,0.276
22200,0.124,0.558,0.318
22400,0.115,0.581,0.304
22600,0.138,0.493,0.369
22800,0.147,0.539,0.313
23000,0.115,0.590,0.295
23200,0.138,0.553,0.309
23400,0.111,0.581,0.309
23600,0.088,0.525,0.387
23800,0.143,0.576,0.281
24000,0.166,0.544,0.290
24200,0.138,0.516,0.346
24400,0.074,0.567,0.359
24600,0.115,0.548,0.336
24800,0.124,0.576,0.300
25000,0.111,0.604,0.286
25200,0.124,0.567,0.309
25400,0.111,0.535,0.355
25600,0.124,0.571,0.304
25800,0.143,0.525,0.332
26000,0.152,0.525,0.323
26200,0.171,0.442,0.387
26400,0.184,0.465,0.350
26600,0.244,0.410,0.346
26800,0.217,0.419,0.364
27000,0.166,0.415,0.419
27200,0.175,0.401,0.424
27400,0.198,0.447,0.355
27600,0.198,0.419,0.382
27800,0.134,0.512,0.355
28000,0.138,0.516,0.346
28200,0.138,0.535,0.327
28400,0.143,0.512,0.346
28600,0.157,0.525,0.318
28800,0.134,0.530,0.336
29000,0.111,0.562,0.327
29200,0.106,0.594,0.300
29400,0.092,0.613,0.295
29600,0.092,0.636,0.272
29800,0.083,0.691,0.226
30000,0.078,0.650,0.272
30200,0.088,0.608,0.304
30400,0.065,0.700,0.235
30600,0.055,0.710,0.235
30800,0.055,0.728,0.217
31000,0.074,0.728,0.198
31200,0.074,0.760,0.166
31400,0.065,0.737,0.198
31600,0.078,0.682,0.240
31800,0.097,0.659,0.244
32000,0.092,0.636,0.272
32200,0.111,0.650,0.240
32400,0.097,0.636,0.267
32600,0.101,0.599,0.300
32800,0.101,0.553,0.346
33000,0.101,0.571,0.327
33200,0.101,0.548,0.350
33400,0.097,0.553,0.350
33600,0.124,0.553,0.323
33800,0.106,0.521,0.373
34000,0.092,0.525,0.382
34200,0.111,0.535,0.355
34400,0.120,0.479,0.401
34600,0.157,0.507,0.336
34800,0.161,0.512,0.327
35000,0.138,0.558,0.304
35200,0.138,0.567,0.295
35400,0.120,0.548,0.332
35600,0.115,0.544,0.341
35800,0.166,0.539,0.295
36000,0.166,0.488,0.346
36200,0.152,0.553,0.295
36400,0.138,0.465,0.396
36600,0.161,0.447,0.392
36800,0.138,0.447,0.415
37000,0.097,0.498,0.406
37200,0.069,0.590,0.341
37400,0.069,0.581,0.350
37600,0.060,0.631,0.309
37800,0.065,0.650,0.286
38000,0.083,0.668,0.249
38200,0.074,0.627,0.300
38400,0.115,0.562,0.323
38600,0.101,0.562,0.336
38800,0.124,0.507,0.369
39000,0.129,0.502,0.369
39200,0.157,0.493,0.350
39400,0.120,0.488,0.392
39600,0.166,0.507,0.327
39800,0.161,0.484,0.355
40000,0.184,0.415,0.401
40200,0.180,0.327,0.493
40400,0.240,0.373,0.387
40600,0.240,0.456,0.304
40800,0.249,0.401,0.350
41000,0.253,0.429,0.318
41200,0.258,0.378,0.364
41400,0.258,0.327,0.415
41600,0.253,0.336,0.410
41800,0.281,0.304,0.415
42000,0.281,0.346,0.373
42200,0.295,0.318,0.387
42400,0.290,0.313,0.396
42600,0.286,0.276,0.438
42800,0.332,0.244,0.424
43000,0.341,0.272,0.387
43200,0.346,0.304,0.350
43400,0.332,0.281,0.387
43600,0.387,0.184,0.429
43800,0.295,0.240,0.465
44000,0.313,0.286,0.401
44200,0.313,0.272,0.415
44400,0.304,0.263,0.433
44600,0.332,0.249,0.419
44800,0.286,0.263,0.452
45000,0.281,0.295,0.424
45200,0.263,0.309,0.429
45400,0.276,0.369,0.355
45600,0.263,0.313,0.424
45800,0.304,0.281,0.415
46000,0.341,0.240,0.419
46200,0.461,0.134,0.406
46400,0.507,0.124,0.369
46600,0.512,0.129,0.359
46800,0.498,0.120,0.382
47000,0.438,0.134,0.429
47200,0.447,0.101,0.452
47400,0.484,0.101,0.415
47600,0.498,0.134,0.369
47800,0.502,0.120,0.378
48000,0.516,0.092,0.392
48200,0.516,0.092,0.392
48400,0.544,0.069,0.387
48600,0.571,0.074,0.355
48800,0.618,0.069,0.313
49000,0.641,0.037,0.323
49200,0.705,0.028,0.267
49400,0.774,0.032,0.194
49600,0.760,0.046,0.194
49800,0.747,0.023,0.230
50000,0.765,0.018,0.217
50200,0.756,0.028,0.217
50400,0.751,0.028,0.221
50600,0.765,0.037,0.198
50800,0.737,0.055,0.207
51000,0.788,0.023,0.189
51200,0.825,0.009,0.166
51400,0.857,0.009,0.134
51600,0.903,0.009,0.088
51800,0.954,0.005,0.041
52000,0.949,0.005,0.046
52200,0.959,0.005,0.037
52400,0.945,0.014,0.041
52600,0.945,0.005,0.051
52800,0.954,0.005,0.041
53000,0.972,0.005,0.023
53200,0.977,0.005,0.018
53400,0.986,0.005,0.009
53600,0.986,0.005,0.009
53800,0.982,0.005,0.014
54000,0.986,0.005,0.009
54200,0.986,0.005,0.009
54400,0.986,0.005,0.009
54600,0.982,0.005,0.014
54800,0.986,0.005,0.009
55000,0.991,0.005,0.005
55200,0.991,0.000,0.009
55400,0.991,0.000,0.009
55600,0.991,0.000,0.009
55800,0.991,0.000,0.009
56000,0.991,0.000,0.009
56200,0.991,0.000,0.009
56400,0.991,0.000,0.009
56600,0.991,0.000,0.009
56800,0.991,0.000,0.009
57000,0.991,0.000,0.009
57200,0.991,0.000,0.009
57400,0.991,0.000,0.009
57600,0.991,0.000,0.009
57800,0.991,0.000,0.009
58000,0.991,0.000,0.009
58200,0.991,0.000,0.009
58400,0.991,0.000,0.009
58600,0.991,0.000,0.009
58800,0.991,0.000,0.009
59000,0.991,0.000,0.009
59200,0.991,0.000,0.009
59400,0.991,0.000,0.009
59600,0.991,0.000,0.009
59800,0.991,0.000,0.009
60000,0.991,0.000,0.009
60200,0.991,0.000,0.009
60400,0.991,0.000,0.009
60600,0.991,0.000,0.009
60800,0.991,0.000,0.009
61000,0.991,0.000,0.009
61200,0.991,0.000,0.009
61400,0.991,0.000,0.009
61600,0.991,0.000,0.009
61800,0.991,0.000,0.009
62000,0.991,0.000,0.009
62200,0.991,0.000,0.009
62400,0.991,0.000,0.009
62600,0.991,0.000,0.009
62800,0.991,0.000,0.009
63000,0.991,0.000,0.009
63200,0.991,0.000,0.009
63400,0.991,0.000,0.009
63600,0.991,0.000,0.009
63800,0.991,0.000,0.009
64000,0.991,0.000,0.009
64200,0.991,0.000,0.009
64400,0.991,0.000,0.009
64600,0.991,0.000,0.009
64800,0.991,0.000,0.009
65000,0.991,0.000,0.009
65200,0.991,0.000,0.009
65400,0.991,0.000,0.009
65600,0.991,0.000,0.009
65800,0.991,0.000,0.009
66000,0.991,0.000,0.009
66200,0.991,0.000,0.009
66400,0.991,0.000,0.009
66600,0.991,0.000,0.009
66800,0.991,0.000,0.009
67000,0.991,0.000,0.009
67200,1.000,0.000,0.000
