time,n_A+p,n_B,n_AB
500,0.080,0.666,0.254
1000,0.080,0.513,0.407
1500,0.080,0.437,0.483
2000,0.081,0.382,0.537
2500,0.080,0.466,0.454
3000,0.080,0.424,0.496
3500,0.085,0.362,0.553
4000,0.081,0.322,0.597
4500,0.108,0.289,0.603
5000,0.106,0.242,0.652
5500,0.247,0.137,0.616
6000,0.629,0.005,0.366
6500,0.851,0.000,0.149
7000,0.976,0.000,0.024
7500,0.994,0.000,0.006
8000,0.997,0.000,0.003
8500,1.000,0.000,0.000
