time,n_A+p,n_B,n_AB
100,0.030,0.964,0.006
200,0.030,0.961,0.009
300,0.030,0.960,0.010
400,0.032,0.956,0.012
500,0.031,0.957,0.012
600,0.031,0.956,0.013
700,0.031,0.954,0.015
800,0.030,0.951,0.019
900,0.030,0.944,0.027
1000,0.030,0.945,0.026
1100,0.030,0.940,0.031
1200,0.030,0.939,0.032
1300,0.030,0.935,0.036
1400,0.030,0.939,0.032
1500,0.034,0.940,0.027
1600,0.034,0.938,0.029
1700,0.034,0.930,0.037
1800,0.036,0.927,0.037
1900,0.038,0.920,0.042
2000,0.043,0.921,0.036
2100,0.040,0.912,0.048
2200,0.043,0.912,0.045
2300,0.042,0.916,0.042
2400,0.042,0.918,0.040
2500,0.042,0.899,0.059
2600,0.041,0.898,0.061
2700,0.039,0.892,0.069
2800,0.041,0.890,0.069
2900,0.041,0.877,0.082
3000,0.051,0.875,0.074
3100,0.053,0.865,0.082
3200,0.052,0.863,0.085
3300,0.056,0.858,0.086
3400,0.079,0.847,0.075
3500,0.068,0.847,0.085
3600,0.068,0.844,0.088
3700,0.064,0.835,0.101
3800,0.075,0.828,0.097
3900,0.082,0.807,0.111
4000,0.087,0.812,0.101
4100,0.080,0.805,0.115
4200,0.097,0.808,0.095
4300,0.093,0.811,0.096
4400,0.094,0.806,0.100
4500,0.087,0.798,0.115
4600,0.091,0.792,0.117
4700,0.104,0.774,0.122
4800,0.109,0.772,0.118
4900,0.111,0.756,0.133
5000,0.113,0.758,0.129
5100,0.111,0.765,0.124
5200,0.107,0.765,0.128
5300,0.112,0.760,0.128
5400,0.124,0.745,0.132
5500,0.146,0.728,0.126
5600,0.151,0.705,0.144
5700,0.151,0.705,0.144
5800,0.146,0.697,0.157
5900,0.144,0.704,0.152
6000,0.137,0.704,0.159
6100,0.132,0.705,0.163
6200,0.128,0.705,0.168
6300,0.122,0.697,0.182
6400,0.107,0.698,0.195
6500,0.115,0.696,0.189
6600,0.132,0.688,0.180
6700,0.130,0.698,0.173
6800,0.138,0.694,0.169
6900,0.132,0.686,0.182
7000,0.131,0.702,0.168
7100,0.126,0.715,0.159
7200,0.131,0.701,0.169
7300,0.129,0.694,0.178
7400,0.155,0.675,0.170
7500,0.156,0.672,0.172
7600,0.158,0.666,0.176
7700,0.161,0.675,0.163
7800,0.158,0.672,0.170
7900,0.156,0.670,0.174
8000,0.145,0.697,0.158
8100,0.148,0.696,0.156
8200,0.142,0.694,0.164
8300,0.141,0.695,0.164
8400,0.137,0.684,0.179
8500,0.132,0.687,0.181
8600,0.129,0.682,0.189
8700,0.126,0.688,0.186
8800,0.132,0.680,0.188
8900,0.140,0.679,0.181
9000,0.136,0.682,0.182
9100,0.148,0.679,0.173
9200,0.144,0.682,0.174
9300,0.150,0.678,0.172
9400,0.153,0.657,0.190
9500,0.161,0.661,0.178
9600,0.163,0.660,0.177
9700,0.156,0.668,0.176
9800,0.147,0.669,0.184
9900,0.153,0.656,0.191
10000,0.164,0.650,0.186
10100,0.152,0.652,0.196
10200,0.150,0.646,0.204
10300,0.147,0.655,0.198
10400,0.137,0.651,0.212
10500,0.136,0.645,0.220
10600,0.144,0.645,0.211
10700,0.162,0.633,0.204
10800,0.163,0.622,0.215
10900,0.174,0.615,0.211
11000,0.183,0.625,0.192
11100,0.168,0.627,0.205
11200,0.162,0.628,0.209
11300,0.165,0.630,0.204
11400,0.162,0.633,0.204
11500,0.156,0.636,0.207
11600,0.160,0.645,0.195
11700,0.170,0.642,0.188
11800,0.172,0.638,0.190
11900,0.175,0.628,0.197
12000,0.168,0.629,0.203
12100,0.171,0.626,0.203
12200,0.166,0.623,0.210
12300,0.171,0.616,0.213
12400,0.179,0.615,0.206
12500,0.177,0.604,0.220
12600,0.184,0.589,0.227
12700,0.185,0.588,0.227
12800,0.190,0.588,0.222
12900,0.194,0.587,0.219
13000,0.179,0.583,0.238
13100,0.173,0.589,0.238
13200,0.199,0.574,0.227
13300,0.204,0.560,0.236
13400,0.199,0.550,0.251
13500,0.219,0.534,0.247
13600,0.222,0.529,0.249
13700,0.220,0.534,0.246
13800,0.210,0.536,0.253
13900,0.208,0.538,0.253
14000,0.213,0.523,0.264
14100,0.219,0.530,0.251
14200,0.204,0.545,0.250
14300,0.204,0.532,0.264
14400,0.196,0.543,0.260
14500,0.199,0.543,0.257
14600,0.196,0.552,0.252
14700,0.190,0.547,0.263
14800,0.185,0.546,0.269
14900,0.172,0.564,0.265
15000,0.170,0.569,0.261
15100,0.166,0.569,0.265
15200,0.164,0.570,0.266
15300,0.168,0.583,0.249
15400,0.183,0.550,0.268
15500,0.192,0.549,0.259
15600,0.188,0.537,0.275
15700,0.196,0.540,0.264
15800,0.201,0.545,0.253
15900,0.205,0.549,0.246
16000,0.203,0.540,0.256
16100,0.201,0.560,0.239
16200,0.206,0.568,0.226
16300,0.206,0.559,0.235
16400,0.194,0.564,0.242
16500,0.194,0.560,0.246
16600,0.185,0.560,0.255
16700,0.192,0.545,0.263
16800,0.191,0.547,0.261
16900,0.179,0.549,0.273
17000,0.200,0.535,0.265
17100,0.199,0.545,0.255
17200,0.199,0.538,0.263
17300,0.223,0.519,0.258
17400,0.235,0.515,0.250
17500,0.234,0.523,0.243
17600,0.249,0.511,0.240
17700,0.259,0.497,0.243
17800,0.240,0.495,0.265
17900,0.253,0.484,0.263
18000,0.258,0.486,0.255
18100,0.259,0.493,0.247
18200,0.248,0.505,0.247
18300,0.249,0.499,0.251
18400,0.269,0.487,0.244
18500,0.265,0.487,0.248
18600,0.271,0.482,0.247
18700,0.273,0.482,0.245
18800,0.276,0.498,0.226
18900,0.266,0.506,0.229
19000,0.274,0.497,0.229
19100,0.271,0.495,0.234
19200,0.261,0.491,0.247
19300,0.255,0.508,0.237
19400,0.257,0.480,0.263
19500,0.257,0.482,0.260
19600,0.273,0.483,0.244
19700,0.291,0.476,0.233
19800,0.281,0.488,0.231
19900,0.283,0.481,0.236
20000,0.257,0.476,0.267
20100,0.271,0.469,0.260
20200,0.278,0.467,0.255
20300,0.275,0.466,0.259
20400,0.286,0.447,0.267
20500,0.283,0.444,0.273
20600,0.278,0.441,0.281
20700,0.288,0.436,0.276
20800,0.286,0.433,0.281
20900,0.292,0.437,0.271
21000,0.295,0.431,0.274
21100,0.292,0.437,0.271
21200,0.281,0.448,0.271
21300,0.280,0.444,0.276
21400,0.280,0.445,0.275
21500,0.288,0.443,0.269
21600,0.287,0.451,0.261
21700,0.281,0.445,0.274
21800,0.285,0.447,0.268
21900,0.288,0.451,0.260
22000,0.280,0.449,0.271
22100,0.283,0.465,0.252
22200,0.283,0.442,0.275
22300,0.273,0.454,0.274
22400,0.280,0.457,0.264
22500,0.281,0.455,0.265
22600,0.278,0.445,0.277
22700,0.273,0.439,0.288
22800,0.274,0.435,0.291
22900,0.275,0.436,0.289
23000,0.276,0.428,0.296
23100,0.265,0.434,0.301
23200,0.264,0.439,0.297
23300,0.258,0.453,0.289
23400,0.247,0.446,0.306
23500,0.249,0.442,0.308
23600,0.265,0.431,0.304
23700,0.286,0.438,0.276
23800,0.290,0.434,0.276
23900,0.285,0.438,0.277
24000,0.279,0.433,0.288
24100,0.293,0.430,0.277
24200,0.283,0.431,0.286
24300,0.287,0.430,0.283
24400,0.282,0.431,0.287
24500,0.285,0.445,0.270
24600,0.289,0.442,0.269
24700,0.290,0.438,0.272
24800,0.278,0.447,0.275
24900,0.265,0.456,0.280
25000,0.272,0.454,0.275
25100,0.265,0.463,0.273
25200,0.273,0.454,0.274
25300,0.275,0.458,0.268
25400,0.271,0.449,0.280
25500,0.279,0.451,0.270
25600,0.281,0.453,0.267
25700,0.275,0.461,0.265
25800,0.267,0.456,0.278
25900,0.269,0.449,0.282
26000,0.269,0.449,0.282
26100,0.274,0.442,0.284
26200,0.284,0.444,0.272
26300,0.293,0.440,0.267
26400,0.303,0.441,0.255
26500,0.307,0.436,0.256
26600,0.301,0.429,0.270
26700,0.308,0.432,0.259
26800,0.313,0.434,0.253
26900,0.299,0.457,0.244
27000,0.287,0.455,0.258
27100,0.291,0.455,0.254
27200,0.276,0.444,0.280
27300,0.264,0.450,0.286
27400,0.272,0.447,0.281
27500,0.257,0.440,0.302
27600,0.269,0.445,0.286
27700,0.277,0.445,0.278
27800,0.276,0.447,0.277
27900,0.280,0.438,0.282
28000,0.259,0.463,0.278
28100,0.259,0.453,0.288
28200,0.242,0.472,0.286
28300,0.225,0.493,0.282
28400,0.229,0.470,0.301
28500,0.232,0.468,0.300
28600,0.239,0.460,0.301
28700,0.250,0.470,0.280
28800,0.231,0.470,0.299
28900,0.232,0.465,0.303
29000,0.232,0.485,0.283
29100,0.241,0.475,0.284
29200,0.225,0.474,0.301
29300,0.228,0.465,0.307
29400,0.241,0.458,0.301
29500,0.257,0.451,0.291
29600,0.250,0.454,0.296
29700,0.252,0.455,0.293
29800,0.264,0.446,0.290
29900,0.253,0.490,0.256
30000,0.257,0.471,0.272
30100,0.266,0.458,0.277
30200,0.249,0.472,0.279
30300,0.260,0.453,0.287
30400,0.267,0.440,0.293
30500,0.267,0.431,0.302
30600,0.261,0.443,0.295
30700,0.257,0.441,0.301
30800,0.265,0.437,0.298
30900,0.285,0.429,0.286
31000,0.284,0.433,0.283
31100,0.279,0.435,0.286
31200,0.285,0.430,0.285
31300,0.281,0.430,0.289
31400,0.286,0.423,0.291
31500,0.282,0.418,0.300
31600,0.287,0.422,0.291
31700,0.301,0.417,0.282
31800,0.293,0.428,0.279
31900,0.282,0.438,0.280
32000,0.291,0.427,0.282
32100,0.293,0.414,0.293
32200,0.287,0.420,0.293
32300,0.288,0.418,0.294
32400,0.292,0.414,0.294
32500,0.291,0.417,0.292
32600,0.297,0.421,0.282
32700,0.302,0.417,0.281
32800,0.296,0.420,0.284
32900,0.299,0.429,0.272
33000,0.314,0.433,0.253
33100,0.305,0.450,0.244
33200,0.306,0.434,0.259
33300,0.303,0.442,0.254
33400,0.308,0.447,0.244
33500,0.313,0.439,0.248
33600,0.313,0.437,0.250
33700,0.302,0.426,0.272
33800,0.293,0.431,0.276
33900,0.308,0.421,0.271
34000,0.319,0.419,0.263
34100,0.320,0.416,0.265
34200,0.313,0.426,0.261
34300,0.316,0.426,0.258
34400,0.320,0.427,0.253
34500,0.323,0.412,0.266
34600,0.318,0.411,0.272
34700,0.355,0.388,0.256
34800,0.358,0.385,0.257
34900,0.353,0.388,0.258
35000,0.348,0.382,0.270
35100,0.344,0.385,0.271
35200,0.345,0.387,0.268
35300,0.349,0.386,0.265
35400,0.350,0.393,0.256
35500,0.353,0.389,0.257
35600,0.362,0.372,0.267
35700,0.367,0.377,0.256
35800,0.353,0.372,0.275
35900,0.354,0.373,0.273
36000,0.350,0.372,0.278
36100,0.346,0.376,0.278
36200,0.356,0.377,0.267
36300,0.366,0.375,0.259
36400,0.366,0.373,0.261
36500,0.354,0.374,0.272
36600,0.355,0.369,0.276
36700,0.355,0.388,0.256
36800,0.359,0.376,0.266
36900,0.333,0.410,0.257
37000,0.333,0.403,0.264
37100,0.332,0.402,0.266
37200,0.305,0.416,0.279
37300,0.300,0.421,0.279
37400,0.284,0.424,0.292
37500,0.283,0.409,0.308
37600,0.277,0.413,0.311
37700,0.280,0.413,0.307
37800,0.289,0.400,0.311
37900,0.298,0.392,0.309
38000,0.290,0.408,0.302
38100,0.289,0.406,0.305
38200,0.291,0.424,0.285
38300,0.283,0.430,0.287
38400,0.277,0.439,0.284
38500,0.291,0.426,0.283
38600,0.276,0.421,0.303
38700,0.284,0.430,0.286
38800,0.277,0.432,0.291
38900,0.286,0.431,0.283
39000,0.281,0.419,0.300
39100,0.287,0.426,0.287
39200,0.285,0.414,0.301
39300,0.289,0.413,0.298
39400,0.289,0.406,0.305
39500,0.311,0.402,0.287
39600,0.296,0.420,0.284
39700,0.308,0.414,0.278
39800,0.313,0.402,0.285
39900,0.314,0.402,0.284
40000,0.314,0.391,0.295
40100,0.317,0.381,0.302
40200,0.311,0.396,0.293
40300,0.326,0.393,0.281
40400,0.320,0.376,0.304
40500,0.346,0.351,0.302
40600,0.346,0.345,0.308
40700,0.342,0.351,0.306
40800,0.351,0.336,0.313
40900,0.365,0.335,0.300
41000,0.368,0.332,0.300
41100,0.385,0.322,0.293
41200,0.384,0.331,0.285
41300,0.395,0.329,0.276
41400,0.397,0.330,0.273
41500,0.395,0.326,0.279
41600,0.402,0.327,0.271
41700,0.408,0.339,0.253
41800,0.402,0.324,0.274
41900,0.397,0.319,0.284
42000,0.397,0.316,0.287
42100,0.409,0.317,0.275
42200,0.396,0.329,0.275
42300,0.399,0.321,0.280
42400,0.400,0.312,0.288
42500,0.391,0.322,0.287
42600,0.387,0.322,0.291
42700,0.386,0.325,0.289
42800,0.392,0.318,0.290
42900,0.407,0.316,0.278
43000,0.411,0.319,0.271
43100,0.411,0.317,0.273
43200,0.421,0.316,0.264
43300,0.429,0.315,0.256
43400,0.439,0.312,0.249
43500,0.445,0.309,0.245
43600,0.443,0.319,0.238
43700,0.456,0.307,0.237
43800,0.461,0.307,0.232
43900,0.468,0.306,0.226
44000,0.464,0.299,0.237
44100,0.466,0.299,0.235
44200,0.455,0.294,0.251
44300,0.441,0.295,0.264
44400,0.439,0.302,0.258
44500,0.450,0.294,0.255
44600,0.463,0.286,0.251
44700,0.461,0.280,0.259
44800,0.461,0.281,0.258
44900,0.457,0.285,0.258
45000,0.466,0.286,0.248
45100,0.469,0.285,0.246
45200,0.485,0.280,0.235
45300,0.488,0.273,0.239
45400,0.493,0.272,0.235
45500,0.497,0.267,0.236
45600,0.503,0.271,0.227
45700,0.507,0.270,0.224
45800,0.512,0.267,0.222
45900,0.508,0.264,0.229
46000,0.510,0.261,0.229
46100,0.511,0.260,0.229
46200,0.513,0.259,0.228
46300,0.517,0.254,0.229
46400,0.518,0.261,0.221
46500,0.516,0.255,0.229
46600,0.521,0.250,0.229
46700,0.514,0.253,0.233
46800,0.522,0.253,0.225
46900,0.515,0.254,0.231
47000,0.517,0.255,0.228
47100,0.524,0.260,0.216
47200,0.508,0.261,0.231
47300,0.510,0.259,0.231
47400,0.509,0.264,0.228
47500,0.498,0.272,0.230
47600,0.472,0.268,0.260
47700,0.478,0.264,0.258
47800,0.482,0.267,0.251
47900,0.490,0.267,0.243
48000,0.501,0.263,0.237
48100,0.520,0.255,0.225
48200,0.531,0.254,0.215
48300,0.527,0.258,0.215
48400,0.527,0.255,0.218
48500,0.504,0.252,0.244
48600,0.505,0.254,0.241
48700,0.516,0.252,0.232
48800,0.514,0.249,0.237
48900,0.508,0.257,0.235
49000,0.515,0.253,0.232
49100,0.517,0.251,0.232
49200,0.523,0.250,0.227
49300,0.524,0.248,0.228
49400,0.530,0.247,0.223
49500,0.532,0.249,0.219
49600,0.530,0.252,0.218
49700,0.539,0.255,0.205
49800,0.536,0.250,0.213
49900,0.525,0.246,0.229
50000,0.525,0.248,0.227
50100,0.532,0.251,0.217
50200,0.534,0.242,0.224
50300,0.536,0.242,0.222
50400,0.533,0.239,0.228
50500,0.527,0.243,0.230
50600,0.531,0.250,0.219
50700,0.544,0.242,0.213
50800,0.541,0.242,0.217
50900,0.545,0.239,0.216
51000,0.547,0.240,0.212
51100,0.543,0.238,0.219
51200,0.536,0.239,0.225
51300,0.538,0.233,0.229
51400,0.537,0.235,0.228
51500,0.542,0.226,0.232
51600,0.537,0.229,0.234
51700,0.547,0.228,0.225
51800,0.547,0.226,0.227
51900,0.546,0.226,0.228
52000,0.522,0.235,0.243
52100,0.519,0.239,0.242
52200,0.518,0.235,0.247
52300,0.520,0.232,0.248
52400,0.523,0.230,0.247
52500,0.531,0.230,0.239
52600,0.543,0.233,0.224
52700,0.531,0.233,0.236
52800,0.530,0.232,0.238
52900,0.522,0.233,0.245
53000,0.526,0.229,0.245
53100,0.532,0.229,0.239
53200,0.539,0.227,0.234
53300,0.551,0.225,0.225
53400,0.556,0.230,0.215
53500,0.561,0.228,0.211
53600,0.568,0.226,0.206
53700,0.567,0.226,0.207
53800,0.576,0.226,0.198
53900,0.570,0.231,0.199
54000,0.553,0.255,0.192
54100,0.557,0.249,0.194
54200,0.561,0.244,0.195
54300,0.568,0.239,0.193
54400,0.550,0.246,0.204
54500,0.545,0.244,0.210
54600,0.544,0.244,0.211
54700,0.537,0.246,0.217
54800,0.536,0.243,0.221
54900,0.535,0.235,0.230
55000,0.543,0.242,0.215
55100,0.534,0.255,0.210
55200,0.524,0.270,0.206
55300,0.499,0.266,0.235
55400,0.520,0.264,0.217
55500,0.533,0.260,0.206
55600,0.534,0.245,0.221
55700,0.531,0.248,0.221
55800,0.534,0.247,0.219
55900,0.528,0.252,0.220
56000,0.522,0.249,0.229
56100,0.526,0.246,0.228
56200,0.530,0.244,0.226
56300,0.527,0.244,0.229
56400,0.516,0.259,0.225
56500,0.508,0.259,0.233
56600,0.524,0.244,0.232
56700,0.520,0.244,0.236
56800,0.508,0.245,0.247
56900,0.510,0.245,0.245
57000,0.517,0.241,0.242
57100,0.518,0.242,0.240
57200,0.511,0.240,0.249
57300,0.516,0.235,0.249
57400,0.520,0.234,0.246
57500,0.522,0.230,0.248
57600,0.512,0.241,0.247
57700,0.509,0.247,0.244
57800,0.506,0.247,0.247
57900,0.506,0.243,0.251
58000,0.487,0.261,0.251
58100,0.480,0.263,0.257
58200,0.474,0.275,0.251
58300,0.472,0.279,0.249
58400,0.472,0.280,0.248
58500,0.468,0.274,0.258
58600,0.476,0.263,0.261
58700,0.484,0.256,0.259
58800,0.484,0.259,0.256
58900,0.482,0.255,0.263
59000,0.482,0.248,0.270
59100,0.483,0.247,0.270
59200,0.491,0.252,0.256
59300,0.489,0.247,0.264
59400,0.491,0.246,0.263
59500,0.501,0.236,0.264
59600,0.512,0.230,0.258
59700,0.517,0.224,0.259
59800,0.529,0.224,0.247
59900,0.523,0.229,0.248
60000,0.516,0.231,0.253
60100,0.525,0.229,0.246
60200,0.514,0.229,0.257
60300,0.526,0.230,0.244
60400,0.516,0.237,0.247
60500,0.523,0.232,0.245
60600,0.516,0.234,0.250
60700,0.521,0.228,0.251
60800,0.510,0.234,0.256
60900,0.511,0.232,0.257
61000,0.511,0.232,0.257
61100,0.518,0.230,0.252
61200,0.510,0.240,0.250
61300,0.507,0.239,0.254
61400,0.502,0.232,0.267
61500,0.507,0.237,0.256
61600,0.509,0.239,0.252
61700,0.508,0.233,0.259
61800,0.507,0.231,0.263
61900,0.507,0.232,0.261
62000,0.504,0.227,0.270
62100,0.501,0.226,0.274
62200,0.505,0.233,0.263
62300,0.502,0.231,0.268
62400,0.525,0.231,0.244
62500,0.529,0.222,0.249
62600,0.511,0.242,0.247
62700,0.514,0.243,0.243
62800,0.509,0.235,0.256
62900,0.495,0.232,0.273
63000,0.497,0.230,0.273
63100,0.491,0.234,0.275
63200,0.499,0.226,0.275
63300,0.508,0.217,0.276
63400,0.499,0.222,0.279
63500,0.506,0.223,0.272
63600,0.514,0.229,0.257
63700,0.515,0.229,0.256
63800,0.512,0.229,0.259
63900,0.512,0.229,0.259
64000,0.510,0.226,0.265
64100,0.518,0.231,0.251
64200,0.516,0.225,0.259
64300,0.519,0.225,0.256
64400,0.513,0.232,0.255
64500,0.533,0.227,0.240
64600,0.523,0.231,0.246
64700,0.518,0.234,0.248
64800,0.526,0.239,0.235
64900,0.529,0.233,0.238
65000,0.522,0.229,0.249
65100,0.528,0.237,0.235
65200,0.529,0.239,0.232
65300,0.530,0.238,0.232
65400,0.533,0.235,0.232
65500,0.527,0.230,0.243
65600,0.528,0.227,0.245
65700,0.518,0.220,0.263
65800,0.519,0.218,0.264
65900,0.518,0.210,0.272
66000,0.523,0.213,0.264
66100,0.525,0.219,0.256
66200,0.532,0.216,0.252
66300,0.540,0.219,0.241
66400,0.542,0.216,0.242
66500,0.546,0.213,0.240
66600,0.553,0.215,0.233
66700,0.553,0.217,0.231
66800,0.555,0.211,0.234
66900,0.558,0.210,0.232
67000,0.563,0.205,0.232
67100,0.574,0.206,0.220
67200,0.574,0.204,0.222
67300,0.573,0.199,0.228
67400,0.568,0.207,0.225
67500,0.558,0.203,0.239
67600,0.549,0.215,0.237
67700,0.546,0.218,0.236
67800,0.545,0.215,0.240
67900,0.535,0.224,0.241
68000,0.531,0.218,0.251
68100,0.538,0.217,0.245
68200,0.539,0.220,0.241
68300,0.532,0.216,0.252
68400,0.536,0.223,0.241
68500,0.553,0.225,0.223
68600,0.551,0.224,0.226
68700,0.549,0.225,0.227
68800,0.549,0.222,0.230
68900,0.544,0.224,0.232
69000,0.549,0.218,0.234
69100,0.550,0.220,0.231
69200,0.552,0.219,0.230
69300,0.547,0.218,0.235
69400,0.543,0.210,0.246
69500,0.550,0.220,0.231
69600,0.547,0.218,0.235
69700,0.552,0.213,0.235
69800,0.571,0.217,0.212
69900,0.564,0.209,0.227
70000,0.565,0.205,0.230
70100,0.567,0.200,0.233
70200,0.572,0.204,0.224
70300,0.563,0.209,0.228
70400,0.555,0.201,0.244
70500,0.564,0.200,0.236
70600,0.572,0.201,0.227
70700,0.569,0.208,0.223
70800,0.567,0.206,0.227
70900,0.575,0.206,0.219
71000,0.570,0.205,0.225
71100,0.580,0.199,0.221
71200,0.584,0.206,0.209
71300,0.588,0.205,0.206
71400,0.589,0.202,0.208
71500,0.592,0.202,0.205
71600,0.588,0.212,0.199
71700,0.589,0.211,0.199
71800,0.589,0.208,0.202
71900,0.589,0.209,0.201
72000,0.585,0.205,0.209
72100,0.597,0.200,0.203
72200,0.591,0.203,0.205
72300,0.605,0.195,0.200
72400,0.613,0.192,0.195
72500,0.610,0.186,0.204
72600,0.606,0.189,0.205
72700,0.610,0.185,0.205
72800,0.607,0.183,0.210
72900,0.604,0.191,0.205
73000,0.603,0.193,0.204
73100,0.596,0.195,0.209
73200,0.602,0.191,0.207
73300,0.604,0.183,0.213
73400,0.597,0.188,0.216
73500,0.608,0.184,0.208
73600,0.617,0.185,0.198
73700,0.620,0.185,0.195
73800,0.617,0.186,0.197
73900,0.616,0.192,0.192
74000,0.604,0.189,0.207
74100,0.616,0.191,0.193
74200,0.616,0.187,0.197
74300,0.597,0.201,0.202
74400,0.599,0.197,0.204
74500,0.594,0.199,0.206
74600,0.602,0.194,0.204
74700,0.592,0.204,0.203
74800,0.578,0.208,0.213
74900,0.576,0.204,0.220
75000,0.588,0.201,0.210
75100,0.594,0.201,0.204
75200,0.596,0.202,0.202
75300,0.601,0.207,0.192
75400,0.604,0.208,0.188
75500,0.610,0.206,0.184
75600,0.614,0.200,0.186
75700,0.602,0.198,0.200
75800,0.598,0.192,0.210
75900,0.599,0.194,0.207
76000,0.604,0.192,0.204
76100,0.603,0.192,0.205
76200,0.614,0.192,0.194
76300,0.612,0.194,0.194
76400,0.622,0.187,0.191
76500,0.618,0.181,0.201
76600,0.624,0.182,0.194
76700,0.620,0.178,0.202
76800,0.627,0.177,0.196
76900,0.622,0.180,0.198
77000,0.621,0.177,0.202
77100,0.627,0.183,0.190
77200,0.622,0.190,0.188
77300,0.617,0.205,0.178
77400,0.618,0.195,0.187
77500,0.613,0.201,0.186
77600,0.621,0.197,0.182
77700,0.623,0.195,0.182
77800,0.627,0.193,0.180
77900,0.632,0.191,0.177
78000,0.619,0.202,0.179
78100,0.615,0.202,0.183
78200,0.611,0.209,0.180
78300,0.608,0.211,0.181
78400,0.609,0.200,0.191
78500,0.610,0.201,0.189
78600,0.596,0.200,0.204
78700,0.590,0.198,0.211
78800,0.587,0.197,0.216
78900,0.582,0.205,0.212
79000,0.571,0.205,0.224
79100,0.566,0.213,0.221
79200,0.562,0.213,0.225
79300,0.558,0.210,0.232
79400,0.556,0.210,0.234
79500,0.561,0.199,0.240
79600,0.570,0.197,0.233
79700,0.561,0.198,0.241
79800,0.569,0.193,0.238
79900,0.567,0.196,0.237
80000,0.583,0.192,0.225
80100,0.578,0.201,0.221
80200,0.579,0.202,0.219
80300,0.579,0.196,0.225
80400,0.575,0.193,0.232
80500,0.597,0.183,0.221
80600,0.608,0.181,0.211
80700,0.617,0.180,0.203
80800,0.616,0.177,0.207
80900,0.620,0.175,0.205
81000,0.625,0.175,0.200
81100,0.632,0.163,0.204
81200,0.628,0.166,0.205
81300,0.635,0.165,0.199
81400,0.636,0.165,0.198
81500,0.642,0.164,0.193
81600,0.646,0.163,0.191
81700,0.645,0.161,0.194
81800,0.645,0.161,0.194
81900,0.635,0.161,0.203
82000,0.637,0.159,0.203
82100,0.641,0.160,0.198
82200,0.648,0.166,0.186
82300,0.647,0.165,0.188
82400,0.650,0.164,0.186
82500,0.639,0.164,0.196
82600,0.641,0.170,0.189
82700,0.632,0.166,0.201
82800,0.638,0.164,0.197
82900,0.634,0.169,0.197
83000,0.635,0.168,0.197
83100,0.629,0.169,0.202
83200,0.633,0.165,0.201
83300,0.620,0.165,0.215
83400,0.618,0.165,0.217
83500,0.621,0.163,0.216
83600,0.619,0.161,0.220
83700,0.620,0.162,0.218
83800,0.628,0.163,0.208
83900,0.621,0.157,0.222
84000,0.626,0.159,0.215
84100,0.623,0.157,0.220
84200,0.622,0.160,0.218
84300,0.622,0.162,0.216
84400,0.620,0.163,0.217
84500,0.617,0.162,0.221
84600,0.613,0.165,0.222
84700,0.623,0.164,0.212
84800,0.617,0.186,0.197
84900,0.614,0.185,0.201
85000,0.604,0.185,0.211
85100,0.607,0.181,0.212
85200,0.608,0.183,0.209
85300,0.614,0.185,0.201
85400,0.600,0.187,0.213
85500,0.598,0.199,0.203
85600,0.590,0.196,0.213
85700,0.601,0.192,0.207
85800,0.588,0.192,0.220
85900,0.597,0.199,0.204
86000,0.606,0.192,0.202
86100,0.622,0.184,0.194
86200,0.622,0.181,0.197
86300,0.629,0.179,0.192
86400,0.636,0.179,0.185
86500,0.633,0.177,0.190
86600,0.625,0.187,0.188
86700,0.625,0.185,0.190
86800,0.608,0.183,0.209
86900,0.616,0.181,0.203
87000,0.619,0.178,0.203
87100,0.621,0.181,0.198
87200,0.623,0.179,0.198
87300,0.623,0.177,0.200
87400,0.625,0.180,0.195
87500,0.624,0.181,0.195
87600,0.629,0.173,0.198
87700,0.633,0.170,0.197
87800,0.608,0.170,0.223
87900,0.621,0.168,0.211
88000,0.625,0.163,0.211
88100,0.621,0.164,0.215
88200,0.624,0.171,0.205
88300,0.629,0.171,0.200
88400,0.627,0.175,0.198
88500,0.622,0.172,0.206
88600,0.628,0.168,0.204
88700,0.637,0.159,0.203
88800,0.655,0.155,0.190
88900,0.649,0.153,0.198
89000,0.650,0.154,0.196
89100,0.654,0.151,0.195
89200,0.651,0.170,0.180
89300,0.649,0.166,0.185
89400,0.646,0.162,0.192
89500,0.652,0.160,0.188
89600,0.654,0.157,0.189
89700,0.659,0.151,0.190
89800,0.663,0.150,0.187
89900,0.685,0.144,0.171
90000,0.678,0.141,0.181
90100,0.677,0.139,0.184
90200,0.676,0.142,0.182
90300,0.679,0.144,0.177
90400,0.684,0.143,0.173
90500,0.667,0.147,0.186
90600,0.668,0.143,0.189
90700,0.673,0.141,0.186
90800,0.673,0.141,0.186
90900,0.677,0.141,0.182
91000,0.678,0.145,0.177
91100,0.681,0.145,0.174
91200,0.676,0.148,0.176
91300,0.676,0.156,0.168
91400,0.666,0.153,0.181
91500,0.664,0.152,0.184
91600,0.663,0.150,0.187
91700,0.670,0.149,0.181
91800,0.668,0.147,0.185
91900,0.662,0.151,0.187
92000,0.662,0.151,0.187
92100,0.669,0.148,0.183
92200,0.661,0.144,0.195
92300,0.658,0.149,0.193
92400,0.660,0.149,0.191
92500,0.665,0.151,0.184
92600,0.662,0.150,0.188
92700,0.658,0.151,0.191
92800,0.663,0.150,0.187
92900,0.659,0.164,0.177
93000,0.654,0.165,0.181
93100,0.660,0.158,0.182
93200,0.658,0.158,0.184
93300,0.651,0.169,0.181
93400,0.654,0.168,0.179
93500,0.644,0.165,0.191
93600,0.662,0.161,0.177
93700,0.660,0.161,0.179
93800,0.655,0.166,0.179
93900,0.661,0.163,0.176
94000,0.667,0.160,0.173
94100,0.667,0.157,0.176
94200,0.662,0.156,0.182
94300,0.664,0.148,0.188
94400,0.667,0.147,0.186
94500,0.652,0.143,0.205
94600,0.661,0.142,0.197
94700,0.666,0.143,0.191
94800,0.665,0.143,0.192
94900,0.671,0.144,0.185
95000,0.672,0.141,0.187
95100,0.669,0.148,0.183
95200,0.666,0.145,0.189
95300,0.668,0.142,0.190
95400,0.671,0.145,0.184
95500,0.666,0.143,0.191
95600,0.668,0.143,0.189
95700,0.678,0.140,0.182
95800,0.678,0.140,0.182
95900,0.673,0.139,0.188
96000,0.674,0.138,0.188
96100,0.677,0.138,0.185
96200,0.684,0.138,0.178
96300,0.681,0.140,0.179
96400,0.681,0.135,0.184
96500,0.687,0.136,0.177
96600,0.686,0.133,0.181
96700,0.691,0.133,0.177
96800,0.697,0.133,0.171
96900,0.702,0.132,0.166
97000,0.704,0.132,0.164
97100,0.702,0.131,0.168
97200,0.701,0.130,0.170
97300,0.703,0.146,0.151
97400,0.706,0.142,0.152
97500,0.700,0.142,0.158
97600,0.698,0.147,0.155
97700,0.697,0.146,0.157
97800,0.697,0.145,0.158
97900,0.698,0.142,0.160
98000,0.686,0.146,0.168
98100,0.683,0.143,0.174
98200,0.689,0.144,0.166
98300,0.698,0.142,0.160
98400,0.702,0.143,0.155
98500,0.701,0.143,0.156
98600,0.702,0.142,0.156
98700,0.703,0.143,0.154
98800,0.710,0.140,0.150
98900,0.708,0.136,0.156
99000,0.703,0.136,0.161
99100,0.698,0.137,0.165
99200,0.700,0.130,0.171
99300,0.704,0.137,0.159
99400,0.691,0.138,0.172
99500,0.709,0.137,0.154
99600,0.725,0.126,0.149
99700,0.725,0.126,0.149
99800,0.730,0.127,0.143
99900,0.730,0.127,0.143
100000,0.730,0.124,0.146
100100,0.727,0.126,0.147
100200,0.730,0.125,0.145
100300,0.729,0.124,0.147
100400,0.736,0.124,0.140
100500,0.735,0.122,0.143
100600,0.737,0.120,0.143
100700,0.746,0.122,0.133
100800,0.748,0.122,0.131
100900,0.754,0.118,0.128
101000,0.754,0.118,0.128
101100,0.756,0.118,0.126
101200,0.754,0.120,0.127
101300,0.752,0.120,0.129
101400,0.752,0.117,0.131
101500,0.753,0.117,0.130
101600,0.734,0.142,0.124
101700,0.737,0.141,0.122
101800,0.737,0.141,0.122
101900,0.736,0.138,0.126
102000,0.736,0.140,0.124
102100,0.735,0.139,0.126
102200,0.735,0.140,0.125
102300,0.735,0.138,0.127
102400,0.733,0.135,0.132
102500,0.730,0.133,0.137
102600,0.721,0.138,0.141
102700,0.713,0.132,0.155
102800,0.718,0.132,0.150
102900,0.720,0.135,0.145
103000,0.713,0.132,0.155
103100,0.716,0.132,0.152
103200,0.717,0.131,0.152
103300,0.725,0.127,0.148
103400,0.725,0.127,0.148
103500,0.725,0.132,0.143
103600,0.722,0.134,0.144
103700,0.726,0.134,0.140
103800,0.729,0.130,0.141
103900,0.729,0.130,0.141
104000,0.735,0.130,0.135
104100,0.732,0.130,0.138
104200,0.731,0.130,0.139
104300,0.731,0.130,0.139
104400,0.731,0.127,0.142
104500,0.730,0.133,0.137
104600,0.730,0.134,0.136
104700,0.729,0.136,0.135
104800,0.730,0.135,0.135
104900,0.730,0.137,0.133
105000,0.731,0.133,0.136
105100,0.732,0.132,0.136
105200,0.730,0.130,0.140
105300,0.730,0.128,0.142
105400,0.729,0.126,0.145
105500,0.731,0.125,0.144
105600,0.749,0.115,0.136
105700,0.751,0.115,0.134
105800,0.750,0.114,0.136
105900,0.753,0.113,0.134
106000,0.748,0.113,0.139
106100,0.750,0.113,0.137
106200,0.752,0.113,0.135
106300,0.750,0.113,0.137
106400,0.754,0.112,0.134
106500,0.761,0.109,0.130
106600,0.763,0.112,0.125
106700,0.765,0.110,0.125
106800,0.765,0.109,0.126
106900,0.770,0.112,0.117
107000,0.771,0.109,0.120
107100,0.771,0.108,0.121
107200,0.776,0.109,0.114
107300,0.776,0.108,0.115
107400,0.778,0.106,0.115
107500,0.776,0.106,0.117
107600,0.776,0.104,0.120
107700,0.778,0.104,0.117
107800,0.780,0.104,0.115
107900,0.779,0.104,0.116
108000,0.779,0.104,0.116
108100,0.778,0.103,0.118
108200,0.780,0.102,0.117
108300,0.778,0.102,0.120
108400,0.778,0.102,0.120
108500,0.779,0.102,0.118
108600,0.772,0.102,0.126
108700,0.777,0.102,0.121
108800,0.779,0.102,0.118
108900,0.778,0.102,0.120
109000,0.777,0.102,0.121
109100,0.777,0.102,0.121
109200,0.778,0.102,0.120
109300,0.777,0.102,0.121
109400,0.775,0.101,0.124
109500,0.777,0.104,0.118
109600,0.775,0.105,0.120
109700,0.771,0.105,0.124
109800,0.774,0.105,0.121
109900,0.775,0.104,0.121
110000,0.776,0.104,0.120
110100,0.777,0.104,0.118
110200,0.779,0.104,0.116
110300,0.779,0.104,0.116
110400,0.778,0.104,0.117
110500,0.773,0.105,0.122
110600,0.774,0.104,0.122
110700,0.774,0.108,0.117
110800,0.775,0.107,0.117
110900,0.775,0.106,0.118
111000,0.772,0.107,0.121
111100,0.776,0.106,0.117
111200,0.778,0.106,0.115
111300,0.778,0.105,0.116
111400,0.778,0.105,0.116
111500,0.783,0.105,0.111
111600,0.783,0.109,0.107
111700,0.780,0.109,0.110
111800,0.781,0.108,0.110
111900,0.784,0.107,0.108
112000,0.788,0.106,0.106
112100,0.789,0.106,0.105
112200,0.794,0.104,0.102
112300,0.781,0.115,0.103
112400,0.781,0.114,0.104
112500,0.784,0.113,0.102
112600,0.787,0.112,0.101
112700,0.788,0.111,0.101
112800,0.783,0.113,0.103
112900,0.782,0.112,0.105
113000,0.773,0.115,0.111
113100,0.770,0.114,0.115
113200,0.771,0.112,0.116
113300,0.772,0.114,0.113
113400,0.775,0.112,0.112
113500,0.771,0.109,0.120
113600,0.772,0.110,0.117
113700,0.766,0.109,0.125
113800,0.755,0.117,0.128
113900,0.760,0.118,0.122
114000,0.760,0.118,0.122
114100,0.750,0.115,0.135
114200,0.752,0.114,0.134
114300,0.748,0.113,0.139
114400,0.748,0.110,0.142
114500,0.748,0.109,0.143
114600,0.752,0.113,0.135
114700,0.754,0.112,0.134
114800,0.745,0.117,0.138
114900,0.749,0.112,0.139
115000,0.754,0.112,0.134
115100,0.753,0.112,0.135
115200,0.751,0.111,0.138
115300,0.753,0.111,0.136
115400,0.753,0.111,0.136
115500,0.756,0.107,0.137
115600,0.752,0.105,0.143
115700,0.755,0.102,0.143
115800,0.754,0.104,0.142
115900,0.756,0.106,0.138
116000,0.761,0.104,0.135
116100,0.761,0.104,0.135
116200,0.766,0.103,0.131
116300,0.764,0.105,0.131
116400,0.759,0.105,0.136
116500,0.758,0.104,0.138
116600,0.748,0.105,0.147
116700,0.757,0.103,0.140
116800,0.764,0.105,0.131
116900,0.770,0.102,0.128
117000,0.773,0.102,0.125
117100,0.772,0.102,0.126
117200,0.771,0.102,0.127
117300,0.772,0.102,0.126
117400,0.773,0.102,0.125
117500,0.785,0.101,0.113
117600,0.780,0.102,0.117
117700,0.778,0.102,0.120
117800,0.778,0.104,0.117
117900,0.778,0.103,0.118
118000,0.779,0.102,0.118
118100,0.781,0.099,0.120
118200,0.784,0.097,0.118
118300,0.781,0.096,0.123
118400,0.785,0.096,0.118
118500,0.787,0.096,0.117
118600,0.794,0.096,0.110
118700,0.796,0.097,0.107
118800,0.796,0.098,0.106
118900,0.798,0.100,0.102
119000,0.796,0.100,0.104
119100,0.794,0.099,0.107
119200,0.796,0.100,0.104
119300,0.797,0.100,0.103
119400,0.792,0.101,0.107
119500,0.792,0.099,0.109
119600,0.785,0.099,0.115
119700,0.790,0.099,0.111
119800,0.790,0.098,0.112
119900,0.789,0.102,0.109
120000,0.789,0.105,0.106
120100,0.785,0.102,0.112
120200,0.780,0.108,0.111
120300,0.783,0.104,0.112
120400,0.787,0.101,0.112
120500,0.790,0.103,0.107
120600,0.789,0.104,0.107
120700,0.790,0.104,0.106
120800,0.790,0.102,0.108
120900,0.791,0.103,0.106
121000,0.792,0.103,0.105
121100,0.793,0.103,0.104
121200,0.791,0.103,0.106
121300,0.790,0.104,0.106
121400,0.792,0.104,0.104
121500,0.799,0.100,0.101
121600,0.800,0.104,0.096
121700,0.799,0.103,0.098
121800,0.802,0.102,0.096
121900,0.803,0.103,0.094
122000,0.802,0.103,0.095
122100,0.803,0.103,0.094
122200,0.799,0.100,0.101
122300,0.800,0.099,0.101
122400,0.804,0.097,0.099
122500,0.800,0.097,0.103
122600,0.801,0.097,0.102
122700,0.804,0.096,0.100
122800,0.804,0.098,0.098
122900,0.806,0.098,0.096
123000,0.804,0.098,0.098
123100,0.806,0.097,0.097
123200,0.809,0.096,0.095
123300,0.810,0.096,0.094
123400,0.811,0.097,0.092
123500,0.814,0.097,0.089
123600,0.814,0.095,0.091
123700,0.818,0.095,0.087
123800,0.819,0.094,0.087
123900,0.820,0.094,0.086
124000,0.822,0.093,0.085
124100,0.823,0.092,0.085
124200,0.822,0.092,0.086
124300,0.822,0.091,0.087
124400,0.823,0.091,0.086
124500,0.823,0.091,0.086
124600,0.824,0.091,0.085
124700,0.827,0.089,0.084
124800,0.827,0.089,0.084
124900,0.828,0.088,0.084
125000,0.829,0.088,0.083
125100,0.829,0.088,0.083
125200,0.830,0.088,0.082
125300,0.831,0.088,0.081
125400,0.834,0.087,0.080
125500,0.832,0.087,0.081
125600,0.832,0.087,0.081
125700,0.834,0.087,0.080
125800,0.836,0.087,0.078
125900,0.840,0.087,0.074
126000,0.839,0.087,0.075
126100,0.841,0.087,0.073
126200,0.841,0.087,0.073
126300,0.841,0.086,0.074
126400,0.841,0.086,0.074
126500,0.842,0.086,0.073
126600,0.843,0.085,0.073
126700,0.844,0.085,0.072
126800,0.844,0.085,0.072
126900,0.844,0.085,0.072
127000,0.845,0.085,0.070
127100,0.845,0.085,0.070
127200,0.845,0.084,0.072
127300,0.845,0.084,0.072
127400,0.846,0.084,0.070
127500,0.846,0.084,0.070
127600,0.846,0.084,0.070
127700,0.846,0.084,0.070
127800,0.846,0.084,0.070
127900,0.845,0.084,0.072
128000,0.847,0.083,0.070
128100,0.846,0.083,0.072
128200,0.847,0.083,0.070
128300,0.847,0.083,0.070
128400,0.847,0.083,0.070
128500,0.847,0.083,0.070
128600,0.848,0.083,0.069
128700,0.848,0.082,0.070
128800,0.849,0.082,0.069
128900,0.849,0.082,0.069
129000,0.849,0.082,0.069
129100,0.849,0.082,0.069
129200,0.850,0.082,0.068
129300,0.850,0.082,0.068
129400,0.850,0.082,0.068
129500,0.850,0.082,0.068
129600,0.850,0.082,0.068
129700,0.850,0.082,0.068
129800,0.850,0.082,0.068
129900,0.850,0.082,0.068
130000,0.851,0.082,0.067
130100,0.851,0.082,0.067
130200,0.851,0.082,0.067
130300,0.851,0.082,0.067
130400,0.851,0.082,0.067
130500,0.851,0.082,0.067
130600,0.851,0.082,0.067
130700,0.851,0.082,0.067
130800,0.850,0.082,0.068
130900,0.838,0.082,0.081
131000,0.839,0.082,0.080
131100,0.839,0.082,0.080
131200,0.841,0.082,0.078
131300,0.841,0.082,0.078
131400,0.842,0.081,0.078
131500,0.843,0.081,0.077
131600,0.842,0.081,0.078
131700,0.843,0.081,0.077
131800,0.843,0.081,0.077
131900,0.843,0.081,0.077
132000,0.843,0.081,0.077
132100,0.843,0.081,0.077
132200,0.844,0.081,0.076
132300,0.844,0.081,0.076
132400,0.844,0.081,0.076
132500,0.844,0.081,0.076
132600,0.844,0.081,0.076
132700,0.845,0.081,0.075
132800,0.845,0.081,0.075
132900,0.845,0.081,0.075
133000,0.845,0.081,0.075
133100,0.845,0.081,0.075
133200,0.845,0.081,0.075
133300,0.847,0.081,0.073
133400,0.846,0.081,0.074
133500,0.847,0.081,0.073
133600,0.847,0.081,0.073
133700,0.846,0.081,0.074
133800,0.845,0.081,0.075
133900,0.846,0.081,0.074
134000,0.846,0.081,0.074
134100,0.846,0.081,0.074
134200,0.847,0.081,0.073
134300,0.847,0.081,0.073
134400,0.848,0.080,0.073
134500,0.849,0.080,0.072
134600,0.849,0.080,0.072
134700,0.847,0.080,0.074
134800,0.847,0.080,0.074
134900,0.845,0.083,0.073
135000,0.846,0.082,0.073
135100,0.846,0.080,0.075
135200,0.848,0.080,0.073
135300,0.848,0.080,0.073
135400,0.849,0.080,0.072
135500,0.850,0.080,0.070
135600,0.850,0.080,0.070
135700,0.850,0.080,0.070
135800,0.851,0.080,0.069
135900,0.851,0.080,0.069
136000,0.851,0.080,0.069
136100,0.851,0.080,0.069
136200,0.851,0.080,0.069
136300,0.849,0.080,0.072
136400,0.846,0.080,0.075
136500,0.847,0.080,0.074
136600,0.847,0.080,0.074
136700,0.848,0.080,0.073
136800,0.849,0.079,0.073
136900,0.849,0.079,0.073
137000,0.848,0.079,0.074
137100,0.848,0.079,0.074
137200,0.848,0.079,0.074
137300,0.848,0.079,0.074
137400,0.849,0.079,0.073
137500,0.852,0.079,0.069
137600,0.852,0.079,0.069
137700,0.852,0.079,0.069
137800,0.852,0.079,0.069
137900,0.852,0.079,0.069
138000,0.853,0.079,0.068
138100,0.853,0.079,0.068
138200,0.854,0.079,0.067
138300,0.854,0.079,0.067
138400,0.853,0.079,0.068
138500,0.853,0.079,0.068
138600,0.852,0.079,0.069
138700,0.853,0.079,0.068
138800,0.851,0.079,0.070
138900,0.853,0.079,0.068
139000,0.854,0.079,0.067
139100,0.854,0.079,0.067
139200,0.854,0.079,0.067
139300,0.854,0.079,0.067
139400,0.854,0.079,0.067
139500,0.855,0.079,0.066
139600,0.853,0.079,0.068
139700,0.853,0.079,0.068
139800,0.854,0.079,0.067
139900,0.854,0.079,0.067
140000,0.846,0.079,0.076
140100,0.847,0.079,0.075
140200,0.847,0.079,0.075
140300,0.843,0.079,0.079
140400,0.843,0.079,0.079
140500,0.835,0.079,0.087
140600,0.835,0.079,0.087
140700,0.838,0.079,0.084
140800,0.837,0.079,0.085
140900,0.841,0.079,0.081
141000,0.841,0.079,0.081
141100,0.842,0.079,0.080
141200,0.843,0.079,0.079
141300,0.843,0.079,0.079
141400,0.844,0.081,0.076
141500,0.844,0.080,0.077
141600,0.838,0.079,0.084
141700,0.820,0.081,0.099
141800,0.821,0.079,0.100
141900,0.826,0.079,0.095
142000,0.826,0.079,0.095
142100,0.825,0.079,0.096
142200,0.824,0.078,0.098
142300,0.832,0.079,0.089
142400,0.829,0.079,0.092
142500,0.828,0.078,0.094
142600,0.832,0.077,0.091
142700,0.837,0.077,0.087
142800,0.837,0.079,0.085
142900,0.834,0.078,0.089
143000,0.834,0.080,0.087
143100,0.834,0.078,0.089
143200,0.834,0.077,0.090
143300,0.839,0.077,0.085
143400,0.840,0.077,0.084
143500,0.842,0.077,0.082
143600,0.842,0.079,0.080
143700,0.844,0.079,0.078
143800,0.849,0.079,0.073
143900,0.849,0.080,0.072
144000,0.849,0.080,0.072
144100,0.849,0.080,0.072
144200,0.849,0.080,0.072
144300,0.849,0.080,0.072
144400,0.848,0.081,0.072
144500,0.847,0.080,0.074
144600,0.845,0.080,0.076
144700,0.843,0.079,0.079
144800,0.841,0.080,0.080
144900,0.841,0.079,0.081
145000,0.841,0.079,0.081
145100,0.845,0.078,0.078
145200,0.845,0.078,0.078
145300,0.846,0.077,0.078
145400,0.847,0.077,0.077
145500,0.847,0.076,0.078
145600,0.847,0.076,0.078
145700,0.847,0.076,0.078
145800,0.846,0.076,0.079
145900,0.849,0.076,0.076
146000,0.851,0.076,0.074
146100,0.849,0.076,0.076
146200,0.849,0.076,0.076
146300,0.849,0.076,0.076
146400,0.850,0.076,0.075
146500,0.850,0.076,0.075
146600,0.851,0.075,0.075
146700,0.851,0.075,0.075
146800,0.851,0.075,0.075
146900,0.853,0.075,0.073
147000,0.853,0.075,0.073
147100,0.853,0.075,0.073
147200,0.852,0.075,0.074
147300,0.852,0.075,0.074
147400,0.852,0.075,0.074
147500,0.852,0.075,0.074
147600,0.851,0.075,0.075
147700,0.851,0.075,0.075
147800,0.851,0.075,0.075
147900,0.852,0.075,0.074
148000,0.852,0.075,0.074
148100,0.853,0.075,0.073
148200,0.853,0.075,0.073
148300,0.853,0.075,0.073
148400,0.853,0.075,0.073
148500,0.853,0.076,0.072
148600,0.853,0.075,0.073
148700,0.853,0.075,0.073
148800,0.853,0.075,0.073
148900,0.852,0.075,0.074
149000,0.849,0.075,0.077
149100,0.851,0.075,0.075
149200,0.851,0.075,0.075
149300,0.852,0.075,0.074
149400,0.852,0.074,0.075
149500,0.852,0.074,0.075
149600,0.852,0.074,0.075
149700,0.852,0.074,0.075
149800,0.852,0.074,0.075
149900,0.852,0.074,0.075
150000,0.853,0.074,0.074
150100,0.853,0.074,0.074
150200,0.853,0.074,0.074
150300,0.853,0.074,0.074
150400,0.853,0.074,0.074
150500,0.853,0.074,0.074
150600,0.854,0.074,0.073
150700,0.854,0.074,0.073
150800,0.856,0.074,0.070
150900,0.856,0.074,0.070
151000,0.856,0.074,0.070
151100,0.856,0.074,0.070
151200,0.856,0.074,0.070
151300,0.856,0.074,0.070
151400,0.856,0.074,0.070
151500,0.847,0.074,0.080
151600,0.846,0.074,0.081
151700,0.848,0.074,0.079
151800,0.847,0.074,0.080
151900,0.847,0.074,0.080
152000,0.843,0.074,0.084
152100,0.844,0.076,0.081
152200,0.845,0.075,0.081
152300,0.845,0.075,0.081
152400,0.845,0.075,0.081
152500,0.846,0.075,0.080
152600,0.847,0.076,0.078
152700,0.845,0.076,0.080
152800,0.852,0.074,0.075
152900,0.850,0.074,0.077
153000,0.850,0.074,0.077
153100,0.847,0.073,0.081
153200,0.847,0.073,0.081
153300,0.848,0.073,0.080
153400,0.849,0.072,0.080
153500,0.850,0.072,0.079
153600,0.849,0.072,0.080
153700,0.847,0.072,0.082
153800,0.840,0.072,0.089
153900,0.835,0.072,0.094
154000,0.838,0.072,0.091
154100,0.841,0.072,0.088
154200,0.834,0.083,0.084
154300,0.836,0.073,0.092
154400,0.842,0.072,0.087
154500,0.845,0.072,0.084
154600,0.844,0.070,0.086
154700,0.847,0.070,0.083
154800,0.848,0.070,0.082
154900,0.849,0.070,0.081
155000,0.849,0.070,0.081
155100,0.849,0.070,0.081
155200,0.850,0.070,0.080
155300,0.854,0.070,0.076
155400,0.853,0.070,0.077
155500,0.853,0.070,0.077
155600,0.853,0.070,0.077
155700,0.854,0.070,0.076
155800,0.849,0.077,0.075
155900,0.834,0.082,0.085
156000,0.834,0.083,0.084
156100,0.832,0.083,0.085
156200,0.825,0.081,0.094
156300,0.822,0.081,0.097
156400,0.822,0.080,0.098
156500,0.817,0.080,0.103
156600,0.811,0.081,0.108
156700,0.817,0.082,0.101
156800,0.818,0.079,0.103
156900,0.816,0.082,0.102
157000,0.814,0.082,0.104
157100,0.808,0.087,0.105
157200,0.806,0.086,0.108
157300,0.801,0.085,0.114
157400,0.799,0.081,0.121
157500,0.804,0.084,0.112
157600,0.800,0.083,0.117
157700,0.799,0.082,0.120
157800,0.806,0.081,0.113
157900,0.806,0.081,0.113
158000,0.808,0.078,0.114
158100,0.807,0.079,0.114
158200,0.805,0.076,0.120
158300,0.805,0.076,0.120
158400,0.807,0.080,0.113
158500,0.800,0.080,0.121
158600,0.792,0.081,0.128
158700,0.795,0.079,0.127
158800,0.790,0.077,0.134
158900,0.782,0.083,0.135
159000,0.778,0.080,0.142
159100,0.788,0.078,0.135
159200,0.795,0.076,0.130
159300,0.781,0.090,0.129
159400,0.787,0.089,0.125
159500,0.789,0.084,0.128
159600,0.782,0.088,0.130
159700,0.779,0.083,0.138
159800,0.761,0.094,0.145
159900,0.754,0.098,0.148
160000,0.749,0.097,0.154
160100,0.747,0.095,0.158
160200,0.742,0.096,0.162
160300,0.733,0.096,0.171
160400,0.741,0.096,0.163
160500,0.731,0.096,0.173
160600,0.726,0.100,0.174
160700,0.743,0.096,0.161
160800,0.747,0.094,0.159
160900,0.750,0.092,0.158
161000,0.742,0.109,0.149
161100,0.740,0.096,0.164
161200,0.740,0.094,0.166
161300,0.743,0.098,0.159
161400,0.745,0.095,0.160
161500,0.735,0.096,0.169
161600,0.730,0.107,0.162
161700,0.735,0.105,0.159
161800,0.741,0.110,0.149
161900,0.721,0.111,0.168
162000,0.718,0.114,0.168
162100,0.702,0.124,0.175
162200,0.703,0.123,0.175
162300,0.695,0.130,0.176
162400,0.700,0.118,0.182
162500,0.709,0.116,0.175
162600,0.708,0.108,0.184
162700,0.707,0.106,0.187
162800,0.713,0.100,0.187
162900,0.720,0.108,0.172
163000,0.718,0.122,0.160
163100,0.722,0.118,0.159
163200,0.729,0.112,0.158
163300,0.730,0.114,0.155
163400,0.744,0.111,0.145
163500,0.739,0.111,0.150
163600,0.749,0.107,0.144
163700,0.732,0.118,0.149
163800,0.731,0.115,0.153
163900,0.735,0.112,0.152
164000,0.733,0.110,0.156
164100,0.730,0.107,0.162
164200,0.726,0.115,0.158
164300,0.706,0.116,0.178
