time,n_A+p,n_B,n_AB
0,0.010,0.990,0.000
500,0.010,0.970,0.020
1000,0.010,0.916,0.074
1500,0.015,0.906,0.079
2000,0.015,0.881,0.104
2500,0.015,0.876,0.109
3000,0.012,0.864,0.124
3500,0.020,0.844,0.136
4000,0.015,0.844,0.141
4500,0.015,0.839,0.146
5000,0.015,0.806,0.179
5500,0.017,0.814,0.169
6000,0.020,0.809,0.171
6500,0.027,0.744,0.228
7000,0.042,0.764,0.194
7500,0.020,0.747,0.233
8000,0.032,0.739,0.228
8500,0.032,0.695,0.273
9000,0.047,0.700,0.253
9500,0.047,0.697,0.256
10000,0.057,0.700,0.243
10500,0.032,0.700,0.268
11000,0.045,0.702,0.253
11500,0.035,0.675,0.290
12000,0.037,0.764,0.199
12500,0.042,0.722,0.236
13000,0.057,0.692,0.251
13500,0.050,0.633,0.318
14000,0.072,0.643,0.285
14500,0.084,0.576,0.340
15000,0.082,0.556,0.362
15500,0.097,0.541,0.362
16000,0.069,0.593,0.337
16500,0.062,0.628,0.310
17000,0.077,0.633,0.290
17500,0.087,0.578,0.335
18000,0.114,0.548,0.337
18500,0.107,0.533,0.360
19000,0.109,0.447,0.444
19500,0.169,0.424,0.407
20000,0.184,0.407,0.409
20500,0.161,0.395,0.444
21000,0.141,0.427,0.432
21500,0.166,0.352,0.481
22000,0.164,0.333,0.504
22500,0.181,0.365,0.454
23000,0.201,0.318,0.481
23500,0.186,0.362,0.452
24000,0.218,0.315,0.467
24500,0.243,0.323,0.434
25000,0.263,0.315,0.422
25500,0.203,0.350,0.447
26000,0.174,0.392,0.434
26500,0.213,0.323,0.464
27000,0.223,0.340,0.437
27500,0.231,0.310,0.459
28000,0.238,0.347,0.414
28500,0.251,0.330,0.419
29000,0.206,0.313,0.481
29500,0.213,0.333,0.454
30000,0.236,0.278,0.486
30500,0.194,0.308,0.499
31000,0.223,0.318,0.459
31500,0.208,0.323,0.469
32000,0.216,0.350,0.434
32500,0.179,0.342,0.479
33000,0.216,0.335,0.449
33500,0.313,0.231,0.457
34000,0.357,0.213,0.429
34500,0.370,0.221,0.409
35000,0.352,0.201,0.447
35500,0.370,0.181,0.449
36000,0.392,0.194,0.414
36500,0.372,0.199,0.429
37000,0.340,0.203,0.457
37500,0.352,0.231,0.417
38000,0.377,0.221,0.402
38500,0.402,0.174,0.424
39000,0.390,0.174,0.437
39500,0.429,0.164,0.407
40000,0.459,0.097,0.444
40500,0.514,0.084,0.402
41000,0.533,0.069,0.397
41500,0.548,0.069,0.382
42000,0.553,0.069,0.377
42500,0.608,0.067,0.325
43000,0.667,0.045,0.288
43500,0.667,0.035,0.298
44000,0.680,0.045,0.275
44500,0.732,0.035,0.233
45000,0.739,0.020,0.241
45500,0.737,0.025,0.238
46000,0.727,0.027,0.246
46500,0.730,0.032,0.238
47000,0.727,0.042,0.231
47500,0.789,0.032,0.179
48000,0.801,0.020,0.179
48500,0.797,0.017,0.186
49000,0.794,0.015,0.191
49500,0.787,0.015,0.199
50000,0.809,0.007,0.184
50500,0.864,0.007,0.129
51000,0.841,0.007,0.151
51500,0.873,0.015,0.112
52000,0.851,0.007,0.141
52500,0.859,0.002,0.139
53000,0.876,0.002,0.122
53500,0.893,0.002,0.104
54000,0.883,0.002,0.114
54500,0.878,0.002,0.119
55000,0.916,0.007,0.077
55500,0.935,0.010,0.055
56000,0.953,0.010,0.037
56500,0.958,0.002,0.040
57000,0.965,0.000,0.035
57500,0.965,0.000,0.035
58000,0.975,0.000,0.025
58500,0.955,0.000,0.045
59000,0.968,0.000,0.032
59500,0.985,0.000,0.015
60000,0.995,0.000,0.005
60500,0.995,0.000,0.005
61000,0.995,0.000,0.005
61500,0.990,0.000,0.010
62000,0.983,0.000,0.017
62500,0.990,0.000,0.010
63000,0.995,0.000,0.005
63500,0.993,0.000,0.007
64000,1.000,0.000,0.000
