time,n_A+p,n_B,n_AB
100,0.416,0.527,0.057
200,0.392,0.495,0.112
300,0.384,0.463,0.153
400,0.370,0.453,0.178
500,0.363,0.438,0.199
600,0.345,0.426,0.229
700,0.332,0.420,0.248
800,0.328,0.407,0.266
900,0.322,0.392,0.286
1000,0.320,0.388,0.292
1100,0.320,0.391,0.289
1200,0.309,0.391,0.299
1300,0.317,0.383,0.300
1400,0.308,0.376,0.316
1500,0.323,0.364,0.314
1600,0.327,0.350,0.323
1700,0.324,0.347,0.329
1800,0.321,0.356,0.323
1900,0.319,0.347,0.334
2000,0.318,0.337,0.345
2100,0.314,0.330,0.356
2200,0.304,0.324,0.372
2300,0.297,0.323,0.380
2400,0.300,0.335,0.365
2500,0.299,0.326,0.375
2600,0.295,0.323,0.382
2700,0.295,0.317,0.388
2800,0.296,0.315,0.389
2900,0.285,0.306,0.409
3000,0.285,0.301,0.414
3100,0.281,0.298,0.421
3200,0.276,0.295,0.429
3300,0.286,0.292,0.422
3400,0.286,0.295,0.419
3500,0.276,0.305,0.419
3600,0.274,0.297,0.429
3700,0.270,0.296,0.434
3800,0.272,0.296,0.432
3900,0.272,0.295,0.433
4000,0.264,0.294,0.442
4100,0.268,0.280,0.453
4200,0.267,0.289,0.444
4300,0.268,0.290,0.442
4400,0.260,0.294,0.445
4500,0.265,0.294,0.441
4600,0.264,0.302,0.434
4700,0.264,0.292,0.444
4800,0.271,0.304,0.425
4900,0.267,0.299,0.434
5000,0.263,0.289,0.448
5100,0.258,0.279,0.463
5200,0.248,0.275,0.477
5300,0.250,0.282,0.468
5400,0.252,0.282,0.466
5500,0.244,0.282,0.474
5600,0.243,0.299,0.458
5700,0.245,0.302,0.453
5800,0.242,0.302,0.456
5900,0.235,0.292,0.473
6000,0.234,0.289,0.477
6100,0.242,0.281,0.477
6200,0.241,0.273,0.486
6300,0.242,0.272,0.486
6400,0.238,0.266,0.496
6500,0.242,0.265,0.493
6600,0.235,0.275,0.490
6700,0.238,0.277,0.485
6800,0.239,0.277,0.484
6900,0.237,0.269,0.494
7000,0.239,0.274,0.487
7100,0.232,0.277,0.491
7200,0.241,0.277,0.482
7300,0.246,0.265,0.489
7400,0.249,0.255,0.495
7500,0.261,0.250,0.488
7600,0.254,0.255,0.490
7700,0.264,0.246,0.490
7800,0.257,0.242,0.501
7900,0.278,0.241,0.481
8000,0.277,0.252,0.471
8100,0.277,0.260,0.463
8200,0.278,0.260,0.462
8300,0.268,0.256,0.476
8400,0.271,0.255,0.474
8500,0.269,0.261,0.470
8600,0.267,0.272,0.462
8700,0.261,0.272,0.467
8800,0.260,0.256,0.483
8900,0.248,0.255,0.496
9000,0.251,0.252,0.496
9100,0.248,0.255,0.496
9200,0.237,0.246,0.517
9300,0.247,0.258,0.494
9400,0.244,0.259,0.496
9500,0.243,0.253,0.504
9600,0.252,0.253,0.494
9700,0.255,0.256,0.488
9800,0.249,0.255,0.495
9900,0.265,0.239,0.496
10000,0.263,0.235,0.503
10100,0.256,0.232,0.512
10200,0.252,0.234,0.514
10300,0.254,0.237,0.509
10400,0.249,0.236,0.515
10500,0.264,0.233,0.504
10600,0.257,0.236,0.507
10700,0.255,0.234,0.511
10800,0.249,0.239,0.512
10900,0.259,0.227,0.514
11000,0.260,0.228,0.512
11100,0.279,0.235,0.486
11200,0.283,0.230,0.487
11300,0.278,0.230,0.492
11400,0.283,0.241,0.476
11500,0.288,0.238,0.474
11600,0.280,0.242,0.478
11700,0.278,0.235,0.487
11800,0.269,0.253,0.478
11900,0.267,0.253,0.480
12000,0.258,0.247,0.494
12100,0.253,0.240,0.507
12200,0.251,0.235,0.514
12300,0.280,0.233,0.487
12400,0.283,0.233,0.484
12500,0.277,0.237,0.486
12600,0.279,0.234,0.487
12700,0.282,0.228,0.490
12800,0.281,0.225,0.494
12900,0.280,0.243,0.477
13000,0.274,0.253,0.473
13100,0.273,0.245,0.482
13200,0.274,0.238,0.488
13300,0.266,0.248,0.486
13400,0.260,0.251,0.488
13500,0.243,0.265,0.492
13600,0.240,0.266,0.494
13700,0.239,0.267,0.494
13800,0.236,0.268,0.496
13900,0.229,0.256,0.515
14000,0.226,0.265,0.510
14100,0.226,0.270,0.505
14200,0.226,0.259,0.515
14300,0.228,0.256,0.516
14400,0.223,0.256,0.521
14500,0.229,0.254,0.517
14600,0.230,0.253,0.517
14700,0.240,0.250,0.510
14800,0.233,0.235,0.532
14900,0.229,0.233,0.538
15000,0.235,0.230,0.535
15100,0.236,0.227,0.537
15200,0.231,0.221,0.549
15300,0.242,0.224,0.534
15400,0.249,0.241,0.510
15500,0.246,0.235,0.519
15600,0.248,0.232,0.520
15700,0.249,0.230,0.521
15800,0.254,0.237,0.509
15900,0.259,0.226,0.515
16000,0.259,0.228,0.513
16100,0.251,0.226,0.523
16200,0.241,0.229,0.530
16300,0.236,0.230,0.534
16400,0.243,0.233,0.524
16500,0.239,0.237,0.524
16600,0.237,0.246,0.517
16700,0.230,0.249,0.521
16800,0.223,0.246,0.531
16900,0.224,0.234,0.542
17000,0.239,0.230,0.531
17100,0.231,0.227,0.542
17200,0.229,0.241,0.530
17300,0.229,0.247,0.524
17400,0.227,0.245,0.528
17500,0.224,0.234,0.542
17600,0.224,0.229,0.547
17700,0.221,0.227,0.553
17800,0.243,0.222,0.535
17900,0.260,0.218,0.522
18000,0.260,0.227,0.513
18100,0.258,0.232,0.510
18200,0.259,0.231,0.510
18300,0.246,0.230,0.524
18400,0.242,0.234,0.524
18500,0.242,0.241,0.517
18600,0.235,0.242,0.523
18700,0.232,0.236,0.532
18800,0.228,0.236,0.536
18900,0.224,0.230,0.546
19000,0.211,0.224,0.565
19100,0.209,0.239,0.552
19200,0.205,0.237,0.558
19300,0.211,0.234,0.555
19400,0.209,0.234,0.557
19500,0.205,0.235,0.560
19600,0.206,0.236,0.558
19700,0.206,0.231,0.563
19800,0.205,0.236,0.559
19900,0.198,0.242,0.560
20000,0.200,0.245,0.555
20100,0.203,0.237,0.560
20200,0.200,0.238,0.562
20300,0.195,0.246,0.559
20400,0.197,0.246,0.557
20500,0.193,0.251,0.556
20600,0.193,0.241,0.566
20700,0.199,0.240,0.561
20800,0.202,0.227,0.571
20900,0.198,0.230,0.572
21000,0.179,0.229,0.592
21100,0.178,0.235,0.587
21200,0.191,0.227,0.582
21300,0.191,0.239,0.570
21400,0.194,0.233,0.573
21500,0.188,0.232,0.580
21600,0.184,0.229,0.587
21700,0.180,0.224,0.597
21800,0.190,0.215,0.596
21900,0.195,0.220,0.585
22000,0.222,0.212,0.566
22100,0.222,0.209,0.569
22200,0.223,0.211,0.566
22300,0.227,0.210,0.563
22400,0.221,0.212,0.567
22500,0.218,0.212,0.570
22600,0.215,0.204,0.581
22700,0.209,0.209,0.581
22800,0.201,0.209,0.589
22900,0.200,0.200,0.600
23000,0.198,0.200,0.602
23100,0.205,0.198,0.597
23200,0.208,0.190,0.602
23300,0.206,0.199,0.594
23400,0.213,0.204,0.582
23500,0.211,0.205,0.583
23600,0.211,0.202,0.586
23700,0.210,0.204,0.585
23800,0.206,0.207,0.586
23900,0.206,0.211,0.582
24000,0.211,0.212,0.576
24100,0.203,0.216,0.581
24200,0.204,0.215,0.581
24300,0.201,0.212,0.586
24400,0.213,0.201,0.585
24500,0.217,0.202,0.581
24600,0.216,0.200,0.584
24700,0.227,0.199,0.574
24800,0.222,0.195,0.583
24900,0.222,0.198,0.580
25000,0.243,0.191,0.566
25100,0.245,0.186,0.569
25200,0.234,0.199,0.567
25300,0.226,0.204,0.570
25400,0.223,0.205,0.572
25500,0.244,0.200,0.556
25600,0.246,0.202,0.552
25700,0.237,0.195,0.568
25800,0.233,0.196,0.571
25900,0.230,0.189,0.581
26000,0.227,0.188,0.585
26100,0.233,0.186,0.581
26200,0.230,0.187,0.583
26300,0.219,0.188,0.593
26400,0.211,0.178,0.611
26500,0.197,0.180,0.623
26600,0.212,0.183,0.605
26700,0.247,0.188,0.565
26800,0.237,0.182,0.581
26900,0.231,0.185,0.584
27000,0.224,0.185,0.591
27100,0.215,0.186,0.600
27200,0.216,0.197,0.587
27300,0.215,0.206,0.579
27400,0.222,0.213,0.565
27500,0.215,0.217,0.569
27600,0.211,0.210,0.578
27700,0.217,0.217,0.567
27800,0.219,0.218,0.564
27900,0.216,0.217,0.568
28000,0.204,0.217,0.579
28100,0.192,0.210,0.598
28200,0.187,0.206,0.607
28300,0.200,0.225,0.575
28400,0.199,0.221,0.580
28500,0.192,0.219,0.589
28600,0.222,0.196,0.582
28700,0.219,0.195,0.586
28800,0.211,0.192,0.597
28900,0.211,0.198,0.590
29000,0.203,0.208,0.588
29100,0.192,0.246,0.562
29200,0.186,0.248,0.566
29300,0.183,0.253,0.564
29400,0.181,0.249,0.570
29500,0.186,0.234,0.580
29600,0.203,0.228,0.569
29700,0.197,0.215,0.588
29800,0.192,0.213,0.594
29900,0.185,0.219,0.597
30000,0.182,0.215,0.604
30100,0.185,0.210,0.605
30200,0.199,0.209,0.591
30300,0.191,0.224,0.585
30400,0.197,0.220,0.583
30500,0.192,0.216,0.592
30600,0.183,0.213,0.604
30700,0.182,0.218,0.601
30800,0.176,0.217,0.608
30900,0.176,0.210,0.614
31000,0.181,0.208,0.611
31100,0.164,0.211,0.624
31200,0.164,0.221,0.615
31300,0.166,0.222,0.612
31400,0.173,0.240,0.587
31500,0.170,0.227,0.604
31600,0.164,0.216,0.620
31700,0.170,0.217,0.614
31800,0.172,0.217,0.612
31900,0.172,0.225,0.604
32000,0.185,0.222,0.593
32100,0.187,0.215,0.599
32200,0.182,0.212,0.606
32300,0.180,0.205,0.615
32400,0.182,0.201,0.617
32500,0.180,0.199,0.621
32600,0.181,0.203,0.616
32700,0.178,0.201,0.621
32800,0.177,0.209,0.614
32900,0.179,0.220,0.602
33000,0.176,0.217,0.608
33100,0.171,0.209,0.620
33200,0.174,0.207,0.619
33300,0.172,0.211,0.617
33400,0.172,0.209,0.619
33500,0.171,0.203,0.626
33600,0.161,0.201,0.637
33700,0.160,0.193,0.647
33800,0.159,0.202,0.638
33900,0.177,0.213,0.610
34000,0.171,0.208,0.621
34100,0.175,0.206,0.619
34200,0.170,0.213,0.617
34300,0.161,0.211,0.627
34400,0.163,0.200,0.636
34500,0.156,0.206,0.637
34600,0.162,0.219,0.619
34700,0.170,0.208,0.622
34800,0.165,0.202,0.632
34900,0.166,0.201,0.632
35000,0.165,0.203,0.631
35100,0.166,0.210,0.623
35200,0.165,0.209,0.625
35300,0.164,0.211,0.624
35400,0.160,0.208,0.631
35500,0.157,0.212,0.630
35600,0.162,0.210,0.627
35700,0.160,0.209,0.630
35800,0.155,0.207,0.637
35900,0.155,0.200,0.645
36000,0.165,0.198,0.636
36100,0.176,0.200,0.624
36200,0.157,0.201,0.641
36300,0.158,0.203,0.638
36400,0.157,0.207,0.635
36500,0.160,0.208,0.631
36600,0.156,0.204,0.639
36700,0.157,0.213,0.629
36800,0.159,0.213,0.627
36900,0.176,0.202,0.622
37000,0.178,0.200,0.622
37100,0.177,0.198,0.625
37200,0.171,0.196,0.633
37300,0.183,0.199,0.618
37400,0.179,0.220,0.602
37500,0.179,0.222,0.600
37600,0.199,0.215,0.586
37700,0.195,0.205,0.600
37800,0.194,0.216,0.590
37900,0.198,0.207,0.594
38000,0.211,0.204,0.584
38100,0.232,0.202,0.566
38200,0.233,0.215,0.553
38300,0.227,0.208,0.565
38400,0.220,0.221,0.560
38500,0.216,0.222,0.563
38600,0.211,0.225,0.564
38700,0.203,0.225,0.572
38800,0.202,0.218,0.580
38900,0.202,0.209,0.588
39000,0.201,0.206,0.592
39100,0.197,0.196,0.607
39200,0.194,0.202,0.604
39300,0.184,0.211,0.605
39400,0.184,0.211,0.605
39500,0.181,0.211,0.608
39600,0.184,0.204,0.612
39700,0.182,0.199,0.619
39800,0.175,0.194,0.631
39900,0.187,0.196,0.617
40000,0.194,0.186,0.620
40100,0.195,0.192,0.613
40200,0.199,0.185,0.616
40300,0.191,0.187,0.622
40400,0.198,0.184,0.618
40500,0.193,0.187,0.620
40600,0.194,0.181,0.625
40700,0.196,0.183,0.621
40800,0.193,0.182,0.625
40900,0.184,0.191,0.625
41000,0.181,0.200,0.619
41100,0.187,0.208,0.605
41200,0.187,0.201,0.612
41300,0.206,0.193,0.601
41400,0.206,0.199,0.594
41500,0.204,0.195,0.601
41600,0.212,0.195,0.592
41700,0.209,0.202,0.588
41800,0.200,0.203,0.597
41900,0.200,0.201,0.599
42000,0.212,0.200,0.587
42100,0.224,0.196,0.580
42200,0.196,0.200,0.604
42300,0.198,0.205,0.597
42400,0.200,0.202,0.598
42500,0.195,0.190,0.615
42600,0.197,0.185,0.618
42700,0.194,0.187,0.619
42800,0.195,0.192,0.613
42900,0.201,0.185,0.614
43000,0.202,0.186,0.612
43100,0.207,0.188,0.605
43200,0.213,0.189,0.598
43300,0.206,0.184,0.610
43400,0.200,0.180,0.620
43500,0.207,0.176,0.617
43600,0.210,0.173,0.617
43700,0.225,0.176,0.600
43800,0.226,0.182,0.592
43900,0.223,0.183,0.594
44000,0.221,0.175,0.605
44100,0.217,0.173,0.611
44200,0.209,0.177,0.614
44300,0.193,0.194,0.613
44400,0.197,0.200,0.603
44500,0.201,0.215,0.584
44600,0.183,0.209,0.608
44700,0.186,0.199,0.615
44800,0.187,0.202,0.611
44900,0.194,0.220,0.586
45000,0.211,0.219,0.570
45100,0.200,0.213,0.586
45200,0.192,0.222,0.586
45300,0.192,0.217,0.591
45400,0.182,0.217,0.602
45500,0.192,0.209,0.599
45600,0.189,0.210,0.601
45700,0.209,0.212,0.578
45800,0.209,0.212,0.578
45900,0.195,0.212,0.592
46000,0.192,0.217,0.591
46100,0.191,0.221,0.588
46200,0.194,0.219,0.587
46300,0.197,0.212,0.590
46400,0.194,0.212,0.593
46500,0.189,0.215,0.597
46600,0.191,0.212,0.597
46700,0.189,0.223,0.588
46800,0.187,0.222,0.591
46900,0.188,0.211,0.601
47000,0.176,0.208,0.616
47100,0.173,0.207,0.620
47200,0.171,0.216,0.614
47300,0.174,0.213,0.613
47400,0.173,0.215,0.613
47500,0.164,0.216,0.620
47600,0.165,0.222,0.613
47700,0.161,0.218,0.621
47800,0.161,0.223,0.616
47900,0.156,0.216,0.628
48000,0.154,0.217,0.629
48100,0.160,0.220,0.620
48200,0.155,0.224,0.621
48300,0.150,0.228,0.622
48400,0.152,0.220,0.628
48500,0.160,0.221,0.619
48600,0.161,0.208,0.630
48700,0.157,0.218,0.625
48800,0.160,0.210,0.629
48900,0.164,0.208,0.627
49000,0.165,0.213,0.621
49100,0.169,0.211,0.620
49200,0.173,0.211,0.616
49300,0.181,0.216,0.604
49400,0.178,0.212,0.610
49500,0.168,0.222,0.611
49600,0.168,0.222,0.611
49700,0.161,0.234,0.605
49800,0.160,0.228,0.612
49900,0.155,0.227,0.618
50000,0.153,0.221,0.626
50100,0.153,0.220,0.627
50200,0.150,0.233,0.617
50300,0.157,0.234,0.609
50400,0.161,0.230,0.609
50500,0.157,0.220,0.623
50600,0.154,0.223,0.623
50700,0.153,0.225,0.622
50800,0.157,0.217,0.626
50900,0.165,0.220,0.615
51000,0.158,0.228,0.614
51100,0.159,0.230,0.611
51200,0.176,0.218,0.607
51300,0.176,0.218,0.607
51400,0.168,0.215,0.618
51500,0.164,0.213,0.622
51600,0.166,0.223,0.611
51700,0.171,0.218,0.612
51800,0.169,0.246,0.585
51900,0.165,0.242,0.592
52000,0.160,0.246,0.593
52100,0.152,0.243,0.605
52200,0.152,0.239,0.609
52300,0.161,0.238,0.601
52400,0.156,0.228,0.616
52500,0.156,0.222,0.622
52600,0.158,0.221,0.621
52700,0.159,0.220,0.621
52800,0.153,0.219,0.628
52900,0.155,0.220,0.625
53000,0.175,0.197,0.628
53100,0.182,0.200,0.618
53200,0.185,0.199,0.616
53300,0.176,0.200,0.624
53400,0.175,0.196,0.629
53500,0.187,0.199,0.614
53600,0.176,0.204,0.620
53700,0.174,0.213,0.613
53800,0.174,0.209,0.617
53900,0.166,0.205,0.628
54000,0.162,0.202,0.635
54100,0.158,0.201,0.640
54200,0.172,0.201,0.627
54300,0.169,0.200,0.631
54400,0.172,0.229,0.600
54500,0.171,0.229,0.601
54600,0.175,0.221,0.605
54700,0.180,0.220,0.601
54800,0.182,0.228,0.590
54900,0.178,0.234,0.588
55000,0.182,0.230,0.588
55100,0.180,0.228,0.592
55200,0.180,0.230,0.590
55300,0.174,0.229,0.598
55400,0.178,0.228,0.594
55500,0.175,0.220,0.606
55600,0.191,0.231,0.578
55700,0.186,0.226,0.588
55800,0.183,0.204,0.613
55900,0.188,0.210,0.602
56000,0.185,0.205,0.610
56100,0.178,0.209,0.613
56200,0.174,0.215,0.612
56300,0.180,0.206,0.614
56400,0.195,0.213,0.591
56500,0.178,0.211,0.611
56600,0.175,0.208,0.617
56700,0.175,0.205,0.620
56800,0.188,0.204,0.608
56900,0.175,0.209,0.616
57000,0.170,0.208,0.622
57100,0.190,0.201,0.609
57200,0.189,0.222,0.589
57300,0.191,0.223,0.586
57400,0.186,0.211,0.603
57500,0.184,0.210,0.606
57600,0.175,0.211,0.614
57700,0.176,0.204,0.620
57800,0.174,0.212,0.614
57900,0.176,0.203,0.621
58000,0.179,0.199,0.622
58100,0.172,0.198,0.630
58200,0.171,0.200,0.629
58300,0.174,0.213,0.613
58400,0.195,0.218,0.587
58500,0.190,0.217,0.593
58600,0.184,0.218,0.599
58700,0.180,0.210,0.610
58800,0.182,0.209,0.609
58900,0.181,0.207,0.612
59000,0.187,0.223,0.590
59100,0.186,0.219,0.596
59200,0.182,0.215,0.604
59300,0.177,0.216,0.608
59400,0.185,0.219,0.597
59500,0.180,0.218,0.603
59600,0.184,0.212,0.604
59700,0.181,0.213,0.606
59800,0.172,0.212,0.616
59900,0.173,0.221,0.607
60000,0.188,0.232,0.580
60100,0.195,0.240,0.565
60200,0.200,0.234,0.566
60300,0.191,0.237,0.572
60400,0.191,0.246,0.563
60500,0.183,0.234,0.583
60600,0.193,0.228,0.579
60700,0.196,0.227,0.577
60800,0.189,0.224,0.587
60900,0.185,0.226,0.589
61000,0.182,0.229,0.589
61100,0.180,0.234,0.586
61200,0.180,0.238,0.582
61300,0.185,0.230,0.585
61400,0.183,0.233,0.584
61500,0.181,0.218,0.602
61600,0.181,0.209,0.610
61700,0.181,0.207,0.612
61800,0.174,0.216,0.611
61900,0.187,0.204,0.609
62000,0.184,0.210,0.606
62100,0.182,0.210,0.608
62200,0.182,0.216,0.603
62300,0.194,0.212,0.593
62400,0.185,0.219,0.597
62500,0.183,0.212,0.605
62600,0.178,0.207,0.615
62700,0.179,0.206,0.615
62800,0.180,0.203,0.617
62900,0.180,0.202,0.618
63000,0.177,0.198,0.625
63100,0.169,0.190,0.641
63200,0.166,0.200,0.633
63300,0.180,0.202,0.618
63400,0.183,0.209,0.608
63500,0.176,0.215,0.610
63600,0.175,0.208,0.617
63700,0.174,0.218,0.609
63800,0.179,0.215,0.607
63900,0.177,0.218,0.606
64000,0.182,0.215,0.604
64100,0.185,0.218,0.598
64200,0.193,0.217,0.590
64300,0.203,0.209,0.587
64400,0.208,0.207,0.584
64500,0.208,0.219,0.573
64600,0.211,0.216,0.573
64700,0.213,0.221,0.566
64800,0.203,0.210,0.586
64900,0.205,0.213,0.581
65000,0.203,0.207,0.589
65100,0.217,0.199,0.584
65200,0.219,0.194,0.587
65300,0.241,0.181,0.578
65400,0.242,0.177,0.581
65500,0.243,0.180,0.577
65600,0.239,0.187,0.574
65700,0.242,0.183,0.575
65800,0.232,0.180,0.588
65900,0.230,0.178,0.592
66000,0.226,0.179,0.596
66100,0.231,0.188,0.581
66200,0.224,0.188,0.588
66300,0.220,0.186,0.594
66400,0.224,0.192,0.584
66500,0.224,0.190,0.586
66600,0.212,0.217,0.571
66700,0.216,0.216,0.569
66800,0.218,0.226,0.557
66900,0.212,0.230,0.558
67000,0.206,0.232,0.562
67100,0.202,0.227,0.571
67200,0.197,0.232,0.571
67300,0.195,0.225,0.580
67400,0.183,0.227,0.590
67500,0.174,0.226,0.601
67600,0.179,0.224,0.598
67700,0.180,0.228,0.592
67800,0.190,0.227,0.583
67900,0.188,0.228,0.584
68000,0.193,0.225,0.582
68100,0.190,0.223,0.587
68200,0.192,0.221,0.587
68300,0.190,0.216,0.594
68400,0.193,0.216,0.591
68500,0.189,0.206,0.605
68600,0.193,0.203,0.604
68700,0.180,0.203,0.617
68800,0.182,0.200,0.618
68900,0.183,0.198,0.619
69000,0.185,0.191,0.624
69100,0.189,0.184,0.627
69200,0.187,0.185,0.628
69300,0.184,0.187,0.629
69400,0.198,0.180,0.622
69500,0.191,0.183,0.626
69600,0.199,0.183,0.618
69700,0.198,0.179,0.623
69800,0.191,0.180,0.629
69900,0.186,0.186,0.628
70000,0.207,0.176,0.617
70100,0.204,0.180,0.616
70200,0.206,0.176,0.618
70300,0.190,0.192,0.618
70400,0.188,0.185,0.627
70500,0.184,0.191,0.625
70600,0.188,0.197,0.615
70700,0.189,0.196,0.615
70800,0.178,0.200,0.622
70900,0.180,0.196,0.624
71000,0.175,0.202,0.623
71100,0.175,0.202,0.623
71200,0.175,0.211,0.614
71300,0.164,0.210,0.625
71400,0.163,0.208,0.628
71500,0.165,0.203,0.631
71600,0.166,0.198,0.635
71700,0.183,0.210,0.607
71800,0.176,0.211,0.613
71900,0.176,0.216,0.609
72000,0.156,0.215,0.629
72100,0.148,0.200,0.652
72200,0.150,0.199,0.651
72300,0.146,0.201,0.653
72400,0.142,0.206,0.652
72500,0.144,0.204,0.652
72600,0.144,0.205,0.651
72700,0.149,0.193,0.658
72800,0.146,0.195,0.659
72900,0.139,0.208,0.653
73000,0.137,0.199,0.664
73100,0.144,0.199,0.657
73200,0.156,0.202,0.641
73300,0.150,0.203,0.647
73400,0.147,0.198,0.655
73500,0.141,0.195,0.664
73600,0.150,0.203,0.647
73700,0.145,0.211,0.644
73800,0.147,0.209,0.644
73900,0.157,0.201,0.641
74000,0.153,0.195,0.652
74100,0.152,0.207,0.640
74200,0.153,0.206,0.640
74300,0.154,0.206,0.639
74400,0.155,0.205,0.639
74500,0.162,0.205,0.632
74600,0.157,0.217,0.626
74700,0.160,0.213,0.626
74800,0.150,0.211,0.638
74900,0.149,0.221,0.630
75000,0.153,0.220,0.627
75100,0.143,0.223,0.634
75200,0.151,0.220,0.629
75300,0.164,0.217,0.619
75400,0.159,0.217,0.624
75500,0.157,0.209,0.633
75600,0.161,0.213,0.625
75700,0.154,0.206,0.639
75800,0.153,0.204,0.642
75900,0.155,0.195,0.650
76000,0.149,0.192,0.659
76100,0.148,0.201,0.651
76200,0.155,0.197,0.648
76300,0.156,0.192,0.652
76400,0.155,0.190,0.655
76500,0.156,0.191,0.653
76600,0.147,0.193,0.660
76700,0.140,0.221,0.639
76800,0.140,0.227,0.633
76900,0.149,0.223,0.628
77000,0.164,0.219,0.617
77100,0.161,0.206,0.632
77200,0.170,0.206,0.624
77300,0.168,0.201,0.631
77400,0.158,0.200,0.641
77500,0.151,0.199,0.650
77600,0.151,0.196,0.653
77700,0.149,0.200,0.651
77800,0.145,0.195,0.660
77900,0.147,0.218,0.635
78000,0.140,0.222,0.638
78100,0.145,0.235,0.620
78200,0.139,0.237,0.624
78300,0.141,0.226,0.633
78400,0.141,0.221,0.638
78500,0.138,0.226,0.636
78600,0.132,0.238,0.630
78700,0.130,0.232,0.638
78800,0.131,0.246,0.623
78900,0.146,0.234,0.620
79000,0.142,0.225,0.633
79100,0.139,0.233,0.628
79200,0.142,0.234,0.624
79300,0.130,0.230,0.640
79400,0.132,0.222,0.647
79500,0.136,0.212,0.652
79600,0.136,0.218,0.647
79700,0.146,0.208,0.646
79800,0.145,0.223,0.632
79900,0.153,0.219,0.628
80000,0.151,0.221,0.628
80100,0.156,0.213,0.630
80200,0.153,0.208,0.638
80300,0.154,0.207,0.638
80400,0.151,0.203,0.646
80500,0.160,0.202,0.637
80600,0.172,0.196,0.632
80700,0.162,0.193,0.645
80800,0.180,0.182,0.638
80900,0.179,0.184,0.637
81000,0.183,0.177,0.640
81100,0.183,0.172,0.646
81200,0.200,0.170,0.630
81300,0.192,0.176,0.632
81400,0.201,0.168,0.631
81500,0.212,0.163,0.624
81600,0.201,0.161,0.637
81700,0.206,0.161,0.632
81800,0.199,0.160,0.640
81900,0.190,0.163,0.647
82000,0.196,0.157,0.647
82100,0.185,0.178,0.637
82200,0.179,0.176,0.646
82300,0.176,0.178,0.647
82400,0.175,0.177,0.649
82500,0.174,0.182,0.645
82600,0.163,0.183,0.654
82700,0.155,0.175,0.670
82800,0.164,0.191,0.645
82900,0.166,0.194,0.639
83000,0.162,0.194,0.644
83100,0.156,0.200,0.644
83200,0.157,0.196,0.647
83300,0.156,0.187,0.657
83400,0.157,0.193,0.650
83500,0.149,0.193,0.658
83600,0.154,0.209,0.636
83700,0.154,0.208,0.637
83800,0.159,0.205,0.635
83900,0.162,0.201,0.636
84000,0.159,0.191,0.650
84100,0.160,0.189,0.651
84200,0.157,0.190,0.653
84300,0.161,0.183,0.656
84400,0.166,0.193,0.640
84500,0.166,0.187,0.647
84600,0.163,0.188,0.649
84700,0.161,0.179,0.660
84800,0.158,0.193,0.649
84900,0.156,0.205,0.638
85000,0.158,0.198,0.644
85100,0.166,0.196,0.637
85200,0.159,0.201,0.639
85300,0.156,0.195,0.649
85400,0.157,0.178,0.665
85500,0.168,0.176,0.657
85600,0.158,0.175,0.667
85700,0.154,0.172,0.674
85800,0.152,0.171,0.677
85900,0.155,0.173,0.672
86000,0.161,0.185,0.654
86100,0.155,0.185,0.660
86200,0.154,0.187,0.659
86300,0.151,0.181,0.668
86400,0.155,0.175,0.670
86500,0.152,0.173,0.675
86600,0.151,0.173,0.676
86700,0.154,0.172,0.674
86800,0.156,0.170,0.674
86900,0.158,0.172,0.670
87000,0.156,0.175,0.669
87100,0.155,0.171,0.674
87200,0.154,0.168,0.678
87300,0.161,0.168,0.671
87400,0.160,0.170,0.670
87500,0.166,0.162,0.671
87600,0.178,0.160,0.662
87700,0.174,0.168,0.659
87800,0.164,0.169,0.667
87900,0.180,0.175,0.646
88000,0.180,0.164,0.656
88100,0.168,0.159,0.673
88200,0.162,0.159,0.678
88300,0.179,0.166,0.655
88400,0.185,0.172,0.644
88500,0.183,0.166,0.651
88600,0.172,0.180,0.649
88700,0.169,0.176,0.656
88800,0.182,0.166,0.652
88900,0.181,0.169,0.651
89000,0.182,0.182,0.636
89100,0.198,0.178,0.624
89200,0.192,0.177,0.631
89300,0.204,0.174,0.622
89400,0.176,0.173,0.652
89500,0.176,0.176,0.649
89600,0.176,0.169,0.656
89700,0.182,0.166,0.652
89800,0.191,0.162,0.647
89900,0.184,0.158,0.658
90000,0.181,0.163,0.656
90100,0.177,0.160,0.663
90200,0.182,0.154,0.664
90300,0.170,0.162,0.668
90400,0.161,0.166,0.672
90500,0.160,0.171,0.669
90600,0.158,0.182,0.660
90700,0.163,0.177,0.660
90800,0.163,0.192,0.645
90900,0.162,0.189,0.649
91000,0.172,0.187,0.641
91100,0.175,0.188,0.637
91200,0.184,0.184,0.632
91300,0.187,0.187,0.626
91400,0.191,0.180,0.629
91500,0.188,0.176,0.636
91600,0.187,0.176,0.637
91700,0.197,0.169,0.634
91800,0.198,0.169,0.633
91900,0.189,0.168,0.644
92000,0.181,0.175,0.645
92100,0.176,0.182,0.642
92200,0.176,0.185,0.639
92300,0.171,0.197,0.632
92400,0.161,0.198,0.640
92500,0.174,0.197,0.629
92600,0.197,0.179,0.624
92700,0.194,0.175,0.631
92800,0.196,0.171,0.633
92900,0.191,0.175,0.634
93000,0.180,0.186,0.634
93100,0.174,0.183,0.644
93200,0.165,0.203,0.631
93300,0.164,0.207,0.628
93400,0.160,0.200,0.639
93500,0.166,0.190,0.644
93600,0.155,0.189,0.656
93700,0.154,0.187,0.659
93800,0.153,0.191,0.656
93900,0.150,0.189,0.661
94000,0.154,0.190,0.656
94100,0.151,0.187,0.662
94200,0.153,0.194,0.653
94300,0.148,0.202,0.650
94400,0.152,0.208,0.639
94500,0.152,0.203,0.645
94600,0.158,0.206,0.635
94700,0.154,0.201,0.645
94800,0.148,0.202,0.650
94900,0.158,0.190,0.652
95000,0.152,0.192,0.656
95100,0.143,0.189,0.668
95200,0.142,0.187,0.671
95300,0.149,0.196,0.655
95400,0.154,0.194,0.652
95500,0.153,0.198,0.649
95600,0.155,0.197,0.648
95700,0.159,0.195,0.646
95800,0.145,0.196,0.659
95900,0.144,0.195,0.661
96000,0.155,0.198,0.647
96100,0.152,0.190,0.658
96200,0.156,0.183,0.661
96300,0.157,0.183,0.660
96400,0.158,0.183,0.659
96500,0.158,0.189,0.653
96600,0.160,0.189,0.651
96700,0.155,0.195,0.650
96800,0.149,0.217,0.634
96900,0.147,0.236,0.617
97000,0.137,0.232,0.631
97100,0.134,0.232,0.634
97200,0.130,0.226,0.645
97300,0.127,0.232,0.641
97400,0.130,0.235,0.635
97500,0.129,0.226,0.646
97600,0.132,0.223,0.646
97700,0.146,0.216,0.638
97800,0.135,0.209,0.656
97900,0.134,0.213,0.653
98000,0.147,0.218,0.635
98100,0.146,0.215,0.639
98200,0.144,0.210,0.646
98300,0.151,0.208,0.640
98400,0.153,0.218,0.629
98500,0.151,0.213,0.635
98600,0.153,0.205,0.641
98700,0.159,0.196,0.645
98800,0.168,0.189,0.644
98900,0.172,0.183,0.646
99000,0.170,0.176,0.655
99100,0.183,0.173,0.645
99200,0.176,0.175,0.650
99300,0.182,0.177,0.641
99400,0.183,0.174,0.644
99500,0.178,0.179,0.644
99600,0.178,0.175,0.648
99700,0.181,0.162,0.657
99800,0.188,0.163,0.649
99900,0.183,0.166,0.651
100000,0.179,0.177,0.645
