time,n_A+p,n_B,n_AB
500,0.050,0.798,0.151
1000,0.050,0.778,0.172
1500,0.050,0.687,0.263
2000,0.050,0.638,0.312
2500,0.050,0.618,0.332
3000,0.050,0.645,0.305
3500,0.050,0.638,0.312
4000,0.050,0.652,0.297
4500,0.050,0.628,0.322
5000,0.050,0.557,0.392
5500,0.050,0.542,0.408
6000,0.050,0.553,0.397
6500,0.050,0.614,0.336
7000,0.050,0.610,0.340
7500,0.050,0.672,0.277
8000,0.050,0.621,0.329
8500,0.050,0.589,0.361
9000,0.050,0.527,0.422
9500,0.050,0.604,0.346
10000,0.050,0.626,0.324
10500,0.050,0.584,0.366
11000,0.051,0.537,0.412
11500,0.051,0.556,0.393
12000,0.050,0.561,0.388
12500,0.055,0.526,0.418
13000,0.051,0.515,0.434
13500,0.053,0.525,0.422
14000,0.051,0.523,0.426
14500,0.050,0.537,0.413
15000,0.050,0.568,0.382
15500,0.050,0.543,0.407
16000,0.050,0.564,0.386
16500,0.050,0.622,0.328
17000,0.050,0.614,0.336
17500,0.050,0.600,0.350
18000,0.050,0.627,0.323
18500,0.050,0.634,0.316
19000,0.050,0.589,0.361
19500,0.050,0.568,0.382
20000,0.050,0.534,0.416
20500,0.050,0.588,0.362
21000,0.050,0.554,0.396
21500,0.050,0.526,0.423
22000,0.050,0.565,0.385
22500,0.050,0.554,0.395
23000,0.050,0.554,0.396
23500,0.050,0.591,0.359
24000,0.050,0.567,0.383
24500,0.050,0.574,0.376
25000,0.050,0.613,0.337
25500,0.050,0.586,0.364
26000,0.050,0.610,0.340
26500,0.050,0.588,0.362
27000,0.050,0.599,0.351
27500,0.050,0.555,0.394
28000,0.050,0.587,0.363
28500,0.050,0.625,0.325
29000,0.050,0.605,0.345
29500,0.050,0.571,0.379
30000,0.050,0.620,0.330
30500,0.050,0.604,0.346
31000,0.050,0.576,0.374
31500,0.050,0.616,0.334
32000,0.050,0.591,0.359
32500,0.050,0.570,0.380
33000,0.050,0.608,0.342
33500,0.050,0.577,0.373
34000,0.050,0.591,0.359
34500,0.050,0.557,0.393
35000,0.050,0.549,0.401
35500,0.050,0.602,0.348
36000,0.050,0.623,0.327
36500,0.050,0.595,0.355
37000,0.050,0.628,0.322
37500,0.050,0.662,0.288
38000,0.050,0.608,0.342
38500,0.050,0.620,0.330
39000,0.050,0.647,0.303
39500,0.050,0.605,0.345
40000,0.050,0.599,0.351
40500,0.050,0.552,0.398
41000,0.050,0.560,0.390
41500,0.050,0.579,0.371
42000,0.050,0.573,0.377
42500,0.050,0.643,0.307
43000,0.050,0.634,0.316
43500,0.050,0.640,0.309
44000,0.050,0.620,0.330
44500,0.051,0.659,0.289
45000,0.050,0.617,0.333
45500,0.050,0.672,0.278
46000,0.050,0.618,0.332
46500,0.050,0.574,0.376
47000,0.050,0.596,0.354
47500,0.050,0.622,0.328
48000,0.050,0.630,0.320
48500,0.050,0.623,0.327
49000,0.050,0.622,0.328
49500,0.050,0.673,0.277
50000,0.050,0.662,0.288
50500,0.050,0.641,0.308
51000,0.050,0.615,0.335
51500,0.050,0.644,0.305
52000,0.050,0.624,0.326
52500,0.050,0.629,0.321
53000,0.050,0.620,0.330
53500,0.050,0.664,0.286
54000,0.050,0.672,0.278
54500,0.050,0.664,0.285
55000,0.050,0.601,0.349
55500,0.050,0.610,0.340
56000,0.050,0.663,0.287
56500,0.050,0.678,0.272
57000,0.050,0.661,0.289
57500,0.050,0.662,0.288
58000,0.050,0.675,0.274
58500,0.050,0.609,0.341
59000,0.050,0.620,0.330
59500,0.050,0.562,0.387
60000,0.050,0.579,0.371
60500,0.050,0.565,0.385
61000,0.050,0.603,0.347
61500,0.050,0.578,0.372
62000,0.050,0.610,0.340
62500,0.050,0.593,0.357
63000,0.050,0.573,0.377
63500,0.050,0.573,0.377
64000,0.050,0.586,0.364
64500,0.050,0.545,0.404
65000,0.050,0.591,0.359
65500,0.050,0.648,0.301
66000,0.050,0.640,0.309
66500,0.050,0.612,0.338
67000,0.050,0.679,0.271
67500,0.050,0.680,0.270
68000,0.050,0.655,0.294
68500,0.050,0.603,0.347
69000,0.050,0.645,0.304
69500,0.050,0.662,0.287
70000,0.050,0.619,0.331
70500,0.050,0.569,0.381
71000,0.050,0.605,0.345
71500,0.050,0.605,0.345
72000,0.050,0.620,0.330
72500,0.050,0.652,0.298
73000,0.050,0.661,0.289
73500,0.050,0.687,0.263
74000,0.050,0.693,0.257
74500,0.050,0.710,0.240
75000,0.050,0.673,0.276
75500,0.050,0.674,0.275
76000,0.050,0.638,0.311
76500,0.050,0.582,0.368
77000,0.050,0.597,0.353
77500,0.050,0.571,0.379
78000,0.050,0.585,0.365
78500,0.050,0.599,0.351
79000,0.050,0.623,0.327
79500,0.050,0.644,0.305
80000,0.050,0.629,0.321
80500,0.050,0.595,0.355
81000,0.050,0.616,0.334
81500,0.050,0.617,0.333
82000,0.050,0.631,0.319
82500,0.050,0.670,0.280
83000,0.050,0.679,0.270
83500,0.050,0.665,0.284
84000,0.050,0.612,0.338
84500,0.050,0.570,0.380
85000,0.050,0.599,0.351
85500,0.050,0.609,0.341
86000,0.050,0.581,0.369
86500,0.050,0.612,0.338
87000,0.050,0.606,0.344
87500,0.050,0.620,0.330
88000,0.050,0.626,0.324
88500,0.050,0.629,0.321
89000,0.050,0.553,0.396
89500,0.050,0.530,0.419
90000,0.050,0.564,0.386
90500,0.050,0.585,0.365
91000,0.050,0.564,0.386
91500,0.050,0.565,0.385
92000,0.050,0.602,0.348
92500,0.050,0.619,0.331
93000,0.050,0.505,0.445
93500,0.050,0.537,0.412
94000,0.050,0.576,0.374
94500,0.050,0.548,0.402
95000,0.050,0.596,0.354
95500,0.050,0.569,0.381
96000,0.050,0.566,0.384
96500,0.050,0.590,0.360
97000,0.050,0.581,0.369
97500,0.050,0.618,0.332
98000,0.050,0.595,0.355
98500,0.050,0.643,0.306
99000,0.050,0.617,0.333
99500,0.050,0.610,0.340
100000,0.050,0.646,0.304
100500,0.050,0.661,0.288
101000,0.050,0.593,0.357
101500,0.050,0.553,0.396
102000,0.050,0.590,0.360
102500,0.050,0.604,0.346
103000,0.050,0.662,0.287
103500,0.050,0.638,0.311
104000,0.050,0.652,0.297
104500,0.050,0.662,0.288
105000,0.050,0.611,0.339
105500,0.050,0.598,0.352
106000,0.050,0.664,0.286
106500,0.050,0.646,0.304
107000,0.050,0.634,0.316
107500,0.050,0.645,0.304
108000,0.050,0.653,0.296
108500,0.050,0.660,0.290
109000,0.050,0.669,0.281
109500,0.050,0.608,0.342
110000,0.050,0.659,0.291
110500,0.050,0.649,0.301
111000,0.050,0.586,0.364
111500,0.050,0.587,0.363
112000,0.050,0.576,0.374
112500,0.050,0.579,0.371
113000,0.050,0.527,0.423
113500,0.050,0.513,0.437
114000,0.050,0.552,0.398
114500,0.050,0.575,0.375
115000,0.050,0.606,0.344
115500,0.050,0.538,0.412
116000,0.050,0.546,0.403
116500,0.050,0.575,0.375
117000,0.050,0.562,0.387
117500,0.050,0.547,0.403
118000,0.050,0.602,0.348
118500,0.050,0.578,0.372
119000,0.050,0.534,0.416
119500,0.050,0.540,0.409
120000,0.050,0.587,0.363
120500,0.050,0.610,0.340
121000,0.050,0.599,0.351
121500,0.050,0.608,0.342
122000,0.050,0.607,0.343
122500,0.050,0.610,0.340
123000,0.050,0.620,0.330
123500,0.050,0.662,0.287
124000,0.050,0.670,0.280
124500,0.050,0.639,0.311
125000,0.050,0.629,0.321
125500,0.050,0.558,0.392
126000,0.050,0.626,0.324
126500,0.050,0.577,0.373
127000,0.050,0.591,0.359
127500,0.050,0.682,0.268
128000,0.050,0.540,0.410
128500,0.050,0.527,0.422
129000,0.050,0.521,0.428
129500,0.050,0.544,0.405
130000,0.050,0.624,0.326
130500,0.050,0.619,0.331
131000,0.050,0.595,0.355
131500,0.050,0.652,0.297
132000,0.050,0.634,0.316
132500,0.050,0.642,0.308
133000,0.050,0.608,0.342
133500,0.050,0.675,0.275
134000,0.050,0.669,0.280
134500,0.050,0.614,0.336
135000,0.050,0.623,0.327
135500,0.050,0.597,0.353
136000,0.050,0.613,0.337
136500,0.050,0.614,0.336
137000,0.050,0.626,0.324
137500,0.050,0.631,0.319
138000,0.050,0.677,0.273
138500,0.050,0.633,0.317
139000,0.050,0.609,0.341
139500,0.050,0.591,0.359
140000,0.050,0.607,0.343
140500,0.050,0.632,0.318
141000,0.050,0.592,0.358
141500,0.050,0.595,0.355
142000,0.050,0.593,0.357
142500,0.050,0.557,0.393
143000,0.050,0.657,0.293
143500,0.050,0.609,0.341
144000,0.050,0.563,0.387
144500,0.050,0.566,0.384
145000,0.050,0.567,0.383
145500,0.050,0.549,0.400
146000,0.050,0.567,0.383
146500,0.050,0.614,0.336
147000,0.050,0.613,0.337
147500,0.050,0.680,0.270
148000,0.050,0.628,0.322
148500,0.050,0.644,0.306
149000,0.050,0.660,0.290
149500,0.050,0.601,0.349
150000,0.050,0.624,0.326
150500,0.050,0.592,0.358
151000,0.050,0.579,0.371
151500,0.050,0.565,0.385
152000,0.050,0.526,0.423
152500,0.050,0.592,0.358
153000,0.050,0.598,0.352
153500,0.050,0.672,0.277
154000,0.050,0.608,0.342
154500,0.050,0.615,0.335
155000,0.050,0.594,0.356
155500,0.050,0.573,0.377
156000,0.050,0.552,0.398
156500,0.050,0.587,0.363
157000,0.050,0.636,0.314
157500,0.050,0.583,0.367
158000,0.050,0.586,0.364
158500,0.050,0.555,0.395
159000,0.050,0.559,0.391
159500,0.050,0.523,0.426
160000,0.050,0.567,0.383
160500,0.050,0.580,0.370
161000,0.050,0.604,0.346
161500,0.050,0.558,0.392
162000,0.050,0.611,0.339
162500,0.050,0.660,0.290
163000,0.050,0.660,0.289
163500,0.050,0.626,0.324
164000,0.050,0.556,0.393
164500,0.050,0.605,0.345
165000,0.050,0.572,0.378
165500,0.050,0.572,0.378
166000,0.050,0.590,0.360
166500,0.050,0.603,0.347
167000,0.050,0.537,0.412
167500,0.050,0.574,0.376
168000,0.050,0.544,0.406
168500,0.050,0.604,0.346
169000,0.050,0.626,0.324
169500,0.050,0.638,0.312
170000,0.050,0.618,0.332
170500,0.050,0.633,0.317
171000,0.050,0.635,0.315
171500,0.050,0.612,0.338
172000,0.050,0.646,0.303
172500,0.050,0.609,0.341
173000,0.050,0.621,0.329
173500,0.050,0.582,0.368
174000,0.050,0.599,0.351
174500,0.050,0.617,0.333
175000,0.050,0.575,0.375
175500,0.050,0.592,0.358
176000,0.050,0.571,0.379
176500,0.050,0.585,0.365
177000,0.050,0.607,0.343
177500,0.050,0.606,0.344
178000,0.050,0.570,0.380
178500,0.050,0.601,0.349
179000,0.050,0.535,0.414
179500,0.050,0.561,0.388
180000,0.050,0.590,0.360
180500,0.050,0.540,0.409
181000,0.050,0.590,0.360
181500,0.052,0.545,0.402
182000,0.050,0.597,0.353
182500,0.050,0.583,0.367
183000,0.050,0.642,0.307
183500,0.050,0.602,0.348
184000,0.050,0.569,0.381
184500,0.050,0.575,0.375
185000,0.050,0.616,0.334
185500,0.050,0.573,0.377
186000,0.050,0.629,0.321
186500,0.050,0.579,0.371
187000,0.050,0.597,0.353
187500,0.050,0.626,0.324
188000,0.050,0.608,0.342
188500,0.050,0.649,0.300
189000,0.050,0.597,0.353
189500,0.050,0.602,0.348
190000,0.050,0.535,0.415
190500,0.050,0.572,0.378
191000,0.050,0.553,0.397
191500,0.050,0.534,0.415
192000,0.050,0.554,0.395
192500,0.050,0.615,0.335
193000,0.050,0.572,0.378
193500,0.050,0.578,0.372
194000,0.050,0.626,0.324
194500,0.050,0.587,0.363
195000,0.050,0.615,0.335
195500,0.050,0.595,0.355
196000,0.050,0.587,0.363
196500,0.052,0.535,0.412
197000,0.050,0.589,0.361
197500,0.050,0.559,0.390
198000,0.050,0.667,0.283
198500,0.050,0.641,0.309
199000,0.050,0.575,0.375
199500,0.050,0.599,0.351
200000,0.050,0.566,0.384
200500,0.050,0.610,0.340
201000,0.050,0.600,0.350
201500,0.050,0.611,0.339
202000,0.050,0.587,0.363
202500,0.050,0.584,0.366
203000,0.050,0.575,0.375
203500,0.050,0.589,0.361
204000,0.050,0.603,0.347
204500,0.050,0.620,0.330
205000,0.050,0.629,0.321
205500,0.050,0.596,0.354
206000,0.050,0.649,0.301
206500,0.050,0.621,0.329
207000,0.050,0.655,0.294
207500,0.050,0.582,0.368
208000,0.050,0.565,0.385
208500,0.050,0.589,0.361
209000,0.050,0.598,0.352
209500,0.050,0.521,0.429
210000,0.050,0.569,0.381
210500,0.050,0.577,0.373
211000,0.050,0.662,0.288
211500,0.050,0.709,0.241
212000,0.050,0.678,0.271
212500,0.050,0.626,0.324
213000,0.050,0.646,0.303
213500,0.050,0.612,0.338
214000,0.050,0.608,0.342
214500,0.050,0.597,0.353
215000,0.050,0.631,0.319
215500,0.050,0.581,0.369
216000,0.050,0.572,0.378
216500,0.050,0.560,0.389
217000,0.050,0.579,0.371
217500,0.050,0.586,0.364
218000,0.050,0.568,0.382
218500,0.050,0.559,0.391
219000,0.050,0.570,0.380
219500,0.050,0.541,0.408
220000,0.050,0.577,0.373
220500,0.050,0.552,0.397
221000,0.050,0.545,0.404
221500,0.050,0.551,0.399
222000,0.050,0.598,0.352
222500,0.050,0.571,0.379
223000,0.051,0.563,0.386
223500,0.050,0.544,0.405
224000,0.050,0.553,0.397
224500,0.050,0.567,0.383
225000,0.050,0.599,0.351
225500,0.050,0.640,0.309
226000,0.050,0.629,0.321
226500,0.050,0.610,0.340
227000,0.050,0.552,0.397
227500,0.050,0.552,0.397
228000,0.050,0.546,0.403
228500,0.054,0.548,0.397
229000,0.050,0.542,0.407
229500,0.050,0.518,0.432
230000,0.050,0.530,0.420
230500,0.050,0.579,0.371
231000,0.050,0.627,0.323
231500,0.050,0.600,0.350
232000,0.050,0.601,0.349
232500,0.050,0.530,0.419
233000,0.050,0.556,0.393
233500,0.050,0.596,0.354
234000,0.050,0.569,0.381
234500,0.050,0.577,0.373
235000,0.050,0.579,0.371
235500,0.050,0.557,0.393
236000,0.050,0.581,0.369
236500,0.050,0.551,0.399
237000,0.050,0.551,0.398
237500,0.050,0.464,0.486
238000,0.050,0.497,0.452
238500,0.050,0.500,0.450
239000,0.050,0.502,0.448
239500,0.050,0.515,0.435
240000,0.050,0.577,0.373
240500,0.050,0.566,0.384
241000,0.050,0.626,0.324
241500,0.050,0.614,0.336
242000,0.050,0.644,0.306
242500,0.050,0.687,0.263
243000,0.050,0.666,0.283
243500,0.050,0.637,0.312
244000,0.050,0.623,0.327
244500,0.050,0.590,0.360
245000,0.050,0.588,0.362
245500,0.050,0.606,0.344
246000,0.050,0.592,0.358
246500,0.050,0.611,0.339
247000,0.050,0.625,0.325
247500,0.050,0.588,0.362
248000,0.050,0.569,0.381
248500,0.050,0.581,0.369
249000,0.050,0.566,0.384
249500,0.050,0.561,0.389
250000,0.050,0.568,0.382
250500,0.050,0.626,0.324
251000,0.050,0.664,0.285
251500,0.050,0.622,0.328
252000,0.050,0.668,0.282
252500,0.050,0.660,0.290
253000,0.050,0.630,0.320
253500,0.050,0.623,0.327
254000,0.050,0.587,0.363
254500,0.050,0.549,0.401
255000,0.050,0.575,0.375
255500,0.050,0.576,0.374
256000,0.050,0.548,0.401
256500,0.050,0.554,0.395
257000,0.050,0.618,0.332
257500,0.050,0.642,0.308
258000,0.050,0.636,0.314
258500,0.050,0.565,0.385
259000,0.050,0.612,0.338
259500,0.050,0.661,0.288
260000,0.050,0.677,0.272
260500,0.050,0.613,0.337
261000,0.050,0.626,0.324
261500,0.050,0.651,0.298
262000,0.050,0.632,0.318
262500,0.050,0.612,0.338
263000,0.050,0.623,0.327
263500,0.050,0.621,0.329
264000,0.050,0.599,0.351
264500,0.050,0.568,0.382
265000,0.050,0.562,0.388
265500,0.050,0.615,0.335
266000,0.050,0.643,0.306
266500,0.050,0.610,0.340
267000,0.050,0.587,0.363
267500,0.050,0.542,0.408
268000,0.050,0.607,0.343
268500,0.050,0.572,0.378
269000,0.050,0.571,0.379
269500,0.050,0.599,0.351
270000,0.050,0.635,0.315
270500,0.050,0.686,0.264
271000,0.050,0.599,0.351
271500,0.050,0.668,0.282
272000,0.050,0.625,0.325
272500,0.050,0.662,0.287
273000,0.050,0.652,0.298
273500,0.050,0.586,0.364
274000,0.050,0.588,0.362
274500,0.050,0.643,0.306
275000,0.050,0.612,0.338
275500,0.050,0.648,0.302
276000,0.050,0.610,0.340
276500,0.050,0.602,0.348
277000,0.050,0.597,0.353
277500,0.050,0.627,0.323
278000,0.050,0.590,0.360
278500,0.050,0.574,0.376
279000,0.051,0.570,0.380
279500,0.050,0.599,0.351
280000,0.050,0.636,0.314
280500,0.050,0.635,0.315
281000,0.050,0.552,0.398
281500,0.050,0.616,0.334
282000,0.050,0.570,0.380
282500,0.050,0.621,0.329
283000,0.050,0.650,0.299
283500,0.050,0.621,0.329
284000,0.050,0.597,0.353
284500,0.051,0.586,0.363
285000,0.051,0.558,0.390
285500,0.050,0.609,0.341
286000,0.050,0.557,0.393
286500,0.050,0.559,0.391
287000,0.050,0.602,0.348
287500,0.050,0.621,0.329
288000,0.050,0.622,0.328
288500,0.050,0.591,0.359
289000,0.050,0.597,0.353
289500,0.050,0.637,0.313
290000,0.050,0.617,0.333
290500,0.050,0.628,0.322
291000,0.050,0.601,0.349
291500,0.050,0.568,0.382
292000,0.050,0.622,0.328
292500,0.050,0.598,0.352
293000,0.050,0.623,0.327
293500,0.050,0.609,0.341
294000,0.050,0.568,0.382
294500,0.050,0.575,0.375
295000,0.050,0.556,0.394
295500,0.051,0.539,0.410
296000,0.050,0.532,0.418
296500,0.050,0.599,0.351
297000,0.050,0.581,0.369
297500,0.050,0.584,0.366
298000,0.051,0.576,0.373
298500,0.051,0.549,0.400
299000,0.050,0.602,0.348
299500,0.050,0.582,0.368
300000,0.050,0.604,0.346
300500,0.050,0.650,0.300
301000,0.050,0.632,0.318
301500,0.050,0.634,0.316
302000,0.050,0.636,0.314
302500,0.050,0.587,0.363
303000,0.050,0.570,0.380
303500,0.050,0.626,0.324
304000,0.050,0.615,0.335
304500,0.050,0.630,0.320
305000,0.050,0.659,0.290
305500,0.050,0.616,0.334
306000,0.050,0.562,0.388
306500,0.050,0.570,0.380
307000,0.050,0.564,0.386
307500,0.050,0.580,0.370
308000,0.050,0.627,0.323
308500,0.050,0.644,0.306
309000,0.050,0.623,0.327
309500,0.050,0.637,0.312
310000,0.050,0.662,0.288
310500,0.050,0.664,0.285
311000,0.050,0.662,0.287
311500,0.050,0.662,0.287
312000,0.050,0.621,0.329
312500,0.050,0.594,0.356
313000,0.050,0.571,0.379
313500,0.050,0.591,0.359
314000,0.050,0.561,0.389
314500,0.050,0.590,0.360
315000,0.050,0.545,0.405
315500,0.050,0.569,0.381
316000,0.050,0.589,0.361
316500,0.050,0.580,0.370
317000,0.050,0.625,0.325
317500,0.050,0.585,0.365
318000,0.050,0.629,0.321
318500,0.050,0.685,0.265
319000,0.050,0.673,0.277
319500,0.050,0.628,0.322
320000,0.050,0.636,0.314
320500,0.050,0.651,0.298
321000,0.050,0.624,0.326
321500,0.050,0.653,0.297
322000,0.050,0.594,0.356
322500,0.050,0.585,0.365
323000,0.050,0.629,0.321
323500,0.050,0.619,0.331
324000,0.050,0.562,0.388
324500,0.050,0.625,0.325
325000,0.050,0.610,0.340
325500,0.050,0.603,0.347
326000,0.050,0.591,0.359
326500,0.050,0.597,0.353
327000,0.050,0.627,0.323
327500,0.050,0.662,0.287
328000,0.050,0.619,0.331
328500,0.050,0.610,0.340
329000,0.050,0.666,0.284
329500,0.050,0.713,0.237
330000,0.050,0.669,0.281
330500,0.050,0.663,0.287
331000,0.050,0.650,0.300
331500,0.050,0.679,0.270
332000,0.050,0.683,0.267
332500,0.050,0.654,0.295
333000,0.050,0.642,0.308
333500,0.050,0.646,0.303
334000,0.050,0.671,0.278
334500,0.050,0.598,0.352
335000,0.050,0.599,0.351
335500,0.050,0.621,0.329
336000,0.050,0.585,0.365
336500,0.050,0.605,0.345
337000,0.050,0.640,0.310
337500,0.050,0.608,0.342
338000,0.050,0.582,0.368
338500,0.050,0.606,0.344
339000,0.050,0.555,0.395
339500,0.050,0.602,0.348
340000,0.050,0.601,0.349
340500,0.050,0.629,0.321
341000,0.050,0.600,0.350
341500,0.050,0.626,0.324
342000,0.050,0.584,0.366
342500,0.050,0.645,0.304
343000,0.050,0.584,0.366
343500,0.050,0.638,0.311
344000,0.050,0.593,0.357
344500,0.050,0.651,0.299
345000,0.050,0.662,0.287
345500,0.050,0.613,0.337
346000,0.050,0.570,0.380
346500,0.050,0.589,0.361
347000,0.050,0.616,0.334
347500,0.050,0.650,0.299
348000,0.050,0.681,0.269
348500,0.050,0.625,0.325
349000,0.050,0.608,0.342
349500,0.050,0.595,0.355
350000,0.050,0.534,0.415
350500,0.050,0.555,0.395
351000,0.050,0.574,0.376
351500,0.050,0.538,0.412
352000,0.050,0.527,0.423
352500,0.050,0.582,0.368
353000,0.050,0.610,0.340
353500,0.050,0.609,0.341
354000,0.050,0.615,0.335
354500,0.050,0.614,0.336
355000,0.050,0.635,0.315
355500,0.050,0.627,0.323
356000,0.050,0.586,0.364
356500,0.050,0.583,0.367
357000,0.050,0.602,0.348
357500,0.050,0.607,0.343
358000,0.050,0.588,0.362
358500,0.050,0.558,0.391
359000,0.050,0.591,0.359
359500,0.050,0.610,0.340
360000,0.050,0.565,0.385
360500,0.050,0.567,0.383
361000,0.050,0.550,0.400
361500,0.050,0.622,0.328
362000,0.050,0.581,0.369
362500,0.050,0.543,0.406
363000,0.050,0.599,0.351
363500,0.050,0.643,0.306
364000,0.050,0.674,0.275
364500,0.050,0.582,0.368
365000,0.050,0.552,0.398
365500,0.050,0.566,0.384
366000,0.050,0.613,0.337
366500,0.050,0.629,0.321
367000,0.050,0.614,0.336
367500,0.050,0.615,0.335
368000,0.050,0.580,0.370
368500,0.050,0.626,0.324
369000,0.050,0.662,0.288
369500,0.050,0.636,0.314
370000,0.050,0.528,0.422
370500,0.050,0.602,0.348
371000,0.050,0.566,0.384
371500,0.050,0.607,0.343
372000,0.050,0.617,0.333
372500,0.050,0.587,0.363
373000,0.050,0.525,0.425
373500,0.050,0.554,0.396
374000,0.050,0.589,0.361
374500,0.050,0.658,0.291
375000,0.050,0.569,0.381
375500,0.050,0.595,0.355
376000,0.050,0.627,0.323
376500,0.050,0.563,0.387
377000,0.050,0.600,0.350
377500,0.050,0.602,0.348
378000,0.050,0.580,0.370
378500,0.050,0.567,0.383
379000,0.050,0.530,0.419
379500,0.050,0.555,0.394
380000,0.050,0.553,0.396
380500,0.050,0.585,0.365
381000,0.050,0.613,0.337
381500,0.050,0.621,0.329
382000,0.050,0.611,0.339
382500,0.050,0.589,0.361
383000,0.050,0.634,0.316
383500,0.050,0.612,0.338
384000,0.050,0.561,0.389
384500,0.050,0.632,0.318
385000,0.050,0.618,0.332
385500,0.050,0.597,0.353
386000,0.050,0.540,0.409
386500,0.050,0.605,0.345
387000,0.050,0.621,0.329
387500,0.050,0.561,0.389
388000,0.050,0.543,0.406
388500,0.050,0.604,0.346
389000,0.050,0.622,0.328
389500,0.050,0.636,0.314
390000,0.050,0.620,0.330
390500,0.050,0.601,0.349
391000,0.050,0.535,0.414
391500,0.050,0.596,0.354
392000,0.050,0.633,0.317
392500,0.050,0.604,0.346
393000,0.050,0.612,0.338
393500,0.050,0.625,0.325
394000,0.050,0.638,0.312
394500,0.050,0.631,0.319
395000,0.050,0.679,0.270
395500,0.050,0.684,0.265
396000,0.050,0.637,0.313
396500,0.050,0.595,0.355
397000,0.050,0.597,0.353
397500,0.050,0.653,0.296
398000,0.050,0.692,0.258
398500,0.050,0.625,0.325
399000,0.050,0.611,0.339
399500,0.050,0.626,0.324
400000,0.050,0.625,0.325
400500,0.050,0.617,0.333
401000,0.050,0.644,0.305
401500,0.050,0.671,0.278
402000,0.050,0.647,0.302
402500,0.050,0.624,0.326
403000,0.050,0.530,0.419
403500,0.050,0.589,0.361
404000,0.050,0.588,0.362
404500,0.050,0.604,0.346
405000,0.050,0.585,0.365
405500,0.050,0.576,0.374
406000,0.050,0.581,0.369
406500,0.050,0.560,0.390
407000,0.050,0.557,0.392
407500,0.050,0.633,0.317
408000,0.050,0.602,0.348
408500,0.050,0.621,0.329
409000,0.050,0.621,0.329
409500,0.050,0.600,0.350
410000,0.050,0.625,0.325
410500,0.050,0.650,0.299
411000,0.050,0.653,0.297
411500,0.050,0.653,0.296
412000,0.050,0.679,0.270
412500,0.050,0.639,0.310
413000,0.050,0.613,0.337
413500,0.050,0.587,0.363
414000,0.050,0.572,0.378
414500,0.050,0.554,0.396
415000,0.050,0.603,0.347
415500,0.050,0.601,0.349
416000,0.050,0.553,0.396
416500,0.050,0.619,0.331
417000,0.050,0.621,0.329
417500,0.050,0.587,0.363
418000,0.050,0.544,0.405
418500,0.050,0.543,0.407
419000,0.050,0.556,0.393
419500,0.050,0.559,0.390
420000,0.050,0.596,0.354
420500,0.050,0.529,0.420
421000,0.052,0.552,0.395
421500,0.050,0.596,0.354
422000,0.050,0.598,0.352
422500,0.050,0.642,0.308
423000,0.050,0.556,0.393
423500,0.050,0.619,0.331
424000,0.050,0.616,0.334
424500,0.050,0.595,0.355
425000,0.050,0.636,0.314
425500,0.050,0.613,0.337
426000,0.050,0.554,0.396
426500,0.050,0.605,0.345
427000,0.050,0.648,0.302
427500,0.050,0.624,0.326
428000,0.050,0.585,0.365
428500,0.050,0.590,0.360
429000,0.050,0.608,0.342
429500,0.050,0.622,0.328
430000,0.050,0.623,0.327
430500,0.050,0.640,0.309
431000,0.050,0.641,0.308
431500,0.050,0.666,0.284
432000,0.050,0.673,0.276
432500,0.050,0.691,0.259
433000,0.050,0.676,0.274
433500,0.050,0.654,0.296
434000,0.050,0.661,0.288
434500,0.050,0.567,0.383
435000,0.050,0.633,0.317
435500,0.050,0.634,0.316
436000,0.050,0.614,0.336
436500,0.050,0.592,0.358
437000,0.050,0.583,0.367
437500,0.050,0.594,0.356
438000,0.050,0.573,0.377
438500,0.050,0.557,0.392
439000,0.050,0.607,0.343
439500,0.050,0.581,0.369
440000,0.050,0.644,0.305
440500,0.050,0.622,0.328
441000,0.050,0.611,0.339
441500,0.050,0.656,0.293
442000,0.050,0.686,0.264
442500,0.050,0.608,0.342
443000,0.050,0.633,0.317
443500,0.050,0.620,0.330
444000,0.050,0.618,0.332
444500,0.050,0.640,0.309
445000,0.050,0.611,0.339
445500,0.050,0.588,0.362
446000,0.050,0.604,0.346
446500,0.050,0.628,0.322
447000,0.050,0.603,0.347
447500,0.050,0.625,0.325
448000,0.050,0.655,0.295
448500,0.050,0.638,0.311
449000,0.050,0.631,0.319
449500,0.050,0.574,0.376
450000,0.050,0.604,0.346
450500,0.050,0.653,0.296
451000,0.050,0.651,0.299
451500,0.050,0.667,0.283
452000,0.050,0.625,0.325
452500,0.050,0.582,0.368
453000,0.050,0.601,0.349
453500,0.050,0.600,0.350
454000,0.050,0.597,0.353
454500,0.050,0.659,0.291
455000,0.050,0.594,0.356
455500,0.050,0.655,0.295
456000,0.050,0.625,0.325
456500,0.050,0.643,0.306
457000,0.050,0.586,0.364
457500,0.050,0.540,0.409
458000,0.050,0.589,0.361
458500,0.050,0.614,0.336
459000,0.050,0.585,0.365
459500,0.050,0.610,0.340
460000,0.050,0.583,0.367
460500,0.050,0.581,0.369
461000,0.050,0.603,0.347
461500,0.050,0.626,0.324
462000,0.050,0.654,0.295
462500,0.050,0.632,0.318
463000,0.050,0.691,0.259
463500,0.050,0.646,0.304
464000,0.050,0.585,0.365
464500,0.050,0.605,0.345
465000,0.050,0.580,0.370
465500,0.050,0.609,0.341
466000,0.050,0.580,0.370
466500,0.050,0.619,0.331
467000,0.050,0.594,0.356
467500,0.050,0.608,0.342
468000,0.050,0.602,0.348
468500,0.050,0.638,0.311
469000,0.050,0.653,0.296
469500,0.050,0.636,0.314
470000,0.050,0.708,0.242
470500,0.050,0.674,0.276
471000,0.050,0.649,0.301
471500,0.050,0.596,0.354
472000,0.050,0.620,0.330
472500,0.050,0.635,0.315
473000,0.050,0.515,0.435
473500,0.050,0.555,0.394
474000,0.050,0.576,0.374
474500,0.050,0.668,0.281
475000,0.050,0.598,0.352
475500,0.050,0.571,0.379
476000,0.050,0.622,0.328
476500,0.050,0.644,0.306
477000,0.050,0.643,0.306
477500,0.050,0.669,0.281
478000,0.050,0.627,0.323
478500,0.050,0.580,0.370
479000,0.050,0.567,0.383
479500,0.050,0.578,0.372
480000,0.050,0.594,0.356
480500,0.050,0.643,0.306
481000,0.050,0.619,0.331
481500,0.050,0.599,0.351
482000,0.050,0.621,0.329
482500,0.050,0.589,0.361
483000,0.050,0.643,0.307
483500,0.050,0.654,0.295
484000,0.050,0.631,0.319
484500,0.050,0.671,0.279
485000,0.050,0.630,0.320
485500,0.050,0.652,0.298
486000,0.050,0.619,0.331
486500,0.050,0.648,0.302
487000,0.050,0.652,0.298
487500,0.050,0.595,0.355
488000,0.050,0.629,0.321
488500,0.050,0.598,0.352
489000,0.050,0.569,0.381
489500,0.050,0.605,0.345
490000,0.050,0.599,0.351
490500,0.050,0.585,0.365
491000,0.050,0.590,0.360
491500,0.050,0.591,0.359
492000,0.050,0.593,0.357
492500,0.050,0.592,0.358
493000,0.050,0.590,0.360
493500,0.050,0.594,0.356
494000,0.050,0.608,0.342
494500,0.050,0.581,0.369
495000,0.050,0.579,0.371
495500,0.050,0.656,0.293
496000,0.050,0.599,0.351
496500,0.050,0.561,0.389
497000,0.050,0.562,0.387
497500,0.050,0.520,0.429
498000,0.050,0.554,0.396
498500,0.050,0.636,0.314
499000,0.050,0.611,0.339
499500,0.050,0.560,0.390
500000,0.050,0.569,0.381
500500,0.050,0.578,0.372
501000,0.050,0.546,0.403
501500,0.050,0.608,0.342
502000,0.050,0.584,0.366
502500,0.050,0.610,0.340
503000,0.050,0.607,0.343
503500,0.050,0.651,0.299
504000,0.050,0.620,0.330
504500,0.050,0.560,0.389
505000,0.050,0.619,0.331
505500,0.050,0.636,0.314
506000,0.050,0.610,0.340
506500,0.050,0.612,0.338
507000,0.050,0.610,0.340
507500,0.050,0.620,0.330
508000,0.050,0.602,0.348
508500,0.050,0.586,0.364
509000,0.050,0.565,0.385
509500,0.050,0.580,0.370
510000,0.050,0.609,0.341
510500,0.050,0.597,0.353
511000,0.050,0.571,0.379
511500,0.050,0.597,0.353
512000,0.050,0.641,0.309
512500,0.050,0.634,0.316
513000,0.050,0.623,0.327
513500,0.050,0.668,0.281
514000,0.050,0.668,0.282
514500,0.050,0.645,0.305
515000,0.050,0.660,0.290
515500,0.050,0.608,0.342
516000,0.050,0.593,0.357
516500,0.050,0.611,0.339
517000,0.050,0.547,0.403
517500,0.050,0.543,0.406
518000,0.050,0.584,0.366
518500,0.050,0.659,0.291
519000,0.051,0.603,0.346
519500,0.051,0.570,0.380
520000,0.050,0.587,0.363
520500,0.050,0.555,0.394
521000,0.050,0.573,0.377
521500,0.050,0.549,0.400
522000,0.050,0.604,0.346
522500,0.050,0.623,0.327
523000,0.050,0.583,0.367
523500,0.050,0.584,0.366
524000,0.050,0.644,0.306
524500,0.050,0.614,0.336
525000,0.050,0.579,0.371
525500,0.050,0.584,0.366
526000,0.050,0.569,0.381
526500,0.050,0.577,0.373
527000,0.050,0.566,0.384
527500,0.050,0.593,0.357
528000,0.050,0.641,0.309
528500,0.050,0.612,0.338
529000,0.050,0.568,0.382
529500,0.050,0.605,0.345
530000,0.050,0.601,0.349
530500,0.050,0.635,0.315
531000,0.050,0.642,0.308
531500,0.050,0.659,0.290
532000,0.050,0.634,0.316
532500,0.050,0.626,0.324
533000,0.050,0.725,0.225
533500,0.050,0.676,0.274
534000,0.050,0.643,0.306
534500,0.050,0.582,0.368
535000,0.050,0.628,0.322
535500,0.050,0.654,0.296
536000,0.050,0.690,0.260
536500,0.050,0.734,0.216
537000,0.050,0.646,0.304
537500,0.050,0.591,0.359
538000,0.050,0.592,0.358
538500,0.050,0.599,0.351
539000,0.050,0.598,0.352
539500,0.050,0.615,0.335
540000,0.050,0.587,0.363
540500,0.050,0.560,0.390
541000,0.050,0.612,0.338
541500,0.050,0.630,0.320
542000,0.050,0.638,0.312
542500,0.050,0.637,0.313
543000,0.050,0.589,0.361
543500,0.050,0.665,0.284
544000,0.050,0.679,0.271
544500,0.050,0.738,0.212
545000,0.050,0.724,0.226
545500,0.050,0.711,0.239
546000,0.050,0.668,0.281
546500,0.050,0.549,0.401
547000,0.050,0.599,0.351
547500,0.050,0.584,0.366
548000,0.050,0.568,0.382
548500,0.050,0.547,0.403
549000,0.050,0.499,0.451
549500,0.051,0.524,0.424
550000,0.051,0.534,0.415
550500,0.051,0.634,0.315
551000,0.050,0.672,0.277
551500,0.050,0.580,0.370
552000,0.050,0.586,0.364
552500,0.050,0.599,0.351
553000,0.050,0.570,0.380
553500,0.050,0.626,0.324
554000,0.050,0.580,0.370
554500,0.050,0.589,0.361
555000,0.051,0.585,0.364
555500,0.050,0.615,0.335
556000,0.050,0.578,0.372
556500,0.050,0.594,0.356
557000,0.050,0.641,0.309
557500,0.050,0.560,0.390
558000,0.050,0.565,0.385
558500,0.050,0.557,0.393
559000,0.050,0.531,0.419
559500,0.050,0.623,0.327
560000,0.050,0.574,0.376
560500,0.050,0.589,0.361
561000,0.050,0.631,0.319
561500,0.050,0.606,0.344
562000,0.050,0.595,0.355
562500,0.050,0.544,0.406
563000,0.050,0.596,0.354
563500,0.050,0.605,0.345
564000,0.050,0.549,0.401
564500,0.050,0.592,0.358
565000,0.050,0.584,0.366
565500,0.050,0.575,0.375
566000,0.050,0.550,0.400
566500,0.050,0.569,0.381
567000,0.050,0.592,0.358
567500,0.050,0.624,0.326
568000,0.050,0.577,0.373
568500,0.050,0.601,0.349
569000,0.050,0.577,0.373
569500,0.050,0.643,0.306
570000,0.050,0.617,0.333
570500,0.050,0.669,0.281
571000,0.050,0.625,0.325
571500,0.050,0.641,0.309
572000,0.050,0.541,0.408
572500,0.050,0.580,0.370
573000,0.050,0.577,0.373
573500,0.050,0.614,0.336
574000,0.050,0.616,0.334
574500,0.050,0.651,0.298
575000,0.050,0.642,0.307
575500,0.050,0.624,0.326
576000,0.050,0.617,0.333
576500,0.050,0.649,0.301
577000,0.050,0.644,0.305
577500,0.050,0.610,0.340
578000,0.050,0.576,0.374
578500,0.051,0.576,0.373
579000,0.050,0.564,0.386
579500,0.050,0.570,0.380
580000,0.050,0.626,0.324
580500,0.050,0.646,0.303
581000,0.050,0.606,0.344
581500,0.050,0.609,0.341
582000,0.050,0.621,0.329
582500,0.050,0.588,0.362
583000,0.050,0.629,0.321
583500,0.050,0.649,0.301
584000,0.050,0.649,0.300
584500,0.050,0.648,0.302
585000,0.050,0.690,0.260
585500,0.050,0.667,0.282
586000,0.050,0.646,0.304
586500,0.050,0.580,0.370
587000,0.050,0.557,0.393
587500,0.050,0.517,0.433
588000,0.050,0.597,0.353
588500,0.050,0.590,0.360
589000,0.050,0.640,0.309
589500,0.050,0.621,0.329
590000,0.050,0.621,0.329
590500,0.050,0.597,0.353
591000,0.050,0.610,0.340
591500,0.050,0.554,0.395
592000,0.050,0.565,0.385
592500,0.050,0.567,0.383
593000,0.050,0.574,0.376
593500,0.050,0.586,0.364
594000,0.050,0.649,0.300
594500,0.050,0.627,0.323
595000,0.050,0.679,0.270
595500,0.050,0.636,0.314
596000,0.050,0.602,0.348
596500,0.050,0.650,0.299
597000,0.050,0.629,0.321
597500,0.050,0.660,0.290
598000,0.050,0.640,0.309
598500,0.050,0.614,0.336
599000,0.050,0.613,0.337
599500,0.050,0.570,0.380
600000,0.050,0.566,0.384
600500,0.050,0.534,0.416
601000,0.050,0.534,0.416
601500,0.050,0.595,0.355
602000,0.050,0.606,0.344
602500,0.050,0.578,0.372
603000,0.050,0.657,0.292
603500,0.050,0.645,0.305
604000,0.050,0.637,0.313
604500,0.050,0.671,0.279
605000,0.050,0.658,0.292
605500,0.050,0.658,0.292
606000,0.050,0.652,0.298
606500,0.050,0.621,0.329
607000,0.050,0.574,0.376
607500,0.050,0.571,0.379
608000,0.050,0.574,0.376
608500,0.050,0.629,0.321
609000,0.050,0.619,0.331
609500,0.050,0.635,0.315
610000,0.050,0.633,0.317
610500,0.050,0.624,0.326
611000,0.050,0.644,0.305
611500,0.050,0.623,0.327
612000,0.050,0.638,0.312
612500,0.050,0.635,0.315
613000,0.050,0.708,0.242
613500,0.050,0.704,0.246
614000,0.050,0.643,0.307
614500,0.050,0.688,0.262
615000,0.050,0.628,0.322
615500,0.050,0.670,0.279
616000,0.050,0.674,0.275
616500,0.050,0.646,0.303
617000,0.050,0.671,0.278
617500,0.050,0.664,0.286
618000,0.050,0.680,0.269
618500,0.050,0.638,0.311
619000,0.050,0.625,0.325
619500,0.050,0.632,0.318
620000,0.050,0.617,0.333
620500,0.050,0.643,0.306
621000,0.050,0.622,0.328
621500,0.050,0.608,0.342
622000,0.050,0.602,0.348
622500,0.050,0.574,0.376
623000,0.050,0.643,0.306
623500,0.050,0.590,0.360
624000,0.050,0.582,0.368
624500,0.050,0.643,0.306
625000,0.050,0.637,0.313
625500,0.050,0.660,0.290
626000,0.050,0.572,0.378
626500,0.050,0.594,0.356
627000,0.050,0.584,0.366
627500,0.050,0.590,0.360
628000,0.050,0.522,0.428
628500,0.050,0.612,0.338
629000,0.050,0.591,0.359
629500,0.050,0.586,0.364
630000,0.050,0.622,0.328
630500,0.050,0.586,0.364
631000,0.050,0.570,0.380
631500,0.050,0.586,0.364
632000,0.050,0.618,0.332
632500,0.050,0.600,0.350
633000,0.050,0.564,0.386
633500,0.050,0.592,0.358
634000,0.050,0.618,0.332
634500,0.050,0.550,0.399
635000,0.050,0.511,0.439
635500,0.050,0.561,0.389
636000,0.050,0.649,0.300
636500,0.050,0.647,0.302
637000,0.050,0.587,0.363
637500,0.050,0.597,0.353
638000,0.050,0.598,0.352
638500,0.050,0.647,0.303
639000,0.050,0.634,0.316
639500,0.050,0.648,0.301
640000,0.050,0.594,0.356
640500,0.050,0.571,0.379
641000,0.050,0.568,0.382
641500,0.050,0.554,0.396
642000,0.050,0.553,0.397
642500,0.050,0.600,0.350
643000,0.050,0.716,0.234
643500,0.050,0.710,0.240
644000,0.050,0.683,0.267
644500,0.050,0.666,0.284
645000,0.050,0.624,0.326
645500,0.050,0.576,0.374
646000,0.050,0.607,0.343
646500,0.050,0.575,0.375
647000,0.050,0.598,0.352
647500,0.050,0.592,0.358
648000,0.050,0.562,0.388
648500,0.050,0.574,0.376
649000,0.050,0.569,0.381
649500,0.050,0.579,0.371
650000,0.050,0.616,0.334
650500,0.050,0.606,0.344
651000,0.050,0.575,0.375
651500,0.050,0.540,0.410
652000,0.050,0.575,0.375
652500,0.050,0.615,0.335
653000,0.050,0.587,0.363
653500,0.050,0.539,0.410
654000,0.050,0.517,0.433
654500,0.050,0.521,0.428
655000,0.050,0.558,0.392
655500,0.050,0.624,0.326
656000,0.050,0.653,0.297
656500,0.050,0.630,0.320
657000,0.050,0.671,0.278
657500,0.050,0.586,0.364
658000,0.050,0.562,0.388
658500,0.050,0.556,0.393
659000,0.050,0.565,0.385
659500,0.050,0.557,0.392
660000,0.050,0.601,0.349
660500,0.050,0.624,0.326
661000,0.050,0.642,0.308
661500,0.050,0.609,0.341
662000,0.050,0.634,0.316
662500,0.050,0.584,0.366
663000,0.050,0.599,0.351
663500,0.050,0.637,0.313
664000,0.050,0.611,0.339
664500,0.050,0.597,0.353
665000,0.050,0.559,0.390
665500,0.050,0.580,0.370
666000,0.050,0.592,0.358
666500,0.050,0.597,0.353
667000,0.050,0.624,0.326
667500,0.050,0.593,0.357
668000,0.050,0.625,0.325
668500,0.050,0.616,0.334
669000,0.050,0.603,0.347
669500,0.050,0.680,0.269
670000,0.050,0.616,0.334
670500,0.050,0.631,0.319
671000,0.050,0.645,0.305
671500,0.050,0.654,0.296
672000,0.050,0.682,0.268
672500,0.050,0.631,0.319
673000,0.050,0.646,0.303
673500,0.050,0.600,0.350
674000,0.050,0.560,0.390
674500,0.050,0.637,0.313
675000,0.050,0.604,0.346
675500,0.050,0.570,0.380
676000,0.050,0.572,0.378
676500,0.050,0.558,0.392
677000,0.050,0.597,0.353
677500,0.050,0.571,0.379
678000,0.050,0.555,0.394
678500,0.050,0.597,0.353
679000,0.050,0.579,0.371
679500,0.050,0.630,0.320
680000,0.050,0.624,0.326
680500,0.050,0.572,0.378
681000,0.050,0.551,0.398
681500,0.050,0.592,0.358
682000,0.050,0.606,0.344
682500,0.050,0.600,0.350
683000,0.050,0.663,0.286
683500,0.050,0.676,0.273
684000,0.050,0.607,0.343
684500,0.050,0.656,0.294
685000,0.050,0.632,0.318
685500,0.050,0.649,0.301
686000,0.050,0.621,0.329
686500,0.050,0.569,0.381
687000,0.050,0.582,0.368
687500,0.050,0.605,0.345
688000,0.050,0.649,0.300
688500,0.050,0.650,0.300
689000,0.050,0.541,0.409
689500,0.050,0.533,0.416
690000,0.050,0.562,0.387
690500,0.050,0.614,0.336
691000,0.050,0.631,0.319
691500,0.050,0.612,0.338
692000,0.050,0.594,0.356
692500,0.050,0.560,0.390
693000,0.050,0.585,0.365
693500,0.050,0.534,0.415
694000,0.050,0.630,0.320
694500,0.050,0.612,0.338
695000,0.050,0.610,0.340
695500,0.050,0.597,0.353
696000,0.050,0.611,0.339
696500,0.050,0.655,0.295
697000,0.050,0.643,0.307
697500,0.050,0.586,0.364
698000,0.050,0.641,0.309
698500,0.050,0.666,0.283
699000,0.050,0.689,0.261
699500,0.050,0.567,0.383
700000,0.050,0.546,0.404
700500,0.050,0.562,0.388
701000,0.050,0.603,0.347
701500,0.050,0.605,0.345
702000,0.050,0.565,0.385
702500,0.050,0.579,0.371
703000,0.050,0.601,0.349
703500,0.050,0.624,0.326
704000,0.050,0.618,0.332
704500,0.050,0.590,0.360
705000,0.050,0.556,0.393
705500,0.050,0.538,0.412
706000,0.050,0.578,0.372
706500,0.050,0.595,0.355
707000,0.050,0.632,0.318
707500,0.050,0.652,0.297
708000,0.050,0.618,0.332
708500,0.050,0.608,0.342
709000,0.050,0.539,0.411
709500,0.050,0.587,0.363
710000,0.050,0.634,0.316
710500,0.050,0.647,0.302
711000,0.050,0.653,0.296
711500,0.050,0.700,0.250
712000,0.050,0.602,0.348
712500,0.050,0.578,0.372
713000,0.050,0.521,0.429
713500,0.050,0.582,0.368
714000,0.051,0.553,0.396
714500,0.050,0.524,0.425
715000,0.050,0.543,0.407
715500,0.050,0.536,0.413
716000,0.050,0.571,0.379
716500,0.050,0.629,0.321
717000,0.050,0.643,0.306
717500,0.050,0.573,0.377
718000,0.050,0.643,0.307
718500,0.050,0.597,0.353
719000,0.050,0.653,0.297
719500,0.050,0.674,0.275
720000,0.050,0.630,0.320
720500,0.050,0.566,0.384
721000,0.050,0.656,0.293
721500,0.050,0.664,0.285
722000,0.050,0.634,0.316
722500,0.050,0.638,0.311
723000,0.050,0.637,0.312
723500,0.050,0.625,0.325
724000,0.050,0.556,0.393
724500,0.050,0.597,0.353
725000,0.050,0.566,0.384
725500,0.050,0.570,0.380
726000,0.050,0.550,0.400
726500,0.050,0.515,0.434
727000,0.050,0.523,0.426
727500,0.050,0.632,0.318
728000,0.050,0.614,0.336
728500,0.050,0.620,0.330
729000,0.050,0.535,0.415
729500,0.050,0.488,0.462
730000,0.050,0.580,0.370
730500,0.050,0.601,0.349
731000,0.050,0.661,0.289
731500,0.050,0.649,0.301
732000,0.050,0.637,0.313
732500,0.050,0.608,0.342
733000,0.050,0.583,0.367
733500,0.050,0.648,0.302
734000,0.050,0.658,0.292
734500,0.050,0.661,0.288
735000,0.050,0.639,0.311
735500,0.050,0.587,0.363
736000,0.050,0.499,0.450
736500,0.050,0.561,0.389
737000,0.050,0.602,0.348
737500,0.050,0.678,0.272
738000,0.050,0.656,0.293
738500,0.050,0.616,0.334
739000,0.050,0.634,0.316
739500,0.050,0.625,0.325
740000,0.050,0.629,0.321
740500,0.050,0.642,0.308
741000,0.050,0.644,0.305
741500,0.050,0.632,0.318
742000,0.050,0.649,0.301
742500,0.050,0.603,0.347
743000,0.050,0.621,0.329
743500,0.050,0.628,0.322
744000,0.050,0.600,0.350
744500,0.050,0.616,0.334
745000,0.050,0.632,0.318
745500,0.050,0.637,0.312
746000,0.050,0.671,0.279
746500,0.050,0.645,0.304
747000,0.050,0.573,0.377
747500,0.050,0.575,0.375
748000,0.050,0.562,0.388
748500,0.050,0.560,0.390
749000,0.050,0.589,0.361
749500,0.050,0.598,0.352
750000,0.050,0.599,0.351
750500,0.050,0.634,0.316
751000,0.050,0.642,0.308
751500,0.050,0.605,0.345
752000,0.050,0.618,0.332
752500,0.050,0.622,0.328
753000,0.050,0.607,0.343
753500,0.050,0.589,0.361
754000,0.052,0.547,0.401
754500,0.051,0.593,0.357
755000,0.050,0.624,0.326
755500,0.050,0.627,0.323
756000,0.050,0.612,0.338
756500,0.050,0.534,0.416
757000,0.050,0.611,0.339
757500,0.050,0.571,0.379
758000,0.050,0.608,0.342
758500,0.050,0.688,0.262
759000,0.050,0.677,0.273
759500,0.050,0.692,0.258
760000,0.050,0.656,0.293
760500,0.050,0.632,0.318
761000,0.050,0.585,0.365
761500,0.050,0.608,0.342
762000,0.050,0.604,0.346
762500,0.050,0.657,0.292
763000,0.050,0.669,0.280
763500,0.050,0.603,0.347
764000,0.050,0.617,0.333
764500,0.050,0.596,0.354
765000,0.050,0.614,0.336
765500,0.050,0.629,0.321
766000,0.050,0.684,0.265
766500,0.050,0.644,0.306
767000,0.050,0.573,0.377
767500,0.050,0.559,0.390
768000,0.050,0.565,0.385
768500,0.050,0.574,0.376
769000,0.050,0.659,0.291
769500,0.050,0.652,0.297
770000,0.050,0.661,0.289
770500,0.050,0.616,0.334
771000,0.050,0.626,0.324
771500,0.050,0.671,0.278
772000,0.050,0.672,0.277
772500,0.050,0.565,0.385
773000,0.050,0.611,0.339
773500,0.050,0.603,0.347
774000,0.050,0.603,0.347
774500,0.050,0.628,0.322
775000,0.050,0.657,0.292
775500,0.050,0.662,0.288
776000,0.050,0.679,0.271
776500,0.050,0.664,0.286
777000,0.050,0.605,0.345
777500,0.050,0.554,0.395
778000,0.050,0.544,0.405
778500,0.050,0.588,0.362
779000,0.050,0.657,0.292
779500,0.050,0.618,0.332
780000,0.050,0.614,0.336
780500,0.050,0.558,0.392
781000,0.050,0.589,0.361
781500,0.050,0.578,0.372
782000,0.050,0.515,0.435
782500,0.050,0.504,0.446
783000,0.050,0.559,0.391
783500,0.050,0.572,0.378
784000,0.050,0.600,0.350
784500,0.050,0.598,0.352
785000,0.050,0.640,0.309
785500,0.050,0.636,0.314
786000,0.050,0.606,0.344
786500,0.050,0.627,0.323
787000,0.050,0.646,0.304
787500,0.050,0.649,0.301
788000,0.050,0.628,0.322
788500,0.050,0.670,0.280
789000,0.050,0.640,0.309
789500,0.050,0.631,0.319
790000,0.050,0.586,0.364
790500,0.050,0.596,0.354
791000,0.050,0.601,0.349
791500,0.050,0.651,0.298
792000,0.050,0.661,0.289
792500,0.050,0.671,0.279
793000,0.050,0.672,0.277
793500,0.050,0.635,0.315
794000,0.050,0.610,0.340
794500,0.050,0.607,0.343
795000,0.050,0.520,0.429
795500,0.050,0.524,0.426
796000,0.050,0.511,0.439
796500,0.050,0.550,0.399
797000,0.050,0.565,0.385
797500,0.050,0.617,0.333
798000,0.050,0.578,0.372
798500,0.050,0.664,0.286
799000,0.050,0.661,0.289
799500,0.050,0.629,0.321
800000,0.050,0.561,0.388
800500,0.050,0.598,0.352
801000,0.050,0.643,0.306
801500,0.050,0.661,0.288
802000,0.050,0.653,0.296
802500,0.050,0.620,0.330
803000,0.050,0.593,0.357
803500,0.050,0.562,0.388
804000,0.050,0.588,0.362
804500,0.050,0.671,0.279
805000,0.050,0.694,0.256
805500,0.050,0.674,0.275
806000,0.050,0.642,0.307
806500,0.050,0.600,0.350
807000,0.052,0.581,0.367
807500,0.051,0.560,0.388
808000,0.050,0.547,0.403
808500,0.050,0.591,0.359
809000,0.050,0.580,0.370
809500,0.050,0.608,0.342
810000,0.050,0.554,0.396
810500,0.050,0.564,0.386
811000,0.050,0.580,0.370
811500,0.050,0.570,0.380
812000,0.050,0.588,0.362
812500,0.050,0.619,0.331
813000,0.050,0.560,0.389
813500,0.050,0.580,0.370
814000,0.050,0.636,0.314
814500,0.050,0.650,0.299
815000,0.050,0.630,0.320
815500,0.050,0.625,0.325
816000,0.050,0.588,0.362
816500,0.050,0.582,0.368
817000,0.050,0.560,0.390
817500,0.050,0.649,0.301
818000,0.050,0.628,0.322
818500,0.050,0.602,0.348
819000,0.050,0.608,0.342
819500,0.050,0.587,0.363
820000,0.050,0.536,0.414
820500,0.050,0.546,0.403
821000,0.050,0.592,0.358
821500,0.050,0.560,0.390
822000,0.050,0.512,0.438
822500,0.050,0.523,0.426
823000,0.050,0.584,0.366
823500,0.050,0.613,0.337
824000,0.050,0.606,0.344
824500,0.050,0.549,0.400
825000,0.050,0.505,0.445
825500,0.050,0.566,0.384
826000,0.050,0.570,0.380
826500,0.050,0.613,0.337
827000,0.050,0.593,0.357
827500,0.050,0.550,0.399
828000,0.050,0.575,0.375
828500,0.050,0.581,0.369
829000,0.050,0.597,0.353
829500,0.050,0.563,0.387
830000,0.050,0.533,0.417
830500,0.050,0.669,0.281
831000,0.050,0.617,0.333
831500,0.050,0.552,0.397
832000,0.050,0.547,0.403
832500,0.050,0.536,0.414
833000,0.050,0.540,0.409
833500,0.050,0.593,0.357
834000,0.050,0.617,0.333
834500,0.050,0.592,0.358
835000,0.052,0.599,0.349
835500,0.050,0.568,0.382
836000,0.050,0.609,0.341
836500,0.050,0.596,0.354
837000,0.050,0.616,0.334
837500,0.050,0.638,0.312
838000,0.050,0.647,0.302
838500,0.050,0.572,0.378
839000,0.050,0.541,0.408
839500,0.050,0.586,0.364
840000,0.050,0.611,0.339
840500,0.050,0.589,0.361
841000,0.050,0.598,0.352
841500,0.050,0.600,0.350
842000,0.050,0.607,0.343
842500,0.050,0.582,0.368
843000,0.050,0.571,0.379
843500,0.050,0.586,0.364
844000,0.050,0.612,0.338
844500,0.050,0.629,0.321
845000,0.050,0.654,0.296
845500,0.050,0.615,0.335
846000,0.050,0.620,0.330
846500,0.050,0.592,0.358
847000,0.050,0.514,0.436
847500,0.050,0.517,0.433
848000,0.050,0.514,0.435
848500,0.051,0.599,0.351
849000,0.050,0.535,0.415
849500,0.050,0.569,0.381
850000,0.050,0.662,0.288
850500,0.050,0.666,0.284
851000,0.050,0.667,0.283
851500,0.050,0.650,0.299
852000,0.050,0.636,0.314
852500,0.050,0.622,0.328
853000,0.050,0.621,0.329
853500,0.050,0.632,0.318
854000,0.050,0.646,0.303
854500,0.050,0.646,0.304
855000,0.050,0.658,0.292
855500,0.050,0.643,0.306
856000,0.050,0.606,0.344
856500,0.050,0.599,0.351
857000,0.050,0.582,0.368
857500,0.050,0.637,0.312
858000,0.050,0.653,0.297
858500,0.050,0.638,0.312
859000,0.050,0.591,0.359
859500,0.050,0.591,0.359
860000,0.050,0.664,0.285
860500,0.050,0.652,0.297
861000,0.050,0.671,0.279
861500,0.050,0.651,0.298
862000,0.050,0.638,0.312
862500,0.050,0.646,0.303
863000,0.050,0.575,0.375
863500,0.050,0.559,0.391
864000,0.050,0.556,0.394
864500,0.050,0.574,0.376
865000,0.050,0.576,0.374
865500,0.050,0.597,0.353
866000,0.050,0.533,0.416
866500,0.050,0.553,0.397
867000,0.050,0.546,0.404
867500,0.050,0.534,0.415
868000,0.050,0.560,0.389
868500,0.050,0.516,0.433
869000,0.050,0.652,0.298
869500,0.050,0.598,0.352
870000,0.050,0.553,0.396
870500,0.050,0.580,0.370
871000,0.050,0.547,0.402
871500,0.050,0.579,0.371
872000,0.050,0.617,0.333
872500,0.050,0.676,0.273
873000,0.050,0.647,0.303
873500,0.050,0.627,0.323
874000,0.050,0.565,0.385
874500,0.050,0.578,0.372
875000,0.050,0.523,0.426
875500,0.050,0.559,0.391
876000,0.050,0.579,0.371
876500,0.050,0.552,0.397
877000,0.050,0.575,0.375
877500,0.050,0.523,0.427
878000,0.050,0.538,0.412
878500,0.050,0.569,0.381
879000,0.050,0.591,0.359
879500,0.050,0.648,0.301
880000,0.050,0.625,0.325
880500,0.050,0.635,0.315
881000,0.050,0.666,0.283
881500,0.050,0.664,0.286
882000,0.050,0.621,0.329
882500,0.050,0.564,0.386
883000,0.050,0.558,0.391
883500,0.050,0.595,0.355
884000,0.050,0.576,0.374
884500,0.050,0.570,0.380
885000,0.050,0.542,0.407
885500,0.050,0.548,0.401
886000,0.050,0.575,0.375
886500,0.050,0.524,0.426
887000,0.050,0.582,0.368
887500,0.050,0.592,0.358
888000,0.050,0.580,0.370
888500,0.050,0.615,0.335
889000,0.050,0.622,0.328
889500,0.050,0.603,0.347
890000,0.050,0.522,0.427
890500,0.052,0.531,0.417
891000,0.050,0.510,0.440
891500,0.050,0.545,0.405
892000,0.050,0.603,0.347
892500,0.050,0.556,0.393
893000,0.050,0.547,0.402
893500,0.050,0.561,0.388
894000,0.050,0.579,0.371
894500,0.050,0.595,0.355
895000,0.050,0.565,0.385
895500,0.051,0.568,0.382
896000,0.050,0.591,0.359
896500,0.050,0.629,0.321
897000,0.050,0.609,0.341
897500,0.050,0.622,0.328
898000,0.050,0.547,0.402
898500,0.050,0.605,0.345
899000,0.050,0.603,0.347
899500,0.050,0.582,0.368
900000,0.050,0.547,0.402
900500,0.050,0.569,0.381
901000,0.050,0.630,0.320
901500,0.050,0.624,0.326
902000,0.050,0.635,0.315
902500,0.050,0.646,0.303
903000,0.050,0.668,0.281
903500,0.050,0.682,0.268
904000,0.050,0.651,0.298
904500,0.050,0.609,0.341
905000,0.050,0.617,0.333
905500,0.050,0.579,0.371
906000,0.050,0.666,0.284
906500,0.050,0.691,0.259
907000,0.050,0.674,0.276
907500,0.050,0.678,0.271
908000,0.050,0.652,0.298
908500,0.050,0.569,0.381
909000,0.050,0.592,0.358
909500,0.050,0.641,0.308
910000,0.050,0.645,0.304
910500,0.050,0.678,0.272
911000,0.050,0.676,0.274
911500,0.050,0.656,0.294
912000,0.050,0.665,0.284
912500,0.050,0.630,0.320
913000,0.050,0.653,0.296
913500,0.050,0.673,0.277
914000,0.050,0.606,0.344
914500,0.050,0.625,0.325
915000,0.050,0.619,0.331
915500,0.050,0.602,0.348
916000,0.050,0.557,0.393
916500,0.050,0.532,0.418
917000,0.050,0.642,0.308
917500,0.050,0.616,0.334
918000,0.050,0.571,0.379
918500,0.050,0.588,0.362
919000,0.050,0.606,0.344
919500,0.050,0.581,0.369
920000,0.050,0.633,0.317
920500,0.050,0.591,0.359
921000,0.050,0.605,0.345
921500,0.050,0.538,0.411
922000,0.050,0.607,0.343
922500,0.050,0.575,0.375
923000,0.050,0.577,0.373
923500,0.050,0.623,0.327
924000,0.050,0.623,0.327
924500,0.050,0.603,0.347
925000,0.050,0.626,0.324
925500,0.050,0.628,0.322
926000,0.050,0.562,0.388
926500,0.050,0.576,0.374
927000,0.050,0.624,0.326
927500,0.050,0.645,0.305
928000,0.050,0.619,0.331
928500,0.050,0.648,0.302
929000,0.050,0.649,0.301
929500,0.050,0.656,0.294
930000,0.050,0.630,0.320
930500,0.050,0.620,0.330
931000,0.050,0.580,0.370
931500,0.050,0.547,0.402
932000,0.050,0.561,0.388
932500,0.050,0.603,0.347
933000,0.050,0.591,0.359
933500,0.050,0.600,0.350
934000,0.050,0.597,0.353
934500,0.050,0.586,0.364
935000,0.050,0.637,0.313
935500,0.050,0.616,0.334
936000,0.050,0.639,0.310
936500,0.050,0.643,0.307
937000,0.050,0.652,0.297
937500,0.050,0.586,0.364
938000,0.050,0.599,0.351
938500,0.050,0.599,0.351
939000,0.051,0.633,0.315
939500,0.050,0.615,0.335
940000,0.050,0.564,0.386
940500,0.050,0.625,0.325
941000,0.050,0.614,0.336
941500,0.050,0.632,0.318
942000,0.050,0.641,0.309
942500,0.050,0.600,0.350
943000,0.050,0.617,0.333
943500,0.050,0.568,0.382
944000,0.050,0.568,0.382
944500,0.050,0.618,0.332
945000,0.050,0.652,0.297
945500,0.050,0.555,0.395
946000,0.050,0.579,0.371
946500,0.050,0.575,0.375
947000,0.050,0.585,0.365
947500,0.050,0.595,0.355
948000,0.050,0.613,0.337
948500,0.050,0.662,0.287
949000,0.050,0.689,0.261
949500,0.050,0.666,0.283
950000,0.050,0.650,0.300
950500,0.050,0.600,0.350
951000,0.050,0.612,0.338
951500,0.050,0.618,0.332
952000,0.050,0.580,0.370
952500,0.050,0.619,0.331
953000,0.050,0.576,0.374
953500,0.050,0.572,0.378
954000,0.050,0.515,0.435
954500,0.050,0.533,0.417
955000,0.050,0.615,0.335
955500,0.050,0.655,0.295
956000,0.050,0.625,0.325
956500,0.050,0.593,0.357
957000,0.050,0.595,0.355
957500,0.050,0.606,0.344
958000,0.050,0.557,0.392
958500,0.050,0.600,0.350
959000,0.050,0.576,0.374
959500,0.050,0.582,0.368
960000,0.050,0.553,0.397
960500,0.050,0.576,0.374
961000,0.050,0.531,0.418
961500,0.050,0.589,0.361
962000,0.050,0.568,0.382
962500,0.050,0.584,0.366
963000,0.050,0.607,0.343
963500,0.050,0.637,0.313
964000,0.050,0.624,0.326
964500,0.050,0.607,0.343
965000,0.050,0.615,0.335
965500,0.050,0.603,0.347
966000,0.050,0.532,0.418
966500,0.050,0.567,0.383
967000,0.050,0.656,0.293
967500,0.050,0.656,0.293
968000,0.050,0.614,0.336
968500,0.050,0.584,0.366
969000,0.050,0.575,0.375
969500,0.050,0.646,0.304
970000,0.050,0.667,0.283
970500,0.050,0.700,0.250
971000,0.050,0.686,0.264
971500,0.050,0.640,0.309
972000,0.050,0.633,0.317
972500,0.050,0.637,0.313
973000,0.050,0.700,0.250
973500,0.050,0.650,0.299
974000,0.050,0.630,0.320
974500,0.050,0.628,0.322
975000,0.050,0.692,0.258
975500,0.050,0.669,0.280
976000,0.050,0.665,0.284
976500,0.050,0.665,0.285
977000,0.050,0.653,0.297
977500,0.050,0.633,0.317
978000,0.050,0.559,0.390
978500,0.050,0.570,0.380
979000,0.050,0.582,0.368
979500,0.050,0.624,0.326
980000,0.050,0.658,0.292
980500,0.050,0.674,0.275
981000,0.050,0.693,0.257
981500,0.050,0.624,0.326
982000,0.050,0.589,0.361
982500,0.050,0.595,0.355
983000,0.050,0.580,0.370
983500,0.050,0.574,0.376
984000,0.050,0.571,0.379
984500,0.050,0.559,0.390
985000,0.050,0.617,0.333
985500,0.050,0.625,0.325
986000,0.050,0.583,0.367
986500,0.050,0.556,0.394
987000,0.050,0.543,0.407
987500,0.050,0.577,0.373
988000,0.050,0.557,0.393
988500,0.050,0.580,0.370
989000,0.050,0.586,0.364
989500,0.050,0.594,0.356
990000,0.050,0.573,0.377
990500,0.050,0.589,0.361
991000,0.050,0.598,0.352
991500,0.050,0.636,0.314
992000,0.050,0.651,0.299
992500,0.050,0.639,0.310
993000,0.050,0.671,0.279
993500,0.050,0.644,0.306
994000,0.050,0.636,0.314
994500,0.050,0.567,0.383
995000,0.050,0.640,0.310
995500,0.050,0.636,0.314
996000,0.050,0.625,0.325
996500,0.050,0.629,0.321
997000,0.050,0.665,0.285
997500,0.050,0.694,0.256
998000,0.050,0.703,0.247
998500,0.050,0.719,0.231
999000,0.050,0.730,0.220
999500,0.050,0.690,0.260
1000000,0.050,0.605,0.345
