time,n_A+p,n_B,n_AB
100,0.331,0.442,0.227
200,0.298,0.405,0.298
300,0.244,0.351,0.405
400,0.277,0.298,0.426
500,0.273,0.269,0.459
600,0.322,0.240,0.438
700,0.306,0.256,0.438
800,0.314,0.277,0.409
900,0.372,0.240,0.388
1000,0.364,0.236,0.401
1100,0.339,0.240,0.421
1200,0.380,0.194,0.426
1300,0.388,0.132,0.479
1400,0.380,0.145,0.475
1500,0.397,0.136,0.467
1600,0.430,0.161,0.409
1700,0.442,0.140,0.417
1800,0.508,0.120,0.372
1900,0.529,0.103,0.368
2000,0.533,0.103,0.364
2100,0.558,0.070,0.372
2200,0.583,0.041,0.376
2300,0.579,0.045,0.376
2400,0.628,0.058,0.314
2500,0.616,0.074,0.310
2600,0.649,0.087,0.264
2700,0.599,0.074,0.326
2800,0.612,0.074,0.314
2900,0.640,0.091,0.269
3000,0.682,0.103,0.215
3100,0.665,0.112,0.223
3200,0.669,0.070,0.260
3300,0.740,0.058,0.202
3400,0.731,0.033,0.236
3500,0.781,0.029,0.190
3600,0.831,0.025,0.145
3700,0.822,0.021,0.157
3800,0.855,0.017,0.128
3900,0.826,0.025,0.149
4000,0.756,0.017,0.227
4100,0.764,0.008,0.227
4200,0.785,0.021,0.194
4300,0.769,0.012,0.219
4400,0.843,0.025,0.132
4500,0.897,0.017,0.087
4600,0.893,0.021,0.087
4700,0.909,0.004,0.087
4800,0.921,0.000,0.079
4900,0.942,0.000,0.058
5000,0.938,0.000,0.062
5100,0.946,0.000,0.054
5200,0.959,0.000,0.041
5300,0.959,0.000,0.041
5400,0.967,0.000,0.033
5500,0.979,0.000,0.021
5600,0.979,0.000,0.021
5700,0.979,0.000,0.021
5800,0.983,0.000,0.017
5900,0.988,0.000,0.012
6000,0.988,0.000,0.012
6100,1.000,0.000,0.000
