time,n_A+p,n_B,n_AB
500,0.080,0.676,0.244
1000,0.082,0.504,0.414
1500,0.087,0.377,0.536
2000,0.110,0.290,0.600
2500,0.114,0.312,0.574
3000,0.126,0.286,0.588
3500,0.150,0.227,0.623
4000,0.147,0.231,0.622
4500,0.190,0.181,0.629
5000,0.263,0.093,0.644
5500,0.385,0.066,0.549
6000,0.473,0.024,0.503
6500,0.530,0.013,0.457
7000,0.587,0.001,0.412
7500,0.577,0.002,0.421
8000,0.583,0.002,0.415
8500,0.651,0.000,0.349
9000,0.707,0.000,0.293
9500,0.725,0.000,0.275
10000,0.724,0.000,0.276
10500,0.767,0.000,0.233
11000,0.749,0.000,0.251
11500,0.764,0.000,0.236
12000,0.816,0.000,0.184
12500,0.850,0.000,0.150
13000,0.898,0.000,0.102
13500,0.873,0.000,0.127
14000,0.854,0.000,0.146
14500,0.889,0.000,0.111
15000,0.878,0.000,0.122
15500,0.853,0.000,0.147
16000,0.887,0.000,0.113
16500,0.871,0.000,0.129
17000,0.900,0.000,0.100
17500,0.853,0.000,0.147
18000,0.811,0.000,0.189
18500,0.843,0.000,0.157
19000,0.875,0.000,0.125
19500,0.902,0.000,0.098
20000,0.927,0.000,0.073
20500,0.937,0.000,0.063
21000,0.941,0.000,0.059
21500,0.917,0.000,0.083
22000,0.945,0.000,0.055
22500,0.946,0.000,0.054
23000,0.964,0.000,0.036
23500,0.959,0.000,0.041
24000,0.965,0.000,0.035
24500,0.986,0.000,0.014
25000,0.980,0.000,0.020
25500,0.980,0.000,0.020
26000,0.982,0.000,0.018
26500,0.973,0.000,0.027
27000,0.956,0.000,0.044
27500,0.964,0.000,0.036
28000,0.962,0.000,0.038
28500,0.949,0.000,0.051
29000,0.945,0.000,0.055
29500,0.940,0.000,0.060
30000,0.922,0.000,0.078
30500,0.906,0.000,0.094
31000,0.905,0.000,0.095
31500,0.867,0.000,0.133
32000,0.895,0.000,0.105
32500,0.891,0.000,0.109
33000,0.924,0.000,0.076
33500,0.947,0.000,0.053
34000,0.926,0.000,0.074
34500,0.904,0.000,0.096
35000,0.916,0.000,0.084
35500,0.924,0.000,0.076
36000,0.954,0.000,0.046
36500,0.932,0.000,0.068
37000,0.936,0.000,0.064
37500,0.893,0.000,0.107
38000,0.893,0.000,0.107
38500,0.872,0.000,0.128
39000,0.862,0.000,0.138
39500,0.887,0.000,0.113
40000,0.893,0.000,0.107
40500,0.913,0.000,0.087
41000,0.924,0.000,0.076
41500,0.917,0.000,0.083
42000,0.880,0.000,0.120
42500,0.839,0.000,0.161
43000,0.871,0.000,0.129
43500,0.895,0.000,0.105
44000,0.939,0.000,0.061
44500,0.936,0.000,0.064
45000,0.934,0.000,0.066
45500,0.934,0.000,0.066
46000,0.929,0.000,0.071
46500,0.937,0.000,0.063
47000,0.950,0.000,0.050
47500,0.949,0.000,0.051
48000,0.949,0.000,0.051
48500,0.948,0.000,0.052
49000,0.942,0.000,0.058
49500,0.975,0.000,0.025
50000,0.976,0.000,0.024
50500,0.991,0.000,0.009
51000,0.998,0.000,0.002
51500,1.000,0.000,0.000
