time,n_A+p,n_B,n_AB
500,0.080,0.834,0.087
1000,0.080,0.777,0.143
1500,0.080,0.717,0.203
2000,0.080,0.616,0.304
2500,0.080,0.599,0.322
3000,0.080,0.577,0.344
3500,0.083,0.542,0.375
4000,0.091,0.541,0.368
4500,0.088,0.526,0.385
5000,0.089,0.497,0.413
5500,0.086,0.485,0.428
6000,0.089,0.517,0.394
6500,0.086,0.494,0.419
7000,0.089,0.495,0.415
7500,0.091,0.516,0.393
8000,0.090,0.543,0.367
8500,0.088,0.510,0.402
9000,0.086,0.496,0.417
9500,0.096,0.450,0.454
10000,0.099,0.495,0.406
10500,0.095,0.461,0.444
11000,0.096,0.458,0.447
11500,0.099,0.442,0.459
12000,0.099,0.446,0.456
12500,0.092,0.466,0.442
13000,0.089,0.463,0.449
13500,0.089,0.469,0.442
14000,0.086,0.453,0.462
14500,0.089,0.469,0.442
15000,0.096,0.482,0.422
15500,0.088,0.470,0.442
16000,0.090,0.457,0.453
16500,0.087,0.454,0.459
17000,0.098,0.433,0.469
17500,0.100,0.445,0.455
18000,0.092,0.458,0.450
18500,0.091,0.469,0.440
19000,0.097,0.448,0.456
19500,0.099,0.422,0.479
20000,0.090,0.440,0.470
20500,0.089,0.452,0.458
21000,0.090,0.478,0.431
21500,0.090,0.512,0.397
22000,0.091,0.534,0.374
22500,0.086,0.499,0.415
23000,0.095,0.505,0.400
23500,0.089,0.519,0.391
24000,0.087,0.552,0.360
24500,0.084,0.508,0.408
25000,0.087,0.491,0.422
25500,0.096,0.442,0.463
26000,0.087,0.430,0.482
26500,0.100,0.447,0.453
27000,0.099,0.425,0.476
27500,0.097,0.449,0.454
28000,0.092,0.457,0.450
28500,0.095,0.449,0.457
29000,0.095,0.441,0.465
29500,0.098,0.468,0.434
30000,0.096,0.487,0.417
30500,0.104,0.462,0.434
31000,0.096,0.451,0.454
31500,0.093,0.460,0.448
32000,0.096,0.454,0.451
32500,0.092,0.444,0.465
33000,0.091,0.473,0.435
33500,0.087,0.449,0.464
34000,0.091,0.421,0.487
34500,0.104,0.423,0.473
35000,0.113,0.395,0.492
35500,0.104,0.417,0.478
36000,0.106,0.416,0.478
36500,0.104,0.418,0.477
37000,0.096,0.452,0.452
37500,0.091,0.462,0.446
38000,0.096,0.497,0.407
38500,0.089,0.493,0.417
39000,0.089,0.461,0.450
39500,0.110,0.441,0.450
40000,0.095,0.423,0.482
40500,0.089,0.416,0.494
41000,0.093,0.441,0.465
41500,0.090,0.462,0.448
42000,0.092,0.487,0.420
42500,0.091,0.455,0.453
43000,0.088,0.477,0.435
43500,0.086,0.472,0.441
44000,0.088,0.449,0.463
44500,0.088,0.460,0.452
45000,0.096,0.450,0.454
45500,0.089,0.479,0.432
46000,0.089,0.484,0.426
46500,0.101,0.451,0.448
47000,0.104,0.438,0.458
47500,0.096,0.461,0.443
48000,0.090,0.462,0.448
48500,0.093,0.497,0.410
49000,0.085,0.505,0.410
49500,0.090,0.490,0.419
50000,0.086,0.445,0.470
50500,0.088,0.453,0.458
51000,0.089,0.474,0.436
51500,0.088,0.499,0.413
52000,0.087,0.469,0.443
52500,0.084,0.488,0.428
53000,0.091,0.516,0.393
53500,0.087,0.536,0.377
54000,0.083,0.480,0.437
54500,0.094,0.424,0.482
55000,0.102,0.416,0.482
55500,0.101,0.390,0.510
56000,0.103,0.386,0.511
56500,0.090,0.399,0.510
57000,0.102,0.402,0.496
57500,0.100,0.415,0.485
58000,0.097,0.406,0.497
58500,0.097,0.431,0.472
59000,0.101,0.439,0.461
59500,0.098,0.446,0.457
60000,0.101,0.412,0.487
60500,0.091,0.428,0.480
61000,0.096,0.469,0.435
61500,0.100,0.430,0.470
62000,0.102,0.405,0.493
62500,0.094,0.413,0.493
63000,0.104,0.439,0.458
63500,0.100,0.435,0.465
64000,0.096,0.439,0.466
64500,0.096,0.443,0.462
65000,0.098,0.428,0.474
65500,0.099,0.432,0.469
66000,0.092,0.449,0.459
66500,0.088,0.466,0.446
67000,0.088,0.486,0.426
67500,0.090,0.449,0.460
68000,0.091,0.449,0.459
68500,0.100,0.434,0.466
69000,0.103,0.444,0.453
69500,0.107,0.423,0.470
70000,0.110,0.439,0.452
70500,0.101,0.428,0.471
71000,0.095,0.436,0.469
71500,0.096,0.406,0.498
72000,0.100,0.455,0.445
72500,0.097,0.430,0.473
73000,0.100,0.426,0.474
73500,0.097,0.449,0.454
74000,0.096,0.439,0.465
74500,0.096,0.447,0.458
75000,0.095,0.455,0.451
75500,0.093,0.452,0.455
76000,0.091,0.455,0.453
76500,0.090,0.482,0.428
77000,0.091,0.473,0.435
77500,0.096,0.431,0.473
78000,0.094,0.425,0.481
78500,0.100,0.446,0.455
79000,0.095,0.411,0.494
79500,0.089,0.423,0.488
80000,0.095,0.449,0.456
80500,0.086,0.527,0.387
81000,0.086,0.505,0.409
81500,0.086,0.518,0.396
82000,0.097,0.488,0.415
82500,0.092,0.455,0.454
83000,0.093,0.448,0.459
83500,0.092,0.460,0.448
84000,0.096,0.449,0.456
84500,0.092,0.435,0.473
85000,0.096,0.425,0.479
85500,0.098,0.416,0.486
86000,0.101,0.426,0.473
86500,0.099,0.439,0.462
87000,0.093,0.462,0.444
87500,0.095,0.446,0.460
88000,0.101,0.457,0.442
88500,0.099,0.476,0.425
89000,0.095,0.476,0.429
89500,0.087,0.462,0.451
90000,0.087,0.460,0.453
90500,0.092,0.464,0.443
91000,0.091,0.464,0.446
91500,0.091,0.458,0.451
92000,0.093,0.461,0.445
92500,0.091,0.465,0.443
93000,0.096,0.480,0.424
93500,0.099,0.472,0.429
94000,0.095,0.471,0.434
94500,0.091,0.471,0.438
95000,0.090,0.446,0.464
95500,0.092,0.461,0.448
96000,0.096,0.449,0.455
96500,0.089,0.438,0.474
97000,0.090,0.458,0.451
97500,0.088,0.464,0.448
98000,0.096,0.433,0.471
98500,0.100,0.403,0.497
99000,0.099,0.410,0.491
99500,0.097,0.399,0.505
100000,0.101,0.407,0.492
100500,0.099,0.448,0.453
101000,0.095,0.427,0.478
101500,0.095,0.434,0.471
102000,0.101,0.430,0.469
102500,0.105,0.422,0.473
103000,0.102,0.440,0.458
103500,0.097,0.432,0.471
104000,0.093,0.438,0.469
104500,0.093,0.422,0.484
105000,0.097,0.440,0.464
105500,0.098,0.478,0.424
106000,0.091,0.471,0.438
106500,0.094,0.448,0.459
107000,0.095,0.435,0.470
107500,0.099,0.449,0.452
108000,0.103,0.458,0.439
108500,0.095,0.485,0.420
109000,0.095,0.477,0.428
109500,0.089,0.496,0.414
110000,0.089,0.493,0.418
110500,0.090,0.484,0.426
111000,0.087,0.473,0.440
111500,0.093,0.500,0.407
112000,0.090,0.495,0.415
112500,0.098,0.510,0.392
113000,0.086,0.499,0.414
113500,0.091,0.488,0.420
114000,0.089,0.467,0.443
114500,0.096,0.465,0.440
115000,0.092,0.477,0.431
115500,0.098,0.450,0.452
116000,0.092,0.460,0.447
116500,0.092,0.461,0.447
117000,0.102,0.445,0.454
117500,0.096,0.427,0.477
118000,0.096,0.417,0.487
118500,0.092,0.438,0.470
119000,0.093,0.468,0.439
119500,0.091,0.456,0.453
120000,0.098,0.441,0.462
120500,0.093,0.423,0.483
121000,0.113,0.379,0.508
121500,0.116,0.358,0.526
122000,0.113,0.356,0.531
122500,0.114,0.384,0.502
123000,0.115,0.380,0.505
123500,0.112,0.405,0.483
124000,0.127,0.374,0.499
124500,0.132,0.373,0.495
125000,0.118,0.371,0.510
125500,0.137,0.360,0.503
126000,0.130,0.344,0.526
126500,0.126,0.340,0.535
127000,0.123,0.337,0.540
127500,0.136,0.310,0.554
128000,0.135,0.329,0.536
128500,0.143,0.286,0.570
129000,0.153,0.305,0.541
129500,0.138,0.306,0.556
130000,0.140,0.310,0.550
130500,0.137,0.275,0.589
131000,0.160,0.230,0.610
131500,0.190,0.207,0.604
132000,0.227,0.174,0.599
132500,0.275,0.144,0.581
133000,0.342,0.097,0.561
133500,0.447,0.052,0.501
134000,0.544,0.021,0.435
134500,0.665,0.007,0.328
135000,0.743,0.001,0.256
135500,0.808,0.000,0.192
136000,0.861,0.000,0.139
136500,0.890,0.000,0.110
137000,0.939,0.000,0.061
137500,0.963,0.000,0.037
138000,0.979,0.000,0.021
138500,0.976,0.000,0.024
139000,0.984,0.000,0.016
139500,0.992,0.000,0.008
140000,0.992,0.000,0.008
140500,0.995,0.000,0.005
141000,0.996,0.000,0.004
141500,0.998,0.000,0.002
142000,0.999,0.000,0.001
142500,1.000,0.000,0.000
143000,1.000,0.000,0.000
