time,n_A+p,n_B,n_AB
0,0.446,0.554,-0.000
500,0.335,0.298,0.368
1000,0.393,0.244,0.364
1500,0.269,0.372,0.360
2000,0.252,0.343,0.405
2500,0.182,0.450,0.368
3000,0.174,0.533,0.293
3500,0.136,0.512,0.351
4000,0.107,0.591,0.302
4500,0.045,0.653,0.302
5000,0.021,0.789,0.190
5500,0.004,0.876,0.120
6000,0.004,0.913,0.083
6500,0.012,0.893,0.095
7000,0.012,0.884,0.103
7500,0.000,0.909,0.091
8000,0.004,0.893,0.103
8500,0.021,0.847,0.132
9000,0.017,0.884,0.099
9500,0.033,0.851,0.116
10000,0.017,0.826,0.157
10500,0.000,0.926,0.074
11000,0.000,0.897,0.103
11500,0.000,0.926,0.074
12000,0.000,0.975,0.025
12500,0.000,0.996,0.004
13000,0.000,1.000,0.000
