time,n_A+p,n_B,n_AB
500,0.050,0.432,0.518
1000,0.062,0.397,0.541
1500,0.050,0.344,0.606
2000,0.050,0.396,0.554
2500,0.050,0.511,0.439
3000,0.050,0.442,0.508
3500,0.050,0.321,0.629
4000,0.050,0.373,0.577
4500,0.050,0.453,0.497
5000,0.050,0.410,0.540
5500,0.050,0.429,0.521
6000,0.050,0.414,0.536
6500,0.050,0.459,0.491
7000,0.050,0.547,0.403
7500,0.050,0.510,0.440
8000,0.050,0.520,0.430
8500,0.050,0.452,0.498
9000,0.050,0.382,0.568
9500,0.050,0.510,0.440
10000,0.050,0.391,0.559
10500,0.050,0.443,0.507
11000,0.050,0.321,0.629
11500,0.050,0.418,0.532
12000,0.050,0.429,0.521
12500,0.050,0.473,0.477
13000,0.050,0.461,0.489
13500,0.050,0.515,0.435
14000,0.051,0.294,0.655
14500,0.050,0.514,0.436
15000,0.050,0.366,0.584
15500,0.050,0.451,0.499
16000,0.051,0.355,0.594
16500,0.050,0.412,0.538
17000,0.050,0.356,0.594
17500,0.050,0.460,0.490
18000,0.050,0.457,0.493
18500,0.050,0.435,0.515
19000,0.050,0.354,0.596
19500,0.067,0.228,0.705
20000,0.064,0.266,0.670
20500,0.052,0.223,0.725
21000,0.050,0.380,0.570
21500,0.050,0.284,0.666
22000,0.050,0.328,0.622
22500,0.050,0.405,0.545
23000,0.050,0.486,0.464
23500,0.050,0.456,0.494
24000,0.050,0.365,0.585
24500,0.050,0.405,0.545
25000,0.050,0.424,0.526
25500,0.050,0.412,0.538
26000,0.050,0.441,0.509
26500,0.050,0.407,0.543
27000,0.050,0.417,0.533
27500,0.050,0.323,0.627
28000,0.050,0.515,0.435
28500,0.050,0.478,0.472
29000,0.050,0.349,0.601
29500,0.050,0.534,0.416
30000,0.050,0.286,0.664
30500,0.050,0.467,0.483
31000,0.050,0.439,0.511
31500,0.050,0.467,0.483
32000,0.050,0.408,0.542
32500,0.050,0.523,0.427
33000,0.050,0.353,0.597
33500,0.050,0.311,0.639
34000,0.050,0.421,0.529
34500,0.050,0.456,0.494
35000,0.051,0.226,0.723
35500,0.051,0.442,0.507
36000,0.050,0.376,0.574
36500,0.050,0.286,0.664
37000,0.050,0.407,0.543
37500,0.053,0.239,0.708
38000,0.051,0.443,0.506
38500,0.050,0.505,0.445
39000,0.050,0.461,0.489
39500,0.050,0.487,0.463
40000,0.050,0.481,0.469
40500,0.050,0.455,0.495
41000,0.050,0.463,0.487
41500,0.050,0.342,0.608
42000,0.050,0.411,0.539
42500,0.050,0.389,0.561
43000,0.050,0.452,0.498
43500,0.050,0.562,0.388
44000,0.050,0.385,0.565
44500,0.050,0.414,0.536
45000,0.050,0.338,0.612
45500,0.050,0.382,0.568
46000,0.050,0.453,0.497
46500,0.050,0.357,0.593
47000,0.050,0.527,0.423
47500,0.050,0.425,0.525
48000,0.050,0.270,0.680
48500,0.050,0.326,0.624
49000,0.050,0.452,0.498
49500,0.050,0.386,0.564
50000,0.050,0.402,0.548
50500,0.050,0.490,0.460
51000,0.060,0.355,0.585
51500,0.050,0.352,0.598
52000,0.050,0.483,0.467
52500,0.050,0.440,0.510
53000,0.050,0.344,0.606
53500,0.050,0.321,0.629
54000,0.050,0.352,0.598
54500,0.050,0.482,0.468
55000,0.050,0.410,0.540
55500,0.050,0.413,0.537
56000,0.050,0.366,0.584
56500,0.050,0.345,0.605
57000,0.050,0.358,0.592
57500,0.050,0.375,0.575
58000,0.050,0.403,0.547
58500,0.050,0.486,0.464
59000,0.050,0.414,0.536
59500,0.050,0.437,0.513
60000,0.050,0.488,0.462
60500,0.050,0.444,0.506
61000,0.050,0.412,0.538
61500,0.050,0.406,0.544
62000,0.050,0.389,0.561
62500,0.050,0.448,0.502
63000,0.050,0.473,0.477
63500,0.050,0.462,0.488
64000,0.050,0.425,0.525
64500,0.050,0.323,0.627
65000,0.050,0.644,0.306
65500,0.050,0.452,0.498
66000,0.050,0.479,0.471
66500,0.050,0.462,0.488
67000,0.050,0.480,0.470
67500,0.050,0.405,0.545
68000,0.050,0.434,0.516
68500,0.050,0.484,0.466
69000,0.050,0.445,0.505
69500,0.050,0.463,0.487
70000,0.050,0.471,0.479
70500,0.050,0.397,0.553
71000,0.050,0.340,0.610
71500,0.050,0.623,0.327
72000,0.050,0.477,0.473
72500,0.050,0.411,0.539
73000,0.050,0.354,0.596
73500,0.050,0.357,0.593
74000,0.050,0.346,0.604
74500,0.058,0.208,0.734
75000,0.480,0.008,0.512
75500,0.971,0.000,0.029
76000,0.998,0.000,0.002
76500,1.000,0.000,0.000
