time,n_A+p,n_B,n_AB
1000,0.161,0.277,0.562
2000,0.105,0.368,0.527
3000,0.069,0.371,0.560
4000,0.052,0.453,0.495
5000,0.031,0.512,0.457
6000,0.012,0.601,0.387
7000,0.002,0.625,0.373
8000,0.005,0.690,0.305
9000,0.000,0.687,0.313
10000,0.006,0.734,0.260
11000,0.003,0.728,0.269
12000,0.000,0.745,0.255
13000,0.001,0.677,0.322
14000,0.002,0.725,0.273
15000,0.000,0.750,0.250
16000,0.000,0.790,0.210
17000,0.000,0.834,0.166
18000,0.000,0.871,0.129
19000,0.000,0.878,0.122
20000,0.000,0.874,0.126
21000,0.000,0.845,0.155
22000,0.000,0.844,0.156
23000,0.000,0.860,0.140
24000,0.000,0.848,0.152
25000,0.000,0.839,0.161
26000,0.000,0.849,0.151
27000,0.000,0.801,0.199
28000,0.000,0.831,0.169
29000,0.000,0.807,0.193
30000,0.000,0.797,0.203
31000,0.000,0.829,0.171
32000,0.002,0.786,0.212
33000,0.000,0.802,0.198
34000,0.001,0.808,0.191
35000,0.000,0.792,0.208
36000,0.000,0.820,0.180
37000,0.000,0.759,0.241
38000,0.000,0.730,0.270
39000,0.000,0.765,0.235
40000,0.000,0.747,0.253
41000,0.000,0.759,0.241
42000,0.000,0.799,0.201
43000,0.000,0.799,0.201
44000,0.003,0.777,0.220
45000,0.005,0.754,0.241
46000,0.005,0.750,0.245
47000,0.001,0.744,0.255
48000,0.000,0.769,0.231
49000,0.004,0.686,0.310
50000,0.000,0.745,0.255
51000,0.001,0.741,0.258
52000,0.000,0.744,0.256
53000,0.000,0.731,0.269
54000,0.000,0.749,0.251
55000,0.001,0.774,0.225
56000,0.000,0.784,0.216
57000,0.000,0.767,0.233
58000,0.003,0.781,0.216
59000,0.000,0.785,0.215
60000,0.000,0.829,0.171
61000,0.000,0.801,0.199
62000,0.002,0.827,0.171
63000,0.000,0.849,0.151
64000,0.000,0.843,0.157
65000,0.000,0.833,0.167
66000,0.000,0.808,0.192
67000,0.000,0.814,0.186
68000,0.000,0.800,0.200
69000,0.000,0.832,0.168
70000,0.000,0.829,0.171
71000,0.000,0.811,0.189
72000,0.000,0.834,0.166
73000,0.000,0.859,0.141
74000,0.000,0.813,0.187
75000,0.000,0.809,0.191
76000,0.000,0.815,0.185
77000,0.000,0.800,0.200
78000,0.000,0.820,0.180
79000,0.000,0.832,0.168
80000,0.000,0.841,0.159
81000,0.000,0.859,0.141
82000,0.000,0.871,0.129
83000,0.000,0.877,0.123
84000,0.000,0.904,0.096
85000,0.000,0.915,0.085
86000,0.000,0.944,0.056
87000,0.000,0.938,0.062
88000,0.000,0.883,0.117
89000,0.000,0.864,0.136
90000,0.000,0.874,0.126
91000,0.000,0.833,0.167
92000,0.000,0.804,0.196
93000,0.000,0.859,0.141
94000,0.000,0.878,0.122
95000,0.000,0.853,0.147
96000,0.000,0.820,0.180
97000,0.000,0.817,0.183
98000,0.000,0.841,0.159
99000,0.000,0.841,0.159
100000,0.000,0.782,0.218
101000,0.000,0.783,0.217
102000,0.000,0.796,0.204
103000,0.000,0.819,0.181
104000,0.000,0.823,0.177
105000,0.000,0.867,0.133
106000,0.000,0.878,0.122
107000,0.000,0.829,0.171
108000,0.000,0.815,0.185
109000,0.000,0.818,0.182
110000,0.000,0.826,0.174
111000,0.000,0.852,0.148
112000,0.000,0.806,0.194
113000,0.002,0.825,0.173
114000,0.000,0.854,0.146
115000,0.000,0.878,0.122
116000,0.000,0.876,0.124
117000,0.000,0.892,0.108
118000,0.000,0.898,0.102
119000,0.000,0.880,0.120
120000,0.000,0.877,0.123
121000,0.000,0.902,0.098
122000,0.000,0.943,0.057
123000,0.000,0.955,0.045
124000,0.000,0.913,0.087
125000,0.000,0.884,0.116
126000,0.000,0.923,0.077
127000,0.000,0.930,0.070
128000,0.000,0.936,0.064
129000,0.000,0.937,0.063
130000,0.000,0.911,0.089
131000,0.000,0.884,0.116
132000,0.000,0.882,0.118
133000,0.000,0.894,0.106
134000,0.000,0.889,0.111
135000,0.000,0.921,0.079
136000,0.000,0.896,0.104
137000,0.000,0.853,0.147
138000,0.000,0.856,0.144
139000,0.000,0.860,0.140
140000,0.000,0.869,0.131
141000,0.000,0.836,0.164
142000,0.000,0.834,0.166
143000,0.000,0.829,0.171
144000,0.003,0.850,0.147
145000,0.000,0.897,0.103
146000,0.000,0.929,0.071
147000,0.000,0.957,0.043
148000,0.000,0.932,0.068
149000,0.000,0.923,0.077
150000,0.000,0.920,0.080
151000,0.000,0.913,0.087
152000,0.000,0.930,0.070
153000,0.000,0.916,0.084
154000,0.000,0.909,0.091
155000,0.000,0.920,0.080
156000,0.000,0.940,0.060
157000,0.000,0.932,0.068
158000,0.000,0.950,0.050
159000,0.000,0.968,0.032
160000,0.000,0.971,0.029
161000,0.000,0.956,0.044
162000,0.000,0.955,0.045
163000,0.000,0.944,0.056
164000,0.000,0.929,0.071
165000,0.000,0.938,0.062
166000,0.000,0.922,0.078
167000,0.000,0.908,0.092
168000,0.000,0.931,0.069
169000,0.000,0.914,0.086
170000,0.000,0.935,0.065
171000,0.000,0.934,0.066
172000,0.000,0.935,0.065
173000,0.000,0.942,0.058
174000,0.000,0.950,0.050
175000,0.000,0.951,0.049
176000,0.000,0.966,0.034
177000,0.000,0.966,0.034
178000,0.000,0.953,0.047
179000,0.000,0.947,0.053
180000,0.000,0.954,0.046
181000,0.000,0.944,0.056
182000,0.000,0.932,0.068
183000,0.000,0.928,0.072
184000,0.000,0.938,0.062
185000,0.000,0.880,0.120
186000,0.000,0.886,0.114
187000,0.000,0.857,0.143
188000,0.000,0.840,0.160
189000,0.000,0.809,0.191
190000,0.000,0.817,0.183
191000,0.000,0.851,0.149
192000,0.000,0.867,0.133
193000,0.000,0.913,0.087
194000,0.000,0.901,0.099
195000,0.000,0.878,0.122
196000,0.000,0.899,0.101
197000,0.000,0.893,0.107
198000,0.000,0.901,0.099
199000,0.000,0.886,0.114
200000,0.000,0.914,0.086
201000,0.000,0.910,0.090
202000,0.000,0.928,0.072
203000,0.000,0.938,0.062
204000,0.000,0.925,0.075
205000,0.000,0.916,0.084
206000,0.001,0.932,0.067
207000,0.000,0.938,0.062
208000,0.000,0.954,0.046
209000,0.000,0.970,0.030
210000,0.000,0.970,0.030
211000,0.000,0.970,0.030
212000,0.000,0.979,0.021
213000,0.000,0.968,0.032
214000,0.000,0.973,0.027
215000,0.000,0.987,0.013
216000,0.000,0.995,0.005
217000,0.000,0.989,0.011
218000,0.000,0.991,0.009
219000,0.000,0.997,0.003
220000,0.000,1.000,0.000
