time,n_A+p,n_B,n_AB
500,0.049,0.035,0.916
1000,0.010,0.038,0.952
1500,0.010,0.059,0.931
2000,0.109,0.003,0.888
2500,0.053,0.000,0.947
3000,0.037,0.009,0.954
3500,0.027,0.000,0.973
4000,0.011,0.011,0.978
4500,0.039,0.055,0.906
5000,0.079,0.004,0.917
5500,0.091,0.000,0.909
6000,0.094,0.028,0.878
6500,0.129,0.000,0.871
7000,0.055,0.002,0.943
7500,0.062,0.000,0.938
8000,0.145,0.000,0.855
8500,0.064,0.000,0.936
9000,0.053,0.000,0.947
9500,0.057,0.000,0.943
10000,0.050,0.002,0.948
10500,0.055,0.005,0.940
11000,0.031,0.008,0.961
11500,0.011,0.047,0.942
12000,0.059,0.000,0.941
12500,0.046,0.012,0.942
13000,0.028,0.023,0.949
13500,0.052,0.031,0.917
14000,0.123,0.003,0.874
14500,0.092,0.000,0.908
15000,0.063,0.001,0.936
15500,0.010,0.100,0.890
16000,0.084,0.008,0.908
16500,0.110,0.000,0.890
17000,0.137,0.000,0.863
17500,0.021,0.017,0.962
18000,0.052,0.034,0.914
18500,0.051,0.021,0.928
19000,0.045,0.007,0.948
19500,0.044,0.000,0.956
20000,0.095,0.009,0.896
20500,0.083,0.022,0.895
21000,0.049,0.001,0.950
21500,0.053,0.017,0.930
22000,0.091,0.006,0.903
22500,0.079,0.024,0.897
23000,0.032,0.000,0.968
23500,0.023,0.002,0.975
24000,0.041,0.007,0.952
24500,0.036,0.016,0.948
25000,0.011,0.018,0.971
25500,0.064,0.004,0.932
26000,0.012,0.017,0.971
26500,0.055,0.008,0.937
27000,0.017,0.043,0.940
27500,0.012,0.113,0.875
28000,0.137,0.000,0.863
28500,0.082,0.000,0.918
29000,0.092,0.000,0.908
29500,0.175,0.000,0.825
30000,0.032,0.000,0.968
30500,0.055,0.000,0.945
31000,0.065,0.000,0.935
31500,0.106,0.000,0.894
32000,0.033,0.051,0.916
32500,0.125,0.007,0.868
33000,0.057,0.001,0.942
33500,0.064,0.008,0.928
34000,0.059,0.031,0.910
34500,0.050,0.018,0.932
35000,0.198,0.000,0.802
35500,0.060,0.000,0.940
36000,0.010,0.069,0.921
36500,0.105,0.011,0.884
37000,0.036,0.013,0.951
37500,0.197,0.000,0.803
38000,0.076,0.006,0.918
38500,0.047,0.028,0.925
39000,0.020,0.000,0.980
39500,0.055,0.000,0.945
40000,0.124,0.000,0.876
40500,0.052,0.002,0.946
41000,0.013,0.026,0.961
41500,0.023,0.030,0.947
42000,0.054,0.000,0.946
42500,0.041,0.000,0.959
43000,0.059,0.000,0.941
43500,0.096,0.000,0.904
44000,0.070,0.001,0.929
44500,0.156,0.000,0.844
45000,0.126,0.002,0.872
45500,0.047,0.000,0.953
46000,0.032,0.078,0.890
46500,0.010,0.062,0.928
47000,0.054,0.027,0.919
47500,0.010,0.040,0.950
48000,0.087,0.000,0.913
48500,0.109,0.000,0.891
49000,0.094,0.000,0.906
49500,0.081,0.000,0.919
50000,0.050,0.005,0.945
50500,0.038,0.000,0.962
51000,0.137,0.000,0.863
51500,0.083,0.001,0.916
52000,0.054,0.023,0.923
52500,0.069,0.000,0.931
53000,0.078,0.000,0.922
53500,0.046,0.009,0.945
54000,0.013,0.103,0.884
54500,0.037,0.032,0.931
55000,0.063,0.000,0.937
55500,0.032,0.000,0.968
56000,0.161,0.000,0.839
56500,0.072,0.000,0.928
57000,0.096,0.000,0.904
57500,0.120,0.000,0.880
58000,0.093,0.000,0.907
58500,0.059,0.002,0.939
59000,0.088,0.002,0.910
59500,0.109,0.000,0.891
60000,0.084,0.017,0.899
60500,0.088,0.001,0.911
61000,0.030,0.023,0.947
61500,0.081,0.002,0.917
62000,0.033,0.013,0.954
62500,0.058,0.000,0.942
63000,0.062,0.005,0.933
63500,0.061,0.000,0.939
64000,0.029,0.054,0.917
64500,0.091,0.000,0.909
65000,0.097,0.000,0.903
65500,0.070,0.000,0.930
66000,0.065,0.000,0.935
66500,0.032,0.001,0.967
67000,0.090,0.005,0.905
67500,0.038,0.000,0.962
68000,0.108,0.000,0.892
68500,0.095,0.000,0.905
69000,0.075,0.000,0.925
69500,0.010,0.064,0.926
70000,0.060,0.008,0.932
70500,0.065,0.027,0.908
71000,0.087,0.003,0.910
71500,0.052,0.000,0.948
72000,0.014,0.023,0.963
72500,0.064,0.000,0.936
73000,0.101,0.000,0.899
73500,0.089,0.003,0.908
74000,0.093,0.000,0.907
74500,0.014,0.029,0.957
75000,0.024,0.098,0.878
75500,0.017,0.020,0.963
76000,0.082,0.000,0.918
76500,0.033,0.042,0.925
77000,0.043,0.022,0.935
77500,0.149,0.000,0.851
78000,0.067,0.000,0.933
78500,0.057,0.007,0.936
79000,0.013,0.120,0.867
79500,0.104,0.001,0.895
80000,0.084,0.000,0.916
80500,0.013,0.022,0.965
81000,0.011,0.031,0.958
81500,0.081,0.000,0.919
82000,0.022,0.066,0.912
82500,0.126,0.000,0.874
83000,0.079,0.006,0.915
83500,0.014,0.038,0.948
84000,0.054,0.016,0.930
84500,0.083,0.000,0.917
85000,0.011,0.078,0.911
85500,0.045,0.000,0.955
86000,0.010,0.057,0.933
86500,0.010,0.113,0.877
87000,0.017,0.039,0.944
87500,0.058,0.001,0.941
88000,0.059,0.000,0.941
88500,0.100,0.000,0.900
89000,0.015,0.065,0.920
89500,0.052,0.004,0.944
90000,0.176,0.000,0.824
90500,0.010,0.110,0.880
91000,0.016,0.004,0.980
91500,0.021,0.042,0.937
92000,0.046,0.000,0.954
92500,0.074,0.000,0.926
93000,0.057,0.003,0.940
93500,0.071,0.021,0.908
94000,0.083,0.000,0.917
94500,0.081,0.000,0.919
95000,0.105,0.000,0.895
95500,0.148,0.000,0.852
96000,0.101,0.000,0.899
96500,0.013,0.063,0.924
97000,0.046,0.043,0.911
97500,0.118,0.000,0.882
98000,0.012,0.009,0.979
98500,0.069,0.009,0.922
99000,0.054,0.034,0.912
99500,0.030,0.035,0.935
100000,0.133,0.000,0.867
100500,0.022,0.071,0.907
101000,0.027,0.035,0.938
101500,0.109,0.000,0.891
102000,0.057,0.000,0.943
102500,0.147,0.000,0.853
103000,0.111,0.000,0.889
103500,0.081,0.000,0.919
104000,0.081,0.000,0.919
104500,0.069,0.000,0.931
105000,0.038,0.000,0.962
105500,0.066,0.000,0.934
106000,0.069,0.010,0.921
106500,0.015,0.046,0.939
107000,0.039,0.037,0.924
107500,0.128,0.001,0.871
108000,0.080,0.000,0.920
108500,0.103,0.000,0.897
109000,0.067,0.000,0.933
109500,0.167,0.000,0.833
110000,0.013,0.007,0.980
110500,0.032,0.000,0.968
111000,0.017,0.060,0.923
111500,0.038,0.002,0.960
112000,0.060,0.012,0.928
112500,0.020,0.004,0.976
113000,0.013,0.040,0.947
113500,0.051,0.008,0.941
114000,0.045,0.011,0.944
114500,0.054,0.007,0.939
115000,0.016,0.014,0.970
115500,0.037,0.000,0.963
116000,0.012,0.022,0.966
116500,0.073,0.017,0.910
117000,0.169,0.000,0.831
117500,0.224,0.000,0.776
118000,0.078,0.000,0.922
118500,0.010,0.069,0.921
119000,0.063,0.000,0.937
119500,0.081,0.001,0.918
120000,0.151,0.000,0.849
120500,0.069,0.000,0.931
121000,0.094,0.005,0.901
121500,0.070,0.006,0.924
122000,0.015,0.030,0.955
122500,0.078,0.000,0.922
123000,0.046,0.032,0.922
123500,0.080,0.000,0.920
124000,0.083,0.018,0.899
124500,0.076,0.000,0.924
125000,0.137,0.000,0.863
125500,0.061,0.014,0.925
126000,0.035,0.030,0.935
126500,0.020,0.037,0.943
127000,0.076,0.000,0.924
127500,0.058,0.004,0.938
128000,0.011,0.122,0.867
128500,0.074,0.033,0.893
129000,0.091,0.003,0.906
129500,0.057,0.000,0.943
130000,0.097,0.000,0.903
130500,0.026,0.002,0.972
131000,0.041,0.005,0.954
131500,0.061,0.000,0.939
132000,0.134,0.000,0.866
132500,0.043,0.000,0.957
133000,0.024,0.001,0.975
133500,0.032,0.044,0.924
134000,0.015,0.003,0.982
134500,0.091,0.000,0.909
135000,0.119,0.000,0.881
135500,0.086,0.003,0.911
136000,0.054,0.010,0.936
136500,0.064,0.000,0.936
137000,0.047,0.000,0.953
137500,0.050,0.000,0.950
138000,0.059,0.020,0.921
138500,0.118,0.003,0.879
139000,0.011,0.065,0.924
139500,0.032,0.013,0.955
140000,0.108,0.000,0.892
140500,0.045,0.000,0.955
141000,0.038,0.000,0.962
141500,0.010,0.130,0.860
142000,0.104,0.000,0.896
142500,0.071,0.004,0.925
143000,0.052,0.014,0.934
143500,0.035,0.008,0.957
144000,0.044,0.000,0.956
144500,0.091,0.000,0.909
145000,0.047,0.026,0.927
145500,0.098,0.000,0.902
146000,0.057,0.014,0.929
146500,0.010,0.052,0.938
147000,0.049,0.000,0.951
147500,0.024,0.025,0.951
148000,0.016,0.016,0.968
148500,0.025,0.015,0.960
149000,0.078,0.023,0.899
149500,0.069,0.004,0.927
150000,0.057,0.019,0.924
150500,0.069,0.002,0.929
151000,0.074,0.001,0.925
151500,0.106,0.000,0.894
152000,0.088,0.000,0.912
152500,0.099,0.000,0.901
153000,0.140,0.000,0.860
153500,0.127,0.000,0.873
154000,0.010,0.079,0.911
154500,0.021,0.005,0.974
155000,0.010,0.009,0.981
155500,0.172,0.000,0.828
156000,0.018,0.026,0.956
156500,0.031,0.006,0.963
157000,0.072,0.000,0.928
157500,0.108,0.000,0.892
158000,0.027,0.000,0.973
158500,0.021,0.040,0.939
159000,0.089,0.001,0.910
159500,0.051,0.000,0.949
160000,0.052,0.000,0.948
160500,0.111,0.000,0.889
161000,0.122,0.000,0.878
161500,0.017,0.020,0.963
162000,0.075,0.015,0.910
162500,0.156,0.000,0.844
163000,0.108,0.000,0.892
163500,0.085,0.000,0.915
164000,0.046,0.022,0.932
164500,0.058,0.017,0.925
165000,0.031,0.002,0.967
165500,0.074,0.000,0.926
166000,0.051,0.028,0.921
166500,0.082,0.000,0.918
167000,0.146,0.000,0.854
167500,0.119,0.000,0.881
168000,0.011,0.052,0.937
168500,0.075,0.014,0.911
169000,0.085,0.004,0.911
169500,0.100,0.000,0.900
170000,0.041,0.002,0.957
170500,0.114,0.000,0.886
171000,0.068,0.000,0.932
171500,0.097,0.000,0.903
172000,0.118,0.000,0.882
172500,0.135,0.000,0.865
173000,0.068,0.000,0.932
173500,0.056,0.000,0.944
174000,0.020,0.025,0.955
174500,0.025,0.027,0.948
175000,0.054,0.000,0.946
175500,0.107,0.000,0.893
176000,0.114,0.000,0.886
176500,0.084,0.006,0.910
177000,0.070,0.027,0.903
177500,0.066,0.000,0.934
178000,0.066,0.027,0.907
178500,0.127,0.000,0.873
179000,0.069,0.004,0.927
179500,0.037,0.000,0.963
180000,0.080,0.007,0.913
180500,0.123,0.001,0.876
181000,0.140,0.000,0.860
181500,0.103,0.009,0.888
182000,0.164,0.000,0.836
182500,0.019,0.003,0.978
183000,0.108,0.000,0.892
183500,0.011,0.049,0.940
184000,0.046,0.032,0.922
184500,0.127,0.001,0.872
185000,0.060,0.000,0.940
185500,0.061,0.002,0.937
186000,0.071,0.000,0.929
186500,0.057,0.003,0.940
187000,0.104,0.000,0.896
187500,0.052,0.052,0.896
188000,0.045,0.014,0.941
188500,0.041,0.036,0.923
189000,0.133,0.000,0.867
189500,0.092,0.000,0.908
190000,0.073,0.001,0.926
190500,0.049,0.025,0.926
191000,0.077,0.000,0.923
191500,0.012,0.032,0.956
192000,0.032,0.023,0.945
192500,0.048,0.015,0.937
193000,0.163,0.000,0.837
193500,0.015,0.051,0.934
194000,0.044,0.025,0.931
194500,0.010,0.028,0.962
195000,0.020,0.011,0.969
195500,0.074,0.006,0.920
196000,0.087,0.000,0.913
196500,0.012,0.080,0.908
197000,0.022,0.018,0.960
197500,0.124,0.000,0.876
198000,0.065,0.000,0.935
198500,0.160,0.004,0.836
199000,0.064,0.001,0.935
199500,0.031,0.000,0.969
200000,0.010,0.083,0.907
200500,0.168,0.000,0.832
201000,0.013,0.068,0.919
201500,0.075,0.000,0.925
202000,0.108,0.000,0.892
202500,0.196,0.005,0.799
203000,0.047,0.011,0.942
203500,0.014,0.058,0.928
204000,0.126,0.000,0.874
204500,0.010,0.073,0.917
205000,0.022,0.003,0.975
205500,0.106,0.000,0.894
206000,0.054,0.033,0.913
206500,0.040,0.000,0.960
207000,0.111,0.000,0.889
207500,0.080,0.015,0.905
208000,0.036,0.006,0.958
208500,0.013,0.083,0.904
209000,0.018,0.037,0.945
209500,0.029,0.012,0.959
210000,0.016,0.053,0.931
210500,0.021,0.098,0.881
211000,0.071,0.007,0.922
211500,0.141,0.000,0.859
212000,0.046,0.035,0.919
212500,0.056,0.000,0.944
213000,0.011,0.012,0.977
213500,0.034,0.035,0.931
214000,0.012,0.026,0.962
214500,0.057,0.001,0.942
215000,0.072,0.005,0.923
215500,0.067,0.004,0.929
216000,0.015,0.024,0.961
216500,0.010,0.070,0.920
217000,0.016,0.071,0.913
217500,0.028,0.022,0.950
218000,0.084,0.000,0.916
218500,0.049,0.015,0.936
219000,0.118,0.000,0.882
219500,0.024,0.007,0.969
220000,0.117,0.001,0.882
220500,0.106,0.000,0.894
221000,0.100,0.000,0.900
221500,0.063,0.022,0.915
222000,0.028,0.013,0.959
222500,0.029,0.032,0.939
223000,0.039,0.000,0.961
223500,0.056,0.000,0.944
224000,0.058,0.000,0.942
224500,0.116,0.000,0.884
225000,0.101,0.000,0.899
225500,0.021,0.026,0.953
226000,0.110,0.013,0.877
226500,0.189,0.000,0.811
227000,0.066,0.000,0.934
227500,0.087,0.005,0.908
228000,0.054,0.000,0.946
228500,0.090,0.009,0.901
229000,0.063,0.018,0.919
229500,0.073,0.001,0.926
230000,0.099,0.000,0.901
230500,0.100,0.000,0.900
231000,0.016,0.037,0.947
231500,0.094,0.009,0.897
232000,0.090,0.000,0.910
232500,0.035,0.028,0.937
233000,0.178,0.001,0.821
233500,0.023,0.000,0.977
234000,0.010,0.062,0.928
234500,0.054,0.000,0.946
235000,0.150,0.000,0.850
235500,0.081,0.000,0.919
236000,0.039,0.013,0.948
236500,0.010,0.026,0.964
237000,0.071,0.001,0.928
237500,0.092,0.000,0.908
238000,0.113,0.011,0.876
238500,0.026,0.000,0.974
239000,0.059,0.005,0.936
239500,0.073,0.000,0.927
240000,0.112,0.000,0.888
240500,0.055,0.003,0.942
241000,0.018,0.076,0.906
241500,0.111,0.007,0.882
242000,0.064,0.001,0.935
242500,0.066,0.025,0.909
243000,0.089,0.000,0.911
243500,0.117,0.000,0.883
244000,0.097,0.000,0.903
244500,0.159,0.000,0.841
245000,0.018,0.047,0.935
245500,0.111,0.027,0.862
246000,0.141,0.000,0.859
246500,0.028,0.016,0.956
247000,0.016,0.022,0.962
247500,0.130,0.000,0.870
248000,0.074,0.000,0.926
248500,0.040,0.031,0.929
249000,0.073,0.017,0.910
249500,0.081,0.000,0.919
250000,0.106,0.000,0.894
250500,0.086,0.000,0.914
251000,0.086,0.000,0.914
251500,0.132,0.000,0.868
252000,0.016,0.021,0.963
252500,0.014,0.048,0.938
253000,0.022,0.029,0.949
253500,0.074,0.000,0.926
254000,0.046,0.001,0.953
254500,0.073,0.000,0.927
255000,0.197,0.000,0.803
255500,0.050,0.012,0.938
256000,0.098,0.000,0.902
256500,0.134,0.000,0.866
257000,0.131,0.000,0.869
257500,0.072,0.011,0.917
258000,0.039,0.023,0.938
258500,0.087,0.002,0.911
259000,0.014,0.032,0.954
259500,0.035,0.000,0.965
260000,0.075,0.008,0.917
260500,0.158,0.000,0.842
261000,0.046,0.013,0.941
261500,0.072,0.003,0.925
262000,0.013,0.057,0.930
262500,0.018,0.055,0.927
263000,0.071,0.000,0.929
263500,0.068,0.000,0.932
264000,0.102,0.002,0.896
264500,0.061,0.000,0.939
265000,0.023,0.033,0.944
265500,0.010,0.104,0.886
266000,0.097,0.001,0.902
266500,0.090,0.008,0.902
267000,0.040,0.000,0.960
267500,0.084,0.000,0.916
268000,0.033,0.028,0.939
268500,0.084,0.006,0.910
269000,0.087,0.000,0.913
269500,0.041,0.034,0.925
270000,0.029,0.010,0.961
270500,0.010,0.116,0.874
271000,0.018,0.037,0.945
271500,0.122,0.000,0.878
272000,0.075,0.004,0.921
272500,0.088,0.000,0.912
273000,0.065,0.003,0.932
273500,0.120,0.000,0.880
274000,0.033,0.014,0.953
274500,0.098,0.000,0.902
275000,0.092,0.000,0.908
275500,0.021,0.000,0.979
276000,0.010,0.058,0.932
276500,0.067,0.000,0.933
277000,0.027,0.057,0.916
277500,0.033,0.030,0.937
278000,0.127,0.000,0.873
278500,0.141,0.000,0.859
279000,0.125,0.000,0.875
279500,0.050,0.008,0.942
280000,0.147,0.000,0.853
280500,0.073,0.000,0.927
281000,0.037,0.000,0.963
281500,0.170,0.001,0.829
282000,0.071,0.000,0.929
282500,0.051,0.024,0.925
283000,0.047,0.000,0.953
283500,0.118,0.000,0.882
284000,0.135,0.000,0.865
284500,0.092,0.000,0.908
285000,0.080,0.000,0.920
285500,0.037,0.013,0.950
286000,0.038,0.040,0.922
286500,0.066,0.000,0.934
287000,0.045,0.000,0.955
287500,0.016,0.021,0.963
288000,0.015,0.044,0.941
288500,0.021,0.003,0.976
289000,0.072,0.001,0.927
289500,0.040,0.017,0.943
290000,0.036,0.001,0.963
290500,0.059,0.000,0.941
291000,0.017,0.034,0.949
291500,0.138,0.000,0.862
292000,0.116,0.001,0.883
292500,0.080,0.000,0.920
293000,0.059,0.001,0.940
293500,0.169,0.000,0.831
294000,0.132,0.000,0.868
294500,0.044,0.000,0.956
295000,0.107,0.000,0.893
295500,0.055,0.000,0.945
296000,0.046,0.005,0.949
296500,0.129,0.000,0.871
297000,0.011,0.080,0.909
297500,0.014,0.028,0.958
298000,0.140,0.000,0.860
298500,0.047,0.000,0.953
299000,0.045,0.001,0.954
299500,0.011,0.059,0.930
300000,0.057,0.013,0.930
300500,0.064,0.002,0.934
301000,0.191,0.000,0.809
301500,0.021,0.000,0.979
302000,0.056,0.000,0.944
302500,0.101,0.000,0.899
303000,0.044,0.019,0.937
303500,0.010,0.035,0.955
304000,0.010,0.009,0.981
304500,0.110,0.004,0.886
305000,0.112,0.000,0.888
305500,0.055,0.000,0.945
306000,0.074,0.000,0.926
306500,0.046,0.000,0.954
307000,0.122,0.000,0.878
307500,0.010,0.099,0.891
308000,0.020,0.062,0.918
308500,0.019,0.015,0.966
309000,0.059,0.000,0.941
309500,0.032,0.007,0.961
310000,0.010,0.072,0.918
310500,0.057,0.000,0.943
311000,0.028,0.032,0.940
311500,0.064,0.001,0.935
312000,0.074,0.000,0.926
312500,0.128,0.001,0.871
313000,0.040,0.016,0.944
313500,0.015,0.001,0.984
314000,0.027,0.014,0.959
314500,0.010,0.071,0.919
315000,0.012,0.065,0.923
315500,0.041,0.000,0.959
316000,0.094,0.000,0.906
316500,0.086,0.003,0.911
317000,0.011,0.040,0.949
317500,0.057,0.051,0.892
318000,0.037,0.006,0.957
318500,0.101,0.000,0.899
319000,0.067,0.000,0.933
319500,0.075,0.010,0.915
320000,0.028,0.029,0.943
320500,0.166,0.000,0.834
321000,0.065,0.000,0.935
321500,0.117,0.000,0.883
322000,0.011,0.078,0.911
322500,0.010,0.110,0.880
323000,0.011,0.090,0.899
323500,0.097,0.000,0.903
324000,0.026,0.006,0.968
324500,0.082,0.000,0.918
325000,0.035,0.000,0.965
325500,0.155,0.000,0.845
326000,0.040,0.013,0.947
326500,0.031,0.047,0.922
327000,0.046,0.017,0.937
327500,0.035,0.000,0.965
328000,0.079,0.000,0.921
328500,0.044,0.000,0.956
329000,0.018,0.039,0.943
329500,0.073,0.007,0.920
330000,0.041,0.000,0.959
330500,0.077,0.000,0.923
331000,0.015,0.003,0.982
331500,0.042,0.025,0.933
332000,0.121,0.000,0.879
332500,0.075,0.000,0.925
333000,0.111,0.010,0.879
333500,0.035,0.000,0.965
334000,0.074,0.000,0.926
334500,0.076,0.023,0.901
335000,0.024,0.089,0.887
335500,0.014,0.066,0.920
336000,0.056,0.001,0.943
336500,0.040,0.002,0.958
337000,0.021,0.002,0.977
337500,0.024,0.066,0.910
338000,0.177,0.000,0.823
338500,0.121,0.000,0.879
339000,0.010,0.059,0.931
339500,0.035,0.055,0.910
340000,0.225,0.008,0.767
340500,0.052,0.000,0.948
341000,0.058,0.015,0.927
341500,0.144,0.000,0.856
342000,0.018,0.000,0.982
342500,0.053,0.003,0.944
343000,0.078,0.000,0.922
343500,0.079,0.001,0.920
344000,0.078,0.024,0.898
344500,0.091,0.017,0.892
345000,0.013,0.013,0.974
345500,0.129,0.005,0.866
346000,0.072,0.016,0.912
346500,0.046,0.006,0.948
347000,0.132,0.001,0.867
347500,0.013,0.013,0.974
348000,0.118,0.000,0.882
348500,0.099,0.006,0.895
349000,0.143,0.000,0.857
349500,0.075,0.004,0.921
350000,0.099,0.000,0.901
350500,0.106,0.000,0.894
351000,0.017,0.030,0.953
351500,0.065,0.000,0.935
352000,0.072,0.015,0.913
352500,0.151,0.000,0.849
353000,0.026,0.000,0.974
353500,0.097,0.000,0.903
354000,0.022,0.021,0.957
354500,0.010,0.074,0.916
355000,0.032,0.032,0.936
355500,0.111,0.000,0.889
356000,0.098,0.000,0.902
356500,0.102,0.000,0.898
357000,0.042,0.021,0.937
357500,0.037,0.019,0.944
358000,0.058,0.003,0.939
358500,0.120,0.000,0.880
359000,0.038,0.000,0.962
359500,0.045,0.023,0.932
360000,0.213,0.000,0.787
360500,0.075,0.003,0.922
361000,0.093,0.000,0.907
361500,0.187,0.001,0.812
362000,0.016,0.000,0.984
362500,0.043,0.000,0.957
363000,0.080,0.000,0.920
363500,0.074,0.001,0.925
364000,0.053,0.000,0.947
364500,0.072,0.014,0.914
365000,0.063,0.001,0.936
365500,0.158,0.000,0.842
366000,0.117,0.000,0.883
366500,0.059,0.000,0.941
367000,0.055,0.028,0.917
367500,0.099,0.001,0.900
368000,0.040,0.017,0.943
368500,0.051,0.004,0.945
369000,0.100,0.000,0.900
369500,0.078,0.000,0.922
370000,0.091,0.010,0.899
370500,0.086,0.000,0.914
371000,0.133,0.000,0.867
371500,0.093,0.000,0.907
372000,0.026,0.034,0.940
372500,0.017,0.040,0.943
373000,0.024,0.025,0.951
373500,0.072,0.000,0.928
374000,0.027,0.027,0.946
374500,0.033,0.000,0.967
375000,0.058,0.031,0.911
375500,0.086,0.000,0.914
376000,0.093,0.000,0.907
376500,0.129,0.000,0.871
377000,0.104,0.000,0.896
377500,0.105,0.002,0.893
378000,0.045,0.007,0.948
378500,0.069,0.002,0.929
379000,0.060,0.019,0.921
379500,0.104,0.000,0.896
380000,0.081,0.000,0.919
380500,0.139,0.000,0.861
381000,0.149,0.000,0.851
381500,0.064,0.000,0.936
382000,0.066,0.024,0.910
382500,0.011,0.045,0.944
383000,0.121,0.001,0.878
383500,0.014,0.045,0.941
384000,0.082,0.013,0.905
384500,0.079,0.000,0.921
385000,0.015,0.002,0.983
385500,0.085,0.000,0.915
386000,0.011,0.050,0.939
386500,0.021,0.002,0.977
387000,0.010,0.076,0.914
387500,0.059,0.000,0.941
388000,0.117,0.000,0.883
388500,0.092,0.003,0.905
389000,0.061,0.000,0.939
389500,0.073,0.015,0.912
390000,0.175,0.000,0.825
390500,0.121,0.000,0.879
391000,0.064,0.000,0.936
391500,0.160,0.000,0.840
392000,0.068,0.000,0.932
392500,0.063,0.000,0.937
393000,0.074,0.013,0.913
393500,0.058,0.000,0.942
394000,0.127,0.002,0.871
394500,0.070,0.000,0.930
395000,0.061,0.005,0.934
395500,0.019,0.002,0.979
396000,0.010,0.032,0.958
396500,0.125,0.000,0.875
397000,0.053,0.017,0.930
397500,0.110,0.000,0.890
398000,0.081,0.000,0.919
398500,0.033,0.000,0.967
399000,0.090,0.002,0.908
399500,0.056,0.000,0.944
400000,0.043,0.013,0.944
400500,0.051,0.004,0.945
401000,0.011,0.056,0.933
401500,0.057,0.001,0.942
402000,0.111,0.000,0.889
402500,0.104,0.000,0.896
403000,0.035,0.038,0.927
403500,0.010,0.076,0.914
404000,0.013,0.098,0.889
404500,0.014,0.021,0.965
405000,0.065,0.000,0.935
405500,0.075,0.002,0.923
406000,0.029,0.036,0.935
406500,0.017,0.048,0.935
407000,0.103,0.000,0.897
407500,0.010,0.084,0.906
408000,0.015,0.018,0.967
408500,0.096,0.000,0.904
409000,0.055,0.000,0.945
409500,0.013,0.055,0.932
410000,0.091,0.031,0.878
410500,0.010,0.040,0.950
411000,0.029,0.035,0.936
411500,0.082,0.000,0.918
412000,0.010,0.044,0.946
412500,0.042,0.000,0.958
413000,0.060,0.000,0.940
413500,0.029,0.050,0.921
414000,0.010,0.050,0.940
414500,0.021,0.031,0.948
415000,0.111,0.000,0.889
415500,0.197,0.000,0.803
416000,0.063,0.005,0.932
416500,0.057,0.002,0.941
417000,0.068,0.000,0.932
417500,0.045,0.030,0.925
418000,0.010,0.014,0.976
418500,0.113,0.000,0.887
419000,0.010,0.014,0.976
419500,0.016,0.018,0.966
420000,0.017,0.007,0.976
420500,0.067,0.018,0.915
421000,0.091,0.003,0.906
421500,0.054,0.006,0.940
422000,0.091,0.000,0.909
422500,0.043,0.000,0.957
423000,0.104,0.000,0.896
423500,0.098,0.015,0.887
424000,0.075,0.000,0.925
424500,0.013,0.055,0.932
425000,0.044,0.000,0.956
425500,0.014,0.033,0.953
426000,0.057,0.009,0.934
426500,0.021,0.003,0.976
427000,0.045,0.030,0.925
427500,0.106,0.002,0.892
428000,0.081,0.000,0.919
428500,0.064,0.000,0.936
429000,0.079,0.000,0.921
429500,0.056,0.000,0.944
430000,0.012,0.088,0.900
430500,0.059,0.004,0.937
431000,0.058,0.001,0.941
431500,0.059,0.000,0.941
432000,0.079,0.003,0.918
432500,0.010,0.059,0.931
433000,0.082,0.000,0.918
433500,0.110,0.000,0.890
434000,0.080,0.016,0.904
434500,0.046,0.010,0.944
435000,0.090,0.000,0.910
435500,0.158,0.000,0.842
436000,0.079,0.000,0.921
436500,0.056,0.004,0.940
437000,0.096,0.000,0.904
437500,0.111,0.007,0.882
438000,0.051,0.000,0.949
438500,0.046,0.000,0.954
439000,0.108,0.000,0.892
439500,0.079,0.000,0.921
440000,0.075,0.000,0.925
440500,0.018,0.006,0.976
441000,0.019,0.032,0.949
441500,0.069,0.005,0.926
442000,0.077,0.005,0.918
442500,0.108,0.003,0.889
443000,0.050,0.006,0.944
443500,0.093,0.002,0.905
444000,0.010,0.031,0.959
444500,0.053,0.000,0.947
445000,0.021,0.050,0.929
445500,0.010,0.104,0.886
446000,0.025,0.100,0.875
446500,0.011,0.012,0.977
447000,0.031,0.015,0.954
447500,0.036,0.000,0.964
448000,0.076,0.000,0.924
448500,0.097,0.000,0.903
449000,0.011,0.046,0.943
449500,0.010,0.041,0.949
450000,0.097,0.000,0.903
450500,0.106,0.000,0.894
451000,0.018,0.038,0.944
451500,0.022,0.078,0.900
452000,0.157,0.000,0.843
452500,0.142,0.000,0.858
453000,0.062,0.015,0.923
453500,0.074,0.002,0.924
454000,0.072,0.000,0.928
454500,0.111,0.000,0.889
455000,0.054,0.000,0.946
455500,0.051,0.000,0.949
456000,0.085,0.000,0.915
456500,0.098,0.000,0.902
457000,0.011,0.070,0.919
457500,0.061,0.010,0.929
458000,0.124,0.000,0.876
458500,0.038,0.000,0.962
459000,0.048,0.009,0.943
459500,0.040,0.000,0.960
460000,0.059,0.036,0.905
460500,0.050,0.015,0.935
461000,0.088,0.000,0.912
461500,0.102,0.000,0.898
462000,0.099,0.001,0.900
462500,0.053,0.011,0.936
463000,0.128,0.000,0.872
463500,0.051,0.000,0.949
464000,0.077,0.013,0.910
464500,0.096,0.034,0.870
465000,0.142,0.000,0.858
465500,0.155,0.000,0.845
466000,0.099,0.000,0.901
466500,0.044,0.001,0.955
467000,0.065,0.019,0.916
467500,0.071,0.002,0.927
468000,0.063,0.000,0.937
468500,0.048,0.001,0.951
469000,0.145,0.000,0.855
469500,0.150,0.000,0.850
470000,0.062,0.000,0.938
470500,0.026,0.023,0.951
471000,0.034,0.050,0.916
471500,0.084,0.007,0.909
472000,0.014,0.052,0.934
472500,0.079,0.000,0.921
473000,0.039,0.005,0.956
473500,0.134,0.000,0.866
474000,0.091,0.000,0.909
474500,0.048,0.001,0.951
475000,0.041,0.002,0.957
475500,0.112,0.000,0.888
476000,0.038,0.008,0.954
476500,0.019,0.020,0.961
477000,0.127,0.000,0.873
477500,0.067,0.002,0.931
478000,0.207,0.000,0.793
478500,0.020,0.091,0.889
479000,0.023,0.025,0.952
479500,0.010,0.053,0.937
480000,0.023,0.012,0.965
480500,0.113,0.000,0.887
481000,0.108,0.000,0.892
481500,0.142,0.000,0.858
482000,0.030,0.011,0.959
482500,0.092,0.007,0.901
483000,0.105,0.000,0.895
483500,0.101,0.002,0.897
484000,0.011,0.029,0.960
484500,0.075,0.000,0.925
485000,0.097,0.000,0.903
485500,0.042,0.000,0.958
486000,0.013,0.072,0.915
486500,0.016,0.024,0.960
487000,0.056,0.015,0.929
487500,0.073,0.000,0.927
488000,0.010,0.088,0.902
488500,0.131,0.000,0.869
489000,0.049,0.008,0.943
489500,0.133,0.000,0.867
490000,0.093,0.000,0.907
490500,0.110,0.000,0.890
491000,0.010,0.063,0.927
491500,0.011,0.034,0.955
492000,0.145,0.000,0.855
492500,0.049,0.000,0.951
493000,0.090,0.000,0.910
493500,0.146,0.000,0.854
494000,0.020,0.014,0.966
494500,0.037,0.002,0.961
495000,0.021,0.018,0.961
495500,0.021,0.041,0.938
496000,0.047,0.090,0.863
496500,0.137,0.000,0.863
497000,0.077,0.010,0.913
497500,0.136,0.000,0.864
498000,0.039,0.039,0.922
498500,0.012,0.006,0.982
499000,0.154,0.000,0.846
499500,0.048,0.027,0.925
500000,0.058,0.003,0.939
500500,0.070,0.000,0.930
501000,0.018,0.014,0.968
501500,0.057,0.000,0.943
502000,0.060,0.003,0.937
502500,0.051,0.003,0.946
503000,0.024,0.022,0.954
503500,0.158,0.000,0.842
504000,0.069,0.000,0.931
504500,0.123,0.000,0.877
505000,0.010,0.088,0.902
505500,0.011,0.014,0.975
506000,0.032,0.000,0.968
506500,0.037,0.017,0.946
507000,0.086,0.000,0.914
507500,0.137,0.001,0.862
508000,0.015,0.071,0.914
508500,0.034,0.001,0.965
509000,0.037,0.052,0.911
509500,0.091,0.000,0.909
510000,0.033,0.000,0.967
510500,0.038,0.010,0.952
511000,0.011,0.031,0.958
511500,0.068,0.002,0.930
512000,0.028,0.017,0.955
512500,0.127,0.000,0.873
513000,0.075,0.008,0.917
513500,0.044,0.010,0.946
514000,0.010,0.024,0.966
514500,0.017,0.036,0.947
515000,0.042,0.043,0.915
515500,0.035,0.009,0.956
516000,0.022,0.035,0.943
516500,0.101,0.001,0.898
517000,0.082,0.007,0.911
517500,0.073,0.033,0.894
518000,0.165,0.000,0.835
518500,0.099,0.000,0.901
519000,0.071,0.005,0.924
519500,0.143,0.000,0.857
520000,0.021,0.016,0.963
520500,0.085,0.003,0.912
521000,0.087,0.000,0.913
521500,0.139,0.000,0.861
522000,0.045,0.026,0.929
522500,0.052,0.000,0.948
523000,0.024,0.069,0.907
523500,0.072,0.000,0.928
524000,0.046,0.009,0.945
524500,0.085,0.000,0.915
525000,0.087,0.000,0.913
525500,0.025,0.006,0.969
526000,0.033,0.007,0.960
526500,0.010,0.049,0.941
527000,0.013,0.066,0.921
527500,0.063,0.000,0.937
528000,0.055,0.000,0.945
528500,0.111,0.001,0.888
529000,0.093,0.000,0.907
529500,0.115,0.000,0.885
530000,0.072,0.001,0.927
530500,0.184,0.000,0.816
531000,0.065,0.021,0.914
531500,0.035,0.003,0.962
532000,0.030,0.000,0.970
532500,0.067,0.001,0.932
533000,0.117,0.000,0.883
533500,0.042,0.002,0.956
534000,0.054,0.000,0.946
534500,0.010,0.109,0.881
535000,0.119,0.000,0.881
535500,0.011,0.043,0.946
536000,0.077,0.000,0.923
536500,0.053,0.039,0.908
537000,0.060,0.000,0.940
537500,0.010,0.088,0.902
538000,0.040,0.030,0.930
538500,0.022,0.044,0.934
539000,0.043,0.016,0.941
539500,0.036,0.015,0.949
540000,0.010,0.023,0.967
540500,0.115,0.000,0.885
541000,0.018,0.063,0.919
541500,0.018,0.145,0.837
542000,0.076,0.000,0.924
542500,0.043,0.000,0.957
543000,0.143,0.000,0.857
543500,0.153,0.000,0.847
544000,0.132,0.000,0.868
544500,0.031,0.011,0.958
545000,0.055,0.000,0.945
545500,0.196,0.000,0.804
546000,0.108,0.000,0.892
546500,0.093,0.009,0.898
547000,0.143,0.000,0.857
547500,0.083,0.000,0.917
548000,0.045,0.000,0.955
548500,0.093,0.000,0.907
549000,0.052,0.000,0.948
549500,0.078,0.005,0.917
550000,0.086,0.000,0.914
550500,0.098,0.000,0.902
551000,0.010,0.019,0.971
551500,0.085,0.000,0.915
552000,0.016,0.034,0.950
552500,0.026,0.007,0.967
553000,0.109,0.000,0.891
553500,0.114,0.000,0.886
554000,0.042,0.032,0.926
554500,0.011,0.078,0.911
555000,0.041,0.007,0.952
555500,0.144,0.000,0.856
556000,0.104,0.000,0.896
556500,0.102,0.000,0.898
557000,0.092,0.000,0.908
557500,0.040,0.022,0.938
558000,0.184,0.000,0.816
558500,0.083,0.000,0.917
559000,0.082,0.005,0.913
559500,0.023,0.001,0.976
560000,0.083,0.045,0.872
560500,0.048,0.000,0.952
561000,0.090,0.000,0.910
561500,0.101,0.000,0.899
562000,0.076,0.000,0.924
562500,0.074,0.000,0.926
563000,0.024,0.019,0.957
563500,0.095,0.001,0.904
564000,0.010,0.054,0.936
564500,0.022,0.000,0.978
565000,0.089,0.028,0.883
565500,0.064,0.009,0.927
566000,0.071,0.000,0.929
566500,0.073,0.000,0.927
567000,0.157,0.000,0.843
567500,0.011,0.024,0.965
568000,0.024,0.047,0.929
568500,0.025,0.015,0.960
569000,0.153,0.000,0.847
569500,0.078,0.000,0.922
570000,0.071,0.028,0.901
570500,0.076,0.000,0.924
571000,0.062,0.007,0.931
571500,0.093,0.000,0.907
572000,0.067,0.000,0.933
572500,0.049,0.017,0.934
573000,0.010,0.020,0.970
573500,0.087,0.000,0.913
574000,0.059,0.010,0.931
574500,0.021,0.003,0.976
575000,0.056,0.013,0.931
575500,0.050,0.000,0.950
576000,0.010,0.076,0.914
576500,0.048,0.000,0.952
577000,0.016,0.027,0.957
577500,0.051,0.008,0.941
578000,0.114,0.000,0.886
578500,0.101,0.000,0.899
579000,0.030,0.014,0.956
579500,0.049,0.000,0.951
580000,0.089,0.010,0.901
580500,0.107,0.000,0.893
581000,0.055,0.000,0.945
581500,0.071,0.002,0.927
582000,0.010,0.066,0.924
582500,0.011,0.016,0.973
583000,0.134,0.000,0.866
583500,0.125,0.000,0.875
584000,0.112,0.000,0.888
584500,0.096,0.009,0.895
585000,0.080,0.000,0.920
585500,0.095,0.000,0.905
586000,0.011,0.081,0.908
586500,0.106,0.000,0.894
587000,0.090,0.000,0.910
587500,0.061,0.012,0.927
588000,0.013,0.042,0.945
588500,0.010,0.047,0.943
589000,0.011,0.047,0.942
589500,0.068,0.001,0.931
590000,0.027,0.029,0.944
590500,0.088,0.000,0.912
591000,0.012,0.067,0.921
591500,0.131,0.000,0.869
592000,0.027,0.007,0.966
592500,0.102,0.011,0.887
593000,0.010,0.040,0.950
593500,0.013,0.023,0.964
594000,0.011,0.027,0.962
594500,0.077,0.000,0.923
595000,0.048,0.000,0.952
595500,0.088,0.014,0.898
596000,0.011,0.041,0.948
596500,0.048,0.000,0.952
597000,0.106,0.000,0.894
597500,0.051,0.005,0.944
598000,0.150,0.000,0.850
598500,0.027,0.012,0.961
599000,0.085,0.000,0.915
599500,0.067,0.000,0.933
600000,0.052,0.001,0.947
600500,0.094,0.000,0.906
601000,0.105,0.000,0.895
601500,0.102,0.000,0.898
602000,0.062,0.000,0.938
602500,0.034,0.047,0.919
603000,0.034,0.000,0.966
603500,0.032,0.025,0.943
604000,0.056,0.000,0.944
604500,0.014,0.055,0.931
605000,0.032,0.000,0.968
605500,0.052,0.030,0.918
606000,0.010,0.031,0.959
606500,0.092,0.000,0.908
607000,0.059,0.000,0.941
607500,0.073,0.027,0.900
608000,0.096,0.000,0.904
608500,0.126,0.000,0.874
609000,0.022,0.012,0.966
609500,0.078,0.000,0.922
610000,0.055,0.000,0.945
610500,0.078,0.000,0.922
611000,0.042,0.010,0.948
611500,0.049,0.005,0.946
612000,0.108,0.000,0.892
612500,0.093,0.000,0.907
613000,0.084,0.000,0.916
613500,0.073,0.000,0.927
614000,0.062,0.000,0.938
614500,0.076,0.005,0.919
615000,0.113,0.000,0.887
615500,0.010,0.103,0.887
616000,0.010,0.139,0.851
616500,0.010,0.055,0.935
617000,0.091,0.003,0.906
617500,0.040,0.004,0.956
618000,0.027,0.025,0.948
618500,0.068,0.000,0.932
619000,0.013,0.083,0.904
619500,0.017,0.037,0.946
620000,0.078,0.041,0.881
620500,0.047,0.003,0.950
621000,0.110,0.000,0.890
621500,0.084,0.000,0.916
622000,0.148,0.000,0.852
622500,0.010,0.171,0.819
623000,0.052,0.031,0.917
623500,0.066,0.000,0.934
624000,0.089,0.009,0.902
624500,0.116,0.000,0.884
625000,0.078,0.035,0.887
625500,0.034,0.031,0.935
626000,0.118,0.000,0.882
626500,0.126,0.001,0.873
627000,0.058,0.005,0.937
627500,0.038,0.023,0.939
628000,0.046,0.006,0.948
628500,0.042,0.003,0.955
629000,0.018,0.014,0.968
629500,0.108,0.002,0.890
630000,0.091,0.000,0.909
630500,0.111,0.000,0.889
631000,0.094,0.000,0.906
631500,0.026,0.011,0.963
632000,0.076,0.000,0.924
632500,0.066,0.000,0.934
633000,0.085,0.000,0.915
633500,0.022,0.008,0.970
634000,0.072,0.000,0.928
634500,0.106,0.000,0.894
635000,0.036,0.012,0.952
635500,0.046,0.020,0.934
636000,0.039,0.048,0.913
636500,0.017,0.087,0.896
637000,0.099,0.000,0.901
637500,0.102,0.000,0.898
638000,0.188,0.000,0.812
638500,0.048,0.015,0.937
639000,0.059,0.000,0.941
639500,0.057,0.004,0.939
640000,0.067,0.003,0.930
640500,0.081,0.002,0.917
641000,0.088,0.000,0.912
641500,0.079,0.000,0.921
642000,0.056,0.033,0.911
642500,0.010,0.017,0.973
643000,0.195,0.000,0.805
643500,0.185,0.000,0.815
644000,0.104,0.000,0.896
644500,0.019,0.014,0.967
645000,0.011,0.096,0.893
645500,0.050,0.016,0.934
646000,0.064,0.033,0.903
646500,0.088,0.004,0.908
647000,0.044,0.003,0.953
647500,0.035,0.018,0.947
648000,0.073,0.000,0.927
648500,0.026,0.052,0.922
649000,0.110,0.000,0.890
649500,0.045,0.040,0.915
650000,0.211,0.000,0.789
650500,0.148,0.000,0.852
651000,0.087,0.000,0.913
651500,0.057,0.000,0.943
652000,0.086,0.000,0.914
652500,0.017,0.022,0.961
653000,0.015,0.000,0.985
653500,0.010,0.033,0.957
654000,0.010,0.022,0.968
654500,0.169,0.000,0.831
655000,0.010,0.064,0.926
655500,0.010,0.102,0.888
656000,0.010,0.017,0.973
656500,0.010,0.098,0.892
657000,0.068,0.000,0.932
657500,0.117,0.005,0.878
658000,0.078,0.000,0.922
658500,0.014,0.025,0.961
659000,0.050,0.000,0.950
659500,0.104,0.001,0.895
660000,0.108,0.000,0.892
660500,0.055,0.045,0.900
661000,0.196,0.000,0.804
661500,0.062,0.035,0.903
662000,0.042,0.000,0.958
662500,0.011,0.036,0.953
663000,0.010,0.083,0.907
663500,0.061,0.052,0.887
664000,0.118,0.000,0.882
664500,0.027,0.006,0.967
665000,0.108,0.001,0.891
665500,0.079,0.001,0.920
666000,0.040,0.001,0.959
666500,0.112,0.000,0.888
667000,0.061,0.000,0.939
667500,0.063,0.000,0.937
668000,0.073,0.020,0.907
668500,0.068,0.015,0.917
669000,0.018,0.012,0.970
669500,0.014,0.067,0.919
670000,0.062,0.012,0.926
670500,0.098,0.000,0.902
671000,0.065,0.000,0.935
671500,0.035,0.000,0.965
672000,0.021,0.033,0.946
672500,0.069,0.050,0.881
673000,0.086,0.000,0.914
673500,0.035,0.016,0.949
674000,0.130,0.001,0.869
674500,0.037,0.004,0.959
675000,0.067,0.040,0.893
675500,0.093,0.000,0.907
676000,0.067,0.002,0.931
676500,0.104,0.000,0.896
677000,0.096,0.015,0.889
677500,0.063,0.000,0.937
678000,0.113,0.000,0.887
678500,0.026,0.037,0.937
679000,0.085,0.008,0.907
679500,0.070,0.000,0.930
680000,0.197,0.000,0.803
680500,0.165,0.000,0.835
681000,0.054,0.000,0.946
681500,0.078,0.013,0.909
682000,0.032,0.000,0.968
682500,0.078,0.000,0.922
683000,0.092,0.000,0.908
683500,0.035,0.000,0.965
684000,0.023,0.078,0.899
684500,0.036,0.000,0.964
685000,0.069,0.000,0.931
685500,0.182,0.000,0.818
686000,0.053,0.002,0.945
686500,0.042,0.057,0.901
687000,0.097,0.000,0.903
687500,0.014,0.071,0.915
688000,0.019,0.001,0.980
688500,0.049,0.026,0.925
689000,0.082,0.006,0.912
689500,0.145,0.000,0.855
690000,0.117,0.000,0.883
690500,0.026,0.003,0.971
691000,0.115,0.000,0.885
691500,0.012,0.067,0.921
692000,0.046,0.032,0.922
692500,0.040,0.047,0.913
693000,0.040,0.062,0.898
693500,0.012,0.026,0.962
694000,0.126,0.000,0.874
694500,0.129,0.000,0.871
695000,0.084,0.000,0.916
695500,0.054,0.004,0.942
696000,0.062,0.000,0.938
696500,0.067,0.000,0.933
697000,0.042,0.034,0.924
697500,0.101,0.000,0.899
698000,0.045,0.000,0.955
698500,0.076,0.001,0.923
699000,0.014,0.114,0.872
699500,0.040,0.055,0.905
700000,0.114,0.000,0.886
700500,0.042,0.000,0.958
701000,0.132,0.000,0.868
701500,0.044,0.004,0.952
702000,0.011,0.021,0.968
702500,0.172,0.000,0.828
703000,0.093,0.000,0.907
703500,0.085,0.005,0.910
704000,0.112,0.000,0.888
704500,0.124,0.003,0.873
705000,0.163,0.000,0.837
705500,0.027,0.009,0.964
706000,0.074,0.000,0.926
706500,0.070,0.000,0.930
707000,0.050,0.000,0.950
707500,0.067,0.000,0.933
708000,0.098,0.001,0.901
708500,0.039,0.000,0.961
709000,0.025,0.024,0.951
709500,0.115,0.002,0.883
710000,0.110,0.000,0.890
710500,0.018,0.015,0.967
711000,0.038,0.000,0.962
711500,0.013,0.049,0.938
712000,0.131,0.000,0.869
712500,0.053,0.000,0.947
713000,0.055,0.000,0.945
713500,0.088,0.000,0.912
714000,0.147,0.000,0.853
714500,0.094,0.000,0.906
715000,0.056,0.000,0.944
715500,0.137,0.000,0.863
716000,0.066,0.000,0.934
716500,0.093,0.000,0.907
717000,0.010,0.062,0.928
717500,0.014,0.024,0.962
718000,0.011,0.031,0.958
718500,0.013,0.019,0.968
719000,0.031,0.036,0.933
719500,0.028,0.020,0.952
720000,0.026,0.016,0.958
720500,0.110,0.000,0.890
721000,0.067,0.012,0.921
721500,0.032,0.021,0.947
722000,0.011,0.081,0.908
722500,0.010,0.105,0.885
723000,0.010,0.077,0.913
723500,0.010,0.058,0.932
724000,0.030,0.004,0.966
724500,0.113,0.001,0.886
725000,0.093,0.000,0.907
725500,0.037,0.062,0.901
726000,0.110,0.009,0.881
726500,0.011,0.077,0.912
727000,0.010,0.079,0.911
727500,0.010,0.028,0.962
728000,0.167,0.000,0.833
728500,0.107,0.000,0.893
729000,0.012,0.038,0.950
729500,0.121,0.000,0.879
730000,0.084,0.000,0.916
730500,0.102,0.000,0.898
731000,0.016,0.026,0.958
731500,0.097,0.000,0.903
732000,0.164,0.001,0.835
732500,0.108,0.000,0.892
733000,0.056,0.008,0.936
733500,0.016,0.056,0.928
734000,0.019,0.008,0.973
734500,0.073,0.000,0.927
735000,0.035,0.003,0.962
735500,0.031,0.009,0.960
736000,0.156,0.000,0.844
736500,0.046,0.000,0.954
737000,0.148,0.000,0.852
737500,0.135,0.000,0.865
738000,0.124,0.000,0.876
738500,0.152,0.001,0.847
739000,0.044,0.003,0.953
739500,0.068,0.000,0.932
740000,0.117,0.000,0.883
740500,0.034,0.024,0.942
741000,0.026,0.007,0.967
741500,0.018,0.077,0.905
742000,0.131,0.000,0.869
742500,0.043,0.025,0.932
743000,0.022,0.028,0.950
743500,0.047,0.021,0.932
744000,0.068,0.014,0.918
744500,0.063,0.001,0.936
745000,0.113,0.000,0.887
745500,0.078,0.005,0.917
746000,0.070,0.000,0.930
746500,0.153,0.000,0.847
747000,0.020,0.040,0.940
747500,0.016,0.000,0.984
748000,0.231,0.000,0.769
748500,0.054,0.014,0.932
749000,0.050,0.008,0.942
749500,0.055,0.003,0.942
750000,0.095,0.000,0.905
750500,0.118,0.000,0.882
751000,0.112,0.000,0.888
751500,0.076,0.002,0.922
752000,0.112,0.000,0.888
752500,0.052,0.000,0.948
753000,0.106,0.000,0.894
753500,0.036,0.006,0.958
754000,0.033,0.001,0.966
754500,0.050,0.000,0.950
755000,0.037,0.001,0.962
755500,0.036,0.025,0.939
756000,0.066,0.050,0.884
756500,0.104,0.000,0.896
757000,0.083,0.001,0.916
757500,0.070,0.000,0.930
758000,0.158,0.001,0.841
758500,0.040,0.034,0.926
759000,0.074,0.034,0.892
759500,0.160,0.000,0.840
760000,0.070,0.009,0.921
760500,0.045,0.023,0.932
761000,0.049,0.001,0.950
761500,0.095,0.008,0.897
762000,0.097,0.000,0.903
762500,0.082,0.007,0.911
763000,0.082,0.004,0.914
763500,0.015,0.070,0.915
764000,0.021,0.001,0.978
764500,0.042,0.005,0.953
765000,0.091,0.007,0.902
765500,0.025,0.037,0.938
766000,0.143,0.000,0.857
766500,0.024,0.018,0.958
767000,0.092,0.000,0.908
767500,0.036,0.032,0.932
768000,0.080,0.000,0.920
768500,0.040,0.018,0.942
769000,0.084,0.000,0.916
769500,0.033,0.000,0.967
770000,0.133,0.000,0.867
770500,0.045,0.001,0.954
771000,0.152,0.000,0.848
771500,0.033,0.003,0.964
772000,0.077,0.010,0.913
772500,0.010,0.013,0.977
773000,0.072,0.000,0.928
773500,0.060,0.000,0.940
774000,0.073,0.001,0.926
774500,0.050,0.000,0.950
775000,0.111,0.000,0.889
775500,0.122,0.000,0.878
776000,0.074,0.000,0.926
776500,0.109,0.000,0.891
777000,0.127,0.000,0.873
777500,0.033,0.022,0.945
778000,0.017,0.113,0.870
778500,0.010,0.054,0.936
779000,0.010,0.031,0.959
779500,0.057,0.002,0.941
780000,0.043,0.053,0.904
780500,0.037,0.000,0.963
781000,0.147,0.000,0.853
781500,0.073,0.026,0.901
782000,0.010,0.045,0.945
782500,0.018,0.010,0.972
783000,0.028,0.019,0.953
783500,0.037,0.000,0.963
784000,0.010,0.054,0.936
784500,0.093,0.028,0.879
785000,0.129,0.000,0.871
785500,0.180,0.000,0.820
786000,0.040,0.000,0.960
786500,0.066,0.003,0.931
787000,0.105,0.000,0.895
787500,0.199,0.000,0.801
788000,0.063,0.036,0.901
788500,0.010,0.031,0.959
789000,0.037,0.029,0.934
789500,0.126,0.000,0.874
790000,0.050,0.000,0.950
790500,0.091,0.000,0.909
791000,0.040,0.004,0.956
791500,0.066,0.003,0.931
792000,0.062,0.027,0.911
792500,0.010,0.073,0.917
793000,0.011,0.038,0.951
793500,0.086,0.003,0.911
794000,0.115,0.000,0.885
794500,0.010,0.055,0.935
795000,0.083,0.000,0.917
795500,0.019,0.028,0.953
796000,0.075,0.000,0.925
796500,0.032,0.018,0.950
797000,0.082,0.000,0.918
797500,0.111,0.000,0.889
798000,0.105,0.000,0.895
798500,0.090,0.000,0.910
799000,0.106,0.000,0.894
799500,0.094,0.000,0.906
800000,0.046,0.000,0.954
800500,0.140,0.000,0.860
801000,0.021,0.032,0.947
801500,0.018,0.065,0.917
802000,0.117,0.000,0.883
802500,0.066,0.000,0.934
803000,0.092,0.004,0.904
803500,0.025,0.020,0.955
804000,0.035,0.004,0.961
804500,0.144,0.000,0.856
805000,0.043,0.003,0.954
805500,0.012,0.048,0.940
806000,0.127,0.010,0.863
806500,0.158,0.000,0.842
807000,0.039,0.000,0.961
807500,0.039,0.033,0.928
808000,0.039,0.060,0.901
808500,0.138,0.001,0.861
809000,0.084,0.000,0.916
809500,0.093,0.000,0.907
810000,0.033,0.000,0.967
810500,0.148,0.000,0.852
811000,0.070,0.000,0.930
811500,0.143,0.000,0.857
812000,0.011,0.044,0.945
812500,0.119,0.012,0.869
813000,0.100,0.000,0.900
813500,0.047,0.000,0.953
814000,0.087,0.000,0.913
814500,0.041,0.051,0.908
815000,0.114,0.000,0.886
815500,0.096,0.000,0.904
816000,0.032,0.011,0.957
816500,0.023,0.030,0.947
817000,0.027,0.000,0.973
817500,0.041,0.035,0.924
818000,0.016,0.045,0.939
818500,0.076,0.001,0.923
819000,0.044,0.001,0.955
819500,0.014,0.059,0.927
820000,0.083,0.000,0.917
820500,0.124,0.000,0.876
821000,0.090,0.000,0.910
821500,0.080,0.000,0.920
822000,0.014,0.017,0.969
822500,0.037,0.017,0.946
823000,0.010,0.066,0.924
823500,0.014,0.024,0.962
824000,0.019,0.057,0.924
824500,0.054,0.010,0.936
825000,0.064,0.000,0.936
825500,0.123,0.000,0.877
826000,0.011,0.058,0.931
826500,0.010,0.007,0.983
827000,0.109,0.000,0.891
827500,0.061,0.003,0.936
828000,0.019,0.041,0.940
828500,0.050,0.000,0.950
829000,0.041,0.001,0.958
829500,0.156,0.000,0.844
830000,0.044,0.030,0.926
830500,0.035,0.003,0.962
831000,0.070,0.001,0.929
831500,0.043,0.015,0.942
832000,0.067,0.000,0.933
832500,0.131,0.000,0.869
833000,0.105,0.000,0.895
833500,0.041,0.003,0.956
834000,0.087,0.002,0.911
834500,0.066,0.010,0.924
835000,0.021,0.096,0.883
835500,0.015,0.037,0.948
836000,0.042,0.045,0.913
836500,0.070,0.001,0.929
837000,0.010,0.072,0.918
837500,0.010,0.088,0.902
838000,0.024,0.027,0.949
838500,0.015,0.110,0.875
839000,0.010,0.159,0.831
839500,0.047,0.002,0.951
840000,0.084,0.006,0.910
840500,0.039,0.040,0.921
841000,0.055,0.002,0.943
841500,0.108,0.000,0.892
842000,0.080,0.000,0.920
842500,0.013,0.057,0.930
843000,0.023,0.085,0.892
843500,0.020,0.000,0.980
844000,0.076,0.000,0.924
844500,0.011,0.093,0.896
845000,0.010,0.099,0.891
845500,0.016,0.013,0.971
846000,0.069,0.000,0.931
846500,0.092,0.001,0.907
847000,0.030,0.020,0.950
847500,0.105,0.000,0.895
848000,0.013,0.073,0.914
848500,0.021,0.005,0.974
849000,0.078,0.001,0.921
849500,0.093,0.000,0.907
850000,0.057,0.000,0.943
850500,0.053,0.000,0.947
851000,0.024,0.049,0.927
851500,0.072,0.014,0.914
852000,0.049,0.007,0.944
852500,0.057,0.013,0.930
853000,0.017,0.046,0.937
853500,0.059,0.000,0.941
854000,0.142,0.000,0.858
854500,0.066,0.027,0.907
855000,0.010,0.101,0.889
855500,0.054,0.000,0.946
856000,0.011,0.021,0.968
856500,0.108,0.000,0.892
857000,0.132,0.000,0.868
857500,0.013,0.009,0.978
858000,0.010,0.038,0.952
858500,0.010,0.133,0.857
859000,0.015,0.046,0.939
859500,0.095,0.000,0.905
860000,0.013,0.095,0.892
860500,0.054,0.053,0.893
861000,0.017,0.035,0.948
861500,0.045,0.018,0.937
862000,0.015,0.041,0.944
862500,0.162,0.000,0.838
863000,0.087,0.000,0.913
863500,0.099,0.002,0.899
864000,0.013,0.060,0.927
864500,0.085,0.000,0.915
865000,0.071,0.000,0.929
865500,0.131,0.000,0.869
866000,0.015,0.045,0.940
866500,0.081,0.031,0.888
867000,0.011,0.008,0.981
867500,0.038,0.009,0.953
868000,0.095,0.025,0.880
868500,0.118,0.000,0.882
869000,0.100,0.000,0.900
869500,0.027,0.043,0.930
870000,0.102,0.000,0.898
870500,0.137,0.003,0.860
871000,0.080,0.000,0.920
871500,0.044,0.000,0.956
872000,0.031,0.050,0.919
872500,0.092,0.000,0.908
873000,0.010,0.063,0.927
873500,0.010,0.068,0.922
874000,0.052,0.034,0.914
874500,0.010,0.094,0.896
875000,0.038,0.023,0.939
875500,0.060,0.000,0.940
876000,0.046,0.024,0.930
876500,0.035,0.010,0.955
877000,0.044,0.017,0.939
877500,0.086,0.003,0.911
878000,0.015,0.032,0.953
878500,0.079,0.000,0.921
879000,0.023,0.000,0.977
879500,0.113,0.000,0.887
880000,0.049,0.000,0.951
880500,0.027,0.000,0.973
881000,0.018,0.008,0.974
881500,0.055,0.027,0.918
882000,0.030,0.024,0.946
882500,0.125,0.000,0.875
883000,0.053,0.000,0.947
883500,0.011,0.108,0.881
884000,0.116,0.000,0.884
884500,0.083,0.000,0.917
885000,0.025,0.021,0.954
885500,0.044,0.001,0.955
886000,0.085,0.000,0.915
886500,0.158,0.000,0.842
887000,0.034,0.029,0.937
887500,0.032,0.056,0.912
888000,0.037,0.005,0.958
888500,0.055,0.000,0.945
889000,0.094,0.005,0.901
889500,0.084,0.001,0.915
890000,0.076,0.000,0.924
890500,0.048,0.024,0.928
891000,0.208,0.000,0.792
891500,0.057,0.001,0.942
892000,0.029,0.000,0.971
892500,0.075,0.000,0.925
893000,0.074,0.000,0.926
893500,0.165,0.000,0.835
894000,0.077,0.000,0.923
894500,0.050,0.033,0.917
895000,0.134,0.000,0.866
895500,0.046,0.016,0.938
896000,0.039,0.016,0.945
896500,0.077,0.000,0.923
897000,0.109,0.008,0.883
897500,0.060,0.000,0.940
898000,0.158,0.001,0.841
898500,0.039,0.000,0.961
899000,0.053,0.000,0.947
899500,0.054,0.001,0.945
900000,0.089,0.000,0.911
900500,0.038,0.025,0.937
901000,0.027,0.003,0.970
901500,0.158,0.000,0.842
902000,0.117,0.000,0.883
902500,0.092,0.000,0.908
903000,0.044,0.033,0.923
903500,0.173,0.000,0.827
904000,0.016,0.057,0.927
904500,0.169,0.000,0.831
905000,0.138,0.000,0.862
905500,0.071,0.007,0.922
906000,0.089,0.000,0.911
906500,0.113,0.000,0.887
907000,0.071,0.000,0.929
907500,0.162,0.000,0.838
908000,0.136,0.000,0.864
908500,0.079,0.000,0.921
909000,0.082,0.000,0.918
909500,0.110,0.000,0.890
910000,0.131,0.000,0.869
910500,0.010,0.073,0.917
911000,0.097,0.009,0.894
911500,0.016,0.088,0.896
912000,0.018,0.063,0.919
912500,0.062,0.000,0.938
913000,0.029,0.055,0.916
913500,0.077,0.020,0.903
914000,0.113,0.000,0.887
914500,0.012,0.077,0.911
915000,0.050,0.037,0.913
915500,0.099,0.036,0.865
916000,0.115,0.000,0.885
916500,0.017,0.002,0.981
917000,0.021,0.027,0.952
917500,0.011,0.045,0.944
918000,0.072,0.008,0.920
918500,0.069,0.006,0.925
919000,0.058,0.001,0.941
919500,0.104,0.000,0.896
920000,0.068,0.000,0.932
920500,0.025,0.011,0.964
921000,0.086,0.000,0.914
921500,0.096,0.002,0.902
922000,0.144,0.000,0.856
922500,0.103,0.001,0.896
923000,0.074,0.001,0.925
923500,0.056,0.000,0.944
924000,0.084,0.000,0.916
924500,0.049,0.004,0.947
925000,0.158,0.005,0.837
925500,0.046,0.008,0.946
926000,0.155,0.000,0.845
926500,0.048,0.000,0.952
927000,0.126,0.000,0.874
927500,0.022,0.000,0.978
928000,0.078,0.000,0.922
928500,0.012,0.045,0.943
929000,0.086,0.000,0.914
929500,0.099,0.000,0.901
930000,0.065,0.000,0.935
930500,0.068,0.000,0.932
931000,0.030,0.052,0.918
931500,0.010,0.034,0.956
932000,0.097,0.001,0.902
932500,0.067,0.000,0.933
933000,0.010,0.062,0.928
933500,0.063,0.002,0.935
934000,0.075,0.000,0.925
934500,0.087,0.000,0.913
935000,0.067,0.027,0.906
935500,0.037,0.001,0.962
936000,0.111,0.000,0.889
936500,0.093,0.000,0.907
937000,0.032,0.007,0.961
937500,0.021,0.061,0.918
938000,0.016,0.014,0.970
938500,0.024,0.055,0.921
939000,0.038,0.001,0.961
939500,0.014,0.021,0.965
940000,0.127,0.002,0.871
940500,0.082,0.000,0.918
941000,0.108,0.000,0.892
941500,0.037,0.004,0.959
942000,0.116,0.000,0.884
942500,0.016,0.006,0.978
943000,0.085,0.000,0.915
943500,0.085,0.000,0.915
944000,0.118,0.000,0.882
944500,0.091,0.000,0.909
945000,0.056,0.000,0.944
945500,0.042,0.036,0.922
946000,0.098,0.001,0.901
946500,0.042,0.000,0.958
947000,0.014,0.000,0.986
947500,0.073,0.000,0.927
948000,0.034,0.032,0.934
948500,0.098,0.000,0.902
949000,0.042,0.000,0.958
949500,0.094,0.000,0.906
950000,0.062,0.000,0.938
950500,0.139,0.000,0.861
951000,0.125,0.000,0.875
951500,0.070,0.000,0.930
952000,0.113,0.000,0.887
952500,0.048,0.007,0.945
953000,0.065,0.000,0.935
953500,0.010,0.063,0.927
954000,0.127,0.004,0.869
954500,0.013,0.077,0.910
955000,0.073,0.000,0.927
955500,0.121,0.003,0.876
956000,0.077,0.000,0.923
956500,0.090,0.000,0.910
957000,0.035,0.035,0.930
957500,0.056,0.000,0.944
958000,0.056,0.030,0.914
958500,0.150,0.000,0.850
959000,0.095,0.001,0.904
959500,0.025,0.049,0.926
960000,0.038,0.004,0.958
960500,0.058,0.028,0.914
961000,0.057,0.000,0.943
961500,0.073,0.001,0.926
962000,0.125,0.003,0.872
962500,0.031,0.004,0.965
963000,0.041,0.030,0.929
963500,0.105,0.007,0.888
964000,0.068,0.000,0.932
964500,0.072,0.000,0.928
965000,0.078,0.000,0.922
965500,0.055,0.001,0.944
966000,0.049,0.003,0.948
966500,0.010,0.080,0.910
967000,0.125,0.000,0.875
967500,0.119,0.000,0.881
968000,0.079,0.002,0.919
968500,0.032,0.000,0.968
969000,0.021,0.033,0.946
969500,0.050,0.001,0.949
970000,0.080,0.000,0.920
970500,0.097,0.000,0.903
971000,0.117,0.000,0.883
971500,0.013,0.039,0.948
972000,0.043,0.029,0.928
972500,0.024,0.045,0.931
973000,0.015,0.002,0.983
973500,0.026,0.011,0.963
974000,0.027,0.013,0.960
974500,0.083,0.000,0.917
975000,0.032,0.011,0.957
975500,0.108,0.001,0.891
976000,0.097,0.001,0.902
976500,0.068,0.000,0.932
977000,0.040,0.000,0.960
977500,0.063,0.000,0.937
978000,0.045,0.000,0.955
978500,0.075,0.000,0.925
979000,0.212,0.000,0.788
979500,0.090,0.000,0.910
980000,0.024,0.033,0.943
980500,0.043,0.015,0.942
981000,0.117,0.009,0.874
981500,0.078,0.019,0.903
982000,0.106,0.000,0.894
982500,0.144,0.000,0.856
983000,0.042,0.000,0.958
983500,0.076,0.000,0.924
984000,0.019,0.002,0.979
984500,0.055,0.008,0.937
985000,0.053,0.000,0.947
985500,0.069,0.006,0.925
986000,0.133,0.000,0.867
986500,0.157,0.000,0.843
987000,0.056,0.042,0.902
987500,0.067,0.000,0.933
988000,0.072,0.000,0.928
988500,0.010,0.043,0.947
989000,0.066,0.000,0.934
989500,0.031,0.043,0.926
990000,0.101,0.000,0.899
990500,0.035,0.049,0.916
991000,0.057,0.019,0.924
991500,0.166,0.000,0.834
992000,0.067,0.000,0.933
992500,0.044,0.000,0.956
993000,0.032,0.023,0.945
993500,0.041,0.001,0.958
994000,0.036,0.008,0.956
994500,0.093,0.023,0.884
995000,0.087,0.003,0.910
995500,0.053,0.003,0.944
996000,0.027,0.012,0.961
996500,0.118,0.000,0.882
997000,0.152,0.000,0.848
997500,0.038,0.008,0.954
998000,0.080,0.000,0.920
998500,0.099,0.005,0.896
999000,0.045,0.001,0.954
999500,0.031,0.033,0.936
1000000,0.103,0.000,0.897
