time,n_A+p,n_B,n_AB
100,0.422,0.528,0.050
200,0.393,0.515,0.092
300,0.380,0.506,0.114
400,0.373,0.505,0.123
500,0.372,0.491,0.137
600,0.354,0.485,0.160
700,0.347,0.483,0.170
800,0.346,0.476,0.178
900,0.343,0.466,0.191
1000,0.333,0.473,0.194
1100,0.329,0.472,0.199
1200,0.333,0.470,0.197
1300,0.341,0.445,0.213
1400,0.330,0.450,0.220
1500,0.322,0.444,0.234
1600,0.338,0.436,0.226
1700,0.333,0.436,0.231
1800,0.331,0.440,0.229
1900,0.346,0.429,0.225
2000,0.337,0.418,0.245
2100,0.337,0.422,0.241
2200,0.351,0.410,0.239
2300,0.352,0.404,0.243
2400,0.352,0.406,0.242
2500,0.348,0.402,0.249
2600,0.358,0.407,0.236
2700,0.354,0.410,0.236
2800,0.349,0.430,0.221
2900,0.333,0.425,0.242
3000,0.332,0.424,0.244
3100,0.329,0.418,0.253
3200,0.318,0.423,0.259
3300,0.318,0.414,0.269
3400,0.314,0.401,0.285
3500,0.318,0.390,0.292
3600,0.331,0.398,0.271
3700,0.338,0.385,0.277
3800,0.339,0.381,0.280
3900,0.347,0.378,0.275
4000,0.336,0.393,0.271
4100,0.331,0.402,0.267
4200,0.323,0.399,0.278
4300,0.324,0.395,0.281
4400,0.332,0.379,0.289
4500,0.318,0.381,0.301
4600,0.311,0.389,0.300
4700,0.322,0.388,0.290
4800,0.334,0.375,0.291
4900,0.323,0.367,0.311
5000,0.329,0.363,0.308
5100,0.322,0.350,0.328
5200,0.309,0.371,0.320
5300,0.293,0.371,0.336
5400,0.291,0.370,0.339
5500,0.295,0.367,0.338
5600,0.293,0.379,0.328
5700,0.290,0.385,0.325
5800,0.292,0.387,0.321
5900,0.300,0.406,0.294
6000,0.309,0.397,0.293
6100,0.307,0.398,0.294
6200,0.304,0.401,0.294
6300,0.306,0.387,0.306
6400,0.299,0.375,0.326
6500,0.313,0.374,0.314
6600,0.318,0.376,0.306
6700,0.316,0.384,0.300
6800,0.321,0.382,0.297
6900,0.314,0.393,0.293
7000,0.319,0.384,0.297
7100,0.306,0.385,0.308
7200,0.312,0.373,0.316
7300,0.299,0.370,0.331
7400,0.297,0.393,0.309
7500,0.307,0.393,0.299
7600,0.316,0.389,0.295
7700,0.318,0.373,0.309
7800,0.320,0.373,0.307
7900,0.319,0.386,0.295
8000,0.328,0.368,0.304
8100,0.329,0.370,0.301
8200,0.333,0.369,0.298
8300,0.335,0.367,0.298
8400,0.349,0.345,0.305
8500,0.343,0.351,0.305
8600,0.339,0.361,0.300
8700,0.336,0.369,0.295
8800,0.334,0.361,0.305
8900,0.314,0.373,0.314
9000,0.318,0.367,0.316
9100,0.309,0.371,0.320
9200,0.312,0.374,0.315
9300,0.322,0.373,0.305
9400,0.319,0.369,0.313
9500,0.342,0.351,0.306
9600,0.343,0.349,0.307
9700,0.347,0.355,0.297
9800,0.337,0.355,0.307
9900,0.323,0.359,0.319
10000,0.321,0.363,0.317
10100,0.308,0.372,0.320
10200,0.302,0.380,0.318
10300,0.294,0.396,0.309
10400,0.294,0.385,0.321
10500,0.299,0.382,0.319
10600,0.298,0.388,0.314
10700,0.315,0.377,0.308
10800,0.314,0.378,0.308
10900,0.315,0.373,0.313
11000,0.304,0.389,0.306
11100,0.300,0.392,0.307
11200,0.287,0.372,0.341
11300,0.285,0.375,0.340
11400,0.290,0.374,0.336
11500,0.283,0.389,0.328
11600,0.274,0.377,0.349
11700,0.288,0.363,0.349
11800,0.277,0.380,0.343
11900,0.289,0.372,0.339
12000,0.268,0.379,0.353
12100,0.270,0.378,0.352
12200,0.261,0.382,0.356
12300,0.269,0.387,0.344
12400,0.272,0.388,0.340
12500,0.276,0.379,0.345
12600,0.272,0.378,0.350
12700,0.280,0.394,0.326
12800,0.283,0.400,0.317
12900,0.273,0.411,0.317
13000,0.267,0.396,0.337
13100,0.264,0.402,0.334
13200,0.270,0.406,0.325
13300,0.267,0.404,0.329
13400,0.271,0.407,0.323
13500,0.277,0.413,0.311
13600,0.277,0.384,0.339
13700,0.272,0.389,0.339
13800,0.280,0.378,0.342
13900,0.276,0.373,0.351
14000,0.276,0.377,0.347
14100,0.289,0.376,0.335
14200,0.274,0.378,0.348
14300,0.282,0.379,0.339
14400,0.282,0.388,0.330
14500,0.273,0.398,0.329
14600,0.273,0.399,0.328
14700,0.268,0.404,0.328
14800,0.269,0.398,0.333
14900,0.265,0.401,0.334
15000,0.261,0.400,0.338
15100,0.268,0.393,0.339
15200,0.278,0.381,0.341
15300,0.305,0.361,0.334
15400,0.316,0.365,0.320
15500,0.312,0.383,0.305
15600,0.308,0.381,0.311
15700,0.321,0.372,0.307
15800,0.315,0.354,0.331
15900,0.307,0.365,0.328
16000,0.304,0.378,0.318
16100,0.298,0.377,0.325
16200,0.297,0.369,0.334
16300,0.288,0.383,0.329
16400,0.278,0.391,0.331
16500,0.271,0.404,0.325
16600,0.265,0.421,0.315
16700,0.261,0.415,0.324
16800,0.265,0.414,0.322
16900,0.244,0.431,0.325
17000,0.232,0.454,0.315
17100,0.222,0.463,0.316
17200,0.229,0.449,0.322
17300,0.230,0.453,0.318
17400,0.230,0.454,0.317
17500,0.225,0.466,0.309
17600,0.228,0.454,0.319
17700,0.233,0.462,0.305
17800,0.230,0.451,0.319
17900,0.234,0.446,0.320
18000,0.237,0.449,0.314
18100,0.226,0.455,0.320
18200,0.227,0.456,0.318
18300,0.238,0.453,0.309
18400,0.234,0.438,0.328
18500,0.227,0.456,0.318
18600,0.237,0.464,0.299
18700,0.258,0.464,0.278
18800,0.260,0.459,0.281
18900,0.254,0.463,0.283
19000,0.250,0.453,0.297
19100,0.251,0.467,0.282
19200,0.238,0.463,0.299
19300,0.244,0.449,0.306
19400,0.264,0.442,0.294
19500,0.264,0.445,0.291
19600,0.279,0.435,0.286
19700,0.282,0.428,0.290
19800,0.267,0.434,0.299
19900,0.272,0.437,0.291
20000,0.277,0.425,0.298
20100,0.276,0.427,0.297
20200,0.265,0.421,0.315
20300,0.272,0.426,0.302
20400,0.267,0.433,0.300
20500,0.273,0.427,0.300
20600,0.267,0.428,0.305
20700,0.272,0.428,0.300
20800,0.282,0.418,0.300
20900,0.267,0.446,0.287
21000,0.296,0.432,0.272
21100,0.287,0.416,0.297
21200,0.295,0.399,0.305
21300,0.290,0.397,0.313
21400,0.289,0.393,0.318
21500,0.293,0.396,0.311
21600,0.286,0.387,0.327
21700,0.275,0.388,0.337
21800,0.268,0.390,0.342
21900,0.269,0.388,0.343
22000,0.268,0.384,0.348
22100,0.240,0.400,0.360
22200,0.244,0.421,0.335
22300,0.254,0.433,0.313
22400,0.247,0.454,0.299
22500,0.250,0.448,0.301
22600,0.252,0.427,0.321
22700,0.260,0.424,0.316
22800,0.255,0.419,0.326
22900,0.263,0.381,0.356
23000,0.257,0.413,0.330
23100,0.244,0.411,0.345
23200,0.249,0.414,0.337
23300,0.270,0.418,0.313
23400,0.261,0.426,0.313
23500,0.261,0.417,0.322
23600,0.258,0.419,0.323
23700,0.253,0.421,0.326
23800,0.257,0.419,0.324
23900,0.253,0.419,0.328
24000,0.253,0.411,0.336
24100,0.256,0.414,0.330
24200,0.263,0.399,0.338
24300,0.271,0.397,0.332
24400,0.276,0.406,0.319
24500,0.280,0.411,0.309
24600,0.269,0.414,0.318
24700,0.279,0.402,0.319
24800,0.275,0.417,0.308
24900,0.281,0.412,0.307
25000,0.277,0.398,0.325
25100,0.277,0.397,0.326
25200,0.273,0.398,0.329
25300,0.283,0.397,0.320
25400,0.279,0.401,0.320
25500,0.295,0.403,0.301
25600,0.305,0.395,0.299
25700,0.294,0.386,0.320
25800,0.291,0.379,0.330
25900,0.289,0.373,0.338
26000,0.295,0.378,0.327
26100,0.295,0.369,0.336
26200,0.316,0.361,0.324
26300,0.314,0.366,0.321
26400,0.312,0.364,0.325
26500,0.313,0.360,0.328
26600,0.319,0.342,0.339
26700,0.313,0.347,0.340
26800,0.334,0.343,0.323
26900,0.340,0.332,0.328
27000,0.338,0.330,0.332
27100,0.324,0.333,0.343
27200,0.322,0.335,0.343
27300,0.324,0.342,0.334
27400,0.313,0.358,0.330
27500,0.307,0.363,0.330
27600,0.316,0.360,0.325
27700,0.321,0.352,0.327
27800,0.322,0.355,0.323
27900,0.319,0.368,0.314
28000,0.307,0.368,0.325
28100,0.312,0.355,0.333
28200,0.317,0.346,0.337
28300,0.328,0.343,0.329
28400,0.331,0.349,0.320
28500,0.330,0.367,0.303
28600,0.316,0.377,0.307
28700,0.302,0.368,0.330
28800,0.312,0.387,0.301
28900,0.304,0.382,0.314
29000,0.314,0.370,0.317
29100,0.314,0.379,0.307
29200,0.323,0.372,0.305
29300,0.324,0.366,0.311
29400,0.349,0.345,0.305
29500,0.342,0.334,0.324
29600,0.341,0.344,0.315
29700,0.346,0.349,0.304
29800,0.342,0.343,0.315
29900,0.350,0.346,0.303
30000,0.336,0.358,0.306
30100,0.336,0.358,0.306
30200,0.331,0.364,0.305
30300,0.337,0.359,0.304
30400,0.337,0.360,0.303
30500,0.347,0.356,0.296
30600,0.329,0.359,0.313
30700,0.327,0.351,0.322
30800,0.332,0.355,0.313
30900,0.344,0.352,0.303
31000,0.346,0.359,0.295
31100,0.350,0.356,0.293
31200,0.344,0.366,0.290
31300,0.334,0.365,0.301
31400,0.332,0.362,0.306
31500,0.333,0.334,0.333
31600,0.333,0.340,0.327
31700,0.322,0.339,0.339
31800,0.325,0.336,0.339
31900,0.323,0.337,0.340
32000,0.317,0.340,0.343
32100,0.323,0.347,0.330
32200,0.319,0.331,0.350
32300,0.319,0.320,0.362
32400,0.315,0.314,0.372
32500,0.303,0.317,0.380
32600,0.328,0.318,0.354
32700,0.316,0.308,0.376
32800,0.320,0.307,0.373
32900,0.320,0.302,0.378
33000,0.314,0.307,0.379
33100,0.306,0.318,0.376
33200,0.315,0.318,0.368
33300,0.302,0.325,0.373
33400,0.313,0.330,0.358
33500,0.309,0.330,0.361
33600,0.309,0.330,0.361
33700,0.313,0.335,0.352
33800,0.304,0.337,0.359
33900,0.308,0.331,0.361
34000,0.286,0.360,0.354
34100,0.286,0.358,0.356
34200,0.278,0.373,0.349
34300,0.269,0.383,0.348
34400,0.258,0.391,0.350
34500,0.247,0.381,0.372
34600,0.244,0.387,0.369
34700,0.241,0.385,0.374
34800,0.238,0.396,0.366
34900,0.240,0.386,0.374
35000,0.273,0.375,0.352
35100,0.269,0.367,0.365
35200,0.275,0.370,0.355
35300,0.282,0.373,0.345
35400,0.282,0.363,0.355
35500,0.286,0.355,0.359
35600,0.290,0.352,0.358
35700,0.292,0.348,0.360
35800,0.277,0.349,0.374
35900,0.270,0.374,0.356
36000,0.292,0.374,0.334
36100,0.304,0.368,0.328
36200,0.298,0.377,0.325
36300,0.301,0.373,0.326
36400,0.289,0.365,0.346
36500,0.296,0.354,0.349
36600,0.296,0.359,0.345
36700,0.300,0.352,0.347
36800,0.298,0.353,0.348
36900,0.291,0.368,0.341
37000,0.284,0.378,0.338
37100,0.281,0.380,0.339
37200,0.277,0.379,0.344
37300,0.277,0.374,0.349
37400,0.284,0.367,0.349
37500,0.260,0.384,0.355
37600,0.259,0.388,0.352
37700,0.250,0.399,0.350
37800,0.256,0.407,0.337
37900,0.245,0.421,0.334
38000,0.247,0.423,0.330
38100,0.255,0.428,0.317
38200,0.242,0.428,0.330
38300,0.239,0.424,0.337
38400,0.247,0.428,0.325
38500,0.254,0.423,0.323
38600,0.251,0.427,0.322
38700,0.280,0.403,0.317
38800,0.273,0.416,0.312
38900,0.268,0.417,0.316
39000,0.275,0.410,0.316
39100,0.287,0.398,0.315
39200,0.281,0.386,0.333
39300,0.274,0.395,0.331
39400,0.289,0.388,0.323
39500,0.267,0.394,0.339
39600,0.272,0.396,0.332
39700,0.265,0.397,0.338
39800,0.277,0.382,0.341
39900,0.272,0.378,0.350
40000,0.277,0.371,0.352
40100,0.277,0.374,0.349
40200,0.277,0.371,0.352
40300,0.280,0.364,0.356
40400,0.281,0.352,0.367
40500,0.280,0.359,0.362
40600,0.290,0.366,0.344
40700,0.307,0.365,0.328
40800,0.314,0.360,0.327
40900,0.286,0.371,0.343
41000,0.280,0.364,0.356
41100,0.286,0.353,0.361
41200,0.297,0.350,0.352
41300,0.292,0.345,0.363
41400,0.284,0.364,0.352
41500,0.288,0.361,0.351
41600,0.286,0.352,0.362
41700,0.300,0.351,0.348
41800,0.296,0.366,0.338
41900,0.319,0.360,0.322
42000,0.325,0.359,0.317
42100,0.314,0.351,0.335
42200,0.309,0.356,0.334
42300,0.322,0.370,0.308
42400,0.305,0.379,0.316
42500,0.305,0.377,0.318
42600,0.308,0.374,0.318
42700,0.307,0.375,0.318
42800,0.318,0.377,0.305
42900,0.319,0.360,0.322
43000,0.303,0.369,0.328
43100,0.306,0.352,0.341
43200,0.325,0.359,0.317
43300,0.305,0.377,0.318
43400,0.309,0.380,0.311
43500,0.303,0.379,0.318
43600,0.305,0.384,0.311
43700,0.287,0.376,0.337
43800,0.284,0.367,0.349
43900,0.286,0.370,0.344
44000,0.290,0.369,0.341
44100,0.288,0.375,0.337
44200,0.287,0.375,0.338
44300,0.286,0.383,0.331
44400,0.287,0.374,0.339
44500,0.286,0.381,0.333
44600,0.283,0.373,0.344
44700,0.273,0.373,0.354
44800,0.246,0.410,0.344
44900,0.255,0.410,0.335
45000,0.256,0.398,0.345
45100,0.253,0.394,0.352
45200,0.250,0.404,0.345
45300,0.245,0.401,0.353
45400,0.253,0.400,0.346
45500,0.252,0.406,0.342
45600,0.255,0.404,0.340
45700,0.251,0.386,0.363
45800,0.243,0.388,0.369
45900,0.250,0.391,0.359
46000,0.248,0.389,0.363
46100,0.256,0.384,0.360
46200,0.273,0.385,0.342
46300,0.269,0.396,0.335
46400,0.264,0.404,0.332
46500,0.254,0.406,0.340
46600,0.251,0.414,0.335
46700,0.264,0.410,0.327
46800,0.269,0.411,0.321
46900,0.256,0.423,0.321
47000,0.253,0.427,0.320
47100,0.250,0.429,0.321
47200,0.259,0.436,0.304
47300,0.268,0.416,0.317
47400,0.266,0.411,0.324
47500,0.249,0.422,0.329
47600,0.246,0.436,0.318
47700,0.253,0.434,0.313
47800,0.251,0.430,0.319
47900,0.256,0.412,0.332
48000,0.254,0.412,0.334
48100,0.251,0.416,0.333
48200,0.255,0.416,0.329
48300,0.264,0.417,0.320
48400,0.266,0.415,0.320
48500,0.267,0.402,0.331
48600,0.258,0.403,0.338
48700,0.259,0.402,0.338
48800,0.257,0.412,0.331
48900,0.269,0.408,0.324
49000,0.266,0.390,0.344
49100,0.261,0.396,0.342
49200,0.256,0.392,0.351
49300,0.261,0.395,0.343
49400,0.260,0.404,0.335
49500,0.253,0.437,0.309
49600,0.251,0.433,0.316
49700,0.237,0.431,0.332
49800,0.236,0.438,0.326
49900,0.230,0.450,0.320
50000,0.224,0.449,0.327
50100,0.229,0.443,0.328
50200,0.222,0.433,0.345
50300,0.223,0.434,0.343
50400,0.223,0.437,0.340
50500,0.213,0.456,0.331
50600,0.217,0.455,0.329
50700,0.204,0.433,0.363
50800,0.204,0.457,0.339
50900,0.210,0.457,0.333
51000,0.208,0.465,0.327
51100,0.223,0.459,0.319
51200,0.221,0.458,0.322
51300,0.234,0.460,0.306
51400,0.229,0.454,0.318
51500,0.225,0.446,0.329
51600,0.223,0.436,0.341
51700,0.223,0.441,0.336
51800,0.225,0.442,0.333
51900,0.231,0.444,0.325
52000,0.229,0.451,0.320
52100,0.225,0.471,0.304
52200,0.226,0.460,0.315
52300,0.229,0.462,0.309
52400,0.228,0.463,0.309
52500,0.233,0.456,0.312
52600,0.241,0.459,0.300
52700,0.238,0.466,0.296
52800,0.234,0.466,0.300
52900,0.232,0.470,0.298
53000,0.231,0.471,0.298
53100,0.229,0.473,0.298
53200,0.230,0.472,0.298
53300,0.240,0.463,0.297
53400,0.236,0.463,0.301
53500,0.231,0.458,0.312
53600,0.225,0.466,0.309
53700,0.215,0.473,0.313
53800,0.210,0.472,0.318
53900,0.203,0.473,0.324
54000,0.210,0.473,0.317
54100,0.200,0.481,0.319
54200,0.192,0.487,0.321
54300,0.187,0.495,0.318
54400,0.182,0.485,0.333
54500,0.184,0.477,0.339
54600,0.179,0.477,0.344
54700,0.177,0.477,0.346
54800,0.181,0.475,0.344
54900,0.186,0.477,0.337
55000,0.198,0.461,0.341
55100,0.199,0.449,0.351
55200,0.199,0.449,0.351
55300,0.208,0.444,0.347
55400,0.217,0.441,0.342
55500,0.212,0.445,0.342
55600,0.223,0.431,0.346
55700,0.223,0.430,0.347
55800,0.224,0.425,0.351
55900,0.235,0.413,0.352
56000,0.233,0.419,0.348
56100,0.250,0.417,0.333
56200,0.249,0.414,0.337
56300,0.247,0.411,0.342
56400,0.245,0.404,0.350
56500,0.235,0.414,0.351
56600,0.254,0.415,0.331
56700,0.243,0.402,0.354
56800,0.254,0.407,0.339
56900,0.246,0.436,0.318
57000,0.242,0.442,0.316
57100,0.248,0.434,0.318
57200,0.242,0.425,0.333
57300,0.241,0.422,0.337
57400,0.238,0.421,0.341
57500,0.234,0.418,0.348
57600,0.234,0.412,0.354
57700,0.238,0.421,0.341
57800,0.237,0.419,0.344
57900,0.233,0.420,0.347
58000,0.233,0.422,0.345
58100,0.240,0.420,0.340
58200,0.239,0.410,0.351
58300,0.228,0.413,0.360
58400,0.230,0.409,0.362
58500,0.249,0.395,0.355
58600,0.244,0.398,0.358
58700,0.238,0.404,0.358
58800,0.239,0.397,0.364
58900,0.236,0.401,0.363
59000,0.244,0.404,0.351
59100,0.247,0.404,0.348
59200,0.239,0.417,0.344
59300,0.243,0.397,0.360
59400,0.227,0.402,0.371
59500,0.228,0.406,0.367
59600,0.232,0.403,0.365
59700,0.234,0.401,0.365
59800,0.235,0.404,0.361
59900,0.238,0.413,0.349
60000,0.227,0.422,0.351
60100,0.221,0.420,0.360
60200,0.205,0.432,0.363
60300,0.204,0.446,0.349
60400,0.210,0.442,0.347
60500,0.206,0.449,0.344
60600,0.202,0.448,0.349
60700,0.189,0.459,0.352
60800,0.187,0.460,0.353
60900,0.190,0.448,0.362
61000,0.188,0.445,0.367
61100,0.192,0.439,0.369
61200,0.184,0.448,0.368
61300,0.192,0.447,0.361
61400,0.189,0.449,0.362
61500,0.188,0.455,0.358
61600,0.194,0.456,0.350
61700,0.196,0.457,0.347
61800,0.194,0.462,0.344
61900,0.202,0.465,0.333
62000,0.209,0.471,0.320
62100,0.211,0.475,0.314
62200,0.213,0.469,0.318
62300,0.215,0.477,0.308
62400,0.218,0.472,0.311
62500,0.221,0.466,0.314
62600,0.242,0.455,0.303
62700,0.255,0.453,0.292
62800,0.247,0.464,0.289
62900,0.239,0.459,0.302
63000,0.234,0.450,0.316
63100,0.233,0.458,0.309
63200,0.234,0.455,0.312
63300,0.230,0.476,0.294
63400,0.222,0.479,0.299
63500,0.213,0.479,0.307
63600,0.215,0.478,0.307
63700,0.215,0.476,0.309
63800,0.216,0.464,0.321
63900,0.222,0.451,0.327
64000,0.220,0.430,0.350
64100,0.206,0.437,0.356
64200,0.210,0.460,0.330
64300,0.208,0.459,0.333
64400,0.225,0.458,0.318
64500,0.218,0.453,0.330
64600,0.223,0.465,0.313
64700,0.218,0.460,0.323
64800,0.222,0.472,0.306
64900,0.232,0.458,0.311
65000,0.223,0.458,0.320
65100,0.219,0.454,0.328
65200,0.215,0.457,0.329
65300,0.222,0.463,0.316
65400,0.224,0.462,0.315
65500,0.212,0.463,0.325
65600,0.211,0.475,0.314
65700,0.208,0.460,0.332
65800,0.222,0.455,0.324
65900,0.218,0.451,0.331
66000,0.221,0.448,0.331
66100,0.216,0.449,0.335
66200,0.222,0.458,0.321
66300,0.220,0.439,0.341
66400,0.215,0.447,0.338
66500,0.212,0.448,0.339
66600,0.215,0.443,0.342
66700,0.217,0.427,0.356
66800,0.224,0.419,0.358
66900,0.216,0.411,0.374
67000,0.226,0.420,0.354
67100,0.212,0.427,0.361
67200,0.219,0.433,0.348
67300,0.213,0.438,0.348
67400,0.205,0.441,0.353
67500,0.191,0.441,0.368
67600,0.200,0.423,0.377
67700,0.218,0.426,0.356
67800,0.209,0.423,0.368
67900,0.229,0.411,0.361
68000,0.224,0.416,0.361
68100,0.226,0.431,0.343
68200,0.234,0.417,0.349
68300,0.227,0.413,0.361
68400,0.235,0.408,0.358
68500,0.250,0.397,0.352
68600,0.245,0.406,0.349
68700,0.261,0.409,0.330
68800,0.261,0.422,0.317
68900,0.251,0.419,0.330
69000,0.241,0.426,0.333
69100,0.252,0.421,0.327
69200,0.245,0.417,0.338
69300,0.240,0.409,0.351
69400,0.240,0.412,0.348
69500,0.235,0.409,0.356
69600,0.231,0.406,0.364
69700,0.229,0.409,0.363
69800,0.234,0.400,0.366
69900,0.221,0.389,0.390
70000,0.226,0.383,0.391
70100,0.229,0.393,0.378
70200,0.234,0.385,0.381
70300,0.244,0.386,0.370
70400,0.239,0.399,0.362
70500,0.244,0.412,0.344
70600,0.228,0.426,0.346
70700,0.243,0.410,0.347
70800,0.242,0.406,0.352
70900,0.238,0.413,0.349
71000,0.232,0.406,0.363
71100,0.239,0.400,0.361
71200,0.231,0.397,0.372
71300,0.233,0.396,0.371
71400,0.229,0.398,0.373
71500,0.220,0.402,0.378
71600,0.227,0.409,0.365
71700,0.226,0.418,0.356
71800,0.226,0.418,0.356
71900,0.228,0.418,0.354
72000,0.228,0.407,0.366
72100,0.228,0.411,0.362
72200,0.236,0.419,0.345
72300,0.231,0.401,0.368
72400,0.222,0.415,0.364
72500,0.232,0.399,0.369
72600,0.230,0.402,0.368
72700,0.229,0.404,0.367
72800,0.231,0.390,0.379
72900,0.231,0.381,0.388
73000,0.235,0.376,0.389
73100,0.233,0.403,0.364
73200,0.227,0.399,0.374
73300,0.234,0.403,0.363
73400,0.217,0.406,0.378
73500,0.225,0.391,0.384
73600,0.236,0.392,0.372
73700,0.250,0.389,0.361
73800,0.248,0.386,0.366
73900,0.260,0.376,0.364
74000,0.254,0.367,0.379
74100,0.257,0.372,0.371
74200,0.254,0.372,0.374
74300,0.247,0.381,0.372
74400,0.242,0.388,0.370
74500,0.239,0.394,0.367
74600,0.237,0.387,0.376
74700,0.242,0.383,0.375
74800,0.234,0.382,0.384
74900,0.244,0.391,0.365
75000,0.248,0.394,0.358
75100,0.258,0.388,0.353
75200,0.264,0.372,0.365
75300,0.264,0.373,0.364
75400,0.270,0.365,0.366
75500,0.260,0.388,0.351
75600,0.254,0.386,0.360
75700,0.248,0.395,0.356
75800,0.256,0.386,0.358
75900,0.255,0.382,0.363
76000,0.264,0.374,0.363
76100,0.263,0.372,0.366
76200,0.254,0.369,0.377
76300,0.263,0.354,0.383
76400,0.263,0.350,0.387
76500,0.269,0.342,0.389
76600,0.269,0.367,0.365
76700,0.258,0.360,0.382
76800,0.253,0.382,0.365
76900,0.251,0.392,0.356
77000,0.244,0.396,0.360
77100,0.246,0.388,0.366
77200,0.248,0.387,0.365
77300,0.245,0.387,0.368
77400,0.256,0.391,0.352
77500,0.264,0.381,0.355
77600,0.282,0.371,0.347
77700,0.282,0.373,0.345
77800,0.269,0.389,0.342
77900,0.268,0.386,0.346
78000,0.268,0.385,0.347
78100,0.251,0.392,0.356
78200,0.252,0.387,0.361
78300,0.261,0.388,0.350
78400,0.265,0.395,0.340
78500,0.257,0.399,0.343
78600,0.261,0.401,0.337
78700,0.267,0.399,0.334
78800,0.282,0.392,0.326
78900,0.278,0.382,0.340
79000,0.278,0.371,0.351
79100,0.279,0.369,0.352
79200,0.284,0.376,0.340
79300,0.283,0.377,0.340
79400,0.272,0.385,0.343
79500,0.285,0.393,0.322
79600,0.280,0.376,0.344
79700,0.286,0.365,0.349
79800,0.274,0.360,0.367
79900,0.274,0.352,0.374
80000,0.288,0.346,0.366
80100,0.305,0.350,0.344
80200,0.305,0.338,0.356
80300,0.301,0.349,0.349
80400,0.304,0.351,0.344
80500,0.290,0.358,0.352
80600,0.278,0.371,0.351
80700,0.266,0.371,0.364
80800,0.269,0.378,0.353
80900,0.260,0.372,0.368
81000,0.258,0.367,0.375
81100,0.272,0.359,0.370
81200,0.258,0.351,0.390
81300,0.253,0.345,0.401
81400,0.254,0.335,0.411
81500,0.239,0.356,0.404
81600,0.236,0.367,0.397
81700,0.243,0.355,0.401
81800,0.243,0.348,0.409
81900,0.240,0.356,0.403
82000,0.226,0.368,0.407
82100,0.226,0.380,0.394
82200,0.238,0.383,0.379
82300,0.259,0.350,0.390
82400,0.257,0.346,0.396
82500,0.254,0.342,0.403
82600,0.247,0.350,0.402
82700,0.264,0.338,0.398
82800,0.243,0.372,0.385
82900,0.252,0.370,0.378
83000,0.258,0.368,0.374
83100,0.253,0.362,0.385
83200,0.253,0.358,0.389
83300,0.250,0.349,0.400
83400,0.260,0.337,0.402
83500,0.258,0.325,0.417
83600,0.259,0.317,0.424
83700,0.252,0.320,0.428
83800,0.255,0.316,0.429
83900,0.269,0.309,0.422
84000,0.264,0.320,0.417
84100,0.260,0.327,0.413
84200,0.269,0.332,0.399
84300,0.290,0.337,0.373
84400,0.285,0.343,0.372
84500,0.285,0.335,0.380
84600,0.278,0.341,0.381
84700,0.274,0.346,0.380
84800,0.263,0.360,0.378
84900,0.268,0.356,0.376
85000,0.266,0.353,0.381
85100,0.268,0.351,0.381
85200,0.269,0.345,0.386
85300,0.273,0.342,0.385
85400,0.296,0.342,0.362
85500,0.300,0.338,0.362
85600,0.311,0.341,0.348
85700,0.305,0.348,0.346
85800,0.306,0.334,0.360
85900,0.318,0.334,0.348
86000,0.309,0.337,0.353
86100,0.315,0.339,0.346
86200,0.314,0.344,0.342
86300,0.293,0.344,0.363
86400,0.292,0.336,0.372
86500,0.295,0.329,0.376
86600,0.294,0.341,0.365
86700,0.298,0.348,0.353
86800,0.299,0.344,0.356
86900,0.285,0.344,0.371
87000,0.294,0.343,0.363
87100,0.286,0.347,0.367
87200,0.296,0.350,0.353
87300,0.292,0.350,0.358
87400,0.285,0.356,0.359
87500,0.280,0.355,0.365
87600,0.285,0.358,0.358
87700,0.288,0.349,0.363
87800,0.291,0.345,0.364
87900,0.281,0.345,0.374
88000,0.277,0.355,0.368
88100,0.265,0.351,0.384
88200,0.267,0.361,0.373
88300,0.266,0.372,0.363
88400,0.272,0.382,0.346
88500,0.271,0.370,0.360
88600,0.279,0.364,0.358
88700,0.283,0.358,0.360
88800,0.308,0.332,0.360
88900,0.308,0.342,0.349
89000,0.304,0.354,0.341
89100,0.301,0.350,0.348
89200,0.288,0.361,0.351
89300,0.283,0.354,0.363
89400,0.292,0.366,0.342
89500,0.293,0.368,0.339
89600,0.289,0.371,0.340
89700,0.297,0.370,0.333
89800,0.313,0.354,0.333
89900,0.322,0.348,0.330
90000,0.315,0.340,0.345
90100,0.319,0.328,0.353
90200,0.312,0.337,0.351
90300,0.297,0.344,0.359
90400,0.290,0.334,0.376
90500,0.302,0.334,0.364
90600,0.317,0.319,0.365
90700,0.314,0.335,0.351
90800,0.327,0.329,0.344
90900,0.330,0.323,0.347
91000,0.317,0.324,0.360
91100,0.330,0.322,0.348
91200,0.335,0.314,0.351
91300,0.332,0.312,0.356
91400,0.319,0.321,0.361
91500,0.317,0.325,0.359
91600,0.319,0.319,0.363
91700,0.293,0.334,0.373
91800,0.296,0.349,0.354
91900,0.295,0.347,0.358
92000,0.293,0.351,0.355
92100,0.293,0.339,0.368
92200,0.297,0.354,0.348
92300,0.304,0.352,0.343
92400,0.323,0.342,0.335
92500,0.323,0.331,0.346
92600,0.324,0.331,0.345
92700,0.309,0.335,0.355
92800,0.300,0.332,0.368
92900,0.315,0.325,0.361
93000,0.318,0.325,0.358
93100,0.314,0.335,0.351
93200,0.298,0.361,0.341
93300,0.284,0.362,0.354
93400,0.290,0.338,0.372
93500,0.302,0.337,0.361
93600,0.297,0.332,0.371
93700,0.307,0.326,0.367
93800,0.303,0.316,0.381
93900,0.311,0.285,0.404
94000,0.316,0.292,0.392
94100,0.326,0.291,0.383
94200,0.319,0.293,0.388
94300,0.303,0.306,0.390
94400,0.303,0.307,0.389
94500,0.305,0.314,0.381
94600,0.304,0.321,0.375
94700,0.292,0.316,0.392
94800,0.296,0.315,0.389
94900,0.307,0.319,0.374
95000,0.309,0.324,0.367
95100,0.301,0.333,0.366
95200,0.296,0.328,0.376
95300,0.294,0.327,0.379
95400,0.297,0.317,0.386
95500,0.308,0.315,0.377
95600,0.296,0.317,0.387
95700,0.307,0.312,0.381
95800,0.316,0.306,0.378
95900,0.315,0.303,0.382
96000,0.317,0.299,0.384
96100,0.321,0.304,0.375
96200,0.324,0.303,0.373
96300,0.329,0.306,0.365
96400,0.322,0.306,0.372
96500,0.336,0.316,0.348
96600,0.329,0.328,0.343
96700,0.326,0.332,0.342
96800,0.328,0.327,0.345
96900,0.322,0.335,0.343
97000,0.309,0.329,0.362
97100,0.326,0.317,0.358
97200,0.323,0.324,0.353
97300,0.322,0.327,0.351
97400,0.332,0.322,0.346
97500,0.324,0.329,0.347
97600,0.344,0.326,0.330
97700,0.359,0.319,0.323
97800,0.346,0.321,0.333
97900,0.352,0.320,0.328
98000,0.334,0.328,0.338
98100,0.353,0.328,0.319
98200,0.358,0.326,0.317
98300,0.366,0.319,0.316
98400,0.366,0.323,0.312
98500,0.368,0.318,0.315
98600,0.361,0.319,0.321
98700,0.347,0.324,0.329
98800,0.352,0.322,0.326
98900,0.338,0.340,0.322
99000,0.336,0.337,0.327
99100,0.328,0.316,0.356
99200,0.319,0.318,0.364
99300,0.323,0.306,0.371
99400,0.322,0.309,0.369
99500,0.328,0.307,0.365
99600,0.332,0.304,0.364
99700,0.317,0.326,0.358
99800,0.323,0.307,0.370
99900,0.326,0.304,0.370
100000,0.331,0.304,0.365
