time,n_A+p,n_B,n_AB
500,0.080,0.748,0.172
1000,0.080,0.538,0.382
1500,0.080,0.440,0.481
2000,0.083,0.436,0.481
2500,0.082,0.413,0.505
3000,0.084,0.316,0.601
3500,0.094,0.307,0.599
4000,0.089,0.260,0.651
4500,0.111,0.265,0.625
5000,0.103,0.254,0.642
5500,0.111,0.235,0.654
6000,0.134,0.168,0.699
6500,0.251,0.072,0.677
7000,0.416,0.017,0.567
7500,0.658,0.004,0.338
8000,0.803,0.000,0.197
8500,0.861,0.000,0.139
9000,0.921,0.000,0.079
9500,0.950,0.000,0.050
10000,0.981,0.000,0.019
10500,0.991,0.000,0.009
11000,0.996,0.000,0.004
11500,1.000,0.000,0.000
12000,1.000,0.000,0.000
