time,n_A+p,n_B,n_AB
500,0.080,0.696,0.225
1000,0.080,0.398,0.522
1500,0.080,0.318,0.602
2000,0.080,0.278,0.643
2500,0.091,0.196,0.712
3000,0.107,0.134,0.758
3500,0.274,0.046,0.680
4000,0.572,0.006,0.422
4500,0.767,0.000,0.233
5000,0.856,0.000,0.144
5500,0.908,0.000,0.092
6000,0.933,0.000,0.067
6500,0.970,0.000,0.030
7000,0.994,0.000,0.006
7500,0.996,0.000,0.004
8000,0.999,0.000,0.001
8500,0.999,0.000,0.001
9000,1.000,0.000,0.000
