time,n_A+p,n_B,n_AB
500,0.050,0.931,0.019
1000,0.050,0.914,0.035
1500,0.050,0.898,0.052
2000,0.050,0.878,0.072
2500,0.050,0.849,0.101
3000,0.051,0.823,0.126
3500,0.051,0.796,0.152
4000,0.051,0.770,0.178
4500,0.052,0.755,0.193
5000,0.052,0.741,0.207
5500,0.052,0.712,0.236
6000,0.057,0.686,0.257
6500,0.056,0.663,0.281
7000,0.063,0.660,0.277
7500,0.060,0.655,0.284
8000,0.062,0.645,0.293
8500,0.065,0.628,0.307
9000,0.064,0.598,0.339
9500,0.067,0.591,0.343
10000,0.070,0.565,0.366
10500,0.076,0.559,0.365
11000,0.079,0.538,0.383
11500,0.075,0.527,0.397
12000,0.079,0.535,0.386
12500,0.080,0.546,0.374
13000,0.074,0.529,0.396
13500,0.078,0.524,0.398
14000,0.082,0.505,0.413
14500,0.086,0.509,0.405
15000,0.092,0.506,0.401
15500,0.088,0.503,0.409
16000,0.087,0.492,0.421
16500,0.095,0.481,0.424
17000,0.089,0.472,0.438
17500,0.090,0.447,0.462
18000,0.094,0.467,0.440
18500,0.103,0.468,0.429
19000,0.107,0.455,0.437
19500,0.120,0.444,0.436
20000,0.128,0.433,0.439
20500,0.133,0.424,0.443
21000,0.131,0.407,0.462
21500,0.134,0.379,0.488
22000,0.133,0.360,0.507
22500,0.139,0.352,0.509
23000,0.141,0.356,0.503
23500,0.141,0.355,0.504
24000,0.139,0.349,0.512
24500,0.146,0.352,0.501
25000,0.155,0.349,0.495
25500,0.161,0.324,0.516
26000,0.160,0.324,0.516
26500,0.152,0.323,0.525
27000,0.161,0.322,0.517
27500,0.173,0.322,0.505
28000,0.177,0.310,0.512
28500,0.169,0.306,0.526
29000,0.173,0.305,0.522
29500,0.179,0.302,0.518
30000,0.190,0.299,0.511
30500,0.177,0.300,0.522
31000,0.173,0.274,0.553
31500,0.174,0.282,0.543
32000,0.172,0.298,0.530
32500,0.188,0.288,0.524
33000,0.193,0.265,0.542
33500,0.206,0.259,0.534
34000,0.204,0.264,0.532
34500,0.201,0.275,0.524
35000,0.204,0.261,0.536
35500,0.213,0.262,0.526
36000,0.225,0.266,0.509
36500,0.217,0.248,0.534
37000,0.211,0.262,0.527
37500,0.211,0.262,0.526
38000,0.222,0.261,0.517
38500,0.228,0.255,0.517
39000,0.226,0.248,0.526
39500,0.228,0.246,0.526
40000,0.228,0.248,0.524
40500,0.228,0.248,0.524
41000,0.225,0.246,0.529
41500,0.240,0.237,0.523
42000,0.245,0.234,0.520
42500,0.243,0.226,0.530
43000,0.250,0.223,0.527
43500,0.253,0.210,0.536
44000,0.266,0.204,0.529
44500,0.266,0.185,0.549
45000,0.280,0.179,0.540
45500,0.279,0.152,0.569
46000,0.297,0.143,0.559
46500,0.298,0.139,0.563
47000,0.322,0.139,0.539
47500,0.331,0.136,0.533
48000,0.343,0.125,0.532
48500,0.346,0.130,0.523
49000,0.366,0.120,0.513
49500,0.409,0.118,0.472
50000,0.408,0.118,0.474
50500,0.413,0.103,0.484
51000,0.426,0.100,0.474
51500,0.431,0.093,0.476
52000,0.440,0.089,0.471
52500,0.441,0.072,0.487
53000,0.456,0.059,0.485
53500,0.481,0.053,0.466
54000,0.503,0.044,0.453
54500,0.533,0.042,0.425
55000,0.563,0.042,0.396
55500,0.561,0.037,0.401
56000,0.569,0.035,0.397
56500,0.572,0.038,0.390
57000,0.590,0.033,0.378
57500,0.585,0.026,0.389
58000,0.608,0.024,0.368
58500,0.602,0.029,0.369
59000,0.631,0.019,0.350
59500,0.647,0.015,0.337
60000,0.670,0.015,0.315
60500,0.671,0.017,0.312
61000,0.676,0.013,0.310
61500,0.679,0.011,0.310
62000,0.681,0.011,0.307
62500,0.699,0.004,0.297
63000,0.696,0.006,0.298
63500,0.703,0.006,0.291
64000,0.698,0.007,0.295
64500,0.697,0.007,0.296
65000,0.710,0.009,0.281
65500,0.727,0.006,0.267
66000,0.725,0.004,0.271
66500,0.734,0.006,0.260
67000,0.739,0.008,0.253
67500,0.742,0.010,0.248
68000,0.740,0.009,0.251
68500,0.732,0.008,0.260
69000,0.736,0.007,0.257
69500,0.746,0.007,0.247
70000,0.753,0.004,0.242
70500,0.771,0.006,0.223
71000,0.790,0.004,0.206
71500,0.788,0.005,0.207
72000,0.790,0.002,0.208
72500,0.802,0.002,0.196
73000,0.808,0.002,0.190
73500,0.805,0.004,0.190
74000,0.820,0.003,0.177
74500,0.830,0.002,0.168
75000,0.839,0.001,0.161
75500,0.851,0.001,0.149
76000,0.853,0.001,0.147
76500,0.851,0.000,0.149
77000,0.844,0.001,0.155
77500,0.840,0.002,0.159
78000,0.843,0.002,0.156
78500,0.842,0.004,0.155
79000,0.845,0.004,0.151
79500,0.862,0.003,0.135
80000,0.871,0.002,0.127
80500,0.877,0.003,0.120
81000,0.875,0.002,0.123
81500,0.876,0.002,0.122
82000,0.882,0.001,0.117
82500,0.881,0.001,0.118
83000,0.879,0.001,0.120
83500,0.881,0.000,0.119
84000,0.894,0.000,0.106
84500,0.898,0.000,0.102
85000,0.900,0.000,0.100
85500,0.897,0.000,0.103
86000,0.909,0.002,0.089
86500,0.909,0.001,0.090
87000,0.916,0.001,0.083
87500,0.911,0.000,0.089
88000,0.913,0.000,0.087
88500,0.907,0.000,0.093
89000,0.911,0.000,0.089
89500,0.918,0.000,0.082
90000,0.922,0.000,0.078
90500,0.914,0.000,0.086
91000,0.908,0.000,0.092
91500,0.911,0.000,0.089
92000,0.911,0.000,0.089
92500,0.914,0.000,0.086
93000,0.917,0.000,0.083
93500,0.914,0.000,0.086
94000,0.924,0.000,0.076
94500,0.916,0.000,0.084
95000,0.918,0.000,0.082
95500,0.915,0.000,0.085
96000,0.919,0.000,0.081
96500,0.921,0.000,0.079
97000,0.918,0.000,0.082
97500,0.911,0.000,0.089
98000,0.926,0.000,0.074
98500,0.924,0.000,0.076
99000,0.911,0.000,0.089
99500,0.909,0.000,0.091
100000,0.906,0.000,0.094
100500,0.909,0.000,0.091
101000,0.906,0.000,0.094
101500,0.900,0.000,0.100
102000,0.900,0.000,0.100
102500,0.899,0.001,0.100
103000,0.897,0.001,0.102
103500,0.901,0.001,0.098
104000,0.904,0.000,0.096
104500,0.898,0.002,0.100
105000,0.903,0.001,0.096
105500,0.904,0.000,0.096
106000,0.894,0.000,0.106
106500,0.894,0.000,0.106
107000,0.899,0.001,0.100
107500,0.892,0.000,0.108
108000,0.891,0.000,0.109
108500,0.896,0.000,0.104
109000,0.909,0.000,0.091
109500,0.909,0.000,0.091
110000,0.899,0.000,0.101
110500,0.902,0.000,0.098
111000,0.909,0.001,0.090
111500,0.918,0.001,0.081
112000,0.922,0.000,0.078
112500,0.928,0.000,0.072
113000,0.927,0.000,0.073
113500,0.933,0.000,0.067
114000,0.940,0.000,0.060
114500,0.936,0.000,0.064
115000,0.933,0.000,0.067
115500,0.936,0.000,0.064
116000,0.931,0.000,0.069
116500,0.930,0.000,0.070
117000,0.933,0.000,0.067
117500,0.928,0.000,0.072
118000,0.932,0.000,0.068
118500,0.933,0.000,0.067
119000,0.936,0.000,0.064
119500,0.931,0.001,0.068
120000,0.931,0.000,0.069
120500,0.935,0.000,0.065
121000,0.938,0.000,0.062
121500,0.938,0.000,0.062
122000,0.936,0.000,0.064
122500,0.939,0.000,0.061
123000,0.939,0.000,0.061
123500,0.935,0.000,0.065
124000,0.935,0.002,0.063
124500,0.938,0.002,0.061
125000,0.936,0.000,0.064
125500,0.944,0.000,0.056
126000,0.938,0.000,0.062
126500,0.934,0.000,0.066
127000,0.934,0.000,0.066
127500,0.933,0.000,0.067
128000,0.930,0.000,0.070
128500,0.928,0.000,0.072
129000,0.936,0.000,0.064
129500,0.941,0.000,0.059
130000,0.942,0.000,0.058
130500,0.945,0.000,0.055
131000,0.949,0.000,0.051
131500,0.953,0.000,0.047
132000,0.946,0.000,0.054
132500,0.940,0.000,0.060
133000,0.940,0.000,0.060
133500,0.935,0.000,0.065
134000,0.938,0.000,0.062
134500,0.942,0.000,0.058
135000,0.941,0.000,0.059
135500,0.944,0.000,0.056
136000,0.943,0.000,0.057
136500,0.939,0.000,0.061
137000,0.947,0.000,0.053
137500,0.947,0.000,0.053
138000,0.940,0.000,0.060
138500,0.931,0.000,0.069
139000,0.942,0.000,0.058
139500,0.943,0.000,0.057
140000,0.941,0.000,0.059
140500,0.943,0.000,0.057
141000,0.947,0.000,0.053
141500,0.944,0.000,0.056
142000,0.944,0.000,0.056
142500,0.940,0.000,0.060
143000,0.941,0.000,0.059
143500,0.942,0.000,0.058
144000,0.935,0.000,0.065
144500,0.942,0.000,0.058
145000,0.943,0.000,0.057
145500,0.939,0.000,0.061
146000,0.942,0.000,0.058
146500,0.941,0.000,0.059
147000,0.944,0.000,0.056
147500,0.947,0.000,0.053
148000,0.961,0.000,0.039
148500,0.958,0.000,0.042
149000,0.956,0.000,0.044
149500,0.957,0.000,0.043
150000,0.957,0.000,0.043
150500,0.960,0.000,0.040
151000,0.962,0.000,0.038
151500,0.959,0.000,0.041
152000,0.960,0.000,0.040
152500,0.971,0.000,0.029
153000,0.971,0.000,0.029
153500,0.975,0.000,0.025
154000,0.978,0.000,0.022
154500,0.982,0.000,0.018
155000,0.987,0.000,0.013
155500,0.987,0.000,0.013
156000,0.985,0.000,0.015
156500,0.985,0.000,0.015
157000,0.982,0.000,0.018
157500,0.984,0.000,0.016
158000,0.984,0.000,0.016
158500,0.984,0.000,0.016
159000,0.983,0.000,0.017
159500,0.984,0.000,0.016
160000,0.984,0.000,0.016
160500,0.987,0.000,0.013
161000,0.987,0.000,0.013
161500,0.987,0.000,0.013
162000,0.984,0.000,0.016
162500,0.983,0.000,0.017
163000,0.985,0.000,0.015
163500,0.988,0.000,0.012
164000,0.988,0.000,0.012
164500,0.988,0.000,0.012
165000,0.986,0.000,0.014
165500,0.987,0.000,0.013
166000,0.986,0.000,0.014
166500,0.983,0.000,0.017
167000,0.984,0.000,0.016
167500,0.987,0.000,0.013
168000,0.990,0.000,0.010
168500,0.993,0.000,0.007
169000,0.992,0.000,0.008
169500,0.994,0.000,0.006
170000,0.996,0.000,0.004
170500,0.997,0.000,0.003
171000,0.997,0.000,0.003
171500,0.997,0.000,0.003
172000,0.996,0.000,0.004
172500,0.996,0.000,0.004
173000,0.997,0.000,0.003
173500,0.996,0.000,0.004
174000,0.998,0.000,0.002
174500,0.997,0.000,0.003
175000,0.996,0.000,0.004
175500,0.997,0.000,0.003
176000,0.998,0.000,0.002
176500,0.999,0.000,0.001
177000,0.999,0.000,0.001
177500,1.000,0.000,0.000
178000,1.000,0.000,0.000
