time,n_A+p,n_B,n_AB
500,0.050,0.913,0.037
1000,0.050,0.888,0.062
1500,0.050,0.874,0.076
2000,0.050,0.860,0.090
2500,0.052,0.845,0.103
3000,0.054,0.842,0.104
3500,0.055,0.838,0.107
4000,0.051,0.858,0.091
4500,0.050,0.872,0.078
5000,0.051,0.861,0.088
5500,0.050,0.874,0.076
6000,0.050,0.867,0.083
6500,0.050,0.863,0.087
7000,0.050,0.853,0.097
7500,0.050,0.853,0.097
8000,0.050,0.849,0.101
8500,0.051,0.850,0.099
9000,0.050,0.865,0.085
9500,0.053,0.866,0.081
10000,0.050,0.859,0.091
10500,0.051,0.834,0.115
11000,0.052,0.846,0.102
11500,0.055,0.837,0.108
12000,0.053,0.844,0.103
12500,0.057,0.817,0.126
13000,0.054,0.807,0.139
13500,0.054,0.846,0.100
14000,0.053,0.814,0.133
14500,0.050,0.796,0.154
15000,0.050,0.787,0.163
15500,0.052,0.803,0.145
16000,0.051,0.819,0.130
16500,0.050,0.834,0.116
17000,0.050,0.848,0.102
17500,0.050,0.841,0.109
18000,0.051,0.849,0.100
18500,0.050,0.841,0.109
19000,0.051,0.841,0.108
19500,0.052,0.844,0.104
20000,0.052,0.836,0.112
20500,0.051,0.829,0.120
21000,0.051,0.846,0.103
21500,0.050,0.860,0.090
22000,0.052,0.858,0.090
22500,0.053,0.880,0.067
23000,0.053,0.869,0.078
23500,0.052,0.852,0.096
24000,0.051,0.847,0.102
24500,0.050,0.853,0.097
25000,0.050,0.849,0.101
25500,0.050,0.827,0.123
26000,0.052,0.846,0.102
26500,0.051,0.853,0.096
27000,0.053,0.831,0.116
27500,0.052,0.811,0.137
28000,0.051,0.811,0.138
28500,0.051,0.823,0.126
29000,0.057,0.814,0.129
29500,0.057,0.835,0.108
30000,0.055,0.818,0.127
30500,0.053,0.839,0.108
31000,0.054,0.820,0.126
31500,0.053,0.838,0.109
32000,0.053,0.821,0.126
32500,0.054,0.839,0.107
33000,0.053,0.831,0.116
33500,0.052,0.827,0.121
34000,0.052,0.808,0.140
34500,0.055,0.832,0.113
35000,0.054,0.826,0.120
35500,0.051,0.842,0.107
36000,0.054,0.817,0.129
36500,0.052,0.811,0.137
37000,0.050,0.825,0.125
37500,0.055,0.823,0.122
38000,0.052,0.820,0.128
38500,0.053,0.817,0.130
39000,0.050,0.830,0.120
39500,0.052,0.820,0.128
40000,0.056,0.820,0.124
40500,0.050,0.841,0.109
41000,0.055,0.841,0.104
41500,0.055,0.844,0.101
42000,0.058,0.831,0.111
42500,0.054,0.833,0.113
43000,0.053,0.810,0.137
43500,0.052,0.829,0.119
44000,0.055,0.835,0.110
44500,0.054,0.815,0.131
45000,0.051,0.820,0.129
45500,0.053,0.817,0.130
46000,0.051,0.837,0.112
46500,0.051,0.846,0.103
47000,0.051,0.837,0.112
47500,0.054,0.840,0.106
48000,0.053,0.837,0.110
48500,0.051,0.841,0.108
49000,0.050,0.853,0.097
49500,0.050,0.848,0.102
50000,0.050,0.875,0.075
50500,0.050,0.842,0.108
51000,0.050,0.845,0.105
51500,0.051,0.859,0.090
52000,0.053,0.869,0.078
52500,0.051,0.857,0.092
53000,0.051,0.854,0.095
53500,0.051,0.860,0.089
54000,0.051,0.844,0.105
54500,0.053,0.809,0.138
55000,0.054,0.809,0.137
55500,0.053,0.801,0.146
56000,0.056,0.815,0.129
56500,0.054,0.811,0.135
57000,0.052,0.841,0.107
57500,0.052,0.836,0.112
58000,0.051,0.830,0.119
58500,0.055,0.813,0.132
59000,0.051,0.841,0.108
59500,0.053,0.858,0.089
60000,0.053,0.840,0.107
60500,0.051,0.856,0.093
61000,0.052,0.867,0.081
61500,0.051,0.875,0.074
62000,0.052,0.864,0.084
62500,0.051,0.835,0.114
63000,0.051,0.814,0.135
63500,0.053,0.820,0.127
64000,0.054,0.831,0.115
64500,0.050,0.836,0.114
65000,0.052,0.823,0.125
65500,0.056,0.854,0.090
66000,0.052,0.859,0.089
66500,0.051,0.832,0.117
67000,0.051,0.829,0.120
67500,0.051,0.838,0.111
68000,0.051,0.796,0.153
68500,0.051,0.832,0.117
69000,0.054,0.830,0.116
69500,0.052,0.837,0.111
70000,0.054,0.831,0.115
70500,0.054,0.852,0.094
71000,0.051,0.868,0.081
71500,0.051,0.860,0.089
72000,0.053,0.855,0.092
72500,0.052,0.843,0.105
73000,0.052,0.850,0.098
73500,0.051,0.847,0.102
74000,0.051,0.848,0.101
74500,0.051,0.862,0.087
75000,0.051,0.859,0.090
75500,0.050,0.842,0.108
76000,0.052,0.822,0.126
76500,0.051,0.809,0.140
77000,0.053,0.808,0.139
77500,0.054,0.819,0.127
78000,0.051,0.836,0.113
78500,0.051,0.828,0.121
79000,0.054,0.838,0.108
79500,0.052,0.837,0.111
80000,0.052,0.826,0.122
80500,0.050,0.842,0.108
81000,0.050,0.844,0.106
81500,0.054,0.817,0.129
82000,0.055,0.817,0.128
82500,0.058,0.826,0.116
83000,0.057,0.835,0.108
83500,0.053,0.843,0.104
84000,0.050,0.815,0.135
84500,0.050,0.815,0.135
85000,0.052,0.815,0.133
85500,0.054,0.813,0.133
86000,0.056,0.816,0.128
86500,0.055,0.828,0.117
87000,0.054,0.841,0.105
87500,0.053,0.830,0.117
88000,0.050,0.855,0.095
88500,0.053,0.852,0.095
89000,0.054,0.824,0.122
89500,0.052,0.833,0.115
90000,0.052,0.823,0.125
90500,0.050,0.838,0.112
91000,0.054,0.825,0.121
91500,0.054,0.811,0.135
92000,0.056,0.819,0.125
92500,0.054,0.828,0.118
93000,0.054,0.810,0.136
93500,0.056,0.816,0.128
94000,0.055,0.810,0.135
94500,0.054,0.817,0.129
95000,0.053,0.816,0.131
95500,0.051,0.818,0.131
96000,0.054,0.829,0.117
96500,0.051,0.869,0.080
97000,0.050,0.849,0.101
97500,0.052,0.865,0.083
98000,0.051,0.862,0.087
98500,0.051,0.867,0.082
99000,0.050,0.877,0.073
99500,0.050,0.885,0.065
100000,0.051,0.859,0.090
100500,0.051,0.837,0.112
101000,0.052,0.844,0.104
101500,0.054,0.853,0.093
102000,0.052,0.848,0.100
102500,0.052,0.837,0.111
103000,0.053,0.843,0.104
103500,0.050,0.836,0.114
104000,0.051,0.836,0.113
104500,0.051,0.852,0.097
105000,0.051,0.849,0.100
105500,0.050,0.873,0.077
106000,0.050,0.862,0.088
106500,0.050,0.858,0.092
107000,0.051,0.869,0.080
107500,0.051,0.855,0.094
108000,0.051,0.853,0.096
108500,0.053,0.851,0.096
109000,0.053,0.854,0.093
109500,0.053,0.822,0.125
110000,0.052,0.852,0.096
110500,0.052,0.858,0.090
111000,0.051,0.865,0.084
111500,0.050,0.867,0.083
112000,0.050,0.880,0.070
112500,0.050,0.868,0.082
113000,0.050,0.858,0.092
113500,0.052,0.861,0.087
114000,0.051,0.874,0.075
114500,0.050,0.861,0.089
115000,0.054,0.852,0.094
115500,0.054,0.835,0.111
116000,0.050,0.837,0.113
116500,0.052,0.866,0.082
117000,0.052,0.869,0.079
117500,0.051,0.860,0.089
118000,0.052,0.851,0.097
118500,0.051,0.850,0.099
119000,0.053,0.840,0.107
119500,0.052,0.836,0.112
120000,0.055,0.853,0.092
120500,0.051,0.868,0.081
121000,0.051,0.844,0.105
121500,0.050,0.839,0.111
122000,0.050,0.827,0.123
122500,0.050,0.860,0.090
123000,0.050,0.872,0.078
123500,0.050,0.868,0.082
124000,0.050,0.861,0.089
124500,0.052,0.843,0.105
125000,0.057,0.829,0.114
125500,0.057,0.803,0.140
126000,0.056,0.827,0.117
126500,0.058,0.832,0.110
127000,0.055,0.837,0.108
127500,0.053,0.846,0.101
128000,0.055,0.837,0.108
128500,0.051,0.837,0.112
129000,0.052,0.867,0.081
129500,0.050,0.854,0.096
130000,0.050,0.864,0.086
130500,0.050,0.865,0.085
131000,0.050,0.888,0.062
131500,0.051,0.890,0.059
132000,0.051,0.875,0.074
132500,0.050,0.873,0.077
133000,0.051,0.856,0.093
133500,0.051,0.849,0.100
134000,0.051,0.843,0.106
134500,0.052,0.857,0.091
135000,0.052,0.858,0.090
135500,0.050,0.857,0.093
136000,0.051,0.844,0.105
136500,0.053,0.869,0.078
137000,0.050,0.873,0.077
137500,0.050,0.859,0.091
138000,0.050,0.865,0.085
138500,0.050,0.872,0.078
139000,0.050,0.874,0.076
139500,0.052,0.842,0.106
140000,0.051,0.853,0.096
140500,0.050,0.869,0.081
141000,0.051,0.868,0.081
141500,0.052,0.861,0.087
142000,0.050,0.872,0.078
142500,0.051,0.861,0.088
143000,0.050,0.853,0.097
143500,0.050,0.854,0.096
144000,0.052,0.839,0.109
144500,0.050,0.841,0.109
145000,0.055,0.821,0.124
145500,0.053,0.829,0.118
146000,0.052,0.826,0.122
146500,0.051,0.818,0.131
147000,0.055,0.814,0.131
147500,0.054,0.818,0.128
148000,0.055,0.807,0.138
148500,0.051,0.830,0.119
149000,0.050,0.847,0.103
149500,0.053,0.835,0.112
150000,0.051,0.853,0.096
150500,0.050,0.850,0.100
151000,0.050,0.854,0.096
151500,0.050,0.834,0.116
152000,0.053,0.816,0.131
152500,0.051,0.845,0.104
153000,0.054,0.840,0.106
153500,0.052,0.859,0.089
154000,0.050,0.849,0.101
154500,0.054,0.832,0.114
155000,0.052,0.835,0.113
155500,0.051,0.832,0.117
156000,0.051,0.830,0.119
156500,0.052,0.847,0.101
157000,0.051,0.841,0.108
157500,0.050,0.855,0.095
158000,0.050,0.840,0.110
158500,0.053,0.829,0.118
159000,0.053,0.839,0.108
159500,0.052,0.826,0.122
160000,0.051,0.831,0.118
160500,0.051,0.851,0.098
161000,0.050,0.859,0.091
161500,0.050,0.852,0.098
162000,0.050,0.856,0.094
162500,0.051,0.836,0.113
163000,0.050,0.829,0.121
163500,0.055,0.823,0.122
164000,0.056,0.830,0.114
164500,0.053,0.823,0.124
165000,0.056,0.823,0.121
165500,0.053,0.833,0.114
166000,0.054,0.832,0.114
166500,0.052,0.850,0.098
167000,0.052,0.822,0.126
167500,0.054,0.796,0.150
168000,0.053,0.816,0.131
168500,0.055,0.810,0.135
169000,0.053,0.816,0.131
169500,0.052,0.841,0.107
170000,0.052,0.841,0.107
170500,0.054,0.845,0.101
171000,0.054,0.853,0.093
171500,0.055,0.853,0.092
172000,0.057,0.837,0.106
172500,0.062,0.840,0.098
173000,0.059,0.812,0.129
173500,0.051,0.816,0.133
174000,0.051,0.807,0.142
174500,0.053,0.810,0.137
175000,0.053,0.820,0.127
175500,0.055,0.830,0.115
176000,0.053,0.823,0.124
176500,0.053,0.815,0.132
177000,0.054,0.822,0.124
177500,0.053,0.825,0.122
178000,0.058,0.827,0.115
178500,0.056,0.812,0.132
179000,0.053,0.793,0.154
179500,0.053,0.815,0.132
180000,0.056,0.802,0.142
180500,0.055,0.800,0.145
181000,0.056,0.818,0.126
181500,0.055,0.826,0.119
182000,0.054,0.832,0.114
182500,0.050,0.838,0.112
183000,0.052,0.846,0.102
183500,0.050,0.841,0.109
184000,0.050,0.848,0.102
184500,0.050,0.866,0.084
185000,0.052,0.846,0.102
185500,0.051,0.844,0.105
186000,0.053,0.865,0.082
186500,0.054,0.844,0.102
187000,0.058,0.843,0.099
187500,0.055,0.842,0.103
188000,0.052,0.859,0.089
188500,0.051,0.874,0.075
189000,0.051,0.854,0.095
189500,0.052,0.861,0.087
190000,0.051,0.860,0.089
190500,0.050,0.843,0.107
191000,0.051,0.839,0.110
191500,0.051,0.843,0.106
192000,0.054,0.867,0.079
192500,0.050,0.868,0.082
193000,0.052,0.841,0.107
193500,0.051,0.840,0.109
194000,0.054,0.823,0.123
194500,0.052,0.831,0.117
195000,0.053,0.852,0.095
195500,0.055,0.837,0.108
196000,0.052,0.845,0.103
196500,0.050,0.853,0.097
197000,0.050,0.858,0.092
197500,0.050,0.864,0.086
198000,0.051,0.844,0.105
198500,0.051,0.840,0.109
199000,0.054,0.849,0.097
199500,0.055,0.846,0.099
200000,0.055,0.814,0.131
200500,0.052,0.851,0.097
201000,0.051,0.841,0.108
201500,0.052,0.834,0.114
202000,0.051,0.811,0.138
202500,0.056,0.830,0.114
203000,0.052,0.831,0.117
203500,0.057,0.830,0.113
204000,0.052,0.838,0.110
204500,0.050,0.850,0.100
205000,0.050,0.856,0.094
205500,0.052,0.860,0.088
206000,0.050,0.867,0.083
206500,0.051,0.843,0.106
207000,0.051,0.865,0.084
207500,0.050,0.867,0.083
208000,0.052,0.874,0.074
208500,0.052,0.872,0.076
209000,0.053,0.871,0.076
209500,0.053,0.865,0.082
210000,0.055,0.846,0.099
210500,0.052,0.854,0.094
211000,0.051,0.879,0.070
211500,0.050,0.865,0.085
212000,0.050,0.854,0.096
212500,0.051,0.857,0.092
213000,0.050,0.863,0.087
213500,0.050,0.845,0.105
214000,0.052,0.844,0.104
214500,0.052,0.855,0.093
215000,0.051,0.857,0.092
215500,0.054,0.856,0.090
216000,0.054,0.831,0.115
216500,0.053,0.855,0.092
217000,0.054,0.866,0.080
217500,0.054,0.852,0.094
218000,0.051,0.863,0.086
218500,0.051,0.865,0.084
219000,0.051,0.846,0.103
219500,0.051,0.853,0.096
220000,0.050,0.854,0.096
220500,0.051,0.845,0.104
221000,0.052,0.873,0.075
221500,0.053,0.854,0.093
222000,0.053,0.848,0.099
222500,0.055,0.826,0.119
223000,0.053,0.833,0.114
223500,0.053,0.811,0.136
224000,0.053,0.835,0.112
224500,0.051,0.830,0.119
225000,0.054,0.817,0.129
225500,0.051,0.817,0.132
226000,0.050,0.816,0.134
226500,0.053,0.839,0.108
227000,0.053,0.850,0.097
227500,0.057,0.850,0.093
228000,0.057,0.824,0.119
228500,0.054,0.833,0.113
229000,0.053,0.857,0.090
229500,0.051,0.861,0.088
230000,0.051,0.852,0.097
230500,0.051,0.846,0.103
231000,0.053,0.830,0.117
231500,0.052,0.810,0.138
232000,0.050,0.795,0.155
232500,0.051,0.813,0.136
233000,0.050,0.841,0.109
233500,0.056,0.826,0.118
234000,0.052,0.832,0.116
234500,0.051,0.847,0.102
235000,0.053,0.817,0.130
235500,0.052,0.836,0.112
236000,0.052,0.843,0.105
236500,0.052,0.825,0.123
237000,0.050,0.815,0.135
237500,0.050,0.824,0.126
238000,0.057,0.821,0.122
238500,0.057,0.817,0.126
239000,0.052,0.822,0.126
239500,0.051,0.826,0.123
240000,0.051,0.806,0.143
240500,0.052,0.823,0.125
241000,0.056,0.836,0.108
241500,0.054,0.839,0.107
242000,0.050,0.843,0.107
242500,0.050,0.839,0.111
243000,0.051,0.860,0.089
243500,0.055,0.846,0.099
244000,0.053,0.839,0.108
244500,0.051,0.855,0.094
245000,0.053,0.861,0.086
245500,0.050,0.837,0.113
246000,0.050,0.843,0.107
246500,0.050,0.842,0.108
247000,0.055,0.838,0.107
247500,0.054,0.853,0.093
248000,0.052,0.825,0.123
248500,0.051,0.846,0.103
249000,0.051,0.833,0.116
249500,0.051,0.843,0.106
250000,0.054,0.832,0.114
250500,0.052,0.831,0.117
251000,0.052,0.833,0.115
251500,0.054,0.842,0.104
252000,0.053,0.848,0.099
252500,0.054,0.845,0.101
253000,0.051,0.846,0.103
253500,0.052,0.833,0.115
254000,0.051,0.855,0.094
254500,0.051,0.851,0.098
255000,0.051,0.855,0.094
255500,0.053,0.850,0.097
256000,0.050,0.840,0.110
256500,0.050,0.861,0.089
257000,0.050,0.825,0.125
257500,0.050,0.826,0.124
258000,0.057,0.825,0.118
258500,0.056,0.821,0.123
259000,0.056,0.825,0.119
259500,0.054,0.833,0.113
260000,0.053,0.841,0.106
260500,0.053,0.850,0.097
261000,0.053,0.848,0.099
261500,0.051,0.851,0.098
262000,0.052,0.835,0.113
262500,0.050,0.831,0.119
263000,0.052,0.854,0.094
263500,0.053,0.835,0.112
264000,0.053,0.839,0.108
264500,0.052,0.823,0.125
265000,0.051,0.835,0.114
265500,0.051,0.854,0.095
266000,0.050,0.860,0.090
266500,0.050,0.883,0.067
267000,0.052,0.861,0.087
267500,0.051,0.854,0.095
268000,0.051,0.863,0.086
268500,0.053,0.848,0.099
269000,0.052,0.838,0.110
269500,0.051,0.844,0.105
270000,0.050,0.831,0.119
270500,0.051,0.844,0.105
271000,0.055,0.830,0.115
271500,0.054,0.819,0.127
272000,0.052,0.813,0.135
272500,0.051,0.798,0.151
273000,0.052,0.827,0.121
273500,0.052,0.817,0.131
274000,0.052,0.824,0.124
274500,0.054,0.813,0.133
275000,0.053,0.839,0.108
275500,0.054,0.833,0.113
276000,0.053,0.813,0.134
276500,0.059,0.789,0.152
277000,0.055,0.821,0.124
277500,0.056,0.820,0.124
278000,0.061,0.807,0.132
278500,0.053,0.824,0.123
279000,0.052,0.819,0.129
279500,0.052,0.813,0.135
280000,0.053,0.841,0.106
280500,0.052,0.834,0.114
281000,0.052,0.822,0.126
281500,0.056,0.799,0.145
282000,0.051,0.799,0.150
282500,0.056,0.821,0.123
283000,0.052,0.825,0.123
283500,0.058,0.812,0.130
284000,0.054,0.830,0.116
284500,0.053,0.836,0.111
285000,0.052,0.825,0.123
285500,0.051,0.836,0.113
286000,0.053,0.826,0.121
286500,0.053,0.821,0.126
287000,0.052,0.813,0.135
287500,0.054,0.824,0.122
288000,0.052,0.847,0.101
288500,0.052,0.854,0.094
289000,0.050,0.836,0.114
289500,0.051,0.857,0.092
290000,0.053,0.851,0.096
290500,0.054,0.864,0.082
291000,0.054,0.840,0.106
291500,0.050,0.849,0.101
292000,0.053,0.843,0.104
292500,0.053,0.860,0.087
293000,0.051,0.847,0.102
293500,0.051,0.868,0.081
294000,0.051,0.849,0.100
294500,0.054,0.818,0.128
295000,0.052,0.821,0.127
295500,0.052,0.823,0.125
296000,0.054,0.812,0.134
296500,0.052,0.799,0.149
297000,0.050,0.817,0.133
297500,0.050,0.841,0.109
298000,0.053,0.833,0.114
298500,0.050,0.844,0.106
299000,0.053,0.819,0.128
299500,0.054,0.826,0.120
300000,0.055,0.833,0.112
300500,0.050,0.849,0.101
301000,0.050,0.843,0.107
301500,0.051,0.854,0.095
302000,0.051,0.828,0.121
302500,0.052,0.843,0.105
303000,0.050,0.864,0.086
303500,0.050,0.837,0.113
304000,0.053,0.830,0.117
304500,0.055,0.815,0.130
305000,0.053,0.826,0.121
305500,0.051,0.825,0.124
306000,0.050,0.854,0.096
306500,0.052,0.852,0.096
307000,0.054,0.839,0.107
307500,0.054,0.824,0.122
308000,0.050,0.842,0.108
308500,0.051,0.828,0.121
309000,0.050,0.856,0.094
309500,0.050,0.832,0.118
310000,0.055,0.840,0.105
310500,0.056,0.834,0.110
311000,0.052,0.840,0.108
311500,0.051,0.850,0.099
312000,0.053,0.838,0.109
312500,0.053,0.803,0.144
313000,0.056,0.794,0.150
313500,0.061,0.792,0.147
314000,0.057,0.826,0.117
314500,0.052,0.841,0.107
315000,0.053,0.837,0.110
315500,0.055,0.812,0.133
316000,0.052,0.821,0.127
316500,0.056,0.814,0.130
317000,0.051,0.809,0.140
317500,0.054,0.838,0.108
318000,0.053,0.829,0.118
318500,0.053,0.831,0.116
319000,0.057,0.819,0.124
319500,0.055,0.816,0.129
320000,0.054,0.839,0.107
320500,0.051,0.839,0.110
321000,0.052,0.844,0.104
321500,0.057,0.839,0.104
322000,0.053,0.835,0.112
322500,0.053,0.853,0.094
323000,0.053,0.845,0.102
323500,0.050,0.848,0.102
324000,0.050,0.858,0.092
324500,0.050,0.850,0.100
325000,0.050,0.828,0.122
325500,0.050,0.822,0.128
326000,0.053,0.831,0.116
326500,0.052,0.837,0.111
327000,0.052,0.821,0.127
327500,0.050,0.843,0.107
328000,0.050,0.850,0.100
328500,0.050,0.854,0.096
329000,0.055,0.852,0.093
329500,0.054,0.859,0.087
330000,0.052,0.848,0.100
330500,0.053,0.843,0.104
331000,0.050,0.844,0.106
331500,0.050,0.839,0.111
332000,0.056,0.826,0.118
332500,0.056,0.827,0.117
333000,0.053,0.832,0.115
333500,0.053,0.844,0.103
334000,0.052,0.841,0.107
334500,0.055,0.832,0.113
335000,0.054,0.826,0.120
335500,0.052,0.824,0.124
336000,0.051,0.831,0.118
336500,0.050,0.829,0.121
337000,0.055,0.800,0.145
337500,0.057,0.791,0.152
338000,0.057,0.821,0.122
338500,0.056,0.813,0.131
339000,0.058,0.809,0.133
339500,0.056,0.799,0.145
340000,0.052,0.824,0.124
340500,0.054,0.825,0.121
341000,0.056,0.822,0.122
341500,0.054,0.799,0.147
342000,0.055,0.801,0.144
342500,0.050,0.832,0.118
343000,0.053,0.822,0.125
343500,0.051,0.825,0.124
344000,0.051,0.825,0.124
344500,0.053,0.810,0.137
345000,0.051,0.820,0.129
345500,0.053,0.813,0.134
346000,0.058,0.831,0.111
346500,0.051,0.845,0.104
347000,0.052,0.847,0.101
347500,0.053,0.851,0.096
348000,0.052,0.837,0.111
348500,0.051,0.850,0.099
349000,0.051,0.840,0.109
349500,0.050,0.851,0.099
350000,0.052,0.864,0.084
350500,0.051,0.845,0.104
351000,0.051,0.852,0.097
351500,0.052,0.855,0.093
352000,0.051,0.844,0.105
352500,0.050,0.872,0.078
353000,0.050,0.864,0.086
353500,0.050,0.857,0.093
354000,0.050,0.845,0.105
354500,0.050,0.838,0.112
355000,0.050,0.850,0.100
355500,0.055,0.833,0.112
356000,0.052,0.842,0.106
356500,0.051,0.841,0.108
357000,0.050,0.830,0.120
357500,0.053,0.813,0.134
358000,0.052,0.819,0.129
358500,0.050,0.817,0.133
359000,0.051,0.801,0.148
359500,0.051,0.817,0.132
360000,0.052,0.817,0.131
360500,0.053,0.809,0.138
361000,0.058,0.819,0.123
361500,0.055,0.808,0.137
362000,0.054,0.812,0.134
362500,0.052,0.812,0.136
363000,0.051,0.826,0.123
363500,0.054,0.826,0.120
364000,0.051,0.843,0.106
364500,0.050,0.843,0.107
365000,0.050,0.832,0.118
365500,0.053,0.834,0.113
366000,0.051,0.832,0.117
366500,0.051,0.842,0.107
367000,0.051,0.844,0.105
367500,0.052,0.823,0.125
368000,0.052,0.820,0.128
368500,0.052,0.815,0.133
369000,0.054,0.854,0.092
369500,0.054,0.854,0.092
370000,0.052,0.838,0.110
370500,0.056,0.841,0.103
371000,0.053,0.856,0.091
371500,0.052,0.863,0.085
372000,0.052,0.859,0.089
372500,0.052,0.849,0.099
373000,0.053,0.848,0.099
373500,0.051,0.850,0.099
374000,0.050,0.868,0.082
374500,0.050,0.859,0.091
375000,0.051,0.849,0.100
375500,0.055,0.850,0.095
376000,0.052,0.820,0.128
376500,0.051,0.853,0.096
377000,0.052,0.856,0.092
377500,0.051,0.840,0.109
378000,0.052,0.838,0.110
378500,0.051,0.844,0.105
379000,0.051,0.863,0.086
379500,0.053,0.848,0.099
380000,0.051,0.829,0.120
380500,0.054,0.812,0.134
381000,0.051,0.838,0.111
381500,0.052,0.846,0.102
382000,0.052,0.853,0.095
382500,0.050,0.840,0.110
383000,0.050,0.839,0.111
383500,0.052,0.831,0.117
384000,0.052,0.843,0.105
384500,0.055,0.832,0.113
385000,0.051,0.801,0.148
385500,0.057,0.813,0.130
386000,0.056,0.822,0.122
386500,0.053,0.818,0.129
387000,0.054,0.821,0.125
387500,0.056,0.816,0.128
388000,0.060,0.800,0.140
388500,0.064,0.805,0.131
389000,0.070,0.804,0.126
389500,0.060,0.813,0.127
390000,0.053,0.816,0.131
390500,0.051,0.811,0.138
391000,0.053,0.826,0.121
391500,0.057,0.820,0.123
392000,0.055,0.830,0.115
392500,0.052,0.836,0.112
393000,0.050,0.853,0.097
393500,0.051,0.855,0.094
394000,0.050,0.845,0.105
394500,0.051,0.862,0.087
395000,0.051,0.870,0.079
395500,0.051,0.869,0.080
396000,0.051,0.863,0.086
396500,0.051,0.841,0.108
397000,0.053,0.836,0.111
397500,0.051,0.828,0.121
398000,0.051,0.849,0.100
398500,0.052,0.857,0.091
399000,0.052,0.846,0.102
399500,0.051,0.849,0.100
400000,0.050,0.816,0.134
400500,0.053,0.816,0.131
401000,0.053,0.800,0.147
401500,0.052,0.829,0.119
402000,0.050,0.817,0.133
402500,0.055,0.814,0.131
403000,0.052,0.832,0.116
403500,0.051,0.840,0.109
404000,0.052,0.856,0.092
404500,0.052,0.839,0.109
405000,0.054,0.837,0.109
405500,0.053,0.838,0.109
406000,0.053,0.853,0.094
406500,0.054,0.851,0.095
407000,0.052,0.840,0.108
407500,0.050,0.855,0.095
408000,0.050,0.832,0.118
408500,0.050,0.847,0.103
409000,0.050,0.837,0.113
409500,0.050,0.828,0.122
410000,0.050,0.838,0.112
410500,0.053,0.830,0.117
411000,0.054,0.852,0.094
411500,0.053,0.837,0.110
412000,0.051,0.863,0.086
412500,0.051,0.860,0.089
413000,0.050,0.873,0.077
413500,0.050,0.852,0.098
414000,0.050,0.835,0.115
414500,0.050,0.847,0.103
415000,0.052,0.875,0.073
415500,0.053,0.868,0.079
416000,0.050,0.835,0.115
416500,0.050,0.824,0.126
417000,0.050,0.823,0.127
417500,0.050,0.828,0.122
418000,0.051,0.844,0.105
418500,0.050,0.853,0.097
419000,0.051,0.824,0.125
419500,0.054,0.856,0.090
420000,0.056,0.841,0.103
420500,0.052,0.847,0.101
421000,0.052,0.863,0.085
421500,0.054,0.860,0.086
422000,0.054,0.857,0.089
422500,0.053,0.860,0.087
423000,0.055,0.861,0.084
423500,0.053,0.865,0.082
424000,0.052,0.877,0.071
424500,0.051,0.853,0.096
425000,0.053,0.847,0.100
425500,0.051,0.851,0.098
426000,0.052,0.857,0.091
426500,0.051,0.853,0.096
427000,0.051,0.856,0.093
427500,0.052,0.843,0.105
428000,0.056,0.823,0.121
428500,0.054,0.798,0.148
429000,0.055,0.833,0.112
429500,0.053,0.836,0.111
430000,0.055,0.831,0.114
430500,0.055,0.828,0.117
431000,0.057,0.840,0.103
431500,0.056,0.826,0.118
432000,0.057,0.820,0.123
432500,0.059,0.817,0.124
433000,0.057,0.839,0.104
433500,0.054,0.854,0.092
434000,0.052,0.843,0.105
434500,0.056,0.840,0.104
435000,0.058,0.829,0.113
435500,0.051,0.818,0.131
436000,0.051,0.834,0.115
436500,0.051,0.844,0.105
437000,0.053,0.840,0.107
437500,0.051,0.830,0.119
438000,0.050,0.842,0.108
438500,0.050,0.829,0.121
439000,0.054,0.826,0.120
439500,0.054,0.834,0.112
440000,0.056,0.834,0.110
440500,0.058,0.821,0.121
441000,0.058,0.798,0.144
441500,0.060,0.812,0.128
442000,0.052,0.811,0.137
442500,0.057,0.811,0.132
443000,0.057,0.821,0.122
443500,0.055,0.826,0.119
444000,0.051,0.838,0.111
444500,0.050,0.832,0.118
445000,0.050,0.856,0.094
445500,0.050,0.865,0.085
446000,0.051,0.848,0.101
446500,0.052,0.844,0.104
447000,0.054,0.830,0.116
447500,0.052,0.845,0.103
448000,0.052,0.845,0.103
448500,0.051,0.837,0.112
449000,0.050,0.841,0.109
449500,0.053,0.853,0.094
450000,0.051,0.861,0.088
450500,0.052,0.868,0.080
451000,0.051,0.868,0.081
451500,0.050,0.881,0.069
452000,0.050,0.876,0.074
452500,0.050,0.868,0.082
453000,0.052,0.844,0.104
453500,0.054,0.848,0.098
454000,0.054,0.832,0.114
454500,0.053,0.837,0.110
455000,0.054,0.853,0.093
455500,0.053,0.859,0.088
456000,0.053,0.875,0.072
456500,0.055,0.852,0.093
457000,0.054,0.870,0.076
457500,0.052,0.874,0.074
458000,0.051,0.858,0.091
458500,0.051,0.876,0.073
459000,0.051,0.867,0.082
459500,0.051,0.869,0.080
460000,0.050,0.884,0.066
460500,0.051,0.860,0.089
461000,0.051,0.846,0.103
461500,0.054,0.857,0.089
462000,0.053,0.826,0.121
462500,0.055,0.849,0.096
463000,0.052,0.844,0.104
463500,0.051,0.838,0.111
464000,0.050,0.843,0.107
464500,0.052,0.831,0.117
465000,0.052,0.848,0.100
465500,0.052,0.855,0.093
466000,0.050,0.835,0.115
466500,0.051,0.866,0.083
467000,0.052,0.849,0.099
467500,0.051,0.836,0.113
468000,0.052,0.833,0.115
468500,0.051,0.848,0.101
469000,0.050,0.858,0.092
469500,0.050,0.847,0.103
470000,0.054,0.839,0.107
470500,0.053,0.854,0.093
471000,0.053,0.845,0.102
471500,0.052,0.863,0.085
472000,0.054,0.867,0.079
472500,0.053,0.861,0.086
473000,0.051,0.848,0.101
473500,0.050,0.856,0.094
474000,0.050,0.858,0.092
474500,0.050,0.875,0.075
475000,0.050,0.870,0.080
475500,0.050,0.857,0.093
476000,0.050,0.828,0.122
476500,0.051,0.839,0.110
477000,0.050,0.840,0.110
477500,0.050,0.838,0.112
478000,0.050,0.854,0.096
478500,0.050,0.850,0.100
479000,0.050,0.857,0.093
479500,0.052,0.835,0.113
480000,0.051,0.843,0.106
480500,0.050,0.819,0.131
481000,0.052,0.834,0.114
481500,0.050,0.831,0.119
482000,0.054,0.811,0.135
482500,0.055,0.788,0.157
483000,0.052,0.808,0.140
483500,0.052,0.815,0.133
484000,0.055,0.808,0.137
484500,0.056,0.816,0.128
485000,0.055,0.847,0.098
485500,0.053,0.822,0.125
486000,0.055,0.815,0.130
486500,0.058,0.810,0.132
487000,0.053,0.842,0.105
487500,0.051,0.855,0.094
488000,0.051,0.856,0.093
488500,0.052,0.882,0.066
489000,0.051,0.873,0.076
489500,0.050,0.878,0.072
490000,0.050,0.840,0.110
490500,0.051,0.844,0.105
491000,0.052,0.810,0.138
491500,0.052,0.791,0.157
492000,0.060,0.811,0.129
492500,0.060,0.822,0.118
493000,0.052,0.850,0.098
493500,0.050,0.826,0.124
494000,0.050,0.835,0.115
494500,0.052,0.849,0.099
495000,0.051,0.868,0.081
495500,0.052,0.857,0.091
496000,0.050,0.844,0.106
496500,0.051,0.822,0.127
497000,0.054,0.824,0.122
497500,0.054,0.817,0.129
498000,0.055,0.835,0.110
498500,0.054,0.827,0.119
499000,0.051,0.833,0.116
499500,0.051,0.825,0.124
500000,0.055,0.816,0.129
500500,0.053,0.846,0.101
501000,0.055,0.819,0.126
501500,0.052,0.817,0.131
502000,0.052,0.834,0.114
502500,0.054,0.844,0.102
503000,0.054,0.857,0.089
503500,0.053,0.867,0.080
504000,0.053,0.857,0.090
504500,0.052,0.868,0.080
505000,0.054,0.855,0.091
505500,0.053,0.843,0.104
506000,0.052,0.833,0.115
506500,0.051,0.840,0.109
507000,0.051,0.834,0.115
507500,0.053,0.834,0.113
508000,0.051,0.823,0.126
508500,0.051,0.804,0.145
509000,0.053,0.830,0.117
509500,0.051,0.835,0.114
510000,0.051,0.855,0.094
510500,0.052,0.854,0.094
511000,0.052,0.842,0.106
511500,0.053,0.851,0.096
512000,0.052,0.817,0.131
512500,0.052,0.834,0.114
513000,0.052,0.816,0.132
513500,0.054,0.811,0.135
514000,0.056,0.830,0.114
514500,0.052,0.849,0.099
515000,0.052,0.843,0.105
515500,0.053,0.829,0.118
516000,0.056,0.843,0.101
516500,0.051,0.851,0.098
517000,0.051,0.839,0.110
517500,0.050,0.832,0.118
518000,0.050,0.824,0.126
518500,0.050,0.837,0.113
519000,0.050,0.834,0.116
519500,0.051,0.845,0.104
520000,0.051,0.858,0.091
520500,0.050,0.844,0.106
521000,0.050,0.847,0.103
521500,0.050,0.853,0.097
522000,0.050,0.852,0.098
522500,0.058,0.834,0.108
523000,0.054,0.828,0.118
523500,0.055,0.812,0.133
524000,0.056,0.816,0.128
524500,0.055,0.825,0.120
525000,0.053,0.821,0.126
525500,0.056,0.810,0.134
526000,0.054,0.817,0.129
526500,0.055,0.812,0.133
527000,0.057,0.825,0.118
527500,0.051,0.843,0.106
528000,0.050,0.835,0.115
528500,0.051,0.858,0.091
529000,0.051,0.854,0.095
529500,0.050,0.845,0.105
530000,0.051,0.861,0.088
530500,0.053,0.868,0.079
531000,0.052,0.855,0.093
531500,0.051,0.840,0.109
532000,0.051,0.870,0.079
532500,0.051,0.851,0.098
533000,0.050,0.839,0.111
533500,0.053,0.830,0.117
534000,0.052,0.830,0.118
534500,0.053,0.823,0.124
535000,0.057,0.823,0.120
535500,0.054,0.807,0.139
536000,0.053,0.826,0.121
536500,0.054,0.852,0.094
537000,0.053,0.856,0.091
537500,0.052,0.853,0.095
538000,0.053,0.835,0.112
538500,0.053,0.832,0.115
539000,0.054,0.843,0.103
539500,0.056,0.824,0.120
540000,0.052,0.837,0.111
540500,0.054,0.828,0.118
541000,0.058,0.844,0.098
541500,0.053,0.846,0.101
542000,0.050,0.853,0.097
542500,0.050,0.838,0.112
543000,0.051,0.839,0.110
543500,0.050,0.840,0.110
544000,0.050,0.837,0.113
544500,0.054,0.869,0.077
545000,0.050,0.863,0.087
545500,0.054,0.867,0.079
546000,0.052,0.858,0.090
546500,0.052,0.856,0.092
547000,0.054,0.856,0.090
547500,0.052,0.837,0.111
548000,0.056,0.856,0.088
548500,0.057,0.868,0.075
549000,0.053,0.835,0.112
549500,0.054,0.835,0.111
550000,0.054,0.874,0.072
550500,0.053,0.857,0.090
551000,0.055,0.841,0.104
551500,0.052,0.829,0.119
552000,0.053,0.815,0.132
552500,0.050,0.819,0.131
553000,0.052,0.845,0.103
553500,0.050,0.824,0.126
554000,0.053,0.843,0.104
554500,0.053,0.866,0.081
555000,0.054,0.855,0.091
555500,0.051,0.860,0.089
556000,0.050,0.848,0.102
556500,0.050,0.854,0.096
557000,0.050,0.861,0.089
557500,0.051,0.843,0.106
558000,0.050,0.852,0.098
558500,0.050,0.841,0.109
559000,0.050,0.799,0.151
559500,0.055,0.792,0.153
560000,0.055,0.799,0.146
560500,0.053,0.804,0.143
561000,0.057,0.824,0.119
561500,0.055,0.828,0.117
562000,0.052,0.801,0.147
562500,0.054,0.805,0.141
563000,0.054,0.793,0.153
563500,0.053,0.809,0.138
564000,0.054,0.818,0.128
564500,0.055,0.798,0.147
565000,0.053,0.803,0.144
565500,0.052,0.836,0.112
566000,0.054,0.803,0.143
566500,0.056,0.815,0.129
567000,0.055,0.791,0.154
567500,0.050,0.820,0.130
568000,0.050,0.848,0.102
568500,0.050,0.832,0.118
569000,0.050,0.837,0.113
569500,0.050,0.849,0.101
570000,0.050,0.839,0.111
570500,0.051,0.848,0.101
571000,0.052,0.838,0.110
571500,0.052,0.841,0.107
572000,0.052,0.844,0.104
572500,0.052,0.861,0.087
573000,0.052,0.870,0.078
573500,0.052,0.836,0.112
574000,0.050,0.859,0.091
574500,0.053,0.836,0.111
575000,0.055,0.818,0.127
575500,0.055,0.857,0.088
576000,0.053,0.868,0.079
576500,0.052,0.867,0.081
577000,0.051,0.847,0.102
577500,0.054,0.826,0.120
578000,0.050,0.844,0.106
578500,0.051,0.847,0.102
579000,0.056,0.833,0.111
579500,0.054,0.817,0.129
580000,0.054,0.826,0.120
580500,0.052,0.845,0.103
581000,0.050,0.852,0.098
581500,0.054,0.843,0.103
582000,0.056,0.842,0.102
582500,0.054,0.838,0.108
583000,0.052,0.811,0.137
583500,0.052,0.837,0.111
584000,0.052,0.843,0.105
584500,0.050,0.815,0.135
585000,0.054,0.815,0.131
585500,0.052,0.791,0.157
586000,0.057,0.797,0.146
586500,0.054,0.811,0.135
587000,0.054,0.832,0.114
587500,0.052,0.817,0.131
588000,0.053,0.834,0.113
588500,0.052,0.818,0.130
589000,0.053,0.837,0.110
589500,0.053,0.829,0.118
590000,0.051,0.842,0.107
590500,0.053,0.837,0.110
591000,0.053,0.843,0.104
591500,0.054,0.830,0.116
592000,0.051,0.820,0.129
592500,0.053,0.845,0.102
593000,0.052,0.846,0.102
593500,0.050,0.856,0.094
594000,0.052,0.827,0.121
594500,0.053,0.840,0.107
595000,0.055,0.840,0.105
595500,0.054,0.823,0.123
596000,0.052,0.845,0.103
596500,0.050,0.845,0.105
597000,0.051,0.862,0.087
597500,0.050,0.869,0.081
598000,0.050,0.862,0.088
598500,0.050,0.843,0.107
599000,0.050,0.824,0.126
599500,0.055,0.818,0.127
600000,0.056,0.816,0.128
600500,0.053,0.806,0.141
601000,0.053,0.814,0.133
601500,0.056,0.826,0.118
602000,0.055,0.810,0.135
602500,0.058,0.821,0.121
603000,0.055,0.849,0.096
603500,0.052,0.847,0.101
604000,0.053,0.845,0.102
604500,0.051,0.836,0.113
605000,0.053,0.832,0.115
605500,0.053,0.810,0.137
606000,0.051,0.805,0.144
606500,0.057,0.827,0.116
607000,0.054,0.830,0.116
607500,0.052,0.830,0.118
608000,0.054,0.830,0.116
608500,0.059,0.827,0.114
609000,0.057,0.837,0.106
609500,0.054,0.822,0.124
610000,0.053,0.825,0.122
610500,0.052,0.811,0.137
611000,0.050,0.808,0.142
611500,0.050,0.837,0.113
612000,0.051,0.851,0.098
612500,0.052,0.848,0.100
613000,0.055,0.834,0.111
613500,0.055,0.826,0.119
614000,0.056,0.812,0.132
614500,0.058,0.821,0.121
615000,0.055,0.854,0.091
615500,0.052,0.820,0.128
616000,0.056,0.845,0.099
616500,0.052,0.844,0.104
617000,0.050,0.865,0.085
617500,0.050,0.849,0.101
618000,0.051,0.853,0.096
618500,0.050,0.845,0.105
619000,0.050,0.843,0.107
619500,0.050,0.846,0.104
620000,0.050,0.849,0.101
620500,0.053,0.849,0.098
621000,0.052,0.847,0.101
621500,0.050,0.854,0.096
622000,0.051,0.855,0.094
622500,0.050,0.858,0.092
623000,0.053,0.866,0.081
623500,0.054,0.865,0.081
624000,0.051,0.862,0.087
624500,0.051,0.867,0.082
625000,0.051,0.861,0.088
625500,0.052,0.834,0.114
626000,0.053,0.831,0.116
626500,0.051,0.824,0.125
627000,0.051,0.821,0.128
627500,0.055,0.836,0.109
628000,0.052,0.849,0.099
628500,0.053,0.854,0.093
629000,0.051,0.865,0.084
629500,0.050,0.854,0.096
630000,0.050,0.811,0.139
630500,0.050,0.825,0.125
631000,0.054,0.793,0.153
631500,0.051,0.822,0.127
632000,0.054,0.845,0.101
632500,0.053,0.864,0.083
633000,0.051,0.844,0.105
633500,0.052,0.858,0.090
634000,0.052,0.860,0.088
634500,0.051,0.847,0.102
635000,0.052,0.854,0.094
635500,0.053,0.834,0.113
636000,0.050,0.853,0.097
636500,0.050,0.864,0.086
637000,0.050,0.876,0.074
637500,0.050,0.896,0.054
638000,0.051,0.895,0.054
638500,0.053,0.891,0.056
639000,0.051,0.852,0.097
639500,0.050,0.869,0.081
640000,0.050,0.852,0.098
640500,0.053,0.877,0.070
641000,0.052,0.856,0.092
641500,0.052,0.857,0.091
642000,0.053,0.848,0.099
642500,0.052,0.853,0.095
643000,0.051,0.876,0.073
643500,0.051,0.862,0.087
644000,0.050,0.865,0.085
644500,0.050,0.872,0.078
645000,0.050,0.862,0.088
645500,0.054,0.843,0.103
646000,0.051,0.838,0.111
646500,0.053,0.822,0.125
647000,0.050,0.855,0.095
647500,0.053,0.864,0.083
648000,0.051,0.861,0.088
648500,0.052,0.838,0.110
649000,0.053,0.834,0.113
649500,0.053,0.834,0.113
650000,0.051,0.852,0.097
650500,0.050,0.838,0.112
651000,0.052,0.832,0.116
651500,0.051,0.825,0.124
652000,0.052,0.846,0.102
652500,0.052,0.825,0.123
653000,0.052,0.807,0.141
653500,0.051,0.819,0.130
654000,0.053,0.803,0.144
654500,0.053,0.827,0.120
655000,0.053,0.828,0.119
655500,0.053,0.837,0.110
656000,0.055,0.837,0.108
656500,0.055,0.845,0.100
657000,0.057,0.847,0.096
657500,0.053,0.801,0.146
658000,0.053,0.795,0.152
658500,0.055,0.836,0.109
659000,0.051,0.833,0.116
659500,0.055,0.815,0.130
660000,0.057,0.822,0.121
660500,0.054,0.840,0.106
661000,0.051,0.823,0.126
661500,0.050,0.833,0.117
662000,0.050,0.823,0.127
662500,0.052,0.837,0.111
663000,0.051,0.819,0.130
663500,0.052,0.831,0.117
664000,0.051,0.814,0.135
664500,0.051,0.818,0.131
665000,0.052,0.804,0.144
665500,0.054,0.842,0.104
666000,0.052,0.829,0.119
666500,0.055,0.807,0.138
667000,0.053,0.837,0.110
667500,0.051,0.845,0.104
668000,0.051,0.840,0.109
668500,0.050,0.824,0.126
669000,0.053,0.804,0.143
669500,0.054,0.785,0.161
670000,0.055,0.807,0.138
670500,0.056,0.816,0.128
671000,0.054,0.848,0.098
671500,0.052,0.869,0.079
672000,0.050,0.859,0.091
672500,0.052,0.872,0.076
673000,0.051,0.866,0.083
673500,0.050,0.868,0.082
674000,0.052,0.849,0.099
674500,0.054,0.835,0.111
675000,0.054,0.812,0.134
675500,0.052,0.820,0.128
676000,0.050,0.836,0.114
676500,0.052,0.837,0.111
677000,0.050,0.848,0.102
677500,0.050,0.825,0.125
678000,0.053,0.814,0.133
678500,0.052,0.805,0.143
679000,0.055,0.798,0.147
679500,0.056,0.790,0.154
680000,0.052,0.823,0.125
680500,0.052,0.834,0.114
681000,0.051,0.860,0.089
681500,0.050,0.847,0.103
682000,0.050,0.838,0.112
682500,0.058,0.861,0.081
683000,0.054,0.852,0.094
683500,0.053,0.850,0.097
684000,0.050,0.846,0.104
684500,0.050,0.829,0.121
685000,0.055,0.822,0.123
685500,0.053,0.837,0.110
686000,0.055,0.835,0.110
686500,0.054,0.857,0.089
687000,0.052,0.871,0.077
687500,0.051,0.860,0.089
688000,0.054,0.852,0.094
688500,0.053,0.845,0.102
689000,0.058,0.860,0.082
689500,0.052,0.848,0.100
690000,0.052,0.819,0.129
690500,0.053,0.824,0.123
691000,0.056,0.828,0.116
691500,0.053,0.811,0.136
692000,0.055,0.840,0.105
692500,0.052,0.819,0.129
693000,0.051,0.819,0.130
693500,0.053,0.833,0.114
694000,0.052,0.815,0.133
694500,0.050,0.825,0.125
695000,0.050,0.831,0.119
695500,0.050,0.836,0.114
696000,0.055,0.820,0.125
696500,0.054,0.840,0.106
697000,0.055,0.837,0.108
697500,0.053,0.826,0.121
698000,0.051,0.832,0.117
698500,0.052,0.836,0.112
699000,0.050,0.857,0.093
699500,0.050,0.845,0.105
700000,0.051,0.845,0.104
700500,0.052,0.858,0.090
701000,0.055,0.871,0.074
701500,0.053,0.854,0.093
702000,0.050,0.860,0.090
702500,0.051,0.863,0.086
703000,0.050,0.858,0.092
703500,0.050,0.875,0.075
704000,0.051,0.857,0.092
704500,0.050,0.848,0.102
705000,0.050,0.839,0.111
705500,0.050,0.857,0.093
706000,0.050,0.841,0.109
706500,0.054,0.858,0.088
707000,0.054,0.850,0.096
707500,0.056,0.847,0.097
708000,0.053,0.850,0.097
708500,0.052,0.815,0.133
709000,0.055,0.813,0.132
709500,0.052,0.812,0.136
710000,0.055,0.790,0.155
710500,0.056,0.803,0.141
711000,0.057,0.809,0.134
711500,0.055,0.826,0.119
712000,0.052,0.866,0.082
712500,0.052,0.859,0.089
713000,0.052,0.849,0.099
713500,0.052,0.863,0.085
714000,0.051,0.857,0.092
714500,0.055,0.819,0.126
715000,0.056,0.831,0.113
715500,0.051,0.834,0.115
716000,0.052,0.848,0.100
716500,0.055,0.841,0.104
717000,0.054,0.846,0.100
717500,0.054,0.819,0.127
718000,0.054,0.841,0.105
718500,0.056,0.845,0.099
719000,0.056,0.829,0.115
719500,0.057,0.782,0.161
720000,0.058,0.803,0.139
720500,0.056,0.794,0.150
721000,0.054,0.803,0.143
721500,0.050,0.811,0.139
722000,0.052,0.831,0.117
722500,0.054,0.797,0.149
723000,0.052,0.816,0.132
723500,0.051,0.833,0.116
724000,0.051,0.854,0.095
724500,0.051,0.830,0.119
725000,0.052,0.824,0.124
725500,0.052,0.816,0.132
726000,0.055,0.807,0.138
726500,0.053,0.791,0.156
727000,0.051,0.790,0.159
727500,0.055,0.808,0.137
728000,0.056,0.844,0.100
728500,0.050,0.848,0.102
729000,0.052,0.836,0.112
729500,0.051,0.848,0.101
730000,0.052,0.829,0.119
730500,0.053,0.842,0.105
731000,0.052,0.833,0.115
731500,0.054,0.809,0.137
732000,0.053,0.810,0.137
732500,0.051,0.831,0.118
733000,0.053,0.828,0.119
733500,0.058,0.825,0.117
734000,0.057,0.817,0.126
734500,0.052,0.826,0.122
735000,0.051,0.831,0.118
735500,0.053,0.822,0.125
736000,0.051,0.829,0.120
736500,0.053,0.852,0.095
737000,0.051,0.868,0.081
737500,0.051,0.835,0.114
738000,0.051,0.833,0.116
738500,0.052,0.834,0.114
739000,0.055,0.834,0.111
739500,0.053,0.825,0.122
740000,0.054,0.832,0.114
740500,0.052,0.842,0.106
741000,0.050,0.840,0.110
741500,0.050,0.851,0.099
742000,0.050,0.876,0.074
742500,0.050,0.872,0.078
743000,0.050,0.853,0.097
743500,0.052,0.841,0.107
744000,0.053,0.856,0.091
744500,0.052,0.860,0.088
745000,0.050,0.815,0.135
745500,0.053,0.811,0.136
746000,0.055,0.829,0.116
746500,0.053,0.821,0.126
747000,0.052,0.835,0.113
747500,0.050,0.833,0.117
748000,0.050,0.840,0.110
748500,0.054,0.858,0.088
749000,0.051,0.831,0.118
749500,0.050,0.820,0.130
750000,0.050,0.829,0.121
750500,0.052,0.822,0.126
751000,0.053,0.836,0.111
751500,0.052,0.833,0.115
752000,0.052,0.841,0.107
752500,0.051,0.861,0.088
753000,0.051,0.854,0.095
753500,0.050,0.850,0.100
754000,0.050,0.849,0.101
754500,0.051,0.835,0.114
755000,0.053,0.838,0.109
755500,0.054,0.844,0.102
756000,0.053,0.850,0.097
756500,0.052,0.852,0.096
757000,0.052,0.842,0.106
757500,0.050,0.847,0.103
758000,0.052,0.841,0.107
758500,0.052,0.805,0.143
759000,0.059,0.787,0.154
759500,0.056,0.815,0.129
760000,0.054,0.829,0.117
760500,0.053,0.828,0.119
761000,0.052,0.843,0.105
761500,0.053,0.841,0.106
762000,0.055,0.847,0.098
762500,0.054,0.813,0.133
763000,0.053,0.825,0.122
763500,0.055,0.831,0.114
764000,0.052,0.832,0.116
764500,0.054,0.858,0.088
765000,0.054,0.850,0.096
765500,0.054,0.841,0.105
766000,0.051,0.839,0.110
766500,0.051,0.836,0.113
767000,0.050,0.851,0.099
767500,0.051,0.848,0.101
768000,0.050,0.861,0.089
768500,0.050,0.871,0.079
769000,0.050,0.873,0.077
769500,0.050,0.884,0.066
770000,0.051,0.837,0.112
770500,0.052,0.853,0.095
771000,0.054,0.860,0.086
771500,0.051,0.860,0.089
772000,0.052,0.844,0.104
772500,0.050,0.832,0.118
773000,0.050,0.844,0.106
773500,0.050,0.817,0.133
774000,0.051,0.803,0.146
774500,0.056,0.805,0.139
775000,0.051,0.832,0.117
775500,0.054,0.822,0.124
776000,0.061,0.794,0.145
776500,0.057,0.789,0.154
777000,0.057,0.787,0.156
777500,0.053,0.779,0.168
778000,0.053,0.783,0.164
778500,0.055,0.799,0.146
779000,0.055,0.812,0.133
779500,0.055,0.823,0.122
780000,0.057,0.798,0.145
780500,0.054,0.803,0.143
781000,0.051,0.856,0.093
781500,0.050,0.863,0.087
782000,0.051,0.870,0.079
782500,0.050,0.869,0.081
783000,0.051,0.831,0.118
783500,0.051,0.817,0.132
784000,0.051,0.832,0.117
784500,0.050,0.831,0.119
785000,0.050,0.845,0.105
785500,0.053,0.847,0.100
786000,0.054,0.825,0.121
786500,0.056,0.827,0.117
787000,0.054,0.841,0.105
787500,0.051,0.855,0.094
788000,0.053,0.858,0.089
788500,0.050,0.841,0.109
789000,0.050,0.855,0.095
789500,0.053,0.849,0.098
790000,0.052,0.853,0.095
790500,0.050,0.826,0.124
791000,0.054,0.850,0.096
791500,0.055,0.874,0.071
792000,0.052,0.868,0.080
792500,0.050,0.862,0.088
793000,0.050,0.861,0.089
793500,0.050,0.865,0.085
794000,0.051,0.870,0.079
794500,0.056,0.851,0.093
795000,0.059,0.845,0.096
795500,0.052,0.842,0.106
796000,0.054,0.850,0.096
796500,0.053,0.831,0.116
797000,0.053,0.837,0.110
797500,0.050,0.845,0.105
798000,0.050,0.839,0.111
798500,0.050,0.862,0.088
799000,0.050,0.862,0.088
799500,0.050,0.874,0.076
800000,0.050,0.846,0.104
800500,0.051,0.835,0.114
801000,0.053,0.851,0.096
801500,0.053,0.848,0.099
802000,0.050,0.848,0.102
802500,0.050,0.871,0.079
803000,0.050,0.861,0.089
803500,0.050,0.815,0.135
804000,0.052,0.843,0.105
804500,0.051,0.855,0.094
805000,0.050,0.850,0.100
805500,0.051,0.852,0.097
806000,0.051,0.854,0.095
806500,0.051,0.838,0.111
807000,0.050,0.851,0.099
807500,0.054,0.865,0.081
808000,0.050,0.862,0.088
808500,0.054,0.863,0.083
809000,0.051,0.854,0.095
809500,0.054,0.830,0.116
810000,0.058,0.825,0.117
810500,0.054,0.817,0.129
811000,0.053,0.843,0.104
811500,0.051,0.843,0.106
812000,0.054,0.856,0.090
812500,0.054,0.852,0.094
813000,0.050,0.849,0.101
813500,0.053,0.850,0.097
814000,0.051,0.855,0.094
814500,0.052,0.848,0.100
815000,0.052,0.827,0.121
815500,0.053,0.830,0.117
816000,0.053,0.854,0.093
816500,0.051,0.857,0.092
817000,0.051,0.847,0.102
817500,0.051,0.854,0.095
818000,0.051,0.842,0.107
818500,0.059,0.841,0.100
819000,0.053,0.829,0.118
819500,0.053,0.833,0.114
820000,0.051,0.844,0.105
820500,0.052,0.841,0.107
821000,0.053,0.832,0.115
821500,0.053,0.806,0.141
822000,0.054,0.820,0.126
822500,0.053,0.828,0.119
823000,0.054,0.821,0.125
823500,0.056,0.821,0.123
824000,0.056,0.850,0.094
824500,0.055,0.841,0.104
825000,0.056,0.844,0.100
825500,0.051,0.842,0.107
826000,0.052,0.841,0.107
826500,0.052,0.850,0.098
827000,0.051,0.864,0.085
827500,0.050,0.864,0.086
828000,0.053,0.858,0.089
828500,0.051,0.863,0.086
829000,0.050,0.857,0.093
829500,0.050,0.838,0.112
830000,0.053,0.822,0.125
830500,0.056,0.828,0.116
831000,0.053,0.821,0.126
831500,0.051,0.847,0.102
832000,0.050,0.871,0.079
832500,0.050,0.858,0.092
833000,0.051,0.856,0.093
833500,0.051,0.837,0.112
834000,0.051,0.850,0.099
834500,0.050,0.863,0.087
835000,0.050,0.872,0.078
835500,0.050,0.870,0.080
836000,0.050,0.870,0.080
836500,0.052,0.863,0.085
837000,0.055,0.830,0.115
837500,0.055,0.825,0.120
838000,0.051,0.819,0.130
838500,0.054,0.841,0.105
839000,0.052,0.835,0.113
839500,0.052,0.816,0.132
840000,0.051,0.832,0.117
840500,0.050,0.854,0.096
841000,0.050,0.870,0.080
841500,0.050,0.864,0.086
842000,0.050,0.846,0.104
842500,0.052,0.827,0.121
843000,0.051,0.808,0.141
843500,0.050,0.837,0.113
844000,0.052,0.843,0.105
844500,0.050,0.844,0.106
845000,0.051,0.848,0.101
845500,0.052,0.835,0.113
846000,0.052,0.851,0.097
846500,0.052,0.868,0.080
847000,0.052,0.833,0.115
847500,0.051,0.825,0.124
848000,0.051,0.836,0.113
848500,0.050,0.838,0.112
849000,0.052,0.829,0.119
849500,0.050,0.835,0.115
850000,0.050,0.840,0.110
850500,0.053,0.837,0.110
851000,0.055,0.821,0.124
851500,0.054,0.819,0.127
852000,0.054,0.804,0.142
852500,0.054,0.793,0.153
853000,0.056,0.789,0.155
853500,0.052,0.812,0.136
854000,0.053,0.804,0.143
854500,0.056,0.789,0.155
855000,0.054,0.825,0.121
855500,0.052,0.850,0.098
856000,0.051,0.882,0.067
856500,0.052,0.876,0.072
857000,0.053,0.866,0.081
857500,0.050,0.871,0.079
858000,0.051,0.842,0.107
858500,0.053,0.840,0.107
859000,0.052,0.837,0.111
859500,0.054,0.838,0.108
860000,0.055,0.821,0.124
860500,0.052,0.843,0.105
861000,0.054,0.838,0.108
861500,0.054,0.845,0.101
862000,0.055,0.813,0.132
862500,0.054,0.828,0.118
863000,0.053,0.837,0.110
863500,0.052,0.856,0.092
864000,0.051,0.847,0.102
864500,0.055,0.847,0.098
865000,0.052,0.854,0.094
865500,0.051,0.848,0.101
866000,0.051,0.838,0.111
866500,0.050,0.828,0.122
867000,0.051,0.846,0.103
867500,0.050,0.850,0.100
868000,0.050,0.848,0.102
868500,0.052,0.840,0.108
869000,0.052,0.834,0.114
869500,0.053,0.823,0.124
870000,0.053,0.848,0.099
870500,0.056,0.849,0.095
871000,0.053,0.850,0.097
871500,0.052,0.856,0.092
872000,0.052,0.858,0.090
872500,0.054,0.829,0.117
873000,0.053,0.827,0.120
873500,0.050,0.859,0.091
874000,0.052,0.857,0.091
874500,0.050,0.835,0.115
875000,0.050,0.821,0.129
875500,0.050,0.810,0.140
876000,0.054,0.817,0.129
876500,0.052,0.826,0.122
877000,0.052,0.813,0.135
877500,0.054,0.814,0.132
878000,0.056,0.815,0.129
878500,0.059,0.828,0.113
879000,0.056,0.816,0.128
879500,0.053,0.826,0.121
880000,0.053,0.824,0.123
880500,0.051,0.823,0.126
881000,0.056,0.831,0.113
881500,0.058,0.828,0.114
882000,0.056,0.825,0.119
882500,0.052,0.852,0.096
883000,0.052,0.844,0.104
883500,0.052,0.842,0.106
884000,0.053,0.842,0.105
884500,0.053,0.836,0.111
885000,0.056,0.825,0.119
885500,0.051,0.836,0.113
886000,0.050,0.829,0.121
886500,0.052,0.839,0.109
887000,0.050,0.823,0.127
887500,0.051,0.857,0.092
888000,0.050,0.860,0.090
888500,0.050,0.877,0.073
889000,0.050,0.893,0.057
889500,0.050,0.892,0.058
890000,0.050,0.875,0.075
890500,0.050,0.870,0.080
891000,0.050,0.872,0.078
891500,0.050,0.864,0.086
892000,0.052,0.850,0.098
892500,0.052,0.839,0.109
893000,0.052,0.819,0.129
893500,0.050,0.834,0.116
894000,0.050,0.844,0.106
894500,0.050,0.819,0.131
895000,0.052,0.834,0.114
895500,0.054,0.849,0.097
896000,0.056,0.840,0.104
896500,0.052,0.823,0.125
897000,0.051,0.829,0.120
897500,0.053,0.838,0.109
898000,0.054,0.829,0.117
898500,0.053,0.837,0.110
899000,0.051,0.834,0.115
899500,0.055,0.824,0.121
900000,0.052,0.846,0.102
900500,0.051,0.856,0.093
901000,0.055,0.844,0.101
901500,0.053,0.840,0.107
902000,0.053,0.829,0.118
902500,0.055,0.822,0.123
903000,0.056,0.801,0.143
903500,0.052,0.827,0.121
904000,0.057,0.835,0.108
904500,0.056,0.819,0.125
905000,0.054,0.835,0.111
905500,0.052,0.815,0.133
906000,0.052,0.831,0.117
906500,0.054,0.827,0.119
907000,0.051,0.840,0.109
907500,0.052,0.838,0.110
908000,0.052,0.847,0.101
908500,0.054,0.837,0.109
909000,0.061,0.821,0.118
909500,0.059,0.783,0.158
910000,0.055,0.820,0.125
910500,0.054,0.842,0.104
911000,0.052,0.847,0.101
911500,0.053,0.838,0.109
912000,0.051,0.832,0.117
912500,0.050,0.831,0.119
913000,0.055,0.829,0.116
913500,0.050,0.837,0.113
914000,0.052,0.843,0.105
914500,0.052,0.829,0.119
915000,0.052,0.829,0.119
915500,0.051,0.837,0.112
916000,0.057,0.841,0.102
916500,0.055,0.838,0.107
917000,0.053,0.835,0.112
917500,0.052,0.838,0.110
918000,0.050,0.825,0.125
918500,0.050,0.849,0.101
919000,0.051,0.839,0.110
919500,0.051,0.867,0.082
920000,0.050,0.849,0.101
920500,0.050,0.846,0.104
921000,0.053,0.859,0.088
921500,0.051,0.852,0.097
922000,0.054,0.875,0.071
922500,0.052,0.853,0.095
923000,0.052,0.840,0.108
923500,0.053,0.852,0.095
924000,0.051,0.839,0.110
924500,0.050,0.836,0.114
925000,0.050,0.826,0.124
925500,0.052,0.829,0.119
926000,0.053,0.831,0.116
926500,0.052,0.816,0.132
927000,0.055,0.816,0.129
927500,0.055,0.834,0.111
928000,0.052,0.830,0.118
928500,0.054,0.853,0.093
929000,0.055,0.848,0.097
929500,0.053,0.852,0.095
930000,0.052,0.848,0.100
930500,0.051,0.855,0.094
931000,0.051,0.855,0.094
931500,0.050,0.855,0.095
932000,0.050,0.859,0.091
932500,0.050,0.840,0.110
933000,0.053,0.837,0.110
933500,0.053,0.842,0.105
934000,0.051,0.843,0.106
934500,0.052,0.819,0.129
935000,0.051,0.832,0.117
935500,0.051,0.835,0.114
936000,0.053,0.838,0.109
936500,0.054,0.840,0.106
937000,0.055,0.853,0.092
937500,0.052,0.845,0.103
938000,0.054,0.855,0.091
938500,0.052,0.834,0.114
939000,0.053,0.836,0.111
939500,0.056,0.824,0.120
940000,0.056,0.810,0.134
940500,0.054,0.810,0.136
941000,0.051,0.826,0.123
941500,0.053,0.821,0.126
942000,0.050,0.820,0.130
942500,0.051,0.836,0.113
943000,0.056,0.854,0.090
943500,0.052,0.839,0.109
944000,0.056,0.820,0.124
944500,0.055,0.814,0.131
945000,0.054,0.836,0.110
945500,0.051,0.821,0.128
946000,0.050,0.842,0.108
946500,0.050,0.830,0.120
947000,0.057,0.845,0.098
947500,0.053,0.849,0.098
948000,0.052,0.859,0.089
948500,0.051,0.856,0.093
949000,0.051,0.820,0.129
949500,0.054,0.832,0.114
950000,0.060,0.797,0.143
950500,0.057,0.786,0.157
951000,0.059,0.787,0.154
951500,0.054,0.804,0.142
952000,0.053,0.823,0.124
952500,0.053,0.831,0.116
953000,0.051,0.826,0.123
953500,0.051,0.850,0.099
954000,0.051,0.857,0.092
954500,0.050,0.853,0.097
955000,0.052,0.825,0.123
955500,0.051,0.840,0.109
956000,0.051,0.860,0.089
956500,0.051,0.831,0.118
957000,0.054,0.821,0.125
957500,0.052,0.811,0.137
958000,0.051,0.812,0.137
958500,0.050,0.808,0.142
959000,0.052,0.815,0.133
959500,0.053,0.824,0.123
960000,0.054,0.828,0.118
960500,0.054,0.828,0.118
961000,0.053,0.826,0.121
961500,0.055,0.813,0.132
962000,0.053,0.816,0.131
962500,0.053,0.811,0.136
963000,0.054,0.796,0.150
963500,0.051,0.811,0.138
964000,0.052,0.840,0.108
964500,0.055,0.814,0.131
965000,0.058,0.804,0.138
965500,0.060,0.806,0.134
966000,0.057,0.800,0.143
966500,0.059,0.796,0.145
967000,0.055,0.823,0.122
967500,0.054,0.824,0.122
968000,0.053,0.825,0.122
968500,0.052,0.835,0.113
969000,0.051,0.854,0.095
969500,0.051,0.867,0.082
970000,0.053,0.843,0.104
970500,0.050,0.850,0.100
971000,0.052,0.837,0.111
971500,0.050,0.837,0.113
972000,0.051,0.841,0.108
972500,0.050,0.839,0.111
973000,0.052,0.830,0.118
973500,0.055,0.847,0.098
974000,0.052,0.838,0.110
974500,0.055,0.820,0.125
975000,0.053,0.809,0.138
975500,0.054,0.815,0.131
976000,0.057,0.819,0.124
976500,0.056,0.813,0.131
977000,0.052,0.810,0.138
977500,0.053,0.802,0.145
978000,0.056,0.799,0.145
978500,0.053,0.811,0.136
979000,0.059,0.818,0.123
979500,0.054,0.817,0.129
980000,0.054,0.836,0.110
980500,0.052,0.840,0.108
981000,0.053,0.841,0.106
981500,0.052,0.850,0.098
982000,0.051,0.851,0.098
982500,0.052,0.864,0.084
983000,0.052,0.866,0.082
983500,0.052,0.857,0.091
984000,0.054,0.838,0.108
984500,0.051,0.841,0.108
985000,0.051,0.876,0.073
985500,0.052,0.851,0.097
986000,0.051,0.844,0.105
986500,0.051,0.850,0.099
987000,0.052,0.829,0.119
987500,0.056,0.824,0.120
988000,0.053,0.824,0.123
988500,0.054,0.820,0.126
989000,0.055,0.812,0.133
989500,0.051,0.793,0.156
990000,0.052,0.811,0.137
990500,0.053,0.814,0.133
991000,0.057,0.825,0.118
991500,0.055,0.812,0.133
992000,0.054,0.853,0.093
992500,0.052,0.856,0.092
993000,0.051,0.826,0.123
993500,0.051,0.842,0.107
994000,0.052,0.829,0.119
994500,0.051,0.835,0.114
995000,0.052,0.839,0.109
995500,0.052,0.816,0.132
996000,0.057,0.802,0.141
996500,0.056,0.774,0.170
997000,0.050,0.825,0.125
997500,0.052,0.828,0.120
998000,0.050,0.824,0.126
998500,0.053,0.832,0.115
999000,0.050,0.819,0.131
999500,0.051,0.846,0.103
1000000,0.051,0.844,0.105
