time,n_A+p,n_B,n_AB
100,0.030,0.965,0.005
200,0.030,0.959,0.011
300,0.031,0.960,0.009
400,0.030,0.961,0.009
500,0.030,0.960,0.010
600,0.030,0.955,0.015
700,0.031,0.950,0.019
800,0.032,0.944,0.025
900,0.032,0.943,0.026
1000,0.033,0.935,0.033
1100,0.033,0.936,0.032
1200,0.033,0.942,0.026
1300,0.033,0.944,0.023
1400,0.033,0.938,0.030
1500,0.035,0.933,0.033
1600,0.037,0.937,0.027
1700,0.037,0.937,0.027
1800,0.037,0.942,0.021
1900,0.038,0.939,0.023
2000,0.041,0.939,0.020
2100,0.040,0.937,0.023
2200,0.039,0.934,0.028
2300,0.037,0.932,0.032
2400,0.039,0.928,0.033
2500,0.038,0.927,0.035
2600,0.035,0.927,0.038
2700,0.035,0.926,0.039
2800,0.034,0.925,0.041
2900,0.033,0.925,0.042
3000,0.037,0.923,0.040
3100,0.033,0.923,0.044
3200,0.032,0.916,0.052
3300,0.034,0.923,0.043
3400,0.032,0.927,0.041
3500,0.032,0.918,0.050
3600,0.033,0.910,0.057
3700,0.034,0.916,0.050
3800,0.033,0.921,0.046
3900,0.034,0.914,0.052
4000,0.035,0.911,0.054
4100,0.036,0.915,0.049
4200,0.037,0.915,0.048
4300,0.033,0.918,0.049
4400,0.033,0.918,0.049
4500,0.033,0.917,0.050
4600,0.039,0.920,0.041
4700,0.036,0.920,0.044
4800,0.036,0.923,0.041
4900,0.038,0.926,0.036
5000,0.037,0.925,0.038
5100,0.036,0.925,0.039
5200,0.036,0.922,0.042
5300,0.034,0.925,0.041
5400,0.034,0.920,0.046
5500,0.033,0.917,0.050
5600,0.033,0.921,0.046
5700,0.034,0.922,0.044
5800,0.033,0.917,0.050
5900,0.031,0.918,0.051
6000,0.034,0.913,0.053
6100,0.035,0.908,0.057
6200,0.034,0.907,0.059
6300,0.037,0.902,0.061
6400,0.036,0.902,0.062
6500,0.031,0.900,0.069
6600,0.031,0.896,0.074
6700,0.033,0.899,0.068
6800,0.036,0.907,0.057
6900,0.035,0.916,0.049
7000,0.036,0.916,0.048
7100,0.034,0.917,0.049
7200,0.034,0.914,0.052
7300,0.034,0.908,0.058
7400,0.032,0.907,0.061
7500,0.034,0.910,0.056
7600,0.032,0.910,0.058
7700,0.033,0.913,0.054
7800,0.033,0.910,0.057
7900,0.035,0.905,0.060
8000,0.036,0.896,0.068
8100,0.036,0.890,0.075
8200,0.035,0.895,0.070
8300,0.037,0.894,0.069
8400,0.038,0.903,0.059
8500,0.036,0.909,0.055
8600,0.036,0.908,0.056
8700,0.035,0.909,0.056
8800,0.035,0.906,0.059
8900,0.037,0.890,0.074
9000,0.036,0.895,0.069
9100,0.039,0.897,0.064
9200,0.038,0.897,0.065
9300,0.035,0.897,0.068
9400,0.036,0.898,0.066
9500,0.035,0.884,0.082
9600,0.035,0.885,0.081
9700,0.034,0.883,0.084
9800,0.034,0.882,0.085
9900,0.034,0.882,0.085
10000,0.037,0.875,0.088
10100,0.038,0.879,0.083
10200,0.041,0.872,0.087
10300,0.043,0.873,0.084
10400,0.041,0.862,0.097
10500,0.046,0.855,0.099
10600,0.044,0.851,0.105
10700,0.046,0.840,0.114
10800,0.046,0.839,0.115
10900,0.048,0.847,0.105
11000,0.048,0.854,0.098
11100,0.050,0.853,0.097
11200,0.050,0.855,0.095
11300,0.049,0.853,0.098
11400,0.044,0.852,0.104
11500,0.042,0.857,0.101
11600,0.050,0.860,0.090
11700,0.051,0.857,0.092
11800,0.054,0.855,0.091
11900,0.053,0.852,0.095
12000,0.054,0.846,0.100
12100,0.053,0.835,0.112
12200,0.049,0.820,0.131
12300,0.051,0.819,0.130
12400,0.053,0.827,0.120
12500,0.054,0.827,0.118
12600,0.056,0.807,0.137
12700,0.049,0.809,0.142
12800,0.052,0.797,0.151
12900,0.051,0.805,0.144
13000,0.053,0.814,0.133
13100,0.049,0.810,0.141
13200,0.049,0.814,0.137
13300,0.047,0.788,0.165
13400,0.048,0.788,0.164
13500,0.050,0.790,0.160
13600,0.053,0.785,0.161
13700,0.054,0.794,0.152
13800,0.057,0.805,0.138
13900,0.054,0.795,0.151
14000,0.058,0.800,0.142
14100,0.057,0.808,0.135
14200,0.058,0.801,0.141
14300,0.058,0.787,0.155
14400,0.058,0.779,0.162
14500,0.056,0.794,0.150
14600,0.054,0.775,0.171
14700,0.061,0.774,0.164
14800,0.056,0.766,0.178
14900,0.060,0.762,0.178
15000,0.059,0.768,0.173
15100,0.063,0.759,0.178
15200,0.062,0.769,0.169
15300,0.064,0.764,0.172
15400,0.064,0.772,0.163
15500,0.054,0.769,0.177
15600,0.057,0.769,0.174
15700,0.056,0.768,0.176
15800,0.055,0.767,0.178
15900,0.057,0.757,0.186
16000,0.058,0.758,0.184
16100,0.057,0.746,0.197
16200,0.051,0.748,0.201
16300,0.056,0.749,0.195
16400,0.067,0.741,0.192
16500,0.068,0.752,0.180
16600,0.072,0.757,0.172
16700,0.068,0.737,0.194
16800,0.068,0.745,0.187
16900,0.075,0.745,0.181
17000,0.068,0.741,0.191
17100,0.074,0.732,0.194
17200,0.079,0.736,0.185
17300,0.073,0.739,0.189
17400,0.082,0.716,0.202
17500,0.090,0.719,0.191
17600,0.095,0.718,0.187
17700,0.086,0.716,0.198
17800,0.080,0.713,0.207
17900,0.079,0.718,0.203
18000,0.088,0.736,0.176
18100,0.091,0.742,0.168
18200,0.082,0.742,0.177
18300,0.081,0.745,0.175
18400,0.079,0.751,0.171
18500,0.086,0.748,0.166
18600,0.084,0.750,0.166
18700,0.078,0.747,0.176
18800,0.085,0.749,0.166
18900,0.088,0.751,0.161
19000,0.089,0.750,0.161
19100,0.082,0.750,0.169
19200,0.080,0.735,0.185
19300,0.070,0.735,0.194
19400,0.075,0.736,0.189
19500,0.076,0.734,0.190
19600,0.078,0.713,0.209
19700,0.076,0.713,0.211
19800,0.086,0.705,0.209
19900,0.083,0.712,0.205
20000,0.087,0.711,0.202
20100,0.087,0.709,0.204
20200,0.087,0.720,0.193
20300,0.076,0.719,0.205
20400,0.078,0.725,0.197
20500,0.080,0.722,0.198
20600,0.076,0.715,0.209
20700,0.067,0.725,0.207
20800,0.068,0.717,0.215
20900,0.070,0.713,0.217
21000,0.067,0.715,0.218
21100,0.075,0.707,0.219
21200,0.080,0.719,0.201
21300,0.073,0.716,0.211
21400,0.078,0.706,0.217
21500,0.082,0.715,0.203
21600,0.078,0.705,0.218
21700,0.085,0.706,0.209
21800,0.083,0.691,0.227
21900,0.087,0.693,0.221
22000,0.089,0.691,0.221
22100,0.096,0.696,0.208
22200,0.089,0.693,0.219
22300,0.089,0.687,0.224
22400,0.085,0.699,0.217
22500,0.077,0.689,0.234
22600,0.083,0.688,0.229
22700,0.082,0.703,0.216
22800,0.081,0.710,0.209
22900,0.078,0.714,0.208
23000,0.081,0.723,0.196
23100,0.079,0.722,0.199
23200,0.080,0.727,0.193
23300,0.086,0.726,0.188
23400,0.080,0.728,0.192
23500,0.082,0.728,0.190
23600,0.077,0.724,0.199
23700,0.086,0.736,0.178
23800,0.084,0.742,0.175
23900,0.086,0.728,0.186
24000,0.080,0.727,0.193
24100,0.079,0.728,0.193
24200,0.078,0.716,0.206
24300,0.080,0.721,0.199
24400,0.080,0.729,0.191
24500,0.084,0.730,0.186
24600,0.079,0.729,0.192
24700,0.081,0.711,0.208
24800,0.084,0.714,0.202
24900,0.075,0.719,0.206
25000,0.076,0.710,0.215
25100,0.081,0.703,0.217
25200,0.082,0.694,0.225
25300,0.084,0.693,0.224
25400,0.083,0.697,0.221
25500,0.084,0.708,0.208
25600,0.081,0.705,0.215
25700,0.074,0.695,0.232
25800,0.078,0.693,0.230
25900,0.078,0.698,0.225
26000,0.090,0.698,0.212
26100,0.087,0.698,0.216
26200,0.086,0.700,0.215
26300,0.087,0.704,0.209
26400,0.078,0.694,0.229
26500,0.076,0.699,0.226
26600,0.082,0.698,0.221
26700,0.085,0.694,0.222
26800,0.083,0.692,0.226
26900,0.089,0.694,0.218
27000,0.084,0.703,0.213
27100,0.088,0.704,0.208
27200,0.093,0.710,0.197
27300,0.094,0.714,0.192
27400,0.089,0.713,0.198
27500,0.089,0.709,0.202
27600,0.086,0.710,0.204
27700,0.086,0.709,0.205
27800,0.090,0.691,0.220
27900,0.087,0.695,0.219
28000,0.088,0.704,0.208
28100,0.083,0.701,0.217
28200,0.082,0.701,0.218
28300,0.083,0.695,0.223
28400,0.080,0.699,0.222
28500,0.074,0.704,0.223
28600,0.073,0.704,0.224
28700,0.066,0.709,0.225
28800,0.067,0.716,0.217
28900,0.073,0.713,0.215
29000,0.073,0.700,0.228
29100,0.074,0.699,0.228
29200,0.077,0.702,0.222
29300,0.080,0.702,0.219
29400,0.076,0.699,0.226
29500,0.073,0.699,0.229
29600,0.074,0.712,0.215
29700,0.084,0.718,0.198
29800,0.070,0.732,0.197
29900,0.066,0.739,0.195
30000,0.065,0.742,0.193
30100,0.063,0.737,0.199
30200,0.063,0.733,0.203
30300,0.064,0.725,0.210
30400,0.065,0.727,0.207
30500,0.066,0.735,0.198
30600,0.067,0.731,0.201
30700,0.067,0.725,0.207
30800,0.061,0.728,0.210
30900,0.060,0.730,0.209
31000,0.061,0.733,0.205
31100,0.066,0.730,0.203
31200,0.067,0.725,0.207
31300,0.073,0.721,0.206
31400,0.073,0.714,0.213
31500,0.080,0.723,0.197
31600,0.076,0.728,0.196
31700,0.079,0.720,0.201
31800,0.064,0.722,0.213
31900,0.064,0.712,0.224
32000,0.065,0.709,0.226
32100,0.064,0.711,0.225
32200,0.063,0.713,0.224
32300,0.069,0.713,0.218
32400,0.069,0.725,0.205
32500,0.068,0.731,0.200
32600,0.073,0.724,0.203
32700,0.076,0.725,0.199
32800,0.065,0.727,0.207
32900,0.065,0.736,0.198
33000,0.062,0.733,0.204
33100,0.065,0.730,0.204
33200,0.069,0.722,0.208
33300,0.075,0.719,0.206
33400,0.072,0.718,0.210
33500,0.091,0.710,0.199
33600,0.096,0.688,0.216
33700,0.106,0.682,0.211
33800,0.105,0.685,0.209
33900,0.109,0.679,0.211
34000,0.103,0.676,0.221
34100,0.104,0.671,0.225
34200,0.105,0.666,0.229
34300,0.111,0.668,0.221
34400,0.104,0.666,0.230
34500,0.106,0.667,0.227
34600,0.104,0.670,0.226
34700,0.101,0.678,0.221
34800,0.102,0.676,0.222
34900,0.103,0.681,0.216
35000,0.105,0.660,0.235
35100,0.109,0.666,0.225
35200,0.114,0.662,0.224
35300,0.118,0.675,0.206
35400,0.118,0.668,0.213
35500,0.117,0.670,0.212
35600,0.121,0.668,0.211
35700,0.124,0.665,0.211
35800,0.131,0.656,0.213
35900,0.124,0.656,0.221
36000,0.102,0.654,0.244
36100,0.105,0.640,0.254
36200,0.089,0.640,0.271
36300,0.098,0.649,0.253
36400,0.098,0.651,0.251
36500,0.108,0.658,0.234
36600,0.111,0.660,0.229
36700,0.107,0.659,0.234
36800,0.106,0.667,0.227
36900,0.107,0.664,0.229
37000,0.117,0.666,0.217
37100,0.112,0.663,0.225
37200,0.113,0.662,0.225
37300,0.118,0.670,0.211
37400,0.129,0.664,0.207
37500,0.133,0.658,0.209
37600,0.133,0.649,0.219
37700,0.128,0.644,0.229
37800,0.118,0.639,0.242
37900,0.117,0.641,0.241
38000,0.126,0.638,0.236
38100,0.140,0.633,0.227
38200,0.132,0.636,0.232
38300,0.123,0.649,0.229
38400,0.115,0.653,0.232
38500,0.116,0.645,0.239
38600,0.121,0.646,0.234
38700,0.121,0.628,0.251
38800,0.117,0.630,0.252
38900,0.125,0.623,0.252
39000,0.126,0.631,0.243
39100,0.123,0.639,0.238
39200,0.130,0.639,0.231
39300,0.136,0.636,0.228
39400,0.127,0.626,0.247
39500,0.127,0.625,0.248
39600,0.131,0.623,0.246
39700,0.131,0.620,0.249
39800,0.143,0.608,0.249
39900,0.141,0.611,0.248
40000,0.138,0.619,0.243
40100,0.131,0.614,0.255
40200,0.139,0.613,0.248
40300,0.143,0.620,0.237
40400,0.145,0.607,0.248
40500,0.131,0.613,0.256
40600,0.130,0.600,0.271
40700,0.131,0.596,0.274
40800,0.133,0.603,0.265
40900,0.138,0.608,0.254
41000,0.134,0.606,0.260
41100,0.124,0.609,0.268
41200,0.128,0.608,0.265
41300,0.129,0.610,0.261
41400,0.142,0.609,0.249
41500,0.146,0.605,0.249
41600,0.141,0.601,0.258
41700,0.146,0.603,0.251
41800,0.140,0.604,0.256
41900,0.131,0.605,0.265
42000,0.116,0.593,0.290
42100,0.122,0.598,0.281
42200,0.120,0.600,0.281
42300,0.117,0.610,0.273
42400,0.122,0.602,0.277
42500,0.129,0.594,0.277
42600,0.136,0.591,0.273
42700,0.134,0.598,0.269
42800,0.126,0.601,0.274
42900,0.130,0.602,0.269
43000,0.128,0.584,0.288
43100,0.133,0.586,0.281
43200,0.150,0.587,0.263
43300,0.145,0.591,0.264
43400,0.155,0.582,0.263
43500,0.135,0.584,0.281
43600,0.140,0.577,0.283
43700,0.139,0.577,0.284
43800,0.145,0.566,0.289
43900,0.149,0.572,0.279
44000,0.151,0.570,0.279
44100,0.152,0.570,0.278
44200,0.149,0.574,0.277
44300,0.153,0.566,0.281
44400,0.151,0.567,0.282
44500,0.158,0.566,0.276
44600,0.154,0.571,0.275
44700,0.164,0.561,0.275
44800,0.164,0.558,0.278
44900,0.171,0.544,0.285
45000,0.164,0.552,0.284
45100,0.155,0.546,0.298
45200,0.144,0.550,0.306
45300,0.149,0.551,0.300
45400,0.146,0.565,0.289
45500,0.151,0.563,0.286
45600,0.147,0.558,0.295
45700,0.149,0.556,0.295
45800,0.143,0.561,0.296
45900,0.147,0.559,0.294
46000,0.142,0.569,0.289
46100,0.139,0.558,0.303
46200,0.145,0.550,0.305
46300,0.146,0.553,0.301
46400,0.161,0.535,0.303
46500,0.180,0.542,0.278
46600,0.176,0.545,0.279
46700,0.182,0.535,0.283
46800,0.181,0.536,0.283
46900,0.174,0.565,0.261
47000,0.176,0.560,0.265
47100,0.180,0.560,0.260
47200,0.191,0.556,0.253
47300,0.194,0.557,0.249
47400,0.176,0.546,0.278
47500,0.178,0.541,0.281
47600,0.182,0.534,0.284
47700,0.186,0.536,0.278
47800,0.193,0.541,0.266
47900,0.189,0.539,0.272
48000,0.194,0.533,0.273
48100,0.196,0.526,0.278
48200,0.195,0.530,0.275
48300,0.200,0.525,0.275
48400,0.195,0.530,0.275
48500,0.195,0.508,0.297
48600,0.190,0.511,0.299
48700,0.189,0.510,0.301
48800,0.191,0.514,0.295
48900,0.193,0.503,0.304
49000,0.196,0.509,0.295
49100,0.203,0.502,0.295
49200,0.209,0.495,0.295
49300,0.198,0.497,0.304
49400,0.193,0.506,0.301
49500,0.200,0.518,0.282
49600,0.199,0.514,0.287
49700,0.195,0.516,0.289
49800,0.196,0.505,0.299
49900,0.207,0.505,0.288
50000,0.200,0.507,0.293
50100,0.210,0.508,0.282
50200,0.212,0.505,0.283
50300,0.201,0.496,0.302
50400,0.199,0.508,0.293
50500,0.189,0.483,0.328
50600,0.199,0.484,0.317
50700,0.209,0.483,0.307
50800,0.213,0.482,0.304
50900,0.222,0.466,0.313
51000,0.231,0.472,0.297
51100,0.232,0.455,0.314
51200,0.229,0.438,0.333
51300,0.226,0.430,0.344
51400,0.215,0.432,0.353
51500,0.213,0.438,0.348
51600,0.224,0.431,0.345
51700,0.231,0.444,0.325
51800,0.230,0.441,0.329
51900,0.237,0.442,0.321
52000,0.243,0.436,0.321
52100,0.242,0.432,0.326
52200,0.258,0.437,0.304
52300,0.269,0.432,0.299
52400,0.261,0.437,0.301
52500,0.260,0.436,0.303
52600,0.261,0.435,0.303
52700,0.265,0.446,0.289
52800,0.265,0.450,0.285
52900,0.255,0.450,0.294
53000,0.258,0.450,0.291
53100,0.248,0.445,0.306
53200,0.249,0.434,0.317
53300,0.254,0.428,0.318
53400,0.238,0.431,0.331
53500,0.236,0.428,0.336
53600,0.230,0.427,0.343
53700,0.241,0.434,0.325
53800,0.236,0.435,0.329
53900,0.237,0.432,0.331
54000,0.241,0.435,0.324
54100,0.248,0.426,0.326
54200,0.241,0.438,0.321
54300,0.252,0.435,0.313
54400,0.251,0.439,0.309
54500,0.255,0.435,0.309
54600,0.251,0.431,0.318
54700,0.240,0.429,0.331
54800,0.235,0.451,0.314
54900,0.243,0.444,0.313
55000,0.235,0.436,0.329
55100,0.237,0.430,0.333
55200,0.236,0.425,0.339
55300,0.243,0.419,0.338
55400,0.250,0.418,0.332
55500,0.239,0.417,0.344
55600,0.239,0.418,0.343
55700,0.241,0.430,0.329
55800,0.249,0.435,0.316
55900,0.245,0.441,0.314
56000,0.249,0.432,0.319
56100,0.254,0.433,0.313
56200,0.242,0.431,0.327
56300,0.254,0.431,0.315
56400,0.245,0.429,0.326
56500,0.254,0.426,0.320
56600,0.263,0.419,0.319
56700,0.274,0.424,0.302
56800,0.268,0.419,0.314
56900,0.249,0.428,0.323
57000,0.242,0.425,0.333
57100,0.251,0.420,0.329
57200,0.244,0.411,0.345
57300,0.250,0.407,0.343
57400,0.249,0.408,0.343
57500,0.247,0.422,0.331
57600,0.251,0.422,0.327
57700,0.247,0.423,0.330
57800,0.235,0.429,0.336
57900,0.240,0.434,0.326
58000,0.231,0.431,0.338
58100,0.233,0.433,0.334
58200,0.219,0.437,0.344
58300,0.234,0.440,0.326
58400,0.248,0.439,0.313
58500,0.249,0.440,0.311
58600,0.241,0.437,0.322
58700,0.237,0.441,0.322
58800,0.242,0.444,0.314
58900,0.245,0.438,0.317
59000,0.248,0.437,0.315
59100,0.244,0.432,0.324
59200,0.251,0.429,0.320
59300,0.256,0.425,0.319
59400,0.246,0.423,0.331
59500,0.253,0.409,0.338
59600,0.276,0.406,0.319
59700,0.276,0.401,0.323
59800,0.282,0.395,0.323
59900,0.286,0.393,0.321
60000,0.291,0.387,0.322
60100,0.289,0.383,0.328
60200,0.306,0.377,0.317
60300,0.296,0.372,0.332
60400,0.297,0.381,0.322
60500,0.297,0.378,0.325
60600,0.296,0.380,0.324
60700,0.295,0.379,0.326
60800,0.303,0.376,0.321
60900,0.315,0.366,0.320
61000,0.317,0.374,0.309
61100,0.329,0.364,0.307
61200,0.340,0.362,0.298
61300,0.344,0.352,0.303
61400,0.345,0.342,0.313
61500,0.350,0.344,0.305
61600,0.360,0.348,0.292
61700,0.356,0.349,0.294
61800,0.367,0.351,0.282
61900,0.361,0.346,0.293
62000,0.355,0.339,0.305
62100,0.367,0.334,0.299
62200,0.370,0.337,0.293
62300,0.375,0.326,0.299
62400,0.371,0.319,0.311
62500,0.369,0.316,0.316
62600,0.372,0.309,0.319
62700,0.370,0.316,0.315
62800,0.373,0.320,0.307
62900,0.373,0.338,0.289
63000,0.369,0.347,0.284
63100,0.368,0.339,0.293
63200,0.363,0.353,0.284
63300,0.360,0.353,0.287
63400,0.363,0.351,0.286
63500,0.358,0.348,0.294
63600,0.358,0.340,0.302
63700,0.369,0.327,0.304
63800,0.352,0.326,0.322
63900,0.358,0.334,0.308
64000,0.353,0.337,0.309
64100,0.354,0.338,0.307
64200,0.368,0.326,0.306
64300,0.370,0.331,0.299
64400,0.372,0.335,0.293
64500,0.372,0.340,0.288
64600,0.375,0.343,0.282
64700,0.373,0.341,0.286
64800,0.370,0.337,0.293
64900,0.354,0.346,0.299
65000,0.350,0.350,0.299
65100,0.368,0.342,0.290
65200,0.371,0.345,0.284
65300,0.373,0.342,0.285
65400,0.376,0.337,0.287
65500,0.373,0.329,0.298
65600,0.376,0.332,0.292
65700,0.369,0.341,0.290
65800,0.374,0.337,0.289
65900,0.363,0.324,0.314
66000,0.365,0.334,0.301
66100,0.374,0.327,0.299
66200,0.368,0.320,0.313
66300,0.375,0.313,0.313
66400,0.374,0.306,0.320
66500,0.368,0.325,0.307
66600,0.379,0.323,0.298
66700,0.374,0.322,0.304
66800,0.381,0.319,0.300
66900,0.372,0.319,0.309
67000,0.373,0.316,0.312
67100,0.384,0.316,0.300
67200,0.383,0.316,0.301
67300,0.384,0.319,0.297
67400,0.379,0.315,0.306
67500,0.385,0.315,0.300
67600,0.361,0.320,0.320
67700,0.362,0.330,0.308
67800,0.354,0.334,0.312
67900,0.348,0.327,0.325
68000,0.366,0.327,0.307
68100,0.364,0.317,0.320
68200,0.364,0.318,0.319
68300,0.366,0.314,0.321
68400,0.378,0.309,0.313
68500,0.385,0.312,0.303
68600,0.384,0.309,0.306
68700,0.397,0.292,0.311
68800,0.402,0.293,0.304
68900,0.417,0.289,0.294
69000,0.409,0.294,0.297
69100,0.402,0.287,0.311
69200,0.404,0.293,0.302
69300,0.399,0.296,0.304
69400,0.408,0.291,0.301
69500,0.423,0.293,0.284
69600,0.417,0.293,0.290
69700,0.418,0.288,0.294
69800,0.411,0.287,0.302
69900,0.418,0.292,0.290
70000,0.412,0.291,0.297
70100,0.413,0.296,0.291
70200,0.406,0.290,0.304
70300,0.406,0.297,0.297
70400,0.397,0.296,0.306
70500,0.409,0.290,0.301
70600,0.402,0.292,0.305
70700,0.400,0.285,0.315
70800,0.388,0.292,0.320
70900,0.389,0.295,0.316
71000,0.393,0.295,0.312
71100,0.393,0.291,0.316
71200,0.385,0.298,0.317
71300,0.390,0.298,0.312
71400,0.412,0.294,0.294
71500,0.402,0.285,0.313
71600,0.412,0.282,0.306
71700,0.420,0.288,0.292
71800,0.425,0.282,0.293
71900,0.429,0.284,0.287
72000,0.433,0.281,0.286
72100,0.435,0.280,0.285
72200,0.435,0.283,0.282
72300,0.433,0.284,0.283
72400,0.437,0.285,0.278
72500,0.449,0.281,0.270
72600,0.447,0.283,0.270
72700,0.422,0.277,0.301
72800,0.418,0.272,0.311
72900,0.431,0.273,0.296
73000,0.439,0.265,0.296
73100,0.441,0.263,0.296
73200,0.446,0.255,0.298
73300,0.442,0.265,0.293
73400,0.439,0.270,0.291
73500,0.431,0.270,0.299
73600,0.430,0.268,0.302
73700,0.437,0.271,0.292
73800,0.443,0.267,0.290
73900,0.443,0.259,0.297
74000,0.448,0.250,0.301
74100,0.455,0.257,0.288
74200,0.459,0.255,0.286
74300,0.449,0.252,0.298
74400,0.456,0.250,0.294
74500,0.463,0.245,0.292
74600,0.466,0.251,0.283
74700,0.470,0.249,0.281
74800,0.470,0.244,0.286
74900,0.475,0.245,0.280
75000,0.487,0.244,0.269
75100,0.474,0.234,0.292
75200,0.470,0.232,0.298
75300,0.467,0.235,0.298
75400,0.450,0.235,0.315
75500,0.446,0.234,0.320
75600,0.441,0.232,0.327
75700,0.434,0.229,0.337
75800,0.444,0.233,0.323
75900,0.450,0.233,0.317
76000,0.460,0.232,0.308
76100,0.474,0.225,0.301
76200,0.479,0.230,0.291
76300,0.490,0.232,0.278
76400,0.495,0.236,0.269
76500,0.492,0.235,0.273
76600,0.486,0.235,0.279
76700,0.476,0.248,0.276
76800,0.475,0.241,0.284
76900,0.471,0.238,0.291
77000,0.471,0.247,0.282
77100,0.474,0.241,0.285
77200,0.473,0.239,0.288
77300,0.475,0.242,0.283
77400,0.469,0.239,0.292
77500,0.464,0.237,0.299
77600,0.474,0.237,0.289
77700,0.471,0.239,0.290
77800,0.475,0.238,0.287
77900,0.480,0.236,0.284
78000,0.475,0.242,0.283
78100,0.471,0.237,0.292
78200,0.465,0.238,0.297
78300,0.447,0.231,0.322
78400,0.459,0.235,0.306
78500,0.472,0.235,0.293
78600,0.466,0.233,0.301
78700,0.463,0.234,0.303
78800,0.456,0.236,0.308
78900,0.467,0.236,0.297
79000,0.474,0.235,0.291
79100,0.479,0.228,0.293
79200,0.481,0.225,0.294
79300,0.487,0.221,0.292
79400,0.480,0.223,0.297
79500,0.485,0.222,0.293
79600,0.497,0.229,0.274
79700,0.499,0.225,0.276
79800,0.496,0.217,0.287
79900,0.495,0.221,0.284
80000,0.496,0.224,0.280
80100,0.503,0.231,0.267
80200,0.506,0.232,0.263
80300,0.505,0.228,0.268
80400,0.512,0.221,0.268
80500,0.517,0.224,0.259
80600,0.508,0.222,0.271
80700,0.508,0.222,0.271
80800,0.525,0.219,0.256
80900,0.535,0.216,0.249
81000,0.537,0.212,0.250
81100,0.542,0.213,0.244
81200,0.536,0.219,0.245
81300,0.537,0.218,0.245
81400,0.542,0.220,0.238
81500,0.546,0.220,0.234
81600,0.546,0.212,0.241
81700,0.546,0.211,0.242
81800,0.545,0.215,0.240
81900,0.551,0.206,0.243
82000,0.558,0.206,0.236
82100,0.563,0.206,0.231
82200,0.566,0.203,0.231
82300,0.558,0.202,0.240
82400,0.558,0.203,0.239
82500,0.568,0.205,0.227
82600,0.563,0.203,0.234
82700,0.557,0.202,0.241
82800,0.554,0.201,0.245
82900,0.562,0.197,0.241
83000,0.563,0.193,0.244
83100,0.566,0.191,0.243
83200,0.563,0.191,0.246
83300,0.574,0.190,0.236
83400,0.586,0.191,0.223
83500,0.583,0.189,0.228
83600,0.584,0.189,0.227
83700,0.578,0.190,0.232
83800,0.582,0.189,0.229
83900,0.583,0.187,0.230
84000,0.586,0.188,0.226
84100,0.585,0.187,0.228
84200,0.597,0.187,0.217
84300,0.592,0.185,0.223
84400,0.578,0.185,0.237
84500,0.580,0.187,0.233
84600,0.576,0.192,0.232
84700,0.576,0.189,0.235
84800,0.572,0.187,0.241
84900,0.573,0.190,0.237
85000,0.566,0.190,0.244
85100,0.577,0.193,0.230
85200,0.573,0.189,0.238
85300,0.580,0.187,0.233
85400,0.576,0.189,0.235
85500,0.573,0.191,0.236
85600,0.568,0.186,0.246
85700,0.565,0.191,0.244
85800,0.563,0.189,0.248
85900,0.551,0.195,0.254
86000,0.542,0.193,0.265
86100,0.539,0.186,0.275
86200,0.539,0.195,0.266
86300,0.542,0.192,0.266
86400,0.545,0.188,0.267
86500,0.535,0.183,0.282
86600,0.543,0.185,0.272
86700,0.545,0.185,0.270
86800,0.547,0.179,0.274
86900,0.546,0.176,0.278
87000,0.547,0.177,0.276
87100,0.553,0.178,0.270
87200,0.543,0.181,0.276
87300,0.542,0.186,0.272
87400,0.534,0.186,0.280
87500,0.533,0.186,0.281
87600,0.538,0.183,0.279
87700,0.533,0.180,0.287
87800,0.526,0.187,0.287
87900,0.540,0.188,0.272
88000,0.531,0.193,0.276
88100,0.532,0.195,0.273
88200,0.530,0.193,0.277
88300,0.514,0.200,0.286
88400,0.518,0.206,0.276
88500,0.528,0.211,0.260
88600,0.527,0.208,0.265
88700,0.525,0.208,0.267
88800,0.531,0.203,0.266
88900,0.527,0.204,0.269
89000,0.518,0.209,0.273
89100,0.511,0.205,0.284
89200,0.535,0.204,0.260
89300,0.535,0.202,0.263
89400,0.541,0.194,0.265
89500,0.537,0.195,0.268
89600,0.535,0.195,0.270
89700,0.535,0.199,0.266
89800,0.545,0.193,0.261
89900,0.550,0.189,0.261
90000,0.552,0.189,0.259
90100,0.551,0.193,0.256
90200,0.554,0.188,0.258
90300,0.561,0.185,0.254
90400,0.567,0.185,0.248
90500,0.568,0.178,0.254
90600,0.571,0.178,0.251
90700,0.579,0.176,0.245
90800,0.571,0.173,0.256
90900,0.578,0.169,0.253
91000,0.578,0.169,0.253
91100,0.582,0.169,0.249
91200,0.589,0.166,0.244
91300,0.598,0.162,0.240
91400,0.605,0.161,0.234
91500,0.594,0.162,0.243
91600,0.593,0.161,0.245
91700,0.598,0.160,0.242
91800,0.600,0.163,0.237
91900,0.604,0.161,0.235
92000,0.616,0.161,0.223
92100,0.625,0.159,0.216
92200,0.625,0.159,0.216
92300,0.627,0.159,0.213
92400,0.628,0.158,0.213
92500,0.625,0.157,0.218
92600,0.627,0.157,0.216
92700,0.627,0.158,0.215
92800,0.634,0.158,0.207
92900,0.635,0.159,0.205
93000,0.633,0.160,0.206
93100,0.631,0.158,0.210
93200,0.627,0.159,0.213
93300,0.623,0.161,0.216
93400,0.611,0.169,0.221
93500,0.619,0.168,0.213
93600,0.614,0.163,0.223
93700,0.613,0.162,0.225
93800,0.616,0.162,0.222
93900,0.624,0.162,0.213
94000,0.621,0.159,0.220
94100,0.617,0.155,0.228
94200,0.620,0.154,0.226
94300,0.623,0.154,0.223
94400,0.626,0.157,0.217
94500,0.636,0.157,0.206
94600,0.640,0.159,0.200
94700,0.623,0.158,0.219
94800,0.626,0.159,0.215
94900,0.625,0.156,0.219
95000,0.635,0.155,0.209
95100,0.638,0.153,0.208
95200,0.640,0.154,0.205
95300,0.638,0.154,0.207
95400,0.641,0.152,0.206
95500,0.644,0.150,0.206
95600,0.638,0.152,0.209
95700,0.636,0.149,0.215
95800,0.637,0.151,0.211
95900,0.634,0.153,0.212
96000,0.642,0.152,0.205
96100,0.648,0.150,0.202
96200,0.630,0.153,0.217
96300,0.639,0.152,0.208
96400,0.651,0.151,0.198
96500,0.649,0.150,0.201
96600,0.635,0.148,0.217
96700,0.640,0.149,0.210
96800,0.647,0.146,0.207
96900,0.646,0.143,0.211
97000,0.642,0.145,0.212
97100,0.649,0.149,0.202
97200,0.649,0.146,0.205
97300,0.638,0.152,0.209
97400,0.641,0.152,0.206
97500,0.637,0.153,0.209
97600,0.642,0.150,0.207
97700,0.655,0.149,0.196
97800,0.661,0.152,0.187
97900,0.665,0.152,0.183
98000,0.672,0.150,0.178
98100,0.664,0.147,0.189
98200,0.670,0.143,0.187
98300,0.673,0.143,0.184
98400,0.674,0.143,0.183
98500,0.673,0.148,0.179
98600,0.675,0.148,0.177
98700,0.679,0.144,0.177
98800,0.673,0.143,0.184
98900,0.677,0.143,0.180
99000,0.680,0.144,0.176
99100,0.686,0.142,0.172
99200,0.685,0.142,0.173
99300,0.687,0.141,0.172
99400,0.687,0.140,0.173
99500,0.688,0.140,0.172
99600,0.695,0.140,0.165
99700,0.693,0.140,0.168
99800,0.694,0.139,0.168
99900,0.706,0.139,0.155
100000,0.712,0.138,0.150
