time,n_A+p,n_B,n_AB
500,0.080,0.902,0.018
1000,0.080,0.885,0.035
1500,0.081,0.867,0.052
2000,0.081,0.852,0.067
2500,0.082,0.830,0.088
3000,0.083,0.811,0.106
3500,0.086,0.802,0.112
4000,0.085,0.793,0.122
4500,0.090,0.783,0.127
5000,0.090,0.776,0.133
5500,0.090,0.765,0.145
6000,0.093,0.757,0.149
6500,0.091,0.755,0.154
7000,0.095,0.748,0.158
7500,0.097,0.734,0.170
8000,0.100,0.719,0.181
8500,0.100,0.717,0.183
9000,0.102,0.703,0.195
9500,0.105,0.685,0.209
10000,0.105,0.676,0.219
10500,0.107,0.665,0.228
11000,0.110,0.665,0.225
11500,0.117,0.656,0.226
12000,0.122,0.645,0.232
12500,0.125,0.632,0.243
13000,0.132,0.627,0.241
13500,0.137,0.612,0.252
14000,0.139,0.607,0.255
14500,0.140,0.594,0.267
15000,0.144,0.585,0.271
15500,0.142,0.573,0.285
16000,0.146,0.558,0.296
16500,0.152,0.557,0.291
17000,0.152,0.556,0.292
17500,0.157,0.554,0.289
18000,0.163,0.540,0.297
18500,0.164,0.524,0.312
19000,0.172,0.512,0.315
19500,0.174,0.507,0.318
20000,0.185,0.492,0.322
20500,0.187,0.482,0.331
21000,0.193,0.478,0.329
21500,0.197,0.477,0.326
22000,0.201,0.470,0.329
22500,0.207,0.467,0.326
23000,0.206,0.473,0.321
23500,0.217,0.463,0.321
24000,0.223,0.460,0.317
24500,0.225,0.458,0.318
25000,0.224,0.454,0.322
25500,0.230,0.440,0.330
26000,0.239,0.433,0.328
26500,0.237,0.430,0.332
27000,0.241,0.423,0.335
27500,0.240,0.413,0.346
28000,0.237,0.407,0.355
28500,0.243,0.398,0.359
29000,0.244,0.397,0.359
29500,0.248,0.391,0.361
30000,0.258,0.390,0.353
30500,0.270,0.383,0.348
31000,0.278,0.389,0.333
31500,0.290,0.387,0.323
32000,0.286,0.371,0.343
32500,0.281,0.363,0.355
33000,0.280,0.359,0.361
33500,0.277,0.360,0.363
34000,0.274,0.351,0.375
34500,0.283,0.347,0.370
35000,0.294,0.339,0.366
35500,0.304,0.337,0.359
36000,0.308,0.331,0.361
36500,0.308,0.328,0.364
37000,0.316,0.330,0.355
37500,0.320,0.325,0.355
38000,0.329,0.312,0.359
38500,0.332,0.301,0.366
39000,0.327,0.299,0.374
39500,0.325,0.298,0.377
40000,0.332,0.284,0.385
40500,0.335,0.277,0.388
41000,0.341,0.270,0.389
41500,0.353,0.267,0.380
42000,0.355,0.261,0.384
42500,0.359,0.248,0.393
43000,0.368,0.243,0.389
43500,0.378,0.243,0.379
44000,0.382,0.236,0.383
44500,0.387,0.231,0.382
45000,0.394,0.228,0.378
45500,0.396,0.232,0.373
46000,0.405,0.226,0.369
46500,0.407,0.221,0.372
47000,0.412,0.214,0.374
47500,0.415,0.207,0.377
48000,0.413,0.200,0.387
48500,0.425,0.198,0.377
49000,0.429,0.196,0.375
49500,0.432,0.194,0.374
50000,0.441,0.194,0.366
50500,0.451,0.180,0.368
51000,0.463,0.187,0.350
51500,0.467,0.180,0.352
52000,0.474,0.174,0.351
52500,0.465,0.164,0.371
53000,0.478,0.163,0.360
53500,0.487,0.165,0.347
54000,0.487,0.164,0.349
54500,0.498,0.160,0.342
55000,0.504,0.154,0.342
55500,0.512,0.157,0.331
56000,0.508,0.142,0.350
56500,0.506,0.135,0.359
57000,0.522,0.125,0.353
57500,0.532,0.130,0.338
58000,0.536,0.135,0.329
58500,0.541,0.139,0.320
59000,0.538,0.132,0.330
59500,0.543,0.125,0.332
60000,0.546,0.115,0.339
60500,0.566,0.112,0.323
61000,0.571,0.102,0.327
61500,0.575,0.094,0.331
62000,0.583,0.094,0.323
62500,0.590,0.096,0.315
63000,0.595,0.100,0.305
63500,0.608,0.090,0.302
64000,0.609,0.080,0.312
64500,0.610,0.081,0.310
65000,0.621,0.076,0.302
65500,0.625,0.080,0.295
66000,0.625,0.083,0.292
66500,0.627,0.092,0.281
67000,0.622,0.083,0.295
67500,0.631,0.078,0.291
68000,0.636,0.071,0.293
68500,0.654,0.069,0.277
69000,0.662,0.067,0.271
69500,0.663,0.057,0.280
70000,0.666,0.054,0.280
70500,0.681,0.051,0.268
71000,0.694,0.049,0.258
71500,0.709,0.048,0.243
72000,0.720,0.047,0.233
72500,0.724,0.044,0.232
73000,0.733,0.044,0.223
73500,0.738,0.039,0.223
74000,0.737,0.037,0.226
74500,0.745,0.039,0.216
75000,0.753,0.035,0.212
75500,0.763,0.034,0.203
76000,0.776,0.034,0.190
76500,0.793,0.029,0.177
77000,0.808,0.025,0.167
77500,0.805,0.021,0.173
78000,0.816,0.022,0.162
78500,0.820,0.019,0.162
79000,0.823,0.017,0.161
79500,0.839,0.016,0.145
80000,0.846,0.014,0.140
80500,0.853,0.015,0.133
81000,0.862,0.013,0.125
81500,0.867,0.011,0.122
82000,0.874,0.009,0.118
82500,0.883,0.006,0.111
83000,0.887,0.005,0.108
83500,0.892,0.007,0.100
84000,0.890,0.007,0.103
84500,0.894,0.005,0.100
85000,0.898,0.004,0.098
85500,0.901,0.003,0.096
86000,0.903,0.003,0.094
86500,0.912,0.002,0.086
87000,0.912,0.002,0.086
87500,0.919,0.002,0.079
88000,0.925,0.002,0.073
88500,0.926,0.002,0.072
89000,0.929,0.001,0.070
89500,0.936,0.001,0.063
90000,0.944,0.002,0.055
90500,0.951,0.003,0.047
91000,0.952,0.002,0.047
91500,0.955,0.002,0.044
92000,0.954,0.002,0.045
92500,0.958,0.001,0.042
93000,0.961,0.001,0.039
93500,0.968,0.001,0.032
94000,0.967,0.002,0.032
94500,0.970,0.001,0.029
95000,0.969,0.001,0.030
95500,0.971,0.001,0.029
96000,0.972,0.001,0.028
96500,0.971,0.001,0.029
97000,0.976,0.001,0.024
97500,0.977,0.001,0.023
98000,0.979,0.000,0.021
98500,0.978,0.000,0.022
99000,0.977,0.000,0.023
99500,0.977,0.000,0.023
100000,0.978,0.000,0.022
100500,0.982,0.000,0.018
101000,0.984,0.000,0.016
101500,0.986,0.000,0.014
102000,0.986,0.000,0.014
102500,0.984,0.000,0.016
103000,0.984,0.000,0.016
103500,0.985,0.000,0.015
104000,0.986,0.000,0.014
104500,0.989,0.000,0.011
105000,0.988,0.000,0.012
105500,0.990,0.000,0.010
106000,0.991,0.000,0.009
106500,0.991,0.000,0.009
107000,0.991,0.000,0.009
107500,0.991,0.000,0.009
108000,0.992,0.000,0.008
108500,0.993,0.000,0.007
109000,0.993,0.000,0.007
109500,0.992,0.000,0.008
110000,0.993,0.000,0.007
110500,0.993,0.000,0.007
111000,0.995,0.000,0.005
111500,0.994,0.000,0.006
112000,0.995,0.000,0.005
112500,0.994,0.000,0.006
113000,0.995,0.000,0.005
113500,0.995,0.000,0.005
114000,0.995,0.000,0.005
114500,0.995,0.000,0.005
115000,0.995,0.000,0.005
115500,0.995,0.000,0.005
116000,0.995,0.000,0.005
116500,0.995,0.000,0.005
117000,0.994,0.000,0.006
117500,0.994,0.000,0.006
118000,0.996,0.000,0.004
118500,0.997,0.000,0.003
119000,0.997,0.000,0.003
119500,0.998,0.000,0.002
120000,0.997,0.000,0.003
120500,0.997,0.000,0.003
121000,0.997,0.000,0.003
121500,0.998,0.000,0.002
122000,0.999,0.000,0.001
122500,0.999,0.000,0.001
123000,1.000,0.000,0.000
123500,1.000,0.000,0.000
124000,1.000,0.000,0.000
124500,1.000,0.000,0.000
125000,1.000,0.000,0.000
125500,1.000,0.000,0.000
126000,1.000,0.000,0.000
126500,1.000,0.000,0.000
127000,1.000,0.000,0.000
127500,0.999,0.000,0.001
128000,0.999,0.000,0.001
128500,0.999,0.000,0.001
129000,0.999,0.000,0.001
129500,1.000,0.000,0.000
130000,1.000,0.000,0.000
