time,n_A+p,n_B,n_AB
500,0.080,0.905,0.015
1000,0.081,0.884,0.035
1500,0.081,0.868,0.051
2000,0.083,0.857,0.060
2500,0.085,0.846,0.069
3000,0.086,0.838,0.077
3500,0.086,0.835,0.079
4000,0.089,0.839,0.073
4500,0.088,0.826,0.086
5000,0.091,0.812,0.096
5500,0.097,0.801,0.102
6000,0.099,0.804,0.097
6500,0.100,0.800,0.100
7000,0.100,0.787,0.113
7500,0.102,0.773,0.124
8000,0.100,0.771,0.129
8500,0.102,0.764,0.134
9000,0.106,0.755,0.138
9500,0.106,0.757,0.137
10000,0.108,0.752,0.140
10500,0.113,0.750,0.137
11000,0.115,0.754,0.131
11500,0.113,0.751,0.136
12000,0.114,0.755,0.131
12500,0.112,0.760,0.128
13000,0.110,0.758,0.132
13500,0.106,0.758,0.136
14000,0.108,0.758,0.134
14500,0.110,0.760,0.130
15000,0.116,0.751,0.133
15500,0.119,0.755,0.126
16000,0.120,0.756,0.123
16500,0.120,0.756,0.124
17000,0.123,0.753,0.123
17500,0.126,0.754,0.120
18000,0.121,0.750,0.129
18500,0.128,0.738,0.135
19000,0.127,0.734,0.139
19500,0.120,0.728,0.152
20000,0.121,0.734,0.145
20500,0.117,0.737,0.146
21000,0.115,0.740,0.145
21500,0.117,0.738,0.145
22000,0.117,0.737,0.146
22500,0.118,0.735,0.147
23000,0.115,0.731,0.154
23500,0.114,0.730,0.156
24000,0.115,0.729,0.156
24500,0.114,0.737,0.149
25000,0.118,0.737,0.145
25500,0.121,0.729,0.150
26000,0.122,0.729,0.149
26500,0.124,0.718,0.158
27000,0.126,0.710,0.164
27500,0.129,0.709,0.163
28000,0.130,0.716,0.155
28500,0.127,0.713,0.161
29000,0.127,0.714,0.159
29500,0.127,0.721,0.152
30000,0.125,0.719,0.156
30500,0.122,0.711,0.166
31000,0.123,0.707,0.170
31500,0.126,0.711,0.163
32000,0.126,0.709,0.166
32500,0.127,0.713,0.160
33000,0.129,0.706,0.165
33500,0.128,0.712,0.160
34000,0.125,0.702,0.173
34500,0.122,0.704,0.173
35000,0.124,0.703,0.172
35500,0.128,0.704,0.169
36000,0.134,0.698,0.169
36500,0.135,0.694,0.171
37000,0.135,0.700,0.165
37500,0.140,0.702,0.158
38000,0.136,0.694,0.171
38500,0.138,0.692,0.170
39000,0.139,0.692,0.169
39500,0.138,0.680,0.182
40000,0.139,0.683,0.178
40500,0.140,0.690,0.171
41000,0.142,0.681,0.176
41500,0.143,0.677,0.179
42000,0.139,0.673,0.188
42500,0.143,0.666,0.191
43000,0.142,0.676,0.181
43500,0.143,0.674,0.182
44000,0.146,0.673,0.180
44500,0.147,0.670,0.182
45000,0.142,0.668,0.190
45500,0.143,0.659,0.197
46000,0.147,0.660,0.193
46500,0.142,0.674,0.183
47000,0.137,0.682,0.180
47500,0.138,0.685,0.177
48000,0.139,0.687,0.174
48500,0.140,0.686,0.174
49000,0.139,0.681,0.180
49500,0.141,0.680,0.179
50000,0.141,0.681,0.178
50500,0.143,0.689,0.168
51000,0.138,0.683,0.178
51500,0.140,0.676,0.183
52000,0.140,0.674,0.186
52500,0.143,0.672,0.185
53000,0.142,0.675,0.182
53500,0.144,0.674,0.181
54000,0.153,0.669,0.177
54500,0.154,0.670,0.176
55000,0.155,0.662,0.182
55500,0.155,0.657,0.187
56000,0.153,0.654,0.193
56500,0.154,0.663,0.182
57000,0.146,0.665,0.189
57500,0.149,0.671,0.179
58000,0.150,0.677,0.172
58500,0.147,0.676,0.177
59000,0.145,0.680,0.174
59500,0.152,0.676,0.172
60000,0.152,0.672,0.175
60500,0.155,0.671,0.173
61000,0.157,0.681,0.161
61500,0.151,0.671,0.177
62000,0.151,0.671,0.177
62500,0.143,0.679,0.177
63000,0.144,0.676,0.179
63500,0.147,0.673,0.180
64000,0.144,0.677,0.178
64500,0.141,0.685,0.173
65000,0.143,0.672,0.184
65500,0.144,0.673,0.183
66000,0.150,0.669,0.181
66500,0.150,0.673,0.177
67000,0.142,0.667,0.191
67500,0.146,0.670,0.183
68000,0.143,0.670,0.187
68500,0.146,0.669,0.184
69000,0.146,0.669,0.184
69500,0.144,0.664,0.192
70000,0.144,0.668,0.188
70500,0.144,0.668,0.188
71000,0.142,0.669,0.189
71500,0.141,0.669,0.190
72000,0.146,0.662,0.192
72500,0.146,0.669,0.185
73000,0.149,0.663,0.188
73500,0.148,0.663,0.189
74000,0.146,0.664,0.190
74500,0.148,0.672,0.179
75000,0.148,0.674,0.177
75500,0.151,0.676,0.172
76000,0.146,0.670,0.183
76500,0.142,0.672,0.185
77000,0.147,0.666,0.186
77500,0.147,0.671,0.181
78000,0.145,0.669,0.185
78500,0.151,0.669,0.179
79000,0.154,0.667,0.178
79500,0.159,0.655,0.186
80000,0.160,0.651,0.189
80500,0.156,0.642,0.202
81000,0.159,0.628,0.213
81500,0.164,0.624,0.212
82000,0.173,0.611,0.216
82500,0.178,0.606,0.216
83000,0.183,0.598,0.219
83500,0.188,0.599,0.214
84000,0.183,0.588,0.229
84500,0.185,0.585,0.230
85000,0.184,0.597,0.219
85500,0.172,0.610,0.219
86000,0.172,0.613,0.216
86500,0.174,0.615,0.211
87000,0.174,0.620,0.206
87500,0.177,0.622,0.201
88000,0.176,0.625,0.199
88500,0.180,0.619,0.201
89000,0.179,0.616,0.205
89500,0.178,0.621,0.201
90000,0.178,0.622,0.200
90500,0.178,0.615,0.207
91000,0.174,0.607,0.220
91500,0.171,0.606,0.224
92000,0.176,0.595,0.229
92500,0.179,0.597,0.224
93000,0.184,0.594,0.222
93500,0.193,0.604,0.203
94000,0.197,0.603,0.201
94500,0.201,0.587,0.213
95000,0.202,0.584,0.214
95500,0.197,0.581,0.223
96000,0.199,0.578,0.223
96500,0.202,0.583,0.215
97000,0.199,0.572,0.230
97500,0.191,0.578,0.231
98000,0.190,0.587,0.224
98500,0.191,0.584,0.226
99000,0.193,0.586,0.221
99500,0.199,0.580,0.222
100000,0.194,0.568,0.238
100500,0.197,0.568,0.236
101000,0.202,0.568,0.231
101500,0.199,0.568,0.233
102000,0.205,0.565,0.230
102500,0.212,0.555,0.233
103000,0.209,0.548,0.242
103500,0.213,0.553,0.234
104000,0.213,0.548,0.239
104500,0.209,0.552,0.239
105000,0.210,0.547,0.243
105500,0.207,0.548,0.245
106000,0.212,0.552,0.236
106500,0.215,0.545,0.239
107000,0.218,0.545,0.237
107500,0.211,0.540,0.248
108000,0.217,0.538,0.245
108500,0.219,0.528,0.253
109000,0.223,0.523,0.254
109500,0.227,0.519,0.254
110000,0.233,0.521,0.246
110500,0.234,0.514,0.252
111000,0.240,0.522,0.237
111500,0.233,0.523,0.244
112000,0.231,0.513,0.256
112500,0.229,0.513,0.258
113000,0.242,0.520,0.238
113500,0.241,0.514,0.245
114000,0.238,0.512,0.250
114500,0.242,0.515,0.243
115000,0.237,0.514,0.249
115500,0.241,0.506,0.252
116000,0.236,0.506,0.258
116500,0.240,0.504,0.255
117000,0.243,0.507,0.250
117500,0.245,0.516,0.238
118000,0.248,0.500,0.252
118500,0.246,0.507,0.247
119000,0.243,0.506,0.250
119500,0.245,0.511,0.244
120000,0.246,0.502,0.252
120500,0.246,0.495,0.259
121000,0.239,0.506,0.255
121500,0.236,0.507,0.257
122000,0.238,0.515,0.247
122500,0.231,0.506,0.263
123000,0.235,0.516,0.249
123500,0.231,0.520,0.249
124000,0.235,0.521,0.244
124500,0.233,0.526,0.241
125000,0.230,0.546,0.224
125500,0.229,0.538,0.233
126000,0.229,0.548,0.223
126500,0.222,0.540,0.238
127000,0.219,0.541,0.240
127500,0.218,0.548,0.233
128000,0.221,0.555,0.224
128500,0.230,0.544,0.226
129000,0.228,0.542,0.230
129500,0.228,0.534,0.238
130000,0.222,0.536,0.242
130500,0.228,0.550,0.222
131000,0.223,0.550,0.227
131500,0.223,0.550,0.227
132000,0.226,0.552,0.222
132500,0.224,0.549,0.227
133000,0.219,0.547,0.234
133500,0.216,0.551,0.233
134000,0.213,0.554,0.233
134500,0.219,0.557,0.224
135000,0.215,0.553,0.231
135500,0.221,0.543,0.236
136000,0.221,0.542,0.237
136500,0.211,0.544,0.245
137000,0.214,0.547,0.239
137500,0.214,0.556,0.229
138000,0.222,0.556,0.222
138500,0.220,0.552,0.228
139000,0.216,0.559,0.224
139500,0.213,0.548,0.238
140000,0.204,0.554,0.241
140500,0.203,0.554,0.243
141000,0.205,0.544,0.251
141500,0.203,0.545,0.252
142000,0.208,0.553,0.239
142500,0.206,0.547,0.246
143000,0.211,0.546,0.242
143500,0.208,0.538,0.253
144000,0.216,0.533,0.250
144500,0.226,0.529,0.245
145000,0.228,0.533,0.239
145500,0.229,0.514,0.257
146000,0.241,0.514,0.245
146500,0.244,0.510,0.245
147000,0.239,0.505,0.256
147500,0.238,0.507,0.254
148000,0.240,0.502,0.258
148500,0.238,0.487,0.275
149000,0.247,0.488,0.264
149500,0.251,0.487,0.263
150000,0.259,0.481,0.260
150500,0.261,0.488,0.252
151000,0.259,0.478,0.263
151500,0.261,0.486,0.253
152000,0.256,0.471,0.273
152500,0.264,0.469,0.267
153000,0.260,0.470,0.270
153500,0.254,0.478,0.268
154000,0.253,0.486,0.261
154500,0.260,0.490,0.249
155000,0.262,0.478,0.260
155500,0.271,0.479,0.249
156000,0.271,0.470,0.259
156500,0.261,0.467,0.272
157000,0.263,0.461,0.277
157500,0.264,0.462,0.275
158000,0.269,0.464,0.268
158500,0.273,0.483,0.245
159000,0.263,0.474,0.263
159500,0.267,0.471,0.262
160000,0.267,0.463,0.270
160500,0.277,0.454,0.270
161000,0.286,0.460,0.254
161500,0.291,0.447,0.262
162000,0.296,0.445,0.259
162500,0.299,0.435,0.266
163000,0.304,0.435,0.260
163500,0.302,0.427,0.270
164000,0.314,0.424,0.263
164500,0.314,0.426,0.259
165000,0.317,0.413,0.270
165500,0.316,0.410,0.274
166000,0.332,0.391,0.277
166500,0.334,0.389,0.277
167000,0.342,0.394,0.264
167500,0.347,0.392,0.261
168000,0.346,0.388,0.267
168500,0.347,0.370,0.283
169000,0.349,0.359,0.292
169500,0.352,0.359,0.288
170000,0.369,0.361,0.270
170500,0.375,0.361,0.264
171000,0.367,0.364,0.269
171500,0.360,0.370,0.270
172000,0.364,0.374,0.262
172500,0.371,0.361,0.267
173000,0.375,0.351,0.274
173500,0.380,0.356,0.264
174000,0.382,0.349,0.269
174500,0.382,0.345,0.273
175000,0.386,0.334,0.280
175500,0.400,0.337,0.264
176000,0.406,0.329,0.266
176500,0.411,0.317,0.272
177000,0.422,0.311,0.267
177500,0.428,0.302,0.269
178000,0.420,0.297,0.283
178500,0.433,0.285,0.281
179000,0.442,0.276,0.283
179500,0.445,0.277,0.278
180000,0.451,0.274,0.276
180500,0.460,0.260,0.281
181000,0.477,0.257,0.266
181500,0.485,0.256,0.259
182000,0.499,0.244,0.257
182500,0.508,0.226,0.266
183000,0.515,0.214,0.271
183500,0.530,0.209,0.260
184000,0.532,0.203,0.264
184500,0.558,0.189,0.253
185000,0.559,0.178,0.263
185500,0.573,0.175,0.252
186000,0.588,0.169,0.243
186500,0.590,0.160,0.250
187000,0.590,0.161,0.250
187500,0.593,0.154,0.253
188000,0.618,0.148,0.234
188500,0.622,0.140,0.238
189000,0.633,0.139,0.228
189500,0.646,0.134,0.220
190000,0.659,0.122,0.219
190500,0.672,0.117,0.211
191000,0.697,0.106,0.197
191500,0.701,0.097,0.203
192000,0.719,0.084,0.197
192500,0.732,0.079,0.190
193000,0.745,0.070,0.185
193500,0.756,0.064,0.180
194000,0.774,0.059,0.167
194500,0.790,0.057,0.153
195000,0.793,0.051,0.156
195500,0.804,0.042,0.153
196000,0.820,0.043,0.138
196500,0.827,0.043,0.131
197000,0.830,0.044,0.126
197500,0.840,0.043,0.118
198000,0.844,0.036,0.120
198500,0.859,0.032,0.109
199000,0.874,0.028,0.098
199500,0.881,0.023,0.096
200000,0.891,0.020,0.089
200500,0.897,0.017,0.086
201000,0.895,0.018,0.086
201500,0.902,0.012,0.086
202000,0.917,0.011,0.071
202500,0.930,0.009,0.060
203000,0.945,0.007,0.048
203500,0.950,0.005,0.045
204000,0.959,0.004,0.037
204500,0.965,0.004,0.031
205000,0.970,0.003,0.028
205500,0.974,0.002,0.024
206000,0.974,0.002,0.025
206500,0.978,0.002,0.021
207000,0.979,0.001,0.020
207500,0.982,0.001,0.017
208000,0.984,0.001,0.016
208500,0.986,0.001,0.014
209000,0.990,0.000,0.010
209500,0.991,0.000,0.009
210000,0.991,0.000,0.009
210500,0.991,0.000,0.009
211000,0.993,0.000,0.007
211500,0.995,0.000,0.005
212000,0.996,0.000,0.004
212500,0.996,0.000,0.004
213000,0.997,0.000,0.003
213500,0.997,0.000,0.003
214000,0.999,0.000,0.001
214500,0.999,0.000,0.001
215000,1.000,0.000,0.000
215500,1.000,0.000,0.000
216000,1.000,0.000,0.000
216500,1.000,0.000,0.000
217000,1.000,0.000,0.000
