time,n_A+p,n_B,n_AB
500,0.080,0.904,0.016
1000,0.081,0.890,0.029
1500,0.082,0.881,0.037
2000,0.083,0.871,0.047
2500,0.083,0.859,0.059
3000,0.083,0.849,0.069
3500,0.085,0.839,0.077
4000,0.088,0.836,0.076
4500,0.090,0.826,0.084
5000,0.088,0.817,0.095
5500,0.089,0.812,0.099
6000,0.087,0.805,0.107
6500,0.089,0.793,0.117
7000,0.093,0.788,0.119
7500,0.096,0.775,0.129
8000,0.100,0.768,0.132
8500,0.100,0.765,0.135
9000,0.099,0.761,0.140
9500,0.102,0.747,0.151
10000,0.105,0.747,0.148
10500,0.105,0.746,0.149
11000,0.109,0.746,0.145
11500,0.111,0.741,0.148
12000,0.114,0.737,0.149
12500,0.115,0.735,0.150
13000,0.113,0.743,0.144
13500,0.118,0.742,0.140
14000,0.120,0.735,0.145
14500,0.116,0.730,0.154
15000,0.121,0.720,0.159
15500,0.118,0.716,0.166
16000,0.118,0.720,0.161
16500,0.117,0.716,0.167
17000,0.122,0.711,0.167
17500,0.122,0.713,0.165
18000,0.121,0.710,0.169
18500,0.123,0.701,0.176
19000,0.117,0.699,0.184
19500,0.122,0.700,0.178
20000,0.122,0.694,0.183
20500,0.122,0.691,0.186
21000,0.125,0.689,0.186
21500,0.130,0.692,0.178
22000,0.136,0.680,0.184
22500,0.142,0.668,0.189
23000,0.151,0.662,0.186
23500,0.155,0.654,0.191
24000,0.155,0.645,0.200
24500,0.155,0.636,0.209
25000,0.154,0.639,0.207
25500,0.155,0.633,0.212
26000,0.158,0.628,0.214
26500,0.158,0.621,0.221
27000,0.154,0.625,0.220
27500,0.156,0.625,0.219
28000,0.153,0.630,0.217
28500,0.152,0.631,0.217
29000,0.158,0.625,0.217
29500,0.153,0.624,0.223
30000,0.157,0.620,0.224
30500,0.151,0.617,0.232
31000,0.151,0.626,0.223
31500,0.155,0.634,0.211
32000,0.159,0.629,0.212
32500,0.161,0.621,0.218
33000,0.164,0.616,0.220
33500,0.167,0.608,0.226
34000,0.170,0.598,0.233
34500,0.172,0.589,0.240
35000,0.174,0.581,0.245
35500,0.174,0.589,0.237
36000,0.169,0.585,0.246
36500,0.170,0.587,0.244
37000,0.167,0.583,0.251
37500,0.166,0.585,0.250
38000,0.157,0.595,0.249
38500,0.167,0.591,0.243
39000,0.173,0.585,0.242
39500,0.181,0.590,0.229
40000,0.173,0.580,0.247
40500,0.177,0.582,0.241
41000,0.180,0.582,0.238
41500,0.186,0.586,0.229
42000,0.185,0.582,0.233
42500,0.182,0.592,0.227
43000,0.183,0.586,0.231
43500,0.177,0.589,0.234
44000,0.173,0.589,0.238
44500,0.169,0.599,0.233
45000,0.172,0.599,0.230
45500,0.174,0.605,0.222
46000,0.174,0.601,0.225
46500,0.175,0.595,0.230
47000,0.177,0.596,0.227
47500,0.174,0.602,0.224
48000,0.182,0.589,0.229
48500,0.191,0.590,0.220
49000,0.196,0.583,0.222
49500,0.199,0.579,0.222
50000,0.193,0.576,0.232
50500,0.197,0.562,0.241
51000,0.205,0.550,0.245
51500,0.213,0.547,0.240
52000,0.216,0.532,0.252
52500,0.212,0.530,0.258
53000,0.211,0.521,0.267
53500,0.216,0.517,0.267
54000,0.221,0.509,0.270
54500,0.224,0.506,0.270
55000,0.232,0.510,0.258
55500,0.244,0.513,0.243
56000,0.235,0.499,0.265
56500,0.235,0.483,0.282
57000,0.242,0.482,0.276
57500,0.251,0.490,0.260
58000,0.244,0.478,0.277
58500,0.246,0.465,0.289
59000,0.245,0.474,0.280
59500,0.252,0.471,0.277
60000,0.255,0.469,0.276
60500,0.254,0.470,0.276
61000,0.267,0.459,0.275
61500,0.264,0.463,0.273
62000,0.273,0.462,0.265
62500,0.272,0.452,0.276
63000,0.274,0.442,0.285
63500,0.295,0.439,0.266
64000,0.294,0.421,0.285
64500,0.303,0.415,0.282
65000,0.299,0.413,0.287
65500,0.307,0.407,0.286
66000,0.306,0.407,0.287
66500,0.303,0.403,0.293
67000,0.312,0.410,0.277
67500,0.316,0.410,0.275
68000,0.319,0.398,0.284
68500,0.322,0.388,0.290
69000,0.322,0.384,0.295
69500,0.336,0.383,0.282
70000,0.344,0.378,0.279
70500,0.342,0.374,0.284
71000,0.344,0.360,0.296
71500,0.349,0.354,0.297
72000,0.344,0.355,0.301
72500,0.348,0.341,0.311
73000,0.355,0.331,0.315
73500,0.363,0.327,0.310
74000,0.368,0.324,0.307
74500,0.367,0.315,0.318
75000,0.379,0.308,0.313
75500,0.386,0.312,0.301
76000,0.397,0.303,0.300
76500,0.406,0.293,0.300
77000,0.426,0.291,0.283
77500,0.434,0.279,0.287
78000,0.452,0.277,0.271
78500,0.456,0.268,0.276
79000,0.461,0.258,0.281
79500,0.460,0.254,0.287
80000,0.451,0.256,0.293
80500,0.459,0.240,0.301
81000,0.460,0.233,0.307
81500,0.471,0.234,0.295
82000,0.481,0.227,0.292
82500,0.489,0.220,0.290
83000,0.499,0.205,0.296
83500,0.507,0.206,0.286
84000,0.522,0.202,0.276
84500,0.540,0.196,0.264
85000,0.540,0.182,0.277
85500,0.573,0.166,0.261
86000,0.579,0.161,0.260
86500,0.585,0.156,0.259
87000,0.586,0.153,0.261
87500,0.604,0.141,0.256
88000,0.623,0.138,0.240
88500,0.641,0.126,0.233
89000,0.650,0.110,0.240
89500,0.664,0.102,0.233
90000,0.679,0.099,0.222
90500,0.684,0.087,0.228
91000,0.678,0.086,0.235
91500,0.693,0.085,0.222
92000,0.710,0.084,0.207
92500,0.719,0.083,0.199
93000,0.737,0.081,0.182
93500,0.749,0.070,0.181
94000,0.753,0.064,0.183
94500,0.762,0.059,0.179
95000,0.773,0.054,0.173
95500,0.787,0.045,0.168
96000,0.805,0.043,0.152
96500,0.819,0.037,0.144
97000,0.827,0.038,0.135
97500,0.838,0.036,0.126
98000,0.852,0.035,0.113
98500,0.856,0.030,0.114
99000,0.866,0.026,0.108
99500,0.873,0.021,0.106
100000,0.884,0.021,0.095
100500,0.887,0.017,0.096
101000,0.891,0.014,0.095
101500,0.898,0.014,0.088
102000,0.902,0.011,0.087
102500,0.913,0.010,0.077
103000,0.915,0.010,0.075
103500,0.923,0.011,0.066
104000,0.926,0.009,0.064
104500,0.934,0.007,0.059
105000,0.943,0.005,0.052
105500,0.949,0.004,0.047
106000,0.957,0.003,0.040
106500,0.962,0.002,0.036
107000,0.970,0.002,0.029
107500,0.974,0.002,0.025
108000,0.978,0.001,0.021
108500,0.980,0.000,0.020
109000,0.981,0.000,0.019
109500,0.984,0.000,0.016
110000,0.987,0.000,0.013
110500,0.988,0.000,0.012
111000,0.989,0.000,0.011
111500,0.990,0.000,0.010
112000,0.992,0.000,0.008
112500,0.994,0.000,0.006
113000,0.995,0.000,0.005
113500,0.996,0.000,0.004
114000,0.997,0.000,0.003
114500,0.999,0.000,0.001
115000,1.000,0.000,0.000
115500,1.000,0.000,0.000
116000,1.000,0.000,0.000
116500,1.000,0.000,0.000
117000,1.000,0.000,0.000
117500,1.000,0.000,0.000
118000,1.000,0.000,0.000
118500,1.000,0.000,0.000
119000,0.999,0.000,0.001
119500,0.999,0.000,0.001
120000,1.000,0.000,0.000
120500,1.000,0.000,0.000
