time,n_A+p,n_B,n_AB
500,0.030,0.800,0.170
1000,0.030,0.395,0.575
1500,0.030,0.215,0.755
2000,0.030,0.497,0.473
2500,0.030,0.342,0.628
3000,0.030,0.376,0.594
3500,0.030,0.327,0.643
4000,0.030,0.295,0.675
4500,0.030,0.276,0.694
5000,0.030,0.485,0.485
5500,0.030,0.392,0.578
6000,0.030,0.258,0.712
6500,0.030,0.204,0.766
7000,0.030,0.365,0.605
7500,0.030,0.260,0.710
8000,0.030,0.319,0.651
8500,0.030,0.304,0.666
9000,0.030,0.212,0.758
9500,0.030,0.123,0.847
10000,0.030,0.411,0.559
10500,0.030,0.374,0.596
11000,0.030,0.426,0.544
11500,0.030,0.365,0.605
12000,0.030,0.370,0.600
12500,0.030,0.239,0.731
13000,0.030,0.292,0.678
13500,0.030,0.423,0.547
14000,0.030,0.238,0.732
14500,0.030,0.425,0.545
15000,0.030,0.217,0.753
15500,0.030,0.280,0.690
16000,0.030,0.425,0.545
16500,0.030,0.314,0.656
17000,0.030,0.312,0.658
17500,0.030,0.280,0.690
18000,0.030,0.477,0.493
18500,0.030,0.392,0.578
19000,0.030,0.375,0.595
19500,0.030,0.311,0.659
20000,0.030,0.385,0.585
20500,0.030,0.338,0.632
21000,0.056,0.096,0.848
21500,0.030,0.433,0.537
22000,0.030,0.360,0.610
22500,0.030,0.362,0.608
23000,0.036,0.166,0.798
23500,0.030,0.244,0.726
24000,0.030,0.226,0.744
24500,0.030,0.352,0.618
25000,0.040,0.225,0.735
25500,0.030,0.352,0.618
26000,0.030,0.301,0.669
26500,0.030,0.388,0.582
27000,0.030,0.395,0.575
27500,0.030,0.283,0.687
28000,0.030,0.298,0.672
28500,0.030,0.337,0.633
29000,0.030,0.289,0.681
29500,0.030,0.321,0.649
30000,0.030,0.393,0.577
30500,0.030,0.264,0.706
31000,0.030,0.277,0.693
31500,0.030,0.429,0.541
32000,0.030,0.341,0.629
32500,0.030,0.249,0.721
33000,0.030,0.263,0.707
33500,0.030,0.289,0.681
34000,0.030,0.386,0.584
34500,0.030,0.313,0.657
35000,0.030,0.456,0.514
35500,0.030,0.373,0.597
36000,0.030,0.384,0.586
36500,0.030,0.405,0.565
37000,0.030,0.257,0.713
37500,0.030,0.333,0.637
38000,0.030,0.425,0.545
38500,0.030,0.308,0.662
39000,0.030,0.436,0.534
39500,0.030,0.353,0.617
40000,0.030,0.502,0.468
40500,0.030,0.307,0.663
41000,0.030,0.271,0.699
41500,0.030,0.345,0.625
42000,0.030,0.309,0.661
42500,0.030,0.357,0.613
43000,0.030,0.293,0.677
43500,0.030,0.288,0.682
44000,0.030,0.350,0.620
44500,0.030,0.433,0.537
45000,0.030,0.274,0.696
45500,0.030,0.347,0.623
46000,0.030,0.360,0.610
46500,0.030,0.325,0.645
47000,0.030,0.247,0.723
47500,0.030,0.268,0.702
48000,0.030,0.420,0.550
48500,0.030,0.397,0.573
49000,0.030,0.360,0.610
49500,0.030,0.369,0.601
50000,0.030,0.376,0.594
50500,0.030,0.246,0.724
51000,0.030,0.449,0.521
51500,0.030,0.371,0.599
52000,0.030,0.225,0.745
52500,0.030,0.197,0.773
53000,0.030,0.416,0.554
53500,0.030,0.186,0.784
54000,0.030,0.349,0.621
54500,0.030,0.244,0.726
55000,0.030,0.385,0.585
55500,0.030,0.449,0.521
56000,0.030,0.254,0.716
56500,0.030,0.432,0.538
57000,0.030,0.343,0.627
57500,0.030,0.365,0.605
58000,0.030,0.259,0.711
58500,0.030,0.355,0.615
59000,0.030,0.241,0.729
59500,0.030,0.341,0.629
60000,0.030,0.296,0.674
60500,0.030,0.245,0.725
61000,0.030,0.297,0.673
61500,0.030,0.358,0.612
62000,0.030,0.246,0.724
62500,0.030,0.292,0.678
63000,0.030,0.287,0.683
63500,0.030,0.233,0.737
64000,0.030,0.340,0.630
64500,0.030,0.225,0.745
65000,0.030,0.445,0.525
65500,0.030,0.289,0.681
66000,0.030,0.267,0.703
66500,0.030,0.343,0.627
67000,0.030,0.315,0.655
67500,0.030,0.312,0.658
68000,0.030,0.309,0.661
68500,0.030,0.444,0.526
69000,0.030,0.295,0.675
69500,0.030,0.247,0.723
70000,0.030,0.321,0.649
70500,0.030,0.373,0.597
71000,0.030,0.211,0.759
71500,0.030,0.375,0.595
72000,0.030,0.410,0.560
72500,0.030,0.239,0.731
73000,0.030,0.333,0.637
73500,0.030,0.390,0.580
74000,0.030,0.372,0.598
74500,0.030,0.216,0.754
75000,0.030,0.310,0.660
75500,0.030,0.256,0.714
76000,0.030,0.233,0.737
76500,0.030,0.439,0.531
77000,0.030,0.414,0.556
77500,0.030,0.484,0.486
78000,0.030,0.302,0.668
78500,0.030,0.310,0.660
79000,0.030,0.208,0.762
79500,0.030,0.264,0.706
80000,0.030,0.318,0.652
80500,0.030,0.236,0.734
81000,0.030,0.284,0.686
81500,0.030,0.332,0.638
82000,0.030,0.381,0.589
82500,0.030,0.298,0.672
83000,0.030,0.332,0.638
83500,0.030,0.257,0.713
84000,0.030,0.412,0.558
84500,0.030,0.319,0.651
85000,0.030,0.297,0.673
85500,0.030,0.307,0.663
86000,0.030,0.320,0.650
86500,0.033,0.250,0.717
87000,0.030,0.375,0.595
87500,0.030,0.290,0.680
88000,0.030,0.290,0.680
88500,0.030,0.271,0.699
89000,0.030,0.262,0.708
89500,0.030,0.350,0.620
90000,0.030,0.312,0.658
90500,0.031,0.182,0.787
91000,0.030,0.230,0.740
91500,0.030,0.310,0.660
92000,0.030,0.313,0.657
92500,0.030,0.256,0.714
93000,0.030,0.547,0.423
93500,0.114,0.053,0.833
94000,0.910,0.000,0.090
94500,0.995,0.000,0.005
95000,1.000,0.000,0.000
