time,n_A+p,n_B,n_AB
100,0.355,0.483,0.162
200,0.291,0.434,0.275
300,0.254,0.419,0.327
400,0.229,0.382,0.388
500,0.208,0.450,0.343
600,0.196,0.422,0.382
700,0.217,0.404,0.379
800,0.190,0.437,0.373
900,0.196,0.440,0.364
1000,0.217,0.434,0.349
1100,0.232,0.416,0.352
1200,0.223,0.428,0.349
1300,0.220,0.413,0.367
1400,0.220,0.437,0.343
1500,0.232,0.416,0.352
1600,0.223,0.401,0.376
1700,0.235,0.431,0.333
1800,0.242,0.456,0.303
1900,0.263,0.443,0.294
2000,0.266,0.391,0.343
2100,0.263,0.391,0.346
2200,0.257,0.404,0.339
2300,0.248,0.379,0.373
2400,0.260,0.379,0.361
2500,0.263,0.382,0.355
2600,0.275,0.382,0.343
2700,0.318,0.330,0.352
2800,0.339,0.339,0.321
2900,0.343,0.339,0.318
3000,0.352,0.324,0.324
3100,0.349,0.349,0.303
3200,0.343,0.355,0.303
3300,0.349,0.349,0.303
3400,0.324,0.349,0.327
3500,0.318,0.343,0.339
3600,0.321,0.306,0.373
3700,0.333,0.318,0.349
3800,0.352,0.312,0.336
3900,0.367,0.300,0.333
4000,0.410,0.284,0.306
4100,0.425,0.275,0.300
4200,0.471,0.269,0.260
4300,0.480,0.251,0.269
4400,0.459,0.229,0.312
4500,0.459,0.257,0.284
4600,0.434,0.245,0.321
4700,0.398,0.263,0.339
4800,0.431,0.239,0.330
4900,0.446,0.214,0.339
5000,0.459,0.199,0.343
5100,0.443,0.205,0.352
5200,0.431,0.229,0.339
5300,0.450,0.232,0.318
5400,0.480,0.245,0.275
5500,0.453,0.235,0.312
5600,0.471,0.223,0.306
5700,0.437,0.235,0.327
5800,0.428,0.242,0.330
5900,0.416,0.220,0.364
6000,0.422,0.226,0.352
6100,0.437,0.214,0.349
6200,0.440,0.226,0.333
6300,0.428,0.223,0.349
6400,0.440,0.208,0.352
6500,0.462,0.205,0.333
6600,0.465,0.211,0.324
6700,0.450,0.202,0.349
6800,0.477,0.211,0.312
6900,0.471,0.190,0.339
7000,0.468,0.187,0.346
7100,0.483,0.217,0.300
7200,0.477,0.205,0.318
7300,0.468,0.223,0.309
7400,0.492,0.226,0.281
7500,0.462,0.223,0.315
7600,0.465,0.220,0.315
7700,0.483,0.251,0.266
7800,0.474,0.223,0.303
7900,0.471,0.248,0.281
8000,0.483,0.229,0.287
8100,0.477,0.239,0.284
8200,0.477,0.232,0.291
8300,0.462,0.245,0.294
8400,0.453,0.260,0.287
8500,0.471,0.260,0.269
8600,0.495,0.229,0.275
8700,0.520,0.226,0.254
8800,0.492,0.226,0.281
8900,0.535,0.193,0.272
9000,0.550,0.180,0.269
9100,0.593,0.150,0.257
9200,0.609,0.119,0.272
9300,0.599,0.122,0.278
9400,0.599,0.141,0.260
9500,0.563,0.147,0.291
9600,0.544,0.141,0.315
9700,0.593,0.144,0.263
9800,0.606,0.128,0.266
9900,0.599,0.131,0.269
10000,0.596,0.119,0.284
10100,0.612,0.116,0.272
10200,0.630,0.104,0.266
10300,0.627,0.095,0.278
10400,0.645,0.101,0.254
10500,0.657,0.104,0.239
10600,0.673,0.070,0.257
10700,0.682,0.052,0.266
10800,0.725,0.049,0.226
10900,0.755,0.061,0.183
11000,0.743,0.055,0.202
11100,0.780,0.046,0.174
11200,0.783,0.058,0.159
11300,0.752,0.049,0.199
11400,0.768,0.040,0.193
11500,0.768,0.034,0.199
11600,0.761,0.040,0.199
11700,0.731,0.028,0.242
11800,0.743,0.046,0.211
11900,0.774,0.043,0.183
12000,0.774,0.046,0.180
12100,0.765,0.037,0.199
12200,0.771,0.028,0.202
12300,0.777,0.040,0.183
12400,0.774,0.031,0.196
12500,0.789,0.028,0.183
12600,0.810,0.024,0.165
12700,0.835,0.021,0.144
12800,0.853,0.012,0.135
12900,0.881,0.012,0.107
13000,0.899,0.003,0.098
13100,0.911,0.003,0.086
13200,0.927,0.003,0.070
13300,0.930,0.003,0.067
13400,0.936,0.003,0.061
13500,0.951,0.003,0.046
13600,0.954,0.003,0.043
13700,0.945,0.006,0.049
13800,0.948,0.003,0.049
13900,0.936,0.003,0.061
14000,0.948,0.000,0.052
14100,0.936,0.000,0.064
14200,0.945,0.000,0.055
14300,0.945,0.000,0.055
14400,0.960,0.000,0.040
14500,0.969,0.000,0.031
14600,0.976,0.000,0.024
14700,0.951,0.000,0.049
14800,0.957,0.000,0.043
14900,0.957,0.000,0.043
15000,0.960,0.000,0.040
15100,0.972,0.000,0.028
15200,0.979,0.000,0.021
15300,0.982,0.000,0.018
15400,0.985,0.000,0.015
15500,0.982,0.000,0.018
15600,0.985,0.000,0.015
15700,0.988,0.000,0.012
15800,0.985,0.000,0.015
15900,0.988,0.000,0.012
16000,0.988,0.000,0.012
16100,0.985,0.000,0.015
16200,0.988,0.000,0.012
16300,0.991,0.000,0.009
16400,0.988,0.000,0.012
16500,0.982,0.000,0.018
16600,0.976,0.000,0.024
16700,0.979,0.000,0.021
16800,0.982,0.000,0.018
16900,0.985,0.000,0.015
17000,0.979,0.000,0.021
17100,0.985,0.000,0.015
17200,0.985,0.000,0.015
17300,0.991,0.000,0.009
17400,0.991,0.000,0.009
17500,0.991,0.000,0.009
17600,0.994,0.000,0.006
17700,0.994,0.000,0.006
17800,0.988,0.000,0.012
17900,0.991,0.000,0.009
18000,0.997,0.000,0.003
18100,0.997,0.000,0.003
18200,1.000,0.000,0.000
