time,n_A+p,n_B,n_AB
0,0.010,0.990,0.000
500,0.010,0.975,0.015
1000,0.010,0.983,0.007
1500,0.010,0.978,0.012
2000,0.010,0.973,0.017
2500,0.010,0.955,0.035
3000,0.010,0.958,0.032
3500,0.010,0.945,0.045
4000,0.010,0.940,0.050
4500,0.010,0.926,0.065
5000,0.010,0.933,0.057
5500,0.010,0.926,0.065
6000,0.010,0.926,0.065
6500,0.015,0.851,0.134
7000,0.017,0.826,0.156
7500,0.015,0.801,0.184
8000,0.022,0.777,0.201
8500,0.012,0.757,0.231
9000,0.015,0.757,0.228
9500,0.045,0.737,0.218
10000,0.047,0.702,0.251
10500,0.025,0.722,0.253
11000,0.022,0.700,0.278
11500,0.042,0.720,0.238
12000,0.055,0.700,0.246
12500,0.037,0.705,0.258
13000,0.040,0.685,0.275
13500,0.065,0.618,0.318
14000,0.052,0.677,0.270
14500,0.035,0.645,0.320
15000,0.050,0.600,0.350
15500,0.055,0.687,0.258
16000,0.050,0.670,0.280
16500,0.042,0.628,0.330
17000,0.045,0.633,0.323
17500,0.042,0.648,0.310
18000,0.047,0.677,0.275
18500,0.045,0.730,0.226
19000,0.045,0.680,0.275
19500,0.025,0.663,0.313
20000,0.027,0.690,0.283
20500,0.025,0.705,0.270
21000,0.052,0.695,0.253
21500,0.047,0.725,0.228
22000,0.040,0.712,0.248
22500,0.065,0.685,0.251
23000,0.047,0.690,0.263
23500,0.050,0.710,0.241
24000,0.067,0.685,0.248
24500,0.062,0.665,0.273
25000,0.065,0.658,0.278
25500,0.045,0.640,0.315
26000,0.077,0.663,0.261
26500,0.084,0.633,0.283
27000,0.060,0.608,0.333
27500,0.067,0.568,0.365
28000,0.062,0.623,0.315
28500,0.042,0.675,0.283
29000,0.042,0.695,0.263
29500,0.032,0.732,0.236
30000,0.037,0.715,0.248
30500,0.050,0.690,0.261
31000,0.067,0.650,0.283
31500,0.072,0.630,0.298
32000,0.089,0.605,0.305
32500,0.082,0.556,0.362
33000,0.087,0.551,0.362
33500,0.097,0.543,0.360
34000,0.107,0.538,0.355
34500,0.087,0.568,0.345
35000,0.079,0.573,0.347
35500,0.089,0.553,0.357
36000,0.089,0.568,0.342
36500,0.114,0.541,0.345
37000,0.097,0.541,0.362
37500,0.099,0.504,0.397
38000,0.102,0.479,0.419
38500,0.099,0.538,0.362
39000,0.129,0.489,0.382
39500,0.099,0.447,0.454
40000,0.122,0.429,0.449
40500,0.159,0.395,0.447
41000,0.146,0.385,0.469
41500,0.119,0.380,0.501
42000,0.122,0.400,0.479
42500,0.104,0.387,0.509
43000,0.122,0.439,0.439
43500,0.097,0.533,0.370
44000,0.074,0.538,0.387
44500,0.077,0.563,0.360
45000,0.067,0.603,0.330
45500,0.065,0.663,0.273
46000,0.072,0.603,0.325
46500,0.104,0.588,0.308
47000,0.102,0.491,0.407
47500,0.097,0.471,0.432
48000,0.129,0.471,0.400
48500,0.084,0.494,0.422
49000,0.087,0.531,0.382
49500,0.077,0.533,0.390
50000,0.067,0.506,0.427
50500,0.060,0.514,0.427
51000,0.074,0.543,0.382
51500,0.072,0.543,0.385
52000,0.062,0.524,0.414
52500,0.067,0.581,0.352
53000,0.055,0.591,0.355
53500,0.045,0.598,0.357
54000,0.055,0.583,0.362
54500,0.082,0.551,0.367
55000,0.114,0.556,0.330
55500,0.067,0.591,0.342
56000,0.057,0.568,0.375
56500,0.040,0.583,0.377
57000,0.055,0.630,0.315
57500,0.062,0.583,0.355
58000,0.045,0.598,0.357
58500,0.057,0.598,0.345
59000,0.082,0.581,0.337
59500,0.094,0.516,0.390
60000,0.112,0.501,0.387
60500,0.092,0.491,0.417
61000,0.087,0.476,0.437
61500,0.062,0.454,0.484
62000,0.065,0.499,0.437
62500,0.092,0.519,0.390
63000,0.077,0.474,0.449
63500,0.087,0.464,0.449
64000,0.082,0.476,0.442
64500,0.072,0.516,0.412
65000,0.092,0.531,0.377
65500,0.069,0.529,0.402
66000,0.079,0.543,0.377
66500,0.087,0.529,0.385
67000,0.050,0.603,0.347
67500,0.047,0.558,0.395
68000,0.065,0.558,0.377
68500,0.074,0.568,0.357
69000,0.089,0.531,0.380
69500,0.077,0.556,0.367
70000,0.040,0.593,0.367
70500,0.082,0.586,0.333
71000,0.087,0.613,0.300
71500,0.074,0.566,0.360
72000,0.094,0.571,0.335
72500,0.074,0.543,0.382
73000,0.092,0.571,0.337
73500,0.069,0.593,0.337
74000,0.069,0.608,0.323
74500,0.060,0.623,0.318
75000,0.069,0.586,0.345
75500,0.047,0.628,0.325
76000,0.027,0.663,0.310
76500,0.030,0.653,0.318
77000,0.025,0.663,0.313
77500,0.040,0.670,0.290
78000,0.042,0.628,0.330
78500,0.047,0.596,0.357
79000,0.072,0.556,0.372
79500,0.067,0.533,0.400
80000,0.077,0.543,0.380
80500,0.087,0.524,0.390
81000,0.084,0.543,0.372
81500,0.079,0.524,0.397
82000,0.094,0.499,0.407
82500,0.087,0.533,0.380
83000,0.102,0.489,0.409
83500,0.112,0.457,0.432
84000,0.109,0.479,0.412
84500,0.074,0.516,0.409
85000,0.060,0.591,0.350
85500,0.050,0.593,0.357
86000,0.062,0.628,0.310
86500,0.067,0.635,0.298
87000,0.060,0.633,0.308
87500,0.067,0.615,0.318
88000,0.069,0.605,0.325
88500,0.047,0.615,0.337
89000,0.074,0.603,0.323
89500,0.057,0.600,0.342
90000,0.060,0.573,0.367
90500,0.102,0.529,0.370
91000,0.104,0.486,0.409
91500,0.079,0.469,0.452
92000,0.122,0.459,0.419
92500,0.141,0.444,0.414
93000,0.169,0.457,0.375
93500,0.169,0.372,0.459
94000,0.176,0.347,0.476
94500,0.233,0.333,0.434
95000,0.228,0.318,0.454
95500,0.206,0.288,0.506
96000,0.213,0.280,0.506
96500,0.208,0.268,0.524
97000,0.268,0.258,0.474
97500,0.253,0.258,0.489
98000,0.248,0.251,0.501
98500,0.280,0.248,0.471
99000,0.273,0.251,0.476
99500,0.313,0.189,0.499
100000,0.345,0.223,0.432
100500,0.340,0.181,0.479
101000,0.285,0.186,0.529
101500,0.258,0.218,0.524
102000,0.337,0.179,0.484
102500,0.362,0.146,0.491
103000,0.417,0.119,0.464
103500,0.409,0.112,0.479
104000,0.400,0.136,0.464
104500,0.424,0.112,0.464
105000,0.412,0.114,0.474
105500,0.432,0.156,0.412
106000,0.459,0.154,0.387
106500,0.395,0.132,0.474
107000,0.429,0.097,0.474
107500,0.511,0.094,0.395
108000,0.504,0.074,0.422
108500,0.506,0.092,0.402
109000,0.452,0.092,0.457
109500,0.511,0.084,0.404
110000,0.521,0.077,0.402
110500,0.563,0.089,0.347
111000,0.551,0.094,0.355
111500,0.581,0.082,0.337
112000,0.593,0.062,0.345
112500,0.608,0.060,0.333
113000,0.576,0.082,0.342
113500,0.603,0.074,0.323
114000,0.618,0.060,0.323
114500,0.658,0.032,0.310
115000,0.682,0.047,0.270
115500,0.720,0.030,0.251
116000,0.630,0.042,0.328
116500,0.618,0.069,0.313
117000,0.581,0.060,0.360
117500,0.615,0.057,0.328
118000,0.591,0.067,0.342
118500,0.613,0.052,0.335
119000,0.638,0.050,0.313
119500,0.600,0.047,0.352
120000,0.613,0.060,0.328
120500,0.598,0.067,0.335
121000,0.596,0.065,0.340
121500,0.571,0.065,0.365
122000,0.558,0.045,0.397
122500,0.568,0.060,0.372
123000,0.613,0.047,0.340
123500,0.640,0.045,0.315
124000,0.620,0.060,0.320
124500,0.638,0.027,0.335
125000,0.677,0.045,0.278
125500,0.643,0.027,0.330
126000,0.677,0.020,0.303
126500,0.732,0.017,0.251
127000,0.774,0.007,0.218
127500,0.764,0.017,0.218
128000,0.777,0.012,0.211
128500,0.811,0.002,0.186
129000,0.864,0.007,0.129
129500,0.891,0.002,0.107
130000,0.891,0.002,0.107
130500,0.903,0.002,0.094
131000,0.901,0.010,0.089
131500,0.898,0.010,0.092
132000,0.836,0.002,0.161
132500,0.799,0.017,0.184
133000,0.814,0.015,0.171
133500,0.764,0.012,0.223
134000,0.779,0.017,0.203
134500,0.794,0.010,0.196
135000,0.831,0.007,0.161
135500,0.834,0.002,0.164
136000,0.851,0.005,0.144
136500,0.864,0.005,0.132
137000,0.829,0.010,0.161
137500,0.829,0.010,0.161
138000,0.849,0.007,0.144
138500,0.888,0.010,0.102
139000,0.906,0.007,0.087
139500,0.908,0.005,0.087
140000,0.876,0.017,0.107
140500,0.893,0.010,0.097
141000,0.868,0.005,0.127
141500,0.883,0.010,0.107
142000,0.893,0.012,0.094
142500,0.849,0.002,0.149
143000,0.839,0.002,0.159
143500,0.896,0.002,0.102
144000,0.918,0.002,0.079
144500,0.933,0.002,0.065
145000,0.933,0.002,0.065
145500,0.948,0.002,0.050
146000,0.950,0.002,0.047
146500,0.968,0.002,0.030
147000,0.970,0.002,0.027
147500,0.975,0.002,0.022
148000,0.963,0.002,0.035
148500,0.953,0.002,0.045
149000,0.975,0.002,0.022
149500,0.960,0.002,0.037
150000,0.950,0.002,0.047
150500,0.965,0.002,0.032
151000,0.963,0.002,0.035
151500,0.943,0.002,0.055
152000,0.891,0.002,0.107
152500,0.841,0.002,0.156
153000,0.846,0.012,0.141
153500,0.821,0.005,0.174
154000,0.851,0.002,0.146
154500,0.849,0.002,0.149
155000,0.881,0.012,0.107
155500,0.886,0.002,0.112
156000,0.893,0.002,0.104
156500,0.913,0.002,0.084
157000,0.886,0.002,0.112
157500,0.898,0.002,0.099
158000,0.908,0.005,0.087
158500,0.931,0.002,0.067
159000,0.953,0.002,0.045
159500,0.958,0.002,0.040
160000,0.960,0.002,0.037
160500,0.960,0.002,0.037
161000,0.963,0.002,0.035
161500,0.970,0.002,0.027
162000,0.963,0.002,0.035
162500,0.983,0.002,0.015
163000,0.993,0.002,0.005
163500,0.993,0.002,0.005
164000,0.993,0.002,0.005
164500,0.993,0.002,0.005
165000,0.995,0.002,0.002
165500,0.998,0.002,0.000
166000,0.998,0.002,0.000
166500,0.998,0.002,0.000
167000,0.998,0.002,0.000
167500,0.998,0.002,0.000
168000,0.998,0.002,0.000
168500,0.998,0.002,0.000
169000,0.998,0.002,0.000
169500,0.998,0.002,0.000
170000,0.998,0.002,0.000
170500,0.998,0.002,0.000
171000,0.998,0.002,0.000
171500,0.998,0.002,0.000
172000,0.998,0.002,0.000
172500,0.998,0.002,0.000
173000,0.998,0.002,0.000
173500,0.998,0.002,0.000
174000,0.998,0.002,0.000
174500,0.998,0.002,0.000
175000,0.998,0.002,0.000
175500,0.998,0.002,0.000
176000,0.998,0.002,0.000
176500,0.998,0.002,0.000
177000,0.998,0.002,0.000
177500,0.998,0.002,0.000
178000,0.998,0.002,0.000
178500,0.998,0.002,0.000
179000,0.998,0.002,0.000
179500,0.998,0.002,0.000
180000,0.998,0.002,0.000
180500,0.998,0.002,0.000
181000,0.998,0.002,0.000
181500,0.998,0.002,0.000
182000,0.998,0.002,0.000
182500,0.998,0.002,0.000
183000,0.998,0.002,0.000
183500,0.998,0.002,0.000
184000,0.995,0.002,0.002
184500,0.998,0.002,0.000
185000,0.998,0.002,0.000
185500,0.998,0.002,0.000
186000,0.998,0.002,0.000
186500,0.998,0.002,0.000
187000,0.998,0.002,0.000
187500,0.998,0.002,0.000
188000,0.998,0.002,0.000
188500,0.998,0.002,0.000
189000,0.998,0.002,0.000
189500,0.998,0.002,0.000
190000,0.998,0.002,0.000
190500,0.998,0.002,0.000
191000,0.998,0.002,0.000
191500,0.998,0.002,0.000
192000,0.995,0.002,0.002
192500,0.995,0.002,0.002
193000,0.995,0.002,0.002
193500,0.995,0.002,0.002
194000,0.998,0.002,0.000
194500,0.998,0.002,0.000
195000,1.000,0.000,0.000
