time,n_A+p,n_B,n_AB
100,0.411,0.505,0.084
200,0.377,0.473,0.151
300,0.385,0.421,0.194
400,0.366,0.396,0.238
500,0.352,0.367,0.281
600,0.347,0.345,0.308
700,0.364,0.299,0.336
800,0.379,0.289,0.332
900,0.329,0.304,0.367
1000,0.329,0.275,0.396
1100,0.327,0.289,0.384
1200,0.342,0.277,0.381
1300,0.385,0.271,0.345
1400,0.397,0.260,0.343
1500,0.363,0.291,0.346
1600,0.373,0.261,0.366
1700,0.369,0.265,0.366
1800,0.373,0.247,0.380
1900,0.398,0.228,0.375
2000,0.418,0.199,0.383
2100,0.420,0.221,0.360
2200,0.427,0.211,0.362
2300,0.389,0.231,0.380
2400,0.397,0.218,0.385
2500,0.371,0.201,0.428
2600,0.377,0.217,0.406
2700,0.364,0.204,0.431
2800,0.371,0.209,0.420
2900,0.347,0.209,0.444
3000,0.331,0.215,0.454
3100,0.319,0.253,0.428
3200,0.338,0.235,0.428
3300,0.345,0.240,0.416
3400,0.371,0.198,0.431
3500,0.377,0.200,0.423
3600,0.348,0.202,0.450
3700,0.336,0.218,0.446
3800,0.345,0.230,0.425
3900,0.326,0.268,0.406
4000,0.314,0.288,0.398
4100,0.281,0.325,0.394
4200,0.274,0.286,0.441
4300,0.290,0.275,0.435
4400,0.290,0.289,0.420
4500,0.294,0.258,0.448
4600,0.325,0.218,0.456
4700,0.356,0.203,0.441
4800,0.366,0.217,0.417
4900,0.363,0.217,0.420
5000,0.363,0.221,0.416
5100,0.391,0.196,0.413
5200,0.373,0.194,0.433
5300,0.381,0.190,0.429
5400,0.360,0.181,0.459
5500,0.341,0.205,0.454
5600,0.343,0.194,0.462
5700,0.330,0.203,0.467
5800,0.327,0.216,0.458
5900,0.303,0.236,0.460
6000,0.289,0.225,0.487
6100,0.290,0.239,0.470
6200,0.299,0.222,0.479
6300,0.297,0.223,0.480
6400,0.293,0.239,0.468
6500,0.297,0.244,0.459
6600,0.293,0.236,0.471
6700,0.249,0.249,0.502
6800,0.285,0.225,0.491
6900,0.281,0.227,0.492
7000,0.309,0.221,0.470
7100,0.355,0.196,0.449
7200,0.365,0.189,0.446
7300,0.370,0.182,0.449
7400,0.362,0.191,0.447
7500,0.338,0.190,0.471
7600,0.345,0.197,0.458
7700,0.356,0.186,0.458
7800,0.360,0.175,0.465
7900,0.372,0.187,0.441
8000,0.325,0.210,0.465
8100,0.308,0.217,0.475
8200,0.304,0.242,0.454
8300,0.302,0.219,0.479
8400,0.300,0.218,0.483
8500,0.361,0.198,0.441
8600,0.315,0.253,0.432
8700,0.297,0.286,0.417
8800,0.290,0.310,0.400
8900,0.276,0.307,0.417
9000,0.265,0.321,0.414
9100,0.239,0.344,0.417
9200,0.234,0.337,0.429
9300,0.243,0.324,0.432
9400,0.246,0.310,0.444
9500,0.229,0.293,0.478
9600,0.239,0.312,0.449
9700,0.212,0.317,0.471
9800,0.198,0.331,0.471
9900,0.225,0.311,0.464
10000,0.243,0.292,0.464
10100,0.238,0.291,0.471
10200,0.264,0.279,0.456
10300,0.265,0.282,0.452
10400,0.272,0.274,0.455
10500,0.279,0.242,0.478
10600,0.271,0.242,0.487
10700,0.265,0.244,0.491
10800,0.288,0.222,0.490
10900,0.272,0.216,0.512
11000,0.252,0.223,0.525
11100,0.233,0.215,0.551
11200,0.249,0.243,0.509
11300,0.256,0.224,0.521
11400,0.251,0.203,0.546
11500,0.276,0.209,0.515
11600,0.298,0.224,0.478
11700,0.292,0.225,0.483
11800,0.275,0.249,0.477
11900,0.280,0.276,0.444
12000,0.259,0.279,0.462
12100,0.226,0.303,0.470
12200,0.234,0.297,0.469
12300,0.250,0.274,0.477
12400,0.277,0.244,0.478
12500,0.297,0.228,0.475
12600,0.314,0.217,0.469
12700,0.329,0.222,0.449
12800,0.315,0.209,0.476
12900,0.299,0.221,0.481
13000,0.303,0.186,0.511
13100,0.283,0.187,0.529
13200,0.304,0.177,0.519
13300,0.292,0.221,0.487
13400,0.282,0.237,0.480
13500,0.262,0.249,0.489
13600,0.252,0.256,0.492
13700,0.282,0.270,0.448
13800,0.288,0.265,0.447
13900,0.271,0.270,0.459
14000,0.295,0.242,0.464
14100,0.287,0.242,0.471
14200,0.295,0.249,0.457
14300,0.259,0.253,0.488
14400,0.284,0.246,0.470
14500,0.315,0.228,0.456
14600,0.309,0.210,0.481
14700,0.302,0.207,0.491
14800,0.298,0.231,0.471
14900,0.301,0.244,0.455
15000,0.269,0.243,0.488
15100,0.264,0.244,0.492
15200,0.267,0.249,0.484
15300,0.256,0.258,0.487
15400,0.246,0.259,0.495
15500,0.261,0.263,0.476
15600,0.247,0.272,0.480
15700,0.237,0.271,0.492
15800,0.229,0.265,0.506
15900,0.254,0.233,0.513
16000,0.254,0.230,0.516
16100,0.282,0.225,0.493
16200,0.298,0.235,0.467
16300,0.271,0.264,0.465
16400,0.234,0.278,0.488
16500,0.229,0.306,0.465
16600,0.229,0.323,0.448
16700,0.235,0.301,0.464
16800,0.232,0.303,0.466
16900,0.263,0.277,0.460
17000,0.247,0.282,0.471
17100,0.228,0.292,0.480
17200,0.211,0.325,0.464
17300,0.212,0.316,0.472
17400,0.218,0.319,0.463
17500,0.212,0.339,0.449
17600,0.196,0.365,0.439
17700,0.215,0.336,0.448
17800,0.220,0.339,0.441
17900,0.204,0.321,0.475
18000,0.193,0.300,0.508
18100,0.218,0.307,0.476
18200,0.214,0.332,0.454
18300,0.190,0.360,0.449
18400,0.195,0.349,0.456
18500,0.224,0.323,0.453
18600,0.203,0.337,0.460
18700,0.203,0.373,0.425
18800,0.190,0.380,0.430
18900,0.200,0.377,0.423
19000,0.185,0.371,0.444
19100,0.173,0.366,0.462
19200,0.193,0.378,0.428
19300,0.199,0.350,0.451
19400,0.232,0.334,0.435
19500,0.207,0.349,0.445
19600,0.225,0.327,0.448
19700,0.195,0.345,0.460
19800,0.176,0.356,0.467
19900,0.180,0.328,0.492
20000,0.207,0.324,0.470
20100,0.189,0.338,0.473
20200,0.170,0.360,0.470
20300,0.183,0.329,0.488
20400,0.182,0.339,0.479
20500,0.180,0.350,0.470
20600,0.146,0.377,0.477
20700,0.204,0.353,0.443
20800,0.193,0.327,0.480
20900,0.172,0.325,0.503
21000,0.173,0.360,0.467
21100,0.175,0.343,0.483
21200,0.190,0.312,0.498
21300,0.186,0.319,0.495
21400,0.194,0.334,0.471
21500,0.191,0.319,0.490
21600,0.194,0.342,0.464
21700,0.215,0.369,0.416
21800,0.196,0.355,0.449
21900,0.180,0.339,0.481
22000,0.176,0.352,0.472
22100,0.226,0.310,0.464
22200,0.255,0.285,0.460
22300,0.264,0.278,0.459
22400,0.288,0.241,0.471
22500,0.266,0.253,0.481
22600,0.262,0.263,0.475
22700,0.241,0.272,0.487
22800,0.237,0.283,0.480
22900,0.266,0.278,0.456
23000,0.261,0.279,0.460
23100,0.259,0.253,0.488
23200,0.262,0.266,0.472
23300,0.278,0.235,0.488
23400,0.271,0.225,0.503
23500,0.251,0.224,0.525
23600,0.235,0.233,0.532
23700,0.214,0.270,0.516
23800,0.214,0.263,0.523
23900,0.201,0.258,0.541
24000,0.203,0.270,0.527
24100,0.180,0.290,0.530
24200,0.220,0.268,0.512
24300,0.278,0.237,0.485
24400,0.281,0.229,0.491
24500,0.257,0.257,0.487
24600,0.256,0.243,0.502
24700,0.272,0.233,0.495
24800,0.250,0.246,0.504
24900,0.249,0.223,0.529
25000,0.222,0.283,0.494
25100,0.210,0.297,0.494
25200,0.210,0.283,0.506
25300,0.203,0.268,0.529
25400,0.197,0.278,0.525
25500,0.183,0.263,0.554
25600,0.172,0.267,0.562
25700,0.215,0.249,0.536
25800,0.208,0.248,0.544
25900,0.195,0.269,0.536
26000,0.174,0.281,0.545
26100,0.162,0.289,0.549
26200,0.175,0.278,0.547
26300,0.190,0.256,0.554
26400,0.170,0.285,0.545
26500,0.184,0.300,0.516
26600,0.176,0.289,0.535
26700,0.167,0.303,0.530
26800,0.192,0.296,0.512
26900,0.196,0.290,0.514
27000,0.224,0.269,0.507
27100,0.214,0.276,0.510
27200,0.214,0.277,0.509
27300,0.214,0.264,0.522
27400,0.242,0.246,0.513
27500,0.240,0.237,0.522
27600,0.226,0.263,0.510
27700,0.253,0.246,0.501
27800,0.278,0.245,0.477
27900,0.272,0.243,0.485
28000,0.269,0.242,0.490
28100,0.303,0.218,0.480
28200,0.267,0.235,0.498
28300,0.265,0.211,0.524
28400,0.276,0.217,0.507
28500,0.267,0.250,0.483
28600,0.247,0.247,0.506
28700,0.269,0.251,0.480
28800,0.252,0.267,0.481
28900,0.267,0.256,0.478
29000,0.265,0.229,0.506
29100,0.260,0.234,0.506
29200,0.244,0.220,0.536
29300,0.272,0.228,0.499
29400,0.272,0.210,0.517
29500,0.258,0.228,0.514
29600,0.288,0.243,0.469
29700,0.278,0.217,0.505
29800,0.286,0.249,0.465
29900,0.290,0.247,0.463
30000,0.281,0.250,0.469
30100,0.275,0.257,0.469
30200,0.235,0.281,0.485
30300,0.225,0.297,0.478
30400,0.218,0.299,0.483
30500,0.210,0.286,0.504
30600,0.226,0.273,0.501
30700,0.218,0.283,0.498
30800,0.212,0.287,0.501
30900,0.245,0.296,0.459
31000,0.235,0.295,0.470
31100,0.235,0.272,0.494
31200,0.250,0.276,0.474
31300,0.245,0.277,0.478
31400,0.233,0.276,0.491
31500,0.247,0.292,0.461
31600,0.233,0.280,0.487
31700,0.234,0.259,0.507
31800,0.240,0.249,0.511
31900,0.257,0.243,0.501
32000,0.237,0.243,0.519
32100,0.251,0.227,0.522
32200,0.241,0.222,0.537
32300,0.238,0.239,0.523
32400,0.210,0.263,0.527
32500,0.196,0.290,0.515
32600,0.201,0.311,0.487
32700,0.206,0.324,0.470
32800,0.210,0.300,0.490
32900,0.206,0.309,0.485
33000,0.201,0.297,0.502
33100,0.216,0.308,0.476
33200,0.254,0.281,0.465
33300,0.219,0.286,0.495
33400,0.216,0.261,0.523
33500,0.202,0.276,0.522
33600,0.175,0.296,0.529
33700,0.173,0.314,0.513
33800,0.198,0.314,0.488
33900,0.200,0.299,0.501
34000,0.197,0.310,0.492
34100,0.220,0.312,0.468
34200,0.203,0.313,0.484
34300,0.182,0.314,0.504
34400,0.196,0.296,0.508
34500,0.206,0.307,0.487
34600,0.190,0.322,0.488
34700,0.186,0.345,0.469
34800,0.204,0.312,0.484
34900,0.176,0.341,0.483
35000,0.181,0.331,0.488
35100,0.173,0.350,0.477
35200,0.144,0.371,0.485
35300,0.160,0.368,0.471
35400,0.161,0.371,0.469
35500,0.158,0.394,0.448
35600,0.175,0.366,0.459
35700,0.158,0.396,0.446
35800,0.198,0.373,0.428
35900,0.171,0.383,0.446
36000,0.198,0.339,0.463
36100,0.194,0.306,0.499
36200,0.226,0.270,0.504
36300,0.224,0.289,0.487
36400,0.235,0.258,0.506
36500,0.226,0.254,0.520
36600,0.231,0.259,0.510
36700,0.247,0.297,0.455
36800,0.250,0.289,0.461
36900,0.282,0.261,0.456
37000,0.245,0.258,0.497
37100,0.220,0.267,0.513
37200,0.239,0.250,0.511
37300,0.225,0.265,0.510
37400,0.256,0.244,0.500
37500,0.240,0.278,0.482
37600,0.222,0.293,0.484
37700,0.229,0.304,0.467
37800,0.247,0.279,0.473
37900,0.213,0.336,0.451
38000,0.210,0.356,0.435
38100,0.226,0.324,0.451
38200,0.214,0.324,0.462
38300,0.205,0.347,0.448
38400,0.193,0.328,0.479
38500,0.193,0.320,0.487
38600,0.185,0.345,0.470
38700,0.175,0.354,0.471
38800,0.188,0.367,0.445
38900,0.214,0.347,0.438
39000,0.225,0.335,0.441
39100,0.231,0.327,0.442
39200,0.250,0.296,0.454
39300,0.228,0.320,0.452
39400,0.232,0.300,0.468
39500,0.219,0.334,0.448
39600,0.221,0.324,0.455
39700,0.224,0.304,0.471
39800,0.272,0.274,0.455
39900,0.269,0.256,0.475
40000,0.259,0.264,0.477
40100,0.280,0.240,0.480
40200,0.262,0.235,0.503
40300,0.254,0.279,0.467
40400,0.280,0.260,0.460
40500,0.297,0.241,0.462
40600,0.261,0.261,0.477
40700,0.271,0.242,0.487
40800,0.299,0.208,0.492
40900,0.299,0.250,0.451
41000,0.321,0.238,0.441
41100,0.308,0.208,0.484
41200,0.335,0.190,0.475
41300,0.376,0.169,0.455
41400,0.355,0.179,0.466
41500,0.335,0.208,0.458
41600,0.319,0.212,0.469
41700,0.310,0.218,0.472
41800,0.295,0.215,0.490
41900,0.304,0.204,0.492
42000,0.325,0.215,0.459
42100,0.277,0.267,0.456
42200,0.249,0.269,0.482
42300,0.263,0.267,0.470
42400,0.277,0.248,0.475
42500,0.294,0.227,0.479
42600,0.297,0.228,0.476
42700,0.294,0.225,0.481
42800,0.275,0.242,0.483
42900,0.260,0.254,0.486
43000,0.253,0.250,0.497
43100,0.275,0.226,0.499
43200,0.272,0.224,0.503
43300,0.271,0.244,0.485
43400,0.256,0.255,0.489
43500,0.275,0.226,0.498
43600,0.304,0.186,0.510
43700,0.304,0.190,0.506
43800,0.318,0.184,0.498
43900,0.290,0.201,0.508
44000,0.296,0.201,0.503
44100,0.293,0.201,0.506
44200,0.308,0.201,0.491
44300,0.300,0.189,0.512
44400,0.303,0.190,0.508
44500,0.287,0.194,0.519
44600,0.258,0.228,0.513
44700,0.244,0.237,0.519
44800,0.244,0.255,0.501
44900,0.233,0.254,0.513
45000,0.267,0.235,0.498
45100,0.260,0.252,0.488
45200,0.272,0.235,0.494
45300,0.286,0.221,0.493
45400,0.275,0.225,0.501
45500,0.250,0.233,0.517
45600,0.255,0.287,0.458
45700,0.236,0.304,0.460
45800,0.235,0.295,0.470
45900,0.258,0.308,0.434
46000,0.256,0.289,0.455
46100,0.265,0.269,0.466
46200,0.258,0.272,0.470
46300,0.268,0.270,0.462
46400,0.256,0.261,0.483
46500,0.274,0.238,0.488
46600,0.243,0.271,0.486
46700,0.233,0.283,0.483
46800,0.250,0.272,0.478
46900,0.235,0.302,0.463
47000,0.244,0.269,0.487
47100,0.231,0.277,0.492
47200,0.268,0.279,0.453
47300,0.261,0.265,0.473
47400,0.265,0.261,0.473
47500,0.269,0.255,0.476
47600,0.285,0.236,0.479
47700,0.268,0.235,0.497
47800,0.278,0.243,0.480
47900,0.293,0.221,0.486
48000,0.281,0.217,0.502
48100,0.286,0.225,0.489
48200,0.282,0.199,0.519
48300,0.286,0.194,0.520
48400,0.269,0.198,0.533
48500,0.298,0.179,0.523
48600,0.310,0.192,0.499
48700,0.309,0.190,0.501
48800,0.313,0.200,0.487
48900,0.325,0.206,0.469
49000,0.315,0.190,0.495
49100,0.283,0.231,0.486
49200,0.258,0.242,0.499
49300,0.237,0.256,0.507
49400,0.210,0.288,0.503
49500,0.212,0.295,0.492
49600,0.194,0.271,0.535
49700,0.208,0.281,0.511
49800,0.208,0.271,0.521
49900,0.228,0.246,0.526
50000,0.215,0.251,0.534
50100,0.225,0.252,0.523
50200,0.250,0.258,0.491
50300,0.285,0.241,0.474
50400,0.310,0.207,0.483
50500,0.257,0.251,0.492
50600,0.265,0.260,0.475
50700,0.286,0.244,0.470
50800,0.299,0.221,0.481
50900,0.279,0.232,0.490
51000,0.300,0.225,0.474
51100,0.272,0.229,0.499
51200,0.277,0.228,0.495
51300,0.286,0.207,0.507
51400,0.272,0.207,0.522
51500,0.251,0.235,0.514
51600,0.246,0.239,0.515
51700,0.277,0.225,0.498
51800,0.247,0.270,0.483
51900,0.237,0.302,0.461
52000,0.232,0.310,0.458
52100,0.264,0.257,0.480
52200,0.275,0.261,0.463
52300,0.268,0.253,0.479
52400,0.255,0.270,0.475
52500,0.271,0.227,0.502
52600,0.251,0.236,0.512
52700,0.269,0.229,0.501
52800,0.248,0.274,0.478
52900,0.263,0.285,0.452
53000,0.254,0.286,0.460
53100,0.214,0.272,0.514
53200,0.239,0.260,0.501
53300,0.236,0.269,0.495
53400,0.244,0.260,0.497
53500,0.243,0.269,0.488
53600,0.265,0.243,0.492
53700,0.261,0.247,0.492
53800,0.274,0.225,0.502
53900,0.266,0.219,0.515
54000,0.263,0.253,0.484
54100,0.243,0.260,0.497
54200,0.269,0.242,0.488
54300,0.256,0.240,0.504
54400,0.251,0.221,0.529
54500,0.249,0.240,0.512
54600,0.235,0.234,0.531
54700,0.217,0.267,0.516
54800,0.208,0.282,0.510
54900,0.201,0.302,0.497
55000,0.218,0.296,0.485
55100,0.203,0.285,0.512
55200,0.229,0.268,0.502
55300,0.262,0.270,0.468
55400,0.263,0.276,0.461
55500,0.233,0.282,0.485
55600,0.241,0.277,0.482
55700,0.201,0.281,0.517
55800,0.192,0.303,0.506
55900,0.224,0.263,0.513
56000,0.246,0.251,0.503
56100,0.212,0.250,0.538
56200,0.233,0.226,0.541
56300,0.241,0.229,0.530
56400,0.220,0.232,0.548
56500,0.211,0.240,0.549
56600,0.218,0.217,0.566
56700,0.267,0.219,0.515
56800,0.258,0.210,0.531
56900,0.261,0.205,0.533
57000,0.250,0.218,0.532
57100,0.217,0.227,0.556
57200,0.251,0.209,0.540
57300,0.259,0.210,0.531
57400,0.298,0.202,0.500
57500,0.298,0.201,0.501
57600,0.313,0.186,0.501
57700,0.354,0.181,0.465
57800,0.351,0.186,0.463
57900,0.328,0.183,0.490
58000,0.324,0.200,0.477
58100,0.341,0.174,0.485
58200,0.338,0.178,0.484
58300,0.327,0.189,0.485
58400,0.333,0.194,0.473
58500,0.346,0.167,0.487
58600,0.343,0.175,0.481
58700,0.334,0.187,0.480
58800,0.312,0.194,0.494
58900,0.292,0.231,0.477
59000,0.290,0.215,0.495
59100,0.284,0.219,0.497
59200,0.286,0.208,0.506
59300,0.296,0.213,0.491
59400,0.271,0.230,0.499
59500,0.253,0.288,0.459
59600,0.247,0.281,0.473
59700,0.226,0.276,0.498
59800,0.231,0.269,0.501
59900,0.219,0.296,0.485
60000,0.203,0.294,0.503
60100,0.240,0.282,0.478
60200,0.221,0.281,0.498
60300,0.193,0.279,0.527
60400,0.195,0.288,0.517
60500,0.207,0.290,0.503
60600,0.189,0.307,0.503
60700,0.204,0.325,0.471
60800,0.197,0.321,0.483
60900,0.200,0.297,0.503
61000,0.237,0.321,0.442
61100,0.211,0.318,0.471
61200,0.197,0.316,0.487
61300,0.192,0.321,0.488
61400,0.207,0.314,0.479
61500,0.197,0.329,0.474
61600,0.187,0.328,0.484
61700,0.208,0.320,0.473
61800,0.203,0.325,0.473
61900,0.187,0.377,0.435
62000,0.193,0.370,0.437
62100,0.186,0.378,0.435
62200,0.186,0.373,0.441
62300,0.178,0.388,0.434
62400,0.187,0.393,0.419
62500,0.217,0.361,0.422
62600,0.227,0.352,0.421
62700,0.189,0.386,0.424
62800,0.190,0.388,0.423
62900,0.192,0.385,0.423
63000,0.181,0.387,0.432
63100,0.196,0.387,0.417
63200,0.213,0.338,0.449
63300,0.241,0.332,0.427
63400,0.235,0.331,0.434
63500,0.226,0.340,0.434
63600,0.259,0.303,0.438
63700,0.237,0.299,0.464
63800,0.250,0.264,0.487
63900,0.265,0.260,0.475
64000,0.281,0.257,0.462
64100,0.277,0.283,0.439
64200,0.281,0.280,0.439
64300,0.297,0.256,0.447
64400,0.288,0.265,0.448
64500,0.288,0.250,0.462
64600,0.283,0.250,0.467
64700,0.269,0.250,0.480
64800,0.253,0.255,0.492
64900,0.244,0.270,0.486
65000,0.235,0.287,0.478
65100,0.246,0.249,0.505
65200,0.273,0.221,0.506
65300,0.292,0.218,0.490
65400,0.290,0.203,0.507
65500,0.265,0.207,0.529
65600,0.285,0.212,0.503
65700,0.274,0.214,0.512
65800,0.279,0.199,0.522
65900,0.300,0.201,0.499
66000,0.286,0.210,0.503
66100,0.296,0.204,0.500
66200,0.332,0.189,0.479
66300,0.357,0.201,0.442
66400,0.335,0.172,0.492
66500,0.339,0.189,0.472
66600,0.325,0.184,0.491
66700,0.328,0.187,0.484
66800,0.324,0.185,0.491
66900,0.379,0.178,0.444
67000,0.347,0.194,0.458
67100,0.325,0.226,0.449
67200,0.314,0.239,0.447
67300,0.312,0.209,0.479
67400,0.304,0.177,0.519
67500,0.327,0.192,0.481
67600,0.341,0.185,0.475
67700,0.335,0.214,0.451
67800,0.327,0.208,0.465
67900,0.293,0.266,0.441
68000,0.296,0.267,0.437
68100,0.271,0.292,0.437
68200,0.248,0.320,0.432
68300,0.216,0.338,0.446
68400,0.208,0.320,0.473
68500,0.192,0.326,0.482
68600,0.180,0.322,0.498
68700,0.217,0.308,0.474
68800,0.203,0.342,0.456
68900,0.235,0.307,0.458
69000,0.248,0.314,0.438
69100,0.226,0.335,0.438
69200,0.229,0.312,0.459
69300,0.214,0.335,0.451
69400,0.209,0.317,0.474
69500,0.235,0.306,0.459
69600,0.231,0.308,0.461
69700,0.229,0.318,0.453
69800,0.220,0.337,0.443
69900,0.211,0.315,0.474
70000,0.192,0.304,0.504
70100,0.218,0.308,0.474
70200,0.208,0.286,0.506
70300,0.217,0.309,0.474
70400,0.200,0.335,0.466
70500,0.198,0.356,0.445
70600,0.257,0.310,0.432
70700,0.261,0.278,0.461
70800,0.245,0.268,0.487
70900,0.251,0.261,0.488
71000,0.254,0.273,0.473
71100,0.274,0.243,0.484
71200,0.251,0.259,0.490
71300,0.260,0.242,0.498
71400,0.299,0.217,0.484
71500,0.276,0.221,0.503
71600,0.274,0.272,0.454
71700,0.260,0.254,0.485
71800,0.238,0.268,0.494
71900,0.219,0.282,0.499
72000,0.227,0.274,0.499
72100,0.239,0.293,0.469
72200,0.265,0.283,0.451
72300,0.233,0.343,0.423
72400,0.258,0.334,0.409
72500,0.244,0.329,0.426
72600,0.225,0.330,0.445
72700,0.229,0.303,0.468
72800,0.222,0.288,0.490
72900,0.225,0.286,0.488
73000,0.216,0.283,0.501
73100,0.222,0.303,0.474
73200,0.229,0.303,0.467
73300,0.228,0.307,0.465
73400,0.215,0.337,0.448
73500,0.211,0.324,0.465
73600,0.232,0.303,0.465
73700,0.237,0.274,0.490
73800,0.281,0.261,0.458
73900,0.299,0.250,0.452
74000,0.300,0.264,0.436
74100,0.310,0.243,0.447
74200,0.289,0.235,0.476
74300,0.294,0.220,0.486
74400,0.291,0.204,0.505
74500,0.330,0.193,0.477
74600,0.310,0.227,0.463
74700,0.310,0.204,0.487
74800,0.287,0.245,0.468
74900,0.251,0.254,0.495
75000,0.254,0.247,0.499
75100,0.236,0.253,0.511
75200,0.225,0.285,0.490
75300,0.207,0.279,0.514
75400,0.187,0.289,0.523
75500,0.196,0.283,0.521
75600,0.170,0.303,0.527
75700,0.162,0.335,0.503
75800,0.160,0.319,0.521
75900,0.149,0.322,0.529
76000,0.175,0.308,0.517
76100,0.186,0.298,0.516
76200,0.182,0.271,0.547
76300,0.174,0.276,0.550
76400,0.146,0.309,0.545
76500,0.154,0.315,0.531
76600,0.174,0.307,0.519
76700,0.196,0.278,0.526
76800,0.217,0.292,0.492
76900,0.187,0.324,0.490
77000,0.172,0.331,0.497
77100,0.168,0.335,0.497
77200,0.175,0.338,0.487
77300,0.185,0.326,0.489
77400,0.169,0.340,0.491
77500,0.175,0.352,0.474
77600,0.192,0.290,0.518
77700,0.171,0.301,0.529
77800,0.163,0.289,0.548
77900,0.153,0.324,0.523
78000,0.151,0.317,0.532
78100,0.192,0.274,0.534
78200,0.219,0.247,0.534
78300,0.208,0.248,0.544
78400,0.208,0.260,0.531
78500,0.211,0.264,0.525
78600,0.207,0.245,0.548
78700,0.211,0.255,0.534
78800,0.209,0.282,0.509
78900,0.212,0.272,0.516
79000,0.221,0.258,0.520
79100,0.247,0.244,0.508
79200,0.216,0.293,0.491
79300,0.199,0.271,0.530
79400,0.208,0.245,0.547
79500,0.226,0.237,0.536
79600,0.218,0.247,0.536
79700,0.244,0.242,0.514
79800,0.223,0.248,0.529
79900,0.249,0.217,0.534
80000,0.257,0.230,0.513
80100,0.273,0.191,0.536
80200,0.295,0.184,0.522
80300,0.276,0.206,0.518
80400,0.279,0.194,0.526
80500,0.278,0.199,0.523
80600,0.278,0.185,0.537
80700,0.275,0.196,0.529
80800,0.258,0.242,0.501
80900,0.258,0.242,0.500
81000,0.253,0.237,0.510
81100,0.251,0.222,0.526
81200,0.249,0.222,0.530
81300,0.245,0.229,0.526
81400,0.211,0.263,0.527
81500,0.211,0.282,0.506
81600,0.225,0.257,0.519
81700,0.215,0.240,0.544
81800,0.211,0.258,0.531
81900,0.212,0.234,0.554
82000,0.196,0.218,0.586
82100,0.224,0.230,0.547
82200,0.211,0.233,0.556
82300,0.235,0.214,0.551
82400,0.246,0.236,0.519
82500,0.260,0.233,0.507
82600,0.254,0.248,0.498
82700,0.242,0.236,0.522
82800,0.222,0.253,0.525
82900,0.215,0.284,0.501
83000,0.225,0.264,0.512
83100,0.251,0.251,0.498
83200,0.242,0.251,0.507
83300,0.253,0.232,0.515
83400,0.233,0.267,0.500
83500,0.215,0.295,0.490
83600,0.240,0.303,0.457
83700,0.206,0.351,0.443
83800,0.211,0.343,0.446
83900,0.245,0.336,0.419
84000,0.245,0.302,0.453
84100,0.264,0.271,0.466
84200,0.258,0.264,0.477
84300,0.228,0.297,0.476
84400,0.235,0.269,0.497
84500,0.272,0.257,0.470
84600,0.271,0.264,0.465
84700,0.243,0.274,0.483
84800,0.224,0.263,0.513
84900,0.231,0.246,0.523
85000,0.228,0.260,0.512
85100,0.257,0.237,0.505
85200,0.235,0.243,0.522
85300,0.242,0.258,0.500
85400,0.249,0.273,0.478
85500,0.230,0.263,0.507
85600,0.259,0.228,0.513
85700,0.285,0.231,0.484
85800,0.308,0.224,0.469
85900,0.298,0.252,0.450
86000,0.257,0.247,0.496
86100,0.230,0.258,0.512
86200,0.233,0.250,0.517
86300,0.214,0.249,0.538
86400,0.217,0.266,0.517
86500,0.219,0.278,0.503
86600,0.218,0.278,0.504
86700,0.214,0.292,0.494
86800,0.194,0.307,0.499
86900,0.201,0.279,0.520
87000,0.210,0.281,0.509
87100,0.208,0.290,0.502
87200,0.257,0.260,0.483
87300,0.239,0.253,0.508
87400,0.280,0.222,0.498
87500,0.295,0.202,0.503
87600,0.324,0.204,0.472
87700,0.296,0.251,0.453
87800,0.284,0.243,0.473
87900,0.283,0.278,0.439
88000,0.306,0.257,0.438
88100,0.310,0.237,0.452
88200,0.318,0.233,0.448
88300,0.336,0.203,0.461
88400,0.348,0.189,0.463
88500,0.339,0.206,0.455
88600,0.343,0.173,0.484
88700,0.348,0.184,0.468
88800,0.365,0.186,0.449
88900,0.361,0.182,0.456
89000,0.342,0.201,0.458
89100,0.347,0.198,0.454
89200,0.308,0.221,0.471
89300,0.301,0.211,0.488
89400,0.304,0.222,0.473
89500,0.298,0.219,0.483
89600,0.289,0.243,0.469
89700,0.263,0.249,0.488
89800,0.281,0.257,0.462
89900,0.286,0.261,0.453
90000,0.278,0.275,0.448
90100,0.250,0.262,0.488
90200,0.249,0.265,0.486
90300,0.276,0.253,0.471
90400,0.306,0.236,0.458
90500,0.322,0.216,0.462
90600,0.351,0.183,0.466
90700,0.341,0.176,0.483
90800,0.308,0.178,0.514
90900,0.308,0.173,0.519
91000,0.324,0.161,0.515
91100,0.323,0.173,0.504
91200,0.328,0.200,0.471
91300,0.278,0.237,0.485
91400,0.301,0.219,0.480
91500,0.286,0.243,0.471
91600,0.301,0.242,0.458
91700,0.310,0.231,0.459
91800,0.260,0.226,0.514
91900,0.252,0.219,0.529
92000,0.255,0.200,0.545
92100,0.266,0.193,0.541
92200,0.261,0.192,0.548
92300,0.280,0.172,0.548
92400,0.283,0.198,0.519
92500,0.283,0.204,0.512
92600,0.288,0.207,0.505
92700,0.265,0.198,0.536
92800,0.257,0.205,0.538
92900,0.237,0.205,0.558
93000,0.242,0.207,0.552
93100,0.289,0.192,0.519
93200,0.283,0.180,0.537
93300,0.286,0.195,0.519
93400,0.297,0.208,0.495
93500,0.320,0.203,0.477
93600,0.308,0.196,0.495
93700,0.319,0.207,0.474
93800,0.292,0.236,0.473
93900,0.310,0.225,0.465
94000,0.315,0.192,0.492
94100,0.292,0.221,0.487
94200,0.294,0.210,0.496
94300,0.267,0.215,0.519
94400,0.270,0.201,0.529
94500,0.256,0.189,0.555
94600,0.304,0.189,0.508
94700,0.282,0.197,0.521
94800,0.253,0.189,0.559
94900,0.268,0.201,0.530
95000,0.269,0.206,0.524
95100,0.276,0.192,0.533
95200,0.269,0.210,0.521
95300,0.286,0.192,0.522
95400,0.262,0.207,0.531
95500,0.243,0.210,0.547
95600,0.263,0.194,0.544
95700,0.260,0.208,0.532
95800,0.264,0.213,0.523
95900,0.258,0.203,0.539
96000,0.246,0.189,0.565
96100,0.286,0.180,0.533
96200,0.282,0.194,0.523
96300,0.264,0.197,0.539
96400,0.264,0.197,0.538
96500,0.276,0.192,0.533
96600,0.260,0.209,0.531
96700,0.292,0.211,0.497
96800,0.290,0.225,0.485
96900,0.283,0.233,0.484
97000,0.272,0.207,0.520
97100,0.299,0.206,0.495
97200,0.274,0.204,0.522
97300,0.272,0.196,0.532
97400,0.259,0.198,0.543
97500,0.268,0.185,0.547
97600,0.302,0.186,0.512
97700,0.327,0.168,0.506
97800,0.310,0.180,0.509
97900,0.348,0.146,0.506
98000,0.372,0.146,0.482
98100,0.378,0.146,0.476
98200,0.368,0.161,0.471
98300,0.393,0.147,0.460
98400,0.378,0.172,0.451
98500,0.349,0.192,0.459
98600,0.368,0.161,0.471
98700,0.371,0.152,0.477
98800,0.357,0.148,0.495
98900,0.393,0.133,0.474
99000,0.368,0.137,0.495
99100,0.350,0.159,0.491
99200,0.346,0.176,0.478
99300,0.347,0.183,0.470
99400,0.330,0.182,0.488
99500,0.321,0.198,0.481
99600,0.311,0.217,0.472
99700,0.319,0.231,0.450
99800,0.310,0.243,0.446
99900,0.319,0.217,0.464
100000,0.339,0.228,0.432
