time,n_A+p,n_B,n_AB
100,0.030,0.961,0.009
200,0.056,0.924,0.019
300,0.047,0.934,0.020
400,0.054,0.918,0.028
500,0.062,0.897,0.041
600,0.055,0.907,0.038
700,0.068,0.895,0.037
800,0.077,0.875,0.048
900,0.071,0.872,0.057
1000,0.072,0.849,0.079
1100,0.075,0.832,0.094
1200,0.071,0.838,0.091
1300,0.068,0.834,0.098
1400,0.074,0.829,0.097
1500,0.076,0.839,0.084
1600,0.086,0.835,0.079
1700,0.080,0.779,0.141
1800,0.094,0.757,0.149
1900,0.124,0.715,0.161
2000,0.120,0.725,0.155
2100,0.104,0.724,0.173
2200,0.121,0.718,0.161
2300,0.108,0.741,0.151
2400,0.125,0.722,0.153
2500,0.115,0.708,0.176
2600,0.104,0.705,0.190
2700,0.182,0.639,0.179
2800,0.174,0.641,0.185
2900,0.161,0.649,0.190
3000,0.169,0.607,0.224
3100,0.188,0.594,0.218
3200,0.181,0.589,0.230
3300,0.161,0.618,0.221
3400,0.180,0.602,0.218
3500,0.175,0.581,0.244
3600,0.185,0.600,0.215
3700,0.206,0.604,0.190
3800,0.222,0.589,0.189
3900,0.236,0.551,0.214
4000,0.216,0.574,0.210
4100,0.228,0.568,0.204
4200,0.190,0.591,0.219
4300,0.198,0.562,0.239
4400,0.197,0.559,0.243
4500,0.210,0.533,0.258
4600,0.229,0.513,0.258
4700,0.240,0.525,0.235
4800,0.219,0.558,0.224
4900,0.236,0.532,0.232
5000,0.246,0.502,0.253
5100,0.248,0.501,0.251
5200,0.253,0.494,0.253
5300,0.296,0.440,0.264
5400,0.264,0.485,0.250
5500,0.240,0.522,0.239
5600,0.250,0.505,0.244
5700,0.256,0.506,0.239
5800,0.231,0.517,0.251
5900,0.232,0.552,0.216
6000,0.235,0.508,0.257
6100,0.236,0.486,0.278
6200,0.260,0.464,0.276
6300,0.250,0.476,0.274
6400,0.238,0.494,0.268
6500,0.268,0.453,0.278
6600,0.269,0.444,0.287
6700,0.321,0.412,0.267
6800,0.300,0.402,0.297
6900,0.301,0.414,0.285
7000,0.313,0.410,0.276
7100,0.297,0.412,0.290
7200,0.290,0.425,0.284
7300,0.282,0.416,0.303
7400,0.317,0.369,0.314
7500,0.313,0.393,0.295
7600,0.317,0.396,0.288
7700,0.342,0.356,0.303
7800,0.354,0.347,0.298
7900,0.345,0.361,0.294
8000,0.362,0.344,0.294
8100,0.367,0.328,0.304
8200,0.356,0.341,0.304
8300,0.334,0.364,0.302
8400,0.328,0.365,0.307
8500,0.322,0.377,0.300
8600,0.329,0.382,0.289
8700,0.367,0.356,0.277
8800,0.391,0.338,0.271
8900,0.359,0.359,0.282
9000,0.346,0.370,0.284
9100,0.347,0.381,0.272
9200,0.359,0.388,0.253
9300,0.335,0.403,0.263
9400,0.308,0.425,0.267
9500,0.328,0.428,0.244
9600,0.328,0.420,0.251
9700,0.350,0.385,0.265
9800,0.349,0.388,0.263
9900,0.388,0.352,0.260
10000,0.384,0.346,0.270
10100,0.388,0.340,0.272
10200,0.385,0.343,0.272
10300,0.387,0.329,0.283
10400,0.402,0.322,0.276
10500,0.374,0.325,0.301
10600,0.373,0.290,0.337
10700,0.427,0.268,0.306
10800,0.424,0.264,0.311
10900,0.417,0.295,0.288
11000,0.424,0.260,0.316
11100,0.417,0.265,0.318
11200,0.399,0.302,0.300
11300,0.382,0.320,0.298
11400,0.389,0.324,0.288
11500,0.406,0.311,0.283
11600,0.409,0.302,0.289
11700,0.416,0.294,0.290
11800,0.428,0.302,0.270
11900,0.413,0.288,0.299
12000,0.406,0.295,0.300
12100,0.399,0.282,0.318
12200,0.391,0.299,0.310
12300,0.402,0.295,0.303
12400,0.381,0.303,0.315
12500,0.367,0.324,0.309
12600,0.389,0.313,0.298
12700,0.374,0.321,0.304
12800,0.369,0.341,0.290
12900,0.353,0.341,0.306
13000,0.380,0.332,0.288
13100,0.381,0.308,0.310
13200,0.377,0.293,0.329
13300,0.375,0.304,0.321
13400,0.412,0.296,0.292
13500,0.404,0.294,0.302
13600,0.430,0.274,0.296
13700,0.430,0.263,0.308
13800,0.446,0.250,0.304
13900,0.403,0.272,0.325
14000,0.416,0.240,0.344
14100,0.410,0.256,0.334
14200,0.416,0.256,0.328
14300,0.384,0.268,0.349
14400,0.393,0.257,0.350
14500,0.375,0.285,0.340
14600,0.379,0.288,0.333
14700,0.418,0.283,0.299
14800,0.427,0.281,0.292
14900,0.444,0.250,0.306
15000,0.437,0.266,0.297
15100,0.460,0.231,0.310
15200,0.464,0.231,0.305
15300,0.455,0.221,0.324
15400,0.483,0.203,0.314
15500,0.474,0.220,0.306
15600,0.485,0.208,0.307
15700,0.452,0.230,0.318
15800,0.476,0.243,0.282
15900,0.439,0.276,0.285
16000,0.445,0.278,0.277
16100,0.438,0.300,0.261
16200,0.424,0.296,0.280
16300,0.431,0.313,0.256
16400,0.448,0.299,0.253
16500,0.426,0.309,0.265
16600,0.427,0.301,0.272
16700,0.403,0.288,0.309
16800,0.402,0.275,0.323
16900,0.434,0.286,0.279
17000,0.446,0.267,0.286
17100,0.457,0.254,0.289
17200,0.457,0.243,0.300
17300,0.462,0.225,0.314
17400,0.448,0.222,0.329
17500,0.409,0.276,0.314
17600,0.414,0.265,0.321
17700,0.408,0.267,0.325
17800,0.421,0.268,0.311
17900,0.404,0.273,0.323
18000,0.425,0.276,0.299
18100,0.404,0.272,0.324
18200,0.412,0.254,0.334
18300,0.412,0.285,0.303
18400,0.452,0.263,0.285
18500,0.475,0.265,0.260
18600,0.454,0.254,0.292
18700,0.424,0.260,0.316
18800,0.418,0.272,0.310
18900,0.439,0.246,0.315
19000,0.410,0.255,0.335
19100,0.448,0.239,0.313
19200,0.409,0.288,0.303
19300,0.421,0.264,0.315
19400,0.428,0.260,0.313
19500,0.400,0.290,0.310
19600,0.407,0.286,0.307
19700,0.444,0.256,0.301
19800,0.460,0.242,0.298
19900,0.481,0.228,0.291
20000,0.494,0.216,0.290
20100,0.485,0.229,0.286
20200,0.438,0.229,0.333
20300,0.402,0.251,0.347
20400,0.428,0.253,0.319
20500,0.437,0.237,0.326
20600,0.420,0.265,0.314
20700,0.442,0.236,0.322
20800,0.448,0.239,0.314
20900,0.499,0.225,0.276
21000,0.509,0.238,0.253
21100,0.503,0.263,0.235
21200,0.501,0.256,0.243
21300,0.505,0.251,0.244
21400,0.510,0.270,0.220
21500,0.566,0.224,0.210
21600,0.572,0.218,0.210
21700,0.561,0.211,0.228
21800,0.558,0.178,0.264
21900,0.529,0.197,0.275
22000,0.544,0.175,0.281
22100,0.568,0.159,0.272
22200,0.580,0.166,0.254
22300,0.566,0.158,0.276
22400,0.555,0.171,0.275
22500,0.554,0.184,0.263
22600,0.574,0.186,0.240
22700,0.537,0.201,0.262
22800,0.546,0.204,0.250
22900,0.492,0.215,0.293
23000,0.530,0.194,0.275
23100,0.527,0.210,0.263
23200,0.552,0.182,0.265
23300,0.611,0.155,0.234
23400,0.604,0.162,0.234
23500,0.564,0.189,0.247
23600,0.551,0.205,0.243
23700,0.565,0.184,0.251
23800,0.552,0.168,0.280
23900,0.515,0.180,0.304
24000,0.534,0.167,0.299
24100,0.540,0.166,0.294
24200,0.501,0.188,0.311
24300,0.524,0.182,0.294
24400,0.512,0.188,0.300
24500,0.502,0.194,0.304
24600,0.510,0.193,0.297
24700,0.541,0.183,0.276
24800,0.565,0.157,0.279
24900,0.542,0.163,0.295
25000,0.524,0.181,0.295
25100,0.539,0.175,0.286
25200,0.548,0.176,0.276
25300,0.551,0.173,0.275
25400,0.522,0.204,0.274
25500,0.489,0.243,0.268
25600,0.471,0.257,0.272
25700,0.457,0.264,0.279
25800,0.491,0.238,0.271
25900,0.494,0.212,0.294
26000,0.497,0.240,0.263
26100,0.533,0.197,0.269
26200,0.581,0.169,0.250
26300,0.582,0.153,0.265
26400,0.571,0.183,0.246
26500,0.571,0.169,0.260
26600,0.604,0.140,0.256
26700,0.615,0.126,0.259
26800,0.613,0.136,0.251
26900,0.643,0.123,0.233
27000,0.586,0.151,0.263
27100,0.582,0.168,0.250
27200,0.590,0.162,0.248
27300,0.583,0.158,0.260
27400,0.608,0.146,0.246
27500,0.593,0.144,0.264
27600,0.605,0.144,0.251
27700,0.622,0.141,0.237
27800,0.637,0.114,0.249
27900,0.646,0.108,0.246
28000,0.658,0.117,0.225
28100,0.651,0.132,0.217
28200,0.697,0.122,0.181
28300,0.682,0.110,0.208
28400,0.675,0.116,0.209
28500,0.692,0.103,0.205
28600,0.668,0.110,0.222
28700,0.652,0.124,0.224
28800,0.658,0.126,0.215
28900,0.664,0.148,0.188
29000,0.637,0.143,0.220
29100,0.626,0.181,0.193
29200,0.619,0.182,0.198
29300,0.601,0.178,0.222
29400,0.571,0.168,0.261
29500,0.541,0.192,0.267
29600,0.560,0.165,0.275
29700,0.569,0.149,0.282
29800,0.577,0.174,0.249
29900,0.559,0.161,0.280
30000,0.514,0.207,0.279
30100,0.507,0.215,0.278
30200,0.502,0.243,0.254
30300,0.494,0.231,0.275
30400,0.476,0.246,0.279
30500,0.453,0.242,0.305
30600,0.417,0.300,0.282
30700,0.416,0.283,0.300
30800,0.381,0.295,0.325
30900,0.378,0.296,0.327
31000,0.382,0.299,0.320
31100,0.413,0.278,0.308
31200,0.451,0.252,0.297
31300,0.485,0.218,0.297
31400,0.424,0.270,0.306
31500,0.452,0.244,0.304
31600,0.469,0.219,0.311
31700,0.496,0.218,0.286
31800,0.482,0.227,0.291
31900,0.464,0.224,0.312
32000,0.468,0.222,0.310
32100,0.468,0.242,0.290
32200,0.439,0.267,0.294
32300,0.425,0.282,0.292
32400,0.442,0.278,0.280
32500,0.431,0.260,0.308
32600,0.449,0.257,0.295
32700,0.453,0.254,0.293
32800,0.410,0.293,0.296
32900,0.470,0.263,0.268
33000,0.473,0.272,0.255
33100,0.449,0.299,0.251
33200,0.470,0.266,0.264
33300,0.451,0.275,0.274
33400,0.473,0.257,0.269
33500,0.477,0.265,0.258
33600,0.476,0.239,0.285
33700,0.470,0.234,0.296
33800,0.473,0.224,0.303
33900,0.474,0.228,0.299
34000,0.469,0.237,0.294
34100,0.502,0.207,0.292
34200,0.547,0.175,0.278
34300,0.549,0.162,0.289
34400,0.540,0.150,0.310
34500,0.595,0.139,0.266
34600,0.612,0.146,0.242
34700,0.625,0.139,0.236
34800,0.617,0.150,0.233
34900,0.622,0.143,0.235
35000,0.585,0.153,0.263
35100,0.591,0.141,0.267
35200,0.596,0.124,0.280
35300,0.602,0.114,0.285
35400,0.545,0.150,0.305
35500,0.561,0.155,0.285
35600,0.570,0.150,0.280
35700,0.552,0.148,0.299
35800,0.581,0.146,0.274
35900,0.590,0.145,0.265
36000,0.575,0.148,0.277
36100,0.566,0.169,0.265
36200,0.537,0.182,0.281
36300,0.498,0.233,0.269
36400,0.456,0.278,0.265
36500,0.455,0.283,0.262
36600,0.459,0.267,0.274
36700,0.458,0.272,0.271
36800,0.442,0.276,0.282
36900,0.431,0.295,0.274
37000,0.437,0.272,0.291
37100,0.434,0.268,0.298
37200,0.449,0.254,0.297
37300,0.405,0.276,0.319
37400,0.412,0.276,0.312
37500,0.402,0.271,0.327
37600,0.377,0.282,0.341
37700,0.377,0.300,0.323
37800,0.405,0.272,0.323
37900,0.371,0.305,0.324
38000,0.378,0.308,0.314
38100,0.343,0.325,0.332
38200,0.322,0.350,0.328
38300,0.335,0.374,0.290
38400,0.368,0.335,0.296
38500,0.341,0.357,0.303
38600,0.392,0.311,0.296
38700,0.421,0.270,0.308
38800,0.390,0.253,0.357
38900,0.400,0.272,0.327
39000,0.382,0.289,0.328
39100,0.416,0.282,0.302
39200,0.417,0.274,0.308
39300,0.422,0.267,0.311
39400,0.442,0.267,0.291
39500,0.440,0.275,0.285
39600,0.464,0.258,0.278
39700,0.484,0.224,0.292
39800,0.508,0.203,0.290
39900,0.513,0.192,0.295
40000,0.517,0.197,0.285
40100,0.523,0.187,0.289
40200,0.519,0.198,0.283
40300,0.511,0.204,0.285
40400,0.504,0.204,0.292
40500,0.508,0.211,0.281
40600,0.506,0.229,0.264
40700,0.497,0.221,0.282
40800,0.531,0.206,0.263
40900,0.542,0.197,0.261
41000,0.538,0.203,0.259
41100,0.516,0.215,0.269
41200,0.563,0.169,0.267
41300,0.559,0.190,0.250
41400,0.578,0.178,0.244
41500,0.545,0.172,0.283
41600,0.530,0.172,0.299
41700,0.517,0.168,0.315
41800,0.544,0.166,0.289
41900,0.536,0.161,0.304
42000,0.542,0.179,0.279
42100,0.536,0.201,0.263
42200,0.547,0.195,0.258
42300,0.584,0.171,0.245
42400,0.608,0.147,0.245
42500,0.566,0.161,0.272
42600,0.538,0.196,0.266
42700,0.532,0.201,0.267
42800,0.554,0.176,0.271
42900,0.539,0.175,0.286
43000,0.529,0.190,0.281
43100,0.552,0.169,0.279
43200,0.576,0.154,0.270
43300,0.583,0.157,0.260
43400,0.612,0.132,0.256
43500,0.588,0.163,0.249
43600,0.592,0.165,0.243
43700,0.588,0.158,0.254
43800,0.594,0.153,0.253
43900,0.574,0.146,0.281
44000,0.611,0.132,0.257
44100,0.630,0.122,0.248
44200,0.631,0.122,0.247
44300,0.619,0.127,0.254
44400,0.623,0.120,0.257
44500,0.611,0.127,0.262
44600,0.603,0.132,0.265
44700,0.613,0.126,0.261
44800,0.625,0.121,0.254
44900,0.632,0.105,0.263
45000,0.600,0.136,0.265
45100,0.616,0.154,0.230
45200,0.625,0.136,0.239
45300,0.627,0.132,0.241
45400,0.665,0.108,0.226
45500,0.686,0.090,0.224
45600,0.659,0.107,0.234
45700,0.674,0.099,0.227
45800,0.653,0.107,0.240
45900,0.639,0.107,0.254
46000,0.689,0.083,0.228
46100,0.706,0.084,0.210
46200,0.700,0.086,0.214
46300,0.727,0.074,0.199
46400,0.747,0.073,0.179
46500,0.765,0.068,0.167
46600,0.757,0.079,0.164
46700,0.777,0.078,0.145
46800,0.793,0.066,0.140
46900,0.800,0.062,0.138
47000,0.804,0.065,0.131
47100,0.793,0.072,0.136
47200,0.814,0.064,0.122
47300,0.808,0.062,0.129
47400,0.808,0.051,0.141
47500,0.817,0.045,0.138
47600,0.815,0.049,0.136
47700,0.830,0.045,0.125
47800,0.833,0.038,0.129
47900,0.843,0.036,0.121
48000,0.854,0.034,0.111
48100,0.857,0.038,0.105
48200,0.853,0.043,0.104
48300,0.854,0.041,0.105
48400,0.835,0.051,0.114
48500,0.826,0.043,0.131
48600,0.830,0.046,0.124
48700,0.820,0.039,0.141
48800,0.810,0.044,0.146
48900,0.825,0.043,0.132
49000,0.817,0.057,0.126
49100,0.809,0.052,0.139
49200,0.805,0.065,0.130
49300,0.824,0.055,0.120
49400,0.814,0.062,0.125
49500,0.824,0.046,0.130
49600,0.832,0.041,0.127
49700,0.820,0.055,0.126
49800,0.836,0.041,0.123
49900,0.839,0.052,0.108
50000,0.834,0.044,0.122
50100,0.842,0.034,0.125
50200,0.829,0.037,0.134
50300,0.811,0.044,0.145
50400,0.827,0.033,0.140
50500,0.821,0.046,0.133
50600,0.819,0.045,0.136
50700,0.829,0.050,0.121
50800,0.842,0.051,0.107
50900,0.843,0.049,0.108
51000,0.829,0.048,0.122
51100,0.795,0.078,0.127
51200,0.787,0.075,0.139
51300,0.792,0.061,0.147
51400,0.796,0.052,0.152
51500,0.828,0.036,0.136
51600,0.842,0.030,0.127
51700,0.820,0.060,0.120
51800,0.845,0.045,0.110
51900,0.836,0.055,0.109
52000,0.846,0.044,0.110
52100,0.846,0.044,0.110
52200,0.857,0.047,0.097
52300,0.861,0.038,0.101
52400,0.866,0.040,0.094
52500,0.868,0.040,0.092
52600,0.873,0.038,0.088
52700,0.864,0.034,0.101
52800,0.868,0.033,0.100
52900,0.845,0.054,0.101
53000,0.834,0.052,0.115
53100,0.805,0.075,0.120
53200,0.799,0.076,0.126
53300,0.774,0.059,0.167
53400,0.775,0.083,0.143
53500,0.768,0.104,0.129
53600,0.731,0.109,0.160
53700,0.758,0.087,0.155
53800,0.801,0.066,0.133
53900,0.813,0.061,0.126
54000,0.841,0.042,0.117
54100,0.841,0.031,0.128
54200,0.859,0.029,0.112
54300,0.864,0.023,0.112
54400,0.858,0.028,0.114
54500,0.864,0.031,0.104
54600,0.863,0.027,0.109
54700,0.882,0.024,0.094
54800,0.874,0.029,0.097
54900,0.850,0.030,0.120
55000,0.842,0.027,0.131
55100,0.859,0.027,0.114
55200,0.834,0.052,0.114
55300,0.829,0.056,0.115
55400,0.801,0.072,0.127
55500,0.785,0.065,0.150
55600,0.790,0.063,0.147
55700,0.817,0.052,0.132
55800,0.776,0.070,0.154
55900,0.747,0.065,0.187
56000,0.763,0.071,0.166
56100,0.754,0.079,0.167
56200,0.743,0.085,0.172
56300,0.714,0.121,0.165
56400,0.707,0.110,0.183
56500,0.728,0.087,0.185
56600,0.722,0.065,0.213
56700,0.720,0.085,0.195
56800,0.709,0.091,0.200
56900,0.705,0.104,0.191
57000,0.658,0.155,0.186
57100,0.623,0.165,0.212
57200,0.585,0.180,0.235
57300,0.581,0.169,0.250
57400,0.581,0.146,0.273
57500,0.596,0.146,0.258
57600,0.610,0.138,0.252
57700,0.669,0.109,0.221
57800,0.692,0.104,0.204
57900,0.708,0.088,0.203
58000,0.708,0.107,0.185
58100,0.687,0.108,0.204
58200,0.673,0.094,0.233
58300,0.646,0.133,0.221
58400,0.670,0.123,0.207
58500,0.702,0.109,0.189
58600,0.697,0.104,0.199
58700,0.693,0.111,0.196
58800,0.705,0.127,0.168
58900,0.726,0.097,0.176
59000,0.742,0.095,0.164
59100,0.757,0.098,0.145
59200,0.751,0.104,0.145
59300,0.769,0.091,0.140
59400,0.779,0.079,0.143
59500,0.755,0.104,0.141
59600,0.731,0.086,0.183
59700,0.712,0.091,0.196
59800,0.718,0.086,0.197
59900,0.734,0.065,0.201
60000,0.761,0.054,0.185
60100,0.749,0.066,0.185
60200,0.742,0.055,0.203
60300,0.735,0.061,0.204
60400,0.747,0.056,0.197
60500,0.735,0.064,0.201
60600,0.718,0.086,0.197
60700,0.728,0.081,0.191
60800,0.664,0.105,0.232
60900,0.654,0.114,0.233
61000,0.674,0.100,0.226
61100,0.654,0.104,0.242
61200,0.623,0.149,0.228
61300,0.622,0.144,0.235
61400,0.607,0.152,0.242
61500,0.583,0.178,0.239
61600,0.589,0.186,0.225
61700,0.593,0.177,0.231
61800,0.586,0.171,0.244
61900,0.582,0.173,0.244
62000,0.626,0.139,0.236
62100,0.602,0.157,0.240
62200,0.628,0.138,0.234
62300,0.620,0.124,0.256
62400,0.588,0.142,0.269
62500,0.550,0.152,0.298
62600,0.524,0.203,0.272
62700,0.566,0.196,0.239
62800,0.605,0.157,0.238
62900,0.619,0.152,0.229
63000,0.613,0.151,0.236
63100,0.618,0.118,0.264
63200,0.629,0.131,0.240
63300,0.628,0.140,0.232
63400,0.604,0.137,0.259
63500,0.608,0.145,0.247
63600,0.607,0.147,0.246
63700,0.636,0.131,0.233
63800,0.619,0.130,0.251
63900,0.599,0.133,0.268
64000,0.594,0.139,0.267
64100,0.588,0.151,0.260
64200,0.563,0.172,0.265
64300,0.581,0.165,0.254
64400,0.599,0.175,0.226
64500,0.595,0.172,0.233
64600,0.576,0.179,0.245
64700,0.569,0.177,0.254
64800,0.573,0.172,0.255
64900,0.543,0.188,0.269
65000,0.529,0.181,0.290
65100,0.548,0.176,0.276
65200,0.521,0.205,0.274
65300,0.572,0.176,0.252
65400,0.565,0.187,0.248
65500,0.543,0.209,0.248
65600,0.559,0.192,0.249
65700,0.520,0.192,0.288
65800,0.536,0.200,0.264
65900,0.515,0.197,0.288
66000,0.494,0.205,0.301
66100,0.492,0.221,0.288
66200,0.504,0.213,0.283
66300,0.491,0.210,0.299
66400,0.494,0.226,0.281
66500,0.534,0.203,0.264
66600,0.505,0.230,0.265
66700,0.523,0.198,0.279
66800,0.541,0.189,0.270
66900,0.565,0.193,0.242
67000,0.572,0.178,0.250
67100,0.548,0.172,0.280
67200,0.555,0.175,0.269
67300,0.545,0.172,0.283
67400,0.577,0.173,0.250
67500,0.539,0.194,0.267
67600,0.556,0.189,0.256
67700,0.527,0.195,0.278
67800,0.530,0.198,0.271
67900,0.529,0.182,0.289
68000,0.541,0.177,0.282
68100,0.540,0.164,0.296
68200,0.551,0.180,0.268
68300,0.566,0.157,0.276
68400,0.572,0.145,0.283
68500,0.560,0.172,0.268
68600,0.573,0.157,0.269
68700,0.561,0.165,0.274
68800,0.572,0.158,0.270
68900,0.591,0.127,0.282
69000,0.596,0.137,0.267
69100,0.570,0.172,0.258
69200,0.568,0.178,0.254
69300,0.580,0.173,0.247
69400,0.608,0.157,0.235
69500,0.584,0.172,0.244
69600,0.587,0.162,0.251
69700,0.612,0.155,0.233
69800,0.637,0.127,0.236
69900,0.626,0.125,0.249
70000,0.618,0.148,0.234
70100,0.591,0.143,0.267
70200,0.586,0.150,0.265
70300,0.568,0.163,0.269
70400,0.573,0.181,0.246
70500,0.554,0.184,0.262
70600,0.592,0.178,0.231
70700,0.609,0.164,0.227
70800,0.609,0.161,0.230
70900,0.632,0.154,0.214
71000,0.601,0.175,0.225
71100,0.619,0.147,0.234
71200,0.628,0.139,0.233
71300,0.667,0.108,0.225
71400,0.653,0.115,0.232
71500,0.673,0.096,0.231
71600,0.715,0.073,0.212
71700,0.690,0.090,0.221
71800,0.694,0.064,0.242
71900,0.725,0.059,0.216
72000,0.737,0.062,0.200
72100,0.760,0.055,0.186
72200,0.749,0.064,0.187
72300,0.756,0.069,0.175
72400,0.749,0.074,0.178
72500,0.722,0.098,0.180
72600,0.763,0.069,0.168
72700,0.731,0.108,0.162
72800,0.694,0.105,0.201
72900,0.720,0.081,0.199
73000,0.731,0.069,0.200
73100,0.764,0.056,0.180
73200,0.747,0.088,0.165
73300,0.763,0.076,0.161
73400,0.730,0.082,0.188
73500,0.721,0.094,0.185
73600,0.702,0.100,0.198
73700,0.738,0.080,0.182
73800,0.728,0.098,0.175
73900,0.677,0.116,0.207
74000,0.659,0.126,0.215
74100,0.693,0.116,0.191
74200,0.715,0.089,0.196
74300,0.686,0.104,0.210
74400,0.676,0.123,0.201
74500,0.640,0.148,0.211
74600,0.655,0.114,0.231
74700,0.616,0.133,0.250
74800,0.601,0.119,0.280
74900,0.609,0.111,0.281
75000,0.587,0.125,0.288
75100,0.595,0.117,0.288
75200,0.570,0.143,0.287
75300,0.567,0.136,0.297
75400,0.571,0.134,0.295
75500,0.611,0.122,0.267
75600,0.612,0.115,0.272
75700,0.630,0.104,0.266
75800,0.658,0.089,0.253
75900,0.656,0.109,0.235
76000,0.646,0.122,0.232
76100,0.629,0.125,0.246
76200,0.623,0.123,0.254
76300,0.613,0.138,0.249
76400,0.626,0.125,0.249
76500,0.596,0.153,0.251
76600,0.634,0.147,0.219
76700,0.658,0.130,0.212
76800,0.660,0.125,0.215
76900,0.647,0.126,0.227
77000,0.623,0.150,0.228
77100,0.588,0.165,0.247
77200,0.558,0.200,0.243
77300,0.554,0.199,0.247
77400,0.551,0.225,0.224
77500,0.522,0.233,0.246
77600,0.501,0.208,0.292
77700,0.481,0.186,0.332
77800,0.478,0.215,0.306
77900,0.477,0.224,0.299
78000,0.537,0.176,0.286
78100,0.537,0.190,0.272
78200,0.523,0.198,0.279
78300,0.508,0.200,0.292
78400,0.488,0.203,0.308
78500,0.476,0.203,0.321
78600,0.527,0.177,0.296
78700,0.531,0.168,0.302
78800,0.537,0.148,0.314
78900,0.540,0.146,0.314
79000,0.544,0.173,0.283
79100,0.526,0.176,0.298
79200,0.548,0.185,0.267
79300,0.551,0.187,0.262
79400,0.536,0.175,0.289
79500,0.562,0.158,0.279
79600,0.597,0.136,0.267
79700,0.590,0.158,0.251
79800,0.611,0.148,0.242
79900,0.595,0.152,0.253
80000,0.576,0.159,0.265
80100,0.534,0.187,0.278
80200,0.515,0.211,0.274
80300,0.542,0.178,0.280
80400,0.582,0.155,0.263
80500,0.562,0.167,0.271
80600,0.563,0.181,0.256
80700,0.538,0.164,0.298
80800,0.570,0.156,0.274
80900,0.547,0.179,0.274
81000,0.568,0.165,0.268
81100,0.569,0.170,0.261
81200,0.551,0.197,0.251
81300,0.582,0.166,0.252
81400,0.581,0.166,0.252
81500,0.613,0.138,0.249
81600,0.619,0.158,0.224
81700,0.625,0.136,0.239
81800,0.622,0.127,0.251
81900,0.619,0.118,0.263
82000,0.576,0.158,0.266
82100,0.598,0.149,0.253
82200,0.606,0.152,0.242
82300,0.583,0.172,0.245
82400,0.582,0.190,0.228
82500,0.585,0.172,0.243
82600,0.534,0.214,0.252
82700,0.554,0.191,0.256
82800,0.528,0.193,0.279
82900,0.602,0.159,0.238
83000,0.592,0.164,0.244
83100,0.571,0.151,0.278
83200,0.549,0.174,0.277
83300,0.553,0.183,0.264
83400,0.517,0.210,0.273
83500,0.506,0.231,0.263
83600,0.552,0.196,0.252
83700,0.565,0.201,0.234
83800,0.544,0.223,0.233
83900,0.551,0.229,0.220
84000,0.561,0.221,0.218
84100,0.558,0.207,0.235
84200,0.551,0.207,0.242
84300,0.539,0.232,0.229
84400,0.502,0.233,0.265
84500,0.476,0.251,0.273
84600,0.460,0.249,0.291
84700,0.477,0.248,0.275
84800,0.501,0.236,0.263
84900,0.486,0.248,0.266
85000,0.475,0.240,0.285
85100,0.464,0.239,0.296
85200,0.499,0.211,0.290
85300,0.538,0.188,0.274
85400,0.573,0.171,0.256
85500,0.565,0.166,0.269
85600,0.530,0.216,0.254
85700,0.524,0.222,0.253
85800,0.502,0.232,0.265
85900,0.473,0.247,0.281
86000,0.469,0.271,0.260
86100,0.478,0.256,0.266
86200,0.476,0.259,0.265
86300,0.480,0.246,0.274
86400,0.488,0.234,0.278
86500,0.507,0.219,0.274
86600,0.505,0.218,0.276
86700,0.495,0.223,0.282
86800,0.506,0.226,0.268
86900,0.500,0.244,0.256
87000,0.506,0.212,0.282
87100,0.519,0.204,0.277
87200,0.502,0.194,0.304
87300,0.492,0.217,0.291
87400,0.490,0.229,0.281
87500,0.479,0.236,0.285
87600,0.498,0.254,0.248
87700,0.464,0.267,0.269
87800,0.444,0.282,0.274
87900,0.444,0.281,0.275
88000,0.437,0.274,0.289
88100,0.464,0.239,0.296
88200,0.445,0.254,0.300
88300,0.452,0.248,0.300
88400,0.488,0.224,0.288
88500,0.481,0.238,0.281
88600,0.527,0.204,0.269
88700,0.537,0.189,0.274
88800,0.506,0.205,0.289
88900,0.515,0.191,0.294
89000,0.512,0.183,0.306
89100,0.516,0.178,0.307
89200,0.528,0.183,0.289
89300,0.573,0.172,0.255
89400,0.561,0.158,0.282
89500,0.579,0.166,0.256
89600,0.558,0.194,0.248
89700,0.556,0.175,0.269
89800,0.579,0.166,0.255
89900,0.566,0.171,0.263
90000,0.575,0.178,0.247
90100,0.597,0.157,0.246
90200,0.612,0.145,0.243
90300,0.614,0.135,0.251
90400,0.604,0.150,0.247
90500,0.600,0.160,0.240
90600,0.627,0.136,0.237
90700,0.670,0.127,0.203
90800,0.673,0.114,0.213
90900,0.679,0.108,0.214
91000,0.664,0.116,0.220
91100,0.666,0.114,0.221
91200,0.691,0.107,0.203
91300,0.671,0.132,0.197
91400,0.682,0.120,0.198
91500,0.694,0.114,0.192
91600,0.698,0.112,0.190
91700,0.697,0.103,0.200
91800,0.693,0.097,0.210
91900,0.665,0.101,0.235
92000,0.675,0.084,0.241
92100,0.707,0.075,0.219
92200,0.722,0.059,0.219
92300,0.731,0.059,0.210
92400,0.728,0.065,0.207
92500,0.761,0.056,0.183
92600,0.761,0.062,0.178
92700,0.776,0.066,0.158
92800,0.739,0.083,0.178
92900,0.751,0.065,0.184
93000,0.750,0.069,0.180
93100,0.753,0.063,0.184
93200,0.750,0.064,0.186
93300,0.741,0.071,0.188
93400,0.743,0.061,0.196
93500,0.760,0.048,0.192
93600,0.755,0.051,0.194
93700,0.713,0.075,0.212
93800,0.717,0.073,0.210
93900,0.718,0.063,0.219
94000,0.740,0.066,0.194
94100,0.725,0.056,0.218
94200,0.717,0.084,0.198
94300,0.705,0.087,0.208
94400,0.704,0.101,0.196
94500,0.725,0.080,0.194
94600,0.740,0.068,0.192
94700,0.730,0.058,0.212
94800,0.750,0.058,0.192
94900,0.754,0.062,0.185
95000,0.756,0.078,0.166
95100,0.761,0.071,0.168
95200,0.774,0.073,0.153
95300,0.776,0.077,0.147
95400,0.793,0.079,0.127
95500,0.789,0.073,0.139
95600,0.772,0.081,0.146
95700,0.781,0.071,0.148
95800,0.779,0.083,0.137
95900,0.781,0.075,0.145
96000,0.802,0.060,0.138
96100,0.807,0.069,0.123
96200,0.794,0.076,0.130
96300,0.784,0.060,0.156
96400,0.793,0.061,0.146
96500,0.792,0.049,0.159
96600,0.806,0.049,0.144
96700,0.802,0.049,0.148
96800,0.767,0.056,0.178
96900,0.749,0.073,0.178
97000,0.776,0.059,0.165
97100,0.767,0.061,0.172
97200,0.792,0.044,0.165
97300,0.766,0.048,0.186
97400,0.729,0.087,0.184
97500,0.749,0.077,0.175
97600,0.761,0.065,0.173
97700,0.756,0.059,0.186
97800,0.754,0.074,0.172
97900,0.740,0.066,0.194
98000,0.742,0.073,0.186
98100,0.731,0.088,0.180
98200,0.652,0.140,0.208
98300,0.650,0.138,0.212
98400,0.643,0.139,0.218
98500,0.645,0.135,0.220
98600,0.619,0.143,0.237
98700,0.628,0.155,0.217
98800,0.641,0.141,0.217
98900,0.631,0.145,0.224
99000,0.661,0.123,0.216
99100,0.716,0.090,0.194
99200,0.728,0.088,0.184
99300,0.707,0.100,0.194
99400,0.700,0.100,0.201
99500,0.693,0.096,0.211
99600,0.683,0.101,0.216
99700,0.646,0.129,0.225
99800,0.646,0.122,0.233
99900,0.646,0.120,0.235
100000,0.656,0.110,0.234
