time,n_A+p,n_B,n_AB
500,0.080,0.854,0.066
1000,0.081,0.775,0.144
1500,0.082,0.731,0.187
2000,0.087,0.689,0.224
2500,0.094,0.631,0.275
3000,0.113,0.612,0.275
3500,0.106,0.575,0.319
4000,0.117,0.547,0.336
4500,0.115,0.544,0.341
5000,0.128,0.502,0.370
5500,0.134,0.517,0.349
6000,0.133,0.477,0.390
6500,0.134,0.487,0.379
7000,0.139,0.498,0.363
7500,0.127,0.496,0.377
8000,0.124,0.504,0.372
8500,0.135,0.505,0.360
9000,0.116,0.517,0.367
9500,0.135,0.495,0.370
10000,0.143,0.485,0.372
10500,0.149,0.491,0.360
11000,0.143,0.479,0.378
11500,0.152,0.511,0.337
12000,0.140,0.516,0.344
12500,0.151,0.453,0.396
13000,0.168,0.437,0.395
13500,0.157,0.444,0.399
14000,0.150,0.438,0.412
14500,0.160,0.448,0.392
15000,0.174,0.449,0.377
15500,0.174,0.375,0.451
16000,0.224,0.365,0.411
16500,0.237,0.327,0.436
17000,0.232,0.309,0.459
17500,0.248,0.297,0.455
18000,0.253,0.300,0.447
18500,0.290,0.261,0.449
19000,0.310,0.268,0.422
19500,0.333,0.203,0.464
20000,0.361,0.162,0.477
20500,0.413,0.140,0.447
21000,0.460,0.107,0.433
21500,0.479,0.095,0.426
22000,0.538,0.082,0.380
22500,0.553,0.058,0.389
23000,0.614,0.048,0.338
23500,0.653,0.037,0.310
24000,0.693,0.023,0.284
24500,0.746,0.015,0.239
25000,0.774,0.014,0.212
25500,0.797,0.003,0.200
26000,0.818,0.003,0.179
26500,0.852,0.002,0.146
27000,0.893,0.000,0.107
27500,0.918,0.002,0.080
28000,0.928,0.000,0.072
28500,0.934,0.000,0.066
29000,0.945,0.000,0.055
29500,0.951,0.000,0.049
30000,0.966,0.000,0.034
30500,0.968,0.000,0.032
31000,0.977,0.000,0.023
31500,0.984,0.000,0.016
32000,0.990,0.000,0.010
32500,0.992,0.000,0.008
33000,0.988,0.000,0.012
33500,0.992,0.000,0.008
34000,0.988,0.000,0.012
34500,0.991,0.000,0.009
35000,0.992,0.000,0.008
35500,0.996,0.000,0.004
36000,0.998,0.000,0.002
36500,0.998,0.000,0.002
37000,0.998,0.000,0.002
37500,0.996,0.000,0.004
38000,0.992,0.000,0.008
38500,0.994,0.000,0.006
39000,0.995,0.000,0.005
39500,0.996,0.000,0.004
40000,0.993,0.000,0.007
40500,0.997,0.000,0.003
41000,0.996,0.000,0.004
41500,0.998,0.000,0.002
42000,0.993,0.000,0.007
42500,0.995,0.000,0.005
43000,0.993,0.000,0.007
43500,0.997,0.000,0.003
44000,0.999,0.000,0.001
44500,1.000,0.000,0.000
