time,n_A+p,n_B,n_AB
500,0.050,0.899,0.051
1000,0.050,0.839,0.111
1500,0.050,0.787,0.163
2000,0.050,0.735,0.215
2500,0.058,0.693,0.249
3000,0.060,0.638,0.302
3500,0.066,0.609,0.325
4000,0.072,0.566,0.362
4500,0.073,0.534,0.393
5000,0.078,0.486,0.436
5500,0.079,0.479,0.442
6000,0.092,0.464,0.444
6500,0.092,0.421,0.487
7000,0.097,0.380,0.523
7500,0.120,0.382,0.498
8000,0.120,0.360,0.520
8500,0.147,0.341,0.512
9000,0.161,0.325,0.514
9500,0.164,0.292,0.544
10000,0.183,0.273,0.544
10500,0.205,0.249,0.546
11000,0.206,0.203,0.591
11500,0.222,0.200,0.578
12000,0.252,0.178,0.570
12500,0.272,0.172,0.556
13000,0.262,0.192,0.546
13500,0.252,0.193,0.555
14000,0.278,0.178,0.544
14500,0.276,0.164,0.560
15000,0.262,0.141,0.597
15500,0.265,0.171,0.564
16000,0.259,0.167,0.574
16500,0.273,0.154,0.573
17000,0.273,0.132,0.595
17500,0.272,0.152,0.576
18000,0.281,0.142,0.577
18500,0.325,0.121,0.554
19000,0.301,0.118,0.581
19500,0.365,0.099,0.536
20000,0.386,0.083,0.531
20500,0.426,0.080,0.494
21000,0.436,0.081,0.483
21500,0.423,0.068,0.509
22000,0.481,0.062,0.457
22500,0.490,0.051,0.459
23000,0.492,0.043,0.465
23500,0.513,0.055,0.432
24000,0.520,0.045,0.435
24500,0.503,0.037,0.460
25000,0.508,0.040,0.452
25500,0.514,0.042,0.444
26000,0.496,0.026,0.478
26500,0.490,0.035,0.475
27000,0.497,0.031,0.472
27500,0.530,0.025,0.445
28000,0.511,0.026,0.463
28500,0.510,0.044,0.446
29000,0.514,0.033,0.453
29500,0.501,0.033,0.466
30000,0.512,0.034,0.454
30500,0.534,0.035,0.431
31000,0.536,0.048,0.416
31500,0.526,0.043,0.431
32000,0.515,0.035,0.450
32500,0.538,0.044,0.418
33000,0.566,0.024,0.410
33500,0.559,0.035,0.406
34000,0.585,0.030,0.385
34500,0.593,0.025,0.382
35000,0.592,0.024,0.384
35500,0.603,0.024,0.373
36000,0.602,0.028,0.370
36500,0.589,0.027,0.384
37000,0.568,0.027,0.405
37500,0.577,0.032,0.391
38000,0.599,0.021,0.380
38500,0.570,0.020,0.410
39000,0.579,0.021,0.400
39500,0.623,0.021,0.356
40000,0.613,0.011,0.376
40500,0.594,0.019,0.387
41000,0.588,0.019,0.393
41500,0.594,0.014,0.392
42000,0.609,0.021,0.370
42500,0.614,0.019,0.367
43000,0.603,0.011,0.386
43500,0.608,0.010,0.382
44000,0.603,0.015,0.382
44500,0.620,0.019,0.361
45000,0.613,0.012,0.375
45500,0.665,0.010,0.325
46000,0.690,0.009,0.301
46500,0.688,0.012,0.300
47000,0.679,0.006,0.315
47500,0.697,0.005,0.298
48000,0.671,0.003,0.326
48500,0.701,0.006,0.293
49000,0.669,0.010,0.321
49500,0.676,0.007,0.317
50000,0.682,0.005,0.313
50500,0.708,0.006,0.286
51000,0.725,0.002,0.273
51500,0.716,0.007,0.277
52000,0.734,0.005,0.261
52500,0.720,0.006,0.274
53000,0.714,0.001,0.285
53500,0.713,0.002,0.285
54000,0.722,0.000,0.278
54500,0.724,0.002,0.274
55000,0.729,0.004,0.267
55500,0.739,0.006,0.255
56000,0.734,0.010,0.256
56500,0.742,0.012,0.246
57000,0.739,0.004,0.257
57500,0.752,0.004,0.244
58000,0.734,0.001,0.265
58500,0.729,0.005,0.266
59000,0.751,0.002,0.247
59500,0.760,0.001,0.239
60000,0.747,0.003,0.250
60500,0.757,0.002,0.241
61000,0.748,0.005,0.247
61500,0.722,0.003,0.275
62000,0.725,0.006,0.269
62500,0.719,0.007,0.274
63000,0.696,0.004,0.300
63500,0.712,0.007,0.281
64000,0.705,0.012,0.283
64500,0.706,0.011,0.283
65000,0.703,0.014,0.283
65500,0.702,0.009,0.289
66000,0.707,0.011,0.282
66500,0.685,0.008,0.307
67000,0.677,0.009,0.314
67500,0.687,0.008,0.305
68000,0.704,0.012,0.284
68500,0.672,0.007,0.321
69000,0.705,0.006,0.289
69500,0.714,0.005,0.281
70000,0.698,0.010,0.292
70500,0.678,0.007,0.315
71000,0.675,0.001,0.324
71500,0.689,0.005,0.306
72000,0.698,0.007,0.295
72500,0.694,0.007,0.299
73000,0.666,0.007,0.327
73500,0.679,0.009,0.312
74000,0.675,0.007,0.318
74500,0.662,0.004,0.334
75000,0.680,0.010,0.310
75500,0.717,0.006,0.277
76000,0.720,0.003,0.277
76500,0.731,0.003,0.266
77000,0.734,0.001,0.265
77500,0.732,0.001,0.267
78000,0.737,0.004,0.259
78500,0.720,0.005,0.275
79000,0.727,0.004,0.269
79500,0.710,0.011,0.279
80000,0.715,0.006,0.279
80500,0.727,0.002,0.271
81000,0.717,0.005,0.278
81500,0.702,0.005,0.293
82000,0.692,0.001,0.307
82500,0.680,0.004,0.316
83000,0.663,0.009,0.328
83500,0.673,0.008,0.319
84000,0.650,0.012,0.338
84500,0.625,0.012,0.363
85000,0.630,0.013,0.357
85500,0.638,0.017,0.345
86000,0.652,0.016,0.332
86500,0.685,0.006,0.309
87000,0.710,0.003,0.287
87500,0.709,0.005,0.286
88000,0.704,0.007,0.289
88500,0.667,0.011,0.322
89000,0.674,0.008,0.318
89500,0.662,0.009,0.329
90000,0.682,0.008,0.310
90500,0.699,0.002,0.299
91000,0.722,0.002,0.276
91500,0.719,0.005,0.276
92000,0.708,0.003,0.289
92500,0.735,0.008,0.257
93000,0.752,0.013,0.235
93500,0.762,0.009,0.229
94000,0.767,0.012,0.221
94500,0.762,0.005,0.233
95000,0.747,0.005,0.248
95500,0.746,0.005,0.249
96000,0.750,0.009,0.241
96500,0.759,0.006,0.235
97000,0.766,0.001,0.233
97500,0.755,0.003,0.242
98000,0.741,0.010,0.249
98500,0.728,0.007,0.265
99000,0.758,0.009,0.233
99500,0.751,0.009,0.240
100000,0.726,0.002,0.272
100500,0.720,0.007,0.273
101000,0.720,0.004,0.276
101500,0.696,0.005,0.299
102000,0.686,0.006,0.308
102500,0.708,0.010,0.282
103000,0.709,0.008,0.283
103500,0.699,0.007,0.294
104000,0.705,0.006,0.289
104500,0.707,0.005,0.288
105000,0.714,0.002,0.284
105500,0.729,0.004,0.267
106000,0.724,0.002,0.274
106500,0.711,0.007,0.282
107000,0.688,0.005,0.307
107500,0.687,0.010,0.303
108000,0.670,0.004,0.326
108500,0.684,0.005,0.311
109000,0.698,0.004,0.298
109500,0.693,0.001,0.306
110000,0.704,0.005,0.291
110500,0.701,0.004,0.295
111000,0.659,0.013,0.328
111500,0.688,0.012,0.300
112000,0.680,0.012,0.308
112500,0.657,0.011,0.332
113000,0.634,0.012,0.354
113500,0.652,0.014,0.334
114000,0.636,0.009,0.355
114500,0.624,0.012,0.364
115000,0.645,0.020,0.335
115500,0.643,0.012,0.345
116000,0.645,0.012,0.343
116500,0.638,0.021,0.341
117000,0.631,0.016,0.353
117500,0.637,0.010,0.353
118000,0.629,0.017,0.354
118500,0.635,0.013,0.352
119000,0.665,0.013,0.322
119500,0.649,0.011,0.340
120000,0.663,0.006,0.331
120500,0.640,0.003,0.357
121000,0.660,0.011,0.329
121500,0.612,0.010,0.378
122000,0.641,0.015,0.344
122500,0.619,0.017,0.364
123000,0.614,0.012,0.374
123500,0.604,0.013,0.383
124000,0.607,0.022,0.371
124500,0.595,0.017,0.388
125000,0.623,0.017,0.360
125500,0.634,0.014,0.352
126000,0.617,0.022,0.361
126500,0.593,0.022,0.385
127000,0.609,0.018,0.373
127500,0.592,0.036,0.372
128000,0.570,0.028,0.402
128500,0.580,0.026,0.394
129000,0.598,0.020,0.382
129500,0.623,0.026,0.351
130000,0.578,0.025,0.397
130500,0.593,0.020,0.387
131000,0.584,0.019,0.397
131500,0.571,0.022,0.407
132000,0.543,0.028,0.429
132500,0.562,0.021,0.417
133000,0.587,0.014,0.399
133500,0.579,0.014,0.407
134000,0.578,0.020,0.402
134500,0.609,0.013,0.378
135000,0.620,0.013,0.367
135500,0.606,0.020,0.374
136000,0.630,0.020,0.350
136500,0.627,0.012,0.361
137000,0.629,0.010,0.361
137500,0.616,0.007,0.377
138000,0.624,0.020,0.356
138500,0.631,0.024,0.345
139000,0.612,0.012,0.376
139500,0.615,0.015,0.370
140000,0.618,0.025,0.357
140500,0.590,0.014,0.396
141000,0.599,0.018,0.383
141500,0.620,0.017,0.363
142000,0.617,0.011,0.372
142500,0.611,0.012,0.377
143000,0.621,0.008,0.371
143500,0.603,0.018,0.379
144000,0.616,0.018,0.366
144500,0.627,0.014,0.359
145000,0.623,0.020,0.357
145500,0.633,0.014,0.353
146000,0.620,0.016,0.364
146500,0.613,0.012,0.375
147000,0.585,0.006,0.409
147500,0.575,0.024,0.401
148000,0.557,0.032,0.411
148500,0.539,0.029,0.432
149000,0.539,0.046,0.415
149500,0.510,0.027,0.463
150000,0.512,0.041,0.447
150500,0.519,0.047,0.434
151000,0.521,0.052,0.427
151500,0.512,0.030,0.458
152000,0.515,0.041,0.444
152500,0.541,0.050,0.409
153000,0.561,0.039,0.400
153500,0.544,0.030,0.426
154000,0.543,0.028,0.429
154500,0.552,0.024,0.424
155000,0.584,0.025,0.391
155500,0.589,0.019,0.392
156000,0.553,0.018,0.429
156500,0.550,0.017,0.433
157000,0.544,0.018,0.438
157500,0.518,0.026,0.456
158000,0.503,0.036,0.461
158500,0.513,0.021,0.466
159000,0.509,0.023,0.468
159500,0.538,0.033,0.429
160000,0.540,0.022,0.438
160500,0.507,0.030,0.463
161000,0.551,0.032,0.417
161500,0.561,0.026,0.413
162000,0.583,0.020,0.397
162500,0.591,0.020,0.389
163000,0.576,0.021,0.403
163500,0.616,0.012,0.372
164000,0.631,0.010,0.359
164500,0.641,0.008,0.351
165000,0.665,0.017,0.318
165500,0.702,0.014,0.284
166000,0.650,0.009,0.341
166500,0.678,0.010,0.312
167000,0.650,0.007,0.343
167500,0.672,0.014,0.314
168000,0.662,0.006,0.332
168500,0.677,0.012,0.311
169000,0.633,0.014,0.353
169500,0.616,0.019,0.365
170000,0.597,0.021,0.382
170500,0.578,0.020,0.402
171000,0.592,0.014,0.394
171500,0.573,0.015,0.412
172000,0.591,0.019,0.390
172500,0.569,0.018,0.413
173000,0.595,0.019,0.386
173500,0.577,0.017,0.406
174000,0.584,0.016,0.400
174500,0.595,0.023,0.382
175000,0.555,0.013,0.432
175500,0.589,0.007,0.404
176000,0.604,0.013,0.383
176500,0.604,0.018,0.378
177000,0.612,0.024,0.364
177500,0.636,0.018,0.346
178000,0.633,0.012,0.355
178500,0.630,0.006,0.364
179000,0.658,0.004,0.338
179500,0.671,0.011,0.318
180000,0.665,0.013,0.322
180500,0.687,0.009,0.304
181000,0.692,0.014,0.294
181500,0.701,0.010,0.289
182000,0.671,0.013,0.316
182500,0.670,0.008,0.322
183000,0.669,0.014,0.317
183500,0.678,0.012,0.310
184000,0.642,0.017,0.341
184500,0.637,0.026,0.337
185000,0.630,0.027,0.343
185500,0.616,0.026,0.358
186000,0.650,0.017,0.333
186500,0.647,0.014,0.339
187000,0.611,0.020,0.369
187500,0.624,0.014,0.362
188000,0.640,0.011,0.349
188500,0.651,0.013,0.336
189000,0.673,0.012,0.315
189500,0.653,0.011,0.336
190000,0.677,0.004,0.319
190500,0.692,0.007,0.301
191000,0.684,0.005,0.311
191500,0.666,0.007,0.327
192000,0.643,0.013,0.344
192500,0.643,0.014,0.343
193000,0.647,0.025,0.328
193500,0.622,0.032,0.346
194000,0.646,0.016,0.338
194500,0.662,0.012,0.326
195000,0.644,0.010,0.346
195500,0.659,0.008,0.333
196000,0.656,0.008,0.336
196500,0.665,0.013,0.322
197000,0.669,0.016,0.315
197500,0.663,0.015,0.322
198000,0.655,0.010,0.335
198500,0.646,0.008,0.346
199000,0.659,0.014,0.327
199500,0.670,0.020,0.310
200000,0.621,0.022,0.357
200500,0.615,0.028,0.357
201000,0.627,0.030,0.343
201500,0.622,0.019,0.359
202000,0.624,0.017,0.359
202500,0.635,0.018,0.347
203000,0.625,0.011,0.364
203500,0.642,0.008,0.350
204000,0.613,0.016,0.371
204500,0.609,0.013,0.378
205000,0.621,0.007,0.372
205500,0.641,0.012,0.347
206000,0.648,0.020,0.332
206500,0.669,0.021,0.310
207000,0.657,0.023,0.320
207500,0.659,0.013,0.328
208000,0.683,0.010,0.307
208500,0.673,0.008,0.319
209000,0.670,0.012,0.318
209500,0.661,0.010,0.329
210000,0.695,0.009,0.296
210500,0.722,0.009,0.269
211000,0.743,0.008,0.249
211500,0.758,0.005,0.237
212000,0.751,0.002,0.247
212500,0.755,0.003,0.242
213000,0.744,0.003,0.253
213500,0.777,0.002,0.221
214000,0.760,0.002,0.238
214500,0.742,0.002,0.256
215000,0.748,0.004,0.248
215500,0.754,0.002,0.244
216000,0.736,0.003,0.261
216500,0.740,0.004,0.256
217000,0.749,0.003,0.248
217500,0.713,0.003,0.284
218000,0.700,0.005,0.295
218500,0.710,0.002,0.288
219000,0.717,0.001,0.282
219500,0.715,0.002,0.283
220000,0.721,0.005,0.274
220500,0.724,0.003,0.273
221000,0.714,0.007,0.279
221500,0.734,0.009,0.257
222000,0.717,0.005,0.278
222500,0.723,0.007,0.270
223000,0.718,0.010,0.272
223500,0.724,0.010,0.266
224000,0.706,0.013,0.281
224500,0.697,0.016,0.287
225000,0.711,0.011,0.278
225500,0.715,0.008,0.277
226000,0.731,0.004,0.265
226500,0.739,0.000,0.261
227000,0.759,0.001,0.240
227500,0.759,0.007,0.234
228000,0.734,0.009,0.257
228500,0.741,0.006,0.253
229000,0.717,0.013,0.270
229500,0.715,0.012,0.273
230000,0.716,0.008,0.276
230500,0.680,0.005,0.315
231000,0.667,0.007,0.326
231500,0.665,0.004,0.331
232000,0.665,0.007,0.328
232500,0.656,0.006,0.338
233000,0.643,0.007,0.350
233500,0.664,0.006,0.330
234000,0.655,0.010,0.335
234500,0.638,0.006,0.356
235000,0.639,0.014,0.347
235500,0.630,0.021,0.349
236000,0.658,0.015,0.327
236500,0.633,0.006,0.361
237000,0.628,0.008,0.364
237500,0.639,0.014,0.347
238000,0.654,0.016,0.330
238500,0.660,0.007,0.333
239000,0.656,0.008,0.336
239500,0.624,0.013,0.363
240000,0.638,0.017,0.345
240500,0.648,0.012,0.340
241000,0.645,0.013,0.342
241500,0.644,0.009,0.347
242000,0.644,0.011,0.345
242500,0.639,0.010,0.351
243000,0.612,0.011,0.377
243500,0.647,0.005,0.348
244000,0.671,0.009,0.320
244500,0.687,0.007,0.306
245000,0.661,0.005,0.334
245500,0.655,0.012,0.333
246000,0.666,0.014,0.320
246500,0.664,0.012,0.324
247000,0.678,0.011,0.311
247500,0.662,0.015,0.323
248000,0.668,0.015,0.317
248500,0.652,0.013,0.335
249000,0.681,0.013,0.306
249500,0.690,0.008,0.302
250000,0.705,0.010,0.285
250500,0.696,0.004,0.300
251000,0.717,0.002,0.281
251500,0.732,0.002,0.266
252000,0.738,0.000,0.262
252500,0.729,0.004,0.267
253000,0.724,0.005,0.271
253500,0.711,0.006,0.283
254000,0.714,0.006,0.280
254500,0.706,0.002,0.292
255000,0.735,0.003,0.262
255500,0.727,0.006,0.267
256000,0.727,0.005,0.268
256500,0.746,0.002,0.252
257000,0.744,0.009,0.247
257500,0.778,0.003,0.219
258000,0.750,0.002,0.248
258500,0.757,0.001,0.242
259000,0.744,0.003,0.253
259500,0.727,0.003,0.270
260000,0.710,0.005,0.285
260500,0.714,0.008,0.278
261000,0.723,0.002,0.275
261500,0.695,0.006,0.299
262000,0.703,0.008,0.289
262500,0.710,0.012,0.278
263000,0.712,0.008,0.280
263500,0.720,0.006,0.274
264000,0.716,0.002,0.282
264500,0.710,0.001,0.289
265000,0.717,0.004,0.279
265500,0.727,0.001,0.272
266000,0.719,0.000,0.281
266500,0.693,0.001,0.306
267000,0.703,0.001,0.296
267500,0.679,0.002,0.319
268000,0.684,0.000,0.316
268500,0.691,0.010,0.299
269000,0.669,0.008,0.323
269500,0.666,0.007,0.327
270000,0.703,0.007,0.290
270500,0.689,0.006,0.305
271000,0.709,0.004,0.287
271500,0.694,0.003,0.303
272000,0.699,0.003,0.298
272500,0.698,0.005,0.297
273000,0.711,0.002,0.287
273500,0.685,0.004,0.311
274000,0.689,0.012,0.299
274500,0.645,0.024,0.331
275000,0.650,0.017,0.333
275500,0.644,0.022,0.334
276000,0.623,0.040,0.337
276500,0.609,0.038,0.353
277000,0.624,0.024,0.352
277500,0.621,0.016,0.363
278000,0.624,0.013,0.363
278500,0.636,0.012,0.352
279000,0.672,0.011,0.317
279500,0.698,0.009,0.293
280000,0.686,0.014,0.300
280500,0.687,0.008,0.305
281000,0.666,0.005,0.329
281500,0.670,0.014,0.316
282000,0.672,0.012,0.316
282500,0.662,0.005,0.333
283000,0.682,0.016,0.302
283500,0.680,0.008,0.312
284000,0.692,0.004,0.304
284500,0.666,0.005,0.329
285000,0.666,0.007,0.327
285500,0.640,0.011,0.349
286000,0.635,0.009,0.356
286500,0.653,0.013,0.334
287000,0.629,0.020,0.351
287500,0.591,0.016,0.393
288000,0.610,0.014,0.376
288500,0.614,0.009,0.377
289000,0.621,0.013,0.366
289500,0.654,0.010,0.336
290000,0.645,0.008,0.347
290500,0.676,0.016,0.308
291000,0.690,0.012,0.298
291500,0.693,0.010,0.297
292000,0.694,0.007,0.299
292500,0.678,0.007,0.315
293000,0.664,0.010,0.326
293500,0.665,0.023,0.312
294000,0.647,0.012,0.341
294500,0.642,0.020,0.338
295000,0.638,0.017,0.345
295500,0.664,0.008,0.328
296000,0.656,0.015,0.329
296500,0.660,0.012,0.328
297000,0.651,0.010,0.339
297500,0.678,0.015,0.307
298000,0.674,0.010,0.316
298500,0.674,0.007,0.319
299000,0.684,0.005,0.311
299500,0.694,0.003,0.303
300000,0.702,0.002,0.296
300500,0.714,0.005,0.281
301000,0.699,0.003,0.298
301500,0.680,0.006,0.314
302000,0.680,0.006,0.314
302500,0.645,0.011,0.344
303000,0.617,0.010,0.373
303500,0.645,0.005,0.350
304000,0.658,0.002,0.340
304500,0.681,0.003,0.316
305000,0.708,0.012,0.280
305500,0.701,0.013,0.286
306000,0.722,0.017,0.261
306500,0.708,0.012,0.280
307000,0.680,0.003,0.317
307500,0.692,0.006,0.302
308000,0.702,0.004,0.294
308500,0.722,0.005,0.273
309000,0.706,0.004,0.290
309500,0.741,0.004,0.255
310000,0.737,0.006,0.257
310500,0.719,0.008,0.273
311000,0.707,0.006,0.287
311500,0.664,0.015,0.321
312000,0.681,0.014,0.305
312500,0.691,0.010,0.299
313000,0.682,0.013,0.305
313500,0.723,0.012,0.265
314000,0.713,0.007,0.280
314500,0.714,0.002,0.284
315000,0.698,0.010,0.292
315500,0.673,0.012,0.315
316000,0.669,0.012,0.319
316500,0.684,0.005,0.311
317000,0.681,0.003,0.316
317500,0.681,0.005,0.314
318000,0.695,0.006,0.299
318500,0.692,0.004,0.304
319000,0.703,0.011,0.286
319500,0.707,0.005,0.288
320000,0.681,0.009,0.310
320500,0.694,0.012,0.294
321000,0.714,0.006,0.280
321500,0.723,0.006,0.271
322000,0.720,0.005,0.275
322500,0.710,0.009,0.281
323000,0.710,0.006,0.284
323500,0.693,0.006,0.301
324000,0.692,0.003,0.305
324500,0.666,0.008,0.326
325000,0.656,0.012,0.332
325500,0.651,0.005,0.344
326000,0.658,0.005,0.337
326500,0.629,0.004,0.367
327000,0.654,0.011,0.335
327500,0.655,0.008,0.337
328000,0.656,0.007,0.337
328500,0.679,0.016,0.305
329000,0.669,0.007,0.324
329500,0.695,0.010,0.295
330000,0.688,0.009,0.303
330500,0.656,0.009,0.335
331000,0.647,0.016,0.337
331500,0.639,0.007,0.354
332000,0.666,0.011,0.323
332500,0.661,0.011,0.328
333000,0.699,0.007,0.294
333500,0.705,0.012,0.283
334000,0.689,0.013,0.298
334500,0.683,0.014,0.303
335000,0.674,0.011,0.315
335500,0.687,0.015,0.298
336000,0.693,0.005,0.302
336500,0.693,0.007,0.300
337000,0.690,0.006,0.304
337500,0.667,0.006,0.327
338000,0.660,0.008,0.332
338500,0.649,0.011,0.340
339000,0.650,0.005,0.345
339500,0.675,0.002,0.323
340000,0.684,0.002,0.314
340500,0.692,0.009,0.299
341000,0.670,0.010,0.320
341500,0.705,0.008,0.287
342000,0.707,0.003,0.290
342500,0.715,0.005,0.280
343000,0.713,0.010,0.277
343500,0.704,0.007,0.289
344000,0.704,0.006,0.290
344500,0.690,0.007,0.303
345000,0.694,0.007,0.299
345500,0.690,0.006,0.304
346000,0.697,0.006,0.297
346500,0.705,0.007,0.288
347000,0.697,0.011,0.292
347500,0.692,0.009,0.299
348000,0.687,0.005,0.308
348500,0.688,0.005,0.307
349000,0.716,0.005,0.279
349500,0.725,0.006,0.269
350000,0.694,0.005,0.301
350500,0.708,0.008,0.284
351000,0.689,0.005,0.306
351500,0.684,0.001,0.315
352000,0.674,0.011,0.315
352500,0.672,0.011,0.317
353000,0.665,0.007,0.328
353500,0.688,0.009,0.303
354000,0.713,0.010,0.277
354500,0.702,0.009,0.289
355000,0.686,0.002,0.312
355500,0.719,0.008,0.273
356000,0.688,0.006,0.306
356500,0.669,0.005,0.326
357000,0.678,0.005,0.317
357500,0.672,0.019,0.309
358000,0.665,0.005,0.330
358500,0.692,0.002,0.306
359000,0.688,0.004,0.308
359500,0.690,0.010,0.300
360000,0.733,0.004,0.263
360500,0.748,0.001,0.251
361000,0.784,0.003,0.213
361500,0.779,0.001,0.220
362000,0.776,0.004,0.220
362500,0.740,0.006,0.254
363000,0.763,0.003,0.234
363500,0.731,0.003,0.266
364000,0.710,0.001,0.289
364500,0.701,0.006,0.293
365000,0.707,0.004,0.289
365500,0.701,0.003,0.296
366000,0.689,0.005,0.306
366500,0.688,0.004,0.308
367000,0.711,0.005,0.284
367500,0.681,0.006,0.313
368000,0.706,0.007,0.287
368500,0.687,0.009,0.304
369000,0.684,0.007,0.309
369500,0.714,0.003,0.283
370000,0.693,0.008,0.299
370500,0.695,0.007,0.298
371000,0.675,0.010,0.315
371500,0.663,0.009,0.328
372000,0.650,0.007,0.343
372500,0.662,0.008,0.330
373000,0.691,0.005,0.304
373500,0.685,0.004,0.311
374000,0.672,0.004,0.324
374500,0.674,0.011,0.315
375000,0.677,0.009,0.314
375500,0.666,0.013,0.321
376000,0.677,0.013,0.310
376500,0.680,0.016,0.304
377000,0.685,0.013,0.302
377500,0.713,0.010,0.277
378000,0.715,0.005,0.280
378500,0.692,0.007,0.301
379000,0.705,0.006,0.289
379500,0.690,0.007,0.303
380000,0.676,0.008,0.316
380500,0.649,0.010,0.341
381000,0.637,0.016,0.347
381500,0.678,0.014,0.308
382000,0.668,0.003,0.329
382500,0.648,0.012,0.340
383000,0.639,0.016,0.345
383500,0.642,0.015,0.343
384000,0.639,0.008,0.353
384500,0.627,0.013,0.360
385000,0.619,0.017,0.364
385500,0.607,0.016,0.377
386000,0.589,0.012,0.399
386500,0.591,0.014,0.395
387000,0.596,0.014,0.390
387500,0.655,0.015,0.330
388000,0.649,0.021,0.330
388500,0.671,0.020,0.309
389000,0.643,0.020,0.337
389500,0.626,0.012,0.362
390000,0.649,0.015,0.336
390500,0.665,0.017,0.318
391000,0.666,0.019,0.315
391500,0.665,0.013,0.322
392000,0.648,0.011,0.341
392500,0.602,0.007,0.391
393000,0.601,0.020,0.379
393500,0.605,0.018,0.377
394000,0.595,0.023,0.382
394500,0.629,0.008,0.363
395000,0.674,0.009,0.317
395500,0.672,0.005,0.323
396000,0.685,0.008,0.307
396500,0.682,0.003,0.315
397000,0.683,0.001,0.316
397500,0.659,0.008,0.333
398000,0.670,0.014,0.316
398500,0.705,0.009,0.286
399000,0.676,0.007,0.317
399500,0.668,0.006,0.326
400000,0.679,0.004,0.317
400500,0.672,0.011,0.317
401000,0.707,0.011,0.282
401500,0.689,0.004,0.307
402000,0.677,0.002,0.321
402500,0.690,0.008,0.302
403000,0.699,0.005,0.296
403500,0.704,0.006,0.290
404000,0.698,0.006,0.296
404500,0.690,0.007,0.303
405000,0.694,0.004,0.302
405500,0.684,0.007,0.309
406000,0.671,0.005,0.324
406500,0.655,0.004,0.341
407000,0.691,0.013,0.296
407500,0.701,0.011,0.288
408000,0.691,0.008,0.301
408500,0.680,0.005,0.315
409000,0.668,0.011,0.321
409500,0.672,0.013,0.315
410000,0.706,0.010,0.284
410500,0.669,0.011,0.320
411000,0.652,0.010,0.338
411500,0.664,0.007,0.329
412000,0.694,0.005,0.301
412500,0.694,0.005,0.301
413000,0.698,0.001,0.301
413500,0.684,0.005,0.311
414000,0.668,0.007,0.325
414500,0.682,0.006,0.312
415000,0.682,0.007,0.311
415500,0.651,0.010,0.339
416000,0.643,0.005,0.352
416500,0.656,0.014,0.330
417000,0.697,0.010,0.293
417500,0.722,0.008,0.270
418000,0.722,0.003,0.275
418500,0.730,0.001,0.269
419000,0.749,0.000,0.251
419500,0.726,0.002,0.272
420000,0.742,0.001,0.257
420500,0.720,0.011,0.269
421000,0.725,0.009,0.266
421500,0.709,0.011,0.280
422000,0.704,0.006,0.290
422500,0.694,0.005,0.301
423000,0.698,0.004,0.298
423500,0.691,0.005,0.304
424000,0.715,0.006,0.279
424500,0.698,0.008,0.294
425000,0.692,0.004,0.304
425500,0.703,0.012,0.285
426000,0.725,0.008,0.267
426500,0.701,0.008,0.291
427000,0.691,0.008,0.301
427500,0.680,0.013,0.307
428000,0.660,0.008,0.332
428500,0.661,0.010,0.329
429000,0.718,0.012,0.270
429500,0.698,0.016,0.286
430000,0.688,0.009,0.303
430500,0.676,0.006,0.318
431000,0.691,0.011,0.298
431500,0.704,0.008,0.288
432000,0.700,0.006,0.294
432500,0.704,0.008,0.288
433000,0.699,0.007,0.294
433500,0.701,0.008,0.291
434000,0.735,0.005,0.260
434500,0.750,0.003,0.247
435000,0.766,0.001,0.233
435500,0.765,0.000,0.235
436000,0.766,0.006,0.228
436500,0.773,0.001,0.226
437000,0.769,0.003,0.228
437500,0.754,0.001,0.245
438000,0.745,0.004,0.251
438500,0.716,0.004,0.280
439000,0.697,0.001,0.302
439500,0.724,0.000,0.276
440000,0.720,0.004,0.276
440500,0.708,0.005,0.287
441000,0.743,0.001,0.256
441500,0.745,0.003,0.252
442000,0.731,0.001,0.268
442500,0.729,0.000,0.271
443000,0.731,0.002,0.267
443500,0.720,0.004,0.276
444000,0.694,0.004,0.302
444500,0.706,0.005,0.289
445000,0.697,0.008,0.295
445500,0.705,0.011,0.284
446000,0.689,0.010,0.301
446500,0.717,0.015,0.268
447000,0.721,0.010,0.269
447500,0.708,0.009,0.283
448000,0.685,0.005,0.310
448500,0.671,0.007,0.322
449000,0.672,0.010,0.318
449500,0.675,0.010,0.315
450000,0.680,0.018,0.302
450500,0.648,0.018,0.334
451000,0.663,0.013,0.324
451500,0.670,0.011,0.319
452000,0.693,0.006,0.301
452500,0.693,0.007,0.300
453000,0.699,0.003,0.298
453500,0.696,0.008,0.296
454000,0.655,0.006,0.339
454500,0.669,0.006,0.325
455000,0.682,0.004,0.314
455500,0.663,0.011,0.326
456000,0.665,0.011,0.324
456500,0.667,0.010,0.323
457000,0.644,0.005,0.351
457500,0.652,0.007,0.341
458000,0.633,0.010,0.357
458500,0.621,0.009,0.370
459000,0.620,0.009,0.371
459500,0.633,0.003,0.364
460000,0.668,0.006,0.326
460500,0.657,0.004,0.339
461000,0.655,0.002,0.343
461500,0.671,0.007,0.322
462000,0.679,0.022,0.299
462500,0.660,0.018,0.322
463000,0.632,0.016,0.352
463500,0.667,0.012,0.321
464000,0.653,0.013,0.334
464500,0.666,0.011,0.323
465000,0.688,0.010,0.302
465500,0.678,0.007,0.315
466000,0.657,0.012,0.331
466500,0.662,0.005,0.333
467000,0.616,0.010,0.374
467500,0.617,0.036,0.347
468000,0.606,0.024,0.370
468500,0.623,0.025,0.352
469000,0.605,0.024,0.371
469500,0.596,0.026,0.378
470000,0.600,0.018,0.382
470500,0.604,0.012,0.384
471000,0.603,0.009,0.388
471500,0.595,0.021,0.384
472000,0.620,0.021,0.359
472500,0.638,0.019,0.343
473000,0.631,0.010,0.359
473500,0.676,0.006,0.318
474000,0.652,0.005,0.343
474500,0.665,0.009,0.326
475000,0.650,0.010,0.340
475500,0.671,0.010,0.319
476000,0.665,0.013,0.322
476500,0.671,0.013,0.316
477000,0.683,0.008,0.309
477500,0.699,0.008,0.293
478000,0.724,0.007,0.269
478500,0.727,0.007,0.266
479000,0.727,0.004,0.269
479500,0.725,0.006,0.269
480000,0.746,0.004,0.250
480500,0.751,0.004,0.245
481000,0.715,0.002,0.283
481500,0.710,0.007,0.283
482000,0.691,0.008,0.301
482500,0.681,0.011,0.308
483000,0.674,0.011,0.315
483500,0.652,0.008,0.340
484000,0.665,0.007,0.328
484500,0.634,0.014,0.352
485000,0.642,0.013,0.345
485500,0.651,0.012,0.337
486000,0.663,0.012,0.325
486500,0.642,0.022,0.336
487000,0.643,0.022,0.335
487500,0.657,0.020,0.323
488000,0.647,0.017,0.336
488500,0.653,0.013,0.334
489000,0.649,0.010,0.341
489500,0.659,0.011,0.330
490000,0.662,0.009,0.329
490500,0.676,0.006,0.318
491000,0.686,0.007,0.307
491500,0.683,0.006,0.311
492000,0.680,0.007,0.313
492500,0.665,0.009,0.326
493000,0.611,0.017,0.372
493500,0.621,0.012,0.367
494000,0.643,0.016,0.341
494500,0.612,0.014,0.374
495000,0.635,0.010,0.355
495500,0.616,0.012,0.372
496000,0.604,0.020,0.376
496500,0.627,0.028,0.345
497000,0.623,0.025,0.352
497500,0.621,0.023,0.356
498000,0.635,0.018,0.347
498500,0.674,0.020,0.306
499000,0.674,0.017,0.309
499500,0.652,0.014,0.334
500000,0.633,0.017,0.350
500500,0.651,0.014,0.335
501000,0.648,0.014,0.338
501500,0.637,0.008,0.355
502000,0.656,0.007,0.337
502500,0.656,0.007,0.337
503000,0.625,0.014,0.361
503500,0.662,0.018,0.320
504000,0.624,0.014,0.362
504500,0.627,0.015,0.358
505000,0.644,0.011,0.345
505500,0.632,0.005,0.363
506000,0.632,0.005,0.363
506500,0.636,0.020,0.344
507000,0.647,0.014,0.339
507500,0.681,0.006,0.313
508000,0.674,0.006,0.320
508500,0.680,0.004,0.316
509000,0.665,0.008,0.327
509500,0.669,0.007,0.324
510000,0.666,0.007,0.327
510500,0.674,0.016,0.310
511000,0.672,0.014,0.314
511500,0.674,0.006,0.320
512000,0.648,0.017,0.335
512500,0.645,0.012,0.343
513000,0.662,0.013,0.325
513500,0.655,0.020,0.325
514000,0.645,0.022,0.333
514500,0.650,0.010,0.340
515000,0.624,0.011,0.365
515500,0.627,0.021,0.352
516000,0.605,0.016,0.379
516500,0.613,0.012,0.375
517000,0.617,0.014,0.369
517500,0.606,0.005,0.389
518000,0.601,0.014,0.385
518500,0.619,0.022,0.359
519000,0.651,0.010,0.339
519500,0.653,0.007,0.340
520000,0.633,0.008,0.359
520500,0.640,0.013,0.347
521000,0.677,0.007,0.316
521500,0.671,0.005,0.324
522000,0.642,0.007,0.351
522500,0.639,0.014,0.347
523000,0.650,0.017,0.333
523500,0.649,0.021,0.330
524000,0.673,0.020,0.307
524500,0.687,0.009,0.304
525000,0.686,0.008,0.306
525500,0.658,0.007,0.335
526000,0.638,0.009,0.353
526500,0.663,0.012,0.325
527000,0.663,0.023,0.314
527500,0.666,0.018,0.316
528000,0.675,0.013,0.312
528500,0.684,0.012,0.304
529000,0.712,0.008,0.280
529500,0.721,0.007,0.272
530000,0.735,0.002,0.263
530500,0.738,0.004,0.258
531000,0.723,0.006,0.271
531500,0.711,0.004,0.285
532000,0.736,0.012,0.252
532500,0.753,0.007,0.240
533000,0.734,0.013,0.253
533500,0.725,0.008,0.267
534000,0.728,0.005,0.267
534500,0.734,0.003,0.263
535000,0.739,0.004,0.257
535500,0.739,0.002,0.259
536000,0.728,0.002,0.270
536500,0.741,0.002,0.257
537000,0.725,0.002,0.273
537500,0.712,0.008,0.280
538000,0.708,0.010,0.282
538500,0.688,0.012,0.300
539000,0.691,0.009,0.300
539500,0.666,0.009,0.325
540000,0.687,0.009,0.304
540500,0.716,0.006,0.278
541000,0.705,0.005,0.290
541500,0.725,0.001,0.274
542000,0.716,0.002,0.282
542500,0.734,0.006,0.260
543000,0.722,0.009,0.269
543500,0.736,0.003,0.261
544000,0.711,0.004,0.285
544500,0.722,0.004,0.274
545000,0.713,0.002,0.285
545500,0.717,0.008,0.275
546000,0.726,0.003,0.271
546500,0.720,0.010,0.270
547000,0.700,0.006,0.294
547500,0.707,0.007,0.286
548000,0.690,0.010,0.300
548500,0.716,0.008,0.276
549000,0.673,0.008,0.319
549500,0.664,0.008,0.328
550000,0.674,0.007,0.319
550500,0.686,0.010,0.304
551000,0.656,0.010,0.334
551500,0.656,0.008,0.336
552000,0.662,0.008,0.330
552500,0.679,0.008,0.313
553000,0.674,0.008,0.318
553500,0.681,0.007,0.312
554000,0.686,0.006,0.308
554500,0.679,0.005,0.316
555000,0.699,0.005,0.296
555500,0.712,0.006,0.282
556000,0.693,0.000,0.307
556500,0.684,0.000,0.316
557000,0.704,0.000,0.296
557500,0.705,0.000,0.295
558000,0.711,0.004,0.285
558500,0.700,0.000,0.300
559000,0.671,0.003,0.326
559500,0.660,0.009,0.331
560000,0.669,0.009,0.322
560500,0.684,0.008,0.308
561000,0.655,0.011,0.334
561500,0.657,0.007,0.336
562000,0.654,0.013,0.333
562500,0.645,0.007,0.348
563000,0.650,0.009,0.341
563500,0.641,0.009,0.350
564000,0.668,0.010,0.322
564500,0.690,0.007,0.303
565000,0.687,0.008,0.305
565500,0.699,0.007,0.294
566000,0.687,0.012,0.301
566500,0.709,0.008,0.283
567000,0.705,0.008,0.287
567500,0.678,0.011,0.311
568000,0.699,0.008,0.293
568500,0.721,0.007,0.272
569000,0.713,0.003,0.284
569500,0.704,0.001,0.295
570000,0.704,0.004,0.292
570500,0.695,0.006,0.299
571000,0.701,0.004,0.295
571500,0.721,0.001,0.278
572000,0.725,0.003,0.272
572500,0.701,0.001,0.298
573000,0.713,0.002,0.285
573500,0.735,0.008,0.257
574000,0.709,0.005,0.286
574500,0.721,0.003,0.276
575000,0.730,0.006,0.264
575500,0.732,0.004,0.264
576000,0.733,0.005,0.262
576500,0.711,0.002,0.287
577000,0.720,0.002,0.278
577500,0.712,0.005,0.283
578000,0.715,0.005,0.280
578500,0.678,0.006,0.316
579000,0.655,0.004,0.341
579500,0.687,0.015,0.298
580000,0.686,0.011,0.303
580500,0.687,0.018,0.295
581000,0.701,0.008,0.291
581500,0.684,0.016,0.300
582000,0.671,0.010,0.319
582500,0.655,0.010,0.335
583000,0.624,0.006,0.370
583500,0.616,0.019,0.365
584000,0.614,0.018,0.368
584500,0.631,0.016,0.353
585000,0.630,0.016,0.354
585500,0.661,0.007,0.332
586000,0.659,0.011,0.330
586500,0.688,0.008,0.304
587000,0.669,0.017,0.314
587500,0.667,0.011,0.322
588000,0.679,0.012,0.309
588500,0.684,0.015,0.301
589000,0.699,0.005,0.296
589500,0.677,0.003,0.320
590000,0.672,0.008,0.320
590500,0.658,0.005,0.337
591000,0.675,0.002,0.323
591500,0.690,0.003,0.307
592000,0.684,0.009,0.307
592500,0.686,0.005,0.309
593000,0.719,0.005,0.276
593500,0.712,0.003,0.285
594000,0.712,0.007,0.281
594500,0.709,0.007,0.284
595000,0.690,0.008,0.302
595500,0.687,0.007,0.306
596000,0.665,0.008,0.327
596500,0.658,0.008,0.334
597000,0.637,0.010,0.353
597500,0.639,0.012,0.349
598000,0.655,0.012,0.333
598500,0.651,0.018,0.331
599000,0.680,0.007,0.313
599500,0.666,0.015,0.319
600000,0.665,0.004,0.331
600500,0.678,0.006,0.316
601000,0.650,0.003,0.347
601500,0.627,0.013,0.360
602000,0.629,0.014,0.357
602500,0.644,0.017,0.339
603000,0.648,0.012,0.340
603500,0.657,0.015,0.328
604000,0.651,0.017,0.332
604500,0.623,0.017,0.360
605000,0.589,0.023,0.388
605500,0.636,0.018,0.346
606000,0.621,0.007,0.372
606500,0.650,0.018,0.332
607000,0.632,0.012,0.356
607500,0.655,0.009,0.336
608000,0.660,0.006,0.334
608500,0.686,0.010,0.304
609000,0.692,0.012,0.296
609500,0.691,0.009,0.300
610000,0.697,0.018,0.285
610500,0.678,0.014,0.308
611000,0.664,0.011,0.325
611500,0.674,0.012,0.314
612000,0.692,0.007,0.301
612500,0.721,0.002,0.277
613000,0.727,0.001,0.272
613500,0.730,0.004,0.266
614000,0.751,0.009,0.240
614500,0.756,0.005,0.239
615000,0.750,0.004,0.246
615500,0.757,0.002,0.241
616000,0.736,0.001,0.263
616500,0.750,0.003,0.247
617000,0.728,0.012,0.260
617500,0.703,0.018,0.279
618000,0.689,0.009,0.302
618500,0.684,0.010,0.306
619000,0.638,0.024,0.338
619500,0.662,0.018,0.320
620000,0.699,0.013,0.288
620500,0.693,0.015,0.292
621000,0.659,0.011,0.330
621500,0.669,0.007,0.324
622000,0.680,0.011,0.309
622500,0.678,0.012,0.310
623000,0.671,0.004,0.325
623500,0.694,0.004,0.302
624000,0.670,0.006,0.324
624500,0.652,0.009,0.339
625000,0.659,0.005,0.336
625500,0.621,0.015,0.364
626000,0.615,0.013,0.372
626500,0.606,0.025,0.369
627000,0.602,0.021,0.377
627500,0.600,0.015,0.385
628000,0.582,0.019,0.399
628500,0.605,0.030,0.365
629000,0.586,0.019,0.395
629500,0.584,0.024,0.392
630000,0.572,0.027,0.401
630500,0.559,0.026,0.415
631000,0.570,0.028,0.402
631500,0.581,0.035,0.384
632000,0.572,0.023,0.405
632500,0.535,0.045,0.420
633000,0.521,0.034,0.445
633500,0.528,0.034,0.438
634000,0.493,0.027,0.480
634500,0.508,0.052,0.440
635000,0.495,0.041,0.464
635500,0.496,0.031,0.473
636000,0.515,0.035,0.450
636500,0.538,0.034,0.428
637000,0.550,0.023,0.427
637500,0.552,0.029,0.419
638000,0.575,0.030,0.395
638500,0.545,0.037,0.418
639000,0.564,0.024,0.412
639500,0.578,0.016,0.406
640000,0.596,0.018,0.386
640500,0.618,0.016,0.366
641000,0.650,0.008,0.342
641500,0.640,0.008,0.352
642000,0.645,0.011,0.344
642500,0.650,0.011,0.339
643000,0.612,0.016,0.372
643500,0.627,0.012,0.361
644000,0.609,0.005,0.386
644500,0.592,0.015,0.393
645000,0.605,0.021,0.374
645500,0.603,0.022,0.375
646000,0.589,0.021,0.390
646500,0.571,0.017,0.412
647000,0.593,0.023,0.384
647500,0.598,0.015,0.387
648000,0.623,0.014,0.363
648500,0.632,0.016,0.352
649000,0.626,0.008,0.366
649500,0.609,0.014,0.377
650000,0.589,0.015,0.396
650500,0.622,0.010,0.368
651000,0.632,0.012,0.356
651500,0.612,0.015,0.373
652000,0.590,0.010,0.400
652500,0.597,0.010,0.393
653000,0.594,0.011,0.395
653500,0.585,0.016,0.399
654000,0.607,0.013,0.380
654500,0.612,0.009,0.379
655000,0.664,0.014,0.322
655500,0.672,0.012,0.316
656000,0.688,0.010,0.302
656500,0.666,0.007,0.327
657000,0.680,0.005,0.315
657500,0.665,0.013,0.322
658000,0.672,0.010,0.318
658500,0.701,0.012,0.287
659000,0.671,0.013,0.316
659500,0.673,0.008,0.319
660000,0.673,0.011,0.316
660500,0.663,0.018,0.319
661000,0.666,0.014,0.320
661500,0.643,0.011,0.346
662000,0.670,0.012,0.318
662500,0.655,0.012,0.333
663000,0.670,0.005,0.325
663500,0.658,0.003,0.339
664000,0.670,0.008,0.322
664500,0.661,0.016,0.323
665000,0.662,0.013,0.325
665500,0.682,0.009,0.309
666000,0.658,0.009,0.333
666500,0.678,0.009,0.313
667000,0.705,0.004,0.291
667500,0.704,0.011,0.285
668000,0.698,0.011,0.291
668500,0.703,0.013,0.284
669000,0.720,0.016,0.264
669500,0.690,0.009,0.301
670000,0.661,0.004,0.335
670500,0.698,0.006,0.296
671000,0.711,0.006,0.283
671500,0.728,0.003,0.269
672000,0.728,0.010,0.262
672500,0.720,0.007,0.273
673000,0.731,0.007,0.262
673500,0.694,0.003,0.303
674000,0.681,0.011,0.308
674500,0.665,0.012,0.323
675000,0.684,0.010,0.306
675500,0.674,0.008,0.318
676000,0.661,0.014,0.325
676500,0.632,0.014,0.354
677000,0.625,0.013,0.362
677500,0.623,0.013,0.364
678000,0.654,0.011,0.335
678500,0.631,0.010,0.359
679000,0.612,0.016,0.372
679500,0.619,0.015,0.366
680000,0.620,0.017,0.363
680500,0.643,0.012,0.345
681000,0.621,0.008,0.371
681500,0.598,0.018,0.384
682000,0.576,0.020,0.404
682500,0.581,0.015,0.404
683000,0.580,0.014,0.406
683500,0.585,0.020,0.395
684000,0.571,0.019,0.410
684500,0.578,0.030,0.392
685000,0.546,0.031,0.423
685500,0.560,0.037,0.403
686000,0.550,0.036,0.414
686500,0.565,0.030,0.405
687000,0.573,0.025,0.402
687500,0.531,0.031,0.438
688000,0.530,0.035,0.435
688500,0.551,0.031,0.418
689000,0.528,0.026,0.446
689500,0.544,0.028,0.428
690000,0.563,0.029,0.408
690500,0.596,0.023,0.381
691000,0.572,0.031,0.397
691500,0.591,0.025,0.384
692000,0.606,0.013,0.381
692500,0.612,0.018,0.370
693000,0.598,0.023,0.379
693500,0.630,0.026,0.344
694000,0.627,0.024,0.349
694500,0.624,0.011,0.365
695000,0.600,0.007,0.393
695500,0.628,0.010,0.362
696000,0.630,0.006,0.364
696500,0.641,0.009,0.350
697000,0.638,0.016,0.346
697500,0.660,0.018,0.322
698000,0.660,0.012,0.328
698500,0.673,0.009,0.318
699000,0.657,0.005,0.338
699500,0.635,0.010,0.355
700000,0.657,0.015,0.328
700500,0.658,0.019,0.323
701000,0.638,0.015,0.347
701500,0.638,0.013,0.349
702000,0.642,0.004,0.354
702500,0.644,0.016,0.340
703000,0.667,0.011,0.322
703500,0.687,0.005,0.308
704000,0.675,0.002,0.323
704500,0.699,0.001,0.300
705000,0.705,0.001,0.294
705500,0.719,0.004,0.277
706000,0.709,0.004,0.287
706500,0.710,0.001,0.289
707000,0.737,0.001,0.262
707500,0.703,0.007,0.290
708000,0.700,0.010,0.290
708500,0.710,0.005,0.285
709000,0.737,0.005,0.258
709500,0.724,0.007,0.269
710000,0.719,0.003,0.278
710500,0.725,0.003,0.272
711000,0.734,0.010,0.256
711500,0.717,0.006,0.277
712000,0.725,0.004,0.271
712500,0.719,0.004,0.277
713000,0.714,0.004,0.282
713500,0.716,0.008,0.276
714000,0.750,0.005,0.245
714500,0.796,0.007,0.197
715000,0.756,0.007,0.237
715500,0.785,0.006,0.209
716000,0.791,0.002,0.207
716500,0.787,0.004,0.209
717000,0.769,0.001,0.230
717500,0.783,0.003,0.214
718000,0.778,0.002,0.220
718500,0.779,0.004,0.217
719000,0.790,0.004,0.206
719500,0.804,0.005,0.191
720000,0.782,0.001,0.217
720500,0.787,0.001,0.212
721000,0.803,0.000,0.197
721500,0.802,0.000,0.198
722000,0.794,0.002,0.204
722500,0.765,0.004,0.231
723000,0.733,0.007,0.260
723500,0.696,0.003,0.301
724000,0.711,0.002,0.287
724500,0.724,0.004,0.272
725000,0.772,0.003,0.225
725500,0.740,0.001,0.259
726000,0.734,0.008,0.258
726500,0.732,0.003,0.265
727000,0.716,0.004,0.280
727500,0.722,0.002,0.276
728000,0.720,0.006,0.274
728500,0.722,0.011,0.267
729000,0.722,0.009,0.269
729500,0.701,0.005,0.294
730000,0.697,0.006,0.297
730500,0.704,0.003,0.293
731000,0.692,0.003,0.305
731500,0.674,0.008,0.318
732000,0.665,0.006,0.329
732500,0.653,0.008,0.339
733000,0.644,0.007,0.349
733500,0.625,0.007,0.368
734000,0.594,0.011,0.395
734500,0.575,0.017,0.408
735000,0.585,0.010,0.405
735500,0.620,0.009,0.371
736000,0.604,0.024,0.372
736500,0.577,0.025,0.398
737000,0.582,0.034,0.384
737500,0.568,0.031,0.401
738000,0.600,0.022,0.378
738500,0.609,0.022,0.369
739000,0.630,0.022,0.348
739500,0.606,0.019,0.375
740000,0.587,0.025,0.388
740500,0.583,0.037,0.380
741000,0.573,0.024,0.403
741500,0.583,0.026,0.391
742000,0.603,0.020,0.377
742500,0.609,0.023,0.368
743000,0.630,0.021,0.349
743500,0.641,0.017,0.342
744000,0.659,0.011,0.330
744500,0.660,0.011,0.329
745000,0.642,0.014,0.344
745500,0.673,0.012,0.315
746000,0.660,0.009,0.331
746500,0.668,0.004,0.328
747000,0.705,0.009,0.286
747500,0.715,0.005,0.280
748000,0.739,0.008,0.253
748500,0.755,0.003,0.242
749000,0.730,0.009,0.261
749500,0.743,0.007,0.250
750000,0.741,0.006,0.253
750500,0.759,0.006,0.235
751000,0.734,0.003,0.263
751500,0.718,0.004,0.278
752000,0.727,0.006,0.267
752500,0.728,0.008,0.264
753000,0.707,0.004,0.289
753500,0.683,0.012,0.305
754000,0.673,0.007,0.320
754500,0.696,0.007,0.297
755000,0.707,0.003,0.290
755500,0.690,0.010,0.300
756000,0.654,0.010,0.336
756500,0.626,0.011,0.363
757000,0.634,0.016,0.350
757500,0.645,0.024,0.331
758000,0.648,0.019,0.333
758500,0.626,0.010,0.364
759000,0.663,0.010,0.327
759500,0.664,0.004,0.332
760000,0.689,0.015,0.296
760500,0.688,0.006,0.306
761000,0.670,0.008,0.322
761500,0.672,0.005,0.323
762000,0.669,0.012,0.319
762500,0.686,0.013,0.301
763000,0.688,0.007,0.305
763500,0.691,0.012,0.297
764000,0.663,0.011,0.326
764500,0.667,0.009,0.324
765000,0.658,0.010,0.332
765500,0.650,0.005,0.345
766000,0.687,0.009,0.304
766500,0.680,0.010,0.310
767000,0.670,0.008,0.322
767500,0.660,0.006,0.334
768000,0.676,0.005,0.319
768500,0.680,0.013,0.307
769000,0.678,0.010,0.312
769500,0.684,0.007,0.309
770000,0.683,0.006,0.311
770500,0.691,0.007,0.302
771000,0.687,0.009,0.304
771500,0.694,0.008,0.298
772000,0.710,0.007,0.283
772500,0.713,0.008,0.279
773000,0.678,0.011,0.311
773500,0.666,0.007,0.327
774000,0.670,0.005,0.325
774500,0.678,0.006,0.316
775000,0.652,0.012,0.336
775500,0.662,0.012,0.326
776000,0.680,0.018,0.302
776500,0.652,0.010,0.338
777000,0.671,0.017,0.312
777500,0.669,0.009,0.322
778000,0.655,0.013,0.332
778500,0.657,0.010,0.333
779000,0.638,0.012,0.350
779500,0.654,0.012,0.334
780000,0.650,0.012,0.338
780500,0.620,0.013,0.367
781000,0.645,0.014,0.341
781500,0.674,0.015,0.311
782000,0.664,0.014,0.322
782500,0.658,0.011,0.331
783000,0.647,0.012,0.341
783500,0.636,0.010,0.354
784000,0.629,0.012,0.359
784500,0.650,0.006,0.344
785000,0.659,0.012,0.329
785500,0.628,0.013,0.359
786000,0.638,0.013,0.349
786500,0.666,0.017,0.317
787000,0.648,0.007,0.345
787500,0.644,0.003,0.353
788000,0.651,0.004,0.345
788500,0.674,0.012,0.314
789000,0.661,0.013,0.326
789500,0.664,0.004,0.332
790000,0.672,0.008,0.320
790500,0.670,0.006,0.324
791000,0.695,0.006,0.299
791500,0.691,0.009,0.300
792000,0.679,0.010,0.311
792500,0.667,0.010,0.323
793000,0.692,0.006,0.302
793500,0.706,0.003,0.291
794000,0.707,0.005,0.288
794500,0.698,0.008,0.294
795000,0.713,0.005,0.282
795500,0.720,0.005,0.275
796000,0.724,0.004,0.272
796500,0.710,0.005,0.285
797000,0.709,0.008,0.283
797500,0.697,0.005,0.298
798000,0.687,0.009,0.304
798500,0.692,0.008,0.300
799000,0.704,0.010,0.286
799500,0.716,0.005,0.279
800000,0.706,0.011,0.283
800500,0.696,0.007,0.297
801000,0.659,0.001,0.340
801500,0.648,0.010,0.342
802000,0.624,0.022,0.354
802500,0.578,0.022,0.400
803000,0.629,0.020,0.351
803500,0.637,0.023,0.340
804000,0.622,0.030,0.348
804500,0.601,0.029,0.370
805000,0.628,0.018,0.354
805500,0.624,0.021,0.355
806000,0.633,0.010,0.357
806500,0.613,0.004,0.383
807000,0.645,0.005,0.350
807500,0.668,0.007,0.325
808000,0.657,0.011,0.332
808500,0.674,0.018,0.308
809000,0.620,0.015,0.365
809500,0.605,0.016,0.379
810000,0.632,0.011,0.357
810500,0.620,0.011,0.369
811000,0.633,0.017,0.350
811500,0.624,0.006,0.370
812000,0.612,0.011,0.377
812500,0.627,0.014,0.359
813000,0.616,0.018,0.366
813500,0.622,0.013,0.365
814000,0.628,0.024,0.348
814500,0.631,0.013,0.356
815000,0.624,0.010,0.366
815500,0.626,0.011,0.363
816000,0.619,0.010,0.371
816500,0.614,0.013,0.373
817000,0.595,0.017,0.388
817500,0.604,0.012,0.384
818000,0.619,0.009,0.372
818500,0.656,0.012,0.332
819000,0.658,0.019,0.323
819500,0.667,0.009,0.324
820000,0.653,0.009,0.338
820500,0.669,0.009,0.322
821000,0.664,0.001,0.335
821500,0.670,0.003,0.327
822000,0.675,0.010,0.315
822500,0.674,0.006,0.320
823000,0.691,0.004,0.305
823500,0.715,0.004,0.281
824000,0.738,0.008,0.254
824500,0.738,0.007,0.255
825000,0.744,0.007,0.249
825500,0.747,0.005,0.248
826000,0.739,0.008,0.253
826500,0.710,0.007,0.283
827000,0.711,0.005,0.284
827500,0.687,0.004,0.309
828000,0.686,0.005,0.309
828500,0.725,0.013,0.262
829000,0.736,0.019,0.245
829500,0.731,0.011,0.258
830000,0.754,0.008,0.238
830500,0.743,0.008,0.249
831000,0.742,0.011,0.247
831500,0.732,0.011,0.257
832000,0.741,0.005,0.254
832500,0.727,0.012,0.261
833000,0.733,0.005,0.262
833500,0.742,0.005,0.253
834000,0.732,0.006,0.262
834500,0.702,0.003,0.295
835000,0.729,0.002,0.269
835500,0.717,0.007,0.276
836000,0.711,0.001,0.288
836500,0.729,0.002,0.269
837000,0.696,0.007,0.297
837500,0.702,0.002,0.296
838000,0.695,0.004,0.301
838500,0.694,0.005,0.301
839000,0.713,0.010,0.277
839500,0.694,0.013,0.293
840000,0.686,0.009,0.305
840500,0.711,0.011,0.278
841000,0.723,0.010,0.267
841500,0.708,0.008,0.284
842000,0.703,0.012,0.285
842500,0.677,0.018,0.305
843000,0.652,0.017,0.331
843500,0.656,0.012,0.332
844000,0.640,0.017,0.343
844500,0.634,0.010,0.356
845000,0.596,0.004,0.400
845500,0.608,0.013,0.379
846000,0.635,0.009,0.356
846500,0.659,0.012,0.329
847000,0.663,0.025,0.312
847500,0.655,0.018,0.327
848000,0.625,0.013,0.362
848500,0.632,0.007,0.361
849000,0.615,0.007,0.378
849500,0.641,0.013,0.346
850000,0.661,0.016,0.323
850500,0.668,0.018,0.314
851000,0.654,0.013,0.333
851500,0.643,0.018,0.339
852000,0.599,0.022,0.379
852500,0.596,0.015,0.389
853000,0.606,0.012,0.382
853500,0.603,0.014,0.383
854000,0.600,0.011,0.389
854500,0.629,0.020,0.351
855000,0.646,0.019,0.335
855500,0.669,0.011,0.320
856000,0.668,0.008,0.324
856500,0.682,0.008,0.310
857000,0.674,0.008,0.318
857500,0.719,0.007,0.274
858000,0.705,0.009,0.286
858500,0.702,0.005,0.293
859000,0.722,0.003,0.275
859500,0.725,0.005,0.270
860000,0.730,0.008,0.262
860500,0.697,0.008,0.295
861000,0.672,0.002,0.326
861500,0.672,0.002,0.326
862000,0.703,0.012,0.285
862500,0.672,0.010,0.318
863000,0.664,0.011,0.325
863500,0.650,0.012,0.338
864000,0.608,0.022,0.370
864500,0.616,0.017,0.367
865000,0.600,0.015,0.385
865500,0.558,0.030,0.412
866000,0.582,0.026,0.392
866500,0.590,0.038,0.372
867000,0.587,0.018,0.395
867500,0.577,0.027,0.396
868000,0.557,0.022,0.421
868500,0.568,0.019,0.413
869000,0.585,0.014,0.401
869500,0.597,0.018,0.385
870000,0.581,0.013,0.406
870500,0.598,0.012,0.390
871000,0.609,0.013,0.378
871500,0.576,0.015,0.409
872000,0.569,0.014,0.417
872500,0.595,0.020,0.385
873000,0.597,0.024,0.379
873500,0.591,0.017,0.392
874000,0.583,0.024,0.393
874500,0.582,0.020,0.398
875000,0.582,0.017,0.401
875500,0.606,0.015,0.379
876000,0.596,0.013,0.391
876500,0.608,0.013,0.379
877000,0.602,0.019,0.379
877500,0.601,0.014,0.385
878000,0.578,0.024,0.398
878500,0.569,0.019,0.412
879000,0.551,0.023,0.426
879500,0.544,0.033,0.423
880000,0.522,0.026,0.452
880500,0.529,0.028,0.443
881000,0.527,0.028,0.445
881500,0.543,0.033,0.424
882000,0.570,0.029,0.401
882500,0.586,0.033,0.381
883000,0.566,0.022,0.412
883500,0.571,0.026,0.403
884000,0.588,0.031,0.381
884500,0.577,0.031,0.392
885000,0.595,0.033,0.372
885500,0.601,0.030,0.369
886000,0.596,0.025,0.379
886500,0.599,0.017,0.384
887000,0.610,0.013,0.377
887500,0.583,0.017,0.400
888000,0.600,0.019,0.381
888500,0.605,0.011,0.384
889000,0.605,0.014,0.381
889500,0.613,0.007,0.380
890000,0.599,0.014,0.387
890500,0.563,0.025,0.412
891000,0.537,0.038,0.425
891500,0.524,0.027,0.449
892000,0.562,0.028,0.410
892500,0.588,0.022,0.390
893000,0.617,0.017,0.366
893500,0.627,0.023,0.350
894000,0.622,0.022,0.356
894500,0.637,0.014,0.349
895000,0.631,0.018,0.351
895500,0.637,0.010,0.353
896000,0.645,0.009,0.346
896500,0.617,0.012,0.371
897000,0.619,0.012,0.369
897500,0.608,0.010,0.382
898000,0.588,0.019,0.393
898500,0.603,0.012,0.385
899000,0.591,0.020,0.389
899500,0.575,0.030,0.395
900000,0.582,0.020,0.398
900500,0.577,0.032,0.391
901000,0.568,0.029,0.403
901500,0.543,0.025,0.432
902000,0.560,0.024,0.416
902500,0.564,0.022,0.414
903000,0.548,0.021,0.431
903500,0.545,0.023,0.432
904000,0.566,0.029,0.405
904500,0.596,0.025,0.379
905000,0.600,0.018,0.382
905500,0.592,0.018,0.390
906000,0.598,0.022,0.380
906500,0.606,0.023,0.371
907000,0.621,0.032,0.347
907500,0.591,0.030,0.379
908000,0.595,0.034,0.371
908500,0.585,0.023,0.392
909000,0.591,0.027,0.382
909500,0.584,0.024,0.392
910000,0.602,0.022,0.376
910500,0.601,0.018,0.381
911000,0.579,0.019,0.402
911500,0.575,0.024,0.401
912000,0.578,0.025,0.397
912500,0.583,0.032,0.385
913000,0.578,0.023,0.399
913500,0.592,0.017,0.391
914000,0.552,0.022,0.426
914500,0.574,0.029,0.397
915000,0.617,0.026,0.357
915500,0.652,0.018,0.330
916000,0.647,0.016,0.337
916500,0.681,0.007,0.312
917000,0.706,0.004,0.290
917500,0.695,0.015,0.290
918000,0.681,0.015,0.304
918500,0.692,0.015,0.293
919000,0.696,0.007,0.297
919500,0.703,0.006,0.291
920000,0.703,0.008,0.289
920500,0.684,0.012,0.304
921000,0.682,0.008,0.310
921500,0.687,0.008,0.305
922000,0.682,0.008,0.310
922500,0.692,0.005,0.303
923000,0.703,0.007,0.290
923500,0.709,0.010,0.281
924000,0.699,0.003,0.298
924500,0.676,0.004,0.320
925000,0.693,0.006,0.301
925500,0.676,0.005,0.319
926000,0.683,0.006,0.311
926500,0.675,0.008,0.317
927000,0.699,0.012,0.289
927500,0.682,0.016,0.302
928000,0.676,0.009,0.315
928500,0.651,0.012,0.337
929000,0.640,0.007,0.353
929500,0.626,0.009,0.365
930000,0.616,0.008,0.376
930500,0.639,0.007,0.354
931000,0.655,0.004,0.341
931500,0.644,0.018,0.338
932000,0.645,0.009,0.346
932500,0.645,0.010,0.345
933000,0.668,0.011,0.321
933500,0.662,0.007,0.331
934000,0.664,0.010,0.326
934500,0.673,0.007,0.320
935000,0.699,0.005,0.296
935500,0.708,0.002,0.290
936000,0.703,0.005,0.292
936500,0.697,0.009,0.294
937000,0.676,0.012,0.312
937500,0.689,0.012,0.299
938000,0.699,0.007,0.294
938500,0.699,0.003,0.298
939000,0.696,0.009,0.295
939500,0.674,0.013,0.313
940000,0.681,0.004,0.315
940500,0.667,0.007,0.326
941000,0.700,0.005,0.295
941500,0.716,0.004,0.280
942000,0.725,0.001,0.274
942500,0.724,0.006,0.270
943000,0.727,0.006,0.267
943500,0.730,0.006,0.264
944000,0.728,0.001,0.271
944500,0.746,0.002,0.252
945000,0.761,0.003,0.236
945500,0.776,0.004,0.220
946000,0.761,0.001,0.238
946500,0.740,0.001,0.259
947000,0.750,0.005,0.245
947500,0.779,0.004,0.217
948000,0.769,0.004,0.227
948500,0.758,0.004,0.238
949000,0.748,0.001,0.251
949500,0.727,0.006,0.267
950000,0.715,0.011,0.274
950500,0.727,0.010,0.263
951000,0.710,0.009,0.281
951500,0.713,0.009,0.278
952000,0.722,0.003,0.275
952500,0.736,0.004,0.260
953000,0.714,0.002,0.284
953500,0.724,0.000,0.276
954000,0.749,0.003,0.248
954500,0.731,0.006,0.263
955000,0.726,0.009,0.265
955500,0.749,0.006,0.245
956000,0.748,0.004,0.248
956500,0.749,0.005,0.246
957000,0.738,0.003,0.259
957500,0.758,0.004,0.238
958000,0.768,0.004,0.228
958500,0.783,0.004,0.213
959000,0.759,0.000,0.241
959500,0.769,0.003,0.228
960000,0.753,0.001,0.246
960500,0.753,0.004,0.243
961000,0.754,0.007,0.239
961500,0.718,0.005,0.277
962000,0.733,0.006,0.261
962500,0.717,0.012,0.271
963000,0.712,0.011,0.277
963500,0.719,0.004,0.277
964000,0.709,0.003,0.288
964500,0.726,0.006,0.268
965000,0.728,0.007,0.265
965500,0.707,0.005,0.288
966000,0.701,0.002,0.297
966500,0.692,0.012,0.296
967000,0.661,0.005,0.334
967500,0.682,0.006,0.312
968000,0.673,0.012,0.315
968500,0.660,0.016,0.324
969000,0.652,0.014,0.334
969500,0.644,0.015,0.341
970000,0.637,0.010,0.353
970500,0.660,0.010,0.330
971000,0.686,0.007,0.307
971500,0.633,0.006,0.361
972000,0.636,0.008,0.356
972500,0.637,0.010,0.353
973000,0.650,0.016,0.334
973500,0.621,0.008,0.371
974000,0.654,0.006,0.340
974500,0.672,0.008,0.320
975000,0.672,0.009,0.319
975500,0.661,0.010,0.329
976000,0.651,0.014,0.335
976500,0.655,0.007,0.338
977000,0.687,0.007,0.306
977500,0.692,0.006,0.302
978000,0.700,0.003,0.297
978500,0.704,0.009,0.287
979000,0.686,0.007,0.307
979500,0.716,0.004,0.280
980000,0.712,0.008,0.280
980500,0.704,0.001,0.295
981000,0.682,0.004,0.314
981500,0.691,0.008,0.301
982000,0.696,0.007,0.297
982500,0.693,0.007,0.300
983000,0.697,0.002,0.301
983500,0.701,0.003,0.296
984000,0.705,0.002,0.293
984500,0.694,0.003,0.303
985000,0.692,0.005,0.303
985500,0.655,0.005,0.340
986000,0.664,0.015,0.321
986500,0.652,0.018,0.330
987000,0.650,0.016,0.334
987500,0.643,0.012,0.345
988000,0.634,0.011,0.355
988500,0.646,0.024,0.330
989000,0.642,0.020,0.338
989500,0.619,0.028,0.353
990000,0.636,0.022,0.342
990500,0.596,0.017,0.387
991000,0.610,0.016,0.374
991500,0.623,0.009,0.368
992000,0.647,0.021,0.332
992500,0.650,0.018,0.332
993000,0.666,0.010,0.324
993500,0.701,0.004,0.295
994000,0.712,0.002,0.286
994500,0.712,0.005,0.283
995000,0.712,0.004,0.284
995500,0.716,0.007,0.277
996000,0.725,0.008,0.267
996500,0.717,0.005,0.278
997000,0.705,0.003,0.292
997500,0.714,0.001,0.285
998000,0.712,0.004,0.284
998500,0.710,0.007,0.283
999000,0.718,0.007,0.275
999500,0.677,0.007,0.316
1000000,0.682,0.004,0.314
