time,n_A+p,n_B,n_AB,avg_entropy_simp
500,0.030,0.907,0.063,0.274431
1000,0.031,0.862,0.107,0.386666
1500,0.034,0.761,0.205,0.516489
2000,0.033,0.669,0.297,0.503071
2500,0.036,0.607,0.358,0.513685
3000,0.041,0.526,0.433,0.544730
3500,0.069,0.430,0.501,0.570169
4000,0.069,0.400,0.530,0.557115
4500,0.066,0.342,0.591,0.481116
5000,0.067,0.296,0.637,0.511516
5500,0.063,0.304,0.632,0.450156
6000,0.077,0.252,0.671,0.496113
6500,0.104,0.246,0.650,0.540564
7000,0.109,0.231,0.660,0.482987
7500,0.115,0.219,0.666,0.500288
8000,0.104,0.193,0.703,0.473822
8500,0.089,0.238,0.673,0.493265
9000,0.085,0.226,0.689,0.485376
9500,0.122,0.162,0.716,0.432031
10000,0.120,0.155,0.725,0.466180
10500,0.184,0.123,0.693,0.465272
11000,0.193,0.107,0.700,0.499185
11500,0.240,0.088,0.671,0.485703
12000,0.256,0.084,0.659,0.481201
12500,0.282,0.075,0.643,0.496227
13000,0.342,0.068,0.590,0.525201
13500,0.342,0.059,0.599,0.533447
14000,0.302,0.061,0.637,0.526499
14500,0.265,0.054,0.681,0.510789
15000,0.297,0.045,0.658,0.508670
15500,0.282,0.050,0.668,0.510110
16000,0.350,0.051,0.599,0.534275
16500,0.388,0.045,0.568,0.525582
17000,0.412,0.038,0.550,0.520546
17500,0.382,0.038,0.579,0.527756
18000,0.434,0.040,0.526,0.516912
18500,0.359,0.031,0.610,0.494309
19000,0.374,0.031,0.595,0.513904
19500,0.445,0.031,0.524,0.523324
20000,0.396,0.034,0.570,0.548179
20500,0.383,0.030,0.587,0.495947
21000,0.419,0.027,0.554,0.546617
21500,0.454,0.024,0.522,0.480269
22000,0.470,0.020,0.510,0.474618
22500,0.424,0.019,0.557,0.517658
23000,0.463,0.017,0.520,0.474556
23500,0.520,0.016,0.464,0.484696
24000,0.479,0.017,0.503,0.531035
24500,0.517,0.017,0.466,0.515816
25000,0.465,0.015,0.520,0.504948
25500,0.484,0.014,0.502,0.500056
26000,0.474,0.019,0.507,0.495369
26500,0.453,0.022,0.525,0.544538
27000,0.497,0.017,0.487,0.531781
27500,0.469,0.014,0.517,0.528135
28000,0.452,0.019,0.529,0.551402
28500,0.421,0.015,0.564,0.523837
29000,0.416,0.012,0.572,0.505138
29500,0.453,0.013,0.534,0.525148
30000,0.431,0.014,0.555,0.513655
30500,0.527,0.011,0.462,0.507771
31000,0.557,0.011,0.432,0.491644
31500,0.607,0.010,0.383,0.458721
32000,0.632,0.008,0.360,0.404509
32500,0.545,0.010,0.445,0.437596
33000,0.525,0.010,0.464,0.449522
33500,0.483,0.011,0.506,0.415032
34000,0.523,0.010,0.467,0.401859
34500,0.578,0.008,0.414,0.403805
35000,0.608,0.011,0.381,0.409564
35500,0.555,0.010,0.435,0.486161
36000,0.591,0.010,0.399,0.475529
36500,0.581,0.010,0.409,0.496696
37000,0.507,0.008,0.485,0.495467
37500,0.476,0.009,0.515,0.506728
38000,0.516,0.008,0.476,0.501976
38500,0.522,0.012,0.466,0.528276
39000,0.477,0.009,0.514,0.514397
39500,0.455,0.006,0.538,0.492244
40000,0.547,0.007,0.446,0.481434
40500,0.542,0.011,0.446,0.477141
41000,0.507,0.007,0.486,0.518923
41500,0.477,0.009,0.514,0.506904
42000,0.453,0.012,0.536,0.481257
42500,0.470,0.010,0.520,0.521735
43000,0.432,0.009,0.558,0.511768
43500,0.409,0.010,0.581,0.500175
44000,0.466,0.013,0.521,0.441977
44500,0.463,0.014,0.523,0.510851
45000,0.449,0.012,0.540,0.525915
45500,0.495,0.015,0.490,0.521161
46000,0.452,0.014,0.534,0.519427
46500,0.452,0.016,0.532,0.537729
47000,0.455,0.013,0.531,0.523135
47500,0.513,0.010,0.476,0.508041
48000,0.453,0.012,0.534,0.522083
48500,0.525,0.009,0.466,0.515878
49000,0.493,0.012,0.495,0.527150
49500,0.505,0.012,0.483,0.516888
50000,0.472,0.009,0.519,0.511894
50500,0.445,0.012,0.543,0.524595
51000,0.466,0.009,0.524,0.532715
51500,0.452,0.012,0.537,0.516474
52000,0.435,0.012,0.552,0.510472
52500,0.506,0.010,0.484,0.514312
53000,0.466,0.013,0.520,0.523847
53500,0.492,0.012,0.495,0.532154
54000,0.425,0.010,0.565,0.496265
54500,0.432,0.010,0.558,0.523343
55000,0.448,0.009,0.543,0.533689
55500,0.463,0.009,0.528,0.515984
56000,0.479,0.010,0.510,0.524072
56500,0.465,0.012,0.523,0.510430
57000,0.531,0.009,0.460,0.497953
57500,0.544,0.008,0.448,0.481810
58000,0.492,0.013,0.495,0.543420
58500,0.437,0.015,0.548,0.522685
59000,0.474,0.008,0.517,0.518206
59500,0.528,0.006,0.466,0.514319
60000,0.517,0.012,0.471,0.549143
60500,0.496,0.007,0.497,0.510188
61000,0.442,0.005,0.552,0.492698
61500,0.536,0.007,0.457,0.440198
62000,0.508,0.006,0.487,0.468959
62500,0.467,0.008,0.526,0.463863
63000,0.398,0.014,0.588,0.510471
63500,0.467,0.016,0.517,0.505822
64000,0.449,0.009,0.542,0.513380
64500,0.494,0.005,0.501,0.502052
65000,0.481,0.005,0.515,0.458683
65500,0.488,0.006,0.506,0.484346
66000,0.503,0.006,0.491,0.496712
66500,0.478,0.008,0.514,0.521240
67000,0.510,0.007,0.483,0.492901
67500,0.500,0.011,0.489,0.563796
68000,0.463,0.008,0.529,0.516802
68500,0.398,0.012,0.591,0.498126
69000,0.506,0.006,0.487,0.503120
69500,0.475,0.006,0.519,0.505759
70000,0.450,0.012,0.538,0.540460
70500,0.456,0.012,0.533,0.507595
71000,0.434,0.024,0.542,0.534246
71500,0.416,0.022,0.563,0.535949
72000,0.398,0.030,0.572,0.537229
72500,0.386,0.023,0.591,0.526815
73000,0.388,0.019,0.593,0.504733
73500,0.388,0.014,0.598,0.511098
74000,0.413,0.014,0.573,0.489176
74500,0.439,0.012,0.549,0.495514
75000,0.448,0.009,0.543,0.494363
75500,0.533,0.008,0.460,0.474224
76000,0.502,0.008,0.490,0.506750
76500,0.525,0.008,0.467,0.503045
77000,0.515,0.015,0.470,0.533010
77500,0.559,0.008,0.432,0.489392
78000,0.542,0.006,0.452,0.482514
78500,0.610,0.009,0.381,0.445825
79000,0.574,0.007,0.419,0.486647
79500,0.499,0.010,0.491,0.518186
80000,0.510,0.010,0.480,0.523580
80500,0.565,0.009,0.427,0.471969
81000,0.586,0.007,0.407,0.445639
81500,0.570,0.009,0.421,0.414678
82000,0.548,0.007,0.445,0.427233
82500,0.518,0.010,0.471,0.505052
83000,0.544,0.010,0.446,0.515388
83500,0.519,0.008,0.473,0.520542
84000,0.502,0.009,0.490,0.536363
84500,0.501,0.007,0.492,0.506124
85000,0.530,0.004,0.466,0.497146
85500,0.513,0.006,0.481,0.519624
86000,0.533,0.006,0.460,0.490950
86500,0.458,0.009,0.533,0.508784
87000,0.426,0.008,0.566,0.491740
87500,0.404,0.014,0.582,0.519540
88000,0.389,0.017,0.593,0.519256
88500,0.368,0.023,0.608,0.513035
89000,0.341,0.023,0.637,0.470446
89500,0.356,0.025,0.619,0.513351
90000,0.361,0.017,0.621,0.521702
90500,0.295,0.018,0.687,0.452547
91000,0.314,0.030,0.655,0.469904
91500,0.311,0.041,0.648,0.507682
92000,0.344,0.026,0.630,0.510526
92500,0.384,0.017,0.599,0.510069
93000,0.448,0.013,0.539,0.532468
93500,0.449,0.009,0.542,0.520641
94000,0.412,0.013,0.576,0.495331
94500,0.399,0.017,0.584,0.513310
95000,0.446,0.013,0.541,0.524625
95500,0.430,0.022,0.548,0.535818
96000,0.418,0.016,0.566,0.518049
96500,0.445,0.017,0.538,0.546712
97000,0.484,0.007,0.509,0.502186
97500,0.506,0.009,0.485,0.527768
98000,0.483,0.008,0.509,0.520887
98500,0.445,0.016,0.539,0.549537
99000,0.407,0.010,0.582,0.484166
99500,0.488,0.007,0.505,0.515935
100000,0.467,0.006,0.527,0.514081
