time,n_A+p,n_B,n_AB
100,0.030,0.970,0.000
200,0.030,0.969,0.001
300,0.030,0.963,0.007
400,0.030,0.959,0.011
500,0.030,0.957,0.013
600,0.030,0.954,0.016
700,0.030,0.953,0.017
800,0.030,0.951,0.019
900,0.030,0.951,0.019
1000,0.030,0.941,0.029
1100,0.030,0.935,0.035
1200,0.030,0.928,0.042
1300,0.030,0.924,0.046
1400,0.030,0.923,0.047
1500,0.030,0.923,0.047
1600,0.030,0.922,0.048
1700,0.030,0.918,0.052
1800,0.034,0.914,0.052
1900,0.033,0.907,0.060
2000,0.033,0.901,0.066
2100,0.034,0.901,0.065
2200,0.035,0.903,0.062
2300,0.035,0.902,0.063
2400,0.035,0.898,0.067
2500,0.034,0.896,0.070
2600,0.036,0.885,0.079
2700,0.036,0.891,0.073
2800,0.035,0.889,0.076
2900,0.035,0.889,0.076
3000,0.034,0.889,0.077
3100,0.033,0.891,0.076
3200,0.033,0.889,0.078
3300,0.038,0.889,0.073
3400,0.038,0.883,0.079
3500,0.037,0.884,0.079
3600,0.037,0.877,0.086
3700,0.036,0.880,0.084
3800,0.036,0.881,0.083
3900,0.037,0.884,0.079
4000,0.037,0.886,0.077
4100,0.037,0.882,0.081
4200,0.035,0.877,0.088
4300,0.038,0.872,0.090
4400,0.037,0.867,0.096
4500,0.036,0.861,0.103
4600,0.036,0.858,0.106
4700,0.036,0.857,0.107
4800,0.036,0.850,0.114
4900,0.036,0.851,0.113
5000,0.038,0.847,0.115
5100,0.037,0.835,0.128
5200,0.036,0.837,0.127
5300,0.036,0.827,0.137
5400,0.036,0.821,0.143
5500,0.039,0.823,0.138
5600,0.041,0.810,0.149
5700,0.041,0.809,0.150
5800,0.039,0.803,0.158
5900,0.042,0.801,0.157
6000,0.042,0.802,0.156
6100,0.042,0.806,0.152
6200,0.044,0.804,0.152
6300,0.042,0.806,0.152
6400,0.042,0.809,0.149
6500,0.043,0.813,0.144
6600,0.043,0.804,0.153
6700,0.048,0.802,0.150
6800,0.048,0.795,0.157
6900,0.048,0.797,0.155
7000,0.047,0.792,0.161
7100,0.047,0.787,0.166
7200,0.045,0.790,0.165
7300,0.043,0.792,0.165
7400,0.041,0.789,0.170
7500,0.038,0.789,0.173
7600,0.037,0.790,0.173
7700,0.037,0.792,0.171
7800,0.037,0.791,0.172
7900,0.035,0.796,0.169
8000,0.035,0.794,0.171
8100,0.035,0.792,0.173
8200,0.035,0.786,0.179
8300,0.036,0.778,0.186
8400,0.037,0.778,0.185
8500,0.036,0.783,0.181
8600,0.039,0.781,0.180
8700,0.040,0.788,0.172
8800,0.040,0.794,0.166
8900,0.041,0.790,0.169
9000,0.044,0.793,0.163
9100,0.042,0.790,0.168
9200,0.042,0.787,0.171
9300,0.040,0.779,0.181
9400,0.037,0.784,0.179
9500,0.037,0.781,0.182
9600,0.037,0.775,0.188
9700,0.039,0.780,0.181
9800,0.040,0.785,0.175
9900,0.040,0.780,0.180
10000,0.040,0.773,0.187
10100,0.044,0.764,0.192
10200,0.046,0.760,0.194
10300,0.048,0.760,0.192
10400,0.048,0.754,0.198
10500,0.047,0.748,0.205
10600,0.047,0.744,0.209
10700,0.050,0.738,0.212
10800,0.049,0.739,0.212
10900,0.049,0.735,0.216
11000,0.049,0.735,0.216
11100,0.052,0.735,0.213
11200,0.051,0.740,0.209
11300,0.051,0.743,0.206
11400,0.049,0.747,0.204
11500,0.047,0.748,0.205
11600,0.047,0.741,0.212
11700,0.047,0.738,0.215
11800,0.044,0.737,0.219
11900,0.046,0.737,0.217
12000,0.044,0.734,0.222
12100,0.044,0.740,0.216
12200,0.045,0.735,0.220
12300,0.047,0.733,0.220
12400,0.046,0.737,0.217
12500,0.052,0.737,0.211
12600,0.054,0.739,0.207
12700,0.052,0.736,0.212
12800,0.054,0.739,0.207
12900,0.055,0.730,0.215
13000,0.056,0.728,0.216
13100,0.053,0.724,0.223
13200,0.053,0.727,0.220
13300,0.053,0.729,0.218
13400,0.057,0.731,0.212
13500,0.057,0.736,0.207
13600,0.058,0.737,0.205
13700,0.059,0.737,0.204
13800,0.059,0.734,0.207
13900,0.056,0.736,0.208
14000,0.054,0.734,0.212
14100,0.051,0.732,0.217
14200,0.049,0.735,0.216
14300,0.050,0.734,0.216
14400,0.051,0.736,0.213
14500,0.052,0.733,0.215
14600,0.050,0.735,0.215
14700,0.051,0.741,0.208
14800,0.050,0.738,0.212
14900,0.051,0.740,0.209
15000,0.051,0.743,0.206
15100,0.054,0.746,0.200
15200,0.051,0.739,0.210
15300,0.046,0.744,0.210
15400,0.045,0.743,0.212
15500,0.046,0.744,0.210
15600,0.047,0.740,0.213
15700,0.048,0.744,0.208
15800,0.047,0.744,0.209
15900,0.049,0.748,0.203
16000,0.044,0.748,0.208
16100,0.044,0.733,0.223
16200,0.045,0.730,0.225
16300,0.045,0.728,0.227
16400,0.048,0.725,0.227
16500,0.053,0.722,0.225
16600,0.057,0.727,0.216
16700,0.058,0.727,0.215
16800,0.057,0.726,0.217
16900,0.063,0.729,0.208
17000,0.061,0.733,0.206
17100,0.059,0.717,0.224
17200,0.059,0.715,0.226
17300,0.060,0.715,0.225
17400,0.057,0.704,0.239
17500,0.058,0.709,0.233
17600,0.057,0.704,0.239
17700,0.055,0.695,0.250
17800,0.061,0.700,0.239
17900,0.060,0.705,0.235
18000,0.060,0.716,0.224
18100,0.059,0.715,0.226
18200,0.058,0.714,0.228
18300,0.058,0.711,0.231
18400,0.058,0.700,0.242
18500,0.057,0.688,0.255
18600,0.061,0.686,0.253
18700,0.057,0.683,0.260
18800,0.057,0.684,0.259
18900,0.056,0.686,0.258
19000,0.064,0.682,0.254
19100,0.066,0.687,0.247
19200,0.065,0.689,0.246
19300,0.064,0.690,0.246
19400,0.065,0.685,0.250
19500,0.061,0.692,0.247
19600,0.060,0.688,0.252
19700,0.059,0.693,0.248
19800,0.067,0.703,0.230
19900,0.072,0.701,0.227
20000,0.071,0.690,0.239
20100,0.069,0.691,0.240
20200,0.073,0.685,0.242
20300,0.075,0.677,0.248
20400,0.069,0.674,0.257
20500,0.070,0.669,0.261
20600,0.074,0.666,0.260
20700,0.077,0.658,0.265
20800,0.079,0.657,0.264
20900,0.078,0.646,0.276
21000,0.080,0.655,0.265
21100,0.080,0.660,0.260
21200,0.077,0.648,0.275
21300,0.078,0.646,0.276
21400,0.078,0.651,0.271
21500,0.077,0.646,0.277
21600,0.078,0.639,0.283
21700,0.080,0.646,0.274
21800,0.083,0.648,0.269
21900,0.079,0.641,0.280
22000,0.083,0.640,0.277
22100,0.083,0.649,0.268
22200,0.080,0.640,0.280
22300,0.078,0.637,0.285
22400,0.080,0.628,0.292
22500,0.080,0.629,0.291
22600,0.079,0.641,0.280
22700,0.079,0.654,0.267
22800,0.077,0.645,0.278
22900,0.076,0.643,0.281
23000,0.078,0.652,0.270
23100,0.078,0.656,0.266
23200,0.078,0.655,0.267
23300,0.078,0.651,0.271
23400,0.073,0.655,0.272
23500,0.070,0.659,0.271
23600,0.069,0.651,0.280
23700,0.066,0.650,0.284
23800,0.066,0.649,0.285
23900,0.073,0.651,0.276
24000,0.074,0.638,0.288
24100,0.071,0.642,0.287
24200,0.068,0.648,0.284
24300,0.071,0.642,0.287
24400,0.069,0.648,0.283
24500,0.068,0.637,0.295
24600,0.066,0.637,0.297
24700,0.067,0.642,0.291
24800,0.061,0.645,0.294
24900,0.067,0.643,0.290
25000,0.073,0.639,0.288
25100,0.074,0.642,0.284
25200,0.070,0.646,0.284
25300,0.069,0.648,0.283
25400,0.066,0.656,0.278
25500,0.064,0.656,0.280
25600,0.066,0.661,0.273
25700,0.067,0.664,0.269
25800,0.064,0.656,0.280
25900,0.061,0.651,0.288
26000,0.059,0.659,0.282
26100,0.059,0.680,0.261
26200,0.059,0.688,0.253
26300,0.059,0.683,0.258
26400,0.056,0.691,0.253
26500,0.056,0.692,0.252
26600,0.058,0.694,0.248
26700,0.058,0.695,0.247
26800,0.053,0.700,0.247
26900,0.056,0.702,0.242
27000,0.053,0.699,0.248
27100,0.057,0.702,0.241
27200,0.058,0.696,0.246
27300,0.058,0.694,0.248
27400,0.062,0.695,0.243
27500,0.060,0.705,0.235
27600,0.056,0.700,0.244
27700,0.059,0.702,0.239
27800,0.058,0.701,0.241
27900,0.062,0.711,0.227
28000,0.058,0.722,0.220
28100,0.057,0.718,0.225
28200,0.060,0.716,0.224
28300,0.065,0.720,0.215
28400,0.060,0.719,0.221
28500,0.059,0.721,0.220
28600,0.052,0.731,0.217
28700,0.055,0.731,0.214
28800,0.055,0.738,0.207
28900,0.055,0.748,0.197
29000,0.057,0.753,0.190
29100,0.055,0.748,0.197
29200,0.055,0.750,0.195
29300,0.056,0.751,0.193
29400,0.063,0.748,0.189
29500,0.060,0.742,0.198
29600,0.061,0.735,0.204
29700,0.058,0.723,0.219
29800,0.059,0.721,0.220
29900,0.062,0.723,0.215
30000,0.067,0.718,0.215
30100,0.065,0.712,0.223
30200,0.065,0.711,0.224
30300,0.063,0.712,0.225
30400,0.062,0.719,0.219
30500,0.061,0.719,0.220
30600,0.059,0.712,0.229
30700,0.059,0.712,0.229
30800,0.062,0.718,0.220
30900,0.058,0.726,0.216
31000,0.057,0.721,0.222
31100,0.065,0.717,0.218
31200,0.061,0.723,0.216
31300,0.056,0.717,0.227
31400,0.057,0.711,0.232
31500,0.054,0.713,0.233
31600,0.058,0.713,0.229
31700,0.061,0.712,0.227
31800,0.062,0.712,0.226
31900,0.067,0.720,0.213
32000,0.069,0.717,0.214
32100,0.066,0.719,0.215
32200,0.064,0.714,0.222
32300,0.063,0.707,0.230
32400,0.063,0.714,0.223
32500,0.064,0.701,0.235
32600,0.060,0.707,0.233
32700,0.057,0.709,0.234
32800,0.053,0.696,0.251
32900,0.050,0.703,0.247
33000,0.051,0.719,0.230
33100,0.052,0.713,0.235
33200,0.054,0.712,0.234
33300,0.052,0.706,0.242
33400,0.048,0.713,0.239
33500,0.046,0.721,0.233
33600,0.045,0.722,0.233
33700,0.043,0.719,0.238
33800,0.046,0.720,0.234
33900,0.046,0.727,0.227
34000,0.046,0.724,0.230
34100,0.048,0.723,0.229
34200,0.048,0.709,0.243
34300,0.057,0.715,0.228
34400,0.056,0.704,0.240
34500,0.061,0.698,0.241
34600,0.059,0.696,0.245
34700,0.058,0.693,0.249
34800,0.061,0.700,0.239
34900,0.062,0.703,0.235
35000,0.061,0.712,0.227
35100,0.066,0.712,0.222
35200,0.060,0.706,0.234
35300,0.060,0.708,0.232
35400,0.056,0.715,0.229
35500,0.057,0.711,0.232
35600,0.055,0.692,0.253
35700,0.055,0.692,0.253
35800,0.054,0.678,0.268
35900,0.058,0.677,0.265
36000,0.055,0.687,0.258
36100,0.060,0.689,0.251
36200,0.056,0.684,0.260
36300,0.065,0.684,0.251
36400,0.070,0.676,0.254
36500,0.069,0.675,0.256
36600,0.067,0.683,0.250
36700,0.068,0.675,0.257
36800,0.066,0.670,0.264
36900,0.069,0.667,0.264
37000,0.070,0.670,0.260
37100,0.073,0.674,0.253
37200,0.073,0.672,0.255
37300,0.083,0.668,0.249
37400,0.077,0.658,0.265
37500,0.078,0.643,0.279
37600,0.077,0.634,0.289
37700,0.075,0.633,0.292
37800,0.073,0.652,0.275
37900,0.070,0.644,0.286
38000,0.072,0.627,0.301
38100,0.068,0.629,0.303
38200,0.066,0.632,0.302
38300,0.063,0.636,0.301
38400,0.060,0.640,0.300
38500,0.059,0.638,0.303
38600,0.057,0.640,0.303
38700,0.055,0.650,0.295
38800,0.057,0.646,0.297
38900,0.058,0.653,0.289
39000,0.059,0.650,0.291
39100,0.058,0.644,0.298
39200,0.058,0.645,0.297
39300,0.058,0.645,0.297
39400,0.063,0.655,0.282
39500,0.064,0.651,0.285
39600,0.067,0.652,0.281
39700,0.075,0.660,0.265
39800,0.071,0.656,0.273
39900,0.074,0.654,0.272
40000,0.075,0.648,0.277
40100,0.072,0.649,0.279
40200,0.070,0.654,0.276
40300,0.069,0.656,0.275
40400,0.075,0.663,0.262
40500,0.078,0.678,0.244
40600,0.077,0.674,0.249
40700,0.074,0.681,0.245
40800,0.075,0.668,0.257
40900,0.077,0.666,0.257
41000,0.074,0.669,0.257
41100,0.076,0.677,0.247
41200,0.076,0.689,0.235
41300,0.074,0.681,0.245
41400,0.078,0.674,0.248
41500,0.073,0.681,0.246
41600,0.068,0.677,0.255
41700,0.064,0.691,0.245
41800,0.066,0.686,0.248
41900,0.064,0.678,0.258
42000,0.062,0.675,0.263
42100,0.063,0.676,0.261
42200,0.065,0.683,0.252
42300,0.064,0.685,0.251
42400,0.062,0.677,0.261
42500,0.068,0.683,0.249
42600,0.066,0.678,0.256
42700,0.065,0.672,0.263
42800,0.062,0.679,0.259
42900,0.060,0.685,0.255
43000,0.062,0.678,0.260
43100,0.063,0.671,0.266
43200,0.064,0.666,0.270
43300,0.064,0.666,0.270
43400,0.062,0.667,0.271
43500,0.066,0.658,0.276
43600,0.068,0.668,0.264
43700,0.068,0.673,0.259
43800,0.064,0.673,0.263
43900,0.064,0.669,0.267
44000,0.063,0.670,0.267
44100,0.062,0.674,0.264
44200,0.065,0.666,0.269
44300,0.064,0.671,0.265
44400,0.062,0.672,0.266
44500,0.065,0.669,0.266
44600,0.064,0.681,0.255
44700,0.064,0.690,0.246
44800,0.064,0.692,0.244
44900,0.071,0.692,0.237
45000,0.076,0.690,0.234
45100,0.071,0.701,0.228
45200,0.071,0.702,0.227
45300,0.066,0.706,0.228
45400,0.066,0.709,0.225
45500,0.063,0.702,0.235
45600,0.062,0.706,0.232
45700,0.060,0.704,0.236
45800,0.061,0.698,0.241
45900,0.065,0.696,0.239
46000,0.063,0.695,0.242
46100,0.064,0.685,0.251
46200,0.064,0.685,0.251
46300,0.066,0.698,0.236
46400,0.065,0.694,0.241
46500,0.061,0.692,0.247
46600,0.061,0.694,0.245
46700,0.058,0.695,0.247
46800,0.057,0.689,0.254
46900,0.061,0.693,0.246
47000,0.066,0.703,0.231
47100,0.066,0.702,0.232
47200,0.067,0.704,0.229
47300,0.064,0.694,0.242
47400,0.066,0.702,0.232
47500,0.064,0.701,0.235
47600,0.064,0.690,0.246
47700,0.060,0.674,0.266
47800,0.060,0.674,0.266
47900,0.059,0.682,0.259
48000,0.062,0.686,0.252
48100,0.061,0.687,0.252
48200,0.063,0.675,0.262
48300,0.066,0.678,0.256
48400,0.068,0.683,0.249
48500,0.073,0.691,0.236
48600,0.068,0.696,0.236
48700,0.066,0.696,0.238
48800,0.061,0.700,0.239
48900,0.064,0.692,0.244
49000,0.064,0.686,0.250
49100,0.060,0.672,0.268
49200,0.056,0.678,0.266
49300,0.056,0.673,0.271
49400,0.055,0.675,0.270
49500,0.051,0.680,0.269
49600,0.055,0.679,0.266
49700,0.056,0.683,0.261
49800,0.059,0.692,0.249
49900,0.058,0.693,0.249
50000,0.060,0.690,0.250
50100,0.062,0.685,0.253
50200,0.063,0.673,0.264
50300,0.068,0.677,0.255
50400,0.065,0.670,0.265
50500,0.062,0.664,0.274
50600,0.063,0.660,0.277
50700,0.065,0.672,0.263
50800,0.070,0.673,0.257
50900,0.073,0.672,0.255
51000,0.071,0.672,0.257
51100,0.069,0.660,0.271
51200,0.067,0.652,0.281
51300,0.066,0.654,0.280
51400,0.066,0.649,0.285
51500,0.071,0.648,0.281
51600,0.071,0.647,0.282
51700,0.068,0.661,0.271
51800,0.066,0.667,0.267
51900,0.066,0.666,0.268
52000,0.069,0.666,0.265
52100,0.072,0.666,0.262
52200,0.068,0.662,0.270
52300,0.067,0.658,0.275
52400,0.066,0.666,0.268
52500,0.063,0.668,0.269
52600,0.070,0.670,0.260
52700,0.069,0.672,0.259
52800,0.065,0.666,0.269
52900,0.068,0.666,0.266
53000,0.068,0.667,0.265
53100,0.070,0.672,0.258
53200,0.068,0.656,0.276
53300,0.065,0.646,0.289
53400,0.069,0.653,0.278
53500,0.075,0.650,0.275
53600,0.080,0.649,0.271
53700,0.078,0.652,0.270
53800,0.082,0.651,0.267
53900,0.079,0.651,0.270
54000,0.084,0.640,0.276
54100,0.083,0.637,0.280
54200,0.085,0.634,0.281
54300,0.081,0.629,0.290
54400,0.090,0.633,0.277
54500,0.091,0.630,0.279
54600,0.089,0.629,0.282
54700,0.080,0.623,0.297
54800,0.079,0.631,0.290
54900,0.079,0.624,0.297
55000,0.075,0.622,0.303
55100,0.079,0.620,0.301
55200,0.076,0.612,0.312
55300,0.080,0.609,0.311
55400,0.086,0.601,0.313
55500,0.083,0.600,0.317
55600,0.084,0.600,0.316
55700,0.087,0.605,0.308
55800,0.087,0.613,0.300
55900,0.086,0.624,0.290
56000,0.084,0.620,0.296
56100,0.076,0.622,0.302
56200,0.080,0.619,0.301
56300,0.080,0.615,0.305
56400,0.073,0.599,0.328
56500,0.074,0.604,0.322
56600,0.076,0.597,0.327
56700,0.080,0.597,0.323
56800,0.080,0.606,0.314
56900,0.075,0.615,0.310
57000,0.079,0.618,0.303
57100,0.081,0.631,0.288
57200,0.078,0.630,0.292
57300,0.079,0.630,0.291
57400,0.075,0.635,0.290
57500,0.077,0.642,0.281
57600,0.082,0.636,0.282
57700,0.079,0.630,0.291
57800,0.072,0.639,0.289
57900,0.069,0.644,0.287
58000,0.070,0.638,0.292
58100,0.068,0.635,0.297
58200,0.066,0.638,0.296
58300,0.069,0.644,0.287
58400,0.069,0.645,0.286
58500,0.067,0.643,0.290
58600,0.069,0.656,0.275
58700,0.070,0.660,0.270
58800,0.069,0.659,0.272
58900,0.072,0.665,0.263
59000,0.071,0.649,0.280
59100,0.070,0.653,0.277
59200,0.070,0.648,0.282
59300,0.070,0.657,0.273
59400,0.075,0.660,0.265
59500,0.078,0.665,0.257
59600,0.070,0.665,0.265
59700,0.067,0.670,0.263
59800,0.067,0.673,0.260
59900,0.070,0.666,0.264
60000,0.071,0.676,0.253
60100,0.071,0.677,0.252
60200,0.077,0.672,0.251
60300,0.076,0.664,0.260
60400,0.073,0.656,0.271
60500,0.074,0.656,0.270
60600,0.077,0.651,0.272
60700,0.076,0.649,0.275
60800,0.072,0.650,0.278
60900,0.073,0.638,0.289
61000,0.071,0.629,0.300
61100,0.065,0.640,0.295
61200,0.068,0.646,0.286
61300,0.069,0.651,0.280
61400,0.063,0.652,0.285
61500,0.067,0.659,0.274
61600,0.070,0.663,0.267
61700,0.076,0.656,0.268
61800,0.077,0.668,0.255
61900,0.078,0.667,0.255
62000,0.076,0.664,0.260
62100,0.084,0.650,0.266
62200,0.086,0.647,0.267
62300,0.084,0.645,0.271
62400,0.087,0.631,0.282
62500,0.088,0.627,0.285
62600,0.084,0.632,0.284
62700,0.084,0.630,0.286
62800,0.085,0.635,0.280
62900,0.085,0.627,0.288
63000,0.091,0.625,0.284
63100,0.098,0.631,0.271
63200,0.097,0.628,0.275
63300,0.099,0.625,0.276
63400,0.090,0.615,0.295
63500,0.094,0.620,0.286
63600,0.093,0.624,0.283
63700,0.088,0.621,0.291
63800,0.092,0.618,0.290
63900,0.092,0.615,0.293
64000,0.090,0.610,0.300
64100,0.092,0.624,0.284
64200,0.092,0.625,0.283
64300,0.086,0.628,0.286
64400,0.084,0.626,0.290
64500,0.080,0.613,0.307
64600,0.079,0.623,0.298
64700,0.083,0.623,0.294
64800,0.084,0.612,0.304
64900,0.081,0.624,0.295
65000,0.083,0.626,0.291
65100,0.083,0.632,0.285
65200,0.082,0.637,0.281
65300,0.087,0.635,0.278
65400,0.083,0.629,0.288
65500,0.083,0.629,0.288
65600,0.083,0.624,0.293
65700,0.077,0.632,0.291
65800,0.081,0.630,0.289
65900,0.079,0.621,0.300
66000,0.083,0.602,0.315
66100,0.082,0.603,0.315
66200,0.087,0.601,0.312
66300,0.091,0.608,0.301
66400,0.092,0.603,0.305
66500,0.091,0.607,0.302
66600,0.088,0.608,0.304
66700,0.085,0.612,0.303
66800,0.089,0.604,0.307
66900,0.084,0.609,0.307
67000,0.083,0.613,0.304
67100,0.088,0.609,0.303
67200,0.092,0.610,0.298
67300,0.092,0.602,0.306
67400,0.091,0.591,0.318
67500,0.093,0.598,0.309
67600,0.093,0.606,0.301
67700,0.097,0.611,0.292
67800,0.094,0.623,0.283
67900,0.089,0.626,0.285
68000,0.086,0.623,0.291
68100,0.083,0.622,0.295
68200,0.084,0.615,0.301
68300,0.083,0.607,0.310
68400,0.081,0.601,0.318
68500,0.083,0.601,0.316
68600,0.083,0.599,0.318
68700,0.090,0.586,0.324
68800,0.092,0.581,0.327
68900,0.089,0.584,0.327
69000,0.088,0.585,0.327
69100,0.098,0.587,0.315
69200,0.102,0.581,0.317
69300,0.102,0.577,0.321
69400,0.106,0.574,0.320
69500,0.105,0.566,0.329
69600,0.104,0.570,0.326
69700,0.115,0.570,0.315
69800,0.111,0.563,0.326
69900,0.117,0.560,0.323
70000,0.115,0.562,0.323
70100,0.108,0.567,0.325
70200,0.116,0.567,0.317
70300,0.107,0.566,0.327
70400,0.116,0.552,0.332
70500,0.113,0.543,0.344
70600,0.115,0.545,0.340
70700,0.119,0.543,0.338
70800,0.115,0.548,0.337
70900,0.114,0.550,0.336
71000,0.112,0.555,0.333
71100,0.112,0.558,0.330
71200,0.110,0.553,0.337
71300,0.104,0.559,0.337
71400,0.103,0.555,0.342
71500,0.105,0.551,0.344
71600,0.097,0.551,0.352
71700,0.098,0.548,0.354
71800,0.100,0.547,0.353
71900,0.101,0.538,0.361
72000,0.102,0.545,0.353
72100,0.106,0.546,0.348
72200,0.111,0.548,0.341
72300,0.108,0.550,0.342
72400,0.107,0.545,0.348
72500,0.110,0.542,0.348
72600,0.116,0.538,0.346
72700,0.113,0.542,0.345
72800,0.118,0.530,0.352
72900,0.123,0.532,0.345
73000,0.120,0.525,0.355
73100,0.128,0.526,0.346
73200,0.127,0.507,0.366
73300,0.128,0.507,0.365
73400,0.129,0.509,0.362
73500,0.128,0.510,0.362
73600,0.129,0.512,0.359
73700,0.132,0.507,0.361
73800,0.139,0.507,0.354
73900,0.135,0.503,0.362
74000,0.135,0.513,0.352
74100,0.136,0.518,0.346
74200,0.139,0.526,0.335
74300,0.139,0.537,0.324
74400,0.132,0.526,0.342
74500,0.130,0.531,0.339
74600,0.133,0.525,0.342
74700,0.134,0.528,0.338
74800,0.132,0.522,0.346
74900,0.132,0.525,0.343
75000,0.134,0.520,0.346
75100,0.135,0.524,0.341
75200,0.139,0.517,0.344
75300,0.139,0.506,0.355
75400,0.141,0.509,0.350
75500,0.137,0.499,0.364
75600,0.127,0.500,0.373
75700,0.127,0.509,0.364
75800,0.126,0.505,0.369
75900,0.122,0.502,0.376
76000,0.119,0.508,0.373
76100,0.120,0.502,0.378
76200,0.113,0.510,0.377
76300,0.111,0.510,0.379
76400,0.109,0.516,0.375
76500,0.106,0.533,0.361
76600,0.108,0.530,0.362
76700,0.103,0.532,0.365
76800,0.109,0.537,0.354
76900,0.107,0.535,0.358
77000,0.115,0.524,0.361
77100,0.120,0.517,0.363
77200,0.132,0.519,0.349
77300,0.128,0.531,0.341
77400,0.128,0.533,0.339
77500,0.121,0.528,0.351
77600,0.112,0.535,0.353
77700,0.117,0.536,0.347
77800,0.115,0.537,0.348
77900,0.124,0.536,0.340
78000,0.129,0.531,0.340
78100,0.125,0.536,0.339
78200,0.129,0.539,0.332
78300,0.125,0.534,0.341
78400,0.124,0.531,0.345
78500,0.125,0.534,0.341
78600,0.121,0.540,0.339
78700,0.124,0.539,0.337
78800,0.125,0.536,0.339
78900,0.122,0.524,0.354
79000,0.116,0.524,0.360
79100,0.113,0.520,0.367
79200,0.112,0.529,0.359
79300,0.106,0.535,0.359
79400,0.114,0.539,0.347
79500,0.105,0.533,0.362
79600,0.108,0.534,0.358
79700,0.101,0.519,0.380
79800,0.097,0.522,0.381
79900,0.105,0.528,0.367
80000,0.109,0.529,0.362
80100,0.108,0.518,0.374
80200,0.109,0.515,0.376
80300,0.116,0.515,0.369
80400,0.113,0.516,0.371
80500,0.107,0.511,0.382
80600,0.110,0.515,0.375
80700,0.109,0.519,0.372
80800,0.112,0.509,0.379
80900,0.113,0.500,0.387
81000,0.115,0.504,0.381
81100,0.120,0.508,0.372
81200,0.120,0.513,0.367
81300,0.114,0.519,0.367
81400,0.114,0.522,0.364
81500,0.116,0.518,0.366
81600,0.120,0.513,0.367
81700,0.122,0.511,0.367
81800,0.117,0.515,0.368
81900,0.111,0.508,0.381
82000,0.114,0.507,0.379
82100,0.119,0.508,0.373
82200,0.119,0.499,0.382
82300,0.119,0.501,0.380
82400,0.120,0.503,0.377
82500,0.117,0.512,0.371
82600,0.122,0.515,0.363
82700,0.122,0.503,0.375
82800,0.118,0.502,0.380
82900,0.118,0.510,0.372
83000,0.117,0.513,0.370
83100,0.109,0.510,0.381
83200,0.115,0.512,0.373
83300,0.118,0.504,0.378
83400,0.115,0.509,0.376
83500,0.120,0.515,0.365
83600,0.120,0.521,0.359
83700,0.120,0.519,0.361
83800,0.119,0.507,0.374
83900,0.114,0.509,0.377
84000,0.117,0.507,0.376
84100,0.111,0.513,0.376
84200,0.111,0.525,0.364
84300,0.108,0.529,0.363
84400,0.105,0.526,0.369
84500,0.110,0.511,0.379
84600,0.110,0.521,0.369
84700,0.111,0.521,0.368
84800,0.113,0.521,0.366
84900,0.114,0.522,0.364
85000,0.110,0.526,0.364
85100,0.106,0.525,0.369
85200,0.115,0.530,0.355
85300,0.119,0.528,0.353
85400,0.122,0.527,0.351
85500,0.117,0.528,0.355
85600,0.121,0.520,0.359
85700,0.114,0.516,0.370
85800,0.113,0.523,0.364
85900,0.108,0.522,0.370
86000,0.104,0.528,0.368
86100,0.110,0.525,0.365
86200,0.117,0.531,0.352
86300,0.109,0.521,0.370
86400,0.109,0.517,0.374
86500,0.113,0.531,0.356
86600,0.111,0.533,0.356
86700,0.112,0.537,0.351
86800,0.114,0.536,0.350
86900,0.112,0.520,0.368
87000,0.108,0.522,0.370
87100,0.109,0.519,0.372
87200,0.115,0.513,0.372
87300,0.116,0.513,0.371
87400,0.118,0.519,0.363
87500,0.111,0.512,0.377
87600,0.120,0.508,0.372
87700,0.121,0.508,0.371
87800,0.122,0.508,0.370
87900,0.119,0.504,0.377
88000,0.127,0.498,0.375
88100,0.128,0.484,0.388
88200,0.135,0.491,0.374
88300,0.128,0.499,0.373
88400,0.130,0.499,0.371
88500,0.126,0.496,0.378
88600,0.129,0.506,0.365
88700,0.129,0.492,0.379
88800,0.132,0.491,0.377
88900,0.131,0.491,0.378
89000,0.128,0.486,0.386
89100,0.126,0.492,0.382
89200,0.124,0.489,0.387
89300,0.115,0.492,0.393
89400,0.116,0.513,0.371
89500,0.116,0.511,0.373
89600,0.112,0.516,0.372
89700,0.113,0.503,0.384
89800,0.120,0.498,0.382
89900,0.114,0.501,0.385
90000,0.112,0.495,0.393
90100,0.115,0.500,0.385
90200,0.116,0.504,0.380
90300,0.114,0.497,0.389
90400,0.121,0.510,0.369
90500,0.112,0.502,0.386
90600,0.108,0.505,0.387
90700,0.107,0.511,0.382
90800,0.107,0.514,0.379
90900,0.113,0.510,0.377
91000,0.106,0.514,0.380
91100,0.114,0.512,0.374
91200,0.118,0.513,0.369
91300,0.125,0.499,0.376
91400,0.128,0.505,0.367
91500,0.136,0.516,0.348
91600,0.128,0.515,0.357
91700,0.128,0.515,0.357
91800,0.122,0.511,0.367
91900,0.124,0.511,0.365
92000,0.120,0.511,0.369
92100,0.108,0.512,0.380
92200,0.109,0.532,0.359
92300,0.107,0.540,0.353
92400,0.110,0.542,0.348
92500,0.115,0.530,0.355
92600,0.113,0.522,0.365
92700,0.110,0.529,0.361
92800,0.115,0.529,0.356
92900,0.118,0.537,0.345
93000,0.113,0.538,0.349
93100,0.112,0.537,0.351
93200,0.109,0.538,0.353
93300,0.107,0.524,0.369
93400,0.108,0.515,0.377
93500,0.108,0.520,0.372
93600,0.113,0.510,0.377
93700,0.111,0.507,0.382
93800,0.116,0.517,0.367
93900,0.120,0.513,0.367
94000,0.118,0.528,0.354
94100,0.122,0.532,0.346
94200,0.115,0.522,0.363
94300,0.110,0.519,0.371
94400,0.111,0.526,0.363
94500,0.105,0.517,0.378
94600,0.102,0.517,0.381
94700,0.100,0.521,0.379
94800,0.110,0.515,0.375
94900,0.106,0.520,0.374
95000,0.108,0.520,0.372
95100,0.105,0.524,0.371
95200,0.110,0.532,0.358
95300,0.104,0.528,0.368
95400,0.101,0.532,0.367
95500,0.095,0.536,0.369
95600,0.093,0.539,0.368
95700,0.097,0.544,0.359
95800,0.097,0.543,0.360
95900,0.096,0.530,0.374
96000,0.104,0.539,0.357
96100,0.106,0.534,0.360
96200,0.101,0.527,0.372
96300,0.106,0.524,0.370
96400,0.107,0.542,0.351
96500,0.105,0.539,0.356
96600,0.110,0.537,0.353
96700,0.110,0.529,0.361
96800,0.109,0.530,0.361
96900,0.109,0.526,0.365
97000,0.109,0.535,0.356
97100,0.109,0.540,0.351
97200,0.109,0.531,0.360
97300,0.108,0.523,0.369
97400,0.114,0.522,0.364
97500,0.118,0.523,0.359
97600,0.116,0.530,0.354
97700,0.112,0.530,0.358
97800,0.112,0.530,0.358
97900,0.112,0.531,0.357
98000,0.117,0.531,0.352
98100,0.113,0.539,0.348
98200,0.111,0.540,0.349
98300,0.108,0.539,0.353
98400,0.106,0.539,0.355
98500,0.100,0.533,0.367
98600,0.098,0.529,0.373
98700,0.099,0.524,0.377
98800,0.096,0.516,0.388
98900,0.093,0.518,0.389
99000,0.084,0.515,0.401
99100,0.083,0.517,0.400
99200,0.088,0.525,0.387
99300,0.096,0.532,0.372
99400,0.101,0.539,0.360
99500,0.098,0.545,0.357
99600,0.097,0.536,0.367
99700,0.088,0.543,0.369
99800,0.091,0.538,0.371
99900,0.087,0.533,0.380
100000,0.095,0.543,0.362
