time,n_A+p,n_B,n_AB
500,0.082,0.895,0.023
1000,0.081,0.871,0.048
1500,0.084,0.864,0.052
2000,0.085,0.844,0.071
2500,0.087,0.829,0.084
3000,0.091,0.821,0.088
3500,0.092,0.792,0.116
4000,0.107,0.776,0.117
4500,0.107,0.753,0.140
5000,0.110,0.742,0.148
5500,0.118,0.726,0.156
6000,0.118,0.716,0.166
6500,0.120,0.723,0.157
7000,0.130,0.723,0.147
7500,0.135,0.709,0.156
8000,0.131,0.729,0.140
8500,0.132,0.738,0.130
9000,0.145,0.712,0.143
9500,0.150,0.705,0.145
10000,0.141,0.688,0.171
10500,0.143,0.659,0.198
11000,0.145,0.653,0.202
11500,0.139,0.662,0.199
12000,0.137,0.679,0.184
12500,0.139,0.693,0.168
13000,0.132,0.693,0.175
13500,0.145,0.690,0.165
14000,0.143,0.686,0.171
14500,0.149,0.688,0.163
15000,0.153,0.672,0.175
15500,0.153,0.653,0.194
16000,0.153,0.660,0.187
16500,0.150,0.649,0.201
17000,0.169,0.651,0.180
17500,0.165,0.646,0.189
18000,0.159,0.642,0.199
18500,0.168,0.631,0.201
19000,0.171,0.631,0.198
19500,0.177,0.607,0.216
20000,0.185,0.583,0.232
20500,0.190,0.611,0.199
21000,0.187,0.593,0.220
21500,0.189,0.599,0.212
22000,0.172,0.598,0.230
22500,0.159,0.611,0.230
23000,0.157,0.632,0.211
23500,0.156,0.648,0.196
24000,0.163,0.656,0.181
24500,0.167,0.665,0.168
25000,0.154,0.673,0.173
25500,0.146,0.683,0.171
26000,0.151,0.674,0.175
26500,0.155,0.662,0.183
27000,0.163,0.656,0.181
27500,0.154,0.671,0.175
28000,0.143,0.660,0.197
28500,0.149,0.657,0.194
29000,0.151,0.670,0.179
29500,0.157,0.663,0.180
30000,0.166,0.643,0.191
30500,0.168,0.646,0.186
31000,0.158,0.654,0.188
31500,0.158,0.634,0.208
32000,0.163,0.641,0.196
32500,0.175,0.624,0.201
33000,0.178,0.618,0.204
33500,0.193,0.592,0.215
34000,0.186,0.584,0.230
34500,0.174,0.577,0.249
35000,0.194,0.566,0.240
35500,0.192,0.563,0.245
36000,0.195,0.600,0.205
36500,0.192,0.613,0.195
37000,0.178,0.598,0.224
37500,0.170,0.608,0.222
38000,0.183,0.609,0.208
38500,0.185,0.599,0.216
39000,0.173,0.605,0.222
39500,0.174,0.601,0.225
40000,0.182,0.587,0.231
40500,0.200,0.569,0.231
41000,0.202,0.578,0.220
41500,0.217,0.575,0.208
42000,0.199,0.574,0.227
42500,0.197,0.568,0.235
43000,0.189,0.558,0.253
43500,0.193,0.550,0.257
44000,0.200,0.549,0.251
44500,0.213,0.552,0.235
45000,0.224,0.530,0.246
45500,0.206,0.564,0.230
46000,0.206,0.567,0.227
46500,0.203,0.587,0.210
47000,0.192,0.590,0.218
47500,0.203,0.577,0.220
48000,0.198,0.569,0.233
48500,0.217,0.572,0.211
49000,0.225,0.532,0.243
49500,0.224,0.539,0.237
50000,0.240,0.530,0.230
50500,0.254,0.511,0.235
51000,0.255,0.494,0.251
51500,0.266,0.485,0.249
52000,0.274,0.473,0.253
52500,0.276,0.462,0.262
53000,0.289,0.439,0.272
53500,0.311,0.422,0.267
54000,0.320,0.409,0.271
54500,0.332,0.408,0.260
55000,0.348,0.400,0.252
55500,0.370,0.361,0.269
56000,0.402,0.337,0.261
56500,0.419,0.324,0.257
57000,0.443,0.309,0.248
57500,0.453,0.272,0.275
58000,0.480,0.249,0.271
58500,0.500,0.233,0.267
59000,0.504,0.219,0.277
59500,0.517,0.212,0.271
60000,0.540,0.186,0.274
60500,0.583,0.162,0.255
61000,0.613,0.146,0.241
61500,0.644,0.125,0.231
62000,0.661,0.108,0.231
62500,0.689,0.095,0.216
63000,0.729,0.082,0.189
63500,0.767,0.082,0.151
64000,0.801,0.060,0.139
64500,0.829,0.039,0.132
65000,0.851,0.026,0.123
65500,0.879,0.026,0.095
66000,0.888,0.019,0.093
66500,0.905,0.010,0.085
67000,0.913,0.010,0.077
67500,0.919,0.007,0.074
68000,0.935,0.006,0.059
68500,0.942,0.005,0.053
69000,0.953,0.005,0.042
69500,0.968,0.005,0.027
70000,0.972,0.006,0.022
70500,0.976,0.001,0.023
71000,0.984,0.001,0.015
71500,0.991,0.001,0.008
72000,0.993,0.001,0.006
72500,0.992,0.001,0.007
73000,0.992,0.000,0.008
73500,0.993,0.000,0.007
74000,0.994,0.000,0.006
74500,0.994,0.000,0.006
75000,0.998,0.000,0.002
75500,0.998,0.000,0.002
76000,0.999,0.000,0.001
76500,0.997,0.000,0.003
77000,0.998,0.000,0.002
77500,0.998,0.000,0.002
78000,1.000,0.000,0.000
