time,n_A+p,n_B,n_AB
500,0.030,0.945,0.025
1000,0.030,0.924,0.046
1500,0.030,0.893,0.077
2000,0.030,0.865,0.105
2500,0.030,0.856,0.114
3000,0.030,0.852,0.118
3500,0.030,0.845,0.125
4000,0.030,0.829,0.141
4500,0.030,0.811,0.158
5000,0.030,0.795,0.175
5500,0.030,0.798,0.171
6000,0.030,0.787,0.183
6500,0.030,0.773,0.197
7000,0.032,0.769,0.199
7500,0.032,0.792,0.175
8000,0.032,0.771,0.197
8500,0.030,0.755,0.215
9000,0.032,0.746,0.222
9500,0.032,0.761,0.207
10000,0.033,0.767,0.200
10500,0.032,0.781,0.187
11000,0.032,0.763,0.205
11500,0.030,0.782,0.188
12000,0.030,0.773,0.197
12500,0.030,0.776,0.194
13000,0.031,0.762,0.207
13500,0.030,0.762,0.208
14000,0.030,0.754,0.216
14500,0.030,0.751,0.219
15000,0.030,0.750,0.220
15500,0.030,0.763,0.206
16000,0.030,0.754,0.216
16500,0.030,0.743,0.227
17000,0.030,0.738,0.232
17500,0.032,0.730,0.239
18000,0.030,0.739,0.231
18500,0.031,0.758,0.211
19000,0.032,0.750,0.218
19500,0.031,0.764,0.205
20000,0.030,0.772,0.198
20500,0.032,0.757,0.211
21000,0.032,0.748,0.221
21500,0.033,0.749,0.219
22000,0.035,0.721,0.244
22500,0.034,0.723,0.244
23000,0.033,0.717,0.251
23500,0.032,0.713,0.255
24000,0.033,0.725,0.243
24500,0.032,0.719,0.249
25000,0.032,0.721,0.248
25500,0.034,0.726,0.240
26000,0.034,0.721,0.245
26500,0.032,0.733,0.235
27000,0.030,0.739,0.231
27500,0.030,0.747,0.223
28000,0.033,0.750,0.217
28500,0.035,0.765,0.200
29000,0.032,0.776,0.193
29500,0.033,0.765,0.203
30000,0.032,0.765,0.203
30500,0.030,0.769,0.201
31000,0.030,0.778,0.192
31500,0.033,0.778,0.190
32000,0.032,0.756,0.212
32500,0.030,0.783,0.186
33000,0.030,0.803,0.166
33500,0.030,0.796,0.173
34000,0.030,0.802,0.168
34500,0.031,0.771,0.198
35000,0.031,0.766,0.203
35500,0.030,0.786,0.183
36000,0.030,0.782,0.188
36500,0.030,0.787,0.183
37000,0.030,0.777,0.193
37500,0.030,0.770,0.200
38000,0.030,0.752,0.217
38500,0.030,0.744,0.226
39000,0.032,0.746,0.223
39500,0.032,0.755,0.213
40000,0.030,0.747,0.223
40500,0.032,0.761,0.207
41000,0.032,0.753,0.216
41500,0.033,0.748,0.220
42000,0.032,0.771,0.197
42500,0.034,0.775,0.191
43000,0.032,0.776,0.193
43500,0.030,0.750,0.220
44000,0.031,0.770,0.199
44500,0.030,0.754,0.216
45000,0.032,0.750,0.218
45500,0.032,0.766,0.202
46000,0.032,0.789,0.179
46500,0.030,0.790,0.179
47000,0.031,0.787,0.182
47500,0.031,0.769,0.200
48000,0.030,0.765,0.204
48500,0.032,0.763,0.205
49000,0.030,0.772,0.198
49500,0.030,0.773,0.197
50000,0.030,0.763,0.207
50500,0.030,0.755,0.215
51000,0.031,0.770,0.199
51500,0.030,0.786,0.183
52000,0.030,0.796,0.173
52500,0.034,0.781,0.185
53000,0.032,0.778,0.190
53500,0.032,0.784,0.184
54000,0.031,0.777,0.192
54500,0.031,0.783,0.185
55000,0.032,0.785,0.183
55500,0.032,0.769,0.199
56000,0.032,0.781,0.187
56500,0.034,0.762,0.205
57000,0.038,0.751,0.211
57500,0.035,0.772,0.193
58000,0.035,0.758,0.207
58500,0.032,0.758,0.211
59000,0.030,0.762,0.208
59500,0.030,0.774,0.196
60000,0.031,0.778,0.191
60500,0.030,0.794,0.175
61000,0.030,0.787,0.183
61500,0.030,0.770,0.200
62000,0.030,0.754,0.216
62500,0.030,0.739,0.231
63000,0.033,0.747,0.220
63500,0.032,0.760,0.208
64000,0.031,0.767,0.202
64500,0.031,0.755,0.214
65000,0.030,0.753,0.217
65500,0.032,0.744,0.225
66000,0.033,0.762,0.205
66500,0.033,0.766,0.202
67000,0.031,0.789,0.179
67500,0.031,0.777,0.192
68000,0.032,0.775,0.193
68500,0.030,0.792,0.177
69000,0.030,0.788,0.181
69500,0.030,0.802,0.168
70000,0.030,0.784,0.186
70500,0.030,0.779,0.191
71000,0.030,0.789,0.181
71500,0.031,0.786,0.182
72000,0.030,0.789,0.180
72500,0.032,0.775,0.193
73000,0.030,0.770,0.200
73500,0.032,0.786,0.182
74000,0.030,0.796,0.173
74500,0.030,0.785,0.185
75000,0.030,0.774,0.196
75500,0.030,0.797,0.172
76000,0.030,0.801,0.169
76500,0.030,0.811,0.159
77000,0.030,0.820,0.150
77500,0.030,0.820,0.150
78000,0.030,0.808,0.162
78500,0.030,0.794,0.175
79000,0.030,0.784,0.186
79500,0.031,0.777,0.192
80000,0.032,0.782,0.186
80500,0.030,0.768,0.201
81000,0.030,0.744,0.226
81500,0.034,0.751,0.215
82000,0.032,0.771,0.197
82500,0.032,0.771,0.197
83000,0.030,0.763,0.207
83500,0.032,0.783,0.185
84000,0.030,0.792,0.177
84500,0.030,0.798,0.171
85000,0.030,0.783,0.187
85500,0.030,0.794,0.176
86000,0.031,0.776,0.193
86500,0.030,0.769,0.201
87000,0.030,0.767,0.202
87500,0.030,0.759,0.211
88000,0.032,0.760,0.208
88500,0.031,0.744,0.225
89000,0.030,0.741,0.229
89500,0.033,0.739,0.229
90000,0.035,0.735,0.230
90500,0.035,0.730,0.235
91000,0.035,0.730,0.236
91500,0.032,0.740,0.229
92000,0.032,0.751,0.217
92500,0.033,0.747,0.221
93000,0.032,0.741,0.228
93500,0.032,0.739,0.229
94000,0.034,0.734,0.233
94500,0.033,0.765,0.203
95000,0.030,0.772,0.198
95500,0.031,0.758,0.211
96000,0.033,0.756,0.212
96500,0.032,0.755,0.214
97000,0.032,0.747,0.222
97500,0.031,0.764,0.205
98000,0.033,0.777,0.191
98500,0.032,0.790,0.178
99000,0.034,0.771,0.195
99500,0.032,0.765,0.204
100000,0.032,0.769,0.199
100500,0.032,0.750,0.219
101000,0.033,0.754,0.213
101500,0.032,0.759,0.210
102000,0.031,0.761,0.208
102500,0.035,0.766,0.200
103000,0.032,0.767,0.201
103500,0.034,0.767,0.200
104000,0.032,0.765,0.203
104500,0.032,0.766,0.202
105000,0.030,0.780,0.190
105500,0.030,0.755,0.215
106000,0.030,0.764,0.206
106500,0.032,0.768,0.201
107000,0.030,0.757,0.213
107500,0.030,0.762,0.208
108000,0.032,0.767,0.202
108500,0.033,0.777,0.190
109000,0.031,0.782,0.187
109500,0.030,0.779,0.191
110000,0.030,0.772,0.198
110500,0.031,0.774,0.195
111000,0.032,0.772,0.196
111500,0.033,0.773,0.194
112000,0.030,0.765,0.205
112500,0.030,0.765,0.204
113000,0.030,0.767,0.203
113500,0.030,0.761,0.209
114000,0.031,0.766,0.203
114500,0.031,0.787,0.182
115000,0.030,0.779,0.191
115500,0.030,0.766,0.204
116000,0.030,0.779,0.191
116500,0.030,0.787,0.182
117000,0.030,0.784,0.186
117500,0.031,0.798,0.170
118000,0.030,0.806,0.163
118500,0.030,0.817,0.153
119000,0.030,0.805,0.165
119500,0.030,0.778,0.192
120000,0.031,0.778,0.191
120500,0.030,0.773,0.197
121000,0.030,0.774,0.195
121500,0.030,0.771,0.199
122000,0.034,0.769,0.197
122500,0.032,0.759,0.209
123000,0.032,0.748,0.220
123500,0.033,0.730,0.237
124000,0.031,0.739,0.230
124500,0.030,0.743,0.227
125000,0.030,0.757,0.213
125500,0.030,0.760,0.210
126000,0.030,0.740,0.230
126500,0.030,0.750,0.220
127000,0.030,0.766,0.204
127500,0.030,0.775,0.195
128000,0.031,0.791,0.177
128500,0.030,0.769,0.201
129000,0.030,0.748,0.222
129500,0.032,0.730,0.239
130000,0.030,0.747,0.223
130500,0.030,0.754,0.216
131000,0.030,0.750,0.220
131500,0.033,0.725,0.243
132000,0.031,0.718,0.251
132500,0.030,0.713,0.257
133000,0.030,0.708,0.262
133500,0.030,0.694,0.276
134000,0.030,0.707,0.263
134500,0.032,0.720,0.248
135000,0.033,0.724,0.244
135500,0.031,0.730,0.239
136000,0.030,0.726,0.244
136500,0.030,0.725,0.245
137000,0.030,0.734,0.236
137500,0.032,0.734,0.235
138000,0.032,0.746,0.223
138500,0.032,0.746,0.223
139000,0.030,0.747,0.223
139500,0.030,0.746,0.224
140000,0.031,0.749,0.220
140500,0.033,0.747,0.220
141000,0.032,0.754,0.214
141500,0.030,0.750,0.220
142000,0.030,0.747,0.223
142500,0.032,0.734,0.235
143000,0.032,0.724,0.245
143500,0.030,0.728,0.242
144000,0.030,0.732,0.238
144500,0.031,0.739,0.230
145000,0.030,0.742,0.228
145500,0.030,0.741,0.229
146000,0.030,0.744,0.226
146500,0.030,0.738,0.232
147000,0.030,0.748,0.222
147500,0.032,0.734,0.234
148000,0.034,0.748,0.219
148500,0.032,0.765,0.203
149000,0.030,0.741,0.229
149500,0.030,0.760,0.210
150000,0.030,0.766,0.204
150500,0.032,0.778,0.191
151000,0.032,0.793,0.174
151500,0.032,0.780,0.188
152000,0.032,0.781,0.187
152500,0.033,0.792,0.174
153000,0.032,0.781,0.187
153500,0.030,0.772,0.198
154000,0.031,0.789,0.180
154500,0.031,0.806,0.162
155000,0.030,0.811,0.158
155500,0.030,0.788,0.181
156000,0.030,0.773,0.197
156500,0.030,0.766,0.204
157000,0.030,0.768,0.202
157500,0.030,0.750,0.220
158000,0.030,0.750,0.220
158500,0.030,0.739,0.231
159000,0.030,0.736,0.234
159500,0.030,0.734,0.236
160000,0.030,0.764,0.206
160500,0.030,0.770,0.200
161000,0.030,0.782,0.188
161500,0.030,0.788,0.181
162000,0.030,0.803,0.167
162500,0.030,0.789,0.181
163000,0.030,0.789,0.180
163500,0.032,0.787,0.181
164000,0.032,0.796,0.171
164500,0.032,0.800,0.168
165000,0.030,0.804,0.165
165500,0.030,0.797,0.172
166000,0.030,0.775,0.195
166500,0.030,0.790,0.179
167000,0.030,0.774,0.196
167500,0.033,0.755,0.212
168000,0.034,0.752,0.215
168500,0.033,0.776,0.191
169000,0.032,0.745,0.224
169500,0.030,0.748,0.222
170000,0.030,0.740,0.230
170500,0.034,0.753,0.213
171000,0.032,0.766,0.202
171500,0.033,0.762,0.206
172000,0.031,0.761,0.208
172500,0.030,0.756,0.214
173000,0.030,0.755,0.215
173500,0.030,0.775,0.195
174000,0.032,0.761,0.207
174500,0.031,0.759,0.210
175000,0.030,0.764,0.205
175500,0.030,0.767,0.203
176000,0.032,0.752,0.216
176500,0.030,0.777,0.193
177000,0.031,0.776,0.193
177500,0.031,0.777,0.192
178000,0.030,0.777,0.193
178500,0.030,0.771,0.198
179000,0.030,0.769,0.200
179500,0.032,0.762,0.206
180000,0.030,0.773,0.196
180500,0.030,0.775,0.195
181000,0.032,0.756,0.212
181500,0.033,0.739,0.229
182000,0.030,0.751,0.219
182500,0.030,0.740,0.230
183000,0.031,0.755,0.214
183500,0.033,0.733,0.235
184000,0.034,0.702,0.264
184500,0.035,0.710,0.255
185000,0.033,0.731,0.237
185500,0.032,0.753,0.215
186000,0.032,0.738,0.230
186500,0.031,0.751,0.218
187000,0.030,0.747,0.223
187500,0.033,0.745,0.223
188000,0.032,0.742,0.227
188500,0.031,0.738,0.231
189000,0.031,0.724,0.245
189500,0.030,0.713,0.257
190000,0.031,0.723,0.246
190500,0.031,0.736,0.233
191000,0.030,0.732,0.238
191500,0.030,0.723,0.247
192000,0.030,0.725,0.245
192500,0.032,0.724,0.245
193000,0.032,0.741,0.228
193500,0.030,0.767,0.202
194000,0.030,0.769,0.201
194500,0.031,0.765,0.204
195000,0.030,0.761,0.208
195500,0.032,0.757,0.211
196000,0.031,0.765,0.204
196500,0.030,0.758,0.212
197000,0.030,0.748,0.222
197500,0.032,0.776,0.192
198000,0.032,0.765,0.203
198500,0.032,0.744,0.224
199000,0.031,0.766,0.203
199500,0.030,0.752,0.218
200000,0.030,0.746,0.224
200500,0.030,0.751,0.219
201000,0.032,0.754,0.214
201500,0.031,0.743,0.226
202000,0.031,0.750,0.219
202500,0.030,0.748,0.222
203000,0.032,0.755,0.213
203500,0.035,0.764,0.201
204000,0.032,0.757,0.211
204500,0.030,0.781,0.189
205000,0.032,0.777,0.191
205500,0.030,0.773,0.197
206000,0.030,0.761,0.209
206500,0.031,0.775,0.194
207000,0.030,0.802,0.167
207500,0.030,0.807,0.163
208000,0.032,0.821,0.148
208500,0.032,0.813,0.156
209000,0.030,0.778,0.192
209500,0.030,0.771,0.198
210000,0.032,0.783,0.184
210500,0.033,0.767,0.201
211000,0.033,0.779,0.189
211500,0.032,0.769,0.200
212000,0.034,0.761,0.205
212500,0.031,0.761,0.208
213000,0.030,0.746,0.224
213500,0.030,0.736,0.234
214000,0.034,0.734,0.232
214500,0.032,0.735,0.233
215000,0.032,0.734,0.235
215500,0.033,0.746,0.221
216000,0.032,0.701,0.268
216500,0.031,0.715,0.254
217000,0.030,0.719,0.251
217500,0.030,0.709,0.261
218000,0.030,0.704,0.266
218500,0.030,0.713,0.257
219000,0.032,0.725,0.244
219500,0.030,0.732,0.238
220000,0.032,0.740,0.229
220500,0.032,0.743,0.226
221000,0.031,0.748,0.221
221500,0.032,0.735,0.234
222000,0.032,0.738,0.230
222500,0.031,0.771,0.198
223000,0.031,0.774,0.195
223500,0.030,0.772,0.198
224000,0.030,0.758,0.211
224500,0.034,0.752,0.214
225000,0.034,0.756,0.210
225500,0.034,0.762,0.204
226000,0.031,0.753,0.216
226500,0.030,0.757,0.213
227000,0.030,0.772,0.198
227500,0.030,0.767,0.202
228000,0.030,0.762,0.208
228500,0.030,0.742,0.228
229000,0.030,0.756,0.214
229500,0.031,0.755,0.214
230000,0.030,0.750,0.220
230500,0.032,0.740,0.229
231000,0.032,0.755,0.214
231500,0.032,0.733,0.235
232000,0.032,0.749,0.219
232500,0.035,0.729,0.237
233000,0.037,0.715,0.248
233500,0.032,0.710,0.258
234000,0.034,0.688,0.279
234500,0.035,0.706,0.260
235000,0.034,0.709,0.258
235500,0.033,0.714,0.253
236000,0.032,0.728,0.241
236500,0.033,0.707,0.261
237000,0.036,0.699,0.265
237500,0.035,0.696,0.269
238000,0.033,0.717,0.251
238500,0.035,0.720,0.246
239000,0.033,0.734,0.234
239500,0.033,0.742,0.225
240000,0.033,0.761,0.206
240500,0.033,0.775,0.192
241000,0.033,0.765,0.203
241500,0.032,0.767,0.202
242000,0.031,0.748,0.221
242500,0.032,0.759,0.209
243000,0.033,0.744,0.223
243500,0.033,0.753,0.215
244000,0.032,0.747,0.222
244500,0.031,0.753,0.216
245000,0.030,0.737,0.233
245500,0.030,0.759,0.210
246000,0.030,0.749,0.221
246500,0.032,0.723,0.245
247000,0.032,0.727,0.241
247500,0.032,0.723,0.245
248000,0.030,0.731,0.239
248500,0.031,0.726,0.243
249000,0.033,0.723,0.245
249500,0.034,0.720,0.247
250000,0.032,0.771,0.198
250500,0.032,0.785,0.182
251000,0.031,0.784,0.184
251500,0.031,0.790,0.178
252000,0.030,0.782,0.188
252500,0.030,0.771,0.198
253000,0.030,0.769,0.201
253500,0.031,0.745,0.224
254000,0.030,0.757,0.213
254500,0.030,0.760,0.210
255000,0.030,0.760,0.210
255500,0.030,0.750,0.220
256000,0.030,0.756,0.214
256500,0.030,0.772,0.198
257000,0.032,0.778,0.190
257500,0.030,0.775,0.195
258000,0.030,0.768,0.202
258500,0.030,0.769,0.201
259000,0.030,0.756,0.214
259500,0.031,0.752,0.217
260000,0.030,0.762,0.207
260500,0.030,0.760,0.210
261000,0.030,0.793,0.177
261500,0.030,0.797,0.172
262000,0.030,0.790,0.179
262500,0.031,0.783,0.186
263000,0.031,0.768,0.201
263500,0.032,0.772,0.197
264000,0.031,0.757,0.212
264500,0.030,0.750,0.220
265000,0.030,0.756,0.214
265500,0.030,0.747,0.223
266000,0.030,0.763,0.207
266500,0.030,0.769,0.200
267000,0.032,0.774,0.194
267500,0.031,0.785,0.184
268000,0.032,0.796,0.171
268500,0.030,0.809,0.160
269000,0.032,0.803,0.164
269500,0.032,0.774,0.194
270000,0.032,0.791,0.177
270500,0.034,0.783,0.182
271000,0.031,0.798,0.170
271500,0.032,0.791,0.177
272000,0.032,0.787,0.181
272500,0.033,0.775,0.192
273000,0.032,0.771,0.198
273500,0.032,0.765,0.203
274000,0.031,0.785,0.184
274500,0.032,0.773,0.196
275000,0.036,0.757,0.207
275500,0.035,0.759,0.206
276000,0.033,0.756,0.211
276500,0.032,0.757,0.211
277000,0.032,0.767,0.201
277500,0.033,0.762,0.205
278000,0.032,0.762,0.206
278500,0.033,0.785,0.182
279000,0.031,0.783,0.185
279500,0.031,0.771,0.198
280000,0.030,0.785,0.184
280500,0.030,0.776,0.193
281000,0.030,0.770,0.199
281500,0.030,0.784,0.186
282000,0.030,0.790,0.179
282500,0.030,0.763,0.207
283000,0.031,0.754,0.215
283500,0.030,0.747,0.223
284000,0.030,0.755,0.215
284500,0.033,0.766,0.201
285000,0.034,0.756,0.211
285500,0.034,0.773,0.193
286000,0.032,0.788,0.180
286500,0.030,0.774,0.195
287000,0.030,0.773,0.197
287500,0.034,0.754,0.212
288000,0.032,0.757,0.211
288500,0.034,0.743,0.224
289000,0.032,0.731,0.237
289500,0.032,0.754,0.215
290000,0.031,0.766,0.203
290500,0.032,0.784,0.184
291000,0.033,0.788,0.179
291500,0.031,0.788,0.181
292000,0.031,0.788,0.181
292500,0.030,0.784,0.185
293000,0.032,0.793,0.175
293500,0.032,0.783,0.185
294000,0.034,0.768,0.199
294500,0.032,0.752,0.216
295000,0.031,0.759,0.210
295500,0.032,0.757,0.212
296000,0.031,0.750,0.219
296500,0.032,0.741,0.227
297000,0.031,0.751,0.218
297500,0.032,0.745,0.224
298000,0.030,0.756,0.214
298500,0.032,0.751,0.218
299000,0.032,0.747,0.222
299500,0.032,0.750,0.218
300000,0.034,0.746,0.221
300500,0.033,0.745,0.223
301000,0.035,0.741,0.224
301500,0.034,0.744,0.223
302000,0.036,0.738,0.226
302500,0.033,0.768,0.199
303000,0.032,0.770,0.198
303500,0.033,0.765,0.202
304000,0.032,0.771,0.197
304500,0.031,0.771,0.198
305000,0.030,0.761,0.208
305500,0.030,0.761,0.208
306000,0.030,0.742,0.228
306500,0.030,0.757,0.213
307000,0.030,0.756,0.214
307500,0.031,0.771,0.198
308000,0.030,0.755,0.215
308500,0.030,0.753,0.217
309000,0.032,0.754,0.214
309500,0.030,0.754,0.216
310000,0.030,0.763,0.207
310500,0.030,0.763,0.207
311000,0.030,0.764,0.205
311500,0.030,0.763,0.207
312000,0.030,0.769,0.201
312500,0.032,0.758,0.211
313000,0.034,0.734,0.232
313500,0.033,0.739,0.228
314000,0.033,0.726,0.241
314500,0.033,0.725,0.243
315000,0.032,0.724,0.245
315500,0.030,0.742,0.228
316000,0.032,0.741,0.227
316500,0.031,0.754,0.215
317000,0.030,0.757,0.213
317500,0.032,0.755,0.213
318000,0.030,0.757,0.212
318500,0.030,0.782,0.188
319000,0.030,0.802,0.167
319500,0.030,0.807,0.162
320000,0.030,0.808,0.162
320500,0.032,0.802,0.166
321000,0.032,0.775,0.194
321500,0.032,0.777,0.192
322000,0.032,0.777,0.192
322500,0.032,0.771,0.198
323000,0.031,0.781,0.188
323500,0.030,0.799,0.170
324000,0.033,0.791,0.176
324500,0.032,0.778,0.190
325000,0.032,0.774,0.195
325500,0.030,0.772,0.198
326000,0.032,0.763,0.205
326500,0.032,0.781,0.187
327000,0.031,0.773,0.196
327500,0.030,0.770,0.199
328000,0.030,0.757,0.213
328500,0.030,0.746,0.224
329000,0.032,0.745,0.223
329500,0.034,0.744,0.223
330000,0.032,0.754,0.215
330500,0.033,0.737,0.230
331000,0.034,0.752,0.214
331500,0.032,0.732,0.236
332000,0.032,0.741,0.228
332500,0.032,0.727,0.242
333000,0.031,0.712,0.257
333500,0.030,0.717,0.253
334000,0.030,0.716,0.254
334500,0.033,0.728,0.240
335000,0.032,0.721,0.248
335500,0.033,0.724,0.243
336000,0.032,0.724,0.244
336500,0.034,0.720,0.247
337000,0.035,0.721,0.244
337500,0.034,0.739,0.227
338000,0.032,0.740,0.229
338500,0.030,0.756,0.214
339000,0.030,0.756,0.214
339500,0.030,0.758,0.212
340000,0.031,0.754,0.215
340500,0.030,0.756,0.213
341000,0.030,0.765,0.205
341500,0.030,0.761,0.209
342000,0.031,0.748,0.221
342500,0.032,0.732,0.237
343000,0.032,0.730,0.239
343500,0.033,0.731,0.236
344000,0.036,0.714,0.250
344500,0.033,0.742,0.225
345000,0.035,0.717,0.248
345500,0.035,0.730,0.235
346000,0.034,0.742,0.224
346500,0.031,0.734,0.235
347000,0.030,0.734,0.236
347500,0.034,0.728,0.239
348000,0.032,0.753,0.215
348500,0.032,0.753,0.216
349000,0.030,0.766,0.204
349500,0.030,0.736,0.234
350000,0.030,0.730,0.240
350500,0.032,0.746,0.222
351000,0.031,0.739,0.230
351500,0.032,0.750,0.219
352000,0.032,0.743,0.225
352500,0.030,0.738,0.232
353000,0.030,0.752,0.218
353500,0.030,0.747,0.223
354000,0.030,0.751,0.219
354500,0.030,0.755,0.215
355000,0.030,0.783,0.187
355500,0.030,0.793,0.176
356000,0.030,0.764,0.206
356500,0.031,0.748,0.221
357000,0.032,0.757,0.211
357500,0.032,0.742,0.227
358000,0.031,0.732,0.237
358500,0.030,0.730,0.240
359000,0.030,0.752,0.218
359500,0.030,0.745,0.225
360000,0.032,0.743,0.225
360500,0.030,0.738,0.232
361000,0.032,0.760,0.208
361500,0.030,0.768,0.202
362000,0.030,0.765,0.204
362500,0.030,0.765,0.205
363000,0.030,0.767,0.203
363500,0.030,0.749,0.221
364000,0.034,0.752,0.215
364500,0.032,0.769,0.199
365000,0.032,0.772,0.196
365500,0.031,0.763,0.206
366000,0.033,0.744,0.223
366500,0.033,0.751,0.216
367000,0.033,0.731,0.236
367500,0.033,0.733,0.234
368000,0.032,0.743,0.225
368500,0.034,0.760,0.206
369000,0.032,0.753,0.215
369500,0.031,0.756,0.213
370000,0.032,0.733,0.235
370500,0.030,0.733,0.237
371000,0.033,0.744,0.223
371500,0.031,0.743,0.226
372000,0.030,0.756,0.214
372500,0.030,0.761,0.209
373000,0.030,0.772,0.197
373500,0.030,0.783,0.187
374000,0.032,0.778,0.190
374500,0.032,0.799,0.169
375000,0.032,0.800,0.168
375500,0.032,0.797,0.171
376000,0.030,0.785,0.184
376500,0.030,0.792,0.178
377000,0.030,0.785,0.184
377500,0.030,0.761,0.209
378000,0.030,0.760,0.210
378500,0.030,0.755,0.215
379000,0.030,0.740,0.230
379500,0.031,0.752,0.217
380000,0.034,0.748,0.219
380500,0.034,0.741,0.225
381000,0.036,0.750,0.214
381500,0.034,0.733,0.234
382000,0.035,0.735,0.230
382500,0.034,0.734,0.233
383000,0.033,0.741,0.227
383500,0.030,0.755,0.215
384000,0.030,0.778,0.192
384500,0.030,0.784,0.185
385000,0.030,0.802,0.168
385500,0.030,0.798,0.172
386000,0.030,0.801,0.169
386500,0.032,0.808,0.159
387000,0.032,0.803,0.165
387500,0.031,0.815,0.154
388000,0.030,0.816,0.154
388500,0.030,0.820,0.150
389000,0.030,0.817,0.153
389500,0.030,0.815,0.155
390000,0.030,0.817,0.153
390500,0.030,0.799,0.170
391000,0.030,0.800,0.170
391500,0.030,0.783,0.186
392000,0.030,0.769,0.200
392500,0.030,0.745,0.225
393000,0.033,0.727,0.241
393500,0.033,0.736,0.232
394000,0.031,0.718,0.251
394500,0.033,0.701,0.266
395000,0.036,0.708,0.256
395500,0.036,0.722,0.242
396000,0.034,0.742,0.225
396500,0.032,0.746,0.223
397000,0.030,0.738,0.232
397500,0.030,0.761,0.209
398000,0.030,0.760,0.210
398500,0.030,0.772,0.198
399000,0.031,0.763,0.206
399500,0.031,0.740,0.229
400000,0.032,0.740,0.229
400500,0.030,0.738,0.232
401000,0.030,0.729,0.241
401500,0.030,0.735,0.235
402000,0.030,0.727,0.243
402500,0.032,0.717,0.252
403000,0.035,0.732,0.234
403500,0.034,0.717,0.250
404000,0.032,0.723,0.245
404500,0.034,0.735,0.232
405000,0.035,0.740,0.226
405500,0.034,0.763,0.203
406000,0.032,0.754,0.214
406500,0.031,0.758,0.211
407000,0.030,0.774,0.196
407500,0.033,0.759,0.208
408000,0.032,0.749,0.220
408500,0.033,0.746,0.221
409000,0.033,0.749,0.219
409500,0.033,0.749,0.219
410000,0.032,0.756,0.212
410500,0.033,0.756,0.211
411000,0.033,0.747,0.220
411500,0.032,0.742,0.227
412000,0.032,0.745,0.224
412500,0.031,0.744,0.225
413000,0.031,0.754,0.215
413500,0.032,0.759,0.210
414000,0.031,0.757,0.212
414500,0.031,0.768,0.201
415000,0.031,0.777,0.192
415500,0.033,0.783,0.184
416000,0.030,0.784,0.185
416500,0.030,0.764,0.206
417000,0.030,0.770,0.200
417500,0.032,0.744,0.225
418000,0.032,0.752,0.216
418500,0.032,0.760,0.208
419000,0.033,0.761,0.206
419500,0.034,0.738,0.229
420000,0.035,0.732,0.233
420500,0.035,0.744,0.221
421000,0.035,0.754,0.211
421500,0.032,0.764,0.204
422000,0.030,0.785,0.184
422500,0.030,0.754,0.216
423000,0.032,0.760,0.208
423500,0.031,0.751,0.218
424000,0.030,0.736,0.234
424500,0.030,0.724,0.246
425000,0.030,0.725,0.245
425500,0.030,0.721,0.249
426000,0.030,0.712,0.258
426500,0.030,0.728,0.242
427000,0.032,0.711,0.258
427500,0.031,0.716,0.253
428000,0.030,0.725,0.245
428500,0.030,0.719,0.251
429000,0.031,0.724,0.245
429500,0.035,0.741,0.225
430000,0.034,0.751,0.216
430500,0.032,0.706,0.262
431000,0.033,0.713,0.254
431500,0.036,0.703,0.261
432000,0.037,0.685,0.277
432500,0.040,0.702,0.259
433000,0.034,0.702,0.265
433500,0.032,0.722,0.246
434000,0.034,0.733,0.233
434500,0.031,0.737,0.232
435000,0.030,0.747,0.223
435500,0.030,0.749,0.221
436000,0.030,0.756,0.214
436500,0.032,0.761,0.207
437000,0.034,0.753,0.213
437500,0.032,0.721,0.247
438000,0.032,0.726,0.242
438500,0.032,0.734,0.235
439000,0.030,0.744,0.226
439500,0.030,0.761,0.209
440000,0.030,0.747,0.223
440500,0.030,0.768,0.202
441000,0.030,0.771,0.199
441500,0.030,0.767,0.203
442000,0.030,0.777,0.193
442500,0.030,0.790,0.180
443000,0.032,0.782,0.186
443500,0.030,0.772,0.198
444000,0.033,0.777,0.190
444500,0.033,0.773,0.195
445000,0.031,0.787,0.182
445500,0.030,0.798,0.171
446000,0.030,0.779,0.191
446500,0.030,0.762,0.208
447000,0.032,0.759,0.209
447500,0.031,0.736,0.233
448000,0.032,0.735,0.234
448500,0.033,0.732,0.236
449000,0.032,0.745,0.224
449500,0.032,0.757,0.212
450000,0.032,0.743,0.225
450500,0.033,0.749,0.218
451000,0.034,0.740,0.226
451500,0.035,0.738,0.228
452000,0.032,0.736,0.233
452500,0.030,0.749,0.221
453000,0.030,0.755,0.215
453500,0.030,0.770,0.200
454000,0.030,0.772,0.198
454500,0.030,0.747,0.223
455000,0.030,0.761,0.209
455500,0.030,0.762,0.208
456000,0.030,0.770,0.200
456500,0.032,0.770,0.198
457000,0.031,0.768,0.201
457500,0.033,0.750,0.217
458000,0.032,0.734,0.234
458500,0.036,0.717,0.247
459000,0.036,0.714,0.250
459500,0.036,0.734,0.230
460000,0.035,0.745,0.221
460500,0.033,0.722,0.246
461000,0.032,0.714,0.254
461500,0.031,0.729,0.240
462000,0.032,0.719,0.249
462500,0.031,0.728,0.241
463000,0.031,0.746,0.223
463500,0.031,0.753,0.216
464000,0.030,0.736,0.234
464500,0.030,0.734,0.236
465000,0.030,0.742,0.228
465500,0.032,0.744,0.224
466000,0.032,0.759,0.210
466500,0.034,0.764,0.203
467000,0.032,0.763,0.205
467500,0.033,0.763,0.204
468000,0.032,0.774,0.195
468500,0.033,0.752,0.215
469000,0.031,0.766,0.203
469500,0.030,0.753,0.217
470000,0.030,0.738,0.232
470500,0.032,0.744,0.224
471000,0.032,0.743,0.226
471500,0.031,0.767,0.202
472000,0.031,0.771,0.198
472500,0.032,0.764,0.205
473000,0.031,0.748,0.221
473500,0.031,0.746,0.223
474000,0.032,0.726,0.243
474500,0.033,0.724,0.243
475000,0.033,0.713,0.255
475500,0.031,0.717,0.252
476000,0.033,0.736,0.231
476500,0.031,0.730,0.239
477000,0.030,0.744,0.226
477500,0.030,0.758,0.211
478000,0.030,0.786,0.184
478500,0.030,0.777,0.193
479000,0.030,0.763,0.207
479500,0.030,0.751,0.219
480000,0.030,0.742,0.228
480500,0.030,0.739,0.231
481000,0.031,0.749,0.220
481500,0.030,0.747,0.223
482000,0.032,0.742,0.226
482500,0.031,0.733,0.236
483000,0.030,0.761,0.209
483500,0.030,0.777,0.193
484000,0.030,0.763,0.206
484500,0.030,0.771,0.199
485000,0.030,0.772,0.198
485500,0.030,0.744,0.226
486000,0.030,0.748,0.222
486500,0.030,0.757,0.212
487000,0.030,0.756,0.214
487500,0.030,0.759,0.211
488000,0.030,0.751,0.219
488500,0.030,0.757,0.213
489000,0.030,0.747,0.223
489500,0.030,0.750,0.220
490000,0.030,0.756,0.214
490500,0.030,0.759,0.211
491000,0.030,0.750,0.220
491500,0.033,0.747,0.221
492000,0.032,0.747,0.221
492500,0.031,0.719,0.250
493000,0.030,0.727,0.243
493500,0.030,0.722,0.248
494000,0.030,0.724,0.246
494500,0.030,0.718,0.252
495000,0.030,0.700,0.270
495500,0.030,0.706,0.264
496000,0.030,0.724,0.246
496500,0.032,0.733,0.236
497000,0.030,0.755,0.215
497500,0.030,0.771,0.199
498000,0.031,0.770,0.199
498500,0.033,0.763,0.205
499000,0.032,0.761,0.207
499500,0.033,0.752,0.215
500000,0.031,0.751,0.218
500500,0.031,0.750,0.219
501000,0.030,0.719,0.251
501500,0.036,0.702,0.262
502000,0.035,0.694,0.271
502500,0.035,0.685,0.279
503000,0.033,0.668,0.299
503500,0.031,0.695,0.274
504000,0.032,0.697,0.271
504500,0.034,0.682,0.284
505000,0.032,0.682,0.285
505500,0.034,0.694,0.272
506000,0.034,0.717,0.249
506500,0.033,0.721,0.246
507000,0.031,0.721,0.248
507500,0.032,0.717,0.252
508000,0.031,0.713,0.256
508500,0.033,0.715,0.253
509000,0.033,0.711,0.257
509500,0.034,0.719,0.248
510000,0.032,0.717,0.252
510500,0.034,0.721,0.246
511000,0.032,0.700,0.268
511500,0.033,0.673,0.294
512000,0.032,0.663,0.304
512500,0.033,0.671,0.295
513000,0.033,0.689,0.278
513500,0.035,0.713,0.252
514000,0.034,0.711,0.256
514500,0.036,0.695,0.269
515000,0.034,0.727,0.240
515500,0.032,0.708,0.260
516000,0.032,0.705,0.263
516500,0.033,0.729,0.239
517000,0.032,0.733,0.236
517500,0.030,0.723,0.247
518000,0.033,0.723,0.245
518500,0.030,0.739,0.231
519000,0.030,0.756,0.214
519500,0.030,0.750,0.220
520000,0.030,0.755,0.215
520500,0.030,0.743,0.227
521000,0.030,0.751,0.219
521500,0.030,0.738,0.232
522000,0.032,0.745,0.224
522500,0.030,0.758,0.212
523000,0.035,0.754,0.211
523500,0.033,0.772,0.195
524000,0.033,0.764,0.203
524500,0.031,0.768,0.201
525000,0.030,0.766,0.204
525500,0.030,0.766,0.204
526000,0.030,0.762,0.208
526500,0.032,0.770,0.198
527000,0.031,0.742,0.227
527500,0.031,0.744,0.225
528000,0.030,0.750,0.219
528500,0.030,0.747,0.223
529000,0.033,0.767,0.201
529500,0.033,0.745,0.223
530000,0.032,0.740,0.228
530500,0.030,0.749,0.221
531000,0.032,0.740,0.229
531500,0.032,0.753,0.215
532000,0.031,0.749,0.220
532500,0.030,0.745,0.225
533000,0.030,0.775,0.195
533500,0.030,0.784,0.185
534000,0.030,0.771,0.199
534500,0.030,0.770,0.199
535000,0.030,0.773,0.197
535500,0.030,0.782,0.188
536000,0.030,0.790,0.180
536500,0.030,0.791,0.178
537000,0.031,0.786,0.183
537500,0.030,0.786,0.183
538000,0.030,0.793,0.177
538500,0.030,0.785,0.184
539000,0.033,0.767,0.200
539500,0.034,0.775,0.191
540000,0.032,0.764,0.204
540500,0.032,0.760,0.208
541000,0.030,0.753,0.217
541500,0.030,0.759,0.211
542000,0.030,0.763,0.206
542500,0.030,0.756,0.213
543000,0.033,0.763,0.204
543500,0.033,0.737,0.231
544000,0.032,0.759,0.209
544500,0.032,0.765,0.203
545000,0.035,0.761,0.204
545500,0.033,0.735,0.232
546000,0.032,0.741,0.228
546500,0.031,0.766,0.203
547000,0.032,0.774,0.194
547500,0.030,0.772,0.198
548000,0.030,0.742,0.228
548500,0.030,0.753,0.217
549000,0.030,0.748,0.222
549500,0.030,0.751,0.219
550000,0.031,0.750,0.219
550500,0.030,0.755,0.214
551000,0.031,0.776,0.193
551500,0.034,0.776,0.190
552000,0.032,0.764,0.204
552500,0.032,0.769,0.199
553000,0.030,0.765,0.205
553500,0.030,0.736,0.234
554000,0.031,0.753,0.216
554500,0.030,0.765,0.204
555000,0.030,0.761,0.209
555500,0.030,0.753,0.216
556000,0.030,0.767,0.202
556500,0.030,0.771,0.199
557000,0.030,0.781,0.189
557500,0.032,0.754,0.214
558000,0.035,0.779,0.185
558500,0.034,0.764,0.202
559000,0.033,0.757,0.210
559500,0.030,0.760,0.210
560000,0.034,0.745,0.222
560500,0.033,0.761,0.206
561000,0.032,0.775,0.193
561500,0.035,0.793,0.172
562000,0.034,0.786,0.180
562500,0.032,0.777,0.191
563000,0.030,0.764,0.205
563500,0.030,0.764,0.205
564000,0.032,0.738,0.230
564500,0.031,0.751,0.218
565000,0.032,0.759,0.210
565500,0.031,0.767,0.202
566000,0.031,0.754,0.215
566500,0.030,0.746,0.224
567000,0.032,0.750,0.218
567500,0.031,0.750,0.219
568000,0.030,0.760,0.210
568500,0.032,0.761,0.208
569000,0.030,0.731,0.239
569500,0.030,0.723,0.247
570000,0.030,0.733,0.237
570500,0.032,0.743,0.225
571000,0.034,0.737,0.230
571500,0.032,0.740,0.229
572000,0.032,0.769,0.199
572500,0.032,0.777,0.192
573000,0.031,0.791,0.178
573500,0.033,0.802,0.165
574000,0.032,0.817,0.152
574500,0.032,0.821,0.148
575000,0.031,0.796,0.172
575500,0.032,0.783,0.184
576000,0.031,0.803,0.165
576500,0.030,0.778,0.191
577000,0.033,0.758,0.209
577500,0.035,0.766,0.199
578000,0.032,0.784,0.184
578500,0.031,0.776,0.193
579000,0.031,0.786,0.183
579500,0.030,0.794,0.175
580000,0.030,0.776,0.193
580500,0.030,0.764,0.205
581000,0.033,0.758,0.210
581500,0.030,0.746,0.224
582000,0.030,0.757,0.213
582500,0.030,0.780,0.190
583000,0.030,0.791,0.178
583500,0.030,0.787,0.182
584000,0.030,0.775,0.195
584500,0.030,0.767,0.203
585000,0.031,0.755,0.214
585500,0.030,0.745,0.225
586000,0.030,0.740,0.230
586500,0.031,0.729,0.240
587000,0.035,0.739,0.226
587500,0.035,0.732,0.234
588000,0.034,0.735,0.231
588500,0.033,0.727,0.240
589000,0.032,0.726,0.242
589500,0.034,0.717,0.249
590000,0.032,0.735,0.233
590500,0.034,0.731,0.235
591000,0.032,0.739,0.230
591500,0.031,0.741,0.228
592000,0.032,0.747,0.221
592500,0.033,0.743,0.225
593000,0.030,0.750,0.219
593500,0.032,0.746,0.223
594000,0.034,0.743,0.223
594500,0.034,0.741,0.226
595000,0.032,0.741,0.227
595500,0.032,0.748,0.221
596000,0.032,0.726,0.242
596500,0.033,0.719,0.249
597000,0.036,0.705,0.259
597500,0.034,0.709,0.257
598000,0.032,0.733,0.235
598500,0.030,0.723,0.247
599000,0.030,0.720,0.250
599500,0.030,0.715,0.255
600000,0.030,0.725,0.245
600500,0.033,0.705,0.262
601000,0.033,0.705,0.262
601500,0.034,0.713,0.254
602000,0.032,0.705,0.264
602500,0.030,0.697,0.273
603000,0.035,0.722,0.243
603500,0.034,0.724,0.243
604000,0.034,0.736,0.231
604500,0.031,0.757,0.212
605000,0.033,0.753,0.215
605500,0.030,0.755,0.215
606000,0.030,0.746,0.224
606500,0.031,0.724,0.245
607000,0.031,0.729,0.240
607500,0.030,0.741,0.229
608000,0.030,0.731,0.239
608500,0.032,0.729,0.239
609000,0.032,0.728,0.240
609500,0.032,0.712,0.257
610000,0.031,0.719,0.250
610500,0.032,0.721,0.248
611000,0.031,0.705,0.264
611500,0.033,0.725,0.243
612000,0.032,0.704,0.264
612500,0.034,0.681,0.285
613000,0.033,0.682,0.285
613500,0.032,0.703,0.265
614000,0.032,0.709,0.259
614500,0.032,0.732,0.237
615000,0.031,0.743,0.226
615500,0.031,0.757,0.212
616000,0.030,0.780,0.190
616500,0.032,0.764,0.204
617000,0.033,0.776,0.192
617500,0.031,0.782,0.186
618000,0.032,0.771,0.198
618500,0.031,0.777,0.192
619000,0.031,0.766,0.203
619500,0.030,0.769,0.201
620000,0.030,0.773,0.197
620500,0.030,0.789,0.181
621000,0.030,0.769,0.201
621500,0.032,0.734,0.234
622000,0.031,0.740,0.229
622500,0.030,0.729,0.241
623000,0.033,0.729,0.239
623500,0.033,0.720,0.247
624000,0.032,0.730,0.239
624500,0.030,0.742,0.228
625000,0.032,0.741,0.228
625500,0.033,0.721,0.247
626000,0.033,0.732,0.236
626500,0.032,0.737,0.231
627000,0.032,0.733,0.236
627500,0.035,0.731,0.235
628000,0.035,0.748,0.218
628500,0.035,0.739,0.227
629000,0.034,0.736,0.230
629500,0.033,0.757,0.211
630000,0.034,0.744,0.223
630500,0.033,0.736,0.232
631000,0.032,0.749,0.220
631500,0.033,0.739,0.229
632000,0.033,0.737,0.230
632500,0.032,0.735,0.234
633000,0.030,0.732,0.238
633500,0.030,0.741,0.229
634000,0.033,0.740,0.228
634500,0.035,0.739,0.226
635000,0.035,0.702,0.263
635500,0.035,0.714,0.252
636000,0.035,0.717,0.248
636500,0.035,0.720,0.246
637000,0.034,0.726,0.240
637500,0.035,0.713,0.253
638000,0.034,0.711,0.255
638500,0.031,0.715,0.254
639000,0.032,0.715,0.254
639500,0.034,0.706,0.261
640000,0.034,0.730,0.236
640500,0.033,0.723,0.245
641000,0.034,0.718,0.248
641500,0.032,0.726,0.242
642000,0.030,0.723,0.247
642500,0.030,0.728,0.242
643000,0.034,0.709,0.258
643500,0.034,0.701,0.265
644000,0.035,0.706,0.260
644500,0.034,0.693,0.274
645000,0.034,0.714,0.252
645500,0.033,0.700,0.267
646000,0.033,0.709,0.259
646500,0.032,0.711,0.257
647000,0.035,0.717,0.249
647500,0.032,0.709,0.259
648000,0.030,0.710,0.260
648500,0.033,0.728,0.239
649000,0.033,0.736,0.232
649500,0.034,0.739,0.228
650000,0.033,0.724,0.244
650500,0.032,0.736,0.233
651000,0.032,0.732,0.236
651500,0.034,0.728,0.238
652000,0.030,0.724,0.246
652500,0.030,0.712,0.258
653000,0.030,0.700,0.270
653500,0.030,0.704,0.266
654000,0.032,0.696,0.272
654500,0.033,0.703,0.265
655000,0.032,0.699,0.269
655500,0.032,0.714,0.255
656000,0.035,0.726,0.239
656500,0.034,0.735,0.232
657000,0.033,0.729,0.238
657500,0.032,0.752,0.216
658000,0.032,0.760,0.209
658500,0.033,0.761,0.207
659000,0.030,0.771,0.199
659500,0.030,0.768,0.201
660000,0.030,0.776,0.194
660500,0.030,0.774,0.196
661000,0.030,0.781,0.189
661500,0.031,0.781,0.188
662000,0.030,0.790,0.179
662500,0.030,0.798,0.172
663000,0.030,0.794,0.176
663500,0.030,0.794,0.176
664000,0.030,0.796,0.173
664500,0.030,0.800,0.169
665000,0.030,0.809,0.161
665500,0.032,0.800,0.168
666000,0.031,0.793,0.176
666500,0.030,0.786,0.183
667000,0.030,0.760,0.210
667500,0.032,0.743,0.225
668000,0.032,0.750,0.219
668500,0.030,0.759,0.211
669000,0.030,0.758,0.212
669500,0.030,0.754,0.216
670000,0.030,0.742,0.228
670500,0.030,0.750,0.220
671000,0.030,0.752,0.218
671500,0.032,0.758,0.211
672000,0.031,0.756,0.213
672500,0.030,0.752,0.218
673000,0.030,0.748,0.222
673500,0.032,0.762,0.206
674000,0.033,0.758,0.209
674500,0.032,0.737,0.231
675000,0.030,0.750,0.220
675500,0.030,0.756,0.214
676000,0.030,0.752,0.218
676500,0.032,0.734,0.234
677000,0.030,0.739,0.231
677500,0.030,0.761,0.209
678000,0.030,0.765,0.205
678500,0.030,0.774,0.196
679000,0.030,0.770,0.200
679500,0.030,0.757,0.213
680000,0.032,0.759,0.210
680500,0.032,0.772,0.196
681000,0.033,0.781,0.186
681500,0.031,0.776,0.193
682000,0.030,0.777,0.193
682500,0.033,0.773,0.194
683000,0.031,0.756,0.213
683500,0.034,0.755,0.211
684000,0.035,0.760,0.205
684500,0.033,0.762,0.205
685000,0.032,0.754,0.214
685500,0.030,0.754,0.216
686000,0.032,0.740,0.228
686500,0.033,0.721,0.247
687000,0.031,0.730,0.239
687500,0.032,0.734,0.235
688000,0.030,0.755,0.215
688500,0.030,0.763,0.207
689000,0.030,0.758,0.212
689500,0.030,0.749,0.221
690000,0.030,0.766,0.204
690500,0.033,0.770,0.198
691000,0.032,0.762,0.207
691500,0.032,0.740,0.229
692000,0.031,0.735,0.234
692500,0.030,0.749,0.221
693000,0.030,0.778,0.191
693500,0.030,0.786,0.183
694000,0.030,0.779,0.190
694500,0.033,0.778,0.189
695000,0.032,0.781,0.186
695500,0.031,0.784,0.184
696000,0.030,0.771,0.199
696500,0.030,0.770,0.200
697000,0.030,0.779,0.191
697500,0.030,0.780,0.190
698000,0.030,0.791,0.178
698500,0.030,0.784,0.186
699000,0.030,0.788,0.181
699500,0.032,0.789,0.178
700000,0.032,0.783,0.185
700500,0.032,0.764,0.205
701000,0.031,0.768,0.201
701500,0.030,0.770,0.200
702000,0.033,0.754,0.213
702500,0.032,0.746,0.223
703000,0.031,0.754,0.215
703500,0.030,0.742,0.228
704000,0.030,0.758,0.212
704500,0.030,0.772,0.198
705000,0.030,0.776,0.194
705500,0.030,0.780,0.190
706000,0.030,0.782,0.188
706500,0.030,0.773,0.197
707000,0.030,0.786,0.184
707500,0.030,0.782,0.188
708000,0.030,0.793,0.176
708500,0.030,0.793,0.176
709000,0.030,0.796,0.173
709500,0.030,0.794,0.175
710000,0.030,0.774,0.196
710500,0.030,0.758,0.212
711000,0.032,0.761,0.207
711500,0.031,0.763,0.206
712000,0.030,0.794,0.176
712500,0.030,0.770,0.200
713000,0.030,0.759,0.211
713500,0.030,0.760,0.210
714000,0.032,0.766,0.202
714500,0.031,0.754,0.215
715000,0.034,0.767,0.199
715500,0.031,0.769,0.200
716000,0.030,0.761,0.209
716500,0.030,0.767,0.203
717000,0.032,0.782,0.186
717500,0.031,0.776,0.193
718000,0.030,0.778,0.192
718500,0.030,0.770,0.200
719000,0.030,0.781,0.189
719500,0.030,0.767,0.203
720000,0.030,0.775,0.194
720500,0.030,0.777,0.193
721000,0.030,0.772,0.198
721500,0.030,0.749,0.221
722000,0.030,0.750,0.220
722500,0.032,0.747,0.221
723000,0.033,0.752,0.216
723500,0.031,0.732,0.237
724000,0.030,0.738,0.232
724500,0.031,0.751,0.218
725000,0.030,0.759,0.211
725500,0.030,0.771,0.199
726000,0.030,0.782,0.188
726500,0.030,0.766,0.204
727000,0.031,0.767,0.202
727500,0.030,0.739,0.231
728000,0.032,0.731,0.238
728500,0.032,0.728,0.241
729000,0.032,0.745,0.224
729500,0.033,0.756,0.211
730000,0.032,0.762,0.207
730500,0.030,0.760,0.210
731000,0.033,0.737,0.231
731500,0.036,0.733,0.231
732000,0.035,0.748,0.217
732500,0.033,0.740,0.228
733000,0.030,0.734,0.236
733500,0.032,0.725,0.244
734000,0.034,0.729,0.238
734500,0.033,0.738,0.230
735000,0.033,0.725,0.242
735500,0.034,0.728,0.238
736000,0.034,0.716,0.251
736500,0.035,0.711,0.254
737000,0.032,0.719,0.250
737500,0.033,0.747,0.221
738000,0.033,0.745,0.222
738500,0.032,0.743,0.226
739000,0.034,0.748,0.219
739500,0.032,0.747,0.222
740000,0.033,0.749,0.219
740500,0.033,0.750,0.218
741000,0.031,0.738,0.231
741500,0.030,0.743,0.227
742000,0.032,0.741,0.228
742500,0.031,0.759,0.210
743000,0.032,0.769,0.199
743500,0.032,0.762,0.206
744000,0.032,0.751,0.217
744500,0.030,0.766,0.203
745000,0.030,0.766,0.204
745500,0.030,0.783,0.186
746000,0.030,0.796,0.173
746500,0.030,0.778,0.192
747000,0.031,0.782,0.187
747500,0.030,0.781,0.188
748000,0.030,0.788,0.182
748500,0.032,0.790,0.178
749000,0.033,0.771,0.196
749500,0.032,0.757,0.211
750000,0.030,0.769,0.201
750500,0.030,0.772,0.197
751000,0.032,0.757,0.212
751500,0.032,0.764,0.204
752000,0.032,0.758,0.211
752500,0.033,0.750,0.217
753000,0.034,0.760,0.207
753500,0.032,0.743,0.226
754000,0.030,0.735,0.235
754500,0.032,0.745,0.224
755000,0.031,0.759,0.210
755500,0.030,0.760,0.210
756000,0.030,0.744,0.226
756500,0.030,0.761,0.209
757000,0.030,0.746,0.224
757500,0.033,0.741,0.226
758000,0.031,0.741,0.228
758500,0.031,0.750,0.219
759000,0.030,0.745,0.225
759500,0.030,0.761,0.209
760000,0.030,0.757,0.213
760500,0.032,0.757,0.212
761000,0.030,0.759,0.211
761500,0.031,0.776,0.193
762000,0.032,0.780,0.189
762500,0.030,0.774,0.195
763000,0.030,0.797,0.173
763500,0.030,0.788,0.182
764000,0.030,0.776,0.194
764500,0.032,0.762,0.207
765000,0.032,0.771,0.197
765500,0.030,0.783,0.186
766000,0.030,0.783,0.186
766500,0.030,0.779,0.191
767000,0.030,0.773,0.197
767500,0.030,0.781,0.189
768000,0.030,0.779,0.191
768500,0.030,0.775,0.195
769000,0.030,0.778,0.192
769500,0.032,0.761,0.207
770000,0.032,0.751,0.217
770500,0.031,0.755,0.214
771000,0.030,0.753,0.217
771500,0.033,0.755,0.212
772000,0.033,0.746,0.222
772500,0.032,0.763,0.205
773000,0.031,0.777,0.192
773500,0.031,0.785,0.184
774000,0.031,0.771,0.198
774500,0.034,0.754,0.213
775000,0.033,0.762,0.206
775500,0.031,0.768,0.201
776000,0.031,0.768,0.201
776500,0.031,0.767,0.202
777000,0.030,0.770,0.200
777500,0.033,0.784,0.183
778000,0.032,0.762,0.206
778500,0.031,0.770,0.199
779000,0.032,0.756,0.212
779500,0.032,0.760,0.208
780000,0.032,0.760,0.208
780500,0.031,0.770,0.199
781000,0.030,0.793,0.176
781500,0.030,0.801,0.169
782000,0.030,0.790,0.180
782500,0.030,0.788,0.182
783000,0.030,0.789,0.181
783500,0.030,0.771,0.199
784000,0.031,0.788,0.181
784500,0.030,0.785,0.184
785000,0.032,0.769,0.199
785500,0.033,0.783,0.184
786000,0.032,0.777,0.191
786500,0.031,0.787,0.181
787000,0.030,0.786,0.183
787500,0.030,0.775,0.195
788000,0.032,0.783,0.184
788500,0.032,0.772,0.197
789000,0.030,0.741,0.229
789500,0.030,0.747,0.223
790000,0.030,0.754,0.215
790500,0.032,0.766,0.203
791000,0.033,0.760,0.207
791500,0.031,0.756,0.213
792000,0.030,0.774,0.196
792500,0.033,0.765,0.202
793000,0.033,0.760,0.207
793500,0.033,0.774,0.193
794000,0.032,0.755,0.214
794500,0.033,0.757,0.210
795000,0.031,0.779,0.190
795500,0.031,0.781,0.188
796000,0.033,0.780,0.188
796500,0.032,0.779,0.189
797000,0.031,0.790,0.179
797500,0.030,0.790,0.179
798000,0.030,0.788,0.181
798500,0.030,0.785,0.185
799000,0.031,0.771,0.198
799500,0.031,0.745,0.224
800000,0.032,0.748,0.221
800500,0.030,0.753,0.216
801000,0.030,0.755,0.214
801500,0.030,0.758,0.212
802000,0.030,0.755,0.215
802500,0.032,0.747,0.221
803000,0.032,0.735,0.234
803500,0.033,0.753,0.214
804000,0.033,0.766,0.201
804500,0.030,0.752,0.218
805000,0.030,0.758,0.211
805500,0.030,0.766,0.204
806000,0.033,0.768,0.200
806500,0.032,0.756,0.212
807000,0.032,0.747,0.221
807500,0.032,0.764,0.204
808000,0.032,0.767,0.202
808500,0.030,0.746,0.224
809000,0.030,0.757,0.213
809500,0.031,0.757,0.212
810000,0.030,0.768,0.202
810500,0.030,0.759,0.211
811000,0.032,0.748,0.221
811500,0.033,0.746,0.222
812000,0.034,0.756,0.211
812500,0.032,0.766,0.202
813000,0.033,0.763,0.204
813500,0.032,0.756,0.212
814000,0.031,0.751,0.218
814500,0.030,0.753,0.216
815000,0.034,0.760,0.206
815500,0.034,0.746,0.220
816000,0.034,0.738,0.228
816500,0.032,0.763,0.205
817000,0.032,0.770,0.199
817500,0.030,0.764,0.205
818000,0.030,0.754,0.216
818500,0.030,0.767,0.203
819000,0.030,0.766,0.204
819500,0.030,0.758,0.212
820000,0.030,0.768,0.201
820500,0.031,0.772,0.197
821000,0.032,0.739,0.230
821500,0.032,0.732,0.237
822000,0.031,0.733,0.236
822500,0.031,0.757,0.212
823000,0.031,0.733,0.236
823500,0.035,0.705,0.260
824000,0.035,0.707,0.258
824500,0.033,0.730,0.238
825000,0.034,0.749,0.218
825500,0.036,0.746,0.218
826000,0.037,0.744,0.219
826500,0.035,0.756,0.209
827000,0.034,0.754,0.212
827500,0.032,0.763,0.205
828000,0.035,0.750,0.215
828500,0.034,0.727,0.239
829000,0.033,0.720,0.248
829500,0.033,0.717,0.250
830000,0.031,0.711,0.258
830500,0.030,0.705,0.265
831000,0.030,0.723,0.247
831500,0.032,0.740,0.228
832000,0.032,0.742,0.227
832500,0.031,0.734,0.235
833000,0.030,0.735,0.235
833500,0.030,0.738,0.232
834000,0.030,0.737,0.233
834500,0.032,0.723,0.245
835000,0.033,0.717,0.251
835500,0.034,0.721,0.246
836000,0.032,0.698,0.270
836500,0.030,0.707,0.263
837000,0.030,0.696,0.274
837500,0.032,0.708,0.261
838000,0.032,0.703,0.266
838500,0.033,0.700,0.267
839000,0.034,0.705,0.261
839500,0.033,0.717,0.251
840000,0.033,0.724,0.243
840500,0.030,0.724,0.246
841000,0.030,0.719,0.251
841500,0.033,0.712,0.256
842000,0.030,0.717,0.253
842500,0.032,0.729,0.239
843000,0.030,0.734,0.236
843500,0.033,0.739,0.229
844000,0.032,0.711,0.257
844500,0.033,0.750,0.217
845000,0.032,0.757,0.211
845500,0.030,0.747,0.223
846000,0.032,0.760,0.208
846500,0.031,0.779,0.190
847000,0.030,0.749,0.221
847500,0.030,0.762,0.208
848000,0.030,0.766,0.204
848500,0.032,0.753,0.215
849000,0.034,0.768,0.199
849500,0.033,0.736,0.232
850000,0.035,0.734,0.232
850500,0.032,0.738,0.231
851000,0.032,0.767,0.202
851500,0.030,0.766,0.203
852000,0.030,0.774,0.196
852500,0.030,0.760,0.210
853000,0.032,0.732,0.236
853500,0.031,0.682,0.287
854000,0.035,0.679,0.285
854500,0.036,0.699,0.265
855000,0.035,0.675,0.289
855500,0.032,0.694,0.274
856000,0.033,0.695,0.273
856500,0.030,0.701,0.269
857000,0.031,0.685,0.284
857500,0.032,0.709,0.259
858000,0.035,0.726,0.240
858500,0.035,0.738,0.227
859000,0.033,0.745,0.223
859500,0.032,0.742,0.227
860000,0.032,0.756,0.212
860500,0.032,0.757,0.211
861000,0.031,0.730,0.239
861500,0.032,0.744,0.224
862000,0.032,0.740,0.229
862500,0.031,0.745,0.224
863000,0.030,0.743,0.227
863500,0.030,0.742,0.228
864000,0.032,0.741,0.227
864500,0.034,0.744,0.222
865000,0.032,0.738,0.230
865500,0.031,0.752,0.217
866000,0.031,0.757,0.212
866500,0.033,0.744,0.224
867000,0.036,0.745,0.219
867500,0.035,0.752,0.213
868000,0.034,0.742,0.224
868500,0.036,0.740,0.224
869000,0.035,0.746,0.219
869500,0.035,0.726,0.239
870000,0.033,0.718,0.250
870500,0.031,0.727,0.242
871000,0.031,0.735,0.234
871500,0.032,0.749,0.219
872000,0.031,0.768,0.201
872500,0.030,0.759,0.210
873000,0.030,0.783,0.187
873500,0.030,0.767,0.203
874000,0.030,0.764,0.206
874500,0.030,0.752,0.218
875000,0.030,0.747,0.223
875500,0.032,0.746,0.223
876000,0.032,0.755,0.213
876500,0.030,0.762,0.208
877000,0.030,0.780,0.189
877500,0.030,0.782,0.188
878000,0.030,0.794,0.176
878500,0.031,0.780,0.189
879000,0.032,0.786,0.182
879500,0.033,0.781,0.185
880000,0.033,0.788,0.179
880500,0.034,0.775,0.191
881000,0.033,0.769,0.198
881500,0.034,0.757,0.210
882000,0.032,0.771,0.198
882500,0.032,0.773,0.196
883000,0.030,0.793,0.177
883500,0.030,0.789,0.181
884000,0.030,0.777,0.193
884500,0.030,0.777,0.193
885000,0.032,0.762,0.206
885500,0.030,0.751,0.218
886000,0.030,0.762,0.208
886500,0.032,0.772,0.196
887000,0.030,0.783,0.186
887500,0.030,0.778,0.192
888000,0.030,0.780,0.190
888500,0.030,0.802,0.167
889000,0.030,0.807,0.163
889500,0.032,0.801,0.167
890000,0.033,0.785,0.181
890500,0.032,0.786,0.182
891000,0.032,0.777,0.192
891500,0.030,0.746,0.224
892000,0.030,0.761,0.209
892500,0.030,0.764,0.206
893000,0.030,0.748,0.222
893500,0.030,0.750,0.220
894000,0.030,0.771,0.199
894500,0.030,0.788,0.182
895000,0.030,0.791,0.178
895500,0.030,0.770,0.200
896000,0.030,0.767,0.203
896500,0.030,0.758,0.212
897000,0.030,0.760,0.210
897500,0.030,0.752,0.218
898000,0.030,0.772,0.198
898500,0.030,0.782,0.188
899000,0.030,0.770,0.200
899500,0.030,0.765,0.205
900000,0.032,0.751,0.218
900500,0.035,0.753,0.212
901000,0.033,0.740,0.227
901500,0.032,0.722,0.247
902000,0.031,0.713,0.256
902500,0.031,0.728,0.241
903000,0.030,0.742,0.228
903500,0.032,0.722,0.246
904000,0.030,0.713,0.257
904500,0.030,0.723,0.247
905000,0.030,0.728,0.242
905500,0.030,0.711,0.259
906000,0.032,0.714,0.254
906500,0.032,0.744,0.224
907000,0.031,0.765,0.204
907500,0.031,0.778,0.191
908000,0.030,0.760,0.209
908500,0.030,0.746,0.224
909000,0.030,0.758,0.211
909500,0.032,0.769,0.200
910000,0.031,0.766,0.203
910500,0.032,0.759,0.209
911000,0.030,0.771,0.199
911500,0.030,0.763,0.207
912000,0.031,0.753,0.216
912500,0.030,0.755,0.215
913000,0.032,0.774,0.195
913500,0.031,0.755,0.214
914000,0.031,0.738,0.231
914500,0.031,0.730,0.239
915000,0.032,0.727,0.241
915500,0.034,0.745,0.222
916000,0.034,0.744,0.223
916500,0.033,0.748,0.219
917000,0.033,0.753,0.214
917500,0.032,0.740,0.228
918000,0.032,0.733,0.236
918500,0.030,0.745,0.225
919000,0.030,0.744,0.226
919500,0.030,0.742,0.228
920000,0.030,0.738,0.232
920500,0.030,0.745,0.225
921000,0.030,0.747,0.223
921500,0.031,0.750,0.219
922000,0.030,0.755,0.214
922500,0.030,0.737,0.233
923000,0.030,0.742,0.228
923500,0.030,0.744,0.226
924000,0.030,0.756,0.214
924500,0.030,0.760,0.210
925000,0.032,0.745,0.224
925500,0.030,0.766,0.203
926000,0.035,0.765,0.200
926500,0.032,0.774,0.195
927000,0.032,0.779,0.189
927500,0.031,0.762,0.207
928000,0.030,0.756,0.214
928500,0.030,0.783,0.186
929000,0.032,0.788,0.180
929500,0.032,0.791,0.177
930000,0.032,0.777,0.191
930500,0.032,0.794,0.174
931000,0.030,0.809,0.160
931500,0.030,0.800,0.169
932000,0.030,0.777,0.193
932500,0.030,0.773,0.197
933000,0.030,0.762,0.208
933500,0.030,0.751,0.219
934000,0.035,0.766,0.199
934500,0.034,0.773,0.193
935000,0.032,0.790,0.178
935500,0.033,0.792,0.174
936000,0.031,0.786,0.183
936500,0.030,0.792,0.177
937000,0.030,0.789,0.180
937500,0.030,0.782,0.188
938000,0.030,0.781,0.189
938500,0.030,0.782,0.188
939000,0.030,0.780,0.190
939500,0.030,0.790,0.179
940000,0.030,0.781,0.189
940500,0.030,0.788,0.181
941000,0.030,0.769,0.201
941500,0.030,0.777,0.193
942000,0.030,0.765,0.205
942500,0.032,0.764,0.205
943000,0.033,0.769,0.199
943500,0.032,0.776,0.192
944000,0.033,0.798,0.169
944500,0.032,0.799,0.169
945000,0.030,0.801,0.168
945500,0.030,0.809,0.160
946000,0.030,0.812,0.157
946500,0.030,0.807,0.162
947000,0.030,0.790,0.180
947500,0.030,0.790,0.179
948000,0.030,0.784,0.186
948500,0.030,0.783,0.187
949000,0.032,0.795,0.173
949500,0.030,0.801,0.168
950000,0.030,0.799,0.170
950500,0.030,0.804,0.165
951000,0.032,0.814,0.155
951500,0.030,0.803,0.166
952000,0.030,0.808,0.161
952500,0.030,0.797,0.173
953000,0.030,0.811,0.158
953500,0.030,0.812,0.158
954000,0.030,0.807,0.163
954500,0.030,0.778,0.192
955000,0.030,0.785,0.185
955500,0.030,0.767,0.203
956000,0.030,0.778,0.192
956500,0.030,0.786,0.183
957000,0.030,0.796,0.174
957500,0.031,0.778,0.191
958000,0.030,0.774,0.196
958500,0.030,0.774,0.196
959000,0.032,0.777,0.191
959500,0.030,0.778,0.191
960000,0.031,0.788,0.180
960500,0.030,0.772,0.197
961000,0.030,0.759,0.211
961500,0.030,0.746,0.224
962000,0.030,0.759,0.211
962500,0.030,0.778,0.192
963000,0.030,0.761,0.209
963500,0.034,0.749,0.217
964000,0.032,0.748,0.220
964500,0.034,0.753,0.214
965000,0.033,0.745,0.223
965500,0.032,0.751,0.218
966000,0.030,0.758,0.211
966500,0.030,0.753,0.217
967000,0.030,0.751,0.218
967500,0.032,0.782,0.186
968000,0.031,0.791,0.177
968500,0.030,0.793,0.176
969000,0.032,0.766,0.203
969500,0.031,0.763,0.206
970000,0.030,0.763,0.207
970500,0.030,0.750,0.220
971000,0.032,0.753,0.215
971500,0.031,0.744,0.225
972000,0.030,0.724,0.246
972500,0.033,0.736,0.232
973000,0.033,0.735,0.233
973500,0.032,0.731,0.238
974000,0.031,0.731,0.238
974500,0.034,0.714,0.253
975000,0.035,0.697,0.269
975500,0.035,0.686,0.278
976000,0.037,0.680,0.282
976500,0.035,0.676,0.289
977000,0.035,0.699,0.266
977500,0.038,0.683,0.279
978000,0.033,0.678,0.289
978500,0.037,0.696,0.267
979000,0.035,0.708,0.257
979500,0.034,0.729,0.237
980000,0.034,0.733,0.233
980500,0.035,0.741,0.224
981000,0.035,0.751,0.213
981500,0.035,0.742,0.223
982000,0.034,0.723,0.243
982500,0.034,0.712,0.255
983000,0.035,0.730,0.235
983500,0.034,0.733,0.233
984000,0.031,0.727,0.242
984500,0.030,0.752,0.218
985000,0.030,0.746,0.224
985500,0.032,0.765,0.203
986000,0.032,0.753,0.215
986500,0.030,0.763,0.207
987000,0.030,0.769,0.201
987500,0.030,0.766,0.204
988000,0.030,0.762,0.208
988500,0.030,0.749,0.221
989000,0.030,0.752,0.217
989500,0.033,0.743,0.225
990000,0.031,0.745,0.224
990500,0.030,0.765,0.205
991000,0.031,0.738,0.231
991500,0.032,0.742,0.226
992000,0.032,0.721,0.247
992500,0.030,0.717,0.253
993000,0.032,0.727,0.241
993500,0.031,0.721,0.248
994000,0.033,0.738,0.230
994500,0.032,0.727,0.242
995000,0.030,0.715,0.255
995500,0.032,0.716,0.252
996000,0.032,0.739,0.230
996500,0.032,0.730,0.239
997000,0.033,0.719,0.249
997500,0.032,0.740,0.229
998000,0.030,0.735,0.235
998500,0.030,0.726,0.244
999000,0.032,0.750,0.218
999500,0.032,0.763,0.205
1000000,0.032,0.768,0.200
