time,n_A+p,n_B,n_AB
0,0.010,0.990,0.000
500,0.010,0.981,0.009
1000,0.010,0.974,0.016
1500,0.010,0.908,0.082
2000,0.010,0.877,0.114
2500,0.011,0.842,0.147
3000,0.011,0.761,0.228
3500,0.012,0.683,0.305
4000,0.015,0.658,0.327
4500,0.025,0.640,0.335
5000,0.021,0.558,0.421
5500,0.021,0.512,0.467
6000,0.037,0.428,0.535
6500,0.033,0.416,0.552
7000,0.047,0.398,0.556
7500,0.026,0.356,0.618
8000,0.033,0.334,0.633
8500,0.037,0.372,0.591
9000,0.043,0.336,0.620
9500,0.044,0.313,0.643
10000,0.037,0.330,0.633
10500,0.031,0.327,0.641
11000,0.038,0.307,0.655
11500,0.040,0.289,0.671
12000,0.030,0.325,0.645
12500,0.037,0.285,0.679
13000,0.052,0.231,0.717
13500,0.047,0.226,0.727
14000,0.059,0.216,0.725
14500,0.087,0.163,0.750
15000,0.095,0.145,0.760
15500,0.104,0.132,0.764
16000,0.124,0.129,0.747
16500,0.129,0.109,0.763
17000,0.134,0.112,0.753
17500,0.115,0.123,0.761
18000,0.132,0.137,0.732
18500,0.127,0.126,0.747
19000,0.114,0.123,0.763
19500,0.118,0.101,0.781
20000,0.131,0.128,0.741
20500,0.169,0.097,0.735
21000,0.180,0.088,0.732
21500,0.171,0.086,0.744
22000,0.175,0.066,0.758
22500,0.194,0.091,0.714
23000,0.218,0.072,0.710
23500,0.229,0.061,0.711
24000,0.224,0.055,0.721
24500,0.196,0.052,0.753
25000,0.206,0.058,0.736
25500,0.156,0.053,0.791
26000,0.178,0.060,0.762
26500,0.224,0.049,0.727
27000,0.249,0.044,0.708
27500,0.259,0.036,0.705
28000,0.249,0.030,0.721
28500,0.237,0.042,0.720
29000,0.306,0.034,0.661
29500,0.291,0.031,0.678
30000,0.324,0.032,0.644
30500,0.328,0.031,0.640
31000,0.348,0.024,0.627
31500,0.334,0.024,0.641
32000,0.341,0.017,0.642
32500,0.395,0.017,0.588
33000,0.429,0.015,0.556
33500,0.405,0.017,0.577
34000,0.371,0.025,0.604
34500,0.371,0.017,0.612
35000,0.400,0.016,0.584
35500,0.391,0.012,0.597
36000,0.347,0.012,0.641
36500,0.411,0.014,0.575
37000,0.440,0.013,0.547
37500,0.445,0.013,0.541
38000,0.505,0.013,0.481
38500,0.517,0.011,0.471
39000,0.536,0.012,0.453
39500,0.536,0.011,0.453
40000,0.514,0.010,0.476
40500,0.510,0.015,0.476
41000,0.515,0.009,0.476
41500,0.476,0.016,0.508
42000,0.476,0.013,0.510
42500,0.417,0.019,0.564
43000,0.410,0.019,0.571
43500,0.431,0.012,0.558
44000,0.484,0.012,0.504
44500,0.494,0.012,0.494
45000,0.382,0.020,0.597
45500,0.382,0.025,0.593
46000,0.367,0.029,0.605
46500,0.366,0.026,0.608
47000,0.359,0.031,0.610
47500,0.339,0.029,0.632
48000,0.339,0.018,0.643
48500,0.342,0.030,0.627
49000,0.368,0.019,0.613
49500,0.409,0.015,0.576
50000,0.414,0.018,0.568
50500,0.407,0.016,0.577
51000,0.413,0.021,0.566
51500,0.416,0.023,0.561
52000,0.420,0.018,0.562
52500,0.413,0.020,0.567
53000,0.423,0.011,0.566
53500,0.483,0.010,0.507
54000,0.494,0.011,0.495
54500,0.560,0.008,0.432
55000,0.541,0.008,0.452
55500,0.559,0.008,0.433
56000,0.534,0.009,0.458
56500,0.530,0.009,0.462
57000,0.546,0.006,0.448
57500,0.494,0.022,0.484
58000,0.484,0.022,0.494
58500,0.497,0.024,0.480
59000,0.481,0.027,0.492
59500,0.525,0.017,0.458
60000,0.508,0.012,0.480
60500,0.548,0.012,0.441
61000,0.486,0.015,0.499
61500,0.438,0.017,0.545
62000,0.432,0.015,0.552
62500,0.434,0.016,0.551
63000,0.482,0.014,0.504
63500,0.476,0.015,0.509
64000,0.424,0.015,0.561
64500,0.397,0.017,0.586
65000,0.420,0.016,0.565
65500,0.389,0.018,0.593
66000,0.428,0.024,0.548
66500,0.401,0.032,0.567
67000,0.445,0.031,0.524
67500,0.466,0.019,0.516
68000,0.498,0.015,0.487
68500,0.496,0.024,0.480
69000,0.475,0.022,0.503
69500,0.516,0.030,0.455
70000,0.443,0.016,0.541
70500,0.472,0.009,0.519
71000,0.508,0.009,0.483
71500,0.532,0.007,0.461
72000,0.552,0.005,0.442
72500,0.510,0.012,0.478
73000,0.537,0.010,0.453
73500,0.526,0.008,0.466
74000,0.497,0.008,0.495
74500,0.437,0.006,0.557
75000,0.526,0.008,0.467
75500,0.474,0.012,0.514
76000,0.467,0.015,0.517
76500,0.502,0.014,0.484
77000,0.515,0.011,0.474
77500,0.533,0.012,0.455
78000,0.510,0.020,0.470
78500,0.516,0.013,0.470
79000,0.524,0.010,0.465
79500,0.503,0.010,0.487
80000,0.526,0.007,0.467
80500,0.513,0.008,0.479
81000,0.529,0.009,0.462
81500,0.486,0.009,0.505
82000,0.456,0.009,0.536
82500,0.502,0.008,0.491
83000,0.473,0.008,0.519
83500,0.441,0.006,0.553
84000,0.428,0.017,0.555
84500,0.448,0.012,0.540
85000,0.464,0.013,0.523
85500,0.512,0.009,0.479
86000,0.534,0.009,0.458
86500,0.517,0.007,0.476
87000,0.547,0.007,0.446
87500,0.551,0.009,0.440
88000,0.494,0.012,0.494
88500,0.514,0.016,0.470
89000,0.563,0.013,0.424
89500,0.510,0.014,0.476
90000,0.440,0.015,0.545
90500,0.471,0.009,0.520
91000,0.458,0.010,0.532
91500,0.485,0.010,0.504
92000,0.449,0.026,0.526
92500,0.420,0.021,0.559
93000,0.466,0.019,0.516
93500,0.485,0.012,0.503
94000,0.491,0.008,0.501
94500,0.499,0.010,0.491
95000,0.487,0.010,0.502
95500,0.463,0.010,0.526
96000,0.442,0.020,0.538
96500,0.410,0.013,0.577
97000,0.385,0.023,0.592
97500,0.371,0.024,0.604
98000,0.421,0.016,0.563
98500,0.414,0.016,0.569
99000,0.447,0.015,0.538
99500,0.449,0.011,0.540
100000,0.431,0.009,0.559
100500,0.429,0.012,0.559
101000,0.424,0.011,0.565
101500,0.390,0.013,0.597
102000,0.414,0.009,0.577
102500,0.404,0.009,0.587
103000,0.338,0.013,0.650
103500,0.295,0.017,0.687
104000,0.313,0.019,0.668
104500,0.347,0.017,0.636
105000,0.318,0.013,0.669
105500,0.381,0.012,0.607
106000,0.380,0.011,0.609
106500,0.391,0.013,0.596
107000,0.432,0.013,0.555
107500,0.369,0.020,0.611
108000,0.347,0.025,0.627
108500,0.356,0.020,0.624
109000,0.334,0.033,0.633
109500,0.319,0.032,0.649
110000,0.237,0.059,0.704
110500,0.251,0.052,0.697
111000,0.251,0.058,0.691
111500,0.304,0.058,0.638
112000,0.265,0.046,0.689
112500,0.318,0.028,0.654
113000,0.358,0.025,0.617
113500,0.327,0.023,0.651
114000,0.325,0.023,0.652
114500,0.367,0.015,0.618
115000,0.412,0.007,0.581
115500,0.432,0.014,0.554
116000,0.401,0.016,0.583
116500,0.417,0.016,0.567
117000,0.419,0.017,0.564
117500,0.440,0.010,0.549
118000,0.441,0.015,0.545
118500,0.505,0.011,0.484
119000,0.463,0.011,0.526
119500,0.456,0.011,0.533
120000,0.466,0.012,0.522
120500,0.402,0.023,0.576
121000,0.488,0.013,0.499
121500,0.495,0.009,0.495
122000,0.528,0.008,0.464
122500,0.525,0.008,0.467
123000,0.540,0.006,0.455
123500,0.500,0.009,0.491
124000,0.527,0.006,0.466
124500,0.579,0.006,0.416
125000,0.529,0.006,0.466
125500,0.533,0.012,0.455
126000,0.573,0.009,0.418
126500,0.607,0.007,0.386
127000,0.619,0.006,0.375
127500,0.593,0.007,0.400
128000,0.536,0.012,0.452
128500,0.517,0.009,0.473
129000,0.485,0.012,0.503
129500,0.456,0.016,0.529
130000,0.459,0.010,0.531
130500,0.450,0.013,0.537
131000,0.421,0.017,0.562
131500,0.425,0.017,0.558
132000,0.436,0.024,0.540
132500,0.474,0.017,0.508
133000,0.542,0.019,0.438
133500,0.503,0.012,0.485
134000,0.495,0.017,0.487
134500,0.461,0.018,0.521
135000,0.430,0.033,0.537
135500,0.448,0.036,0.516
136000,0.460,0.037,0.503
136500,0.470,0.019,0.510
137000,0.466,0.017,0.517
137500,0.487,0.012,0.501
138000,0.486,0.013,0.501
138500,0.512,0.016,0.471
139000,0.529,0.012,0.459
139500,0.487,0.008,0.505
140000,0.478,0.013,0.508
140500,0.487,0.015,0.498
141000,0.446,0.024,0.530
141500,0.457,0.020,0.523
142000,0.419,0.034,0.547
142500,0.402,0.026,0.572
143000,0.413,0.022,0.565
143500,0.424,0.026,0.550
144000,0.414,0.029,0.556
144500,0.431,0.026,0.544
145000,0.456,0.017,0.526
145500,0.380,0.020,0.600
146000,0.405,0.019,0.576
146500,0.384,0.019,0.598
147000,0.338,0.029,0.633
147500,0.374,0.026,0.600
148000,0.369,0.030,0.601
148500,0.367,0.028,0.605
149000,0.350,0.033,0.617
149500,0.366,0.031,0.603
150000,0.347,0.044,0.609
150500,0.339,0.041,0.620
151000,0.346,0.036,0.618
151500,0.377,0.029,0.594
152000,0.392,0.023,0.585
152500,0.403,0.025,0.572
153000,0.341,0.023,0.636
153500,0.336,0.046,0.618
154000,0.378,0.031,0.591
154500,0.328,0.029,0.643
155000,0.405,0.022,0.573
155500,0.373,0.016,0.611
156000,0.402,0.021,0.577
156500,0.394,0.017,0.588
157000,0.379,0.013,0.608
157500,0.335,0.017,0.648
158000,0.373,0.030,0.597
158500,0.395,0.020,0.584
159000,0.438,0.017,0.544
159500,0.561,0.013,0.426
160000,0.583,0.010,0.407
160500,0.557,0.010,0.432
161000,0.487,0.014,0.499
161500,0.475,0.012,0.513
162000,0.407,0.011,0.581
162500,0.387,0.012,0.601
163000,0.398,0.016,0.586
163500,0.444,0.013,0.544
164000,0.466,0.016,0.517
164500,0.429,0.014,0.557
165000,0.393,0.016,0.591
165500,0.363,0.015,0.622
166000,0.370,0.012,0.618
166500,0.332,0.019,0.649
167000,0.378,0.013,0.608
167500,0.438,0.010,0.552
168000,0.390,0.013,0.597
168500,0.433,0.016,0.551
169000,0.386,0.017,0.597
169500,0.392,0.018,0.590
170000,0.424,0.017,0.558
170500,0.462,0.008,0.530
171000,0.466,0.011,0.523
171500,0.441,0.016,0.542
172000,0.483,0.015,0.502
172500,0.419,0.012,0.569
173000,0.485,0.009,0.505
173500,0.483,0.016,0.501
174000,0.512,0.017,0.471
174500,0.562,0.009,0.428
175000,0.564,0.005,0.431
175500,0.524,0.006,0.469
176000,0.519,0.019,0.463
176500,0.513,0.013,0.473
177000,0.554,0.011,0.435
177500,0.584,0.009,0.406
178000,0.533,0.008,0.459
178500,0.582,0.008,0.410
179000,0.577,0.008,0.415
179500,0.551,0.012,0.437
180000,0.552,0.012,0.436
180500,0.573,0.012,0.416
181000,0.548,0.008,0.444
181500,0.583,0.010,0.407
182000,0.537,0.011,0.452
182500,0.510,0.012,0.477
183000,0.495,0.009,0.497
183500,0.470,0.015,0.516
184000,0.422,0.012,0.566
184500,0.443,0.013,0.544
185000,0.453,0.012,0.535
185500,0.494,0.012,0.495
186000,0.466,0.010,0.524
186500,0.492,0.008,0.500
187000,0.468,0.009,0.523
187500,0.455,0.012,0.534
188000,0.396,0.016,0.587
188500,0.335,0.021,0.644
189000,0.348,0.019,0.633
189500,0.330,0.034,0.636
190000,0.352,0.028,0.620
190500,0.370,0.029,0.601
191000,0.303,0.034,0.663
191500,0.383,0.017,0.600
192000,0.388,0.017,0.594
192500,0.393,0.009,0.597
193000,0.400,0.010,0.589
193500,0.468,0.010,0.522
194000,0.503,0.007,0.490
194500,0.474,0.010,0.515
195000,0.529,0.008,0.463
195500,0.502,0.005,0.492
196000,0.478,0.007,0.515
196500,0.532,0.004,0.464
197000,0.478,0.003,0.518
197500,0.458,0.009,0.533
198000,0.454,0.010,0.536
198500,0.408,0.016,0.576
199000,0.418,0.009,0.573
199500,0.441,0.010,0.549
200000,0.428,0.005,0.568
200500,0.445,0.006,0.548
201000,0.421,0.012,0.568
201500,0.439,0.013,0.548
202000,0.419,0.020,0.561
202500,0.365,0.016,0.619
203000,0.413,0.012,0.575
203500,0.417,0.011,0.572
204000,0.423,0.009,0.568
204500,0.391,0.016,0.593
205000,0.366,0.023,0.612
205500,0.352,0.024,0.624
206000,0.418,0.015,0.568
206500,0.446,0.017,0.537
207000,0.488,0.013,0.499
207500,0.445,0.015,0.541
208000,0.437,0.007,0.556
208500,0.441,0.003,0.555
209000,0.376,0.010,0.614
209500,0.344,0.011,0.645
210000,0.334,0.019,0.648
210500,0.371,0.010,0.619
211000,0.399,0.011,0.590
211500,0.390,0.008,0.602
212000,0.431,0.011,0.558
212500,0.445,0.010,0.545
213000,0.471,0.012,0.517
213500,0.441,0.012,0.548
214000,0.431,0.008,0.562
214500,0.393,0.015,0.592
215000,0.443,0.008,0.549
215500,0.395,0.015,0.590
216000,0.422,0.013,0.565
216500,0.328,0.040,0.632
217000,0.381,0.016,0.602
217500,0.328,0.022,0.650
218000,0.427,0.013,0.559
218500,0.508,0.006,0.486
219000,0.483,0.007,0.510
219500,0.505,0.008,0.487
220000,0.529,0.005,0.466
220500,0.516,0.004,0.480
221000,0.505,0.006,0.488
221500,0.537,0.006,0.457
222000,0.481,0.008,0.511
222500,0.484,0.012,0.504
223000,0.463,0.009,0.529
223500,0.464,0.007,0.529
224000,0.462,0.020,0.519
224500,0.470,0.017,0.513
225000,0.413,0.023,0.564
225500,0.350,0.020,0.629
226000,0.361,0.019,0.620
226500,0.375,0.013,0.612
227000,0.414,0.010,0.576
227500,0.464,0.010,0.525
228000,0.388,0.012,0.600
228500,0.433,0.011,0.556
229000,0.416,0.009,0.575
229500,0.450,0.010,0.540
230000,0.442,0.010,0.548
230500,0.401,0.018,0.581
231000,0.432,0.009,0.558
231500,0.435,0.009,0.556
232000,0.445,0.012,0.544
232500,0.396,0.023,0.581
233000,0.488,0.013,0.499
233500,0.490,0.014,0.496
234000,0.450,0.013,0.537
234500,0.405,0.013,0.583
235000,0.492,0.009,0.499
235500,0.502,0.011,0.487
236000,0.513,0.006,0.481
236500,0.460,0.013,0.527
237000,0.451,0.017,0.533
237500,0.459,0.012,0.529
238000,0.450,0.016,0.534
238500,0.475,0.011,0.514
239000,0.510,0.010,0.480
239500,0.435,0.008,0.556
240000,0.394,0.017,0.589
240500,0.393,0.020,0.587
241000,0.374,0.020,0.606
241500,0.386,0.011,0.602
242000,0.435,0.013,0.552
242500,0.373,0.011,0.616
243000,0.380,0.012,0.608
243500,0.369,0.012,0.619
244000,0.393,0.015,0.592
244500,0.396,0.012,0.592
245000,0.420,0.010,0.569
245500,0.455,0.009,0.537
246000,0.437,0.013,0.550
246500,0.417,0.016,0.567
247000,0.471,0.015,0.515
247500,0.444,0.019,0.537
248000,0.441,0.009,0.550
248500,0.444,0.008,0.548
249000,0.491,0.008,0.501
249500,0.541,0.011,0.448
250000,0.512,0.009,0.479
250500,0.551,0.006,0.442
251000,0.594,0.005,0.401
251500,0.588,0.006,0.406
252000,0.573,0.005,0.422
252500,0.559,0.006,0.435
253000,0.534,0.004,0.462
253500,0.497,0.004,0.499
254000,0.490,0.007,0.503
254500,0.507,0.006,0.487
255000,0.516,0.006,0.477
255500,0.565,0.006,0.429
256000,0.511,0.007,0.482
256500,0.472,0.013,0.515
257000,0.491,0.009,0.501
257500,0.541,0.005,0.455
258000,0.593,0.004,0.403
258500,0.526,0.007,0.467
259000,0.471,0.009,0.520
259500,0.434,0.012,0.554
260000,0.420,0.022,0.559
260500,0.413,0.019,0.569
261000,0.373,0.016,0.611
261500,0.359,0.010,0.631
262000,0.350,0.012,0.638
262500,0.348,0.016,0.636
263000,0.380,0.014,0.607
263500,0.406,0.016,0.579
264000,0.349,0.015,0.636
264500,0.337,0.015,0.648
265000,0.359,0.022,0.619
265500,0.387,0.017,0.595
266000,0.393,0.012,0.594
266500,0.385,0.010,0.605
267000,0.398,0.008,0.595
267500,0.405,0.010,0.586
268000,0.402,0.009,0.588
268500,0.498,0.012,0.490
269000,0.537,0.006,0.456
269500,0.530,0.007,0.463
270000,0.493,0.010,0.497
270500,0.489,0.009,0.502
271000,0.510,0.006,0.484
271500,0.594,0.004,0.402
272000,0.569,0.006,0.425
272500,0.539,0.004,0.457
273000,0.495,0.007,0.498
273500,0.506,0.006,0.488
274000,0.497,0.003,0.500
274500,0.503,0.003,0.494
275000,0.479,0.005,0.516
275500,0.502,0.007,0.491
276000,0.508,0.010,0.481
276500,0.485,0.012,0.502
277000,0.534,0.009,0.456
277500,0.587,0.005,0.409
278000,0.575,0.003,0.423
278500,0.536,0.005,0.460
279000,0.595,0.005,0.400
279500,0.525,0.008,0.467
280000,0.542,0.005,0.453
280500,0.558,0.006,0.436
281000,0.526,0.003,0.471
281500,0.556,0.003,0.441
282000,0.571,0.002,0.427
282500,0.522,0.007,0.471
283000,0.489,0.020,0.491
283500,0.470,0.019,0.511
284000,0.477,0.023,0.501
284500,0.437,0.023,0.540
285000,0.412,0.023,0.565
285500,0.409,0.018,0.573
286000,0.386,0.012,0.601
286500,0.350,0.024,0.626
287000,0.365,0.028,0.607
287500,0.343,0.027,0.630
288000,0.349,0.024,0.626
288500,0.362,0.022,0.616
289000,0.330,0.024,0.646
289500,0.303,0.036,0.661
290000,0.307,0.047,0.646
290500,0.322,0.040,0.639
291000,0.296,0.043,0.661
291500,0.333,0.045,0.622
292000,0.252,0.058,0.690
292500,0.296,0.034,0.669
293000,0.272,0.041,0.687
293500,0.275,0.031,0.694
294000,0.304,0.022,0.673
294500,0.333,0.020,0.647
295000,0.320,0.031,0.649
295500,0.385,0.016,0.599
296000,0.436,0.012,0.552
296500,0.416,0.014,0.570
297000,0.462,0.012,0.527
297500,0.433,0.015,0.552
298000,0.522,0.006,0.471
298500,0.512,0.005,0.483
299000,0.480,0.004,0.516
299500,0.498,0.006,0.496
300000,0.513,0.007,0.480
300500,0.483,0.010,0.506
301000,0.460,0.015,0.524
301500,0.452,0.013,0.534
302000,0.414,0.019,0.567
302500,0.456,0.015,0.529
303000,0.423,0.012,0.565
303500,0.386,0.014,0.600
304000,0.346,0.018,0.636
304500,0.395,0.018,0.587
305000,0.398,0.016,0.586
305500,0.395,0.013,0.592
306000,0.367,0.016,0.618
306500,0.354,0.012,0.634
307000,0.396,0.012,0.592
307500,0.389,0.013,0.598
308000,0.450,0.011,0.539
308500,0.476,0.009,0.515
309000,0.471,0.007,0.522
309500,0.467,0.011,0.522
310000,0.451,0.010,0.538
310500,0.522,0.012,0.466
311000,0.508,0.010,0.481
311500,0.459,0.005,0.537
312000,0.501,0.006,0.493
312500,0.524,0.008,0.468
313000,0.470,0.009,0.522
313500,0.381,0.005,0.614
314000,0.382,0.007,0.611
314500,0.436,0.011,0.553
315000,0.445,0.014,0.541
315500,0.427,0.022,0.552
316000,0.441,0.011,0.548
316500,0.449,0.015,0.536
317000,0.409,0.013,0.577
317500,0.404,0.022,0.574
318000,0.470,0.015,0.515
318500,0.485,0.031,0.483
319000,0.490,0.027,0.483
319500,0.490,0.020,0.490
320000,0.516,0.020,0.464
320500,0.473,0.032,0.495
321000,0.455,0.037,0.508
321500,0.487,0.030,0.483
322000,0.487,0.031,0.481
322500,0.494,0.027,0.478
323000,0.514,0.022,0.464
323500,0.507,0.020,0.473
324000,0.549,0.023,0.428
324500,0.518,0.015,0.467
325000,0.546,0.016,0.438
325500,0.576,0.013,0.410
326000,0.540,0.010,0.451
326500,0.504,0.013,0.483
327000,0.502,0.017,0.481
327500,0.554,0.009,0.437
328000,0.527,0.013,0.460
328500,0.476,0.008,0.516
329000,0.429,0.009,0.562
329500,0.412,0.017,0.572
330000,0.402,0.016,0.582
330500,0.435,0.013,0.551
331000,0.485,0.017,0.497
331500,0.456,0.013,0.531
332000,0.479,0.012,0.509
332500,0.449,0.014,0.537
333000,0.401,0.017,0.582
333500,0.440,0.016,0.544
334000,0.425,0.016,0.559
334500,0.432,0.021,0.547
335000,0.413,0.017,0.570
335500,0.378,0.015,0.607
336000,0.360,0.031,0.609
336500,0.408,0.017,0.575
337000,0.381,0.009,0.609
337500,0.382,0.013,0.604
338000,0.400,0.013,0.586
338500,0.347,0.006,0.646
339000,0.349,0.011,0.640
339500,0.338,0.009,0.653
340000,0.398,0.017,0.586
340500,0.444,0.013,0.543
341000,0.432,0.010,0.557
341500,0.496,0.005,0.499
342000,0.491,0.007,0.502
342500,0.514,0.005,0.481
343000,0.471,0.006,0.523
343500,0.523,0.006,0.470
344000,0.552,0.006,0.442
344500,0.577,0.008,0.416
345000,0.530,0.009,0.461
345500,0.520,0.010,0.470
346000,0.453,0.016,0.530
346500,0.522,0.006,0.472
347000,0.508,0.008,0.485
347500,0.527,0.010,0.463
348000,0.493,0.007,0.500
348500,0.490,0.012,0.498
349000,0.472,0.016,0.512
349500,0.446,0.011,0.543
350000,0.471,0.011,0.517
350500,0.468,0.010,0.522
351000,0.515,0.009,0.477
351500,0.470,0.012,0.518
352000,0.453,0.007,0.540
352500,0.477,0.005,0.519
353000,0.502,0.010,0.488
353500,0.510,0.006,0.483
354000,0.516,0.009,0.474
354500,0.456,0.012,0.531
355000,0.434,0.029,0.537
355500,0.427,0.019,0.554
356000,0.391,0.016,0.593
356500,0.431,0.015,0.555
357000,0.384,0.012,0.604
357500,0.351,0.009,0.640
358000,0.352,0.016,0.632
358500,0.351,0.023,0.626
359000,0.356,0.010,0.634
359500,0.359,0.019,0.622
360000,0.383,0.014,0.603
360500,0.381,0.015,0.604
361000,0.332,0.022,0.646
361500,0.369,0.017,0.614
362000,0.389,0.022,0.590
362500,0.389,0.015,0.597
363000,0.382,0.019,0.599
363500,0.320,0.022,0.658
364000,0.283,0.023,0.694
364500,0.356,0.025,0.619
365000,0.379,0.014,0.607
365500,0.381,0.009,0.610
366000,0.422,0.008,0.570
366500,0.419,0.008,0.573
367000,0.434,0.009,0.557
367500,0.431,0.008,0.562
368000,0.474,0.016,0.510
368500,0.440,0.017,0.543
369000,0.393,0.013,0.593
369500,0.389,0.023,0.588
370000,0.513,0.008,0.480
370500,0.525,0.006,0.469
371000,0.486,0.008,0.506
371500,0.490,0.004,0.506
372000,0.503,0.011,0.486
372500,0.408,0.011,0.581
373000,0.421,0.010,0.569
373500,0.401,0.009,0.590
374000,0.357,0.016,0.627
374500,0.400,0.013,0.587
375000,0.402,0.014,0.584
375500,0.412,0.010,0.578
376000,0.413,0.010,0.577
376500,0.466,0.006,0.527
377000,0.462,0.012,0.527
377500,0.492,0.010,0.498
378000,0.417,0.019,0.563
378500,0.428,0.015,0.557
379000,0.411,0.012,0.577
379500,0.448,0.016,0.537
380000,0.352,0.023,0.625
380500,0.389,0.020,0.591
381000,0.396,0.020,0.584
381500,0.421,0.013,0.566
382000,0.477,0.010,0.513
382500,0.468,0.010,0.522
383000,0.453,0.012,0.534
383500,0.460,0.017,0.522
384000,0.442,0.012,0.545
384500,0.429,0.024,0.547
385000,0.398,0.018,0.584
385500,0.400,0.019,0.581
386000,0.393,0.017,0.590
386500,0.441,0.010,0.549
387000,0.459,0.012,0.530
387500,0.450,0.013,0.537
388000,0.412,0.023,0.565
388500,0.413,0.020,0.568
389000,0.399,0.018,0.583
389500,0.435,0.017,0.548
390000,0.476,0.015,0.510
390500,0.502,0.012,0.485
391000,0.452,0.010,0.538
391500,0.419,0.013,0.568
392000,0.399,0.008,0.593
392500,0.377,0.012,0.611
393000,0.416,0.017,0.568
393500,0.404,0.014,0.582
394000,0.431,0.015,0.555
394500,0.498,0.012,0.490
395000,0.487,0.010,0.503
395500,0.524,0.006,0.470
396000,0.520,0.004,0.476
396500,0.497,0.008,0.496
397000,0.501,0.009,0.490
397500,0.534,0.009,0.457
398000,0.526,0.009,0.465
398500,0.533,0.009,0.458
399000,0.517,0.008,0.475
399500,0.485,0.008,0.507
400000,0.485,0.005,0.510
400500,0.477,0.008,0.515
401000,0.495,0.006,0.498
401500,0.451,0.009,0.540
402000,0.441,0.010,0.549
402500,0.405,0.011,0.584
403000,0.395,0.015,0.590
403500,0.357,0.021,0.622
404000,0.403,0.013,0.583
404500,0.373,0.012,0.616
405000,0.409,0.012,0.580
405500,0.470,0.009,0.521
406000,0.452,0.008,0.540
406500,0.445,0.006,0.549
407000,0.471,0.006,0.523
407500,0.430,0.010,0.559
408000,0.442,0.015,0.544
408500,0.440,0.013,0.547
409000,0.421,0.017,0.562
409500,0.467,0.010,0.523
410000,0.494,0.011,0.495
410500,0.544,0.009,0.447
411000,0.551,0.011,0.438
411500,0.548,0.011,0.441
412000,0.503,0.012,0.485
412500,0.449,0.012,0.538
413000,0.398,0.013,0.588
413500,0.421,0.016,0.563
414000,0.378,0.017,0.605
414500,0.402,0.012,0.586
415000,0.409,0.019,0.572
415500,0.430,0.014,0.556
416000,0.420,0.012,0.568
416500,0.462,0.022,0.516
417000,0.453,0.015,0.531
417500,0.396,0.013,0.591
418000,0.400,0.019,0.581
418500,0.432,0.010,0.557
419000,0.432,0.010,0.558
419500,0.453,0.012,0.535
420000,0.453,0.010,0.536
420500,0.488,0.014,0.498
421000,0.449,0.013,0.538
421500,0.445,0.016,0.538
422000,0.419,0.016,0.565
422500,0.383,0.013,0.604
423000,0.341,0.013,0.646
423500,0.364,0.016,0.620
424000,0.386,0.017,0.597
424500,0.398,0.013,0.589
425000,0.428,0.017,0.555
425500,0.412,0.013,0.575
426000,0.417,0.013,0.569
426500,0.428,0.012,0.560
427000,0.373,0.013,0.615
427500,0.376,0.013,0.611
428000,0.379,0.014,0.607
428500,0.350,0.018,0.632
429000,0.359,0.023,0.618
429500,0.460,0.017,0.522
430000,0.423,0.011,0.566
430500,0.387,0.020,0.593
431000,0.360,0.021,0.619
431500,0.407,0.014,0.579
432000,0.368,0.018,0.614
432500,0.391,0.022,0.587
433000,0.409,0.012,0.579
433500,0.414,0.013,0.573
434000,0.409,0.011,0.580
434500,0.384,0.013,0.604
435000,0.380,0.013,0.607
435500,0.384,0.012,0.604
436000,0.400,0.019,0.581
436500,0.424,0.015,0.562
437000,0.445,0.013,0.542
437500,0.464,0.009,0.527
438000,0.482,0.008,0.510
438500,0.473,0.009,0.518
439000,0.454,0.009,0.537
439500,0.456,0.017,0.526
440000,0.457,0.011,0.532
440500,0.476,0.010,0.514
441000,0.428,0.010,0.562
441500,0.402,0.020,0.578
442000,0.492,0.010,0.498
442500,0.479,0.008,0.513
443000,0.461,0.013,0.526
443500,0.469,0.013,0.517
444000,0.458,0.009,0.533
444500,0.399,0.019,0.582
445000,0.362,0.015,0.623
445500,0.388,0.015,0.597
446000,0.406,0.010,0.583
446500,0.448,0.012,0.540
447000,0.458,0.018,0.524
447500,0.427,0.026,0.547
448000,0.440,0.011,0.549
448500,0.433,0.012,0.555
449000,0.481,0.010,0.509
449500,0.439,0.013,0.548
450000,0.477,0.011,0.512
450500,0.475,0.009,0.516
451000,0.436,0.010,0.554
451500,0.393,0.018,0.588
452000,0.442,0.015,0.543
452500,0.450,0.016,0.534
453000,0.450,0.016,0.534
453500,0.455,0.008,0.538
454000,0.469,0.008,0.523
454500,0.445,0.012,0.542
455000,0.437,0.010,0.553
455500,0.444,0.010,0.546
456000,0.476,0.008,0.516
456500,0.484,0.007,0.509
457000,0.469,0.015,0.516
457500,0.426,0.019,0.555
458000,0.443,0.008,0.549
458500,0.464,0.010,0.526
459000,0.429,0.013,0.558
459500,0.462,0.015,0.523
460000,0.397,0.013,0.590
460500,0.428,0.013,0.559
461000,0.386,0.010,0.603
461500,0.352,0.020,0.628
462000,0.380,0.013,0.607
462500,0.376,0.011,0.613
463000,0.331,0.006,0.663
463500,0.363,0.014,0.623
464000,0.360,0.017,0.623
464500,0.448,0.008,0.544
465000,0.436,0.012,0.552
465500,0.455,0.010,0.536
466000,0.470,0.008,0.523
466500,0.440,0.009,0.551
467000,0.509,0.008,0.484
467500,0.454,0.004,0.542
468000,0.432,0.006,0.562
468500,0.398,0.016,0.586
469000,0.395,0.019,0.586
469500,0.344,0.016,0.640
470000,0.425,0.015,0.561
470500,0.460,0.006,0.534
471000,0.493,0.006,0.501
471500,0.502,0.010,0.487
472000,0.477,0.009,0.515
472500,0.466,0.010,0.524
473000,0.510,0.015,0.474
473500,0.475,0.006,0.519
474000,0.488,0.006,0.506
474500,0.488,0.006,0.506
475000,0.527,0.005,0.468
475500,0.519,0.006,0.475
476000,0.506,0.009,0.484
476500,0.461,0.008,0.531
477000,0.546,0.003,0.451
477500,0.480,0.008,0.512
478000,0.471,0.010,0.519
478500,0.438,0.005,0.557
479000,0.425,0.015,0.560
479500,0.434,0.011,0.555
480000,0.440,0.007,0.553
480500,0.411,0.005,0.584
481000,0.453,0.010,0.537
481500,0.480,0.008,0.512
482000,0.479,0.009,0.512
482500,0.471,0.009,0.519
483000,0.448,0.009,0.544
483500,0.412,0.015,0.573
484000,0.448,0.012,0.540
484500,0.437,0.015,0.549
485000,0.516,0.006,0.478
485500,0.501,0.005,0.494
486000,0.507,0.012,0.481
486500,0.509,0.006,0.485
487000,0.495,0.009,0.496
487500,0.513,0.006,0.481
488000,0.474,0.006,0.519
488500,0.449,0.005,0.546
489000,0.430,0.011,0.559
489500,0.448,0.014,0.538
490000,0.399,0.016,0.585
490500,0.452,0.010,0.537
491000,0.425,0.015,0.559
491500,0.427,0.011,0.562
492000,0.466,0.007,0.527
492500,0.502,0.010,0.488
493000,0.515,0.008,0.477
493500,0.503,0.006,0.490
494000,0.506,0.004,0.490
494500,0.490,0.006,0.505
495000,0.447,0.007,0.546
495500,0.526,0.005,0.469
496000,0.473,0.002,0.526
496500,0.541,0.001,0.458
497000,0.490,0.005,0.505
497500,0.552,0.002,0.446
498000,0.500,0.004,0.496
498500,0.489,0.003,0.508
499000,0.524,0.004,0.472
499500,0.517,0.003,0.480
500000,0.521,0.003,0.476
500500,0.483,0.008,0.509
501000,0.514,0.010,0.476
501500,0.524,0.005,0.471
502000,0.514,0.005,0.481
502500,0.502,0.008,0.490
503000,0.508,0.009,0.483
503500,0.463,0.006,0.530
504000,0.488,0.007,0.505
504500,0.409,0.009,0.583
505000,0.438,0.013,0.548
505500,0.437,0.008,0.555
506000,0.488,0.005,0.507
506500,0.462,0.005,0.533
507000,0.499,0.008,0.492
507500,0.460,0.012,0.527
508000,0.398,0.030,0.572
508500,0.404,0.031,0.565
509000,0.432,0.023,0.545
509500,0.450,0.019,0.531
510000,0.403,0.021,0.576
510500,0.413,0.019,0.568
511000,0.420,0.006,0.574
511500,0.446,0.006,0.548
512000,0.441,0.014,0.545
512500,0.488,0.007,0.505
513000,0.438,0.006,0.556
513500,0.431,0.016,0.553
514000,0.458,0.005,0.537
514500,0.460,0.013,0.526
515000,0.456,0.008,0.536
515500,0.461,0.006,0.533
516000,0.478,0.008,0.514
516500,0.515,0.004,0.481
517000,0.490,0.002,0.508
517500,0.485,0.003,0.511
518000,0.473,0.009,0.519
518500,0.502,0.011,0.487
519000,0.448,0.009,0.544
519500,0.448,0.015,0.538
520000,0.444,0.015,0.541
520500,0.424,0.013,0.563
521000,0.381,0.010,0.609
521500,0.431,0.012,0.558
522000,0.459,0.009,0.533
522500,0.420,0.012,0.568
523000,0.469,0.010,0.521
523500,0.441,0.012,0.548
524000,0.430,0.012,0.559
524500,0.412,0.009,0.579
525000,0.413,0.013,0.575
525500,0.377,0.015,0.608
526000,0.409,0.009,0.582
526500,0.461,0.009,0.530
527000,0.504,0.009,0.487
527500,0.459,0.008,0.533
528000,0.449,0.009,0.541
528500,0.449,0.012,0.540
529000,0.447,0.009,0.544
529500,0.468,0.009,0.523
530000,0.509,0.010,0.481
530500,0.506,0.005,0.488
531000,0.522,0.005,0.474
531500,0.568,0.005,0.427
532000,0.530,0.006,0.464
532500,0.553,0.006,0.441
533000,0.498,0.015,0.487
533500,0.476,0.012,0.512
534000,0.425,0.008,0.567
534500,0.452,0.005,0.544
535000,0.420,0.009,0.571
535500,0.505,0.013,0.483
536000,0.510,0.008,0.481
536500,0.477,0.010,0.513
537000,0.416,0.012,0.573
537500,0.492,0.006,0.502
538000,0.505,0.006,0.489
538500,0.442,0.007,0.551
539000,0.406,0.005,0.588
539500,0.388,0.013,0.599
540000,0.378,0.009,0.612
540500,0.419,0.006,0.575
541000,0.504,0.012,0.484
541500,0.489,0.005,0.506
542000,0.485,0.013,0.502
542500,0.494,0.004,0.502
543000,0.451,0.009,0.540
543500,0.407,0.009,0.584
544000,0.378,0.012,0.610
544500,0.387,0.016,0.597
545000,0.377,0.028,0.595
545500,0.410,0.038,0.551
546000,0.371,0.027,0.602
546500,0.329,0.024,0.647
547000,0.352,0.016,0.632
547500,0.413,0.012,0.575
548000,0.400,0.009,0.591
548500,0.431,0.012,0.556
549000,0.457,0.014,0.529
549500,0.394,0.012,0.594
550000,0.407,0.018,0.575
550500,0.356,0.028,0.616
551000,0.328,0.026,0.646
551500,0.354,0.051,0.595
552000,0.359,0.019,0.622
552500,0.403,0.018,0.579
553000,0.359,0.023,0.618
553500,0.347,0.024,0.629
554000,0.409,0.022,0.569
554500,0.401,0.023,0.576
555000,0.364,0.025,0.611
555500,0.360,0.027,0.613
556000,0.341,0.024,0.635
556500,0.313,0.022,0.665
557000,0.331,0.026,0.644
557500,0.310,0.036,0.655
558000,0.352,0.031,0.617
558500,0.379,0.017,0.604
559000,0.335,0.017,0.648
559500,0.357,0.023,0.620
560000,0.396,0.015,0.589
560500,0.403,0.010,0.587
561000,0.461,0.012,0.527
561500,0.451,0.018,0.531
562000,0.454,0.014,0.532
562500,0.446,0.012,0.541
563000,0.414,0.015,0.571
563500,0.439,0.010,0.551
564000,0.451,0.012,0.537
564500,0.458,0.011,0.531
565000,0.414,0.016,0.570
565500,0.430,0.013,0.558
566000,0.466,0.007,0.527
566500,0.490,0.006,0.504
567000,0.368,0.022,0.610
567500,0.384,0.016,0.600
568000,0.417,0.016,0.566
568500,0.426,0.015,0.559
569000,0.465,0.007,0.528
569500,0.472,0.011,0.517
570000,0.522,0.010,0.469
570500,0.498,0.007,0.495
571000,0.485,0.002,0.513
571500,0.468,0.005,0.527
572000,0.460,0.013,0.527
572500,0.450,0.010,0.540
573000,0.459,0.014,0.527
573500,0.491,0.011,0.498
574000,0.422,0.015,0.563
574500,0.505,0.019,0.476
575000,0.524,0.020,0.455
575500,0.509,0.013,0.478
576000,0.501,0.013,0.487
576500,0.450,0.010,0.540
577000,0.469,0.013,0.518
577500,0.469,0.011,0.520
578000,0.446,0.010,0.544
578500,0.437,0.009,0.554
579000,0.420,0.009,0.570
579500,0.498,0.010,0.492
580000,0.474,0.009,0.517
580500,0.517,0.005,0.477
581000,0.503,0.005,0.492
581500,0.534,0.011,0.455
582000,0.549,0.005,0.445
582500,0.548,0.005,0.448
583000,0.515,0.008,0.477
583500,0.512,0.007,0.481
584000,0.473,0.008,0.520
584500,0.495,0.008,0.497
585000,0.493,0.015,0.492
585500,0.481,0.014,0.505
586000,0.452,0.010,0.538
586500,0.489,0.010,0.501
587000,0.534,0.006,0.460
587500,0.509,0.007,0.484
588000,0.548,0.006,0.446
588500,0.478,0.007,0.515
589000,0.448,0.005,0.548
589500,0.492,0.009,0.499
590000,0.486,0.013,0.501
590500,0.460,0.009,0.531
591000,0.433,0.010,0.556
591500,0.473,0.012,0.516
592000,0.454,0.010,0.536
592500,0.485,0.007,0.508
593000,0.445,0.004,0.551
593500,0.497,0.007,0.496
594000,0.506,0.011,0.483
594500,0.442,0.015,0.544
595000,0.368,0.021,0.611
595500,0.333,0.017,0.650
596000,0.367,0.019,0.614
596500,0.372,0.014,0.614
597000,0.408,0.014,0.578
597500,0.418,0.014,0.568
598000,0.406,0.013,0.581
598500,0.417,0.012,0.571
599000,0.448,0.009,0.543
599500,0.416,0.016,0.568
600000,0.386,0.015,0.600
600500,0.391,0.019,0.590
601000,0.327,0.032,0.641
601500,0.335,0.032,0.633
602000,0.375,0.031,0.593
602500,0.404,0.019,0.577
603000,0.381,0.023,0.596
603500,0.430,0.015,0.555
604000,0.432,0.016,0.552
604500,0.451,0.011,0.538
605000,0.455,0.013,0.531
605500,0.457,0.006,0.537
606000,0.454,0.008,0.538
606500,0.470,0.010,0.520
607000,0.447,0.013,0.540
607500,0.447,0.008,0.545
608000,0.391,0.006,0.603
608500,0.417,0.012,0.571
609000,0.377,0.016,0.608
609500,0.360,0.016,0.625
610000,0.392,0.016,0.591
610500,0.393,0.012,0.595
611000,0.423,0.017,0.560
611500,0.421,0.013,0.566
612000,0.399,0.022,0.579
612500,0.373,0.017,0.611
613000,0.357,0.009,0.634
613500,0.402,0.013,0.586
614000,0.363,0.019,0.618
614500,0.304,0.020,0.676
615000,0.302,0.026,0.672
615500,0.349,0.027,0.623
616000,0.292,0.038,0.670
616500,0.329,0.026,0.645
617000,0.410,0.017,0.573
617500,0.399,0.020,0.581
618000,0.402,0.017,0.581
618500,0.425,0.015,0.560
619000,0.449,0.018,0.533
619500,0.432,0.013,0.555
620000,0.432,0.018,0.549
620500,0.450,0.016,0.534
621000,0.480,0.013,0.506
621500,0.483,0.006,0.512
622000,0.441,0.006,0.554
622500,0.420,0.010,0.570
623000,0.355,0.024,0.620
623500,0.352,0.027,0.621
624000,0.363,0.024,0.613
624500,0.350,0.023,0.627
625000,0.360,0.034,0.606
625500,0.363,0.042,0.595
626000,0.340,0.034,0.626
626500,0.339,0.031,0.630
627000,0.329,0.022,0.649
627500,0.377,0.014,0.609
628000,0.356,0.018,0.626
628500,0.364,0.023,0.613
629000,0.425,0.012,0.563
629500,0.499,0.008,0.494
630000,0.502,0.009,0.490
630500,0.436,0.012,0.552
631000,0.478,0.010,0.512
631500,0.474,0.005,0.520
632000,0.490,0.009,0.501
632500,0.504,0.009,0.487
633000,0.496,0.008,0.497
633500,0.470,0.008,0.522
634000,0.488,0.012,0.499
634500,0.490,0.011,0.499
635000,0.441,0.010,0.548
635500,0.443,0.006,0.551
636000,0.485,0.005,0.509
636500,0.449,0.005,0.546
637000,0.468,0.006,0.526
637500,0.487,0.009,0.505
638000,0.483,0.010,0.508
638500,0.494,0.016,0.491
639000,0.501,0.009,0.490
639500,0.479,0.008,0.513
640000,0.506,0.005,0.489
640500,0.456,0.008,0.536
641000,0.501,0.012,0.487
641500,0.484,0.012,0.505
642000,0.481,0.006,0.513
642500,0.438,0.006,0.556
643000,0.441,0.008,0.552
643500,0.492,0.008,0.500
644000,0.446,0.009,0.544
644500,0.393,0.012,0.595
645000,0.363,0.013,0.623
645500,0.425,0.011,0.564
646000,0.431,0.020,0.549
646500,0.412,0.017,0.571
647000,0.417,0.010,0.573
647500,0.410,0.020,0.570
648000,0.375,0.019,0.607
648500,0.350,0.022,0.629
649000,0.333,0.016,0.651
649500,0.324,0.026,0.651
650000,0.370,0.013,0.617
650500,0.349,0.012,0.639
651000,0.387,0.017,0.595
651500,0.346,0.016,0.638
652000,0.396,0.013,0.591
652500,0.353,0.012,0.635
653000,0.417,0.012,0.572
653500,0.358,0.012,0.630
654000,0.360,0.012,0.629
654500,0.423,0.012,0.566
655000,0.484,0.015,0.501
655500,0.477,0.014,0.509
656000,0.513,0.012,0.475
656500,0.525,0.013,0.462
657000,0.417,0.020,0.562
657500,0.421,0.023,0.556
658000,0.460,0.011,0.529
658500,0.492,0.008,0.500
659000,0.512,0.005,0.483
659500,0.522,0.002,0.476
660000,0.483,0.006,0.511
660500,0.502,0.003,0.495
661000,0.485,0.004,0.511
661500,0.533,0.007,0.460
662000,0.528,0.009,0.463
662500,0.534,0.011,0.455
663000,0.483,0.006,0.511
663500,0.493,0.006,0.501
664000,0.467,0.017,0.516
664500,0.518,0.005,0.477
665000,0.471,0.008,0.521
665500,0.464,0.008,0.528
666000,0.446,0.006,0.548
666500,0.448,0.003,0.548
667000,0.428,0.005,0.566
667500,0.443,0.010,0.547
668000,0.427,0.016,0.557
668500,0.404,0.012,0.584
669000,0.451,0.013,0.536
669500,0.515,0.010,0.476
670000,0.466,0.005,0.530
670500,0.460,0.006,0.534
671000,0.406,0.014,0.580
671500,0.466,0.006,0.528
672000,0.432,0.016,0.551
672500,0.390,0.014,0.596
673000,0.358,0.029,0.613
673500,0.435,0.016,0.549
674000,0.434,0.016,0.551
674500,0.470,0.013,0.517
675000,0.545,0.006,0.448
675500,0.544,0.008,0.448
676000,0.533,0.011,0.456
676500,0.502,0.015,0.483
677000,0.449,0.009,0.542
677500,0.431,0.015,0.555
678000,0.454,0.008,0.538
678500,0.467,0.013,0.520
679000,0.487,0.015,0.498
679500,0.409,0.027,0.565
680000,0.402,0.020,0.577
680500,0.435,0.010,0.555
681000,0.490,0.005,0.506
681500,0.460,0.005,0.535
682000,0.450,0.011,0.539
682500,0.435,0.009,0.556
683000,0.428,0.014,0.558
683500,0.486,0.010,0.503
684000,0.469,0.010,0.521
684500,0.438,0.025,0.537
685000,0.464,0.015,0.521
685500,0.514,0.010,0.476
686000,0.484,0.020,0.495
686500,0.483,0.027,0.490
687000,0.459,0.012,0.529
687500,0.472,0.013,0.515
688000,0.437,0.009,0.555
688500,0.416,0.017,0.568
689000,0.376,0.019,0.605
689500,0.408,0.026,0.566
690000,0.384,0.027,0.589
690500,0.413,0.030,0.558
691000,0.432,0.012,0.556
691500,0.435,0.019,0.546
692000,0.411,0.006,0.583
692500,0.378,0.013,0.609
693000,0.408,0.013,0.579
693500,0.413,0.011,0.576
694000,0.417,0.013,0.570
694500,0.490,0.012,0.498
695000,0.468,0.009,0.523
695500,0.463,0.010,0.527
696000,0.412,0.009,0.579
696500,0.342,0.016,0.642
697000,0.403,0.016,0.581
697500,0.432,0.017,0.551
698000,0.425,0.017,0.558
698500,0.446,0.010,0.544
699000,0.472,0.010,0.518
699500,0.508,0.010,0.483
700000,0.429,0.017,0.554
700500,0.441,0.019,0.540
701000,0.423,0.010,0.567
701500,0.394,0.010,0.595
702000,0.444,0.012,0.544
702500,0.352,0.017,0.632
703000,0.425,0.009,0.565
703500,0.431,0.010,0.559
704000,0.468,0.006,0.526
704500,0.516,0.008,0.476
705000,0.505,0.006,0.489
705500,0.502,0.005,0.492
706000,0.524,0.006,0.470
706500,0.514,0.007,0.479
707000,0.502,0.008,0.490
707500,0.469,0.006,0.526
708000,0.455,0.006,0.539
708500,0.417,0.005,0.578
709000,0.432,0.006,0.561
709500,0.469,0.003,0.527
710000,0.447,0.012,0.541
710500,0.469,0.004,0.527
711000,0.510,0.006,0.484
711500,0.521,0.003,0.476
712000,0.510,0.005,0.485
712500,0.497,0.004,0.499
713000,0.486,0.012,0.502
713500,0.501,0.015,0.484
714000,0.458,0.010,0.532
714500,0.428,0.009,0.563
715000,0.427,0.020,0.552
715500,0.448,0.011,0.541
716000,0.471,0.010,0.519
716500,0.484,0.008,0.508
717000,0.386,0.006,0.607
717500,0.412,0.016,0.572
718000,0.400,0.014,0.586
718500,0.407,0.016,0.576
719000,0.416,0.015,0.569
719500,0.409,0.013,0.579
720000,0.392,0.015,0.594
720500,0.427,0.014,0.559
721000,0.365,0.017,0.618
721500,0.423,0.009,0.569
722000,0.462,0.006,0.532
722500,0.485,0.008,0.508
723000,0.439,0.012,0.549
723500,0.482,0.008,0.510
724000,0.451,0.010,0.539
724500,0.437,0.015,0.548
725000,0.435,0.012,0.553
725500,0.416,0.009,0.575
726000,0.471,0.006,0.523
726500,0.478,0.006,0.515
727000,0.476,0.005,0.519
727500,0.536,0.002,0.462
728000,0.463,0.005,0.532
728500,0.397,0.009,0.594
729000,0.410,0.008,0.582
729500,0.390,0.010,0.600
730000,0.370,0.017,0.612
730500,0.371,0.022,0.607
731000,0.404,0.025,0.571
731500,0.428,0.017,0.554
732000,0.431,0.012,0.556
732500,0.405,0.013,0.582
733000,0.385,0.024,0.591
733500,0.348,0.020,0.632
734000,0.366,0.014,0.620
734500,0.412,0.017,0.570
735000,0.375,0.016,0.609
735500,0.393,0.014,0.593
736000,0.459,0.009,0.532
736500,0.487,0.012,0.502
737000,0.445,0.013,0.541
737500,0.437,0.016,0.547
738000,0.430,0.015,0.556
738500,0.385,0.018,0.597
739000,0.300,0.030,0.670
739500,0.318,0.026,0.657
740000,0.304,0.031,0.664
740500,0.349,0.030,0.621
741000,0.282,0.024,0.693
741500,0.295,0.041,0.664
742000,0.310,0.030,0.659
742500,0.361,0.033,0.607
743000,0.309,0.028,0.663
743500,0.338,0.025,0.637
744000,0.399,0.020,0.580
744500,0.449,0.015,0.537
745000,0.407,0.009,0.584
745500,0.435,0.009,0.555
746000,0.449,0.005,0.546
746500,0.462,0.009,0.529
747000,0.409,0.008,0.584
747500,0.396,0.009,0.594
748000,0.402,0.013,0.584
748500,0.483,0.003,0.514
749000,0.476,0.009,0.515
749500,0.417,0.011,0.572
750000,0.443,0.009,0.548
750500,0.442,0.005,0.552
751000,0.434,0.004,0.562
751500,0.493,0.006,0.501
752000,0.438,0.006,0.556
752500,0.484,0.009,0.507
753000,0.437,0.013,0.550
753500,0.427,0.012,0.562
754000,0.466,0.011,0.523
754500,0.435,0.016,0.549
755000,0.416,0.014,0.570
755500,0.510,0.006,0.484
756000,0.456,0.006,0.538
756500,0.410,0.011,0.579
757000,0.405,0.012,0.583
757500,0.386,0.010,0.603
758000,0.345,0.012,0.643
758500,0.389,0.026,0.586
759000,0.386,0.017,0.597
759500,0.416,0.010,0.574
760000,0.389,0.012,0.600
760500,0.402,0.007,0.591
761000,0.451,0.011,0.538
761500,0.434,0.017,0.549
762000,0.403,0.012,0.585
762500,0.432,0.013,0.555
763000,0.405,0.016,0.580
763500,0.395,0.013,0.592
764000,0.403,0.021,0.576
764500,0.339,0.036,0.625
765000,0.365,0.032,0.603
765500,0.300,0.036,0.664
766000,0.280,0.024,0.696
766500,0.280,0.033,0.687
767000,0.366,0.022,0.612
767500,0.377,0.020,0.603
768000,0.348,0.015,0.637
768500,0.352,0.015,0.634
769000,0.317,0.010,0.672
769500,0.431,0.015,0.554
770000,0.386,0.013,0.601
770500,0.484,0.012,0.504
771000,0.502,0.008,0.490
771500,0.554,0.006,0.440
772000,0.576,0.009,0.414
772500,0.530,0.009,0.461
773000,0.459,0.012,0.529
773500,0.438,0.021,0.541
774000,0.409,0.018,0.573
774500,0.476,0.009,0.515
775000,0.458,0.009,0.533
775500,0.405,0.013,0.582
776000,0.382,0.024,0.594
776500,0.389,0.013,0.598
777000,0.383,0.018,0.599
777500,0.385,0.019,0.597
778000,0.349,0.027,0.624
778500,0.375,0.017,0.608
779000,0.337,0.021,0.642
779500,0.307,0.016,0.677
780000,0.380,0.019,0.601
780500,0.393,0.019,0.587
781000,0.322,0.018,0.659
781500,0.306,0.034,0.660
782000,0.389,0.014,0.597
782500,0.381,0.016,0.604
783000,0.349,0.010,0.641
783500,0.326,0.026,0.648
784000,0.327,0.020,0.654
784500,0.331,0.016,0.653
785000,0.373,0.016,0.612
785500,0.409,0.024,0.566
786000,0.403,0.017,0.580
786500,0.406,0.013,0.580
787000,0.396,0.014,0.590
787500,0.373,0.018,0.609
788000,0.415,0.011,0.574
788500,0.382,0.015,0.604
789000,0.380,0.015,0.605
789500,0.397,0.012,0.591
790000,0.424,0.012,0.564
790500,0.456,0.007,0.537
791000,0.495,0.009,0.496
791500,0.511,0.008,0.481
792000,0.502,0.005,0.494
792500,0.513,0.013,0.474
793000,0.426,0.008,0.566
793500,0.423,0.009,0.569
794000,0.463,0.017,0.520
794500,0.417,0.017,0.566
795000,0.423,0.012,0.565
795500,0.415,0.019,0.566
796000,0.473,0.010,0.516
796500,0.497,0.007,0.496
797000,0.466,0.009,0.525
797500,0.424,0.008,0.568
798000,0.372,0.012,0.616
798500,0.329,0.016,0.655
799000,0.311,0.031,0.658
799500,0.283,0.045,0.672
800000,0.292,0.039,0.669
800500,0.295,0.031,0.674
801000,0.311,0.030,0.659
801500,0.325,0.031,0.644
802000,0.330,0.027,0.643
802500,0.278,0.037,0.686
803000,0.279,0.029,0.692
803500,0.289,0.025,0.686
