time,n_A+p,n_B,n_AB
500,0.080,0.699,0.221
1000,0.080,0.516,0.404
1500,0.080,0.545,0.375
2000,0.089,0.436,0.475
2500,0.085,0.399,0.516
3000,0.089,0.375,0.536
3500,0.096,0.386,0.518
4000,0.081,0.487,0.432
4500,0.088,0.448,0.464
5000,0.086,0.444,0.470
5500,0.081,0.414,0.505
6000,0.099,0.425,0.476
6500,0.091,0.465,0.444
7000,0.082,0.457,0.461
7500,0.089,0.451,0.460
8000,0.081,0.418,0.501
8500,0.089,0.431,0.480
9000,0.081,0.436,0.483
9500,0.083,0.469,0.448
10000,0.084,0.419,0.497
10500,0.094,0.440,0.466
11000,0.089,0.383,0.528
11500,0.085,0.433,0.482
12000,0.081,0.480,0.439
12500,0.092,0.336,0.572
13000,0.119,0.328,0.553
13500,0.131,0.251,0.618
14000,0.135,0.251,0.614
14500,0.150,0.222,0.628
15000,0.136,0.254,0.610
15500,0.151,0.234,0.615
16000,0.180,0.149,0.671
16500,0.502,0.034,0.464
17000,0.825,0.002,0.173
17500,0.887,0.000,0.113
18000,0.976,0.000,0.024
18500,0.983,0.000,0.017
19000,0.996,0.000,0.004
19500,1.000,0.000,0.000
