time,n_A+p,n_B,n_AB
500,0.010,0.859,0.131
1000,0.010,0.987,0.003
1500,0.010,0.888,0.102
2000,0.010,0.949,0.041
2500,0.010,0.984,0.006
3000,0.010,0.968,0.022
3500,0.010,0.963,0.027
4000,0.010,0.910,0.080
4500,0.010,0.957,0.033
5000,0.010,0.951,0.039
5500,0.010,0.972,0.018
6000,0.010,0.847,0.143
6500,0.010,0.990,0.000
7000,0.010,0.938,0.052
7500,0.010,0.943,0.047
8000,0.010,0.978,0.012
8500,0.010,0.985,0.005
9000,0.010,0.879,0.111
9500,0.010,0.979,0.011
10000,0.010,0.976,0.014
10500,0.010,0.958,0.032
11000,0.010,0.938,0.052
11500,0.010,0.961,0.029
12000,0.010,0.950,0.040
12500,0.010,0.982,0.008
13000,0.010,0.929,0.061
13500,0.010,0.962,0.028
14000,0.010,0.830,0.160
14500,0.010,0.975,0.015
15000,0.010,0.950,0.040
15500,0.010,0.923,0.067
16000,0.010,0.931,0.059
16500,0.010,0.934,0.056
17000,0.010,0.957,0.033
17500,0.010,0.962,0.028
18000,0.010,0.931,0.059
18500,0.010,0.967,0.023
19000,0.010,0.823,0.167
19500,0.010,0.955,0.035
20000,0.010,0.859,0.131
20500,0.010,0.932,0.058
21000,0.010,0.986,0.004
21500,0.010,0.914,0.076
22000,0.010,0.929,0.061
22500,0.010,0.929,0.061
23000,0.010,0.972,0.018
23500,0.010,0.936,0.054
24000,0.010,0.735,0.255
24500,0.010,0.982,0.008
25000,0.010,0.952,0.038
25500,0.010,0.814,0.176
26000,0.010,0.975,0.015
26500,0.010,0.967,0.023
27000,0.010,0.959,0.031
27500,0.010,0.966,0.024
28000,0.010,0.989,0.001
28500,0.010,0.921,0.069
29000,0.010,0.945,0.045
29500,0.010,0.948,0.042
30000,0.010,0.916,0.074
30500,0.010,0.966,0.024
31000,0.010,0.930,0.060
31500,0.010,0.938,0.052
32000,0.010,0.960,0.030
32500,0.010,0.926,0.064
33000,0.010,0.964,0.026
33500,0.010,0.984,0.006
34000,0.010,0.976,0.014
34500,0.010,0.929,0.061
35000,0.010,0.943,0.047
35500,0.010,0.987,0.003
36000,0.010,0.947,0.043
36500,0.010,0.935,0.055
37000,0.010,0.990,0.000
37500,0.010,0.972,0.018
38000,0.010,0.990,0.000
38500,0.010,0.943,0.047
39000,0.010,0.961,0.029
39500,0.010,0.972,0.018
40000,0.010,0.932,0.058
40500,0.010,0.949,0.041
41000,0.010,0.982,0.008
41500,0.010,0.924,0.066
42000,0.010,0.915,0.075
42500,0.010,0.915,0.075
43000,0.010,0.978,0.012
43500,0.010,0.978,0.012
44000,0.010,0.984,0.006
44500,0.010,0.967,0.023
45000,0.010,0.939,0.051
45500,0.010,0.979,0.011
46000,0.010,0.964,0.026
46500,0.010,0.979,0.011
47000,0.010,0.938,0.052
47500,0.010,0.902,0.088
48000,0.010,0.946,0.044
48500,0.010,0.977,0.013
49000,0.010,0.950,0.040
49500,0.010,0.824,0.166
50000,0.010,0.978,0.012
50500,0.010,0.918,0.072
51000,0.010,0.948,0.042
51500,0.010,0.975,0.015
52000,0.010,0.949,0.041
52500,0.010,0.906,0.084
53000,0.010,0.970,0.020
53500,0.010,0.961,0.029
54000,0.010,0.964,0.026
54500,0.010,0.966,0.024
55000,0.010,0.911,0.079
55500,0.010,0.846,0.144
56000,0.010,0.989,0.001
56500,0.010,0.983,0.007
57000,0.010,0.983,0.007
57500,0.010,0.986,0.004
58000,0.010,0.888,0.102
58500,0.010,0.966,0.024
59000,0.010,0.911,0.079
59500,0.010,0.937,0.053
60000,0.010,0.977,0.013
60500,0.010,0.985,0.005
61000,0.010,0.957,0.033
61500,0.010,0.990,0.000
62000,0.010,0.969,0.021
62500,0.010,0.988,0.002
63000,0.010,0.980,0.010
63500,0.010,0.972,0.018
64000,0.010,0.929,0.061
64500,0.010,0.934,0.056
65000,0.010,0.929,0.061
65500,0.010,0.947,0.043
66000,0.010,0.986,0.004
66500,0.010,0.941,0.049
67000,0.010,0.956,0.034
67500,0.010,0.907,0.083
68000,0.010,0.968,0.022
68500,0.010,0.943,0.047
69000,0.010,0.925,0.065
69500,0.010,0.977,0.013
70000,0.010,0.990,0.000
70500,0.010,0.989,0.001
71000,0.010,0.989,0.001
71500,0.010,0.947,0.043
72000,0.010,0.949,0.041
72500,0.010,0.982,0.008
73000,0.010,0.941,0.049
73500,0.010,0.973,0.017
74000,0.010,0.951,0.039
74500,0.010,0.950,0.040
75000,0.010,0.956,0.034
75500,0.010,0.990,0.000
76000,0.010,0.959,0.031
76500,0.010,0.988,0.002
77000,0.010,0.984,0.006
77500,0.010,0.888,0.102
78000,0.010,0.973,0.017
78500,0.010,0.920,0.070
79000,0.010,0.974,0.016
79500,0.010,0.989,0.001
80000,0.010,0.921,0.069
80500,0.010,0.893,0.097
81000,0.010,0.980,0.010
81500,0.010,0.987,0.003
82000,0.010,0.978,0.012
82500,0.010,0.957,0.033
83000,0.010,0.901,0.089
83500,0.010,0.824,0.166
84000,0.010,0.957,0.033
84500,0.010,0.981,0.009
85000,0.010,0.965,0.025
85500,0.010,0.906,0.084
86000,0.010,0.942,0.048
86500,0.010,0.951,0.039
87000,0.010,0.954,0.036
87500,0.010,0.933,0.057
88000,0.010,0.877,0.113
88500,0.010,0.990,0.000
89000,0.010,0.932,0.058
89500,0.010,0.930,0.060
90000,0.010,0.983,0.007
90500,0.010,0.963,0.027
91000,0.010,0.978,0.012
91500,0.010,0.970,0.020
92000,0.010,0.978,0.012
92500,0.010,0.927,0.063
93000,0.010,0.979,0.011
93500,0.010,0.973,0.017
94000,0.010,0.965,0.025
94500,0.010,0.976,0.014
95000,0.010,0.887,0.103
95500,0.010,0.973,0.017
96000,0.010,0.860,0.130
96500,0.010,0.989,0.001
97000,0.010,0.965,0.025
97500,0.010,0.922,0.068
98000,0.010,0.962,0.028
98500,0.010,0.961,0.029
99000,0.010,0.840,0.150
99500,0.010,0.968,0.022
100000,0.010,0.953,0.037
100500,0.010,0.930,0.060
101000,0.010,0.940,0.050
101500,0.010,0.971,0.019
102000,0.010,0.888,0.102
102500,0.010,0.937,0.053
103000,0.010,0.989,0.001
103500,0.010,0.962,0.028
104000,0.010,0.933,0.057
104500,0.010,0.924,0.066
105000,0.010,0.978,0.012
105500,0.010,0.950,0.040
106000,0.010,0.975,0.015
106500,0.010,0.936,0.054
107000,0.010,0.943,0.047
107500,0.010,0.958,0.032
108000,0.010,0.922,0.068
108500,0.010,0.927,0.063
109000,0.010,0.934,0.056
109500,0.010,0.949,0.041
110000,0.010,0.948,0.042
110500,0.010,0.984,0.006
111000,0.010,0.912,0.078
111500,0.010,0.871,0.119
112000,0.010,0.990,0.000
112500,0.010,0.960,0.030
113000,0.010,0.975,0.015
113500,0.010,0.968,0.022
114000,0.010,0.954,0.036
114500,0.010,0.967,0.023
115000,0.010,0.934,0.056
115500,0.010,0.956,0.034
116000,0.010,0.783,0.207
116500,0.010,0.948,0.042
117000,0.010,0.989,0.001
117500,0.010,0.952,0.038
118000,0.010,0.931,0.059
118500,0.010,0.990,0.000
119000,0.010,0.894,0.096
119500,0.010,0.816,0.174
120000,0.010,0.975,0.015
120500,0.010,0.942,0.048
121000,0.010,0.971,0.019
121500,0.010,0.990,0.000
122000,0.010,0.914,0.076
122500,0.010,0.973,0.017
123000,0.010,0.983,0.007
123500,0.010,0.944,0.046
124000,0.010,0.990,0.000
124500,0.010,0.984,0.006
125000,0.010,0.863,0.127
125500,0.010,0.934,0.056
126000,0.010,0.883,0.107
126500,0.010,0.831,0.159
127000,0.010,0.908,0.082
127500,0.010,0.886,0.104
128000,0.010,0.990,0.000
128500,0.010,0.917,0.073
129000,0.010,0.918,0.072
129500,0.010,0.990,0.000
130000,0.010,0.990,0.000
130500,0.010,0.946,0.044
131000,0.010,0.960,0.030
131500,0.010,0.990,0.000
132000,0.010,0.989,0.001
132500,0.010,0.960,0.030
133000,0.010,0.982,0.008
133500,0.010,0.990,0.000
134000,0.010,0.926,0.064
134500,0.010,0.878,0.112
135000,0.010,0.988,0.002
135500,0.010,0.969,0.021
136000,0.010,0.948,0.042
136500,0.010,0.990,0.000
137000,0.010,0.980,0.010
137500,0.010,0.853,0.137
138000,0.010,0.759,0.231
138500,0.010,0.882,0.108
139000,0.010,0.985,0.005
139500,0.010,0.938,0.052
140000,0.010,0.908,0.082
140500,0.010,0.986,0.004
141000,0.010,0.989,0.001
141500,0.010,0.935,0.055
142000,0.010,0.990,0.000
142500,0.010,0.933,0.057
143000,0.010,0.956,0.034
143500,0.010,0.945,0.045
144000,0.010,0.978,0.012
144500,0.010,0.862,0.128
145000,0.010,0.858,0.132
145500,0.010,0.981,0.009
146000,0.010,0.777,0.213
146500,0.010,0.943,0.047
147000,0.010,0.768,0.222
147500,0.010,0.939,0.051
148000,0.010,0.940,0.050
148500,0.010,0.969,0.021
149000,0.010,0.907,0.083
149500,0.010,0.931,0.059
150000,0.010,0.987,0.003
150500,0.010,0.849,0.141
151000,0.010,0.990,0.000
151500,0.010,0.981,0.009
152000,0.010,0.945,0.045
152500,0.010,0.875,0.115
153000,0.010,0.986,0.004
153500,0.010,0.975,0.015
154000,0.010,0.909,0.081
154500,0.010,0.948,0.042
155000,0.010,0.990,0.000
155500,0.010,0.962,0.028
156000,0.010,0.862,0.128
156500,0.010,0.950,0.040
157000,0.010,0.986,0.004
157500,0.010,0.970,0.020
158000,0.010,0.926,0.064
158500,0.010,0.949,0.041
159000,0.010,0.958,0.032
159500,0.010,0.952,0.038
160000,0.010,0.990,0.000
160500,0.010,0.938,0.052
161000,0.010,0.947,0.043
161500,0.010,0.975,0.015
162000,0.010,0.884,0.106
162500,0.010,0.976,0.014
163000,0.010,0.979,0.011
163500,0.010,0.829,0.161
164000,0.010,0.897,0.093
164500,0.010,0.990,0.000
165000,0.010,0.832,0.158
165500,0.010,0.990,0.000
166000,0.010,0.990,0.000
166500,0.010,0.856,0.134
167000,0.010,0.950,0.040
167500,0.010,0.990,0.000
168000,0.010,0.925,0.065
168500,0.010,0.880,0.110
169000,0.010,0.918,0.072
169500,0.010,0.924,0.066
170000,0.010,0.963,0.027
170500,0.010,0.883,0.107
171000,0.010,0.949,0.041
171500,0.010,0.904,0.086
172000,0.010,0.934,0.056
172500,0.010,0.866,0.124
173000,0.010,0.988,0.002
173500,0.010,0.897,0.093
174000,0.010,0.965,0.025
174500,0.010,0.866,0.124
175000,0.010,0.988,0.002
175500,0.010,0.926,0.064
176000,0.010,0.967,0.023
176500,0.010,0.944,0.046
177000,0.010,0.980,0.010
177500,0.010,0.977,0.013
178000,0.010,0.888,0.102
178500,0.010,0.921,0.069
179000,0.010,0.927,0.063
179500,0.010,0.954,0.036
180000,0.010,0.974,0.016
180500,0.010,0.927,0.063
181000,0.010,0.911,0.079
181500,0.010,0.928,0.062
182000,0.010,0.980,0.010
182500,0.010,0.972,0.018
183000,0.010,0.940,0.050
183500,0.010,0.983,0.007
184000,0.010,0.961,0.029
184500,0.010,0.852,0.138
185000,0.010,0.990,0.000
185500,0.010,0.938,0.052
186000,0.010,0.978,0.012
186500,0.010,0.988,0.002
187000,0.010,0.965,0.025
187500,0.010,0.985,0.005
188000,0.010,0.978,0.012
188500,0.010,0.902,0.088
189000,0.010,0.986,0.004
189500,0.010,0.920,0.070
190000,0.010,0.902,0.088
190500,0.010,0.938,0.052
191000,0.010,0.958,0.032
191500,0.010,0.916,0.074
192000,0.010,0.950,0.040
192500,0.010,0.932,0.058
193000,0.010,0.926,0.064
193500,0.010,0.962,0.028
194000,0.010,0.965,0.025
194500,0.010,0.966,0.024
195000,0.010,0.988,0.002
195500,0.010,0.919,0.071
196000,0.010,0.988,0.002
196500,0.010,0.988,0.002
197000,0.010,0.974,0.016
197500,0.010,0.951,0.039
198000,0.010,0.925,0.065
198500,0.010,0.990,0.000
199000,0.010,0.990,0.000
199500,0.010,0.975,0.015
200000,0.010,0.965,0.025
200500,0.010,0.869,0.121
201000,0.010,0.917,0.073
201500,0.010,0.983,0.007
202000,0.010,0.945,0.045
202500,0.010,0.976,0.014
203000,0.010,0.988,0.002
203500,0.010,0.910,0.080
204000,0.010,0.951,0.039
204500,0.010,0.976,0.014
205000,0.010,0.957,0.033
205500,0.010,0.987,0.003
206000,0.010,0.909,0.081
206500,0.010,0.882,0.108
207000,0.010,0.982,0.008
207500,0.010,0.826,0.164
208000,0.010,0.990,0.000
208500,0.010,0.987,0.003
209000,0.010,0.944,0.046
209500,0.010,0.988,0.002
210000,0.010,0.979,0.011
210500,0.010,0.988,0.002
211000,0.010,0.990,0.000
211500,0.010,0.990,0.000
212000,0.010,0.899,0.091
212500,0.010,0.919,0.071
213000,0.010,0.979,0.011
213500,0.010,0.970,0.020
214000,0.010,0.925,0.065
214500,0.010,0.966,0.024
215000,0.010,0.982,0.008
215500,0.010,0.950,0.040
216000,0.010,0.980,0.010
216500,0.010,0.982,0.008
217000,0.010,0.971,0.019
217500,0.010,0.889,0.101
218000,0.010,0.990,0.000
218500,0.010,0.964,0.026
219000,0.010,0.977,0.013
219500,0.010,0.871,0.119
220000,0.010,0.832,0.158
220500,0.010,0.973,0.017
221000,0.010,0.989,0.001
221500,0.010,0.971,0.019
222000,0.010,0.895,0.095
222500,0.010,0.930,0.060
223000,0.010,0.922,0.068
223500,0.010,0.954,0.036
224000,0.010,0.873,0.117
224500,0.010,0.854,0.136
225000,0.010,0.862,0.128
225500,0.010,0.986,0.004
226000,0.010,0.918,0.072
226500,0.010,0.963,0.027
227000,0.010,0.932,0.058
227500,0.010,0.963,0.027
228000,0.010,0.890,0.100
228500,0.010,0.919,0.071
229000,0.010,0.972,0.018
229500,0.010,0.808,0.182
230000,0.010,0.844,0.146
230500,0.010,0.984,0.006
231000,0.010,0.957,0.033
231500,0.010,0.951,0.039
232000,0.010,0.934,0.056
232500,0.010,0.920,0.070
233000,0.010,0.763,0.227
233500,0.010,0.961,0.029
234000,0.010,0.980,0.010
234500,0.010,0.947,0.043
235000,0.010,0.965,0.025
235500,0.010,0.977,0.013
236000,0.010,0.929,0.061
236500,0.010,0.990,0.000
237000,0.010,0.974,0.016
237500,0.010,0.990,0.000
238000,0.010,0.938,0.052
238500,0.010,0.893,0.097
239000,0.010,0.907,0.083
239500,0.010,0.914,0.076
240000,0.010,0.946,0.044
240500,0.010,0.962,0.028
241000,0.010,0.877,0.113
241500,0.010,0.988,0.002
242000,0.010,0.949,0.041
242500,0.010,0.969,0.021
243000,0.010,0.943,0.047
243500,0.010,0.939,0.051
244000,0.010,0.988,0.002
244500,0.010,0.987,0.003
245000,0.010,0.959,0.031
245500,0.010,0.968,0.022
246000,0.010,0.898,0.092
246500,0.010,0.980,0.010
247000,0.010,0.981,0.009
247500,0.010,0.989,0.001
248000,0.010,0.988,0.002
248500,0.010,0.987,0.003
249000,0.010,0.990,0.000
249500,0.010,0.985,0.005
250000,0.010,0.990,0.000
250500,0.010,0.987,0.003
251000,0.010,0.910,0.080
251500,0.010,0.936,0.054
252000,0.010,0.975,0.015
252500,0.010,0.990,0.000
253000,0.010,0.977,0.013
253500,0.010,0.946,0.044
254000,0.010,0.940,0.050
254500,0.010,0.918,0.072
255000,0.010,0.924,0.066
255500,0.010,0.953,0.037
256000,0.010,0.960,0.030
256500,0.010,0.947,0.043
257000,0.010,0.951,0.039
257500,0.010,0.985,0.005
258000,0.010,0.921,0.069
258500,0.010,0.894,0.096
259000,0.010,0.981,0.009
259500,0.010,0.929,0.061
260000,0.010,0.932,0.058
260500,0.010,0.801,0.189
261000,0.010,0.889,0.101
261500,0.010,0.933,0.057
262000,0.010,0.973,0.017
262500,0.010,0.954,0.036
263000,0.010,0.982,0.008
263500,0.010,0.888,0.102
264000,0.010,0.910,0.080
264500,0.010,0.944,0.046
265000,0.010,0.957,0.033
265500,0.010,0.990,0.000
266000,0.010,0.873,0.117
266500,0.010,0.919,0.071
267000,0.010,0.921,0.069
267500,0.010,0.899,0.091
268000,0.010,0.926,0.064
268500,0.010,0.990,0.000
269000,0.010,0.979,0.011
269500,0.010,0.878,0.112
270000,0.010,0.951,0.039
270500,0.010,0.952,0.038
271000,0.010,0.965,0.025
271500,0.010,0.892,0.098
272000,0.010,0.819,0.171
272500,0.010,0.983,0.007
273000,0.010,0.943,0.047
273500,0.010,0.984,0.006
274000,0.010,0.990,0.000
274500,0.010,0.983,0.007
275000,0.010,0.871,0.119
275500,0.010,0.929,0.061
276000,0.010,0.933,0.057
276500,0.010,0.972,0.018
277000,0.010,0.927,0.063
277500,0.010,0.923,0.067
278000,0.010,0.989,0.001
278500,0.010,0.933,0.057
279000,0.010,0.990,0.000
279500,0.010,0.990,0.000
280000,0.010,0.980,0.010
280500,0.010,0.937,0.053
281000,0.010,0.940,0.050
281500,0.010,0.945,0.045
282000,0.010,0.942,0.048
282500,0.010,0.984,0.006
283000,0.010,0.988,0.002
283500,0.010,0.961,0.029
284000,0.010,0.886,0.104
284500,0.010,0.965,0.025
285000,0.010,0.951,0.039
285500,0.010,0.967,0.023
286000,0.010,0.903,0.087
286500,0.010,0.946,0.044
287000,0.010,0.989,0.001
287500,0.010,0.903,0.087
288000,0.010,0.859,0.131
288500,0.010,0.910,0.080
289000,0.010,0.956,0.034
289500,0.010,0.970,0.020
290000,0.010,0.913,0.077
290500,0.010,0.792,0.198
291000,0.010,0.990,0.000
291500,0.010,0.979,0.011
292000,0.010,0.990,0.000
292500,0.010,0.990,0.000
293000,0.010,0.827,0.163
293500,0.010,0.986,0.004
294000,0.010,0.969,0.021
294500,0.010,0.962,0.028
295000,0.010,0.916,0.074
295500,0.010,0.953,0.037
296000,0.010,0.960,0.030
296500,0.010,0.969,0.021
297000,0.010,0.984,0.006
297500,0.010,0.958,0.032
298000,0.010,0.915,0.075
298500,0.010,0.985,0.005
299000,0.010,0.943,0.047
299500,0.010,0.921,0.069
300000,0.010,0.937,0.053
300500,0.010,0.966,0.024
301000,0.010,0.958,0.032
301500,0.010,0.954,0.036
302000,0.010,0.963,0.027
302500,0.010,0.922,0.068
303000,0.010,0.864,0.126
303500,0.010,0.959,0.031
304000,0.010,0.939,0.051
304500,0.010,0.922,0.068
305000,0.010,0.987,0.003
305500,0.010,0.944,0.046
306000,0.010,0.946,0.044
306500,0.010,0.915,0.075
307000,0.010,0.939,0.051
307500,0.010,0.986,0.004
308000,0.010,0.990,0.000
308500,0.010,0.902,0.088
309000,0.010,0.974,0.016
309500,0.010,0.990,0.000
310000,0.010,0.978,0.012
310500,0.010,0.938,0.052
311000,0.010,0.965,0.025
311500,0.010,0.799,0.191
312000,0.010,0.893,0.097
312500,0.010,0.948,0.042
313000,0.010,0.931,0.059
313500,0.010,0.969,0.021
314000,0.010,0.959,0.031
314500,0.010,0.965,0.025
315000,0.010,0.913,0.077
315500,0.010,0.990,0.000
316000,0.010,0.879,0.111
316500,0.010,0.987,0.003
317000,0.010,0.928,0.062
317500,0.010,0.946,0.044
318000,0.010,0.970,0.020
318500,0.010,0.945,0.045
319000,0.010,0.989,0.001
319500,0.010,0.906,0.084
320000,0.010,0.937,0.053
320500,0.010,0.774,0.216
321000,0.010,0.964,0.026
321500,0.010,0.906,0.084
322000,0.010,0.987,0.003
322500,0.010,0.928,0.062
323000,0.010,0.865,0.125
323500,0.010,0.918,0.072
324000,0.010,0.865,0.125
324500,0.010,0.987,0.003
325000,0.010,0.972,0.018
325500,0.010,0.975,0.015
326000,0.010,0.886,0.104
326500,0.010,0.986,0.004
327000,0.010,0.981,0.009
327500,0.010,0.904,0.086
328000,0.010,0.906,0.084
328500,0.010,0.950,0.040
329000,0.010,0.841,0.149
329500,0.010,0.831,0.159
330000,0.010,0.990,0.000
330500,0.010,0.906,0.084
331000,0.010,0.990,0.000
331500,0.010,0.975,0.015
332000,0.010,0.930,0.060
332500,0.010,0.960,0.030
333000,0.010,0.945,0.045
333500,0.010,0.869,0.121
334000,0.010,0.862,0.128
334500,0.010,0.980,0.010
335000,0.010,0.935,0.055
335500,0.010,0.972,0.018
336000,0.010,0.904,0.086
336500,0.010,0.923,0.067
337000,0.010,0.904,0.086
337500,0.010,0.934,0.056
338000,0.010,0.972,0.018
338500,0.010,0.982,0.008
339000,0.010,0.977,0.013
339500,0.010,0.956,0.034
340000,0.010,0.938,0.052
340500,0.010,0.961,0.029
341000,0.010,0.960,0.030
341500,0.010,0.984,0.006
342000,0.010,0.961,0.029
342500,0.010,0.976,0.014
343000,0.010,0.932,0.058
343500,0.010,0.932,0.058
344000,0.010,0.968,0.022
344500,0.010,0.915,0.075
345000,0.010,0.962,0.028
345500,0.010,0.931,0.059
346000,0.010,0.972,0.018
346500,0.010,0.988,0.002
347000,0.010,0.990,0.000
347500,0.010,0.904,0.086
348000,0.010,0.815,0.175
348500,0.010,0.955,0.035
349000,0.010,0.960,0.030
349500,0.010,0.943,0.047
350000,0.010,0.910,0.080
350500,0.010,0.924,0.066
351000,0.010,0.988,0.002
351500,0.010,0.892,0.098
352000,0.010,0.990,0.000
352500,0.010,0.914,0.076
353000,0.010,0.986,0.004
353500,0.010,0.921,0.069
354000,0.010,0.891,0.099
354500,0.010,0.990,0.000
355000,0.010,0.964,0.026
355500,0.010,0.914,0.076
356000,0.010,0.990,0.000
356500,0.010,0.973,0.017
357000,0.010,0.979,0.011
357500,0.010,0.977,0.013
358000,0.010,0.949,0.041
358500,0.010,0.981,0.009
359000,0.010,0.943,0.047
359500,0.010,0.934,0.056
360000,0.010,0.970,0.020
360500,0.010,0.956,0.034
361000,0.010,0.967,0.023
361500,0.010,0.990,0.000
362000,0.010,0.949,0.041
362500,0.010,0.982,0.008
363000,0.010,0.983,0.007
363500,0.010,0.880,0.110
364000,0.010,0.949,0.041
364500,0.010,0.980,0.010
365000,0.010,0.964,0.026
365500,0.010,0.971,0.019
366000,0.010,0.951,0.039
366500,0.010,0.903,0.087
367000,0.010,0.979,0.011
367500,0.010,0.962,0.028
368000,0.010,0.957,0.033
368500,0.010,0.989,0.001
369000,0.010,0.943,0.047
369500,0.010,0.945,0.045
370000,0.010,0.962,0.028
370500,0.010,0.934,0.056
371000,0.010,0.987,0.003
371500,0.010,0.979,0.011
372000,0.010,0.958,0.032
372500,0.010,0.969,0.021
373000,0.010,0.975,0.015
373500,0.010,0.957,0.033
374000,0.010,0.980,0.010
374500,0.010,0.990,0.000
375000,0.010,0.978,0.012
375500,0.010,0.990,0.000
376000,0.010,0.956,0.034
376500,0.010,0.950,0.040
377000,0.010,0.919,0.071
377500,0.010,0.958,0.032
378000,0.010,0.881,0.109
378500,0.010,0.908,0.082
379000,0.010,0.961,0.029
379500,0.010,0.914,0.076
380000,0.010,0.848,0.142
380500,0.010,0.924,0.066
381000,0.010,0.984,0.006
381500,0.010,0.939,0.051
382000,0.010,0.949,0.041
382500,0.010,0.978,0.012
383000,0.010,0.984,0.006
383500,0.010,0.907,0.083
384000,0.010,0.951,0.039
384500,0.010,0.951,0.039
385000,0.010,0.934,0.056
385500,0.010,0.944,0.046
386000,0.010,0.939,0.051
386500,0.010,0.938,0.052
387000,0.010,0.874,0.116
387500,0.010,0.937,0.053
388000,0.010,0.950,0.040
388500,0.010,0.972,0.018
389000,0.010,0.883,0.107
389500,0.010,0.952,0.038
390000,0.010,0.890,0.100
390500,0.010,0.978,0.012
391000,0.010,0.983,0.007
391500,0.010,0.970,0.020
392000,0.010,0.988,0.002
392500,0.010,0.942,0.048
393000,0.010,0.962,0.028
393500,0.010,0.938,0.052
394000,0.010,0.989,0.001
394500,0.010,0.973,0.017
395000,0.010,0.800,0.190
395500,0.010,0.970,0.020
396000,0.010,0.963,0.027
396500,0.010,0.980,0.010
397000,0.010,0.950,0.040
397500,0.010,0.939,0.051
398000,0.010,0.976,0.014
398500,0.010,0.949,0.041
399000,0.010,0.961,0.029
399500,0.010,0.931,0.059
400000,0.010,0.959,0.031
400500,0.010,0.948,0.042
401000,0.010,0.960,0.030
401500,0.010,0.963,0.027
402000,0.010,0.892,0.098
402500,0.010,0.932,0.058
403000,0.010,0.899,0.091
403500,0.010,0.989,0.001
404000,0.010,0.927,0.063
404500,0.010,0.982,0.008
405000,0.010,0.984,0.006
405500,0.010,0.947,0.043
406000,0.010,0.976,0.014
406500,0.010,0.989,0.001
407000,0.010,0.865,0.125
407500,0.010,0.935,0.055
408000,0.010,0.987,0.003
408500,0.010,0.978,0.012
409000,0.010,0.955,0.035
409500,0.010,0.907,0.083
410000,0.010,0.869,0.121
410500,0.010,0.960,0.030
411000,0.010,0.928,0.062
411500,0.010,0.987,0.003
412000,0.010,0.951,0.039
412500,0.010,0.934,0.056
413000,0.010,0.926,0.064
413500,0.010,0.975,0.015
414000,0.010,0.858,0.132
414500,0.010,0.990,0.000
415000,0.010,0.976,0.014
415500,0.010,0.983,0.007
416000,0.010,0.910,0.080
416500,0.010,0.957,0.033
417000,0.010,0.940,0.050
417500,0.010,0.965,0.025
418000,0.010,0.990,0.000
418500,0.010,0.972,0.018
419000,0.010,0.969,0.021
419500,0.010,0.886,0.104
420000,0.010,0.971,0.019
420500,0.010,0.990,0.000
421000,0.010,0.961,0.029
421500,0.010,0.988,0.002
422000,0.010,0.920,0.070
422500,0.010,0.877,0.113
423000,0.010,0.988,0.002
423500,0.010,0.981,0.009
424000,0.010,0.936,0.054
424500,0.010,0.979,0.011
425000,0.010,0.916,0.074
425500,0.010,0.947,0.043
426000,0.010,0.895,0.095
426500,0.010,0.970,0.020
427000,0.010,0.989,0.001
427500,0.010,0.843,0.147
428000,0.010,0.717,0.273
428500,0.010,0.906,0.084
429000,0.010,0.916,0.074
429500,0.010,0.778,0.212
430000,0.010,0.918,0.072
430500,0.010,0.989,0.001
431000,0.010,0.918,0.072
431500,0.010,0.776,0.214
432000,0.010,0.988,0.002
432500,0.010,0.848,0.142
433000,0.010,0.948,0.042
433500,0.010,0.933,0.057
434000,0.010,0.962,0.028
434500,0.010,0.924,0.066
435000,0.010,0.983,0.007
435500,0.010,0.985,0.005
436000,0.010,0.935,0.055
436500,0.010,0.950,0.040
437000,0.010,0.959,0.031
437500,0.010,0.905,0.085
438000,0.010,0.942,0.048
438500,0.010,0.973,0.017
439000,0.010,0.896,0.094
439500,0.010,0.990,0.000
440000,0.010,0.990,0.000
440500,0.010,0.850,0.140
441000,0.010,0.954,0.036
441500,0.010,0.895,0.095
442000,0.010,0.940,0.050
442500,0.010,0.990,0.000
443000,0.010,0.937,0.053
443500,0.010,0.972,0.018
444000,0.010,0.902,0.088
444500,0.010,0.964,0.026
445000,0.010,0.945,0.045
445500,0.010,0.971,0.019
446000,0.010,0.925,0.065
446500,0.010,0.944,0.046
447000,0.010,0.955,0.035
447500,0.010,0.952,0.038
448000,0.010,0.988,0.002
448500,0.010,0.921,0.069
449000,0.010,0.982,0.008
449500,0.010,0.916,0.074
450000,0.010,0.968,0.022
450500,0.010,0.847,0.143
451000,0.010,0.985,0.005
451500,0.010,0.950,0.040
452000,0.010,0.941,0.049
452500,0.010,0.978,0.012
453000,0.010,0.924,0.066
453500,0.010,0.983,0.007
454000,0.010,0.918,0.072
454500,0.010,0.945,0.045
455000,0.010,0.982,0.008
455500,0.010,0.965,0.025
456000,0.010,0.986,0.004
456500,0.010,0.964,0.026
457000,0.010,0.906,0.084
457500,0.010,0.946,0.044
458000,0.010,0.974,0.016
458500,0.010,0.989,0.001
459000,0.010,0.819,0.171
459500,0.010,0.937,0.053
460000,0.010,0.933,0.057
460500,0.010,0.988,0.002
461000,0.010,0.886,0.104
461500,0.010,0.906,0.084
462000,0.010,0.966,0.024
462500,0.010,0.957,0.033
463000,0.010,0.974,0.016
463500,0.010,0.952,0.038
464000,0.010,0.950,0.040
464500,0.010,0.965,0.025
465000,0.010,0.956,0.034
465500,0.010,0.990,0.000
466000,0.010,0.979,0.011
466500,0.010,0.964,0.026
467000,0.010,0.931,0.059
467500,0.010,0.961,0.029
468000,0.010,0.923,0.067
468500,0.010,0.948,0.042
469000,0.010,0.947,0.043
469500,0.010,0.949,0.041
470000,0.010,0.900,0.090
470500,0.010,0.963,0.027
471000,0.010,0.990,0.000
471500,0.010,0.969,0.021
472000,0.010,0.962,0.028
472500,0.010,0.948,0.042
473000,0.010,0.988,0.002
473500,0.010,0.986,0.004
474000,0.010,0.919,0.071
474500,0.010,0.968,0.022
475000,0.010,0.888,0.102
475500,0.010,0.933,0.057
476000,0.010,0.907,0.083
476500,0.010,0.975,0.015
477000,0.010,0.940,0.050
477500,0.010,0.968,0.022
478000,0.010,0.990,0.000
478500,0.010,0.966,0.024
479000,0.010,0.940,0.050
479500,0.010,0.988,0.002
480000,0.010,0.967,0.023
480500,0.010,0.869,0.121
481000,0.010,0.893,0.097
481500,0.010,0.970,0.020
482000,0.010,0.896,0.094
482500,0.010,0.973,0.017
483000,0.010,0.922,0.068
483500,0.010,0.988,0.002
484000,0.010,0.909,0.081
484500,0.010,0.950,0.040
485000,0.010,0.955,0.035
485500,0.010,0.979,0.011
486000,0.010,0.990,0.000
486500,0.010,0.932,0.058
487000,0.010,0.969,0.021
487500,0.010,0.951,0.039
488000,0.010,0.935,0.055
488500,0.010,0.989,0.001
489000,0.010,0.953,0.037
489500,0.010,0.990,0.000
490000,0.010,0.895,0.095
490500,0.010,0.959,0.031
491000,0.010,0.988,0.002
491500,0.010,0.922,0.068
492000,0.010,0.969,0.021
492500,0.010,0.937,0.053
493000,0.010,0.950,0.040
493500,0.010,0.934,0.056
494000,0.010,0.942,0.048
494500,0.010,0.951,0.039
495000,0.010,0.990,0.000
495500,0.010,0.935,0.055
496000,0.010,0.983,0.007
496500,0.010,0.979,0.011
497000,0.010,0.949,0.041
497500,0.010,0.836,0.154
498000,0.010,0.973,0.017
498500,0.010,0.855,0.135
499000,0.010,0.990,0.000
499500,0.010,0.930,0.060
500000,0.010,0.935,0.055
500500,0.010,0.961,0.029
501000,0.010,0.891,0.099
501500,0.010,0.918,0.072
502000,0.010,0.891,0.099
502500,0.010,0.795,0.195
503000,0.010,0.948,0.042
503500,0.010,0.951,0.039
504000,0.010,0.976,0.014
504500,0.010,0.952,0.038
505000,0.010,0.947,0.043
505500,0.010,0.886,0.104
506000,0.010,0.964,0.026
506500,0.010,0.970,0.020
507000,0.010,0.922,0.068
507500,0.010,0.777,0.213
508000,0.010,0.973,0.017
508500,0.010,0.955,0.035
509000,0.010,0.988,0.002
509500,0.010,0.941,0.049
510000,0.010,0.975,0.015
510500,0.010,0.948,0.042
511000,0.010,0.900,0.090
511500,0.010,0.983,0.007
512000,0.010,0.985,0.005
512500,0.010,0.949,0.041
513000,0.010,0.983,0.007
513500,0.010,0.963,0.027
514000,0.010,0.990,0.000
514500,0.010,0.960,0.030
515000,0.010,0.887,0.103
515500,0.010,0.962,0.028
516000,0.010,0.947,0.043
516500,0.010,0.983,0.007
517000,0.010,0.982,0.008
517500,0.010,0.953,0.037
518000,0.010,0.968,0.022
518500,0.010,0.990,0.000
519000,0.010,0.953,0.037
519500,0.010,0.985,0.005
520000,0.010,0.902,0.088
520500,0.010,0.988,0.002
521000,0.010,0.964,0.026
521500,0.010,0.923,0.067
522000,0.010,0.964,0.026
522500,0.010,0.895,0.095
523000,0.010,0.987,0.003
523500,0.010,0.927,0.063
524000,0.010,0.918,0.072
524500,0.010,0.952,0.038
525000,0.010,0.970,0.020
525500,0.010,0.919,0.071
526000,0.010,0.955,0.035
526500,0.010,0.852,0.138
527000,0.010,0.974,0.016
527500,0.010,0.829,0.161
528000,0.010,0.916,0.074
528500,0.010,0.799,0.191
529000,0.010,0.817,0.173
529500,0.010,0.903,0.087
530000,0.010,0.927,0.063
530500,0.010,0.953,0.037
531000,0.010,0.910,0.080
531500,0.010,0.959,0.031
532000,0.010,0.928,0.062
532500,0.010,0.807,0.183
533000,0.010,0.989,0.001
533500,0.010,0.989,0.001
534000,0.010,0.958,0.032
534500,0.010,0.961,0.029
535000,0.010,0.990,0.000
535500,0.010,0.851,0.139
536000,0.010,0.906,0.084
536500,0.010,0.941,0.049
537000,0.010,0.961,0.029
537500,0.010,0.866,0.124
538000,0.010,0.925,0.065
538500,0.010,0.922,0.068
539000,0.010,0.965,0.025
539500,0.010,0.923,0.067
540000,0.010,0.951,0.039
540500,0.010,0.856,0.134
541000,0.010,0.978,0.012
541500,0.010,0.935,0.055
542000,0.010,0.989,0.001
542500,0.010,0.990,0.000
543000,0.010,0.947,0.043
543500,0.010,0.972,0.018
544000,0.010,0.942,0.048
544500,0.010,0.963,0.027
545000,0.010,0.987,0.003
545500,0.010,0.960,0.030
546000,0.010,0.970,0.020
546500,0.010,0.988,0.002
547000,0.010,0.963,0.027
547500,0.010,0.930,0.060
548000,0.010,0.969,0.021
548500,0.010,0.970,0.020
549000,0.010,0.953,0.037
549500,0.010,0.927,0.063
550000,0.010,0.893,0.097
550500,0.010,0.959,0.031
551000,0.010,0.833,0.157
551500,0.010,0.985,0.005
552000,0.010,0.800,0.190
552500,0.010,0.956,0.034
553000,0.010,0.990,0.000
553500,0.010,0.956,0.034
554000,0.010,0.829,0.161
554500,0.010,0.981,0.009
555000,0.010,0.947,0.043
555500,0.010,0.954,0.036
556000,0.010,0.931,0.059
556500,0.010,0.988,0.002
557000,0.010,0.985,0.005
557500,0.010,0.883,0.107
558000,0.010,0.911,0.079
558500,0.010,0.920,0.070
559000,0.010,0.987,0.003
559500,0.010,0.980,0.010
560000,0.010,0.990,0.000
560500,0.010,0.958,0.032
561000,0.010,0.926,0.064
561500,0.010,0.933,0.057
562000,0.010,0.885,0.105
562500,0.010,0.955,0.035
563000,0.010,0.926,0.064
563500,0.010,0.951,0.039
564000,0.010,0.894,0.096
564500,0.010,0.987,0.003
565000,0.010,0.967,0.023
565500,0.010,0.862,0.128
566000,0.010,0.917,0.073
566500,0.010,0.891,0.099
567000,0.010,0.990,0.000
567500,0.010,0.855,0.135
568000,0.010,0.990,0.000
568500,0.010,0.943,0.047
569000,0.010,0.963,0.027
569500,0.010,0.761,0.229
570000,0.010,0.950,0.040
570500,0.010,0.938,0.052
571000,0.010,0.904,0.086
571500,0.010,0.910,0.080
572000,0.010,0.962,0.028
572500,0.010,0.964,0.026
573000,0.010,0.980,0.010
573500,0.010,0.905,0.085
574000,0.010,0.891,0.099
574500,0.010,0.965,0.025
575000,0.010,0.944,0.046
575500,0.010,0.988,0.002
576000,0.010,0.955,0.035
576500,0.010,0.969,0.021
577000,0.010,0.919,0.071
577500,0.010,0.971,0.019
578000,0.010,0.974,0.016
578500,0.010,0.989,0.001
579000,0.010,0.814,0.176
579500,0.010,0.986,0.004
580000,0.010,0.951,0.039
580500,0.010,0.985,0.005
581000,0.010,0.966,0.024
581500,0.010,0.989,0.001
582000,0.010,0.972,0.018
582500,0.010,0.984,0.006
583000,0.010,0.913,0.077
583500,0.010,0.913,0.077
584000,0.010,0.990,0.000
584500,0.010,0.964,0.026
585000,0.010,0.925,0.065
585500,0.010,0.840,0.150
586000,0.010,0.955,0.035
586500,0.010,0.963,0.027
587000,0.010,0.947,0.043
587500,0.010,0.949,0.041
588000,0.010,0.985,0.005
588500,0.010,0.952,0.038
589000,0.010,0.922,0.068
589500,0.010,0.956,0.034
590000,0.010,0.990,0.000
590500,0.010,0.970,0.020
591000,0.010,0.986,0.004
591500,0.010,0.942,0.048
592000,0.010,0.926,0.064
592500,0.010,0.966,0.024
593000,0.010,0.982,0.008
593500,0.010,0.981,0.009
594000,0.010,0.915,0.075
594500,0.010,0.952,0.038
595000,0.010,0.958,0.032
595500,0.010,0.990,0.000
596000,0.010,0.939,0.051
596500,0.010,0.940,0.050
597000,0.010,0.932,0.058
597500,0.010,0.962,0.028
598000,0.010,0.919,0.071
598500,0.010,0.948,0.042
599000,0.010,0.955,0.035
599500,0.010,0.854,0.136
600000,0.010,0.982,0.008
600500,0.010,0.940,0.050
601000,0.010,0.950,0.040
601500,0.010,0.956,0.034
602000,0.010,0.847,0.143
602500,0.010,0.938,0.052
603000,0.010,0.917,0.073
603500,0.010,0.962,0.028
604000,0.010,0.957,0.033
604500,0.010,0.988,0.002
605000,0.010,0.974,0.016
605500,0.010,0.928,0.062
606000,0.010,0.954,0.036
606500,0.010,0.935,0.055
607000,0.010,0.944,0.046
607500,0.010,0.975,0.015
608000,0.010,0.897,0.093
608500,0.010,0.990,0.000
609000,0.010,0.963,0.027
609500,0.010,0.908,0.082
610000,0.010,0.773,0.217
610500,0.010,0.857,0.133
611000,0.010,0.959,0.031
611500,0.010,0.954,0.036
612000,0.010,0.988,0.002
612500,0.010,0.982,0.008
613000,0.010,0.813,0.177
613500,0.010,0.843,0.147
614000,0.010,0.872,0.118
614500,0.010,0.944,0.046
615000,0.010,0.979,0.011
615500,0.010,0.968,0.022
616000,0.010,0.912,0.078
616500,0.010,0.990,0.000
617000,0.010,0.943,0.047
617500,0.010,0.945,0.045
618000,0.010,0.987,0.003
618500,0.010,0.966,0.024
619000,0.010,0.945,0.045
619500,0.010,0.923,0.067
620000,0.010,0.871,0.119
620500,0.010,0.891,0.099
621000,0.010,0.944,0.046
621500,0.010,0.973,0.017
622000,0.010,0.983,0.007
622500,0.010,0.987,0.003
623000,0.010,0.919,0.071
623500,0.010,0.881,0.109
624000,0.010,0.947,0.043
624500,0.010,0.925,0.065
625000,0.010,0.990,0.000
625500,0.010,0.883,0.107
626000,0.010,0.907,0.083
626500,0.010,0.990,0.000
627000,0.010,0.985,0.005
627500,0.010,0.986,0.004
628000,0.010,0.944,0.046
628500,0.010,0.952,0.038
629000,0.010,0.938,0.052
629500,0.010,0.900,0.090
630000,0.010,0.970,0.020
630500,0.010,0.953,0.037
631000,0.010,0.922,0.068
631500,0.010,0.965,0.025
632000,0.010,0.961,0.029
632500,0.010,0.965,0.025
633000,0.010,0.988,0.002
633500,0.010,0.990,0.000
634000,0.010,0.945,0.045
634500,0.010,0.949,0.041
635000,0.010,0.956,0.034
635500,0.010,0.956,0.034
636000,0.010,0.974,0.016
636500,0.010,0.773,0.217
637000,0.010,0.956,0.034
637500,0.010,0.983,0.007
638000,0.010,0.989,0.001
638500,0.010,0.894,0.096
639000,0.010,0.949,0.041
639500,0.010,0.934,0.056
640000,0.010,0.889,0.101
640500,0.010,0.986,0.004
641000,0.010,0.977,0.013
641500,0.010,0.989,0.001
642000,0.010,0.980,0.010
642500,0.010,0.953,0.037
643000,0.010,0.957,0.033
643500,0.010,0.981,0.009
644000,0.010,0.919,0.071
644500,0.010,0.926,0.064
645000,0.010,0.891,0.099
645500,0.010,0.977,0.013
646000,0.010,0.989,0.001
646500,0.010,0.989,0.001
647000,0.010,0.990,0.000
647500,0.010,0.972,0.018
648000,0.010,0.875,0.115
648500,0.010,0.990,0.000
649000,0.010,0.901,0.089
649500,0.010,0.951,0.039
650000,0.010,0.989,0.001
650500,0.010,0.965,0.025
651000,0.010,0.977,0.013
651500,0.010,0.911,0.079
652000,0.010,0.951,0.039
652500,0.010,0.990,0.000
653000,0.010,0.937,0.053
653500,0.010,0.974,0.016
654000,0.010,0.934,0.056
654500,0.010,0.887,0.103
655000,0.010,0.866,0.124
655500,0.010,0.966,0.024
656000,0.010,0.989,0.001
656500,0.010,0.934,0.056
657000,0.010,0.977,0.013
657500,0.010,0.963,0.027
658000,0.010,0.886,0.104
658500,0.010,0.984,0.006
659000,0.010,0.983,0.007
659500,0.010,0.990,0.000
660000,0.010,0.910,0.080
660500,0.010,0.959,0.031
661000,0.010,0.990,0.000
661500,0.010,0.896,0.094
662000,0.010,0.957,0.033
662500,0.010,0.965,0.025
663000,0.010,0.965,0.025
663500,0.010,0.847,0.143
664000,0.010,0.984,0.006
664500,0.010,0.965,0.025
665000,0.010,0.948,0.042
665500,0.010,0.972,0.018
666000,0.010,0.959,0.031
666500,0.010,0.969,0.021
667000,0.010,0.975,0.015
667500,0.010,0.984,0.006
668000,0.010,0.787,0.203
668500,0.010,0.990,0.000
669000,0.010,0.962,0.028
669500,0.010,0.971,0.019
670000,0.010,0.988,0.002
670500,0.010,0.971,0.019
671000,0.010,0.927,0.063
671500,0.010,0.950,0.040
672000,0.010,0.920,0.070
672500,0.010,0.960,0.030
673000,0.010,0.946,0.044
673500,0.010,0.975,0.015
674000,0.010,0.897,0.093
674500,0.010,0.986,0.004
675000,0.010,0.839,0.151
675500,0.010,0.959,0.031
676000,0.010,0.988,0.002
676500,0.010,0.904,0.086
677000,0.010,0.942,0.048
677500,0.010,0.968,0.022
678000,0.010,0.912,0.078
678500,0.010,0.966,0.024
679000,0.010,0.972,0.018
679500,0.010,0.981,0.009
680000,0.010,0.922,0.068
680500,0.010,0.961,0.029
681000,0.010,0.919,0.071
681500,0.010,0.936,0.054
682000,0.010,0.968,0.022
682500,0.010,0.984,0.006
683000,0.010,0.942,0.048
683500,0.010,0.944,0.046
684000,0.010,0.913,0.077
684500,0.010,0.952,0.038
685000,0.010,0.964,0.026
685500,0.010,0.860,0.130
686000,0.010,0.988,0.002
686500,0.010,0.990,0.000
687000,0.010,0.956,0.034
687500,0.010,0.855,0.135
688000,0.010,0.880,0.110
688500,0.010,0.978,0.012
689000,0.010,0.831,0.159
689500,0.010,0.923,0.067
690000,0.010,0.986,0.004
690500,0.010,0.990,0.000
691000,0.010,0.945,0.045
691500,0.010,0.873,0.117
692000,0.010,0.912,0.078
692500,0.010,0.986,0.004
693000,0.010,0.924,0.066
693500,0.010,0.927,0.063
694000,0.010,0.990,0.000
694500,0.010,0.899,0.091
695000,0.010,0.937,0.053
695500,0.010,0.897,0.093
696000,0.010,0.938,0.052
696500,0.010,0.979,0.011
697000,0.010,0.940,0.050
697500,0.010,0.955,0.035
698000,0.010,0.942,0.048
698500,0.010,0.988,0.002
699000,0.010,0.886,0.104
699500,0.010,0.910,0.080
700000,0.010,0.962,0.028
700500,0.010,0.982,0.008
701000,0.010,0.943,0.047
701500,0.010,0.944,0.046
702000,0.010,0.965,0.025
702500,0.010,0.889,0.101
703000,0.010,0.854,0.136
703500,0.010,0.981,0.009
704000,0.010,0.899,0.091
704500,0.010,0.969,0.021
705000,0.010,0.890,0.100
705500,0.010,0.989,0.001
706000,0.010,0.804,0.186
706500,0.010,0.946,0.044
707000,0.010,0.880,0.110
707500,0.010,0.769,0.221
708000,0.010,0.982,0.008
708500,0.010,0.980,0.010
709000,0.010,0.937,0.053
709500,0.010,0.977,0.013
710000,0.010,0.974,0.016
710500,0.010,0.973,0.017
711000,0.010,0.924,0.066
711500,0.010,0.913,0.077
712000,0.010,0.959,0.031
712500,0.010,0.964,0.026
713000,0.010,0.953,0.037
713500,0.010,0.835,0.155
714000,0.010,0.888,0.102
714500,0.010,0.989,0.001
715000,0.010,0.868,0.122
715500,0.010,0.884,0.106
716000,0.010,0.981,0.009
716500,0.010,0.986,0.004
717000,0.010,0.955,0.035
717500,0.010,0.950,0.040
718000,0.010,0.790,0.200
718500,0.010,0.813,0.177
719000,0.010,0.959,0.031
719500,0.010,0.953,0.037
720000,0.010,0.903,0.087
720500,0.010,0.972,0.018
721000,0.010,0.916,0.074
721500,0.010,0.834,0.156
722000,0.010,0.958,0.032
722500,0.010,0.983,0.007
723000,0.010,0.801,0.189
723500,0.010,0.844,0.146
724000,0.010,0.918,0.072
724500,0.010,0.947,0.043
725000,0.010,0.913,0.077
725500,0.010,0.942,0.048
726000,0.010,0.974,0.016
726500,0.010,0.985,0.005
727000,0.010,0.990,0.000
727500,0.010,0.921,0.069
728000,0.010,0.937,0.053
728500,0.010,0.961,0.029
729000,0.010,0.937,0.053
729500,0.010,0.989,0.001
730000,0.010,0.956,0.034
730500,0.010,0.954,0.036
731000,0.010,0.954,0.036
731500,0.010,0.973,0.017
732000,0.010,0.945,0.045
732500,0.010,0.927,0.063
733000,0.010,0.776,0.214
733500,0.010,0.981,0.009
734000,0.010,0.969,0.021
734500,0.010,0.960,0.030
735000,0.010,0.969,0.021
735500,0.010,0.923,0.067
736000,0.010,0.883,0.107
736500,0.010,0.953,0.037
737000,0.010,0.739,0.251
737500,0.010,0.927,0.063
738000,0.010,0.974,0.016
738500,0.010,0.935,0.055
739000,0.010,0.854,0.136
739500,0.010,0.983,0.007
740000,0.010,0.955,0.035
740500,0.010,0.941,0.049
741000,0.010,0.973,0.017
741500,0.010,0.956,0.034
742000,0.010,0.967,0.023
742500,0.010,0.987,0.003
743000,0.010,0.988,0.002
743500,0.010,0.940,0.050
744000,0.010,0.889,0.101
744500,0.010,0.937,0.053
745000,0.010,0.921,0.069
745500,0.010,0.985,0.005
746000,0.010,0.990,0.000
746500,0.010,0.959,0.031
747000,0.010,0.968,0.022
747500,0.010,0.968,0.022
748000,0.010,0.970,0.020
748500,0.010,0.871,0.119
749000,0.010,0.990,0.000
749500,0.010,0.937,0.053
750000,0.010,0.977,0.013
750500,0.010,0.912,0.078
751000,0.010,0.990,0.000
751500,0.010,0.989,0.001
752000,0.010,0.854,0.136
752500,0.010,0.967,0.023
753000,0.010,0.988,0.002
753500,0.010,0.966,0.024
754000,0.010,0.975,0.015
754500,0.010,0.986,0.004
755000,0.010,0.990,0.000
755500,0.010,0.944,0.046
756000,0.010,0.940,0.050
756500,0.010,0.989,0.001
757000,0.010,0.874,0.116
757500,0.010,0.942,0.048
758000,0.010,0.884,0.106
758500,0.010,0.983,0.007
759000,0.010,0.878,0.112
759500,0.010,0.943,0.047
760000,0.010,0.965,0.025
760500,0.010,0.968,0.022
761000,0.010,0.796,0.194
761500,0.010,0.937,0.053
762000,0.010,0.986,0.004
762500,0.010,0.871,0.119
763000,0.010,0.949,0.041
763500,0.010,0.981,0.009
764000,0.010,0.878,0.112
764500,0.010,0.990,0.000
765000,0.010,0.951,0.039
765500,0.010,0.924,0.066
766000,0.010,0.950,0.040
766500,0.010,0.948,0.042
767000,0.010,0.928,0.062
767500,0.010,0.963,0.027
768000,0.010,0.939,0.051
768500,0.010,0.942,0.048
769000,0.010,0.946,0.044
769500,0.010,0.978,0.012
770000,0.010,0.930,0.060
770500,0.010,0.950,0.040
771000,0.010,0.989,0.001
771500,0.010,0.961,0.029
772000,0.010,0.915,0.075
772500,0.010,0.875,0.115
773000,0.010,0.887,0.103
773500,0.010,0.974,0.016
774000,0.010,0.883,0.107
774500,0.010,0.974,0.016
775000,0.010,0.948,0.042
775500,0.010,0.962,0.028
776000,0.010,0.974,0.016
776500,0.010,0.986,0.004
777000,0.010,0.909,0.081
777500,0.010,0.885,0.105
778000,0.010,0.970,0.020
778500,0.010,0.865,0.125
779000,0.010,0.903,0.087
779500,0.010,0.964,0.026
780000,0.010,0.979,0.011
780500,0.010,0.894,0.096
781000,0.010,0.990,0.000
781500,0.010,0.968,0.022
782000,0.010,0.959,0.031
782500,0.010,0.947,0.043
783000,0.010,0.974,0.016
783500,0.010,0.926,0.064
784000,0.010,0.950,0.040
784500,0.010,0.981,0.009
785000,0.010,0.981,0.009
785500,0.010,0.915,0.075
786000,0.010,0.880,0.110
786500,0.010,0.988,0.002
787000,0.010,0.951,0.039
787500,0.010,0.845,0.145
788000,0.010,0.900,0.090
788500,0.010,0.985,0.005
789000,0.010,0.917,0.073
789500,0.010,0.946,0.044
790000,0.010,0.945,0.045
790500,0.010,0.989,0.001
791000,0.010,0.943,0.047
791500,0.010,0.908,0.082
792000,0.010,0.940,0.050
792500,0.010,0.802,0.188
793000,0.010,0.965,0.025
793500,0.010,0.976,0.014
794000,0.010,0.886,0.104
794500,0.010,0.950,0.040
795000,0.010,0.928,0.062
795500,0.010,0.859,0.131
796000,0.010,0.972,0.018
796500,0.010,0.980,0.010
797000,0.010,0.956,0.034
797500,0.010,0.966,0.024
798000,0.010,0.971,0.019
798500,0.010,0.955,0.035
799000,0.010,0.939,0.051
799500,0.010,0.971,0.019
800000,0.010,0.956,0.034
800500,0.010,0.963,0.027
801000,0.010,0.990,0.000
801500,0.010,0.919,0.071
802000,0.010,0.893,0.097
802500,0.010,0.912,0.078
803000,0.010,0.946,0.044
803500,0.010,0.933,0.057
804000,0.010,0.982,0.008
804500,0.010,0.990,0.000
805000,0.010,0.921,0.069
805500,0.010,0.958,0.032
806000,0.010,0.986,0.004
806500,0.010,0.990,0.000
807000,0.010,0.982,0.008
807500,0.010,0.948,0.042
808000,0.010,0.980,0.010
808500,0.010,0.977,0.013
809000,0.010,0.965,0.025
809500,0.010,0.986,0.004
810000,0.010,0.981,0.009
810500,0.010,0.955,0.035
811000,0.010,0.959,0.031
811500,0.010,0.975,0.015
812000,0.010,0.892,0.098
812500,0.010,0.926,0.064
813000,0.010,0.904,0.086
813500,0.010,0.986,0.004
814000,0.010,0.974,0.016
814500,0.010,0.873,0.117
815000,0.010,0.988,0.002
815500,0.010,0.990,0.000
816000,0.010,0.923,0.067
816500,0.010,0.940,0.050
817000,0.010,0.971,0.019
817500,0.010,0.988,0.002
818000,0.010,0.983,0.007
818500,0.010,0.969,0.021
819000,0.010,0.928,0.062
819500,0.010,0.985,0.005
820000,0.010,0.940,0.050
820500,0.010,0.987,0.003
821000,0.010,0.944,0.046
821500,0.010,0.967,0.023
822000,0.010,0.988,0.002
822500,0.010,0.990,0.000
823000,0.010,0.918,0.072
823500,0.010,0.970,0.020
824000,0.010,0.956,0.034
824500,0.010,0.938,0.052
825000,0.010,0.947,0.043
825500,0.010,0.967,0.023
826000,0.010,0.892,0.098
826500,0.010,0.902,0.088
827000,0.010,0.942,0.048
827500,0.010,0.983,0.007
828000,0.010,0.920,0.070
828500,0.010,0.988,0.002
829000,0.010,0.749,0.241
829500,0.010,0.987,0.003
830000,0.010,0.980,0.010
830500,0.010,0.960,0.030
831000,0.010,0.874,0.116
831500,0.010,0.894,0.096
832000,0.010,0.984,0.006
832500,0.010,0.919,0.071
833000,0.010,0.985,0.005
833500,0.010,0.972,0.018
834000,0.010,0.938,0.052
834500,0.010,0.977,0.013
835000,0.010,0.990,0.000
835500,0.010,0.978,0.012
836000,0.010,0.922,0.068
836500,0.010,0.989,0.001
837000,0.010,0.869,0.121
837500,0.010,0.985,0.005
838000,0.010,0.984,0.006
838500,0.010,0.832,0.158
839000,0.010,0.843,0.147
839500,0.010,0.909,0.081
840000,0.010,0.989,0.001
840500,0.010,0.925,0.065
841000,0.010,0.934,0.056
841500,0.010,0.960,0.030
842000,0.010,0.976,0.014
842500,0.010,0.858,0.132
843000,0.010,0.878,0.112
843500,0.010,0.970,0.020
844000,0.010,0.955,0.035
844500,0.010,0.970,0.020
845000,0.010,0.973,0.017
845500,0.010,0.950,0.040
846000,0.010,0.902,0.088
846500,0.010,0.904,0.086
847000,0.010,0.958,0.032
847500,0.010,0.979,0.011
848000,0.010,0.967,0.023
848500,0.010,0.940,0.050
849000,0.010,0.990,0.000
849500,0.010,0.979,0.011
850000,0.010,0.972,0.018
850500,0.010,0.947,0.043
851000,0.010,0.985,0.005
851500,0.010,0.969,0.021
852000,0.010,0.990,0.000
852500,0.010,0.943,0.047
853000,0.010,0.933,0.057
853500,0.010,0.914,0.076
854000,0.010,0.869,0.121
854500,0.010,0.988,0.002
855000,0.010,0.949,0.041
855500,0.010,0.990,0.000
856000,0.010,0.981,0.009
856500,0.010,0.837,0.153
857000,0.010,0.977,0.013
857500,0.010,0.911,0.079
858000,0.010,0.888,0.102
858500,0.010,0.982,0.008
859000,0.010,0.942,0.048
859500,0.010,0.983,0.007
860000,0.010,0.981,0.009
860500,0.010,0.988,0.002
861000,0.010,0.985,0.005
861500,0.010,0.957,0.033
862000,0.010,0.808,0.182
862500,0.010,0.873,0.117
863000,0.010,0.907,0.083
863500,0.010,0.950,0.040
864000,0.010,0.966,0.024
864500,0.010,0.973,0.017
865000,0.010,0.955,0.035
865500,0.010,0.911,0.079
866000,0.010,0.897,0.093
866500,0.010,0.990,0.000
867000,0.010,0.931,0.059
867500,0.010,0.972,0.018
868000,0.010,0.975,0.015
868500,0.010,0.888,0.102
869000,0.010,0.930,0.060
869500,0.010,0.990,0.000
870000,0.010,0.945,0.045
870500,0.010,0.965,0.025
871000,0.010,0.988,0.002
871500,0.010,0.990,0.000
872000,0.010,0.972,0.018
872500,0.010,0.990,0.000
873000,0.010,0.973,0.017
873500,0.010,0.971,0.019
874000,0.010,0.972,0.018
874500,0.010,0.936,0.054
875000,0.010,0.925,0.065
875500,0.010,0.960,0.030
876000,0.010,0.940,0.050
876500,0.010,0.925,0.065
877000,0.010,0.983,0.007
877500,0.010,0.954,0.036
878000,0.010,0.978,0.012
878500,0.010,0.969,0.021
879000,0.010,0.965,0.025
879500,0.010,0.980,0.010
880000,0.010,0.972,0.018
880500,0.010,0.821,0.169
881000,0.010,0.937,0.053
881500,0.010,0.953,0.037
882000,0.010,0.948,0.042
882500,0.010,0.974,0.016
883000,0.010,0.872,0.118
883500,0.010,0.868,0.122
884000,0.010,0.930,0.060
884500,0.010,0.976,0.014
885000,0.010,0.989,0.001
885500,0.010,0.966,0.024
886000,0.010,0.989,0.001
886500,0.010,0.990,0.000
887000,0.010,0.989,0.001
887500,0.010,0.981,0.009
888000,0.010,0.945,0.045
888500,0.010,0.963,0.027
889000,0.010,0.990,0.000
889500,0.010,0.894,0.096
890000,0.010,0.918,0.072
890500,0.010,0.887,0.103
891000,0.010,0.923,0.067
891500,0.010,0.929,0.061
892000,0.010,0.989,0.001
892500,0.010,0.958,0.032
893000,0.010,0.989,0.001
893500,0.010,0.981,0.009
894000,0.010,0.990,0.000
894500,0.010,0.957,0.033
895000,0.010,0.989,0.001
895500,0.010,0.971,0.019
896000,0.010,0.818,0.172
896500,0.010,0.948,0.042
897000,0.010,0.980,0.010
897500,0.010,0.981,0.009
898000,0.010,0.956,0.034
898500,0.010,0.955,0.035
899000,0.010,0.941,0.049
899500,0.010,0.987,0.003
900000,0.010,0.990,0.000
900500,0.010,0.984,0.006
901000,0.010,0.948,0.042
901500,0.010,0.973,0.017
902000,0.010,0.990,0.000
902500,0.010,0.951,0.039
903000,0.010,0.951,0.039
903500,0.010,0.970,0.020
904000,0.010,0.942,0.048
904500,0.010,0.929,0.061
905000,0.010,0.981,0.009
905500,0.010,0.866,0.124
906000,0.010,0.910,0.080
906500,0.010,0.960,0.030
907000,0.010,0.948,0.042
907500,0.010,0.959,0.031
908000,0.010,0.931,0.059
908500,0.010,0.959,0.031
909000,0.010,0.974,0.016
909500,0.010,0.979,0.011
910000,0.010,0.977,0.013
910500,0.010,0.928,0.062
911000,0.010,0.986,0.004
911500,0.010,0.990,0.000
912000,0.010,0.988,0.002
912500,0.010,0.965,0.025
913000,0.010,0.978,0.012
913500,0.010,0.895,0.095
914000,0.010,0.982,0.008
914500,0.010,0.910,0.080
915000,0.010,0.946,0.044
915500,0.010,0.954,0.036
916000,0.010,0.969,0.021
916500,0.010,0.916,0.074
917000,0.010,0.909,0.081
917500,0.010,0.863,0.127
918000,0.010,0.863,0.127
918500,0.010,0.955,0.035
919000,0.010,0.937,0.053
919500,0.010,0.955,0.035
920000,0.010,0.956,0.034
920500,0.010,0.969,0.021
921000,0.010,0.954,0.036
921500,0.010,0.863,0.127
922000,0.010,0.789,0.201
922500,0.010,0.952,0.038
923000,0.010,0.970,0.020
923500,0.010,0.885,0.105
924000,0.010,0.990,0.000
924500,0.010,0.981,0.009
925000,0.010,0.972,0.018
925500,0.010,0.919,0.071
926000,0.010,0.859,0.131
926500,0.010,0.974,0.016
927000,0.010,0.990,0.000
927500,0.010,0.990,0.000
928000,0.010,0.948,0.042
928500,0.010,0.901,0.089
929000,0.010,0.963,0.027
929500,0.010,0.923,0.067
930000,0.010,0.951,0.039
930500,0.010,0.972,0.018
931000,0.010,0.962,0.028
931500,0.010,0.924,0.066
932000,0.010,0.971,0.019
932500,0.010,0.890,0.100
933000,0.010,0.970,0.020
933500,0.010,0.925,0.065
934000,0.010,0.952,0.038
934500,0.010,0.903,0.087
935000,0.010,0.936,0.054
935500,0.010,0.990,0.000
936000,0.010,0.982,0.008
936500,0.010,0.990,0.000
937000,0.010,0.863,0.127
937500,0.010,0.864,0.126
938000,0.010,0.859,0.131
938500,0.010,0.960,0.030
939000,0.010,0.963,0.027
939500,0.010,0.925,0.065
940000,0.010,0.990,0.000
940500,0.010,0.990,0.000
941000,0.010,0.980,0.010
941500,0.010,0.980,0.010
942000,0.010,0.961,0.029
942500,0.010,0.932,0.058
943000,0.010,0.988,0.002
943500,0.010,0.955,0.035
944000,0.010,0.799,0.191
944500,0.010,0.983,0.007
945000,0.010,0.924,0.066
945500,0.010,0.982,0.008
946000,0.010,0.989,0.001
946500,0.010,0.989,0.001
947000,0.010,0.989,0.001
947500,0.010,0.990,0.000
948000,0.010,0.852,0.138
948500,0.010,0.821,0.169
949000,0.010,0.937,0.053
949500,0.010,0.990,0.000
950000,0.010,0.893,0.097
950500,0.010,0.951,0.039
951000,0.010,0.918,0.072
951500,0.010,0.801,0.189
952000,0.010,0.988,0.002
952500,0.010,0.924,0.066
953000,0.010,0.984,0.006
953500,0.010,0.916,0.074
954000,0.010,0.984,0.006
954500,0.010,0.975,0.015
955000,0.010,0.957,0.033
955500,0.010,0.943,0.047
956000,0.010,0.878,0.112
956500,0.010,0.932,0.058
957000,0.010,0.888,0.102
957500,0.010,0.825,0.165
958000,0.010,0.938,0.052
958500,0.010,0.807,0.183
959000,0.010,0.885,0.105
959500,0.010,0.915,0.075
960000,0.010,0.967,0.023
960500,0.010,0.965,0.025
961000,0.010,0.906,0.084
961500,0.010,0.929,0.061
962000,0.010,0.941,0.049
962500,0.010,0.987,0.003
963000,0.010,0.964,0.026
963500,0.010,0.888,0.102
964000,0.010,0.974,0.016
964500,0.010,0.958,0.032
965000,0.010,0.984,0.006
965500,0.010,0.902,0.088
966000,0.010,0.986,0.004
966500,0.010,0.990,0.000
967000,0.010,0.990,0.000
967500,0.010,0.969,0.021
968000,0.010,0.964,0.026
968500,0.010,0.927,0.063
969000,0.010,0.985,0.005
969500,0.010,0.977,0.013
970000,0.010,0.896,0.094
970500,0.010,0.924,0.066
971000,0.010,0.908,0.082
971500,0.010,0.884,0.106
972000,0.010,0.976,0.014
972500,0.010,0.982,0.008
973000,0.010,0.980,0.010
973500,0.010,0.980,0.010
974000,0.010,0.988,0.002
974500,0.010,0.978,0.012
975000,0.010,0.944,0.046
975500,0.010,0.950,0.040
976000,0.010,0.814,0.176
976500,0.010,0.981,0.009
977000,0.010,0.931,0.059
977500,0.010,0.957,0.033
978000,0.010,0.952,0.038
978500,0.010,0.987,0.003
979000,0.010,0.934,0.056
979500,0.010,0.927,0.063
980000,0.010,0.960,0.030
980500,0.010,0.984,0.006
981000,0.010,0.939,0.051
981500,0.010,0.956,0.034
982000,0.010,0.950,0.040
982500,0.010,0.939,0.051
983000,0.010,0.973,0.017
983500,0.010,0.965,0.025
984000,0.010,0.990,0.000
984500,0.010,0.973,0.017
985000,0.010,0.910,0.080
985500,0.010,0.974,0.016
986000,0.010,0.917,0.073
986500,0.010,0.957,0.033
987000,0.010,0.988,0.002
987500,0.010,0.958,0.032
988000,0.010,0.960,0.030
988500,0.010,0.911,0.079
989000,0.010,0.893,0.097
989500,0.010,0.985,0.005
990000,0.010,0.976,0.014
990500,0.010,0.965,0.025
991000,0.010,0.990,0.000
991500,0.010,0.979,0.011
992000,0.010,0.975,0.015
992500,0.010,0.918,0.072
993000,0.010,0.967,0.023
993500,0.010,0.921,0.069
994000,0.010,0.923,0.067
994500,0.010,0.989,0.001
995000,0.010,0.982,0.008
995500,0.010,0.917,0.073
996000,0.010,0.970,0.020
996500,0.010,0.944,0.046
997000,0.010,0.952,0.038
997500,0.010,0.987,0.003
998000,0.010,0.946,0.044
998500,0.010,0.944,0.046
999000,0.010,0.974,0.016
999500,0.010,0.910,0.080
1000000,0.010,0.908,0.082
