time,n_A+p,n_B,n_AB
500,0.080,0.732,0.189
1000,0.080,0.488,0.432
1500,0.080,0.361,0.559
2000,0.080,0.339,0.581
2500,0.085,0.299,0.617
3000,0.104,0.261,0.635
3500,0.106,0.233,0.661
4000,0.126,0.175,0.699
4500,0.174,0.129,0.697
5000,0.205,0.106,0.689
5500,0.351,0.038,0.611
6000,0.549,0.014,0.436
6500,0.667,0.003,0.330
7000,0.740,0.000,0.260
7500,0.782,0.000,0.218
8000,0.835,0.000,0.165
8500,0.869,0.000,0.131
9000,0.903,0.000,0.097
9500,0.903,0.000,0.097
10000,0.927,0.000,0.073
10500,0.953,0.000,0.047
11000,0.969,0.000,0.031
11500,0.975,0.000,0.025
12000,0.980,0.000,0.020
12500,0.995,0.000,0.005
13000,0.997,0.000,0.003
13500,0.995,0.000,0.005
14000,0.998,0.000,0.002
14500,0.999,0.000,0.001
15000,1.000,0.000,0.000
15500,1.000,0.000,0.000
