time,n_A+p,n_B,n_AB
500,0.080,0.756,0.164
1000,0.080,0.636,0.284
1500,0.080,0.505,0.415
2000,0.080,0.411,0.509
2500,0.081,0.366,0.553
3000,0.088,0.326,0.585
3500,0.098,0.272,0.631
4000,0.105,0.233,0.662
4500,0.116,0.197,0.687
5000,0.131,0.168,0.701
5500,0.170,0.143,0.686
6000,0.241,0.090,0.669
6500,0.272,0.057,0.671
7000,0.393,0.029,0.579
7500,0.552,0.009,0.439
8000,0.644,0.004,0.352
8500,0.672,0.002,0.326
9000,0.740,0.001,0.260
9500,0.807,0.000,0.193
10000,0.836,0.000,0.164
10500,0.860,0.000,0.140
11000,0.904,0.000,0.096
11500,0.930,0.000,0.070
12000,0.960,0.000,0.040
12500,0.978,0.000,0.022
13000,0.987,0.000,0.013
13500,0.984,0.000,0.016
14000,0.992,0.000,0.008
14500,0.998,0.000,0.002
15000,0.998,0.000,0.002
15500,0.997,0.000,0.003
16000,0.990,0.000,0.010
16500,0.997,0.000,0.003
17000,0.998,0.000,0.002
17500,0.985,0.000,0.015
18000,0.984,0.000,0.016
18500,0.993,0.000,0.007
19000,0.996,0.000,0.004
19500,0.997,0.000,0.003
20000,0.999,0.000,0.001
20500,1.000,0.000,0.000
