time,n_A+p,n_B,n_AB
500,0.010,0.990,0.000
1000,0.010,0.940,0.050
1500,0.010,0.888,0.102
2000,0.010,0.946,0.044
2500,0.010,0.929,0.061
3000,0.010,0.859,0.131
3500,0.010,0.901,0.089
4000,0.010,0.953,0.037
4500,0.010,0.989,0.001
5000,0.010,0.935,0.055
5500,0.010,0.987,0.003
6000,0.010,0.923,0.067
6500,0.010,0.990,0.000
7000,0.010,0.949,0.041
7500,0.010,0.989,0.001
8000,0.010,0.945,0.045
8500,0.010,0.918,0.072
9000,0.010,0.930,0.060
9500,0.010,0.986,0.004
10000,0.010,0.987,0.003
10500,0.010,0.986,0.004
11000,0.010,0.916,0.074
11500,0.010,0.940,0.050
12000,0.010,0.973,0.017
12500,0.010,0.955,0.035
13000,0.010,0.888,0.102
13500,0.010,0.968,0.022
14000,0.010,0.990,0.000
14500,0.010,0.976,0.014
15000,0.010,0.890,0.100
15500,0.010,0.963,0.027
16000,0.010,0.950,0.040
16500,0.010,0.953,0.037
17000,0.010,0.973,0.017
17500,0.010,0.946,0.044
18000,0.010,0.915,0.075
18500,0.010,0.969,0.021
19000,0.010,0.981,0.009
19500,0.010,0.971,0.019
20000,0.010,0.940,0.050
20500,0.010,0.932,0.058
21000,0.010,0.989,0.001
21500,0.010,0.927,0.063
22000,0.010,0.979,0.011
22500,0.010,0.849,0.141
23000,0.010,0.971,0.019
23500,0.010,0.953,0.037
24000,0.010,0.982,0.008
24500,0.010,0.884,0.106
25000,0.010,0.874,0.116
25500,0.010,0.959,0.031
26000,0.010,0.970,0.020
26500,0.010,0.948,0.042
27000,0.010,0.948,0.042
27500,0.010,0.969,0.021
28000,0.010,0.967,0.023
28500,0.010,0.942,0.048
29000,0.010,0.950,0.040
29500,0.010,0.981,0.009
30000,0.010,0.952,0.038
30500,0.010,0.917,0.073
31000,0.010,0.930,0.060
31500,0.010,0.849,0.141
32000,0.010,0.989,0.001
32500,0.010,0.976,0.014
33000,0.010,0.940,0.050
33500,0.010,0.880,0.110
34000,0.010,0.939,0.051
34500,0.010,0.930,0.060
35000,0.010,0.987,0.003
35500,0.010,0.989,0.001
36000,0.010,0.981,0.009
36500,0.010,0.868,0.122
37000,0.010,0.838,0.152
37500,0.010,0.943,0.047
38000,0.010,0.913,0.077
38500,0.010,0.947,0.043
39000,0.010,0.861,0.129
39500,0.010,0.971,0.019
40000,0.010,0.926,0.064
40500,0.010,0.874,0.116
41000,0.010,0.947,0.043
41500,0.010,0.962,0.028
42000,0.010,0.961,0.029
42500,0.010,0.831,0.159
43000,0.010,0.940,0.050
43500,0.010,0.990,0.000
44000,0.010,0.906,0.084
44500,0.010,0.876,0.114
45000,0.010,0.904,0.086
45500,0.010,0.975,0.015
46000,0.010,0.949,0.041
46500,0.010,0.978,0.012
47000,0.010,0.988,0.002
47500,0.010,0.965,0.025
48000,0.010,0.980,0.010
48500,0.010,0.911,0.079
49000,0.010,0.975,0.015
49500,0.010,0.982,0.008
50000,0.010,0.847,0.143
50500,0.010,0.949,0.041
51000,0.010,0.935,0.055
51500,0.010,0.879,0.111
52000,0.010,0.875,0.115
52500,0.010,0.937,0.053
53000,0.010,0.960,0.030
53500,0.010,0.962,0.028
54000,0.010,0.887,0.103
54500,0.010,0.939,0.051
55000,0.010,0.988,0.002
55500,0.010,0.948,0.042
56000,0.010,0.976,0.014
56500,0.010,0.988,0.002
57000,0.010,0.931,0.059
57500,0.010,0.937,0.053
58000,0.010,0.981,0.009
58500,0.010,0.967,0.023
59000,0.010,0.945,0.045
59500,0.010,0.981,0.009
60000,0.010,0.871,0.119
60500,0.010,0.984,0.006
61000,0.010,0.928,0.062
61500,0.010,0.902,0.088
62000,0.010,0.959,0.031
62500,0.010,0.990,0.000
63000,0.010,0.980,0.010
63500,0.010,0.967,0.023
64000,0.010,0.967,0.023
64500,0.010,0.863,0.127
65000,0.010,0.945,0.045
65500,0.010,0.986,0.004
66000,0.010,0.980,0.010
66500,0.010,0.882,0.108
67000,0.010,0.880,0.110
67500,0.010,0.986,0.004
68000,0.010,0.976,0.014
68500,0.010,0.976,0.014
69000,0.010,0.988,0.002
69500,0.010,0.932,0.058
70000,0.010,0.990,0.000
70500,0.010,0.908,0.082
71000,0.010,0.953,0.037
71500,0.010,0.957,0.033
72000,0.010,0.917,0.073
72500,0.010,0.947,0.043
73000,0.010,0.915,0.075
73500,0.010,0.967,0.023
74000,0.010,0.964,0.026
74500,0.010,0.921,0.069
75000,0.010,0.941,0.049
75500,0.010,0.956,0.034
76000,0.010,0.987,0.003
76500,0.010,0.981,0.009
77000,0.010,0.956,0.034
77500,0.010,0.940,0.050
78000,0.010,0.924,0.066
78500,0.010,0.953,0.037
79000,0.010,0.982,0.008
79500,0.010,0.955,0.035
80000,0.010,0.981,0.009
80500,0.010,0.928,0.062
81000,0.010,0.967,0.023
81500,0.010,0.944,0.046
82000,0.010,0.966,0.024
82500,0.010,0.859,0.131
83000,0.010,0.933,0.057
83500,0.010,0.888,0.102
84000,0.010,0.971,0.019
84500,0.010,0.970,0.020
85000,0.010,0.981,0.009
85500,0.010,0.889,0.101
86000,0.010,0.962,0.028
86500,0.010,0.963,0.027
87000,0.010,0.987,0.003
87500,0.010,0.939,0.051
88000,0.010,0.976,0.014
88500,0.010,0.779,0.211
89000,0.010,0.942,0.048
89500,0.010,0.989,0.001
90000,0.010,0.917,0.073
90500,0.010,0.928,0.062
91000,0.010,0.967,0.023
91500,0.010,0.940,0.050
92000,0.010,0.899,0.091
92500,0.010,0.854,0.136
93000,0.010,0.940,0.050
93500,0.010,0.890,0.100
94000,0.010,0.967,0.023
94500,0.010,0.849,0.141
95000,0.010,0.978,0.012
95500,0.010,0.909,0.081
96000,0.010,0.975,0.015
96500,0.010,0.857,0.133
97000,0.010,0.966,0.024
97500,0.010,0.978,0.012
98000,0.010,0.986,0.004
98500,0.010,0.958,0.032
99000,0.010,0.774,0.216
99500,0.010,0.952,0.038
100000,0.010,0.964,0.026
100500,0.010,0.884,0.106
101000,0.010,0.987,0.003
101500,0.010,0.988,0.002
102000,0.010,0.971,0.019
102500,0.010,0.967,0.023
103000,0.010,0.905,0.085
103500,0.010,0.940,0.050
104000,0.010,0.974,0.016
104500,0.010,0.964,0.026
105000,0.010,0.980,0.010
105500,0.010,0.982,0.008
106000,0.010,0.952,0.038
106500,0.010,0.949,0.041
107000,0.010,0.956,0.034
107500,0.010,0.894,0.096
108000,0.010,0.947,0.043
108500,0.010,0.977,0.013
109000,0.010,0.790,0.200
109500,0.010,0.887,0.103
110000,0.010,0.913,0.077
110500,0.010,0.955,0.035
111000,0.010,0.956,0.034
111500,0.010,0.931,0.059
112000,0.010,0.988,0.002
112500,0.010,0.964,0.026
113000,0.010,0.906,0.084
113500,0.010,0.987,0.003
114000,0.010,0.981,0.009
114500,0.010,0.976,0.014
115000,0.010,0.967,0.023
115500,0.010,0.989,0.001
116000,0.010,0.948,0.042
116500,0.010,0.950,0.040
117000,0.010,0.989,0.001
117500,0.010,0.989,0.001
118000,0.010,0.919,0.071
118500,0.010,0.941,0.049
119000,0.010,0.927,0.063
119500,0.010,0.970,0.020
120000,0.010,0.963,0.027
120500,0.010,0.988,0.002
121000,0.010,0.971,0.019
121500,0.010,0.890,0.100
122000,0.010,0.940,0.050
122500,0.010,0.982,0.008
123000,0.010,0.987,0.003
123500,0.010,0.939,0.051
124000,0.010,0.990,0.000
124500,0.010,0.971,0.019
125000,0.010,0.986,0.004
125500,0.010,0.945,0.045
126000,0.010,0.986,0.004
126500,0.010,0.990,0.000
127000,0.010,0.947,0.043
127500,0.010,0.977,0.013
128000,0.010,0.941,0.049
128500,0.010,0.977,0.013
129000,0.010,0.890,0.100
129500,0.010,0.917,0.073
130000,0.010,0.986,0.004
130500,0.010,0.931,0.059
131000,0.010,0.967,0.023
131500,0.010,0.968,0.022
132000,0.010,0.975,0.015
132500,0.010,0.879,0.111
133000,0.010,0.895,0.095
133500,0.010,0.873,0.117
134000,0.010,0.942,0.048
134500,0.010,0.935,0.055
135000,0.010,0.826,0.164
135500,0.010,0.960,0.030
136000,0.010,0.990,0.000
136500,0.010,0.989,0.001
137000,0.010,0.964,0.026
137500,0.010,0.938,0.052
138000,0.010,0.897,0.093
138500,0.010,0.889,0.101
139000,0.010,0.853,0.137
139500,0.010,0.988,0.002
140000,0.010,0.988,0.002
140500,0.010,0.938,0.052
141000,0.010,0.983,0.007
141500,0.010,0.953,0.037
142000,0.010,0.900,0.090
142500,0.010,0.782,0.208
143000,0.010,0.907,0.083
143500,0.010,0.976,0.014
144000,0.010,0.926,0.064
144500,0.010,0.980,0.010
145000,0.010,0.990,0.000
145500,0.010,0.818,0.172
146000,0.010,0.938,0.052
146500,0.010,0.900,0.090
147000,0.010,0.986,0.004
147500,0.010,0.940,0.050
148000,0.010,0.869,0.121
148500,0.010,0.855,0.135
149000,0.010,0.772,0.218
149500,0.010,0.779,0.211
150000,0.010,0.963,0.027
150500,0.010,0.867,0.123
151000,0.010,0.879,0.111
151500,0.010,0.901,0.089
152000,0.010,0.906,0.084
152500,0.010,0.975,0.015
153000,0.010,0.923,0.067
153500,0.010,0.858,0.132
154000,0.010,0.890,0.100
154500,0.010,0.914,0.076
155000,0.010,0.884,0.106
155500,0.010,0.933,0.057
156000,0.010,0.930,0.060
156500,0.010,0.964,0.026
157000,0.010,0.922,0.068
157500,0.010,0.658,0.332
158000,0.010,0.934,0.056
158500,0.010,0.988,0.002
159000,0.010,0.921,0.069
159500,0.010,0.985,0.005
160000,0.010,0.880,0.110
160500,0.010,0.924,0.066
161000,0.010,0.982,0.008
161500,0.010,0.926,0.064
162000,0.010,0.867,0.123
162500,0.010,0.922,0.068
163000,0.010,0.919,0.071
163500,0.010,0.959,0.031
164000,0.010,0.988,0.002
164500,0.010,0.880,0.110
165000,0.010,0.911,0.079
165500,0.010,0.965,0.025
166000,0.010,0.963,0.027
166500,0.010,0.936,0.054
167000,0.010,0.726,0.264
167500,0.010,0.923,0.067
168000,0.010,0.981,0.009
168500,0.010,0.982,0.008
169000,0.010,0.973,0.017
169500,0.010,0.930,0.060
170000,0.010,0.927,0.063
170500,0.010,0.926,0.064
171000,0.010,0.884,0.106
171500,0.010,0.980,0.010
172000,0.010,0.926,0.064
172500,0.010,0.965,0.025
173000,0.010,0.990,0.000
173500,0.010,0.957,0.033
174000,0.010,0.970,0.020
174500,0.010,0.976,0.014
175000,0.010,0.952,0.038
175500,0.010,0.963,0.027
176000,0.010,0.941,0.049
176500,0.010,0.964,0.026
177000,0.010,0.945,0.045
177500,0.010,0.983,0.007
178000,0.010,0.973,0.017
178500,0.010,0.954,0.036
179000,0.010,0.985,0.005
179500,0.010,0.915,0.075
180000,0.010,0.933,0.057
180500,0.010,0.854,0.136
181000,0.010,0.989,0.001
181500,0.010,0.864,0.126
182000,0.010,0.902,0.088
182500,0.010,0.957,0.033
183000,0.010,0.978,0.012
183500,0.010,0.990,0.000
184000,0.010,0.870,0.120
184500,0.010,0.973,0.017
185000,0.010,0.887,0.103
185500,0.010,0.936,0.054
186000,0.010,0.989,0.001
186500,0.010,0.987,0.003
187000,0.010,0.981,0.009
187500,0.010,0.987,0.003
188000,0.010,0.971,0.019
188500,0.010,0.988,0.002
189000,0.010,0.970,0.020
189500,0.010,0.944,0.046
190000,0.010,0.961,0.029
190500,0.010,0.980,0.010
191000,0.010,0.901,0.089
191500,0.010,0.988,0.002
192000,0.010,0.842,0.148
192500,0.010,0.825,0.165
193000,0.010,0.870,0.120
193500,0.010,0.913,0.077
194000,0.010,0.987,0.003
194500,0.010,0.919,0.071
195000,0.010,0.941,0.049
195500,0.010,0.988,0.002
196000,0.010,0.985,0.005
196500,0.010,0.972,0.018
197000,0.010,0.882,0.108
197500,0.010,0.903,0.087
198000,0.010,0.970,0.020
198500,0.010,0.973,0.017
199000,0.010,0.883,0.107
199500,0.010,0.892,0.098
200000,0.010,0.975,0.015
200500,0.010,0.982,0.008
201000,0.010,0.989,0.001
201500,0.010,0.948,0.042
202000,0.010,0.972,0.018
202500,0.010,0.901,0.089
203000,0.010,0.960,0.030
203500,0.010,0.960,0.030
204000,0.010,0.989,0.001
204500,0.010,0.945,0.045
205000,0.010,0.984,0.006
205500,0.010,0.851,0.139
206000,0.010,0.788,0.202
206500,0.010,0.985,0.005
207000,0.010,0.939,0.051
207500,0.010,0.906,0.084
208000,0.010,0.946,0.044
208500,0.010,0.920,0.070
209000,0.010,0.964,0.026
209500,0.010,0.983,0.007
210000,0.010,0.947,0.043
210500,0.010,0.962,0.028
211000,0.010,0.977,0.013
211500,0.010,0.947,0.043
212000,0.010,0.818,0.172
212500,0.010,0.881,0.109
213000,0.010,0.974,0.016
213500,0.010,0.786,0.204
214000,0.010,0.966,0.024
214500,0.010,0.982,0.008
215000,0.010,0.945,0.045
215500,0.010,0.952,0.038
216000,0.010,0.989,0.001
216500,0.010,0.980,0.010
217000,0.010,0.883,0.107
217500,0.010,0.985,0.005
218000,0.010,0.765,0.225
218500,0.010,0.806,0.184
219000,0.010,0.788,0.202
219500,0.010,0.820,0.170
220000,0.010,0.942,0.048
220500,0.010,0.989,0.001
221000,0.010,0.977,0.013
221500,0.010,0.965,0.025
222000,0.010,0.862,0.128
222500,0.010,0.952,0.038
223000,0.010,0.967,0.023
223500,0.010,0.981,0.009
224000,0.010,0.990,0.000
224500,0.010,0.942,0.048
225000,0.010,0.914,0.076
225500,0.010,0.819,0.171
226000,0.010,0.943,0.047
226500,0.010,0.938,0.052
227000,0.010,0.989,0.001
227500,0.010,0.952,0.038
228000,0.010,0.960,0.030
228500,0.010,0.971,0.019
229000,0.010,0.974,0.016
229500,0.010,0.975,0.015
230000,0.010,0.957,0.033
230500,0.010,0.980,0.010
231000,0.010,0.990,0.000
231500,0.010,0.917,0.073
232000,0.010,0.990,0.000
232500,0.010,0.965,0.025
233000,0.010,0.876,0.114
233500,0.010,0.930,0.060
234000,0.010,0.989,0.001
234500,0.010,0.876,0.114
235000,0.010,0.940,0.050
235500,0.010,0.982,0.008
236000,0.010,0.974,0.016
236500,0.010,0.940,0.050
237000,0.010,0.990,0.000
237500,0.010,0.959,0.031
238000,0.010,0.916,0.074
238500,0.010,0.920,0.070
239000,0.010,0.972,0.018
239500,0.010,0.959,0.031
240000,0.010,0.972,0.018
240500,0.010,0.889,0.101
241000,0.010,0.870,0.120
241500,0.010,0.956,0.034
242000,0.010,0.897,0.093
242500,0.010,0.904,0.086
243000,0.010,0.979,0.011
243500,0.010,0.857,0.133
244000,0.010,0.814,0.176
244500,0.010,0.960,0.030
245000,0.010,0.953,0.037
245500,0.010,0.990,0.000
246000,0.010,0.904,0.086
246500,0.010,0.913,0.077
247000,0.010,0.930,0.060
247500,0.010,0.899,0.091
248000,0.010,0.900,0.090
248500,0.010,0.990,0.000
249000,0.010,0.936,0.054
249500,0.010,0.990,0.000
250000,0.010,0.880,0.110
250500,0.010,0.885,0.105
251000,0.010,0.756,0.234
251500,0.010,0.857,0.133
252000,0.010,0.867,0.123
252500,0.010,0.935,0.055
253000,0.010,0.952,0.038
253500,0.010,0.954,0.036
254000,0.010,0.990,0.000
254500,0.010,0.980,0.010
255000,0.010,0.965,0.025
255500,0.010,0.884,0.106
256000,0.010,0.926,0.064
256500,0.010,0.978,0.012
257000,0.010,0.937,0.053
257500,0.010,0.959,0.031
258000,0.010,0.935,0.055
258500,0.010,0.989,0.001
259000,0.010,0.956,0.034
259500,0.010,0.935,0.055
260000,0.010,0.981,0.009
260500,0.010,0.918,0.072
261000,0.010,0.987,0.003
261500,0.010,0.915,0.075
262000,0.010,0.911,0.079
262500,0.010,0.981,0.009
263000,0.010,0.884,0.106
263500,0.010,0.935,0.055
264000,0.010,0.984,0.006
264500,0.010,0.922,0.068
265000,0.010,0.886,0.104
265500,0.010,0.864,0.126
266000,0.010,0.937,0.053
266500,0.010,0.990,0.000
267000,0.010,0.972,0.018
267500,0.010,0.849,0.141
268000,0.010,0.941,0.049
268500,0.010,0.961,0.029
269000,0.010,0.976,0.014
269500,0.010,0.792,0.198
270000,0.010,0.924,0.066
270500,0.010,0.935,0.055
271000,0.010,0.988,0.002
271500,0.010,0.811,0.179
272000,0.010,0.918,0.072
272500,0.010,0.962,0.028
273000,0.010,0.976,0.014
273500,0.010,0.990,0.000
274000,0.010,0.869,0.121
274500,0.010,0.947,0.043
275000,0.010,0.958,0.032
275500,0.010,0.927,0.063
276000,0.010,0.984,0.006
276500,0.010,0.988,0.002
277000,0.010,0.919,0.071
277500,0.010,0.908,0.082
278000,0.010,0.977,0.013
278500,0.010,0.975,0.015
279000,0.010,0.981,0.009
279500,0.010,0.962,0.028
280000,0.010,0.879,0.111
280500,0.010,0.892,0.098
281000,0.010,0.964,0.026
281500,0.010,0.978,0.012
282000,0.010,0.921,0.069
282500,0.010,0.940,0.050
283000,0.010,0.948,0.042
283500,0.010,0.983,0.007
284000,0.010,0.965,0.025
284500,0.010,0.962,0.028
285000,0.010,0.986,0.004
285500,0.010,0.920,0.070
286000,0.010,0.939,0.051
286500,0.010,0.979,0.011
287000,0.010,0.877,0.113
287500,0.010,0.927,0.063
288000,0.010,0.944,0.046
288500,0.010,0.916,0.074
289000,0.010,0.902,0.088
289500,0.010,0.907,0.083
290000,0.010,0.881,0.109
290500,0.010,0.923,0.067
291000,0.010,0.955,0.035
291500,0.010,0.808,0.182
292000,0.010,0.957,0.033
292500,0.010,0.925,0.065
293000,0.010,0.908,0.082
293500,0.010,0.961,0.029
294000,0.010,0.989,0.001
294500,0.010,0.985,0.005
295000,0.010,0.966,0.024
295500,0.010,0.959,0.031
296000,0.010,0.976,0.014
296500,0.010,0.952,0.038
297000,0.010,0.984,0.006
297500,0.010,0.965,0.025
298000,0.010,0.990,0.000
298500,0.010,0.864,0.126
299000,0.010,0.950,0.040
299500,0.010,0.921,0.069
300000,0.010,0.961,0.029
300500,0.010,0.987,0.003
301000,0.010,0.975,0.015
301500,0.010,0.989,0.001
302000,0.010,0.987,0.003
302500,0.010,0.990,0.000
303000,0.010,0.990,0.000
303500,0.010,0.989,0.001
304000,0.010,0.974,0.016
304500,0.010,0.962,0.028
305000,0.010,0.893,0.097
305500,0.010,0.968,0.022
306000,0.010,0.911,0.079
306500,0.010,0.859,0.131
307000,0.010,0.882,0.108
307500,0.010,0.922,0.068
308000,0.010,0.965,0.025
308500,0.010,0.966,0.024
309000,0.010,0.976,0.014
309500,0.010,0.976,0.014
310000,0.010,0.915,0.075
310500,0.010,0.895,0.095
311000,0.010,0.918,0.072
311500,0.010,0.919,0.071
312000,0.010,0.970,0.020
312500,0.010,0.949,0.041
313000,0.010,0.917,0.073
313500,0.010,0.987,0.003
314000,0.010,0.953,0.037
314500,0.010,0.862,0.128
315000,0.010,0.962,0.028
315500,0.010,0.882,0.108
316000,0.010,0.909,0.081
316500,0.010,0.963,0.027
317000,0.010,0.903,0.087
317500,0.010,0.967,0.023
318000,0.010,0.832,0.158
318500,0.010,0.969,0.021
319000,0.010,0.975,0.015
319500,0.010,0.908,0.082
320000,0.010,0.979,0.011
320500,0.010,0.959,0.031
321000,0.010,0.980,0.010
321500,0.010,0.952,0.038
322000,0.010,0.927,0.063
322500,0.010,0.978,0.012
323000,0.010,0.925,0.065
323500,0.010,0.986,0.004
324000,0.010,0.974,0.016
324500,0.010,0.990,0.000
325000,0.010,0.984,0.006
325500,0.010,0.984,0.006
326000,0.010,0.982,0.008
326500,0.010,0.702,0.288
327000,0.010,0.939,0.051
327500,0.010,0.829,0.161
328000,0.010,0.947,0.043
328500,0.010,0.940,0.050
329000,0.010,0.983,0.007
329500,0.010,0.915,0.075
330000,0.010,0.989,0.001
330500,0.010,0.964,0.026
331000,0.010,0.933,0.057
331500,0.010,0.921,0.069
332000,0.010,0.989,0.001
332500,0.010,0.986,0.004
333000,0.010,0.976,0.014
333500,0.010,0.978,0.012
334000,0.010,0.961,0.029
334500,0.010,0.899,0.091
335000,0.010,0.937,0.053
335500,0.010,0.874,0.116
336000,0.010,0.960,0.030
336500,0.010,0.985,0.005
337000,0.010,0.969,0.021
337500,0.010,0.964,0.026
338000,0.010,0.867,0.123
338500,0.010,0.972,0.018
339000,0.010,0.982,0.008
339500,0.010,0.843,0.147
340000,0.010,0.966,0.024
340500,0.010,0.970,0.020
341000,0.010,0.987,0.003
341500,0.010,0.868,0.122
342000,0.010,0.967,0.023
342500,0.010,0.989,0.001
343000,0.010,0.924,0.066
343500,0.010,0.935,0.055
344000,0.010,0.969,0.021
344500,0.010,0.928,0.062
345000,0.010,0.980,0.010
345500,0.010,0.909,0.081
346000,0.010,0.933,0.057
346500,0.010,0.941,0.049
347000,0.010,0.867,0.123
347500,0.010,0.965,0.025
348000,0.010,0.950,0.040
348500,0.010,0.989,0.001
349000,0.010,0.964,0.026
349500,0.010,0.896,0.094
350000,0.010,0.964,0.026
350500,0.010,0.970,0.020
351000,0.010,0.933,0.057
351500,0.010,0.986,0.004
352000,0.010,0.945,0.045
352500,0.010,0.986,0.004
353000,0.010,0.960,0.030
353500,0.010,0.979,0.011
354000,0.010,0.921,0.069
354500,0.010,0.910,0.080
355000,0.010,0.990,0.000
355500,0.010,0.990,0.000
356000,0.010,0.981,0.009
356500,0.010,0.776,0.214
357000,0.010,0.846,0.144
357500,0.010,0.980,0.010
358000,0.010,0.939,0.051
358500,0.010,0.867,0.123
359000,0.010,0.960,0.030
359500,0.010,0.922,0.068
360000,0.010,0.983,0.007
360500,0.010,0.963,0.027
361000,0.010,0.979,0.011
361500,0.010,0.946,0.044
362000,0.010,0.970,0.020
362500,0.010,0.988,0.002
363000,0.010,0.866,0.124
363500,0.010,0.970,0.020
364000,0.010,0.939,0.051
364500,0.010,0.990,0.000
365000,0.010,0.718,0.272
365500,0.010,0.949,0.041
366000,0.010,0.981,0.009
366500,0.010,0.958,0.032
367000,0.010,0.886,0.104
367500,0.010,0.942,0.048
368000,0.010,0.900,0.090
368500,0.010,0.987,0.003
369000,0.010,0.989,0.001
369500,0.010,0.934,0.056
370000,0.010,0.975,0.015
370500,0.010,0.941,0.049
371000,0.010,0.928,0.062
371500,0.010,0.940,0.050
372000,0.010,0.936,0.054
372500,0.010,0.848,0.142
373000,0.010,0.927,0.063
373500,0.010,0.989,0.001
374000,0.010,0.904,0.086
374500,0.010,0.934,0.056
375000,0.010,0.928,0.062
375500,0.010,0.987,0.003
376000,0.010,0.926,0.064
376500,0.010,0.898,0.092
377000,0.010,0.956,0.034
377500,0.010,0.978,0.012
378000,0.010,0.951,0.039
378500,0.010,0.891,0.099
379000,0.010,0.942,0.048
379500,0.010,0.982,0.008
380000,0.010,0.985,0.005
380500,0.010,0.893,0.097
381000,0.010,0.957,0.033
381500,0.010,0.878,0.112
382000,0.010,0.972,0.018
382500,0.010,0.929,0.061
383000,0.010,0.941,0.049
383500,0.010,0.979,0.011
384000,0.010,0.940,0.050
384500,0.010,0.959,0.031
385000,0.010,0.908,0.082
385500,0.010,0.866,0.124
386000,0.010,0.979,0.011
386500,0.010,0.961,0.029
387000,0.010,0.961,0.029
387500,0.010,0.987,0.003
388000,0.010,0.945,0.045
388500,0.010,0.938,0.052
389000,0.010,0.971,0.019
389500,0.010,0.845,0.145
390000,0.010,0.927,0.063
390500,0.010,0.834,0.156
391000,0.010,0.967,0.023
391500,0.010,0.990,0.000
392000,0.010,0.977,0.013
392500,0.010,0.979,0.011
393000,0.010,0.984,0.006
393500,0.010,0.944,0.046
394000,0.010,0.931,0.059
394500,0.010,0.902,0.088
395000,0.010,0.914,0.076
395500,0.010,0.989,0.001
396000,0.010,0.990,0.000
396500,0.010,0.923,0.067
397000,0.010,0.970,0.020
397500,0.010,0.990,0.000
398000,0.010,0.948,0.042
398500,0.010,0.977,0.013
399000,0.010,0.969,0.021
399500,0.010,0.990,0.000
400000,0.010,0.960,0.030
400500,0.010,0.990,0.000
401000,0.010,0.955,0.035
401500,0.010,0.974,0.016
402000,0.010,0.963,0.027
402500,0.010,0.977,0.013
403000,0.010,0.955,0.035
403500,0.010,0.990,0.000
404000,0.010,0.929,0.061
404500,0.010,0.927,0.063
405000,0.010,0.881,0.109
405500,0.010,0.981,0.009
406000,0.010,0.985,0.005
406500,0.010,0.931,0.059
407000,0.010,0.975,0.015
407500,0.010,0.977,0.013
408000,0.010,0.889,0.101
408500,0.010,0.847,0.143
409000,0.010,0.802,0.188
409500,0.010,0.990,0.000
410000,0.010,0.956,0.034
410500,0.010,0.863,0.127
411000,0.010,0.850,0.140
411500,0.010,0.877,0.113
412000,0.010,0.954,0.036
412500,0.010,0.867,0.123
413000,0.010,0.831,0.159
413500,0.010,0.988,0.002
414000,0.010,0.848,0.142
414500,0.010,0.961,0.029
415000,0.010,0.987,0.003
415500,0.010,0.989,0.001
416000,0.010,0.899,0.091
416500,0.010,0.908,0.082
417000,0.010,0.930,0.060
417500,0.010,0.978,0.012
418000,0.010,0.959,0.031
418500,0.010,0.955,0.035
419000,0.010,0.884,0.106
419500,0.010,0.944,0.046
420000,0.010,0.917,0.073
420500,0.010,0.882,0.108
421000,0.010,0.919,0.071
421500,0.010,0.904,0.086
422000,0.010,0.988,0.002
422500,0.010,0.952,0.038
423000,0.010,0.959,0.031
423500,0.010,0.955,0.035
424000,0.010,0.853,0.137
424500,0.010,0.963,0.027
425000,0.010,0.961,0.029
425500,0.010,0.976,0.014
426000,0.010,0.907,0.083
426500,0.010,0.979,0.011
427000,0.010,0.955,0.035
427500,0.010,0.945,0.045
428000,0.010,0.778,0.212
428500,0.010,0.917,0.073
429000,0.010,0.984,0.006
429500,0.010,0.886,0.104
430000,0.010,0.832,0.158
430500,0.010,0.930,0.060
431000,0.010,0.951,0.039
431500,0.010,0.915,0.075
432000,0.010,0.990,0.000
432500,0.010,0.970,0.020
433000,0.010,0.906,0.084
433500,0.010,0.860,0.130
434000,0.010,0.957,0.033
434500,0.010,0.964,0.026
435000,0.010,0.884,0.106
435500,0.010,0.856,0.134
436000,0.010,0.897,0.093
436500,0.010,0.893,0.097
437000,0.010,0.951,0.039
437500,0.010,0.961,0.029
438000,0.010,0.986,0.004
438500,0.010,0.821,0.169
439000,0.010,0.757,0.233
439500,0.010,0.954,0.036
440000,0.010,0.909,0.081
440500,0.010,0.983,0.007
441000,0.010,0.983,0.007
441500,0.010,0.979,0.011
442000,0.010,0.979,0.011
442500,0.010,0.965,0.025
443000,0.010,0.973,0.017
443500,0.010,0.974,0.016
444000,0.010,0.904,0.086
444500,0.010,0.919,0.071
445000,0.010,0.809,0.181
445500,0.010,0.915,0.075
446000,0.010,0.955,0.035
446500,0.010,0.943,0.047
447000,0.010,0.905,0.085
447500,0.010,0.911,0.079
448000,0.010,0.983,0.007
448500,0.010,0.899,0.091
449000,0.010,0.946,0.044
449500,0.010,0.990,0.000
450000,0.010,0.902,0.088
450500,0.010,0.941,0.049
451000,0.010,0.932,0.058
451500,0.010,0.969,0.021
452000,0.010,0.843,0.147
452500,0.010,0.936,0.054
453000,0.010,0.949,0.041
453500,0.010,0.920,0.070
454000,0.010,0.973,0.017
454500,0.010,0.959,0.031
455000,0.010,0.936,0.054
455500,0.010,0.922,0.068
456000,0.010,0.924,0.066
456500,0.010,0.945,0.045
457000,0.010,0.902,0.088
457500,0.010,0.960,0.030
458000,0.010,0.910,0.080
458500,0.010,0.978,0.012
459000,0.010,0.964,0.026
459500,0.010,0.855,0.135
460000,0.010,0.955,0.035
460500,0.010,0.982,0.008
461000,0.010,0.960,0.030
461500,0.010,0.962,0.028
462000,0.010,0.972,0.018
462500,0.010,0.915,0.075
463000,0.010,0.989,0.001
463500,0.010,0.932,0.058
464000,0.010,0.913,0.077
464500,0.010,0.990,0.000
465000,0.010,0.920,0.070
465500,0.010,0.912,0.078
466000,0.010,0.983,0.007
466500,0.010,0.990,0.000
467000,0.010,0.892,0.098
467500,0.010,0.863,0.127
468000,0.010,0.872,0.118
468500,0.010,0.860,0.130
469000,0.010,0.959,0.031
469500,0.010,0.941,0.049
470000,0.010,0.959,0.031
470500,0.010,0.961,0.029
471000,0.010,0.983,0.007
471500,0.010,0.979,0.011
472000,0.010,0.989,0.001
472500,0.010,0.990,0.000
473000,0.010,0.869,0.121
473500,0.010,0.872,0.118
474000,0.010,0.979,0.011
474500,0.010,0.979,0.011
475000,0.010,0.984,0.006
475500,0.010,0.967,0.023
476000,0.010,0.881,0.109
476500,0.010,0.941,0.049
477000,0.010,0.973,0.017
477500,0.010,0.970,0.020
478000,0.010,0.757,0.233
478500,0.010,0.985,0.005
479000,0.010,0.986,0.004
479500,0.010,0.979,0.011
480000,0.010,0.989,0.001
480500,0.010,0.958,0.032
481000,0.010,0.948,0.042
481500,0.010,0.868,0.122
482000,0.010,0.907,0.083
482500,0.010,0.990,0.000
483000,0.010,0.979,0.011
483500,0.010,0.892,0.098
484000,0.010,0.969,0.021
484500,0.010,0.954,0.036
485000,0.010,0.932,0.058
485500,0.010,0.986,0.004
486000,0.010,0.945,0.045
486500,0.010,0.967,0.023
487000,0.010,0.879,0.111
487500,0.010,0.919,0.071
488000,0.010,0.952,0.038
488500,0.010,0.898,0.092
489000,0.010,0.976,0.014
489500,0.010,0.920,0.070
490000,0.010,0.960,0.030
490500,0.010,0.964,0.026
491000,0.010,0.968,0.022
491500,0.010,0.897,0.093
492000,0.010,0.928,0.062
492500,0.010,0.984,0.006
493000,0.010,0.957,0.033
493500,0.010,0.963,0.027
494000,0.010,0.975,0.015
494500,0.010,0.827,0.163
495000,0.010,0.978,0.012
495500,0.010,0.855,0.135
496000,0.010,0.911,0.079
496500,0.010,0.858,0.132
497000,0.010,0.982,0.008
497500,0.010,0.937,0.053
498000,0.010,0.952,0.038
498500,0.010,0.973,0.017
499000,0.010,0.966,0.024
499500,0.010,0.927,0.063
500000,0.010,0.953,0.037
500500,0.010,0.925,0.065
501000,0.010,0.910,0.080
501500,0.010,0.988,0.002
502000,0.010,0.930,0.060
502500,0.010,0.989,0.001
503000,0.010,0.940,0.050
503500,0.010,0.915,0.075
504000,0.010,0.985,0.005
504500,0.010,0.914,0.076
505000,0.010,0.988,0.002
505500,0.010,0.969,0.021
506000,0.010,0.915,0.075
506500,0.010,0.802,0.188
507000,0.010,0.946,0.044
507500,0.010,0.915,0.075
508000,0.010,0.990,0.000
508500,0.010,0.880,0.110
509000,0.010,0.938,0.052
509500,0.010,0.977,0.013
510000,0.010,0.923,0.067
510500,0.010,0.956,0.034
511000,0.010,0.865,0.125
511500,0.010,0.964,0.026
512000,0.010,0.973,0.017
512500,0.010,0.982,0.008
513000,0.010,0.981,0.009
513500,0.010,0.946,0.044
514000,0.010,0.965,0.025
514500,0.010,0.926,0.064
515000,0.010,0.801,0.189
515500,0.010,0.898,0.092
516000,0.010,0.940,0.050
516500,0.010,0.968,0.022
517000,0.010,0.983,0.007
517500,0.010,0.899,0.091
518000,0.010,0.937,0.053
518500,0.010,0.966,0.024
519000,0.010,0.933,0.057
519500,0.010,0.945,0.045
520000,0.010,0.970,0.020
520500,0.010,0.948,0.042
521000,0.010,0.861,0.129
521500,0.010,0.955,0.035
522000,0.010,0.777,0.213
522500,0.010,0.940,0.050
523000,0.010,0.903,0.087
523500,0.010,0.889,0.101
524000,0.010,0.942,0.048
524500,0.010,0.988,0.002
525000,0.010,0.982,0.008
525500,0.010,0.885,0.105
526000,0.010,0.874,0.116
526500,0.010,0.990,0.000
527000,0.010,0.950,0.040
527500,0.010,0.964,0.026
528000,0.010,0.960,0.030
528500,0.010,0.990,0.000
529000,0.010,0.970,0.020
529500,0.010,0.971,0.019
530000,0.010,0.929,0.061
530500,0.010,0.855,0.135
531000,0.010,0.916,0.074
531500,0.010,0.910,0.080
532000,0.010,0.894,0.096
532500,0.010,0.807,0.183
533000,0.010,0.937,0.053
533500,0.010,0.946,0.044
534000,0.010,0.906,0.084
534500,0.010,0.968,0.022
535000,0.010,0.918,0.072
535500,0.010,0.930,0.060
536000,0.010,0.961,0.029
536500,0.010,0.989,0.001
537000,0.010,0.990,0.000
537500,0.010,0.954,0.036
538000,0.010,0.990,0.000
538500,0.010,0.770,0.220
539000,0.010,0.958,0.032
539500,0.010,0.984,0.006
540000,0.010,0.941,0.049
540500,0.010,0.957,0.033
541000,0.010,0.973,0.017
541500,0.010,0.987,0.003
542000,0.010,0.957,0.033
542500,0.010,0.905,0.085
543000,0.010,0.954,0.036
543500,0.010,0.980,0.010
544000,0.010,0.886,0.104
544500,0.010,0.959,0.031
545000,0.010,0.983,0.007
545500,0.010,0.948,0.042
546000,0.010,0.924,0.066
546500,0.010,0.957,0.033
547000,0.010,0.922,0.068
547500,0.010,0.915,0.075
548000,0.010,0.985,0.005
548500,0.010,0.845,0.145
549000,0.010,0.823,0.167
549500,0.010,0.882,0.108
550000,0.010,0.922,0.068
550500,0.010,0.988,0.002
551000,0.010,0.884,0.106
551500,0.010,0.958,0.032
552000,0.010,0.928,0.062
552500,0.010,0.914,0.076
553000,0.010,0.931,0.059
553500,0.010,0.986,0.004
554000,0.010,0.973,0.017
554500,0.010,0.975,0.015
555000,0.010,0.954,0.036
555500,0.010,0.885,0.105
556000,0.010,0.929,0.061
556500,0.010,0.889,0.101
557000,0.010,0.821,0.169
557500,0.010,0.924,0.066
558000,0.010,0.901,0.089
558500,0.010,0.842,0.148
559000,0.010,0.923,0.067
559500,0.010,0.950,0.040
560000,0.010,0.937,0.053
560500,0.010,0.968,0.022
561000,0.010,0.929,0.061
561500,0.010,0.959,0.031
562000,0.010,0.963,0.027
562500,0.010,0.990,0.000
563000,0.010,0.990,0.000
563500,0.010,0.974,0.016
564000,0.010,0.925,0.065
564500,0.010,0.938,0.052
565000,0.010,0.972,0.018
565500,0.010,0.946,0.044
566000,0.010,0.957,0.033
566500,0.010,0.932,0.058
567000,0.010,0.926,0.064
567500,0.010,0.937,0.053
568000,0.010,0.979,0.011
568500,0.010,0.963,0.027
569000,0.010,0.791,0.199
569500,0.010,0.924,0.066
570000,0.010,0.889,0.101
570500,0.010,0.932,0.058
571000,0.010,0.983,0.007
571500,0.010,0.988,0.002
572000,0.010,0.929,0.061
572500,0.010,0.911,0.079
573000,0.010,0.948,0.042
573500,0.010,0.937,0.053
574000,0.010,0.981,0.009
574500,0.010,0.981,0.009
575000,0.010,0.953,0.037
575500,0.010,0.933,0.057
576000,0.010,0.860,0.130
576500,0.010,0.930,0.060
577000,0.010,0.990,0.000
577500,0.010,0.950,0.040
578000,0.010,0.879,0.111
578500,0.010,0.982,0.008
579000,0.010,0.983,0.007
579500,0.010,0.968,0.022
580000,0.010,0.958,0.032
580500,0.010,0.938,0.052
581000,0.010,0.975,0.015
581500,0.010,0.990,0.000
582000,0.010,0.962,0.028
582500,0.010,0.925,0.065
583000,0.010,0.965,0.025
583500,0.010,0.968,0.022
584000,0.010,0.953,0.037
584500,0.010,0.961,0.029
585000,0.010,0.951,0.039
585500,0.010,0.821,0.169
586000,0.010,0.892,0.098
586500,0.010,0.990,0.000
587000,0.010,0.919,0.071
587500,0.010,0.976,0.014
588000,0.010,0.953,0.037
588500,0.010,0.968,0.022
589000,0.010,0.987,0.003
589500,0.010,0.979,0.011
590000,0.010,0.976,0.014
590500,0.010,0.963,0.027
591000,0.010,0.965,0.025
591500,0.010,0.975,0.015
592000,0.010,0.893,0.097
592500,0.010,0.973,0.017
593000,0.010,0.935,0.055
593500,0.010,0.952,0.038
594000,0.010,0.959,0.031
594500,0.010,0.955,0.035
595000,0.010,0.970,0.020
595500,0.010,0.920,0.070
596000,0.010,0.969,0.021
596500,0.010,0.872,0.118
597000,0.010,0.944,0.046
597500,0.010,0.887,0.103
598000,0.010,0.937,0.053
598500,0.010,0.963,0.027
599000,0.010,0.969,0.021
599500,0.010,0.837,0.153
600000,0.010,0.916,0.074
600500,0.010,0.935,0.055
601000,0.010,0.831,0.159
601500,0.010,0.809,0.181
602000,0.010,0.772,0.218
602500,0.010,0.982,0.008
603000,0.010,0.910,0.080
603500,0.010,0.977,0.013
604000,0.010,0.967,0.023
604500,0.010,0.961,0.029
605000,0.010,0.977,0.013
605500,0.010,0.947,0.043
606000,0.010,0.916,0.074
606500,0.010,0.926,0.064
607000,0.010,0.922,0.068
607500,0.010,0.966,0.024
608000,0.010,0.947,0.043
608500,0.010,0.883,0.107
609000,0.010,0.956,0.034
609500,0.010,0.970,0.020
610000,0.010,0.936,0.054
610500,0.010,0.923,0.067
611000,0.010,0.900,0.090
611500,0.010,0.953,0.037
612000,0.010,0.954,0.036
612500,0.010,0.971,0.019
613000,0.010,0.844,0.146
613500,0.010,0.985,0.005
614000,0.010,0.904,0.086
614500,0.010,0.865,0.125
615000,0.010,0.955,0.035
615500,0.010,0.952,0.038
616000,0.010,0.903,0.087
616500,0.010,0.938,0.052
617000,0.010,0.883,0.107
617500,0.010,0.967,0.023
618000,0.010,0.960,0.030
618500,0.010,0.989,0.001
619000,0.010,0.889,0.101
619500,0.010,0.977,0.013
620000,0.010,0.900,0.090
620500,0.010,0.977,0.013
621000,0.010,0.897,0.093
621500,0.010,0.971,0.019
622000,0.010,0.990,0.000
622500,0.010,0.958,0.032
623000,0.010,0.954,0.036
623500,0.010,0.959,0.031
624000,0.010,0.948,0.042
624500,0.010,0.989,0.001
625000,0.010,0.894,0.096
625500,0.010,0.960,0.030
626000,0.010,0.955,0.035
626500,0.010,0.935,0.055
627000,0.010,0.935,0.055
627500,0.010,0.989,0.001
628000,0.010,0.843,0.147
628500,0.010,0.946,0.044
629000,0.010,0.940,0.050
629500,0.010,0.901,0.089
630000,0.010,0.932,0.058
630500,0.010,0.887,0.103
631000,0.010,0.827,0.163
631500,0.010,0.977,0.013
632000,0.010,0.969,0.021
632500,0.010,0.977,0.013
633000,0.010,0.970,0.020
633500,0.010,0.895,0.095
634000,0.010,0.983,0.007
634500,0.010,0.971,0.019
635000,0.010,0.848,0.142
635500,0.010,0.948,0.042
636000,0.010,0.967,0.023
636500,0.010,0.938,0.052
637000,0.010,0.896,0.094
637500,0.010,0.968,0.022
638000,0.010,0.957,0.033
638500,0.010,0.980,0.010
639000,0.010,0.915,0.075
639500,0.010,0.914,0.076
640000,0.010,0.973,0.017
640500,0.010,0.950,0.040
641000,0.010,0.990,0.000
641500,0.010,0.943,0.047
642000,0.010,0.987,0.003
642500,0.010,0.913,0.077
643000,0.010,0.971,0.019
643500,0.010,0.940,0.050
644000,0.010,0.896,0.094
644500,0.010,0.983,0.007
645000,0.010,0.983,0.007
645500,0.010,0.962,0.028
646000,0.010,0.959,0.031
646500,0.010,0.906,0.084
647000,0.010,0.977,0.013
647500,0.010,0.984,0.006
648000,0.010,0.950,0.040
648500,0.010,0.973,0.017
649000,0.010,0.857,0.133
649500,0.010,0.942,0.048
650000,0.010,0.918,0.072
650500,0.010,0.925,0.065
651000,0.010,0.935,0.055
651500,0.010,0.885,0.105
652000,0.010,0.979,0.011
652500,0.010,0.864,0.126
653000,0.010,0.887,0.103
653500,0.010,0.944,0.046
654000,0.010,0.955,0.035
654500,0.010,0.804,0.186
655000,0.010,0.924,0.066
655500,0.010,0.970,0.020
656000,0.010,0.947,0.043
656500,0.010,0.964,0.026
657000,0.010,0.987,0.003
657500,0.010,0.989,0.001
658000,0.010,0.925,0.065
658500,0.010,0.955,0.035
659000,0.010,0.874,0.116
659500,0.010,0.969,0.021
660000,0.010,0.946,0.044
660500,0.010,0.957,0.033
661000,0.010,0.990,0.000
661500,0.010,0.954,0.036
662000,0.010,0.936,0.054
662500,0.010,0.932,0.058
663000,0.010,0.824,0.166
663500,0.010,0.972,0.018
664000,0.010,0.895,0.095
664500,0.010,0.972,0.018
665000,0.010,0.923,0.067
665500,0.010,0.949,0.041
666000,0.010,0.964,0.026
666500,0.010,0.960,0.030
667000,0.010,0.915,0.075
667500,0.010,0.891,0.099
668000,0.010,0.984,0.006
668500,0.010,0.972,0.018
669000,0.010,0.931,0.059
669500,0.010,0.945,0.045
670000,0.010,0.968,0.022
670500,0.010,0.949,0.041
671000,0.010,0.954,0.036
671500,0.010,0.951,0.039
672000,0.010,0.975,0.015
672500,0.010,0.939,0.051
673000,0.010,0.984,0.006
673500,0.010,0.938,0.052
674000,0.010,0.867,0.123
674500,0.010,0.940,0.050
675000,0.010,0.933,0.057
675500,0.010,0.910,0.080
676000,0.010,0.980,0.010
676500,0.010,0.896,0.094
677000,0.010,0.928,0.062
677500,0.010,0.938,0.052
678000,0.010,0.973,0.017
678500,0.010,0.977,0.013
679000,0.010,0.941,0.049
679500,0.010,0.958,0.032
680000,0.010,0.989,0.001
680500,0.010,0.940,0.050
681000,0.010,0.968,0.022
681500,0.010,0.941,0.049
682000,0.010,0.927,0.063
682500,0.010,0.964,0.026
683000,0.010,0.923,0.067
683500,0.010,0.850,0.140
684000,0.010,0.834,0.156
684500,0.010,0.959,0.031
685000,0.010,0.899,0.091
685500,0.010,0.958,0.032
686000,0.010,0.941,0.049
686500,0.010,0.967,0.023
687000,0.010,0.917,0.073
687500,0.010,0.825,0.165
688000,0.010,0.960,0.030
688500,0.010,0.877,0.113
689000,0.010,0.689,0.301
689500,0.010,0.930,0.060
690000,0.010,0.883,0.107
690500,0.010,0.990,0.000
691000,0.010,0.962,0.028
691500,0.010,0.974,0.016
692000,0.010,0.888,0.102
692500,0.010,0.952,0.038
693000,0.010,0.948,0.042
693500,0.010,0.779,0.211
694000,0.010,0.989,0.001
694500,0.010,0.935,0.055
695000,0.010,0.898,0.092
695500,0.010,0.922,0.068
696000,0.010,0.990,0.000
696500,0.010,0.974,0.016
697000,0.010,0.967,0.023
697500,0.010,0.925,0.065
698000,0.010,0.934,0.056
698500,0.010,0.962,0.028
699000,0.010,0.895,0.095
699500,0.010,0.922,0.068
700000,0.010,0.921,0.069
700500,0.010,0.872,0.118
701000,0.010,0.986,0.004
701500,0.010,0.969,0.021
702000,0.010,0.848,0.142
702500,0.010,0.954,0.036
703000,0.010,0.983,0.007
703500,0.010,0.966,0.024
704000,0.010,0.979,0.011
704500,0.010,0.947,0.043
705000,0.010,0.915,0.075
705500,0.010,0.987,0.003
706000,0.010,0.945,0.045
706500,0.010,0.968,0.022
707000,0.010,0.979,0.011
707500,0.010,0.777,0.213
708000,0.010,0.985,0.005
708500,0.010,0.990,0.000
709000,0.010,0.963,0.027
709500,0.010,0.786,0.204
710000,0.010,0.907,0.083
710500,0.010,0.928,0.062
711000,0.010,0.891,0.099
711500,0.010,0.978,0.012
712000,0.010,0.932,0.058
712500,0.010,0.940,0.050
713000,0.010,0.990,0.000
713500,0.010,0.929,0.061
714000,0.010,0.961,0.029
714500,0.010,0.939,0.051
715000,0.010,0.935,0.055
715500,0.010,0.949,0.041
716000,0.010,0.984,0.006
716500,0.010,0.961,0.029
717000,0.010,0.990,0.000
717500,0.010,0.965,0.025
718000,0.010,0.880,0.110
718500,0.010,0.949,0.041
719000,0.010,0.914,0.076
719500,0.010,0.941,0.049
720000,0.010,0.958,0.032
720500,0.010,0.984,0.006
721000,0.010,0.949,0.041
721500,0.010,0.918,0.072
722000,0.010,0.969,0.021
722500,0.010,0.985,0.005
723000,0.010,0.901,0.089
723500,0.010,0.940,0.050
724000,0.010,0.860,0.130
724500,0.010,0.987,0.003
725000,0.010,0.959,0.031
725500,0.010,0.955,0.035
726000,0.010,0.969,0.021
726500,0.010,0.947,0.043
727000,0.010,0.953,0.037
727500,0.010,0.990,0.000
728000,0.010,0.978,0.012
728500,0.010,0.966,0.024
729000,0.010,0.919,0.071
729500,0.010,0.949,0.041
730000,0.010,0.936,0.054
730500,0.010,0.986,0.004
731000,0.010,0.857,0.133
731500,0.010,0.983,0.007
732000,0.010,0.903,0.087
732500,0.010,0.901,0.089
733000,0.010,0.958,0.032
733500,0.010,0.928,0.062
734000,0.010,0.958,0.032
734500,0.010,0.955,0.035
735000,0.010,0.985,0.005
735500,0.010,0.973,0.017
736000,0.010,0.949,0.041
736500,0.010,0.935,0.055
737000,0.010,0.979,0.011
737500,0.010,0.895,0.095
738000,0.010,0.947,0.043
738500,0.010,0.918,0.072
739000,0.010,0.953,0.037
739500,0.010,0.957,0.033
740000,0.010,0.990,0.000
740500,0.010,0.944,0.046
741000,0.010,0.903,0.087
741500,0.010,0.979,0.011
742000,0.010,0.907,0.083
742500,0.010,0.971,0.019
743000,0.010,0.989,0.001
743500,0.010,0.957,0.033
744000,0.010,0.916,0.074
744500,0.010,0.978,0.012
745000,0.010,0.958,0.032
745500,0.010,0.931,0.059
746000,0.010,0.923,0.067
746500,0.010,0.965,0.025
747000,0.010,0.853,0.137
747500,0.010,0.861,0.129
748000,0.010,0.930,0.060
748500,0.010,0.944,0.046
749000,0.010,0.828,0.162
749500,0.010,0.900,0.090
750000,0.010,0.957,0.033
750500,0.010,0.850,0.140
751000,0.010,0.937,0.053
751500,0.010,0.845,0.145
752000,0.010,0.925,0.065
752500,0.010,0.979,0.011
753000,0.010,0.892,0.098
753500,0.010,0.946,0.044
754000,0.010,0.928,0.062
754500,0.010,0.925,0.065
755000,0.010,0.908,0.082
755500,0.010,0.964,0.026
756000,0.010,0.949,0.041
756500,0.010,0.922,0.068
757000,0.010,0.948,0.042
757500,0.010,0.990,0.000
758000,0.010,0.984,0.006
758500,0.010,0.901,0.089
759000,0.010,0.957,0.033
759500,0.010,0.987,0.003
760000,0.010,0.979,0.011
760500,0.010,0.921,0.069
761000,0.010,0.956,0.034
761500,0.010,0.958,0.032
762000,0.010,0.907,0.083
762500,0.010,0.968,0.022
763000,0.010,0.976,0.014
763500,0.010,0.963,0.027
764000,0.010,0.924,0.066
764500,0.010,0.873,0.117
765000,0.010,0.971,0.019
765500,0.010,0.933,0.057
766000,0.010,0.818,0.172
766500,0.010,0.832,0.158
767000,0.010,0.965,0.025
767500,0.010,0.961,0.029
768000,0.010,0.915,0.075
768500,0.010,0.964,0.026
769000,0.010,0.909,0.081
769500,0.010,0.952,0.038
770000,0.010,0.821,0.169
770500,0.010,0.794,0.196
771000,0.010,0.852,0.138
771500,0.010,0.927,0.063
772000,0.010,0.905,0.085
772500,0.010,0.774,0.216
773000,0.010,0.955,0.035
773500,0.010,0.941,0.049
774000,0.010,0.858,0.132
774500,0.010,0.984,0.006
775000,0.010,0.882,0.108
775500,0.010,0.962,0.028
776000,0.010,0.905,0.085
776500,0.010,0.937,0.053
777000,0.010,0.980,0.010
777500,0.010,0.862,0.128
778000,0.010,0.981,0.009
778500,0.010,0.988,0.002
779000,0.010,0.930,0.060
779500,0.010,0.990,0.000
780000,0.010,0.989,0.001
780500,0.010,0.951,0.039
781000,0.010,0.938,0.052
781500,0.010,0.990,0.000
782000,0.010,0.950,0.040
782500,0.010,0.933,0.057
783000,0.010,0.828,0.162
783500,0.010,0.777,0.213
784000,0.010,0.962,0.028
784500,0.010,0.988,0.002
785000,0.010,0.925,0.065
785500,0.010,0.950,0.040
786000,0.010,0.917,0.073
786500,0.010,0.817,0.173
787000,0.010,0.944,0.046
787500,0.010,0.916,0.074
788000,0.010,0.967,0.023
788500,0.010,0.967,0.023
789000,0.010,0.968,0.022
789500,0.010,0.985,0.005
790000,0.010,0.848,0.142
790500,0.010,0.975,0.015
791000,0.010,0.975,0.015
791500,0.010,0.964,0.026
792000,0.010,0.969,0.021
792500,0.010,0.932,0.058
793000,0.010,0.978,0.012
793500,0.010,0.909,0.081
794000,0.010,0.912,0.078
794500,0.010,0.942,0.048
795000,0.010,0.969,0.021
795500,0.010,0.984,0.006
796000,0.010,0.990,0.000
796500,0.010,0.977,0.013
797000,0.010,0.948,0.042
797500,0.010,0.980,0.010
798000,0.010,0.914,0.076
798500,0.010,0.963,0.027
799000,0.010,0.935,0.055
799500,0.010,0.835,0.155
800000,0.010,0.917,0.073
800500,0.010,0.877,0.113
801000,0.010,0.949,0.041
801500,0.010,0.914,0.076
802000,0.010,0.911,0.079
802500,0.010,0.962,0.028
803000,0.010,0.956,0.034
803500,0.010,0.953,0.037
804000,0.010,0.910,0.080
804500,0.010,0.990,0.000
805000,0.010,0.929,0.061
805500,0.010,0.984,0.006
806000,0.010,0.990,0.000
806500,0.010,0.886,0.104
807000,0.010,0.931,0.059
807500,0.010,0.925,0.065
808000,0.010,0.942,0.048
808500,0.010,0.975,0.015
809000,0.010,0.915,0.075
809500,0.010,0.862,0.128
810000,0.010,0.910,0.080
810500,0.010,0.958,0.032
811000,0.010,0.873,0.117
811500,0.010,0.967,0.023
812000,0.010,0.990,0.000
812500,0.010,0.978,0.012
813000,0.010,0.988,0.002
813500,0.010,0.885,0.105
814000,0.010,0.888,0.102
814500,0.010,0.952,0.038
815000,0.010,0.961,0.029
815500,0.010,0.901,0.089
816000,0.010,0.962,0.028
816500,0.010,0.984,0.006
817000,0.010,0.970,0.020
817500,0.010,0.776,0.214
818000,0.010,0.890,0.100
818500,0.010,0.926,0.064
819000,0.010,0.986,0.004
819500,0.010,0.981,0.009
820000,0.010,0.947,0.043
820500,0.010,0.946,0.044
821000,0.010,0.930,0.060
821500,0.010,0.957,0.033
822000,0.010,0.794,0.196
822500,0.010,0.990,0.000
823000,0.010,0.987,0.003
823500,0.010,0.909,0.081
824000,0.010,0.988,0.002
824500,0.010,0.926,0.064
825000,0.010,0.911,0.079
825500,0.010,0.872,0.118
826000,0.010,0.966,0.024
826500,0.010,0.982,0.008
827000,0.010,0.935,0.055
827500,0.010,0.936,0.054
828000,0.010,0.922,0.068
828500,0.010,0.986,0.004
829000,0.010,0.976,0.014
829500,0.010,0.906,0.084
830000,0.010,0.954,0.036
830500,0.010,0.990,0.000
831000,0.010,0.940,0.050
831500,0.010,0.926,0.064
832000,0.010,0.912,0.078
832500,0.010,0.933,0.057
833000,0.010,0.983,0.007
833500,0.010,0.964,0.026
834000,0.010,0.967,0.023
834500,0.010,0.827,0.163
835000,0.010,0.925,0.065
835500,0.010,0.980,0.010
836000,0.010,0.979,0.011
836500,0.010,0.870,0.120
837000,0.010,0.934,0.056
837500,0.010,0.864,0.126
838000,0.010,0.947,0.043
838500,0.010,0.990,0.000
839000,0.010,0.958,0.032
839500,0.010,0.987,0.003
840000,0.010,0.990,0.000
840500,0.010,0.968,0.022
841000,0.010,0.963,0.027
841500,0.010,0.946,0.044
842000,0.010,0.788,0.202
842500,0.010,0.941,0.049
843000,0.010,0.965,0.025
843500,0.010,0.979,0.011
844000,0.010,0.980,0.010
844500,0.010,0.945,0.045
845000,0.010,0.887,0.103
845500,0.010,0.968,0.022
846000,0.010,0.898,0.092
846500,0.010,0.865,0.125
847000,0.010,0.950,0.040
847500,0.010,0.973,0.017
848000,0.010,0.824,0.166
848500,0.010,0.919,0.071
849000,0.010,0.969,0.021
849500,0.010,0.976,0.014
850000,0.010,0.985,0.005
850500,0.010,0.944,0.046
851000,0.010,0.925,0.065
851500,0.010,0.952,0.038
852000,0.010,0.985,0.005
852500,0.010,0.977,0.013
853000,0.010,0.979,0.011
853500,0.010,0.982,0.008
854000,0.010,0.904,0.086
854500,0.010,0.972,0.018
855000,0.010,0.963,0.027
855500,0.010,0.947,0.043
856000,0.010,0.858,0.132
856500,0.010,0.987,0.003
857000,0.010,0.926,0.064
857500,0.010,0.923,0.067
858000,0.010,0.969,0.021
858500,0.010,0.985,0.005
859000,0.010,0.989,0.001
859500,0.010,0.926,0.064
860000,0.010,0.872,0.118
860500,0.010,0.953,0.037
861000,0.010,0.920,0.070
861500,0.010,0.880,0.110
862000,0.010,0.939,0.051
862500,0.010,0.958,0.032
863000,0.010,0.929,0.061
863500,0.010,0.863,0.127
864000,0.010,0.955,0.035
864500,0.010,0.983,0.007
865000,0.010,0.989,0.001
865500,0.010,0.988,0.002
866000,0.010,0.988,0.002
866500,0.010,0.850,0.140
867000,0.010,0.902,0.088
867500,0.010,0.952,0.038
868000,0.010,0.913,0.077
868500,0.010,0.965,0.025
869000,0.010,0.933,0.057
869500,0.010,0.987,0.003
870000,0.010,0.903,0.087
870500,0.010,0.731,0.259
871000,0.010,0.835,0.155
871500,0.010,0.960,0.030
872000,0.010,0.988,0.002
872500,0.010,0.926,0.064
873000,0.010,0.953,0.037
873500,0.010,0.964,0.026
874000,0.010,0.944,0.046
874500,0.010,0.964,0.026
875000,0.010,0.990,0.000
875500,0.010,0.914,0.076
876000,0.010,0.966,0.024
876500,0.010,0.987,0.003
877000,0.010,0.961,0.029
877500,0.010,0.972,0.018
878000,0.010,0.976,0.014
878500,0.010,0.983,0.007
879000,0.010,0.884,0.106
879500,0.010,0.905,0.085
880000,0.010,0.983,0.007
880500,0.010,0.890,0.100
881000,0.010,0.961,0.029
881500,0.010,0.974,0.016
882000,0.010,0.844,0.146
882500,0.010,0.987,0.003
883000,0.010,0.968,0.022
883500,0.010,0.916,0.074
884000,0.010,0.978,0.012
884500,0.010,0.949,0.041
885000,0.010,0.990,0.000
885500,0.010,0.987,0.003
886000,0.010,0.979,0.011
886500,0.010,0.959,0.031
887000,0.010,0.920,0.070
887500,0.010,0.928,0.062
888000,0.010,0.979,0.011
888500,0.010,0.889,0.101
889000,0.010,0.959,0.031
889500,0.010,0.988,0.002
890000,0.010,0.981,0.009
890500,0.010,0.981,0.009
891000,0.010,0.981,0.009
891500,0.010,0.929,0.061
892000,0.010,0.904,0.086
892500,0.010,0.806,0.184
893000,0.010,0.957,0.033
893500,0.010,0.881,0.109
894000,0.010,0.893,0.097
894500,0.010,0.963,0.027
895000,0.010,0.938,0.052
895500,0.010,0.984,0.006
896000,0.010,0.988,0.002
896500,0.010,0.988,0.002
897000,0.010,0.909,0.081
897500,0.010,0.936,0.054
898000,0.010,0.976,0.014
898500,0.010,0.989,0.001
899000,0.010,0.912,0.078
899500,0.010,0.920,0.070
900000,0.010,0.977,0.013
900500,0.010,0.938,0.052
901000,0.010,0.861,0.129
901500,0.010,0.962,0.028
902000,0.010,0.977,0.013
902500,0.010,0.955,0.035
903000,0.010,0.974,0.016
903500,0.010,0.980,0.010
904000,0.010,0.918,0.072
904500,0.010,0.913,0.077
905000,0.010,0.984,0.006
905500,0.010,0.967,0.023
906000,0.010,0.984,0.006
906500,0.010,0.968,0.022
907000,0.010,0.856,0.134
907500,0.010,0.961,0.029
908000,0.010,0.990,0.000
908500,0.010,0.987,0.003
909000,0.010,0.958,0.032
909500,0.010,0.969,0.021
910000,0.010,0.875,0.115
910500,0.010,0.875,0.115
911000,0.010,0.971,0.019
911500,0.010,0.990,0.000
912000,0.010,0.972,0.018
912500,0.010,0.900,0.090
913000,0.010,0.950,0.040
913500,0.010,0.986,0.004
914000,0.010,0.966,0.024
914500,0.010,0.948,0.042
915000,0.010,0.875,0.115
915500,0.010,0.969,0.021
916000,0.010,0.983,0.007
916500,0.010,0.962,0.028
917000,0.010,0.965,0.025
917500,0.010,0.940,0.050
918000,0.010,0.986,0.004
918500,0.010,0.985,0.005
919000,0.010,0.925,0.065
919500,0.010,0.949,0.041
920000,0.010,0.914,0.076
920500,0.010,0.944,0.046
921000,0.010,0.961,0.029
921500,0.010,0.887,0.103
922000,0.010,0.738,0.252
922500,0.010,0.951,0.039
923000,0.010,0.960,0.030
923500,0.010,0.986,0.004
924000,0.010,0.962,0.028
924500,0.010,0.912,0.078
925000,0.010,0.913,0.077
925500,0.010,0.911,0.079
926000,0.010,0.880,0.110
926500,0.010,0.964,0.026
927000,0.010,0.930,0.060
927500,0.010,0.948,0.042
928000,0.010,0.969,0.021
928500,0.010,0.980,0.010
929000,0.010,0.913,0.077
929500,0.010,0.964,0.026
930000,0.010,0.989,0.001
930500,0.010,0.966,0.024
931000,0.010,0.948,0.042
931500,0.010,0.883,0.107
932000,0.010,0.891,0.099
932500,0.010,0.866,0.124
933000,0.010,0.880,0.110
933500,0.010,0.936,0.054
934000,0.010,0.806,0.184
934500,0.010,0.923,0.067
935000,0.010,0.986,0.004
935500,0.010,0.989,0.001
936000,0.010,0.963,0.027
936500,0.010,0.902,0.088
937000,0.010,0.771,0.219
937500,0.010,0.731,0.259
938000,0.010,0.911,0.079
938500,0.010,0.842,0.148
939000,0.010,0.765,0.225
939500,0.010,0.893,0.097
940000,0.010,0.956,0.034
940500,0.010,0.827,0.163
941000,0.010,0.935,0.055
941500,0.010,0.900,0.090
942000,0.010,0.959,0.031
942500,0.010,0.851,0.139
943000,0.010,0.965,0.025
943500,0.010,0.968,0.022
944000,0.010,0.923,0.067
944500,0.010,0.952,0.038
945000,0.010,0.980,0.010
945500,0.010,0.975,0.015
946000,0.010,0.917,0.073
946500,0.010,0.907,0.083
947000,0.010,0.961,0.029
947500,0.010,0.908,0.082
948000,0.010,0.903,0.087
948500,0.010,0.970,0.020
949000,0.010,0.898,0.092
949500,0.010,0.958,0.032
950000,0.010,0.910,0.080
950500,0.010,0.947,0.043
951000,0.010,0.970,0.020
951500,0.010,0.976,0.014
952000,0.010,0.946,0.044
952500,0.010,0.959,0.031
953000,0.010,0.976,0.014
953500,0.010,0.879,0.111
954000,0.010,0.941,0.049
954500,0.010,0.965,0.025
955000,0.010,0.912,0.078
955500,0.010,0.939,0.051
956000,0.010,0.915,0.075
956500,0.010,0.966,0.024
957000,0.010,0.905,0.085
957500,0.010,0.943,0.047
958000,0.010,0.855,0.135
958500,0.010,0.897,0.093
959000,0.010,0.987,0.003
959500,0.010,0.845,0.145
960000,0.010,0.968,0.022
960500,0.010,0.937,0.053
961000,0.010,0.948,0.042
961500,0.010,0.953,0.037
962000,0.010,0.988,0.002
962500,0.010,0.846,0.144
963000,0.010,0.857,0.133
963500,0.010,0.984,0.006
964000,0.010,0.981,0.009
964500,0.010,0.920,0.070
965000,0.010,0.944,0.046
965500,0.010,0.990,0.000
966000,0.010,0.954,0.036
966500,0.010,0.977,0.013
967000,0.010,0.904,0.086
967500,0.010,0.987,0.003
968000,0.010,0.828,0.162
968500,0.010,0.986,0.004
969000,0.010,0.946,0.044
969500,0.010,0.906,0.084
970000,0.010,0.904,0.086
970500,0.010,0.951,0.039
971000,0.010,0.844,0.146
971500,0.010,0.957,0.033
972000,0.010,0.934,0.056
972500,0.010,0.962,0.028
973000,0.010,0.973,0.017
973500,0.010,0.984,0.006
974000,0.010,0.849,0.141
974500,0.010,0.989,0.001
975000,0.010,0.974,0.016
975500,0.010,0.843,0.147
976000,0.010,0.860,0.130
976500,0.010,0.962,0.028
977000,0.010,0.850,0.140
977500,0.010,0.925,0.065
978000,0.010,0.985,0.005
978500,0.010,0.908,0.082
979000,0.010,0.943,0.047
979500,0.010,0.918,0.072
980000,0.010,0.960,0.030
980500,0.010,0.834,0.156
981000,0.010,0.962,0.028
981500,0.010,0.967,0.023
982000,0.010,0.989,0.001
982500,0.010,0.904,0.086
983000,0.010,0.905,0.085
983500,0.010,0.922,0.068
984000,0.010,0.987,0.003
984500,0.010,0.926,0.064
985000,0.010,0.944,0.046
985500,0.010,0.946,0.044
986000,0.010,0.933,0.057
986500,0.010,0.938,0.052
987000,0.010,0.866,0.124
987500,0.010,0.947,0.043
988000,0.010,0.962,0.028
988500,0.010,0.898,0.092
989000,0.010,0.751,0.239
989500,0.010,0.939,0.051
990000,0.010,0.957,0.033
990500,0.010,0.922,0.068
991000,0.010,0.985,0.005
991500,0.010,0.943,0.047
992000,0.010,0.986,0.004
992500,0.010,0.915,0.075
993000,0.010,0.917,0.073
993500,0.010,0.975,0.015
994000,0.010,0.964,0.026
994500,0.010,0.975,0.015
995000,0.010,0.954,0.036
995500,0.010,0.988,0.002
996000,0.010,0.975,0.015
996500,0.010,0.966,0.024
997000,0.010,0.969,0.021
997500,0.010,0.940,0.050
998000,0.010,0.834,0.156
998500,0.010,0.989,0.001
999000,0.010,0.870,0.120
999500,0.010,0.907,0.083
1000000,0.010,0.989,0.001
