time,n_A+p,n_B,n_AB
500,0.030,0.936,0.034
1000,0.030,0.894,0.076
1500,0.030,0.876,0.094
2000,0.030,0.837,0.133
2500,0.030,0.784,0.186
3000,0.030,0.794,0.176
3500,0.030,0.728,0.242
4000,0.031,0.709,0.260
4500,0.030,0.689,0.281
5000,0.033,0.693,0.274
5500,0.031,0.710,0.259
6000,0.035,0.697,0.268
6500,0.031,0.683,0.286
7000,0.032,0.713,0.255
7500,0.036,0.689,0.275
8000,0.036,0.649,0.315
8500,0.033,0.634,0.333
9000,0.035,0.646,0.319
9500,0.031,0.619,0.350
10000,0.031,0.644,0.325
10500,0.040,0.622,0.338
11000,0.033,0.632,0.335
11500,0.039,0.647,0.314
12000,0.044,0.631,0.325
12500,0.038,0.626,0.336
13000,0.038,0.605,0.357
13500,0.039,0.572,0.389
14000,0.040,0.587,0.373
14500,0.044,0.552,0.404
15000,0.038,0.547,0.415
15500,0.040,0.529,0.431
16000,0.043,0.520,0.437
16500,0.042,0.574,0.384
17000,0.044,0.549,0.407
17500,0.050,0.554,0.396
18000,0.045,0.545,0.410
18500,0.046,0.504,0.450
19000,0.074,0.452,0.474
19500,0.064,0.483,0.453
20000,0.072,0.493,0.435
20500,0.063,0.497,0.440
21000,0.057,0.462,0.481
21500,0.059,0.451,0.490
22000,0.054,0.455,0.491
22500,0.070,0.434,0.496
23000,0.075,0.456,0.469
23500,0.069,0.419,0.512
24000,0.067,0.459,0.474
24500,0.072,0.458,0.470
25000,0.071,0.448,0.481
25500,0.060,0.440,0.500
26000,0.047,0.434,0.519
26500,0.068,0.436,0.496
27000,0.065,0.431,0.504
27500,0.055,0.518,0.427
28000,0.059,0.477,0.464
28500,0.059,0.479,0.462
29000,0.055,0.515,0.430
29500,0.051,0.494,0.455
30000,0.046,0.497,0.457
30500,0.054,0.504,0.442
31000,0.051,0.519,0.430
31500,0.045,0.506,0.449
32000,0.045,0.498,0.457
32500,0.059,0.526,0.415
33000,0.044,0.510,0.446
33500,0.051,0.486,0.463
34000,0.063,0.458,0.479
34500,0.061,0.489,0.450
35000,0.069,0.453,0.478
35500,0.058,0.422,0.520
36000,0.073,0.436,0.491
36500,0.072,0.475,0.453
37000,0.052,0.505,0.443
37500,0.055,0.461,0.484
38000,0.050,0.481,0.469
38500,0.051,0.533,0.416
39000,0.044,0.508,0.448
39500,0.047,0.516,0.437
40000,0.048,0.503,0.449
40500,0.048,0.488,0.464
41000,0.044,0.529,0.427
41500,0.042,0.498,0.460
42000,0.043,0.537,0.420
42500,0.041,0.563,0.396
43000,0.032,0.518,0.450
43500,0.034,0.547,0.419
44000,0.031,0.543,0.426
44500,0.046,0.535,0.419
45000,0.046,0.532,0.422
45500,0.045,0.536,0.419
46000,0.053,0.468,0.479
46500,0.043,0.548,0.409
47000,0.044,0.510,0.446
47500,0.053,0.542,0.405
48000,0.056,0.520,0.424
48500,0.046,0.542,0.412
49000,0.041,0.606,0.353
49500,0.036,0.598,0.366
50000,0.038,0.562,0.400
50500,0.040,0.562,0.398
51000,0.032,0.583,0.385
51500,0.039,0.581,0.380
52000,0.046,0.583,0.371
52500,0.040,0.555,0.405
53000,0.037,0.596,0.367
53500,0.035,0.576,0.389
54000,0.041,0.544,0.415
54500,0.038,0.604,0.358
55000,0.042,0.612,0.346
55500,0.038,0.609,0.353
56000,0.038,0.542,0.420
56500,0.042,0.528,0.430
57000,0.046,0.527,0.427
57500,0.047,0.550,0.403
58000,0.041,0.525,0.434
58500,0.052,0.503,0.445
59000,0.055,0.493,0.452
59500,0.058,0.539,0.403
60000,0.044,0.548,0.408
60500,0.044,0.559,0.397
61000,0.055,0.557,0.388
61500,0.042,0.575,0.383
62000,0.045,0.572,0.383
62500,0.053,0.548,0.399
63000,0.045,0.563,0.392
63500,0.047,0.532,0.421
64000,0.059,0.481,0.460
64500,0.045,0.507,0.448
65000,0.050,0.527,0.423
65500,0.046,0.491,0.463
66000,0.056,0.518,0.426
66500,0.052,0.554,0.394
67000,0.057,0.562,0.381
67500,0.044,0.568,0.388
68000,0.047,0.508,0.445
68500,0.040,0.575,0.385
69000,0.041,0.599,0.360
69500,0.038,0.614,0.348
70000,0.037,0.600,0.363
70500,0.038,0.613,0.349
71000,0.036,0.628,0.336
71500,0.039,0.630,0.331
72000,0.033,0.613,0.354
72500,0.041,0.600,0.359
73000,0.039,0.585,0.376
73500,0.039,0.616,0.345
74000,0.035,0.609,0.356
74500,0.037,0.628,0.335
75000,0.043,0.662,0.295
75500,0.039,0.630,0.331
76000,0.038,0.570,0.392
76500,0.040,0.588,0.372
77000,0.038,0.608,0.354
77500,0.037,0.595,0.368
78000,0.039,0.587,0.374
78500,0.036,0.624,0.340
79000,0.049,0.576,0.375
79500,0.043,0.561,0.396
80000,0.034,0.613,0.353
80500,0.037,0.605,0.358
81000,0.031,0.652,0.317
81500,0.046,0.592,0.362
82000,0.043,0.623,0.334
82500,0.037,0.632,0.331
83000,0.032,0.651,0.317
83500,0.033,0.631,0.336
84000,0.034,0.606,0.360
84500,0.033,0.572,0.395
85000,0.040,0.566,0.394
85500,0.040,0.583,0.377
86000,0.045,0.524,0.431
86500,0.048,0.489,0.463
87000,0.059,0.492,0.449
87500,0.042,0.473,0.485
88000,0.045,0.494,0.461
88500,0.056,0.492,0.452
89000,0.058,0.483,0.459
89500,0.049,0.515,0.436
90000,0.036,0.520,0.444
90500,0.045,0.508,0.447
91000,0.058,0.530,0.412
91500,0.052,0.506,0.442
92000,0.049,0.491,0.460
92500,0.048,0.505,0.447
93000,0.053,0.504,0.443
93500,0.044,0.556,0.400
94000,0.040,0.511,0.449
94500,0.057,0.488,0.455
95000,0.048,0.488,0.464
95500,0.046,0.539,0.415
96000,0.043,0.569,0.388
96500,0.050,0.551,0.399
97000,0.047,0.575,0.378
97500,0.041,0.547,0.412
98000,0.039,0.600,0.361
98500,0.033,0.605,0.362
99000,0.037,0.599,0.364
99500,0.038,0.577,0.385
100000,0.042,0.513,0.445
100500,0.041,0.525,0.434
101000,0.040,0.563,0.397
101500,0.037,0.566,0.397
102000,0.038,0.611,0.351
102500,0.036,0.673,0.291
103000,0.030,0.647,0.323
103500,0.030,0.616,0.354
104000,0.032,0.614,0.354
104500,0.034,0.618,0.348
105000,0.037,0.626,0.337
105500,0.037,0.637,0.326
106000,0.036,0.593,0.371
106500,0.038,0.583,0.379
107000,0.033,0.618,0.349
107500,0.035,0.631,0.334
108000,0.033,0.590,0.377
108500,0.035,0.593,0.372
109000,0.033,0.579,0.388
109500,0.040,0.610,0.350
110000,0.043,0.572,0.385
110500,0.037,0.611,0.352
111000,0.040,0.542,0.418
111500,0.036,0.575,0.389
112000,0.039,0.595,0.366
112500,0.046,0.587,0.367
113000,0.044,0.542,0.414
113500,0.036,0.573,0.391
114000,0.035,0.595,0.370
114500,0.043,0.595,0.362
115000,0.043,0.549,0.408
115500,0.047,0.527,0.426
116000,0.053,0.522,0.425
116500,0.052,0.546,0.402
117000,0.046,0.553,0.401
117500,0.039,0.529,0.432
118000,0.042,0.543,0.415
118500,0.037,0.569,0.394
119000,0.036,0.571,0.393
119500,0.033,0.612,0.355
120000,0.048,0.563,0.389
120500,0.043,0.558,0.399
121000,0.048,0.530,0.422
121500,0.050,0.500,0.450
122000,0.062,0.522,0.416
122500,0.051,0.556,0.393
123000,0.046,0.570,0.384
123500,0.040,0.572,0.388
124000,0.056,0.535,0.409
124500,0.046,0.530,0.424
125000,0.042,0.552,0.406
125500,0.033,0.597,0.370
126000,0.034,0.550,0.416
126500,0.032,0.541,0.427
127000,0.043,0.566,0.391
127500,0.041,0.563,0.396
128000,0.045,0.535,0.420
128500,0.045,0.515,0.440
129000,0.042,0.504,0.454
129500,0.042,0.529,0.429
130000,0.036,0.541,0.423
130500,0.051,0.531,0.418
131000,0.043,0.491,0.466
131500,0.053,0.508,0.439
132000,0.049,0.478,0.473
132500,0.063,0.495,0.442
133000,0.037,0.509,0.454
133500,0.042,0.535,0.423
134000,0.047,0.519,0.434
134500,0.046,0.519,0.435
135000,0.048,0.528,0.424
135500,0.056,0.505,0.439
136000,0.053,0.511,0.436
136500,0.038,0.524,0.438
137000,0.046,0.545,0.409
137500,0.042,0.564,0.394
138000,0.035,0.589,0.376
138500,0.037,0.610,0.353
139000,0.043,0.588,0.369
139500,0.037,0.593,0.370
140000,0.046,0.597,0.357
140500,0.048,0.603,0.349
141000,0.044,0.591,0.365
141500,0.041,0.623,0.336
142000,0.037,0.628,0.335
142500,0.032,0.625,0.343
143000,0.031,0.610,0.359
143500,0.039,0.600,0.361
144000,0.040,0.567,0.393
144500,0.035,0.576,0.389
145000,0.033,0.586,0.381
145500,0.030,0.612,0.358
146000,0.037,0.643,0.320
146500,0.034,0.669,0.297
147000,0.040,0.570,0.390
147500,0.045,0.541,0.414
148000,0.046,0.552,0.402
148500,0.051,0.543,0.406
149000,0.053,0.552,0.395
149500,0.056,0.527,0.417
150000,0.048,0.544,0.408
150500,0.052,0.534,0.414
151000,0.043,0.521,0.436
151500,0.052,0.503,0.445
152000,0.045,0.487,0.468
152500,0.039,0.482,0.479
153000,0.053,0.522,0.425
153500,0.048,0.490,0.462
154000,0.035,0.512,0.453
154500,0.034,0.554,0.412
155000,0.049,0.567,0.384
155500,0.051,0.560,0.389
156000,0.051,0.522,0.427
156500,0.043,0.497,0.460
157000,0.050,0.504,0.446
157500,0.049,0.538,0.413
158000,0.047,0.494,0.459
158500,0.057,0.513,0.430
159000,0.049,0.558,0.393
159500,0.040,0.558,0.402
160000,0.047,0.575,0.378
160500,0.039,0.580,0.381
161000,0.056,0.537,0.407
161500,0.047,0.591,0.362
162000,0.049,0.564,0.387
162500,0.042,0.568,0.390
163000,0.044,0.551,0.405
163500,0.036,0.574,0.390
164000,0.045,0.565,0.390
164500,0.045,0.598,0.357
165000,0.045,0.563,0.392
165500,0.035,0.573,0.392
166000,0.037,0.549,0.414
166500,0.034,0.574,0.392
167000,0.041,0.549,0.410
167500,0.047,0.578,0.375
168000,0.042,0.565,0.393
168500,0.048,0.510,0.442
169000,0.049,0.529,0.422
169500,0.044,0.585,0.371
170000,0.041,0.568,0.391
170500,0.042,0.576,0.382
171000,0.043,0.579,0.378
171500,0.043,0.551,0.406
172000,0.046,0.551,0.403
172500,0.040,0.621,0.339
173000,0.046,0.588,0.366
173500,0.045,0.603,0.352
174000,0.042,0.574,0.384
174500,0.049,0.578,0.373
175000,0.054,0.600,0.346
175500,0.037,0.566,0.397
176000,0.041,0.574,0.385
176500,0.039,0.554,0.407
177000,0.044,0.588,0.368
177500,0.034,0.569,0.397
178000,0.033,0.571,0.396
178500,0.036,0.524,0.440
179000,0.062,0.494,0.444
179500,0.057,0.484,0.459
180000,0.054,0.508,0.438
180500,0.060,0.473,0.467
181000,0.050,0.503,0.447
181500,0.058,0.515,0.427
182000,0.055,0.499,0.446
182500,0.053,0.510,0.437
183000,0.052,0.533,0.415
183500,0.046,0.573,0.381
184000,0.046,0.584,0.370
184500,0.033,0.563,0.404
185000,0.037,0.574,0.389
185500,0.037,0.567,0.396
186000,0.060,0.546,0.394
186500,0.042,0.561,0.397
187000,0.050,0.547,0.403
187500,0.050,0.622,0.328
188000,0.037,0.595,0.368
188500,0.035,0.616,0.349
189000,0.040,0.619,0.341
189500,0.031,0.621,0.348
190000,0.033,0.642,0.325
190500,0.038,0.659,0.303
191000,0.031,0.658,0.311
191500,0.034,0.651,0.315
192000,0.036,0.593,0.371
192500,0.036,0.584,0.380
193000,0.040,0.613,0.347
193500,0.038,0.655,0.307
194000,0.036,0.638,0.326
194500,0.036,0.608,0.356
195000,0.039,0.568,0.393
195500,0.037,0.607,0.356
196000,0.042,0.589,0.369
196500,0.037,0.599,0.364
197000,0.038,0.615,0.347
197500,0.036,0.621,0.343
198000,0.047,0.626,0.327
198500,0.038,0.610,0.352
199000,0.036,0.619,0.345
199500,0.040,0.661,0.299
200000,0.035,0.645,0.320
200500,0.031,0.641,0.328
201000,0.034,0.619,0.347
201500,0.034,0.613,0.353
202000,0.039,0.601,0.360
202500,0.042,0.554,0.404
203000,0.040,0.570,0.390
203500,0.033,0.579,0.388
204000,0.038,0.550,0.412
204500,0.041,0.582,0.377
205000,0.047,0.552,0.401
205500,0.050,0.594,0.356
206000,0.043,0.609,0.348
206500,0.039,0.569,0.392
207000,0.044,0.592,0.364
207500,0.033,0.599,0.368
208000,0.031,0.573,0.396
208500,0.039,0.581,0.380
209000,0.050,0.566,0.384
209500,0.042,0.551,0.407
210000,0.049,0.565,0.386
210500,0.045,0.497,0.458
211000,0.042,0.561,0.397
211500,0.053,0.541,0.406
212000,0.038,0.528,0.434
212500,0.036,0.568,0.396
213000,0.046,0.536,0.418
213500,0.038,0.545,0.417
214000,0.039,0.553,0.408
214500,0.052,0.529,0.419
215000,0.043,0.513,0.444
215500,0.056,0.516,0.428
216000,0.059,0.521,0.420
216500,0.046,0.579,0.375
217000,0.033,0.602,0.365
217500,0.037,0.630,0.333
218000,0.044,0.627,0.329
218500,0.044,0.626,0.330
219000,0.041,0.607,0.352
219500,0.038,0.603,0.359
220000,0.035,0.605,0.360
220500,0.037,0.652,0.311
221000,0.036,0.637,0.327
221500,0.035,0.600,0.365
222000,0.037,0.582,0.381
222500,0.033,0.608,0.359
223000,0.030,0.628,0.342
223500,0.038,0.616,0.346
224000,0.039,0.632,0.329
224500,0.038,0.585,0.377
225000,0.037,0.621,0.342
225500,0.033,0.631,0.336
226000,0.033,0.662,0.305
226500,0.034,0.677,0.289
227000,0.031,0.674,0.295
227500,0.031,0.672,0.297
228000,0.035,0.638,0.327
228500,0.035,0.571,0.394
229000,0.038,0.551,0.411
229500,0.042,0.573,0.385
230000,0.042,0.541,0.417
230500,0.046,0.564,0.390
231000,0.038,0.568,0.394
231500,0.057,0.550,0.393
232000,0.047,0.530,0.423
232500,0.052,0.512,0.436
233000,0.045,0.524,0.431
233500,0.055,0.499,0.446
234000,0.052,0.490,0.458
234500,0.058,0.487,0.455
235000,0.065,0.486,0.449
235500,0.061,0.493,0.446
236000,0.078,0.459,0.463
236500,0.066,0.441,0.493
237000,0.062,0.459,0.479
237500,0.059,0.404,0.537
238000,0.070,0.438,0.492
238500,0.067,0.467,0.466
239000,0.062,0.476,0.462
239500,0.057,0.470,0.473
240000,0.066,0.455,0.479
240500,0.077,0.446,0.477
241000,0.061,0.469,0.470
241500,0.059,0.491,0.450
242000,0.044,0.461,0.495
242500,0.053,0.507,0.440
243000,0.048,0.481,0.471
243500,0.056,0.524,0.420
244000,0.057,0.533,0.410
244500,0.051,0.538,0.411
245000,0.046,0.500,0.454
245500,0.063,0.493,0.444
246000,0.049,0.500,0.451
246500,0.056,0.462,0.482
247000,0.061,0.520,0.419
247500,0.056,0.504,0.440
248000,0.050,0.478,0.472
248500,0.055,0.500,0.445
249000,0.045,0.517,0.438
249500,0.055,0.523,0.422
250000,0.054,0.511,0.435
250500,0.065,0.452,0.483
251000,0.059,0.443,0.498
251500,0.055,0.495,0.450
252000,0.065,0.447,0.488
252500,0.061,0.477,0.462
253000,0.059,0.482,0.459
253500,0.059,0.497,0.444
254000,0.045,0.499,0.456
254500,0.042,0.511,0.447
255000,0.053,0.544,0.403
255500,0.045,0.547,0.408
256000,0.050,0.539,0.411
256500,0.051,0.483,0.466
257000,0.054,0.522,0.424
257500,0.043,0.520,0.437
258000,0.047,0.543,0.410
258500,0.039,0.567,0.394
259000,0.038,0.575,0.387
259500,0.043,0.591,0.366
260000,0.041,0.562,0.397
260500,0.042,0.526,0.432
261000,0.050,0.518,0.432
261500,0.054,0.505,0.441
262000,0.050,0.474,0.476
262500,0.052,0.513,0.435
263000,0.056,0.481,0.463
263500,0.058,0.453,0.489
264000,0.044,0.459,0.497
264500,0.056,0.480,0.464
265000,0.067,0.498,0.435
265500,0.043,0.541,0.416
266000,0.040,0.568,0.392
266500,0.041,0.514,0.445
267000,0.040,0.526,0.434
267500,0.043,0.542,0.415
268000,0.038,0.497,0.465
268500,0.047,0.494,0.459
269000,0.049,0.504,0.447
269500,0.045,0.557,0.398
270000,0.043,0.538,0.419
270500,0.044,0.550,0.406
271000,0.058,0.522,0.420
271500,0.058,0.500,0.442
272000,0.050,0.530,0.420
272500,0.053,0.492,0.455
273000,0.052,0.504,0.444
273500,0.042,0.530,0.428
274000,0.039,0.543,0.418
274500,0.052,0.536,0.412
275000,0.041,0.550,0.409
275500,0.044,0.517,0.439
276000,0.054,0.508,0.438
276500,0.060,0.475,0.465
277000,0.057,0.491,0.452
277500,0.044,0.498,0.458
278000,0.053,0.515,0.432
278500,0.048,0.503,0.449
279000,0.044,0.548,0.408
279500,0.046,0.528,0.426
280000,0.039,0.541,0.420
280500,0.057,0.533,0.410
281000,0.056,0.491,0.453
281500,0.041,0.481,0.478
282000,0.050,0.513,0.437
282500,0.053,0.495,0.452
283000,0.055,0.464,0.481
283500,0.053,0.460,0.487
284000,0.053,0.465,0.482
284500,0.054,0.473,0.473
285000,0.057,0.452,0.491
285500,0.076,0.460,0.464
286000,0.070,0.454,0.476
286500,0.076,0.469,0.455
287000,0.057,0.456,0.487
287500,0.057,0.441,0.502
288000,0.056,0.432,0.512
288500,0.068,0.470,0.462
289000,0.059,0.436,0.505
289500,0.062,0.398,0.540
290000,0.068,0.444,0.488
290500,0.072,0.441,0.487
291000,0.075,0.435,0.490
291500,0.070,0.423,0.507
292000,0.060,0.478,0.462
292500,0.051,0.481,0.468
293000,0.048,0.448,0.504
293500,0.050,0.439,0.511
294000,0.076,0.459,0.465
294500,0.067,0.474,0.459
295000,0.064,0.432,0.504
295500,0.063,0.408,0.529
296000,0.091,0.420,0.489
296500,0.077,0.399,0.524
297000,0.072,0.468,0.460
297500,0.079,0.430,0.491
298000,0.064,0.471,0.465
298500,0.059,0.465,0.476
299000,0.069,0.506,0.425
299500,0.065,0.492,0.443
300000,0.056,0.532,0.412
300500,0.040,0.539,0.421
301000,0.046,0.534,0.420
301500,0.047,0.544,0.409
302000,0.051,0.554,0.395
302500,0.045,0.592,0.363
303000,0.045,0.609,0.346
303500,0.038,0.640,0.322
304000,0.032,0.654,0.314
304500,0.032,0.654,0.314
305000,0.034,0.641,0.325
305500,0.031,0.608,0.361
306000,0.042,0.570,0.388
306500,0.045,0.568,0.387
307000,0.039,0.530,0.431
307500,0.039,0.582,0.379
308000,0.044,0.594,0.362
308500,0.039,0.593,0.368
309000,0.033,0.592,0.375
309500,0.039,0.617,0.344
310000,0.032,0.616,0.352
310500,0.035,0.592,0.373
311000,0.037,0.608,0.355
311500,0.042,0.587,0.371
312000,0.037,0.571,0.392
312500,0.039,0.575,0.386
313000,0.045,0.605,0.350
313500,0.045,0.620,0.335
314000,0.037,0.645,0.318
314500,0.042,0.622,0.336
315000,0.037,0.600,0.363
315500,0.039,0.602,0.359
316000,0.032,0.615,0.353
316500,0.032,0.605,0.363
317000,0.036,0.610,0.354
317500,0.041,0.615,0.344
318000,0.036,0.600,0.364
318500,0.039,0.620,0.341
319000,0.040,0.568,0.392
319500,0.038,0.561,0.401
320000,0.037,0.562,0.401
320500,0.048,0.534,0.418
321000,0.048,0.489,0.463
321500,0.058,0.511,0.431
322000,0.047,0.529,0.424
322500,0.046,0.550,0.404
323000,0.043,0.510,0.447
323500,0.051,0.508,0.441
324000,0.043,0.517,0.440
324500,0.040,0.533,0.427
325000,0.040,0.537,0.423
325500,0.035,0.564,0.401
326000,0.036,0.568,0.396
326500,0.043,0.556,0.401
327000,0.041,0.563,0.396
327500,0.039,0.589,0.372
328000,0.047,0.554,0.399
328500,0.033,0.575,0.392
329000,0.041,0.560,0.399
329500,0.045,0.548,0.407
330000,0.044,0.540,0.416
330500,0.039,0.542,0.419
331000,0.040,0.533,0.427
331500,0.039,0.520,0.441
332000,0.046,0.568,0.386
332500,0.038,0.544,0.418
333000,0.042,0.558,0.400
333500,0.041,0.528,0.431
334000,0.051,0.509,0.440
334500,0.046,0.537,0.417
335000,0.047,0.543,0.410
335500,0.044,0.513,0.443
336000,0.053,0.558,0.389
336500,0.042,0.597,0.361
337000,0.045,0.579,0.376
337500,0.048,0.542,0.410
338000,0.044,0.578,0.378
338500,0.037,0.606,0.357
339000,0.036,0.607,0.357
339500,0.036,0.597,0.367
340000,0.043,0.570,0.387
340500,0.043,0.548,0.409
341000,0.045,0.562,0.393
341500,0.047,0.581,0.372
342000,0.038,0.584,0.378
342500,0.038,0.594,0.368
343000,0.033,0.608,0.359
343500,0.034,0.625,0.341
344000,0.036,0.577,0.387
344500,0.035,0.582,0.383
345000,0.037,0.571,0.392
345500,0.041,0.607,0.352
346000,0.041,0.585,0.374
346500,0.040,0.608,0.352
347000,0.032,0.613,0.355
347500,0.046,0.579,0.375
348000,0.041,0.543,0.416
348500,0.052,0.496,0.452
349000,0.058,0.461,0.481
349500,0.047,0.484,0.469
350000,0.055,0.505,0.440
350500,0.046,0.505,0.449
351000,0.041,0.558,0.401
351500,0.046,0.530,0.424
352000,0.048,0.542,0.410
352500,0.041,0.515,0.444
353000,0.045,0.548,0.407
353500,0.038,0.535,0.427
354000,0.039,0.541,0.420
354500,0.054,0.525,0.421
355000,0.042,0.522,0.436
355500,0.042,0.525,0.433
356000,0.042,0.561,0.397
356500,0.036,0.545,0.419
357000,0.033,0.537,0.430
357500,0.042,0.547,0.411
358000,0.044,0.576,0.380
358500,0.043,0.585,0.372
359000,0.041,0.576,0.383
359500,0.037,0.604,0.359
360000,0.039,0.649,0.312
360500,0.032,0.640,0.328
361000,0.036,0.636,0.328
361500,0.039,0.622,0.339
362000,0.032,0.591,0.377
362500,0.039,0.603,0.358
363000,0.048,0.598,0.354
363500,0.050,0.522,0.428
364000,0.055,0.532,0.413
364500,0.050,0.534,0.416
365000,0.046,0.545,0.409
365500,0.040,0.549,0.411
366000,0.036,0.539,0.425
366500,0.043,0.561,0.396
367000,0.050,0.564,0.386
367500,0.044,0.583,0.373
368000,0.034,0.567,0.399
368500,0.040,0.535,0.425
369000,0.049,0.536,0.415
369500,0.050,0.496,0.454
370000,0.049,0.481,0.470
370500,0.057,0.487,0.456
371000,0.074,0.433,0.493
371500,0.061,0.452,0.487
372000,0.061,0.513,0.426
372500,0.050,0.526,0.424
373000,0.042,0.525,0.433
373500,0.051,0.482,0.467
374000,0.056,0.464,0.480
374500,0.061,0.493,0.446
375000,0.048,0.477,0.475
375500,0.048,0.507,0.445
376000,0.046,0.522,0.432
376500,0.035,0.594,0.371
377000,0.034,0.600,0.366
377500,0.037,0.571,0.392
378000,0.037,0.556,0.407
378500,0.047,0.570,0.383
379000,0.039,0.554,0.407
379500,0.038,0.504,0.458
380000,0.038,0.556,0.406
380500,0.042,0.557,0.401
381000,0.038,0.565,0.397
381500,0.032,0.595,0.373
382000,0.038,0.546,0.416
382500,0.037,0.502,0.461
383000,0.036,0.536,0.428
383500,0.035,0.554,0.411
384000,0.048,0.529,0.423
384500,0.038,0.541,0.421
385000,0.041,0.554,0.405
385500,0.050,0.540,0.410
386000,0.055,0.566,0.379
386500,0.048,0.540,0.412
387000,0.041,0.525,0.434
387500,0.042,0.553,0.405
388000,0.044,0.531,0.425
388500,0.060,0.508,0.432
389000,0.056,0.510,0.434
389500,0.041,0.485,0.474
390000,0.045,0.543,0.412
390500,0.039,0.501,0.460
391000,0.039,0.539,0.422
391500,0.038,0.586,0.376
392000,0.044,0.558,0.398
392500,0.044,0.568,0.388
393000,0.042,0.580,0.378
393500,0.044,0.576,0.380
394000,0.043,0.627,0.330
394500,0.043,0.563,0.394
395000,0.035,0.567,0.398
395500,0.035,0.552,0.413
396000,0.044,0.547,0.409
396500,0.045,0.542,0.413
397000,0.051,0.519,0.430
397500,0.038,0.513,0.449
398000,0.046,0.557,0.397
398500,0.043,0.595,0.362
399000,0.044,0.596,0.360
399500,0.037,0.618,0.345
400000,0.036,0.621,0.343
400500,0.035,0.623,0.342
401000,0.037,0.572,0.391
401500,0.042,0.572,0.386
402000,0.041,0.584,0.375
402500,0.037,0.557,0.406
403000,0.043,0.590,0.367
403500,0.054,0.552,0.394
404000,0.039,0.547,0.414
404500,0.048,0.545,0.407
405000,0.042,0.540,0.418
405500,0.047,0.550,0.403
406000,0.039,0.580,0.381
406500,0.033,0.593,0.374
407000,0.038,0.586,0.376
407500,0.046,0.585,0.369
408000,0.035,0.602,0.363
408500,0.040,0.580,0.380
409000,0.037,0.602,0.361
409500,0.045,0.573,0.382
410000,0.041,0.547,0.412
410500,0.051,0.518,0.431
411000,0.056,0.466,0.478
411500,0.063,0.451,0.486
412000,0.056,0.471,0.473
412500,0.056,0.490,0.454
413000,0.061,0.494,0.445
413500,0.047,0.520,0.433
414000,0.038,0.521,0.441
414500,0.048,0.519,0.433
415000,0.052,0.535,0.413
415500,0.046,0.546,0.408
416000,0.045,0.560,0.395
416500,0.049,0.528,0.423
417000,0.058,0.520,0.422
417500,0.046,0.518,0.436
418000,0.049,0.493,0.458
418500,0.041,0.492,0.467
419000,0.045,0.497,0.458
419500,0.052,0.524,0.424
420000,0.060,0.532,0.408
420500,0.045,0.518,0.437
421000,0.044,0.519,0.437
421500,0.059,0.502,0.439
422000,0.057,0.514,0.429
422500,0.053,0.503,0.444
423000,0.052,0.509,0.439
423500,0.049,0.556,0.395
424000,0.054,0.561,0.385
424500,0.045,0.587,0.368
425000,0.043,0.615,0.342
425500,0.037,0.594,0.369
426000,0.034,0.581,0.385
426500,0.033,0.625,0.342
427000,0.046,0.576,0.378
427500,0.047,0.615,0.338
428000,0.032,0.630,0.338
428500,0.039,0.625,0.336
429000,0.044,0.608,0.348
429500,0.039,0.612,0.349
430000,0.050,0.598,0.352
430500,0.045,0.597,0.358
431000,0.046,0.575,0.379
431500,0.040,0.563,0.397
432000,0.051,0.570,0.379
432500,0.037,0.537,0.426
433000,0.038,0.551,0.411
433500,0.041,0.558,0.401
434000,0.039,0.546,0.415
434500,0.044,0.550,0.406
435000,0.046,0.562,0.392
435500,0.044,0.568,0.388
436000,0.049,0.490,0.461
436500,0.045,0.511,0.444
437000,0.042,0.527,0.431
437500,0.047,0.574,0.379
438000,0.039,0.551,0.410
438500,0.050,0.503,0.447
439000,0.050,0.513,0.437
439500,0.048,0.547,0.405
440000,0.047,0.547,0.406
440500,0.040,0.532,0.428
441000,0.049,0.538,0.413
441500,0.045,0.522,0.433
442000,0.038,0.544,0.418
442500,0.040,0.577,0.383
443000,0.043,0.584,0.373
443500,0.044,0.589,0.367
444000,0.039,0.561,0.400
444500,0.048,0.570,0.382
445000,0.049,0.550,0.401
445500,0.052,0.569,0.379
446000,0.043,0.573,0.384
446500,0.043,0.579,0.378
447000,0.036,0.570,0.394
447500,0.033,0.612,0.355
448000,0.032,0.598,0.370
448500,0.036,0.571,0.393
449000,0.035,0.596,0.369
449500,0.039,0.606,0.355
450000,0.030,0.620,0.350
450500,0.043,0.590,0.367
451000,0.038,0.623,0.339
451500,0.036,0.610,0.354
452000,0.044,0.593,0.363
452500,0.037,0.572,0.391
453000,0.034,0.596,0.370
453500,0.032,0.563,0.405
454000,0.037,0.592,0.371
454500,0.036,0.567,0.397
455000,0.032,0.595,0.373
455500,0.036,0.630,0.334
456000,0.042,0.610,0.348
456500,0.047,0.552,0.401
457000,0.044,0.540,0.416
457500,0.051,0.536,0.413
458000,0.055,0.514,0.431
458500,0.068,0.455,0.477
459000,0.071,0.425,0.504
459500,0.068,0.461,0.471
460000,0.071,0.480,0.449
460500,0.078,0.454,0.468
461000,0.068,0.443,0.489
461500,0.074,0.434,0.492
462000,0.072,0.446,0.482
462500,0.068,0.447,0.485
463000,0.073,0.403,0.524
463500,0.064,0.423,0.513
464000,0.072,0.418,0.510
464500,0.055,0.462,0.483
465000,0.051,0.480,0.469
465500,0.051,0.488,0.461
466000,0.044,0.494,0.462
466500,0.056,0.471,0.473
467000,0.061,0.476,0.463
467500,0.056,0.511,0.433
468000,0.049,0.534,0.417
468500,0.055,0.494,0.451
469000,0.050,0.530,0.420
469500,0.044,0.575,0.381
470000,0.034,0.544,0.422
470500,0.036,0.511,0.453
471000,0.044,0.509,0.447
471500,0.057,0.533,0.410
472000,0.045,0.553,0.402
472500,0.048,0.576,0.376
473000,0.047,0.568,0.385
473500,0.038,0.555,0.407
474000,0.042,0.578,0.380
474500,0.044,0.609,0.347
475000,0.037,0.594,0.369
475500,0.043,0.629,0.328
476000,0.032,0.639,0.329
476500,0.031,0.648,0.321
477000,0.035,0.667,0.298
477500,0.035,0.674,0.291
478000,0.038,0.666,0.296
478500,0.039,0.647,0.314
479000,0.034,0.649,0.317
479500,0.035,0.637,0.328
480000,0.036,0.619,0.345
480500,0.035,0.590,0.375
481000,0.038,0.606,0.356
481500,0.033,0.649,0.318
482000,0.031,0.661,0.308
482500,0.033,0.660,0.307
483000,0.037,0.609,0.354
483500,0.038,0.582,0.380
484000,0.041,0.557,0.402
484500,0.036,0.552,0.412
485000,0.041,0.579,0.380
485500,0.033,0.533,0.434
486000,0.046,0.537,0.417
486500,0.044,0.503,0.453
487000,0.050,0.514,0.436
487500,0.052,0.516,0.432
488000,0.064,0.466,0.470
488500,0.052,0.507,0.441
489000,0.051,0.483,0.466
489500,0.062,0.497,0.441
490000,0.063,0.471,0.466
490500,0.054,0.495,0.451
491000,0.047,0.511,0.442
491500,0.056,0.543,0.401
492000,0.049,0.525,0.426
492500,0.055,0.535,0.410
493000,0.049,0.524,0.427
493500,0.056,0.523,0.421
494000,0.056,0.519,0.425
494500,0.041,0.534,0.425
495000,0.042,0.534,0.424
495500,0.052,0.559,0.389
496000,0.053,0.524,0.423
496500,0.038,0.549,0.413
497000,0.037,0.556,0.407
497500,0.042,0.589,0.369
498000,0.054,0.569,0.377
498500,0.054,0.572,0.374
499000,0.051,0.555,0.394
499500,0.059,0.524,0.417
500000,0.069,0.504,0.427
500500,0.048,0.514,0.438
501000,0.043,0.519,0.438
501500,0.044,0.531,0.425
502000,0.046,0.537,0.417
502500,0.042,0.557,0.401
503000,0.043,0.537,0.420
503500,0.052,0.508,0.440
504000,0.052,0.490,0.458
504500,0.042,0.532,0.426
505000,0.041,0.478,0.481
505500,0.055,0.486,0.459
506000,0.061,0.473,0.466
506500,0.058,0.460,0.482
507000,0.076,0.449,0.475
507500,0.063,0.466,0.471
508000,0.089,0.466,0.445
508500,0.085,0.433,0.482
509000,0.068,0.455,0.477
509500,0.057,0.491,0.452
510000,0.053,0.489,0.458
510500,0.048,0.482,0.470
511000,0.048,0.486,0.466
511500,0.048,0.502,0.450
512000,0.047,0.498,0.455
512500,0.065,0.516,0.419
513000,0.052,0.509,0.439
513500,0.048,0.572,0.380
514000,0.048,0.580,0.372
514500,0.036,0.556,0.408
515000,0.034,0.599,0.367
515500,0.032,0.615,0.353
516000,0.045,0.596,0.359
516500,0.039,0.578,0.383
517000,0.038,0.598,0.364
517500,0.044,0.557,0.399
518000,0.037,0.524,0.439
518500,0.036,0.562,0.402
519000,0.033,0.565,0.402
519500,0.032,0.549,0.419
520000,0.037,0.548,0.415
520500,0.042,0.511,0.447
521000,0.041,0.526,0.433
521500,0.046,0.494,0.460
522000,0.036,0.545,0.419
522500,0.049,0.524,0.427
523000,0.043,0.504,0.453
523500,0.047,0.517,0.436
524000,0.058,0.552,0.390
524500,0.044,0.608,0.348
525000,0.039,0.576,0.385
525500,0.035,0.586,0.379
526000,0.044,0.587,0.369
526500,0.046,0.573,0.381
527000,0.040,0.581,0.379
527500,0.034,0.574,0.392
528000,0.040,0.553,0.407
528500,0.039,0.512,0.449
529000,0.051,0.516,0.433
529500,0.042,0.530,0.428
530000,0.041,0.563,0.396
530500,0.040,0.564,0.396
531000,0.039,0.581,0.380
531500,0.041,0.553,0.406
532000,0.046,0.570,0.384
532500,0.039,0.580,0.381
533000,0.032,0.624,0.344
533500,0.030,0.655,0.315
534000,0.031,0.594,0.375
534500,0.040,0.616,0.344
535000,0.044,0.635,0.321
535500,0.038,0.602,0.360
536000,0.035,0.553,0.412
536500,0.050,0.559,0.391
537000,0.044,0.569,0.387
537500,0.037,0.596,0.367
538000,0.041,0.608,0.351
538500,0.038,0.610,0.352
539000,0.037,0.587,0.376
539500,0.043,0.577,0.380
540000,0.045,0.606,0.349
540500,0.047,0.575,0.378
541000,0.046,0.541,0.413
541500,0.046,0.532,0.422
542000,0.043,0.540,0.417
542500,0.037,0.562,0.401
543000,0.053,0.551,0.396
543500,0.043,0.589,0.368
544000,0.039,0.599,0.362
544500,0.039,0.557,0.404
545000,0.032,0.585,0.383
545500,0.036,0.623,0.341
546000,0.036,0.573,0.391
546500,0.045,0.529,0.426
547000,0.046,0.517,0.437
547500,0.065,0.476,0.459
548000,0.072,0.419,0.509
548500,0.069,0.478,0.453
549000,0.061,0.464,0.475
549500,0.050,0.465,0.485
550000,0.073,0.438,0.489
550500,0.087,0.445,0.468
551000,0.059,0.483,0.458
551500,0.055,0.526,0.419
552000,0.049,0.517,0.434
552500,0.041,0.531,0.428
553000,0.042,0.574,0.384
553500,0.037,0.566,0.397
554000,0.041,0.541,0.418
554500,0.056,0.522,0.422
555000,0.042,0.561,0.397
555500,0.045,0.554,0.401
556000,0.045,0.547,0.408
556500,0.046,0.567,0.387
557000,0.044,0.564,0.392
557500,0.036,0.638,0.326
558000,0.035,0.652,0.313
558500,0.036,0.607,0.357
559000,0.033,0.624,0.343
559500,0.031,0.644,0.325
560000,0.034,0.624,0.342
560500,0.035,0.607,0.358
561000,0.038,0.586,0.376
561500,0.047,0.615,0.338
562000,0.041,0.573,0.386
562500,0.055,0.547,0.398
563000,0.041,0.542,0.417
563500,0.040,0.568,0.392
564000,0.044,0.538,0.418
564500,0.041,0.552,0.407
565000,0.040,0.530,0.430
565500,0.042,0.529,0.429
566000,0.045,0.558,0.397
566500,0.051,0.511,0.438
567000,0.049,0.476,0.475
567500,0.044,0.532,0.424
568000,0.040,0.526,0.434
568500,0.039,0.529,0.432
569000,0.035,0.495,0.470
569500,0.033,0.530,0.437
570000,0.056,0.483,0.461
570500,0.054,0.493,0.453
571000,0.045,0.520,0.435
571500,0.051,0.483,0.466
572000,0.049,0.470,0.481
572500,0.063,0.421,0.516
573000,0.059,0.430,0.511
573500,0.053,0.525,0.422
574000,0.039,0.573,0.388
574500,0.035,0.573,0.392
575000,0.037,0.608,0.355
575500,0.040,0.603,0.357
576000,0.043,0.570,0.387
576500,0.043,0.559,0.398
577000,0.044,0.560,0.396
577500,0.038,0.550,0.412
578000,0.039,0.557,0.404
578500,0.051,0.529,0.420
579000,0.058,0.523,0.419
579500,0.052,0.535,0.413
580000,0.040,0.538,0.422
580500,0.050,0.469,0.481
581000,0.075,0.449,0.476
581500,0.065,0.439,0.496
582000,0.056,0.479,0.465
582500,0.052,0.474,0.474
583000,0.067,0.456,0.477
583500,0.059,0.470,0.471
584000,0.068,0.444,0.488
584500,0.057,0.434,0.509
585000,0.062,0.457,0.481
585500,0.064,0.498,0.438
586000,0.045,0.527,0.428
586500,0.040,0.536,0.424
587000,0.046,0.566,0.388
587500,0.036,0.585,0.379
588000,0.036,0.602,0.362
588500,0.043,0.568,0.389
589000,0.036,0.546,0.418
589500,0.037,0.544,0.419
590000,0.037,0.554,0.409
590500,0.043,0.576,0.381
591000,0.033,0.627,0.340
591500,0.035,0.602,0.363
592000,0.038,0.607,0.355
592500,0.043,0.540,0.417
593000,0.043,0.524,0.433
593500,0.045,0.516,0.439
594000,0.059,0.479,0.462
594500,0.057,0.452,0.491
595000,0.060,0.453,0.487
595500,0.062,0.470,0.468
596000,0.052,0.483,0.465
596500,0.052,0.504,0.444
597000,0.059,0.529,0.412
597500,0.056,0.478,0.466
598000,0.054,0.522,0.424
598500,0.045,0.505,0.450
599000,0.044,0.499,0.457
599500,0.051,0.480,0.469
600000,0.072,0.447,0.481
600500,0.053,0.515,0.432
601000,0.052,0.510,0.438
601500,0.045,0.559,0.396
602000,0.048,0.551,0.401
602500,0.045,0.565,0.390
603000,0.046,0.540,0.414
603500,0.045,0.572,0.383
604000,0.042,0.541,0.417
604500,0.047,0.582,0.371
605000,0.034,0.569,0.397
605500,0.039,0.605,0.356
606000,0.040,0.616,0.344
606500,0.047,0.600,0.353
607000,0.037,0.572,0.391
607500,0.036,0.603,0.361
608000,0.037,0.634,0.329
608500,0.037,0.635,0.328
609000,0.038,0.568,0.394
609500,0.051,0.556,0.393
610000,0.037,0.571,0.392
610500,0.048,0.582,0.370
611000,0.048,0.543,0.409
611500,0.044,0.523,0.433
612000,0.063,0.508,0.429
612500,0.053,0.516,0.431
613000,0.051,0.524,0.425
613500,0.041,0.524,0.435
614000,0.046,0.510,0.444
614500,0.046,0.513,0.441
615000,0.056,0.531,0.413
615500,0.053,0.509,0.438
616000,0.056,0.483,0.461
616500,0.054,0.534,0.412
617000,0.071,0.476,0.453
617500,0.061,0.457,0.482
618000,0.068,0.451,0.481
618500,0.058,0.428,0.514
619000,0.055,0.457,0.488
619500,0.055,0.491,0.454
620000,0.049,0.508,0.443
620500,0.039,0.535,0.426
621000,0.043,0.543,0.414
621500,0.042,0.570,0.388
622000,0.040,0.613,0.347
622500,0.036,0.590,0.374
623000,0.045,0.604,0.351
623500,0.038,0.605,0.357
624000,0.042,0.586,0.372
624500,0.039,0.593,0.368
625000,0.032,0.607,0.361
625500,0.043,0.609,0.348
626000,0.037,0.621,0.342
626500,0.036,0.626,0.338
627000,0.036,0.654,0.310
627500,0.033,0.633,0.334
628000,0.039,0.653,0.308
628500,0.036,0.637,0.327
629000,0.037,0.630,0.333
629500,0.042,0.625,0.333
630000,0.045,0.629,0.326
630500,0.043,0.604,0.353
631000,0.033,0.612,0.355
631500,0.040,0.595,0.365
632000,0.040,0.660,0.300
632500,0.039,0.638,0.323
633000,0.037,0.621,0.342
633500,0.044,0.609,0.347
634000,0.040,0.580,0.380
634500,0.043,0.575,0.382
635000,0.037,0.613,0.350
635500,0.034,0.598,0.368
636000,0.047,0.610,0.343
636500,0.040,0.615,0.345
637000,0.037,0.599,0.364
637500,0.043,0.566,0.391
638000,0.045,0.545,0.410
638500,0.039,0.556,0.405
639000,0.051,0.522,0.427
639500,0.064,0.516,0.420
640000,0.050,0.524,0.426
640500,0.044,0.498,0.458
641000,0.050,0.566,0.384
641500,0.047,0.526,0.427
642000,0.041,0.576,0.383
642500,0.045,0.562,0.393
643000,0.048,0.569,0.383
643500,0.037,0.586,0.377
644000,0.035,0.563,0.402
644500,0.033,0.568,0.399
645000,0.053,0.559,0.388
645500,0.037,0.552,0.411
646000,0.041,0.514,0.445
646500,0.055,0.486,0.459
647000,0.039,0.555,0.406
647500,0.037,0.549,0.414
648000,0.040,0.550,0.410
648500,0.042,0.495,0.463
649000,0.047,0.460,0.493
649500,0.044,0.498,0.458
650000,0.048,0.543,0.409
650500,0.057,0.535,0.408
651000,0.051,0.484,0.465
651500,0.050,0.524,0.426
652000,0.045,0.523,0.432
652500,0.039,0.530,0.431
653000,0.038,0.578,0.384
653500,0.040,0.575,0.385
654000,0.037,0.603,0.360
654500,0.040,0.571,0.389
655000,0.047,0.592,0.361
655500,0.048,0.580,0.372
656000,0.035,0.555,0.410
656500,0.042,0.542,0.416
657000,0.045,0.537,0.418
657500,0.053,0.561,0.386
658000,0.052,0.570,0.378
658500,0.047,0.500,0.453
659000,0.052,0.521,0.427
659500,0.055,0.520,0.425
660000,0.060,0.500,0.440
660500,0.067,0.482,0.451
661000,0.071,0.475,0.454
661500,0.059,0.481,0.460
662000,0.050,0.512,0.438
662500,0.041,0.544,0.415
663000,0.045,0.585,0.370
663500,0.047,0.572,0.381
664000,0.043,0.532,0.425
664500,0.046,0.571,0.383
665000,0.040,0.592,0.368
665500,0.038,0.592,0.370
666000,0.033,0.611,0.356
666500,0.033,0.581,0.386
667000,0.045,0.592,0.363
667500,0.040,0.588,0.372
668000,0.036,0.571,0.393
668500,0.041,0.573,0.386
669000,0.036,0.547,0.417
669500,0.040,0.556,0.404
670000,0.052,0.537,0.411
670500,0.044,0.542,0.414
671000,0.044,0.536,0.420
671500,0.049,0.511,0.440
672000,0.043,0.532,0.425
672500,0.037,0.556,0.407
673000,0.039,0.509,0.452
673500,0.054,0.520,0.426
674000,0.048,0.539,0.413
674500,0.048,0.539,0.413
675000,0.051,0.548,0.401
675500,0.046,0.541,0.413
676000,0.047,0.527,0.426
676500,0.044,0.559,0.397
677000,0.048,0.580,0.372
677500,0.041,0.589,0.370
678000,0.037,0.596,0.367
678500,0.039,0.584,0.377
679000,0.044,0.554,0.402
679500,0.056,0.544,0.400
680000,0.051,0.545,0.404
680500,0.041,0.543,0.416
681000,0.042,0.529,0.429
681500,0.057,0.523,0.420
682000,0.043,0.526,0.431
682500,0.048,0.544,0.408
683000,0.043,0.557,0.400
683500,0.042,0.581,0.377
684000,0.034,0.574,0.392
684500,0.038,0.562,0.400
685000,0.036,0.566,0.398
685500,0.046,0.552,0.402
686000,0.042,0.569,0.389
686500,0.037,0.556,0.407
687000,0.040,0.591,0.369
687500,0.031,0.545,0.424
688000,0.033,0.564,0.403
688500,0.039,0.551,0.410
689000,0.040,0.525,0.435
689500,0.042,0.546,0.412
690000,0.040,0.524,0.436
690500,0.060,0.496,0.444
691000,0.061,0.505,0.434
691500,0.053,0.475,0.472
692000,0.053,0.463,0.484
692500,0.064,0.457,0.479
693000,0.055,0.475,0.470
693500,0.063,0.476,0.461
694000,0.069,0.487,0.444
694500,0.069,0.495,0.436
695000,0.057,0.491,0.452
695500,0.055,0.497,0.448
696000,0.050,0.536,0.414
696500,0.060,0.508,0.432
697000,0.066,0.506,0.428
697500,0.050,0.480,0.470
698000,0.055,0.487,0.458
698500,0.060,0.487,0.453
699000,0.063,0.499,0.438
699500,0.072,0.433,0.495
700000,0.062,0.472,0.466
700500,0.059,0.466,0.475
701000,0.060,0.477,0.463
701500,0.071,0.426,0.503
702000,0.061,0.420,0.519
702500,0.074,0.406,0.520
703000,0.075,0.421,0.504
703500,0.063,0.457,0.480
704000,0.062,0.476,0.462
704500,0.058,0.468,0.474
705000,0.072,0.422,0.506
705500,0.087,0.432,0.481
706000,0.076,0.437,0.487
706500,0.060,0.466,0.474
707000,0.049,0.502,0.449
707500,0.056,0.470,0.474
708000,0.068,0.484,0.448
708500,0.066,0.468,0.466
709000,0.059,0.483,0.458
709500,0.055,0.434,0.511
710000,0.059,0.469,0.472
710500,0.071,0.465,0.464
711000,0.060,0.425,0.515
711500,0.075,0.475,0.450
712000,0.065,0.466,0.469
712500,0.061,0.472,0.467
713000,0.055,0.458,0.487
713500,0.064,0.470,0.466
714000,0.072,0.474,0.454
714500,0.086,0.439,0.475
715000,0.091,0.450,0.459
715500,0.078,0.426,0.496
716000,0.091,0.390,0.519
716500,0.088,0.416,0.496
717000,0.093,0.395,0.512
717500,0.076,0.424,0.500
718000,0.090,0.402,0.508
718500,0.057,0.456,0.487
719000,0.059,0.460,0.481
719500,0.052,0.481,0.467
720000,0.048,0.467,0.485
720500,0.055,0.424,0.521
721000,0.064,0.445,0.491
721500,0.062,0.475,0.463
722000,0.052,0.479,0.469
722500,0.065,0.501,0.434
723000,0.057,0.431,0.512
723500,0.067,0.454,0.479
724000,0.051,0.471,0.478
724500,0.065,0.497,0.438
725000,0.060,0.564,0.376
725500,0.048,0.517,0.435
726000,0.051,0.539,0.410
726500,0.052,0.495,0.453
727000,0.060,0.479,0.461
727500,0.061,0.450,0.489
728000,0.057,0.465,0.478
728500,0.053,0.466,0.481
729000,0.052,0.463,0.485
729500,0.062,0.470,0.468
730000,0.055,0.464,0.481
730500,0.070,0.487,0.443
731000,0.069,0.472,0.459
731500,0.063,0.458,0.479
732000,0.060,0.483,0.457
732500,0.049,0.544,0.407
733000,0.047,0.550,0.403
733500,0.047,0.556,0.397
734000,0.046,0.536,0.418
734500,0.053,0.526,0.421
735000,0.055,0.537,0.408
735500,0.059,0.538,0.403
736000,0.045,0.551,0.404
736500,0.044,0.541,0.415
737000,0.043,0.535,0.422
737500,0.046,0.545,0.409
738000,0.045,0.534,0.421
738500,0.038,0.533,0.429
739000,0.051,0.527,0.422
739500,0.060,0.534,0.406
740000,0.041,0.572,0.387
740500,0.039,0.564,0.397
741000,0.034,0.605,0.361
741500,0.038,0.643,0.319
742000,0.039,0.649,0.312
742500,0.041,0.654,0.305
743000,0.035,0.603,0.362
743500,0.046,0.563,0.391
744000,0.039,0.596,0.365
744500,0.037,0.563,0.400
745000,0.048,0.579,0.373
745500,0.043,0.587,0.370
746000,0.040,0.585,0.375
746500,0.046,0.551,0.403
747000,0.051,0.557,0.392
747500,0.050,0.525,0.425
748000,0.044,0.530,0.426
748500,0.043,0.541,0.416
749000,0.044,0.535,0.421
749500,0.049,0.550,0.401
750000,0.036,0.517,0.447
750500,0.041,0.503,0.456
751000,0.042,0.490,0.468
751500,0.052,0.486,0.462
752000,0.062,0.483,0.455
752500,0.057,0.475,0.468
753000,0.054,0.469,0.477
753500,0.061,0.497,0.442
754000,0.082,0.472,0.446
754500,0.064,0.452,0.484
755000,0.068,0.503,0.429
755500,0.068,0.457,0.475
756000,0.061,0.485,0.454
756500,0.050,0.532,0.418
757000,0.036,0.589,0.375
757500,0.030,0.581,0.389
758000,0.036,0.630,0.334
758500,0.031,0.595,0.374
759000,0.045,0.613,0.342
759500,0.033,0.647,0.320
760000,0.034,0.608,0.358
760500,0.033,0.582,0.385
761000,0.037,0.571,0.392
761500,0.039,0.612,0.349
762000,0.040,0.552,0.408
762500,0.034,0.542,0.424
763000,0.039,0.557,0.404
763500,0.042,0.524,0.434
764000,0.040,0.498,0.462
764500,0.036,0.506,0.458
765000,0.035,0.530,0.435
765500,0.045,0.514,0.441
766000,0.050,0.544,0.406
766500,0.044,0.556,0.400
767000,0.037,0.559,0.404
767500,0.036,0.580,0.384
768000,0.030,0.619,0.351
768500,0.038,0.613,0.349
769000,0.040,0.609,0.351
769500,0.042,0.610,0.348
770000,0.041,0.584,0.375
770500,0.043,0.571,0.386
771000,0.037,0.542,0.421
771500,0.031,0.576,0.393
772000,0.035,0.605,0.360
772500,0.037,0.593,0.370
773000,0.033,0.558,0.409
773500,0.037,0.578,0.385
774000,0.034,0.560,0.406
774500,0.042,0.526,0.432
775000,0.043,0.510,0.447
775500,0.047,0.459,0.494
776000,0.047,0.471,0.482
776500,0.048,0.453,0.499
777000,0.046,0.514,0.440
777500,0.056,0.469,0.475
778000,0.077,0.470,0.453
778500,0.076,0.454,0.470
779000,0.058,0.474,0.468
779500,0.054,0.479,0.467
780000,0.048,0.481,0.471
780500,0.062,0.475,0.463
781000,0.067,0.461,0.472
781500,0.056,0.456,0.488
782000,0.053,0.524,0.423
782500,0.055,0.532,0.413
783000,0.050,0.534,0.416
783500,0.057,0.524,0.419
784000,0.057,0.498,0.445
784500,0.052,0.477,0.471
785000,0.062,0.431,0.507
785500,0.054,0.454,0.492
786000,0.074,0.444,0.482
786500,0.077,0.476,0.447
787000,0.068,0.508,0.424
787500,0.053,0.497,0.450
788000,0.052,0.502,0.446
788500,0.054,0.478,0.468
789000,0.041,0.467,0.492
789500,0.063,0.460,0.477
790000,0.061,0.470,0.469
790500,0.053,0.455,0.492
791000,0.051,0.506,0.443
791500,0.046,0.492,0.462
792000,0.042,0.519,0.439
792500,0.046,0.560,0.394
793000,0.038,0.578,0.384
793500,0.038,0.592,0.370
794000,0.039,0.581,0.380
794500,0.050,0.555,0.395
795000,0.038,0.540,0.422
795500,0.040,0.538,0.422
796000,0.037,0.569,0.394
796500,0.039,0.546,0.415
797000,0.039,0.548,0.413
797500,0.045,0.517,0.438
798000,0.039,0.520,0.441
798500,0.035,0.597,0.368
799000,0.039,0.583,0.378
799500,0.047,0.602,0.351
800000,0.039,0.619,0.342
800500,0.044,0.605,0.351
801000,0.046,0.567,0.387
801500,0.046,0.552,0.402
802000,0.052,0.544,0.404
802500,0.047,0.553,0.400
803000,0.045,0.532,0.423
803500,0.045,0.532,0.423
