time,n_A+p,n_B,n_AB
500,0.030,0.143,0.827
1000,0.030,0.150,0.820
1500,0.030,0.149,0.821
2000,0.030,0.210,0.760
2500,0.030,0.206,0.764
3000,0.535,0.000,0.465
3500,0.486,0.000,0.514
4000,0.698,0.000,0.302
4500,0.701,0.000,0.299
5000,0.727,0.000,0.273
5500,0.619,0.000,0.381
6000,0.762,0.000,0.238
6500,0.907,0.000,0.093
7000,0.788,0.000,0.212
7500,0.890,0.000,0.110
8000,0.842,0.000,0.158
8500,0.801,0.000,0.199
9000,0.542,0.000,0.458
9500,0.747,0.000,0.253
10000,0.663,0.000,0.337
10500,0.720,0.000,0.280
11000,0.712,0.000,0.288
11500,0.628,0.000,0.372
12000,0.614,0.000,0.386
12500,0.703,0.000,0.297
13000,0.884,0.000,0.116
13500,0.997,0.000,0.003
14000,1.000,0.000,0.000
