time,n_A+p,n_B,n_AB
500,0.030,0.424,0.546
1000,0.030,0.302,0.668
1500,0.030,0.391,0.579
2000,0.030,0.317,0.653
2500,0.042,0.133,0.825
3000,0.030,0.287,0.683
3500,0.030,0.265,0.705
4000,0.030,0.349,0.621
4500,0.030,0.347,0.623
5000,0.030,0.298,0.672
5500,0.030,0.257,0.713
6000,0.030,0.153,0.817
6500,0.030,0.172,0.798
7000,0.030,0.332,0.638
7500,0.033,0.280,0.687
8000,0.030,0.323,0.647
8500,0.030,0.407,0.563
9000,0.030,0.256,0.714
9500,0.030,0.420,0.550
10000,0.030,0.406,0.564
10500,0.030,0.377,0.593
11000,0.030,0.345,0.625
11500,0.030,0.357,0.613
12000,0.030,0.283,0.687
12500,0.030,0.233,0.737
13000,0.030,0.266,0.704
13500,0.030,0.380,0.590
14000,0.030,0.315,0.655
14500,0.030,0.250,0.720
15000,0.030,0.389,0.581
15500,0.030,0.240,0.730
16000,0.030,0.361,0.609
16500,0.030,0.265,0.705
17000,0.030,0.396,0.574
17500,0.030,0.369,0.601
18000,0.030,0.398,0.572
18500,0.030,0.415,0.555
19000,0.049,0.316,0.635
19500,0.030,0.419,0.551
20000,0.030,0.462,0.508
20500,0.030,0.268,0.702
21000,0.030,0.323,0.647
21500,0.030,0.287,0.683
22000,0.030,0.345,0.625
22500,0.030,0.366,0.604
23000,0.030,0.273,0.697
23500,0.030,0.293,0.677
24000,0.030,0.280,0.690
24500,0.030,0.341,0.629
25000,0.030,0.225,0.745
25500,0.030,0.294,0.676
26000,0.030,0.337,0.633
26500,0.030,0.361,0.609
27000,0.030,0.297,0.673
27500,0.030,0.425,0.545
28000,0.030,0.281,0.689
28500,0.030,0.203,0.767
29000,0.030,0.249,0.721
29500,0.030,0.333,0.637
30000,0.030,0.383,0.587
30500,0.030,0.228,0.742
31000,0.030,0.258,0.712
31500,0.030,0.339,0.631
32000,0.030,0.409,0.561
32500,0.030,0.288,0.682
33000,0.030,0.268,0.702
33500,0.030,0.255,0.715
34000,0.030,0.212,0.758
34500,0.030,0.230,0.740
35000,0.030,0.327,0.643
35500,0.030,0.349,0.621
36000,0.030,0.284,0.686
36500,0.030,0.242,0.728
37000,0.030,0.246,0.724
37500,0.030,0.285,0.685
38000,0.030,0.333,0.637
38500,0.030,0.324,0.646
39000,0.036,0.173,0.791
39500,0.030,0.286,0.684
40000,0.030,0.241,0.729
40500,0.031,0.272,0.697
41000,0.042,0.151,0.807
41500,0.030,0.261,0.709
42000,0.030,0.204,0.766
42500,0.030,0.343,0.627
43000,0.030,0.294,0.676
43500,0.030,0.359,0.611
44000,0.030,0.216,0.754
44500,0.030,0.244,0.726
45000,0.030,0.351,0.619
45500,0.030,0.363,0.607
46000,0.031,0.259,0.710
46500,0.030,0.336,0.634
47000,0.030,0.279,0.691
47500,0.030,0.356,0.614
48000,0.030,0.361,0.609
48500,0.030,0.417,0.553
49000,0.030,0.361,0.609
49500,0.030,0.290,0.680
50000,0.030,0.423,0.547
50500,0.030,0.279,0.691
51000,0.030,0.371,0.599
51500,0.030,0.381,0.589
52000,0.030,0.387,0.583
52500,0.030,0.340,0.630
53000,0.030,0.315,0.655
53500,0.030,0.346,0.624
54000,0.030,0.313,0.657
54500,0.030,0.257,0.713
55000,0.030,0.363,0.607
55500,0.030,0.264,0.706
56000,0.030,0.278,0.692
56500,0.030,0.320,0.650
57000,0.030,0.469,0.501
57500,0.030,0.339,0.631
58000,0.030,0.333,0.637
58500,0.030,0.376,0.594
59000,0.030,0.347,0.623
59500,0.030,0.244,0.726
60000,0.030,0.332,0.638
60500,0.030,0.297,0.673
61000,0.030,0.437,0.533
61500,0.030,0.201,0.769
62000,0.030,0.275,0.695
62500,0.030,0.383,0.587
63000,0.030,0.244,0.726
63500,0.030,0.302,0.668
64000,0.030,0.279,0.691
64500,0.030,0.462,0.508
65000,0.030,0.233,0.737
65500,0.030,0.445,0.525
66000,0.030,0.273,0.697
66500,0.030,0.352,0.618
67000,0.030,0.348,0.622
67500,0.030,0.297,0.673
68000,0.030,0.391,0.579
68500,0.030,0.327,0.643
69000,0.030,0.221,0.749
69500,0.030,0.282,0.688
70000,0.030,0.377,0.593
70500,0.030,0.369,0.601
71000,0.030,0.274,0.696
71500,0.030,0.223,0.747
72000,0.030,0.289,0.681
72500,0.030,0.350,0.620
73000,0.030,0.332,0.638
73500,0.030,0.232,0.738
74000,0.030,0.241,0.729
74500,0.030,0.350,0.620
75000,0.030,0.303,0.667
75500,0.030,0.212,0.758
76000,0.030,0.246,0.724
76500,0.030,0.263,0.707
77000,0.030,0.252,0.718
77500,0.030,0.247,0.723
78000,0.037,0.189,0.774
78500,0.030,0.348,0.622
79000,0.030,0.342,0.628
79500,0.030,0.273,0.697
80000,0.030,0.405,0.565
80500,0.030,0.302,0.668
81000,0.030,0.326,0.644
81500,0.030,0.324,0.646
82000,0.030,0.376,0.594
82500,0.031,0.251,0.718
83000,0.030,0.353,0.617
83500,0.030,0.304,0.666
84000,0.030,0.243,0.727
84500,0.030,0.283,0.687
85000,0.030,0.521,0.449
85500,0.030,0.187,0.783
86000,0.030,0.363,0.607
86500,0.030,0.381,0.589
87000,0.039,0.185,0.776
87500,0.048,0.219,0.733
88000,0.030,0.204,0.766
88500,0.030,0.206,0.764
89000,0.030,0.283,0.687
89500,0.030,0.301,0.669
90000,0.030,0.342,0.628
90500,0.030,0.340,0.630
91000,0.030,0.321,0.649
91500,0.030,0.328,0.642
92000,0.031,0.269,0.700
92500,0.030,0.232,0.738
93000,0.030,0.370,0.600
93500,0.030,0.355,0.615
94000,0.030,0.352,0.618
94500,0.031,0.258,0.711
95000,0.030,0.325,0.645
95500,0.128,0.058,0.814
96000,0.730,0.000,0.270
96500,0.862,0.000,0.138
97000,0.875,0.000,0.125
97500,0.956,0.000,0.044
98000,1.000,0.000,0.000
