time,n_A+p,n_B,n_AB
500,0.030,0.353,0.617
1000,0.064,0.077,0.859
1500,0.046,0.125,0.829
2000,0.033,0.187,0.780
2500,0.030,0.371,0.599
3000,0.040,0.152,0.808
3500,0.030,0.292,0.678
4000,0.030,0.217,0.753
4500,0.030,0.278,0.692
5000,0.030,0.258,0.712
5500,0.030,0.264,0.706
6000,0.030,0.324,0.646
6500,0.030,0.210,0.760
7000,0.031,0.350,0.619
7500,0.030,0.304,0.666
8000,0.030,0.273,0.697
8500,0.030,0.331,0.639
9000,0.030,0.309,0.661
9500,0.030,0.199,0.771
10000,0.030,0.284,0.686
10500,0.030,0.381,0.589
11000,0.030,0.333,0.637
11500,0.030,0.348,0.622
12000,0.030,0.385,0.585
12500,0.030,0.198,0.772
13000,0.030,0.260,0.710
13500,0.030,0.338,0.632
14000,0.030,0.284,0.686
14500,0.030,0.323,0.647
15000,0.030,0.184,0.786
15500,0.030,0.339,0.631
16000,0.030,0.196,0.774
16500,0.045,0.118,0.837
17000,0.030,0.268,0.702
17500,0.033,0.180,0.787
18000,0.030,0.346,0.624
18500,0.037,0.225,0.738
19000,0.030,0.230,0.740
19500,0.030,0.202,0.768
20000,0.039,0.159,0.802
20500,0.032,0.210,0.758
21000,0.030,0.253,0.717
21500,0.030,0.229,0.741
22000,0.030,0.257,0.713
22500,0.030,0.300,0.670
23000,0.030,0.314,0.656
23500,0.030,0.241,0.729
24000,0.030,0.246,0.724
24500,0.030,0.265,0.705
25000,0.042,0.168,0.790
25500,0.030,0.221,0.749
26000,0.030,0.212,0.758
26500,0.030,0.273,0.697
27000,0.030,0.175,0.795
27500,0.056,0.176,0.768
28000,0.030,0.301,0.669
28500,0.030,0.290,0.680
29000,0.030,0.283,0.687
29500,0.030,0.238,0.732
30000,0.030,0.230,0.740
30500,0.030,0.240,0.730
31000,0.030,0.235,0.735
31500,0.030,0.269,0.701
32000,0.030,0.221,0.749
32500,0.030,0.173,0.797
33000,0.030,0.285,0.685
33500,0.030,0.319,0.651
34000,0.030,0.340,0.630
34500,0.139,0.027,0.834
35000,0.451,0.000,0.549
35500,0.623,0.000,0.377
36000,0.836,0.000,0.164
36500,0.859,0.000,0.141
37000,0.897,0.000,0.103
37500,0.954,0.000,0.046
38000,0.974,0.000,0.026
38500,0.933,0.000,0.067
39000,0.972,0.000,0.028
39500,0.999,0.000,0.001
40000,1.000,0.000,0.000
