time,n_A+p,n_B,n_AB
0,0.030,0.970,0.000
500,0.030,0.949,0.021
1000,0.032,0.907,0.061
1500,0.030,0.853,0.117
2000,0.032,0.810,0.158
2500,0.037,0.754,0.209
3000,0.035,0.693,0.273
3500,0.034,0.640,0.326
4000,0.037,0.604,0.360
4500,0.040,0.573,0.387
5000,0.042,0.531,0.427
5500,0.051,0.509,0.440
6000,0.052,0.497,0.450
6500,0.046,0.469,0.485
7000,0.050,0.448,0.502
7500,0.044,0.435,0.521
8000,0.043,0.409,0.549
8500,0.044,0.411,0.545
9000,0.056,0.398,0.545
9500,0.046,0.381,0.573
10000,0.051,0.369,0.580
10500,0.045,0.362,0.593
11000,0.055,0.354,0.590
11500,0.057,0.341,0.602
12000,0.059,0.331,0.610
12500,0.055,0.326,0.619
13000,0.052,0.322,0.626
13500,0.057,0.329,0.614
14000,0.053,0.327,0.620
14500,0.063,0.317,0.620
15000,0.075,0.307,0.618
15500,0.072,0.300,0.628
16000,0.072,0.299,0.629
16500,0.072,0.294,0.634
17000,0.065,0.294,0.640
17500,0.059,0.282,0.659
18000,0.079,0.285,0.636
18500,0.062,0.286,0.652
19000,0.063,0.281,0.656
19500,0.056,0.281,0.663
20000,0.062,0.279,0.659
20500,0.056,0.275,0.669
21000,0.053,0.296,0.651
21500,0.050,0.286,0.664
22000,0.045,0.277,0.678
22500,0.055,0.270,0.675
23000,0.058,0.268,0.674
23500,0.059,0.272,0.669
24000,0.061,0.264,0.675
24500,0.058,0.266,0.676
25000,0.054,0.258,0.687
25500,0.046,0.269,0.685
26000,0.046,0.265,0.689
26500,0.055,0.268,0.677
27000,0.054,0.257,0.688
27500,0.050,0.263,0.687
28000,0.055,0.253,0.692
28500,0.051,0.254,0.695
29000,0.055,0.248,0.697
29500,0.056,0.247,0.697
30000,0.053,0.242,0.705
30500,0.051,0.247,0.702
31000,0.060,0.251,0.688
31500,0.068,0.243,0.688
32000,0.058,0.244,0.698
32500,0.074,0.242,0.684
33000,0.064,0.248,0.687
33500,0.069,0.237,0.694
34000,0.064,0.228,0.708
34500,0.063,0.225,0.712
35000,0.065,0.220,0.715
35500,0.073,0.223,0.705
36000,0.066,0.225,0.709
36500,0.072,0.222,0.707
37000,0.063,0.228,0.709
37500,0.061,0.222,0.717
38000,0.069,0.220,0.711
38500,0.069,0.220,0.711
39000,0.063,0.222,0.715
39500,0.069,0.211,0.719
40000,0.080,0.221,0.700
40500,0.083,0.217,0.701
41000,0.065,0.221,0.714
41500,0.067,0.208,0.724
42000,0.069,0.203,0.727
42500,0.064,0.212,0.723
43000,0.064,0.207,0.728
43500,0.066,0.199,0.734
44000,0.063,0.200,0.736
44500,0.065,0.203,0.731
45000,0.057,0.200,0.743
45500,0.068,0.202,0.729
46000,0.066,0.211,0.722
46500,0.079,0.198,0.723
47000,0.070,0.193,0.736
47500,0.069,0.201,0.729
48000,0.080,0.194,0.726
48500,0.072,0.221,0.708
49000,0.072,0.204,0.724
49500,0.090,0.203,0.707
50000,0.070,0.196,0.733
50500,0.080,0.198,0.722
51000,0.070,0.198,0.731
51500,0.072,0.187,0.742
52000,0.072,0.193,0.735
52500,0.091,0.192,0.717
53000,0.080,0.190,0.730
53500,0.082,0.200,0.718
54000,0.076,0.196,0.728
54500,0.070,0.190,0.740
55000,0.084,0.184,0.732
55500,0.089,0.181,0.730
56000,0.078,0.178,0.745
56500,0.093,0.180,0.727
57000,0.083,0.181,0.736
57500,0.078,0.182,0.741
58000,0.084,0.182,0.734
58500,0.079,0.194,0.727
59000,0.073,0.191,0.736
59500,0.072,0.182,0.747
60000,0.082,0.189,0.729
60500,0.072,0.186,0.743
61000,0.079,0.186,0.735
61500,0.074,0.179,0.748
62000,0.073,0.185,0.743
62500,0.063,0.190,0.747
63000,0.064,0.184,0.752
63500,0.063,0.184,0.753
64000,0.069,0.184,0.747
64500,0.082,0.180,0.739
65000,0.075,0.170,0.756
65500,0.077,0.169,0.755
66000,0.073,0.169,0.759
66500,0.063,0.165,0.771
67000,0.062,0.169,0.769
67500,0.066,0.173,0.761
68000,0.085,0.165,0.750
68500,0.079,0.165,0.756
69000,0.083,0.185,0.732
69500,0.082,0.187,0.731
70000,0.087,0.180,0.733
70500,0.087,0.183,0.730
71000,0.082,0.187,0.731
71500,0.070,0.181,0.749
72000,0.076,0.177,0.748
72500,0.074,0.173,0.754
73000,0.081,0.168,0.752
73500,0.083,0.179,0.739
74000,0.079,0.176,0.746
74500,0.080,0.164,0.756
75000,0.062,0.175,0.763
75500,0.064,0.172,0.764
76000,0.076,0.165,0.759
76500,0.086,0.162,0.752
77000,0.084,0.168,0.749
77500,0.077,0.178,0.746
78000,0.068,0.190,0.742
78500,0.085,0.188,0.727
79000,0.082,0.193,0.725
79500,0.067,0.209,0.723
80000,0.069,0.190,0.741
80500,0.067,0.183,0.750
81000,0.074,0.177,0.750
81500,0.066,0.168,0.766
82000,0.055,0.169,0.776
82500,0.061,0.176,0.763
83000,0.070,0.180,0.750
83500,0.066,0.181,0.753
84000,0.066,0.180,0.754
84500,0.061,0.176,0.763
85000,0.063,0.170,0.767
85500,0.067,0.165,0.767
86000,0.067,0.163,0.769
86500,0.082,0.155,0.763
87000,0.080,0.149,0.771
87500,0.082,0.153,0.765
88000,0.092,0.159,0.749
88500,0.074,0.165,0.761
89000,0.076,0.160,0.764
89500,0.066,0.165,0.768
90000,0.068,0.155,0.776
90500,0.073,0.170,0.758
91000,0.072,0.173,0.756
91500,0.065,0.162,0.772
92000,0.067,0.163,0.769
92500,0.062,0.158,0.779
93000,0.065,0.155,0.779
93500,0.073,0.157,0.770
94000,0.074,0.171,0.756
94500,0.087,0.160,0.753
95000,0.075,0.157,0.768
95500,0.067,0.158,0.774
96000,0.065,0.156,0.778
96500,0.074,0.170,0.757
97000,0.076,0.165,0.759
97500,0.061,0.161,0.777
98000,0.070,0.161,0.768
98500,0.063,0.159,0.777
99000,0.072,0.156,0.772
99500,0.070,0.171,0.759
100000,0.084,0.165,0.751
100500,0.079,0.166,0.755
101000,0.070,0.154,0.775
101500,0.079,0.146,0.775
102000,0.072,0.156,0.772
102500,0.079,0.160,0.761
103000,0.065,0.174,0.761
103500,0.087,0.159,0.754
104000,0.077,0.153,0.770
104500,0.081,0.144,0.775
105000,0.085,0.145,0.770
105500,0.074,0.144,0.782
106000,0.073,0.145,0.782
106500,0.075,0.136,0.790
107000,0.068,0.134,0.798
107500,0.067,0.144,0.789
108000,0.059,0.138,0.803
108500,0.067,0.134,0.799
109000,0.061,0.138,0.801
109500,0.058,0.130,0.812
110000,0.075,0.129,0.797
110500,0.089,0.137,0.774
111000,0.072,0.133,0.796
111500,0.075,0.135,0.791
112000,0.076,0.135,0.790
112500,0.065,0.146,0.789
113000,0.065,0.141,0.794
113500,0.072,0.138,0.791
114000,0.059,0.138,0.803
114500,0.066,0.133,0.801
115000,0.053,0.130,0.817
115500,0.060,0.157,0.782
116000,0.066,0.164,0.769
116500,0.056,0.139,0.805
117000,0.069,0.147,0.783
117500,0.072,0.134,0.795
118000,0.081,0.139,0.780
118500,0.077,0.142,0.781
119000,0.064,0.145,0.791
119500,0.065,0.141,0.794
120000,0.066,0.158,0.775
120500,0.066,0.142,0.792
121000,0.067,0.134,0.799
121500,0.078,0.137,0.785
122000,0.080,0.140,0.780
122500,0.074,0.132,0.795
123000,0.069,0.133,0.798
123500,0.074,0.129,0.798
124000,0.081,0.130,0.790
124500,0.069,0.136,0.795
125000,0.079,0.141,0.780
125500,0.073,0.134,0.794
126000,0.098,0.145,0.757
126500,0.092,0.131,0.777
127000,0.099,0.135,0.766
127500,0.094,0.128,0.778
128000,0.092,0.123,0.785
128500,0.083,0.126,0.792
129000,0.087,0.127,0.787
129500,0.094,0.122,0.784
130000,0.090,0.122,0.789
130500,0.090,0.111,0.799
131000,0.078,0.116,0.806
131500,0.083,0.123,0.795
132000,0.084,0.129,0.788
132500,0.090,0.124,0.787
133000,0.091,0.125,0.784
133500,0.098,0.128,0.774
134000,0.094,0.130,0.776
134500,0.090,0.128,0.782
135000,0.089,0.131,0.780
135500,0.086,0.128,0.787
136000,0.085,0.135,0.780
136500,0.083,0.140,0.777
137000,0.078,0.142,0.780
137500,0.075,0.137,0.789
138000,0.074,0.134,0.793
138500,0.082,0.138,0.780
139000,0.091,0.151,0.758
139500,0.080,0.138,0.782
140000,0.079,0.140,0.781
140500,0.084,0.136,0.780
141000,0.077,0.138,0.785
141500,0.072,0.136,0.793
142000,0.072,0.144,0.784
142500,0.064,0.126,0.810
143000,0.065,0.124,0.811
143500,0.067,0.129,0.804
144000,0.065,0.130,0.805
144500,0.083,0.143,0.774
145000,0.077,0.131,0.793
145500,0.075,0.131,0.795
146000,0.072,0.122,0.807
146500,0.065,0.129,0.806
147000,0.066,0.127,0.807
147500,0.077,0.133,0.791
148000,0.077,0.135,0.789
148500,0.077,0.127,0.797
149000,0.073,0.133,0.795
149500,0.073,0.124,0.804
150000,0.072,0.129,0.800
150500,0.067,0.122,0.811
151000,0.065,0.122,0.813
151500,0.075,0.125,0.801
152000,0.075,0.115,0.810
152500,0.065,0.116,0.818
153000,0.079,0.112,0.809
153500,0.074,0.123,0.804
154000,0.065,0.120,0.815
154500,0.072,0.129,0.800
155000,0.079,0.131,0.791
155500,0.072,0.124,0.805
156000,0.074,0.126,0.801
156500,0.075,0.123,0.803
157000,0.067,0.107,0.825
157500,0.081,0.116,0.803
158000,0.078,0.130,0.793
158500,0.081,0.128,0.792
159000,0.080,0.129,0.792
159500,0.078,0.133,0.790
160000,0.081,0.134,0.785
160500,0.095,0.132,0.773
161000,0.080,0.129,0.792
161500,0.077,0.121,0.803
162000,0.078,0.111,0.811
162500,0.081,0.120,0.800
163000,0.078,0.109,0.813
163500,0.074,0.123,0.804
164000,0.073,0.122,0.806
164500,0.070,0.132,0.798
165000,0.073,0.127,0.801
165500,0.073,0.126,0.802
166000,0.066,0.121,0.813
166500,0.063,0.118,0.818
167000,0.065,0.110,0.824
167500,0.066,0.107,0.826
168000,0.062,0.106,0.831
168500,0.060,0.110,0.829
169000,0.072,0.103,0.825
169500,0.062,0.110,0.827
170000,0.068,0.107,0.824
170500,0.066,0.126,0.808
171000,0.059,0.135,0.806
171500,0.067,0.129,0.804
172000,0.077,0.131,0.793
172500,0.085,0.130,0.785
173000,0.086,0.118,0.796
173500,0.083,0.116,0.801
174000,0.070,0.107,0.822
174500,0.070,0.110,0.819
175000,0.054,0.101,0.845
175500,0.066,0.109,0.824
176000,0.073,0.122,0.806
176500,0.066,0.115,0.818
177000,0.063,0.115,0.821
177500,0.069,0.118,0.812
178000,0.077,0.112,0.811
178500,0.077,0.114,0.809
179000,0.089,0.111,0.800
179500,0.083,0.109,0.808
180000,0.083,0.102,0.815
180500,0.099,0.107,0.794
181000,0.087,0.109,0.804
181500,0.090,0.103,0.807
182000,0.091,0.105,0.804
182500,0.085,0.104,0.811
183000,0.077,0.113,0.810
183500,0.074,0.110,0.816
184000,0.074,0.112,0.814
184500,0.091,0.127,0.782
185000,0.069,0.113,0.817
185500,0.075,0.112,0.813
186000,0.074,0.112,0.814
186500,0.064,0.111,0.824
187000,0.069,0.109,0.821
187500,0.072,0.103,0.825
188000,0.072,0.115,0.813
188500,0.085,0.111,0.804
189000,0.093,0.114,0.793
189500,0.082,0.115,0.803
190000,0.074,0.118,0.808
190500,0.096,0.116,0.788
191000,0.085,0.120,0.796
191500,0.068,0.120,0.812
192000,0.078,0.118,0.804
192500,0.074,0.120,0.807
193000,0.076,0.107,0.817
193500,0.086,0.106,0.808
194000,0.078,0.104,0.818
194500,0.076,0.103,0.821
195000,0.083,0.098,0.819
195500,0.089,0.099,0.812
196000,0.090,0.100,0.810
196500,0.084,0.103,0.813
197000,0.087,0.121,0.793
197500,0.086,0.120,0.795
198000,0.094,0.113,0.793
198500,0.080,0.106,0.814
199000,0.079,0.105,0.816
199500,0.090,0.094,0.816
200000,0.102,0.103,0.795
200500,0.097,0.093,0.810
201000,0.085,0.094,0.821
201500,0.087,0.106,0.807
202000,0.086,0.106,0.808
202500,0.084,0.111,0.805
203000,0.084,0.109,0.807
203500,0.094,0.109,0.797
204000,0.085,0.116,0.799
204500,0.088,0.109,0.803
205000,0.088,0.104,0.808
205500,0.087,0.101,0.812
206000,0.086,0.096,0.818
206500,0.081,0.102,0.817
207000,0.072,0.123,0.806
207500,0.074,0.114,0.812
208000,0.074,0.111,0.815
208500,0.080,0.111,0.809
209000,0.081,0.108,0.811
209500,0.088,0.101,0.811
210000,0.082,0.109,0.809
210500,0.089,0.110,0.801
211000,0.087,0.115,0.798
211500,0.087,0.110,0.803
212000,0.088,0.108,0.804
212500,0.076,0.110,0.814
213000,0.080,0.107,0.813
213500,0.081,0.109,0.810
214000,0.075,0.108,0.817
214500,0.087,0.106,0.807
215000,0.087,0.109,0.804
215500,0.083,0.112,0.805
216000,0.087,0.104,0.809
216500,0.090,0.112,0.798
217000,0.082,0.120,0.799
217500,0.085,0.131,0.784
218000,0.080,0.136,0.784
218500,0.072,0.123,0.806
219000,0.061,0.117,0.821
219500,0.063,0.112,0.824
220000,0.058,0.108,0.834
220500,0.058,0.122,0.820
221000,0.076,0.121,0.804
221500,0.067,0.110,0.822
222000,0.066,0.110,0.823
222500,0.069,0.108,0.822
223000,0.062,0.109,0.828
223500,0.064,0.117,0.818
224000,0.076,0.108,0.816
224500,0.087,0.104,0.809
225000,0.093,0.114,0.793
225500,0.082,0.103,0.815
226000,0.094,0.102,0.804
226500,0.097,0.104,0.799
227000,0.078,0.100,0.822
227500,0.067,0.104,0.828
228000,0.070,0.118,0.811
228500,0.067,0.108,0.824
229000,0.068,0.117,0.814
229500,0.082,0.124,0.795
230000,0.074,0.114,0.812
230500,0.076,0.113,0.811
231000,0.074,0.104,0.822
231500,0.074,0.098,0.828
232000,0.073,0.102,0.825
232500,0.080,0.103,0.817
233000,0.095,0.113,0.792
233500,0.098,0.121,0.781
234000,0.085,0.110,0.805
234500,0.079,0.117,0.804
235000,0.085,0.103,0.812
235500,0.073,0.105,0.822
236000,0.069,0.107,0.823
236500,0.070,0.108,0.821
237000,0.070,0.109,0.820
237500,0.076,0.105,0.819
238000,0.069,0.111,0.819
238500,0.066,0.104,0.829
239000,0.077,0.104,0.819
239500,0.073,0.099,0.828
240000,0.080,0.101,0.819
240500,0.089,0.097,0.814
241000,0.083,0.094,0.823
241500,0.078,0.093,0.829
242000,0.079,0.097,0.824
242500,0.080,0.098,0.822
243000,0.074,0.104,0.822
243500,0.087,0.103,0.810
244000,0.074,0.103,0.823
244500,0.077,0.101,0.822
245000,0.075,0.097,0.828
245500,0.069,0.100,0.830
246000,0.065,0.098,0.837
246500,0.068,0.108,0.823
247000,0.082,0.103,0.815
247500,0.095,0.103,0.802
248000,0.086,0.103,0.811
248500,0.076,0.100,0.824
249000,0.090,0.102,0.808
249500,0.088,0.095,0.817
250000,0.090,0.107,0.803
250500,0.087,0.114,0.799
251000,0.074,0.105,0.821
251500,0.072,0.137,0.792
252000,0.075,0.133,0.793
252500,0.069,0.120,0.811
253000,0.063,0.123,0.814
253500,0.073,0.128,0.800
254000,0.073,0.128,0.800
254500,0.082,0.111,0.807
255000,0.074,0.106,0.820
255500,0.079,0.116,0.805
256000,0.085,0.103,0.812
256500,0.078,0.097,0.825
257000,0.088,0.101,0.811
257500,0.095,0.101,0.804
258000,0.097,0.108,0.795
258500,0.099,0.110,0.791
259000,0.098,0.118,0.783
259500,0.096,0.124,0.780
260000,0.093,0.116,0.791
260500,0.094,0.115,0.791
261000,0.090,0.100,0.810
261500,0.092,0.101,0.807
262000,0.093,0.102,0.805
262500,0.095,0.097,0.808
263000,0.084,0.108,0.808
263500,0.078,0.098,0.824
264000,0.074,0.100,0.826
264500,0.070,0.109,0.820
265000,0.076,0.121,0.804
265500,0.072,0.116,0.812
266000,0.072,0.124,0.805
266500,0.066,0.117,0.816
267000,0.079,0.111,0.810
267500,0.079,0.095,0.826
268000,0.079,0.095,0.826
268500,0.087,0.089,0.824
269000,0.094,0.087,0.819
269500,0.081,0.091,0.828
270000,0.079,0.090,0.831
270500,0.086,0.099,0.815
271000,0.095,0.098,0.807
271500,0.087,0.100,0.813
272000,0.081,0.098,0.821
272500,0.091,0.099,0.810
273000,0.087,0.101,0.812
273500,0.081,0.104,0.815
274000,0.094,0.100,0.806
274500,0.094,0.095,0.811
275000,0.096,0.098,0.806
275500,0.096,0.090,0.814
276000,0.080,0.092,0.828
276500,0.079,0.098,0.823
277000,0.080,0.106,0.814
277500,0.079,0.106,0.815
278000,0.075,0.102,0.823
278500,0.079,0.106,0.815
279000,0.069,0.113,0.817
279500,0.069,0.106,0.824
280000,0.080,0.104,0.816
280500,0.078,0.098,0.824
281000,0.081,0.096,0.823
281500,0.096,0.099,0.805
282000,0.090,0.097,0.813
282500,0.098,0.097,0.805
283000,0.086,0.105,0.809
283500,0.068,0.107,0.824
284000,0.072,0.108,0.820
284500,0.080,0.112,0.808
285000,0.082,0.110,0.808
285500,0.086,0.106,0.808
286000,0.079,0.097,0.824
286500,0.077,0.099,0.824
287000,0.079,0.104,0.817
287500,0.079,0.106,0.815
288000,0.075,0.099,0.826
288500,0.076,0.112,0.812
289000,0.086,0.104,0.810
289500,0.096,0.104,0.800
290000,0.086,0.104,0.810
290500,0.090,0.105,0.805
291000,0.074,0.101,0.825
291500,0.075,0.101,0.824
292000,0.081,0.094,0.825
292500,0.086,0.091,0.823
293000,0.096,0.100,0.804
293500,0.092,0.093,0.815
294000,0.091,0.089,0.820
294500,0.082,0.086,0.832
295000,0.076,0.082,0.843
295500,0.075,0.085,0.841
296000,0.080,0.085,0.836
296500,0.105,0.084,0.811
297000,0.094,0.086,0.820
297500,0.080,0.091,0.829
298000,0.084,0.089,0.827
298500,0.085,0.092,0.823
299000,0.070,0.112,0.817
299500,0.086,0.100,0.814
300000,0.077,0.104,0.819
300500,0.074,0.095,0.831
301000,0.077,0.093,0.830
301500,0.081,0.084,0.836
302000,0.088,0.089,0.823
302500,0.105,0.085,0.810
303000,0.087,0.094,0.819
303500,0.079,0.087,0.835
304000,0.085,0.087,0.828
304500,0.091,0.082,0.827
305000,0.106,0.082,0.812
305500,0.091,0.086,0.823
306000,0.080,0.091,0.829
306500,0.083,0.100,0.817
307000,0.082,0.094,0.824
307500,0.075,0.097,0.828
308000,0.077,0.100,0.823
308500,0.078,0.100,0.822
309000,0.081,0.094,0.825
309500,0.073,0.096,0.831
310000,0.077,0.104,0.819
310500,0.073,0.106,0.821
311000,0.072,0.108,0.820
311500,0.075,0.107,0.818
312000,0.068,0.098,0.834
312500,0.087,0.097,0.816
313000,0.085,0.094,0.821
313500,0.077,0.101,0.822
314000,0.077,0.095,0.828
314500,0.080,0.102,0.818
315000,0.084,0.101,0.815
315500,0.090,0.097,0.813
316000,0.081,0.099,0.820
316500,0.094,0.093,0.813
317000,0.072,0.099,0.829
317500,0.068,0.095,0.837
318000,0.067,0.096,0.837
318500,0.069,0.099,0.831
319000,0.067,0.099,0.834
319500,0.074,0.094,0.832
320000,0.080,0.105,0.815
320500,0.077,0.107,0.816
321000,0.068,0.094,0.838
321500,0.083,0.086,0.831
322000,0.092,0.095,0.813
322500,0.081,0.095,0.824
323000,0.086,0.097,0.817
323500,0.078,0.097,0.825
324000,0.079,0.092,0.829
324500,0.075,0.091,0.835
325000,0.074,0.096,0.830
325500,0.076,0.097,0.827
326000,0.086,0.095,0.819
326500,0.093,0.092,0.815
327000,0.084,0.085,0.831
327500,0.084,0.084,0.832
328000,0.091,0.084,0.825
328500,0.100,0.085,0.815
329000,0.093,0.084,0.823
329500,0.084,0.081,0.836
330000,0.081,0.080,0.840
330500,0.088,0.090,0.822
331000,0.088,0.106,0.806
331500,0.083,0.105,0.812
332000,0.083,0.107,0.810
332500,0.078,0.105,0.817
333000,0.081,0.096,0.823
333500,0.078,0.101,0.821
334000,0.073,0.108,0.819
334500,0.084,0.106,0.810
335000,0.088,0.090,0.822
335500,0.090,0.099,0.811
336000,0.083,0.099,0.818
336500,0.077,0.089,0.835
337000,0.087,0.087,0.826
337500,0.078,0.088,0.835
338000,0.073,0.088,0.840
338500,0.088,0.089,0.823
339000,0.088,0.086,0.826
339500,0.086,0.093,0.821
340000,0.081,0.092,0.827
340500,0.086,0.085,0.829
341000,0.086,0.082,0.832
341500,0.092,0.079,0.829
342000,0.080,0.082,0.839
342500,0.076,0.089,0.836
343000,0.080,0.087,0.834
343500,0.076,0.088,0.837
344000,0.080,0.088,0.832
344500,0.074,0.095,0.831
345000,0.081,0.090,0.829
345500,0.078,0.090,0.832
346000,0.077,0.087,0.837
346500,0.090,0.096,0.814
347000,0.095,0.089,0.816
347500,0.099,0.087,0.814
348000,0.083,0.100,0.817
348500,0.080,0.105,0.815
349000,0.084,0.113,0.803
349500,0.089,0.101,0.810
350000,0.090,0.092,0.818
350500,0.083,0.088,0.829
351000,0.084,0.099,0.817
351500,0.082,0.096,0.822
352000,0.077,0.094,0.829
352500,0.076,0.102,0.822
353000,0.073,0.101,0.826
353500,0.079,0.104,0.817
354000,0.090,0.097,0.813
354500,0.090,0.096,0.814
355000,0.122,0.097,0.781
355500,0.104,0.102,0.794
356000,0.103,0.101,0.796
356500,0.093,0.103,0.804
357000,0.085,0.095,0.820
357500,0.094,0.095,0.811
358000,0.077,0.096,0.827
358500,0.094,0.097,0.809
359000,0.089,0.098,0.813
359500,0.078,0.095,0.827
360000,0.077,0.094,0.829
360500,0.074,0.094,0.832
361000,0.086,0.092,0.822
361500,0.080,0.092,0.828
362000,0.079,0.103,0.818
362500,0.077,0.100,0.823
363000,0.082,0.099,0.819
363500,0.089,0.101,0.810
364000,0.082,0.094,0.824
364500,0.082,0.097,0.821
365000,0.089,0.090,0.821
365500,0.087,0.090,0.823
366000,0.080,0.094,0.826
366500,0.088,0.086,0.826
367000,0.081,0.086,0.834
367500,0.082,0.089,0.829
368000,0.069,0.096,0.835
368500,0.076,0.089,0.836
369000,0.089,0.089,0.822
369500,0.079,0.102,0.819
370000,0.073,0.098,0.829
370500,0.073,0.091,0.837
371000,0.064,0.089,0.847
371500,0.062,0.101,0.837
372000,0.064,0.093,0.843
372500,0.073,0.093,0.835
373000,0.077,0.090,0.834
373500,0.069,0.094,0.837
374000,0.059,0.089,0.852
374500,0.078,0.096,0.826
375000,0.063,0.096,0.841
375500,0.059,0.091,0.850
376000,0.066,0.092,0.842
376500,0.059,0.100,0.841
377000,0.067,0.088,0.845
377500,0.065,0.090,0.845
378000,0.061,0.099,0.840
378500,0.080,0.095,0.825
379000,0.092,0.100,0.808
379500,0.084,0.097,0.819
380000,0.082,0.094,0.824
380500,0.079,0.091,0.830
381000,0.068,0.103,0.828
381500,0.060,0.094,0.846
382000,0.068,0.095,0.837
382500,0.077,0.089,0.835
383000,0.073,0.098,0.829
383500,0.068,0.098,0.834
384000,0.070,0.091,0.839
384500,0.078,0.096,0.826
385000,0.073,0.101,0.826
385500,0.073,0.100,0.827
386000,0.076,0.098,0.826
386500,0.067,0.090,0.843
387000,0.066,0.089,0.845
387500,0.069,0.087,0.844
388000,0.062,0.092,0.846
388500,0.069,0.096,0.835
389000,0.066,0.092,0.842
389500,0.077,0.085,0.839
390000,0.081,0.077,0.843
390500,0.081,0.086,0.834
391000,0.080,0.089,0.831
391500,0.076,0.078,0.847
392000,0.076,0.086,0.839
392500,0.072,0.087,0.842
393000,0.073,0.092,0.836
393500,0.073,0.093,0.835
394000,0.075,0.090,0.836
394500,0.073,0.082,0.846
395000,0.061,0.087,0.852
395500,0.064,0.081,0.855
396000,0.087,0.086,0.827
396500,0.088,0.091,0.821
397000,0.069,0.084,0.847
397500,0.067,0.084,0.849
398000,0.064,0.086,0.850
398500,0.060,0.092,0.848
399000,0.064,0.080,0.856
399500,0.063,0.084,0.853
400000,0.062,0.106,0.831
400500,0.066,0.099,0.835
401000,0.078,0.094,0.828
401500,0.069,0.102,0.828
402000,0.066,0.088,0.846
402500,0.072,0.085,0.844
403000,0.080,0.085,0.836
403500,0.070,0.093,0.837
404000,0.068,0.090,0.842
404500,0.063,0.094,0.843
405000,0.056,0.096,0.848
405500,0.064,0.096,0.840
406000,0.070,0.099,0.830
406500,0.066,0.089,0.845
407000,0.068,0.086,0.846
407500,0.070,0.083,0.847
408000,0.064,0.087,0.849
408500,0.072,0.096,0.832
409000,0.068,0.091,0.841
409500,0.081,0.089,0.830
410000,0.074,0.084,0.843
410500,0.086,0.095,0.819
411000,0.084,0.101,0.815
411500,0.086,0.096,0.818
412000,0.091,0.095,0.814
412500,0.094,0.084,0.822
413000,0.086,0.078,0.837
413500,0.089,0.081,0.830
414000,0.085,0.083,0.832
414500,0.083,0.094,0.823
415000,0.070,0.085,0.845
415500,0.076,0.085,0.840
416000,0.085,0.088,0.827
416500,0.082,0.081,0.838
417000,0.087,0.084,0.829
417500,0.077,0.084,0.840
418000,0.083,0.073,0.845
418500,0.086,0.066,0.848
419000,0.103,0.065,0.831
419500,0.102,0.076,0.822
420000,0.098,0.073,0.829
420500,0.089,0.074,0.838
421000,0.090,0.083,0.827
421500,0.088,0.082,0.830
422000,0.087,0.089,0.824
422500,0.084,0.085,0.831
423000,0.083,0.076,0.842
423500,0.090,0.072,0.839
424000,0.086,0.080,0.835
424500,0.089,0.074,0.838
425000,0.081,0.072,0.848
425500,0.073,0.069,0.858
426000,0.073,0.070,0.857
426500,0.080,0.072,0.849
427000,0.092,0.076,0.832
427500,0.079,0.072,0.850
428000,0.076,0.069,0.855
428500,0.081,0.066,0.853
429000,0.089,0.080,0.831
429500,0.083,0.079,0.839
430000,0.082,0.078,0.841
430500,0.084,0.070,0.846
431000,0.079,0.077,0.845
431500,0.093,0.076,0.831
432000,0.085,0.082,0.834
432500,0.092,0.087,0.821
433000,0.080,0.069,0.851
433500,0.078,0.075,0.848
434000,0.073,0.070,0.857
434500,0.082,0.075,0.844
435000,0.084,0.070,0.846
435500,0.094,0.072,0.835
436000,0.099,0.074,0.827
436500,0.089,0.082,0.829
437000,0.084,0.080,0.837
437500,0.088,0.080,0.832
438000,0.092,0.075,0.834
438500,0.084,0.076,0.841
439000,0.079,0.068,0.853
439500,0.080,0.067,0.853
440000,0.077,0.064,0.859
440500,0.074,0.067,0.859
441000,0.080,0.073,0.848
441500,0.096,0.070,0.834
442000,0.101,0.075,0.824
442500,0.096,0.073,0.831
443000,0.090,0.077,0.834
443500,0.077,0.088,0.836
444000,0.076,0.098,0.826
444500,0.082,0.085,0.834
445000,0.101,0.087,0.812
445500,0.094,0.086,0.820
446000,0.085,0.079,0.837
446500,0.080,0.078,0.843
447000,0.084,0.074,0.843
447500,0.088,0.076,0.837
448000,0.082,0.078,0.841
448500,0.075,0.070,0.855
449000,0.075,0.072,0.854
449500,0.082,0.077,0.842
450000,0.072,0.074,0.855
450500,0.092,0.077,0.831
451000,0.102,0.068,0.829
451500,0.098,0.068,0.834
452000,0.085,0.077,0.839
452500,0.090,0.076,0.835
453000,0.084,0.075,0.842
453500,0.090,0.079,0.831
454000,0.093,0.083,0.824
454500,0.094,0.093,0.813
455000,0.086,0.079,0.836
455500,0.080,0.073,0.848
456000,0.073,0.081,0.847
456500,0.067,0.096,0.837
457000,0.083,0.101,0.816
457500,0.087,0.085,0.828
458000,0.080,0.098,0.822
458500,0.075,0.088,0.838
459000,0.061,0.091,0.848
459500,0.066,0.088,0.846
460000,0.075,0.073,0.853
460500,0.070,0.069,0.860
461000,0.074,0.074,0.853
461500,0.077,0.077,0.847
462000,0.073,0.086,0.842
462500,0.070,0.085,0.845
463000,0.072,0.087,0.842
463500,0.078,0.089,0.834
464000,0.070,0.089,0.841
464500,0.066,0.084,0.850
465000,0.066,0.080,0.854
465500,0.076,0.081,0.844
466000,0.072,0.069,0.859
466500,0.086,0.069,0.845
467000,0.089,0.074,0.838
467500,0.077,0.077,0.847
468000,0.073,0.065,0.862
468500,0.067,0.064,0.868
469000,0.060,0.075,0.865
469500,0.075,0.079,0.847
470000,0.069,0.076,0.855
470500,0.072,0.081,0.848
471000,0.068,0.069,0.862
471500,0.065,0.070,0.864
472000,0.066,0.076,0.858
472500,0.067,0.072,0.861
473000,0.067,0.073,0.860
473500,0.076,0.079,0.846
474000,0.062,0.074,0.864
474500,0.073,0.066,0.861
475000,0.078,0.070,0.852
475500,0.080,0.065,0.855
476000,0.072,0.077,0.852
476500,0.075,0.074,0.852
477000,0.089,0.078,0.834
477500,0.075,0.089,0.837
478000,0.079,0.076,0.846
478500,0.073,0.076,0.852
479000,0.072,0.074,0.855
479500,0.067,0.083,0.850
480000,0.068,0.075,0.857
480500,0.079,0.079,0.843
481000,0.083,0.093,0.824
481500,0.075,0.067,0.858
482000,0.081,0.068,0.851
482500,0.078,0.073,0.850
483000,0.076,0.065,0.859
483500,0.081,0.062,0.857
484000,0.079,0.072,0.850
484500,0.075,0.074,0.852
485000,0.077,0.076,0.848
485500,0.085,0.069,0.846
486000,0.093,0.065,0.842
486500,0.095,0.059,0.846
487000,0.100,0.057,0.843
487500,0.095,0.066,0.839
488000,0.093,0.070,0.837
488500,0.092,0.075,0.834
489000,0.091,0.066,0.843
489500,0.092,0.069,0.839
490000,0.091,0.059,0.850
490500,0.084,0.057,0.859
491000,0.092,0.065,0.843
491500,0.082,0.065,0.853
492000,0.083,0.059,0.858
492500,0.073,0.073,0.855
493000,0.086,0.079,0.836
493500,0.087,0.068,0.845
494000,0.083,0.073,0.845
494500,0.075,0.066,0.859
495000,0.081,0.069,0.850
495500,0.089,0.058,0.853
496000,0.093,0.057,0.850
496500,0.087,0.066,0.847
497000,0.097,0.064,0.839
497500,0.089,0.068,0.843
498000,0.100,0.077,0.823
498500,0.097,0.073,0.830
499000,0.101,0.065,0.834
499500,0.086,0.054,0.860
500000,0.086,0.063,0.851
500500,0.083,0.070,0.847
501000,0.085,0.075,0.841
501500,0.081,0.072,0.848
502000,0.077,0.075,0.849
502500,0.100,0.061,0.839
503000,0.100,0.066,0.834
503500,0.088,0.066,0.846
504000,0.083,0.074,0.844
504500,0.079,0.064,0.857
505000,0.090,0.063,0.847
505500,0.090,0.063,0.847
506000,0.083,0.062,0.855
506500,0.086,0.061,0.853
507000,0.089,0.057,0.854
507500,0.083,0.065,0.852
508000,0.077,0.066,0.857
508500,0.080,0.062,0.858
509000,0.072,0.058,0.870
509500,0.086,0.056,0.858
510000,0.092,0.060,0.848
510500,0.086,0.063,0.851
511000,0.086,0.062,0.852
511500,0.081,0.065,0.854
512000,0.070,0.067,0.862
512500,0.075,0.062,0.863
513000,0.086,0.061,0.853
513500,0.082,0.062,0.856
514000,0.088,0.067,0.845
514500,0.083,0.060,0.857
515000,0.078,0.059,0.863
515500,0.086,0.059,0.855
516000,0.080,0.072,0.849
516500,0.084,0.063,0.853
517000,0.067,0.077,0.856
517500,0.064,0.067,0.868
518000,0.079,0.067,0.854
518500,0.060,0.064,0.875
519000,0.074,0.069,0.857
519500,0.064,0.066,0.869
520000,0.061,0.063,0.875
520500,0.070,0.069,0.860
521000,0.077,0.073,0.851
521500,0.093,0.062,0.845
522000,0.092,0.066,0.842
522500,0.093,0.065,0.842
523000,0.078,0.065,0.857
523500,0.076,0.065,0.859
524000,0.075,0.063,0.862
524500,0.089,0.062,0.849
525000,0.089,0.056,0.855
525500,0.084,0.057,0.859
526000,0.091,0.056,0.853
526500,0.082,0.051,0.867
527000,0.083,0.054,0.863
527500,0.082,0.054,0.864
528000,0.116,0.051,0.832
528500,0.116,0.055,0.828
529000,0.102,0.064,0.834
529500,0.102,0.057,0.841
530000,0.097,0.061,0.842
530500,0.085,0.056,0.859
531000,0.079,0.059,0.862
531500,0.081,0.069,0.850
532000,0.079,0.072,0.850
532500,0.087,0.076,0.838
533000,0.082,0.068,0.850
533500,0.082,0.061,0.857
534000,0.087,0.068,0.845
534500,0.080,0.069,0.851
535000,0.081,0.070,0.849
535500,0.085,0.069,0.846
536000,0.082,0.066,0.852
536500,0.086,0.059,0.855
537000,0.083,0.067,0.850
537500,0.099,0.051,0.850
538000,0.100,0.054,0.846
538500,0.091,0.059,0.850
539000,0.094,0.061,0.845
539500,0.096,0.065,0.839
540000,0.091,0.055,0.854
540500,0.091,0.056,0.853
541000,0.087,0.056,0.857
541500,0.091,0.059,0.850
542000,0.085,0.051,0.864
542500,0.100,0.050,0.850
543000,0.105,0.054,0.841
543500,0.100,0.049,0.851
544000,0.099,0.051,0.850
544500,0.086,0.053,0.861
545000,0.083,0.057,0.860
545500,0.079,0.056,0.865
546000,0.079,0.058,0.863
546500,0.088,0.051,0.861
547000,0.082,0.059,0.859
547500,0.074,0.062,0.864
548000,0.069,0.053,0.877
548500,0.066,0.055,0.878
549000,0.061,0.058,0.880
549500,0.065,0.063,0.871
550000,0.079,0.051,0.870
550500,0.087,0.057,0.856
551000,0.086,0.062,0.852
551500,0.074,0.064,0.862
552000,0.080,0.063,0.857
552500,0.092,0.053,0.855
553000,0.093,0.051,0.856
553500,0.084,0.057,0.859
554000,0.088,0.062,0.850
554500,0.083,0.065,0.852
555000,0.078,0.066,0.856
555500,0.074,0.066,0.860
556000,0.074,0.065,0.861
556500,0.073,0.066,0.861
557000,0.073,0.064,0.863
557500,0.072,0.060,0.868
558000,0.078,0.065,0.857
558500,0.087,0.060,0.853
559000,0.083,0.052,0.865
559500,0.083,0.062,0.855
560000,0.084,0.066,0.850
560500,0.087,0.067,0.846
561000,0.078,0.060,0.862
561500,0.077,0.062,0.861
562000,0.074,0.051,0.875
562500,0.079,0.063,0.858
563000,0.078,0.061,0.861
563500,0.079,0.056,0.865
564000,0.089,0.057,0.854
564500,0.091,0.056,0.853
565000,0.089,0.056,0.855
565500,0.084,0.063,0.853
566000,0.080,0.067,0.853
566500,0.085,0.064,0.851
567000,0.086,0.077,0.838
567500,0.077,0.074,0.850
568000,0.077,0.077,0.847
568500,0.088,0.067,0.845
569000,0.092,0.068,0.840
569500,0.100,0.072,0.828
570000,0.106,0.070,0.823
570500,0.092,0.064,0.844
571000,0.083,0.070,0.847
571500,0.083,0.083,0.835
572000,0.086,0.075,0.840
572500,0.084,0.077,0.840
573000,0.083,0.075,0.843
573500,0.085,0.064,0.851
574000,0.081,0.067,0.852
574500,0.089,0.061,0.850
575000,0.083,0.075,0.843
575500,0.078,0.072,0.851
576000,0.091,0.078,0.831
576500,0.076,0.073,0.852
577000,0.082,0.063,0.855
577500,0.085,0.061,0.854
578000,0.082,0.054,0.864
578500,0.099,0.055,0.846
579000,0.095,0.054,0.851
579500,0.091,0.054,0.855
580000,0.097,0.065,0.838
580500,0.100,0.074,0.826
581000,0.097,0.088,0.815
581500,0.080,0.084,0.837
582000,0.084,0.078,0.839
582500,0.083,0.065,0.852
583000,0.091,0.067,0.842
583500,0.077,0.068,0.855
584000,0.084,0.074,0.843
584500,0.080,0.072,0.849
585000,0.081,0.070,0.849
585500,0.083,0.082,0.836
586000,0.078,0.084,0.839
586500,0.068,0.063,0.868
587000,0.077,0.063,0.860
587500,0.077,0.069,0.854
588000,0.082,0.060,0.858
588500,0.092,0.055,0.853
589000,0.090,0.059,0.851
589500,0.077,0.054,0.869
590000,0.098,0.050,0.852
590500,0.107,0.059,0.834
591000,0.090,0.072,0.839
591500,0.083,0.062,0.855
592000,0.077,0.061,0.862
592500,0.087,0.064,0.849
593000,0.082,0.062,0.856
593500,0.095,0.059,0.846
594000,0.077,0.058,0.865
594500,0.094,0.052,0.854
595000,0.082,0.061,0.857
595500,0.083,0.058,0.859
596000,0.085,0.057,0.858
596500,0.084,0.056,0.860
597000,0.077,0.057,0.866
597500,0.080,0.058,0.862
598000,0.086,0.050,0.864
598500,0.082,0.065,0.853
599000,0.080,0.066,0.854
599500,0.074,0.061,0.865
600000,0.075,0.058,0.867
600500,0.076,0.051,0.873
601000,0.078,0.060,0.862
601500,0.079,0.051,0.870
602000,0.066,0.050,0.884
602500,0.075,0.059,0.866
603000,0.072,0.057,0.871
603500,0.076,0.055,0.869
604000,0.080,0.064,0.856
604500,0.084,0.058,0.858
605000,0.077,0.059,0.864
605500,0.072,0.059,0.869
606000,0.070,0.067,0.862
606500,0.072,0.064,0.864
607000,0.077,0.058,0.865
607500,0.089,0.048,0.863
608000,0.075,0.052,0.873
608500,0.086,0.056,0.858
609000,0.081,0.058,0.861
609500,0.073,0.063,0.864
610000,0.086,0.060,0.854
610500,0.077,0.062,0.861
611000,0.076,0.055,0.869
611500,0.072,0.056,0.872
612000,0.079,0.053,0.868
612500,0.076,0.056,0.868
613000,0.067,0.056,0.876
613500,0.069,0.051,0.879
614000,0.069,0.054,0.876
614500,0.061,0.056,0.883
615000,0.062,0.056,0.882
615500,0.060,0.063,0.876
616000,0.072,0.061,0.867
616500,0.078,0.058,0.864
617000,0.070,0.053,0.876
617500,0.084,0.055,0.861
618000,0.081,0.063,0.856
618500,0.062,0.062,0.875
619000,0.064,0.060,0.875
619500,0.070,0.065,0.864
620000,0.063,0.067,0.869
620500,0.063,0.063,0.873
621000,0.063,0.070,0.866
621500,0.064,0.070,0.865
622000,0.065,0.077,0.858
622500,0.070,0.064,0.865
623000,0.066,0.055,0.878
623500,0.059,0.065,0.875
624000,0.065,0.062,0.872
624500,0.068,0.061,0.870
625000,0.068,0.070,0.861
625500,0.062,0.072,0.866
626000,0.073,0.077,0.851
626500,0.062,0.077,0.861
627000,0.059,0.083,0.858
627500,0.075,0.072,0.854
628000,0.076,0.065,0.859
628500,0.070,0.066,0.863
629000,0.060,0.065,0.874
629500,0.074,0.061,0.865
630000,0.079,0.062,0.859
630500,0.064,0.066,0.869
631000,0.070,0.065,0.864
631500,0.062,0.068,0.869
632000,0.062,0.058,0.879
632500,0.060,0.055,0.885
633000,0.065,0.057,0.877
633500,0.058,0.056,0.886
634000,0.070,0.052,0.877
634500,0.070,0.059,0.870
635000,0.073,0.058,0.869
635500,0.078,0.070,0.852
636000,0.070,0.073,0.857
636500,0.065,0.072,0.863
637000,0.067,0.055,0.877
637500,0.077,0.072,0.852
638000,0.074,0.074,0.853
638500,0.078,0.075,0.848
639000,0.080,0.067,0.853
639500,0.074,0.067,0.859
640000,0.076,0.055,0.869
640500,0.067,0.060,0.872
641000,0.066,0.065,0.868
641500,0.068,0.066,0.865
642000,0.077,0.064,0.859
642500,0.076,0.067,0.857
643000,0.079,0.067,0.854
643500,0.083,0.066,0.851
644000,0.077,0.073,0.851
644500,0.100,0.066,0.834
645000,0.096,0.061,0.843
645500,0.093,0.055,0.852
646000,0.086,0.061,0.853
646500,0.086,0.075,0.840
647000,0.086,0.066,0.848
647500,0.073,0.060,0.867
648000,0.069,0.052,0.878
648500,0.078,0.052,0.870
649000,0.076,0.051,0.873
649500,0.064,0.049,0.887
650000,0.064,0.054,0.882
650500,0.073,0.050,0.877
651000,0.077,0.058,0.865
651500,0.088,0.056,0.856
652000,0.069,0.052,0.878
652500,0.095,0.051,0.854
653000,0.098,0.047,0.855
653500,0.092,0.050,0.858
654000,0.080,0.053,0.867
654500,0.078,0.057,0.865
655000,0.077,0.053,0.870
655500,0.074,0.049,0.877
656000,0.065,0.053,0.882
656500,0.075,0.049,0.876
657000,0.062,0.056,0.882
657500,0.068,0.051,0.880
658000,0.067,0.046,0.887
658500,0.079,0.052,0.869
659000,0.082,0.052,0.866
659500,0.069,0.047,0.884
660000,0.075,0.049,0.876
660500,0.073,0.059,0.868
661000,0.086,0.061,0.853
661500,0.079,0.060,0.861
662000,0.085,0.058,0.857
662500,0.083,0.065,0.852
663000,0.076,0.061,0.863
663500,0.079,0.066,0.855
664000,0.073,0.067,0.860
664500,0.084,0.075,0.842
665000,0.080,0.064,0.856
665500,0.083,0.059,0.858
666000,0.076,0.063,0.861
666500,0.082,0.061,0.857
667000,0.079,0.063,0.858
667500,0.074,0.058,0.868
668000,0.084,0.065,0.851
668500,0.085,0.072,0.844
669000,0.090,0.062,0.848
669500,0.094,0.055,0.851
670000,0.083,0.068,0.849
670500,0.081,0.074,0.846
671000,0.075,0.066,0.859
671500,0.078,0.060,0.862
672000,0.074,0.062,0.864
672500,0.076,0.063,0.861
673000,0.075,0.060,0.865
673500,0.084,0.058,0.858
674000,0.086,0.058,0.856
674500,0.085,0.051,0.864
675000,0.083,0.062,0.855
675500,0.082,0.062,0.856
676000,0.091,0.049,0.860
676500,0.095,0.049,0.856
677000,0.096,0.058,0.846
677500,0.092,0.063,0.845
678000,0.100,0.059,0.841
678500,0.100,0.061,0.839
679000,0.108,0.061,0.830
679500,0.093,0.053,0.854
680000,0.097,0.051,0.852
680500,0.103,0.047,0.850
681000,0.099,0.055,0.846
681500,0.095,0.056,0.849
682000,0.100,0.054,0.846
682500,0.092,0.060,0.848
683000,0.096,0.068,0.836
683500,0.105,0.061,0.834
684000,0.098,0.062,0.840
684500,0.082,0.065,0.853
685000,0.079,0.074,0.848
685500,0.089,0.078,0.834
686000,0.088,0.068,0.844
686500,0.096,0.060,0.844
687000,0.084,0.065,0.851
687500,0.093,0.064,0.843
688000,0.086,0.065,0.849
688500,0.090,0.054,0.856
689000,0.088,0.061,0.851
689500,0.088,0.085,0.827
690000,0.086,0.087,0.827
690500,0.077,0.085,0.839
691000,0.070,0.088,0.842
691500,0.072,0.088,0.841
692000,0.075,0.077,0.849
692500,0.075,0.082,0.844
693000,0.074,0.075,0.852
693500,0.074,0.078,0.849
694000,0.065,0.064,0.870
694500,0.079,0.072,0.850
695000,0.078,0.070,0.852
695500,0.077,0.072,0.852
696000,0.082,0.077,0.842
696500,0.075,0.066,0.859
697000,0.087,0.057,0.856
697500,0.084,0.060,0.856
698000,0.072,0.064,0.864
698500,0.064,0.055,0.880
699000,0.060,0.053,0.887
699500,0.068,0.062,0.869
700000,0.077,0.058,0.865
700500,0.094,0.059,0.847
701000,0.089,0.058,0.853
701500,0.101,0.059,0.840
702000,0.091,0.067,0.842
702500,0.099,0.063,0.838
703000,0.105,0.064,0.830
703500,0.101,0.058,0.841
704000,0.105,0.056,0.839
704500,0.103,0.056,0.841
705000,0.101,0.058,0.841
705500,0.090,0.063,0.847
706000,0.104,0.061,0.835
706500,0.113,0.069,0.817
707000,0.108,0.064,0.827
707500,0.106,0.061,0.832
708000,0.102,0.054,0.844
708500,0.100,0.054,0.846
709000,0.095,0.066,0.839
709500,0.101,0.062,0.837
710000,0.091,0.080,0.829
710500,0.092,0.069,0.839
711000,0.104,0.074,0.822
711500,0.109,0.074,0.817
712000,0.100,0.077,0.823
712500,0.095,0.075,0.830
713000,0.086,0.069,0.845
713500,0.086,0.067,0.847
714000,0.087,0.063,0.850
714500,0.083,0.061,0.856
715000,0.078,0.068,0.854
715500,0.073,0.067,0.860
716000,0.081,0.072,0.848
716500,0.078,0.075,0.848
717000,0.073,0.069,0.858
717500,0.074,0.066,0.860
718000,0.067,0.058,0.874
718500,0.065,0.063,0.871
719000,0.068,0.076,0.856
719500,0.079,0.062,0.859
720000,0.078,0.062,0.860
720500,0.074,0.067,0.859
721000,0.076,0.064,0.860
721500,0.065,0.069,0.865
722000,0.072,0.059,0.869
722500,0.077,0.055,0.868
723000,0.074,0.054,0.872
723500,0.069,0.076,0.855
724000,0.070,0.067,0.862
724500,0.075,0.058,0.867
725000,0.072,0.054,0.874
725500,0.086,0.061,0.853
726000,0.086,0.060,0.854
726500,0.084,0.053,0.863
727000,0.090,0.053,0.857
727500,0.107,0.060,0.832
728000,0.106,0.063,0.830
728500,0.094,0.068,0.838
729000,0.076,0.061,0.863
729500,0.073,0.050,0.877
730000,0.073,0.052,0.875
730500,0.084,0.054,0.862
731000,0.089,0.063,0.848
731500,0.081,0.066,0.853
732000,0.074,0.092,0.835
732500,0.073,0.086,0.842
733000,0.069,0.072,0.859
733500,0.075,0.079,0.847
734000,0.074,0.079,0.848
734500,0.075,0.075,0.851
735000,0.088,0.074,0.839
735500,0.077,0.072,0.852
736000,0.090,0.070,0.840
736500,0.092,0.063,0.845
737000,0.096,0.072,0.832
737500,0.095,0.072,0.834
738000,0.094,0.070,0.836
738500,0.094,0.067,0.839
739000,0.095,0.062,0.843
739500,0.088,0.054,0.858
740000,0.089,0.073,0.839
740500,0.106,0.076,0.818
741000,0.093,0.076,0.831
741500,0.086,0.075,0.840
742000,0.081,0.075,0.845
742500,0.067,0.057,0.875
743000,0.083,0.063,0.854
743500,0.084,0.061,0.855
744000,0.093,0.056,0.851
744500,0.102,0.056,0.842
745000,0.095,0.063,0.842
745500,0.085,0.072,0.844
746000,0.091,0.062,0.847
746500,0.088,0.057,0.855
747000,0.094,0.052,0.854
747500,0.107,0.058,0.835
748000,0.108,0.049,0.843
748500,0.101,0.049,0.850
749000,0.090,0.055,0.855
749500,0.082,0.041,0.877
750000,0.079,0.048,0.873
750500,0.070,0.054,0.875
751000,0.080,0.058,0.862
751500,0.076,0.053,0.871
752000,0.078,0.057,0.865
752500,0.083,0.051,0.866
753000,0.081,0.054,0.865
753500,0.077,0.052,0.871
754000,0.085,0.055,0.860
754500,0.073,0.051,0.876
755000,0.078,0.061,0.861
755500,0.079,0.061,0.860
756000,0.076,0.066,0.858
756500,0.079,0.068,0.853
757000,0.084,0.060,0.856
757500,0.078,0.064,0.858
758000,0.075,0.066,0.859
758500,0.080,0.062,0.858
759000,0.073,0.063,0.864
759500,0.069,0.083,0.848
760000,0.074,0.082,0.845
760500,0.068,0.087,0.845
761000,0.074,0.078,0.849
761500,0.092,0.075,0.834
762000,0.085,0.082,0.834
762500,0.084,0.072,0.845
763000,0.078,0.072,0.851
763500,0.080,0.072,0.849
764000,0.089,0.067,0.844
764500,0.088,0.050,0.862
765000,0.091,0.051,0.858
765500,0.105,0.056,0.839
766000,0.100,0.050,0.850
766500,0.090,0.056,0.854
767000,0.083,0.068,0.849
767500,0.087,0.063,0.850
768000,0.085,0.066,0.849
768500,0.084,0.072,0.845
769000,0.099,0.069,0.831
769500,0.109,0.066,0.824
770000,0.117,0.059,0.823
770500,0.116,0.067,0.816
771000,0.096,0.072,0.832
771500,0.096,0.066,0.838
772000,0.103,0.083,0.814
772500,0.095,0.066,0.839
773000,0.101,0.076,0.823
773500,0.106,0.072,0.822
774000,0.107,0.067,0.825
774500,0.101,0.058,0.841
775000,0.088,0.073,0.840
775500,0.082,0.079,0.840
776000,0.088,0.073,0.840
776500,0.088,0.067,0.845
777000,0.091,0.061,0.848
777500,0.101,0.056,0.843
778000,0.090,0.050,0.860
778500,0.103,0.050,0.847
779000,0.105,0.061,0.834
779500,0.102,0.059,0.839
780000,0.093,0.054,0.853
780500,0.093,0.046,0.861
781000,0.082,0.061,0.857
781500,0.091,0.051,0.858
782000,0.091,0.051,0.858
782500,0.091,0.057,0.852
783000,0.086,0.063,0.851
783500,0.087,0.063,0.850
784000,0.093,0.053,0.854
784500,0.091,0.058,0.851
785000,0.090,0.054,0.856
785500,0.095,0.049,0.856
786000,0.090,0.051,0.859
786500,0.086,0.048,0.866
787000,0.095,0.059,0.846
787500,0.099,0.054,0.847
788000,0.092,0.059,0.849
788500,0.109,0.051,0.840
789000,0.111,0.048,0.841
789500,0.113,0.056,0.830
790000,0.095,0.061,0.844
790500,0.095,0.064,0.841
791000,0.093,0.060,0.847
791500,0.098,0.058,0.844
792000,0.097,0.056,0.847
792500,0.090,0.064,0.846
793000,0.086,0.056,0.858
793500,0.093,0.057,0.850
794000,0.092,0.055,0.853
794500,0.086,0.059,0.855
795000,0.086,0.061,0.853
795500,0.095,0.057,0.848
796000,0.090,0.057,0.853
796500,0.083,0.065,0.852
797000,0.082,0.061,0.857
797500,0.087,0.057,0.856
798000,0.080,0.062,0.858
798500,0.084,0.052,0.864
799000,0.085,0.060,0.855
799500,0.088,0.073,0.840
800000,0.076,0.057,0.867
800500,0.074,0.051,0.875
801000,0.082,0.040,0.878
801500,0.078,0.045,0.877
802000,0.064,0.051,0.885
802500,0.062,0.049,0.889
803000,0.077,0.050,0.873
803500,0.081,0.042,0.877
