time,n_A+p,n_B,n_AB
100,0.030,0.963,0.007
200,0.030,0.961,0.009
300,0.030,0.956,0.014
400,0.031,0.954,0.015
500,0.032,0.952,0.016
600,0.033,0.945,0.022
700,0.035,0.943,0.022
800,0.033,0.941,0.027
900,0.033,0.943,0.025
1000,0.034,0.930,0.037
1100,0.033,0.923,0.044
1200,0.031,0.925,0.044
1300,0.031,0.939,0.031
1400,0.033,0.937,0.031
1500,0.031,0.922,0.047
1600,0.031,0.924,0.045
1700,0.032,0.916,0.052
1800,0.034,0.918,0.048
1900,0.036,0.908,0.056
2000,0.040,0.904,0.056
2100,0.039,0.899,0.062
2200,0.039,0.893,0.068
2300,0.035,0.894,0.072
2400,0.035,0.884,0.082
2500,0.041,0.864,0.095
2600,0.038,0.870,0.092
2700,0.041,0.867,0.092
2800,0.041,0.854,0.105
2900,0.046,0.847,0.107
3000,0.054,0.842,0.104
3100,0.051,0.841,0.108
3200,0.051,0.843,0.106
3300,0.053,0.836,0.111
3400,0.056,0.830,0.113
3500,0.052,0.836,0.112
3600,0.053,0.834,0.113
3700,0.052,0.841,0.107
3800,0.052,0.837,0.111
3900,0.052,0.818,0.130
4000,0.049,0.808,0.143
4100,0.051,0.810,0.139
4200,0.050,0.814,0.136
4300,0.069,0.813,0.117
4400,0.069,0.821,0.109
4500,0.064,0.820,0.115
4600,0.065,0.803,0.132
4700,0.063,0.807,0.130
4800,0.070,0.811,0.118
4900,0.065,0.797,0.138
5000,0.068,0.779,0.152
5100,0.067,0.776,0.156
5200,0.066,0.777,0.156
5300,0.075,0.778,0.147
5400,0.076,0.775,0.149
5500,0.074,0.788,0.139
5600,0.073,0.784,0.143
5700,0.074,0.793,0.134
5800,0.072,0.781,0.147
5900,0.078,0.774,0.148
6000,0.080,0.761,0.159
6100,0.080,0.759,0.161
6200,0.080,0.746,0.175
6300,0.081,0.736,0.183
6400,0.083,0.730,0.187
6500,0.087,0.716,0.197
6600,0.087,0.719,0.194
6700,0.088,0.718,0.194
6800,0.086,0.720,0.194
6900,0.092,0.719,0.189
7000,0.094,0.714,0.192
7100,0.100,0.718,0.182
7200,0.103,0.709,0.188
7300,0.099,0.695,0.206
7400,0.120,0.680,0.200
7500,0.114,0.687,0.198
7600,0.117,0.682,0.200
7700,0.101,0.688,0.210
7800,0.104,0.686,0.209
7900,0.103,0.694,0.203
8000,0.098,0.679,0.223
8100,0.098,0.675,0.227
8200,0.103,0.669,0.228
8300,0.105,0.666,0.229
8400,0.112,0.651,0.237
8500,0.110,0.653,0.237
8600,0.111,0.644,0.245
8700,0.107,0.640,0.252
8800,0.103,0.646,0.251
8900,0.100,0.632,0.268
9000,0.105,0.626,0.269
9100,0.107,0.630,0.263
9200,0.117,0.613,0.270
9300,0.113,0.618,0.269
9400,0.118,0.603,0.279
9500,0.117,0.604,0.279
9600,0.132,0.605,0.264
9700,0.133,0.583,0.284
9800,0.141,0.586,0.273
9900,0.141,0.591,0.268
10000,0.137,0.592,0.271
10100,0.149,0.579,0.272
10200,0.149,0.573,0.278
10300,0.140,0.566,0.294
10400,0.142,0.572,0.286
10500,0.156,0.565,0.279
10600,0.152,0.558,0.290
10700,0.151,0.557,0.292
10800,0.160,0.556,0.284
10900,0.172,0.559,0.270
11000,0.163,0.558,0.279
11100,0.148,0.563,0.289
11200,0.165,0.564,0.271
11300,0.176,0.559,0.266
11400,0.164,0.550,0.286
11500,0.171,0.540,0.289
11600,0.170,0.537,0.293
11700,0.173,0.541,0.286
11800,0.176,0.549,0.276
11900,0.180,0.539,0.281
12000,0.189,0.532,0.279
12100,0.196,0.530,0.274
12200,0.199,0.533,0.268
12300,0.195,0.520,0.285
12400,0.209,0.519,0.272
12500,0.193,0.527,0.280
12600,0.196,0.542,0.261
12700,0.197,0.543,0.259
12800,0.177,0.531,0.292
12900,0.189,0.520,0.291
13000,0.186,0.505,0.309
13100,0.184,0.501,0.316
13200,0.186,0.504,0.311
13300,0.178,0.504,0.319
13400,0.184,0.506,0.311
13500,0.187,0.496,0.317
13600,0.185,0.497,0.318
13700,0.187,0.504,0.309
13800,0.186,0.512,0.302
13900,0.189,0.505,0.306
14000,0.183,0.504,0.314
14100,0.189,0.511,0.300
14200,0.189,0.498,0.313
14300,0.190,0.501,0.309
14400,0.194,0.497,0.308
14500,0.200,0.491,0.308
14600,0.207,0.489,0.303
14700,0.203,0.494,0.302
14800,0.203,0.494,0.302
14900,0.201,0.490,0.308
15000,0.216,0.498,0.286
15100,0.216,0.490,0.294
15200,0.210,0.482,0.307
15300,0.205,0.490,0.304
15400,0.205,0.481,0.314
15500,0.208,0.484,0.307
15600,0.211,0.475,0.314
15700,0.208,0.475,0.317
15800,0.199,0.479,0.322
15900,0.210,0.476,0.314
16000,0.213,0.485,0.301
16100,0.212,0.477,0.311
16200,0.204,0.491,0.304
16300,0.195,0.485,0.320
16400,0.196,0.483,0.321
16500,0.207,0.483,0.309
16600,0.207,0.483,0.309
16700,0.207,0.492,0.300
16800,0.213,0.484,0.302
16900,0.213,0.477,0.309
17000,0.226,0.463,0.312
17100,0.220,0.460,0.321
17200,0.222,0.472,0.306
17300,0.234,0.464,0.302
17400,0.228,0.455,0.318
17500,0.220,0.456,0.325
17600,0.228,0.439,0.333
17700,0.232,0.430,0.338
17800,0.243,0.423,0.334
17900,0.236,0.420,0.344
18000,0.235,0.422,0.343
18100,0.242,0.418,0.340
18200,0.247,0.416,0.337
18300,0.252,0.418,0.330
18400,0.265,0.408,0.328
18500,0.249,0.409,0.342
18600,0.251,0.408,0.341
18700,0.251,0.402,0.346
18800,0.251,0.400,0.348
18900,0.242,0.411,0.347
19000,0.244,0.410,0.346
19100,0.250,0.414,0.336
19200,0.265,0.415,0.321
19300,0.267,0.412,0.322
19400,0.247,0.412,0.341
19500,0.249,0.421,0.330
19600,0.256,0.421,0.323
19700,0.265,0.417,0.319
19800,0.275,0.410,0.316
19900,0.275,0.406,0.320
20000,0.277,0.404,0.319
20100,0.278,0.401,0.321
20200,0.270,0.403,0.327
20300,0.273,0.409,0.319
20400,0.272,0.414,0.315
20500,0.279,0.404,0.317
20600,0.282,0.392,0.326
20700,0.285,0.389,0.326
20800,0.279,0.384,0.337
20900,0.287,0.388,0.325
21000,0.291,0.382,0.327
21100,0.294,0.383,0.323
21200,0.289,0.387,0.324
21300,0.290,0.388,0.322
21400,0.296,0.387,0.317
21500,0.294,0.379,0.327
21600,0.307,0.361,0.332
21700,0.321,0.358,0.322
21800,0.309,0.358,0.333
21900,0.319,0.355,0.326
22000,0.324,0.351,0.325
22100,0.320,0.356,0.324
22200,0.316,0.360,0.325
22300,0.318,0.368,0.315
22400,0.322,0.361,0.318
22500,0.317,0.363,0.321
22600,0.317,0.358,0.326
22700,0.317,0.366,0.318
22800,0.314,0.369,0.318
22900,0.317,0.364,0.320
23000,0.312,0.368,0.321
23100,0.321,0.365,0.315
23200,0.325,0.366,0.309
23300,0.327,0.352,0.321
23400,0.332,0.352,0.316
23500,0.330,0.347,0.323
23600,0.332,0.347,0.321
23700,0.323,0.346,0.331
23800,0.312,0.342,0.346
23900,0.321,0.340,0.339
24000,0.337,0.350,0.313
24100,0.340,0.352,0.307
24200,0.340,0.352,0.307
24300,0.341,0.346,0.313
24400,0.350,0.342,0.307
24500,0.345,0.346,0.308
24600,0.343,0.350,0.306
24700,0.335,0.345,0.320
24800,0.339,0.338,0.323
24900,0.341,0.334,0.325
25000,0.348,0.334,0.318
25100,0.349,0.337,0.314
25200,0.351,0.343,0.305
25300,0.360,0.343,0.297
25400,0.359,0.350,0.291
25500,0.366,0.358,0.277
25600,0.358,0.351,0.291
25700,0.356,0.347,0.296
25800,0.351,0.331,0.318
25900,0.362,0.331,0.307
26000,0.354,0.329,0.317
26100,0.352,0.320,0.328
26200,0.365,0.325,0.311
26300,0.363,0.323,0.315
26400,0.381,0.321,0.298
26500,0.391,0.319,0.290
26600,0.382,0.319,0.299
26700,0.388,0.321,0.291
26800,0.400,0.315,0.285
26900,0.403,0.317,0.280
27000,0.389,0.327,0.284
27100,0.387,0.319,0.294
27200,0.392,0.318,0.290
27300,0.389,0.318,0.293
27400,0.382,0.319,0.299
27500,0.384,0.315,0.301
27600,0.392,0.311,0.297
27700,0.400,0.313,0.287
27800,0.408,0.315,0.278
27900,0.399,0.313,0.288
28000,0.403,0.312,0.285
28100,0.407,0.308,0.285
28200,0.401,0.312,0.287
28300,0.409,0.309,0.282
28400,0.401,0.315,0.284
28500,0.412,0.314,0.275
28600,0.411,0.315,0.275
28700,0.420,0.316,0.265
28800,0.426,0.316,0.258
28900,0.399,0.317,0.284
29000,0.403,0.315,0.282
29100,0.409,0.316,0.276
29200,0.416,0.312,0.273
29300,0.415,0.308,0.277
29400,0.420,0.314,0.267
29500,0.421,0.303,0.276
29600,0.412,0.302,0.286
29700,0.424,0.305,0.271
29800,0.433,0.302,0.265
29900,0.439,0.297,0.264
30000,0.441,0.296,0.263
30100,0.439,0.299,0.261
30200,0.450,0.294,0.255
30300,0.445,0.293,0.261
30400,0.453,0.288,0.259
30500,0.461,0.289,0.250
30600,0.451,0.294,0.254
30700,0.448,0.303,0.248
30800,0.429,0.301,0.270
30900,0.435,0.303,0.261
31000,0.449,0.301,0.249
31100,0.441,0.297,0.261
31200,0.438,0.297,0.265
31300,0.439,0.287,0.274
31400,0.441,0.288,0.271
31500,0.438,0.286,0.276
31600,0.435,0.281,0.284
31700,0.444,0.283,0.273
31800,0.439,0.288,0.273
31900,0.446,0.293,0.260
32000,0.442,0.295,0.263
32100,0.435,0.292,0.273
32200,0.430,0.288,0.282
32300,0.437,0.290,0.273
32400,0.445,0.286,0.269
32500,0.447,0.289,0.264
32600,0.443,0.292,0.265
32700,0.446,0.287,0.267
32800,0.454,0.292,0.254
32900,0.459,0.289,0.252
33000,0.457,0.285,0.258
33100,0.462,0.282,0.256
33200,0.461,0.278,0.261
33300,0.461,0.280,0.259
33400,0.469,0.281,0.250
33500,0.468,0.273,0.259
33600,0.469,0.270,0.261
33700,0.470,0.270,0.260
33800,0.473,0.268,0.259
33900,0.479,0.266,0.255
34000,0.477,0.271,0.252
34100,0.476,0.267,0.257
34200,0.478,0.267,0.255
34300,0.476,0.264,0.260
34400,0.473,0.259,0.268
34500,0.485,0.260,0.254
34600,0.490,0.265,0.245
34700,0.487,0.265,0.248
34800,0.483,0.263,0.254
34900,0.490,0.266,0.244
35000,0.492,0.263,0.245
35100,0.494,0.263,0.243
35200,0.491,0.259,0.249
35300,0.490,0.263,0.247
35400,0.492,0.263,0.245
35500,0.490,0.257,0.252
35600,0.490,0.255,0.254
35700,0.477,0.254,0.269
35800,0.482,0.257,0.260
35900,0.487,0.254,0.258
36000,0.486,0.252,0.261
36100,0.487,0.248,0.265
36200,0.475,0.249,0.276
36300,0.490,0.247,0.263
36400,0.484,0.247,0.269
36500,0.485,0.246,0.269
36600,0.479,0.246,0.275
36700,0.483,0.242,0.275
36800,0.484,0.241,0.275
36900,0.486,0.246,0.268
37000,0.482,0.244,0.274
37100,0.477,0.245,0.278
37200,0.485,0.246,0.269
37300,0.470,0.246,0.284
37400,0.474,0.249,0.277
37500,0.481,0.250,0.269
37600,0.474,0.244,0.282
37700,0.466,0.241,0.293
37800,0.468,0.239,0.293
37900,0.478,0.248,0.274
38000,0.485,0.248,0.267
38100,0.480,0.242,0.278
38200,0.476,0.245,0.279
38300,0.483,0.238,0.279
38400,0.481,0.229,0.290
38500,0.477,0.229,0.294
38600,0.480,0.235,0.285
38700,0.486,0.236,0.278
38800,0.488,0.235,0.277
38900,0.487,0.238,0.275
39000,0.480,0.233,0.287
39100,0.489,0.236,0.275
39200,0.485,0.234,0.281
39300,0.463,0.234,0.303
39400,0.467,0.235,0.298
39500,0.469,0.240,0.291
39600,0.474,0.241,0.285
39700,0.478,0.240,0.282
39800,0.476,0.237,0.287
39900,0.479,0.235,0.286
40000,0.475,0.235,0.290
40100,0.475,0.235,0.290
40200,0.466,0.230,0.304
40300,0.476,0.225,0.299
40400,0.487,0.230,0.283
40500,0.490,0.227,0.283
40600,0.493,0.225,0.282
40700,0.505,0.224,0.272
40800,0.506,0.223,0.272
40900,0.516,0.226,0.258
41000,0.505,0.222,0.274
41100,0.507,0.223,0.271
41200,0.514,0.226,0.260
41300,0.512,0.224,0.265
41400,0.519,0.224,0.257
41500,0.520,0.225,0.255
41600,0.518,0.224,0.258
41700,0.525,0.225,0.250
41800,0.534,0.222,0.244
41900,0.538,0.224,0.238
42000,0.546,0.226,0.228
42100,0.542,0.225,0.233
42200,0.538,0.226,0.236
42300,0.547,0.222,0.231
42400,0.551,0.219,0.231
42500,0.550,0.216,0.235
42600,0.530,0.216,0.254
42700,0.524,0.218,0.258
42800,0.531,0.221,0.248
42900,0.533,0.220,0.247
43000,0.538,0.224,0.238
43100,0.540,0.225,0.235
43200,0.545,0.222,0.233
43300,0.544,0.221,0.235
43400,0.545,0.221,0.234
43500,0.544,0.218,0.238
43600,0.540,0.216,0.244
43700,0.533,0.219,0.248
43800,0.531,0.215,0.254
43900,0.531,0.216,0.253
44000,0.530,0.216,0.254
44100,0.531,0.223,0.246
44200,0.533,0.225,0.242
44300,0.539,0.219,0.242
44400,0.539,0.226,0.235
44500,0.534,0.224,0.242
44600,0.539,0.225,0.236
44700,0.533,0.226,0.241
44800,0.532,0.228,0.240
44900,0.533,0.231,0.236
45000,0.538,0.225,0.237
45100,0.533,0.224,0.243
45200,0.532,0.222,0.246
45300,0.540,0.224,0.236
45400,0.545,0.226,0.229
45500,0.541,0.233,0.226
45600,0.531,0.234,0.235
45700,0.527,0.241,0.232
45800,0.526,0.242,0.232
45900,0.526,0.237,0.237
46000,0.520,0.233,0.247
46100,0.522,0.228,0.250
46200,0.516,0.221,0.264
46300,0.518,0.219,0.264
46400,0.523,0.222,0.255
46500,0.530,0.217,0.253
46600,0.536,0.216,0.248
46700,0.532,0.216,0.252
46800,0.541,0.213,0.245
46900,0.551,0.206,0.243
47000,0.549,0.206,0.245
47100,0.555,0.208,0.237
47200,0.556,0.205,0.239
47300,0.560,0.205,0.235
47400,0.567,0.200,0.233
47500,0.559,0.199,0.242
47600,0.565,0.197,0.238
47700,0.567,0.197,0.236
47800,0.571,0.194,0.235
47900,0.568,0.195,0.237
48000,0.562,0.194,0.244
48100,0.566,0.193,0.241
48200,0.565,0.196,0.239
48300,0.566,0.202,0.232
48400,0.574,0.201,0.225
48500,0.560,0.196,0.244
48600,0.563,0.195,0.242
48700,0.567,0.199,0.234
48800,0.570,0.198,0.232
48900,0.571,0.198,0.231
49000,0.570,0.198,0.232
49100,0.568,0.201,0.231
49200,0.576,0.196,0.228
49300,0.577,0.194,0.229
49400,0.570,0.200,0.230
49500,0.573,0.194,0.233
49600,0.576,0.190,0.234
49700,0.585,0.191,0.224
49800,0.580,0.191,0.229
49900,0.585,0.188,0.227
50000,0.587,0.188,0.225
50100,0.588,0.188,0.224
50200,0.581,0.187,0.232
50300,0.583,0.186,0.231
50400,0.573,0.190,0.237
50500,0.576,0.191,0.233
50600,0.584,0.194,0.222
50700,0.589,0.183,0.228
50800,0.586,0.188,0.226
50900,0.590,0.191,0.219
51000,0.581,0.189,0.230
51100,0.577,0.187,0.236
51200,0.579,0.183,0.238
51300,0.571,0.180,0.249
51400,0.578,0.180,0.242
51500,0.585,0.187,0.228
51600,0.589,0.188,0.223
51700,0.591,0.182,0.227
51800,0.598,0.180,0.223
51900,0.600,0.177,0.224
52000,0.615,0.182,0.203
52100,0.603,0.181,0.217
52200,0.601,0.174,0.226
52300,0.593,0.175,0.232
52400,0.601,0.176,0.224
52500,0.604,0.176,0.221
52600,0.605,0.172,0.224
52700,0.604,0.174,0.223
52800,0.602,0.178,0.221
52900,0.605,0.176,0.220
53000,0.610,0.174,0.217
53100,0.618,0.173,0.209
53200,0.615,0.173,0.212
53300,0.617,0.173,0.210
53400,0.622,0.171,0.207
53500,0.621,0.169,0.210
53600,0.613,0.169,0.219
53700,0.607,0.168,0.226
53800,0.606,0.172,0.223
53900,0.612,0.173,0.216
54000,0.613,0.171,0.217
54100,0.612,0.170,0.219
54200,0.613,0.166,0.221
54300,0.609,0.168,0.224
54400,0.611,0.169,0.221
54500,0.613,0.168,0.220
54600,0.618,0.168,0.215
54700,0.624,0.166,0.209
54800,0.635,0.163,0.201
54900,0.634,0.162,0.203
55000,0.639,0.162,0.198
55100,0.640,0.161,0.198
55200,0.647,0.164,0.189
55300,0.637,0.166,0.196
55400,0.648,0.168,0.185
55500,0.649,0.168,0.184
55600,0.646,0.168,0.187
55700,0.652,0.168,0.181
55800,0.650,0.163,0.187
55900,0.654,0.162,0.184
56000,0.652,0.166,0.182
56100,0.663,0.166,0.171
56200,0.659,0.166,0.175
56300,0.631,0.166,0.202
56400,0.629,0.170,0.201
56500,0.629,0.170,0.201
56600,0.630,0.168,0.202
56700,0.631,0.172,0.197
56800,0.629,0.171,0.200
56900,0.630,0.172,0.198
57000,0.633,0.170,0.197
57100,0.638,0.165,0.196
57200,0.638,0.164,0.197
57300,0.639,0.168,0.193
57400,0.636,0.172,0.192
57500,0.639,0.170,0.191
57600,0.648,0.169,0.184
57700,0.659,0.166,0.175
57800,0.662,0.165,0.173
57900,0.660,0.166,0.174
58000,0.654,0.165,0.181
58100,0.659,0.164,0.177
58200,0.651,0.164,0.185
58300,0.649,0.164,0.187
58400,0.638,0.163,0.198
58500,0.653,0.163,0.184
58600,0.654,0.165,0.181
58700,0.654,0.164,0.182
58800,0.648,0.161,0.191
58900,0.647,0.159,0.194
59000,0.650,0.159,0.191
59100,0.645,0.161,0.194
59200,0.647,0.160,0.193
59300,0.645,0.158,0.197
59400,0.654,0.163,0.183
59500,0.652,0.162,0.186
59600,0.639,0.157,0.203
59700,0.644,0.156,0.200
59800,0.645,0.159,0.196
59900,0.642,0.159,0.198
60000,0.646,0.157,0.197
60100,0.648,0.159,0.193
60200,0.651,0.162,0.187
60300,0.651,0.159,0.190
60400,0.652,0.158,0.190
60500,0.632,0.156,0.211
60600,0.634,0.155,0.210
60700,0.665,0.154,0.181
60800,0.662,0.157,0.181
60900,0.663,0.155,0.182
61000,0.668,0.154,0.178
61100,0.667,0.151,0.182
61200,0.670,0.151,0.179
61300,0.675,0.150,0.175
61400,0.678,0.148,0.174
61500,0.678,0.147,0.175
61600,0.682,0.150,0.168
61700,0.684,0.149,0.166
61800,0.684,0.148,0.168
61900,0.682,0.150,0.168
62000,0.681,0.153,0.165
62100,0.680,0.152,0.168
62200,0.692,0.153,0.155
62300,0.691,0.152,0.157
62400,0.698,0.150,0.152
62500,0.705,0.146,0.149
62600,0.708,0.147,0.145
62700,0.700,0.147,0.153
62800,0.701,0.151,0.148
62900,0.699,0.151,0.150
63000,0.699,0.150,0.151
63100,0.705,0.152,0.143
63200,0.709,0.151,0.140
63300,0.708,0.152,0.140
63400,0.712,0.152,0.136
63500,0.714,0.152,0.134
63600,0.714,0.150,0.136
63700,0.712,0.148,0.140
63800,0.717,0.148,0.135
63900,0.719,0.150,0.131
64000,0.718,0.149,0.133
64100,0.717,0.148,0.135
64200,0.717,0.148,0.135
64300,0.719,0.147,0.134
64400,0.703,0.149,0.148
64500,0.708,0.150,0.142
64600,0.705,0.149,0.146
64700,0.715,0.151,0.134
64800,0.710,0.148,0.142
64900,0.711,0.149,0.140
65000,0.712,0.148,0.140
65100,0.704,0.148,0.148
65200,0.709,0.147,0.144
65300,0.709,0.146,0.145
65400,0.712,0.146,0.142
65500,0.711,0.147,0.142
65600,0.713,0.146,0.141
65700,0.717,0.146,0.137
65800,0.720,0.145,0.135
65900,0.722,0.143,0.135
66000,0.722,0.143,0.135
66100,0.723,0.143,0.134
66200,0.716,0.143,0.141
66300,0.721,0.143,0.136
66400,0.712,0.145,0.143
66500,0.715,0.145,0.140
66600,0.715,0.145,0.140
66700,0.712,0.146,0.142
66800,0.709,0.143,0.148
66900,0.717,0.142,0.141
67000,0.719,0.142,0.139
67100,0.718,0.140,0.142
67200,0.721,0.140,0.139
67300,0.721,0.140,0.139
67400,0.725,0.140,0.135
67500,0.727,0.139,0.134
67600,0.727,0.139,0.134
67700,0.731,0.138,0.131
67800,0.727,0.138,0.135
67900,0.723,0.138,0.139
68000,0.729,0.138,0.133
68100,0.730,0.138,0.132
68200,0.733,0.137,0.130
68300,0.720,0.140,0.140
68400,0.721,0.138,0.141
68500,0.730,0.137,0.133
68600,0.730,0.137,0.133
68700,0.733,0.137,0.130
68800,0.726,0.137,0.137
68900,0.717,0.136,0.147
69000,0.713,0.136,0.151
69100,0.708,0.136,0.156
69200,0.709,0.136,0.155
69300,0.716,0.136,0.148
69400,0.723,0.134,0.143
69500,0.728,0.134,0.138
69600,0.729,0.136,0.135
69700,0.729,0.134,0.137
69800,0.730,0.133,0.137
69900,0.725,0.132,0.143
70000,0.727,0.132,0.141
70100,0.729,0.132,0.139
70200,0.735,0.132,0.133
70300,0.739,0.134,0.128
70400,0.743,0.134,0.124
70500,0.742,0.134,0.125
70600,0.743,0.134,0.124
70700,0.742,0.134,0.125
70800,0.743,0.134,0.124
70900,0.742,0.146,0.112
71000,0.741,0.145,0.114
71100,0.736,0.145,0.118
71200,0.734,0.145,0.121
71300,0.737,0.145,0.117
71400,0.740,0.144,0.116
71500,0.740,0.143,0.117
71600,0.736,0.142,0.122
71700,0.734,0.143,0.123
71800,0.734,0.141,0.125
71900,0.733,0.142,0.125
72000,0.735,0.142,0.123
72100,0.735,0.139,0.126
72200,0.735,0.139,0.126
72300,0.737,0.128,0.135
72400,0.737,0.130,0.133
72500,0.739,0.129,0.133
72600,0.739,0.130,0.132
72700,0.735,0.129,0.136
72800,0.730,0.129,0.141
72900,0.722,0.127,0.151
73000,0.739,0.126,0.136
73100,0.742,0.126,0.133
73200,0.742,0.126,0.133
73300,0.749,0.126,0.126
73400,0.752,0.126,0.123
73500,0.755,0.126,0.120
73600,0.757,0.128,0.115
73700,0.756,0.127,0.117
73800,0.757,0.127,0.116
73900,0.760,0.129,0.111
74000,0.760,0.129,0.111
74100,0.757,0.128,0.115
74200,0.753,0.128,0.120
74300,0.749,0.128,0.124
74400,0.739,0.125,0.137
74500,0.740,0.125,0.136
74600,0.746,0.126,0.129
74700,0.746,0.129,0.126
74800,0.729,0.127,0.144
74900,0.732,0.126,0.142
75000,0.726,0.127,0.147
75100,0.735,0.126,0.139
75200,0.735,0.128,0.137
75300,0.741,0.129,0.131
75400,0.743,0.129,0.129
75500,0.735,0.128,0.137
75600,0.736,0.130,0.134
75700,0.732,0.129,0.139
75800,0.731,0.131,0.138
75900,0.732,0.131,0.137
76000,0.714,0.133,0.153
76100,0.719,0.132,0.149
76200,0.715,0.131,0.154
76300,0.718,0.128,0.154
76400,0.723,0.127,0.150
76500,0.722,0.127,0.151
76600,0.723,0.127,0.150
76700,0.718,0.127,0.155
76800,0.715,0.127,0.158
76900,0.715,0.125,0.160
77000,0.714,0.125,0.161
77100,0.712,0.121,0.168
77200,0.721,0.120,0.159
77300,0.720,0.120,0.160
77400,0.722,0.120,0.158
77500,0.731,0.118,0.150
77600,0.733,0.118,0.148
77700,0.744,0.118,0.138
77800,0.745,0.116,0.139
77900,0.748,0.115,0.137
78000,0.745,0.115,0.140
78100,0.748,0.115,0.137
78200,0.746,0.115,0.139
78300,0.747,0.116,0.137
78400,0.749,0.115,0.136
78500,0.745,0.117,0.138
78600,0.750,0.117,0.133
78700,0.748,0.116,0.136
78800,0.748,0.116,0.136
78900,0.750,0.116,0.134
79000,0.753,0.116,0.131
79100,0.757,0.115,0.128
79200,0.753,0.116,0.131
79300,0.755,0.117,0.128
79400,0.752,0.116,0.132
79500,0.752,0.116,0.132
79600,0.754,0.115,0.131
79700,0.757,0.115,0.128
79800,0.757,0.115,0.128
79900,0.756,0.115,0.129
80000,0.759,0.114,0.127
80100,0.759,0.113,0.128
80200,0.759,0.113,0.128
80300,0.754,0.114,0.132
80400,0.758,0.114,0.128
80500,0.757,0.113,0.130
80600,0.750,0.116,0.134
80700,0.745,0.114,0.141
80800,0.744,0.114,0.142
80900,0.739,0.114,0.147
81000,0.743,0.114,0.143
81100,0.747,0.115,0.138
81200,0.748,0.114,0.138
81300,0.744,0.114,0.142
81400,0.745,0.113,0.142
81500,0.749,0.112,0.139
81600,0.754,0.112,0.134
81700,0.754,0.112,0.134
81800,0.755,0.112,0.133
81900,0.757,0.112,0.131
82000,0.761,0.111,0.128
82100,0.767,0.111,0.122
82200,0.771,0.111,0.117
82300,0.772,0.111,0.116
82400,0.771,0.111,0.117
82500,0.775,0.111,0.113
82600,0.777,0.111,0.111
82700,0.777,0.110,0.112
82800,0.778,0.110,0.111
82900,0.779,0.110,0.110
83000,0.781,0.110,0.108
83100,0.783,0.109,0.107
83200,0.782,0.109,0.108
83300,0.788,0.109,0.103
83400,0.788,0.109,0.103
83500,0.790,0.109,0.101
83600,0.791,0.109,0.100
83700,0.791,0.109,0.100
83800,0.789,0.109,0.102
83900,0.792,0.109,0.099
84000,0.793,0.109,0.098
84100,0.794,0.109,0.097
84200,0.795,0.109,0.096
84300,0.795,0.109,0.096
84400,0.796,0.109,0.095
84500,0.796,0.108,0.096
84600,0.797,0.108,0.095
84700,0.798,0.108,0.094
84800,0.799,0.108,0.093
84900,0.799,0.108,0.093
85000,0.800,0.108,0.092
85100,0.802,0.108,0.090
85200,0.802,0.108,0.090
85300,0.802,0.107,0.091
85400,0.802,0.107,0.091
85500,0.802,0.107,0.091
85600,0.802,0.107,0.091
85700,0.802,0.107,0.091
85800,0.801,0.107,0.092
85900,0.802,0.107,0.091
86000,0.803,0.107,0.090
86100,0.804,0.107,0.089
86200,0.804,0.107,0.089
86300,0.804,0.107,0.089
86400,0.804,0.107,0.089
86500,0.803,0.107,0.090
86600,0.803,0.107,0.090
86700,0.803,0.107,0.090
86800,0.803,0.106,0.091
86900,0.802,0.106,0.092
87000,0.803,0.106,0.091
87100,0.803,0.106,0.091
87200,0.803,0.106,0.091
87300,0.803,0.106,0.091
87400,0.803,0.106,0.091
87500,0.804,0.106,0.090
87600,0.804,0.105,0.091
87700,0.805,0.105,0.090
87800,0.805,0.105,0.090
87900,0.805,0.105,0.090
88000,0.806,0.104,0.090
88100,0.806,0.104,0.090
88200,0.806,0.103,0.091
88300,0.804,0.103,0.093
88400,0.804,0.103,0.093
88500,0.805,0.103,0.092
88600,0.805,0.103,0.092
88700,0.805,0.102,0.093
88800,0.805,0.102,0.093
88900,0.805,0.102,0.093
89000,0.806,0.102,0.092
89100,0.806,0.102,0.092
89200,0.807,0.102,0.091
89300,0.806,0.102,0.092
89400,0.806,0.102,0.092
89500,0.807,0.102,0.091
89600,0.807,0.102,0.091
89700,0.808,0.101,0.091
89800,0.808,0.101,0.091
89900,0.808,0.101,0.091
90000,0.808,0.101,0.091
90100,0.808,0.101,0.091
90200,0.808,0.101,0.091
90300,0.808,0.102,0.090
90400,0.808,0.102,0.090
90500,0.808,0.101,0.091
90600,0.808,0.101,0.091
90700,0.808,0.101,0.091
90800,0.808,0.101,0.091
90900,0.808,0.101,0.091
91000,0.808,0.101,0.091
91100,0.808,0.100,0.092
91200,0.808,0.100,0.092
91300,0.808,0.100,0.092
91400,0.808,0.099,0.093
91500,0.808,0.099,0.093
91600,0.809,0.099,0.092
91700,0.809,0.099,0.092
91800,0.809,0.099,0.092
91900,0.809,0.099,0.092
92000,0.810,0.099,0.091
92100,0.809,0.099,0.092
92200,0.809,0.099,0.092
92300,0.810,0.099,0.091
92400,0.810,0.099,0.091
92500,0.809,0.099,0.092
92600,0.809,0.099,0.092
92700,0.798,0.099,0.103
92800,0.800,0.099,0.101
92900,0.802,0.099,0.099
93000,0.803,0.099,0.098
93100,0.806,0.099,0.095
93200,0.808,0.099,0.093
93300,0.810,0.099,0.091
93400,0.810,0.099,0.091
93500,0.810,0.099,0.091
93600,0.810,0.099,0.091
93700,0.810,0.098,0.092
93800,0.810,0.098,0.092
93900,0.810,0.098,0.092
94000,0.811,0.098,0.091
94100,0.812,0.098,0.090
94200,0.812,0.098,0.090
94300,0.812,0.098,0.090
94400,0.813,0.098,0.089
94500,0.812,0.098,0.090
94600,0.812,0.098,0.090
94700,0.813,0.098,0.089
94800,0.813,0.098,0.089
94900,0.813,0.098,0.089
95000,0.813,0.097,0.090
95100,0.813,0.097,0.090
95200,0.811,0.097,0.092
95300,0.813,0.097,0.090
95400,0.813,0.097,0.090
95500,0.813,0.097,0.090
95600,0.813,0.097,0.090
95700,0.813,0.097,0.090
95800,0.813,0.097,0.090
95900,0.813,0.097,0.090
96000,0.813,0.096,0.091
96100,0.813,0.096,0.091
96200,0.813,0.096,0.091
96300,0.813,0.096,0.091
96400,0.813,0.096,0.091
96500,0.813,0.096,0.091
96600,0.814,0.096,0.090
96700,0.814,0.096,0.090
96800,0.815,0.096,0.089
96900,0.814,0.096,0.090
97000,0.814,0.096,0.090
97100,0.815,0.096,0.089
97200,0.815,0.096,0.089
97300,0.814,0.096,0.090
97400,0.814,0.096,0.090
97500,0.815,0.096,0.089
97600,0.815,0.096,0.089
97700,0.815,0.096,0.089
97800,0.815,0.096,0.089
97900,0.814,0.096,0.090
98000,0.814,0.096,0.090
98100,0.814,0.096,0.090
98200,0.814,0.096,0.090
98300,0.813,0.096,0.091
98400,0.813,0.096,0.091
98500,0.813,0.096,0.091
98600,0.813,0.096,0.091
98700,0.813,0.096,0.091
98800,0.813,0.095,0.092
98900,0.812,0.095,0.093
99000,0.812,0.095,0.093
99100,0.812,0.095,0.093
99200,0.814,0.095,0.091
99300,0.815,0.095,0.090
99400,0.815,0.094,0.091
99500,0.816,0.094,0.090
99600,0.817,0.093,0.090
99700,0.817,0.093,0.090
99800,0.818,0.092,0.090
99900,0.818,0.092,0.090
100000,0.819,0.091,0.090
