time,n_A+p,n_B,n_AB
500,0.030,0.348,0.622
1000,0.030,0.222,0.748
1500,0.030,0.247,0.723
2000,0.030,0.292,0.678
2500,0.030,0.226,0.744
3000,0.030,0.253,0.717
3500,0.030,0.162,0.808
4000,0.030,0.229,0.741
4500,0.030,0.365,0.605
5000,0.030,0.363,0.607
5500,0.030,0.344,0.626
6000,0.030,0.228,0.742
6500,0.060,0.127,0.813
7000,0.030,0.261,0.709
7500,0.030,0.178,0.792
8000,0.030,0.259,0.711
8500,0.030,0.238,0.732
9000,0.030,0.207,0.763
9500,0.030,0.227,0.743
10000,0.030,0.318,0.652
10500,0.030,0.235,0.735
11000,0.030,0.217,0.753
11500,0.030,0.166,0.804
12000,0.030,0.311,0.659
12500,0.030,0.391,0.579
13000,0.030,0.224,0.746
13500,0.030,0.148,0.822
14000,0.030,0.210,0.760
14500,0.030,0.107,0.863
15000,0.030,0.146,0.824
15500,0.030,0.165,0.805
16000,0.030,0.153,0.817
16500,0.030,0.219,0.751
17000,0.030,0.206,0.764
17500,0.030,0.254,0.716
18000,0.030,0.266,0.704
18500,0.030,0.302,0.668
19000,0.030,0.194,0.776
19500,0.030,0.332,0.638
20000,0.030,0.231,0.739
20500,0.030,0.274,0.696
21000,0.030,0.324,0.646
21500,0.030,0.187,0.783
22000,0.030,0.173,0.797
22500,0.030,0.306,0.664
23000,0.030,0.298,0.672
23500,0.030,0.241,0.729
24000,0.030,0.317,0.653
24500,0.030,0.153,0.817
25000,0.538,0.000,0.462
25500,0.847,0.000,0.153
26000,0.999,0.000,0.001
26500,1.000,0.000,0.000
