time,n_A+p,n_B,n_AB
500,0.030,0.235,0.735
1000,0.109,0.054,0.837
1500,0.518,0.000,0.482
2000,0.603,0.000,0.397
2500,0.628,0.000,0.372
3000,0.585,0.000,0.415
3500,0.818,0.000,0.182
4000,0.788,0.000,0.212
4500,0.826,0.000,0.174
5000,0.573,0.000,0.427
5500,0.751,0.000,0.249
6000,0.663,0.000,0.337
6500,0.496,0.000,0.504
7000,0.732,0.000,0.268
7500,0.537,0.000,0.463
8000,0.643,0.000,0.357
8500,0.708,0.000,0.292
9000,0.651,0.000,0.349
9500,0.760,0.000,0.240
10000,0.678,0.000,0.322
10500,0.474,0.000,0.526
11000,0.793,0.000,0.207
11500,0.597,0.000,0.403
12000,0.753,0.000,0.247
12500,0.705,0.000,0.295
13000,0.539,0.000,0.461
13500,0.511,0.000,0.489
14000,0.699,0.000,0.301
14500,0.793,0.000,0.207
15000,0.844,0.000,0.156
15500,0.859,0.000,0.141
16000,0.843,0.000,0.157
16500,0.606,0.000,0.394
17000,0.483,0.000,0.517
17500,0.697,0.000,0.303
18000,0.531,0.000,0.469
18500,0.723,0.000,0.277
19000,0.719,0.000,0.281
19500,0.650,0.000,0.350
20000,0.622,0.000,0.378
20500,0.646,0.000,0.354
21000,0.720,0.000,0.280
21500,0.788,0.000,0.212
22000,0.792,0.000,0.208
22500,0.695,0.000,0.305
23000,0.791,0.000,0.209
23500,0.639,0.000,0.361
24000,0.683,0.000,0.317
24500,0.680,0.000,0.320
25000,0.777,0.000,0.223
25500,0.700,0.000,0.300
26000,0.621,0.000,0.379
26500,0.396,0.000,0.604
27000,0.602,0.000,0.398
27500,0.653,0.000,0.347
28000,0.565,0.000,0.435
28500,0.757,0.000,0.243
29000,0.694,0.000,0.306
29500,0.459,0.000,0.541
30000,0.805,0.000,0.195
30500,0.885,0.000,0.115
31000,0.661,0.000,0.339
31500,0.673,0.000,0.327
32000,0.681,0.000,0.319
32500,0.698,0.000,0.302
33000,0.612,0.000,0.388
33500,0.675,0.000,0.325
34000,0.765,0.000,0.235
34500,0.814,0.000,0.186
35000,0.838,0.000,0.162
35500,0.741,0.000,0.259
36000,0.834,0.000,0.166
36500,0.828,0.000,0.172
37000,0.557,0.000,0.443
37500,0.609,0.000,0.391
38000,0.611,0.000,0.389
38500,0.636,0.000,0.364
39000,0.743,0.000,0.257
39500,0.753,0.000,0.247
40000,0.733,0.000,0.267
40500,0.896,0.000,0.104
41000,0.655,0.000,0.345
41500,0.642,0.000,0.358
42000,0.635,0.000,0.365
42500,0.909,0.000,0.091
43000,0.957,0.000,0.043
43500,0.999,0.000,0.001
44000,1.000,0.000,0.000
