time,n_A+p,n_B,n_AB
500,0.050,0.783,0.167
1000,0.050,0.590,0.360
1500,0.050,0.382,0.569
2000,0.050,0.282,0.667
2500,0.052,0.320,0.627
3000,0.051,0.310,0.639
3500,0.054,0.325,0.621
4000,0.050,0.272,0.678
4500,0.053,0.289,0.657
5000,0.050,0.342,0.608
5500,0.050,0.302,0.648
6000,0.050,0.287,0.663
6500,0.050,0.300,0.650
7000,0.054,0.351,0.595
7500,0.050,0.315,0.635
8000,0.050,0.329,0.621
8500,0.050,0.310,0.640
9000,0.050,0.298,0.651
9500,0.054,0.313,0.633
10000,0.050,0.255,0.695
10500,0.066,0.249,0.685
11000,0.057,0.262,0.681
11500,0.051,0.239,0.710
12000,0.051,0.323,0.625
12500,0.051,0.355,0.594
13000,0.050,0.304,0.645
13500,0.050,0.304,0.645
14000,0.057,0.268,0.676
14500,0.053,0.294,0.653
15000,0.053,0.229,0.718
15500,0.057,0.215,0.729
16000,0.097,0.186,0.718
16500,0.133,0.085,0.783
17000,0.276,0.025,0.700
17500,0.455,0.003,0.542
18000,0.646,0.000,0.354
18500,0.750,0.000,0.250
19000,0.761,0.000,0.239
19500,0.787,0.000,0.213
20000,0.854,0.000,0.146
20500,0.924,0.000,0.076
21000,0.963,0.000,0.037
21500,0.970,0.000,0.030
22000,0.978,0.000,0.022
22500,0.940,0.000,0.060
23000,0.965,0.000,0.035
23500,0.992,0.000,0.008
24000,0.990,0.000,0.010
24500,0.998,0.000,0.002
25000,0.986,0.000,0.014
25500,0.996,0.000,0.004
26000,1.000,0.000,0.000
26500,1.000,0.000,0.000
