time,n_A+p,n_B,n_AB
500,0.080,0.812,0.108
1000,0.080,0.750,0.170
1500,0.080,0.708,0.212
2000,0.080,0.618,0.302
2500,0.082,0.568,0.351
3000,0.081,0.528,0.391
3500,0.081,0.521,0.398
4000,0.088,0.468,0.445
4500,0.086,0.482,0.432
5000,0.087,0.486,0.427
5500,0.098,0.441,0.462
6000,0.097,0.423,0.480
6500,0.090,0.396,0.514
7000,0.105,0.386,0.508
7500,0.116,0.372,0.512
8000,0.112,0.385,0.503
8500,0.114,0.400,0.486
9000,0.112,0.362,0.526
9500,0.113,0.297,0.591
10000,0.134,0.319,0.547
10500,0.135,0.273,0.592
11000,0.124,0.268,0.608
11500,0.142,0.288,0.570
12000,0.136,0.305,0.559
12500,0.136,0.253,0.612
13000,0.171,0.235,0.595
13500,0.226,0.203,0.571
14000,0.255,0.140,0.605
14500,0.310,0.097,0.593
15000,0.418,0.051,0.531
15500,0.507,0.032,0.462
16000,0.573,0.013,0.414
16500,0.677,0.004,0.319
17000,0.750,0.002,0.248
17500,0.774,0.000,0.226
18000,0.830,0.000,0.170
18500,0.879,0.000,0.121
19000,0.872,0.000,0.128
19500,0.886,0.000,0.114
20000,0.905,0.000,0.095
20500,0.927,0.000,0.073
21000,0.926,0.000,0.074
21500,0.954,0.000,0.046
22000,0.957,0.000,0.043
22500,0.956,0.000,0.044
23000,0.965,0.000,0.035
23500,0.962,0.000,0.038
24000,0.966,0.000,0.034
24500,0.968,0.000,0.032
25000,0.966,0.000,0.034
25500,0.974,0.000,0.026
26000,0.975,0.000,0.025
26500,0.961,0.000,0.039
27000,0.964,0.000,0.036
27500,0.969,0.000,0.031
28000,0.966,0.000,0.034
28500,0.974,0.000,0.026
29000,0.975,0.000,0.025
29500,0.986,0.000,0.014
30000,0.992,0.000,0.008
30500,0.986,0.000,0.014
31000,0.991,0.000,0.009
31500,0.994,0.000,0.006
32000,0.993,0.000,0.007
32500,0.998,0.000,0.002
33000,0.995,0.000,0.005
33500,0.996,0.000,0.004
34000,0.998,0.000,0.002
34500,0.994,0.000,0.006
35000,0.980,0.000,0.020
35500,0.984,0.000,0.016
36000,0.982,0.000,0.018
36500,0.981,0.000,0.019
37000,0.981,0.000,0.019
37500,0.988,0.000,0.012
38000,0.991,0.000,0.009
38500,0.986,0.000,0.014
39000,0.988,0.000,0.012
39500,0.992,0.000,0.008
40000,0.998,0.000,0.002
40500,0.998,0.000,0.002
41000,1.000,0.000,0.000
41500,1.000,0.000,0.000
42000,1.000,0.000,0.000
42500,1.000,0.000,0.000
43000,1.000,0.000,0.000
