time,n_A+p,n_B,n_AB,avg_entropy_simp
500,0.028,0.945,0.028,0.072023
1000,0.031,0.948,0.021,0.056679
1500,0.031,0.908,0.061,0.120609
2000,0.034,0.902,0.064,0.135662
2500,0.040,0.893,0.067,0.140121
3000,0.043,0.881,0.076,0.146247
3500,0.043,0.920,0.037,0.097119
4000,0.031,0.927,0.043,0.085455
4500,0.031,0.911,0.058,0.114463
5000,0.034,0.917,0.049,0.104939
5500,0.037,0.942,0.021,0.067714
6000,0.046,0.908,0.046,0.120060
6500,0.046,0.862,0.092,0.185220
7000,0.067,0.859,0.073,0.178228
7500,0.061,0.826,0.113,0.213779
8000,0.052,0.826,0.122,0.232411
8500,0.067,0.859,0.073,0.158849
9000,0.067,0.856,0.076,0.165106
9500,0.055,0.865,0.080,0.156457
10000,0.043,0.911,0.046,0.100130
10500,0.040,0.911,0.049,0.116892
11000,0.049,0.899,0.052,0.125798
11500,0.046,0.875,0.080,0.167946
12000,0.037,0.869,0.095,0.155797
12500,0.040,0.890,0.070,0.136159
13000,0.046,0.881,0.073,0.146667
13500,0.055,0.881,0.064,0.145611
14000,0.040,0.881,0.080,0.131025
14500,0.034,0.902,0.064,0.124728
15000,0.031,0.924,0.046,0.092935
15500,0.049,0.908,0.043,0.105712
16000,0.043,0.896,0.061,0.136907
16500,0.049,0.850,0.101,0.186452
17000,0.058,0.841,0.101,0.196405
17500,0.055,0.865,0.080,0.167851
18000,0.046,0.872,0.083,0.165805
18500,0.034,0.887,0.080,0.155548
19000,0.034,0.893,0.073,0.152308
19500,0.031,0.905,0.064,0.115075
20000,0.037,0.872,0.092,0.186364
20500,0.055,0.865,0.080,0.157296
21000,0.043,0.893,0.064,0.141160
21500,0.046,0.881,0.073,0.149405
22000,0.043,0.838,0.119,0.186728
22500,0.049,0.859,0.092,0.151603
23000,0.052,0.856,0.092,0.165752
23500,0.052,0.844,0.104,0.184341
24000,0.070,0.780,0.150,0.245149
24500,0.058,0.835,0.107,0.227115
25000,0.049,0.878,0.073,0.140863
25500,0.040,0.908,0.052,0.110993
26000,0.058,0.875,0.067,0.145226
26500,0.076,0.810,0.113,0.224587
27000,0.052,0.850,0.098,0.178654
27500,0.040,0.902,0.058,0.119604
28000,0.028,0.917,0.055,0.107054
28500,0.037,0.911,0.052,0.130390
29000,0.040,0.887,0.073,0.133404
29500,0.046,0.878,0.076,0.155934
30000,0.034,0.905,0.061,0.119078
30500,0.037,0.924,0.040,0.087885
31000,0.031,0.875,0.095,0.150862
31500,0.043,0.853,0.104,0.173297
32000,0.049,0.841,0.110,0.199705
32500,0.043,0.859,0.098,0.185942
33000,0.034,0.881,0.086,0.140832
33500,0.043,0.881,0.076,0.148991
34000,0.043,0.838,0.119,0.193307
34500,0.028,0.911,0.061,0.110148
35000,0.028,0.936,0.037,0.075617
35500,0.034,0.911,0.055,0.118443
36000,0.049,0.865,0.086,0.165429
36500,0.064,0.829,0.107,0.196293
37000,0.046,0.875,0.080,0.146515
37500,0.028,0.917,0.055,0.098437
38000,0.028,0.939,0.034,0.075449
38500,0.028,0.954,0.018,0.053191
39000,0.028,0.945,0.028,0.071617
39500,0.031,0.933,0.037,0.094196
40000,0.037,0.942,0.021,0.074407
40500,0.031,0.924,0.046,0.092431
41000,0.031,0.899,0.070,0.127721
41500,0.031,0.933,0.037,0.086997
42000,0.034,0.924,0.043,0.104845
42500,0.040,0.920,0.040,0.084457
43000,0.043,0.914,0.043,0.106543
43500,0.034,0.905,0.061,0.114601
44000,0.034,0.890,0.076,0.134433
44500,0.031,0.914,0.055,0.112673
45000,0.028,0.920,0.052,0.099162
45500,0.040,0.905,0.055,0.110429
46000,0.034,0.896,0.070,0.122093
46500,0.034,0.905,0.061,0.117789
47000,0.037,0.899,0.064,0.137459
47500,0.049,0.869,0.083,0.172975
48000,0.037,0.902,0.061,0.123260
48500,0.058,0.911,0.031,0.108017
49000,0.052,0.859,0.089,0.177927
49500,0.040,0.884,0.076,0.159663
50000,0.037,0.914,0.049,0.102342
50500,0.028,0.930,0.043,0.090534
51000,0.028,0.930,0.043,0.092049
51500,0.040,0.890,0.070,0.142069
52000,0.043,0.896,0.061,0.120733
52500,0.031,0.865,0.104,0.143895
53000,0.043,0.905,0.052,0.117845
53500,0.037,0.917,0.046,0.099020
54000,0.031,0.924,0.046,0.080725
54500,0.028,0.917,0.055,0.107948
55000,0.028,0.930,0.043,0.094548
55500,0.034,0.930,0.037,0.080409
56000,0.031,0.911,0.058,0.099303
56500,0.028,0.927,0.046,0.085398
57000,0.028,0.920,0.052,0.105483
57500,0.028,0.951,0.021,0.052697
58000,0.037,0.920,0.043,0.108372
58500,0.040,0.927,0.034,0.105061
59000,0.037,0.890,0.073,0.145521
59500,0.052,0.856,0.092,0.190536
60000,0.049,0.869,0.083,0.179117
60500,0.037,0.862,0.101,0.175698
61000,0.028,0.920,0.052,0.089564
61500,0.037,0.905,0.058,0.103856
62000,0.034,0.908,0.058,0.110207
62500,0.031,0.924,0.046,0.080031
63000,0.034,0.893,0.073,0.143101
63500,0.049,0.841,0.110,0.192784
64000,0.037,0.835,0.128,0.212320
64500,0.046,0.872,0.083,0.164477
65000,0.043,0.817,0.141,0.219938
65500,0.043,0.826,0.131,0.208261
66000,0.055,0.832,0.113,0.203983
66500,0.070,0.847,0.083,0.204371
67000,0.043,0.862,0.095,0.177972
67500,0.049,0.869,0.083,0.162727
68000,0.052,0.914,0.034,0.105039
68500,0.028,0.914,0.058,0.102960
69000,0.028,0.924,0.049,0.097366
69500,0.043,0.917,0.040,0.101923
70000,0.040,0.908,0.052,0.106104
70500,0.040,0.865,0.095,0.175429
71000,0.031,0.911,0.058,0.106855
71500,0.037,0.899,0.064,0.114096
72000,0.034,0.905,0.061,0.131184
72500,0.031,0.939,0.031,0.077378
73000,0.037,0.930,0.034,0.088416
73500,0.034,0.933,0.034,0.084555
74000,0.043,0.933,0.024,0.077434
74500,0.037,0.924,0.040,0.104918
75000,0.028,0.905,0.067,0.139082
75500,0.034,0.905,0.061,0.113564
76000,0.028,0.933,0.040,0.083893
76500,0.028,0.927,0.046,0.095743
77000,0.031,0.930,0.040,0.092401
77500,0.028,0.911,0.061,0.110510
78000,0.028,0.939,0.034,0.077847
78500,0.034,0.914,0.052,0.112632
79000,0.034,0.924,0.043,0.105550
79500,0.034,0.917,0.049,0.097375
80000,0.034,0.936,0.031,0.080136
80500,0.037,0.908,0.055,0.124463
81000,0.028,0.951,0.021,0.067201
81500,0.028,0.945,0.028,0.067591
82000,0.031,0.942,0.028,0.074855
82500,0.049,0.899,0.052,0.129530
83000,0.034,0.902,0.064,0.116458
83500,0.037,0.908,0.055,0.108265
84000,0.034,0.920,0.046,0.089074
84500,0.031,0.939,0.031,0.070481
85000,0.031,0.878,0.092,0.154507
85500,0.040,0.902,0.058,0.125292
86000,0.028,0.948,0.024,0.062170
86500,0.028,0.942,0.031,0.069148
87000,0.034,0.924,0.043,0.110203
87500,0.046,0.917,0.037,0.118309
88000,0.034,0.924,0.043,0.086921
88500,0.040,0.908,0.052,0.118402
89000,0.040,0.911,0.049,0.127704
89500,0.037,0.924,0.040,0.096332
90000,0.028,0.942,0.031,0.071739
90500,0.031,0.945,0.024,0.072113
91000,0.034,0.914,0.052,0.094179
91500,0.049,0.893,0.058,0.131018
92000,0.055,0.884,0.061,0.142883
92500,0.031,0.908,0.061,0.115644
93000,0.040,0.881,0.080,0.153883
93500,0.043,0.844,0.113,0.199361
94000,0.055,0.862,0.083,0.175871
94500,0.037,0.911,0.052,0.107788
95000,0.040,0.936,0.024,0.082556
95500,0.040,0.908,0.052,0.133494
96000,0.031,0.917,0.052,0.104973
96500,0.043,0.936,0.021,0.074120
97000,0.055,0.887,0.058,0.137012
97500,0.043,0.881,0.076,0.139346
98000,0.064,0.850,0.086,0.194733
98500,0.034,0.875,0.092,0.157794
99000,0.031,0.911,0.058,0.103491
99500,0.028,0.914,0.058,0.117247
100000,0.043,0.924,0.034,0.104659
