time,n_A+p,n_B,n_AB
100,0.337,0.413,0.250
200,0.283,0.359,0.359
300,0.315,0.359,0.326
400,0.359,0.293,0.348
500,0.424,0.228,0.348
600,0.533,0.163,0.304
700,0.587,0.120,0.293
800,0.685,0.087,0.228
900,0.750,0.033,0.217
1000,0.826,0.022,0.152
1100,0.870,0.043,0.087
1200,0.891,0.022,0.087
1300,0.902,0.022,0.076
1400,0.902,0.022,0.076
1500,0.848,0.022,0.130
1600,0.924,0.000,0.076
1700,0.946,0.000,0.054
1800,0.978,0.000,0.022
1900,0.989,0.000,0.011
2000,1.000,0.000,0.000
