time,n_A+p,n_B,n_AB
100,0.030,0.918,0.052
200,0.030,0.890,0.080
300,0.030,0.896,0.074
400,0.030,0.900,0.070
500,0.031,0.867,0.102
600,0.031,0.866,0.103
700,0.031,0.839,0.130
800,0.031,0.722,0.247
900,0.036,0.733,0.231
1000,0.036,0.651,0.313
1100,0.032,0.624,0.344
1200,0.032,0.602,0.366
1300,0.035,0.642,0.323
1400,0.033,0.607,0.360
1500,0.035,0.598,0.367
1600,0.033,0.551,0.416
1700,0.034,0.526,0.440
1800,0.040,0.488,0.472
1900,0.042,0.487,0.471
2000,0.042,0.484,0.474
2100,0.038,0.475,0.487
2200,0.036,0.461,0.503
2300,0.036,0.465,0.499
2400,0.036,0.424,0.540
2500,0.038,0.382,0.580
2600,0.036,0.384,0.580
2700,0.040,0.403,0.557
2800,0.054,0.348,0.598
2900,0.049,0.409,0.542
3000,0.044,0.376,0.580
3100,0.050,0.344,0.606
3200,0.051,0.375,0.574
3300,0.054,0.340,0.606
3400,0.056,0.364,0.580
3500,0.052,0.412,0.536
3600,0.055,0.403,0.542
3700,0.053,0.411,0.536
3800,0.048,0.426,0.526
3900,0.043,0.393,0.564
4000,0.048,0.367,0.585
4100,0.047,0.360,0.593
4200,0.048,0.347,0.605
4300,0.059,0.325,0.616
4400,0.057,0.314,0.629
4500,0.063,0.320,0.617
4600,0.064,0.343,0.593
4700,0.056,0.330,0.614
4800,0.050,0.395,0.555
4900,0.049,0.353,0.598
5000,0.048,0.364,0.588
5100,0.048,0.385,0.567
5200,0.048,0.377,0.575
5300,0.045,0.353,0.602
5400,0.054,0.367,0.579
5500,0.053,0.356,0.591
5600,0.056,0.361,0.583
5700,0.047,0.385,0.568
5800,0.050,0.373,0.577
5900,0.050,0.367,0.583
6000,0.055,0.356,0.589
6100,0.049,0.336,0.615
6200,0.054,0.292,0.654
6300,0.050,0.313,0.637
6400,0.066,0.320,0.614
6500,0.079,0.257,0.664
6600,0.067,0.262,0.671
6700,0.061,0.240,0.699
6800,0.066,0.220,0.714
6900,0.078,0.185,0.737
7000,0.083,0.184,0.733
7100,0.108,0.174,0.718
7200,0.098,0.150,0.752
7300,0.093,0.146,0.761
7400,0.115,0.145,0.740
7500,0.122,0.138,0.740
7600,0.123,0.128,0.749
7700,0.136,0.152,0.712
7800,0.143,0.163,0.694
7900,0.138,0.147,0.715
8000,0.145,0.155,0.700
8100,0.116,0.136,0.748
8200,0.124,0.174,0.702
8300,0.125,0.154,0.721
8400,0.126,0.143,0.731
8500,0.141,0.133,0.726
8600,0.142,0.130,0.728
8700,0.145,0.097,0.758
8800,0.146,0.102,0.752
8900,0.175,0.103,0.722
9000,0.183,0.098,0.719
9100,0.205,0.095,0.700
9200,0.207,0.089,0.704
9300,0.182,0.075,0.743
9400,0.200,0.065,0.735
9500,0.275,0.054,0.671
9600,0.275,0.038,0.687
9700,0.290,0.038,0.672
9800,0.346,0.034,0.620
9900,0.359,0.036,0.605
10000,0.343,0.039,0.618
10100,0.318,0.038,0.644
10200,0.384,0.034,0.582
10300,0.372,0.024,0.604
10400,0.373,0.022,0.605
10500,0.412,0.019,0.569
10600,0.405,0.011,0.584
10700,0.439,0.010,0.551
10800,0.419,0.014,0.567
10900,0.496,0.011,0.493
11000,0.456,0.012,0.532
11100,0.545,0.006,0.449
11200,0.545,0.005,0.450
11300,0.611,0.009,0.380
11400,0.561,0.008,0.431
11500,0.593,0.006,0.401
11600,0.591,0.006,0.403
11700,0.670,0.008,0.322
11800,0.684,0.004,0.312
11900,0.694,0.006,0.300
12000,0.731,0.003,0.266
12100,0.777,0.003,0.220
12200,0.777,0.003,0.220
12300,0.733,0.008,0.259
12400,0.750,0.005,0.245
12500,0.735,0.003,0.262
12600,0.718,0.005,0.277
12700,0.665,0.003,0.332
12800,0.677,0.006,0.317
12900,0.621,0.006,0.373
13000,0.651,0.003,0.346
13100,0.639,0.003,0.358
13200,0.629,0.002,0.369
13300,0.705,0.001,0.294
13400,0.663,0.001,0.336
13500,0.662,0.000,0.338
13600,0.675,0.002,0.323
13700,0.695,0.002,0.303
13800,0.693,0.001,0.306
13900,0.690,0.000,0.310
14000,0.693,0.000,0.307
14100,0.684,0.001,0.315
14200,0.631,0.000,0.369
14300,0.635,0.000,0.365
14400,0.651,0.002,0.347
14500,0.685,0.002,0.313
14600,0.734,0.001,0.265
14700,0.753,0.001,0.246
14800,0.810,0.001,0.189
14900,0.857,0.000,0.143
15000,0.857,0.002,0.141
15100,0.878,0.001,0.121
15200,0.897,0.000,0.103
15300,0.918,0.000,0.082
15400,0.917,0.000,0.083
15500,0.919,0.000,0.081
15600,0.936,0.000,0.064
15700,0.901,0.000,0.099
15800,0.862,0.000,0.138
15900,0.878,0.000,0.122
16000,0.879,0.000,0.121
16100,0.890,0.000,0.110
16200,0.868,0.000,0.132
16300,0.890,0.000,0.110
16400,0.911,0.000,0.089
16500,0.927,0.000,0.073
16600,0.898,0.000,0.102
16700,0.909,0.000,0.091
16800,0.923,0.000,0.077
16900,0.901,0.000,0.099
17000,0.911,0.000,0.089
17100,0.891,0.000,0.109
17200,0.900,0.000,0.100
17300,0.919,0.000,0.081
17400,0.931,0.000,0.069
17500,0.936,0.000,0.064
17600,0.957,0.000,0.043
17700,0.961,0.000,0.039
17800,0.958,0.000,0.042
17900,0.951,0.000,0.049
18000,0.959,0.000,0.041
18100,0.947,0.000,0.053
18200,0.941,0.000,0.059
18300,0.949,0.000,0.051
18400,0.961,0.000,0.039
18500,0.956,0.000,0.044
18600,0.959,0.000,0.041
18700,0.955,0.000,0.045
18800,0.970,0.000,0.030
18900,0.948,0.000,0.052
19000,0.952,0.000,0.048
19100,0.967,0.000,0.033
19200,0.975,0.000,0.025
19300,0.980,0.000,0.020
19400,0.987,0.000,0.013
19500,0.987,0.000,0.013
19600,0.988,0.000,0.012
19700,0.991,0.000,0.009
19800,0.994,0.000,0.006
19900,0.995,0.000,0.005
20000,0.992,0.000,0.008
20100,0.994,0.000,0.006
20200,0.991,0.000,0.009
20300,0.988,0.000,0.012
20400,0.989,0.000,0.011
20500,0.985,0.000,0.015
20600,0.987,0.000,0.013
20700,0.993,0.000,0.007
20800,0.994,0.000,0.006
20900,0.997,0.000,0.003
21000,0.997,0.000,0.003
21100,0.997,0.000,0.003
21200,0.998,0.000,0.002
21300,0.999,0.000,0.001
21400,0.999,0.000,0.001
21500,1.000,0.000,0.000
