time,n_A+p,n_B,n_AB
0,0.030,0.970,0.000
500,0.031,0.959,0.010
1000,0.036,0.924,0.041
1500,0.106,0.799,0.095
2000,0.128,0.740,0.132
2500,0.174,0.669,0.157
3000,0.183,0.614,0.204
3500,0.244,0.524,0.232
4000,0.310,0.491,0.198
4500,0.263,0.474,0.263
5000,0.282,0.458,0.260
5500,0.286,0.459,0.255
6000,0.359,0.398,0.243
6500,0.405,0.349,0.246
7000,0.427,0.349,0.224
7500,0.359,0.408,0.233
8000,0.349,0.394,0.257
8500,0.362,0.354,0.283
9000,0.420,0.336,0.244
9500,0.460,0.296,0.244
10000,0.375,0.352,0.274
10500,0.400,0.304,0.296
11000,0.478,0.235,0.286
11500,0.547,0.222,0.231
12000,0.558,0.217,0.225
12500,0.564,0.181,0.255
13000,0.608,0.175,0.218
13500,0.627,0.179,0.194
14000,0.641,0.177,0.182
14500,0.628,0.174,0.198
15000,0.707,0.118,0.175
15500,0.711,0.108,0.181
16000,0.681,0.122,0.197
16500,0.649,0.139,0.212
17000,0.715,0.103,0.182
17500,0.699,0.126,0.175
18000,0.690,0.127,0.183
18500,0.730,0.092,0.178
19000,0.654,0.162,0.185
19500,0.644,0.173,0.183
20000,0.643,0.174,0.183
20500,0.579,0.173,0.248
21000,0.620,0.154,0.226
21500,0.600,0.153,0.247
22000,0.551,0.185,0.264
22500,0.506,0.240,0.254
23000,0.496,0.246,0.258
23500,0.497,0.264,0.239
24000,0.522,0.221,0.258
24500,0.522,0.232,0.246
25000,0.552,0.206,0.242
25500,0.524,0.215,0.261
26000,0.502,0.231,0.267
26500,0.564,0.174,0.262
27000,0.568,0.173,0.259
27500,0.553,0.155,0.292
28000,0.576,0.192,0.232
28500,0.610,0.172,0.218
29000,0.591,0.178,0.231
29500,0.607,0.149,0.244
30000,0.538,0.201,0.260
30500,0.500,0.251,0.249
31000,0.477,0.284,0.239
31500,0.482,0.238,0.280
32000,0.551,0.218,0.232
32500,0.439,0.304,0.257
33000,0.530,0.249,0.222
33500,0.477,0.267,0.256
34000,0.435,0.279,0.286
34500,0.396,0.336,0.268
35000,0.428,0.322,0.250
35500,0.395,0.324,0.281
36000,0.416,0.309,0.275
36500,0.524,0.207,0.268
37000,0.547,0.217,0.237
37500,0.554,0.212,0.234
38000,0.576,0.207,0.217
38500,0.494,0.250,0.257
39000,0.492,0.228,0.280
39500,0.542,0.207,0.251
40000,0.551,0.211,0.237
40500,0.541,0.259,0.200
41000,0.544,0.235,0.221
41500,0.548,0.221,0.231
42000,0.558,0.189,0.253
42500,0.541,0.208,0.250
43000,0.579,0.199,0.222
43500,0.625,0.173,0.203
44000,0.574,0.175,0.251
44500,0.455,0.327,0.218
45000,0.540,0.239,0.222
45500,0.548,0.219,0.232
46000,0.558,0.173,0.269
46500,0.529,0.187,0.283
47000,0.518,0.204,0.278
47500,0.501,0.221,0.279
48000,0.452,0.281,0.267
48500,0.380,0.342,0.278
49000,0.455,0.265,0.281
49500,0.509,0.221,0.271
50000,0.590,0.191,0.219
50500,0.581,0.174,0.244
51000,0.613,0.194,0.193
51500,0.552,0.236,0.212
52000,0.506,0.251,0.243
52500,0.499,0.250,0.250
53000,0.434,0.325,0.242
53500,0.455,0.281,0.264
54000,0.408,0.308,0.284
54500,0.409,0.289,0.302
55000,0.441,0.303,0.256
55500,0.469,0.270,0.261
56000,0.500,0.227,0.273
56500,0.533,0.210,0.257
57000,0.581,0.182,0.237
57500,0.508,0.243,0.249
58000,0.599,0.166,0.235
58500,0.623,0.151,0.226
59000,0.597,0.180,0.223
59500,0.589,0.150,0.261
60000,0.519,0.228,0.253
60500,0.508,0.229,0.263
61000,0.586,0.186,0.228
61500,0.496,0.221,0.283
62000,0.419,0.274,0.307
62500,0.402,0.307,0.291
63000,0.408,0.303,0.289
63500,0.399,0.313,0.288
64000,0.379,0.318,0.303
64500,0.389,0.303,0.308
65000,0.425,0.292,0.283
65500,0.480,0.215,0.306
66000,0.526,0.203,0.272
66500,0.559,0.153,0.288
67000,0.674,0.094,0.232
67500,0.718,0.068,0.214
68000,0.685,0.123,0.193
68500,0.718,0.087,0.195
69000,0.717,0.123,0.160
69500,0.628,0.153,0.219
70000,0.648,0.134,0.217
70500,0.598,0.151,0.251
71000,0.619,0.147,0.233
71500,0.575,0.194,0.231
72000,0.563,0.196,0.242
72500,0.513,0.233,0.253
73000,0.572,0.176,0.253
73500,0.555,0.186,0.259
74000,0.583,0.171,0.246
74500,0.615,0.169,0.216
75000,0.568,0.240,0.192
75500,0.542,0.217,0.241
76000,0.498,0.226,0.275
76500,0.558,0.198,0.244
77000,0.632,0.157,0.211
77500,0.716,0.106,0.178
78000,0.685,0.123,0.192
78500,0.655,0.123,0.222
79000,0.619,0.174,0.207
79500,0.687,0.105,0.207
80000,0.596,0.168,0.236
80500,0.560,0.226,0.214
81000,0.634,0.148,0.217
81500,0.614,0.174,0.212
82000,0.565,0.177,0.258
82500,0.616,0.148,0.235
83000,0.611,0.167,0.222
83500,0.544,0.211,0.244
84000,0.553,0.228,0.219
84500,0.524,0.229,0.246
85000,0.473,0.253,0.274
85500,0.579,0.176,0.244
86000,0.586,0.169,0.244
86500,0.651,0.140,0.210
87000,0.595,0.185,0.219
87500,0.594,0.176,0.230
88000,0.582,0.152,0.266
88500,0.490,0.216,0.294
89000,0.573,0.206,0.221
89500,0.527,0.240,0.233
90000,0.540,0.228,0.232
90500,0.464,0.302,0.233
91000,0.483,0.244,0.274
91500,0.517,0.259,0.224
92000,0.527,0.207,0.266
92500,0.518,0.236,0.246
93000,0.492,0.225,0.283
93500,0.478,0.235,0.288
94000,0.468,0.237,0.295
94500,0.480,0.263,0.257
95000,0.541,0.209,0.250
95500,0.487,0.242,0.271
96000,0.554,0.202,0.244
96500,0.539,0.225,0.236
97000,0.550,0.200,0.250
97500,0.484,0.235,0.282
98000,0.537,0.218,0.244
98500,0.512,0.211,0.276
99000,0.573,0.197,0.230
99500,0.586,0.168,0.246
100000,0.544,0.188,0.268
100500,0.540,0.196,0.265
101000,0.559,0.181,0.260
101500,0.505,0.221,0.274
102000,0.488,0.249,0.263
102500,0.473,0.234,0.293
103000,0.563,0.221,0.217
103500,0.544,0.232,0.225
104000,0.568,0.161,0.271
104500,0.639,0.140,0.221
105000,0.647,0.132,0.221
105500,0.677,0.102,0.221
106000,0.662,0.135,0.203
106500,0.570,0.196,0.233
107000,0.575,0.192,0.233
107500,0.533,0.238,0.229
108000,0.594,0.192,0.214
108500,0.590,0.169,0.240
109000,0.601,0.162,0.236
109500,0.644,0.121,0.235
110000,0.660,0.137,0.203
110500,0.533,0.216,0.251
111000,0.480,0.263,0.258
111500,0.444,0.288,0.268
112000,0.488,0.260,0.252
112500,0.420,0.304,0.276
113000,0.377,0.332,0.290
113500,0.392,0.366,0.242
114000,0.389,0.332,0.279
114500,0.392,0.353,0.256
115000,0.477,0.258,0.264
115500,0.364,0.359,0.276
116000,0.386,0.346,0.267
116500,0.466,0.295,0.239
117000,0.506,0.223,0.271
117500,0.509,0.252,0.239
118000,0.565,0.200,0.235
118500,0.596,0.187,0.217
119000,0.586,0.193,0.222
119500,0.556,0.194,0.250
120000,0.451,0.279,0.270
120500,0.448,0.285,0.267
121000,0.426,0.276,0.298
121500,0.444,0.307,0.250
122000,0.406,0.293,0.301
122500,0.423,0.271,0.306
123000,0.418,0.253,0.329
123500,0.410,0.266,0.324
124000,0.429,0.279,0.292
124500,0.469,0.226,0.304
125000,0.603,0.133,0.264
125500,0.556,0.186,0.257
126000,0.576,0.190,0.234
126500,0.508,0.250,0.242
127000,0.482,0.244,0.274
127500,0.493,0.246,0.261
128000,0.585,0.170,0.245
128500,0.547,0.239,0.214
129000,0.500,0.253,0.247
129500,0.464,0.254,0.282
130000,0.467,0.270,0.263
130500,0.515,0.228,0.257
131000,0.597,0.176,0.227
131500,0.493,0.228,0.279
132000,0.488,0.250,0.263
132500,0.425,0.321,0.254
133000,0.495,0.246,0.260
133500,0.536,0.218,0.246
134000,0.502,0.248,0.250
134500,0.576,0.180,0.244
135000,0.568,0.176,0.256
135500,0.629,0.144,0.227
136000,0.530,0.206,0.264
136500,0.545,0.185,0.269
137000,0.510,0.205,0.284
137500,0.467,0.266,0.267
138000,0.507,0.226,0.267
138500,0.445,0.272,0.283
139000,0.417,0.317,0.266
139500,0.413,0.312,0.275
140000,0.414,0.309,0.277
140500,0.482,0.269,0.249
141000,0.616,0.151,0.233
141500,0.605,0.162,0.233
142000,0.509,0.238,0.253
142500,0.538,0.175,0.287
143000,0.504,0.226,0.269
143500,0.583,0.164,0.253
144000,0.602,0.151,0.247
144500,0.657,0.138,0.205
145000,0.678,0.144,0.178
145500,0.619,0.156,0.225
146000,0.524,0.280,0.196
146500,0.549,0.215,0.235
147000,0.515,0.251,0.233
147500,0.481,0.273,0.246
148000,0.477,0.294,0.229
148500,0.467,0.267,0.266
149000,0.445,0.292,0.263
149500,0.507,0.232,0.261
150000,0.481,0.229,0.290
150500,0.437,0.292,0.271
151000,0.434,0.269,0.297
151500,0.438,0.302,0.260
152000,0.380,0.324,0.297
152500,0.338,0.319,0.343
153000,0.335,0.369,0.296
153500,0.310,0.446,0.244
154000,0.263,0.452,0.285
154500,0.270,0.469,0.261
155000,0.275,0.432,0.293
155500,0.323,0.416,0.261
156000,0.347,0.393,0.260
156500,0.348,0.378,0.274
157000,0.320,0.368,0.312
157500,0.287,0.447,0.266
158000,0.269,0.418,0.313
158500,0.240,0.456,0.304
159000,0.366,0.346,0.288
159500,0.409,0.308,0.283
160000,0.330,0.358,0.312
160500,0.416,0.296,0.288
161000,0.391,0.308,0.301
161500,0.437,0.294,0.269
162000,0.391,0.315,0.295
162500,0.442,0.257,0.301
163000,0.441,0.251,0.308
163500,0.381,0.351,0.268
164000,0.378,0.343,0.279
164500,0.355,0.359,0.286
165000,0.375,0.349,0.276
165500,0.380,0.329,0.292
166000,0.361,0.379,0.260
166500,0.400,0.325,0.275
167000,0.372,0.350,0.278
167500,0.389,0.328,0.283
168000,0.442,0.288,0.271
168500,0.415,0.307,0.278
169000,0.310,0.419,0.272
169500,0.314,0.394,0.292
170000,0.292,0.417,0.291
170500,0.366,0.359,0.275
171000,0.403,0.283,0.313
171500,0.448,0.327,0.225
172000,0.372,0.368,0.260
172500,0.416,0.313,0.271
173000,0.424,0.320,0.256
173500,0.425,0.349,0.226
174000,0.432,0.324,0.243
174500,0.446,0.260,0.295
175000,0.422,0.312,0.266
175500,0.435,0.283,0.281
176000,0.563,0.179,0.258
176500,0.555,0.202,0.243
177000,0.582,0.183,0.235
177500,0.511,0.237,0.251
178000,0.482,0.234,0.284
178500,0.480,0.282,0.239
179000,0.466,0.277,0.257
179500,0.466,0.262,0.272
180000,0.438,0.293,0.268
180500,0.489,0.247,0.264
181000,0.444,0.303,0.253
181500,0.441,0.265,0.294
182000,0.464,0.294,0.242
182500,0.504,0.303,0.193
183000,0.414,0.318,0.267
183500,0.445,0.279,0.276
184000,0.327,0.389,0.285
184500,0.304,0.397,0.299
185000,0.318,0.386,0.296
185500,0.321,0.369,0.310
186000,0.399,0.292,0.309
186500,0.421,0.292,0.288
187000,0.396,0.289,0.315
187500,0.458,0.225,0.317
188000,0.552,0.172,0.276
188500,0.503,0.214,0.283
189000,0.478,0.243,0.279
189500,0.374,0.302,0.325
190000,0.264,0.453,0.283
190500,0.343,0.345,0.313
191000,0.436,0.263,0.301
191500,0.544,0.212,0.244
192000,0.548,0.198,0.253
192500,0.603,0.140,0.257
193000,0.605,0.159,0.235
193500,0.584,0.152,0.264
194000,0.600,0.171,0.229
194500,0.487,0.265,0.248
195000,0.556,0.168,0.276
195500,0.623,0.169,0.208
196000,0.571,0.229,0.200
196500,0.569,0.235,0.196
197000,0.631,0.142,0.227
197500,0.541,0.225,0.235
198000,0.569,0.191,0.240
198500,0.562,0.218,0.221
199000,0.619,0.149,0.232
199500,0.580,0.179,0.241
200000,0.481,0.234,0.285
200500,0.503,0.229,0.267
201000,0.533,0.212,0.254
201500,0.490,0.247,0.264
202000,0.491,0.250,0.259
202500,0.510,0.222,0.267
203000,0.568,0.192,0.240
203500,0.503,0.235,0.262
204000,0.416,0.304,0.279
204500,0.398,0.292,0.311
205000,0.420,0.264,0.315
205500,0.424,0.300,0.276
206000,0.380,0.320,0.300
206500,0.401,0.314,0.285
207000,0.447,0.278,0.275
207500,0.437,0.285,0.278
208000,0.337,0.376,0.287
208500,0.350,0.354,0.296
209000,0.399,0.322,0.279
209500,0.434,0.277,0.289
210000,0.464,0.264,0.272
210500,0.467,0.250,0.283
211000,0.424,0.254,0.322
211500,0.517,0.207,0.276
212000,0.581,0.153,0.267
212500,0.565,0.163,0.272
213000,0.673,0.111,0.217
213500,0.633,0.148,0.218
214000,0.683,0.108,0.209
214500,0.708,0.086,0.205
215000,0.704,0.110,0.186
215500,0.769,0.073,0.158
216000,0.811,0.044,0.146
216500,0.805,0.057,0.138
217000,0.871,0.031,0.098
217500,0.853,0.030,0.118
218000,0.811,0.056,0.133
218500,0.726,0.107,0.166
219000,0.703,0.093,0.204
219500,0.727,0.098,0.175
220000,0.736,0.082,0.182
220500,0.701,0.080,0.219
221000,0.771,0.079,0.150
221500,0.736,0.109,0.154
222000,0.715,0.102,0.182
222500,0.650,0.134,0.215
223000,0.656,0.136,0.208
223500,0.677,0.131,0.192
224000,0.683,0.123,0.194
224500,0.673,0.143,0.185
225000,0.611,0.145,0.244
225500,0.579,0.185,0.237
226000,0.587,0.168,0.245
226500,0.520,0.218,0.261
227000,0.597,0.161,0.243
227500,0.568,0.176,0.256
228000,0.576,0.182,0.242
228500,0.579,0.166,0.254
229000,0.529,0.217,0.254
229500,0.583,0.165,0.252
230000,0.639,0.118,0.243
230500,0.653,0.133,0.214
231000,0.665,0.129,0.206
231500,0.668,0.116,0.215
232000,0.684,0.109,0.207
232500,0.662,0.096,0.242
233000,0.661,0.132,0.207
233500,0.598,0.157,0.245
234000,0.531,0.227,0.242
234500,0.514,0.240,0.246
235000,0.492,0.263,0.245
235500,0.594,0.175,0.231
236000,0.573,0.185,0.242
236500,0.653,0.101,0.247
237000,0.646,0.133,0.222
237500,0.623,0.149,0.228
238000,0.590,0.173,0.236
238500,0.586,0.198,0.217
239000,0.579,0.205,0.216
239500,0.569,0.181,0.250
240000,0.594,0.168,0.239
240500,0.573,0.165,0.263
241000,0.580,0.178,0.242
241500,0.561,0.186,0.254
242000,0.575,0.171,0.254
242500,0.593,0.160,0.247
243000,0.589,0.176,0.235
243500,0.615,0.165,0.221
244000,0.586,0.176,0.237
244500,0.519,0.232,0.249
245000,0.510,0.233,0.257
245500,0.536,0.222,0.243
246000,0.537,0.201,0.261
246500,0.489,0.201,0.310
247000,0.453,0.244,0.303
247500,0.488,0.235,0.277
248000,0.486,0.249,0.265
248500,0.562,0.179,0.259
249000,0.566,0.191,0.243
249500,0.523,0.244,0.233
250000,0.491,0.236,0.274
250500,0.455,0.275,0.270
251000,0.484,0.233,0.283
251500,0.493,0.200,0.307
252000,0.458,0.295,0.248
252500,0.490,0.258,0.253
253000,0.562,0.192,0.246
253500,0.524,0.211,0.265
254000,0.440,0.327,0.233
254500,0.480,0.276,0.244
255000,0.470,0.267,0.263
255500,0.441,0.288,0.271
256000,0.478,0.258,0.264
256500,0.485,0.230,0.285
257000,0.449,0.249,0.302
257500,0.488,0.215,0.297
258000,0.437,0.263,0.300
258500,0.419,0.282,0.299
259000,0.412,0.286,0.302
259500,0.541,0.208,0.251
260000,0.577,0.183,0.240
260500,0.583,0.182,0.235
261000,0.602,0.187,0.211
261500,0.620,0.148,0.232
262000,0.634,0.142,0.224
262500,0.587,0.204,0.209
263000,0.562,0.260,0.179
263500,0.555,0.222,0.222
264000,0.597,0.181,0.222
264500,0.504,0.261,0.235
265000,0.514,0.230,0.256
265500,0.520,0.203,0.277
266000,0.563,0.198,0.239
266500,0.587,0.173,0.240
267000,0.549,0.199,0.251
267500,0.631,0.154,0.215
268000,0.602,0.166,0.231
268500,0.645,0.122,0.233
269000,0.632,0.176,0.192
269500,0.680,0.123,0.197
270000,0.692,0.126,0.183
270500,0.711,0.103,0.186
271000,0.628,0.167,0.205
271500,0.710,0.092,0.198
272000,0.615,0.179,0.206
272500,0.626,0.141,0.233
273000,0.721,0.107,0.172
273500,0.771,0.069,0.160
274000,0.716,0.108,0.176
274500,0.764,0.072,0.164
275000,0.772,0.077,0.151
275500,0.802,0.065,0.133
276000,0.760,0.092,0.148
276500,0.719,0.107,0.174
277000,0.694,0.141,0.164
277500,0.689,0.145,0.166
278000,0.743,0.087,0.170
278500,0.783,0.062,0.155
279000,0.813,0.048,0.140
279500,0.821,0.053,0.126
280000,0.843,0.031,0.126
280500,0.785,0.084,0.132
281000,0.714,0.098,0.188
281500,0.692,0.118,0.190
282000,0.748,0.076,0.176
282500,0.749,0.075,0.177
283000,0.775,0.062,0.163
283500,0.738,0.091,0.171
284000,0.666,0.116,0.218
284500,0.743,0.086,0.171
285000,0.648,0.141,0.211
285500,0.578,0.217,0.205
286000,0.600,0.155,0.245
286500,0.533,0.154,0.314
287000,0.439,0.268,0.292
287500,0.435,0.268,0.297
288000,0.423,0.299,0.279
288500,0.411,0.318,0.271
289000,0.360,0.364,0.276
289500,0.354,0.370,0.276
290000,0.281,0.456,0.264
290500,0.297,0.399,0.303
291000,0.453,0.273,0.274
291500,0.522,0.205,0.273
292000,0.495,0.218,0.286
292500,0.509,0.223,0.268
293000,0.541,0.236,0.222
293500,0.545,0.227,0.228
294000,0.580,0.178,0.242
294500,0.532,0.181,0.287
295000,0.539,0.193,0.268
295500,0.559,0.202,0.239
296000,0.572,0.171,0.257
296500,0.585,0.162,0.253
297000,0.566,0.195,0.239
297500,0.539,0.237,0.224
298000,0.472,0.295,0.233
298500,0.452,0.282,0.267
299000,0.458,0.276,0.266
299500,0.431,0.272,0.297
300000,0.451,0.237,0.313
300500,0.481,0.228,0.291
301000,0.541,0.179,0.280
301500,0.550,0.162,0.288
302000,0.508,0.253,0.240
302500,0.490,0.220,0.290
303000,0.531,0.229,0.239
303500,0.495,0.212,0.293
304000,0.524,0.231,0.246
304500,0.508,0.226,0.266
305000,0.558,0.204,0.237
305500,0.471,0.287,0.242
306000,0.484,0.257,0.260
306500,0.484,0.238,0.278
307000,0.561,0.204,0.235
307500,0.531,0.217,0.252
308000,0.487,0.247,0.265
308500,0.498,0.222,0.279
309000,0.568,0.173,0.259
309500,0.577,0.183,0.240
310000,0.538,0.200,0.262
310500,0.564,0.198,0.237
311000,0.587,0.161,0.251
311500,0.522,0.217,0.261
312000,0.541,0.205,0.254
312500,0.593,0.147,0.260
313000,0.631,0.157,0.212
313500,0.669,0.099,0.232
314000,0.688,0.102,0.210
314500,0.620,0.140,0.239
315000,0.635,0.108,0.257
315500,0.652,0.108,0.240
316000,0.672,0.101,0.227
316500,0.608,0.158,0.235
317000,0.595,0.164,0.241
317500,0.668,0.115,0.217
318000,0.740,0.080,0.180
318500,0.762,0.065,0.173
319000,0.707,0.089,0.204
319500,0.656,0.115,0.229
320000,0.634,0.135,0.231
320500,0.594,0.168,0.239
321000,0.620,0.141,0.239
321500,0.564,0.194,0.242
322000,0.544,0.197,0.259
322500,0.581,0.155,0.263
323000,0.604,0.167,0.229
323500,0.606,0.157,0.237
324000,0.659,0.151,0.189
324500,0.662,0.123,0.215
325000,0.671,0.132,0.197
325500,0.657,0.112,0.231
326000,0.595,0.137,0.268
326500,0.551,0.177,0.272
327000,0.569,0.204,0.228
327500,0.608,0.163,0.229
328000,0.544,0.196,0.260
328500,0.527,0.211,0.263
329000,0.571,0.218,0.211
329500,0.548,0.221,0.231
330000,0.523,0.254,0.223
330500,0.565,0.198,0.237
331000,0.566,0.187,0.247
331500,0.602,0.157,0.242
332000,0.624,0.144,0.232
332500,0.616,0.164,0.220
333000,0.516,0.243,0.240
333500,0.494,0.275,0.231
334000,0.468,0.268,0.264
334500,0.499,0.244,0.257
335000,0.429,0.276,0.295
335500,0.451,0.300,0.250
336000,0.529,0.208,0.263
336500,0.497,0.245,0.258
337000,0.479,0.242,0.279
337500,0.456,0.287,0.257
338000,0.413,0.289,0.298
338500,0.386,0.313,0.302
339000,0.336,0.357,0.306
339500,0.395,0.309,0.296
340000,0.442,0.268,0.289
340500,0.510,0.238,0.252
341000,0.466,0.233,0.300
341500,0.459,0.259,0.282
342000,0.476,0.235,0.289
342500,0.438,0.284,0.278
343000,0.408,0.289,0.303
343500,0.443,0.271,0.286
344000,0.498,0.236,0.267
344500,0.405,0.310,0.285
345000,0.428,0.271,0.300
345500,0.413,0.321,0.266
346000,0.461,0.288,0.251
346500,0.466,0.251,0.283
347000,0.467,0.262,0.271
347500,0.425,0.275,0.299
348000,0.326,0.346,0.328
348500,0.400,0.304,0.296
349000,0.377,0.328,0.295
349500,0.381,0.325,0.294
350000,0.399,0.300,0.301
350500,0.405,0.308,0.288
351000,0.424,0.289,0.287
351500,0.417,0.325,0.258
352000,0.377,0.353,0.269
352500,0.389,0.326,0.285
353000,0.512,0.231,0.257
353500,0.515,0.225,0.260
354000,0.555,0.219,0.226
354500,0.609,0.187,0.204
355000,0.623,0.175,0.202
355500,0.643,0.149,0.208
356000,0.665,0.127,0.207
356500,0.677,0.124,0.199
357000,0.618,0.175,0.207
357500,0.578,0.204,0.218
358000,0.603,0.176,0.221
358500,0.608,0.181,0.211
359000,0.653,0.138,0.209
359500,0.630,0.144,0.226
360000,0.641,0.120,0.239
360500,0.742,0.075,0.183
361000,0.760,0.056,0.184
361500,0.769,0.069,0.162
362000,0.664,0.126,0.210
362500,0.653,0.147,0.201
363000,0.594,0.151,0.256
363500,0.633,0.144,0.224
364000,0.675,0.140,0.185
364500,0.663,0.143,0.194
365000,0.659,0.121,0.220
365500,0.674,0.138,0.188
366000,0.670,0.146,0.184
366500,0.698,0.118,0.183
367000,0.647,0.139,0.214
367500,0.538,0.204,0.258
368000,0.495,0.229,0.276
368500,0.545,0.196,0.260
369000,0.490,0.240,0.269
369500,0.552,0.192,0.256
370000,0.563,0.183,0.254
370500,0.509,0.253,0.238
371000,0.523,0.214,0.263
371500,0.556,0.203,0.240
372000,0.542,0.179,0.279
372500,0.517,0.226,0.256
373000,0.531,0.198,0.271
373500,0.516,0.236,0.247
374000,0.441,0.256,0.303
374500,0.354,0.361,0.285
375000,0.439,0.271,0.289
375500,0.462,0.276,0.262
376000,0.497,0.242,0.261
376500,0.502,0.235,0.263
377000,0.492,0.247,0.260
377500,0.522,0.244,0.234
378000,0.526,0.223,0.251
378500,0.582,0.172,0.246
379000,0.622,0.146,0.232
379500,0.633,0.154,0.212
380000,0.693,0.115,0.192
380500,0.658,0.139,0.203
381000,0.747,0.090,0.163
381500,0.663,0.149,0.188
382000,0.697,0.105,0.197
382500,0.645,0.141,0.214
383000,0.630,0.180,0.189
383500,0.681,0.117,0.202
384000,0.603,0.179,0.218
384500,0.591,0.161,0.249
385000,0.724,0.104,0.172
385500,0.714,0.107,0.180
386000,0.647,0.146,0.207
386500,0.583,0.179,0.238
387000,0.559,0.180,0.261
387500,0.542,0.192,0.266
388000,0.577,0.193,0.231
388500,0.594,0.173,0.232
389000,0.587,0.165,0.247
389500,0.513,0.207,0.280
390000,0.590,0.186,0.224
390500,0.552,0.218,0.231
391000,0.552,0.211,0.237
391500,0.615,0.178,0.207
392000,0.620,0.180,0.200
392500,0.655,0.146,0.199
393000,0.639,0.156,0.205
393500,0.680,0.140,0.180
394000,0.715,0.101,0.185
394500,0.768,0.076,0.155
395000,0.790,0.058,0.153
395500,0.773,0.080,0.147
396000,0.740,0.083,0.177
396500,0.696,0.075,0.229
397000,0.691,0.094,0.215
397500,0.616,0.168,0.216
398000,0.627,0.148,0.225
398500,0.571,0.177,0.252
399000,0.538,0.207,0.256
399500,0.572,0.187,0.241
400000,0.566,0.201,0.232
400500,0.527,0.251,0.222
401000,0.541,0.185,0.274
401500,0.487,0.209,0.304
402000,0.529,0.198,0.273
402500,0.568,0.175,0.258
403000,0.575,0.164,0.261
403500,0.580,0.185,0.235
404000,0.532,0.221,0.247
404500,0.537,0.219,0.243
405000,0.499,0.249,0.252
405500,0.512,0.217,0.271
406000,0.494,0.252,0.254
406500,0.517,0.253,0.231
407000,0.622,0.153,0.225
407500,0.649,0.139,0.212
408000,0.600,0.148,0.253
408500,0.532,0.174,0.294
409000,0.551,0.182,0.267
409500,0.547,0.179,0.274
410000,0.454,0.244,0.302
410500,0.492,0.236,0.272
411000,0.508,0.213,0.279
411500,0.534,0.191,0.275
412000,0.623,0.139,0.239
412500,0.538,0.220,0.242
413000,0.457,0.282,0.261
413500,0.508,0.265,0.228
414000,0.469,0.279,0.251
414500,0.504,0.251,0.244
415000,0.471,0.281,0.248
415500,0.521,0.192,0.287
416000,0.488,0.235,0.278
416500,0.508,0.222,0.269
417000,0.444,0.240,0.316
417500,0.397,0.318,0.285
418000,0.383,0.306,0.311
418500,0.342,0.359,0.300
419000,0.414,0.309,0.277
419500,0.384,0.345,0.272
420000,0.420,0.318,0.262
420500,0.453,0.268,0.278
421000,0.518,0.225,0.257
421500,0.549,0.222,0.229
422000,0.639,0.172,0.190
422500,0.579,0.180,0.241
423000,0.606,0.179,0.215
423500,0.523,0.215,0.263
424000,0.508,0.214,0.278
424500,0.534,0.162,0.303
425000,0.547,0.190,0.263
425500,0.593,0.159,0.248
426000,0.597,0.177,0.226
426500,0.587,0.173,0.240
427000,0.558,0.193,0.249
427500,0.534,0.218,0.248
428000,0.573,0.189,0.239
428500,0.504,0.257,0.239
429000,0.420,0.304,0.276
429500,0.434,0.315,0.251
430000,0.389,0.328,0.282
430500,0.395,0.300,0.306
431000,0.447,0.306,0.247
431500,0.362,0.354,0.283
432000,0.337,0.364,0.299
432500,0.392,0.350,0.257
433000,0.408,0.352,0.240
433500,0.366,0.356,0.278
434000,0.367,0.368,0.264
434500,0.372,0.347,0.281
435000,0.348,0.374,0.278
435500,0.428,0.292,0.280
436000,0.431,0.281,0.288
436500,0.420,0.296,0.284
437000,0.442,0.293,0.265
437500,0.375,0.384,0.242
438000,0.345,0.396,0.260
438500,0.375,0.374,0.250
439000,0.370,0.356,0.274
439500,0.357,0.366,0.278
440000,0.311,0.365,0.324
440500,0.442,0.267,0.291
441000,0.354,0.320,0.325
441500,0.328,0.352,0.320
442000,0.298,0.342,0.360
442500,0.332,0.338,0.330
443000,0.335,0.379,0.286
443500,0.365,0.346,0.289
444000,0.296,0.385,0.318
444500,0.366,0.364,0.270
445000,0.358,0.366,0.276
445500,0.427,0.315,0.258
446000,0.429,0.280,0.291
446500,0.465,0.242,0.293
447000,0.452,0.249,0.299
447500,0.478,0.245,0.277
448000,0.512,0.224,0.264
448500,0.463,0.263,0.275
449000,0.461,0.297,0.242
449500,0.494,0.275,0.231
450000,0.492,0.254,0.254
450500,0.543,0.210,0.247
451000,0.497,0.245,0.258
451500,0.497,0.262,0.241
452000,0.573,0.186,0.241
452500,0.539,0.215,0.246
453000,0.588,0.175,0.237
453500,0.568,0.176,0.257
454000,0.600,0.136,0.265
454500,0.476,0.241,0.283
455000,0.516,0.217,0.267
455500,0.524,0.210,0.266
456000,0.518,0.201,0.281
456500,0.485,0.230,0.285
457000,0.549,0.203,0.248
457500,0.598,0.169,0.232
458000,0.549,0.217,0.234
458500,0.570,0.171,0.258
459000,0.560,0.212,0.228
459500,0.519,0.175,0.306
460000,0.582,0.165,0.253
460500,0.651,0.138,0.211
461000,0.700,0.109,0.190
461500,0.687,0.108,0.205
462000,0.725,0.078,0.197
462500,0.639,0.174,0.187
463000,0.583,0.201,0.216
463500,0.591,0.165,0.244
464000,0.673,0.102,0.225
464500,0.696,0.112,0.192
465000,0.668,0.105,0.227
465500,0.643,0.141,0.215
466000,0.505,0.261,0.234
466500,0.537,0.208,0.256
467000,0.503,0.233,0.264
467500,0.462,0.279,0.260
468000,0.416,0.317,0.267
468500,0.414,0.329,0.257
469000,0.362,0.343,0.295
469500,0.382,0.362,0.256
470000,0.403,0.340,0.257
470500,0.491,0.249,0.260
471000,0.563,0.198,0.239
471500,0.560,0.215,0.225
472000,0.633,0.161,0.207
472500,0.595,0.185,0.220
473000,0.562,0.189,0.249
473500,0.595,0.148,0.256
474000,0.543,0.215,0.242
474500,0.577,0.173,0.250
475000,0.568,0.189,0.244
475500,0.533,0.198,0.269
476000,0.491,0.254,0.256
476500,0.459,0.247,0.293
477000,0.464,0.220,0.316
477500,0.419,0.323,0.258
478000,0.337,0.376,0.287
478500,0.335,0.368,0.297
479000,0.311,0.378,0.311
479500,0.353,0.360,0.286
480000,0.330,0.386,0.284
480500,0.333,0.389,0.278
481000,0.333,0.349,0.318
481500,0.347,0.396,0.256
482000,0.397,0.328,0.275
482500,0.392,0.304,0.304
483000,0.418,0.277,0.305
483500,0.435,0.268,0.296
484000,0.625,0.154,0.221
484500,0.616,0.151,0.233
485000,0.551,0.186,0.263
485500,0.569,0.187,0.244
486000,0.576,0.199,0.225
486500,0.488,0.246,0.265
487000,0.413,0.335,0.252
487500,0.463,0.296,0.241
488000,0.461,0.286,0.253
488500,0.466,0.247,0.288
489000,0.469,0.246,0.286
489500,0.428,0.329,0.243
490000,0.538,0.263,0.200
490500,0.588,0.192,0.219
491000,0.653,0.141,0.206
491500,0.585,0.182,0.233
492000,0.541,0.186,0.272
492500,0.604,0.178,0.218
493000,0.568,0.175,0.258
493500,0.512,0.210,0.279
494000,0.486,0.234,0.280
494500,0.468,0.246,0.286
495000,0.534,0.179,0.287
495500,0.567,0.190,0.243
496000,0.579,0.186,0.235
496500,0.632,0.137,0.231
497000,0.604,0.169,0.228
497500,0.643,0.143,0.215
498000,0.637,0.164,0.200
498500,0.694,0.113,0.193
499000,0.684,0.125,0.192
499500,0.706,0.090,0.204
500000,0.644,0.132,0.225
500500,0.699,0.098,0.203
501000,0.720,0.081,0.198
501500,0.622,0.143,0.235
502000,0.605,0.145,0.250
502500,0.544,0.219,0.237
503000,0.519,0.203,0.278
503500,0.596,0.156,0.248
504000,0.563,0.161,0.276
504500,0.497,0.214,0.289
505000,0.568,0.187,0.246
505500,0.569,0.178,0.253
506000,0.601,0.172,0.227
506500,0.627,0.135,0.237
507000,0.595,0.157,0.248
507500,0.548,0.182,0.270
508000,0.561,0.172,0.268
508500,0.549,0.201,0.250
509000,0.513,0.229,0.258
509500,0.548,0.192,0.260
510000,0.516,0.211,0.273
510500,0.497,0.218,0.285
511000,0.540,0.191,0.269
511500,0.469,0.262,0.269
512000,0.517,0.220,0.263
512500,0.438,0.298,0.264
513000,0.453,0.270,0.276
513500,0.487,0.252,0.261
514000,0.457,0.283,0.260
514500,0.544,0.198,0.258
515000,0.487,0.222,0.290
515500,0.479,0.265,0.256
516000,0.506,0.217,0.277
516500,0.559,0.170,0.271
517000,0.528,0.202,0.270
517500,0.548,0.189,0.263
518000,0.509,0.230,0.261
518500,0.508,0.218,0.274
519000,0.483,0.205,0.312
519500,0.470,0.254,0.276
520000,0.522,0.221,0.257
520500,0.562,0.165,0.272
521000,0.618,0.146,0.236
521500,0.590,0.141,0.269
522000,0.684,0.105,0.211
522500,0.622,0.139,0.240
523000,0.570,0.196,0.234
523500,0.563,0.207,0.229
524000,0.628,0.183,0.189
524500,0.640,0.136,0.225
525000,0.630,0.152,0.218
525500,0.585,0.187,0.228
526000,0.541,0.204,0.254
526500,0.541,0.235,0.224
527000,0.472,0.240,0.288
527500,0.497,0.242,0.261
528000,0.552,0.193,0.255
528500,0.544,0.205,0.251
529000,0.581,0.200,0.218
529500,0.569,0.194,0.237
530000,0.548,0.229,0.224
530500,0.528,0.211,0.261
531000,0.615,0.159,0.226
531500,0.598,0.155,0.247
532000,0.619,0.161,0.220
532500,0.633,0.152,0.215
533000,0.647,0.129,0.224
533500,0.694,0.109,0.197
534000,0.640,0.157,0.203
534500,0.614,0.189,0.197
535000,0.561,0.213,0.226
535500,0.619,0.179,0.202
536000,0.639,0.169,0.192
536500,0.732,0.101,0.168
537000,0.685,0.119,0.196
537500,0.689,0.116,0.195
538000,0.678,0.111,0.211
538500,0.740,0.109,0.150
539000,0.757,0.096,0.147
539500,0.708,0.118,0.174
540000,0.687,0.107,0.205
540500,0.797,0.065,0.137
541000,0.820,0.038,0.141
541500,0.842,0.044,0.115
542000,0.767,0.076,0.158
542500,0.803,0.069,0.128
543000,0.807,0.049,0.144
543500,0.778,0.076,0.146
544000,0.750,0.100,0.151
544500,0.760,0.073,0.168
545000,0.757,0.095,0.148
545500,0.779,0.088,0.132
546000,0.807,0.057,0.136
546500,0.756,0.096,0.148
547000,0.753,0.096,0.151
547500,0.729,0.091,0.179
548000,0.736,0.125,0.139
548500,0.742,0.078,0.180
549000,0.740,0.097,0.163
549500,0.754,0.093,0.153
550000,0.629,0.154,0.217
550500,0.551,0.231,0.218
551000,0.586,0.200,0.214
551500,0.611,0.153,0.236
552000,0.669,0.121,0.210
552500,0.678,0.099,0.224
553000,0.605,0.190,0.205
553500,0.563,0.260,0.178
554000,0.575,0.201,0.225
554500,0.567,0.222,0.211
555000,0.529,0.222,0.250
555500,0.566,0.225,0.208
556000,0.497,0.262,0.241
556500,0.488,0.257,0.254
557000,0.512,0.225,0.263
557500,0.545,0.184,0.271
558000,0.580,0.165,0.255
558500,0.567,0.197,0.236
559000,0.556,0.233,0.211
559500,0.384,0.327,0.289
560000,0.438,0.291,0.271
560500,0.432,0.266,0.302
561000,0.478,0.250,0.272
561500,0.503,0.209,0.288
562000,0.534,0.185,0.281
562500,0.530,0.204,0.265
563000,0.597,0.151,0.253
563500,0.582,0.179,0.239
564000,0.573,0.207,0.220
564500,0.584,0.189,0.227
565000,0.616,0.161,0.224
565500,0.554,0.201,0.246
566000,0.570,0.208,0.222
566500,0.442,0.317,0.242
567000,0.452,0.290,0.258
567500,0.452,0.308,0.240
568000,0.476,0.281,0.243
568500,0.417,0.292,0.291
569000,0.502,0.236,0.262
569500,0.542,0.214,0.244
570000,0.482,0.232,0.286
570500,0.478,0.254,0.267
571000,0.476,0.243,0.281
571500,0.474,0.224,0.302
572000,0.537,0.180,0.282
572500,0.530,0.212,0.257
573000,0.492,0.208,0.300
573500,0.544,0.189,0.267
574000,0.572,0.185,0.243
574500,0.581,0.175,0.244
575000,0.641,0.146,0.214
575500,0.575,0.186,0.240
576000,0.592,0.155,0.253
576500,0.566,0.168,0.266
577000,0.554,0.191,0.256
577500,0.555,0.162,0.283
578000,0.619,0.151,0.230
578500,0.597,0.184,0.219
579000,0.569,0.201,0.231
579500,0.562,0.192,0.247
580000,0.492,0.257,0.250
580500,0.424,0.278,0.298
581000,0.508,0.232,0.260
581500,0.485,0.196,0.320
582000,0.533,0.200,0.267
582500,0.458,0.270,0.272
583000,0.482,0.256,0.263
583500,0.423,0.329,0.247
584000,0.332,0.400,0.268
584500,0.330,0.379,0.291
585000,0.435,0.267,0.297
585500,0.459,0.274,0.267
586000,0.464,0.294,0.242
586500,0.384,0.332,0.284
587000,0.430,0.316,0.254
587500,0.471,0.281,0.248
588000,0.522,0.264,0.215
588500,0.452,0.282,0.266
589000,0.462,0.259,0.279
589500,0.425,0.293,0.282
590000,0.421,0.334,0.246
590500,0.482,0.271,0.247
591000,0.420,0.315,0.265
591500,0.361,0.338,0.301
592000,0.406,0.298,0.296
592500,0.379,0.342,0.279
593000,0.359,0.372,0.269
593500,0.313,0.372,0.315
594000,0.332,0.378,0.290
594500,0.350,0.360,0.290
595000,0.338,0.365,0.297
595500,0.361,0.327,0.313
596000,0.350,0.338,0.312
596500,0.304,0.407,0.289
597000,0.453,0.312,0.235
597500,0.408,0.327,0.265
598000,0.426,0.315,0.259
598500,0.471,0.236,0.293
599000,0.563,0.179,0.257
599500,0.486,0.237,0.276
600000,0.450,0.273,0.277
600500,0.403,0.344,0.253
601000,0.449,0.276,0.274
601500,0.441,0.283,0.276
602000,0.425,0.278,0.296
602500,0.547,0.179,0.275
603000,0.526,0.188,0.286
603500,0.526,0.183,0.290
604000,0.534,0.205,0.260
604500,0.556,0.162,0.281
605000,0.506,0.221,0.272
605500,0.494,0.211,0.295
606000,0.522,0.214,0.264
606500,0.589,0.157,0.254
607000,0.640,0.133,0.226
607500,0.668,0.110,0.222
608000,0.708,0.070,0.222
608500,0.742,0.076,0.182
609000,0.689,0.112,0.199
609500,0.709,0.103,0.188
610000,0.740,0.097,0.164
610500,0.770,0.075,0.155
611000,0.733,0.100,0.167
611500,0.685,0.104,0.212
612000,0.676,0.125,0.199
612500,0.665,0.127,0.208
613000,0.708,0.098,0.194
613500,0.660,0.127,0.212
614000,0.700,0.109,0.190
614500,0.726,0.088,0.186
615000,0.765,0.080,0.155
615500,0.819,0.052,0.129
616000,0.846,0.033,0.120
616500,0.815,0.049,0.136
617000,0.827,0.054,0.119
617500,0.857,0.044,0.099
618000,0.909,0.022,0.069
618500,0.893,0.019,0.087
619000,0.862,0.045,0.093
619500,0.840,0.061,0.100
620000,0.847,0.051,0.102
620500,0.873,0.023,0.104
621000,0.896,0.019,0.086
621500,0.867,0.030,0.103
622000,0.913,0.017,0.070
622500,0.930,0.009,0.061
623000,0.904,0.028,0.068
623500,0.916,0.016,0.068
624000,0.932,0.012,0.055
624500,0.943,0.009,0.048
625000,0.950,0.014,0.036
625500,0.944,0.010,0.045
626000,0.962,0.006,0.032
626500,0.967,0.005,0.028
627000,0.945,0.017,0.038
627500,0.951,0.006,0.042
628000,0.964,0.005,0.031
628500,0.872,0.037,0.091
629000,0.861,0.037,0.101
629500,0.864,0.038,0.098
630000,0.761,0.111,0.129
630500,0.773,0.072,0.155
631000,0.764,0.083,0.153
631500,0.737,0.133,0.130
632000,0.755,0.114,0.132
632500,0.715,0.119,0.165
633000,0.716,0.116,0.168
633500,0.674,0.119,0.207
634000,0.672,0.133,0.195
634500,0.631,0.144,0.225
635000,0.659,0.146,0.196
635500,0.700,0.114,0.186
636000,0.675,0.116,0.209
636500,0.561,0.214,0.225
637000,0.477,0.246,0.276
637500,0.487,0.278,0.235
638000,0.471,0.240,0.289
638500,0.513,0.243,0.244
639000,0.444,0.274,0.282
639500,0.425,0.316,0.259
640000,0.428,0.312,0.260
640500,0.384,0.364,0.252
641000,0.423,0.320,0.257
641500,0.377,0.328,0.295
642000,0.322,0.400,0.277
642500,0.372,0.363,0.265
643000,0.388,0.351,0.261
643500,0.352,0.386,0.261
644000,0.414,0.309,0.277
644500,0.431,0.333,0.236
645000,0.407,0.339,0.253
645500,0.439,0.281,0.280
646000,0.480,0.247,0.274
646500,0.507,0.244,0.249
647000,0.496,0.247,0.257
647500,0.479,0.271,0.250
648000,0.417,0.322,0.261
648500,0.412,0.286,0.302
649000,0.393,0.329,0.278
649500,0.373,0.358,0.269
650000,0.403,0.359,0.237
650500,0.473,0.271,0.256
651000,0.414,0.320,0.265
651500,0.431,0.300,0.269
652000,0.446,0.274,0.279
652500,0.463,0.250,0.286
653000,0.361,0.362,0.277
653500,0.346,0.375,0.279
654000,0.367,0.368,0.265
654500,0.372,0.372,0.256
655000,0.474,0.259,0.267
655500,0.410,0.314,0.276
656000,0.453,0.270,0.277
656500,0.465,0.241,0.294
657000,0.417,0.297,0.285
657500,0.463,0.253,0.284
658000,0.411,0.299,0.290
658500,0.391,0.360,0.249
659000,0.440,0.258,0.302
659500,0.408,0.322,0.269
660000,0.388,0.350,0.261
660500,0.480,0.241,0.279
661000,0.539,0.182,0.279
661500,0.533,0.187,0.280
662000,0.554,0.195,0.251
662500,0.476,0.224,0.300
663000,0.486,0.219,0.295
663500,0.464,0.211,0.325
664000,0.522,0.193,0.285
664500,0.508,0.250,0.243
665000,0.534,0.217,0.249
665500,0.580,0.197,0.222
666000,0.593,0.168,0.239
666500,0.575,0.193,0.233
667000,0.565,0.197,0.238
667500,0.603,0.132,0.265
668000,0.537,0.180,0.282
668500,0.619,0.163,0.218
669000,0.624,0.161,0.215
669500,0.776,0.080,0.143
670000,0.822,0.054,0.125
670500,0.764,0.080,0.157
671000,0.732,0.095,0.172
671500,0.718,0.097,0.185
672000,0.769,0.070,0.160
672500,0.762,0.081,0.157
673000,0.797,0.075,0.129
673500,0.820,0.056,0.125
674000,0.846,0.042,0.112
674500,0.813,0.062,0.125
675000,0.838,0.047,0.116
675500,0.873,0.043,0.084
676000,0.841,0.049,0.110
676500,0.832,0.048,0.119
677000,0.797,0.065,0.137
677500,0.785,0.071,0.144
678000,0.700,0.136,0.164
678500,0.732,0.111,0.157
679000,0.735,0.084,0.181
679500,0.698,0.112,0.190
680000,0.708,0.095,0.197
680500,0.687,0.099,0.214
681000,0.594,0.148,0.258
681500,0.609,0.129,0.261
682000,0.583,0.175,0.242
682500,0.594,0.193,0.213
683000,0.601,0.182,0.217
683500,0.602,0.150,0.247
684000,0.533,0.219,0.248
684500,0.612,0.156,0.232
685000,0.554,0.193,0.253
685500,0.573,0.182,0.246
686000,0.607,0.146,0.247
686500,0.686,0.134,0.180
687000,0.665,0.141,0.193
687500,0.611,0.175,0.215
688000,0.658,0.125,0.218
688500,0.682,0.130,0.188
689000,0.703,0.109,0.188
689500,0.718,0.096,0.186
690000,0.750,0.080,0.169
690500,0.725,0.116,0.159
691000,0.730,0.102,0.168
691500,0.678,0.145,0.178
692000,0.685,0.108,0.208
692500,0.661,0.116,0.224
693000,0.713,0.109,0.178
693500,0.665,0.131,0.204
694000,0.594,0.192,0.215
694500,0.593,0.157,0.251
695000,0.562,0.180,0.258
695500,0.486,0.255,0.259
696000,0.429,0.280,0.291
696500,0.454,0.278,0.268
697000,0.456,0.219,0.325
697500,0.527,0.183,0.290
698000,0.531,0.175,0.295
698500,0.470,0.221,0.309
699000,0.513,0.240,0.247
699500,0.478,0.281,0.241
700000,0.463,0.269,0.268
700500,0.456,0.246,0.298
701000,0.499,0.257,0.244
701500,0.520,0.229,0.251
702000,0.484,0.254,0.263
702500,0.506,0.234,0.260
703000,0.441,0.279,0.279
703500,0.478,0.257,0.265
704000,0.477,0.229,0.293
704500,0.446,0.249,0.306
705000,0.424,0.257,0.319
705500,0.445,0.251,0.304
706000,0.458,0.271,0.271
706500,0.490,0.243,0.267
707000,0.424,0.263,0.313
707500,0.438,0.293,0.269
708000,0.510,0.208,0.281
708500,0.451,0.244,0.305
709000,0.371,0.328,0.301
709500,0.455,0.262,0.283
710000,0.492,0.226,0.282
710500,0.521,0.222,0.257
711000,0.471,0.250,0.279
711500,0.457,0.251,0.292
712000,0.501,0.231,0.268
712500,0.492,0.221,0.287
713000,0.430,0.268,0.302
713500,0.531,0.205,0.264
714000,0.487,0.233,0.280
714500,0.462,0.259,0.279
715000,0.394,0.293,0.313
715500,0.432,0.272,0.296
716000,0.412,0.292,0.296
716500,0.424,0.300,0.275
717000,0.401,0.351,0.248
717500,0.440,0.293,0.267
718000,0.448,0.282,0.270
718500,0.506,0.233,0.261
719000,0.487,0.247,0.265
719500,0.531,0.206,0.263
720000,0.556,0.216,0.228
720500,0.508,0.241,0.251
721000,0.481,0.271,0.247
721500,0.462,0.275,0.263
722000,0.463,0.247,0.290
722500,0.448,0.232,0.320
723000,0.495,0.244,0.261
723500,0.449,0.283,0.267
724000,0.444,0.269,0.287
724500,0.349,0.321,0.330
725000,0.407,0.315,0.278
725500,0.490,0.245,0.265
726000,0.445,0.317,0.238
726500,0.477,0.269,0.254
727000,0.424,0.283,0.292
727500,0.391,0.324,0.285
728000,0.378,0.350,0.272
728500,0.320,0.381,0.299
729000,0.431,0.299,0.271
729500,0.434,0.244,0.321
730000,0.407,0.299,0.293
730500,0.409,0.311,0.281
731000,0.292,0.398,0.311
731500,0.311,0.386,0.303
732000,0.367,0.366,0.267
732500,0.374,0.347,0.278
733000,0.405,0.309,0.286
733500,0.426,0.311,0.263
734000,0.458,0.258,0.284
734500,0.495,0.252,0.253
735000,0.467,0.282,0.251
735500,0.483,0.268,0.249
736000,0.436,0.265,0.299
736500,0.585,0.173,0.242
737000,0.545,0.203,0.252
737500,0.524,0.253,0.224
738000,0.600,0.176,0.224
738500,0.615,0.155,0.229
739000,0.569,0.196,0.236
739500,0.602,0.170,0.228
740000,0.661,0.107,0.233
740500,0.662,0.113,0.225
741000,0.673,0.153,0.175
741500,0.660,0.129,0.211
742000,0.641,0.130,0.229
742500,0.724,0.099,0.177
743000,0.758,0.079,0.163
743500,0.757,0.073,0.169
744000,0.714,0.075,0.211
744500,0.724,0.087,0.189
745000,0.713,0.097,0.190
745500,0.676,0.109,0.215
746000,0.622,0.162,0.215
746500,0.562,0.194,0.244
747000,0.577,0.161,0.262
747500,0.662,0.118,0.219
748000,0.688,0.082,0.230
748500,0.692,0.102,0.205
749000,0.705,0.092,0.203
749500,0.766,0.070,0.164
750000,0.754,0.075,0.171
750500,0.778,0.055,0.166
751000,0.746,0.101,0.153
751500,0.684,0.094,0.222
752000,0.707,0.109,0.184
752500,0.768,0.078,0.154
753000,0.779,0.061,0.160
753500,0.795,0.051,0.154
754000,0.809,0.068,0.123
754500,0.789,0.060,0.151
755000,0.778,0.064,0.158
755500,0.728,0.085,0.187
756000,0.698,0.121,0.181
756500,0.712,0.107,0.181
757000,0.709,0.129,0.162
757500,0.736,0.102,0.161
758000,0.715,0.115,0.171
758500,0.630,0.164,0.207
759000,0.648,0.138,0.214
759500,0.591,0.176,0.233
760000,0.586,0.197,0.217
760500,0.538,0.212,0.250
761000,0.452,0.300,0.248
761500,0.524,0.212,0.264
762000,0.523,0.219,0.258
762500,0.526,0.218,0.256
763000,0.516,0.228,0.256
763500,0.414,0.334,0.252
764000,0.397,0.325,0.278
764500,0.481,0.235,0.284
765000,0.495,0.262,0.243
765500,0.425,0.280,0.295
766000,0.409,0.350,0.241
766500,0.413,0.312,0.275
767000,0.426,0.290,0.284
767500,0.431,0.263,0.307
768000,0.406,0.317,0.278
768500,0.442,0.290,0.268
769000,0.416,0.297,0.287
769500,0.416,0.293,0.292
770000,0.472,0.226,0.302
770500,0.482,0.224,0.294
771000,0.444,0.264,0.293
771500,0.501,0.235,0.265
772000,0.488,0.211,0.301
772500,0.451,0.256,0.293
773000,0.458,0.239,0.303
773500,0.476,0.226,0.298
774000,0.457,0.252,0.291
774500,0.459,0.255,0.286
775000,0.545,0.176,0.279
775500,0.537,0.189,0.275
776000,0.548,0.177,0.275
776500,0.508,0.209,0.283
777000,0.474,0.226,0.300
777500,0.456,0.236,0.308
778000,0.396,0.304,0.300
778500,0.418,0.296,0.286
779000,0.364,0.307,0.329
779500,0.336,0.386,0.277
780000,0.397,0.313,0.290
780500,0.452,0.230,0.318
781000,0.405,0.293,0.302
781500,0.393,0.306,0.301
782000,0.406,0.318,0.275
782500,0.380,0.324,0.296
783000,0.414,0.338,0.249
783500,0.352,0.338,0.310
784000,0.378,0.334,0.288
784500,0.403,0.306,0.292
785000,0.410,0.341,0.249
785500,0.343,0.310,0.347
786000,0.359,0.368,0.273
786500,0.360,0.323,0.317
787000,0.335,0.338,0.327
787500,0.365,0.304,0.331
788000,0.368,0.323,0.308
788500,0.444,0.290,0.265
789000,0.418,0.285,0.297
789500,0.425,0.285,0.289
790000,0.381,0.324,0.295
790500,0.406,0.325,0.269
791000,0.423,0.288,0.289
791500,0.351,0.323,0.326
792000,0.392,0.328,0.280
792500,0.448,0.277,0.275
793000,0.483,0.237,0.280
793500,0.483,0.253,0.265
794000,0.441,0.302,0.257
794500,0.434,0.289,0.278
795000,0.412,0.297,0.290
795500,0.407,0.281,0.312
796000,0.435,0.291,0.274
796500,0.426,0.256,0.318
797000,0.447,0.270,0.283
797500,0.467,0.266,0.267
798000,0.423,0.275,0.302
798500,0.448,0.272,0.280
799000,0.433,0.308,0.258
799500,0.467,0.231,0.302
800000,0.578,0.190,0.232
800500,0.559,0.210,0.231
801000,0.607,0.180,0.213
801500,0.574,0.196,0.231
802000,0.593,0.170,0.237
802500,0.574,0.187,0.239
803000,0.548,0.222,0.231
803500,0.563,0.189,0.248
