time,n_A+p,n_B,n_AB
500,0.050,0.462,0.488
1000,0.050,0.435,0.515
1500,0.050,0.261,0.689
2000,0.050,0.424,0.526
2500,0.050,0.404,0.546
3000,0.050,0.398,0.552
3500,0.050,0.217,0.733
4000,0.050,0.384,0.566
4500,0.050,0.337,0.613
5000,0.050,0.371,0.579
5500,0.050,0.300,0.650
6000,0.050,0.334,0.616
6500,0.050,0.418,0.532
7000,0.050,0.214,0.736
7500,0.050,0.291,0.659
8000,0.050,0.333,0.617
8500,0.050,0.394,0.556
9000,0.050,0.512,0.438
9500,0.050,0.391,0.559
10000,0.050,0.433,0.517
10500,0.050,0.352,0.598
11000,0.050,0.215,0.735
11500,0.050,0.419,0.531
12000,0.050,0.477,0.473
12500,0.050,0.368,0.582
13000,0.050,0.202,0.748
13500,0.050,0.258,0.692
14000,0.056,0.202,0.742
14500,0.050,0.347,0.603
15000,0.050,0.413,0.537
15500,0.050,0.314,0.636
16000,0.050,0.366,0.584
16500,0.050,0.307,0.643
17000,0.050,0.381,0.569
17500,0.050,0.246,0.704
18000,0.050,0.431,0.519
18500,0.050,0.383,0.567
19000,0.050,0.342,0.608
19500,0.050,0.430,0.520
20000,0.050,0.283,0.667
20500,0.050,0.256,0.694
21000,0.050,0.454,0.496
21500,0.050,0.384,0.566
22000,0.050,0.400,0.550
22500,0.050,0.303,0.647
23000,0.050,0.301,0.649
23500,0.050,0.341,0.609
24000,0.050,0.285,0.665
24500,0.050,0.430,0.520
25000,0.050,0.382,0.568
25500,0.050,0.439,0.511
26000,0.050,0.600,0.350
26500,0.050,0.362,0.588
27000,0.050,0.330,0.620
27500,0.050,0.372,0.578
28000,0.050,0.350,0.600
28500,0.050,0.286,0.664
29000,0.050,0.364,0.586
29500,0.050,0.423,0.527
30000,0.050,0.370,0.580
30500,0.053,0.232,0.715
31000,0.050,0.186,0.764
31500,0.050,0.488,0.462
32000,0.050,0.340,0.610
32500,0.050,0.384,0.566
33000,0.050,0.408,0.542
33500,0.050,0.317,0.633
34000,0.050,0.240,0.710
34500,0.050,0.308,0.642
35000,0.053,0.268,0.679
35500,0.050,0.377,0.573
36000,0.050,0.400,0.550
36500,0.052,0.264,0.684
37000,0.050,0.229,0.721
37500,0.050,0.354,0.596
38000,0.050,0.386,0.564
38500,0.050,0.476,0.474
39000,0.050,0.228,0.722
39500,0.050,0.281,0.669
40000,0.050,0.487,0.463
40500,0.050,0.517,0.433
41000,0.050,0.429,0.521
41500,0.050,0.339,0.611
42000,0.050,0.426,0.524
42500,0.050,0.401,0.549
43000,0.050,0.391,0.559
43500,0.050,0.417,0.533
44000,0.050,0.425,0.525
44500,0.050,0.487,0.463
45000,0.050,0.303,0.647
45500,0.050,0.433,0.517
46000,0.050,0.429,0.521
46500,0.050,0.338,0.612
47000,0.050,0.320,0.630
47500,0.050,0.338,0.612
48000,0.050,0.351,0.599
48500,0.050,0.252,0.698
49000,0.050,0.469,0.481
49500,0.050,0.480,0.470
50000,0.050,0.285,0.665
50500,0.050,0.298,0.652
51000,0.050,0.308,0.642
51500,0.050,0.282,0.668
52000,0.050,0.241,0.709
52500,0.050,0.422,0.528
53000,0.050,0.310,0.640
53500,0.050,0.440,0.510
54000,0.050,0.407,0.543
54500,0.050,0.412,0.538
55000,0.050,0.481,0.469
55500,0.051,0.346,0.603
56000,0.050,0.336,0.614
56500,0.050,0.282,0.668
57000,0.050,0.343,0.607
57500,0.050,0.274,0.676
58000,0.050,0.473,0.477
58500,0.050,0.426,0.524
59000,0.050,0.397,0.553
59500,0.068,0.296,0.636
60000,0.050,0.308,0.642
60500,0.050,0.321,0.629
61000,0.050,0.274,0.676
61500,0.050,0.401,0.549
62000,0.050,0.380,0.570
62500,0.050,0.377,0.573
63000,0.051,0.286,0.663
63500,0.050,0.420,0.530
64000,0.050,0.342,0.608
64500,0.050,0.434,0.516
65000,0.050,0.333,0.617
65500,0.050,0.357,0.593
66000,0.050,0.369,0.581
66500,0.050,0.454,0.496
67000,0.050,0.317,0.633
67500,0.050,0.313,0.637
68000,0.050,0.276,0.674
68500,0.050,0.376,0.574
69000,0.050,0.276,0.674
69500,0.050,0.419,0.531
70000,0.050,0.243,0.707
70500,0.050,0.340,0.610
71000,0.050,0.415,0.535
71500,0.050,0.341,0.609
72000,0.050,0.215,0.735
72500,0.061,0.162,0.777
73000,0.938,0.000,0.062
73500,1.000,0.000,0.000
