time,n_A+p,n_B,n_AB
500,0.050,0.346,0.604
1000,0.050,0.230,0.720
1500,0.050,0.280,0.670
2000,0.050,0.256,0.694
2500,0.050,0.302,0.648
3000,0.050,0.319,0.631
3500,0.050,0.316,0.634
4000,0.050,0.242,0.708
4500,0.050,0.225,0.725
5000,0.050,0.388,0.562
5500,0.050,0.374,0.576
6000,0.050,0.142,0.808
6500,0.050,0.279,0.671
7000,0.050,0.308,0.642
7500,0.050,0.296,0.654
8000,0.050,0.228,0.722
8500,0.050,0.310,0.640
9000,0.050,0.422,0.528
9500,0.050,0.283,0.667
10000,0.052,0.284,0.664
10500,0.051,0.300,0.649
11000,0.050,0.270,0.680
11500,0.050,0.242,0.708
12000,0.050,0.268,0.682
12500,0.061,0.158,0.781
13000,0.050,0.274,0.676
13500,0.050,0.293,0.657
14000,0.050,0.346,0.604
14500,0.062,0.223,0.715
15000,0.050,0.314,0.636
15500,0.052,0.243,0.705
16000,0.050,0.373,0.577
16500,0.050,0.305,0.645
17000,0.050,0.361,0.589
17500,0.050,0.300,0.650
18000,0.050,0.229,0.721
18500,0.050,0.374,0.576
19000,0.065,0.182,0.753
19500,0.053,0.284,0.663
20000,0.050,0.252,0.698
20500,0.050,0.319,0.631
21000,0.050,0.299,0.651
21500,0.050,0.251,0.699
22000,0.050,0.389,0.561
22500,0.050,0.243,0.707
23000,0.050,0.265,0.685
23500,0.050,0.309,0.641
24000,0.050,0.266,0.684
24500,0.050,0.236,0.714
25000,0.050,0.323,0.627
25500,0.050,0.375,0.575
26000,0.050,0.308,0.642
26500,0.050,0.236,0.714
27000,0.050,0.245,0.705
27500,0.066,0.203,0.731
28000,0.050,0.311,0.639
28500,0.050,0.333,0.617
29000,0.050,0.270,0.680
29500,0.050,0.269,0.681
30000,0.054,0.199,0.747
30500,0.051,0.295,0.654
31000,0.050,0.336,0.614
31500,0.069,0.184,0.747
32000,0.513,0.004,0.483
32500,0.934,0.000,0.066
33000,0.983,0.000,0.017
33500,0.999,0.000,0.001
34000,1.000,0.000,0.000
