time,n_A+p,n_B,n_AB
500,0.030,0.914,0.055
1000,0.030,0.801,0.169
1500,0.030,0.667,0.303
2000,0.030,0.496,0.473
2500,0.033,0.374,0.594
3000,0.033,0.259,0.709
3500,0.041,0.165,0.794
4000,0.048,0.101,0.852
4500,0.061,0.085,0.854
5000,0.069,0.068,0.863
5500,0.090,0.051,0.860
6000,0.069,0.066,0.866
6500,0.084,0.073,0.844
7000,0.075,0.046,0.879
7500,0.085,0.037,0.878
8000,0.100,0.060,0.840
8500,0.082,0.046,0.872
9000,0.091,0.033,0.877
9500,0.088,0.032,0.881
10000,0.078,0.045,0.877
10500,0.089,0.037,0.873
11000,0.090,0.037,0.872
11500,0.110,0.029,0.861
12000,0.108,0.031,0.860
12500,0.114,0.032,0.854
13000,0.116,0.035,0.849
13500,0.102,0.024,0.873
14000,0.093,0.037,0.870
14500,0.076,0.033,0.891
15000,0.072,0.034,0.894
15500,0.071,0.034,0.895
16000,0.077,0.037,0.885
16500,0.095,0.031,0.874
17000,0.102,0.035,0.863
17500,0.097,0.031,0.872
18000,0.088,0.041,0.871
18500,0.105,0.033,0.863
19000,0.117,0.031,0.852
19500,0.112,0.032,0.856
20000,0.110,0.045,0.845
20500,0.100,0.041,0.860
21000,0.105,0.026,0.869
21500,0.088,0.034,0.878
22000,0.095,0.030,0.875
22500,0.087,0.033,0.879
23000,0.081,0.050,0.869
23500,0.082,0.059,0.859
24000,0.075,0.041,0.884
24500,0.077,0.038,0.884
25000,0.086,0.036,0.878
25500,0.084,0.038,0.878
26000,0.089,0.035,0.876
26500,0.092,0.023,0.885
27000,0.121,0.034,0.845
27500,0.118,0.031,0.851
28000,0.112,0.038,0.850
28500,0.083,0.039,0.878
29000,0.087,0.051,0.861
29500,0.084,0.050,0.867
30000,0.084,0.049,0.867
30500,0.084,0.032,0.884
31000,0.087,0.041,0.872
31500,0.101,0.042,0.858
32000,0.101,0.041,0.858
32500,0.080,0.064,0.857
33000,0.090,0.051,0.859
33500,0.078,0.044,0.878
34000,0.070,0.043,0.886
34500,0.076,0.041,0.884
35000,0.090,0.040,0.870
35500,0.090,0.036,0.873
36000,0.102,0.042,0.857
36500,0.090,0.042,0.868
37000,0.086,0.028,0.887
37500,0.070,0.045,0.885
38000,0.088,0.045,0.867
38500,0.092,0.029,0.880
39000,0.086,0.043,0.870
39500,0.061,0.045,0.894
40000,0.070,0.033,0.897
40500,0.115,0.022,0.863
41000,0.099,0.028,0.873
41500,0.089,0.038,0.873
42000,0.100,0.032,0.869
42500,0.107,0.032,0.861
43000,0.102,0.022,0.876
43500,0.095,0.031,0.874
44000,0.097,0.048,0.855
44500,0.073,0.052,0.875
45000,0.072,0.045,0.882
45500,0.073,0.042,0.885
46000,0.070,0.052,0.878
46500,0.067,0.046,0.887
47000,0.065,0.035,0.901
47500,0.085,0.037,0.878
48000,0.078,0.024,0.899
48500,0.100,0.038,0.862
49000,0.102,0.043,0.856
49500,0.093,0.047,0.860
50000,0.088,0.048,0.865
50500,0.087,0.045,0.867
51000,0.070,0.043,0.887
51500,0.091,0.038,0.870
52000,0.084,0.047,0.869
52500,0.115,0.035,0.850
53000,0.098,0.024,0.879
53500,0.106,0.028,0.866
54000,0.092,0.030,0.878
54500,0.097,0.031,0.872
55000,0.089,0.015,0.896
55500,0.093,0.033,0.875
56000,0.089,0.036,0.875
56500,0.086,0.049,0.866
57000,0.082,0.043,0.875
57500,0.087,0.060,0.852
58000,0.086,0.040,0.875
58500,0.082,0.020,0.898
59000,0.081,0.021,0.899
59500,0.114,0.024,0.862
60000,0.098,0.029,0.874
60500,0.093,0.041,0.866
61000,0.103,0.035,0.862
61500,0.114,0.042,0.844
62000,0.100,0.049,0.851
62500,0.074,0.059,0.867
63000,0.090,0.049,0.860
63500,0.091,0.040,0.870
64000,0.093,0.035,0.872
64500,0.099,0.047,0.854
65000,0.092,0.051,0.856
65500,0.077,0.041,0.881
66000,0.092,0.035,0.872
66500,0.110,0.037,0.853
67000,0.102,0.043,0.855
67500,0.100,0.035,0.865
68000,0.108,0.041,0.850
68500,0.100,0.028,0.873
69000,0.107,0.035,0.858
69500,0.082,0.049,0.870
70000,0.108,0.049,0.842
70500,0.082,0.035,0.883
71000,0.083,0.044,0.873
71500,0.087,0.040,0.874
72000,0.088,0.046,0.865
72500,0.107,0.035,0.858
73000,0.102,0.041,0.856
73500,0.090,0.047,0.862
74000,0.111,0.038,0.851
74500,0.093,0.041,0.865
75000,0.088,0.042,0.869
75500,0.080,0.048,0.872
76000,0.069,0.058,0.874
76500,0.066,0.058,0.876
77000,0.071,0.053,0.876
77500,0.080,0.048,0.872
78000,0.101,0.057,0.842
78500,0.116,0.038,0.846
79000,0.106,0.029,0.865
79500,0.095,0.045,0.860
80000,0.115,0.043,0.842
80500,0.112,0.021,0.867
81000,0.105,0.033,0.861
81500,0.099,0.028,0.874
82000,0.072,0.037,0.891
82500,0.104,0.041,0.856
83000,0.103,0.034,0.863
83500,0.109,0.039,0.852
84000,0.104,0.045,0.851
84500,0.100,0.038,0.862
85000,0.100,0.041,0.860
85500,0.095,0.033,0.872
86000,0.100,0.026,0.874
86500,0.101,0.035,0.864
87000,0.106,0.040,0.853
87500,0.088,0.044,0.867
88000,0.090,0.043,0.867
88500,0.082,0.042,0.877
89000,0.092,0.040,0.868
89500,0.096,0.048,0.857
90000,0.094,0.042,0.865
90500,0.095,0.043,0.863
91000,0.086,0.050,0.865
91500,0.072,0.046,0.881
92000,0.092,0.037,0.871
92500,0.106,0.032,0.861
93000,0.118,0.030,0.851
93500,0.117,0.022,0.861
94000,0.112,0.030,0.858
94500,0.100,0.035,0.865
95000,0.099,0.036,0.865
95500,0.086,0.044,0.869
96000,0.073,0.035,0.892
96500,0.087,0.042,0.872
97000,0.088,0.043,0.870
97500,0.090,0.042,0.868
98000,0.086,0.043,0.871
98500,0.084,0.039,0.877
99000,0.074,0.039,0.887
99500,0.082,0.064,0.855
100000,0.072,0.052,0.876
100500,0.092,0.049,0.860
101000,0.082,0.045,0.873
101500,0.093,0.045,0.862
102000,0.089,0.035,0.875
102500,0.098,0.028,0.874
103000,0.096,0.014,0.890
103500,0.101,0.029,0.870
104000,0.095,0.029,0.877
104500,0.087,0.037,0.876
105000,0.087,0.042,0.871
105500,0.102,0.054,0.844
106000,0.091,0.041,0.869
106500,0.099,0.040,0.861
107000,0.092,0.044,0.863
107500,0.083,0.038,0.879
108000,0.086,0.050,0.864
108500,0.082,0.065,0.853
109000,0.079,0.048,0.874
109500,0.096,0.044,0.860
110000,0.091,0.041,0.868
110500,0.090,0.040,0.871
111000,0.080,0.029,0.891
111500,0.092,0.035,0.873
112000,0.092,0.041,0.866
112500,0.106,0.036,0.857
113000,0.099,0.041,0.860
113500,0.095,0.044,0.861
114000,0.111,0.046,0.843
114500,0.113,0.036,0.851
115000,0.116,0.046,0.838
115500,0.116,0.045,0.839
116000,0.111,0.036,0.853
116500,0.114,0.026,0.860
117000,0.115,0.029,0.856
117500,0.098,0.028,0.874
118000,0.090,0.022,0.887
118500,0.091,0.025,0.883
119000,0.105,0.044,0.851
119500,0.088,0.035,0.878
120000,0.084,0.025,0.892
120500,0.092,0.033,0.876
121000,0.082,0.043,0.875
121500,0.089,0.034,0.876
122000,0.102,0.031,0.867
122500,0.093,0.032,0.875
123000,0.084,0.038,0.878
123500,0.084,0.029,0.887
124000,0.103,0.027,0.869
124500,0.108,0.034,0.858
125000,0.108,0.040,0.851
125500,0.117,0.028,0.856
126000,0.103,0.033,0.864
126500,0.096,0.031,0.873
127000,0.090,0.026,0.884
127500,0.106,0.021,0.873
128000,0.109,0.029,0.862
128500,0.120,0.027,0.852
129000,0.106,0.024,0.870
129500,0.094,0.024,0.882
130000,0.085,0.041,0.874
130500,0.100,0.041,0.860
131000,0.087,0.057,0.857
131500,0.085,0.046,0.869
132000,0.093,0.043,0.863
132500,0.091,0.044,0.865
133000,0.103,0.042,0.854
133500,0.118,0.036,0.845
134000,0.085,0.037,0.878
134500,0.085,0.032,0.883
135000,0.097,0.029,0.874
135500,0.091,0.041,0.868
136000,0.094,0.038,0.868
136500,0.099,0.042,0.859
137000,0.106,0.047,0.846
137500,0.096,0.045,0.859
138000,0.097,0.042,0.861
138500,0.096,0.035,0.869
139000,0.085,0.022,0.893
139500,0.115,0.038,0.847
140000,0.091,0.041,0.869
140500,0.084,0.042,0.874
141000,0.068,0.045,0.887
141500,0.071,0.035,0.893
142000,0.083,0.036,0.881
142500,0.062,0.047,0.890
143000,0.073,0.043,0.884
143500,0.080,0.037,0.883
144000,0.077,0.039,0.884
144500,0.088,0.035,0.877
145000,0.084,0.035,0.881
145500,0.082,0.040,0.878
146000,0.102,0.037,0.861
146500,0.104,0.024,0.872
147000,0.097,0.020,0.883
147500,0.097,0.038,0.865
148000,0.110,0.033,0.857
148500,0.096,0.024,0.880
149000,0.092,0.036,0.871
149500,0.099,0.047,0.854
150000,0.097,0.036,0.867
150500,0.073,0.044,0.882
151000,0.087,0.042,0.872
151500,0.086,0.051,0.863
152000,0.076,0.033,0.892
152500,0.086,0.043,0.871
153000,0.079,0.051,0.870
153500,0.079,0.041,0.881
154000,0.091,0.045,0.864
154500,0.086,0.058,0.856
155000,0.086,0.050,0.864
155500,0.106,0.037,0.857
156000,0.113,0.035,0.852
156500,0.096,0.041,0.863
157000,0.106,0.035,0.859
157500,0.106,0.030,0.864
158000,0.098,0.036,0.866
158500,0.114,0.044,0.842
159000,0.102,0.029,0.869
159500,0.102,0.028,0.869
160000,0.114,0.028,0.859
160500,0.122,0.026,0.852
161000,0.113,0.026,0.861
161500,0.102,0.037,0.861
162000,0.098,0.035,0.867
162500,0.102,0.033,0.866
163000,0.094,0.024,0.882
163500,0.107,0.021,0.872
164000,0.101,0.039,0.860
164500,0.093,0.056,0.851
165000,0.093,0.046,0.861
165500,0.086,0.048,0.867
166000,0.076,0.033,0.890
166500,0.087,0.036,0.876
167000,0.092,0.049,0.859
167500,0.096,0.035,0.869
168000,0.077,0.054,0.868
168500,0.076,0.056,0.868
169000,0.091,0.053,0.855
169500,0.092,0.045,0.863
170000,0.080,0.029,0.892
170500,0.114,0.015,0.871
171000,0.111,0.025,0.864
171500,0.097,0.025,0.878
172000,0.105,0.026,0.869
172500,0.097,0.026,0.877
173000,0.089,0.041,0.869
173500,0.086,0.037,0.876
174000,0.110,0.035,0.855
174500,0.102,0.037,0.860
175000,0.110,0.037,0.853
175500,0.110,0.028,0.863
176000,0.107,0.035,0.858
176500,0.101,0.032,0.867
177000,0.097,0.038,0.865
177500,0.105,0.038,0.856
178000,0.108,0.048,0.845
178500,0.114,0.043,0.843
179000,0.098,0.041,0.861
179500,0.086,0.053,0.860
180000,0.083,0.049,0.869
180500,0.083,0.041,0.877
181000,0.097,0.051,0.852
181500,0.081,0.048,0.871
182000,0.092,0.022,0.885
182500,0.092,0.041,0.867
183000,0.089,0.040,0.872
183500,0.082,0.049,0.869
184000,0.100,0.036,0.864
184500,0.092,0.029,0.878
185000,0.102,0.030,0.868
185500,0.084,0.032,0.884
186000,0.082,0.046,0.872
186500,0.094,0.036,0.870
187000,0.095,0.048,0.858
187500,0.088,0.043,0.870
188000,0.095,0.035,0.870
188500,0.079,0.035,0.886
189000,0.080,0.051,0.870
189500,0.102,0.040,0.859
190000,0.089,0.035,0.875
190500,0.095,0.036,0.869
191000,0.110,0.029,0.861
191500,0.112,0.022,0.866
192000,0.088,0.030,0.882
192500,0.081,0.033,0.886
193000,0.086,0.034,0.881
193500,0.096,0.033,0.871
194000,0.102,0.038,0.859
194500,0.096,0.028,0.877
195000,0.108,0.032,0.860
195500,0.108,0.024,0.869
196000,0.096,0.032,0.873
196500,0.089,0.028,0.883
197000,0.083,0.035,0.883
197500,0.099,0.026,0.875
198000,0.099,0.025,0.877
198500,0.111,0.040,0.850
199000,0.124,0.031,0.845
199500,0.132,0.026,0.842
200000,0.117,0.026,0.856
200500,0.113,0.019,0.868
201000,0.098,0.035,0.867
201500,0.113,0.032,0.855
202000,0.090,0.038,0.871
202500,0.097,0.040,0.863
203000,0.094,0.034,0.873
203500,0.095,0.039,0.866
204000,0.112,0.034,0.854
204500,0.115,0.034,0.851
205000,0.099,0.028,0.873
205500,0.086,0.051,0.862
206000,0.102,0.035,0.862
206500,0.088,0.038,0.873
207000,0.094,0.032,0.874
207500,0.100,0.029,0.871
208000,0.088,0.040,0.872
208500,0.102,0.029,0.869
209000,0.117,0.025,0.857
209500,0.101,0.037,0.862
210000,0.090,0.026,0.883
210500,0.095,0.043,0.862
211000,0.086,0.029,0.885
211500,0.076,0.035,0.889
212000,0.065,0.052,0.883
212500,0.072,0.049,0.879
213000,0.075,0.048,0.877
213500,0.071,0.047,0.881
214000,0.079,0.064,0.857
214500,0.080,0.050,0.871
215000,0.079,0.045,0.876
215500,0.077,0.058,0.864
216000,0.105,0.047,0.848
216500,0.091,0.040,0.868
217000,0.092,0.037,0.870
217500,0.093,0.030,0.876
218000,0.103,0.045,0.852
218500,0.088,0.054,0.857
219000,0.085,0.053,0.862
219500,0.087,0.034,0.878
220000,0.089,0.046,0.865
220500,0.094,0.027,0.879
221000,0.093,0.028,0.878
221500,0.098,0.026,0.876
222000,0.097,0.028,0.876
222500,0.082,0.031,0.887
223000,0.084,0.046,0.870
223500,0.077,0.055,0.867
224000,0.076,0.064,0.860
224500,0.070,0.051,0.879
225000,0.092,0.054,0.854
225500,0.100,0.049,0.851
226000,0.090,0.037,0.873
226500,0.100,0.033,0.868
227000,0.093,0.035,0.872
227500,0.108,0.033,0.858
228000,0.101,0.036,0.863
228500,0.126,0.030,0.844
229000,0.147,0.030,0.823
229500,0.118,0.027,0.854
230000,0.116,0.019,0.865
230500,0.095,0.037,0.868
231000,0.076,0.033,0.891
231500,0.096,0.042,0.862
232000,0.079,0.035,0.886
232500,0.103,0.039,0.857
233000,0.091,0.041,0.867
233500,0.108,0.029,0.862
234000,0.102,0.025,0.873
234500,0.115,0.024,0.862
235000,0.096,0.031,0.873
235500,0.108,0.022,0.869
236000,0.106,0.024,0.870
236500,0.098,0.025,0.878
237000,0.096,0.034,0.870
237500,0.086,0.036,0.878
238000,0.067,0.045,0.888
238500,0.073,0.058,0.869
239000,0.094,0.045,0.861
239500,0.088,0.029,0.884
240000,0.106,0.024,0.871
240500,0.084,0.029,0.887
241000,0.112,0.023,0.865
241500,0.123,0.029,0.848
242000,0.097,0.038,0.865
242500,0.103,0.040,0.856
243000,0.083,0.033,0.885
243500,0.088,0.038,0.874
244000,0.088,0.046,0.865
244500,0.076,0.051,0.874
245000,0.080,0.042,0.878
245500,0.082,0.040,0.879
246000,0.102,0.036,0.862
246500,0.092,0.034,0.873
247000,0.084,0.035,0.882
247500,0.093,0.032,0.875
248000,0.082,0.042,0.877
248500,0.085,0.040,0.875
249000,0.094,0.033,0.874
249500,0.095,0.026,0.879
250000,0.098,0.028,0.875
250500,0.087,0.015,0.897
251000,0.100,0.027,0.873
251500,0.087,0.036,0.876
252000,0.085,0.039,0.876
252500,0.083,0.041,0.876
253000,0.099,0.039,0.862
253500,0.098,0.037,0.865
254000,0.081,0.035,0.885
254500,0.101,0.034,0.866
255000,0.105,0.024,0.870
255500,0.103,0.032,0.865
256000,0.091,0.039,0.870
256500,0.083,0.045,0.872
257000,0.097,0.052,0.851
257500,0.111,0.036,0.853
258000,0.089,0.030,0.880
258500,0.100,0.028,0.872
259000,0.103,0.028,0.869
259500,0.096,0.020,0.884
260000,0.106,0.018,0.875
260500,0.111,0.015,0.875
261000,0.104,0.030,0.866
261500,0.107,0.032,0.861
262000,0.093,0.027,0.880
262500,0.098,0.041,0.861
263000,0.088,0.046,0.865
263500,0.078,0.030,0.892
264000,0.088,0.040,0.873
264500,0.108,0.038,0.854
265000,0.098,0.041,0.861
265500,0.102,0.034,0.865
266000,0.085,0.027,0.888
266500,0.087,0.028,0.886
267000,0.116,0.022,0.862
267500,0.115,0.024,0.861
268000,0.105,0.034,0.860
268500,0.119,0.024,0.858
269000,0.136,0.024,0.841
269500,0.116,0.021,0.863
270000,0.123,0.021,0.855
270500,0.117,0.028,0.856
271000,0.094,0.029,0.877
271500,0.105,0.029,0.867
272000,0.103,0.038,0.858
272500,0.095,0.034,0.872
273000,0.086,0.035,0.879
273500,0.081,0.034,0.885
274000,0.090,0.022,0.888
274500,0.099,0.035,0.867
275000,0.085,0.038,0.877
275500,0.090,0.029,0.882
276000,0.096,0.021,0.883
276500,0.094,0.025,0.882
277000,0.104,0.021,0.875
277500,0.113,0.019,0.868
278000,0.110,0.022,0.868
278500,0.102,0.019,0.879
279000,0.093,0.022,0.884
279500,0.102,0.035,0.864
280000,0.102,0.035,0.863
280500,0.127,0.026,0.847
281000,0.132,0.022,0.846
281500,0.107,0.032,0.861
282000,0.082,0.043,0.875
282500,0.086,0.042,0.872
283000,0.090,0.035,0.875
283500,0.100,0.032,0.869
284000,0.088,0.051,0.862
284500,0.094,0.036,0.870
285000,0.070,0.046,0.883
285500,0.072,0.043,0.885
286000,0.072,0.040,0.888
286500,0.080,0.036,0.884
287000,0.067,0.036,0.897
287500,0.070,0.034,0.895
288000,0.082,0.051,0.868
288500,0.081,0.051,0.868
289000,0.070,0.067,0.863
289500,0.068,0.056,0.876
290000,0.077,0.041,0.881
290500,0.075,0.042,0.883
291000,0.074,0.042,0.883
291500,0.092,0.035,0.873
292000,0.091,0.040,0.869
292500,0.085,0.054,0.861
293000,0.080,0.048,0.872
293500,0.060,0.074,0.866
294000,0.070,0.053,0.876
294500,0.073,0.057,0.871
295000,0.077,0.052,0.870
295500,0.107,0.037,0.856
296000,0.120,0.025,0.855
296500,0.107,0.025,0.869
297000,0.111,0.028,0.862
297500,0.098,0.038,0.864
298000,0.083,0.025,0.893
298500,0.095,0.022,0.883
299000,0.101,0.043,0.856
299500,0.101,0.040,0.859
300000,0.114,0.037,0.849
300500,0.095,0.025,0.880
301000,0.081,0.034,0.885
301500,0.101,0.037,0.862
302000,0.094,0.035,0.871
302500,0.088,0.043,0.868
303000,0.095,0.033,0.872
303500,0.115,0.034,0.851
304000,0.117,0.036,0.847
304500,0.117,0.040,0.843
305000,0.090,0.033,0.876
305500,0.086,0.049,0.865
306000,0.077,0.043,0.880
306500,0.093,0.025,0.882
307000,0.107,0.030,0.862
307500,0.103,0.045,0.851
308000,0.114,0.045,0.841
308500,0.103,0.056,0.842
309000,0.094,0.066,0.841
309500,0.077,0.052,0.870
310000,0.074,0.053,0.873
310500,0.069,0.049,0.882
311000,0.074,0.058,0.867
311500,0.067,0.041,0.892
312000,0.073,0.058,0.870
312500,0.070,0.039,0.891
313000,0.071,0.040,0.888
313500,0.074,0.037,0.889
314000,0.068,0.029,0.903
314500,0.065,0.040,0.895
315000,0.069,0.044,0.887
315500,0.088,0.042,0.871
316000,0.072,0.049,0.879
316500,0.075,0.052,0.872
317000,0.077,0.043,0.881
317500,0.084,0.050,0.867
318000,0.094,0.057,0.849
318500,0.088,0.053,0.858
319000,0.102,0.052,0.846
319500,0.102,0.035,0.863
320000,0.096,0.037,0.867
320500,0.094,0.051,0.856
321000,0.093,0.040,0.867
321500,0.089,0.032,0.880
322000,0.108,0.025,0.867
322500,0.094,0.033,0.873
323000,0.091,0.033,0.876
323500,0.086,0.034,0.880
324000,0.102,0.030,0.868
324500,0.105,0.036,0.859
325000,0.093,0.035,0.873
325500,0.086,0.029,0.885
326000,0.087,0.043,0.870
326500,0.089,0.033,0.878
327000,0.082,0.032,0.886
327500,0.086,0.033,0.882
328000,0.091,0.044,0.865
328500,0.089,0.038,0.872
329000,0.085,0.036,0.879
329500,0.097,0.041,0.862
330000,0.103,0.042,0.855
330500,0.101,0.054,0.845
331000,0.104,0.042,0.855
331500,0.104,0.032,0.865
332000,0.116,0.024,0.860
332500,0.098,0.042,0.860
333000,0.103,0.036,0.860
333500,0.103,0.036,0.861
334000,0.112,0.043,0.845
334500,0.096,0.028,0.877
335000,0.093,0.039,0.867
335500,0.097,0.056,0.847
336000,0.088,0.050,0.861
336500,0.094,0.064,0.842
337000,0.091,0.046,0.862
337500,0.094,0.050,0.856
338000,0.099,0.051,0.851
338500,0.088,0.046,0.866
339000,0.091,0.042,0.867
339500,0.079,0.050,0.872
340000,0.070,0.053,0.876
340500,0.071,0.042,0.886
341000,0.073,0.051,0.876
341500,0.083,0.058,0.860
342000,0.086,0.035,0.879
342500,0.082,0.028,0.891
343000,0.120,0.015,0.865
343500,0.095,0.029,0.877
344000,0.091,0.042,0.867
344500,0.100,0.033,0.868
345000,0.110,0.035,0.856
345500,0.110,0.025,0.865
346000,0.103,0.038,0.858
346500,0.098,0.050,0.852
347000,0.084,0.047,0.869
347500,0.114,0.030,0.856
348000,0.109,0.028,0.864
348500,0.104,0.037,0.859
349000,0.109,0.030,0.861
349500,0.100,0.035,0.865
350000,0.077,0.049,0.874
350500,0.071,0.053,0.876
351000,0.087,0.048,0.865
351500,0.080,0.033,0.887
352000,0.079,0.044,0.877
352500,0.088,0.036,0.876
353000,0.096,0.039,0.865
353500,0.103,0.040,0.858
354000,0.090,0.053,0.856
354500,0.084,0.051,0.866
355000,0.089,0.035,0.877
355500,0.094,0.040,0.867
356000,0.097,0.034,0.869
356500,0.099,0.036,0.865
357000,0.114,0.054,0.832
357500,0.102,0.045,0.853
358000,0.092,0.044,0.863
358500,0.089,0.051,0.860
359000,0.080,0.042,0.879
359500,0.088,0.054,0.858
360000,0.093,0.060,0.847
360500,0.080,0.049,0.872
361000,0.076,0.049,0.875
361500,0.077,0.052,0.871
362000,0.101,0.046,0.853
362500,0.108,0.035,0.856
363000,0.103,0.037,0.859
363500,0.095,0.033,0.873
364000,0.100,0.029,0.872
364500,0.105,0.022,0.873
365000,0.080,0.028,0.893
365500,0.084,0.039,0.877
366000,0.093,0.037,0.870
366500,0.098,0.052,0.850
367000,0.075,0.057,0.869
367500,0.070,0.059,0.871
368000,0.076,0.053,0.870
368500,0.082,0.036,0.882
369000,0.083,0.035,0.882
369500,0.095,0.031,0.874
370000,0.105,0.028,0.867
370500,0.117,0.025,0.858
371000,0.105,0.027,0.867
371500,0.097,0.029,0.874
372000,0.096,0.029,0.875
372500,0.103,0.022,0.874
373000,0.115,0.025,0.861
373500,0.086,0.033,0.881
374000,0.093,0.022,0.884
374500,0.104,0.029,0.867
375000,0.102,0.037,0.861
375500,0.116,0.035,0.849
376000,0.102,0.044,0.853
376500,0.091,0.038,0.870
377000,0.095,0.041,0.865
377500,0.088,0.052,0.859
378000,0.104,0.043,0.853
378500,0.093,0.044,0.863
379000,0.097,0.037,0.866
379500,0.081,0.033,0.887
380000,0.087,0.042,0.871
380500,0.092,0.045,0.862
381000,0.077,0.043,0.880
381500,0.086,0.032,0.881
382000,0.093,0.043,0.864
382500,0.090,0.030,0.879
383000,0.092,0.025,0.884
383500,0.093,0.037,0.870
384000,0.087,0.033,0.880
384500,0.104,0.027,0.869
385000,0.107,0.024,0.868
385500,0.099,0.029,0.872
386000,0.119,0.025,0.856
386500,0.127,0.023,0.850
387000,0.099,0.026,0.875
387500,0.116,0.028,0.857
388000,0.100,0.018,0.882
388500,0.099,0.028,0.873
389000,0.100,0.025,0.875
389500,0.102,0.044,0.854
390000,0.094,0.046,0.860
390500,0.076,0.059,0.865
391000,0.091,0.056,0.852
391500,0.096,0.040,0.865
392000,0.096,0.040,0.864
392500,0.100,0.035,0.866
393000,0.112,0.037,0.851
393500,0.108,0.029,0.862
394000,0.117,0.036,0.847
394500,0.120,0.029,0.852
395000,0.121,0.024,0.855
395500,0.101,0.026,0.873
396000,0.096,0.028,0.877
396500,0.107,0.017,0.877
397000,0.119,0.024,0.857
397500,0.137,0.018,0.845
398000,0.142,0.024,0.835
398500,0.114,0.014,0.872
399000,0.098,0.031,0.871
399500,0.099,0.033,0.869
400000,0.087,0.026,0.886
400500,0.100,0.038,0.862
401000,0.104,0.059,0.837
401500,0.089,0.038,0.873
402000,0.083,0.030,0.887
402500,0.106,0.034,0.861
403000,0.087,0.037,0.876
403500,0.085,0.021,0.894
404000,0.098,0.026,0.876
404500,0.096,0.021,0.884
405000,0.098,0.018,0.884
405500,0.091,0.040,0.870
406000,0.080,0.042,0.879
406500,0.088,0.043,0.870
407000,0.101,0.033,0.866
407500,0.092,0.026,0.882
408000,0.089,0.032,0.878
408500,0.083,0.033,0.884
409000,0.089,0.044,0.866
409500,0.098,0.042,0.860
410000,0.088,0.022,0.890
410500,0.107,0.030,0.863
411000,0.107,0.040,0.854
411500,0.102,0.031,0.866
412000,0.097,0.035,0.869
412500,0.093,0.051,0.857
413000,0.091,0.040,0.869
413500,0.095,0.048,0.858
414000,0.086,0.040,0.875
414500,0.087,0.040,0.873
415000,0.102,0.025,0.873
415500,0.106,0.031,0.863
416000,0.089,0.034,0.877
416500,0.098,0.029,0.873
417000,0.089,0.032,0.879
417500,0.091,0.037,0.871
418000,0.087,0.043,0.870
418500,0.083,0.039,0.878
419000,0.097,0.038,0.865
419500,0.099,0.035,0.866
420000,0.104,0.040,0.856
420500,0.104,0.037,0.859
421000,0.101,0.022,0.877
421500,0.086,0.028,0.885
422000,0.092,0.035,0.872
422500,0.097,0.037,0.866
423000,0.085,0.036,0.879
423500,0.086,0.051,0.863
424000,0.069,0.059,0.873
424500,0.088,0.042,0.869
425000,0.089,0.045,0.865
425500,0.110,0.029,0.861
426000,0.112,0.017,0.871
426500,0.106,0.036,0.858
427000,0.102,0.038,0.859
427500,0.100,0.045,0.855
428000,0.105,0.045,0.850
428500,0.097,0.041,0.863
429000,0.079,0.045,0.876
429500,0.087,0.038,0.875
430000,0.097,0.044,0.859
430500,0.086,0.057,0.857
431000,0.099,0.049,0.853
431500,0.101,0.041,0.859
432000,0.097,0.043,0.860
432500,0.099,0.043,0.858
433000,0.088,0.042,0.869
433500,0.088,0.037,0.875
434000,0.077,0.024,0.900
434500,0.081,0.035,0.884
435000,0.082,0.047,0.871
435500,0.082,0.044,0.874
436000,0.065,0.055,0.880
436500,0.084,0.038,0.878
437000,0.098,0.045,0.857
437500,0.095,0.040,0.866
438000,0.103,0.038,0.859
438500,0.096,0.030,0.874
439000,0.119,0.021,0.859
439500,0.120,0.017,0.862
440000,0.115,0.025,0.860
440500,0.115,0.019,0.866
441000,0.104,0.032,0.864
441500,0.095,0.046,0.859
442000,0.088,0.049,0.864
442500,0.083,0.049,0.869
443000,0.086,0.054,0.860
443500,0.088,0.041,0.872
444000,0.096,0.035,0.869
444500,0.101,0.033,0.866
445000,0.088,0.025,0.886
445500,0.085,0.043,0.872
446000,0.086,0.040,0.875
446500,0.101,0.029,0.870
447000,0.099,0.036,0.865
447500,0.079,0.043,0.878
448000,0.086,0.044,0.870
448500,0.074,0.070,0.857
449000,0.075,0.050,0.876
449500,0.089,0.052,0.859
450000,0.093,0.033,0.874
450500,0.082,0.024,0.895
451000,0.088,0.034,0.878
451500,0.086,0.042,0.872
452000,0.080,0.044,0.876
452500,0.084,0.054,0.862
453000,0.088,0.035,0.877
453500,0.102,0.026,0.872
454000,0.097,0.026,0.877
454500,0.105,0.018,0.876
455000,0.110,0.021,0.869
455500,0.106,0.032,0.862
456000,0.111,0.035,0.854
456500,0.120,0.027,0.852
457000,0.100,0.032,0.869
457500,0.099,0.033,0.868
458000,0.091,0.026,0.883
458500,0.119,0.026,0.854
459000,0.123,0.026,0.851
459500,0.117,0.018,0.866
460000,0.090,0.032,0.878
460500,0.098,0.035,0.867
461000,0.079,0.028,0.893
461500,0.083,0.051,0.866
462000,0.099,0.053,0.848
462500,0.095,0.050,0.856
463000,0.090,0.034,0.876
463500,0.109,0.036,0.855
464000,0.100,0.041,0.859
464500,0.087,0.051,0.861
465000,0.104,0.060,0.836
465500,0.089,0.065,0.846
466000,0.104,0.052,0.843
466500,0.113,0.038,0.849
467000,0.111,0.029,0.860
467500,0.100,0.033,0.867
468000,0.094,0.037,0.869
468500,0.110,0.045,0.845
469000,0.090,0.043,0.868
469500,0.104,0.039,0.857
470000,0.076,0.041,0.883
470500,0.082,0.033,0.885
471000,0.080,0.032,0.889
471500,0.102,0.028,0.870
472000,0.103,0.025,0.871
472500,0.108,0.025,0.867
473000,0.095,0.029,0.877
473500,0.097,0.028,0.875
474000,0.096,0.030,0.874
474500,0.085,0.034,0.882
475000,0.086,0.027,0.887
475500,0.082,0.032,0.886
476000,0.099,0.043,0.858
476500,0.088,0.036,0.875
477000,0.099,0.026,0.875
477500,0.090,0.023,0.887
478000,0.087,0.021,0.891
478500,0.091,0.030,0.879
479000,0.093,0.037,0.869
479500,0.087,0.041,0.873
480000,0.092,0.035,0.872
480500,0.082,0.041,0.878
481000,0.078,0.028,0.895
481500,0.085,0.047,0.868
482000,0.081,0.040,0.880
482500,0.080,0.042,0.879
483000,0.089,0.032,0.879
483500,0.085,0.030,0.885
484000,0.080,0.034,0.886
484500,0.105,0.029,0.865
485000,0.099,0.029,0.872
485500,0.100,0.022,0.878
486000,0.094,0.038,0.868
486500,0.081,0.034,0.885
487000,0.112,0.030,0.858
487500,0.092,0.032,0.875
488000,0.096,0.034,0.871
488500,0.104,0.025,0.871
489000,0.108,0.039,0.852
489500,0.088,0.035,0.876
490000,0.080,0.043,0.877
490500,0.107,0.038,0.854
491000,0.107,0.038,0.855
491500,0.086,0.038,0.876
492000,0.077,0.042,0.880
492500,0.089,0.044,0.867
493000,0.095,0.042,0.863
493500,0.089,0.049,0.861
494000,0.086,0.035,0.879
494500,0.068,0.034,0.898
495000,0.078,0.035,0.887
495500,0.068,0.046,0.886
496000,0.063,0.058,0.879
496500,0.067,0.054,0.879
497000,0.082,0.046,0.872
497500,0.074,0.051,0.876
498000,0.071,0.049,0.879
498500,0.078,0.042,0.881
499000,0.080,0.043,0.877
499500,0.082,0.038,0.880
500000,0.095,0.041,0.865
500500,0.094,0.037,0.869
501000,0.084,0.037,0.879
501500,0.077,0.037,0.885
502000,0.094,0.024,0.883
502500,0.091,0.035,0.873
503000,0.091,0.021,0.888
503500,0.093,0.035,0.872
504000,0.096,0.040,0.864
504500,0.105,0.028,0.867
505000,0.101,0.031,0.868
505500,0.112,0.032,0.856
506000,0.112,0.038,0.850
506500,0.105,0.041,0.855
507000,0.088,0.036,0.876
507500,0.104,0.037,0.858
508000,0.089,0.036,0.875
508500,0.092,0.040,0.868
509000,0.081,0.029,0.891
509500,0.092,0.024,0.884
510000,0.095,0.027,0.878
510500,0.099,0.024,0.878
511000,0.096,0.024,0.881
511500,0.108,0.024,0.867
512000,0.098,0.022,0.880
512500,0.107,0.029,0.864
513000,0.099,0.029,0.873
513500,0.119,0.021,0.859
514000,0.113,0.025,0.862
514500,0.112,0.026,0.862
515000,0.113,0.038,0.849
515500,0.113,0.030,0.857
516000,0.094,0.034,0.873
516500,0.108,0.022,0.869
517000,0.103,0.028,0.868
517500,0.103,0.033,0.864
518000,0.093,0.038,0.868
518500,0.086,0.030,0.884
519000,0.083,0.043,0.874
519500,0.088,0.034,0.877
520000,0.076,0.034,0.891
520500,0.083,0.046,0.871
521000,0.085,0.042,0.873
521500,0.111,0.038,0.851
522000,0.101,0.029,0.870
522500,0.081,0.036,0.883
523000,0.090,0.038,0.871
523500,0.098,0.036,0.866
524000,0.106,0.033,0.861
524500,0.082,0.017,0.902
525000,0.085,0.025,0.890
525500,0.094,0.026,0.880
526000,0.100,0.040,0.860
526500,0.093,0.049,0.857
527000,0.096,0.037,0.867
527500,0.092,0.038,0.870
528000,0.083,0.038,0.879
528500,0.068,0.042,0.891
529000,0.076,0.034,0.889
529500,0.086,0.037,0.876
530000,0.104,0.032,0.865
530500,0.091,0.026,0.882
531000,0.091,0.040,0.870
531500,0.083,0.040,0.878
532000,0.079,0.042,0.880
532500,0.073,0.042,0.885
533000,0.077,0.040,0.882
533500,0.085,0.044,0.871
534000,0.079,0.057,0.865
534500,0.084,0.040,0.877
535000,0.084,0.046,0.870
535500,0.074,0.038,0.887
536000,0.070,0.040,0.890
536500,0.092,0.054,0.853
537000,0.095,0.037,0.868
537500,0.090,0.032,0.878
538000,0.082,0.045,0.873
538500,0.071,0.045,0.884
539000,0.076,0.056,0.869
539500,0.102,0.028,0.869
540000,0.089,0.037,0.874
540500,0.076,0.041,0.883
541000,0.082,0.043,0.875
541500,0.097,0.043,0.860
542000,0.101,0.048,0.852
542500,0.101,0.033,0.867
543000,0.093,0.034,0.874
543500,0.076,0.044,0.879
544000,0.104,0.034,0.863
544500,0.093,0.046,0.860
545000,0.086,0.048,0.866
545500,0.096,0.044,0.860
546000,0.096,0.040,0.865
546500,0.097,0.047,0.856
547000,0.102,0.038,0.860
547500,0.085,0.043,0.873
548000,0.096,0.051,0.853
548500,0.083,0.042,0.875
549000,0.081,0.044,0.875
549500,0.077,0.040,0.883
550000,0.082,0.037,0.881
550500,0.089,0.035,0.876
551000,0.097,0.034,0.870
551500,0.087,0.025,0.889
552000,0.075,0.031,0.893
552500,0.091,0.040,0.869
553000,0.093,0.035,0.871
553500,0.119,0.029,0.852
554000,0.102,0.033,0.865
554500,0.093,0.044,0.862
555000,0.096,0.043,0.861
555500,0.098,0.045,0.857
556000,0.089,0.045,0.866
556500,0.080,0.042,0.878
557000,0.085,0.029,0.886
557500,0.079,0.040,0.882
558000,0.086,0.033,0.882
558500,0.090,0.026,0.883
559000,0.072,0.034,0.894
559500,0.103,0.029,0.867
560000,0.089,0.025,0.886
560500,0.088,0.033,0.878
561000,0.094,0.045,0.861
561500,0.078,0.049,0.873
562000,0.085,0.045,0.870
562500,0.080,0.051,0.869
563000,0.085,0.043,0.872
563500,0.090,0.053,0.857
564000,0.085,0.043,0.872
564500,0.086,0.045,0.868
565000,0.086,0.045,0.869
565500,0.091,0.044,0.865
566000,0.086,0.036,0.877
566500,0.104,0.032,0.863
567000,0.119,0.032,0.850
567500,0.129,0.025,0.847
568000,0.120,0.020,0.859
568500,0.116,0.030,0.854
569000,0.107,0.024,0.869
569500,0.099,0.028,0.874
570000,0.080,0.034,0.886
570500,0.077,0.031,0.892
571000,0.096,0.026,0.878
571500,0.097,0.033,0.870
572000,0.115,0.019,0.866
572500,0.100,0.030,0.870
573000,0.088,0.052,0.860
573500,0.085,0.044,0.871
574000,0.099,0.030,0.871
574500,0.107,0.029,0.863
575000,0.103,0.026,0.870
575500,0.099,0.036,0.865
576000,0.081,0.046,0.873
576500,0.085,0.049,0.866
577000,0.097,0.043,0.861
577500,0.102,0.034,0.864
578000,0.113,0.039,0.848
578500,0.102,0.042,0.856
579000,0.102,0.040,0.858
579500,0.100,0.045,0.855
580000,0.086,0.034,0.881
580500,0.082,0.032,0.886
581000,0.069,0.057,0.875
581500,0.066,0.062,0.873
582000,0.071,0.065,0.864
582500,0.066,0.040,0.894
583000,0.075,0.048,0.877
583500,0.075,0.037,0.888
584000,0.081,0.041,0.879
584500,0.088,0.029,0.883
585000,0.099,0.036,0.865
585500,0.088,0.050,0.861
586000,0.080,0.052,0.868
586500,0.081,0.036,0.883
587000,0.082,0.049,0.870
587500,0.080,0.064,0.857
588000,0.076,0.052,0.871
588500,0.080,0.044,0.876
589000,0.079,0.043,0.878
589500,0.095,0.034,0.871
590000,0.097,0.034,0.870
590500,0.096,0.044,0.860
591000,0.083,0.042,0.876
591500,0.083,0.038,0.879
592000,0.087,0.041,0.873
592500,0.085,0.029,0.886
593000,0.080,0.043,0.878
593500,0.066,0.049,0.886
594000,0.074,0.045,0.880
594500,0.084,0.028,0.889
595000,0.082,0.042,0.877
595500,0.082,0.043,0.875
596000,0.075,0.050,0.874
596500,0.083,0.034,0.884
597000,0.091,0.052,0.857
597500,0.104,0.043,0.853
598000,0.103,0.051,0.846
598500,0.095,0.043,0.863
599000,0.102,0.029,0.870
599500,0.109,0.044,0.847
600000,0.086,0.043,0.871
600500,0.102,0.045,0.853
601000,0.086,0.037,0.877
601500,0.084,0.028,0.889
602000,0.089,0.030,0.881
602500,0.117,0.021,0.862
603000,0.100,0.028,0.872
603500,0.110,0.041,0.850
604000,0.089,0.036,0.874
604500,0.087,0.029,0.883
605000,0.103,0.029,0.869
605500,0.111,0.036,0.853
606000,0.092,0.045,0.863
606500,0.077,0.028,0.895
607000,0.093,0.032,0.875
607500,0.083,0.026,0.891
608000,0.078,0.029,0.893
608500,0.074,0.044,0.882
609000,0.079,0.032,0.890
609500,0.083,0.038,0.879
610000,0.092,0.039,0.868
610500,0.112,0.040,0.848
611000,0.089,0.037,0.873
611500,0.099,0.040,0.862
612000,0.095,0.032,0.874
612500,0.103,0.023,0.873
613000,0.086,0.037,0.877
613500,0.093,0.035,0.872
614000,0.086,0.037,0.877
614500,0.086,0.028,0.886
615000,0.086,0.037,0.877
615500,0.079,0.025,0.896
616000,0.106,0.040,0.854
616500,0.081,0.038,0.881
617000,0.073,0.058,0.869
617500,0.080,0.044,0.876
618000,0.085,0.054,0.861
618500,0.089,0.043,0.868
619000,0.082,0.050,0.869
619500,0.087,0.055,0.857
620000,0.115,0.030,0.855
620500,0.117,0.035,0.848
621000,0.113,0.031,0.856
621500,0.101,0.040,0.860
622000,0.100,0.037,0.863
622500,0.097,0.040,0.863
623000,0.114,0.059,0.828
623500,0.102,0.056,0.841
624000,0.108,0.054,0.837
624500,0.107,0.040,0.854
625000,0.106,0.039,0.855
625500,0.105,0.040,0.855
626000,0.095,0.033,0.872
626500,0.095,0.030,0.875
627000,0.102,0.026,0.872
627500,0.105,0.019,0.875
628000,0.103,0.022,0.875
628500,0.085,0.024,0.891
629000,0.096,0.023,0.881
629500,0.096,0.018,0.886
630000,0.089,0.036,0.874
630500,0.101,0.026,0.873
631000,0.108,0.043,0.849
631500,0.095,0.032,0.874
632000,0.091,0.027,0.881
632500,0.111,0.027,0.862
633000,0.089,0.021,0.891
633500,0.105,0.034,0.861
634000,0.093,0.025,0.881
634500,0.092,0.036,0.871
635000,0.078,0.040,0.883
635500,0.086,0.054,0.860
636000,0.079,0.043,0.878
636500,0.089,0.048,0.864
637000,0.104,0.046,0.850
637500,0.087,0.043,0.869
638000,0.092,0.043,0.864
638500,0.085,0.036,0.879
639000,0.080,0.037,0.883
639500,0.071,0.036,0.893
640000,0.080,0.040,0.881
640500,0.084,0.048,0.868
641000,0.082,0.051,0.868
641500,0.117,0.043,0.840
642000,0.127,0.037,0.836
642500,0.090,0.021,0.889
643000,0.097,0.030,0.873
643500,0.106,0.037,0.856
644000,0.104,0.043,0.853
644500,0.097,0.042,0.862
645000,0.088,0.047,0.864
645500,0.080,0.064,0.857
646000,0.083,0.045,0.872
646500,0.087,0.044,0.868
647000,0.092,0.038,0.869
647500,0.092,0.044,0.863
648000,0.098,0.033,0.869
648500,0.093,0.030,0.876
649000,0.119,0.038,0.843
649500,0.099,0.032,0.869
650000,0.107,0.021,0.872
650500,0.089,0.029,0.883
651000,0.103,0.023,0.874
651500,0.125,0.025,0.850
652000,0.102,0.030,0.867
652500,0.090,0.043,0.867
653000,0.081,0.060,0.859
653500,0.065,0.053,0.882
654000,0.077,0.054,0.868
654500,0.093,0.046,0.860
655000,0.090,0.048,0.862
655500,0.076,0.045,0.879
656000,0.083,0.036,0.881
656500,0.072,0.050,0.878
657000,0.089,0.044,0.866
657500,0.088,0.054,0.858
658000,0.078,0.054,0.868
658500,0.071,0.052,0.876
659000,0.074,0.036,0.889
659500,0.072,0.041,0.887
660000,0.086,0.041,0.873
660500,0.090,0.029,0.881
661000,0.096,0.038,0.866
661500,0.090,0.024,0.887
662000,0.099,0.037,0.864
662500,0.094,0.041,0.865
663000,0.102,0.042,0.856
663500,0.099,0.021,0.880
664000,0.092,0.023,0.885
664500,0.092,0.025,0.883
665000,0.103,0.040,0.857
665500,0.095,0.031,0.874
666000,0.093,0.033,0.875
666500,0.091,0.023,0.886
667000,0.099,0.024,0.877
667500,0.084,0.017,0.899
668000,0.070,0.040,0.890
668500,0.085,0.041,0.875
669000,0.076,0.026,0.897
669500,0.091,0.033,0.876
670000,0.083,0.024,0.894
670500,0.107,0.025,0.868
671000,0.111,0.029,0.860
671500,0.110,0.042,0.849
672000,0.113,0.050,0.838
672500,0.103,0.041,0.857
673000,0.091,0.031,0.877
673500,0.081,0.040,0.880
674000,0.078,0.051,0.871
674500,0.091,0.049,0.860
675000,0.094,0.041,0.865
675500,0.079,0.053,0.868
676000,0.095,0.050,0.855
676500,0.093,0.054,0.852
677000,0.091,0.043,0.866
677500,0.092,0.040,0.868
678000,0.079,0.037,0.884
678500,0.097,0.052,0.851
679000,0.075,0.053,0.871
679500,0.077,0.049,0.873
680000,0.076,0.039,0.884
680500,0.086,0.044,0.870
681000,0.088,0.033,0.878
681500,0.094,0.042,0.865
682000,0.103,0.036,0.861
682500,0.123,0.037,0.840
683000,0.122,0.035,0.842
683500,0.096,0.041,0.864
684000,0.086,0.036,0.877
684500,0.071,0.040,0.888
685000,0.088,0.045,0.867
685500,0.079,0.043,0.878
686000,0.083,0.027,0.890
686500,0.102,0.030,0.868
687000,0.098,0.025,0.878
687500,0.082,0.019,0.899
688000,0.090,0.048,0.862
688500,0.078,0.035,0.887
689000,0.080,0.037,0.883
689500,0.090,0.042,0.869
690000,0.082,0.043,0.875
690500,0.087,0.033,0.879
691000,0.083,0.050,0.868
691500,0.104,0.050,0.845
692000,0.091,0.041,0.868
692500,0.097,0.054,0.849
693000,0.095,0.049,0.856
693500,0.102,0.057,0.842
694000,0.084,0.049,0.868
694500,0.083,0.040,0.878
695000,0.086,0.041,0.872
695500,0.091,0.045,0.864
696000,0.095,0.035,0.871
696500,0.104,0.030,0.865
697000,0.102,0.032,0.866
697500,0.101,0.030,0.869
698000,0.096,0.031,0.873
698500,0.081,0.044,0.875
699000,0.069,0.033,0.898
699500,0.093,0.030,0.877
700000,0.103,0.026,0.870
700500,0.084,0.035,0.882
701000,0.071,0.044,0.885
701500,0.070,0.038,0.891
702000,0.074,0.037,0.889
702500,0.074,0.035,0.890
703000,0.089,0.026,0.884
703500,0.073,0.029,0.899
704000,0.097,0.034,0.870
704500,0.108,0.031,0.860
705000,0.102,0.035,0.864
705500,0.099,0.029,0.872
706000,0.098,0.021,0.882
706500,0.089,0.026,0.885
707000,0.083,0.033,0.884
707500,0.080,0.038,0.882
708000,0.077,0.040,0.883
708500,0.070,0.041,0.889
709000,0.064,0.030,0.906
709500,0.091,0.036,0.873
710000,0.090,0.035,0.874
710500,0.089,0.041,0.870
711000,0.086,0.043,0.871
711500,0.101,0.040,0.860
712000,0.089,0.036,0.874
712500,0.077,0.035,0.888
713000,0.097,0.025,0.878
713500,0.099,0.039,0.862
714000,0.099,0.048,0.854
714500,0.087,0.040,0.874
715000,0.070,0.043,0.887
715500,0.070,0.051,0.878
716000,0.087,0.056,0.858
716500,0.086,0.052,0.861
717000,0.081,0.056,0.863
717500,0.079,0.044,0.877
718000,0.082,0.063,0.855
718500,0.100,0.049,0.852
719000,0.087,0.044,0.869
719500,0.086,0.046,0.868
720000,0.079,0.052,0.869
720500,0.078,0.048,0.875
721000,0.077,0.044,0.878
721500,0.105,0.053,0.842
722000,0.091,0.054,0.855
722500,0.072,0.044,0.883
723000,0.084,0.034,0.883
723500,0.087,0.041,0.873
724000,0.091,0.037,0.871
724500,0.100,0.043,0.858
725000,0.095,0.028,0.877
725500,0.089,0.041,0.870
726000,0.103,0.049,0.849
726500,0.094,0.037,0.869
727000,0.105,0.030,0.865
727500,0.117,0.023,0.860
728000,0.107,0.023,0.869
728500,0.104,0.030,0.865
729000,0.088,0.021,0.891
729500,0.086,0.029,0.886
730000,0.102,0.035,0.864
730500,0.115,0.034,0.851
731000,0.107,0.028,0.865
731500,0.086,0.025,0.889
732000,0.089,0.033,0.878
732500,0.084,0.028,0.888
733000,0.094,0.029,0.878
733500,0.103,0.029,0.868
734000,0.106,0.039,0.855
734500,0.117,0.028,0.855
735000,0.123,0.021,0.856
735500,0.129,0.022,0.849
736000,0.113,0.040,0.848
736500,0.120,0.024,0.856
737000,0.103,0.028,0.869
737500,0.107,0.028,0.865
738000,0.109,0.040,0.852
738500,0.104,0.030,0.865
739000,0.097,0.028,0.876
739500,0.106,0.033,0.860
740000,0.104,0.041,0.856
740500,0.102,0.035,0.864
741000,0.103,0.033,0.865
741500,0.092,0.028,0.880
742000,0.097,0.032,0.872
742500,0.105,0.028,0.868
743000,0.095,0.026,0.879
743500,0.111,0.028,0.862
744000,0.102,0.029,0.870
744500,0.095,0.032,0.873
745000,0.090,0.033,0.877
745500,0.089,0.029,0.881
746000,0.083,0.033,0.884
746500,0.101,0.033,0.866
747000,0.090,0.035,0.876
747500,0.103,0.036,0.860
748000,0.097,0.024,0.880
748500,0.096,0.029,0.875
749000,0.080,0.021,0.899
749500,0.097,0.022,0.881
750000,0.103,0.029,0.867
750500,0.096,0.030,0.874
751000,0.084,0.038,0.878
751500,0.086,0.029,0.886
752000,0.086,0.031,0.883
752500,0.090,0.034,0.876
753000,0.090,0.034,0.876
753500,0.100,0.036,0.864
754000,0.108,0.022,0.870
754500,0.104,0.049,0.848
755000,0.102,0.038,0.860
755500,0.093,0.059,0.847
756000,0.111,0.070,0.819
756500,0.092,0.054,0.854
757000,0.095,0.049,0.856
757500,0.079,0.037,0.884
758000,0.087,0.033,0.880
758500,0.082,0.037,0.881
759000,0.089,0.042,0.870
759500,0.094,0.035,0.872
760000,0.103,0.044,0.853
760500,0.091,0.067,0.842
761000,0.070,0.052,0.877
761500,0.085,0.043,0.872
762000,0.085,0.033,0.882
762500,0.084,0.048,0.869
763000,0.100,0.055,0.845
763500,0.106,0.045,0.849
764000,0.090,0.069,0.841
764500,0.088,0.059,0.853
765000,0.079,0.045,0.876
765500,0.093,0.034,0.872
766000,0.110,0.026,0.864
766500,0.106,0.040,0.854
767000,0.128,0.038,0.834
767500,0.100,0.043,0.858
768000,0.084,0.034,0.882
768500,0.094,0.041,0.865
769000,0.084,0.051,0.865
769500,0.091,0.043,0.866
770000,0.084,0.036,0.880
770500,0.083,0.041,0.876
771000,0.074,0.044,0.881
771500,0.088,0.049,0.863
772000,0.090,0.051,0.858
772500,0.089,0.061,0.850
773000,0.080,0.052,0.868
773500,0.077,0.046,0.877
774000,0.077,0.053,0.870
774500,0.079,0.060,0.861
775000,0.059,0.057,0.884
775500,0.088,0.048,0.865
776000,0.071,0.050,0.879
776500,0.071,0.052,0.876
777000,0.090,0.051,0.858
777500,0.078,0.051,0.871
778000,0.085,0.043,0.873
778500,0.102,0.050,0.848
779000,0.094,0.037,0.869
779500,0.097,0.033,0.871
780000,0.127,0.030,0.843
780500,0.111,0.028,0.862
781000,0.104,0.019,0.877
781500,0.094,0.034,0.873
782000,0.102,0.036,0.862
782500,0.084,0.043,0.873
783000,0.105,0.037,0.858
783500,0.100,0.038,0.862
784000,0.110,0.026,0.864
784500,0.102,0.042,0.857
785000,0.099,0.035,0.866
785500,0.101,0.035,0.865
786000,0.092,0.034,0.875
786500,0.100,0.029,0.871
787000,0.098,0.022,0.880
787500,0.100,0.022,0.878
788000,0.110,0.035,0.855
788500,0.090,0.030,0.880
789000,0.090,0.035,0.874
789500,0.098,0.027,0.875
790000,0.102,0.036,0.861
790500,0.093,0.048,0.860
791000,0.102,0.037,0.861
791500,0.079,0.037,0.884
792000,0.092,0.040,0.868
792500,0.097,0.027,0.876
793000,0.100,0.042,0.859
793500,0.081,0.037,0.882
794000,0.079,0.025,0.896
794500,0.082,0.046,0.872
795000,0.086,0.052,0.862
795500,0.083,0.041,0.877
796000,0.093,0.034,0.872
796500,0.119,0.023,0.858
797000,0.130,0.027,0.843
797500,0.114,0.028,0.858
798000,0.094,0.035,0.871
798500,0.089,0.023,0.888
799000,0.086,0.030,0.883
799500,0.088,0.036,0.876
800000,0.090,0.046,0.863
800500,0.087,0.037,0.876
801000,0.090,0.042,0.869
801500,0.086,0.047,0.866
802000,0.075,0.035,0.890
802500,0.101,0.041,0.859
803000,0.102,0.038,0.859
803500,0.099,0.040,0.861
804000,0.095,0.051,0.855
804500,0.073,0.048,0.879
805000,0.073,0.045,0.882
805500,0.081,0.042,0.878
806000,0.081,0.055,0.864
806500,0.069,0.056,0.875
807000,0.080,0.057,0.863
807500,0.110,0.043,0.847
808000,0.106,0.032,0.862
808500,0.112,0.022,0.866
809000,0.096,0.032,0.873
809500,0.088,0.034,0.878
810000,0.088,0.032,0.880
810500,0.089,0.033,0.878
811000,0.076,0.047,0.877
811500,0.070,0.052,0.878
812000,0.077,0.064,0.859
812500,0.075,0.054,0.870
813000,0.085,0.056,0.859
813500,0.101,0.028,0.871
814000,0.115,0.037,0.848
814500,0.097,0.025,0.878
815000,0.102,0.035,0.863
815500,0.104,0.034,0.862
816000,0.098,0.042,0.860
816500,0.108,0.031,0.861
817000,0.119,0.027,0.854
817500,0.102,0.046,0.852
818000,0.091,0.032,0.878
818500,0.085,0.040,0.876
819000,0.079,0.041,0.881
819500,0.079,0.034,0.887
820000,0.110,0.035,0.855
820500,0.100,0.030,0.870
821000,0.098,0.034,0.868
821500,0.110,0.031,0.859
822000,0.112,0.050,0.838
822500,0.103,0.047,0.850
823000,0.116,0.031,0.853
823500,0.101,0.023,0.876
824000,0.094,0.011,0.895
824500,0.101,0.030,0.869
825000,0.085,0.028,0.888
825500,0.098,0.028,0.875
826000,0.099,0.031,0.870
826500,0.110,0.030,0.860
827000,0.092,0.026,0.882
827500,0.088,0.021,0.891
828000,0.084,0.033,0.883
828500,0.088,0.030,0.881
829000,0.067,0.041,0.892
829500,0.075,0.041,0.883
830000,0.066,0.045,0.889
830500,0.086,0.029,0.884
831000,0.088,0.042,0.870
831500,0.089,0.036,0.875
832000,0.089,0.036,0.874
832500,0.108,0.045,0.847
833000,0.089,0.030,0.881
833500,0.088,0.033,0.879
834000,0.095,0.035,0.870
834500,0.102,0.040,0.858
835000,0.084,0.028,0.888
835500,0.090,0.040,0.871
836000,0.095,0.037,0.868
836500,0.110,0.030,0.860
837000,0.081,0.054,0.865
837500,0.097,0.037,0.866
838000,0.088,0.036,0.875
838500,0.100,0.038,0.862
839000,0.084,0.032,0.884
839500,0.089,0.025,0.886
840000,0.092,0.035,0.874
840500,0.077,0.041,0.881
841000,0.105,0.029,0.865
841500,0.096,0.033,0.871
842000,0.081,0.035,0.884
842500,0.092,0.038,0.870
843000,0.102,0.029,0.868
843500,0.088,0.043,0.869
844000,0.082,0.049,0.870
844500,0.094,0.041,0.865
845000,0.072,0.041,0.886
845500,0.072,0.035,0.892
846000,0.098,0.040,0.862
846500,0.095,0.030,0.875
847000,0.089,0.036,0.875
847500,0.086,0.042,0.873
848000,0.084,0.040,0.876
848500,0.080,0.041,0.880
849000,0.091,0.046,0.862
849500,0.088,0.036,0.876
850000,0.089,0.058,0.853
850500,0.071,0.049,0.879
851000,0.092,0.055,0.853
851500,0.086,0.049,0.864
852000,0.096,0.043,0.861
852500,0.095,0.034,0.872
853000,0.097,0.036,0.867
853500,0.086,0.036,0.877
854000,0.091,0.036,0.872
854500,0.087,0.049,0.865
855000,0.086,0.048,0.866
855500,0.087,0.032,0.881
856000,0.088,0.051,0.861
856500,0.084,0.032,0.885
857000,0.093,0.030,0.877
857500,0.089,0.046,0.864
858000,0.083,0.036,0.881
858500,0.089,0.029,0.882
859000,0.081,0.029,0.891
859500,0.108,0.033,0.859
860000,0.105,0.032,0.862
860500,0.102,0.029,0.869
861000,0.107,0.025,0.868
861500,0.101,0.039,0.860
862000,0.104,0.033,0.862
862500,0.108,0.029,0.863
863000,0.107,0.032,0.861
863500,0.102,0.035,0.862
864000,0.086,0.053,0.861
864500,0.072,0.051,0.876
865000,0.072,0.052,0.875
865500,0.082,0.044,0.874
866000,0.080,0.053,0.867
866500,0.084,0.033,0.883
867000,0.093,0.025,0.883
867500,0.110,0.023,0.867
868000,0.094,0.034,0.873
868500,0.097,0.030,0.873
869000,0.095,0.023,0.882
869500,0.090,0.021,0.889
870000,0.091,0.043,0.865
870500,0.088,0.045,0.867
871000,0.085,0.037,0.878
871500,0.078,0.037,0.885
872000,0.079,0.038,0.883
872500,0.092,0.039,0.868
873000,0.090,0.032,0.878
873500,0.080,0.042,0.879
874000,0.066,0.054,0.879
874500,0.062,0.041,0.897
875000,0.065,0.040,0.895
875500,0.066,0.032,0.902
876000,0.077,0.039,0.883
876500,0.079,0.037,0.884
877000,0.086,0.042,0.871
877500,0.091,0.038,0.871
878000,0.096,0.029,0.875
878500,0.106,0.029,0.865
879000,0.105,0.037,0.858
879500,0.100,0.034,0.866
880000,0.110,0.026,0.864
880500,0.102,0.042,0.855
881000,0.093,0.035,0.872
881500,0.091,0.044,0.864
882000,0.123,0.033,0.844
882500,0.122,0.022,0.856
883000,0.105,0.028,0.867
883500,0.102,0.023,0.875
884000,0.113,0.032,0.856
884500,0.105,0.034,0.861
885000,0.107,0.039,0.853
885500,0.117,0.036,0.847
886000,0.091,0.039,0.870
886500,0.101,0.029,0.870
887000,0.093,0.029,0.879
887500,0.091,0.034,0.876
888000,0.082,0.056,0.862
888500,0.086,0.032,0.882
889000,0.074,0.043,0.882
889500,0.080,0.050,0.870
890000,0.074,0.059,0.866
890500,0.086,0.049,0.865
891000,0.103,0.036,0.861
891500,0.091,0.032,0.877
892000,0.102,0.040,0.858
892500,0.099,0.050,0.852
893000,0.087,0.051,0.862
893500,0.081,0.035,0.884
894000,0.083,0.041,0.876
894500,0.100,0.038,0.862
895000,0.103,0.045,0.851
895500,0.102,0.045,0.853
896000,0.092,0.038,0.870
896500,0.088,0.033,0.880
897000,0.087,0.044,0.868
897500,0.086,0.046,0.867
898000,0.097,0.045,0.858
898500,0.081,0.055,0.864
899000,0.077,0.046,0.877
899500,0.089,0.042,0.869
900000,0.079,0.043,0.879
900500,0.074,0.040,0.886
901000,0.077,0.045,0.878
901500,0.086,0.034,0.880
902000,0.082,0.047,0.871
902500,0.069,0.043,0.889
903000,0.097,0.029,0.875
903500,0.101,0.031,0.868
904000,0.085,0.029,0.886
904500,0.090,0.024,0.886
905000,0.086,0.032,0.881
905500,0.092,0.035,0.873
906000,0.086,0.051,0.863
906500,0.090,0.044,0.865
907000,0.084,0.056,0.860
907500,0.082,0.034,0.884
908000,0.086,0.057,0.857
908500,0.069,0.045,0.886
909000,0.070,0.053,0.876
909500,0.065,0.038,0.897
910000,0.068,0.051,0.881
910500,0.091,0.037,0.871
911000,0.068,0.043,0.889
911500,0.064,0.048,0.888
912000,0.083,0.036,0.881
912500,0.085,0.035,0.880
913000,0.109,0.027,0.864
913500,0.106,0.029,0.864
914000,0.082,0.018,0.900
914500,0.089,0.031,0.880
915000,0.086,0.052,0.862
915500,0.069,0.070,0.862
916000,0.068,0.061,0.871
916500,0.067,0.051,0.882
917000,0.077,0.046,0.876
917500,0.101,0.040,0.859
918000,0.092,0.038,0.869
918500,0.083,0.022,0.895
919000,0.099,0.036,0.865
919500,0.101,0.043,0.857
920000,0.073,0.042,0.884
920500,0.091,0.040,0.869
921000,0.087,0.028,0.884
921500,0.112,0.026,0.862
922000,0.123,0.029,0.848
922500,0.112,0.023,0.865
923000,0.121,0.025,0.854
923500,0.095,0.040,0.865
924000,0.105,0.037,0.857
924500,0.098,0.036,0.866
925000,0.090,0.021,0.888
925500,0.092,0.014,0.894
926000,0.096,0.017,0.888
926500,0.091,0.012,0.896
927000,0.084,0.032,0.884
927500,0.081,0.042,0.877
928000,0.074,0.046,0.880
928500,0.086,0.056,0.859
929000,0.092,0.041,0.866
929500,0.095,0.040,0.865
930000,0.078,0.041,0.881
930500,0.080,0.057,0.864
931000,0.088,0.043,0.869
931500,0.101,0.038,0.861
932000,0.100,0.023,0.877
932500,0.099,0.041,0.861
933000,0.091,0.053,0.855
933500,0.079,0.035,0.887
934000,0.079,0.046,0.875
934500,0.103,0.045,0.852
935000,0.097,0.047,0.856
935500,0.086,0.039,0.875
936000,0.096,0.033,0.872
936500,0.096,0.041,0.863
937000,0.088,0.025,0.887
937500,0.081,0.049,0.870
938000,0.076,0.052,0.871
938500,0.065,0.051,0.884
939000,0.071,0.056,0.872
939500,0.078,0.049,0.873
940000,0.076,0.053,0.871
940500,0.083,0.042,0.875
941000,0.083,0.054,0.863
941500,0.104,0.038,0.857
942000,0.093,0.035,0.872
942500,0.071,0.027,0.901
943000,0.099,0.025,0.876
943500,0.085,0.035,0.881
944000,0.087,0.033,0.880
944500,0.109,0.025,0.867
945000,0.105,0.032,0.862
945500,0.110,0.025,0.865
946000,0.129,0.025,0.847
946500,0.102,0.032,0.866
947000,0.096,0.040,0.865
947500,0.096,0.042,0.863
948000,0.096,0.046,0.858
948500,0.101,0.036,0.863
949000,0.095,0.044,0.861
949500,0.083,0.038,0.879
950000,0.104,0.029,0.867
950500,0.108,0.024,0.869
951000,0.088,0.020,0.891
951500,0.100,0.025,0.875
952000,0.109,0.025,0.867
952500,0.090,0.033,0.877
953000,0.083,0.040,0.877
953500,0.087,0.036,0.877
954000,0.090,0.044,0.865
954500,0.105,0.035,0.860
955000,0.094,0.035,0.872
955500,0.083,0.026,0.891
956000,0.099,0.025,0.876
956500,0.100,0.040,0.861
957000,0.109,0.029,0.862
957500,0.097,0.042,0.861
958000,0.085,0.038,0.877
958500,0.092,0.034,0.873
959000,0.079,0.043,0.878
959500,0.096,0.042,0.863
960000,0.102,0.043,0.855
960500,0.094,0.034,0.872
961000,0.071,0.033,0.895
961500,0.087,0.036,0.877
962000,0.077,0.042,0.881
962500,0.096,0.040,0.865
963000,0.085,0.035,0.880
963500,0.084,0.040,0.877
964000,0.081,0.037,0.882
964500,0.104,0.032,0.864
965000,0.106,0.030,0.863
965500,0.097,0.021,0.882
966000,0.089,0.029,0.881
966500,0.098,0.019,0.883
967000,0.096,0.029,0.875
967500,0.102,0.036,0.862
968000,0.095,0.037,0.868
968500,0.075,0.034,0.891
969000,0.106,0.034,0.861
969500,0.090,0.043,0.866
970000,0.083,0.033,0.884
970500,0.086,0.043,0.870
971000,0.081,0.043,0.877
971500,0.073,0.038,0.888
972000,0.082,0.029,0.889
972500,0.089,0.041,0.870
973000,0.087,0.029,0.884
973500,0.102,0.034,0.865
974000,0.094,0.035,0.871
974500,0.087,0.043,0.869
975000,0.095,0.045,0.860
975500,0.083,0.041,0.876
976000,0.073,0.044,0.882
976500,0.081,0.045,0.874
977000,0.087,0.056,0.857
977500,0.089,0.049,0.862
978000,0.096,0.044,0.860
978500,0.077,0.059,0.864
979000,0.087,0.051,0.862
979500,0.076,0.058,0.866
980000,0.089,0.044,0.866
980500,0.105,0.035,0.861
981000,0.102,0.028,0.871
981500,0.103,0.030,0.866
982000,0.113,0.022,0.865
982500,0.112,0.034,0.855
983000,0.094,0.053,0.853
983500,0.095,0.046,0.859
984000,0.088,0.049,0.863
984500,0.078,0.052,0.870
985000,0.085,0.053,0.862
985500,0.081,0.050,0.870
986000,0.083,0.050,0.868
986500,0.089,0.037,0.874
987000,0.084,0.043,0.873
987500,0.102,0.044,0.854
988000,0.077,0.039,0.884
988500,0.095,0.040,0.865
989000,0.088,0.022,0.890
989500,0.108,0.027,0.864
990000,0.102,0.029,0.869
990500,0.096,0.033,0.871
991000,0.096,0.039,0.865
991500,0.097,0.041,0.863
992000,0.103,0.039,0.857
992500,0.091,0.038,0.871
993000,0.073,0.044,0.883
993500,0.064,0.040,0.896
994000,0.080,0.043,0.877
994500,0.076,0.047,0.876
995000,0.066,0.047,0.887
995500,0.079,0.073,0.849
996000,0.084,0.075,0.841
996500,0.075,0.064,0.861
997000,0.076,0.059,0.865
997500,0.083,0.052,0.865
998000,0.089,0.037,0.873
998500,0.090,0.048,0.863
999000,0.083,0.035,0.882
999500,0.082,0.035,0.883
1000000,0.086,0.037,0.877
