time,n_A+p,n_B,n_AB
500,0.059,0.206,0.735
1000,0.454,0.003,0.543
1500,0.807,0.000,0.193
2000,0.868,0.000,0.132
2500,0.720,0.000,0.280
3000,0.632,0.000,0.368
3500,0.645,0.000,0.355
4000,0.751,0.000,0.249
4500,0.684,0.000,0.316
5000,0.705,0.000,0.295
5500,0.688,0.000,0.312
6000,0.658,0.000,0.342
6500,0.613,0.000,0.387
7000,0.620,0.000,0.380
7500,0.693,0.000,0.307
8000,0.797,0.000,0.203
8500,0.730,0.000,0.270
9000,0.637,0.000,0.363
9500,0.713,0.000,0.287
10000,0.863,0.000,0.137
10500,0.960,0.000,0.040
11000,0.992,0.000,0.008
11500,0.999,0.000,0.001
12000,1.000,0.000,0.000
