time,n_A+p,n_B,n_AB
100,0.030,0.968,0.002
200,0.030,0.950,0.020
300,0.030,0.947,0.023
400,0.030,0.907,0.063
500,0.030,0.909,0.061
600,0.030,0.879,0.091
700,0.030,0.870,0.100
800,0.030,0.852,0.118
900,0.030,0.817,0.153
1000,0.030,0.803,0.167
1100,0.032,0.751,0.217
1200,0.033,0.712,0.255
1300,0.034,0.626,0.340
1400,0.036,0.593,0.371
1500,0.036,0.553,0.411
1600,0.035,0.497,0.468
1700,0.039,0.436,0.525
1800,0.050,0.421,0.529
1900,0.043,0.357,0.600
2000,0.050,0.349,0.601
2100,0.047,0.338,0.615
2200,0.048,0.301,0.651
2300,0.056,0.281,0.663
2400,0.061,0.253,0.686
2500,0.076,0.204,0.720
2600,0.079,0.175,0.746
2700,0.079,0.201,0.720
2800,0.079,0.196,0.725
2900,0.073,0.223,0.704
3000,0.069,0.209,0.722
3100,0.076,0.218,0.706
3200,0.080,0.204,0.716
3300,0.082,0.165,0.753
3400,0.064,0.182,0.754
3500,0.064,0.203,0.733
3600,0.059,0.180,0.761
3700,0.076,0.212,0.712
3800,0.069,0.228,0.703
3900,0.069,0.210,0.721
4000,0.076,0.235,0.689
4100,0.093,0.228,0.679
4200,0.078,0.195,0.727
4300,0.076,0.169,0.755
4400,0.073,0.155,0.772
4500,0.070,0.184,0.746
4600,0.065,0.167,0.768
4700,0.073,0.173,0.754
4800,0.069,0.155,0.776
4900,0.077,0.140,0.783
5000,0.081,0.137,0.782
5100,0.095,0.139,0.766
5200,0.093,0.132,0.775
5300,0.107,0.105,0.788
5400,0.137,0.090,0.773
5500,0.109,0.090,0.801
5600,0.131,0.073,0.796
5700,0.177,0.079,0.744
5800,0.182,0.062,0.756
5900,0.164,0.051,0.785
6000,0.173,0.052,0.775
6100,0.217,0.063,0.720
6200,0.214,0.066,0.720
6300,0.257,0.060,0.683
6400,0.287,0.062,0.651
6500,0.319,0.048,0.633
6600,0.335,0.042,0.623
6700,0.296,0.034,0.670
6800,0.297,0.033,0.670
6900,0.289,0.039,0.672
7000,0.279,0.033,0.688
7100,0.326,0.028,0.646
7200,0.358,0.021,0.621
7300,0.406,0.018,0.576
7400,0.422,0.019,0.559
7500,0.458,0.017,0.525
7600,0.453,0.016,0.531
7700,0.485,0.024,0.491
7800,0.443,0.018,0.539
7900,0.404,0.017,0.579
8000,0.386,0.030,0.584
8100,0.398,0.026,0.576
8200,0.401,0.028,0.571
8300,0.385,0.027,0.588
8400,0.381,0.017,0.602
8500,0.457,0.024,0.519
8600,0.443,0.022,0.535
8700,0.411,0.013,0.576
8800,0.416,0.018,0.566
8900,0.430,0.014,0.556
9000,0.458,0.012,0.530
9100,0.451,0.034,0.515
9200,0.466,0.030,0.504
9300,0.449,0.019,0.532
9400,0.477,0.024,0.499
9500,0.443,0.022,0.535
9600,0.404,0.023,0.573
9700,0.342,0.021,0.637
9800,0.372,0.017,0.611
9900,0.346,0.028,0.626
10000,0.406,0.031,0.563
10100,0.460,0.026,0.514
10200,0.412,0.034,0.554
10300,0.412,0.021,0.567
10400,0.421,0.007,0.572
10500,0.388,0.008,0.604
10600,0.413,0.011,0.576
10700,0.432,0.010,0.558
10800,0.461,0.015,0.524
10900,0.462,0.012,0.526
11000,0.494,0.009,0.497
11100,0.550,0.006,0.444
11200,0.496,0.003,0.501
11300,0.525,0.003,0.472
11400,0.525,0.007,0.468
11500,0.554,0.007,0.439
11600,0.589,0.006,0.405
11700,0.576,0.005,0.419
11800,0.621,0.003,0.376
11900,0.646,0.001,0.353
12000,0.632,0.000,0.368
12100,0.668,0.001,0.331
12200,0.626,0.001,0.373
12300,0.597,0.002,0.401
12400,0.591,0.004,0.405
12500,0.617,0.004,0.379
12600,0.615,0.006,0.379
12700,0.574,0.003,0.423
12800,0.588,0.004,0.408
12900,0.616,0.003,0.381
13000,0.585,0.003,0.412
13100,0.572,0.004,0.424
13200,0.566,0.008,0.426
13300,0.549,0.009,0.442
13400,0.530,0.006,0.464
13500,0.507,0.010,0.483
13600,0.498,0.011,0.491
13700,0.475,0.006,0.519
13800,0.477,0.009,0.514
13900,0.554,0.007,0.439
14000,0.574,0.007,0.419
14100,0.604,0.007,0.389
14200,0.611,0.004,0.385
14300,0.613,0.007,0.380
14400,0.630,0.002,0.368
14500,0.582,0.004,0.414
14600,0.560,0.012,0.428
14700,0.527,0.009,0.464
14800,0.451,0.009,0.540
14900,0.453,0.020,0.527
15000,0.458,0.021,0.521
15100,0.401,0.023,0.576
15200,0.381,0.023,0.596
15300,0.372,0.021,0.607
15400,0.420,0.015,0.565
15500,0.478,0.020,0.502
15600,0.437,0.022,0.541
15700,0.470,0.014,0.516
15800,0.484,0.008,0.508
15900,0.493,0.006,0.501
16000,0.527,0.005,0.468
16100,0.490,0.005,0.505
16200,0.454,0.009,0.537
16300,0.433,0.004,0.563
16400,0.455,0.008,0.537
16500,0.372,0.008,0.620
16600,0.372,0.011,0.617
16700,0.379,0.015,0.606
16800,0.396,0.018,0.586
16900,0.452,0.015,0.533
17000,0.459,0.012,0.529
17100,0.419,0.014,0.567
17200,0.394,0.019,0.587
17300,0.418,0.020,0.562
17400,0.401,0.012,0.587
17500,0.424,0.006,0.570
17600,0.421,0.012,0.567
17700,0.459,0.013,0.528
17800,0.466,0.011,0.523
17900,0.470,0.005,0.525
18000,0.460,0.005,0.535
18100,0.419,0.008,0.573
18200,0.462,0.010,0.528
18300,0.501,0.007,0.492
18400,0.489,0.011,0.500
18500,0.503,0.005,0.492
18600,0.537,0.007,0.456
18700,0.561,0.008,0.431
18800,0.526,0.008,0.466
18900,0.545,0.009,0.446
19000,0.518,0.009,0.473
19100,0.502,0.005,0.493
19200,0.522,0.004,0.474
19300,0.444,0.003,0.553
19400,0.459,0.010,0.531
19500,0.483,0.008,0.509
19600,0.544,0.004,0.452
19700,0.562,0.005,0.433
19800,0.540,0.003,0.457
19900,0.584,0.001,0.415
20000,0.552,0.001,0.447
20100,0.543,0.006,0.451
20200,0.530,0.007,0.463
20300,0.521,0.008,0.471
20400,0.528,0.008,0.464
20500,0.506,0.004,0.490
20600,0.512,0.002,0.486
20700,0.466,0.001,0.533
20800,0.490,0.003,0.507
20900,0.545,0.003,0.452
21000,0.610,0.002,0.388
21100,0.664,0.005,0.331
21200,0.660,0.004,0.336
21300,0.681,0.006,0.313
21400,0.688,0.007,0.305
21500,0.639,0.006,0.355
21600,0.613,0.002,0.385
21700,0.573,0.003,0.424
21800,0.579,0.009,0.412
21900,0.609,0.008,0.383
22000,0.638,0.005,0.357
22100,0.663,0.008,0.329
22200,0.673,0.009,0.318
22300,0.655,0.008,0.337
22400,0.727,0.009,0.264
22500,0.735,0.009,0.256
22600,0.670,0.008,0.322
22700,0.689,0.009,0.302
22800,0.681,0.008,0.311
22900,0.605,0.003,0.392
23000,0.688,0.003,0.309
23100,0.686,0.002,0.312
23200,0.727,0.002,0.271
23300,0.623,0.002,0.375
23400,0.662,0.001,0.337
23500,0.655,0.002,0.343
23600,0.666,0.002,0.332
23700,0.637,0.004,0.359
23800,0.659,0.004,0.337
23900,0.645,0.002,0.353
24000,0.652,0.002,0.346
24100,0.652,0.001,0.347
24200,0.663,0.004,0.333
24300,0.631,0.008,0.361
24400,0.603,0.003,0.394
24500,0.590,0.004,0.406
24600,0.586,0.001,0.413
24700,0.575,0.003,0.422
24800,0.631,0.007,0.362
24900,0.594,0.006,0.400
25000,0.560,0.004,0.436
25100,0.504,0.005,0.491
25200,0.497,0.002,0.501
25300,0.522,0.007,0.471
25400,0.540,0.007,0.453
25500,0.528,0.007,0.465
25600,0.567,0.004,0.429
25700,0.588,0.004,0.408
25800,0.613,0.004,0.383
25900,0.601,0.005,0.394
26000,0.555,0.004,0.441
26100,0.577,0.003,0.420
26200,0.570,0.012,0.418
26300,0.530,0.005,0.465
26400,0.573,0.003,0.424
26500,0.590,0.002,0.408
26600,0.604,0.000,0.396
26700,0.676,0.000,0.324
26800,0.678,0.000,0.322
26900,0.615,0.000,0.385
27000,0.669,0.000,0.331
27100,0.691,0.000,0.309
27200,0.714,0.000,0.286
27300,0.690,0.001,0.309
27400,0.716,0.000,0.284
27500,0.770,0.000,0.230
27600,0.779,0.000,0.221
27700,0.766,0.002,0.232
27800,0.761,0.001,0.238
27900,0.778,0.001,0.221
28000,0.782,0.000,0.218
28100,0.808,0.000,0.192
28200,0.839,0.000,0.161
28300,0.815,0.000,0.185
28400,0.798,0.000,0.202
28500,0.761,0.000,0.239
28600,0.755,0.000,0.245
28700,0.759,0.000,0.241
28800,0.759,0.000,0.241
28900,0.763,0.001,0.236
29000,0.746,0.001,0.253
29100,0.773,0.000,0.227
29200,0.703,0.000,0.297
29300,0.715,0.000,0.285
29400,0.700,0.002,0.298
29500,0.670,0.001,0.329
29600,0.607,0.002,0.391
29700,0.617,0.002,0.381
29800,0.595,0.009,0.396
29900,0.573,0.009,0.418
30000,0.554,0.006,0.440
30100,0.568,0.006,0.426
30200,0.570,0.005,0.425
30300,0.564,0.006,0.430
30400,0.566,0.007,0.427
30500,0.580,0.007,0.413
30600,0.495,0.010,0.495
30700,0.574,0.006,0.420
30800,0.553,0.006,0.441
30900,0.594,0.003,0.403
31000,0.562,0.003,0.435
31100,0.550,0.006,0.444
31200,0.604,0.008,0.388
31300,0.644,0.005,0.351
31400,0.565,0.004,0.431
31500,0.568,0.006,0.426
31600,0.564,0.013,0.423
31700,0.556,0.012,0.432
31800,0.595,0.007,0.398
31900,0.611,0.008,0.381
32000,0.566,0.008,0.426
32100,0.612,0.012,0.376
32200,0.610,0.008,0.382
32300,0.608,0.006,0.386
32400,0.541,0.011,0.448
32500,0.511,0.007,0.482
32600,0.499,0.005,0.496
32700,0.540,0.004,0.456
32800,0.582,0.011,0.407
32900,0.505,0.007,0.488
33000,0.497,0.009,0.494
33100,0.455,0.013,0.532
33200,0.471,0.010,0.519
33300,0.494,0.009,0.497
33400,0.528,0.007,0.465
33500,0.507,0.009,0.484
33600,0.556,0.008,0.436
33700,0.567,0.008,0.425
33800,0.572,0.002,0.426
33900,0.562,0.002,0.436
34000,0.589,0.006,0.405
34100,0.565,0.006,0.429
34200,0.612,0.006,0.382
34300,0.622,0.005,0.373
34400,0.591,0.004,0.405
34500,0.654,0.010,0.336
34600,0.675,0.005,0.320
34700,0.693,0.004,0.303
34800,0.700,0.004,0.296
34900,0.700,0.005,0.295
35000,0.696,0.004,0.300
35100,0.687,0.004,0.309
35200,0.674,0.002,0.324
35300,0.720,0.004,0.276
35400,0.719,0.001,0.280
35500,0.735,0.000,0.265
35600,0.765,0.000,0.235
35700,0.734,0.000,0.266
35800,0.681,0.000,0.319
35900,0.672,0.005,0.323
36000,0.611,0.002,0.387
36100,0.640,0.000,0.360
36200,0.669,0.000,0.331
36300,0.637,0.000,0.363
36400,0.668,0.001,0.331
36500,0.696,0.000,0.304
36600,0.696,0.000,0.304
36700,0.663,0.002,0.335
36800,0.619,0.006,0.375
36900,0.573,0.011,0.416
37000,0.514,0.013,0.473
37100,0.484,0.007,0.509
37200,0.499,0.008,0.493
37300,0.515,0.008,0.477
37400,0.486,0.010,0.504
37500,0.532,0.008,0.460
37600,0.498,0.009,0.493
37700,0.445,0.016,0.539
37800,0.417,0.013,0.570
37900,0.441,0.018,0.541
38000,0.431,0.024,0.545
38100,0.391,0.012,0.597
38200,0.382,0.012,0.606
38300,0.428,0.011,0.561
38400,0.456,0.010,0.534
38500,0.465,0.008,0.527
38600,0.460,0.008,0.532
38700,0.424,0.009,0.567
38800,0.492,0.012,0.496
38900,0.495,0.009,0.496
39000,0.505,0.008,0.487
39100,0.477,0.006,0.517
39200,0.488,0.010,0.502
39300,0.436,0.012,0.552
39400,0.416,0.016,0.568
39500,0.442,0.014,0.544
39600,0.423,0.010,0.567
39700,0.388,0.010,0.602
39800,0.453,0.006,0.541
39900,0.451,0.006,0.543
40000,0.453,0.008,0.539
40100,0.478,0.009,0.513
40200,0.491,0.007,0.502
40300,0.454,0.014,0.532
40400,0.413,0.019,0.568
40500,0.405,0.015,0.580
40600,0.346,0.016,0.638
40700,0.364,0.012,0.624
40800,0.327,0.018,0.655
40900,0.346,0.019,0.635
41000,0.340,0.018,0.642
41100,0.374,0.015,0.611
41200,0.340,0.010,0.650
41300,0.348,0.015,0.637
41400,0.350,0.015,0.635
41500,0.371,0.018,0.611
41600,0.295,0.011,0.694
41700,0.312,0.026,0.662
41800,0.319,0.020,0.661
41900,0.340,0.017,0.643
42000,0.349,0.024,0.627
42100,0.362,0.022,0.616
42200,0.379,0.022,0.599
42300,0.429,0.013,0.558
42400,0.478,0.013,0.509
42500,0.470,0.013,0.517
42600,0.433,0.015,0.552
42700,0.390,0.019,0.591
42800,0.407,0.012,0.581
42900,0.445,0.009,0.546
43000,0.447,0.008,0.545
43100,0.470,0.008,0.522
43200,0.525,0.008,0.467
43300,0.576,0.006,0.418
43400,0.561,0.007,0.432
43500,0.602,0.004,0.394
43600,0.602,0.003,0.395
43700,0.624,0.004,0.372
43800,0.623,0.004,0.373
43900,0.568,0.006,0.426
44000,0.583,0.003,0.414
44100,0.595,0.006,0.399
44200,0.618,0.006,0.376
44300,0.599,0.008,0.393
44400,0.578,0.004,0.418
44500,0.585,0.004,0.411
44600,0.611,0.003,0.386
44700,0.613,0.007,0.380
44800,0.632,0.002,0.366
44900,0.614,0.002,0.384
45000,0.585,0.002,0.413
45100,0.587,0.003,0.410
45200,0.623,0.002,0.375
45300,0.621,0.005,0.374
45400,0.661,0.004,0.335
45500,0.642,0.004,0.354
45600,0.602,0.005,0.393
45700,0.614,0.004,0.382
45800,0.626,0.005,0.369
45900,0.645,0.005,0.350
46000,0.663,0.008,0.329
46100,0.687,0.004,0.309
46200,0.657,0.005,0.338
46300,0.666,0.005,0.329
46400,0.671,0.006,0.323
46500,0.704,0.004,0.292
46600,0.656,0.002,0.342
46700,0.708,0.002,0.290
46800,0.643,0.001,0.356
46900,0.608,0.000,0.392
47000,0.577,0.000,0.423
47100,0.518,0.003,0.479
47200,0.490,0.006,0.504
47300,0.522,0.005,0.473
47400,0.491,0.004,0.505
47500,0.537,0.002,0.461
47600,0.560,0.006,0.434
47700,0.525,0.007,0.468
47800,0.543,0.008,0.449
47900,0.559,0.014,0.427
48000,0.508,0.012,0.480
48100,0.456,0.010,0.534
48200,0.445,0.018,0.537
48300,0.418,0.022,0.560
48400,0.385,0.021,0.594
48500,0.441,0.018,0.541
48600,0.429,0.030,0.541
48700,0.404,0.033,0.563
48800,0.433,0.022,0.545
48900,0.450,0.015,0.535
49000,0.463,0.010,0.527
49100,0.481,0.009,0.510
49200,0.479,0.011,0.510
49300,0.487,0.009,0.504
49400,0.502,0.006,0.492
49500,0.528,0.008,0.464
49600,0.515,0.011,0.474
49700,0.579,0.009,0.412
49800,0.622,0.009,0.369
49900,0.672,0.007,0.321
50000,0.676,0.005,0.319
50100,0.606,0.004,0.390
50200,0.602,0.003,0.395
50300,0.604,0.003,0.393
50400,0.567,0.004,0.429
50500,0.564,0.008,0.428
50600,0.634,0.005,0.361
50700,0.632,0.005,0.363
50800,0.643,0.005,0.352
50900,0.622,0.009,0.369
51000,0.678,0.006,0.316
51100,0.641,0.006,0.353
51200,0.669,0.003,0.328
51300,0.694,0.000,0.306
51400,0.715,0.000,0.285
51500,0.692,0.000,0.308
51600,0.620,0.000,0.380
51700,0.579,0.006,0.415
51800,0.610,0.013,0.377
51900,0.652,0.006,0.342
52000,0.672,0.002,0.326
52100,0.628,0.002,0.370
52200,0.614,0.000,0.386
52300,0.604,0.000,0.396
52400,0.619,0.003,0.378
52500,0.618,0.003,0.379
52600,0.592,0.002,0.406
52700,0.642,0.000,0.358
52800,0.598,0.001,0.401
52900,0.559,0.001,0.440
53000,0.531,0.010,0.459
53100,0.575,0.009,0.416
53200,0.578,0.010,0.412
53300,0.511,0.007,0.482
53400,0.519,0.006,0.475
53500,0.521,0.003,0.476
53600,0.595,0.001,0.404
53700,0.629,0.001,0.370
53800,0.627,0.007,0.366
53900,0.641,0.005,0.354
54000,0.628,0.004,0.368
54100,0.581,0.003,0.416
54200,0.612,0.003,0.385
54300,0.555,0.001,0.444
54400,0.553,0.000,0.447
54500,0.531,0.007,0.462
54600,0.548,0.005,0.447
54700,0.571,0.004,0.425
54800,0.548,0.004,0.448
54900,0.506,0.004,0.490
55000,0.445,0.007,0.548
55100,0.480,0.012,0.508
55200,0.491,0.010,0.499
55300,0.537,0.009,0.454
55400,0.608,0.005,0.387
55500,0.573,0.007,0.420
55600,0.561,0.019,0.420
55700,0.495,0.017,0.488
55800,0.524,0.017,0.459
55900,0.493,0.017,0.490
56000,0.461,0.020,0.519
56100,0.460,0.016,0.524
56200,0.433,0.012,0.555
56300,0.464,0.016,0.520
56400,0.453,0.016,0.531
56500,0.476,0.013,0.511
56600,0.501,0.018,0.481
56700,0.508,0.014,0.478
56800,0.467,0.010,0.523
56900,0.471,0.011,0.518
57000,0.460,0.014,0.526
57100,0.453,0.009,0.538
57200,0.445,0.011,0.544
57300,0.442,0.011,0.547
57400,0.466,0.013,0.521
57500,0.418,0.007,0.575
57600,0.387,0.010,0.603
57700,0.400,0.017,0.583
57800,0.420,0.013,0.567
57900,0.404,0.011,0.585
58000,0.416,0.015,0.569
58100,0.436,0.017,0.547
58200,0.419,0.015,0.566
58300,0.416,0.013,0.571
58400,0.502,0.011,0.487
58500,0.528,0.006,0.466
58600,0.533,0.013,0.454
58700,0.506,0.007,0.487
58800,0.559,0.009,0.432
58900,0.512,0.005,0.483
59000,0.481,0.007,0.512
59100,0.504,0.006,0.490
59200,0.534,0.008,0.458
59300,0.549,0.004,0.447
59400,0.517,0.007,0.476
59500,0.528,0.007,0.465
59600,0.560,0.003,0.437
59700,0.539,0.010,0.451
59800,0.552,0.006,0.442
59900,0.541,0.006,0.453
60000,0.522,0.002,0.476
60100,0.457,0.006,0.537
60200,0.440,0.006,0.554
60300,0.532,0.009,0.459
60400,0.502,0.007,0.491
60500,0.451,0.012,0.537
60600,0.475,0.011,0.514
60700,0.473,0.007,0.520
60800,0.529,0.002,0.469
60900,0.519,0.004,0.477
61000,0.513,0.005,0.482
61100,0.535,0.001,0.464
61200,0.565,0.005,0.430
61300,0.600,0.007,0.393
61400,0.604,0.002,0.394
61500,0.629,0.001,0.370
61600,0.559,0.004,0.437
61700,0.576,0.008,0.416
61800,0.594,0.007,0.399
61900,0.540,0.005,0.455
62000,0.526,0.002,0.472
62100,0.500,0.003,0.497
62200,0.472,0.008,0.520
62300,0.484,0.015,0.501
62400,0.457,0.018,0.525
62500,0.463,0.014,0.523
62600,0.505,0.010,0.485
62700,0.514,0.008,0.478
62800,0.521,0.007,0.472
62900,0.522,0.008,0.470
63000,0.489,0.005,0.506
63100,0.489,0.006,0.505
63200,0.440,0.008,0.552
63300,0.415,0.014,0.571
63400,0.459,0.010,0.531
63500,0.470,0.009,0.521
63600,0.496,0.005,0.499
63700,0.426,0.009,0.565
63800,0.466,0.009,0.525
63900,0.465,0.008,0.527
64000,0.445,0.006,0.549
64100,0.423,0.007,0.570
64200,0.411,0.008,0.581
64300,0.416,0.005,0.579
64400,0.465,0.003,0.532
64500,0.476,0.006,0.518
64600,0.524,0.011,0.465
64700,0.522,0.013,0.465
64800,0.494,0.013,0.493
64900,0.497,0.008,0.495
65000,0.492,0.014,0.494
65100,0.517,0.012,0.471
65200,0.524,0.016,0.460
65300,0.506,0.014,0.480
65400,0.488,0.016,0.496
65500,0.491,0.007,0.502
65600,0.506,0.004,0.490
65700,0.586,0.004,0.410
65800,0.609,0.007,0.384
65900,0.640,0.004,0.356
66000,0.629,0.003,0.368
66100,0.581,0.003,0.416
66200,0.600,0.003,0.397
66300,0.582,0.001,0.417
66400,0.556,0.002,0.442
66500,0.560,0.007,0.433
66600,0.558,0.011,0.431
66700,0.553,0.006,0.441
66800,0.591,0.004,0.405
66900,0.617,0.002,0.381
67000,0.658,0.002,0.340
67100,0.597,0.001,0.402
67200,0.569,0.001,0.430
67300,0.578,0.006,0.416
67400,0.565,0.004,0.431
67500,0.552,0.002,0.446
67600,0.509,0.006,0.485
67700,0.455,0.007,0.538
67800,0.402,0.005,0.593
67900,0.409,0.006,0.585
68000,0.407,0.011,0.582
68100,0.391,0.006,0.603
68200,0.422,0.007,0.571
68300,0.359,0.012,0.629
68400,0.383,0.008,0.609
68500,0.424,0.006,0.570
68600,0.505,0.005,0.490
68700,0.532,0.002,0.466
68800,0.532,0.003,0.465
68900,0.504,0.006,0.490
69000,0.476,0.007,0.517
69100,0.487,0.005,0.508
69200,0.490,0.012,0.498
69300,0.459,0.012,0.529
69400,0.536,0.007,0.457
69500,0.537,0.006,0.457
69600,0.538,0.002,0.460
69700,0.523,0.005,0.472
69800,0.561,0.005,0.434
69900,0.606,0.003,0.391
70000,0.584,0.004,0.412
70100,0.611,0.012,0.377
70200,0.584,0.006,0.410
70300,0.546,0.005,0.449
70400,0.541,0.013,0.446
70500,0.551,0.014,0.435
70600,0.521,0.008,0.471
70700,0.519,0.008,0.473
70800,0.533,0.003,0.464
70900,0.557,0.007,0.436
71000,0.531,0.006,0.463
71100,0.511,0.006,0.483
71200,0.517,0.008,0.475
71300,0.509,0.006,0.485
71400,0.539,0.003,0.458
71500,0.512,0.005,0.483
71600,0.493,0.006,0.501
71700,0.465,0.006,0.529
71800,0.482,0.007,0.511
71900,0.472,0.003,0.525
72000,0.456,0.005,0.539
72100,0.491,0.004,0.505
72200,0.447,0.009,0.544
72300,0.445,0.004,0.551
72400,0.447,0.004,0.549
72500,0.427,0.005,0.568
72600,0.513,0.010,0.477
72700,0.512,0.005,0.483
72800,0.523,0.005,0.472
72900,0.482,0.015,0.503
73000,0.450,0.012,0.538
73100,0.417,0.010,0.573
73200,0.435,0.012,0.553
73300,0.466,0.006,0.528
73400,0.492,0.007,0.501
73500,0.411,0.010,0.579
73600,0.494,0.011,0.495
73700,0.528,0.009,0.463
73800,0.575,0.008,0.417
73900,0.621,0.003,0.376
74000,0.596,0.005,0.399
74100,0.582,0.003,0.415
74200,0.609,0.001,0.390
74300,0.627,0.001,0.372
74400,0.646,0.000,0.354
74500,0.598,0.002,0.400
74600,0.664,0.003,0.333
74700,0.627,0.002,0.371
74800,0.641,0.002,0.357
74900,0.652,0.001,0.347
75000,0.663,0.002,0.335
75100,0.631,0.003,0.366
75200,0.661,0.004,0.335
75300,0.666,0.007,0.327
75400,0.632,0.005,0.363
75500,0.658,0.008,0.334
75600,0.633,0.009,0.358
75700,0.630,0.008,0.362
75800,0.595,0.004,0.401
75900,0.597,0.005,0.398
76000,0.590,0.001,0.409
76100,0.623,0.003,0.374
76200,0.618,0.002,0.380
76300,0.606,0.003,0.391
76400,0.647,0.002,0.351
76500,0.567,0.006,0.427
76600,0.566,0.005,0.429
76700,0.543,0.005,0.452
76800,0.529,0.004,0.467
76900,0.468,0.002,0.530
77000,0.493,0.009,0.498
77100,0.490,0.014,0.496
77200,0.471,0.014,0.515
77300,0.498,0.009,0.493
77400,0.534,0.007,0.459
77500,0.559,0.009,0.432
77600,0.576,0.008,0.416
77700,0.589,0.007,0.404
77800,0.639,0.011,0.350
77900,0.656,0.006,0.338
78000,0.715,0.002,0.283
78100,0.716,0.002,0.282
78200,0.671,0.004,0.325
78300,0.649,0.006,0.345
78400,0.609,0.003,0.388
78500,0.629,0.006,0.365
78600,0.607,0.014,0.379
78700,0.616,0.006,0.378
78800,0.593,0.007,0.400
78900,0.603,0.008,0.389
79000,0.523,0.009,0.468
79100,0.520,0.007,0.473
79200,0.549,0.011,0.440
79300,0.535,0.006,0.459
79400,0.568,0.009,0.423
79500,0.584,0.007,0.409
79600,0.596,0.004,0.400
79700,0.618,0.005,0.377
79800,0.682,0.002,0.316
79900,0.716,0.002,0.282
80000,0.692,0.000,0.308
80100,0.710,0.000,0.290
80200,0.705,0.003,0.292
80300,0.694,0.002,0.304
80400,0.696,0.002,0.302
80500,0.695,0.003,0.302
80600,0.714,0.002,0.284
80700,0.679,0.000,0.321
80800,0.704,0.001,0.295
80900,0.687,0.000,0.313
81000,0.670,0.000,0.330
81100,0.699,0.000,0.301
81200,0.686,0.001,0.313
81300,0.722,0.002,0.276
81400,0.710,0.000,0.290
81500,0.775,0.000,0.225
81600,0.806,0.000,0.194
81700,0.808,0.000,0.192
81800,0.788,0.000,0.212
81900,0.800,0.000,0.200
82000,0.810,0.000,0.190
82100,0.837,0.000,0.163
82200,0.828,0.000,0.172
82300,0.826,0.000,0.174
82400,0.829,0.000,0.171
82500,0.831,0.000,0.169
82600,0.796,0.000,0.204
82700,0.788,0.000,0.212
82800,0.805,0.000,0.195
82900,0.797,0.000,0.203
83000,0.825,0.000,0.175
83100,0.803,0.000,0.197
83200,0.782,0.000,0.218
83300,0.771,0.000,0.229
83400,0.731,0.000,0.269
83500,0.779,0.000,0.221
83600,0.780,0.005,0.215
83700,0.711,0.005,0.284
83800,0.698,0.002,0.300
83900,0.658,0.001,0.341
84000,0.672,0.002,0.326
84100,0.663,0.001,0.336
84200,0.671,0.003,0.326
84300,0.707,0.003,0.290
84400,0.711,0.002,0.287
84500,0.714,0.002,0.284
84600,0.737,0.000,0.263
84700,0.722,0.000,0.278
84800,0.741,0.003,0.256
84900,0.763,0.002,0.235
85000,0.783,0.001,0.216
85100,0.810,0.001,0.189
85200,0.741,0.003,0.256
85300,0.750,0.000,0.250
85400,0.722,0.000,0.278
85500,0.736,0.000,0.264
85600,0.701,0.002,0.297
85700,0.714,0.002,0.284
85800,0.688,0.004,0.308
85900,0.695,0.002,0.303
86000,0.626,0.008,0.366
86100,0.562,0.007,0.431
86200,0.586,0.003,0.411
86300,0.570,0.003,0.427
86400,0.550,0.003,0.447
86500,0.558,0.001,0.441
86600,0.607,0.007,0.386
86700,0.619,0.005,0.376
86800,0.613,0.004,0.383
86900,0.607,0.004,0.389
87000,0.619,0.008,0.373
87100,0.604,0.006,0.390
87200,0.589,0.004,0.407
87300,0.601,0.004,0.395
87400,0.640,0.005,0.355
87500,0.634,0.005,0.361
87600,0.602,0.012,0.386
87700,0.563,0.013,0.424
87800,0.532,0.006,0.462
87900,0.605,0.007,0.388
88000,0.631,0.007,0.362
88100,0.669,0.005,0.326
88200,0.646,0.003,0.351
88300,0.697,0.002,0.301
88400,0.690,0.000,0.310
88500,0.697,0.000,0.303
88600,0.641,0.000,0.359
88700,0.664,0.000,0.336
88800,0.677,0.000,0.323
88900,0.662,0.000,0.338
89000,0.702,0.000,0.298
89100,0.685,0.000,0.315
89200,0.671,0.000,0.329
89300,0.732,0.000,0.268
89400,0.695,0.002,0.303
89500,0.656,0.002,0.342
89600,0.617,0.002,0.381
89700,0.604,0.005,0.391
89800,0.569,0.002,0.429
89900,0.556,0.000,0.444
90000,0.602,0.004,0.394
90100,0.660,0.006,0.334
90200,0.653,0.004,0.343
90300,0.643,0.005,0.352
90400,0.557,0.004,0.439
90500,0.562,0.005,0.433
90600,0.609,0.005,0.386
90700,0.593,0.004,0.403
90800,0.555,0.009,0.436
90900,0.500,0.004,0.496
91000,0.542,0.005,0.453
91100,0.580,0.006,0.414
91200,0.551,0.008,0.441
91300,0.592,0.013,0.395
91400,0.579,0.008,0.413
91500,0.517,0.008,0.475
91600,0.530,0.013,0.457
91700,0.527,0.009,0.464
91800,0.579,0.006,0.415
91900,0.593,0.006,0.401
92000,0.581,0.005,0.414
92100,0.577,0.010,0.413
92200,0.565,0.007,0.428
92300,0.580,0.004,0.416
92400,0.564,0.005,0.431
92500,0.537,0.002,0.461
92600,0.510,0.004,0.486
92700,0.493,0.001,0.506
92800,0.543,0.004,0.453
92900,0.490,0.013,0.497
93000,0.515,0.016,0.469
93100,0.573,0.012,0.415
93200,0.629,0.006,0.365
93300,0.619,0.004,0.377
93400,0.606,0.008,0.386
93500,0.602,0.006,0.392
93600,0.617,0.007,0.376
93700,0.662,0.004,0.334
93800,0.648,0.005,0.347
93900,0.599,0.002,0.399
94000,0.545,0.003,0.452
94100,0.564,0.005,0.431
94200,0.550,0.005,0.445
94300,0.543,0.005,0.452
94400,0.530,0.003,0.467
94500,0.570,0.010,0.420
94600,0.561,0.008,0.431
94700,0.510,0.006,0.484
94800,0.504,0.011,0.485
94900,0.493,0.008,0.499
95000,0.508,0.006,0.486
95100,0.495,0.008,0.497
95200,0.526,0.009,0.465
95300,0.578,0.013,0.409
95400,0.594,0.009,0.397
95500,0.592,0.010,0.398
95600,0.546,0.007,0.447
95700,0.507,0.005,0.488
95800,0.532,0.005,0.463
95900,0.506,0.004,0.490
96000,0.486,0.006,0.508
96100,0.508,0.003,0.489
96200,0.544,0.009,0.447
96300,0.534,0.006,0.460
96400,0.552,0.009,0.439
96500,0.581,0.008,0.411
96600,0.567,0.012,0.421
96700,0.503,0.008,0.489
96800,0.566,0.005,0.429
96900,0.540,0.004,0.456
97000,0.559,0.002,0.439
97100,0.516,0.007,0.477
97200,0.529,0.006,0.465
97300,0.526,0.005,0.469
97400,0.583,0.003,0.414
97500,0.581,0.004,0.415
97600,0.646,0.007,0.347
97700,0.669,0.007,0.324
97800,0.687,0.007,0.306
97900,0.681,0.005,0.314
98000,0.689,0.003,0.308
98100,0.632,0.003,0.365
98200,0.640,0.004,0.356
98300,0.626,0.007,0.367
98400,0.675,0.004,0.321
98500,0.638,0.003,0.359
98600,0.621,0.001,0.378
98700,0.615,0.003,0.382
98800,0.637,0.002,0.361
98900,0.630,0.003,0.367
99000,0.612,0.002,0.386
99100,0.610,0.004,0.386
99200,0.649,0.005,0.346
99300,0.622,0.006,0.372
99400,0.520,0.011,0.469
99500,0.473,0.010,0.517
99600,0.458,0.011,0.531
99700,0.490,0.009,0.501
99800,0.531,0.009,0.460
99900,0.535,0.008,0.457
100000,0.523,0.007,0.470
