time,n_A+p,n_B,n_AB
0,0.009,0.991,0.000
500,0.009,0.985,0.006
1000,0.009,0.983,0.008
1500,0.009,0.979,0.012
2000,0.009,0.970,0.020
2500,0.009,0.963,0.028
3000,0.012,0.959,0.029
3500,0.011,0.950,0.039
4000,0.013,0.942,0.045
4500,0.011,0.932,0.057
5000,0.011,0.902,0.087
5500,0.013,0.885,0.102
6000,0.013,0.851,0.136
6500,0.022,0.776,0.201
7000,0.036,0.727,0.237
7500,0.031,0.702,0.268
8000,0.027,0.634,0.339
8500,0.021,0.592,0.386
9000,0.023,0.578,0.398
9500,0.046,0.566,0.388
10000,0.039,0.558,0.403
10500,0.040,0.534,0.426
11000,0.069,0.523,0.408
11500,0.058,0.501,0.441
12000,0.066,0.491,0.442
12500,0.072,0.476,0.453
13000,0.076,0.457,0.468
13500,0.055,0.448,0.496
14000,0.053,0.459,0.488
14500,0.044,0.435,0.521
15000,0.053,0.459,0.488
15500,0.057,0.420,0.523
16000,0.058,0.402,0.539
16500,0.049,0.400,0.551
17000,0.048,0.387,0.565
17500,0.068,0.371,0.561
18000,0.076,0.366,0.559
18500,0.077,0.356,0.567
19000,0.070,0.365,0.565
19500,0.088,0.375,0.537
20000,0.083,0.354,0.563
20500,0.064,0.337,0.599
21000,0.056,0.346,0.598
21500,0.060,0.364,0.576
22000,0.065,0.354,0.580
22500,0.070,0.346,0.583
23000,0.077,0.347,0.576
23500,0.093,0.338,0.569
24000,0.087,0.309,0.604
24500,0.084,0.317,0.600
25000,0.091,0.322,0.587
25500,0.088,0.323,0.589
26000,0.092,0.307,0.601
26500,0.085,0.324,0.591
27000,0.091,0.334,0.575
27500,0.090,0.323,0.587
28000,0.076,0.303,0.621
28500,0.086,0.301,0.613
29000,0.081,0.304,0.615
29500,0.098,0.301,0.601
30000,0.089,0.291,0.620
30500,0.089,0.276,0.635
31000,0.090,0.266,0.645
31500,0.096,0.293,0.611
32000,0.091,0.282,0.627
32500,0.082,0.301,0.617
33000,0.080,0.274,0.647
33500,0.074,0.277,0.650
34000,0.084,0.286,0.630
34500,0.077,0.265,0.659
35000,0.084,0.296,0.620
35500,0.087,0.300,0.613
36000,0.093,0.293,0.614
36500,0.069,0.301,0.629
37000,0.051,0.296,0.653
37500,0.059,0.298,0.642
38000,0.058,0.297,0.645
38500,0.072,0.284,0.645
39000,0.082,0.302,0.616
39500,0.081,0.282,0.637
40000,0.080,0.269,0.652
40500,0.090,0.277,0.633
41000,0.095,0.307,0.598
41500,0.081,0.309,0.610
42000,0.069,0.307,0.623
42500,0.068,0.322,0.610
43000,0.076,0.318,0.607
43500,0.096,0.308,0.596
44000,0.075,0.297,0.628
44500,0.089,0.295,0.616
45000,0.091,0.289,0.620
45500,0.093,0.277,0.630
46000,0.075,0.288,0.637
46500,0.082,0.277,0.641
47000,0.092,0.271,0.637
47500,0.105,0.272,0.623
48000,0.099,0.260,0.640
48500,0.078,0.278,0.645
49000,0.084,0.272,0.645
49500,0.084,0.265,0.652
50000,0.091,0.270,0.639
50500,0.100,0.249,0.651
51000,0.094,0.242,0.664
51500,0.091,0.240,0.669
52000,0.103,0.247,0.650
52500,0.096,0.223,0.681
53000,0.090,0.234,0.676
53500,0.086,0.232,0.682
54000,0.094,0.231,0.675
54500,0.089,0.237,0.674
55000,0.111,0.225,0.664
55500,0.100,0.223,0.677
56000,0.082,0.226,0.693
56500,0.073,0.238,0.689
57000,0.078,0.230,0.693
57500,0.090,0.215,0.696
58000,0.090,0.221,0.689
58500,0.096,0.212,0.692
59000,0.087,0.225,0.688
59500,0.096,0.233,0.671
60000,0.089,0.223,0.688
60500,0.083,0.226,0.692
61000,0.082,0.219,0.700
61500,0.096,0.216,0.688
62000,0.092,0.237,0.671
62500,0.088,0.235,0.677
63000,0.081,0.234,0.685
63500,0.074,0.228,0.699
64000,0.072,0.227,0.702
64500,0.069,0.224,0.707
65000,0.078,0.217,0.706
65500,0.091,0.210,0.699
66000,0.094,0.240,0.666
66500,0.117,0.225,0.658
67000,0.115,0.215,0.670
67500,0.093,0.223,0.684
68000,0.107,0.227,0.666
68500,0.090,0.213,0.697
69000,0.105,0.215,0.680
69500,0.098,0.203,0.699
70000,0.088,0.213,0.699
70500,0.104,0.228,0.668
71000,0.103,0.215,0.682
71500,0.098,0.203,0.699
72000,0.107,0.230,0.663
72500,0.106,0.221,0.673
73000,0.157,0.220,0.623
73500,0.140,0.212,0.648
74000,0.128,0.225,0.648
74500,0.106,0.232,0.662
75000,0.102,0.229,0.669
75500,0.097,0.212,0.691
76000,0.095,0.227,0.678
76500,0.088,0.204,0.708
77000,0.077,0.204,0.719
77500,0.066,0.201,0.732
78000,0.080,0.218,0.703
78500,0.077,0.227,0.697
79000,0.089,0.232,0.679
79500,0.087,0.211,0.702
80000,0.084,0.211,0.705
80500,0.079,0.201,0.720
81000,0.077,0.203,0.720
81500,0.080,0.211,0.709
82000,0.084,0.219,0.698
82500,0.074,0.212,0.714
83000,0.070,0.223,0.707
83500,0.080,0.226,0.695
84000,0.063,0.227,0.710
84500,0.067,0.233,0.700
85000,0.101,0.231,0.668
85500,0.093,0.239,0.668
86000,0.099,0.223,0.678
86500,0.100,0.226,0.674
87000,0.089,0.221,0.691
87500,0.105,0.217,0.678
88000,0.076,0.245,0.679
88500,0.090,0.225,0.685
89000,0.107,0.205,0.687
89500,0.088,0.218,0.695
90000,0.089,0.233,0.678
90500,0.082,0.215,0.704
91000,0.076,0.213,0.711
91500,0.092,0.222,0.686
92000,0.097,0.221,0.682
92500,0.086,0.217,0.698
93000,0.079,0.224,0.698
93500,0.077,0.220,0.704
94000,0.065,0.211,0.723
94500,0.080,0.207,0.713
95000,0.082,0.212,0.706
95500,0.092,0.205,0.703
96000,0.112,0.212,0.675
96500,0.093,0.219,0.688
97000,0.093,0.202,0.705
97500,0.100,0.199,0.701
98000,0.074,0.200,0.726
98500,0.070,0.206,0.723
99000,0.067,0.196,0.736
99500,0.072,0.188,0.741
100000,0.086,0.187,0.727
100500,0.092,0.194,0.714
101000,0.088,0.195,0.717
101500,0.095,0.203,0.702
102000,0.103,0.192,0.705
102500,0.116,0.182,0.702
103000,0.103,0.175,0.722
103500,0.116,0.172,0.712
104000,0.093,0.182,0.725
104500,0.086,0.189,0.725
105000,0.092,0.177,0.731
105500,0.104,0.188,0.708
106000,0.099,0.211,0.689
106500,0.127,0.200,0.673
107000,0.106,0.202,0.692
107500,0.100,0.189,0.711
108000,0.093,0.186,0.721
108500,0.090,0.187,0.723
109000,0.095,0.189,0.716
109500,0.090,0.198,0.712
110000,0.086,0.202,0.712
110500,0.089,0.192,0.719
111000,0.096,0.196,0.708
111500,0.089,0.186,0.725
112000,0.103,0.188,0.709
112500,0.098,0.193,0.709
113000,0.110,0.176,0.714
113500,0.105,0.160,0.734
114000,0.097,0.175,0.728
114500,0.106,0.174,0.720
115000,0.114,0.169,0.717
115500,0.101,0.178,0.721
116000,0.106,0.186,0.708
116500,0.094,0.200,0.706
117000,0.110,0.197,0.693
117500,0.112,0.195,0.693
118000,0.114,0.185,0.701
118500,0.124,0.194,0.682
119000,0.118,0.210,0.671
119500,0.112,0.216,0.672
120000,0.110,0.213,0.676
120500,0.122,0.230,0.649
121000,0.131,0.208,0.661
121500,0.145,0.190,0.665
122000,0.141,0.181,0.678
122500,0.146,0.189,0.665
123000,0.132,0.195,0.673
123500,0.123,0.200,0.677
124000,0.129,0.194,0.677
124500,0.140,0.198,0.662
125000,0.146,0.187,0.667
125500,0.143,0.188,0.669
126000,0.131,0.200,0.669
126500,0.132,0.191,0.677
127000,0.133,0.165,0.702
127500,0.147,0.177,0.676
128000,0.165,0.176,0.659
128500,0.152,0.193,0.655
129000,0.147,0.181,0.672
129500,0.142,0.180,0.678
130000,0.131,0.181,0.688
130500,0.125,0.183,0.693
131000,0.118,0.188,0.694
131500,0.132,0.180,0.688
132000,0.146,0.175,0.679
132500,0.130,0.188,0.682
133000,0.114,0.186,0.700
133500,0.112,0.180,0.708
134000,0.120,0.188,0.693
134500,0.110,0.183,0.707
135000,0.102,0.179,0.719
135500,0.098,0.171,0.731
136000,0.117,0.183,0.700
136500,0.111,0.209,0.679
137000,0.101,0.208,0.691
137500,0.109,0.202,0.688
138000,0.132,0.191,0.677
138500,0.128,0.191,0.681
139000,0.132,0.205,0.663
139500,0.141,0.201,0.658
140000,0.124,0.194,0.682
140500,0.132,0.198,0.670
141000,0.123,0.196,0.681
141500,0.140,0.181,0.679
142000,0.142,0.185,0.673
142500,0.136,0.184,0.680
143000,0.112,0.194,0.694
143500,0.089,0.175,0.736
144000,0.110,0.173,0.717
144500,0.097,0.185,0.718
145000,0.113,0.185,0.702
145500,0.098,0.174,0.728
146000,0.107,0.175,0.718
146500,0.116,0.171,0.713
147000,0.125,0.168,0.708
147500,0.118,0.172,0.710
148000,0.110,0.170,0.720
148500,0.114,0.173,0.713
149000,0.106,0.176,0.718
149500,0.133,0.168,0.700
150000,0.125,0.188,0.687
150500,0.126,0.188,0.686
151000,0.117,0.187,0.696
151500,0.122,0.181,0.698
152000,0.132,0.174,0.695
152500,0.127,0.188,0.685
153000,0.106,0.191,0.703
153500,0.121,0.181,0.699
154000,0.132,0.178,0.691
154500,0.113,0.173,0.714
155000,0.105,0.196,0.699
155500,0.105,0.206,0.688
156000,0.120,0.201,0.679
156500,0.128,0.191,0.681
157000,0.132,0.213,0.655
157500,0.111,0.200,0.688
158000,0.107,0.192,0.701
158500,0.107,0.183,0.710
159000,0.117,0.170,0.713
159500,0.127,0.211,0.662
160000,0.134,0.187,0.679
160500,0.117,0.185,0.698
161000,0.122,0.179,0.700
161500,0.100,0.186,0.714
162000,0.105,0.169,0.726
162500,0.118,0.174,0.708
163000,0.121,0.174,0.706
163500,0.118,0.176,0.706
164000,0.103,0.169,0.728
164500,0.106,0.165,0.728
165000,0.101,0.160,0.739
165500,0.100,0.169,0.731
166000,0.111,0.153,0.735
166500,0.099,0.150,0.751
167000,0.100,0.157,0.743
167500,0.110,0.156,0.733
168000,0.101,0.151,0.748
168500,0.105,0.150,0.745
169000,0.103,0.149,0.748
169500,0.085,0.160,0.755
170000,0.078,0.160,0.762
170500,0.072,0.198,0.730
171000,0.094,0.193,0.713
171500,0.090,0.181,0.729
172000,0.112,0.177,0.711
172500,0.094,0.165,0.741
173000,0.095,0.146,0.759
173500,0.100,0.143,0.757
174000,0.093,0.142,0.765
174500,0.085,0.146,0.769
175000,0.081,0.172,0.748
175500,0.079,0.168,0.754
176000,0.076,0.163,0.761
176500,0.080,0.161,0.759
177000,0.083,0.161,0.756
177500,0.085,0.156,0.759
178000,0.092,0.158,0.750
178500,0.095,0.158,0.747
179000,0.117,0.155,0.727
179500,0.117,0.160,0.722
180000,0.106,0.162,0.731
180500,0.105,0.162,0.732
181000,0.112,0.161,0.726
181500,0.112,0.158,0.729
182000,0.120,0.161,0.719
182500,0.122,0.162,0.716
183000,0.140,0.158,0.702
183500,0.151,0.145,0.704
184000,0.116,0.140,0.744
184500,0.114,0.152,0.733
185000,0.111,0.147,0.742
185500,0.109,0.153,0.737
186000,0.120,0.171,0.710
186500,0.112,0.188,0.700
187000,0.129,0.186,0.685
187500,0.116,0.174,0.710
188000,0.113,0.169,0.718
188500,0.115,0.161,0.723
189000,0.109,0.178,0.713
189500,0.100,0.170,0.730
190000,0.123,0.163,0.714
190500,0.128,0.157,0.715
191000,0.101,0.160,0.739
191500,0.105,0.156,0.739
192000,0.099,0.152,0.749
192500,0.096,0.165,0.739
193000,0.124,0.150,0.726
193500,0.095,0.157,0.748
194000,0.100,0.184,0.716
194500,0.097,0.177,0.726
195000,0.101,0.180,0.719
195500,0.086,0.183,0.731
196000,0.112,0.168,0.720
196500,0.111,0.183,0.706
197000,0.108,0.185,0.707
197500,0.099,0.180,0.721
198000,0.075,0.185,0.741
198500,0.076,0.170,0.755
199000,0.082,0.163,0.755
199500,0.101,0.166,0.732
200000,0.081,0.170,0.750
200500,0.089,0.163,0.748
201000,0.091,0.154,0.755
201500,0.088,0.185,0.727
202000,0.100,0.174,0.726
202500,0.110,0.163,0.726
203000,0.126,0.178,0.697
203500,0.125,0.165,0.710
204000,0.139,0.174,0.687
204500,0.118,0.199,0.682
205000,0.106,0.191,0.703
205500,0.106,0.184,0.710
206000,0.127,0.182,0.692
206500,0.111,0.171,0.718
207000,0.125,0.162,0.713
207500,0.113,0.154,0.732
208000,0.103,0.143,0.754
208500,0.110,0.138,0.752
209000,0.107,0.151,0.742
209500,0.116,0.168,0.716
210000,0.127,0.157,0.716
210500,0.116,0.165,0.718
211000,0.117,0.153,0.729
211500,0.109,0.146,0.745
212000,0.117,0.148,0.734
212500,0.109,0.156,0.734
213000,0.129,0.181,0.691
213500,0.121,0.179,0.701
214000,0.114,0.157,0.728
214500,0.116,0.156,0.727
215000,0.114,0.154,0.731
215500,0.104,0.140,0.756
216000,0.114,0.144,0.742
216500,0.122,0.184,0.695
217000,0.121,0.179,0.701
217500,0.126,0.184,0.691
218000,0.108,0.216,0.676
218500,0.101,0.208,0.691
219000,0.110,0.192,0.698
219500,0.108,0.178,0.714
220000,0.121,0.190,0.689
220500,0.122,0.171,0.708
221000,0.110,0.170,0.720
221500,0.107,0.168,0.725
222000,0.115,0.156,0.728
222500,0.108,0.153,0.739
223000,0.113,0.159,0.727
223500,0.124,0.148,0.728
224000,0.121,0.157,0.722
224500,0.126,0.158,0.716
225000,0.110,0.159,0.730
225500,0.095,0.178,0.727
226000,0.089,0.192,0.719
226500,0.090,0.172,0.739
227000,0.103,0.170,0.727
227500,0.094,0.171,0.735
228000,0.087,0.157,0.756
228500,0.088,0.165,0.747
229000,0.124,0.152,0.724
229500,0.103,0.160,0.736
230000,0.113,0.162,0.724
230500,0.116,0.170,0.714
231000,0.121,0.168,0.712
231500,0.105,0.138,0.757
232000,0.108,0.135,0.757
232500,0.101,0.142,0.757
233000,0.099,0.148,0.753
233500,0.120,0.139,0.742
234000,0.109,0.130,0.761
234500,0.103,0.132,0.765
235000,0.109,0.131,0.760
235500,0.113,0.141,0.746
236000,0.134,0.150,0.716
236500,0.138,0.147,0.715
237000,0.133,0.159,0.708
237500,0.123,0.148,0.729
238000,0.112,0.144,0.744
238500,0.114,0.151,0.734
239000,0.123,0.148,0.729
239500,0.111,0.143,0.746
240000,0.114,0.155,0.730
240500,0.138,0.141,0.721
241000,0.104,0.137,0.759
241500,0.097,0.144,0.759
242000,0.099,0.148,0.753
242500,0.094,0.150,0.756
243000,0.095,0.158,0.747
243500,0.084,0.150,0.766
244000,0.104,0.175,0.721
244500,0.118,0.171,0.711
245000,0.125,0.166,0.709
245500,0.097,0.160,0.743
246000,0.089,0.157,0.754
246500,0.090,0.161,0.749
247000,0.078,0.170,0.753
247500,0.092,0.190,0.718
248000,0.081,0.187,0.732
248500,0.072,0.199,0.729
249000,0.081,0.182,0.737
249500,0.087,0.168,0.746
250000,0.083,0.158,0.759
250500,0.093,0.149,0.758
251000,0.101,0.143,0.756
251500,0.089,0.145,0.766
252000,0.087,0.147,0.766
252500,0.122,0.151,0.727
253000,0.113,0.151,0.735
253500,0.101,0.162,0.736
254000,0.115,0.160,0.724
254500,0.144,0.148,0.708
255000,0.129,0.150,0.721
255500,0.115,0.140,0.745
256000,0.103,0.143,0.754
256500,0.101,0.145,0.754
257000,0.098,0.150,0.752
257500,0.093,0.164,0.743
258000,0.092,0.165,0.743
258500,0.091,0.148,0.761
259000,0.085,0.150,0.765
259500,0.098,0.145,0.757
260000,0.091,0.138,0.771
260500,0.101,0.161,0.737
261000,0.131,0.141,0.728
261500,0.123,0.134,0.744
262000,0.117,0.156,0.726
262500,0.131,0.155,0.714
263000,0.143,0.144,0.713
263500,0.141,0.138,0.721
264000,0.128,0.129,0.744
264500,0.121,0.138,0.742
265000,0.129,0.135,0.736
265500,0.112,0.139,0.749
266000,0.120,0.135,0.746
266500,0.148,0.151,0.701
267000,0.143,0.139,0.718
267500,0.147,0.138,0.715
268000,0.133,0.149,0.718
268500,0.129,0.140,0.731
269000,0.121,0.142,0.737
269500,0.107,0.156,0.736
270000,0.103,0.179,0.718
270500,0.111,0.157,0.731
271000,0.133,0.184,0.683
271500,0.129,0.169,0.703
272000,0.129,0.182,0.689
272500,0.137,0.168,0.696
273000,0.134,0.182,0.684
273500,0.138,0.175,0.687
274000,0.128,0.185,0.687
274500,0.110,0.198,0.692
275000,0.130,0.183,0.687
275500,0.117,0.175,0.708
276000,0.112,0.173,0.715
276500,0.115,0.178,0.707
277000,0.113,0.161,0.725
277500,0.112,0.152,0.735
278000,0.108,0.148,0.744
278500,0.106,0.144,0.750
279000,0.144,0.144,0.712
279500,0.133,0.141,0.726
280000,0.135,0.140,0.725
280500,0.129,0.146,0.725
281000,0.133,0.148,0.719
281500,0.115,0.166,0.718
282000,0.133,0.145,0.722
282500,0.120,0.136,0.745
283000,0.116,0.137,0.747
283500,0.113,0.133,0.754
284000,0.130,0.145,0.725
284500,0.115,0.153,0.731
285000,0.116,0.146,0.737
285500,0.107,0.140,0.753
286000,0.099,0.139,0.762
286500,0.112,0.148,0.740
287000,0.128,0.135,0.737
287500,0.130,0.135,0.735
288000,0.112,0.138,0.750
288500,0.100,0.165,0.734
289000,0.097,0.158,0.745
289500,0.103,0.148,0.749
290000,0.113,0.131,0.756
290500,0.126,0.123,0.752
291000,0.123,0.123,0.755
291500,0.174,0.116,0.710
292000,0.162,0.127,0.711
292500,0.161,0.152,0.686
293000,0.154,0.151,0.695
293500,0.147,0.142,0.711
294000,0.146,0.149,0.705
294500,0.148,0.142,0.710
295000,0.148,0.133,0.719
295500,0.130,0.146,0.724
296000,0.142,0.157,0.701
296500,0.120,0.150,0.730
297000,0.124,0.150,0.726
297500,0.114,0.154,0.731
298000,0.124,0.135,0.742
298500,0.106,0.139,0.755
299000,0.127,0.135,0.739
299500,0.109,0.131,0.760
300000,0.110,0.136,0.754
300500,0.118,0.140,0.742
301000,0.117,0.144,0.739
301500,0.116,0.155,0.728
302000,0.129,0.137,0.734
302500,0.116,0.136,0.748
303000,0.117,0.122,0.761
303500,0.123,0.130,0.748
304000,0.127,0.146,0.727
304500,0.109,0.151,0.740
305000,0.101,0.139,0.760
305500,0.109,0.138,0.753
306000,0.088,0.146,0.766
306500,0.094,0.159,0.747
307000,0.115,0.164,0.720
307500,0.102,0.152,0.746
308000,0.120,0.133,0.748
308500,0.131,0.128,0.742
309000,0.129,0.133,0.739
309500,0.139,0.137,0.724
310000,0.128,0.130,0.743
310500,0.134,0.126,0.741
311000,0.123,0.135,0.743
311500,0.104,0.162,0.733
312000,0.096,0.168,0.736
312500,0.094,0.157,0.749
313000,0.103,0.164,0.732
313500,0.105,0.144,0.751
314000,0.109,0.137,0.754
314500,0.090,0.154,0.756
315000,0.103,0.153,0.744
315500,0.123,0.157,0.720
316000,0.127,0.148,0.725
316500,0.133,0.152,0.715
317000,0.122,0.157,0.721
317500,0.120,0.171,0.710
318000,0.127,0.164,0.709
318500,0.118,0.171,0.711
319000,0.115,0.168,0.717
319500,0.112,0.156,0.731
320000,0.105,0.157,0.737
320500,0.103,0.137,0.760
321000,0.102,0.161,0.736
321500,0.099,0.160,0.741
322000,0.125,0.156,0.719
322500,0.107,0.163,0.729
323000,0.102,0.183,0.715
323500,0.112,0.174,0.714
324000,0.102,0.163,0.734
324500,0.108,0.165,0.726
325000,0.103,0.171,0.726
325500,0.101,0.152,0.747
326000,0.093,0.150,0.757
326500,0.089,0.135,0.776
327000,0.087,0.151,0.762
327500,0.097,0.169,0.734
328000,0.101,0.153,0.746
328500,0.112,0.138,0.750
329000,0.098,0.131,0.771
329500,0.096,0.134,0.770
330000,0.106,0.139,0.755
330500,0.106,0.133,0.761
331000,0.112,0.140,0.748
331500,0.109,0.137,0.754
332000,0.133,0.133,0.734
332500,0.120,0.134,0.747
333000,0.110,0.131,0.759
333500,0.103,0.123,0.774
334000,0.101,0.113,0.785
334500,0.107,0.115,0.777
335000,0.111,0.124,0.765
335500,0.117,0.134,0.749
336000,0.104,0.133,0.763
336500,0.091,0.129,0.780
337000,0.096,0.134,0.770
337500,0.097,0.142,0.761
338000,0.106,0.131,0.763
338500,0.101,0.136,0.763
339000,0.086,0.142,0.772
339500,0.102,0.172,0.726
340000,0.091,0.159,0.750
340500,0.069,0.151,0.779
341000,0.076,0.155,0.769
341500,0.088,0.150,0.762
342000,0.101,0.141,0.758
342500,0.103,0.133,0.764
343000,0.092,0.146,0.762
343500,0.117,0.143,0.740
344000,0.101,0.132,0.767
344500,0.108,0.143,0.749
345000,0.104,0.135,0.761
345500,0.095,0.134,0.771
346000,0.090,0.162,0.748
346500,0.100,0.169,0.731
347000,0.094,0.189,0.717
347500,0.103,0.177,0.720
348000,0.111,0.150,0.739
348500,0.082,0.155,0.763
349000,0.111,0.160,0.728
349500,0.110,0.155,0.734
350000,0.097,0.178,0.725
350500,0.087,0.172,0.742
351000,0.104,0.166,0.729
351500,0.108,0.149,0.743
352000,0.091,0.163,0.746
352500,0.083,0.177,0.741
353000,0.094,0.151,0.755
353500,0.092,0.132,0.776
354000,0.100,0.133,0.767
354500,0.098,0.135,0.767
355000,0.101,0.152,0.747
355500,0.101,0.150,0.749
356000,0.103,0.147,0.750
356500,0.111,0.144,0.745
357000,0.110,0.154,0.735
357500,0.103,0.128,0.769
358000,0.090,0.156,0.754
358500,0.097,0.144,0.759
359000,0.081,0.163,0.756
359500,0.088,0.157,0.755
360000,0.077,0.149,0.774
360500,0.080,0.151,0.769
361000,0.101,0.137,0.762
361500,0.090,0.131,0.779
362000,0.092,0.144,0.764
362500,0.094,0.144,0.762
363000,0.105,0.130,0.765
363500,0.098,0.139,0.763
364000,0.097,0.173,0.730
364500,0.082,0.179,0.740
365000,0.085,0.178,0.737
365500,0.087,0.170,0.744
366000,0.090,0.151,0.759
366500,0.101,0.137,0.762
367000,0.105,0.127,0.768
367500,0.104,0.138,0.758
368000,0.103,0.136,0.761
368500,0.093,0.120,0.788
369000,0.106,0.116,0.777
369500,0.101,0.132,0.767
370000,0.082,0.159,0.759
370500,0.089,0.152,0.759
371000,0.088,0.134,0.778
371500,0.087,0.128,0.785
372000,0.090,0.117,0.793
372500,0.077,0.122,0.802
373000,0.074,0.110,0.816
373500,0.081,0.121,0.799
374000,0.087,0.117,0.796
374500,0.099,0.110,0.791
375000,0.108,0.127,0.765
375500,0.086,0.129,0.785
376000,0.090,0.145,0.765
376500,0.095,0.135,0.770
377000,0.124,0.136,0.741
377500,0.123,0.140,0.737
378000,0.113,0.126,0.761
378500,0.106,0.127,0.767
379000,0.113,0.138,0.749
379500,0.115,0.137,0.748
380000,0.116,0.140,0.744
380500,0.108,0.137,0.755
381000,0.109,0.130,0.761
381500,0.111,0.148,0.741
382000,0.101,0.135,0.764
382500,0.111,0.136,0.753
383000,0.115,0.135,0.750
383500,0.120,0.158,0.722
384000,0.130,0.168,0.703
384500,0.120,0.143,0.737
385000,0.107,0.162,0.730
385500,0.099,0.166,0.734
386000,0.097,0.155,0.748
386500,0.104,0.149,0.747
387000,0.092,0.142,0.766
387500,0.105,0.114,0.780
388000,0.123,0.108,0.769
388500,0.113,0.118,0.768
389000,0.102,0.126,0.772
389500,0.118,0.124,0.758
390000,0.117,0.123,0.760
390500,0.109,0.126,0.765
391000,0.101,0.147,0.752
391500,0.092,0.178,0.730
392000,0.102,0.147,0.751
392500,0.106,0.148,0.746
393000,0.101,0.135,0.764
393500,0.097,0.127,0.776
394000,0.105,0.130,0.765
394500,0.096,0.128,0.776
395000,0.105,0.135,0.760
395500,0.096,0.158,0.746
396000,0.094,0.163,0.743
396500,0.093,0.162,0.745
397000,0.089,0.156,0.755
397500,0.103,0.143,0.754
398000,0.104,0.155,0.741
398500,0.098,0.144,0.758
399000,0.100,0.154,0.746
399500,0.100,0.152,0.748
400000,0.101,0.149,0.750
400500,0.144,0.140,0.716
401000,0.135,0.135,0.730
401500,0.121,0.141,0.739
402000,0.133,0.141,0.726
402500,0.118,0.120,0.762
403000,0.115,0.137,0.748
403500,0.114,0.138,0.748
404000,0.097,0.132,0.771
404500,0.099,0.145,0.756
405000,0.097,0.128,0.775
405500,0.109,0.147,0.744
406000,0.102,0.157,0.741
406500,0.099,0.146,0.755
407000,0.094,0.155,0.751
407500,0.093,0.133,0.774
408000,0.092,0.132,0.776
408500,0.106,0.132,0.762
409000,0.096,0.126,0.778
409500,0.099,0.138,0.763
410000,0.099,0.138,0.763
410500,0.106,0.157,0.736
411000,0.101,0.151,0.748
411500,0.084,0.140,0.776
412000,0.113,0.124,0.763
412500,0.122,0.127,0.752
413000,0.113,0.122,0.765
413500,0.097,0.132,0.771
414000,0.095,0.138,0.767
414500,0.107,0.127,0.766
415000,0.106,0.146,0.748
415500,0.085,0.144,0.771
416000,0.089,0.143,0.768
416500,0.097,0.144,0.759
417000,0.125,0.132,0.744
417500,0.127,0.124,0.750
418000,0.122,0.125,0.754
418500,0.097,0.131,0.772
419000,0.102,0.145,0.753
419500,0.098,0.135,0.767
420000,0.095,0.136,0.769
420500,0.108,0.124,0.768
421000,0.136,0.118,0.746
421500,0.108,0.124,0.768
422000,0.107,0.127,0.766
422500,0.097,0.106,0.797
423000,0.097,0.125,0.778
423500,0.105,0.113,0.781
424000,0.111,0.107,0.781
424500,0.128,0.111,0.761
425000,0.108,0.131,0.761
425500,0.103,0.127,0.770
426000,0.107,0.142,0.751
426500,0.108,0.159,0.732
427000,0.109,0.140,0.751
427500,0.100,0.133,0.767
428000,0.096,0.138,0.766
428500,0.094,0.134,0.772
429000,0.069,0.138,0.793
429500,0.088,0.141,0.771
430000,0.088,0.145,0.767
430500,0.092,0.142,0.766
431000,0.109,0.136,0.755
431500,0.082,0.138,0.780
432000,0.121,0.145,0.734
432500,0.114,0.148,0.737
433000,0.101,0.135,0.764
433500,0.094,0.142,0.764
434000,0.092,0.144,0.764
434500,0.081,0.139,0.780
435000,0.079,0.145,0.776
435500,0.092,0.136,0.772
436000,0.095,0.136,0.769
436500,0.083,0.128,0.790
437000,0.101,0.127,0.772
437500,0.095,0.124,0.781
438000,0.084,0.117,0.799
438500,0.100,0.126,0.774
439000,0.093,0.127,0.780
439500,0.095,0.130,0.775
440000,0.094,0.115,0.791
440500,0.086,0.131,0.783
441000,0.089,0.132,0.779
441500,0.083,0.136,0.781
442000,0.080,0.146,0.774
442500,0.073,0.146,0.781
443000,0.091,0.122,0.788
443500,0.080,0.111,0.809
444000,0.092,0.130,0.778
444500,0.081,0.127,0.793
445000,0.107,0.106,0.787
445500,0.116,0.111,0.772
446000,0.105,0.112,0.782
446500,0.096,0.106,0.798
447000,0.101,0.104,0.795
447500,0.092,0.098,0.810
448000,0.102,0.095,0.803
448500,0.110,0.103,0.787
449000,0.106,0.131,0.763
449500,0.120,0.097,0.783
450000,0.103,0.118,0.778
450500,0.097,0.126,0.777
451000,0.094,0.130,0.776
451500,0.090,0.133,0.777
452000,0.102,0.139,0.759
452500,0.097,0.138,0.765
453000,0.089,0.130,0.781
453500,0.084,0.118,0.798
454000,0.098,0.123,0.779
454500,0.083,0.129,0.789
455000,0.083,0.117,0.800
455500,0.097,0.112,0.791
456000,0.105,0.115,0.779
456500,0.105,0.123,0.772
457000,0.123,0.130,0.748
457500,0.114,0.121,0.765
458000,0.127,0.114,0.759
458500,0.154,0.101,0.745
459000,0.132,0.104,0.764
459500,0.154,0.121,0.725
460000,0.137,0.133,0.730
460500,0.147,0.125,0.728
461000,0.143,0.117,0.740
461500,0.152,0.102,0.746
462000,0.148,0.102,0.750
462500,0.142,0.110,0.748
463000,0.127,0.133,0.741
463500,0.127,0.137,0.736
464000,0.111,0.143,0.746
464500,0.113,0.131,0.756
465000,0.128,0.127,0.746
465500,0.132,0.115,0.753
466000,0.134,0.102,0.764
466500,0.135,0.128,0.737
467000,0.149,0.117,0.733
467500,0.117,0.118,0.764
468000,0.102,0.109,0.789
468500,0.108,0.115,0.776
469000,0.126,0.103,0.771
469500,0.126,0.112,0.762
470000,0.131,0.136,0.733
470500,0.102,0.122,0.776
471000,0.115,0.123,0.762
471500,0.109,0.109,0.781
472000,0.111,0.111,0.777
472500,0.115,0.125,0.760
473000,0.123,0.117,0.760
473500,0.122,0.147,0.731
474000,0.122,0.123,0.756
474500,0.122,0.139,0.740
475000,0.112,0.135,0.753
475500,0.123,0.128,0.750
476000,0.123,0.137,0.741
476500,0.113,0.145,0.742
477000,0.093,0.138,0.769
477500,0.093,0.122,0.785
478000,0.117,0.127,0.756
478500,0.097,0.128,0.775
479000,0.120,0.134,0.747
479500,0.111,0.122,0.767
480000,0.098,0.123,0.779
480500,0.094,0.122,0.784
481000,0.102,0.111,0.787
481500,0.097,0.113,0.790
482000,0.087,0.121,0.793
482500,0.103,0.114,0.782
483000,0.092,0.130,0.778
483500,0.107,0.122,0.771
484000,0.089,0.118,0.793
484500,0.108,0.118,0.773
485000,0.098,0.120,0.782
485500,0.102,0.112,0.785
486000,0.104,0.118,0.777
486500,0.103,0.110,0.787
487000,0.094,0.127,0.779
487500,0.093,0.135,0.772
488000,0.098,0.116,0.785
488500,0.099,0.122,0.779
489000,0.093,0.103,0.804
489500,0.095,0.120,0.785
490000,0.102,0.115,0.782
490500,0.098,0.113,0.789
491000,0.093,0.125,0.782
491500,0.127,0.127,0.747
492000,0.143,0.109,0.748
492500,0.125,0.117,0.758
493000,0.103,0.134,0.763
493500,0.104,0.140,0.756
494000,0.113,0.142,0.745
494500,0.103,0.146,0.751
495000,0.102,0.131,0.767
495500,0.100,0.127,0.773
496000,0.111,0.131,0.758
496500,0.126,0.127,0.748
497000,0.135,0.116,0.749
497500,0.131,0.125,0.745
498000,0.140,0.123,0.737
498500,0.128,0.140,0.732
499000,0.114,0.122,0.764
499500,0.123,0.118,0.759
500000,0.127,0.121,0.753
500500,0.146,0.116,0.737
501000,0.141,0.115,0.744
501500,0.123,0.120,0.758
502000,0.122,0.116,0.762
502500,0.113,0.114,0.772
503000,0.115,0.105,0.779
503500,0.101,0.115,0.783
504000,0.107,0.114,0.778
504500,0.105,0.115,0.779
505000,0.098,0.108,0.794
505500,0.112,0.103,0.784
506000,0.106,0.095,0.799
506500,0.104,0.105,0.791
507000,0.104,0.104,0.792
507500,0.100,0.108,0.792
508000,0.103,0.113,0.783
508500,0.092,0.101,0.807
509000,0.095,0.105,0.800
509500,0.078,0.127,0.796
510000,0.094,0.127,0.779
510500,0.109,0.112,0.778
511000,0.102,0.127,0.771
511500,0.096,0.129,0.775
512000,0.096,0.132,0.772
512500,0.094,0.138,0.768
513000,0.100,0.128,0.772
513500,0.100,0.123,0.777
514000,0.089,0.109,0.802
514500,0.100,0.109,0.791
515000,0.101,0.123,0.776
515500,0.106,0.104,0.790
516000,0.097,0.106,0.797
516500,0.114,0.107,0.778
517000,0.097,0.107,0.796
517500,0.099,0.135,0.766
518000,0.091,0.127,0.782
518500,0.108,0.130,0.762
519000,0.102,0.133,0.765
519500,0.095,0.134,0.771
520000,0.083,0.134,0.783
520500,0.086,0.137,0.777
521000,0.081,0.118,0.801
521500,0.085,0.116,0.799
522000,0.104,0.105,0.791
522500,0.094,0.122,0.784
523000,0.087,0.126,0.788
523500,0.087,0.126,0.788
524000,0.080,0.135,0.785
524500,0.086,0.124,0.791
525000,0.085,0.122,0.794
525500,0.086,0.106,0.808
526000,0.079,0.101,0.820
526500,0.087,0.099,0.814
527000,0.090,0.107,0.803
527500,0.083,0.125,0.793
528000,0.079,0.122,0.800
528500,0.081,0.114,0.805
529000,0.104,0.117,0.778
529500,0.111,0.129,0.760
530000,0.110,0.121,0.769
530500,0.091,0.127,0.782
531000,0.081,0.130,0.790
531500,0.080,0.133,0.788
532000,0.085,0.122,0.794
532500,0.110,0.114,0.775
533000,0.116,0.135,0.749
533500,0.123,0.122,0.756
534000,0.109,0.118,0.772
534500,0.101,0.109,0.790
535000,0.097,0.094,0.809
535500,0.099,0.092,0.809
536000,0.108,0.094,0.798
536500,0.090,0.125,0.785
537000,0.084,0.127,0.790
537500,0.095,0.121,0.784
538000,0.086,0.110,0.804
538500,0.111,0.105,0.783
539000,0.089,0.113,0.798
539500,0.113,0.112,0.774
540000,0.110,0.120,0.770
540500,0.109,0.122,0.769
541000,0.104,0.129,0.767
541500,0.102,0.132,0.766
542000,0.103,0.124,0.773
542500,0.108,0.131,0.761
543000,0.116,0.125,0.759
543500,0.109,0.139,0.752
544000,0.108,0.141,0.751
544500,0.113,0.149,0.737
545000,0.120,0.158,0.722
545500,0.117,0.158,0.724
546000,0.134,0.139,0.727
546500,0.138,0.125,0.737
547000,0.129,0.128,0.744
547500,0.129,0.124,0.748
548000,0.126,0.129,0.746
548500,0.106,0.122,0.772
549000,0.103,0.114,0.782
549500,0.112,0.121,0.767
550000,0.116,0.137,0.747
550500,0.116,0.129,0.755
551000,0.098,0.128,0.774
551500,0.092,0.125,0.783
552000,0.093,0.130,0.777
552500,0.101,0.139,0.760
553000,0.112,0.136,0.752
553500,0.100,0.133,0.767
554000,0.102,0.127,0.771
554500,0.109,0.123,0.768
555000,0.107,0.139,0.754
555500,0.111,0.160,0.728
556000,0.099,0.147,0.754
556500,0.107,0.131,0.762
557000,0.103,0.135,0.762
557500,0.099,0.131,0.770
558000,0.100,0.125,0.775
558500,0.093,0.130,0.777
559000,0.083,0.128,0.790
559500,0.097,0.126,0.777
560000,0.113,0.124,0.763
560500,0.112,0.125,0.763
561000,0.118,0.121,0.761
561500,0.122,0.116,0.762
562000,0.117,0.121,0.762
562500,0.129,0.108,0.763
563000,0.140,0.118,0.742
563500,0.117,0.111,0.771
564000,0.124,0.122,0.755
564500,0.123,0.143,0.734
565000,0.133,0.116,0.751
565500,0.124,0.135,0.742
566000,0.137,0.125,0.739
566500,0.135,0.134,0.731
567000,0.134,0.116,0.750
567500,0.142,0.120,0.739
568000,0.126,0.130,0.745
568500,0.120,0.124,0.757
569000,0.104,0.130,0.766
569500,0.109,0.127,0.764
570000,0.110,0.128,0.762
570500,0.110,0.128,0.762
571000,0.130,0.131,0.740
571500,0.135,0.123,0.743
572000,0.130,0.129,0.742
572500,0.122,0.121,0.758
573000,0.117,0.117,0.765
573500,0.144,0.126,0.730
574000,0.131,0.120,0.750
574500,0.117,0.117,0.765
575000,0.114,0.131,0.755
575500,0.120,0.128,0.753
576000,0.107,0.130,0.763
576500,0.099,0.118,0.782
577000,0.088,0.128,0.784
577500,0.105,0.120,0.775
578000,0.094,0.123,0.783
578500,0.113,0.126,0.761
579000,0.128,0.128,0.745
579500,0.117,0.132,0.751
580000,0.133,0.123,0.745
580500,0.131,0.140,0.729
581000,0.124,0.141,0.735
581500,0.131,0.129,0.741
582000,0.125,0.133,0.743
582500,0.115,0.128,0.757
583000,0.135,0.130,0.735
583500,0.128,0.123,0.750
584000,0.117,0.133,0.750
584500,0.114,0.137,0.749
585000,0.107,0.147,0.746
585500,0.104,0.146,0.750
586000,0.097,0.148,0.755
586500,0.110,0.143,0.747
587000,0.107,0.123,0.770
587500,0.094,0.137,0.769
588000,0.110,0.127,0.763
588500,0.097,0.141,0.762
589000,0.099,0.133,0.768
589500,0.111,0.115,0.773
590000,0.116,0.104,0.779
590500,0.106,0.116,0.777
591000,0.096,0.114,0.790
591500,0.115,0.109,0.775
592000,0.133,0.110,0.757
592500,0.114,0.111,0.774
593000,0.107,0.117,0.775
593500,0.110,0.121,0.769
594000,0.104,0.114,0.781
594500,0.103,0.116,0.780
595000,0.103,0.135,0.762
595500,0.105,0.113,0.781
596000,0.113,0.118,0.768
596500,0.107,0.114,0.778
597000,0.097,0.135,0.768
597500,0.097,0.126,0.777
598000,0.108,0.116,0.775
598500,0.111,0.110,0.778
599000,0.102,0.121,0.777
599500,0.110,0.133,0.757
600000,0.117,0.125,0.758
600500,0.134,0.116,0.750
601000,0.117,0.123,0.760
601500,0.109,0.117,0.773
602000,0.097,0.152,0.751
602500,0.098,0.156,0.746
603000,0.110,0.163,0.726
603500,0.099,0.156,0.745
604000,0.095,0.154,0.751
604500,0.092,0.146,0.762
605000,0.104,0.151,0.745
605500,0.092,0.144,0.764
606000,0.100,0.141,0.759
606500,0.101,0.125,0.774
607000,0.103,0.124,0.773
607500,0.113,0.111,0.775
608000,0.116,0.117,0.766
608500,0.110,0.124,0.766
609000,0.089,0.158,0.753
609500,0.093,0.159,0.748
610000,0.111,0.135,0.754
610500,0.089,0.140,0.771
611000,0.095,0.152,0.753
611500,0.099,0.144,0.757
612000,0.090,0.142,0.768
612500,0.103,0.135,0.762
613000,0.093,0.145,0.762
613500,0.112,0.113,0.774
614000,0.101,0.126,0.773
614500,0.099,0.113,0.788
615000,0.102,0.138,0.760
615500,0.103,0.140,0.757
616000,0.094,0.137,0.769
616500,0.094,0.142,0.764
617000,0.106,0.137,0.757
617500,0.103,0.161,0.735
618000,0.096,0.168,0.736
618500,0.082,0.176,0.743
619000,0.082,0.159,0.759
619500,0.082,0.164,0.754
620000,0.082,0.144,0.774
620500,0.090,0.125,0.785
621000,0.113,0.121,0.766
621500,0.112,0.114,0.773
622000,0.133,0.118,0.749
622500,0.113,0.111,0.775
623000,0.103,0.132,0.765
623500,0.108,0.130,0.762
624000,0.113,0.121,0.766
624500,0.110,0.117,0.772
625000,0.101,0.123,0.776
625500,0.101,0.112,0.787
626000,0.102,0.122,0.776
626500,0.105,0.133,0.762
627000,0.099,0.131,0.770
627500,0.101,0.134,0.765
628000,0.104,0.132,0.764
628500,0.131,0.130,0.740
629000,0.115,0.136,0.749
629500,0.108,0.140,0.752
630000,0.094,0.132,0.774
630500,0.095,0.127,0.778
631000,0.089,0.131,0.780
631500,0.105,0.118,0.776
632000,0.107,0.121,0.772
632500,0.102,0.141,0.757
633000,0.108,0.127,0.765
633500,0.101,0.125,0.774
634000,0.116,0.138,0.746
634500,0.093,0.130,0.777
635000,0.099,0.127,0.774
635500,0.090,0.123,0.788
636000,0.115,0.127,0.758
636500,0.116,0.128,0.756
637000,0.103,0.142,0.755
637500,0.101,0.142,0.757
638000,0.102,0.122,0.776
638500,0.120,0.139,0.742
639000,0.109,0.132,0.759
639500,0.103,0.142,0.755
640000,0.096,0.145,0.759
640500,0.095,0.164,0.741
641000,0.105,0.146,0.749
641500,0.103,0.145,0.752
642000,0.105,0.128,0.767
642500,0.105,0.102,0.793
643000,0.109,0.117,0.773
643500,0.098,0.110,0.792
644000,0.112,0.114,0.773
644500,0.101,0.125,0.774
645000,0.102,0.115,0.782
645500,0.098,0.130,0.772
646000,0.126,0.122,0.753
646500,0.115,0.110,0.774
647000,0.111,0.114,0.774
647500,0.088,0.132,0.780
648000,0.101,0.126,0.773
648500,0.096,0.116,0.788
649000,0.107,0.110,0.782
649500,0.098,0.104,0.798
650000,0.105,0.105,0.790
650500,0.100,0.100,0.800
651000,0.130,0.083,0.788
651500,0.114,0.089,0.797
652000,0.112,0.093,0.795
652500,0.103,0.097,0.800
653000,0.118,0.091,0.791
653500,0.100,0.110,0.790
654000,0.110,0.110,0.779
654500,0.109,0.111,0.779
655000,0.118,0.118,0.763
655500,0.120,0.114,0.766
656000,0.115,0.087,0.798
656500,0.130,0.088,0.782
657000,0.137,0.094,0.769
657500,0.140,0.097,0.763
658000,0.141,0.085,0.774
658500,0.130,0.085,0.785
659000,0.131,0.094,0.775
659500,0.125,0.094,0.781
660000,0.120,0.110,0.770
660500,0.118,0.127,0.755
661000,0.101,0.130,0.769
661500,0.100,0.120,0.780
662000,0.122,0.123,0.756
662500,0.117,0.122,0.761
663000,0.136,0.106,0.758
663500,0.126,0.104,0.770
664000,0.108,0.108,0.783
664500,0.120,0.111,0.769
665000,0.116,0.111,0.772
665500,0.096,0.111,0.793
666000,0.117,0.096,0.787
666500,0.112,0.112,0.775
667000,0.116,0.094,0.790
667500,0.113,0.098,0.789
668000,0.115,0.115,0.769
668500,0.113,0.111,0.775
669000,0.117,0.126,0.757
669500,0.108,0.129,0.763
670000,0.101,0.132,0.767
670500,0.113,0.135,0.752
671000,0.133,0.114,0.753
671500,0.126,0.114,0.760
672000,0.163,0.088,0.749
672500,0.160,0.090,0.750
673000,0.125,0.093,0.782
673500,0.114,0.089,0.797
674000,0.137,0.127,0.736
674500,0.134,0.105,0.761
675000,0.132,0.094,0.774
675500,0.117,0.101,0.781
676000,0.113,0.113,0.773
676500,0.101,0.116,0.782
677000,0.110,0.101,0.789
677500,0.113,0.095,0.792
678000,0.124,0.094,0.782
678500,0.114,0.091,0.795
679000,0.115,0.083,0.802
679500,0.113,0.085,0.802
680000,0.109,0.121,0.770
680500,0.112,0.111,0.776
681000,0.113,0.122,0.765
681500,0.100,0.130,0.770
682000,0.115,0.121,0.764
682500,0.118,0.111,0.770
683000,0.112,0.110,0.777
683500,0.126,0.107,0.767
684000,0.120,0.114,0.766
684500,0.117,0.099,0.783
685000,0.129,0.093,0.778
685500,0.128,0.092,0.780
686000,0.127,0.114,0.759
686500,0.113,0.111,0.775
687000,0.110,0.110,0.779
687500,0.123,0.102,0.775
688000,0.120,0.106,0.774
688500,0.127,0.123,0.751
689000,0.130,0.129,0.742
689500,0.120,0.122,0.759
690000,0.111,0.114,0.774
690500,0.120,0.123,0.758
691000,0.132,0.116,0.752
691500,0.122,0.113,0.765
692000,0.115,0.116,0.768
692500,0.118,0.111,0.770
693000,0.110,0.115,0.774
693500,0.141,0.107,0.752
694000,0.135,0.107,0.758
694500,0.134,0.106,0.760
695000,0.133,0.104,0.763
695500,0.123,0.099,0.778
696000,0.117,0.090,0.793
696500,0.107,0.094,0.799
697000,0.104,0.098,0.798
697500,0.112,0.100,0.788
698000,0.111,0.103,0.785
698500,0.116,0.104,0.779
699000,0.103,0.117,0.779
699500,0.112,0.113,0.774
700000,0.114,0.112,0.773
700500,0.116,0.109,0.774
701000,0.120,0.112,0.768
701500,0.101,0.115,0.783
702000,0.108,0.110,0.781
702500,0.113,0.118,0.768
703000,0.116,0.110,0.773
703500,0.112,0.100,0.788
704000,0.117,0.105,0.777
704500,0.125,0.122,0.754
705000,0.109,0.149,0.742
705500,0.105,0.133,0.762
706000,0.112,0.124,0.764
706500,0.111,0.108,0.780
707000,0.111,0.113,0.775
707500,0.115,0.099,0.785
708000,0.120,0.093,0.788
708500,0.121,0.096,0.783
709000,0.109,0.107,0.783
709500,0.137,0.114,0.749
710000,0.125,0.089,0.787
710500,0.140,0.077,0.783
711000,0.129,0.079,0.793
711500,0.146,0.078,0.776
712000,0.129,0.088,0.783
712500,0.126,0.089,0.785
713000,0.124,0.087,0.790
713500,0.137,0.097,0.766
714000,0.114,0.100,0.785
714500,0.117,0.098,0.784
715000,0.111,0.091,0.798
715500,0.122,0.094,0.784
716000,0.141,0.114,0.745
716500,0.154,0.099,0.747
717000,0.143,0.114,0.743
717500,0.113,0.116,0.770
718000,0.121,0.106,0.773
718500,0.120,0.111,0.769
719000,0.112,0.122,0.766
719500,0.105,0.108,0.787
720000,0.104,0.121,0.775
720500,0.094,0.115,0.791
721000,0.099,0.110,0.791
721500,0.105,0.102,0.793
722000,0.091,0.110,0.799
722500,0.095,0.103,0.802
723000,0.113,0.109,0.777
723500,0.106,0.112,0.781
724000,0.100,0.131,0.769
724500,0.083,0.135,0.782
725000,0.088,0.137,0.775
725500,0.090,0.142,0.768
726000,0.085,0.158,0.757
726500,0.101,0.148,0.751
727000,0.099,0.159,0.742
727500,0.101,0.141,0.758
728000,0.093,0.122,0.785
728500,0.103,0.121,0.776
729000,0.100,0.122,0.778
729500,0.088,0.145,0.767
730000,0.091,0.140,0.769
730500,0.085,0.147,0.768
731000,0.105,0.136,0.759
731500,0.105,0.114,0.780
732000,0.114,0.114,0.771
732500,0.108,0.116,0.775
733000,0.123,0.123,0.755
733500,0.123,0.120,0.758
734000,0.132,0.108,0.760
734500,0.122,0.106,0.772
735000,0.116,0.123,0.761
735500,0.105,0.110,0.784
736000,0.099,0.116,0.784
736500,0.102,0.117,0.780
737000,0.097,0.132,0.771
737500,0.085,0.114,0.801
738000,0.092,0.117,0.791
738500,0.101,0.116,0.782
739000,0.098,0.128,0.774
739500,0.103,0.120,0.777
740000,0.099,0.139,0.762
740500,0.109,0.132,0.759
741000,0.111,0.144,0.745
741500,0.127,0.117,0.756
742000,0.118,0.114,0.767
742500,0.109,0.110,0.780
743000,0.104,0.114,0.781
743500,0.104,0.120,0.776
744000,0.123,0.122,0.756
744500,0.132,0.115,0.753
745000,0.142,0.108,0.750
745500,0.162,0.145,0.693
746000,0.150,0.118,0.731
746500,0.137,0.118,0.745
747000,0.128,0.120,0.753
747500,0.131,0.130,0.740
748000,0.145,0.124,0.731
748500,0.121,0.123,0.757
749000,0.107,0.100,0.793
749500,0.123,0.125,0.753
750000,0.128,0.112,0.760
750500,0.104,0.113,0.782
751000,0.108,0.121,0.771
751500,0.105,0.118,0.776
752000,0.108,0.128,0.764
752500,0.099,0.126,0.775
753000,0.111,0.136,0.753
753500,0.107,0.136,0.757
754000,0.106,0.122,0.772
754500,0.127,0.126,0.748
755000,0.128,0.123,0.750
755500,0.127,0.121,0.753
756000,0.123,0.115,0.762
756500,0.131,0.141,0.728
757000,0.118,0.127,0.755
757500,0.112,0.115,0.772
758000,0.113,0.128,0.759
758500,0.110,0.130,0.760
759000,0.112,0.128,0.760
759500,0.126,0.122,0.753
760000,0.123,0.105,0.772
760500,0.121,0.091,0.789
761000,0.114,0.097,0.789
761500,0.123,0.099,0.778
762000,0.108,0.121,0.771
762500,0.122,0.123,0.756
763000,0.126,0.116,0.758
763500,0.120,0.122,0.759
764000,0.132,0.109,0.759
764500,0.131,0.108,0.761
765000,0.128,0.098,0.774
765500,0.121,0.110,0.769
766000,0.129,0.105,0.766
766500,0.125,0.109,0.766
767000,0.112,0.112,0.775
767500,0.117,0.120,0.763
768000,0.131,0.124,0.746
768500,0.132,0.122,0.747
769000,0.131,0.114,0.755
769500,0.133,0.108,0.759
770000,0.122,0.108,0.770
770500,0.151,0.110,0.739
771000,0.151,0.120,0.729
771500,0.136,0.133,0.731
772000,0.135,0.131,0.734
772500,0.122,0.121,0.758
773000,0.123,0.120,0.758
773500,0.114,0.116,0.769
774000,0.116,0.111,0.772
774500,0.122,0.111,0.767
775000,0.129,0.110,0.761
775500,0.115,0.108,0.776
776000,0.132,0.127,0.742
776500,0.124,0.113,0.763
777000,0.117,0.104,0.778
777500,0.099,0.143,0.758
778000,0.092,0.146,0.762
778500,0.085,0.129,0.787
779000,0.086,0.138,0.776
779500,0.086,0.146,0.768
780000,0.089,0.127,0.784
780500,0.098,0.110,0.792
781000,0.098,0.127,0.775
781500,0.109,0.112,0.778
782000,0.104,0.111,0.784
782500,0.120,0.116,0.764
783000,0.109,0.114,0.776
783500,0.121,0.102,0.777
784000,0.111,0.110,0.778
784500,0.111,0.109,0.779
785000,0.118,0.127,0.755
785500,0.107,0.116,0.776
786000,0.120,0.101,0.779
786500,0.106,0.102,0.792
787000,0.118,0.102,0.779
787500,0.134,0.101,0.765
788000,0.109,0.103,0.788
788500,0.114,0.106,0.779
789000,0.102,0.123,0.775
789500,0.113,0.117,0.769
790000,0.121,0.130,0.750
790500,0.106,0.122,0.772
791000,0.103,0.118,0.778
791500,0.107,0.110,0.782
792000,0.115,0.099,0.785
792500,0.122,0.104,0.774
793000,0.134,0.101,0.765
793500,0.139,0.099,0.762
794000,0.158,0.094,0.748
794500,0.153,0.090,0.757
795000,0.142,0.102,0.756
795500,0.131,0.105,0.764
796000,0.113,0.104,0.782
796500,0.099,0.143,0.758
797000,0.107,0.131,0.762
797500,0.138,0.120,0.743
798000,0.131,0.139,0.730
798500,0.127,0.117,0.756
799000,0.120,0.140,0.741
799500,0.110,0.137,0.753
800000,0.106,0.110,0.783
800500,0.112,0.124,0.764
801000,0.105,0.114,0.780
801500,0.113,0.123,0.764
802000,0.128,0.107,0.765
802500,0.120,0.111,0.769
803000,0.133,0.130,0.737
803500,0.109,0.117,0.773
