time,n_A+p,n_B,n_AB
500,0.050,0.155,0.795
1000,0.069,0.189,0.742
1500,0.189,0.072,0.739
2000,0.555,0.001,0.444
2500,0.601,0.000,0.399
3000,0.732,0.000,0.268
3500,0.793,0.000,0.207
4000,0.827,0.000,0.173
4500,0.802,0.000,0.198
5000,0.724,0.000,0.276
5500,0.681,0.000,0.319
6000,0.595,0.000,0.405
6500,0.809,0.000,0.191
7000,0.797,0.000,0.203
7500,0.728,0.000,0.272
8000,0.866,0.000,0.134
8500,0.912,0.000,0.088
9000,0.940,0.000,0.060
9500,0.970,0.000,0.030
10000,0.833,0.000,0.167
10500,0.934,0.000,0.066
11000,0.913,0.000,0.087
11500,0.961,0.000,0.039
12000,0.988,0.000,0.012
12500,0.970,0.000,0.030
13000,0.825,0.000,0.175
13500,0.680,0.000,0.320
14000,0.817,0.000,0.183
14500,0.882,0.000,0.118
15000,0.845,0.000,0.155
15500,0.956,0.000,0.044
16000,0.966,0.000,0.034
16500,0.972,0.000,0.028
17000,0.986,0.000,0.014
17500,0.999,0.000,0.001
18000,1.000,0.000,0.000
