time,n_A+p,n_B,n_AB
500,0.080,0.658,0.262
1000,0.080,0.451,0.469
1500,0.085,0.324,0.592
2000,0.107,0.189,0.705
2500,0.164,0.147,0.689
3000,0.208,0.097,0.695
3500,0.333,0.029,0.638
4000,0.456,0.004,0.540
4500,0.566,0.002,0.432
5000,0.605,0.001,0.394
5500,0.650,0.000,0.350
6000,0.702,0.000,0.298
6500,0.698,0.000,0.302
7000,0.724,0.000,0.276
7500,0.773,0.000,0.227
8000,0.813,0.000,0.187
8500,0.796,0.000,0.204
9000,0.842,0.000,0.158
9500,0.873,0.000,0.127
10000,0.903,0.000,0.097
10500,0.877,0.000,0.123
11000,0.889,0.000,0.111
11500,0.861,0.000,0.139
12000,0.834,0.000,0.166
12500,0.843,0.000,0.157
13000,0.841,0.000,0.159
13500,0.834,0.000,0.166
14000,0.910,0.000,0.090
14500,0.903,0.000,0.097
15000,0.891,0.000,0.109
15500,0.869,0.000,0.131
16000,0.866,0.000,0.134
16500,0.870,0.000,0.130
17000,0.850,0.000,0.150
17500,0.908,0.000,0.092
18000,0.925,0.000,0.075
18500,0.940,0.000,0.060
19000,0.972,0.000,0.028
19500,0.978,0.000,0.022
20000,0.987,0.000,0.013
20500,0.996,0.000,0.004
21000,0.999,0.000,0.001
21500,1.000,0.000,0.000
22000,1.000,0.000,0.000
