time,n_A+p,n_B,n_AB
500,0.030,0.466,0.504
1000,0.030,0.308,0.662
1500,0.030,0.453,0.517
2000,0.030,0.360,0.610
2500,0.030,0.462,0.508
3000,0.030,0.400,0.570
3500,0.030,0.294,0.676
4000,0.030,0.288,0.682
4500,0.030,0.415,0.555
5000,0.030,0.383,0.587
5500,0.030,0.381,0.589
6000,0.030,0.353,0.617
6500,0.030,0.329,0.641
7000,0.030,0.235,0.735
7500,0.030,0.284,0.686
8000,0.030,0.391,0.579
8500,0.030,0.468,0.502
9000,0.030,0.391,0.579
9500,0.030,0.405,0.565
10000,0.030,0.367,0.603
10500,0.030,0.452,0.518
11000,0.080,0.069,0.851
11500,0.710,0.000,0.290
12000,0.942,0.000,0.058
12500,0.957,0.000,0.043
13000,0.921,0.000,0.079
13500,0.916,0.000,0.084
14000,0.993,0.000,0.007
14500,1.000,0.000,0.000
