time,n_A+p,n_B,n_AB
100,0.382,0.480,0.138
200,0.346,0.434,0.220
300,0.373,0.407,0.220
400,0.373,0.391,0.235
500,0.379,0.376,0.245
600,0.373,0.370,0.257
700,0.343,0.394,0.263
800,0.343,0.379,0.278
900,0.312,0.382,0.306
1000,0.382,0.367,0.251
1100,0.373,0.361,0.266
1200,0.388,0.349,0.263
1300,0.379,0.361,0.260
1400,0.382,0.346,0.272
1500,0.391,0.318,0.291
1600,0.401,0.309,0.291
1700,0.422,0.333,0.245
1800,0.388,0.367,0.245
1900,0.385,0.346,0.269
2000,0.358,0.346,0.297
2100,0.361,0.361,0.278
2200,0.382,0.336,0.281
2300,0.361,0.370,0.269
2400,0.376,0.391,0.232
2500,0.385,0.364,0.251
2600,0.382,0.324,0.294
2700,0.361,0.339,0.300
2800,0.391,0.339,0.269
2900,0.410,0.339,0.251
3000,0.419,0.333,0.248
3100,0.394,0.330,0.275
3200,0.404,0.336,0.260
3300,0.404,0.339,0.257
3400,0.391,0.324,0.284
3500,0.361,0.343,0.297
3600,0.394,0.327,0.278
3700,0.398,0.315,0.287
3800,0.376,0.352,0.272
3900,0.391,0.315,0.294
4000,0.376,0.330,0.294
4100,0.376,0.339,0.284
4200,0.410,0.300,0.291
4300,0.419,0.278,0.303
4400,0.419,0.294,0.287
4500,0.401,0.339,0.260
4600,0.422,0.324,0.254
4700,0.425,0.312,0.263
4800,0.416,0.333,0.251
4900,0.425,0.327,0.248
5000,0.419,0.287,0.294
5100,0.410,0.306,0.284
5200,0.443,0.260,0.297
5300,0.431,0.257,0.312
5400,0.431,0.242,0.327
5500,0.440,0.214,0.346
5600,0.520,0.217,0.263
5700,0.535,0.196,0.269
5800,0.517,0.235,0.248
5900,0.517,0.226,0.257
6000,0.544,0.235,0.220
6100,0.523,0.235,0.242
6200,0.480,0.232,0.287
6300,0.477,0.220,0.303
6400,0.474,0.187,0.339
6500,0.477,0.217,0.306
6600,0.523,0.208,0.269
6700,0.498,0.272,0.229
6800,0.480,0.263,0.257
6900,0.474,0.272,0.254
7000,0.468,0.272,0.260
7100,0.489,0.251,0.260
7200,0.483,0.235,0.281
7300,0.489,0.202,0.309
7400,0.489,0.251,0.260
7500,0.508,0.226,0.266
7600,0.486,0.214,0.300
7700,0.520,0.211,0.269
7800,0.526,0.214,0.260
7900,0.581,0.199,0.220
8000,0.572,0.214,0.214
8100,0.584,0.217,0.199
8200,0.590,0.217,0.193
8300,0.599,0.205,0.196
8400,0.587,0.180,0.232
8500,0.569,0.168,0.263
8600,0.581,0.193,0.226
8700,0.575,0.171,0.254
8800,0.584,0.180,0.235
8900,0.569,0.183,0.248
9000,0.602,0.187,0.211
9100,0.581,0.199,0.220
9200,0.575,0.202,0.223
9300,0.581,0.187,0.232
9400,0.593,0.183,0.223
9500,0.627,0.147,0.226
9600,0.642,0.156,0.202
9700,0.661,0.147,0.193
9800,0.673,0.128,0.199
9900,0.691,0.113,0.196
10000,0.685,0.107,0.208
10100,0.676,0.104,0.220
10200,0.654,0.122,0.223
10300,0.657,0.122,0.220
10400,0.664,0.150,0.187
10500,0.688,0.119,0.193
10600,0.722,0.089,0.190
10700,0.737,0.080,0.183
10800,0.746,0.092,0.162
10900,0.752,0.098,0.150
11000,0.731,0.086,0.183
11100,0.725,0.104,0.171
11200,0.755,0.067,0.177
11300,0.755,0.067,0.177
11400,0.771,0.061,0.168
11500,0.768,0.055,0.177
11600,0.765,0.055,0.180
11700,0.743,0.049,0.208
11800,0.737,0.073,0.190
11900,0.722,0.095,0.183
12000,0.709,0.098,0.193
12100,0.737,0.086,0.177
12200,0.709,0.076,0.214
12300,0.746,0.073,0.180
12400,0.728,0.086,0.187
12500,0.737,0.080,0.183
12600,0.746,0.073,0.180
12700,0.743,0.064,0.193
12800,0.755,0.073,0.171
12900,0.749,0.064,0.187
13000,0.743,0.076,0.180
13100,0.768,0.046,0.187
13200,0.774,0.058,0.168
13300,0.771,0.067,0.162
13400,0.783,0.052,0.165
13500,0.783,0.064,0.153
13600,0.792,0.058,0.150
13700,0.807,0.046,0.147
13800,0.807,0.037,0.156
13900,0.835,0.034,0.131
14000,0.850,0.021,0.128
14100,0.853,0.028,0.119
14200,0.878,0.021,0.101
14300,0.872,0.012,0.116
14400,0.893,0.012,0.095
14500,0.902,0.015,0.083
14600,0.896,0.015,0.089
14700,0.905,0.015,0.080
14800,0.917,0.018,0.064
14900,0.917,0.012,0.070
15000,0.927,0.009,0.064
15100,0.930,0.003,0.067
15200,0.939,0.003,0.058
15300,0.911,0.003,0.086
15400,0.939,0.000,0.061
15500,0.951,0.000,0.049
15600,0.951,0.000,0.049
15700,0.954,0.000,0.046
15800,0.951,0.000,0.049
15900,0.966,0.000,0.034
16000,0.972,0.000,0.028
16100,0.963,0.009,0.028
16200,0.960,0.009,0.031
16300,0.954,0.015,0.031
16400,0.960,0.009,0.031
16500,0.951,0.009,0.040
16600,0.948,0.003,0.049
16700,0.954,0.000,0.046
16800,0.954,0.000,0.046
16900,0.957,0.000,0.043
17000,0.954,0.000,0.046
17100,0.963,0.000,0.037
17200,0.969,0.000,0.031
17300,0.969,0.000,0.031
17400,0.972,0.000,0.028
17500,0.976,0.000,0.024
17600,0.979,0.000,0.021
17700,0.979,0.000,0.021
17800,0.985,0.000,0.015
17900,0.982,0.000,0.018
18000,0.988,0.000,0.012
18100,0.991,0.000,0.009
18200,0.994,0.000,0.006
18300,0.994,0.000,0.006
18400,0.994,0.000,0.006
18500,0.994,0.000,0.006
18600,0.994,0.000,0.006
18700,0.994,0.000,0.006
18800,0.988,0.000,0.012
18900,0.994,0.000,0.006
19000,0.991,0.000,0.009
19100,0.991,0.000,0.009
19200,0.997,0.000,0.003
19300,0.994,0.000,0.006
19400,0.994,0.000,0.006
19500,0.994,0.000,0.006
19600,0.997,0.000,0.003
19700,1.000,0.000,0.000
