time,n_A+p,n_B,n_AB
500,0.050,0.920,0.030
1000,0.050,0.877,0.073
1500,0.050,0.863,0.087
2000,0.050,0.862,0.088
2500,0.050,0.821,0.129
3000,0.054,0.788,0.158
3500,0.051,0.791,0.158
4000,0.052,0.770,0.178
4500,0.052,0.754,0.194
5000,0.060,0.731,0.209
5500,0.056,0.693,0.251
6000,0.056,0.659,0.285
6500,0.062,0.646,0.292
7000,0.063,0.643,0.294
7500,0.073,0.653,0.274
8000,0.079,0.640,0.281
8500,0.070,0.608,0.322
9000,0.068,0.617,0.315
9500,0.070,0.592,0.338
10000,0.084,0.579,0.337
10500,0.069,0.579,0.352
11000,0.077,0.552,0.371
11500,0.085,0.521,0.394
12000,0.087,0.525,0.388
12500,0.096,0.524,0.380
13000,0.099,0.537,0.364
13500,0.086,0.529,0.385
14000,0.087,0.535,0.378
14500,0.097,0.532,0.371
15000,0.101,0.516,0.383
15500,0.103,0.510,0.387
16000,0.110,0.520,0.370
16500,0.105,0.493,0.402
17000,0.106,0.470,0.424
17500,0.120,0.475,0.405
18000,0.131,0.424,0.445
18500,0.142,0.396,0.462
19000,0.135,0.419,0.446
19500,0.147,0.414,0.439
20000,0.150,0.412,0.438
20500,0.130,0.366,0.504
21000,0.130,0.356,0.514
21500,0.150,0.390,0.460
22000,0.170,0.338,0.492
22500,0.194,0.331,0.475
23000,0.206,0.320,0.474
23500,0.212,0.319,0.469
24000,0.213,0.272,0.515
24500,0.236,0.259,0.505
25000,0.237,0.288,0.475
25500,0.264,0.270,0.466
26000,0.277,0.241,0.482
26500,0.297,0.219,0.484
27000,0.298,0.186,0.516
27500,0.344,0.187,0.469
28000,0.342,0.179,0.479
28500,0.361,0.162,0.477
29000,0.377,0.139,0.484
29500,0.433,0.117,0.450
30000,0.436,0.106,0.458
30500,0.455,0.088,0.457
31000,0.532,0.054,0.414
31500,0.593,0.050,0.357
32000,0.627,0.033,0.340
32500,0.692,0.021,0.287
33000,0.717,0.014,0.269
33500,0.748,0.021,0.231
34000,0.755,0.010,0.235
34500,0.811,0.008,0.181
35000,0.842,0.002,0.156
35500,0.884,0.001,0.115
36000,0.902,0.000,0.098
36500,0.907,0.000,0.093
37000,0.925,0.000,0.075
37500,0.939,0.000,0.061
38000,0.930,0.000,0.070
38500,0.934,0.000,0.066
39000,0.930,0.000,0.070
39500,0.932,0.000,0.068
40000,0.940,0.000,0.060
40500,0.947,0.000,0.053
41000,0.958,0.000,0.042
41500,0.967,0.000,0.033
42000,0.970,0.000,0.030
42500,0.968,0.000,0.032
43000,0.965,0.000,0.035
43500,0.964,0.000,0.036
44000,0.969,0.000,0.031
44500,0.985,0.000,0.015
45000,0.987,0.000,0.013
45500,0.985,0.000,0.015
46000,0.990,0.000,0.010
46500,0.992,0.000,0.008
47000,0.996,0.000,0.004
47500,0.995,0.000,0.005
48000,0.998,0.000,0.002
48500,0.996,0.000,0.004
49000,0.999,0.000,0.001
49500,0.999,0.000,0.001
50000,0.999,0.000,0.001
50500,0.999,0.000,0.001
51000,1.000,0.000,0.000
