time,n_A+p,n_B,n_AB
0,0.009,0.991,0.000
500,0.009,0.989,0.002
1000,0.009,0.975,0.015
1500,0.010,0.964,0.026
2000,0.011,0.962,0.027
2500,0.012,0.950,0.038
3000,0.012,0.946,0.042
3500,0.012,0.944,0.044
4000,0.010,0.951,0.039
4500,0.012,0.935,0.053
5000,0.010,0.939,0.051
5500,0.009,0.921,0.069
6000,0.010,0.936,0.054
6500,0.011,0.925,0.063
7000,0.019,0.895,0.086
7500,0.014,0.895,0.091
8000,0.018,0.883,0.099
8500,0.015,0.901,0.084
9000,0.018,0.908,0.074
9500,0.016,0.892,0.092
10000,0.017,0.883,0.100
10500,0.021,0.874,0.104
11000,0.019,0.868,0.112
11500,0.021,0.834,0.145
12000,0.028,0.811,0.161
12500,0.030,0.813,0.157
13000,0.039,0.818,0.143
13500,0.037,0.804,0.159
14000,0.049,0.791,0.160
14500,0.047,0.744,0.209
15000,0.037,0.757,0.206
15500,0.037,0.732,0.231
16000,0.042,0.714,0.244
16500,0.052,0.681,0.267
17000,0.047,0.666,0.287
17500,0.039,0.671,0.290
18000,0.059,0.645,0.296
18500,0.082,0.657,0.261
19000,0.082,0.632,0.286
19500,0.088,0.616,0.296
20000,0.083,0.619,0.298
20500,0.075,0.587,0.338
21000,0.092,0.604,0.304
21500,0.086,0.588,0.326
22000,0.080,0.576,0.344
22500,0.099,0.572,0.329
23000,0.095,0.585,0.320
23500,0.108,0.570,0.322
24000,0.117,0.568,0.315
24500,0.099,0.568,0.333
25000,0.100,0.590,0.309
25500,0.095,0.576,0.329
26000,0.103,0.585,0.312
26500,0.112,0.533,0.354
27000,0.112,0.554,0.334
27500,0.111,0.540,0.348
28000,0.114,0.513,0.373
28500,0.131,0.511,0.359
29000,0.102,0.497,0.400
29500,0.110,0.508,0.382
30000,0.117,0.519,0.364
30500,0.106,0.516,0.378
31000,0.124,0.487,0.389
31500,0.129,0.485,0.386
32000,0.114,0.502,0.384
32500,0.130,0.520,0.350
33000,0.136,0.506,0.359
33500,0.137,0.497,0.366
34000,0.120,0.496,0.384
34500,0.096,0.499,0.404
35000,0.106,0.496,0.397
35500,0.118,0.490,0.391
36000,0.117,0.469,0.414
36500,0.147,0.470,0.383
37000,0.153,0.439,0.408
37500,0.161,0.442,0.396
38000,0.173,0.448,0.379
38500,0.146,0.473,0.381
39000,0.142,0.481,0.377
39500,0.148,0.473,0.379
40000,0.159,0.449,0.391
40500,0.172,0.431,0.397
41000,0.180,0.426,0.394
41500,0.216,0.404,0.380
42000,0.171,0.399,0.430
42500,0.206,0.406,0.388
43000,0.215,0.386,0.399
43500,0.209,0.383,0.408
44000,0.193,0.385,0.422
44500,0.183,0.384,0.433
45000,0.218,0.383,0.399
45500,0.227,0.382,0.391
46000,0.226,0.379,0.395
46500,0.227,0.374,0.399
47000,0.211,0.386,0.402
47500,0.200,0.371,0.429
48000,0.189,0.361,0.450
48500,0.183,0.366,0.451
49000,0.198,0.352,0.449
49500,0.204,0.341,0.455
50000,0.220,0.336,0.444
50500,0.202,0.353,0.444
51000,0.208,0.335,0.457
51500,0.187,0.346,0.467
52000,0.198,0.361,0.441
52500,0.209,0.371,0.420
53000,0.179,0.375,0.446
53500,0.195,0.404,0.400
54000,0.152,0.387,0.461
54500,0.153,0.408,0.439
55000,0.159,0.403,0.437
55500,0.147,0.444,0.409
56000,0.144,0.450,0.406
56500,0.143,0.445,0.412
57000,0.128,0.412,0.461
57500,0.148,0.396,0.456
58000,0.174,0.384,0.442
58500,0.157,0.358,0.485
59000,0.201,0.335,0.464
59500,0.197,0.353,0.449
60000,0.228,0.332,0.440
60500,0.224,0.314,0.463
61000,0.233,0.314,0.454
61500,0.212,0.317,0.471
62000,0.212,0.321,0.467
62500,0.212,0.344,0.443
63000,0.216,0.319,0.466
63500,0.216,0.317,0.468
64000,0.218,0.342,0.440
64500,0.206,0.335,0.459
65000,0.223,0.315,0.463
65500,0.247,0.300,0.453
66000,0.246,0.316,0.438
66500,0.246,0.314,0.440
67000,0.254,0.300,0.445
67500,0.274,0.318,0.409
68000,0.277,0.308,0.415
68500,0.267,0.288,0.445
69000,0.285,0.302,0.413
69500,0.280,0.283,0.437
70000,0.280,0.294,0.426
70500,0.297,0.286,0.417
71000,0.316,0.283,0.401
71500,0.320,0.282,0.398
72000,0.317,0.279,0.404
72500,0.334,0.253,0.413
73000,0.353,0.263,0.384
73500,0.341,0.276,0.383
74000,0.325,0.281,0.394
74500,0.318,0.278,0.404
75000,0.295,0.294,0.411
75500,0.288,0.287,0.425
76000,0.266,0.308,0.426
76500,0.265,0.312,0.424
77000,0.252,0.313,0.435
77500,0.283,0.303,0.414
78000,0.301,0.295,0.403
78500,0.307,0.291,0.401
79000,0.322,0.284,0.394
79500,0.314,0.271,0.416
80000,0.307,0.267,0.426
80500,0.311,0.265,0.425
81000,0.309,0.256,0.434
81500,0.290,0.272,0.438
82000,0.272,0.277,0.451
82500,0.274,0.268,0.459
83000,0.309,0.255,0.435
83500,0.306,0.263,0.431
84000,0.271,0.266,0.464
84500,0.269,0.269,0.463
85000,0.252,0.297,0.450
85500,0.231,0.290,0.479
86000,0.251,0.294,0.455
86500,0.247,0.299,0.454
87000,0.250,0.273,0.477
87500,0.292,0.252,0.456
88000,0.290,0.270,0.440
88500,0.290,0.270,0.440
89000,0.256,0.276,0.468
89500,0.234,0.290,0.476
90000,0.237,0.298,0.465
90500,0.253,0.298,0.448
91000,0.244,0.302,0.454
91500,0.238,0.320,0.442
92000,0.218,0.304,0.478
92500,0.215,0.331,0.455
93000,0.216,0.341,0.443
93500,0.221,0.322,0.458
94000,0.210,0.334,0.456
94500,0.197,0.324,0.479
95000,0.184,0.320,0.496
95500,0.189,0.324,0.487
96000,0.187,0.331,0.482
96500,0.186,0.341,0.473
97000,0.196,0.334,0.470
97500,0.219,0.305,0.476
98000,0.224,0.296,0.480
98500,0.230,0.276,0.494
99000,0.231,0.305,0.464
99500,0.244,0.296,0.460
100000,0.241,0.268,0.491
100500,0.221,0.286,0.493
101000,0.217,0.313,0.471
101500,0.205,0.331,0.464
102000,0.206,0.316,0.478
102500,0.201,0.340,0.459
103000,0.217,0.315,0.469
103500,0.229,0.308,0.463
104000,0.252,0.318,0.430
104500,0.233,0.307,0.460
105000,0.232,0.309,0.459
105500,0.232,0.317,0.451
106000,0.218,0.318,0.465
106500,0.240,0.298,0.462
107000,0.204,0.312,0.484
107500,0.226,0.298,0.476
108000,0.239,0.301,0.460
108500,0.239,0.288,0.473
109000,0.227,0.296,0.477
109500,0.220,0.294,0.486
110000,0.249,0.259,0.491
110500,0.252,0.247,0.501
111000,0.242,0.266,0.492
111500,0.255,0.244,0.501
112000,0.237,0.268,0.495
112500,0.230,0.275,0.495
113000,0.200,0.296,0.504
113500,0.208,0.294,0.497
114000,0.227,0.287,0.486
114500,0.223,0.292,0.485
115000,0.235,0.280,0.485
115500,0.243,0.291,0.466
116000,0.255,0.278,0.467
116500,0.243,0.272,0.485
117000,0.240,0.322,0.438
117500,0.237,0.305,0.458
118000,0.225,0.300,0.475
118500,0.243,0.316,0.441
119000,0.251,0.301,0.447
119500,0.271,0.300,0.429
120000,0.276,0.278,0.446
120500,0.254,0.275,0.471
121000,0.232,0.270,0.498
121500,0.219,0.290,0.491
122000,0.190,0.305,0.505
122500,0.191,0.311,0.498
123000,0.208,0.305,0.486
123500,0.219,0.305,0.476
124000,0.223,0.304,0.473
124500,0.228,0.287,0.485
125000,0.213,0.280,0.507
125500,0.212,0.312,0.476
126000,0.220,0.303,0.477
126500,0.222,0.319,0.460
127000,0.212,0.315,0.473
127500,0.237,0.316,0.447
128000,0.221,0.346,0.433
128500,0.207,0.334,0.459
129000,0.219,0.324,0.458
129500,0.205,0.336,0.459
130000,0.234,0.317,0.449
130500,0.246,0.318,0.436
131000,0.266,0.307,0.427
131500,0.260,0.293,0.446
132000,0.253,0.298,0.448
132500,0.256,0.281,0.463
133000,0.234,0.274,0.492
133500,0.249,0.289,0.462
134000,0.253,0.270,0.477
134500,0.252,0.272,0.476
135000,0.251,0.281,0.468
135500,0.243,0.272,0.485
136000,0.250,0.276,0.474
136500,0.259,0.286,0.455
137000,0.238,0.311,0.451
137500,0.245,0.296,0.459
138000,0.232,0.303,0.465
138500,0.226,0.291,0.483
139000,0.244,0.287,0.469
139500,0.256,0.286,0.458
140000,0.248,0.304,0.447
140500,0.241,0.301,0.458
141000,0.215,0.295,0.490
141500,0.216,0.287,0.497
142000,0.236,0.263,0.502
142500,0.223,0.273,0.505
143000,0.244,0.271,0.485
143500,0.236,0.298,0.466
144000,0.218,0.307,0.475
144500,0.231,0.302,0.467
145000,0.240,0.290,0.470
145500,0.236,0.285,0.479
146000,0.232,0.270,0.498
146500,0.221,0.294,0.485
147000,0.222,0.282,0.496
147500,0.229,0.270,0.502
148000,0.234,0.286,0.480
148500,0.215,0.290,0.495
149000,0.243,0.287,0.470
149500,0.230,0.284,0.486
150000,0.251,0.300,0.448
150500,0.261,0.273,0.466
151000,0.260,0.286,0.454
151500,0.268,0.293,0.439
152000,0.254,0.278,0.468
152500,0.249,0.266,0.485
153000,0.233,0.273,0.494
153500,0.225,0.283,0.492
154000,0.238,0.298,0.464
154500,0.242,0.282,0.476
155000,0.229,0.307,0.464
155500,0.242,0.292,0.466
156000,0.255,0.284,0.461
156500,0.268,0.282,0.450
157000,0.271,0.271,0.459
157500,0.254,0.257,0.488
158000,0.264,0.246,0.490
158500,0.257,0.235,0.508
159000,0.263,0.248,0.489
159500,0.282,0.245,0.473
160000,0.305,0.232,0.463
160500,0.300,0.231,0.469
161000,0.301,0.255,0.443
161500,0.279,0.242,0.479
162000,0.280,0.230,0.490
162500,0.272,0.254,0.474
163000,0.277,0.242,0.481
163500,0.274,0.233,0.493
164000,0.268,0.254,0.478
164500,0.243,0.296,0.461
165000,0.234,0.285,0.481
165500,0.210,0.295,0.494
166000,0.230,0.290,0.480
166500,0.223,0.280,0.497
167000,0.232,0.268,0.501
167500,0.245,0.283,0.472
168000,0.257,0.272,0.471
168500,0.225,0.273,0.503
169000,0.240,0.281,0.479
169500,0.221,0.258,0.521
170000,0.217,0.270,0.514
170500,0.229,0.266,0.506
171000,0.224,0.268,0.509
171500,0.223,0.271,0.507
172000,0.223,0.266,0.512
172500,0.263,0.260,0.477
173000,0.282,0.255,0.463
173500,0.274,0.254,0.472
174000,0.274,0.254,0.472
174500,0.243,0.256,0.501
175000,0.241,0.274,0.485
175500,0.245,0.259,0.495
176000,0.231,0.275,0.494
176500,0.229,0.276,0.495
177000,0.215,0.268,0.518
177500,0.219,0.285,0.496
178000,0.213,0.261,0.525
178500,0.248,0.258,0.493
179000,0.237,0.281,0.482
179500,0.209,0.285,0.506
180000,0.235,0.264,0.502
180500,0.231,0.274,0.495
181000,0.238,0.287,0.475
181500,0.246,0.274,0.480
182000,0.250,0.272,0.478
182500,0.244,0.244,0.512
183000,0.263,0.235,0.503
183500,0.261,0.243,0.495
184000,0.273,0.230,0.497
184500,0.276,0.241,0.483
185000,0.285,0.230,0.485
185500,0.313,0.213,0.474
186000,0.321,0.211,0.468
186500,0.293,0.244,0.463
187000,0.266,0.228,0.507
187500,0.302,0.231,0.467
188000,0.312,0.236,0.453
188500,0.290,0.250,0.460
189000,0.279,0.255,0.466
189500,0.285,0.248,0.467
190000,0.294,0.269,0.437
190500,0.275,0.253,0.472
191000,0.267,0.257,0.476
191500,0.251,0.280,0.469
192000,0.247,0.250,0.503
192500,0.248,0.273,0.479
193000,0.264,0.281,0.456
193500,0.256,0.254,0.489
194000,0.286,0.235,0.479
194500,0.282,0.238,0.480
195000,0.298,0.230,0.472
195500,0.296,0.241,0.463
196000,0.293,0.234,0.473
196500,0.321,0.228,0.451
197000,0.337,0.219,0.444
197500,0.319,0.211,0.470
198000,0.307,0.207,0.485
198500,0.300,0.235,0.465
199000,0.315,0.217,0.469
199500,0.333,0.219,0.448
200000,0.353,0.220,0.427
200500,0.324,0.220,0.457
201000,0.319,0.234,0.447
201500,0.330,0.220,0.450
202000,0.300,0.240,0.460
202500,0.295,0.253,0.451
203000,0.292,0.255,0.453
203500,0.290,0.251,0.459
204000,0.299,0.224,0.477
204500,0.286,0.241,0.473
205000,0.299,0.236,0.465
205500,0.318,0.211,0.471
206000,0.340,0.204,0.456
206500,0.361,0.197,0.442
207000,0.350,0.201,0.448
207500,0.324,0.208,0.468
208000,0.301,0.223,0.476
208500,0.325,0.221,0.455
209000,0.287,0.239,0.474
209500,0.287,0.243,0.470
210000,0.280,0.259,0.461
210500,0.270,0.256,0.474
211000,0.274,0.247,0.479
211500,0.259,0.261,0.479
212000,0.251,0.255,0.493
212500,0.259,0.257,0.483
213000,0.241,0.266,0.493
213500,0.244,0.249,0.507
214000,0.247,0.241,0.512
214500,0.235,0.242,0.523
215000,0.217,0.264,0.520
215500,0.219,0.278,0.504
216000,0.234,0.263,0.504
216500,0.261,0.259,0.479
217000,0.247,0.260,0.492
217500,0.221,0.257,0.522
218000,0.221,0.275,0.505
218500,0.222,0.272,0.507
219000,0.249,0.253,0.497
219500,0.251,0.248,0.501
220000,0.267,0.255,0.478
220500,0.292,0.237,0.471
221000,0.290,0.218,0.492
221500,0.274,0.205,0.521
222000,0.281,0.210,0.509
222500,0.284,0.207,0.509
223000,0.282,0.223,0.495
223500,0.282,0.219,0.499
224000,0.290,0.212,0.497
224500,0.279,0.217,0.505
225000,0.308,0.218,0.474
225500,0.313,0.232,0.456
226000,0.314,0.219,0.468
226500,0.313,0.216,0.472
227000,0.285,0.216,0.499
227500,0.295,0.239,0.466
228000,0.287,0.228,0.485
228500,0.280,0.208,0.512
229000,0.280,0.207,0.513
229500,0.303,0.216,0.481
230000,0.298,0.220,0.482
230500,0.298,0.204,0.497
231000,0.302,0.206,0.491
231500,0.315,0.207,0.478
232000,0.297,0.219,0.484
232500,0.313,0.207,0.480
233000,0.303,0.221,0.476
233500,0.311,0.227,0.463
234000,0.328,0.224,0.448
234500,0.340,0.201,0.459
235000,0.317,0.208,0.475
235500,0.309,0.220,0.471
236000,0.305,0.206,0.488
236500,0.317,0.206,0.477
237000,0.309,0.211,0.479
237500,0.329,0.218,0.454
238000,0.335,0.215,0.450
238500,0.341,0.195,0.464
239000,0.331,0.203,0.466
239500,0.353,0.190,0.457
240000,0.355,0.182,0.463
240500,0.358,0.198,0.444
241000,0.363,0.189,0.448
241500,0.350,0.209,0.440
242000,0.358,0.178,0.465
242500,0.365,0.183,0.453
243000,0.386,0.185,0.429
243500,0.377,0.186,0.437
244000,0.397,0.177,0.426
244500,0.364,0.173,0.464
245000,0.350,0.181,0.469
245500,0.316,0.213,0.471
246000,0.297,0.211,0.491
246500,0.292,0.244,0.464
247000,0.302,0.268,0.430
247500,0.303,0.237,0.460
248000,0.311,0.250,0.439
248500,0.325,0.233,0.442
249000,0.314,0.223,0.464
249500,0.327,0.211,0.462
250000,0.331,0.201,0.468
250500,0.334,0.200,0.466
251000,0.346,0.185,0.469
251500,0.365,0.178,0.458
252000,0.350,0.178,0.472
252500,0.337,0.193,0.470
253000,0.330,0.196,0.474
253500,0.338,0.207,0.455
254000,0.305,0.207,0.487
254500,0.313,0.203,0.484
255000,0.304,0.204,0.491
255500,0.274,0.212,0.514
256000,0.275,0.219,0.507
256500,0.306,0.211,0.482
257000,0.315,0.204,0.481
257500,0.301,0.217,0.482
258000,0.305,0.232,0.463
258500,0.306,0.237,0.457
259000,0.321,0.225,0.455
259500,0.337,0.198,0.465
260000,0.324,0.212,0.464
260500,0.343,0.194,0.463
261000,0.347,0.199,0.454
261500,0.363,0.192,0.445
262000,0.345,0.185,0.470
262500,0.358,0.198,0.444
263000,0.358,0.200,0.442
263500,0.359,0.202,0.439
264000,0.341,0.210,0.448
264500,0.356,0.202,0.441
265000,0.350,0.191,0.459
265500,0.371,0.181,0.448
266000,0.360,0.179,0.462
266500,0.346,0.194,0.460
267000,0.328,0.189,0.483
267500,0.351,0.184,0.465
268000,0.350,0.195,0.455
268500,0.346,0.196,0.458
269000,0.375,0.203,0.422
269500,0.384,0.189,0.427
270000,0.390,0.182,0.428
270500,0.397,0.168,0.435
271000,0.370,0.182,0.448
271500,0.384,0.178,0.438
272000,0.396,0.190,0.414
272500,0.408,0.188,0.404
273000,0.397,0.185,0.418
273500,0.374,0.204,0.422
274000,0.384,0.195,0.421
274500,0.393,0.185,0.422
275000,0.390,0.195,0.415
275500,0.382,0.199,0.419
276000,0.390,0.210,0.399
276500,0.382,0.188,0.430
277000,0.378,0.201,0.421
277500,0.377,0.184,0.439
278000,0.384,0.186,0.430
278500,0.386,0.193,0.421
279000,0.372,0.195,0.433
279500,0.355,0.192,0.453
280000,0.335,0.201,0.464
280500,0.326,0.205,0.469
281000,0.327,0.206,0.467
281500,0.293,0.208,0.498
282000,0.299,0.212,0.488
282500,0.320,0.196,0.484
283000,0.326,0.185,0.489
283500,0.330,0.170,0.501
284000,0.333,0.177,0.490
284500,0.343,0.197,0.460
285000,0.336,0.188,0.476
285500,0.359,0.189,0.453
286000,0.394,0.180,0.426
286500,0.393,0.172,0.435
287000,0.404,0.166,0.429
287500,0.409,0.169,0.423
288000,0.386,0.159,0.455
288500,0.367,0.145,0.488
289000,0.353,0.164,0.482
289500,0.333,0.178,0.489
290000,0.339,0.171,0.490
290500,0.325,0.190,0.485
291000,0.341,0.182,0.477
291500,0.331,0.171,0.498
292000,0.318,0.193,0.489
292500,0.343,0.186,0.471
293000,0.344,0.199,0.457
293500,0.350,0.191,0.459
294000,0.350,0.208,0.441
294500,0.374,0.186,0.440
295000,0.341,0.197,0.462
295500,0.349,0.182,0.469
296000,0.371,0.175,0.455
296500,0.362,0.176,0.463
297000,0.371,0.175,0.455
297500,0.377,0.174,0.449
298000,0.376,0.184,0.440
298500,0.377,0.185,0.438
299000,0.380,0.182,0.438
299500,0.338,0.206,0.456
300000,0.313,0.220,0.468
300500,0.313,0.228,0.460
301000,0.317,0.215,0.469
301500,0.320,0.218,0.463
302000,0.315,0.191,0.494
302500,0.311,0.186,0.504
303000,0.323,0.195,0.482
303500,0.307,0.207,0.485
304000,0.296,0.224,0.480
304500,0.298,0.206,0.495
305000,0.302,0.200,0.497
305500,0.296,0.220,0.484
306000,0.274,0.209,0.517
306500,0.277,0.215,0.509
307000,0.267,0.205,0.528
307500,0.269,0.211,0.520
308000,0.252,0.224,0.524
308500,0.248,0.241,0.511
309000,0.251,0.259,0.489
309500,0.250,0.248,0.502
310000,0.256,0.259,0.484
310500,0.243,0.246,0.511
311000,0.228,0.265,0.508
311500,0.240,0.254,0.506
312000,0.224,0.274,0.503
312500,0.243,0.243,0.514
313000,0.230,0.242,0.528
313500,0.238,0.236,0.526
314000,0.235,0.245,0.520
314500,0.227,0.264,0.510
315000,0.221,0.258,0.521
315500,0.225,0.279,0.496
316000,0.203,0.287,0.510
316500,0.218,0.285,0.497
317000,0.241,0.275,0.484
317500,0.245,0.251,0.504
318000,0.243,0.256,0.501
318500,0.244,0.249,0.507
319000,0.249,0.233,0.518
319500,0.257,0.232,0.511
320000,0.286,0.251,0.463
320500,0.275,0.260,0.465
321000,0.266,0.253,0.481
321500,0.283,0.247,0.470
322000,0.278,0.247,0.475
322500,0.247,0.237,0.516
323000,0.229,0.242,0.529
323500,0.233,0.241,0.526
324000,0.256,0.248,0.495
324500,0.247,0.255,0.497
325000,0.260,0.245,0.494
325500,0.249,0.223,0.528
326000,0.274,0.210,0.516
326500,0.243,0.233,0.524
327000,0.253,0.228,0.519
327500,0.233,0.233,0.534
328000,0.241,0.236,0.523
328500,0.246,0.240,0.514
329000,0.260,0.237,0.503
329500,0.270,0.233,0.497
330000,0.278,0.205,0.517
330500,0.290,0.199,0.511
331000,0.301,0.202,0.496
331500,0.286,0.205,0.509
332000,0.285,0.203,0.512
332500,0.295,0.198,0.507
333000,0.285,0.206,0.509
333500,0.272,0.215,0.514
334000,0.288,0.201,0.511
334500,0.272,0.216,0.513
335000,0.276,0.213,0.511
335500,0.288,0.224,0.488
336000,0.286,0.232,0.482
336500,0.274,0.226,0.501
337000,0.265,0.210,0.525
337500,0.271,0.207,0.522
338000,0.268,0.223,0.510
338500,0.279,0.233,0.488
339000,0.270,0.236,0.494
339500,0.242,0.235,0.523
340000,0.257,0.223,0.520
340500,0.251,0.230,0.519
341000,0.253,0.221,0.526
341500,0.251,0.239,0.510
342000,0.264,0.242,0.494
342500,0.244,0.229,0.527
343000,0.249,0.238,0.513
343500,0.260,0.226,0.514
344000,0.271,0.224,0.506
344500,0.266,0.227,0.508
345000,0.261,0.247,0.491
345500,0.270,0.227,0.504
346000,0.259,0.235,0.506
346500,0.257,0.237,0.506
347000,0.239,0.247,0.514
347500,0.233,0.245,0.522
348000,0.246,0.264,0.490
348500,0.237,0.248,0.515
349000,0.227,0.271,0.503
349500,0.213,0.284,0.503
350000,0.206,0.274,0.520
350500,0.206,0.281,0.513
351000,0.210,0.279,0.511
351500,0.205,0.295,0.499
352000,0.200,0.270,0.530
352500,0.218,0.253,0.529
353000,0.206,0.268,0.526
353500,0.196,0.279,0.525
354000,0.176,0.275,0.550
354500,0.181,0.265,0.555
355000,0.166,0.287,0.546
355500,0.163,0.329,0.508
356000,0.164,0.313,0.523
356500,0.168,0.340,0.492
357000,0.170,0.342,0.488
357500,0.194,0.318,0.488
358000,0.203,0.308,0.488
358500,0.202,0.303,0.494
359000,0.210,0.282,0.508
359500,0.206,0.274,0.520
360000,0.210,0.284,0.506
360500,0.185,0.296,0.519
361000,0.196,0.290,0.514
361500,0.194,0.265,0.541
362000,0.208,0.267,0.525
362500,0.183,0.270,0.547
363000,0.204,0.265,0.531
363500,0.198,0.269,0.533
364000,0.193,0.285,0.522
364500,0.184,0.298,0.518
365000,0.178,0.298,0.524
365500,0.170,0.305,0.525
366000,0.177,0.323,0.501
366500,0.185,0.316,0.499
367000,0.194,0.290,0.516
367500,0.205,0.289,0.506
368000,0.207,0.284,0.509
368500,0.192,0.282,0.526
369000,0.186,0.265,0.550
369500,0.182,0.269,0.550
370000,0.208,0.257,0.534
370500,0.244,0.257,0.498
371000,0.248,0.265,0.487
371500,0.244,0.244,0.512
372000,0.242,0.220,0.538
372500,0.250,0.229,0.521
373000,0.213,0.264,0.523
373500,0.216,0.259,0.525
374000,0.226,0.268,0.507
374500,0.237,0.247,0.516
375000,0.249,0.243,0.508
375500,0.242,0.242,0.516
376000,0.241,0.260,0.498
376500,0.246,0.268,0.486
377000,0.249,0.219,0.532
377500,0.269,0.201,0.530
378000,0.282,0.219,0.499
378500,0.277,0.223,0.501
379000,0.284,0.235,0.481
379500,0.299,0.207,0.493
380000,0.294,0.207,0.498
380500,0.279,0.206,0.515
381000,0.288,0.229,0.483
381500,0.290,0.222,0.488
382000,0.275,0.240,0.485
382500,0.282,0.224,0.494
383000,0.295,0.222,0.483
383500,0.317,0.202,0.481
384000,0.333,0.192,0.475
384500,0.340,0.202,0.458
385000,0.327,0.225,0.448
385500,0.298,0.220,0.482
386000,0.300,0.222,0.478
386500,0.316,0.226,0.459
387000,0.302,0.215,0.483
387500,0.301,0.209,0.489
388000,0.286,0.204,0.510
388500,0.280,0.213,0.507
389000,0.285,0.207,0.508
389500,0.292,0.228,0.480
390000,0.287,0.200,0.513
390500,0.277,0.231,0.492
391000,0.285,0.251,0.464
391500,0.294,0.240,0.466
392000,0.280,0.244,0.476
392500,0.263,0.252,0.485
393000,0.232,0.254,0.514
393500,0.247,0.227,0.526
394000,0.272,0.211,0.517
394500,0.298,0.213,0.488
395000,0.321,0.211,0.468
395500,0.324,0.219,0.458
396000,0.305,0.220,0.475
396500,0.303,0.210,0.486
397000,0.289,0.206,0.505
397500,0.284,0.225,0.491
398000,0.297,0.207,0.495
398500,0.283,0.202,0.515
399000,0.303,0.206,0.490
399500,0.302,0.208,0.489
400000,0.287,0.213,0.499
400500,0.291,0.207,0.502
401000,0.308,0.187,0.505
401500,0.301,0.194,0.505
402000,0.290,0.203,0.507
402500,0.313,0.215,0.473
403000,0.314,0.198,0.488
403500,0.349,0.185,0.466
404000,0.324,0.178,0.498
404500,0.335,0.197,0.468
405000,0.334,0.190,0.476
405500,0.336,0.198,0.466
406000,0.334,0.196,0.470
406500,0.342,0.189,0.469
407000,0.322,0.202,0.476
407500,0.299,0.193,0.508
408000,0.317,0.189,0.494
408500,0.314,0.203,0.483
409000,0.311,0.201,0.488
409500,0.320,0.204,0.476
410000,0.311,0.206,0.483
410500,0.307,0.222,0.471
411000,0.279,0.221,0.501
411500,0.279,0.234,0.487
412000,0.291,0.241,0.468
412500,0.283,0.268,0.449
413000,0.265,0.246,0.489
413500,0.284,0.233,0.483
414000,0.280,0.234,0.486
414500,0.274,0.250,0.476
415000,0.277,0.239,0.484
415500,0.287,0.211,0.502
416000,0.295,0.216,0.489
416500,0.305,0.203,0.491
417000,0.325,0.191,0.484
417500,0.330,0.202,0.468
418000,0.319,0.203,0.478
418500,0.327,0.199,0.474
419000,0.309,0.202,0.488
419500,0.290,0.195,0.515
420000,0.290,0.207,0.503
420500,0.307,0.198,0.494
421000,0.299,0.198,0.503
421500,0.283,0.217,0.501
422000,0.280,0.203,0.517
422500,0.270,0.206,0.524
423000,0.287,0.221,0.492
423500,0.269,0.226,0.506
424000,0.287,0.220,0.493
424500,0.297,0.204,0.498
425000,0.276,0.208,0.516
425500,0.298,0.206,0.495
426000,0.311,0.221,0.469
426500,0.303,0.225,0.472
427000,0.281,0.217,0.503
427500,0.303,0.237,0.460
428000,0.292,0.235,0.473
428500,0.266,0.253,0.481
429000,0.275,0.216,0.510
429500,0.275,0.231,0.494
430000,0.269,0.236,0.495
430500,0.272,0.230,0.498
431000,0.251,0.225,0.524
431500,0.272,0.221,0.508
432000,0.296,0.197,0.507
432500,0.270,0.217,0.514
433000,0.280,0.226,0.494
433500,0.266,0.218,0.517
434000,0.281,0.222,0.497
434500,0.292,0.207,0.501
435000,0.306,0.206,0.487
435500,0.283,0.205,0.512
436000,0.281,0.208,0.511
436500,0.289,0.210,0.501
437000,0.279,0.216,0.506
437500,0.294,0.207,0.498
438000,0.268,0.201,0.531
438500,0.293,0.183,0.524
439000,0.302,0.201,0.496
439500,0.268,0.216,0.517
440000,0.263,0.211,0.526
440500,0.256,0.210,0.533
441000,0.279,0.207,0.514
441500,0.268,0.226,0.507
442000,0.254,0.241,0.505
442500,0.235,0.226,0.539
443000,0.244,0.210,0.545
443500,0.254,0.222,0.524
444000,0.276,0.210,0.514
444500,0.292,0.196,0.512
445000,0.295,0.204,0.501
445500,0.345,0.191,0.464
446000,0.330,0.184,0.486
446500,0.327,0.178,0.495
447000,0.340,0.179,0.481
447500,0.307,0.200,0.492
448000,0.300,0.191,0.509
448500,0.289,0.189,0.522
449000,0.312,0.191,0.497
449500,0.312,0.177,0.512
450000,0.317,0.166,0.517
450500,0.294,0.179,0.527
451000,0.301,0.185,0.514
451500,0.302,0.183,0.515
452000,0.313,0.172,0.516
452500,0.327,0.170,0.504
453000,0.344,0.164,0.491
453500,0.334,0.171,0.495
454000,0.325,0.174,0.502
454500,0.316,0.183,0.502
455000,0.307,0.192,0.501
455500,0.311,0.196,0.493
456000,0.305,0.206,0.488
456500,0.297,0.195,0.508
457000,0.297,0.179,0.524
457500,0.272,0.202,0.526
458000,0.292,0.194,0.514
458500,0.298,0.213,0.488
459000,0.291,0.204,0.505
459500,0.319,0.190,0.491
460000,0.335,0.161,0.504
460500,0.304,0.175,0.521
461000,0.319,0.171,0.511
461500,0.298,0.176,0.526
462000,0.307,0.178,0.515
462500,0.309,0.183,0.508
463000,0.268,0.184,0.549
463500,0.266,0.204,0.530
464000,0.268,0.185,0.547
464500,0.277,0.179,0.544
465000,0.309,0.206,0.484
465500,0.308,0.181,0.511
466000,0.290,0.181,0.529
466500,0.268,0.200,0.532
467000,0.301,0.186,0.513
467500,0.286,0.210,0.504
468000,0.260,0.224,0.516
468500,0.260,0.230,0.510
469000,0.256,0.219,0.525
469500,0.255,0.209,0.535
470000,0.273,0.203,0.524
470500,0.272,0.197,0.531
471000,0.271,0.216,0.514
471500,0.247,0.222,0.531
472000,0.230,0.252,0.518
472500,0.213,0.254,0.532
473000,0.208,0.284,0.508
473500,0.215,0.265,0.521
474000,0.231,0.250,0.519
474500,0.248,0.265,0.487
475000,0.239,0.273,0.488
475500,0.234,0.260,0.506
476000,0.236,0.242,0.522
476500,0.266,0.222,0.513
477000,0.280,0.203,0.517
477500,0.267,0.212,0.521
478000,0.276,0.196,0.528
478500,0.260,0.210,0.529
479000,0.264,0.210,0.526
479500,0.251,0.219,0.530
480000,0.268,0.219,0.514
480500,0.257,0.233,0.510
481000,0.255,0.233,0.512
481500,0.253,0.213,0.533
482000,0.259,0.219,0.522
482500,0.255,0.213,0.531
483000,0.273,0.218,0.510
483500,0.274,0.234,0.492
484000,0.234,0.239,0.527
484500,0.224,0.247,0.529
485000,0.218,0.241,0.541
485500,0.248,0.228,0.524
486000,0.240,0.246,0.514
486500,0.235,0.241,0.524
487000,0.227,0.255,0.518
487500,0.232,0.240,0.528
488000,0.213,0.248,0.538
488500,0.213,0.263,0.524
489000,0.225,0.240,0.535
489500,0.236,0.248,0.516
490000,0.233,0.241,0.526
490500,0.252,0.238,0.510
491000,0.271,0.218,0.512
491500,0.240,0.222,0.538
492000,0.221,0.232,0.547
492500,0.209,0.249,0.541
493000,0.210,0.255,0.534
493500,0.215,0.261,0.524
494000,0.197,0.279,0.524
494500,0.189,0.294,0.517
495000,0.202,0.291,0.507
495500,0.203,0.282,0.515
496000,0.202,0.274,0.524
496500,0.195,0.273,0.532
497000,0.174,0.297,0.529
497500,0.162,0.320,0.518
498000,0.187,0.282,0.531
498500,0.200,0.273,0.527
499000,0.208,0.219,0.573
499500,0.215,0.232,0.554
500000,0.218,0.241,0.541
500500,0.206,0.251,0.542
501000,0.211,0.253,0.535
501500,0.192,0.240,0.568
502000,0.201,0.276,0.523
502500,0.203,0.256,0.540
503000,0.219,0.235,0.546
503500,0.226,0.236,0.538
504000,0.238,0.221,0.541
504500,0.219,0.226,0.556
505000,0.237,0.231,0.532
505500,0.225,0.232,0.543
506000,0.215,0.235,0.551
506500,0.234,0.211,0.555
507000,0.228,0.223,0.550
507500,0.219,0.229,0.553
508000,0.258,0.215,0.527
508500,0.269,0.204,0.527
509000,0.305,0.184,0.511
509500,0.294,0.185,0.521
510000,0.280,0.205,0.515
510500,0.281,0.206,0.513
511000,0.299,0.197,0.504
511500,0.304,0.202,0.493
512000,0.301,0.194,0.505
512500,0.303,0.215,0.482
513000,0.290,0.202,0.508
513500,0.297,0.192,0.511
514000,0.294,0.202,0.504
514500,0.305,0.189,0.506
515000,0.274,0.190,0.536
515500,0.291,0.189,0.520
516000,0.293,0.192,0.515
516500,0.293,0.200,0.507
517000,0.298,0.205,0.496
517500,0.289,0.221,0.490
518000,0.279,0.206,0.515
518500,0.278,0.206,0.516
519000,0.270,0.223,0.508
519500,0.282,0.216,0.503
520000,0.285,0.225,0.490
520500,0.278,0.216,0.507
521000,0.288,0.207,0.505
521500,0.281,0.225,0.494
522000,0.314,0.227,0.460
522500,0.287,0.207,0.506
523000,0.294,0.213,0.492
523500,0.284,0.231,0.485
524000,0.283,0.232,0.485
524500,0.278,0.235,0.487
525000,0.250,0.247,0.503
525500,0.263,0.255,0.482
526000,0.259,0.250,0.490
526500,0.249,0.221,0.530
527000,0.238,0.212,0.550
527500,0.269,0.218,0.514
528000,0.276,0.210,0.514
528500,0.279,0.193,0.528
529000,0.292,0.201,0.507
529500,0.289,0.200,0.511
530000,0.272,0.209,0.519
530500,0.266,0.201,0.533
531000,0.278,0.202,0.520
531500,0.287,0.206,0.507
532000,0.279,0.217,0.505
532500,0.303,0.212,0.484
533000,0.304,0.209,0.486
533500,0.286,0.212,0.502
534000,0.287,0.221,0.492
534500,0.294,0.212,0.493
535000,0.308,0.229,0.463
535500,0.286,0.226,0.488
536000,0.270,0.211,0.519
536500,0.272,0.224,0.505
537000,0.298,0.234,0.468
537500,0.270,0.218,0.513
538000,0.248,0.227,0.525
538500,0.279,0.243,0.478
539000,0.261,0.228,0.511
539500,0.272,0.230,0.498
540000,0.265,0.238,0.497
540500,0.248,0.246,0.506
541000,0.256,0.238,0.506
541500,0.265,0.229,0.507
542000,0.279,0.215,0.507
542500,0.259,0.235,0.506
543000,0.264,0.226,0.511
543500,0.259,0.229,0.512
544000,0.250,0.220,0.530
544500,0.248,0.227,0.525
545000,0.277,0.209,0.514
545500,0.288,0.204,0.508
546000,0.269,0.223,0.509
546500,0.256,0.231,0.513
547000,0.229,0.249,0.522
547500,0.209,0.268,0.523
548000,0.211,0.251,0.537
548500,0.222,0.263,0.516
549000,0.226,0.231,0.543
549500,0.224,0.233,0.543
550000,0.239,0.213,0.547
550500,0.250,0.229,0.521
551000,0.236,0.241,0.523
551500,0.230,0.237,0.533
552000,0.244,0.226,0.530
552500,0.240,0.240,0.520
553000,0.228,0.225,0.547
553500,0.209,0.237,0.554
554000,0.217,0.250,0.533
554500,0.247,0.219,0.534
555000,0.260,0.199,0.540
555500,0.287,0.189,0.524
556000,0.294,0.197,0.509
556500,0.269,0.220,0.512
557000,0.254,0.238,0.508
557500,0.263,0.234,0.504
558000,0.238,0.225,0.537
558500,0.235,0.224,0.541
559000,0.250,0.223,0.527
559500,0.243,0.231,0.526
560000,0.233,0.243,0.524
560500,0.222,0.227,0.552
561000,0.231,0.222,0.547
561500,0.235,0.251,0.514
562000,0.233,0.234,0.533
562500,0.242,0.241,0.517
563000,0.232,0.238,0.530
563500,0.249,0.236,0.515
564000,0.246,0.230,0.524
564500,0.237,0.212,0.551
565000,0.230,0.223,0.547
565500,0.218,0.230,0.553
566000,0.213,0.245,0.541
566500,0.222,0.268,0.511
567000,0.220,0.265,0.516
567500,0.229,0.226,0.545
568000,0.269,0.202,0.529
568500,0.241,0.219,0.540
569000,0.247,0.226,0.527
569500,0.273,0.222,0.506
570000,0.284,0.223,0.493
570500,0.244,0.238,0.518
571000,0.252,0.235,0.513
571500,0.276,0.236,0.488
572000,0.236,0.233,0.531
572500,0.229,0.222,0.550
573000,0.243,0.225,0.532
573500,0.227,0.246,0.527
574000,0.216,0.237,0.547
574500,0.228,0.239,0.533
575000,0.230,0.257,0.513
575500,0.215,0.258,0.527
576000,0.224,0.236,0.540
576500,0.226,0.221,0.554
577000,0.228,0.225,0.547
577500,0.255,0.217,0.528
578000,0.268,0.202,0.530
578500,0.293,0.203,0.504
579000,0.275,0.229,0.496
579500,0.268,0.222,0.511
580000,0.279,0.226,0.495
580500,0.259,0.228,0.513
581000,0.249,0.244,0.507
581500,0.241,0.265,0.494
582000,0.216,0.282,0.503
582500,0.208,0.278,0.514
583000,0.256,0.237,0.507
583500,0.239,0.240,0.521
584000,0.228,0.263,0.510
584500,0.233,0.259,0.508
585000,0.249,0.254,0.496
585500,0.243,0.251,0.506
586000,0.238,0.259,0.503
586500,0.229,0.246,0.525
587000,0.234,0.236,0.530
587500,0.251,0.252,0.496
588000,0.252,0.250,0.497
588500,0.232,0.284,0.484
589000,0.226,0.268,0.507
589500,0.225,0.268,0.508
590000,0.223,0.276,0.502
590500,0.221,0.293,0.486
591000,0.185,0.301,0.514
591500,0.184,0.298,0.518
592000,0.196,0.318,0.486
592500,0.188,0.320,0.492
593000,0.203,0.314,0.483
593500,0.197,0.293,0.510
594000,0.210,0.312,0.478
594500,0.218,0.295,0.487
595000,0.212,0.283,0.505
595500,0.220,0.299,0.481
596000,0.240,0.255,0.505
596500,0.215,0.260,0.525
597000,0.231,0.251,0.518
597500,0.218,0.259,0.523
598000,0.216,0.236,0.549
598500,0.218,0.231,0.552
599000,0.219,0.217,0.565
599500,0.244,0.245,0.511
600000,0.248,0.249,0.503
600500,0.253,0.258,0.488
601000,0.261,0.246,0.492
601500,0.267,0.252,0.481
602000,0.249,0.259,0.491
602500,0.263,0.244,0.493
603000,0.269,0.238,0.493
603500,0.268,0.227,0.506
604000,0.269,0.231,0.501
604500,0.271,0.217,0.513
605000,0.249,0.220,0.531
605500,0.268,0.202,0.530
606000,0.257,0.207,0.535
606500,0.261,0.219,0.520
607000,0.276,0.228,0.496
607500,0.279,0.223,0.498
608000,0.282,0.220,0.498
608500,0.276,0.220,0.505
609000,0.279,0.228,0.493
609500,0.268,0.223,0.510
610000,0.269,0.213,0.518
610500,0.304,0.212,0.483
611000,0.306,0.205,0.488
611500,0.296,0.204,0.499
612000,0.291,0.212,0.496
612500,0.306,0.222,0.472
613000,0.321,0.223,0.457
613500,0.309,0.226,0.465
614000,0.320,0.207,0.473
614500,0.305,0.204,0.490
615000,0.294,0.218,0.488
615500,0.309,0.213,0.477
616000,0.292,0.220,0.488
616500,0.317,0.225,0.459
617000,0.304,0.218,0.478
617500,0.309,0.218,0.473
618000,0.293,0.245,0.462
618500,0.280,0.233,0.487
619000,0.279,0.213,0.508
619500,0.279,0.198,0.523
620000,0.266,0.196,0.538
620500,0.277,0.205,0.518
621000,0.278,0.198,0.524
621500,0.265,0.229,0.507
622000,0.272,0.230,0.498
622500,0.263,0.238,0.499
623000,0.279,0.241,0.480
623500,0.256,0.238,0.506
624000,0.280,0.213,0.507
624500,0.293,0.225,0.482
625000,0.292,0.208,0.499
625500,0.254,0.212,0.533
626000,0.245,0.237,0.518
626500,0.227,0.276,0.497
627000,0.232,0.266,0.503
627500,0.239,0.254,0.507
628000,0.234,0.271,0.495
628500,0.223,0.289,0.488
629000,0.225,0.263,0.513
629500,0.218,0.257,0.525
630000,0.250,0.246,0.504
630500,0.258,0.266,0.476
631000,0.240,0.280,0.480
631500,0.261,0.271,0.468
632000,0.264,0.265,0.472
632500,0.231,0.287,0.482
633000,0.230,0.291,0.479
633500,0.232,0.283,0.485
634000,0.228,0.270,0.503
634500,0.218,0.287,0.495
635000,0.228,0.278,0.494
635500,0.249,0.252,0.498
636000,0.266,0.246,0.488
636500,0.258,0.249,0.492
637000,0.256,0.246,0.497
637500,0.263,0.240,0.497
638000,0.269,0.227,0.505
638500,0.275,0.228,0.497
639000,0.266,0.232,0.503
639500,0.266,0.221,0.514
640000,0.273,0.234,0.493
640500,0.264,0.248,0.488
641000,0.279,0.242,0.479
641500,0.267,0.229,0.505
642000,0.271,0.215,0.515
642500,0.284,0.208,0.508
643000,0.273,0.213,0.514
643500,0.239,0.229,0.532
644000,0.234,0.238,0.528
644500,0.226,0.273,0.502
645000,0.245,0.263,0.492
645500,0.268,0.251,0.481
646000,0.260,0.256,0.483
646500,0.261,0.238,0.501
647000,0.254,0.231,0.515
647500,0.247,0.229,0.524
648000,0.249,0.245,0.506
648500,0.240,0.248,0.512
649000,0.265,0.229,0.507
649500,0.280,0.213,0.507
650000,0.271,0.218,0.512
650500,0.288,0.211,0.501
651000,0.291,0.211,0.497
651500,0.274,0.232,0.494
652000,0.237,0.247,0.516
652500,0.246,0.250,0.504
653000,0.257,0.249,0.493
653500,0.241,0.285,0.474
654000,0.245,0.268,0.487
654500,0.246,0.264,0.490
655000,0.247,0.274,0.479
655500,0.261,0.240,0.498
656000,0.273,0.246,0.481
656500,0.266,0.255,0.479
657000,0.266,0.248,0.486
657500,0.294,0.238,0.468
658000,0.272,0.221,0.508
658500,0.290,0.222,0.488
659000,0.289,0.229,0.482
659500,0.293,0.222,0.485
660000,0.288,0.239,0.473
660500,0.274,0.234,0.492
661000,0.254,0.223,0.523
661500,0.267,0.245,0.488
662000,0.251,0.244,0.505
662500,0.255,0.251,0.493
663000,0.252,0.233,0.515
663500,0.264,0.239,0.497
664000,0.263,0.245,0.492
664500,0.263,0.271,0.467
665000,0.251,0.291,0.458
665500,0.245,0.281,0.474
666000,0.234,0.293,0.473
666500,0.227,0.290,0.483
667000,0.224,0.295,0.481
667500,0.210,0.269,0.521
668000,0.203,0.266,0.531
668500,0.205,0.284,0.511
669000,0.207,0.291,0.502
669500,0.193,0.284,0.523
670000,0.194,0.300,0.506
670500,0.209,0.282,0.509
671000,0.212,0.266,0.522
671500,0.220,0.264,0.517
672000,0.213,0.277,0.510
672500,0.194,0.286,0.520
673000,0.217,0.270,0.514
673500,0.203,0.268,0.529
674000,0.196,0.271,0.533
674500,0.197,0.270,0.533
675000,0.181,0.289,0.530
675500,0.181,0.301,0.518
676000,0.195,0.287,0.518
676500,0.178,0.307,0.515
677000,0.163,0.287,0.550
677500,0.178,0.289,0.533
678000,0.182,0.279,0.539
678500,0.185,0.273,0.542
679000,0.179,0.281,0.540
679500,0.182,0.307,0.511
680000,0.181,0.285,0.534
680500,0.184,0.272,0.544
681000,0.192,0.312,0.496
681500,0.198,0.302,0.499
682000,0.184,0.290,0.526
682500,0.186,0.285,0.529
683000,0.205,0.276,0.519
683500,0.194,0.291,0.515
684000,0.201,0.275,0.524
684500,0.208,0.283,0.509
685000,0.216,0.273,0.512
685500,0.216,0.281,0.504
686000,0.225,0.280,0.495
686500,0.218,0.273,0.510
687000,0.226,0.268,0.507
687500,0.217,0.265,0.519
688000,0.225,0.239,0.536
688500,0.237,0.242,0.521
689000,0.243,0.235,0.522
689500,0.245,0.236,0.519
690000,0.257,0.254,0.488
690500,0.261,0.239,0.499
691000,0.268,0.233,0.499
691500,0.260,0.238,0.502
692000,0.268,0.215,0.518
692500,0.268,0.210,0.522
693000,0.254,0.206,0.539
693500,0.278,0.216,0.507
694000,0.273,0.218,0.510
694500,0.278,0.195,0.527
695000,0.294,0.190,0.516
695500,0.291,0.203,0.506
696000,0.312,0.195,0.493
696500,0.294,0.212,0.493
697000,0.303,0.209,0.487
697500,0.277,0.207,0.516
698000,0.266,0.213,0.521
698500,0.251,0.210,0.538
699000,0.273,0.209,0.518
699500,0.254,0.221,0.525
700000,0.251,0.204,0.544
700500,0.264,0.190,0.546
701000,0.309,0.180,0.511
701500,0.326,0.158,0.516
702000,0.328,0.170,0.503
702500,0.315,0.193,0.492
703000,0.314,0.191,0.495
703500,0.300,0.185,0.515
704000,0.280,0.194,0.526
704500,0.247,0.239,0.514
705000,0.249,0.241,0.510
705500,0.248,0.235,0.517
706000,0.263,0.231,0.507
706500,0.260,0.221,0.519
707000,0.283,0.185,0.532
707500,0.278,0.196,0.526
708000,0.283,0.189,0.528
708500,0.252,0.199,0.549
709000,0.259,0.188,0.553
709500,0.268,0.208,0.524
710000,0.263,0.227,0.511
710500,0.265,0.215,0.521
711000,0.244,0.212,0.543
711500,0.249,0.210,0.540
712000,0.250,0.226,0.524
712500,0.254,0.230,0.516
713000,0.254,0.213,0.532
713500,0.276,0.218,0.507
714000,0.268,0.192,0.540
714500,0.273,0.206,0.521
715000,0.269,0.207,0.524
715500,0.277,0.208,0.515
716000,0.265,0.210,0.525
716500,0.290,0.198,0.512
717000,0.312,0.192,0.496
717500,0.316,0.193,0.491
718000,0.300,0.190,0.510
718500,0.283,0.209,0.508
719000,0.258,0.232,0.510
719500,0.267,0.215,0.519
720000,0.286,0.206,0.508
720500,0.309,0.216,0.475
721000,0.291,0.222,0.487
721500,0.285,0.215,0.501
722000,0.264,0.224,0.513
722500,0.293,0.211,0.495
723000,0.312,0.215,0.474
723500,0.295,0.206,0.498
724000,0.311,0.199,0.490
724500,0.300,0.197,0.503
725000,0.308,0.186,0.506
725500,0.307,0.184,0.509
726000,0.287,0.188,0.525
726500,0.286,0.186,0.528
727000,0.286,0.202,0.512
727500,0.302,0.195,0.503
728000,0.263,0.215,0.523
728500,0.279,0.217,0.505
729000,0.286,0.235,0.479
729500,0.267,0.247,0.486
730000,0.265,0.265,0.471
730500,0.270,0.252,0.478
731000,0.256,0.275,0.469
731500,0.273,0.267,0.461
732000,0.290,0.247,0.463
732500,0.279,0.250,0.471
733000,0.296,0.243,0.461
733500,0.291,0.249,0.460
734000,0.280,0.257,0.463
734500,0.281,0.221,0.498
735000,0.311,0.194,0.495
735500,0.294,0.207,0.498
736000,0.281,0.201,0.518
736500,0.294,0.200,0.506
737000,0.289,0.199,0.512
737500,0.295,0.195,0.510
738000,0.323,0.176,0.502
738500,0.297,0.180,0.523
739000,0.283,0.187,0.530
739500,0.306,0.184,0.510
740000,0.312,0.206,0.482
740500,0.321,0.191,0.488
741000,0.318,0.204,0.478
741500,0.339,0.206,0.455
742000,0.329,0.204,0.467
742500,0.317,0.177,0.507
743000,0.298,0.189,0.513
743500,0.308,0.177,0.515
744000,0.289,0.194,0.517
744500,0.292,0.210,0.497
745000,0.273,0.229,0.498
745500,0.271,0.220,0.510
746000,0.268,0.219,0.514
746500,0.280,0.212,0.508
747000,0.291,0.187,0.522
747500,0.292,0.183,0.525
748000,0.307,0.186,0.507
748500,0.296,0.185,0.519
749000,0.289,0.203,0.508
749500,0.300,0.196,0.504
750000,0.302,0.198,0.499
750500,0.288,0.202,0.510
751000,0.295,0.205,0.499
751500,0.290,0.200,0.510
752000,0.312,0.198,0.490
752500,0.323,0.187,0.490
753000,0.314,0.172,0.515
753500,0.338,0.171,0.491
754000,0.329,0.171,0.501
754500,0.329,0.160,0.511
755000,0.364,0.158,0.478
755500,0.358,0.166,0.476
756000,0.353,0.170,0.477
756500,0.355,0.176,0.469
757000,0.351,0.157,0.491
757500,0.348,0.154,0.497
758000,0.351,0.163,0.485
758500,0.384,0.161,0.455
759000,0.371,0.156,0.473
759500,0.369,0.144,0.487
760000,0.385,0.162,0.453
760500,0.360,0.156,0.484
761000,0.345,0.171,0.484
761500,0.342,0.166,0.491
762000,0.343,0.157,0.499
762500,0.332,0.157,0.511
763000,0.356,0.157,0.486
763500,0.350,0.162,0.487
764000,0.364,0.177,0.460
764500,0.309,0.180,0.511
765000,0.344,0.188,0.468
765500,0.349,0.179,0.472
766000,0.341,0.192,0.467
766500,0.331,0.207,0.462
767000,0.320,0.197,0.483
767500,0.309,0.184,0.507
768000,0.329,0.179,0.492
768500,0.346,0.168,0.486
769000,0.344,0.184,0.472
769500,0.336,0.180,0.484
770000,0.347,0.178,0.475
770500,0.350,0.173,0.477
771000,0.370,0.161,0.469
771500,0.360,0.151,0.489
772000,0.377,0.158,0.465
772500,0.373,0.154,0.473
773000,0.365,0.141,0.494
773500,0.327,0.165,0.508
774000,0.337,0.172,0.491
774500,0.342,0.164,0.493
775000,0.334,0.160,0.506
775500,0.375,0.155,0.470
776000,0.391,0.143,0.466
776500,0.372,0.141,0.487
777000,0.366,0.145,0.489
777500,0.372,0.142,0.486
778000,0.372,0.138,0.490
778500,0.347,0.158,0.494
779000,0.343,0.162,0.494
779500,0.318,0.179,0.504
780000,0.340,0.178,0.482
780500,0.314,0.186,0.501
781000,0.346,0.180,0.474
781500,0.324,0.190,0.486
782000,0.316,0.196,0.488
782500,0.309,0.209,0.481
783000,0.315,0.190,0.495
783500,0.305,0.196,0.498
784000,0.306,0.201,0.492
784500,0.323,0.195,0.482
785000,0.315,0.209,0.476
785500,0.291,0.215,0.494
786000,0.303,0.206,0.490
786500,0.298,0.225,0.477
787000,0.295,0.234,0.471
787500,0.318,0.219,0.464
788000,0.317,0.224,0.460
788500,0.320,0.215,0.466
789000,0.316,0.216,0.469
789500,0.336,0.213,0.450
790000,0.329,0.201,0.470
790500,0.345,0.180,0.475
791000,0.348,0.173,0.479
791500,0.354,0.154,0.491
792000,0.370,0.158,0.472
792500,0.353,0.147,0.499
793000,0.353,0.148,0.498
793500,0.365,0.165,0.470
794000,0.333,0.174,0.493
794500,0.369,0.171,0.461
795000,0.382,0.155,0.463
795500,0.379,0.141,0.480
796000,0.359,0.161,0.480
796500,0.376,0.162,0.462
797000,0.375,0.160,0.465
797500,0.381,0.162,0.457
798000,0.398,0.138,0.464
798500,0.402,0.137,0.461
799000,0.417,0.139,0.444
799500,0.409,0.140,0.451
800000,0.380,0.151,0.469
800500,0.399,0.146,0.455
801000,0.400,0.139,0.461
801500,0.361,0.154,0.485
802000,0.366,0.148,0.486
802500,0.353,0.158,0.488
803000,0.348,0.162,0.489
803500,0.364,0.168,0.469
