time,n_A+p,n_B,n_AB
500,0.576,0.000,0.424
1000,0.687,0.000,0.313
1500,0.786,0.000,0.214
2000,0.877,0.000,0.123
2500,0.869,0.000,0.131
3000,0.947,0.000,0.053
3500,0.931,0.000,0.069
4000,0.897,0.000,0.103
4500,0.618,0.000,0.382
5000,0.559,0.000,0.441
5500,0.877,0.000,0.123
6000,0.843,0.000,0.157
6500,0.601,0.000,0.399
7000,0.757,0.000,0.243
7500,0.862,0.000,0.138
8000,0.743,0.000,0.257
8500,0.712,0.000,0.288
9000,0.800,0.000,0.200
9500,0.895,0.000,0.105
10000,0.976,0.000,0.024
10500,0.828,0.000,0.172
11000,0.908,0.000,0.092
11500,0.999,0.000,0.001
12000,1.000,0.000,0.000
