time,n_A+p,n_B,n_AB
500,0.010,0.957,0.033
1000,0.010,0.924,0.066
1500,0.010,0.931,0.058
2000,0.010,0.883,0.107
2500,0.010,0.875,0.115
3000,0.010,0.826,0.164
3500,0.010,0.790,0.200
4000,0.010,0.736,0.254
4500,0.010,0.760,0.230
5000,0.010,0.732,0.258
5500,0.010,0.744,0.246
6000,0.010,0.768,0.222
6500,0.010,0.802,0.188
7000,0.010,0.793,0.197
7500,0.010,0.759,0.231
8000,0.010,0.705,0.285
8500,0.010,0.683,0.306
9000,0.010,0.713,0.277
9500,0.010,0.719,0.271
10000,0.010,0.769,0.221
10500,0.010,0.772,0.218
11000,0.010,0.724,0.266
11500,0.010,0.795,0.195
12000,0.010,0.764,0.226
12500,0.010,0.792,0.198
13000,0.010,0.755,0.235
13500,0.010,0.750,0.240
14000,0.010,0.692,0.298
14500,0.010,0.702,0.288
15000,0.010,0.683,0.307
15500,0.010,0.699,0.291
16000,0.010,0.688,0.302
16500,0.010,0.723,0.267
17000,0.010,0.675,0.315
17500,0.010,0.721,0.269
18000,0.010,0.762,0.228
18500,0.010,0.644,0.346
19000,0.010,0.665,0.325
19500,0.010,0.713,0.277
20000,0.010,0.824,0.166
20500,0.010,0.838,0.152
21000,0.010,0.801,0.189
21500,0.010,0.753,0.237
22000,0.010,0.806,0.184
22500,0.010,0.717,0.273
23000,0.010,0.735,0.255
23500,0.010,0.832,0.158
24000,0.010,0.819,0.171
24500,0.010,0.790,0.200
25000,0.010,0.796,0.194
25500,0.010,0.836,0.154
26000,0.010,0.847,0.143
26500,0.010,0.867,0.123
27000,0.010,0.854,0.136
27500,0.010,0.773,0.217
28000,0.010,0.669,0.321
28500,0.010,0.685,0.304
29000,0.010,0.729,0.261
29500,0.010,0.777,0.213
30000,0.010,0.807,0.182
30500,0.010,0.798,0.192
31000,0.010,0.788,0.202
31500,0.010,0.740,0.250
32000,0.010,0.750,0.240
32500,0.010,0.756,0.234
33000,0.010,0.726,0.264
33500,0.010,0.785,0.205
34000,0.010,0.819,0.171
34500,0.010,0.763,0.227
35000,0.010,0.775,0.215
35500,0.010,0.841,0.149
36000,0.010,0.809,0.180
36500,0.010,0.867,0.123
37000,0.010,0.843,0.147
37500,0.010,0.812,0.177
38000,0.010,0.796,0.194
38500,0.010,0.791,0.199
39000,0.010,0.722,0.268
39500,0.010,0.685,0.305
40000,0.010,0.631,0.359
40500,0.010,0.656,0.334
41000,0.010,0.629,0.361
41500,0.010,0.607,0.383
42000,0.010,0.657,0.333
42500,0.010,0.697,0.293
43000,0.010,0.764,0.226
43500,0.010,0.756,0.234
44000,0.010,0.763,0.227
44500,0.010,0.778,0.212
45000,0.010,0.795,0.195
45500,0.010,0.736,0.254
46000,0.010,0.798,0.192
46500,0.010,0.835,0.155
47000,0.010,0.878,0.112
47500,0.010,0.880,0.110
48000,0.010,0.905,0.085
48500,0.010,0.865,0.125
49000,0.010,0.828,0.162
49500,0.010,0.833,0.157
50000,0.010,0.850,0.140
50500,0.010,0.796,0.194
51000,0.010,0.783,0.207
51500,0.010,0.805,0.185
52000,0.010,0.827,0.163
52500,0.010,0.831,0.159
53000,0.010,0.744,0.246
53500,0.010,0.749,0.241
54000,0.010,0.747,0.243
54500,0.010,0.740,0.250
55000,0.010,0.732,0.258
55500,0.010,0.779,0.211
56000,0.010,0.782,0.208
56500,0.010,0.739,0.251
57000,0.010,0.760,0.230
57500,0.010,0.717,0.273
58000,0.010,0.710,0.280
58500,0.010,0.691,0.299
59000,0.010,0.746,0.244
59500,0.010,0.734,0.256
60000,0.010,0.698,0.292
60500,0.010,0.700,0.290
61000,0.010,0.661,0.329
61500,0.010,0.657,0.333
62000,0.010,0.720,0.270
62500,0.010,0.785,0.205
63000,0.010,0.779,0.211
63500,0.010,0.802,0.188
64000,0.010,0.816,0.174
64500,0.010,0.787,0.203
65000,0.010,0.728,0.262
65500,0.010,0.795,0.195
66000,0.010,0.758,0.232
66500,0.010,0.775,0.215
67000,0.010,0.827,0.163
67500,0.010,0.802,0.188
68000,0.010,0.789,0.201
68500,0.010,0.820,0.170
69000,0.010,0.840,0.150
69500,0.010,0.828,0.162
70000,0.010,0.781,0.209
70500,0.010,0.720,0.270
71000,0.010,0.727,0.263
71500,0.010,0.706,0.284
72000,0.010,0.700,0.290
72500,0.010,0.658,0.332
73000,0.010,0.677,0.312
73500,0.010,0.660,0.330
74000,0.010,0.708,0.282
74500,0.010,0.776,0.214
75000,0.010,0.790,0.200
75500,0.010,0.765,0.225
76000,0.010,0.763,0.227
76500,0.010,0.725,0.265
77000,0.010,0.715,0.275
77500,0.010,0.801,0.189
78000,0.010,0.779,0.211
78500,0.010,0.808,0.182
79000,0.010,0.695,0.295
79500,0.010,0.735,0.255
80000,0.010,0.745,0.245
80500,0.010,0.669,0.321
81000,0.010,0.801,0.189
81500,0.010,0.762,0.228
82000,0.010,0.798,0.192
82500,0.010,0.806,0.184
83000,0.010,0.822,0.168
83500,0.010,0.847,0.143
84000,0.010,0.821,0.169
84500,0.010,0.780,0.210
85000,0.010,0.849,0.141
85500,0.010,0.875,0.115
86000,0.010,0.847,0.143
86500,0.010,0.798,0.192
87000,0.010,0.792,0.198
87500,0.010,0.768,0.222
88000,0.010,0.730,0.260
88500,0.010,0.699,0.291
89000,0.010,0.722,0.268
89500,0.010,0.754,0.236
90000,0.010,0.798,0.192
90500,0.010,0.846,0.144
91000,0.010,0.839,0.151
91500,0.010,0.825,0.165
92000,0.010,0.853,0.137
92500,0.010,0.794,0.196
93000,0.010,0.841,0.149
93500,0.010,0.800,0.190
94000,0.010,0.765,0.225
94500,0.010,0.743,0.247
95000,0.010,0.785,0.205
95500,0.010,0.755,0.235
96000,0.010,0.759,0.231
96500,0.010,0.749,0.241
97000,0.010,0.768,0.222
97500,0.010,0.753,0.237
98000,0.010,0.699,0.291
98500,0.010,0.701,0.289
99000,0.010,0.676,0.314
99500,0.010,0.688,0.302
100000,0.010,0.702,0.288
100500,0.010,0.712,0.278
101000,0.010,0.672,0.318
101500,0.010,0.705,0.285
102000,0.010,0.708,0.282
102500,0.010,0.643,0.347
103000,0.010,0.635,0.355
103500,0.010,0.690,0.300
104000,0.010,0.774,0.216
104500,0.010,0.792,0.198
105000,0.010,0.758,0.232
105500,0.010,0.790,0.200
106000,0.010,0.796,0.194
106500,0.010,0.804,0.186
107000,0.010,0.757,0.233
107500,0.010,0.753,0.237
108000,0.010,0.753,0.237
108500,0.010,0.774,0.216
109000,0.010,0.753,0.237
109500,0.010,0.755,0.235
110000,0.010,0.743,0.247
110500,0.010,0.778,0.212
111000,0.010,0.790,0.200
111500,0.010,0.758,0.232
112000,0.010,0.740,0.250
112500,0.010,0.750,0.240
113000,0.010,0.711,0.279
113500,0.010,0.700,0.290
114000,0.010,0.696,0.294
114500,0.010,0.662,0.328
115000,0.010,0.656,0.334
115500,0.010,0.664,0.326
116000,0.010,0.769,0.221
116500,0.010,0.785,0.205
117000,0.010,0.770,0.220
117500,0.010,0.836,0.154
118000,0.010,0.828,0.162
118500,0.010,0.810,0.180
119000,0.010,0.714,0.276
119500,0.010,0.764,0.226
120000,0.010,0.760,0.230
120500,0.010,0.777,0.213
121000,0.010,0.761,0.229
121500,0.010,0.797,0.193
122000,0.010,0.849,0.141
122500,0.010,0.877,0.113
123000,0.010,0.847,0.143
123500,0.010,0.772,0.218
124000,0.010,0.765,0.225
124500,0.010,0.838,0.152
125000,0.010,0.816,0.174
125500,0.010,0.857,0.133
126000,0.010,0.841,0.149
126500,0.010,0.807,0.182
127000,0.010,0.732,0.258
127500,0.010,0.685,0.305
128000,0.010,0.632,0.358
128500,0.010,0.657,0.333
129000,0.010,0.704,0.286
129500,0.010,0.745,0.245
130000,0.010,0.715,0.275
130500,0.010,0.767,0.223
131000,0.010,0.777,0.213
131500,0.010,0.808,0.181
132000,0.010,0.767,0.223
132500,0.010,0.776,0.214
133000,0.010,0.748,0.242
133500,0.010,0.738,0.252
134000,0.010,0.766,0.224
134500,0.010,0.792,0.198
135000,0.010,0.791,0.199
135500,0.010,0.849,0.141
136000,0.010,0.809,0.180
136500,0.010,0.752,0.238
137000,0.010,0.729,0.261
137500,0.010,0.705,0.285
138000,0.010,0.731,0.259
138500,0.010,0.711,0.279
139000,0.010,0.674,0.316
139500,0.010,0.689,0.301
140000,0.010,0.631,0.359
140500,0.010,0.743,0.247
141000,0.010,0.760,0.230
141500,0.010,0.739,0.251
142000,0.010,0.719,0.271
142500,0.010,0.820,0.170
143000,0.010,0.799,0.191
143500,0.010,0.732,0.258
144000,0.010,0.818,0.172
144500,0.010,0.734,0.256
145000,0.010,0.727,0.263
145500,0.010,0.817,0.173
146000,0.010,0.779,0.211
146500,0.010,0.803,0.187
147000,0.010,0.786,0.204
147500,0.010,0.833,0.157
148000,0.010,0.787,0.203
148500,0.010,0.801,0.189
149000,0.010,0.786,0.204
149500,0.010,0.772,0.218
150000,0.010,0.731,0.259
150500,0.010,0.661,0.329
151000,0.010,0.688,0.302
151500,0.010,0.735,0.255
152000,0.010,0.792,0.198
152500,0.010,0.723,0.267
153000,0.010,0.752,0.238
153500,0.010,0.710,0.280
154000,0.010,0.733,0.257
154500,0.010,0.713,0.277
155000,0.010,0.766,0.224
155500,0.010,0.761,0.229
156000,0.010,0.786,0.204
156500,0.010,0.748,0.242
157000,0.010,0.732,0.258
157500,0.010,0.715,0.275
158000,0.010,0.722,0.268
158500,0.010,0.692,0.298
159000,0.010,0.710,0.280
159500,0.010,0.753,0.237
160000,0.010,0.754,0.236
160500,0.010,0.745,0.245
161000,0.010,0.767,0.223
161500,0.010,0.756,0.234
162000,0.010,0.728,0.262
162500,0.010,0.730,0.260
163000,0.010,0.706,0.284
163500,0.010,0.732,0.258
164000,0.010,0.768,0.222
164500,0.010,0.772,0.218
165000,0.010,0.693,0.297
165500,0.010,0.755,0.235
166000,0.010,0.723,0.267
166500,0.010,0.761,0.229
167000,0.010,0.802,0.188
167500,0.010,0.755,0.235
168000,0.010,0.721,0.269
168500,0.010,0.804,0.186
169000,0.010,0.781,0.209
169500,0.010,0.760,0.230
170000,0.010,0.779,0.211
170500,0.010,0.752,0.238
171000,0.010,0.803,0.186
171500,0.010,0.780,0.210
172000,0.010,0.815,0.175
172500,0.010,0.783,0.207
173000,0.010,0.777,0.213
173500,0.010,0.737,0.253
174000,0.010,0.760,0.230
174500,0.010,0.683,0.306
175000,0.010,0.635,0.355
175500,0.010,0.656,0.334
176000,0.010,0.694,0.296
176500,0.010,0.733,0.257
177000,0.010,0.749,0.241
177500,0.010,0.757,0.233
178000,0.010,0.784,0.206
178500,0.010,0.779,0.211
179000,0.010,0.717,0.273
179500,0.010,0.769,0.221
180000,0.010,0.750,0.240
180500,0.010,0.715,0.275
181000,0.010,0.743,0.247
181500,0.010,0.691,0.299
182000,0.010,0.673,0.317
182500,0.010,0.653,0.337
183000,0.010,0.727,0.263
183500,0.010,0.779,0.211
184000,0.010,0.798,0.192
184500,0.010,0.757,0.233
185000,0.010,0.755,0.235
185500,0.010,0.809,0.181
186000,0.010,0.821,0.169
186500,0.010,0.796,0.194
187000,0.010,0.779,0.211
187500,0.010,0.714,0.276
188000,0.010,0.732,0.258
188500,0.010,0.797,0.193
189000,0.010,0.805,0.184
189500,0.010,0.767,0.223
190000,0.010,0.762,0.228
190500,0.010,0.744,0.246
191000,0.010,0.674,0.316
191500,0.010,0.711,0.279
192000,0.010,0.759,0.231
192500,0.010,0.731,0.259
193000,0.010,0.689,0.301
193500,0.010,0.707,0.283
194000,0.010,0.728,0.262
194500,0.010,0.695,0.295
195000,0.010,0.746,0.244
195500,0.010,0.711,0.279
196000,0.010,0.776,0.214
196500,0.010,0.730,0.260
197000,0.010,0.784,0.206
197500,0.010,0.715,0.275
198000,0.010,0.729,0.261
198500,0.010,0.777,0.213
199000,0.010,0.766,0.224
199500,0.010,0.706,0.284
200000,0.010,0.674,0.316
200500,0.010,0.717,0.273
201000,0.010,0.749,0.241
201500,0.010,0.751,0.239
202000,0.010,0.708,0.282
202500,0.010,0.686,0.303
203000,0.010,0.693,0.297
203500,0.010,0.708,0.282
204000,0.010,0.762,0.228
204500,0.010,0.706,0.284
205000,0.010,0.717,0.273
205500,0.010,0.720,0.270
206000,0.010,0.718,0.272
206500,0.010,0.769,0.221
207000,0.010,0.757,0.233
207500,0.010,0.771,0.219
208000,0.010,0.752,0.238
208500,0.010,0.750,0.240
209000,0.010,0.799,0.191
209500,0.010,0.754,0.236
210000,0.010,0.769,0.221
210500,0.010,0.767,0.223
211000,0.010,0.797,0.193
211500,0.010,0.779,0.211
212000,0.010,0.788,0.202
212500,0.010,0.736,0.254
213000,0.010,0.769,0.221
213500,0.010,0.725,0.265
214000,0.010,0.796,0.194
214500,0.010,0.776,0.214
215000,0.010,0.723,0.267
215500,0.010,0.719,0.271
216000,0.010,0.707,0.283
216500,0.010,0.760,0.230
217000,0.010,0.703,0.287
217500,0.010,0.688,0.302
218000,0.010,0.675,0.315
218500,0.010,0.721,0.269
219000,0.010,0.713,0.277
219500,0.010,0.726,0.264
220000,0.010,0.711,0.279
220500,0.010,0.698,0.292
221000,0.010,0.686,0.304
221500,0.010,0.723,0.267
222000,0.010,0.676,0.314
222500,0.010,0.734,0.256
223000,0.010,0.707,0.283
223500,0.010,0.760,0.230
224000,0.010,0.706,0.284
224500,0.010,0.649,0.341
225000,0.010,0.647,0.343
225500,0.010,0.702,0.288
226000,0.010,0.719,0.271
226500,0.010,0.731,0.259
227000,0.010,0.731,0.259
227500,0.010,0.728,0.262
228000,0.010,0.638,0.352
228500,0.010,0.693,0.297
229000,0.010,0.699,0.291
229500,0.010,0.619,0.371
230000,0.010,0.637,0.353
230500,0.010,0.677,0.313
231000,0.010,0.764,0.226
231500,0.010,0.741,0.249
232000,0.010,0.790,0.200
232500,0.010,0.754,0.236
233000,0.010,0.783,0.207
233500,0.010,0.778,0.212
234000,0.010,0.793,0.197
234500,0.010,0.791,0.199
235000,0.010,0.780,0.210
235500,0.010,0.782,0.208
236000,0.010,0.792,0.198
236500,0.010,0.759,0.231
237000,0.010,0.776,0.214
237500,0.010,0.802,0.188
238000,0.010,0.790,0.200
238500,0.010,0.845,0.145
239000,0.010,0.851,0.139
239500,0.010,0.849,0.141
240000,0.010,0.823,0.167
240500,0.010,0.817,0.173
241000,0.010,0.834,0.156
241500,0.010,0.790,0.200
242000,0.010,0.815,0.175
242500,0.010,0.802,0.188
243000,0.010,0.795,0.195
243500,0.010,0.760,0.230
244000,0.010,0.727,0.263
244500,0.010,0.682,0.307
245000,0.010,0.660,0.330
245500,0.010,0.715,0.275
246000,0.010,0.677,0.312
246500,0.010,0.701,0.289
247000,0.010,0.758,0.232
247500,0.010,0.774,0.216
248000,0.010,0.742,0.248
248500,0.010,0.744,0.246
249000,0.010,0.772,0.218
249500,0.010,0.805,0.185
250000,0.010,0.778,0.212
250500,0.010,0.796,0.194
251000,0.010,0.745,0.245
251500,0.010,0.759,0.231
252000,0.010,0.792,0.198
252500,0.010,0.773,0.217
253000,0.010,0.799,0.191
253500,0.010,0.814,0.176
254000,0.010,0.853,0.137
254500,0.010,0.878,0.112
255000,0.010,0.802,0.188
255500,0.010,0.764,0.226
256000,0.010,0.807,0.182
256500,0.010,0.804,0.185
257000,0.010,0.797,0.193
257500,0.010,0.735,0.255
258000,0.010,0.736,0.254
258500,0.010,0.706,0.284
259000,0.010,0.688,0.302
259500,0.010,0.747,0.243
260000,0.010,0.746,0.244
260500,0.010,0.789,0.201
261000,0.010,0.775,0.215
261500,0.010,0.791,0.199
262000,0.010,0.771,0.219
262500,0.010,0.775,0.215
263000,0.010,0.806,0.183
263500,0.010,0.805,0.185
264000,0.010,0.782,0.208
264500,0.010,0.811,0.179
265000,0.010,0.760,0.230
265500,0.010,0.795,0.195
266000,0.010,0.827,0.163
266500,0.010,0.791,0.199
267000,0.010,0.801,0.189
267500,0.010,0.749,0.241
268000,0.010,0.812,0.177
268500,0.010,0.779,0.211
269000,0.010,0.744,0.246
269500,0.010,0.747,0.243
270000,0.010,0.742,0.248
270500,0.010,0.721,0.269
271000,0.010,0.715,0.275
271500,0.010,0.772,0.218
272000,0.010,0.769,0.221
272500,0.010,0.831,0.159
273000,0.010,0.798,0.192
273500,0.010,0.766,0.224
274000,0.010,0.734,0.256
274500,0.010,0.700,0.290
275000,0.010,0.744,0.246
275500,0.010,0.752,0.238
276000,0.010,0.769,0.221
276500,0.010,0.728,0.262
277000,0.010,0.724,0.266
277500,0.010,0.739,0.251
278000,0.010,0.781,0.209
278500,0.010,0.751,0.239
279000,0.010,0.750,0.240
279500,0.010,0.746,0.244
280000,0.010,0.752,0.238
280500,0.010,0.695,0.295
281000,0.010,0.686,0.303
281500,0.010,0.673,0.317
282000,0.010,0.737,0.253
282500,0.010,0.675,0.315
283000,0.010,0.659,0.331
283500,0.010,0.648,0.342
284000,0.010,0.670,0.320
284500,0.010,0.662,0.328
285000,0.010,0.668,0.322
285500,0.010,0.662,0.328
286000,0.010,0.730,0.260
286500,0.010,0.729,0.261
287000,0.010,0.791,0.199
287500,0.010,0.762,0.228
288000,0.010,0.721,0.269
288500,0.010,0.745,0.245
289000,0.010,0.748,0.242
289500,0.010,0.713,0.277
290000,0.010,0.684,0.306
290500,0.010,0.639,0.351
291000,0.010,0.710,0.280
291500,0.010,0.742,0.248
292000,0.010,0.783,0.207
292500,0.010,0.737,0.253
293000,0.010,0.706,0.284
293500,0.010,0.729,0.261
294000,0.010,0.741,0.249
294500,0.010,0.743,0.247
295000,0.010,0.836,0.154
295500,0.010,0.790,0.200
296000,0.010,0.821,0.169
296500,0.010,0.803,0.187
297000,0.010,0.805,0.185
297500,0.010,0.768,0.222
298000,0.010,0.734,0.256
298500,0.010,0.780,0.210
299000,0.010,0.796,0.194
299500,0.010,0.799,0.191
300000,0.010,0.731,0.259
300500,0.010,0.723,0.267
301000,0.010,0.802,0.188
301500,0.010,0.811,0.179
302000,0.010,0.812,0.177
302500,0.010,0.827,0.163
303000,0.010,0.787,0.203
303500,0.010,0.759,0.231
304000,0.010,0.772,0.218
304500,0.010,0.802,0.188
305000,0.010,0.868,0.122
305500,0.010,0.873,0.117
306000,0.010,0.834,0.156
306500,0.010,0.792,0.198
307000,0.010,0.795,0.195
307500,0.010,0.782,0.208
308000,0.010,0.801,0.189
308500,0.010,0.769,0.221
309000,0.010,0.801,0.189
309500,0.010,0.744,0.246
310000,0.010,0.700,0.290
310500,0.010,0.689,0.301
311000,0.010,0.727,0.263
311500,0.010,0.756,0.234
312000,0.010,0.779,0.211
312500,0.010,0.756,0.234
313000,0.010,0.735,0.255
313500,0.010,0.712,0.278
314000,0.010,0.712,0.278
314500,0.010,0.782,0.208
315000,0.010,0.748,0.242
315500,0.010,0.795,0.195
316000,0.010,0.826,0.164
316500,0.010,0.816,0.174
317000,0.010,0.886,0.104
317500,0.010,0.867,0.123
318000,0.010,0.867,0.123
318500,0.010,0.871,0.119
319000,0.010,0.823,0.167
319500,0.010,0.826,0.164
320000,0.010,0.824,0.166
320500,0.010,0.847,0.143
321000,0.010,0.857,0.133
321500,0.010,0.850,0.140
322000,0.010,0.865,0.125
322500,0.010,0.889,0.101
323000,0.010,0.865,0.125
323500,0.010,0.822,0.168
324000,0.010,0.845,0.145
324500,0.010,0.743,0.247
325000,0.010,0.729,0.261
325500,0.010,0.730,0.260
326000,0.010,0.704,0.286
326500,0.010,0.674,0.316
327000,0.010,0.731,0.259
327500,0.010,0.726,0.264
328000,0.010,0.825,0.165
328500,0.010,0.803,0.186
329000,0.010,0.822,0.168
329500,0.010,0.843,0.147
330000,0.010,0.810,0.179
330500,0.010,0.741,0.249
331000,0.010,0.789,0.201
331500,0.010,0.832,0.158
332000,0.010,0.804,0.186
332500,0.010,0.831,0.159
333000,0.010,0.829,0.161
333500,0.010,0.788,0.202
334000,0.010,0.827,0.163
334500,0.010,0.791,0.199
335000,0.010,0.759,0.231
335500,0.010,0.720,0.270
336000,0.010,0.681,0.308
336500,0.010,0.700,0.290
337000,0.010,0.731,0.259
337500,0.010,0.776,0.214
338000,0.010,0.729,0.261
338500,0.010,0.698,0.292
339000,0.010,0.694,0.296
339500,0.010,0.704,0.286
340000,0.010,0.618,0.372
340500,0.010,0.763,0.227
341000,0.010,0.740,0.250
341500,0.010,0.730,0.260
342000,0.010,0.847,0.143
342500,0.010,0.872,0.118
343000,0.010,0.845,0.145
343500,0.010,0.746,0.244
344000,0.010,0.712,0.278
344500,0.010,0.742,0.248
345000,0.010,0.743,0.247
345500,0.010,0.683,0.306
346000,0.010,0.580,0.410
346500,0.010,0.675,0.315
347000,0.010,0.718,0.272
347500,0.010,0.743,0.247
348000,0.010,0.752,0.238
348500,0.010,0.711,0.279
349000,0.010,0.633,0.357
349500,0.010,0.718,0.272
350000,0.010,0.748,0.242
350500,0.010,0.803,0.186
351000,0.010,0.748,0.242
351500,0.010,0.748,0.242
352000,0.010,0.775,0.215
352500,0.010,0.797,0.193
353000,0.010,0.818,0.172
353500,0.010,0.798,0.192
354000,0.010,0.831,0.159
354500,0.010,0.810,0.180
355000,0.010,0.781,0.209
355500,0.010,0.775,0.215
356000,0.010,0.784,0.206
356500,0.010,0.796,0.194
357000,0.010,0.804,0.186
357500,0.010,0.751,0.239
358000,0.010,0.825,0.165
358500,0.010,0.778,0.212
359000,0.010,0.785,0.205
359500,0.010,0.830,0.160
360000,0.010,0.777,0.213
360500,0.010,0.746,0.244
361000,0.010,0.694,0.296
361500,0.010,0.716,0.274
362000,0.010,0.729,0.261
362500,0.010,0.715,0.275
363000,0.010,0.711,0.279
363500,0.010,0.762,0.228
364000,0.010,0.762,0.228
364500,0.010,0.733,0.257
365000,0.010,0.796,0.194
365500,0.010,0.775,0.215
366000,0.010,0.735,0.255
366500,0.010,0.774,0.216
367000,0.010,0.766,0.224
367500,0.010,0.728,0.262
368000,0.010,0.795,0.195
368500,0.010,0.752,0.238
369000,0.010,0.736,0.254
369500,0.010,0.686,0.303
370000,0.010,0.755,0.235
370500,0.010,0.816,0.174
371000,0.010,0.804,0.186
371500,0.010,0.767,0.223
372000,0.010,0.702,0.288
372500,0.010,0.674,0.316
373000,0.010,0.678,0.312
373500,0.010,0.731,0.259
374000,0.010,0.757,0.233
374500,0.010,0.767,0.223
375000,0.010,0.754,0.236
375500,0.010,0.848,0.142
376000,0.010,0.848,0.142
376500,0.010,0.792,0.198
377000,0.010,0.758,0.232
377500,0.010,0.711,0.279
378000,0.010,0.706,0.284
378500,0.010,0.739,0.251
379000,0.010,0.713,0.277
379500,0.010,0.728,0.262
380000,0.010,0.730,0.260
380500,0.010,0.730,0.260
381000,0.010,0.728,0.262
381500,0.010,0.748,0.242
382000,0.010,0.774,0.216
382500,0.010,0.712,0.278
383000,0.010,0.775,0.215
383500,0.010,0.769,0.221
384000,0.010,0.762,0.228
384500,0.010,0.786,0.204
385000,0.010,0.771,0.219
385500,0.010,0.811,0.178
386000,0.010,0.787,0.203
386500,0.010,0.809,0.180
387000,0.010,0.783,0.207
387500,0.010,0.775,0.215
388000,0.010,0.765,0.225
388500,0.010,0.713,0.277
389000,0.010,0.736,0.254
389500,0.010,0.715,0.275
390000,0.010,0.695,0.295
390500,0.010,0.755,0.235
391000,0.010,0.772,0.218
391500,0.010,0.803,0.186
392000,0.010,0.789,0.201
392500,0.010,0.852,0.138
393000,0.010,0.769,0.221
393500,0.010,0.733,0.257
394000,0.010,0.744,0.246
394500,0.010,0.699,0.291
395000,0.010,0.675,0.315
395500,0.010,0.677,0.312
396000,0.010,0.694,0.296
396500,0.010,0.720,0.270
397000,0.010,0.771,0.219
397500,0.010,0.757,0.233
398000,0.010,0.645,0.345
398500,0.010,0.679,0.311
399000,0.010,0.738,0.252
399500,0.010,0.716,0.274
400000,0.010,0.754,0.236
400500,0.010,0.768,0.222
401000,0.010,0.796,0.194
401500,0.010,0.692,0.298
402000,0.010,0.731,0.259
402500,0.010,0.760,0.230
403000,0.010,0.741,0.249
403500,0.010,0.758,0.232
404000,0.010,0.755,0.235
404500,0.010,0.719,0.271
405000,0.010,0.755,0.235
405500,0.010,0.804,0.185
406000,0.010,0.792,0.198
406500,0.010,0.797,0.193
407000,0.010,0.762,0.228
407500,0.010,0.734,0.256
408000,0.010,0.749,0.241
408500,0.010,0.757,0.233
409000,0.010,0.788,0.202
409500,0.010,0.760,0.230
410000,0.010,0.744,0.246
410500,0.010,0.710,0.280
411000,0.010,0.648,0.342
411500,0.010,0.717,0.273
412000,0.010,0.731,0.259
412500,0.010,0.711,0.279
413000,0.010,0.673,0.317
413500,0.010,0.654,0.336
414000,0.010,0.704,0.286
414500,0.010,0.725,0.265
415000,0.010,0.735,0.255
415500,0.010,0.829,0.161
416000,0.010,0.784,0.206
416500,0.010,0.789,0.201
417000,0.010,0.781,0.209
417500,0.010,0.750,0.240
418000,0.010,0.761,0.229
418500,0.010,0.826,0.164
419000,0.010,0.832,0.158
419500,0.010,0.802,0.188
420000,0.010,0.800,0.190
420500,0.010,0.809,0.181
421000,0.010,0.804,0.185
421500,0.010,0.830,0.160
422000,0.010,0.852,0.138
422500,0.010,0.803,0.186
423000,0.010,0.785,0.205
423500,0.010,0.750,0.240
424000,0.010,0.667,0.323
424500,0.010,0.671,0.319
425000,0.010,0.681,0.308
425500,0.010,0.687,0.303
426000,0.010,0.738,0.252
426500,0.010,0.742,0.248
427000,0.010,0.772,0.218
427500,0.010,0.721,0.269
428000,0.010,0.768,0.222
428500,0.010,0.785,0.205
429000,0.010,0.775,0.215
429500,0.010,0.758,0.232
430000,0.010,0.828,0.162
430500,0.010,0.817,0.173
431000,0.010,0.815,0.175
431500,0.010,0.805,0.185
432000,0.010,0.774,0.216
432500,0.010,0.765,0.225
433000,0.010,0.748,0.242
433500,0.010,0.758,0.232
434000,0.010,0.746,0.244
434500,0.010,0.776,0.214
435000,0.010,0.737,0.253
435500,0.010,0.809,0.180
436000,0.010,0.829,0.161
436500,0.010,0.808,0.182
437000,0.010,0.812,0.177
437500,0.010,0.801,0.189
438000,0.010,0.811,0.178
438500,0.010,0.793,0.197
439000,0.010,0.672,0.318
439500,0.010,0.690,0.300
440000,0.010,0.677,0.312
440500,0.010,0.698,0.292
441000,0.010,0.635,0.355
441500,0.010,0.683,0.307
442000,0.010,0.637,0.353
442500,0.010,0.634,0.356
443000,0.010,0.664,0.326
443500,0.010,0.701,0.289
444000,0.010,0.692,0.298
444500,0.010,0.676,0.314
445000,0.010,0.657,0.333
445500,0.010,0.660,0.330
446000,0.010,0.663,0.327
446500,0.010,0.704,0.286
447000,0.010,0.707,0.283
447500,0.010,0.738,0.252
448000,0.010,0.733,0.257
448500,0.010,0.757,0.233
449000,0.010,0.734,0.256
449500,0.010,0.732,0.258
450000,0.010,0.711,0.279
450500,0.010,0.620,0.370
451000,0.010,0.667,0.323
451500,0.010,0.701,0.289
452000,0.010,0.741,0.249
452500,0.010,0.726,0.264
453000,0.010,0.723,0.267
453500,0.010,0.824,0.166
454000,0.010,0.808,0.182
454500,0.010,0.756,0.234
455000,0.010,0.620,0.370
455500,0.010,0.693,0.297
456000,0.010,0.709,0.281
456500,0.010,0.711,0.279
457000,0.010,0.699,0.291
457500,0.010,0.784,0.206
458000,0.010,0.808,0.181
458500,0.010,0.811,0.179
459000,0.010,0.789,0.201
459500,0.010,0.828,0.162
460000,0.010,0.763,0.227
460500,0.010,0.798,0.192
461000,0.010,0.818,0.172
461500,0.010,0.804,0.185
462000,0.010,0.746,0.244
462500,0.010,0.737,0.253
463000,0.010,0.713,0.277
463500,0.010,0.751,0.239
464000,0.010,0.711,0.279
464500,0.010,0.781,0.209
465000,0.010,0.748,0.242
465500,0.010,0.715,0.275
466000,0.010,0.694,0.296
466500,0.010,0.735,0.255
467000,0.010,0.764,0.226
467500,0.010,0.815,0.175
468000,0.010,0.747,0.243
468500,0.010,0.671,0.319
469000,0.010,0.705,0.285
469500,0.010,0.658,0.332
470000,0.010,0.707,0.283
470500,0.010,0.671,0.319
471000,0.010,0.724,0.266
471500,0.010,0.729,0.261
472000,0.010,0.651,0.339
472500,0.010,0.688,0.302
473000,0.010,0.694,0.296
473500,0.010,0.721,0.269
474000,0.010,0.782,0.208
474500,0.010,0.767,0.223
475000,0.010,0.828,0.162
475500,0.010,0.780,0.210
476000,0.010,0.833,0.157
476500,0.010,0.788,0.202
477000,0.010,0.768,0.222
477500,0.010,0.697,0.293
478000,0.010,0.720,0.270
478500,0.010,0.788,0.202
479000,0.010,0.734,0.256
479500,0.010,0.716,0.274
480000,0.010,0.751,0.239
480500,0.010,0.737,0.253
481000,0.010,0.767,0.223
481500,0.010,0.731,0.259
482000,0.010,0.719,0.271
482500,0.010,0.770,0.220
483000,0.010,0.775,0.215
483500,0.010,0.716,0.274
484000,0.010,0.702,0.288
484500,0.010,0.762,0.228
485000,0.010,0.734,0.256
485500,0.010,0.776,0.214
486000,0.010,0.784,0.206
486500,0.010,0.767,0.223
487000,0.010,0.708,0.282
487500,0.010,0.700,0.290
488000,0.010,0.748,0.242
488500,0.010,0.689,0.301
489000,0.010,0.702,0.288
489500,0.010,0.739,0.251
490000,0.010,0.726,0.264
490500,0.010,0.722,0.268
491000,0.010,0.758,0.232
491500,0.010,0.759,0.231
492000,0.010,0.788,0.202
492500,0.010,0.810,0.180
493000,0.010,0.732,0.258
493500,0.010,0.767,0.223
494000,0.010,0.805,0.185
494500,0.010,0.814,0.176
495000,0.010,0.786,0.204
495500,0.010,0.812,0.178
496000,0.010,0.785,0.205
496500,0.010,0.733,0.257
497000,0.010,0.783,0.207
497500,0.010,0.773,0.217
498000,0.010,0.705,0.285
498500,0.010,0.675,0.315
499000,0.010,0.634,0.356
499500,0.010,0.572,0.418
500000,0.010,0.692,0.298
500500,0.010,0.715,0.275
501000,0.010,0.657,0.333
501500,0.010,0.626,0.364
502000,0.010,0.610,0.380
502500,0.010,0.688,0.302
503000,0.010,0.756,0.234
503500,0.010,0.785,0.205
504000,0.010,0.780,0.210
504500,0.010,0.800,0.190
505000,0.010,0.752,0.238
505500,0.010,0.741,0.249
506000,0.010,0.720,0.270
506500,0.010,0.771,0.219
507000,0.010,0.764,0.226
507500,0.010,0.739,0.251
508000,0.010,0.736,0.254
508500,0.010,0.763,0.227
509000,0.010,0.708,0.282
509500,0.010,0.684,0.305
510000,0.010,0.676,0.314
510500,0.010,0.695,0.295
511000,0.010,0.717,0.273
511500,0.010,0.778,0.212
512000,0.010,0.676,0.314
512500,0.010,0.753,0.237
513000,0.010,0.790,0.200
513500,0.010,0.810,0.180
514000,0.010,0.747,0.243
514500,0.010,0.785,0.205
515000,0.010,0.792,0.198
515500,0.010,0.764,0.226
516000,0.010,0.768,0.222
516500,0.010,0.765,0.225
517000,0.010,0.695,0.295
517500,0.010,0.773,0.217
518000,0.010,0.776,0.214
518500,0.010,0.730,0.260
519000,0.010,0.737,0.253
519500,0.010,0.707,0.283
520000,0.010,0.710,0.280
520500,0.010,0.713,0.277
521000,0.010,0.721,0.269
521500,0.010,0.754,0.236
522000,0.010,0.697,0.293
522500,0.010,0.722,0.268
523000,0.010,0.767,0.223
523500,0.010,0.727,0.263
524000,0.010,0.776,0.214
524500,0.010,0.775,0.215
525000,0.010,0.753,0.237
525500,0.010,0.731,0.259
526000,0.010,0.747,0.243
526500,0.010,0.756,0.234
527000,0.010,0.717,0.273
527500,0.010,0.783,0.207
528000,0.010,0.745,0.245
528500,0.010,0.781,0.209
529000,0.010,0.785,0.205
529500,0.010,0.753,0.237
530000,0.010,0.732,0.258
530500,0.010,0.749,0.241
531000,0.010,0.707,0.283
531500,0.010,0.681,0.309
532000,0.010,0.726,0.264
532500,0.010,0.767,0.223
533000,0.010,0.798,0.192
533500,0.010,0.781,0.209
534000,0.010,0.778,0.212
534500,0.010,0.774,0.216
535000,0.010,0.765,0.225
535500,0.010,0.736,0.254
536000,0.010,0.649,0.341
536500,0.010,0.632,0.358
537000,0.010,0.688,0.302
537500,0.010,0.704,0.286
538000,0.010,0.726,0.264
538500,0.010,0.743,0.247
539000,0.010,0.668,0.322
539500,0.010,0.635,0.355
540000,0.010,0.692,0.298
540500,0.010,0.675,0.315
541000,0.010,0.734,0.256
541500,0.010,0.754,0.236
542000,0.010,0.702,0.288
542500,0.010,0.716,0.274
543000,0.010,0.716,0.274
543500,0.010,0.766,0.224
544000,0.010,0.747,0.243
544500,0.010,0.797,0.193
545000,0.010,0.806,0.184
545500,0.010,0.705,0.285
546000,0.010,0.710,0.280
546500,0.010,0.682,0.307
547000,0.010,0.702,0.288
547500,0.010,0.766,0.224
548000,0.010,0.754,0.236
548500,0.010,0.779,0.211
549000,0.010,0.785,0.205
549500,0.010,0.764,0.226
550000,0.010,0.742,0.248
550500,0.010,0.763,0.227
551000,0.010,0.749,0.241
551500,0.010,0.702,0.288
552000,0.010,0.739,0.251
552500,0.010,0.854,0.136
553000,0.010,0.866,0.124
553500,0.010,0.861,0.129
554000,0.010,0.861,0.129
554500,0.010,0.849,0.141
555000,0.010,0.754,0.236
555500,0.010,0.775,0.215
556000,0.010,0.722,0.268
556500,0.010,0.770,0.220
557000,0.010,0.704,0.286
557500,0.010,0.629,0.361
558000,0.010,0.653,0.337
558500,0.010,0.742,0.248
559000,0.010,0.788,0.202
559500,0.010,0.775,0.215
560000,0.010,0.756,0.234
560500,0.010,0.804,0.185
561000,0.010,0.753,0.237
561500,0.010,0.732,0.258
562000,0.010,0.764,0.226
562500,0.010,0.784,0.206
563000,0.010,0.745,0.245
563500,0.010,0.734,0.256
564000,0.010,0.707,0.283
564500,0.010,0.722,0.268
565000,0.010,0.701,0.289
565500,0.010,0.724,0.266
566000,0.010,0.745,0.245
566500,0.010,0.745,0.245
567000,0.010,0.684,0.305
567500,0.010,0.694,0.296
568000,0.010,0.708,0.282
568500,0.010,0.774,0.216
569000,0.010,0.825,0.165
569500,0.010,0.790,0.200
570000,0.010,0.705,0.285
570500,0.010,0.708,0.282
571000,0.010,0.698,0.292
571500,0.010,0.742,0.248
572000,0.010,0.742,0.248
572500,0.010,0.793,0.197
573000,0.010,0.754,0.236
573500,0.010,0.768,0.222
574000,0.010,0.764,0.226
574500,0.010,0.745,0.245
575000,0.010,0.789,0.201
575500,0.010,0.734,0.256
576000,0.010,0.669,0.321
576500,0.010,0.720,0.270
577000,0.010,0.734,0.256
577500,0.010,0.779,0.211
578000,0.010,0.731,0.259
578500,0.010,0.748,0.242
579000,0.010,0.748,0.242
579500,0.010,0.691,0.299
580000,0.010,0.680,0.309
580500,0.010,0.779,0.211
581000,0.010,0.733,0.257
581500,0.010,0.778,0.212
582000,0.010,0.781,0.209
582500,0.010,0.769,0.221
583000,0.010,0.777,0.213
583500,0.010,0.747,0.243
584000,0.010,0.721,0.269
584500,0.010,0.745,0.245
585000,0.010,0.801,0.189
585500,0.010,0.766,0.224
586000,0.010,0.804,0.186
586500,0.010,0.815,0.175
587000,0.010,0.770,0.220
587500,0.010,0.754,0.236
588000,0.010,0.772,0.218
588500,0.010,0.777,0.213
589000,0.010,0.658,0.332
589500,0.010,0.684,0.306
590000,0.010,0.723,0.267
590500,0.010,0.775,0.215
591000,0.010,0.738,0.252
591500,0.010,0.755,0.235
592000,0.010,0.712,0.278
592500,0.010,0.734,0.256
593000,0.010,0.781,0.209
593500,0.010,0.738,0.252
594000,0.010,0.769,0.221
594500,0.010,0.765,0.225
595000,0.010,0.710,0.280
595500,0.010,0.718,0.272
596000,0.010,0.732,0.258
596500,0.010,0.668,0.322
597000,0.010,0.643,0.347
597500,0.010,0.738,0.252
598000,0.010,0.776,0.214
598500,0.010,0.779,0.211
599000,0.010,0.713,0.277
599500,0.010,0.677,0.313
600000,0.010,0.790,0.200
600500,0.010,0.863,0.127
601000,0.010,0.824,0.166
601500,0.010,0.832,0.158
602000,0.010,0.853,0.137
602500,0.010,0.847,0.143
603000,0.010,0.854,0.136
603500,0.010,0.817,0.173
604000,0.010,0.776,0.214
604500,0.010,0.841,0.149
605000,0.010,0.814,0.176
605500,0.010,0.819,0.171
606000,0.010,0.786,0.204
606500,0.010,0.785,0.205
607000,0.010,0.750,0.240
607500,0.010,0.806,0.184
608000,0.010,0.799,0.191
608500,0.010,0.692,0.298
609000,0.010,0.650,0.340
609500,0.010,0.643,0.347
610000,0.010,0.690,0.300
610500,0.010,0.651,0.339
611000,0.010,0.647,0.343
611500,0.010,0.666,0.324
612000,0.010,0.723,0.267
612500,0.010,0.774,0.216
613000,0.010,0.791,0.199
613500,0.010,0.808,0.182
614000,0.010,0.811,0.179
614500,0.010,0.809,0.181
615000,0.010,0.801,0.189
615500,0.010,0.761,0.229
616000,0.010,0.743,0.247
616500,0.010,0.808,0.182
617000,0.010,0.769,0.221
617500,0.010,0.817,0.173
618000,0.010,0.826,0.164
618500,0.010,0.778,0.212
619000,0.010,0.772,0.218
619500,0.010,0.740,0.250
620000,0.010,0.757,0.233
620500,0.010,0.755,0.235
621000,0.010,0.726,0.264
621500,0.010,0.739,0.251
622000,0.010,0.738,0.252
622500,0.010,0.777,0.213
623000,0.010,0.777,0.213
623500,0.010,0.734,0.256
624000,0.010,0.807,0.183
624500,0.010,0.820,0.170
625000,0.010,0.831,0.159
625500,0.010,0.840,0.150
626000,0.010,0.799,0.191
626500,0.010,0.775,0.215
627000,0.010,0.803,0.187
627500,0.010,0.837,0.153
628000,0.010,0.791,0.199
628500,0.010,0.834,0.156
629000,0.010,0.790,0.200
629500,0.010,0.806,0.184
630000,0.010,0.774,0.216
630500,0.010,0.774,0.216
631000,0.010,0.754,0.236
631500,0.010,0.760,0.230
632000,0.010,0.837,0.153
632500,0.010,0.789,0.201
633000,0.010,0.790,0.200
633500,0.010,0.791,0.199
634000,0.010,0.700,0.290
634500,0.010,0.784,0.206
635000,0.010,0.787,0.203
635500,0.010,0.776,0.214
636000,0.010,0.761,0.229
636500,0.010,0.747,0.243
637000,0.010,0.701,0.289
637500,0.010,0.669,0.321
638000,0.010,0.781,0.209
638500,0.010,0.856,0.134
639000,0.010,0.835,0.155
639500,0.010,0.781,0.209
640000,0.010,0.789,0.201
640500,0.010,0.725,0.265
641000,0.010,0.755,0.235
641500,0.010,0.789,0.201
642000,0.010,0.731,0.259
642500,0.010,0.820,0.170
643000,0.010,0.856,0.134
643500,0.010,0.842,0.148
644000,0.010,0.823,0.167
644500,0.010,0.849,0.141
645000,0.010,0.791,0.199
645500,0.010,0.796,0.194
646000,0.010,0.781,0.209
646500,0.010,0.753,0.237
647000,0.010,0.783,0.207
647500,0.010,0.763,0.227
648000,0.010,0.723,0.267
648500,0.010,0.667,0.323
649000,0.010,0.708,0.282
649500,0.010,0.763,0.227
650000,0.010,0.813,0.177
650500,0.010,0.752,0.238
651000,0.010,0.750,0.240
651500,0.010,0.644,0.346
652000,0.010,0.672,0.318
652500,0.010,0.661,0.329
653000,0.010,0.682,0.307
653500,0.010,0.658,0.332
654000,0.010,0.667,0.323
654500,0.010,0.694,0.296
655000,0.010,0.662,0.328
655500,0.010,0.623,0.367
656000,0.010,0.675,0.315
656500,0.010,0.662,0.328
657000,0.010,0.724,0.266
657500,0.010,0.693,0.297
658000,0.010,0.697,0.293
658500,0.010,0.757,0.233
659000,0.010,0.754,0.236
659500,0.010,0.723,0.267
660000,0.010,0.769,0.221
660500,0.010,0.806,0.184
661000,0.010,0.741,0.249
661500,0.010,0.751,0.239
662000,0.010,0.818,0.172
662500,0.010,0.748,0.242
663000,0.010,0.822,0.168
663500,0.010,0.843,0.147
664000,0.010,0.847,0.143
664500,0.010,0.768,0.222
665000,0.010,0.756,0.234
665500,0.010,0.697,0.293
666000,0.010,0.736,0.254
666500,0.010,0.705,0.285
667000,0.010,0.751,0.239
667500,0.010,0.760,0.230
668000,0.010,0.781,0.209
668500,0.010,0.829,0.161
669000,0.010,0.814,0.176
669500,0.010,0.771,0.219
670000,0.010,0.746,0.244
670500,0.010,0.751,0.239
671000,0.010,0.749,0.241
671500,0.010,0.696,0.294
672000,0.010,0.670,0.320
672500,0.010,0.673,0.317
673000,0.010,0.710,0.280
673500,0.010,0.724,0.266
674000,0.010,0.750,0.240
674500,0.010,0.720,0.270
675000,0.010,0.760,0.230
675500,0.010,0.733,0.257
676000,0.010,0.701,0.289
676500,0.010,0.708,0.282
677000,0.010,0.714,0.276
677500,0.010,0.717,0.273
678000,0.010,0.728,0.262
678500,0.010,0.784,0.206
679000,0.010,0.766,0.224
679500,0.010,0.809,0.181
680000,0.010,0.800,0.190
680500,0.010,0.762,0.228
681000,0.010,0.690,0.300
681500,0.010,0.704,0.286
682000,0.010,0.657,0.333
682500,0.010,0.662,0.328
683000,0.010,0.698,0.292
683500,0.010,0.663,0.327
684000,0.010,0.717,0.273
684500,0.010,0.632,0.358
685000,0.010,0.749,0.241
685500,0.010,0.782,0.208
686000,0.010,0.749,0.241
686500,0.010,0.720,0.270
687000,0.010,0.772,0.218
687500,0.010,0.788,0.202
688000,0.010,0.801,0.189
688500,0.010,0.746,0.244
689000,0.010,0.718,0.272
689500,0.010,0.653,0.337
690000,0.010,0.718,0.272
690500,0.010,0.746,0.244
691000,0.010,0.769,0.221
691500,0.010,0.715,0.275
692000,0.010,0.738,0.252
692500,0.010,0.714,0.276
693000,0.010,0.714,0.276
693500,0.010,0.719,0.271
694000,0.010,0.739,0.251
694500,0.010,0.782,0.208
695000,0.010,0.765,0.225
695500,0.010,0.756,0.234
696000,0.010,0.710,0.280
696500,0.010,0.718,0.272
697000,0.010,0.749,0.241
697500,0.010,0.774,0.216
698000,0.010,0.738,0.252
698500,0.010,0.741,0.249
699000,0.010,0.783,0.207
699500,0.010,0.847,0.143
700000,0.010,0.795,0.195
700500,0.010,0.813,0.177
701000,0.010,0.755,0.235
701500,0.010,0.766,0.224
702000,0.010,0.749,0.241
702500,0.010,0.758,0.232
703000,0.010,0.748,0.242
703500,0.010,0.765,0.225
704000,0.010,0.810,0.180
704500,0.010,0.846,0.144
705000,0.010,0.825,0.165
705500,0.010,0.839,0.151
706000,0.010,0.862,0.128
706500,0.010,0.828,0.162
707000,0.010,0.855,0.135
707500,0.010,0.805,0.185
708000,0.010,0.757,0.233
708500,0.010,0.837,0.153
709000,0.010,0.867,0.123
709500,0.010,0.810,0.179
710000,0.010,0.846,0.144
710500,0.010,0.891,0.099
711000,0.010,0.874,0.116
711500,0.010,0.857,0.133
712000,0.010,0.862,0.128
712500,0.010,0.850,0.140
713000,0.010,0.848,0.142
713500,0.010,0.822,0.168
714000,0.010,0.790,0.200
714500,0.010,0.819,0.171
715000,0.010,0.817,0.173
715500,0.010,0.860,0.130
716000,0.010,0.844,0.146
716500,0.010,0.791,0.199
717000,0.010,0.787,0.203
717500,0.010,0.794,0.196
718000,0.010,0.804,0.185
718500,0.010,0.811,0.179
719000,0.010,0.786,0.204
719500,0.010,0.739,0.251
720000,0.010,0.753,0.237
720500,0.010,0.711,0.279
721000,0.010,0.700,0.290
721500,0.010,0.722,0.268
722000,0.010,0.785,0.205
722500,0.010,0.834,0.156
723000,0.010,0.732,0.258
723500,0.010,0.771,0.219
724000,0.010,0.708,0.282
724500,0.010,0.722,0.268
725000,0.010,0.775,0.215
725500,0.010,0.720,0.270
726000,0.010,0.703,0.287
726500,0.010,0.621,0.369
727000,0.010,0.674,0.316
727500,0.010,0.655,0.335
728000,0.010,0.643,0.347
728500,0.010,0.636,0.354
729000,0.010,0.647,0.343
729500,0.010,0.704,0.286
730000,0.010,0.711,0.279
730500,0.010,0.725,0.265
731000,0.010,0.726,0.264
731500,0.010,0.559,0.431
732000,0.010,0.616,0.374
732500,0.010,0.668,0.322
733000,0.010,0.670,0.320
733500,0.010,0.658,0.332
734000,0.010,0.637,0.353
734500,0.010,0.642,0.348
735000,0.010,0.664,0.326
735500,0.010,0.637,0.353
736000,0.010,0.654,0.336
736500,0.010,0.701,0.289
737000,0.010,0.647,0.343
737500,0.010,0.624,0.366
738000,0.010,0.679,0.311
738500,0.010,0.648,0.342
739000,0.010,0.670,0.320
739500,0.010,0.717,0.273
740000,0.010,0.722,0.268
740500,0.010,0.728,0.262
741000,0.010,0.737,0.253
741500,0.010,0.664,0.326
742000,0.010,0.689,0.301
742500,0.010,0.681,0.309
743000,0.010,0.651,0.339
743500,0.010,0.695,0.295
744000,0.010,0.697,0.293
744500,0.010,0.682,0.307
745000,0.010,0.677,0.313
745500,0.010,0.677,0.313
746000,0.010,0.729,0.261
746500,0.010,0.682,0.307
747000,0.010,0.728,0.262
747500,0.010,0.709,0.281
748000,0.010,0.693,0.297
748500,0.010,0.745,0.245
749000,0.010,0.761,0.229
749500,0.010,0.741,0.249
750000,0.010,0.755,0.235
750500,0.010,0.742,0.248
751000,0.010,0.826,0.164
751500,0.010,0.880,0.110
752000,0.010,0.875,0.115
752500,0.010,0.810,0.179
753000,0.010,0.770,0.220
753500,0.010,0.803,0.187
754000,0.010,0.776,0.214
754500,0.010,0.807,0.183
755000,0.010,0.730,0.260
755500,0.010,0.694,0.296
756000,0.010,0.684,0.305
756500,0.010,0.800,0.190
757000,0.010,0.754,0.236
757500,0.010,0.728,0.262
758000,0.010,0.696,0.294
758500,0.010,0.713,0.277
759000,0.010,0.724,0.266
759500,0.010,0.665,0.325
760000,0.010,0.706,0.284
760500,0.010,0.790,0.200
761000,0.010,0.796,0.194
761500,0.010,0.789,0.201
762000,0.010,0.779,0.211
762500,0.010,0.750,0.240
763000,0.010,0.698,0.292
763500,0.010,0.620,0.370
764000,0.010,0.653,0.337
764500,0.010,0.591,0.399
765000,0.010,0.631,0.359
765500,0.010,0.667,0.323
766000,0.010,0.703,0.287
766500,0.010,0.734,0.256
767000,0.010,0.799,0.191
767500,0.010,0.824,0.166
768000,0.010,0.750,0.240
768500,0.010,0.697,0.293
769000,0.010,0.724,0.266
769500,0.010,0.648,0.342
770000,0.010,0.677,0.313
770500,0.010,0.659,0.331
771000,0.010,0.727,0.263
771500,0.010,0.660,0.330
772000,0.010,0.655,0.335
772500,0.010,0.686,0.304
773000,0.010,0.652,0.338
773500,0.010,0.629,0.361
774000,0.010,0.747,0.243
774500,0.010,0.689,0.301
775000,0.010,0.756,0.234
775500,0.010,0.732,0.258
776000,0.010,0.741,0.249
776500,0.010,0.747,0.243
777000,0.010,0.765,0.225
777500,0.010,0.764,0.226
778000,0.010,0.740,0.250
778500,0.010,0.649,0.341
779000,0.010,0.630,0.360
779500,0.010,0.639,0.351
780000,0.010,0.612,0.378
780500,0.010,0.605,0.385
781000,0.010,0.617,0.373
781500,0.010,0.661,0.329
782000,0.010,0.748,0.242
782500,0.010,0.698,0.292
783000,0.010,0.736,0.254
783500,0.010,0.719,0.271
784000,0.010,0.712,0.278
784500,0.010,0.650,0.340
785000,0.010,0.682,0.308
785500,0.010,0.714,0.276
786000,0.010,0.703,0.287
786500,0.010,0.739,0.251
787000,0.010,0.747,0.243
787500,0.010,0.770,0.220
788000,0.010,0.708,0.282
788500,0.010,0.763,0.227
789000,0.010,0.794,0.196
789500,0.010,0.794,0.196
790000,0.010,0.760,0.230
790500,0.010,0.706,0.284
791000,0.010,0.747,0.243
791500,0.010,0.817,0.173
792000,0.010,0.804,0.186
792500,0.010,0.768,0.222
793000,0.010,0.817,0.173
793500,0.010,0.779,0.211
794000,0.010,0.791,0.199
794500,0.010,0.808,0.182
795000,0.010,0.831,0.159
795500,0.010,0.785,0.205
796000,0.010,0.795,0.195
796500,0.010,0.755,0.235
797000,0.010,0.725,0.265
797500,0.010,0.737,0.253
798000,0.010,0.698,0.292
798500,0.010,0.722,0.268
799000,0.010,0.726,0.264
799500,0.010,0.725,0.265
800000,0.010,0.706,0.284
800500,0.010,0.756,0.234
801000,0.010,0.700,0.290
801500,0.010,0.722,0.268
802000,0.010,0.683,0.307
802500,0.010,0.708,0.282
803000,0.010,0.655,0.335
803500,0.010,0.693,0.297
804000,0.010,0.729,0.261
804500,0.010,0.752,0.238
805000,0.010,0.768,0.222
805500,0.010,0.745,0.245
806000,0.010,0.718,0.272
806500,0.010,0.617,0.373
807000,0.010,0.683,0.307
807500,0.010,0.715,0.275
808000,0.010,0.751,0.239
808500,0.010,0.709,0.281
809000,0.010,0.729,0.261
809500,0.010,0.703,0.287
810000,0.010,0.704,0.286
810500,0.010,0.732,0.258
811000,0.010,0.684,0.305
811500,0.010,0.744,0.246
812000,0.010,0.784,0.206
812500,0.010,0.812,0.177
813000,0.010,0.799,0.191
813500,0.010,0.794,0.196
814000,0.010,0.794,0.196
814500,0.010,0.751,0.239
815000,0.010,0.777,0.213
815500,0.010,0.680,0.309
816000,0.010,0.695,0.295
816500,0.010,0.665,0.325
817000,0.010,0.606,0.384
817500,0.010,0.656,0.334
818000,0.010,0.701,0.289
818500,0.010,0.685,0.304
819000,0.010,0.693,0.297
819500,0.010,0.692,0.298
820000,0.010,0.729,0.261
820500,0.010,0.746,0.244
821000,0.010,0.756,0.234
821500,0.010,0.742,0.248
822000,0.010,0.718,0.272
822500,0.010,0.664,0.326
823000,0.010,0.681,0.309
823500,0.010,0.630,0.360
824000,0.010,0.667,0.323
824500,0.010,0.668,0.322
825000,0.010,0.634,0.356
825500,0.010,0.640,0.350
826000,0.010,0.679,0.310
826500,0.010,0.717,0.273
827000,0.010,0.742,0.248
827500,0.010,0.667,0.323
828000,0.010,0.703,0.287
828500,0.010,0.718,0.272
829000,0.010,0.760,0.230
829500,0.010,0.740,0.250
830000,0.010,0.714,0.276
830500,0.010,0.758,0.232
831000,0.010,0.820,0.170
831500,0.010,0.820,0.170
832000,0.010,0.814,0.176
832500,0.010,0.769,0.221
833000,0.010,0.749,0.241
833500,0.010,0.801,0.189
834000,0.010,0.761,0.229
834500,0.010,0.753,0.237
835000,0.010,0.758,0.232
835500,0.010,0.814,0.176
836000,0.010,0.783,0.207
836500,0.010,0.766,0.224
837000,0.010,0.703,0.287
837500,0.010,0.747,0.243
838000,0.010,0.741,0.249
838500,0.010,0.642,0.348
839000,0.010,0.620,0.370
839500,0.010,0.642,0.348
840000,0.010,0.709,0.281
840500,0.010,0.709,0.281
841000,0.010,0.751,0.239
841500,0.010,0.706,0.284
842000,0.010,0.697,0.293
842500,0.010,0.699,0.291
843000,0.010,0.697,0.293
843500,0.010,0.660,0.330
844000,0.010,0.662,0.328
844500,0.010,0.712,0.278
845000,0.010,0.728,0.262
845500,0.010,0.767,0.223
846000,0.010,0.726,0.264
846500,0.010,0.731,0.259
847000,0.010,0.748,0.242
847500,0.010,0.670,0.320
848000,0.010,0.692,0.298
848500,0.010,0.702,0.288
849000,0.010,0.801,0.189
849500,0.010,0.800,0.190
850000,0.010,0.754,0.236
850500,0.010,0.759,0.231
851000,0.010,0.749,0.241
851500,0.010,0.703,0.287
852000,0.010,0.660,0.330
852500,0.010,0.689,0.301
853000,0.010,0.693,0.297
853500,0.010,0.661,0.329
854000,0.010,0.609,0.381
854500,0.010,0.611,0.379
855000,0.010,0.617,0.373
855500,0.010,0.661,0.329
856000,0.010,0.744,0.246
856500,0.010,0.760,0.230
857000,0.010,0.731,0.259
857500,0.010,0.802,0.188
858000,0.010,0.687,0.303
858500,0.010,0.740,0.250
859000,0.010,0.785,0.205
859500,0.010,0.810,0.180
860000,0.010,0.828,0.162
860500,0.010,0.819,0.171
861000,0.010,0.759,0.231
861500,0.010,0.742,0.248
862000,0.010,0.790,0.200
862500,0.010,0.756,0.234
863000,0.010,0.768,0.222
863500,0.010,0.764,0.226
864000,0.010,0.803,0.186
864500,0.010,0.724,0.266
865000,0.010,0.783,0.207
865500,0.010,0.814,0.176
866000,0.010,0.848,0.142
866500,0.010,0.833,0.157
867000,0.010,0.799,0.191
867500,0.010,0.763,0.227
868000,0.010,0.751,0.239
868500,0.010,0.749,0.241
869000,0.010,0.788,0.202
869500,0.010,0.808,0.182
870000,0.010,0.784,0.206
870500,0.010,0.771,0.219
871000,0.010,0.745,0.245
871500,0.010,0.733,0.257
872000,0.010,0.708,0.282
872500,0.010,0.765,0.225
873000,0.010,0.762,0.228
873500,0.010,0.814,0.176
874000,0.010,0.765,0.225
874500,0.010,0.777,0.213
875000,0.010,0.763,0.227
875500,0.010,0.756,0.234
876000,0.010,0.740,0.250
876500,0.010,0.694,0.296
877000,0.010,0.755,0.235
877500,0.010,0.722,0.268
878000,0.010,0.773,0.217
878500,0.010,0.773,0.217
879000,0.010,0.763,0.227
879500,0.010,0.788,0.202
880000,0.010,0.825,0.165
880500,0.010,0.777,0.213
881000,0.010,0.795,0.195
881500,0.010,0.782,0.208
882000,0.010,0.753,0.237
882500,0.010,0.805,0.184
883000,0.010,0.809,0.180
883500,0.010,0.805,0.184
884000,0.010,0.816,0.174
884500,0.010,0.801,0.189
885000,0.010,0.791,0.199
885500,0.010,0.752,0.238
886000,0.010,0.724,0.266
886500,0.010,0.762,0.228
887000,0.010,0.710,0.280
887500,0.010,0.720,0.270
888000,0.010,0.750,0.240
888500,0.010,0.819,0.171
889000,0.010,0.869,0.121
889500,0.010,0.835,0.155
890000,0.010,0.785,0.205
890500,0.010,0.761,0.229
891000,0.010,0.750,0.240
891500,0.010,0.765,0.225
892000,0.010,0.692,0.298
892500,0.010,0.681,0.308
893000,0.010,0.699,0.291
893500,0.010,0.622,0.368
894000,0.010,0.701,0.289
894500,0.010,0.762,0.228
895000,0.010,0.814,0.176
895500,0.010,0.774,0.216
896000,0.010,0.790,0.200
896500,0.010,0.732,0.258
897000,0.010,0.720,0.270
897500,0.010,0.655,0.335
898000,0.010,0.662,0.328
898500,0.010,0.712,0.278
899000,0.010,0.661,0.329
899500,0.010,0.679,0.310
900000,0.010,0.712,0.278
900500,0.010,0.769,0.221
901000,0.010,0.732,0.258
901500,0.010,0.722,0.268
902000,0.010,0.680,0.310
902500,0.010,0.736,0.254
903000,0.010,0.706,0.284
903500,0.010,0.713,0.277
904000,0.010,0.676,0.314
904500,0.010,0.656,0.334
905000,0.010,0.656,0.334
905500,0.010,0.718,0.272
906000,0.010,0.693,0.297
906500,0.010,0.707,0.283
907000,0.010,0.651,0.339
907500,0.010,0.703,0.287
908000,0.010,0.639,0.351
908500,0.010,0.641,0.349
909000,0.010,0.648,0.342
909500,0.010,0.662,0.328
910000,0.010,0.682,0.308
910500,0.010,0.679,0.311
911000,0.010,0.670,0.320
911500,0.010,0.698,0.292
912000,0.010,0.660,0.330
912500,0.010,0.699,0.291
913000,0.010,0.712,0.278
913500,0.010,0.721,0.269
914000,0.010,0.687,0.303
914500,0.010,0.665,0.325
915000,0.010,0.712,0.278
915500,0.010,0.709,0.281
916000,0.010,0.693,0.297
916500,0.010,0.720,0.270
917000,0.010,0.774,0.216
917500,0.010,0.796,0.194
918000,0.010,0.790,0.200
918500,0.010,0.780,0.210
919000,0.010,0.795,0.195
919500,0.010,0.745,0.245
920000,0.010,0.801,0.189
920500,0.010,0.759,0.231
921000,0.010,0.739,0.251
921500,0.010,0.745,0.245
922000,0.010,0.717,0.273
922500,0.010,0.689,0.301
923000,0.010,0.669,0.321
923500,0.010,0.712,0.278
924000,0.010,0.709,0.281
924500,0.010,0.711,0.279
925000,0.010,0.699,0.291
925500,0.010,0.736,0.254
926000,0.010,0.799,0.191
926500,0.010,0.818,0.172
927000,0.010,0.818,0.172
927500,0.010,0.800,0.190
928000,0.010,0.781,0.209
928500,0.010,0.755,0.235
929000,0.010,0.796,0.194
929500,0.010,0.797,0.193
930000,0.010,0.802,0.188
930500,0.010,0.762,0.228
931000,0.010,0.736,0.254
931500,0.010,0.695,0.295
932000,0.010,0.728,0.262
932500,0.010,0.691,0.299
933000,0.010,0.731,0.259
933500,0.010,0.658,0.332
934000,0.010,0.690,0.300
934500,0.010,0.743,0.247
935000,0.010,0.754,0.236
935500,0.010,0.708,0.282
936000,0.010,0.795,0.195
936500,0.010,0.854,0.136
937000,0.010,0.866,0.124
937500,0.010,0.861,0.129
938000,0.010,0.875,0.115
938500,0.010,0.817,0.173
939000,0.010,0.838,0.152
939500,0.010,0.842,0.148
940000,0.010,0.857,0.133
940500,0.010,0.883,0.107
941000,0.010,0.851,0.139
941500,0.010,0.766,0.224
942000,0.010,0.803,0.187
942500,0.010,0.824,0.166
943000,0.010,0.825,0.165
943500,0.010,0.792,0.198
944000,0.010,0.808,0.182
944500,0.010,0.834,0.156
945000,0.010,0.800,0.190
945500,0.010,0.737,0.253
946000,0.010,0.739,0.251
946500,0.010,0.689,0.301
947000,0.010,0.729,0.261
947500,0.010,0.740,0.250
948000,0.010,0.707,0.283
948500,0.010,0.715,0.275
949000,0.010,0.687,0.303
949500,0.010,0.696,0.294
950000,0.010,0.784,0.206
950500,0.010,0.832,0.158
951000,0.010,0.781,0.209
951500,0.010,0.800,0.190
952000,0.010,0.749,0.241
952500,0.010,0.735,0.255
953000,0.010,0.703,0.287
953500,0.010,0.718,0.272
954000,0.010,0.731,0.259
954500,0.010,0.753,0.237
955000,0.010,0.749,0.241
955500,0.010,0.817,0.173
956000,0.010,0.860,0.130
956500,0.010,0.798,0.192
957000,0.010,0.714,0.276
957500,0.010,0.692,0.298
958000,0.010,0.692,0.298
958500,0.010,0.755,0.235
959000,0.010,0.734,0.256
959500,0.010,0.784,0.206
960000,0.010,0.776,0.214
960500,0.010,0.763,0.227
961000,0.010,0.757,0.233
961500,0.010,0.750,0.240
962000,0.010,0.757,0.233
962500,0.010,0.746,0.244
963000,0.010,0.725,0.265
963500,0.010,0.720,0.270
964000,0.010,0.686,0.304
964500,0.010,0.734,0.256
965000,0.010,0.709,0.281
965500,0.010,0.683,0.307
966000,0.010,0.699,0.291
966500,0.010,0.726,0.264
967000,0.010,0.728,0.262
967500,0.010,0.738,0.252
968000,0.010,0.800,0.190
968500,0.010,0.758,0.232
969000,0.010,0.784,0.206
969500,0.010,0.761,0.229
970000,0.010,0.706,0.284
970500,0.010,0.708,0.282
971000,0.010,0.696,0.294
971500,0.010,0.744,0.246
972000,0.010,0.758,0.232
972500,0.010,0.702,0.288
973000,0.010,0.725,0.265
973500,0.010,0.730,0.260
974000,0.010,0.686,0.303
974500,0.010,0.670,0.320
975000,0.010,0.639,0.351
975500,0.010,0.750,0.240
976000,0.010,0.743,0.247
976500,0.010,0.750,0.240
977000,0.010,0.669,0.321
977500,0.010,0.667,0.323
978000,0.010,0.661,0.329
978500,0.010,0.702,0.288
979000,0.010,0.679,0.311
979500,0.010,0.662,0.328
980000,0.010,0.638,0.352
980500,0.010,0.696,0.294
981000,0.010,0.635,0.355
981500,0.010,0.741,0.249
982000,0.010,0.728,0.262
982500,0.010,0.745,0.245
983000,0.010,0.800,0.190
983500,0.010,0.777,0.213
984000,0.010,0.744,0.246
984500,0.010,0.752,0.238
985000,0.010,0.791,0.199
985500,0.010,0.873,0.117
986000,0.010,0.847,0.143
986500,0.010,0.800,0.190
987000,0.010,0.753,0.237
987500,0.010,0.772,0.218
988000,0.010,0.820,0.170
988500,0.010,0.781,0.209
989000,0.010,0.754,0.236
989500,0.010,0.814,0.176
990000,0.010,0.830,0.160
990500,0.010,0.859,0.131
991000,0.010,0.803,0.186
991500,0.010,0.817,0.173
992000,0.010,0.760,0.230
992500,0.010,0.756,0.234
993000,0.010,0.740,0.250
993500,0.010,0.744,0.246
994000,0.010,0.756,0.234
994500,0.010,0.781,0.209
995000,0.010,0.805,0.185
995500,0.010,0.809,0.181
996000,0.010,0.794,0.196
996500,0.010,0.828,0.162
997000,0.010,0.821,0.169
997500,0.010,0.815,0.175
998000,0.010,0.827,0.163
998500,0.010,0.772,0.218
999000,0.010,0.658,0.332
999500,0.010,0.628,0.362
1000000,0.010,0.665,0.325
