time,n_A+p,n_B,n_AB
100,0.030,0.962,0.008
200,0.030,0.961,0.009
300,0.032,0.952,0.016
400,0.031,0.945,0.025
500,0.035,0.935,0.031
600,0.035,0.930,0.036
700,0.035,0.924,0.041
800,0.038,0.909,0.053
900,0.036,0.908,0.056
1000,0.037,0.897,0.066
1100,0.038,0.889,0.074
1200,0.040,0.889,0.072
1300,0.043,0.877,0.080
1400,0.041,0.876,0.083
1500,0.045,0.883,0.073
1600,0.039,0.880,0.081
1700,0.041,0.875,0.084
1800,0.050,0.862,0.088
1900,0.044,0.860,0.096
2000,0.045,0.852,0.103
2100,0.048,0.846,0.106
2200,0.049,0.846,0.105
2300,0.048,0.841,0.111
2400,0.047,0.836,0.117
2500,0.045,0.825,0.130
2600,0.049,0.824,0.127
2700,0.049,0.807,0.144
2800,0.050,0.804,0.146
2900,0.050,0.795,0.155
3000,0.052,0.782,0.165
3100,0.047,0.790,0.163
3200,0.047,0.787,0.166
3300,0.044,0.777,0.179
3400,0.040,0.775,0.185
3500,0.052,0.760,0.188
3600,0.055,0.759,0.186
3700,0.061,0.746,0.193
3800,0.064,0.745,0.191
3900,0.058,0.729,0.212
4000,0.055,0.726,0.219
4100,0.057,0.717,0.226
4200,0.050,0.710,0.240
4300,0.049,0.697,0.254
4400,0.055,0.697,0.248
4500,0.060,0.691,0.249
4600,0.064,0.689,0.246
4700,0.065,0.683,0.251
4800,0.070,0.676,0.253
4900,0.068,0.666,0.266
5000,0.066,0.667,0.267
5100,0.065,0.655,0.280
5200,0.080,0.648,0.273
5300,0.077,0.634,0.289
5400,0.082,0.628,0.290
5500,0.092,0.624,0.284
5600,0.100,0.615,0.285
5700,0.108,0.610,0.282
5800,0.112,0.610,0.278
5900,0.120,0.599,0.282
6000,0.117,0.593,0.289
6100,0.116,0.573,0.311
6200,0.113,0.582,0.304
6300,0.109,0.579,0.312
6400,0.117,0.576,0.306
6500,0.114,0.581,0.304
6600,0.125,0.568,0.307
6700,0.121,0.562,0.318
6800,0.128,0.560,0.313
6900,0.130,0.554,0.317
7000,0.123,0.558,0.320
7100,0.138,0.558,0.304
7200,0.146,0.545,0.308
7300,0.142,0.537,0.321
7400,0.150,0.533,0.317
7500,0.143,0.532,0.325
7600,0.141,0.528,0.331
7700,0.137,0.527,0.336
7800,0.138,0.521,0.341
7900,0.133,0.517,0.350
8000,0.133,0.519,0.348
8100,0.145,0.505,0.350
8200,0.144,0.507,0.349
8300,0.148,0.498,0.353
8400,0.145,0.498,0.356
8500,0.164,0.486,0.349
8600,0.161,0.484,0.354
8700,0.162,0.493,0.344
8800,0.162,0.482,0.355
8900,0.186,0.471,0.343
9000,0.178,0.469,0.353
9100,0.178,0.471,0.351
9200,0.169,0.466,0.366
9300,0.169,0.468,0.364
9400,0.169,0.462,0.370
9500,0.171,0.460,0.370
9600,0.169,0.454,0.378
9700,0.166,0.459,0.375
9800,0.168,0.455,0.378
9900,0.165,0.467,0.368
10000,0.165,0.475,0.360
10100,0.169,0.481,0.350
10200,0.158,0.475,0.367
10300,0.164,0.473,0.363
10400,0.164,0.471,0.365
10500,0.166,0.464,0.370
10600,0.161,0.463,0.376
10700,0.158,0.453,0.389
10800,0.146,0.460,0.394
10900,0.146,0.460,0.394
11000,0.152,0.449,0.398
11100,0.155,0.461,0.384
11200,0.153,0.466,0.381
11300,0.148,0.473,0.379
11400,0.146,0.486,0.368
11500,0.143,0.488,0.369
11600,0.137,0.479,0.384
11700,0.137,0.475,0.388
11800,0.142,0.470,0.388
11900,0.141,0.475,0.384
12000,0.144,0.469,0.387
12100,0.142,0.481,0.377
12200,0.124,0.473,0.403
12300,0.120,0.471,0.410
12400,0.128,0.462,0.411
12500,0.124,0.456,0.421
12600,0.129,0.453,0.419
12700,0.134,0.455,0.412
12800,0.140,0.441,0.419
12900,0.137,0.445,0.418
13000,0.141,0.458,0.401
13100,0.146,0.461,0.393
13200,0.152,0.458,0.390
13300,0.159,0.461,0.380
13400,0.170,0.462,0.369
13500,0.175,0.472,0.353
13600,0.175,0.472,0.353
13700,0.166,0.473,0.361
13800,0.150,0.458,0.392
13900,0.146,0.462,0.392
14000,0.148,0.458,0.394
14100,0.158,0.451,0.390
14200,0.175,0.446,0.379
14300,0.175,0.456,0.370
14400,0.169,0.461,0.371
14500,0.175,0.456,0.370
14600,0.174,0.447,0.379
14700,0.173,0.448,0.379
14800,0.172,0.442,0.386
14900,0.164,0.435,0.400
15000,0.160,0.431,0.409
15100,0.154,0.434,0.412
15200,0.161,0.433,0.406
15300,0.158,0.434,0.408
15400,0.164,0.429,0.407
15500,0.175,0.426,0.399
15600,0.177,0.436,0.387
15700,0.182,0.425,0.393
15800,0.171,0.430,0.399
15900,0.173,0.425,0.402
16000,0.163,0.425,0.412
16100,0.171,0.426,0.403
16200,0.170,0.417,0.414
16300,0.178,0.425,0.397
16400,0.177,0.418,0.406
16500,0.185,0.420,0.395
16600,0.192,0.416,0.392
16700,0.188,0.401,0.411
16800,0.196,0.396,0.408
16900,0.186,0.395,0.419
17000,0.184,0.393,0.423
17100,0.184,0.393,0.423
17200,0.184,0.407,0.410
17300,0.168,0.408,0.425
17400,0.162,0.399,0.438
17500,0.174,0.397,0.429
17600,0.176,0.397,0.427
17700,0.173,0.388,0.439
17800,0.179,0.388,0.433
17900,0.184,0.393,0.423
18000,0.178,0.386,0.436
18100,0.172,0.387,0.441
18200,0.173,0.386,0.441
18300,0.178,0.376,0.446
18400,0.185,0.384,0.431
18500,0.185,0.377,0.438
18600,0.175,0.380,0.445
18700,0.178,0.374,0.448
18800,0.178,0.381,0.441
18900,0.180,0.374,0.446
19000,0.182,0.377,0.441
19100,0.186,0.371,0.443
19200,0.182,0.375,0.443
19300,0.176,0.362,0.463
19400,0.204,0.366,0.430
19500,0.208,0.370,0.422
19600,0.189,0.386,0.425
19700,0.184,0.381,0.435
19800,0.183,0.385,0.432
19900,0.180,0.374,0.446
20000,0.181,0.377,0.442
20100,0.175,0.393,0.432
20200,0.186,0.398,0.416
20300,0.186,0.401,0.413
20400,0.174,0.408,0.419
20500,0.170,0.416,0.415
20600,0.181,0.413,0.407
20700,0.187,0.417,0.396
20800,0.185,0.413,0.402
20900,0.186,0.414,0.400
21000,0.178,0.417,0.406
21100,0.177,0.402,0.421
21200,0.170,0.413,0.418
21300,0.174,0.411,0.416
21400,0.171,0.407,0.423
21500,0.171,0.412,0.418
21600,0.174,0.402,0.424
21700,0.181,0.394,0.425
21800,0.175,0.394,0.431
21900,0.172,0.383,0.445
22000,0.173,0.388,0.439
22100,0.169,0.381,0.450
22200,0.169,0.393,0.438
22300,0.165,0.387,0.447
22400,0.169,0.391,0.440
22500,0.171,0.384,0.445
22600,0.187,0.394,0.419
22700,0.185,0.397,0.418
22800,0.185,0.396,0.419
22900,0.206,0.404,0.389
23000,0.201,0.398,0.400
23100,0.199,0.408,0.393
23200,0.199,0.399,0.401
23300,0.186,0.401,0.413
23400,0.176,0.390,0.434
23500,0.166,0.393,0.440
23600,0.165,0.407,0.428
23700,0.183,0.403,0.414
23800,0.176,0.382,0.442
23900,0.181,0.384,0.435
24000,0.178,0.387,0.435
24100,0.177,0.380,0.443
24200,0.183,0.383,0.434
24300,0.173,0.377,0.450
24400,0.175,0.376,0.449
24500,0.181,0.371,0.448
24600,0.182,0.372,0.446
24700,0.177,0.372,0.451
24800,0.173,0.381,0.446
24900,0.178,0.366,0.457
25000,0.182,0.356,0.462
25100,0.194,0.356,0.449
25200,0.191,0.350,0.459
25300,0.184,0.351,0.465
25400,0.189,0.349,0.462
25500,0.189,0.350,0.461
25600,0.191,0.356,0.453
25700,0.183,0.364,0.454
25800,0.189,0.360,0.451
25900,0.193,0.349,0.458
26000,0.191,0.353,0.456
26100,0.181,0.348,0.471
26200,0.185,0.355,0.460
26300,0.187,0.361,0.453
26400,0.188,0.352,0.460
26500,0.193,0.352,0.455
26600,0.192,0.349,0.459
26700,0.193,0.348,0.459
26800,0.198,0.336,0.466
26900,0.189,0.340,0.471
27000,0.188,0.339,0.473
27100,0.177,0.340,0.483
27200,0.182,0.337,0.481
27300,0.181,0.348,0.471
27400,0.183,0.364,0.454
27500,0.185,0.355,0.460
27600,0.182,0.347,0.471
27700,0.180,0.341,0.479
27800,0.172,0.354,0.474
27900,0.175,0.350,0.475
28000,0.174,0.359,0.468
28100,0.180,0.346,0.474
28200,0.187,0.340,0.473
28300,0.176,0.344,0.480
28400,0.177,0.337,0.486
28500,0.168,0.335,0.497
28600,0.166,0.332,0.502
28700,0.165,0.323,0.512
28800,0.168,0.347,0.485
28900,0.180,0.342,0.478
29000,0.172,0.327,0.502
29100,0.170,0.326,0.505
29200,0.179,0.330,0.491
29300,0.182,0.331,0.487
29400,0.188,0.331,0.481
29500,0.193,0.337,0.470
29600,0.194,0.329,0.477
29700,0.193,0.333,0.474
29800,0.185,0.341,0.474
29900,0.175,0.347,0.478
30000,0.178,0.348,0.474
30100,0.178,0.341,0.481
30200,0.175,0.330,0.495
30300,0.171,0.343,0.486
30400,0.177,0.334,0.489
30500,0.164,0.332,0.504
30600,0.174,0.329,0.497
30700,0.186,0.322,0.492
30800,0.193,0.316,0.491
30900,0.203,0.317,0.480
31000,0.200,0.338,0.462
31100,0.193,0.343,0.464
31200,0.194,0.344,0.462
31300,0.193,0.341,0.466
31400,0.191,0.348,0.461
31500,0.182,0.340,0.478
31600,0.183,0.345,0.472
31700,0.182,0.345,0.473
31800,0.176,0.336,0.488
31900,0.181,0.334,0.485
32000,0.189,0.324,0.487
32100,0.183,0.321,0.496
32200,0.195,0.321,0.484
32300,0.196,0.315,0.489
32400,0.203,0.305,0.491
32500,0.203,0.309,0.487
32600,0.208,0.306,0.485
32700,0.206,0.308,0.485
32800,0.201,0.314,0.485
32900,0.211,0.309,0.479
33000,0.202,0.313,0.485
33100,0.203,0.316,0.481
33200,0.201,0.326,0.473
33300,0.194,0.321,0.485
33400,0.200,0.342,0.458
33500,0.206,0.338,0.456
33600,0.207,0.341,0.451
33700,0.197,0.334,0.469
33800,0.194,0.337,0.469
33900,0.185,0.356,0.459
34000,0.198,0.345,0.457
34100,0.203,0.350,0.446
34200,0.191,0.353,0.456
34300,0.189,0.354,0.457
34400,0.207,0.344,0.448
34500,0.210,0.342,0.447
34600,0.206,0.330,0.464
34700,0.211,0.309,0.479
34800,0.215,0.312,0.474
34900,0.223,0.307,0.470
35000,0.222,0.307,0.471
35100,0.223,0.303,0.474
35200,0.228,0.305,0.467
35300,0.225,0.315,0.461
35400,0.209,0.322,0.469
35500,0.210,0.317,0.473
35600,0.215,0.321,0.465
35700,0.212,0.314,0.474
35800,0.220,0.314,0.467
35900,0.218,0.316,0.467
36000,0.222,0.320,0.459
36100,0.234,0.312,0.455
36200,0.230,0.307,0.463
36300,0.218,0.314,0.469
36400,0.219,0.316,0.466
36500,0.213,0.316,0.471
36600,0.209,0.313,0.478
36700,0.218,0.305,0.477
36800,0.215,0.305,0.480
36900,0.210,0.304,0.485
37000,0.207,0.300,0.492
37100,0.215,0.311,0.475
37200,0.234,0.302,0.464
37300,0.245,0.300,0.455
37400,0.246,0.308,0.445
37500,0.248,0.329,0.423
37600,0.247,0.321,0.432
37700,0.250,0.313,0.437
37800,0.266,0.309,0.425
37900,0.259,0.307,0.433
38000,0.257,0.307,0.435
38100,0.258,0.302,0.439
38200,0.259,0.286,0.455
38300,0.271,0.295,0.434
38400,0.261,0.292,0.446
38500,0.253,0.292,0.455
38600,0.261,0.293,0.445
38700,0.261,0.288,0.450
38800,0.263,0.302,0.435
38900,0.258,0.315,0.427
39000,0.241,0.319,0.440
39100,0.233,0.324,0.443
39200,0.233,0.322,0.445
39300,0.219,0.315,0.467
39400,0.208,0.316,0.476
39500,0.212,0.314,0.474
39600,0.213,0.312,0.475
39700,0.206,0.331,0.463
39800,0.205,0.324,0.471
39900,0.206,0.332,0.462
40000,0.206,0.327,0.467
40100,0.206,0.333,0.461
40200,0.210,0.329,0.461
40300,0.217,0.329,0.455
40400,0.212,0.332,0.456
40500,0.218,0.329,0.454
40600,0.212,0.325,0.463
40700,0.213,0.329,0.458
40800,0.219,0.322,0.460
40900,0.210,0.324,0.466
41000,0.211,0.325,0.464
41100,0.197,0.341,0.462
41200,0.221,0.339,0.440
41300,0.216,0.329,0.456
41400,0.216,0.327,0.458
41500,0.213,0.326,0.461
41600,0.215,0.321,0.465
41700,0.216,0.318,0.467
41800,0.223,0.316,0.462
41900,0.227,0.315,0.459
42000,0.228,0.308,0.464
42100,0.235,0.313,0.453
42200,0.238,0.305,0.457
42300,0.233,0.301,0.466
42400,0.219,0.304,0.477
42500,0.205,0.299,0.495
42600,0.208,0.299,0.492
42700,0.211,0.299,0.489
42800,0.212,0.297,0.490
42900,0.209,0.300,0.490
43000,0.217,0.290,0.493
43100,0.228,0.288,0.484
43200,0.221,0.299,0.480
43300,0.224,0.293,0.483
43400,0.226,0.301,0.473
43500,0.222,0.295,0.483
43600,0.220,0.300,0.480
43700,0.219,0.289,0.492
43800,0.217,0.287,0.496
43900,0.209,0.283,0.508
44000,0.231,0.285,0.484
44100,0.224,0.297,0.479
44200,0.217,0.312,0.472
44300,0.220,0.308,0.472
44400,0.225,0.314,0.462
44500,0.221,0.312,0.468
44600,0.213,0.322,0.465
44700,0.206,0.322,0.472
44800,0.211,0.316,0.473
44900,0.210,0.319,0.471
45000,0.211,0.314,0.475
45100,0.205,0.309,0.485
45200,0.212,0.318,0.470
45300,0.221,0.311,0.469
45400,0.218,0.325,0.458
45500,0.225,0.322,0.454
45600,0.231,0.328,0.441
45700,0.230,0.325,0.445
45800,0.229,0.324,0.447
45900,0.227,0.311,0.463
46000,0.227,0.307,0.466
46100,0.227,0.314,0.460
46200,0.237,0.300,0.463
46300,0.235,0.301,0.464
46400,0.230,0.302,0.468
46500,0.231,0.301,0.468
46600,0.231,0.314,0.456
46700,0.227,0.304,0.469
46800,0.224,0.303,0.473
46900,0.218,0.314,0.469
47000,0.222,0.307,0.471
47100,0.232,0.303,0.465
47200,0.216,0.302,0.482
47300,0.215,0.303,0.482
47400,0.204,0.308,0.487
47500,0.209,0.313,0.478
47600,0.210,0.303,0.486
47700,0.207,0.306,0.486
47800,0.205,0.297,0.497
47900,0.217,0.293,0.490
48000,0.210,0.283,0.507
48100,0.213,0.281,0.506
48200,0.213,0.278,0.509
48300,0.233,0.275,0.492
48400,0.226,0.270,0.505
48500,0.221,0.269,0.511
48600,0.210,0.299,0.490
48700,0.204,0.300,0.495
48800,0.208,0.297,0.494
48900,0.206,0.289,0.505
49000,0.215,0.295,0.490
49100,0.201,0.303,0.495
49200,0.206,0.301,0.492
49300,0.205,0.322,0.473
49400,0.211,0.326,0.463
49500,0.211,0.320,0.469
49600,0.213,0.315,0.472
49700,0.205,0.322,0.473
49800,0.203,0.323,0.474
49900,0.205,0.339,0.456
50000,0.198,0.345,0.457
50100,0.199,0.347,0.454
50200,0.200,0.344,0.456
50300,0.202,0.338,0.460
50400,0.201,0.340,0.459
50500,0.197,0.338,0.465
50600,0.208,0.339,0.453
50700,0.209,0.339,0.451
50800,0.202,0.335,0.463
50900,0.194,0.347,0.459
51000,0.194,0.341,0.465
51100,0.188,0.333,0.479
51200,0.198,0.333,0.469
51300,0.197,0.330,0.473
51400,0.194,0.331,0.475
51500,0.205,0.321,0.474
51600,0.199,0.332,0.469
51700,0.187,0.334,0.479
51800,0.205,0.328,0.467
51900,0.206,0.314,0.480
52000,0.218,0.308,0.474
52100,0.220,0.304,0.476
52200,0.219,0.309,0.472
52300,0.213,0.303,0.483
52400,0.208,0.299,0.492
52500,0.224,0.326,0.450
52600,0.242,0.314,0.444
52700,0.227,0.316,0.458
52800,0.219,0.305,0.476
52900,0.213,0.308,0.478
53000,0.202,0.325,0.473
53100,0.208,0.326,0.466
53200,0.203,0.335,0.462
53300,0.213,0.326,0.461
53400,0.204,0.324,0.472
53500,0.198,0.326,0.476
53600,0.193,0.323,0.484
53700,0.191,0.328,0.481
53800,0.218,0.313,0.470
53900,0.210,0.324,0.466
54000,0.219,0.329,0.453
54100,0.222,0.336,0.442
54200,0.226,0.325,0.449
54300,0.224,0.329,0.447
54400,0.215,0.336,0.449
54500,0.217,0.335,0.448
54600,0.222,0.333,0.445
54700,0.237,0.322,0.441
54800,0.233,0.322,0.445
54900,0.233,0.307,0.460
55000,0.227,0.313,0.461
55100,0.216,0.313,0.472
55200,0.224,0.307,0.469
55300,0.216,0.308,0.476
55400,0.211,0.312,0.477
55500,0.220,0.297,0.483
55600,0.216,0.293,0.491
55700,0.212,0.293,0.494
55800,0.207,0.300,0.492
55900,0.199,0.297,0.504
56000,0.201,0.288,0.511
56100,0.207,0.293,0.499
56200,0.213,0.298,0.488
56300,0.215,0.289,0.496
56400,0.210,0.297,0.492
56500,0.208,0.295,0.496
56600,0.216,0.299,0.485
56700,0.223,0.299,0.478
56800,0.221,0.289,0.490
56900,0.218,0.307,0.475
57000,0.221,0.300,0.479
57100,0.227,0.309,0.464
57200,0.222,0.305,0.473
57300,0.219,0.301,0.480
57400,0.225,0.294,0.481
57500,0.225,0.295,0.480
57600,0.235,0.290,0.475
57700,0.233,0.286,0.481
57800,0.226,0.308,0.466
57900,0.225,0.297,0.478
58000,0.224,0.302,0.474
58100,0.207,0.302,0.490
58200,0.228,0.291,0.481
58300,0.233,0.293,0.474
58400,0.232,0.288,0.480
58500,0.229,0.279,0.492
58600,0.224,0.274,0.503
58700,0.239,0.269,0.492
58800,0.232,0.266,0.503
58900,0.229,0.266,0.506
59000,0.226,0.266,0.509
59100,0.227,0.267,0.507
59200,0.216,0.272,0.513
59300,0.227,0.270,0.504
59400,0.220,0.274,0.507
59500,0.233,0.271,0.496
59600,0.241,0.266,0.493
59700,0.242,0.264,0.494
59800,0.238,0.259,0.503
59900,0.241,0.257,0.502
60000,0.241,0.256,0.503
60100,0.247,0.255,0.497
60200,0.245,0.250,0.505
60300,0.250,0.267,0.483
60400,0.266,0.255,0.479
60500,0.259,0.257,0.483
60600,0.256,0.250,0.493
60700,0.243,0.266,0.491
60800,0.235,0.276,0.489
60900,0.245,0.273,0.482
61000,0.239,0.266,0.495
61100,0.242,0.271,0.487
61200,0.241,0.279,0.480
61300,0.236,0.272,0.492
61400,0.238,0.268,0.494
61500,0.228,0.267,0.506
61600,0.223,0.264,0.514
61700,0.219,0.259,0.522
61800,0.225,0.263,0.513
61900,0.221,0.263,0.517
62000,0.225,0.273,0.503
62100,0.235,0.278,0.487
62200,0.243,0.271,0.486
62300,0.239,0.265,0.496
62400,0.234,0.263,0.504
62500,0.236,0.270,0.494
62600,0.225,0.263,0.513
62700,0.212,0.266,0.522
62800,0.215,0.267,0.519
62900,0.206,0.270,0.524
63000,0.194,0.285,0.521
63100,0.207,0.275,0.518
63200,0.211,0.270,0.519
63300,0.208,0.266,0.526
63400,0.200,0.275,0.525
63500,0.203,0.286,0.511
63600,0.206,0.295,0.498
63700,0.198,0.293,0.509
63800,0.209,0.279,0.512
63900,0.227,0.283,0.490
64000,0.229,0.278,0.493
64100,0.232,0.283,0.485
64200,0.218,0.283,0.499
64300,0.220,0.286,0.494
64400,0.205,0.277,0.518
64500,0.206,0.276,0.518
64600,0.198,0.282,0.520
64700,0.200,0.299,0.501
64800,0.200,0.291,0.509
64900,0.196,0.286,0.518
65000,0.194,0.288,0.518
65100,0.203,0.288,0.509
65200,0.209,0.273,0.518
65300,0.237,0.273,0.490
65400,0.238,0.278,0.484
65500,0.242,0.277,0.481
65600,0.252,0.272,0.476
65700,0.263,0.283,0.455
65800,0.258,0.290,0.451
65900,0.253,0.292,0.455
66000,0.241,0.302,0.457
66100,0.246,0.302,0.451
66200,0.244,0.303,0.453
66300,0.238,0.301,0.461
66400,0.232,0.299,0.469
66500,0.229,0.289,0.482
66600,0.234,0.289,0.477
66700,0.240,0.289,0.471
66800,0.236,0.294,0.470
66900,0.233,0.298,0.469
67000,0.238,0.307,0.455
67100,0.238,0.300,0.462
67200,0.232,0.302,0.466
67300,0.220,0.305,0.475
67400,0.203,0.333,0.464
67500,0.231,0.324,0.445
67600,0.227,0.321,0.453
67700,0.223,0.313,0.465
67800,0.224,0.317,0.460
67900,0.227,0.314,0.460
68000,0.218,0.316,0.467
68100,0.217,0.316,0.468
68200,0.216,0.314,0.471
68300,0.219,0.316,0.466
68400,0.221,0.313,0.467
68500,0.213,0.320,0.467
68600,0.221,0.315,0.465
68700,0.226,0.324,0.450
68800,0.213,0.329,0.458
68900,0.208,0.327,0.465
69000,0.202,0.330,0.468
69100,0.195,0.326,0.479
69200,0.194,0.333,0.473
69300,0.189,0.333,0.478
69400,0.193,0.333,0.474
69500,0.201,0.331,0.468
69600,0.220,0.324,0.457
69700,0.221,0.323,0.457
69800,0.215,0.317,0.469
69900,0.231,0.313,0.457
70000,0.229,0.315,0.457
70100,0.204,0.315,0.481
70200,0.202,0.315,0.483
70300,0.204,0.311,0.485
70400,0.201,0.312,0.487
70500,0.201,0.307,0.491
70600,0.204,0.307,0.488
70700,0.215,0.304,0.481
70800,0.222,0.301,0.477
70900,0.222,0.313,0.466
71000,0.220,0.311,0.470
71100,0.219,0.297,0.484
71200,0.219,0.290,0.491
71300,0.221,0.291,0.488
71400,0.222,0.293,0.485
71500,0.224,0.283,0.493
71600,0.219,0.275,0.507
71700,0.223,0.275,0.503
71800,0.222,0.277,0.502
71900,0.227,0.267,0.507
72000,0.237,0.269,0.494
72100,0.234,0.271,0.495
72200,0.245,0.270,0.485
72300,0.257,0.264,0.479
72400,0.260,0.263,0.477
72500,0.256,0.269,0.475
72600,0.258,0.269,0.473
72700,0.248,0.268,0.484
72800,0.243,0.261,0.495
72900,0.240,0.272,0.488
73000,0.215,0.289,0.496
73100,0.220,0.285,0.495
73200,0.218,0.287,0.495
73300,0.221,0.275,0.505
73400,0.213,0.274,0.513
73500,0.220,0.274,0.507
73600,0.212,0.277,0.511
73700,0.211,0.278,0.511
73800,0.224,0.279,0.497
73900,0.218,0.273,0.510
74000,0.210,0.260,0.529
74100,0.242,0.271,0.487
74200,0.234,0.267,0.499
74300,0.222,0.286,0.492
74400,0.220,0.288,0.492
74500,0.218,0.285,0.497
74600,0.224,0.284,0.492
74700,0.225,0.287,0.488
74800,0.219,0.279,0.503
74900,0.216,0.278,0.507
75000,0.222,0.274,0.505
75100,0.222,0.281,0.497
75200,0.206,0.275,0.519
75300,0.203,0.286,0.511
75400,0.181,0.282,0.537
75500,0.196,0.265,0.539
75600,0.195,0.264,0.541
75700,0.202,0.265,0.533
75800,0.201,0.265,0.534
75900,0.206,0.258,0.535
76000,0.206,0.264,0.530
76100,0.193,0.282,0.525
76200,0.198,0.272,0.530
76300,0.198,0.261,0.540
76400,0.205,0.255,0.539
76500,0.226,0.259,0.515
76600,0.238,0.258,0.504
76700,0.252,0.273,0.475
76800,0.258,0.259,0.482
76900,0.257,0.252,0.490
77000,0.259,0.257,0.483
77100,0.259,0.263,0.478
77200,0.259,0.266,0.475
77300,0.257,0.255,0.487
77400,0.257,0.259,0.483
77500,0.252,0.267,0.481
77600,0.255,0.256,0.488
77700,0.245,0.270,0.485
77800,0.241,0.276,0.483
77900,0.248,0.275,0.477
78000,0.250,0.276,0.474
78100,0.254,0.291,0.455
78200,0.244,0.293,0.463
78300,0.248,0.288,0.464
78400,0.243,0.285,0.472
78500,0.244,0.272,0.484
78600,0.241,0.279,0.480
78700,0.247,0.284,0.469
78800,0.237,0.287,0.476
78900,0.231,0.276,0.493
79000,0.228,0.283,0.489
79100,0.228,0.276,0.496
79200,0.225,0.270,0.506
79300,0.220,0.291,0.489
79400,0.218,0.290,0.492
79500,0.211,0.285,0.504
79600,0.223,0.278,0.499
79700,0.211,0.270,0.519
79800,0.204,0.270,0.526
79900,0.196,0.279,0.525
80000,0.195,0.291,0.514
80100,0.196,0.278,0.526
80200,0.204,0.285,0.511
80300,0.209,0.281,0.510
80400,0.211,0.276,0.513
80500,0.216,0.267,0.518
80600,0.213,0.273,0.514
80700,0.216,0.283,0.502
80800,0.224,0.279,0.497
80900,0.222,0.285,0.493
81000,0.213,0.278,0.509
81100,0.216,0.281,0.504
81200,0.220,0.278,0.503
81300,0.220,0.256,0.524
81400,0.223,0.267,0.511
81500,0.229,0.252,0.519
81600,0.233,0.258,0.509
81700,0.237,0.266,0.497
81800,0.240,0.275,0.485
81900,0.234,0.275,0.491
82000,0.228,0.269,0.504
82100,0.238,0.258,0.504
82200,0.229,0.266,0.506
82300,0.220,0.263,0.518
82400,0.216,0.268,0.517
82500,0.212,0.272,0.516
82600,0.229,0.276,0.495
82700,0.232,0.264,0.505
82800,0.221,0.268,0.512
82900,0.225,0.276,0.499
83000,0.228,0.269,0.504
83100,0.218,0.280,0.503
83200,0.204,0.280,0.516
83300,0.207,0.273,0.520
83400,0.218,0.266,0.517
83500,0.211,0.268,0.521
83600,0.217,0.282,0.502
83700,0.227,0.280,0.493
83800,0.232,0.281,0.487
83900,0.221,0.281,0.498
84000,0.247,0.273,0.480
84100,0.248,0.276,0.476
84200,0.233,0.271,0.496
84300,0.229,0.274,0.497
84400,0.264,0.259,0.477
84500,0.259,0.255,0.485
84600,0.272,0.242,0.486
84700,0.275,0.237,0.488
84800,0.283,0.238,0.479
84900,0.285,0.235,0.480
85000,0.299,0.229,0.472
85100,0.304,0.233,0.463
85200,0.305,0.230,0.465
85300,0.308,0.229,0.463
85400,0.296,0.228,0.476
85500,0.297,0.233,0.470
85600,0.285,0.246,0.469
85700,0.270,0.252,0.478
85800,0.254,0.249,0.496
85900,0.275,0.223,0.503
86000,0.264,0.224,0.513
86100,0.261,0.224,0.515
86200,0.253,0.225,0.522
86300,0.244,0.240,0.516
86400,0.249,0.251,0.499
86500,0.246,0.259,0.494
86600,0.240,0.261,0.498
86700,0.238,0.271,0.491
86800,0.240,0.273,0.487
86900,0.249,0.266,0.485
87000,0.257,0.263,0.480
87100,0.257,0.267,0.476
87200,0.250,0.265,0.485
87300,0.243,0.271,0.486
87400,0.242,0.270,0.488
87500,0.263,0.263,0.475
87600,0.258,0.269,0.473
87700,0.246,0.257,0.496
87800,0.236,0.263,0.502
87900,0.248,0.261,0.490
88000,0.240,0.252,0.508
88100,0.242,0.244,0.514
88200,0.242,0.251,0.507
88300,0.261,0.252,0.486
88400,0.261,0.261,0.477
88500,0.266,0.272,0.463
88600,0.269,0.267,0.465
88700,0.261,0.267,0.472
88800,0.248,0.264,0.488
88900,0.250,0.263,0.487
89000,0.249,0.257,0.493
89100,0.249,0.255,0.495
89200,0.257,0.249,0.493
89300,0.259,0.238,0.503
89400,0.251,0.259,0.489
89500,0.253,0.257,0.489
89600,0.273,0.255,0.472
89700,0.277,0.251,0.472
89800,0.269,0.266,0.466
89900,0.261,0.264,0.475
90000,0.258,0.260,0.481
90100,0.257,0.269,0.474
90200,0.256,0.264,0.480
90300,0.263,0.260,0.477
90400,0.270,0.257,0.473
90500,0.272,0.256,0.472
90600,0.273,0.249,0.478
90700,0.289,0.238,0.473
90800,0.295,0.235,0.470
90900,0.312,0.229,0.460
91000,0.302,0.247,0.450
91100,0.316,0.241,0.443
91200,0.302,0.258,0.439
91300,0.291,0.235,0.474
91400,0.295,0.236,0.469
91500,0.282,0.247,0.471
91600,0.290,0.242,0.468
91700,0.289,0.245,0.466
91800,0.275,0.249,0.476
91900,0.276,0.250,0.474
92000,0.282,0.252,0.466
92100,0.278,0.244,0.478
92200,0.276,0.243,0.481
92300,0.261,0.247,0.491
92400,0.268,0.242,0.490
92500,0.273,0.237,0.490
92600,0.277,0.245,0.478
92700,0.281,0.257,0.462
92800,0.267,0.264,0.470
92900,0.267,0.253,0.480
93000,0.259,0.246,0.494
93100,0.252,0.244,0.504
93200,0.281,0.243,0.476
93300,0.281,0.232,0.487
93400,0.276,0.246,0.478
93500,0.271,0.263,0.467
93600,0.259,0.268,0.473
93700,0.250,0.277,0.473
93800,0.256,0.268,0.476
93900,0.256,0.266,0.478
94000,0.245,0.271,0.484
94100,0.239,0.276,0.485
94200,0.249,0.276,0.475
94300,0.237,0.294,0.469
94400,0.244,0.291,0.465
94500,0.242,0.290,0.468
94600,0.229,0.298,0.473
94700,0.222,0.304,0.474
94800,0.212,0.320,0.468
94900,0.207,0.314,0.479
95000,0.215,0.308,0.477
95100,0.208,0.312,0.480
95200,0.211,0.309,0.479
95300,0.216,0.296,0.488
95400,0.207,0.295,0.497
95500,0.211,0.289,0.499
95600,0.217,0.286,0.497
95700,0.217,0.282,0.502
95800,0.207,0.282,0.511
95900,0.206,0.273,0.521
96000,0.204,0.270,0.526
96100,0.203,0.272,0.525
96200,0.207,0.271,0.522
96300,0.209,0.263,0.528
96400,0.205,0.268,0.527
96500,0.211,0.284,0.505
96600,0.210,0.281,0.509
96700,0.216,0.272,0.513
96800,0.215,0.280,0.506
96900,0.204,0.270,0.526
97000,0.200,0.278,0.522
97100,0.194,0.277,0.529
97200,0.198,0.288,0.514
97300,0.194,0.283,0.523
97400,0.206,0.281,0.513
97500,0.203,0.281,0.516
97600,0.217,0.272,0.512
97700,0.204,0.280,0.516
97800,0.208,0.288,0.504
97900,0.212,0.293,0.494
98000,0.222,0.288,0.490
98100,0.221,0.284,0.495
98200,0.234,0.279,0.487
98300,0.223,0.267,0.511
98400,0.226,0.259,0.515
98500,0.227,0.259,0.514
98600,0.224,0.263,0.514
98700,0.224,0.269,0.508
98800,0.221,0.264,0.516
98900,0.215,0.265,0.521
99000,0.219,0.270,0.512
99100,0.223,0.278,0.499
99200,0.226,0.277,0.497
99300,0.228,0.280,0.492
99400,0.226,0.282,0.492
99500,0.222,0.285,0.493
99600,0.224,0.281,0.495
99700,0.217,0.272,0.512
99800,0.215,0.272,0.514
99900,0.207,0.268,0.525
100000,0.225,0.266,0.510
100100,0.225,0.264,0.512
100200,0.224,0.259,0.517
100300,0.227,0.265,0.509
100400,0.231,0.257,0.512
100500,0.227,0.259,0.514
100600,0.230,0.255,0.515
100700,0.242,0.248,0.510
100800,0.239,0.252,0.509
100900,0.238,0.254,0.508
101000,0.250,0.243,0.507
101100,0.252,0.236,0.512
101200,0.236,0.239,0.525
101300,0.242,0.232,0.526
101400,0.233,0.237,0.530
101500,0.217,0.234,0.550
101600,0.223,0.234,0.543
101700,0.223,0.244,0.533
101800,0.238,0.238,0.524
101900,0.243,0.237,0.520
102000,0.241,0.240,0.519
102100,0.246,0.240,0.514
102200,0.244,0.245,0.511
102300,0.255,0.233,0.512
102400,0.249,0.231,0.520
102500,0.252,0.223,0.525
102600,0.256,0.221,0.523
102700,0.256,0.220,0.524
102800,0.265,0.220,0.516
102900,0.282,0.217,0.502
103000,0.275,0.218,0.508
103100,0.275,0.213,0.512
103200,0.275,0.215,0.511
103300,0.276,0.212,0.512
103400,0.283,0.231,0.486
103500,0.292,0.230,0.478
103600,0.272,0.249,0.479
103700,0.258,0.237,0.505
103800,0.259,0.240,0.501
103900,0.248,0.246,0.506
104000,0.238,0.243,0.519
104100,0.225,0.239,0.536
104200,0.222,0.247,0.531
104300,0.233,0.239,0.528
104400,0.238,0.236,0.526
104500,0.239,0.234,0.527
104600,0.243,0.235,0.522
104700,0.236,0.237,0.527
104800,0.240,0.232,0.528
104900,0.243,0.237,0.520
105000,0.249,0.235,0.516
105100,0.255,0.234,0.511
105200,0.250,0.235,0.515
105300,0.240,0.236,0.524
105400,0.242,0.240,0.518
105500,0.241,0.245,0.514
105600,0.239,0.251,0.510
105700,0.238,0.247,0.515
105800,0.232,0.247,0.521
105900,0.221,0.251,0.528
106000,0.224,0.252,0.524
106100,0.230,0.240,0.530
106200,0.225,0.242,0.533
106300,0.210,0.243,0.546
106400,0.204,0.256,0.539
106500,0.204,0.249,0.546
106600,0.204,0.242,0.554
106700,0.205,0.243,0.552
106800,0.197,0.234,0.569
106900,0.193,0.242,0.565
107000,0.189,0.243,0.568
107100,0.192,0.239,0.569
107200,0.198,0.241,0.561
107300,0.193,0.242,0.565
107400,0.199,0.234,0.567
107500,0.204,0.229,0.567
107600,0.208,0.223,0.569
107700,0.212,0.215,0.573
107800,0.211,0.227,0.562
107900,0.210,0.224,0.566
108000,0.215,0.222,0.564
108100,0.227,0.222,0.552
108200,0.225,0.220,0.556
108300,0.217,0.216,0.568
108400,0.218,0.210,0.572
108500,0.210,0.211,0.578
108600,0.209,0.211,0.579
108700,0.215,0.219,0.567
108800,0.210,0.217,0.573
108900,0.216,0.227,0.558
109000,0.219,0.224,0.558
109100,0.221,0.232,0.547
109200,0.223,0.239,0.538
109300,0.234,0.226,0.540
109400,0.235,0.223,0.542
109500,0.235,0.227,0.538
109600,0.238,0.226,0.536
109700,0.251,0.221,0.528
109800,0.243,0.232,0.525
109900,0.243,0.228,0.529
110000,0.241,0.229,0.530
110100,0.246,0.229,0.525
110200,0.252,0.225,0.523
110300,0.248,0.223,0.529
110400,0.224,0.223,0.554
110500,0.218,0.220,0.563
110600,0.222,0.224,0.555
110700,0.228,0.235,0.537
110800,0.233,0.236,0.531
110900,0.235,0.234,0.531
111000,0.239,0.234,0.527
111100,0.234,0.240,0.526
111200,0.233,0.231,0.536
111300,0.242,0.226,0.532
111400,0.242,0.233,0.525
111500,0.235,0.232,0.533
111600,0.231,0.236,0.533
111700,0.230,0.242,0.528
111800,0.233,0.234,0.533
111900,0.237,0.236,0.527
112000,0.227,0.245,0.528
112100,0.224,0.239,0.537
112200,0.231,0.242,0.527
112300,0.224,0.231,0.545
112400,0.242,0.233,0.525
112500,0.225,0.227,0.549
112600,0.231,0.223,0.546
112700,0.224,0.226,0.551
112800,0.221,0.232,0.547
112900,0.213,0.248,0.538
113000,0.216,0.243,0.541
113100,0.216,0.244,0.540
113200,0.207,0.265,0.528
113300,0.201,0.275,0.524
113400,0.202,0.271,0.527
113500,0.200,0.261,0.538
113600,0.202,0.287,0.511
113700,0.230,0.272,0.498
113800,0.235,0.273,0.492
113900,0.235,0.267,0.498
114000,0.235,0.264,0.502
114100,0.248,0.272,0.480
114200,0.246,0.258,0.495
114300,0.246,0.250,0.504
114400,0.243,0.249,0.508
114500,0.237,0.251,0.512
114600,0.229,0.256,0.515
114700,0.228,0.252,0.520
114800,0.221,0.254,0.525
114900,0.219,0.253,0.528
115000,0.215,0.268,0.518
115100,0.216,0.269,0.516
115200,0.217,0.265,0.519
115300,0.218,0.265,0.518
115400,0.208,0.267,0.525
115500,0.213,0.278,0.509
115600,0.198,0.281,0.521
115700,0.193,0.283,0.524
115800,0.197,0.274,0.529
115900,0.185,0.283,0.532
116000,0.191,0.288,0.521
116100,0.181,0.290,0.529
116200,0.182,0.280,0.538
116300,0.197,0.282,0.521
116400,0.191,0.291,0.518
116500,0.210,0.282,0.508
116600,0.216,0.277,0.508
116700,0.210,0.275,0.515
116800,0.220,0.265,0.516
116900,0.210,0.256,0.533
117000,0.210,0.258,0.531
117100,0.206,0.253,0.540
117200,0.194,0.251,0.555
117300,0.213,0.251,0.535
117400,0.212,0.254,0.533
117500,0.228,0.244,0.528
117600,0.231,0.240,0.529
117700,0.219,0.256,0.525
117800,0.222,0.254,0.524
117900,0.225,0.249,0.526
118000,0.225,0.249,0.526
118100,0.239,0.263,0.498
118200,0.240,0.255,0.505
118300,0.246,0.260,0.493
118400,0.249,0.251,0.499
118500,0.233,0.249,0.518
118600,0.240,0.241,0.519
118700,0.236,0.260,0.504
118800,0.239,0.253,0.508
118900,0.235,0.247,0.518
119000,0.229,0.252,0.519
119100,0.229,0.251,0.520
119200,0.223,0.241,0.536
119300,0.220,0.235,0.545
119400,0.230,0.238,0.532
119500,0.224,0.233,0.543
119600,0.226,0.241,0.533
119700,0.222,0.243,0.535
119800,0.231,0.244,0.525
119900,0.250,0.232,0.518
120000,0.249,0.235,0.516
120100,0.249,0.240,0.511
120200,0.233,0.246,0.521
120300,0.234,0.247,0.519
120400,0.239,0.246,0.515
120500,0.235,0.240,0.525
120600,0.233,0.233,0.534
120700,0.242,0.233,0.525
120800,0.232,0.233,0.535
120900,0.233,0.228,0.539
121000,0.229,0.221,0.551
121100,0.243,0.222,0.535
121200,0.241,0.215,0.544
121300,0.238,0.221,0.541
121400,0.240,0.223,0.537
121500,0.247,0.225,0.528
121600,0.244,0.216,0.540
121700,0.259,0.227,0.514
121800,0.256,0.222,0.522
121900,0.258,0.222,0.520
122000,0.253,0.221,0.526
122100,0.259,0.226,0.515
122200,0.260,0.219,0.521
122300,0.263,0.216,0.522
122400,0.258,0.208,0.533
122500,0.248,0.204,0.547
122600,0.243,0.206,0.551
122700,0.254,0.216,0.530
122800,0.256,0.217,0.527
122900,0.267,0.213,0.520
123000,0.260,0.215,0.525
123100,0.269,0.217,0.515
123200,0.273,0.225,0.503
123300,0.272,0.222,0.507
123400,0.256,0.216,0.528
123500,0.245,0.213,0.541
123600,0.235,0.229,0.536
123700,0.233,0.231,0.536
123800,0.236,0.222,0.542
123900,0.237,0.211,0.552
124000,0.240,0.208,0.552
124100,0.236,0.217,0.547
124200,0.238,0.212,0.550
124300,0.229,0.210,0.561
124400,0.227,0.223,0.551
124500,0.243,0.218,0.539
124600,0.244,0.213,0.542
124700,0.241,0.227,0.532
124800,0.234,0.230,0.536
124900,0.234,0.236,0.530
125000,0.225,0.238,0.537
125100,0.227,0.232,0.541
125200,0.234,0.235,0.531
125300,0.228,0.238,0.534
125400,0.232,0.237,0.531
125500,0.232,0.239,0.529
125600,0.223,0.236,0.541
125700,0.233,0.249,0.518
125800,0.234,0.246,0.520
125900,0.230,0.238,0.532
126000,0.233,0.231,0.536
126100,0.233,0.232,0.535
126200,0.226,0.227,0.547
126300,0.229,0.218,0.554
126400,0.230,0.229,0.541
126500,0.248,0.222,0.530
126600,0.243,0.223,0.534
126700,0.236,0.219,0.545
126800,0.224,0.221,0.556
126900,0.231,0.235,0.534
127000,0.229,0.231,0.540
127100,0.239,0.226,0.535
127200,0.250,0.219,0.531
127300,0.261,0.223,0.516
127400,0.259,0.217,0.524
127500,0.247,0.219,0.534
127600,0.250,0.220,0.530
127700,0.252,0.217,0.531
127800,0.257,0.202,0.540
127900,0.259,0.209,0.531
128000,0.251,0.207,0.541
128100,0.253,0.208,0.538
128200,0.258,0.198,0.543
128300,0.264,0.200,0.536
128400,0.260,0.199,0.540
128500,0.266,0.194,0.540
128600,0.258,0.197,0.544
128700,0.267,0.207,0.526
128800,0.271,0.213,0.516
128900,0.260,0.216,0.524
129000,0.252,0.220,0.528
129100,0.249,0.223,0.528
129200,0.239,0.234,0.527
129300,0.234,0.246,0.520
129400,0.238,0.247,0.515
129500,0.247,0.250,0.503
129600,0.237,0.243,0.520
129700,0.235,0.247,0.518
129800,0.231,0.251,0.518
129900,0.230,0.240,0.530
130000,0.231,0.239,0.530
130100,0.231,0.237,0.532
130200,0.224,0.231,0.545
130300,0.222,0.233,0.545
130400,0.215,0.237,0.549
130500,0.224,0.237,0.539
130600,0.225,0.230,0.545
130700,0.223,0.229,0.549
130800,0.226,0.229,0.545
130900,0.222,0.224,0.555
131000,0.218,0.217,0.566
131100,0.224,0.224,0.553
131200,0.227,0.223,0.551
131300,0.233,0.239,0.528
131400,0.248,0.247,0.505
131500,0.243,0.239,0.518
131600,0.245,0.239,0.516
131700,0.245,0.245,0.510
131800,0.249,0.245,0.506
131900,0.236,0.249,0.515
132000,0.235,0.260,0.505
132100,0.240,0.255,0.505
132200,0.239,0.254,0.507
132300,0.244,0.251,0.505
132400,0.240,0.250,0.510
132500,0.235,0.250,0.515
132600,0.230,0.250,0.520
132700,0.240,0.250,0.510
132800,0.233,0.240,0.527
132900,0.226,0.239,0.535
133000,0.225,0.244,0.531
133100,0.227,0.246,0.527
133200,0.234,0.248,0.518
133300,0.241,0.240,0.519
133400,0.243,0.233,0.524
133500,0.243,0.247,0.510
133600,0.233,0.268,0.499
133700,0.229,0.254,0.517
133800,0.228,0.248,0.524
133900,0.221,0.245,0.534
134000,0.230,0.249,0.521
134100,0.238,0.264,0.498
134200,0.230,0.279,0.491
134300,0.265,0.256,0.479
134400,0.261,0.254,0.484
134500,0.266,0.257,0.477
134600,0.264,0.260,0.476
134700,0.265,0.264,0.472
134800,0.268,0.263,0.470
134900,0.254,0.260,0.485
135000,0.251,0.251,0.497
135100,0.250,0.251,0.498
135200,0.255,0.245,0.499
135300,0.259,0.239,0.502
135400,0.252,0.235,0.513
135500,0.254,0.240,0.506
135600,0.249,0.242,0.509
135700,0.260,0.240,0.499
135800,0.259,0.252,0.488
135900,0.252,0.245,0.503
136000,0.251,0.239,0.510
136100,0.245,0.232,0.523
136200,0.237,0.239,0.524
136300,0.263,0.232,0.506
136400,0.259,0.231,0.510
136500,0.248,0.232,0.520
136600,0.236,0.229,0.535
136700,0.237,0.228,0.535
136800,0.232,0.239,0.529
136900,0.229,0.232,0.539
137000,0.228,0.231,0.541
137100,0.234,0.231,0.535
137200,0.238,0.234,0.528
137300,0.236,0.239,0.525
137400,0.223,0.235,0.542
137500,0.223,0.240,0.537
137600,0.221,0.236,0.543
137700,0.234,0.234,0.532
137800,0.237,0.238,0.525
137900,0.235,0.233,0.532
138000,0.232,0.233,0.535
138100,0.242,0.227,0.531
138200,0.248,0.224,0.528
138300,0.247,0.248,0.505
138400,0.266,0.242,0.492
138500,0.261,0.243,0.495
138600,0.276,0.233,0.491
138700,0.276,0.230,0.494
138800,0.264,0.229,0.508
138900,0.259,0.221,0.520
139000,0.255,0.215,0.530
139100,0.255,0.217,0.528
139200,0.253,0.215,0.532
139300,0.244,0.211,0.544
139400,0.248,0.216,0.536
139500,0.248,0.223,0.529
139600,0.250,0.215,0.535
139700,0.245,0.221,0.534
139800,0.238,0.226,0.536
139900,0.244,0.226,0.530
140000,0.236,0.223,0.541
140100,0.224,0.226,0.551
140200,0.224,0.223,0.554
140300,0.225,0.227,0.549
140400,0.233,0.229,0.538
140500,0.232,0.224,0.544
140600,0.225,0.233,0.542
140700,0.222,0.233,0.545
140800,0.230,0.228,0.542
140900,0.238,0.228,0.534
141000,0.235,0.237,0.528
141100,0.238,0.239,0.523
141200,0.247,0.234,0.519
141300,0.249,0.241,0.510
141400,0.241,0.251,0.508
141500,0.231,0.251,0.518
141600,0.228,0.256,0.516
141700,0.219,0.256,0.525
141800,0.227,0.255,0.518
141900,0.225,0.250,0.525
142000,0.225,0.246,0.529
142100,0.231,0.253,0.516
142200,0.227,0.256,0.517
142300,0.219,0.250,0.531
142400,0.225,0.245,0.530
142500,0.236,0.249,0.515
142600,0.246,0.239,0.515
142700,0.232,0.244,0.524
142800,0.228,0.237,0.535
142900,0.224,0.233,0.543
143000,0.236,0.229,0.535
143100,0.243,0.227,0.530
143200,0.242,0.223,0.535
143300,0.244,0.212,0.543
143400,0.246,0.204,0.550
143500,0.265,0.213,0.522
143600,0.263,0.215,0.523
143700,0.270,0.219,0.512
143800,0.266,0.233,0.502
143900,0.267,0.231,0.503
144000,0.252,0.217,0.531
144100,0.251,0.208,0.540
144200,0.246,0.207,0.546
144300,0.263,0.202,0.535
144400,0.252,0.204,0.543
144500,0.266,0.200,0.534
144600,0.266,0.215,0.520
144700,0.258,0.226,0.516
144800,0.255,0.228,0.517
144900,0.254,0.236,0.510
145000,0.251,0.235,0.514
145100,0.248,0.229,0.523
145200,0.245,0.244,0.511
145300,0.223,0.256,0.521
145400,0.215,0.277,0.509
145500,0.212,0.282,0.506
145600,0.206,0.280,0.514
145700,0.207,0.276,0.517
145800,0.201,0.295,0.504
145900,0.205,0.286,0.509
146000,0.209,0.279,0.512
146100,0.202,0.261,0.536
146200,0.197,0.264,0.539
146300,0.222,0.254,0.524
146400,0.233,0.242,0.525
146500,0.229,0.249,0.522
146600,0.221,0.246,0.533
146700,0.208,0.256,0.535
146800,0.205,0.258,0.536
146900,0.206,0.257,0.536
147000,0.212,0.252,0.535
147100,0.211,0.252,0.536
147200,0.202,0.261,0.536
147300,0.201,0.267,0.532
147400,0.204,0.257,0.538
147500,0.196,0.271,0.533
147600,0.197,0.264,0.539
147700,0.194,0.255,0.551
147800,0.193,0.270,0.537
147900,0.205,0.276,0.519
148000,0.198,0.282,0.520
148100,0.196,0.282,0.522
148200,0.191,0.275,0.534
148300,0.181,0.286,0.533
148400,0.182,0.286,0.532
148500,0.180,0.268,0.553
148600,0.193,0.268,0.539
148700,0.216,0.260,0.524
148800,0.226,0.255,0.519
148900,0.230,0.251,0.519
149000,0.222,0.241,0.537
149100,0.222,0.237,0.541
149200,0.223,0.242,0.535
149300,0.231,0.224,0.545
149400,0.238,0.228,0.534
149500,0.233,0.225,0.542
149600,0.236,0.225,0.539
149700,0.226,0.242,0.532
149800,0.225,0.240,0.535
149900,0.237,0.235,0.528
150000,0.233,0.236,0.531
150100,0.233,0.231,0.536
150200,0.232,0.241,0.527
150300,0.231,0.235,0.534
150400,0.226,0.245,0.529
150500,0.224,0.248,0.528
150600,0.222,0.246,0.532
150700,0.227,0.252,0.521
150800,0.222,0.249,0.529
150900,0.250,0.236,0.514
151000,0.249,0.230,0.521
151100,0.251,0.229,0.520
151200,0.256,0.233,0.511
151300,0.251,0.230,0.519
151400,0.252,0.227,0.521
151500,0.248,0.231,0.521
151600,0.243,0.238,0.519
151700,0.246,0.235,0.519
151800,0.235,0.241,0.524
151900,0.235,0.237,0.528
152000,0.245,0.242,0.513
152100,0.245,0.236,0.519
152200,0.243,0.226,0.531
152300,0.244,0.229,0.527
152400,0.251,0.229,0.520
152500,0.244,0.226,0.530
152600,0.230,0.226,0.544
152700,0.223,0.233,0.544
152800,0.227,0.219,0.555
152900,0.234,0.212,0.554
153000,0.243,0.213,0.543
153100,0.251,0.212,0.536
153200,0.250,0.212,0.537
153300,0.254,0.213,0.532
153400,0.253,0.202,0.544
153500,0.252,0.199,0.549
153600,0.250,0.209,0.540
153700,0.256,0.207,0.536
153800,0.275,0.209,0.516
153900,0.255,0.231,0.514
154000,0.253,0.225,0.522
154100,0.257,0.221,0.522
154200,0.256,0.225,0.519
154300,0.242,0.224,0.534
154400,0.239,0.226,0.535
154500,0.250,0.222,0.528
154600,0.250,0.235,0.515
154700,0.243,0.242,0.515
154800,0.245,0.223,0.532
154900,0.259,0.243,0.497
155000,0.255,0.241,0.504
155100,0.261,0.229,0.510
155200,0.282,0.231,0.487
155300,0.289,0.230,0.481
155400,0.295,0.218,0.487
155500,0.298,0.211,0.490
155600,0.312,0.205,0.483
155700,0.299,0.207,0.493
155800,0.304,0.199,0.496
155900,0.313,0.200,0.487
156000,0.309,0.205,0.485
156100,0.305,0.194,0.501
156200,0.307,0.205,0.487
156300,0.324,0.207,0.469
156400,0.327,0.210,0.463
156500,0.302,0.228,0.470
156600,0.302,0.238,0.460
156700,0.299,0.233,0.468
156800,0.301,0.228,0.471
156900,0.293,0.222,0.485
157000,0.293,0.220,0.487
157100,0.284,0.225,0.491
157200,0.286,0.227,0.487
157300,0.288,0.223,0.489
157400,0.279,0.235,0.486
157500,0.284,0.221,0.495
157600,0.279,0.228,0.493
157700,0.274,0.223,0.504
157800,0.274,0.226,0.501
157900,0.269,0.224,0.508
158000,0.267,0.229,0.505
158100,0.255,0.225,0.520
158200,0.258,0.221,0.521
158300,0.245,0.231,0.524
158400,0.245,0.223,0.532
158500,0.250,0.229,0.521
158600,0.244,0.225,0.531
158700,0.233,0.224,0.543
158800,0.243,0.219,0.538
158900,0.253,0.222,0.525
159000,0.247,0.213,0.539
159100,0.244,0.228,0.528
159200,0.246,0.228,0.526
159300,0.246,0.238,0.516
159400,0.245,0.256,0.498
159500,0.256,0.249,0.494
159600,0.258,0.243,0.498
159700,0.264,0.244,0.492
159800,0.258,0.241,0.501
159900,0.245,0.258,0.496
160000,0.237,0.249,0.514
160100,0.238,0.248,0.514
160200,0.224,0.247,0.529
160300,0.234,0.235,0.531
160400,0.233,0.233,0.534
160500,0.233,0.239,0.528
160600,0.233,0.245,0.522
160700,0.224,0.242,0.534
160800,0.221,0.246,0.533
160900,0.219,0.244,0.537
161000,0.226,0.242,0.532
161100,0.221,0.226,0.554
161200,0.226,0.226,0.549
161300,0.236,0.232,0.532
161400,0.240,0.228,0.532
161500,0.225,0.248,0.527
161600,0.227,0.246,0.527
161700,0.222,0.236,0.542
161800,0.224,0.236,0.540
161900,0.226,0.243,0.531
162000,0.226,0.244,0.530
162100,0.212,0.251,0.536
162200,0.211,0.245,0.543
162300,0.224,0.241,0.535
162400,0.227,0.243,0.530
162500,0.223,0.257,0.520
162600,0.248,0.247,0.505
162700,0.244,0.248,0.508
162800,0.240,0.251,0.509
162900,0.249,0.243,0.508
163000,0.245,0.237,0.518
163100,0.250,0.240,0.510
163200,0.266,0.234,0.501
163300,0.260,0.237,0.503
163400,0.261,0.232,0.507
163500,0.268,0.230,0.503
163600,0.278,0.225,0.497
163700,0.265,0.225,0.511
163800,0.258,0.229,0.513
163900,0.259,0.229,0.512
164000,0.254,0.230,0.516
164100,0.256,0.229,0.515
164200,0.259,0.227,0.514
164300,0.265,0.228,0.508
