time,n_A+p,n_B,n_AB
500,0.050,0.822,0.128
1000,0.050,0.650,0.299
1500,0.050,0.553,0.396
2000,0.050,0.453,0.497
2500,0.050,0.295,0.655
3000,0.054,0.331,0.615
3500,0.051,0.360,0.589
4000,0.050,0.403,0.547
4500,0.050,0.405,0.545
5000,0.050,0.418,0.531
5500,0.050,0.382,0.568
6000,0.050,0.333,0.617
6500,0.051,0.325,0.624
7000,0.051,0.342,0.608
7500,0.056,0.338,0.607
8000,0.051,0.332,0.617
8500,0.059,0.291,0.651
9000,0.052,0.275,0.672
9500,0.056,0.256,0.688
10000,0.051,0.304,0.645
10500,0.054,0.269,0.677
11000,0.052,0.228,0.720
11500,0.054,0.304,0.641
12000,0.057,0.290,0.653
12500,0.059,0.314,0.628
13000,0.052,0.285,0.663
13500,0.062,0.229,0.709
14000,0.067,0.213,0.720
14500,0.073,0.248,0.678
15000,0.076,0.212,0.712
15500,0.062,0.245,0.693
16000,0.070,0.249,0.681
16500,0.058,0.227,0.715
17000,0.051,0.305,0.643
17500,0.050,0.326,0.624
18000,0.050,0.317,0.633
18500,0.050,0.355,0.595
19000,0.064,0.273,0.663
19500,0.064,0.203,0.733
20000,0.072,0.271,0.657
20500,0.070,0.220,0.711
21000,0.052,0.270,0.678
21500,0.066,0.241,0.693
22000,0.055,0.303,0.641
22500,0.054,0.286,0.659
23000,0.051,0.309,0.641
23500,0.054,0.361,0.584
24000,0.050,0.381,0.569
24500,0.050,0.340,0.610
25000,0.051,0.345,0.604
25500,0.060,0.331,0.609
26000,0.052,0.308,0.639
26500,0.050,0.379,0.571
27000,0.050,0.347,0.603
27500,0.050,0.403,0.547
28000,0.050,0.336,0.614
28500,0.050,0.322,0.628
29000,0.050,0.357,0.593
29500,0.050,0.397,0.553
30000,0.050,0.395,0.555
30500,0.050,0.333,0.617
31000,0.059,0.307,0.634
31500,0.054,0.310,0.635
32000,0.051,0.353,0.596
32500,0.051,0.279,0.671
33000,0.050,0.351,0.599
33500,0.052,0.322,0.626
34000,0.051,0.306,0.643
34500,0.051,0.333,0.617
35000,0.051,0.287,0.662
35500,0.054,0.309,0.637
36000,0.050,0.310,0.640
36500,0.062,0.317,0.621
37000,0.051,0.337,0.612
37500,0.051,0.363,0.587
38000,0.051,0.364,0.586
38500,0.055,0.356,0.589
39000,0.051,0.328,0.621
39500,0.053,0.304,0.643
40000,0.050,0.388,0.562
40500,0.050,0.359,0.591
41000,0.050,0.353,0.597
41500,0.051,0.339,0.610
42000,0.052,0.335,0.613
42500,0.057,0.328,0.615
43000,0.051,0.330,0.619
43500,0.051,0.309,0.640
44000,0.050,0.340,0.610
44500,0.050,0.293,0.656
45000,0.051,0.339,0.610
45500,0.052,0.358,0.590
46000,0.050,0.342,0.608
46500,0.051,0.230,0.720
47000,0.050,0.270,0.680
47500,0.050,0.301,0.649
48000,0.050,0.328,0.622
48500,0.050,0.315,0.635
49000,0.052,0.340,0.607
49500,0.053,0.274,0.673
50000,0.053,0.291,0.655
50500,0.066,0.284,0.650
51000,0.063,0.236,0.701
51500,0.081,0.203,0.716
52000,0.066,0.208,0.727
52500,0.080,0.153,0.767
53000,0.062,0.215,0.723
53500,0.053,0.287,0.659
54000,0.053,0.364,0.583
54500,0.051,0.353,0.596
55000,0.050,0.331,0.619
55500,0.053,0.314,0.633
56000,0.053,0.251,0.696
56500,0.051,0.302,0.647
57000,0.051,0.302,0.647
57500,0.052,0.345,0.603
58000,0.051,0.393,0.557
58500,0.053,0.321,0.626
59000,0.051,0.327,0.622
59500,0.050,0.315,0.635
60000,0.050,0.302,0.648
60500,0.050,0.391,0.559
61000,0.050,0.343,0.607
61500,0.050,0.378,0.573
62000,0.050,0.359,0.591
62500,0.050,0.385,0.565
63000,0.050,0.325,0.625
63500,0.056,0.292,0.653
64000,0.056,0.260,0.684
64500,0.065,0.263,0.673
65000,0.067,0.282,0.651
65500,0.057,0.255,0.689
66000,0.052,0.272,0.676
66500,0.058,0.282,0.661
67000,0.051,0.268,0.681
67500,0.056,0.288,0.655
68000,0.054,0.302,0.643
68500,0.054,0.279,0.667
69000,0.057,0.253,0.691
69500,0.052,0.320,0.628
70000,0.051,0.291,0.658
70500,0.050,0.325,0.625
71000,0.050,0.261,0.689
71500,0.050,0.288,0.662
72000,0.053,0.234,0.712
72500,0.068,0.228,0.705
73000,0.059,0.256,0.685
73500,0.058,0.250,0.692
74000,0.061,0.325,0.615
74500,0.051,0.376,0.573
75000,0.050,0.360,0.589
75500,0.050,0.327,0.623
76000,0.054,0.354,0.591
76500,0.051,0.358,0.591
77000,0.051,0.329,0.619
77500,0.050,0.343,0.607
78000,0.050,0.370,0.580
78500,0.050,0.304,0.645
79000,0.050,0.367,0.583
79500,0.050,0.289,0.660
80000,0.050,0.355,0.595
80500,0.050,0.343,0.607
81000,0.057,0.339,0.604
81500,0.058,0.320,0.622
82000,0.051,0.318,0.631
82500,0.054,0.361,0.585
83000,0.051,0.372,0.577
83500,0.051,0.349,0.601
84000,0.054,0.368,0.577
84500,0.054,0.340,0.606
85000,0.052,0.317,0.631
85500,0.058,0.262,0.680
86000,0.052,0.293,0.655
86500,0.052,0.287,0.660
87000,0.052,0.326,0.621
87500,0.051,0.356,0.592
88000,0.051,0.349,0.600
88500,0.055,0.334,0.611
89000,0.051,0.310,0.639
89500,0.050,0.342,0.608
90000,0.052,0.324,0.623
90500,0.050,0.329,0.621
91000,0.055,0.242,0.702
91500,0.066,0.247,0.687
92000,0.051,0.331,0.618
92500,0.056,0.282,0.662
93000,0.051,0.243,0.706
93500,0.060,0.281,0.659
94000,0.060,0.234,0.706
94500,0.064,0.185,0.751
95000,0.082,0.197,0.721
95500,0.080,0.225,0.696
96000,0.077,0.204,0.719
96500,0.061,0.291,0.647
97000,0.058,0.274,0.668
97500,0.059,0.272,0.670
98000,0.050,0.299,0.651
98500,0.058,0.286,0.656
99000,0.071,0.199,0.730
99500,0.057,0.290,0.652
100000,0.053,0.315,0.632
100500,0.059,0.280,0.662
101000,0.051,0.235,0.713
101500,0.052,0.242,0.705
102000,0.056,0.188,0.757
102500,0.064,0.247,0.689
103000,0.068,0.225,0.708
103500,0.063,0.245,0.692
104000,0.062,0.253,0.685
104500,0.070,0.185,0.744
105000,0.061,0.214,0.724
105500,0.074,0.217,0.709
106000,0.102,0.167,0.730
106500,0.111,0.165,0.724
107000,0.128,0.118,0.755
107500,0.245,0.068,0.687
108000,0.436,0.011,0.553
108500,0.655,0.001,0.344
109000,0.785,0.000,0.215
109500,0.757,0.000,0.243
110000,0.739,0.000,0.261
110500,0.778,0.000,0.222
111000,0.844,0.000,0.156
111500,0.861,0.000,0.139
112000,0.898,0.000,0.102
112500,0.904,0.000,0.096
113000,0.923,0.000,0.077
113500,0.983,0.000,0.017
114000,0.965,0.000,0.035
114500,0.981,0.000,0.019
115000,0.985,0.000,0.015
115500,0.967,0.000,0.033
116000,0.986,0.000,0.014
116500,0.981,0.000,0.019
117000,0.968,0.000,0.032
117500,0.991,0.000,0.009
118000,0.997,0.000,0.003
118500,1.000,0.000,0.000
