time,n_A+p,n_B,n_AB
100,0.391,0.413,0.196
200,0.402,0.402,0.196
300,0.326,0.413,0.261
400,0.337,0.380,0.283
500,0.348,0.391,0.261
600,0.391,0.359,0.250
700,0.478,0.315,0.207
800,0.489,0.250,0.261
900,0.402,0.196,0.402
1000,0.478,0.293,0.228
1100,0.467,0.304,0.228
1200,0.348,0.239,0.413
1300,0.533,0.152,0.315
1400,0.652,0.087,0.261
1500,0.663,0.098,0.239
1600,0.717,0.076,0.207
1700,0.772,0.054,0.174
1800,0.826,0.022,0.152
1900,0.837,0.011,0.152
2000,0.880,0.022,0.098
2100,0.815,0.065,0.120
2200,0.826,0.076,0.098
2300,0.913,0.043,0.043
2400,0.902,0.043,0.054
2500,0.924,0.022,0.054
2600,0.924,0.011,0.065
2700,0.957,0.011,0.033
2800,0.967,0.011,0.022
2900,0.957,0.011,0.033
3000,0.967,0.000,0.033
3100,0.967,0.000,0.033
3200,1.000,0.000,0.000
