time,n_A+p,n_B,n_AB
100,0.030,0.965,0.005
200,0.030,0.963,0.007
300,0.030,0.961,0.009
400,0.030,0.955,0.015
500,0.030,0.951,0.019
600,0.030,0.950,0.020
700,0.030,0.950,0.020
800,0.030,0.950,0.020
900,0.030,0.945,0.025
1000,0.030,0.932,0.038
1100,0.030,0.921,0.049
1200,0.030,0.922,0.048
1300,0.030,0.919,0.051
1400,0.030,0.913,0.057
1500,0.030,0.915,0.055
1600,0.030,0.901,0.069
1700,0.030,0.896,0.074
1800,0.032,0.889,0.079
1900,0.035,0.888,0.077
2000,0.035,0.886,0.079
2100,0.034,0.881,0.085
2200,0.037,0.870,0.093
2300,0.039,0.859,0.102
2400,0.039,0.849,0.112
2500,0.037,0.850,0.113
2600,0.036,0.846,0.118
2700,0.035,0.834,0.131
2800,0.034,0.840,0.126
2900,0.035,0.829,0.136
3000,0.036,0.829,0.135
3100,0.036,0.834,0.130
3200,0.035,0.829,0.136
3300,0.034,0.823,0.143
3400,0.036,0.811,0.153
3500,0.034,0.811,0.155
3600,0.041,0.801,0.158
3700,0.043,0.805,0.152
3800,0.048,0.798,0.154
3900,0.045,0.798,0.157
4000,0.046,0.808,0.146
4100,0.046,0.813,0.141
4200,0.043,0.815,0.142
4300,0.046,0.806,0.148
4400,0.049,0.801,0.150
4500,0.049,0.795,0.156
4600,0.047,0.787,0.166
4700,0.048,0.784,0.168
4800,0.046,0.782,0.172
4900,0.049,0.778,0.173
5000,0.048,0.778,0.174
5100,0.049,0.788,0.163
5200,0.048,0.776,0.176
5300,0.046,0.768,0.186
5400,0.046,0.773,0.181
5500,0.053,0.765,0.182
5600,0.054,0.772,0.174
5700,0.051,0.780,0.169
5800,0.049,0.774,0.177
5900,0.050,0.777,0.173
6000,0.048,0.775,0.177
6100,0.050,0.776,0.174
6200,0.051,0.781,0.168
6300,0.052,0.786,0.162
6400,0.054,0.783,0.163
6500,0.055,0.773,0.172
6600,0.061,0.768,0.171
6700,0.054,0.762,0.184
6800,0.051,0.764,0.185
6900,0.051,0.759,0.190
7000,0.050,0.761,0.189
7100,0.050,0.757,0.193
7200,0.054,0.756,0.190
7300,0.055,0.753,0.192
7400,0.059,0.760,0.181
7500,0.059,0.754,0.187
7600,0.068,0.749,0.183
7700,0.070,0.753,0.177
7800,0.077,0.742,0.181
7900,0.076,0.746,0.178
8000,0.074,0.728,0.198
8100,0.069,0.718,0.213
8200,0.068,0.728,0.204
8300,0.075,0.722,0.203
8400,0.074,0.719,0.207
8500,0.072,0.710,0.218
8600,0.068,0.698,0.234
8700,0.074,0.691,0.235
8800,0.079,0.698,0.223
8900,0.088,0.703,0.209
9000,0.093,0.694,0.213
9100,0.086,0.679,0.235
9200,0.082,0.700,0.218
9300,0.081,0.697,0.222
9400,0.082,0.702,0.216
9500,0.077,0.694,0.229
9600,0.078,0.695,0.227
9700,0.072,0.689,0.239
9800,0.076,0.699,0.225
9900,0.074,0.704,0.222
10000,0.073,0.697,0.230
10100,0.078,0.695,0.227
10200,0.080,0.689,0.231
10300,0.085,0.687,0.228
10400,0.078,0.679,0.243
10500,0.080,0.677,0.243
10600,0.081,0.664,0.255
10700,0.081,0.649,0.270
10800,0.079,0.659,0.262
10900,0.080,0.661,0.259
11000,0.084,0.651,0.265
11100,0.097,0.638,0.265
11200,0.097,0.638,0.265
11300,0.096,0.626,0.278
11400,0.091,0.622,0.287
11500,0.093,0.626,0.281
11600,0.101,0.618,0.281
11700,0.094,0.635,0.271
11800,0.089,0.645,0.266
11900,0.089,0.642,0.269
12000,0.096,0.647,0.257
12100,0.101,0.640,0.259
12200,0.097,0.651,0.252
12300,0.100,0.646,0.254
12400,0.097,0.639,0.264
12500,0.099,0.646,0.255
12600,0.096,0.636,0.268
12700,0.099,0.621,0.280
12800,0.095,0.616,0.289
12900,0.091,0.609,0.300
13000,0.094,0.606,0.300
13100,0.096,0.604,0.300
13200,0.089,0.602,0.309
13300,0.096,0.579,0.325
13400,0.104,0.570,0.326
13500,0.107,0.569,0.324
13600,0.116,0.588,0.296
13700,0.117,0.583,0.300
13800,0.119,0.589,0.292
13900,0.135,0.577,0.288
14000,0.128,0.576,0.296
14100,0.122,0.567,0.311
14200,0.126,0.576,0.298
14300,0.134,0.566,0.300
14400,0.140,0.562,0.298
14500,0.141,0.551,0.308
14600,0.140,0.531,0.329
14700,0.152,0.528,0.320
14800,0.150,0.514,0.336
14900,0.142,0.522,0.336
15000,0.155,0.516,0.329
15100,0.153,0.533,0.314
15200,0.163,0.521,0.316
15300,0.162,0.522,0.316
15400,0.160,0.507,0.333
15500,0.175,0.503,0.322
15600,0.184,0.497,0.319
15700,0.183,0.507,0.310
15800,0.184,0.501,0.315
15900,0.199,0.489,0.312
16000,0.191,0.490,0.319
16100,0.179,0.489,0.332
16200,0.175,0.484,0.341
16300,0.184,0.487,0.329
16400,0.178,0.483,0.339
16500,0.186,0.472,0.342
16600,0.199,0.465,0.336
16700,0.189,0.467,0.344
16800,0.188,0.461,0.351
16900,0.184,0.452,0.364
17000,0.182,0.456,0.362
17100,0.207,0.441,0.352
17200,0.200,0.436,0.364
17300,0.195,0.436,0.369
17400,0.192,0.439,0.369
17500,0.199,0.446,0.355
17600,0.201,0.444,0.355
17700,0.215,0.447,0.338
17800,0.229,0.439,0.332
17900,0.232,0.429,0.339
18000,0.230,0.434,0.336
18100,0.239,0.429,0.332
18200,0.239,0.418,0.343
18300,0.251,0.400,0.349
18400,0.252,0.387,0.361
18500,0.252,0.389,0.359
18600,0.247,0.391,0.362
18700,0.253,0.364,0.383
18800,0.254,0.363,0.383
18900,0.268,0.359,0.373
19000,0.284,0.351,0.365
19100,0.282,0.351,0.367
19200,0.270,0.345,0.385
19300,0.270,0.334,0.396
19400,0.273,0.339,0.388
19500,0.274,0.354,0.372
19600,0.280,0.347,0.373
19700,0.270,0.357,0.373
19800,0.266,0.357,0.377
19900,0.269,0.348,0.383
20000,0.271,0.352,0.377
20100,0.275,0.358,0.367
20200,0.270,0.368,0.362
20300,0.285,0.368,0.347
20400,0.292,0.360,0.348
20500,0.295,0.351,0.354
20600,0.290,0.351,0.359
20700,0.293,0.349,0.358
20800,0.299,0.345,0.356
20900,0.298,0.336,0.366
21000,0.312,0.344,0.344
21100,0.304,0.340,0.356
21200,0.312,0.326,0.362
21300,0.303,0.322,0.375
21400,0.311,0.323,0.366
21500,0.305,0.328,0.367
21600,0.304,0.327,0.369
21700,0.314,0.314,0.372
21800,0.307,0.318,0.375
21900,0.313,0.321,0.366
22000,0.302,0.317,0.381
22100,0.304,0.329,0.367
22200,0.308,0.322,0.370
22300,0.292,0.318,0.390
22400,0.295,0.311,0.394
22500,0.304,0.313,0.383
22600,0.299,0.313,0.388
22700,0.295,0.318,0.387
22800,0.291,0.330,0.379
22900,0.290,0.322,0.388
23000,0.306,0.316,0.378
23100,0.301,0.317,0.382
23200,0.308,0.320,0.372
23300,0.304,0.318,0.378
23400,0.305,0.311,0.384
23500,0.297,0.325,0.378
23600,0.294,0.326,0.380
23700,0.310,0.314,0.376
23800,0.305,0.310,0.385
23900,0.319,0.292,0.389
24000,0.322,0.288,0.390
24100,0.327,0.277,0.396
24200,0.314,0.289,0.397
24300,0.318,0.284,0.398
24400,0.327,0.277,0.396
24500,0.340,0.283,0.377
24600,0.332,0.288,0.380
24700,0.331,0.280,0.389
24800,0.333,0.288,0.379
24900,0.345,0.288,0.367
25000,0.345,0.292,0.363
25100,0.338,0.296,0.366
25200,0.340,0.292,0.368
25300,0.332,0.297,0.371
25400,0.320,0.294,0.386
25500,0.327,0.284,0.389
25600,0.323,0.274,0.403
25700,0.320,0.282,0.398
25800,0.327,0.282,0.391
25900,0.325,0.286,0.389
26000,0.338,0.291,0.371
26100,0.345,0.290,0.365
26200,0.346,0.295,0.359
26300,0.339,0.302,0.359
26400,0.329,0.301,0.370
26500,0.310,0.300,0.390
26600,0.309,0.290,0.401
26700,0.303,0.301,0.396
26800,0.295,0.305,0.400
26900,0.300,0.308,0.392
27000,0.302,0.312,0.386
27100,0.320,0.308,0.372
27200,0.311,0.302,0.387
27300,0.322,0.312,0.366
27400,0.328,0.316,0.356
27500,0.336,0.306,0.358
27600,0.330,0.309,0.361
27700,0.332,0.327,0.341
27800,0.333,0.312,0.355
27900,0.338,0.307,0.355
28000,0.345,0.292,0.363
28100,0.347,0.270,0.383
28200,0.356,0.274,0.370
28300,0.351,0.285,0.364
28400,0.345,0.273,0.382
28500,0.335,0.271,0.394
28600,0.355,0.258,0.387
28700,0.362,0.264,0.374
28800,0.362,0.266,0.372
28900,0.360,0.268,0.372
29000,0.362,0.267,0.371
29100,0.369,0.265,0.366
29200,0.363,0.265,0.372
29300,0.351,0.269,0.380
29400,0.366,0.268,0.366
29500,0.357,0.255,0.388
29600,0.366,0.252,0.382
29700,0.358,0.256,0.386
29800,0.347,0.250,0.403
29900,0.351,0.252,0.397
30000,0.353,0.269,0.378
30100,0.360,0.267,0.373
30200,0.374,0.272,0.354
30300,0.375,0.275,0.350
30400,0.389,0.251,0.360
30500,0.386,0.252,0.362
30600,0.392,0.246,0.362
30700,0.394,0.251,0.355
30800,0.390,0.253,0.357
30900,0.394,0.252,0.354
31000,0.404,0.253,0.343
31100,0.394,0.245,0.361
31200,0.394,0.228,0.378
31300,0.393,0.236,0.371
31400,0.396,0.237,0.367
31500,0.400,0.236,0.364
31600,0.403,0.234,0.363
31700,0.400,0.234,0.366
31800,0.397,0.233,0.370
31900,0.394,0.238,0.368
32000,0.385,0.223,0.392
32100,0.379,0.234,0.387
32200,0.378,0.233,0.389
32300,0.383,0.231,0.386
32400,0.393,0.227,0.380
32500,0.391,0.233,0.376
32600,0.398,0.231,0.371
32700,0.416,0.224,0.360
32800,0.415,0.213,0.372
32900,0.407,0.214,0.379
33000,0.401,0.227,0.372
33100,0.412,0.230,0.358
33200,0.415,0.225,0.360
33300,0.419,0.221,0.360
33400,0.422,0.225,0.353
33500,0.436,0.222,0.342
33600,0.444,0.229,0.327
33700,0.435,0.228,0.337
33800,0.415,0.237,0.348
33900,0.421,0.225,0.354
34000,0.412,0.220,0.368
34100,0.423,0.226,0.351
34200,0.414,0.231,0.355
34300,0.418,0.222,0.360
34400,0.409,0.227,0.364
34500,0.419,0.227,0.354
34600,0.422,0.228,0.350
34700,0.427,0.229,0.344
34800,0.423,0.217,0.360
34900,0.427,0.221,0.352
35000,0.419,0.224,0.357
35100,0.424,0.222,0.354
35200,0.405,0.225,0.370
35300,0.407,0.217,0.376
35400,0.413,0.219,0.368
35500,0.420,0.207,0.373
35600,0.407,0.207,0.386
35700,0.400,0.210,0.390
35800,0.402,0.215,0.383
35900,0.413,0.210,0.377
36000,0.399,0.225,0.376
36100,0.404,0.219,0.377
36200,0.418,0.218,0.364
36300,0.412,0.215,0.373
36400,0.408,0.219,0.373
36500,0.405,0.203,0.392
36600,0.409,0.195,0.396
36700,0.430,0.210,0.360
36800,0.423,0.197,0.380
36900,0.411,0.197,0.392
37000,0.416,0.207,0.377
37100,0.424,0.204,0.372
37200,0.436,0.201,0.363
37300,0.447,0.208,0.345
37400,0.431,0.206,0.363
37500,0.429,0.205,0.366
37600,0.435,0.198,0.367
37700,0.432,0.204,0.364
37800,0.435,0.196,0.369
37900,0.434,0.198,0.368
38000,0.440,0.196,0.364
38100,0.448,0.199,0.353
38200,0.443,0.206,0.351
38300,0.449,0.210,0.341
38400,0.459,0.203,0.338
38500,0.468,0.196,0.336
38600,0.453,0.202,0.345
38700,0.440,0.204,0.356
38800,0.439,0.203,0.358
38900,0.437,0.207,0.356
39000,0.442,0.190,0.368
39100,0.449,0.196,0.355
39200,0.459,0.186,0.355
39300,0.469,0.178,0.353
39400,0.460,0.189,0.351
39500,0.456,0.200,0.344
39600,0.479,0.184,0.337
39700,0.473,0.185,0.342
39800,0.477,0.196,0.327
39900,0.471,0.187,0.342
40000,0.477,0.184,0.339
40100,0.495,0.166,0.339
40200,0.502,0.164,0.334
40300,0.511,0.163,0.326
40400,0.516,0.149,0.335
40500,0.535,0.143,0.322
40600,0.529,0.146,0.325
40700,0.531,0.149,0.320
40800,0.526,0.147,0.327
40900,0.536,0.145,0.319
41000,0.533,0.148,0.319
41100,0.526,0.136,0.338
41200,0.529,0.123,0.348
41300,0.554,0.109,0.337
41400,0.556,0.112,0.332
41500,0.542,0.118,0.340
41600,0.545,0.112,0.343
41700,0.538,0.102,0.360
41800,0.534,0.105,0.361
41900,0.547,0.100,0.353
42000,0.561,0.102,0.337
42100,0.560,0.108,0.332
42200,0.572,0.101,0.327
42300,0.568,0.106,0.326
42400,0.572,0.101,0.327
42500,0.585,0.116,0.299
42600,0.584,0.117,0.299
42700,0.582,0.118,0.300
42800,0.600,0.117,0.283
42900,0.610,0.106,0.284
43000,0.608,0.099,0.293
43100,0.619,0.102,0.279
43200,0.623,0.104,0.273
43300,0.625,0.098,0.277
43400,0.618,0.102,0.280
43500,0.613,0.093,0.294
43600,0.614,0.094,0.292
43700,0.612,0.087,0.301
43800,0.623,0.085,0.292
43900,0.628,0.075,0.297
44000,0.611,0.081,0.308
44100,0.602,0.085,0.313
44200,0.606,0.092,0.302
44300,0.604,0.104,0.292
44400,0.597,0.099,0.304
44500,0.600,0.100,0.300
44600,0.594,0.095,0.311
44700,0.582,0.098,0.320
44800,0.582,0.095,0.323
44900,0.578,0.110,0.312
45000,0.582,0.098,0.320
45100,0.580,0.104,0.316
45200,0.579,0.107,0.314
45300,0.566,0.111,0.323
45400,0.564,0.122,0.314
45500,0.565,0.119,0.316
45600,0.570,0.122,0.308
45700,0.563,0.130,0.307
45800,0.568,0.135,0.297
45900,0.556,0.144,0.300
46000,0.553,0.132,0.315
46100,0.545,0.130,0.325
46200,0.543,0.130,0.327
46300,0.548,0.122,0.330
46400,0.556,0.126,0.318
46500,0.543,0.132,0.325
46600,0.550,0.129,0.321
46700,0.567,0.125,0.308
46800,0.581,0.125,0.294
46900,0.580,0.117,0.303
47000,0.596,0.110,0.294
47100,0.599,0.111,0.290
47200,0.603,0.118,0.279
47300,0.610,0.117,0.273
47400,0.614,0.116,0.270
47500,0.602,0.122,0.276
47600,0.612,0.107,0.281
47700,0.593,0.110,0.297
47800,0.597,0.100,0.303
47900,0.605,0.094,0.301
48000,0.609,0.095,0.296
48100,0.635,0.093,0.272
48200,0.636,0.091,0.273
48300,0.638,0.088,0.274
48400,0.629,0.083,0.288
48500,0.629,0.074,0.297
48600,0.622,0.079,0.299
48700,0.620,0.077,0.303
48800,0.620,0.080,0.300
48900,0.610,0.082,0.308
49000,0.614,0.092,0.294
49100,0.617,0.091,0.292
49200,0.624,0.083,0.293
49300,0.633,0.083,0.284
49400,0.621,0.078,0.301
49500,0.621,0.075,0.304
49600,0.627,0.066,0.307
49700,0.636,0.072,0.292
49800,0.639,0.067,0.294
49900,0.638,0.071,0.291
50000,0.648,0.067,0.285
50100,0.655,0.058,0.287
50200,0.659,0.070,0.271
50300,0.668,0.075,0.257
50400,0.668,0.067,0.265
50500,0.682,0.057,0.261
50600,0.693,0.052,0.255
50700,0.693,0.054,0.253
50800,0.692,0.055,0.253
50900,0.692,0.058,0.250
51000,0.688,0.057,0.255
51100,0.679,0.051,0.270
51200,0.683,0.046,0.271
51300,0.692,0.043,0.265
51400,0.706,0.048,0.246
51500,0.703,0.050,0.247
51600,0.711,0.046,0.243
51700,0.711,0.045,0.244
51800,0.717,0.042,0.241
51900,0.725,0.048,0.227
52000,0.708,0.062,0.230
52100,0.702,0.055,0.243
52200,0.702,0.050,0.248
52300,0.697,0.048,0.255
52400,0.699,0.053,0.248
52500,0.705,0.057,0.238
52600,0.709,0.051,0.240
52700,0.709,0.052,0.239
52800,0.686,0.059,0.255
52900,0.672,0.052,0.276
53000,0.675,0.050,0.275
53100,0.698,0.045,0.257
53200,0.698,0.046,0.256
53300,0.702,0.048,0.250
53400,0.689,0.041,0.270
53500,0.690,0.042,0.268
53600,0.696,0.039,0.265
53700,0.704,0.034,0.262
53800,0.701,0.038,0.261
53900,0.700,0.039,0.261
54000,0.700,0.039,0.261
54100,0.712,0.041,0.247
54200,0.710,0.053,0.237
54300,0.705,0.056,0.239
54400,0.707,0.057,0.236
54500,0.706,0.052,0.242
54600,0.715,0.050,0.235
54700,0.721,0.045,0.234
54800,0.723,0.043,0.234
54900,0.731,0.039,0.230
55000,0.724,0.044,0.232
55100,0.724,0.043,0.233
55200,0.725,0.043,0.232
55300,0.717,0.040,0.243
55400,0.714,0.039,0.247
55500,0.718,0.041,0.241
55600,0.727,0.041,0.232
55700,0.719,0.045,0.236
55800,0.739,0.041,0.220
55900,0.734,0.058,0.208
56000,0.738,0.051,0.211
56100,0.743,0.047,0.210
56200,0.755,0.040,0.205
56300,0.761,0.040,0.199
56400,0.763,0.044,0.193
56500,0.760,0.048,0.192
56600,0.752,0.042,0.206
56700,0.745,0.039,0.216
56800,0.745,0.045,0.210
56900,0.741,0.042,0.217
57000,0.748,0.047,0.205
57100,0.752,0.040,0.208
57200,0.753,0.037,0.210
57300,0.755,0.035,0.210
57400,0.766,0.032,0.202
57500,0.768,0.036,0.196
57600,0.768,0.031,0.201
57700,0.776,0.032,0.192
57800,0.772,0.031,0.197
57900,0.764,0.025,0.211
58000,0.757,0.031,0.212
58100,0.765,0.029,0.206
58200,0.761,0.031,0.208
58300,0.771,0.025,0.204
58400,0.769,0.029,0.202
58500,0.768,0.027,0.205
58600,0.773,0.028,0.199
58700,0.774,0.022,0.204
58800,0.771,0.026,0.203
58900,0.769,0.025,0.206
59000,0.774,0.027,0.199
59100,0.775,0.024,0.201
59200,0.781,0.022,0.197
59300,0.780,0.015,0.205
59400,0.785,0.014,0.201
59500,0.788,0.012,0.200
59600,0.794,0.012,0.194
59700,0.788,0.018,0.194
59800,0.791,0.018,0.191
59900,0.792,0.016,0.192
60000,0.793,0.017,0.190
60100,0.806,0.016,0.178
60200,0.803,0.020,0.177
60300,0.801,0.020,0.179
60400,0.801,0.025,0.174
60500,0.804,0.025,0.171
60600,0.813,0.019,0.168
60700,0.805,0.021,0.174
60800,0.807,0.023,0.170
60900,0.797,0.019,0.184
61000,0.803,0.018,0.179
61100,0.795,0.019,0.186
61200,0.799,0.020,0.181
61300,0.797,0.019,0.184
61400,0.798,0.017,0.185
61500,0.808,0.021,0.171
61600,0.807,0.020,0.173
61700,0.796,0.019,0.185
61800,0.796,0.020,0.184
61900,0.798,0.035,0.167
62000,0.811,0.030,0.159
62100,0.803,0.032,0.165
62200,0.796,0.036,0.168
62300,0.802,0.031,0.167
62400,0.802,0.028,0.170
62500,0.795,0.034,0.171
62600,0.790,0.036,0.174
62700,0.796,0.031,0.173
62800,0.792,0.040,0.168
62900,0.797,0.038,0.165
63000,0.789,0.032,0.179
63100,0.782,0.031,0.187
63200,0.794,0.026,0.180
63300,0.793,0.026,0.181
63400,0.795,0.028,0.177
63500,0.800,0.023,0.177
63600,0.806,0.027,0.167
63700,0.790,0.029,0.181
63800,0.789,0.030,0.181
63900,0.783,0.030,0.187
64000,0.786,0.025,0.189
64100,0.798,0.024,0.178
64200,0.801,0.030,0.169
64300,0.801,0.033,0.166
64400,0.804,0.034,0.162
64500,0.800,0.037,0.163
64600,0.798,0.039,0.163
64700,0.803,0.042,0.155
64800,0.802,0.033,0.165
64900,0.798,0.029,0.173
65000,0.797,0.023,0.180
65100,0.805,0.021,0.174
65200,0.806,0.018,0.176
65300,0.803,0.021,0.176
65400,0.812,0.017,0.171
65500,0.819,0.014,0.167
65600,0.820,0.013,0.167
65700,0.817,0.013,0.170
65800,0.819,0.010,0.171
65900,0.829,0.011,0.160
66000,0.824,0.012,0.164
66100,0.833,0.014,0.153
66200,0.838,0.010,0.152
66300,0.842,0.013,0.145
66400,0.836,0.009,0.155
66500,0.853,0.007,0.140
66600,0.846,0.018,0.136
66700,0.855,0.016,0.129
66800,0.849,0.020,0.131
66900,0.850,0.020,0.130
67000,0.858,0.018,0.124
67100,0.859,0.016,0.125
67200,0.866,0.012,0.122
67300,0.867,0.009,0.124
67400,0.867,0.017,0.116
67500,0.869,0.015,0.116
67600,0.870,0.020,0.110
67700,0.880,0.017,0.103
67800,0.882,0.020,0.098
67900,0.881,0.017,0.102
68000,0.886,0.014,0.100
68100,0.882,0.010,0.108
68200,0.879,0.008,0.113
68300,0.880,0.008,0.112
68400,0.891,0.007,0.102
68500,0.890,0.006,0.104
68600,0.897,0.008,0.095
68700,0.904,0.007,0.089
68800,0.902,0.006,0.092
68900,0.894,0.006,0.100
69000,0.900,0.005,0.095
69100,0.905,0.005,0.090
69200,0.903,0.005,0.092
69300,0.904,0.004,0.092
69400,0.907,0.004,0.089
69500,0.905,0.004,0.091
69600,0.908,0.004,0.088
69700,0.912,0.004,0.084
69800,0.910,0.003,0.087
69900,0.916,0.003,0.081
70000,0.910,0.003,0.087
70100,0.906,0.002,0.092
70200,0.909,0.002,0.089
70300,0.914,0.002,0.084
70400,0.919,0.005,0.076
70500,0.917,0.004,0.079
70600,0.925,0.003,0.072
70700,0.923,0.002,0.075
70800,0.919,0.002,0.079
70900,0.919,0.002,0.079
71000,0.918,0.004,0.078
71100,0.914,0.004,0.082
71200,0.922,0.003,0.075
71300,0.915,0.003,0.082
71400,0.918,0.003,0.079
71500,0.916,0.003,0.081
71600,0.921,0.002,0.077
71700,0.925,0.002,0.073
71800,0.922,0.002,0.076
71900,0.930,0.002,0.068
72000,0.934,0.002,0.064
72100,0.935,0.002,0.063
72200,0.933,0.002,0.065
72300,0.932,0.002,0.066
72400,0.932,0.002,0.066
72500,0.931,0.002,0.067
72600,0.935,0.003,0.062
72700,0.935,0.003,0.062
72800,0.932,0.002,0.066
72900,0.935,0.001,0.064
73000,0.937,0.001,0.062
73100,0.930,0.001,0.069
73200,0.931,0.004,0.065
73300,0.933,0.003,0.064
73400,0.939,0.002,0.059
73500,0.941,0.005,0.054
73600,0.942,0.005,0.053
73700,0.943,0.004,0.053
73800,0.940,0.007,0.053
73900,0.938,0.007,0.055
74000,0.942,0.006,0.052
74100,0.943,0.005,0.052
74200,0.945,0.003,0.052
74300,0.946,0.006,0.048
74400,0.947,0.006,0.047
74500,0.942,0.005,0.053
74600,0.940,0.005,0.055
74700,0.943,0.005,0.052
74800,0.943,0.004,0.053
74900,0.950,0.004,0.046
75000,0.953,0.004,0.043
75100,0.952,0.003,0.045
75200,0.953,0.002,0.045
75300,0.954,0.002,0.044
75400,0.953,0.002,0.045
75500,0.949,0.008,0.043
75600,0.952,0.007,0.041
75700,0.951,0.006,0.043
75800,0.952,0.005,0.043
75900,0.957,0.004,0.039
76000,0.953,0.004,0.043
76100,0.959,0.004,0.037
76200,0.957,0.006,0.037
76300,0.960,0.004,0.036
76400,0.961,0.003,0.036
76500,0.963,0.002,0.035
76600,0.960,0.002,0.038
76700,0.962,0.001,0.037
76800,0.962,0.001,0.037
76900,0.963,0.001,0.036
77000,0.966,0.000,0.034
77100,0.969,0.000,0.031
77200,0.967,0.000,0.033
77300,0.969,0.000,0.031
77400,0.968,0.000,0.032
77500,0.966,0.000,0.034
77600,0.966,0.000,0.034
77700,0.967,0.000,0.033
77800,0.966,0.000,0.034
77900,0.966,0.000,0.034
78000,0.967,0.000,0.033
78100,0.969,0.000,0.031
78200,0.971,0.000,0.029
78300,0.972,0.000,0.028
78400,0.972,0.000,0.028
78500,0.977,0.000,0.023
78600,0.978,0.000,0.022
78700,0.977,0.000,0.023
78800,0.978,0.000,0.022
78900,0.974,0.000,0.026
79000,0.975,0.000,0.025
79100,0.975,0.000,0.025
79200,0.976,0.000,0.024
79300,0.981,0.000,0.019
79400,0.978,0.000,0.022
79500,0.978,0.000,0.022
79600,0.979,0.000,0.021
79700,0.981,0.000,0.019
79800,0.981,0.000,0.019
79900,0.980,0.000,0.020
80000,0.977,0.000,0.023
80100,0.975,0.000,0.025
80200,0.976,0.000,0.024
80300,0.978,0.000,0.022
80400,0.979,0.000,0.021
80500,0.981,0.000,0.019
80600,0.982,0.000,0.018
80700,0.984,0.000,0.016
80800,0.985,0.000,0.015
80900,0.984,0.000,0.016
81000,0.981,0.000,0.019
81100,0.982,0.000,0.018
81200,0.980,0.000,0.020
81300,0.980,0.000,0.020
81400,0.983,0.000,0.017
81500,0.979,0.000,0.021
81600,0.981,0.000,0.019
81700,0.981,0.000,0.019
81800,0.980,0.000,0.020
81900,0.981,0.000,0.019
82000,0.982,0.000,0.018
82100,0.982,0.000,0.018
82200,0.980,0.000,0.020
82300,0.983,0.000,0.017
82400,0.981,0.000,0.019
82500,0.979,0.000,0.021
82600,0.978,0.000,0.022
82700,0.980,0.000,0.020
82800,0.979,0.000,0.021
82900,0.981,0.000,0.019
83000,0.981,0.000,0.019
83100,0.982,0.000,0.018
83200,0.981,0.000,0.019
83300,0.981,0.000,0.019
83400,0.982,0.000,0.018
83500,0.981,0.000,0.019
83600,0.981,0.000,0.019
83700,0.984,0.000,0.016
83800,0.985,0.000,0.015
83900,0.988,0.000,0.012
84000,0.986,0.000,0.014
84100,0.986,0.000,0.014
84200,0.984,0.000,0.016
84300,0.983,0.000,0.017
84400,0.979,0.000,0.021
84500,0.980,0.000,0.020
84600,0.974,0.000,0.026
84700,0.975,0.000,0.025
84800,0.975,0.000,0.025
84900,0.976,0.000,0.024
85000,0.978,0.000,0.022
85100,0.978,0.000,0.022
85200,0.981,0.000,0.019
85300,0.978,0.000,0.022
85400,0.978,0.000,0.022
85500,0.979,0.000,0.021
85600,0.978,0.000,0.022
85700,0.979,0.000,0.021
85800,0.980,0.000,0.020
85900,0.974,0.000,0.026
86000,0.975,0.000,0.025
86100,0.975,0.000,0.025
86200,0.975,0.000,0.025
86300,0.977,0.000,0.023
86400,0.980,0.000,0.020
86500,0.980,0.000,0.020
86600,0.980,0.000,0.020
86700,0.978,0.000,0.022
86800,0.976,0.000,0.024
86900,0.975,0.000,0.025
87000,0.974,0.000,0.026
87100,0.978,0.000,0.022
87200,0.979,0.000,0.021
87300,0.980,0.000,0.020
87400,0.979,0.000,0.021
87500,0.977,0.000,0.023
87600,0.978,0.000,0.022
87700,0.977,0.000,0.023
87800,0.975,0.000,0.025
87900,0.976,0.000,0.024
88000,0.975,0.000,0.025
88100,0.974,0.000,0.026
88200,0.972,0.000,0.028
88300,0.972,0.000,0.028
88400,0.972,0.004,0.024
88500,0.973,0.004,0.023
88600,0.976,0.004,0.020
88700,0.976,0.004,0.020
88800,0.980,0.004,0.016
88900,0.980,0.004,0.016
89000,0.979,0.003,0.018
89100,0.982,0.003,0.015
89200,0.983,0.002,0.015
89300,0.983,0.002,0.015
89400,0.975,0.002,0.023
89500,0.975,0.002,0.023
89600,0.977,0.001,0.022
89700,0.972,0.001,0.027
89800,0.974,0.001,0.025
89900,0.976,0.001,0.023
90000,0.978,0.001,0.021
90100,0.978,0.001,0.021
90200,0.978,0.001,0.021
90300,0.981,0.000,0.019
90400,0.982,0.000,0.018
90500,0.984,0.000,0.016
90600,0.988,0.000,0.012
90700,0.989,0.000,0.011
90800,0.986,0.000,0.014
90900,0.987,0.000,0.013
91000,0.985,0.000,0.015
91100,0.986,0.000,0.014
91200,0.983,0.000,0.017
91300,0.984,0.000,0.016
91400,0.982,0.000,0.018
91500,0.978,0.000,0.022
91600,0.977,0.000,0.023
91700,0.970,0.000,0.030
91800,0.962,0.004,0.034
91900,0.959,0.003,0.038
92000,0.963,0.002,0.035
92100,0.960,0.002,0.038
92200,0.955,0.001,0.044
92300,0.955,0.001,0.044
92400,0.954,0.001,0.045
92500,0.947,0.001,0.052
92600,0.941,0.004,0.055
92700,0.948,0.003,0.049
92800,0.946,0.006,0.048
92900,0.949,0.004,0.047
93000,0.948,0.003,0.049
93100,0.949,0.003,0.048
93200,0.953,0.002,0.045
93300,0.958,0.002,0.040
93400,0.960,0.001,0.039
93500,0.960,0.001,0.039
93600,0.964,0.001,0.035
93700,0.970,0.000,0.030
93800,0.972,0.000,0.028
93900,0.973,0.000,0.027
94000,0.974,0.000,0.026
94100,0.976,0.000,0.024
94200,0.978,0.000,0.022
94300,0.980,0.000,0.020
94400,0.978,0.000,0.022
94500,0.976,0.000,0.024
94600,0.977,0.000,0.023
94700,0.976,0.000,0.024
94800,0.975,0.000,0.025
94900,0.972,0.000,0.028
95000,0.970,0.000,0.030
95100,0.973,0.000,0.027
95200,0.976,0.000,0.024
95300,0.979,0.000,0.021
95400,0.981,0.000,0.019
95500,0.983,0.000,0.017
95600,0.984,0.000,0.016
95700,0.988,0.000,0.012
95800,0.986,0.000,0.014
95900,0.987,0.000,0.013
96000,0.989,0.000,0.011
96100,0.990,0.000,0.010
96200,0.990,0.000,0.010
96300,0.990,0.000,0.010
96400,0.991,0.000,0.009
96500,0.991,0.000,0.009
96600,0.993,0.000,0.007
96700,0.993,0.000,0.007
96800,0.992,0.000,0.008
96900,0.994,0.000,0.006
97000,0.993,0.000,0.007
97100,0.990,0.000,0.010
97200,0.991,0.000,0.009
97300,0.991,0.000,0.009
97400,0.991,0.000,0.009
97500,0.993,0.000,0.007
97600,0.994,0.000,0.006
97700,0.994,0.000,0.006
97800,0.995,0.000,0.005
97900,0.995,0.000,0.005
98000,0.995,0.000,0.005
98100,0.994,0.000,0.006
98200,0.994,0.000,0.006
98300,0.994,0.000,0.006
98400,0.995,0.000,0.005
98500,0.995,0.000,0.005
98600,0.996,0.000,0.004
98700,0.996,0.000,0.004
98800,0.996,0.000,0.004
98900,0.996,0.000,0.004
99000,0.996,0.000,0.004
99100,0.995,0.000,0.005
99200,0.996,0.000,0.004
99300,0.996,0.000,0.004
99400,0.996,0.000,0.004
99500,0.997,0.000,0.003
99600,0.999,0.000,0.001
99700,1.000,0.000,0.000
