time,n_A+p,n_B,n_AB
100,0.030,0.968,0.002
200,0.032,0.951,0.017
300,0.032,0.951,0.017
400,0.031,0.936,0.034
500,0.031,0.940,0.030
600,0.030,0.939,0.032
700,0.032,0.920,0.048
800,0.031,0.909,0.060
900,0.034,0.916,0.050
1000,0.033,0.901,0.066
1100,0.040,0.885,0.076
1200,0.047,0.878,0.075
1300,0.046,0.868,0.086
1400,0.051,0.850,0.099
1500,0.046,0.845,0.109
1600,0.045,0.837,0.118
1700,0.041,0.834,0.126
1800,0.050,0.824,0.126
1900,0.051,0.828,0.121
2000,0.049,0.825,0.126
2100,0.075,0.807,0.118
2200,0.079,0.810,0.111
2300,0.088,0.796,0.116
2400,0.082,0.790,0.129
2500,0.078,0.779,0.143
2600,0.068,0.776,0.155
2700,0.069,0.777,0.153
2800,0.070,0.769,0.160
2900,0.067,0.757,0.176
3000,0.068,0.747,0.185
3100,0.079,0.748,0.174
3200,0.085,0.740,0.176
3300,0.089,0.719,0.192
3400,0.093,0.721,0.186
3500,0.096,0.715,0.189
3600,0.094,0.704,0.202
3700,0.094,0.675,0.231
3800,0.084,0.694,0.223
3900,0.086,0.697,0.218
4000,0.085,0.699,0.217
4100,0.084,0.709,0.207
4200,0.091,0.708,0.201
4300,0.096,0.697,0.207
4400,0.080,0.703,0.218
4500,0.076,0.703,0.222
4600,0.079,0.683,0.238
4700,0.092,0.683,0.225
4800,0.080,0.699,0.222
4900,0.083,0.693,0.225
5000,0.083,0.697,0.221
5100,0.081,0.689,0.230
5200,0.076,0.683,0.241
5300,0.078,0.674,0.248
5400,0.075,0.675,0.250
5500,0.073,0.678,0.249
5600,0.075,0.674,0.251
5700,0.079,0.672,0.249
5800,0.083,0.668,0.249
5900,0.084,0.666,0.250
6000,0.087,0.666,0.247
6100,0.088,0.655,0.257
6200,0.101,0.645,0.254
6300,0.099,0.644,0.257
6400,0.103,0.636,0.260
6500,0.124,0.614,0.263
6600,0.129,0.630,0.241
6700,0.126,0.618,0.256
6800,0.124,0.606,0.271
6900,0.120,0.608,0.273
7000,0.121,0.613,0.267
7100,0.132,0.605,0.264
7200,0.132,0.588,0.280
7300,0.140,0.592,0.268
7400,0.129,0.592,0.279
7500,0.116,0.601,0.283
7600,0.123,0.602,0.276
7700,0.126,0.594,0.280
7800,0.137,0.586,0.277
7900,0.133,0.582,0.285
8000,0.143,0.588,0.269
8100,0.136,0.582,0.282
8200,0.130,0.599,0.272
8300,0.134,0.584,0.282
8400,0.131,0.565,0.304
8500,0.123,0.561,0.317
8600,0.132,0.563,0.305
8700,0.137,0.551,0.313
8800,0.146,0.550,0.304
8900,0.145,0.538,0.317
9000,0.157,0.530,0.313
9100,0.166,0.523,0.311
9200,0.173,0.511,0.317
9300,0.181,0.508,0.312
9400,0.188,0.510,0.302
9500,0.178,0.505,0.318
9600,0.178,0.505,0.318
9700,0.191,0.497,0.312
9800,0.204,0.494,0.301
9900,0.205,0.490,0.304
10000,0.218,0.480,0.302
10100,0.220,0.489,0.291
10200,0.219,0.482,0.299
10300,0.223,0.476,0.301
10400,0.220,0.474,0.306
10500,0.212,0.469,0.319
10600,0.196,0.467,0.337
10700,0.198,0.470,0.332
10800,0.195,0.473,0.332
10900,0.182,0.473,0.345
11000,0.179,0.474,0.347
11100,0.170,0.468,0.363
11200,0.162,0.469,0.369
11300,0.172,0.487,0.341
11400,0.164,0.477,0.359
11500,0.164,0.473,0.363
11600,0.169,0.469,0.363
11700,0.173,0.470,0.358
11800,0.177,0.478,0.345
11900,0.173,0.503,0.325
12000,0.180,0.497,0.323
12100,0.197,0.494,0.308
12200,0.190,0.495,0.315
12300,0.178,0.525,0.297
12400,0.189,0.534,0.277
12500,0.186,0.523,0.291
12600,0.189,0.520,0.291
12700,0.192,0.516,0.292
12800,0.186,0.514,0.300
12900,0.194,0.497,0.308
13000,0.216,0.478,0.306
13100,0.231,0.465,0.304
13200,0.217,0.457,0.327
13300,0.212,0.467,0.321
13400,0.213,0.464,0.323
13500,0.218,0.457,0.326
13600,0.215,0.450,0.335
13700,0.223,0.443,0.334
13800,0.220,0.446,0.334
13900,0.219,0.442,0.339
14000,0.218,0.446,0.336
14100,0.226,0.432,0.342
14200,0.227,0.445,0.328
14300,0.216,0.442,0.342
14400,0.222,0.435,0.343
14500,0.239,0.426,0.335
14600,0.223,0.437,0.340
14700,0.236,0.436,0.328
14800,0.252,0.439,0.308
14900,0.252,0.425,0.323
15000,0.242,0.435,0.323
15100,0.242,0.434,0.324
15200,0.230,0.425,0.345
15300,0.233,0.418,0.349
15400,0.233,0.428,0.339
15500,0.235,0.427,0.338
15600,0.228,0.435,0.337
15700,0.225,0.428,0.347
15800,0.229,0.422,0.349
15900,0.221,0.419,0.361
16000,0.225,0.411,0.365
16100,0.211,0.409,0.380
16200,0.209,0.421,0.370
16300,0.212,0.423,0.365
16400,0.220,0.407,0.374
16500,0.223,0.408,0.370
16600,0.218,0.414,0.369
16700,0.218,0.408,0.375
16800,0.229,0.401,0.370
16900,0.232,0.414,0.354
17000,0.233,0.419,0.348
17100,0.231,0.410,0.360
17200,0.237,0.398,0.365
17300,0.247,0.389,0.364
17400,0.239,0.399,0.362
17500,0.236,0.403,0.361
17600,0.234,0.404,0.362
17700,0.234,0.410,0.356
17800,0.228,0.408,0.365
17900,0.222,0.406,0.373
18000,0.223,0.402,0.375
18100,0.225,0.415,0.361
18200,0.217,0.426,0.358
18300,0.233,0.418,0.349
18400,0.224,0.421,0.355
18500,0.216,0.425,0.360
18600,0.216,0.432,0.352
18700,0.223,0.427,0.350
18800,0.228,0.419,0.353
18900,0.226,0.401,0.373
19000,0.221,0.416,0.364
19100,0.226,0.406,0.369
19200,0.221,0.410,0.370
19300,0.222,0.425,0.353
19400,0.218,0.423,0.360
19500,0.230,0.417,0.353
19600,0.238,0.413,0.349
19700,0.241,0.422,0.337
19800,0.240,0.421,0.339
19900,0.224,0.434,0.342
20000,0.208,0.439,0.352
20100,0.207,0.428,0.365
20200,0.210,0.427,0.363
20300,0.215,0.416,0.370
20400,0.226,0.413,0.362
20500,0.235,0.414,0.351
20600,0.231,0.418,0.351
20700,0.211,0.433,0.355
20800,0.210,0.433,0.356
20900,0.223,0.433,0.344
21000,0.230,0.429,0.341
21100,0.232,0.424,0.344
21200,0.229,0.427,0.344
21300,0.224,0.429,0.347
21400,0.230,0.431,0.339
21500,0.228,0.417,0.355
21600,0.233,0.414,0.353
21700,0.225,0.410,0.366
21800,0.227,0.419,0.354
21900,0.215,0.418,0.368
22000,0.208,0.431,0.361
22100,0.209,0.427,0.364
22200,0.206,0.434,0.360
22300,0.230,0.421,0.349
22400,0.227,0.419,0.354
22500,0.226,0.428,0.346
22600,0.227,0.432,0.341
22700,0.231,0.423,0.346
22800,0.228,0.428,0.344
22900,0.242,0.426,0.332
23000,0.234,0.423,0.343
23100,0.249,0.410,0.341
23200,0.258,0.410,0.332
23300,0.259,0.406,0.335
23400,0.248,0.401,0.350
23500,0.238,0.416,0.346
23600,0.234,0.407,0.360
23700,0.223,0.417,0.361
23800,0.219,0.416,0.366
23900,0.212,0.410,0.378
24000,0.217,0.404,0.379
24100,0.220,0.411,0.370
24200,0.212,0.402,0.385
24300,0.204,0.409,0.387
24400,0.205,0.407,0.388
24500,0.210,0.412,0.378
24600,0.200,0.417,0.383
24700,0.208,0.409,0.383
24800,0.203,0.415,0.382
24900,0.208,0.427,0.365
25000,0.208,0.433,0.359
25100,0.222,0.422,0.356
25200,0.217,0.428,0.355
25300,0.231,0.403,0.366
25400,0.241,0.407,0.352
25500,0.238,0.392,0.370
25600,0.220,0.398,0.382
25700,0.198,0.412,0.390
25800,0.189,0.410,0.401
25900,0.190,0.427,0.383
26000,0.187,0.443,0.370
26100,0.204,0.427,0.369
26200,0.209,0.424,0.367
26300,0.219,0.422,0.360
26400,0.204,0.426,0.370
26500,0.204,0.431,0.365
26600,0.204,0.431,0.365
26700,0.215,0.425,0.361
26800,0.208,0.433,0.359
26900,0.213,0.426,0.361
27000,0.225,0.414,0.362
27100,0.231,0.397,0.372
27200,0.243,0.398,0.359
27300,0.243,0.407,0.350
27400,0.237,0.397,0.366
27500,0.247,0.400,0.352
27600,0.247,0.394,0.359
27700,0.237,0.399,0.364
27800,0.233,0.392,0.375
27900,0.233,0.388,0.379
28000,0.233,0.391,0.376
28100,0.234,0.388,0.378
28200,0.253,0.373,0.374
28300,0.261,0.371,0.368
28400,0.266,0.374,0.361
28500,0.275,0.374,0.351
28600,0.274,0.370,0.356
28700,0.268,0.366,0.367
28800,0.263,0.361,0.377
28900,0.273,0.361,0.367
29000,0.273,0.355,0.372
29100,0.271,0.358,0.372
29200,0.266,0.370,0.365
29300,0.276,0.373,0.351
29400,0.279,0.366,0.355
29500,0.283,0.368,0.349
29600,0.277,0.378,0.345
29700,0.280,0.371,0.349
29800,0.281,0.372,0.347
29900,0.272,0.371,0.358
30000,0.272,0.359,0.370
30100,0.265,0.372,0.364
30200,0.251,0.365,0.384
30300,0.251,0.359,0.390
30400,0.250,0.349,0.400
30500,0.246,0.347,0.407
30600,0.242,0.330,0.428
30700,0.245,0.324,0.431
30800,0.251,0.328,0.421
30900,0.249,0.334,0.417
31000,0.254,0.339,0.407
31100,0.244,0.346,0.410
31200,0.255,0.344,0.400
31300,0.257,0.336,0.407
31400,0.261,0.341,0.397
31500,0.259,0.355,0.385
31600,0.264,0.340,0.396
31700,0.277,0.336,0.387
31800,0.284,0.339,0.377
31900,0.291,0.342,0.367
32000,0.285,0.338,0.377
32100,0.281,0.329,0.390
32200,0.290,0.338,0.372
32300,0.283,0.351,0.366
32400,0.271,0.352,0.377
32500,0.261,0.353,0.385
32600,0.264,0.350,0.386
32700,0.250,0.342,0.408
32800,0.252,0.347,0.400
32900,0.258,0.344,0.397
33000,0.275,0.340,0.385
33100,0.280,0.340,0.380
33200,0.269,0.349,0.382
33300,0.280,0.330,0.390
33400,0.287,0.322,0.391
33500,0.285,0.305,0.410
33600,0.292,0.306,0.401
33700,0.299,0.305,0.395
33800,0.304,0.309,0.386
33900,0.302,0.319,0.379
34000,0.299,0.321,0.380
34100,0.291,0.321,0.388
34200,0.297,0.321,0.382
34300,0.311,0.313,0.377
34400,0.315,0.304,0.381
34500,0.312,0.304,0.384
34600,0.304,0.306,0.389
34700,0.304,0.305,0.390
34800,0.316,0.301,0.383
34900,0.300,0.313,0.387
35000,0.294,0.308,0.397
35100,0.302,0.303,0.394
35200,0.299,0.305,0.395
35300,0.301,0.299,0.399
35400,0.303,0.302,0.394
35500,0.308,0.311,0.381
35600,0.311,0.311,0.379
35700,0.302,0.327,0.371
35800,0.296,0.329,0.375
35900,0.292,0.321,0.387
36000,0.314,0.317,0.370
36100,0.316,0.311,0.374
36200,0.312,0.303,0.385
36300,0.311,0.303,0.386
36400,0.308,0.311,0.381
36500,0.321,0.301,0.378
36600,0.313,0.313,0.375
36700,0.307,0.306,0.386
36800,0.311,0.301,0.388
36900,0.312,0.303,0.385
37000,0.325,0.302,0.373
37100,0.322,0.302,0.376
37200,0.321,0.299,0.380
37300,0.326,0.296,0.378
37400,0.324,0.296,0.380
37500,0.320,0.295,0.385
37600,0.312,0.297,0.391
37700,0.316,0.294,0.390
37800,0.312,0.295,0.393
37900,0.304,0.306,0.389
38000,0.298,0.302,0.399
38100,0.289,0.303,0.408
38200,0.290,0.293,0.417
38300,0.295,0.294,0.411
38400,0.288,0.303,0.409
38500,0.281,0.300,0.419
38600,0.272,0.306,0.422
38700,0.279,0.314,0.408
38800,0.277,0.304,0.419
38900,0.291,0.302,0.407
39000,0.287,0.302,0.411
39100,0.281,0.306,0.413
39200,0.291,0.301,0.408
39300,0.290,0.297,0.413
39400,0.284,0.311,0.406
39500,0.288,0.307,0.404
39600,0.287,0.309,0.403
39700,0.279,0.301,0.420
39800,0.272,0.316,0.413
39900,0.258,0.312,0.430
40000,0.256,0.299,0.444
40100,0.268,0.311,0.422
40200,0.274,0.311,0.416
40300,0.272,0.311,0.418
40400,0.268,0.309,0.423
40500,0.271,0.318,0.412
40600,0.259,0.313,0.428
40700,0.266,0.318,0.417
40800,0.260,0.298,0.441
40900,0.259,0.311,0.430
41000,0.260,0.307,0.432
41100,0.252,0.312,0.436
41200,0.243,0.323,0.434
41300,0.241,0.331,0.428
41400,0.241,0.333,0.426
41500,0.235,0.332,0.433
41600,0.249,0.335,0.416
41700,0.255,0.334,0.411
41800,0.265,0.337,0.398
41900,0.268,0.334,0.398
42000,0.268,0.329,0.403
42100,0.265,0.327,0.409
42200,0.275,0.319,0.407
42300,0.271,0.336,0.393
42400,0.280,0.331,0.389
42500,0.276,0.327,0.397
42600,0.278,0.319,0.403
42700,0.272,0.316,0.413
42800,0.272,0.317,0.412
42900,0.283,0.309,0.408
43000,0.282,0.312,0.407
43100,0.284,0.311,0.406
43200,0.275,0.318,0.408
43300,0.263,0.337,0.400
43400,0.261,0.338,0.400
43500,0.263,0.345,0.392
43600,0.259,0.345,0.395
43700,0.258,0.340,0.401
43800,0.261,0.345,0.393
43900,0.253,0.358,0.389
44000,0.252,0.342,0.406
44100,0.252,0.339,0.409
44200,0.250,0.335,0.415
44300,0.258,0.336,0.406
44400,0.260,0.337,0.402
44500,0.270,0.344,0.386
44600,0.272,0.343,0.385
44700,0.258,0.350,0.391
44800,0.245,0.354,0.400
44900,0.243,0.353,0.403
45000,0.238,0.348,0.414
45100,0.232,0.334,0.434
45200,0.236,0.343,0.421
45300,0.242,0.343,0.415
45400,0.232,0.369,0.399
45500,0.240,0.359,0.401
45600,0.243,0.343,0.414
45700,0.249,0.343,0.408
45800,0.251,0.344,0.404
45900,0.248,0.344,0.408
46000,0.255,0.338,0.407
46100,0.253,0.345,0.401
46200,0.278,0.334,0.388
46300,0.277,0.324,0.399
46400,0.271,0.330,0.399
46500,0.265,0.337,0.398
46600,0.257,0.355,0.387
46700,0.254,0.355,0.390
46800,0.250,0.344,0.406
46900,0.256,0.339,0.404
47000,0.264,0.331,0.406
47100,0.281,0.317,0.402
47200,0.265,0.323,0.413
47300,0.266,0.320,0.415
47400,0.261,0.328,0.411
47500,0.269,0.333,0.398
47600,0.263,0.341,0.396
47700,0.267,0.347,0.386
47800,0.260,0.354,0.385
47900,0.264,0.358,0.379
48000,0.270,0.364,0.367
48100,0.272,0.346,0.382
48200,0.269,0.364,0.368
48300,0.270,0.358,0.373
48400,0.267,0.347,0.386
48500,0.270,0.358,0.373
48600,0.273,0.346,0.381
48700,0.260,0.343,0.396
48800,0.268,0.341,0.391
48900,0.270,0.339,0.391
49000,0.285,0.331,0.384
49100,0.281,0.325,0.394
49200,0.305,0.328,0.367
49300,0.319,0.328,0.353
49400,0.325,0.321,0.354
49500,0.315,0.321,0.365
49600,0.319,0.317,0.365
49700,0.307,0.318,0.375
49800,0.307,0.324,0.369
49900,0.309,0.319,0.372
50000,0.298,0.319,0.383
50100,0.305,0.312,0.383
50200,0.276,0.299,0.425
50300,0.271,0.302,0.427
50400,0.283,0.290,0.427
50500,0.280,0.291,0.429
50600,0.268,0.333,0.399
50700,0.265,0.335,0.400
50800,0.256,0.355,0.388
50900,0.266,0.362,0.373
51000,0.265,0.354,0.381
51100,0.264,0.356,0.380
51200,0.271,0.361,0.369
51300,0.275,0.359,0.367
51400,0.274,0.353,0.373
51500,0.272,0.355,0.373
51600,0.263,0.353,0.384
51700,0.261,0.365,0.374
51800,0.260,0.361,0.379
51900,0.258,0.362,0.380
52000,0.264,0.369,0.368
52100,0.267,0.366,0.368
52200,0.258,0.364,0.378
52300,0.257,0.373,0.370
52400,0.259,0.370,0.371
52500,0.259,0.362,0.379
52600,0.252,0.365,0.383
52700,0.268,0.361,0.372
52800,0.264,0.355,0.381
52900,0.252,0.361,0.387
53000,0.238,0.332,0.430
53100,0.242,0.336,0.422
53200,0.250,0.334,0.416
53300,0.257,0.320,0.423
53400,0.263,0.330,0.408
53500,0.276,0.330,0.394
53600,0.280,0.328,0.392
53700,0.271,0.330,0.399
53800,0.264,0.337,0.399
53900,0.257,0.341,0.401
54000,0.247,0.317,0.436
54100,0.272,0.305,0.423
54200,0.285,0.316,0.399
54300,0.280,0.319,0.401
54400,0.288,0.320,0.392
54500,0.284,0.315,0.401
54600,0.290,0.306,0.403
54700,0.280,0.306,0.414
54800,0.269,0.309,0.422
54900,0.268,0.307,0.425
55000,0.260,0.305,0.434
55100,0.269,0.299,0.432
55200,0.283,0.299,0.418
55300,0.275,0.313,0.413
55400,0.271,0.312,0.418
55500,0.261,0.313,0.426
55600,0.274,0.309,0.417
55700,0.275,0.303,0.422
55800,0.279,0.307,0.414
55900,0.272,0.302,0.426
56000,0.275,0.287,0.438
56100,0.275,0.279,0.446
56200,0.273,0.287,0.440
56300,0.273,0.281,0.446
56400,0.291,0.283,0.426
56500,0.298,0.286,0.416
56600,0.300,0.286,0.414
56700,0.302,0.286,0.412
56800,0.318,0.285,0.397
56900,0.314,0.286,0.400
57000,0.319,0.277,0.404
57100,0.312,0.279,0.410
57200,0.303,0.285,0.412
57300,0.305,0.282,0.413
57400,0.312,0.285,0.403
57500,0.308,0.278,0.414
57600,0.314,0.274,0.413
57700,0.316,0.264,0.421
57800,0.331,0.259,0.410
57900,0.327,0.264,0.410
58000,0.321,0.261,0.418
58100,0.317,0.253,0.430
58200,0.317,0.257,0.426
58300,0.304,0.270,0.426
58400,0.305,0.267,0.428
58500,0.286,0.296,0.418
58600,0.284,0.297,0.419
58700,0.275,0.319,0.407
58800,0.274,0.326,0.400
58900,0.270,0.327,0.403
59000,0.267,0.316,0.418
59100,0.272,0.306,0.422
59200,0.268,0.300,0.432
59300,0.270,0.315,0.416
59400,0.279,0.315,0.407
59500,0.267,0.319,0.415
59600,0.267,0.304,0.429
59700,0.258,0.309,0.432
59800,0.268,0.299,0.433
59900,0.281,0.301,0.418
60000,0.279,0.302,0.419
60100,0.272,0.322,0.407
60200,0.268,0.292,0.440
60300,0.278,0.272,0.450
60400,0.292,0.275,0.433
60500,0.294,0.273,0.433
60600,0.297,0.273,0.430
60700,0.284,0.282,0.434
60800,0.276,0.279,0.445
60900,0.274,0.274,0.453
61000,0.275,0.282,0.443
61100,0.279,0.279,0.442
61200,0.287,0.285,0.428
61300,0.289,0.286,0.425
61400,0.291,0.282,0.427
61500,0.305,0.282,0.413
61600,0.305,0.280,0.415
61700,0.309,0.278,0.413
61800,0.316,0.272,0.413
61900,0.321,0.282,0.397
62000,0.331,0.283,0.386
62100,0.317,0.280,0.403
62200,0.316,0.283,0.401
62300,0.324,0.271,0.406
62400,0.329,0.282,0.389
62500,0.328,0.283,0.389
62600,0.331,0.277,0.392
62700,0.332,0.275,0.393
62800,0.326,0.274,0.400
62900,0.324,0.270,0.407
63000,0.333,0.275,0.392
63100,0.316,0.277,0.408
63200,0.307,0.271,0.422
63300,0.309,0.265,0.426
63400,0.304,0.261,0.434
63500,0.296,0.258,0.445
63600,0.312,0.256,0.432
63700,0.316,0.250,0.434
63800,0.317,0.252,0.431
63900,0.314,0.252,0.434
64000,0.319,0.251,0.430
64100,0.327,0.238,0.435
64200,0.320,0.237,0.443
64300,0.320,0.235,0.445
64400,0.301,0.232,0.467
64500,0.307,0.234,0.459
64600,0.330,0.245,0.425
64700,0.333,0.240,0.427
64800,0.337,0.241,0.422
64900,0.338,0.248,0.414
65000,0.332,0.252,0.416
65100,0.362,0.251,0.387
65200,0.367,0.245,0.388
65300,0.359,0.249,0.392
65400,0.352,0.244,0.403
65500,0.353,0.238,0.409
65600,0.347,0.251,0.401
65700,0.339,0.265,0.396
65800,0.322,0.260,0.418
65900,0.309,0.273,0.418
66000,0.316,0.272,0.413
66100,0.312,0.273,0.416
66200,0.314,0.274,0.413
66300,0.311,0.278,0.412
66400,0.304,0.271,0.425
66500,0.313,0.277,0.411
66600,0.302,0.282,0.416
66700,0.292,0.287,0.421
66800,0.278,0.290,0.432
66900,0.281,0.289,0.430
67000,0.274,0.287,0.439
67100,0.270,0.304,0.426
67200,0.281,0.303,0.416
67300,0.285,0.295,0.420
67400,0.280,0.297,0.423
67500,0.280,0.286,0.434
67600,0.293,0.278,0.429
67700,0.308,0.268,0.424
67800,0.322,0.256,0.422
67900,0.326,0.252,0.422
68000,0.320,0.246,0.434
68100,0.320,0.240,0.440
68200,0.319,0.251,0.430
68300,0.324,0.253,0.423
68400,0.327,0.245,0.428
68500,0.317,0.254,0.429
68600,0.317,0.253,0.430
68700,0.309,0.254,0.436
68800,0.312,0.259,0.429
68900,0.312,0.265,0.424
69000,0.313,0.261,0.426
69100,0.315,0.256,0.429
69200,0.314,0.256,0.430
69300,0.327,0.261,0.412
69400,0.331,0.256,0.413
69500,0.327,0.253,0.420
69600,0.325,0.249,0.426
69700,0.324,0.247,0.429
69800,0.332,0.242,0.426
69900,0.311,0.242,0.447
70000,0.306,0.235,0.459
70100,0.314,0.232,0.455
70200,0.311,0.248,0.441
70300,0.313,0.248,0.439
70400,0.311,0.252,0.437
70500,0.306,0.267,0.427
70600,0.311,0.256,0.433
70700,0.309,0.256,0.434
70800,0.311,0.256,0.433
70900,0.304,0.263,0.433
71000,0.294,0.259,0.446
71100,0.291,0.271,0.438
71200,0.292,0.271,0.437
71300,0.301,0.275,0.424
71400,0.309,0.279,0.412
71500,0.309,0.271,0.420
71600,0.314,0.268,0.419
71700,0.316,0.267,0.418
71800,0.323,0.251,0.426
71900,0.318,0.255,0.427
72000,0.315,0.249,0.436
72100,0.306,0.251,0.442
72200,0.304,0.253,0.442
72300,0.305,0.252,0.442
72400,0.297,0.248,0.455
72500,0.302,0.256,0.441
72600,0.299,0.269,0.432
72700,0.290,0.261,0.448
72800,0.298,0.256,0.445
72900,0.284,0.264,0.453
73000,0.282,0.270,0.448
73100,0.279,0.268,0.454
73200,0.280,0.264,0.457
73300,0.285,0.258,0.457
73400,0.288,0.268,0.444
73500,0.287,0.268,0.445
73600,0.277,0.274,0.449
73700,0.284,0.280,0.436
73800,0.286,0.276,0.438
73900,0.308,0.275,0.417
74000,0.316,0.277,0.408
74100,0.318,0.268,0.415
74200,0.317,0.270,0.414
74300,0.327,0.274,0.399
74400,0.327,0.275,0.398
74500,0.328,0.279,0.393
74600,0.326,0.290,0.384
74700,0.315,0.287,0.398
74800,0.324,0.280,0.396
74900,0.326,0.281,0.393
75000,0.329,0.274,0.397
75100,0.335,0.277,0.388
75200,0.320,0.286,0.394
75300,0.320,0.282,0.398
75400,0.322,0.277,0.401
75500,0.316,0.287,0.397
75600,0.314,0.276,0.411
75700,0.312,0.282,0.407
75800,0.306,0.279,0.415
75900,0.307,0.275,0.418
76000,0.319,0.277,0.404
76100,0.316,0.274,0.411
76200,0.317,0.270,0.414
76300,0.325,0.260,0.415
76400,0.319,0.260,0.421
76500,0.320,0.248,0.432
76600,0.319,0.245,0.436
76700,0.314,0.245,0.441
76800,0.308,0.252,0.439
76900,0.320,0.248,0.432
77000,0.340,0.240,0.420
77100,0.343,0.249,0.408
77200,0.333,0.250,0.417
77300,0.336,0.252,0.412
77400,0.333,0.258,0.409
77500,0.335,0.255,0.410
77600,0.327,0.257,0.416
77700,0.333,0.250,0.417
77800,0.337,0.250,0.413
77900,0.332,0.247,0.421
78000,0.361,0.245,0.394
78100,0.358,0.230,0.413
78200,0.364,0.231,0.406
78300,0.364,0.229,0.408
78400,0.364,0.227,0.410
78500,0.377,0.219,0.404
78600,0.375,0.213,0.412
78700,0.367,0.215,0.419
78800,0.361,0.221,0.419
78900,0.361,0.212,0.427
79000,0.363,0.216,0.422
79100,0.362,0.225,0.414
79200,0.355,0.221,0.424
79300,0.342,0.232,0.426
79400,0.337,0.253,0.410
79500,0.337,0.252,0.411
79600,0.332,0.259,0.409
79700,0.331,0.255,0.414
79800,0.339,0.247,0.414
79900,0.346,0.240,0.414
80000,0.340,0.241,0.419
80100,0.332,0.238,0.430
80200,0.334,0.232,0.434
80300,0.350,0.234,0.416
80400,0.337,0.238,0.425
80500,0.338,0.234,0.428
80600,0.326,0.241,0.433
80700,0.336,0.220,0.444
80800,0.336,0.225,0.439
80900,0.352,0.221,0.427
81000,0.346,0.221,0.433
81100,0.346,0.219,0.435
81200,0.335,0.211,0.454
81300,0.327,0.213,0.460
81400,0.340,0.207,0.453
81500,0.329,0.211,0.460
81600,0.334,0.220,0.446
81700,0.324,0.218,0.459
81800,0.318,0.227,0.456
81900,0.323,0.232,0.445
82000,0.327,0.229,0.444
82100,0.341,0.235,0.424
82200,0.334,0.254,0.412
82300,0.338,0.258,0.403
82400,0.343,0.266,0.391
82500,0.340,0.260,0.399
82600,0.338,0.263,0.399
82700,0.338,0.259,0.402
82800,0.342,0.250,0.408
82900,0.338,0.239,0.423
83000,0.339,0.240,0.421
83100,0.342,0.237,0.421
83200,0.340,0.236,0.424
83300,0.348,0.235,0.417
83400,0.346,0.223,0.431
83500,0.339,0.222,0.439
83600,0.334,0.222,0.444
83700,0.334,0.216,0.450
83800,0.348,0.219,0.433
83900,0.351,0.217,0.432
84000,0.350,0.220,0.430
84100,0.345,0.210,0.444
84200,0.339,0.220,0.441
84300,0.343,0.228,0.429
84400,0.334,0.234,0.432
84500,0.328,0.236,0.436
84600,0.335,0.252,0.413
84700,0.345,0.242,0.413
84800,0.351,0.244,0.404
84900,0.350,0.239,0.411
85000,0.349,0.239,0.412
85100,0.347,0.252,0.400
85200,0.353,0.244,0.402
85300,0.348,0.250,0.401
85400,0.335,0.241,0.424
85500,0.351,0.238,0.411
85600,0.341,0.238,0.421
85700,0.343,0.233,0.424
85800,0.351,0.234,0.415
85900,0.346,0.230,0.424
86000,0.358,0.232,0.411
86100,0.355,0.233,0.412
86200,0.354,0.237,0.409
86300,0.360,0.231,0.410
86400,0.353,0.230,0.417
86500,0.365,0.234,0.401
86600,0.360,0.231,0.410
86700,0.373,0.224,0.403
86800,0.369,0.221,0.411
86900,0.373,0.220,0.408
87000,0.367,0.220,0.414
87100,0.351,0.227,0.422
87200,0.338,0.224,0.438
87300,0.333,0.219,0.448
87400,0.330,0.235,0.435
87500,0.323,0.230,0.447
87600,0.337,0.229,0.434
87700,0.337,0.246,0.417
87800,0.337,0.251,0.412
87900,0.338,0.249,0.413
88000,0.340,0.242,0.418
88100,0.341,0.236,0.423
88200,0.353,0.232,0.415
88300,0.353,0.227,0.420
88400,0.347,0.235,0.418
88500,0.348,0.249,0.402
88600,0.346,0.247,0.407
88700,0.343,0.253,0.403
88800,0.353,0.249,0.397
88900,0.342,0.248,0.410
89000,0.349,0.248,0.402
89100,0.349,0.239,0.412
89200,0.363,0.231,0.407
89300,0.350,0.240,0.410
89400,0.366,0.241,0.393
89500,0.353,0.250,0.396
89600,0.345,0.244,0.411
89700,0.354,0.236,0.410
89800,0.365,0.246,0.389
89900,0.365,0.244,0.391
90000,0.353,0.241,0.406
90100,0.346,0.241,0.413
90200,0.344,0.238,0.418
90300,0.333,0.239,0.428
90400,0.341,0.244,0.415
90500,0.354,0.249,0.396
90600,0.348,0.258,0.393
90700,0.334,0.261,0.404
90800,0.339,0.255,0.406
90900,0.345,0.245,0.410
91000,0.355,0.241,0.403
91100,0.346,0.231,0.423
91200,0.339,0.242,0.419
91300,0.330,0.251,0.419
91400,0.326,0.253,0.421
91500,0.317,0.261,0.422
91600,0.326,0.249,0.425
91700,0.336,0.234,0.430
91800,0.339,0.227,0.434
91900,0.337,0.223,0.440
92000,0.338,0.228,0.434
92100,0.343,0.234,0.423
92200,0.340,0.230,0.430
92300,0.341,0.218,0.441
92400,0.345,0.206,0.448
92500,0.349,0.206,0.444
92600,0.353,0.206,0.440
92700,0.346,0.219,0.435
92800,0.344,0.224,0.432
92900,0.350,0.220,0.430
93000,0.347,0.213,0.439
93100,0.356,0.208,0.435
93200,0.374,0.211,0.415
93300,0.383,0.215,0.402
93400,0.379,0.220,0.401
93500,0.381,0.216,0.403
93600,0.370,0.216,0.415
93700,0.363,0.219,0.419
93800,0.366,0.219,0.416
93900,0.368,0.230,0.402
94000,0.378,0.228,0.394
94100,0.391,0.218,0.391
94200,0.385,0.221,0.394
94300,0.384,0.219,0.397
94400,0.376,0.218,0.407
94500,0.375,0.226,0.399
94600,0.374,0.217,0.410
94700,0.383,0.217,0.400
94800,0.390,0.219,0.391
94900,0.389,0.221,0.390
95000,0.380,0.221,0.399
95100,0.377,0.222,0.401
95200,0.365,0.234,0.401
95300,0.371,0.226,0.403
95400,0.376,0.235,0.389
95500,0.383,0.221,0.396
95600,0.389,0.221,0.390
95700,0.385,0.223,0.392
95800,0.391,0.219,0.390
95900,0.389,0.222,0.389
96000,0.383,0.221,0.396
96100,0.385,0.213,0.401
96200,0.376,0.230,0.394
96300,0.376,0.225,0.399
96400,0.380,0.221,0.399
96500,0.383,0.222,0.395
96600,0.385,0.213,0.401
96700,0.384,0.221,0.395
96800,0.388,0.217,0.395
96900,0.391,0.219,0.390
97000,0.409,0.211,0.380
97100,0.396,0.211,0.392
97200,0.396,0.209,0.394
97300,0.390,0.205,0.404
97400,0.394,0.210,0.395
97500,0.390,0.212,0.397
97600,0.386,0.210,0.403
97700,0.381,0.210,0.409
97800,0.385,0.212,0.402
97900,0.366,0.231,0.403
98000,0.366,0.229,0.406
98100,0.363,0.236,0.401
98200,0.344,0.244,0.412
98300,0.351,0.244,0.404
98400,0.347,0.221,0.432
98500,0.341,0.227,0.432
98600,0.348,0.224,0.428
98700,0.330,0.225,0.445
98800,0.311,0.243,0.446
98900,0.334,0.223,0.443
99000,0.332,0.232,0.436
99100,0.330,0.231,0.439
99200,0.332,0.239,0.429
99300,0.325,0.246,0.429
99400,0.324,0.261,0.415
99500,0.306,0.256,0.437
99600,0.316,0.254,0.430
99700,0.317,0.248,0.435
99800,0.313,0.250,0.437
99900,0.315,0.249,0.436
100000,0.312,0.241,0.447
