time,n_A+p,n_B,n_AB
100,0.030,0.970,0.000
200,0.030,0.968,0.002
300,0.030,0.961,0.009
400,0.030,0.962,0.008
500,0.030,0.959,0.011
600,0.031,0.955,0.014
700,0.031,0.947,0.022
800,0.031,0.933,0.037
900,0.033,0.936,0.032
1000,0.036,0.935,0.030
1100,0.033,0.938,0.030
1200,0.034,0.927,0.039
1300,0.033,0.923,0.044
1400,0.032,0.903,0.065
1500,0.033,0.899,0.068
1600,0.033,0.907,0.060
1700,0.035,0.905,0.060
1800,0.036,0.889,0.076
1900,0.037,0.890,0.074
2000,0.038,0.893,0.069
2100,0.039,0.895,0.066
2200,0.038,0.887,0.076
2300,0.037,0.885,0.079
2400,0.038,0.873,0.089
2500,0.037,0.877,0.086
2600,0.041,0.866,0.093
2700,0.043,0.869,0.088
2800,0.039,0.872,0.089
2900,0.044,0.864,0.092
3000,0.042,0.875,0.083
3100,0.041,0.877,0.082
3200,0.042,0.886,0.073
3300,0.043,0.885,0.073
3400,0.041,0.880,0.079
3500,0.041,0.873,0.086
3600,0.040,0.872,0.088
3700,0.040,0.873,0.087
3800,0.040,0.856,0.104
3900,0.040,0.862,0.098
4000,0.038,0.871,0.091
4100,0.043,0.864,0.093
4200,0.041,0.862,0.097
4300,0.042,0.856,0.102
4400,0.041,0.864,0.095
4500,0.043,0.866,0.091
4600,0.044,0.868,0.088
4700,0.051,0.864,0.085
4800,0.050,0.871,0.079
4900,0.052,0.877,0.070
5000,0.049,0.880,0.070
5100,0.048,0.876,0.076
5200,0.047,0.871,0.082
5300,0.046,0.868,0.086
5400,0.044,0.869,0.087
5500,0.046,0.861,0.093
5600,0.042,0.858,0.100
5700,0.050,0.865,0.085
5800,0.049,0.862,0.089
5900,0.046,0.859,0.095
6000,0.047,0.862,0.091
6100,0.047,0.863,0.090
6200,0.043,0.843,0.114
6300,0.042,0.849,0.109
6400,0.043,0.824,0.133
6500,0.048,0.811,0.141
6600,0.046,0.819,0.135
6700,0.045,0.822,0.133
6800,0.053,0.815,0.132
6900,0.052,0.817,0.131
7000,0.063,0.801,0.136
7100,0.064,0.803,0.133
7200,0.058,0.800,0.142
7300,0.058,0.800,0.142
7400,0.053,0.795,0.152
7500,0.050,0.798,0.152
7600,0.057,0.790,0.153
7700,0.056,0.795,0.149
7800,0.056,0.800,0.144
7900,0.056,0.803,0.141
8000,0.052,0.809,0.139
8100,0.056,0.808,0.136
8200,0.055,0.801,0.144
8300,0.062,0.804,0.134
8400,0.060,0.794,0.146
8500,0.057,0.801,0.142
8600,0.054,0.796,0.150
8700,0.056,0.769,0.175
8800,0.060,0.782,0.157
8900,0.062,0.788,0.150
9000,0.064,0.789,0.147
9100,0.059,0.794,0.147
9200,0.056,0.804,0.140
9300,0.058,0.802,0.140
9400,0.056,0.805,0.139
9500,0.052,0.807,0.141
9600,0.057,0.803,0.140
9700,0.057,0.796,0.147
9800,0.058,0.801,0.141
9900,0.054,0.795,0.151
10000,0.051,0.804,0.145
10100,0.054,0.806,0.140
10200,0.051,0.804,0.145
10300,0.055,0.788,0.157
10400,0.061,0.784,0.154
10500,0.063,0.769,0.168
10600,0.073,0.777,0.150
10700,0.070,0.763,0.166
10800,0.080,0.760,0.160
10900,0.079,0.743,0.179
11000,0.078,0.754,0.169
11100,0.079,0.760,0.161
11200,0.074,0.755,0.172
11300,0.075,0.765,0.160
11400,0.073,0.766,0.161
11500,0.069,0.773,0.157
11600,0.074,0.771,0.155
11700,0.077,0.775,0.148
11800,0.077,0.790,0.134
11900,0.072,0.787,0.142
12000,0.068,0.785,0.146
12100,0.074,0.790,0.137
12200,0.070,0.794,0.136
12300,0.072,0.783,0.145
12400,0.072,0.783,0.145
12500,0.068,0.783,0.148
12600,0.066,0.770,0.163
12700,0.068,0.773,0.158
12800,0.074,0.763,0.163
12900,0.074,0.773,0.153
13000,0.078,0.768,0.154
13100,0.087,0.749,0.164
13200,0.092,0.740,0.169
13300,0.094,0.726,0.180
13400,0.096,0.730,0.174
13500,0.099,0.734,0.166
13600,0.099,0.734,0.166
13700,0.090,0.739,0.172
13800,0.091,0.725,0.184
13900,0.090,0.741,0.170
14000,0.085,0.742,0.174
14100,0.085,0.735,0.180
14200,0.082,0.748,0.171
14300,0.088,0.748,0.164
14400,0.090,0.745,0.165
14500,0.083,0.756,0.161
14600,0.085,0.761,0.154
14700,0.086,0.767,0.147
14800,0.088,0.756,0.156
14900,0.079,0.755,0.166
15000,0.077,0.749,0.175
15100,0.085,0.749,0.166
15200,0.083,0.742,0.176
15300,0.084,0.748,0.169
15400,0.086,0.745,0.170
15500,0.081,0.752,0.168
15600,0.078,0.757,0.165
15700,0.078,0.757,0.165
15800,0.074,0.758,0.169
15900,0.072,0.766,0.162
16000,0.070,0.763,0.166
16100,0.067,0.767,0.165
16200,0.065,0.767,0.168
16300,0.064,0.766,0.170
16400,0.055,0.771,0.174
16500,0.058,0.770,0.172
16600,0.059,0.773,0.168
16700,0.065,0.760,0.175
16800,0.062,0.753,0.185
16900,0.062,0.756,0.182
17000,0.059,0.766,0.175
17100,0.056,0.778,0.165
17200,0.056,0.784,0.159
17300,0.059,0.781,0.159
17400,0.057,0.788,0.155
17500,0.059,0.787,0.154
17600,0.064,0.779,0.156
17700,0.047,0.780,0.173
17800,0.053,0.778,0.169
17900,0.053,0.785,0.161
18000,0.054,0.779,0.166
18100,0.055,0.776,0.169
18200,0.055,0.785,0.159
18300,0.051,0.800,0.149
18400,0.051,0.790,0.159
18500,0.048,0.782,0.170
18600,0.050,0.772,0.178
18700,0.052,0.777,0.171
18800,0.052,0.782,0.165
18900,0.051,0.782,0.166
19000,0.056,0.772,0.172
19100,0.065,0.782,0.152
19200,0.060,0.783,0.156
19300,0.056,0.788,0.156
19400,0.054,0.795,0.151
19500,0.056,0.800,0.144
19600,0.053,0.790,0.157
19700,0.050,0.794,0.156
19800,0.048,0.781,0.171
19900,0.048,0.777,0.175
20000,0.050,0.775,0.175
20100,0.055,0.764,0.181
20200,0.061,0.754,0.185
20300,0.066,0.755,0.179
20400,0.061,0.749,0.190
20500,0.067,0.749,0.184
20600,0.069,0.758,0.173
20700,0.066,0.761,0.173
20800,0.068,0.765,0.166
20900,0.068,0.757,0.175
21000,0.064,0.761,0.175
21100,0.062,0.762,0.176
21200,0.063,0.763,0.174
21300,0.060,0.769,0.171
21400,0.063,0.767,0.170
21500,0.057,0.778,0.164
21600,0.059,0.777,0.163
21700,0.060,0.783,0.156
21800,0.055,0.790,0.155
21900,0.055,0.780,0.164
22000,0.061,0.781,0.157
22100,0.063,0.794,0.143
22200,0.064,0.789,0.147
22300,0.064,0.790,0.146
22400,0.062,0.792,0.146
22500,0.059,0.797,0.144
22600,0.057,0.795,0.148
22700,0.051,0.795,0.154
22800,0.047,0.789,0.164
22900,0.057,0.795,0.148
23000,0.058,0.774,0.168
23100,0.056,0.776,0.168
23200,0.057,0.774,0.169
23300,0.061,0.779,0.159
23400,0.059,0.790,0.151
23500,0.055,0.792,0.153
23600,0.057,0.763,0.180
23700,0.055,0.768,0.177
23800,0.055,0.773,0.172
23900,0.060,0.781,0.158
24000,0.058,0.785,0.156
24100,0.056,0.780,0.163
24200,0.059,0.784,0.156
24300,0.068,0.785,0.146
24400,0.064,0.789,0.147
24500,0.068,0.778,0.153
24600,0.069,0.778,0.152
24700,0.070,0.791,0.139
24800,0.067,0.790,0.143
24900,0.069,0.789,0.142
25000,0.072,0.784,0.144
25100,0.067,0.796,0.137
25200,0.064,0.804,0.132
25300,0.061,0.806,0.133
25400,0.060,0.797,0.143
25500,0.061,0.790,0.149
25600,0.061,0.792,0.147
25700,0.062,0.772,0.165
25800,0.067,0.783,0.149
25900,0.067,0.783,0.149
26000,0.070,0.779,0.150
26100,0.076,0.748,0.177
26200,0.079,0.758,0.163
26300,0.075,0.748,0.178
26400,0.074,0.757,0.170
26500,0.077,0.732,0.191
26600,0.088,0.732,0.180
26700,0.093,0.725,0.182
26800,0.091,0.725,0.184
26900,0.085,0.720,0.195
27000,0.083,0.718,0.199
27100,0.087,0.716,0.197
27200,0.088,0.729,0.183
27300,0.088,0.725,0.187
27400,0.084,0.722,0.194
27500,0.085,0.719,0.196
27600,0.084,0.724,0.192
27700,0.091,0.734,0.175
27800,0.086,0.737,0.177
27900,0.086,0.730,0.184
28000,0.082,0.722,0.196
28100,0.086,0.715,0.199
28200,0.084,0.713,0.203
28300,0.086,0.707,0.207
28400,0.085,0.712,0.203
28500,0.098,0.708,0.194
28600,0.095,0.698,0.207
28700,0.093,0.700,0.207
28800,0.088,0.692,0.221
28900,0.093,0.687,0.220
29000,0.092,0.689,0.219
29100,0.094,0.696,0.210
29200,0.089,0.705,0.206
29300,0.098,0.705,0.197
29400,0.099,0.698,0.203
29500,0.096,0.707,0.197
29600,0.093,0.700,0.207
29700,0.092,0.711,0.197
29800,0.092,0.711,0.197
29900,0.090,0.719,0.191
30000,0.091,0.739,0.171
30100,0.091,0.736,0.173
30200,0.089,0.723,0.188
30300,0.096,0.734,0.170
30400,0.092,0.734,0.174
30500,0.095,0.737,0.168
30600,0.100,0.713,0.187
30700,0.102,0.719,0.179
30800,0.096,0.714,0.190
30900,0.107,0.696,0.197
31000,0.105,0.706,0.189
31100,0.100,0.698,0.202
31200,0.096,0.706,0.198
31300,0.098,0.699,0.203
31400,0.103,0.698,0.199
31500,0.088,0.705,0.207
31600,0.084,0.702,0.215
31700,0.090,0.686,0.224
31800,0.088,0.681,0.231
31900,0.085,0.689,0.226
32000,0.088,0.687,0.225
32100,0.097,0.684,0.219
32200,0.094,0.677,0.229
32300,0.097,0.671,0.232
32400,0.101,0.677,0.222
32500,0.102,0.673,0.225
32600,0.099,0.673,0.228
32700,0.093,0.681,0.226
32800,0.090,0.686,0.224
32900,0.093,0.687,0.220
33000,0.094,0.677,0.229
33100,0.116,0.683,0.200
33200,0.112,0.673,0.215
33300,0.114,0.675,0.210
33400,0.114,0.672,0.213
33500,0.117,0.674,0.208
33600,0.124,0.659,0.218
33700,0.125,0.667,0.208
33800,0.122,0.659,0.220
33900,0.109,0.657,0.234
34000,0.110,0.667,0.223
34100,0.096,0.679,0.225
34200,0.098,0.685,0.217
34300,0.098,0.696,0.206
34400,0.098,0.697,0.205
34500,0.091,0.703,0.206
34600,0.091,0.699,0.210
34700,0.084,0.708,0.208
34800,0.079,0.714,0.207
34900,0.078,0.707,0.216
35000,0.084,0.710,0.206
35100,0.085,0.713,0.202
35200,0.075,0.706,0.220
35300,0.086,0.700,0.215
35400,0.085,0.705,0.210
35500,0.086,0.706,0.208
35600,0.088,0.707,0.205
35700,0.080,0.706,0.215
35800,0.079,0.726,0.195
35900,0.078,0.716,0.206
36000,0.079,0.707,0.215
36100,0.076,0.710,0.215
36200,0.074,0.700,0.227
36300,0.073,0.708,0.220
36400,0.077,0.707,0.217
36500,0.081,0.717,0.202
36600,0.078,0.734,0.188
36700,0.080,0.730,0.190
36800,0.084,0.730,0.186
36900,0.089,0.711,0.200
37000,0.087,0.724,0.189
37100,0.085,0.728,0.187
37200,0.079,0.728,0.193
37300,0.080,0.716,0.204
37400,0.081,0.720,0.199
37500,0.081,0.715,0.204
37600,0.086,0.711,0.203
37700,0.079,0.705,0.217
37800,0.073,0.691,0.237
37900,0.078,0.671,0.251
38000,0.079,0.681,0.240
38100,0.074,0.684,0.242
38200,0.080,0.694,0.227
38300,0.079,0.707,0.215
38400,0.082,0.717,0.201
38500,0.070,0.720,0.209
38600,0.074,0.722,0.204
38700,0.072,0.732,0.196
38800,0.067,0.727,0.205
38900,0.064,0.740,0.196
39000,0.066,0.747,0.187
39100,0.067,0.745,0.188
39200,0.066,0.740,0.194
39300,0.068,0.724,0.207
39400,0.074,0.730,0.196
39500,0.075,0.724,0.201
39600,0.070,0.736,0.193
39700,0.067,0.749,0.184
39800,0.067,0.748,0.185
39900,0.067,0.749,0.184
40000,0.062,0.751,0.187
40100,0.064,0.752,0.184
40200,0.069,0.755,0.176
40300,0.070,0.760,0.170
40400,0.064,0.765,0.171
40500,0.060,0.761,0.179
40600,0.060,0.741,0.199
40700,0.065,0.743,0.192
40800,0.066,0.742,0.192
40900,0.072,0.740,0.189
41000,0.075,0.735,0.190
41100,0.080,0.743,0.178
41200,0.076,0.751,0.174
41300,0.070,0.735,0.194
41400,0.074,0.730,0.196
41500,0.078,0.728,0.194
41600,0.075,0.729,0.196
41700,0.070,0.726,0.203
41800,0.065,0.743,0.192
41900,0.066,0.744,0.190
42000,0.067,0.748,0.185
42100,0.067,0.759,0.174
42200,0.062,0.763,0.175
42300,0.058,0.775,0.166
42400,0.055,0.782,0.162
42500,0.056,0.777,0.166
42600,0.054,0.783,0.162
42700,0.057,0.790,0.153
42800,0.061,0.791,0.148
42900,0.060,0.784,0.155
43000,0.063,0.785,0.151
43100,0.062,0.779,0.158
43200,0.062,0.770,0.168
43300,0.060,0.759,0.181
43400,0.058,0.747,0.195
43500,0.069,0.758,0.173
43600,0.070,0.763,0.166
43700,0.065,0.752,0.183
43800,0.067,0.764,0.169
43900,0.070,0.767,0.162
44000,0.068,0.779,0.152
44100,0.064,0.783,0.152
44200,0.061,0.775,0.163
44300,0.061,0.770,0.169
44400,0.060,0.768,0.172
44500,0.063,0.752,0.185
44600,0.064,0.746,0.190
44700,0.063,0.754,0.183
44800,0.063,0.761,0.176
44900,0.060,0.762,0.178
45000,0.061,0.774,0.164
45100,0.065,0.775,0.159
45200,0.060,0.765,0.175
45300,0.056,0.764,0.180
45400,0.055,0.755,0.190
45500,0.060,0.759,0.181
45600,0.073,0.756,0.172
45700,0.074,0.749,0.178
45800,0.074,0.744,0.183
45900,0.072,0.741,0.188
46000,0.067,0.743,0.190
46100,0.060,0.739,0.201
46200,0.061,0.744,0.195
46300,0.057,0.741,0.202
46400,0.060,0.708,0.232
46500,0.061,0.707,0.232
46600,0.063,0.699,0.238
46700,0.064,0.703,0.233
46800,0.068,0.709,0.223
46900,0.075,0.702,0.224
47000,0.080,0.699,0.222
47100,0.080,0.686,0.234
47200,0.084,0.686,0.230
47300,0.083,0.692,0.226
47400,0.089,0.700,0.211
47500,0.091,0.713,0.196
47600,0.093,0.698,0.209
47700,0.097,0.696,0.207
47800,0.093,0.694,0.213
47900,0.094,0.689,0.217
48000,0.094,0.699,0.207
48100,0.090,0.694,0.217
48200,0.091,0.689,0.220
48300,0.088,0.692,0.221
48400,0.094,0.678,0.228
48500,0.092,0.670,0.238
48600,0.085,0.679,0.236
48700,0.080,0.685,0.235
48800,0.079,0.680,0.241
48900,0.082,0.685,0.233
49000,0.081,0.677,0.242
49100,0.082,0.673,0.245
49200,0.085,0.675,0.240
49300,0.087,0.678,0.235
49400,0.091,0.681,0.228
49500,0.088,0.689,0.223
49600,0.081,0.695,0.225
49700,0.076,0.688,0.236
49800,0.081,0.694,0.226
49900,0.091,0.695,0.215
50000,0.087,0.704,0.209
50100,0.082,0.709,0.209
50200,0.082,0.700,0.219
50300,0.080,0.701,0.220
50400,0.076,0.702,0.223
50500,0.083,0.704,0.213
50600,0.078,0.699,0.224
50700,0.085,0.706,0.209
50800,0.074,0.710,0.217
50900,0.078,0.716,0.206
51000,0.072,0.713,0.216
51100,0.063,0.724,0.212
51200,0.067,0.731,0.201
51300,0.068,0.731,0.200
51400,0.074,0.721,0.205
51500,0.072,0.734,0.194
51600,0.073,0.716,0.211
51700,0.076,0.713,0.211
51800,0.077,0.729,0.194
51900,0.076,0.734,0.190
52000,0.074,0.736,0.190
52100,0.076,0.733,0.191
52200,0.070,0.731,0.198
52300,0.065,0.740,0.195
52400,0.068,0.739,0.193
52500,0.066,0.750,0.184
52600,0.072,0.735,0.193
52700,0.073,0.740,0.188
52800,0.067,0.741,0.192
52900,0.065,0.745,0.190
53000,0.064,0.751,0.185
53100,0.061,0.757,0.182
53200,0.062,0.763,0.175
53300,0.061,0.763,0.176
53400,0.057,0.763,0.180
53500,0.053,0.762,0.185
53600,0.056,0.763,0.181
53700,0.056,0.766,0.178
53800,0.058,0.758,0.184
53900,0.063,0.746,0.191
54000,0.064,0.737,0.198
54100,0.067,0.740,0.193
54200,0.070,0.739,0.191
54300,0.067,0.733,0.199
54400,0.073,0.729,0.198
54500,0.074,0.728,0.198
54600,0.076,0.715,0.209
54700,0.083,0.725,0.192
54800,0.079,0.730,0.191
54900,0.077,0.717,0.206
55000,0.073,0.721,0.206
55100,0.075,0.716,0.209
55200,0.072,0.721,0.207
55300,0.059,0.730,0.210
55400,0.060,0.737,0.202
55500,0.066,0.731,0.202
55600,0.066,0.722,0.211
55700,0.065,0.729,0.205
55800,0.066,0.735,0.198
55900,0.059,0.742,0.199
56000,0.050,0.751,0.199
56100,0.054,0.758,0.188
56200,0.051,0.762,0.187
56300,0.050,0.762,0.188
56400,0.054,0.773,0.173
56500,0.052,0.781,0.166
56600,0.055,0.774,0.171
56700,0.053,0.766,0.181
56800,0.060,0.768,0.172
56900,0.058,0.761,0.181
57000,0.062,0.764,0.174
57100,0.064,0.758,0.178
57200,0.068,0.751,0.181
57300,0.068,0.756,0.176
57400,0.064,0.758,0.178
57500,0.062,0.759,0.179
57600,0.067,0.762,0.171
57700,0.064,0.746,0.190
57800,0.065,0.748,0.187
57900,0.067,0.750,0.183
58000,0.065,0.749,0.186
58100,0.064,0.750,0.186
58200,0.059,0.751,0.190
58300,0.061,0.746,0.193
58400,0.070,0.739,0.191
58500,0.062,0.743,0.195
58600,0.066,0.744,0.190
58700,0.067,0.750,0.183
58800,0.067,0.755,0.178
58900,0.063,0.763,0.174
59000,0.063,0.760,0.177
59100,0.067,0.769,0.163
59200,0.070,0.760,0.170
59300,0.074,0.756,0.171
59400,0.078,0.754,0.169
59500,0.082,0.748,0.171
59600,0.083,0.748,0.170
59700,0.082,0.721,0.197
59800,0.082,0.722,0.196
59900,0.082,0.718,0.200
60000,0.085,0.722,0.193
60100,0.083,0.731,0.186
60200,0.081,0.731,0.188
60300,0.084,0.735,0.181
60400,0.085,0.728,0.187
60500,0.086,0.739,0.176
60600,0.082,0.742,0.177
60700,0.081,0.741,0.179
60800,0.080,0.739,0.182
60900,0.086,0.734,0.180
61000,0.082,0.731,0.187
61100,0.080,0.743,0.178
61200,0.080,0.724,0.196
61300,0.079,0.720,0.201
61400,0.081,0.727,0.192
61500,0.086,0.733,0.181
61600,0.089,0.733,0.178
61700,0.088,0.734,0.178
61800,0.088,0.732,0.180
61900,0.085,0.720,0.195
62000,0.086,0.717,0.197
62100,0.091,0.724,0.185
62200,0.085,0.730,0.185
62300,0.079,0.735,0.186
62400,0.073,0.745,0.183
62500,0.080,0.753,0.168
62600,0.077,0.730,0.193
62700,0.078,0.741,0.182
62800,0.073,0.735,0.192
62900,0.072,0.739,0.190
63000,0.076,0.733,0.191
63100,0.074,0.743,0.184
63200,0.076,0.748,0.177
63300,0.073,0.748,0.180
63400,0.076,0.760,0.164
63500,0.075,0.753,0.173
63600,0.072,0.751,0.178
63700,0.069,0.751,0.180
63800,0.073,0.746,0.182
63900,0.069,0.740,0.191
64000,0.077,0.725,0.198
64100,0.075,0.721,0.204
64200,0.069,0.729,0.201
64300,0.068,0.732,0.199
64400,0.069,0.734,0.196
64500,0.062,0.723,0.215
64600,0.062,0.735,0.202
64700,0.066,0.743,0.191
64800,0.073,0.752,0.176
64900,0.070,0.759,0.171
65000,0.077,0.767,0.156
65100,0.069,0.770,0.160
65200,0.068,0.771,0.160
65300,0.067,0.773,0.159
65400,0.062,0.770,0.168
65500,0.061,0.774,0.164
65600,0.063,0.765,0.172
65700,0.061,0.764,0.175
65800,0.061,0.753,0.186
65900,0.062,0.757,0.181
66000,0.058,0.769,0.173
66100,0.064,0.767,0.169
66200,0.066,0.767,0.166
66300,0.067,0.758,0.175
66400,0.070,0.755,0.175
66500,0.070,0.762,0.168
66600,0.073,0.757,0.171
66700,0.074,0.763,0.163
66800,0.070,0.757,0.173
66900,0.070,0.759,0.171
67000,0.070,0.753,0.177
67100,0.072,0.758,0.171
67200,0.070,0.763,0.166
67300,0.065,0.779,0.155
67400,0.064,0.784,0.151
67500,0.059,0.787,0.154
67600,0.064,0.777,0.158
67700,0.065,0.772,0.162
67800,0.061,0.763,0.176
67900,0.058,0.765,0.177
68000,0.065,0.768,0.166
68100,0.068,0.774,0.157
68200,0.064,0.767,0.169
68300,0.065,0.764,0.171
68400,0.073,0.762,0.165
68500,0.065,0.776,0.158
68600,0.066,0.759,0.175
68700,0.069,0.772,0.158
68800,0.062,0.769,0.169
68900,0.063,0.765,0.172
69000,0.062,0.765,0.173
69100,0.063,0.768,0.169
69200,0.065,0.769,0.165
69300,0.068,0.783,0.148
69400,0.065,0.788,0.147
69500,0.060,0.775,0.164
69600,0.059,0.777,0.163
69700,0.060,0.782,0.157
69800,0.056,0.769,0.175
69900,0.060,0.767,0.173
70000,0.056,0.762,0.182
70100,0.061,0.769,0.170
70200,0.061,0.776,0.162
70300,0.060,0.773,0.166
70400,0.067,0.757,0.176
70500,0.065,0.765,0.170
70600,0.069,0.767,0.163
70700,0.066,0.765,0.169
70800,0.068,0.769,0.162
70900,0.064,0.782,0.153
71000,0.066,0.773,0.160
71100,0.064,0.771,0.164
71200,0.064,0.769,0.166
71300,0.060,0.777,0.162
71400,0.062,0.782,0.155
71500,0.064,0.770,0.165
71600,0.063,0.769,0.168
71700,0.069,0.754,0.177
71800,0.075,0.749,0.177
71900,0.076,0.742,0.183
72000,0.079,0.708,0.213
72100,0.073,0.717,0.210
72200,0.079,0.727,0.194
72300,0.074,0.722,0.204
72400,0.072,0.723,0.205
72500,0.076,0.702,0.223
72600,0.080,0.704,0.217
72700,0.070,0.704,0.226
72800,0.072,0.713,0.216
72900,0.069,0.720,0.210
73000,0.070,0.732,0.197
73100,0.073,0.731,0.196
73200,0.064,0.727,0.208
73300,0.067,0.733,0.199
73400,0.072,0.725,0.203
73500,0.070,0.729,0.200
73600,0.076,0.725,0.199
73700,0.079,0.737,0.184
73800,0.070,0.734,0.195
73900,0.070,0.733,0.196
74000,0.066,0.733,0.200
74100,0.075,0.723,0.202
74200,0.075,0.727,0.198
74300,0.079,0.724,0.197
74400,0.079,0.735,0.186
74500,0.077,0.734,0.189
74600,0.066,0.739,0.195
74700,0.065,0.747,0.188
74800,0.062,0.748,0.190
74900,0.066,0.742,0.192
75000,0.060,0.748,0.192
75100,0.062,0.735,0.202
75200,0.064,0.728,0.207
75300,0.063,0.734,0.202
75400,0.061,0.728,0.210
75500,0.062,0.730,0.207
75600,0.064,0.734,0.201
75700,0.066,0.744,0.190
75800,0.058,0.745,0.197
75900,0.058,0.743,0.199
76000,0.057,0.752,0.191
76100,0.057,0.751,0.192
76200,0.054,0.754,0.192
76300,0.056,0.740,0.204
76400,0.058,0.732,0.209
76500,0.055,0.734,0.210
76600,0.060,0.739,0.201
76700,0.062,0.749,0.189
76800,0.062,0.747,0.191
76900,0.060,0.752,0.188
77000,0.061,0.751,0.188
77100,0.061,0.754,0.185
77200,0.062,0.752,0.186
77300,0.068,0.749,0.183
77400,0.070,0.748,0.182
77500,0.072,0.763,0.165
77600,0.069,0.757,0.174
77700,0.069,0.757,0.174
77800,0.067,0.752,0.181
77900,0.073,0.754,0.174
78000,0.074,0.759,0.168
78100,0.078,0.754,0.169
78200,0.078,0.758,0.164
78300,0.074,0.765,0.161
78400,0.072,0.770,0.158
78500,0.065,0.766,0.169
78600,0.059,0.760,0.181
78700,0.059,0.771,0.170
78800,0.064,0.774,0.161
78900,0.061,0.779,0.159
79000,0.060,0.774,0.165
79100,0.058,0.775,0.166
79200,0.060,0.772,0.168
79300,0.060,0.771,0.169
79400,0.057,0.766,0.177
79500,0.055,0.777,0.168
79600,0.055,0.779,0.165
79700,0.054,0.778,0.168
79800,0.050,0.790,0.160
79900,0.051,0.800,0.149
80000,0.050,0.803,0.147
80100,0.050,0.802,0.148
80200,0.049,0.798,0.153
80300,0.050,0.791,0.159
80400,0.049,0.789,0.162
80500,0.050,0.795,0.155
80600,0.051,0.793,0.156
80700,0.053,0.795,0.152
80800,0.054,0.791,0.155
80900,0.054,0.795,0.151
81000,0.054,0.792,0.154
81100,0.056,0.798,0.146
81200,0.054,0.807,0.139
81300,0.055,0.804,0.141
81400,0.053,0.802,0.145
81500,0.053,0.802,0.145
81600,0.054,0.803,0.143
81700,0.055,0.802,0.143
81800,0.059,0.798,0.143
81900,0.059,0.808,0.133
82000,0.057,0.795,0.148
82100,0.057,0.799,0.144
82200,0.048,0.793,0.159
82300,0.049,0.784,0.166
82400,0.055,0.785,0.159
82500,0.057,0.785,0.157
82600,0.055,0.787,0.158
82700,0.054,0.796,0.150
82800,0.059,0.783,0.157
82900,0.068,0.779,0.152
83000,0.068,0.777,0.154
83100,0.062,0.783,0.154
83200,0.065,0.774,0.160
83300,0.060,0.771,0.169
83400,0.063,0.773,0.163
83500,0.063,0.774,0.162
83600,0.063,0.777,0.159
83700,0.055,0.780,0.164
83800,0.054,0.785,0.160
83900,0.052,0.791,0.157
84000,0.053,0.789,0.158
84100,0.050,0.795,0.155
84200,0.050,0.793,0.157
84300,0.052,0.789,0.159
84400,0.050,0.791,0.159
84500,0.050,0.784,0.165
84600,0.049,0.780,0.171
84700,0.051,0.777,0.172
84800,0.049,0.774,0.177
84900,0.050,0.783,0.166
85000,0.049,0.781,0.170
85100,0.049,0.774,0.177
85200,0.053,0.765,0.182
85300,0.065,0.769,0.165
85400,0.063,0.765,0.172
85500,0.070,0.773,0.156
85600,0.070,0.778,0.151
85700,0.068,0.775,0.156
85800,0.074,0.757,0.170
85900,0.075,0.759,0.166
86000,0.076,0.753,0.172
86100,0.081,0.743,0.177
86200,0.080,0.751,0.170
86300,0.081,0.761,0.158
86400,0.078,0.753,0.170
86500,0.076,0.756,0.169
86600,0.072,0.742,0.187
86700,0.074,0.741,0.186
86800,0.077,0.741,0.183
86900,0.078,0.740,0.183
87000,0.077,0.752,0.172
87100,0.076,0.754,0.171
87200,0.075,0.756,0.170
87300,0.073,0.759,0.169
87400,0.075,0.755,0.171
87500,0.072,0.747,0.182
87600,0.075,0.746,0.180
87700,0.077,0.744,0.180
87800,0.070,0.734,0.195
87900,0.072,0.736,0.192
88000,0.068,0.744,0.188
88100,0.070,0.743,0.187
88200,0.073,0.731,0.196
88300,0.072,0.729,0.199
88400,0.073,0.718,0.209
88500,0.074,0.716,0.210
88600,0.069,0.710,0.221
88700,0.070,0.711,0.219
88800,0.069,0.722,0.208
88900,0.075,0.736,0.189
89000,0.079,0.728,0.193
89100,0.074,0.713,0.213
89200,0.072,0.720,0.208
89300,0.077,0.729,0.194
89400,0.074,0.720,0.206
89500,0.082,0.720,0.198
89600,0.087,0.718,0.195
89700,0.085,0.730,0.185
89800,0.082,0.728,0.190
89900,0.080,0.723,0.197
90000,0.089,0.728,0.183
90100,0.097,0.726,0.177
90200,0.099,0.722,0.179
90300,0.100,0.721,0.179
90400,0.100,0.722,0.178
90500,0.098,0.732,0.170
90600,0.088,0.739,0.174
90700,0.092,0.739,0.170
90800,0.097,0.731,0.172
90900,0.097,0.731,0.172
91000,0.092,0.732,0.176
91100,0.094,0.721,0.185
91200,0.091,0.724,0.185
91300,0.093,0.732,0.175
91400,0.089,0.731,0.180
91500,0.089,0.722,0.189
91600,0.091,0.727,0.182
91700,0.091,0.727,0.182
91800,0.091,0.729,0.180
91900,0.094,0.721,0.185
92000,0.094,0.731,0.175
92100,0.095,0.731,0.174
92200,0.097,0.723,0.180
92300,0.099,0.710,0.191
92400,0.096,0.711,0.193
92500,0.096,0.705,0.199
92600,0.089,0.710,0.201
92700,0.086,0.718,0.196
92800,0.090,0.720,0.190
92900,0.089,0.724,0.187
93000,0.084,0.717,0.199
93100,0.084,0.712,0.204
93200,0.080,0.721,0.199
93300,0.077,0.716,0.207
93400,0.075,0.723,0.202
93500,0.080,0.721,0.199
93600,0.081,0.718,0.201
93700,0.083,0.716,0.201
93800,0.083,0.717,0.200
93900,0.082,0.718,0.200
94000,0.085,0.726,0.189
94100,0.086,0.724,0.190
94200,0.080,0.729,0.191
94300,0.075,0.731,0.194
94400,0.070,0.727,0.202
94500,0.070,0.722,0.207
94600,0.073,0.719,0.208
94700,0.069,0.713,0.218
94800,0.073,0.714,0.213
94900,0.068,0.724,0.207
95000,0.072,0.733,0.195
95100,0.070,0.725,0.204
95200,0.073,0.728,0.199
95300,0.065,0.734,0.200
95400,0.068,0.754,0.178
95500,0.070,0.737,0.192
95600,0.077,0.739,0.185
95700,0.078,0.743,0.180
95800,0.078,0.737,0.185
95900,0.078,0.731,0.191
96000,0.075,0.710,0.216
96100,0.081,0.712,0.207
96200,0.080,0.713,0.207
96300,0.084,0.710,0.206
96400,0.088,0.709,0.203
96500,0.086,0.697,0.218
96600,0.093,0.698,0.209
96700,0.091,0.696,0.213
96800,0.087,0.698,0.216
96900,0.089,0.682,0.229
97000,0.090,0.682,0.228
97100,0.095,0.676,0.229
97200,0.099,0.671,0.230
97300,0.106,0.671,0.223
97400,0.106,0.669,0.225
97500,0.110,0.666,0.224
97600,0.117,0.651,0.232
97700,0.121,0.652,0.228
97800,0.110,0.642,0.247
97900,0.110,0.645,0.245
98000,0.111,0.658,0.231
98100,0.105,0.654,0.241
98200,0.111,0.659,0.230
98300,0.111,0.662,0.227
98400,0.107,0.660,0.233
98500,0.103,0.671,0.226
98600,0.099,0.672,0.229
98700,0.102,0.692,0.206
98800,0.100,0.688,0.211
98900,0.094,0.698,0.208
99000,0.092,0.704,0.204
99100,0.089,0.708,0.203
99200,0.091,0.716,0.193
99300,0.103,0.709,0.188
99400,0.102,0.711,0.187
99500,0.098,0.712,0.190
99600,0.083,0.705,0.212
99700,0.086,0.703,0.211
99800,0.089,0.702,0.209
99900,0.085,0.706,0.209
100000,0.085,0.700,0.216
