time,n_A+p,n_B,n_AB
100,0.030,0.963,0.007
200,0.030,0.960,0.010
300,0.030,0.961,0.009
400,0.030,0.957,0.013
500,0.032,0.931,0.038
600,0.037,0.917,0.046
700,0.038,0.914,0.048
800,0.039,0.910,0.051
900,0.038,0.911,0.051
1000,0.036,0.908,0.056
1100,0.038,0.902,0.060
1200,0.037,0.890,0.074
1300,0.038,0.880,0.082
1400,0.042,0.889,0.069
1500,0.042,0.886,0.073
1600,0.041,0.879,0.080
1700,0.040,0.872,0.088
1800,0.039,0.869,0.092
1900,0.043,0.857,0.100
2000,0.040,0.852,0.108
2100,0.038,0.852,0.110
2200,0.037,0.830,0.133
2300,0.038,0.826,0.136
2400,0.040,0.825,0.135
2500,0.037,0.824,0.139
2600,0.041,0.828,0.131
2700,0.042,0.820,0.138
2800,0.049,0.824,0.127
2900,0.048,0.809,0.143
3000,0.048,0.816,0.136
3100,0.046,0.812,0.142
3200,0.049,0.810,0.141
3300,0.053,0.799,0.148
3400,0.045,0.799,0.156
3500,0.047,0.800,0.153
3600,0.053,0.773,0.174
3700,0.052,0.772,0.176
3800,0.049,0.771,0.180
3900,0.048,0.784,0.168
4000,0.048,0.794,0.158
4100,0.054,0.767,0.179
4200,0.057,0.761,0.182
4300,0.054,0.755,0.191
4400,0.055,0.753,0.192
4500,0.056,0.749,0.195
4600,0.055,0.740,0.205
4700,0.055,0.756,0.189
4800,0.054,0.760,0.186
4900,0.059,0.745,0.196
5000,0.057,0.735,0.207
5100,0.052,0.743,0.205
5200,0.049,0.743,0.208
5300,0.053,0.734,0.212
5400,0.050,0.737,0.212
5500,0.051,0.741,0.208
5600,0.052,0.747,0.201
5700,0.056,0.744,0.200
5800,0.058,0.747,0.195
5900,0.055,0.740,0.205
6000,0.057,0.745,0.198
6100,0.054,0.736,0.209
6200,0.059,0.727,0.213
6300,0.061,0.725,0.213
6400,0.062,0.720,0.218
6500,0.058,0.715,0.227
6600,0.058,0.712,0.230
6700,0.059,0.712,0.229
6800,0.062,0.706,0.232
6900,0.065,0.705,0.230
7000,0.061,0.711,0.228
7100,0.059,0.702,0.239
7200,0.058,0.698,0.244
7300,0.058,0.700,0.242
7400,0.060,0.699,0.241
7500,0.062,0.698,0.240
7600,0.066,0.695,0.239
7700,0.074,0.699,0.228
7800,0.075,0.706,0.220
7900,0.072,0.691,0.238
8000,0.065,0.689,0.245
8100,0.078,0.679,0.243
8200,0.073,0.671,0.256
8300,0.073,0.663,0.265
8400,0.072,0.653,0.276
8500,0.068,0.650,0.282
8600,0.068,0.657,0.275
8700,0.073,0.646,0.282
8800,0.072,0.640,0.288
8900,0.067,0.634,0.298
9000,0.070,0.638,0.291
9100,0.074,0.634,0.292
9200,0.076,0.632,0.292
9300,0.072,0.619,0.309
9400,0.075,0.609,0.317
9500,0.069,0.616,0.315
9600,0.093,0.618,0.289
9700,0.098,0.603,0.299
9800,0.101,0.606,0.293
9900,0.112,0.603,0.285
10000,0.107,0.593,0.299
10100,0.103,0.586,0.311
10200,0.100,0.577,0.323
10300,0.099,0.579,0.322
10400,0.096,0.575,0.329
10500,0.093,0.577,0.330
10600,0.091,0.576,0.333
10700,0.103,0.573,0.324
10800,0.100,0.569,0.331
10900,0.108,0.552,0.340
11000,0.120,0.547,0.333
11100,0.120,0.544,0.336
11200,0.122,0.542,0.336
11300,0.122,0.516,0.363
11400,0.131,0.517,0.352
11500,0.129,0.523,0.348
11600,0.129,0.522,0.349
11700,0.124,0.523,0.353
11800,0.131,0.509,0.361
11900,0.136,0.507,0.358
12000,0.141,0.512,0.347
12100,0.138,0.512,0.350
12200,0.132,0.492,0.376
12300,0.122,0.486,0.392
12400,0.127,0.498,0.375
12500,0.142,0.494,0.364
12600,0.143,0.501,0.356
12700,0.148,0.496,0.355
12800,0.149,0.502,0.349
12900,0.142,0.497,0.361
13000,0.143,0.502,0.355
13100,0.136,0.507,0.358
13200,0.131,0.510,0.360
13300,0.146,0.507,0.347
13400,0.142,0.519,0.339
13500,0.135,0.516,0.349
13600,0.133,0.521,0.346
13700,0.126,0.520,0.354
13800,0.116,0.518,0.366
13900,0.127,0.515,0.359
14000,0.122,0.510,0.369
14100,0.111,0.513,0.376
14200,0.122,0.508,0.371
14300,0.126,0.509,0.366
14400,0.141,0.507,0.352
14500,0.134,0.506,0.361
14600,0.136,0.502,0.363
14700,0.135,0.492,0.373
14800,0.131,0.495,0.374
14900,0.131,0.499,0.370
15000,0.130,0.503,0.368
15100,0.125,0.522,0.353
15200,0.123,0.517,0.361
15300,0.123,0.505,0.373
15400,0.121,0.503,0.377
15500,0.118,0.494,0.387
15600,0.124,0.497,0.379
15700,0.122,0.503,0.376
15800,0.129,0.494,0.377
15900,0.131,0.495,0.374
16000,0.131,0.491,0.378
16100,0.128,0.479,0.393
16200,0.117,0.481,0.401
16300,0.127,0.490,0.383
16400,0.132,0.489,0.379
16500,0.140,0.485,0.375
16600,0.143,0.483,0.374
16700,0.145,0.483,0.372
16800,0.131,0.479,0.390
16900,0.131,0.471,0.398
17000,0.137,0.465,0.398
17100,0.134,0.475,0.391
17200,0.128,0.479,0.393
17300,0.132,0.478,0.390
17400,0.133,0.465,0.402
17500,0.129,0.473,0.398
17600,0.131,0.479,0.390
17700,0.149,0.474,0.377
17800,0.147,0.475,0.378
17900,0.147,0.479,0.374
18000,0.152,0.471,0.377
18100,0.139,0.469,0.392
18200,0.144,0.456,0.400
18300,0.143,0.457,0.400
18400,0.147,0.456,0.397
18500,0.151,0.449,0.399
18600,0.149,0.454,0.397
18700,0.151,0.460,0.389
18800,0.153,0.462,0.385
18900,0.159,0.467,0.374
19000,0.156,0.470,0.374
19100,0.158,0.479,0.363
19200,0.156,0.475,0.369
19300,0.152,0.473,0.375
19400,0.140,0.466,0.394
19500,0.139,0.468,0.393
19600,0.136,0.468,0.396
19700,0.136,0.474,0.390
19800,0.144,0.475,0.381
19900,0.146,0.468,0.386
20000,0.149,0.460,0.391
20100,0.159,0.453,0.388
20200,0.160,0.451,0.388
20300,0.177,0.455,0.369
20400,0.172,0.450,0.378
20500,0.171,0.444,0.385
20600,0.164,0.440,0.395
20700,0.170,0.460,0.371
20800,0.177,0.460,0.364
20900,0.191,0.462,0.347
21000,0.189,0.461,0.350
21100,0.192,0.436,0.372
21200,0.184,0.429,0.387
21300,0.189,0.421,0.390
21400,0.189,0.417,0.394
21500,0.185,0.424,0.391
21600,0.191,0.420,0.389
21700,0.206,0.409,0.385
21800,0.207,0.404,0.388
21900,0.199,0.399,0.401
22000,0.208,0.398,0.393
22100,0.208,0.399,0.392
22200,0.212,0.395,0.392
22300,0.220,0.403,0.377
22400,0.213,0.401,0.385
22500,0.218,0.397,0.385
22600,0.218,0.404,0.378
22700,0.212,0.403,0.384
22800,0.210,0.404,0.385
22900,0.217,0.390,0.393
23000,0.217,0.382,0.401
23100,0.204,0.383,0.413
23200,0.199,0.382,0.419
23300,0.202,0.381,0.417
23400,0.219,0.385,0.396
23500,0.220,0.379,0.401
23600,0.218,0.388,0.394
23700,0.217,0.387,0.396
23800,0.207,0.390,0.402
23900,0.201,0.389,0.410
24000,0.216,0.388,0.396
24100,0.195,0.391,0.414
24200,0.189,0.389,0.422
24300,0.187,0.392,0.421
24400,0.199,0.390,0.411
24500,0.199,0.386,0.415
24600,0.202,0.387,0.411
24700,0.200,0.391,0.409
24800,0.201,0.399,0.399
24900,0.181,0.398,0.421
25000,0.179,0.398,0.423
25100,0.185,0.406,0.410
25200,0.192,0.395,0.413
25300,0.198,0.388,0.414
25400,0.199,0.382,0.419
25500,0.206,0.390,0.403
25600,0.208,0.387,0.404
25700,0.205,0.377,0.418
25800,0.212,0.372,0.416
25900,0.207,0.377,0.416
26000,0.203,0.381,0.416
26100,0.207,0.377,0.416
26200,0.225,0.386,0.389
26300,0.221,0.374,0.406
26400,0.233,0.368,0.399
26500,0.250,0.361,0.389
26600,0.246,0.366,0.388
26700,0.252,0.355,0.392
26800,0.263,0.349,0.388
26900,0.259,0.358,0.383
27000,0.271,0.358,0.372
27100,0.268,0.353,0.379
27200,0.261,0.349,0.389
27300,0.242,0.345,0.413
27400,0.246,0.337,0.417
27500,0.246,0.338,0.416
27600,0.261,0.335,0.403
27700,0.264,0.331,0.406
27800,0.247,0.326,0.427
27900,0.248,0.331,0.421
28000,0.248,0.332,0.420
28100,0.252,0.326,0.422
28200,0.256,0.336,0.408
28300,0.257,0.342,0.400
28400,0.239,0.335,0.426
28500,0.236,0.334,0.430
28600,0.257,0.338,0.404
28700,0.249,0.330,0.421
28800,0.247,0.327,0.426
28900,0.250,0.321,0.429
29000,0.245,0.322,0.433
29100,0.239,0.323,0.438
29200,0.237,0.326,0.437
29300,0.227,0.332,0.441
29400,0.224,0.331,0.445
29500,0.230,0.327,0.443
29600,0.218,0.330,0.453
29700,0.210,0.335,0.455
29800,0.196,0.335,0.469
29900,0.186,0.331,0.483
30000,0.195,0.330,0.475
30100,0.201,0.334,0.465
30200,0.194,0.329,0.477
30300,0.196,0.334,0.470
30400,0.208,0.338,0.454
30500,0.217,0.337,0.446
30600,0.226,0.335,0.439
30700,0.233,0.335,0.432
30800,0.225,0.334,0.441
30900,0.245,0.328,0.427
31000,0.253,0.341,0.406
31100,0.251,0.342,0.407
31200,0.252,0.335,0.413
31300,0.253,0.329,0.418
31400,0.243,0.319,0.438
31500,0.244,0.320,0.436
31600,0.248,0.325,0.427
31700,0.244,0.319,0.437
31800,0.252,0.326,0.422
31900,0.247,0.332,0.421
32000,0.249,0.338,0.413
32100,0.240,0.333,0.427
32200,0.245,0.327,0.428
32300,0.238,0.323,0.439
32400,0.242,0.325,0.433
32500,0.250,0.326,0.424
32600,0.241,0.327,0.432
32700,0.260,0.332,0.408
32800,0.258,0.334,0.408
32900,0.263,0.335,0.402
33000,0.270,0.320,0.411
33100,0.266,0.317,0.418
33200,0.258,0.312,0.430
33300,0.264,0.314,0.423
33400,0.256,0.309,0.434
33500,0.257,0.307,0.435
33600,0.250,0.304,0.445
33700,0.271,0.295,0.434
33800,0.274,0.293,0.433
33900,0.274,0.300,0.426
34000,0.276,0.296,0.428
34100,0.289,0.297,0.414
34200,0.274,0.293,0.433
34300,0.260,0.298,0.441
34400,0.258,0.309,0.432
34500,0.274,0.301,0.425
34600,0.276,0.304,0.420
34700,0.273,0.304,0.423
34800,0.264,0.299,0.437
34900,0.259,0.291,0.449
35000,0.265,0.286,0.449
35100,0.273,0.296,0.431
35200,0.281,0.295,0.424
35300,0.281,0.293,0.426
35400,0.279,0.296,0.425
35500,0.272,0.302,0.426
35600,0.270,0.293,0.437
35700,0.271,0.290,0.439
35800,0.279,0.290,0.431
35900,0.275,0.286,0.439
36000,0.278,0.283,0.439
36100,0.290,0.287,0.423
36200,0.306,0.280,0.414
36300,0.305,0.279,0.416
36400,0.301,0.279,0.420
36500,0.303,0.284,0.413
36600,0.300,0.278,0.422
36700,0.293,0.285,0.422
36800,0.300,0.295,0.404
36900,0.297,0.299,0.403
37000,0.292,0.287,0.421
37100,0.298,0.290,0.412
37200,0.300,0.301,0.398
37300,0.297,0.295,0.408
37400,0.304,0.293,0.402
37500,0.312,0.288,0.400
37600,0.315,0.288,0.397
37700,0.312,0.294,0.394
37800,0.315,0.301,0.384
37900,0.307,0.305,0.387
38000,0.314,0.309,0.377
38100,0.311,0.296,0.393
38200,0.305,0.293,0.401
38300,0.300,0.284,0.416
38400,0.303,0.286,0.411
38500,0.296,0.284,0.420
38600,0.282,0.288,0.430
38700,0.295,0.286,0.419
38800,0.278,0.286,0.436
38900,0.274,0.283,0.443
39000,0.275,0.290,0.435
39100,0.265,0.283,0.453
39200,0.260,0.278,0.462
39300,0.265,0.277,0.459
39400,0.285,0.277,0.438
39500,0.284,0.279,0.437
39600,0.290,0.289,0.421
39700,0.286,0.292,0.422
39800,0.293,0.294,0.413
39900,0.294,0.285,0.421
40000,0.299,0.284,0.417
40100,0.299,0.290,0.411
40200,0.294,0.289,0.417
40300,0.291,0.282,0.427
40400,0.289,0.278,0.433
40500,0.301,0.275,0.424
40600,0.295,0.280,0.425
40700,0.298,0.281,0.421
40800,0.297,0.279,0.424
40900,0.294,0.277,0.429
41000,0.302,0.267,0.431
41100,0.305,0.265,0.430
41200,0.306,0.267,0.427
41300,0.301,0.260,0.438
41400,0.300,0.256,0.443
41500,0.299,0.261,0.439
41600,0.311,0.257,0.432
41700,0.313,0.263,0.425
41800,0.321,0.268,0.412
41900,0.343,0.267,0.390
42000,0.350,0.260,0.389
42100,0.343,0.256,0.400
42200,0.338,0.257,0.404
42300,0.334,0.251,0.415
42400,0.334,0.252,0.414
42500,0.340,0.252,0.408
42600,0.335,0.254,0.411
42700,0.335,0.253,0.412
42800,0.337,0.264,0.399
42900,0.344,0.260,0.395
43000,0.341,0.256,0.402
43100,0.333,0.261,0.406
43200,0.342,0.258,0.399
43300,0.348,0.258,0.393
43400,0.355,0.259,0.385
43500,0.341,0.257,0.401
43600,0.347,0.256,0.396
43700,0.343,0.254,0.402
43800,0.338,0.253,0.409
43900,0.333,0.257,0.410
44000,0.335,0.257,0.408
44100,0.339,0.253,0.408
44200,0.344,0.254,0.401
44300,0.346,0.261,0.392
44400,0.356,0.256,0.387
44500,0.363,0.258,0.379
44600,0.355,0.248,0.396
44700,0.351,0.244,0.404
44800,0.345,0.246,0.409
44900,0.354,0.249,0.396
45000,0.350,0.251,0.398
45100,0.345,0.245,0.410
45200,0.354,0.249,0.396
45300,0.343,0.258,0.398
45400,0.334,0.267,0.399
45500,0.338,0.260,0.401
45600,0.329,0.265,0.407
45700,0.321,0.271,0.409
45800,0.326,0.280,0.394
45900,0.326,0.282,0.392
46000,0.325,0.281,0.394
46100,0.325,0.278,0.397
46200,0.311,0.281,0.409
46300,0.304,0.285,0.411
46400,0.306,0.286,0.408
46500,0.318,0.282,0.400
46600,0.307,0.275,0.418
46700,0.313,0.278,0.410
46800,0.301,0.269,0.430
46900,0.315,0.259,0.426
47000,0.311,0.251,0.438
47100,0.313,0.260,0.427
47200,0.318,0.256,0.426
47300,0.299,0.255,0.445
47400,0.293,0.255,0.451
47500,0.293,0.253,0.454
47600,0.289,0.259,0.451
47700,0.286,0.260,0.454
47800,0.281,0.266,0.454
47900,0.269,0.275,0.457
48000,0.268,0.263,0.470
48100,0.278,0.273,0.449
48200,0.277,0.280,0.443
48300,0.279,0.277,0.444
48400,0.279,0.272,0.449
48500,0.276,0.265,0.460
48600,0.281,0.263,0.457
48700,0.281,0.259,0.460
48800,0.279,0.256,0.465
48900,0.269,0.261,0.470
49000,0.275,0.265,0.461
49100,0.265,0.263,0.473
49200,0.270,0.266,0.465
49300,0.286,0.263,0.451
49400,0.294,0.255,0.450
49500,0.305,0.256,0.438
49600,0.301,0.259,0.439
49700,0.301,0.260,0.438
49800,0.303,0.266,0.431
49900,0.306,0.256,0.437
50000,0.314,0.259,0.427
50100,0.316,0.266,0.419
50200,0.312,0.258,0.430
50300,0.301,0.261,0.437
50400,0.295,0.272,0.433
50500,0.293,0.278,0.429
50600,0.292,0.275,0.433
50700,0.287,0.275,0.438
50800,0.290,0.278,0.432
50900,0.293,0.282,0.425
51000,0.273,0.280,0.447
51100,0.272,0.272,0.457
51200,0.282,0.272,0.446
51300,0.282,0.273,0.445
51400,0.274,0.279,0.447
51500,0.274,0.265,0.462
51600,0.278,0.257,0.465
51700,0.284,0.258,0.458
51800,0.286,0.270,0.444
51900,0.297,0.265,0.438
52000,0.301,0.269,0.430
52100,0.293,0.271,0.436
52200,0.283,0.280,0.437
52300,0.284,0.271,0.445
52400,0.279,0.270,0.451
52500,0.272,0.280,0.448
52600,0.284,0.282,0.434
52700,0.284,0.276,0.440
52800,0.303,0.281,0.416
52900,0.311,0.280,0.410
53000,0.307,0.280,0.413
53100,0.302,0.274,0.424
53200,0.308,0.275,0.417
53300,0.312,0.270,0.419
53400,0.308,0.263,0.429
53500,0.302,0.264,0.434
53600,0.302,0.266,0.432
53700,0.309,0.264,0.427
53800,0.321,0.256,0.423
53900,0.314,0.251,0.435
54000,0.323,0.250,0.427
54100,0.328,0.255,0.417
54200,0.323,0.254,0.423
54300,0.309,0.258,0.432
54400,0.316,0.259,0.425
54500,0.314,0.259,0.427
54600,0.311,0.263,0.427
54700,0.304,0.259,0.436
54800,0.307,0.253,0.439
54900,0.315,0.244,0.441
55000,0.315,0.243,0.442
55100,0.327,0.240,0.433
55200,0.323,0.241,0.436
55300,0.330,0.242,0.428
55400,0.330,0.246,0.424
55500,0.329,0.249,0.422
55600,0.326,0.242,0.432
55700,0.330,0.240,0.430
55800,0.337,0.243,0.420
55900,0.344,0.250,0.406
56000,0.329,0.261,0.410
56100,0.335,0.258,0.407
56200,0.324,0.256,0.420
56300,0.323,0.250,0.427
56400,0.309,0.267,0.424
56500,0.314,0.263,0.424
56600,0.316,0.267,0.418
56700,0.319,0.278,0.403
56800,0.305,0.282,0.413
56900,0.305,0.268,0.427
57000,0.311,0.266,0.424
57100,0.326,0.266,0.409
57200,0.320,0.266,0.415
57300,0.311,0.268,0.422
57400,0.312,0.274,0.415
57500,0.304,0.270,0.426
57600,0.301,0.272,0.427
57700,0.302,0.278,0.420
57800,0.301,0.275,0.424
57900,0.312,0.264,0.425
58000,0.294,0.270,0.436
58100,0.302,0.269,0.429
58200,0.288,0.271,0.441
58300,0.288,0.280,0.432
58400,0.284,0.280,0.436
58500,0.283,0.284,0.433
58600,0.287,0.279,0.434
58700,0.289,0.292,0.419
58800,0.284,0.297,0.419
58900,0.284,0.293,0.423
59000,0.291,0.287,0.422
59100,0.284,0.291,0.425
59200,0.282,0.281,0.437
59300,0.276,0.270,0.455
59400,0.281,0.273,0.446
59500,0.278,0.283,0.439
59600,0.277,0.283,0.440
59700,0.267,0.275,0.459
59800,0.258,0.280,0.462
59900,0.257,0.280,0.463
60000,0.266,0.274,0.461
60100,0.279,0.280,0.441
60200,0.279,0.278,0.443
60300,0.279,0.277,0.444
60400,0.283,0.275,0.442
60500,0.291,0.283,0.426
60600,0.290,0.286,0.424
60700,0.281,0.294,0.425
60800,0.286,0.281,0.433
60900,0.292,0.287,0.421
61000,0.289,0.289,0.422
61100,0.286,0.281,0.433
61200,0.298,0.269,0.433
61300,0.296,0.276,0.428
61400,0.307,0.271,0.422
61500,0.301,0.272,0.427
61600,0.296,0.273,0.431
61700,0.302,0.279,0.419
61800,0.302,0.271,0.427
61900,0.293,0.268,0.439
62000,0.295,0.266,0.439
62100,0.307,0.270,0.423
62200,0.306,0.260,0.433
62300,0.295,0.275,0.430
62400,0.296,0.276,0.428
62500,0.285,0.284,0.431
62600,0.286,0.279,0.435
62700,0.290,0.279,0.431
62800,0.285,0.278,0.437
62900,0.282,0.276,0.442
63000,0.284,0.271,0.445
63100,0.291,0.268,0.441
63200,0.290,0.273,0.437
63300,0.291,0.273,0.436
63400,0.289,0.273,0.438
63500,0.289,0.271,0.440
63600,0.293,0.264,0.443
63700,0.294,0.257,0.448
63800,0.282,0.263,0.456
63900,0.269,0.264,0.468
64000,0.268,0.271,0.462
64100,0.265,0.277,0.459
64200,0.261,0.281,0.458
64300,0.258,0.283,0.459
64400,0.260,0.267,0.473
64500,0.255,0.269,0.476
64600,0.255,0.274,0.471
64700,0.245,0.269,0.486
64800,0.240,0.272,0.488
64900,0.243,0.279,0.478
65000,0.252,0.280,0.468
65100,0.245,0.280,0.475
65200,0.246,0.282,0.472
65300,0.241,0.281,0.478
65400,0.240,0.277,0.483
65500,0.248,0.280,0.472
65600,0.250,0.283,0.467
65700,0.249,0.280,0.471
65800,0.252,0.281,0.467
65900,0.245,0.276,0.479
66000,0.249,0.273,0.478
66100,0.245,0.277,0.478
66200,0.244,0.276,0.480
66300,0.239,0.272,0.489
66400,0.236,0.268,0.496
66500,0.242,0.259,0.498
66600,0.248,0.260,0.491
66700,0.244,0.265,0.491
66800,0.260,0.274,0.466
66900,0.272,0.277,0.451
67000,0.266,0.280,0.455
67100,0.247,0.289,0.464
67200,0.250,0.283,0.467
67300,0.249,0.283,0.468
67400,0.251,0.287,0.462
67500,0.242,0.280,0.478
67600,0.232,0.278,0.490
67700,0.237,0.274,0.489
67800,0.239,0.275,0.486
67900,0.243,0.275,0.482
68000,0.246,0.266,0.488
68100,0.249,0.258,0.492
68200,0.241,0.259,0.499
68300,0.246,0.263,0.491
68400,0.256,0.268,0.476
68500,0.263,0.265,0.473
68600,0.265,0.264,0.472
68700,0.258,0.258,0.483
68800,0.261,0.268,0.471
68900,0.247,0.261,0.491
69000,0.249,0.257,0.493
69100,0.253,0.260,0.486
69200,0.265,0.263,0.473
69300,0.269,0.266,0.466
69400,0.267,0.254,0.479
69500,0.269,0.251,0.480
69600,0.265,0.263,0.473
69700,0.260,0.269,0.471
69800,0.255,0.269,0.476
69900,0.254,0.270,0.476
70000,0.253,0.266,0.481
70100,0.247,0.272,0.481
70200,0.247,0.273,0.480
70300,0.270,0.278,0.453
70400,0.271,0.278,0.451
70500,0.281,0.274,0.445
70600,0.283,0.274,0.443
70700,0.275,0.272,0.454
70800,0.290,0.270,0.440
70900,0.290,0.264,0.446
71000,0.286,0.274,0.440
71100,0.286,0.276,0.438
71200,0.295,0.269,0.436
71300,0.287,0.270,0.443
71400,0.288,0.272,0.440
71500,0.274,0.264,0.463
71600,0.269,0.267,0.465
71700,0.256,0.265,0.479
71800,0.261,0.266,0.473
71900,0.266,0.275,0.460
72000,0.272,0.267,0.462
72100,0.273,0.277,0.450
72200,0.266,0.275,0.460
72300,0.252,0.280,0.468
72400,0.249,0.281,0.470
72500,0.241,0.286,0.473
72600,0.233,0.283,0.484
72700,0.234,0.283,0.483
72800,0.223,0.293,0.484
72900,0.225,0.297,0.478
73000,0.222,0.296,0.482
73100,0.219,0.288,0.493
73200,0.233,0.294,0.473
73300,0.227,0.292,0.481
73400,0.228,0.291,0.481
73500,0.233,0.273,0.494
73600,0.243,0.269,0.488
73700,0.250,0.275,0.475
73800,0.247,0.271,0.482
73900,0.248,0.261,0.490
74000,0.241,0.268,0.491
74100,0.254,0.269,0.477
74200,0.265,0.258,0.477
74300,0.268,0.251,0.481
74400,0.273,0.257,0.470
74500,0.272,0.256,0.472
74600,0.269,0.252,0.479
74700,0.267,0.248,0.485
74800,0.269,0.256,0.475
74900,0.279,0.257,0.464
75000,0.272,0.260,0.468
75100,0.276,0.261,0.463
75200,0.258,0.261,0.480
75300,0.259,0.265,0.476
75400,0.258,0.264,0.478
75500,0.255,0.257,0.487
75600,0.252,0.255,0.492
75700,0.249,0.258,0.492
75800,0.247,0.264,0.489
75900,0.253,0.261,0.485
76000,0.245,0.258,0.496
76100,0.264,0.255,0.481
76200,0.260,0.249,0.490
76300,0.248,0.243,0.509
76400,0.250,0.236,0.514
76500,0.253,0.246,0.501
76600,0.256,0.242,0.502
76700,0.259,0.239,0.502
76800,0.261,0.241,0.497
76900,0.255,0.252,0.492
77000,0.269,0.249,0.482
77100,0.259,0.246,0.494
77200,0.252,0.252,0.495
77300,0.254,0.246,0.499
77400,0.254,0.230,0.516
77500,0.272,0.234,0.494
77600,0.282,0.237,0.481
77700,0.279,0.235,0.486
77800,0.275,0.236,0.489
77900,0.274,0.235,0.491
78000,0.268,0.235,0.497
78100,0.268,0.240,0.492
78200,0.277,0.241,0.482
78300,0.277,0.235,0.488
78400,0.272,0.229,0.499
78500,0.274,0.229,0.497
78600,0.270,0.234,0.496
78700,0.273,0.242,0.485
78800,0.270,0.236,0.494
78900,0.266,0.242,0.492
79000,0.260,0.249,0.490
79100,0.267,0.248,0.485
79200,0.265,0.250,0.485
79300,0.265,0.253,0.482
79400,0.265,0.251,0.484
79500,0.269,0.259,0.472
79600,0.265,0.257,0.478
79700,0.265,0.248,0.487
79800,0.270,0.247,0.483
79900,0.268,0.239,0.493
80000,0.277,0.240,0.483
80100,0.286,0.247,0.467
80200,0.279,0.243,0.478
80300,0.295,0.241,0.464
80400,0.297,0.238,0.465
80500,0.305,0.240,0.455
80600,0.316,0.237,0.447
80700,0.320,0.236,0.444
80800,0.321,0.234,0.445
80900,0.318,0.231,0.451
81000,0.323,0.228,0.449
81100,0.331,0.222,0.447
81200,0.330,0.230,0.440
81300,0.329,0.234,0.437
81400,0.320,0.230,0.450
81500,0.315,0.235,0.450
81600,0.311,0.236,0.454
81700,0.307,0.234,0.459
81800,0.311,0.232,0.458
81900,0.308,0.235,0.457
82000,0.302,0.249,0.448
82100,0.299,0.243,0.458
82200,0.304,0.235,0.461
82300,0.316,0.234,0.450
82400,0.322,0.236,0.442
82500,0.329,0.235,0.436
82600,0.329,0.233,0.438
82700,0.326,0.234,0.440
82800,0.315,0.241,0.444
82900,0.315,0.235,0.450
83000,0.323,0.231,0.446
83100,0.330,0.226,0.444
83200,0.332,0.230,0.438
83300,0.343,0.223,0.434
83400,0.340,0.230,0.430
83500,0.333,0.228,0.439
83600,0.340,0.224,0.436
83700,0.355,0.223,0.422
83800,0.367,0.217,0.417
83900,0.382,0.217,0.401
84000,0.370,0.215,0.416
84100,0.376,0.215,0.410
84200,0.365,0.217,0.419
84300,0.371,0.217,0.413
84400,0.387,0.218,0.395
84500,0.387,0.226,0.387
84600,0.392,0.220,0.388
84700,0.400,0.218,0.382
84800,0.384,0.218,0.398
84900,0.392,0.221,0.387
85000,0.394,0.221,0.385
85100,0.392,0.213,0.394
85200,0.382,0.219,0.399
85300,0.381,0.218,0.401
85400,0.384,0.213,0.402
85500,0.386,0.222,0.392
85600,0.388,0.216,0.396
85700,0.397,0.208,0.394
85800,0.398,0.216,0.386
85900,0.406,0.212,0.382
86000,0.415,0.209,0.376
86100,0.420,0.202,0.378
86200,0.412,0.202,0.386
86300,0.412,0.206,0.382
86400,0.417,0.208,0.375
86500,0.415,0.209,0.376
86600,0.418,0.206,0.376
86700,0.419,0.200,0.381
86800,0.413,0.194,0.393
86900,0.419,0.196,0.385
87000,0.421,0.195,0.384
87100,0.432,0.203,0.365
87200,0.428,0.198,0.374
87300,0.417,0.195,0.388
87400,0.410,0.198,0.392
87500,0.412,0.201,0.387
87600,0.426,0.197,0.377
87700,0.433,0.201,0.366
87800,0.432,0.201,0.367
87900,0.423,0.198,0.379
88000,0.427,0.202,0.371
88100,0.421,0.204,0.375
88200,0.401,0.208,0.390
88300,0.400,0.206,0.393
88400,0.412,0.210,0.378
88500,0.397,0.215,0.388
88600,0.393,0.213,0.393
88700,0.388,0.209,0.402
88800,0.382,0.217,0.401
88900,0.370,0.217,0.414
89000,0.383,0.209,0.408
89100,0.392,0.208,0.399
89200,0.388,0.210,0.401
89300,0.387,0.203,0.410
89400,0.391,0.206,0.402
89500,0.393,0.210,0.396
89600,0.395,0.215,0.390
89700,0.395,0.210,0.394
89800,0.379,0.216,0.406
89900,0.384,0.213,0.402
90000,0.378,0.217,0.406
90100,0.377,0.219,0.404
90200,0.386,0.218,0.396
90300,0.387,0.209,0.403
90400,0.377,0.211,0.412
90500,0.385,0.202,0.413
90600,0.390,0.203,0.407
90700,0.385,0.207,0.408
90800,0.379,0.216,0.406
90900,0.386,0.209,0.404
91000,0.378,0.201,0.421
91100,0.366,0.198,0.436
91200,0.370,0.205,0.425
91300,0.372,0.213,0.415
91400,0.368,0.212,0.420
91500,0.351,0.210,0.438
91600,0.349,0.215,0.436
91700,0.346,0.221,0.433
91800,0.341,0.224,0.435
91900,0.338,0.226,0.436
92000,0.346,0.225,0.429
92100,0.355,0.219,0.426
92200,0.346,0.226,0.428
92300,0.346,0.227,0.427
92400,0.334,0.222,0.444
92500,0.332,0.227,0.441
92600,0.317,0.234,0.449
92700,0.332,0.234,0.434
92800,0.318,0.231,0.451
92900,0.332,0.237,0.431
93000,0.339,0.232,0.429
93100,0.339,0.217,0.444
93200,0.354,0.210,0.435
93300,0.365,0.225,0.411
93400,0.366,0.217,0.418
93500,0.365,0.218,0.418
93600,0.368,0.213,0.419
93700,0.362,0.217,0.422
93800,0.358,0.216,0.427
93900,0.369,0.215,0.417
94000,0.365,0.216,0.420
94100,0.355,0.216,0.429
94200,0.345,0.223,0.432
94300,0.345,0.224,0.431
94400,0.363,0.220,0.418
94500,0.360,0.220,0.421
94600,0.367,0.216,0.418
94700,0.369,0.211,0.420
94800,0.369,0.206,0.425
94900,0.359,0.210,0.431
95000,0.356,0.206,0.437
95100,0.356,0.208,0.435
95200,0.345,0.207,0.447
95300,0.337,0.203,0.460
95400,0.339,0.199,0.462
95500,0.358,0.197,0.445
95600,0.362,0.195,0.443
95700,0.354,0.207,0.438
95800,0.350,0.201,0.448
95900,0.348,0.209,0.442
96000,0.333,0.216,0.451
96100,0.337,0.220,0.443
96200,0.341,0.217,0.442
96300,0.347,0.209,0.443
96400,0.346,0.209,0.444
96500,0.341,0.213,0.445
96600,0.338,0.215,0.447
96700,0.333,0.216,0.451
96800,0.331,0.213,0.456
96900,0.329,0.213,0.458
97000,0.339,0.215,0.446
97100,0.338,0.210,0.451
97200,0.338,0.215,0.447
97300,0.342,0.211,0.446
97400,0.356,0.209,0.434
97500,0.360,0.213,0.427
97600,0.361,0.212,0.427
97700,0.381,0.204,0.415
97800,0.383,0.199,0.418
97900,0.376,0.204,0.420
98000,0.372,0.204,0.424
98100,0.374,0.201,0.425
98200,0.378,0.208,0.414
98300,0.383,0.212,0.404
98400,0.387,0.210,0.402
98500,0.381,0.210,0.409
98600,0.390,0.215,0.395
98700,0.399,0.212,0.388
98800,0.396,0.213,0.390
98900,0.394,0.211,0.394
99000,0.401,0.199,0.399
99100,0.422,0.205,0.373
99200,0.423,0.207,0.370
99300,0.420,0.198,0.382
99400,0.413,0.199,0.388
99500,0.399,0.198,0.402
99600,0.396,0.205,0.398
99700,0.393,0.199,0.408
99800,0.394,0.197,0.409
99900,0.396,0.205,0.398
100000,0.399,0.207,0.393
