time,n_A+p,n_B,n_AB
200,0.037,0.934,0.029
400,0.037,0.930,0.033
600,0.029,0.926,0.045
800,0.037,0.938,0.025
1000,0.033,0.930,0.037
1200,0.029,0.926,0.045
1400,0.045,0.893,0.062
1600,0.033,0.880,0.087
1800,0.033,0.934,0.033
2000,0.029,0.934,0.037
2200,0.041,0.901,0.058
2400,0.037,0.938,0.025
2600,0.029,0.909,0.062
2800,0.029,0.917,0.054
3000,0.037,0.893,0.070
3200,0.050,0.893,0.058
3400,0.050,0.884,0.066
3600,0.058,0.876,0.066
3800,0.041,0.909,0.050
4000,0.045,0.926,0.029
4200,0.041,0.921,0.037
4400,0.033,0.934,0.033
4600,0.029,0.946,0.025
4800,0.029,0.909,0.062
5000,0.029,0.913,0.058
5200,0.041,0.876,0.083
5400,0.054,0.876,0.070
5600,0.041,0.876,0.083
5800,0.054,0.884,0.062
6000,0.054,0.917,0.029
6200,0.037,0.901,0.062
6400,0.045,0.860,0.095
6600,0.058,0.843,0.099
6800,0.045,0.880,0.074
7000,0.054,0.880,0.066
7200,0.099,0.822,0.079
7400,0.083,0.851,0.066
7600,0.045,0.880,0.074
7800,0.041,0.893,0.066
8000,0.062,0.917,0.021
8200,0.062,0.880,0.058
8400,0.050,0.847,0.103
8600,0.033,0.872,0.095
8800,0.045,0.888,0.066
9000,0.033,0.909,0.058
9200,0.033,0.901,0.066
9400,0.033,0.917,0.050
9600,0.033,0.893,0.074
9800,0.033,0.884,0.083
10000,0.050,0.876,0.074
10200,0.037,0.901,0.062
10400,0.033,0.934,0.033
10600,0.037,0.934,0.029
10800,0.045,0.888,0.066
11000,0.050,0.893,0.058
11200,0.045,0.901,0.054
11400,0.029,0.930,0.041
11600,0.066,0.905,0.029
11800,0.037,0.921,0.041
12000,0.033,0.926,0.041
12200,0.033,0.909,0.058
12400,0.045,0.897,0.058
12600,0.033,0.917,0.050
12800,0.029,0.942,0.029
13000,0.033,0.909,0.058
13200,0.033,0.913,0.054
13400,0.050,0.921,0.029
13600,0.054,0.880,0.066
13800,0.045,0.897,0.058
14000,0.070,0.872,0.058
14200,0.070,0.855,0.074
14400,0.041,0.851,0.107
14600,0.045,0.901,0.054
14800,0.070,0.810,0.120
15000,0.128,0.764,0.107
15200,0.136,0.702,0.161
15400,0.236,0.562,0.202
15600,0.215,0.632,0.153
15800,0.248,0.591,0.161
16000,0.269,0.570,0.161
16200,0.298,0.529,0.174
16400,0.277,0.529,0.194
16600,0.318,0.459,0.223
16800,0.351,0.434,0.215
17000,0.426,0.401,0.174
17200,0.455,0.372,0.174
17400,0.372,0.421,0.207
17600,0.314,0.496,0.190
17800,0.450,0.380,0.169
18000,0.488,0.314,0.198
18200,0.521,0.289,0.190
18400,0.607,0.256,0.136
18600,0.645,0.186,0.169
18800,0.702,0.153,0.145
19000,0.769,0.124,0.107
19200,0.798,0.099,0.103
19400,0.789,0.091,0.120
19600,0.855,0.074,0.070
19800,0.905,0.033,0.062
20000,0.913,0.037,0.050
20200,0.893,0.050,0.058
20400,0.917,0.033,0.050
20600,0.921,0.025,0.054
20800,0.983,0.004,0.012
21000,0.992,0.000,0.008
21200,0.992,0.000,0.008
21400,1.000,0.000,0.000
