time,n_A+p,n_B,n_AB
500,0.080,0.869,0.051
1000,0.080,0.817,0.103
1500,0.080,0.772,0.148
2000,0.080,0.739,0.181
2500,0.080,0.698,0.222
3000,0.081,0.656,0.263
3500,0.083,0.626,0.291
4000,0.083,0.625,0.292
4500,0.083,0.582,0.336
5000,0.086,0.550,0.364
5500,0.084,0.568,0.349
6000,0.086,0.578,0.336
6500,0.083,0.576,0.342
7000,0.087,0.532,0.381
7500,0.086,0.532,0.381
8000,0.088,0.531,0.380
8500,0.085,0.533,0.382
9000,0.086,0.538,0.375
9500,0.088,0.487,0.425
10000,0.092,0.482,0.426
10500,0.090,0.480,0.429
11000,0.098,0.502,0.400
11500,0.092,0.534,0.373
12000,0.090,0.537,0.372
12500,0.093,0.529,0.377
13000,0.091,0.523,0.385
13500,0.090,0.514,0.396
14000,0.092,0.515,0.392
14500,0.090,0.514,0.395
15000,0.093,0.501,0.406
15500,0.096,0.507,0.397
16000,0.095,0.498,0.407
16500,0.103,0.478,0.418
17000,0.111,0.469,0.420
17500,0.116,0.417,0.467
18000,0.123,0.434,0.442
18500,0.123,0.434,0.442
19000,0.113,0.430,0.457
19500,0.102,0.423,0.474
20000,0.102,0.453,0.445
20500,0.093,0.486,0.420
21000,0.093,0.494,0.412
21500,0.097,0.510,0.393
22000,0.097,0.494,0.409
22500,0.093,0.518,0.388
23000,0.096,0.517,0.387
23500,0.099,0.481,0.420
24000,0.102,0.456,0.443
24500,0.102,0.475,0.422
25000,0.102,0.464,0.434
25500,0.114,0.459,0.428
26000,0.105,0.451,0.443
26500,0.103,0.463,0.434
27000,0.103,0.459,0.437
27500,0.100,0.460,0.440
28000,0.099,0.476,0.425
28500,0.096,0.495,0.409
29000,0.101,0.482,0.417
29500,0.105,0.447,0.448
30000,0.112,0.420,0.468
30500,0.118,0.436,0.445
31000,0.114,0.439,0.448
31500,0.106,0.418,0.476
32000,0.100,0.426,0.474
32500,0.102,0.462,0.435
33000,0.101,0.481,0.418
33500,0.096,0.501,0.403
34000,0.093,0.508,0.399
34500,0.099,0.500,0.401
35000,0.101,0.510,0.389
35500,0.111,0.507,0.382
36000,0.106,0.493,0.401
36500,0.092,0.503,0.404
37000,0.098,0.529,0.373
37500,0.095,0.517,0.388
38000,0.092,0.502,0.406
38500,0.099,0.515,0.386
39000,0.093,0.483,0.424
39500,0.096,0.524,0.380
40000,0.100,0.536,0.364
40500,0.100,0.510,0.390
41000,0.095,0.505,0.400
41500,0.094,0.498,0.408
42000,0.093,0.498,0.408
42500,0.103,0.493,0.404
43000,0.101,0.498,0.401
43500,0.104,0.472,0.424
44000,0.105,0.469,0.426
44500,0.103,0.480,0.417
45000,0.103,0.482,0.415
45500,0.102,0.500,0.397
46000,0.103,0.490,0.406
46500,0.100,0.486,0.414
47000,0.101,0.476,0.423
47500,0.102,0.486,0.412
48000,0.101,0.468,0.431
48500,0.103,0.449,0.448
49000,0.104,0.447,0.449
49500,0.107,0.431,0.461
50000,0.120,0.405,0.475
50500,0.122,0.417,0.461
51000,0.109,0.443,0.448
51500,0.101,0.468,0.431
52000,0.102,0.467,0.431
52500,0.104,0.480,0.415
53000,0.098,0.482,0.420
53500,0.098,0.477,0.425
54000,0.102,0.467,0.432
54500,0.101,0.439,0.461
55000,0.101,0.457,0.443
55500,0.101,0.472,0.427
56000,0.099,0.466,0.435
56500,0.097,0.458,0.445
57000,0.090,0.502,0.408
57500,0.092,0.514,0.394
58000,0.090,0.525,0.385
58500,0.086,0.542,0.371
59000,0.089,0.531,0.379
59500,0.094,0.511,0.395
60000,0.090,0.522,0.387
60500,0.089,0.519,0.392
61000,0.086,0.531,0.383
61500,0.086,0.545,0.369
62000,0.090,0.531,0.379
62500,0.089,0.540,0.370
63000,0.090,0.508,0.401
63500,0.088,0.509,0.403
64000,0.088,0.540,0.372
64500,0.086,0.546,0.368
65000,0.086,0.533,0.380
65500,0.086,0.509,0.404
66000,0.095,0.505,0.400
66500,0.093,0.503,0.403
67000,0.096,0.500,0.404
67500,0.104,0.476,0.419
68000,0.105,0.470,0.424
68500,0.095,0.484,0.421
69000,0.097,0.496,0.407
69500,0.091,0.510,0.399
70000,0.088,0.529,0.383
70500,0.093,0.549,0.358
71000,0.086,0.570,0.345
71500,0.084,0.575,0.342
72000,0.086,0.571,0.344
72500,0.084,0.596,0.321
73000,0.083,0.569,0.349
73500,0.086,0.571,0.343
74000,0.090,0.546,0.364
74500,0.097,0.520,0.383
75000,0.092,0.508,0.400
75500,0.093,0.497,0.409
76000,0.102,0.493,0.405
76500,0.103,0.457,0.439
77000,0.100,0.456,0.444
77500,0.099,0.474,0.427
78000,0.095,0.449,0.457
78500,0.108,0.432,0.459
79000,0.119,0.439,0.442
79500,0.115,0.423,0.462
80000,0.119,0.435,0.446
80500,0.119,0.416,0.464
81000,0.115,0.403,0.482
81500,0.110,0.436,0.454
82000,0.113,0.438,0.449
82500,0.118,0.443,0.440
83000,0.115,0.435,0.450
83500,0.124,0.440,0.436
84000,0.118,0.438,0.444
84500,0.115,0.461,0.425
85000,0.098,0.503,0.399
85500,0.099,0.512,0.389
86000,0.103,0.519,0.377
86500,0.092,0.532,0.375
87000,0.091,0.563,0.346
87500,0.097,0.569,0.335
88000,0.088,0.561,0.350
88500,0.090,0.566,0.344
89000,0.091,0.524,0.385
89500,0.089,0.516,0.395
90000,0.086,0.504,0.410
90500,0.093,0.518,0.389
91000,0.096,0.508,0.396
91500,0.095,0.508,0.397
92000,0.103,0.494,0.403
92500,0.098,0.484,0.418
93000,0.092,0.483,0.424
93500,0.101,0.475,0.424
94000,0.102,0.496,0.402
94500,0.095,0.506,0.399
95000,0.101,0.501,0.398
95500,0.099,0.472,0.429
96000,0.093,0.504,0.402
96500,0.096,0.500,0.404
97000,0.098,0.517,0.385
97500,0.089,0.548,0.362
98000,0.084,0.524,0.392
98500,0.087,0.513,0.399
99000,0.087,0.519,0.393
99500,0.090,0.492,0.417
100000,0.092,0.489,0.419
100500,0.091,0.530,0.379
101000,0.091,0.503,0.405
101500,0.087,0.481,0.432
102000,0.097,0.477,0.426
102500,0.101,0.484,0.415
103000,0.108,0.479,0.413
103500,0.101,0.501,0.398
104000,0.099,0.516,0.385
104500,0.097,0.510,0.393
105000,0.101,0.506,0.393
105500,0.096,0.504,0.400
106000,0.092,0.515,0.392
106500,0.088,0.510,0.401
107000,0.087,0.523,0.389
107500,0.090,0.550,0.359
108000,0.089,0.519,0.392
108500,0.088,0.533,0.379
109000,0.086,0.535,0.379
109500,0.082,0.523,0.395
110000,0.091,0.513,0.396
110500,0.088,0.525,0.387
111000,0.086,0.521,0.393
111500,0.088,0.523,0.388
112000,0.090,0.544,0.366
112500,0.090,0.542,0.367
113000,0.088,0.538,0.373
113500,0.096,0.488,0.416
114000,0.095,0.484,0.421
114500,0.099,0.490,0.411
115000,0.104,0.502,0.393
115500,0.102,0.493,0.404
116000,0.105,0.471,0.424
116500,0.107,0.450,0.443
117000,0.100,0.441,0.460
117500,0.100,0.427,0.473
118000,0.106,0.424,0.469
118500,0.105,0.413,0.482
119000,0.112,0.441,0.447
119500,0.117,0.417,0.465
120000,0.110,0.443,0.448
120500,0.117,0.414,0.469
121000,0.123,0.394,0.483
121500,0.127,0.395,0.479
122000,0.134,0.385,0.482
122500,0.123,0.371,0.505
123000,0.123,0.374,0.503
123500,0.131,0.378,0.491
124000,0.141,0.362,0.497
124500,0.141,0.347,0.512
125000,0.149,0.344,0.507
125500,0.145,0.348,0.506
126000,0.147,0.365,0.488
126500,0.142,0.361,0.496
127000,0.134,0.362,0.504
127500,0.153,0.341,0.506
128000,0.153,0.305,0.542
128500,0.171,0.296,0.532
129000,0.175,0.291,0.534
129500,0.196,0.297,0.507
130000,0.200,0.272,0.528
130500,0.217,0.250,0.533
131000,0.234,0.240,0.526
131500,0.235,0.217,0.547
132000,0.304,0.151,0.544
132500,0.352,0.127,0.522
133000,0.395,0.095,0.510
133500,0.472,0.067,0.461
134000,0.541,0.042,0.417
134500,0.637,0.025,0.338
135000,0.665,0.015,0.319
135500,0.733,0.007,0.260
136000,0.778,0.003,0.219
136500,0.826,0.001,0.174
137000,0.869,0.001,0.131
137500,0.899,0.001,0.100
138000,0.925,0.000,0.075
138500,0.946,0.000,0.054
139000,0.952,0.000,0.048
139500,0.964,0.000,0.036
140000,0.974,0.000,0.026
140500,0.974,0.000,0.026
141000,0.981,0.000,0.019
141500,0.987,0.000,0.013
142000,0.988,0.000,0.012
142500,0.992,0.000,0.008
143000,0.990,0.000,0.010
143500,0.994,0.000,0.006
144000,0.993,0.000,0.007
144500,0.995,0.000,0.005
145000,0.998,0.000,0.002
145500,0.997,0.000,0.003
146000,0.998,0.000,0.002
146500,0.997,0.000,0.003
147000,0.999,0.000,0.001
147500,1.000,0.000,0.000
148000,1.000,0.000,0.000
148500,1.000,0.000,0.000
