time,n_A+p,n_B,n_AB
100,0.030,0.940,0.031
200,0.033,0.939,0.029
300,0.038,0.932,0.031
400,0.042,0.928,0.030
500,0.049,0.922,0.029
600,0.050,0.920,0.030
700,0.048,0.926,0.026
800,0.054,0.923,0.022
900,0.061,0.911,0.028
1000,0.052,0.909,0.039
1100,0.050,0.914,0.036
1200,0.052,0.915,0.033
1300,0.046,0.920,0.034
1400,0.044,0.922,0.034
1500,0.043,0.923,0.034
1600,0.043,0.919,0.038
1700,0.046,0.922,0.032
1800,0.046,0.920,0.034
1900,0.048,0.917,0.035
2000,0.059,0.905,0.036
2100,0.054,0.904,0.042
2200,0.056,0.904,0.040
2300,0.057,0.907,0.036
2400,0.057,0.905,0.038
2500,0.054,0.901,0.045
2600,0.049,0.900,0.051
2700,0.047,0.905,0.048
2800,0.065,0.889,0.046
2900,0.059,0.887,0.054
3000,0.059,0.891,0.050
3100,0.056,0.891,0.053
3200,0.054,0.896,0.050
3300,0.053,0.901,0.046
3400,0.058,0.907,0.035
3500,0.060,0.904,0.036
3600,0.061,0.902,0.037
3700,0.063,0.896,0.041
3800,0.068,0.892,0.040
3900,0.064,0.895,0.041
4000,0.066,0.893,0.041
4100,0.064,0.887,0.049
4200,0.064,0.886,0.050
4300,0.062,0.876,0.061
4400,0.065,0.878,0.056
4500,0.066,0.875,0.058
4600,0.075,0.860,0.065
4700,0.079,0.859,0.062
4800,0.061,0.855,0.084
4900,0.061,0.852,0.087
5000,0.062,0.858,0.080
5100,0.062,0.849,0.089
5200,0.062,0.853,0.085
5300,0.073,0.838,0.090
5400,0.072,0.843,0.086
5500,0.075,0.845,0.081
5600,0.075,0.840,0.086
5700,0.087,0.824,0.089
5800,0.090,0.827,0.083
5900,0.087,0.832,0.081
6000,0.097,0.826,0.077
6100,0.087,0.832,0.081
6200,0.083,0.847,0.070
6300,0.088,0.839,0.074
6400,0.080,0.847,0.074
6500,0.080,0.842,0.079
6600,0.077,0.834,0.090
6700,0.076,0.839,0.086
6800,0.075,0.840,0.086
6900,0.077,0.846,0.078
7000,0.079,0.844,0.078
7100,0.081,0.851,0.068
7200,0.074,0.858,0.068
7300,0.070,0.863,0.066
7400,0.077,0.864,0.059
7500,0.074,0.867,0.059
7600,0.077,0.864,0.059
7700,0.076,0.859,0.065
7800,0.080,0.853,0.067
7900,0.088,0.848,0.064
8000,0.103,0.842,0.055
8100,0.109,0.835,0.056
8200,0.110,0.829,0.060
8300,0.115,0.822,0.062
8400,0.110,0.835,0.055
8500,0.101,0.835,0.064
8600,0.101,0.832,0.066
8700,0.097,0.831,0.072
8800,0.091,0.843,0.066
8900,0.101,0.842,0.057
9000,0.105,0.834,0.061
9100,0.095,0.830,0.075
9200,0.089,0.810,0.101
9300,0.103,0.805,0.092
9400,0.094,0.817,0.089
9500,0.103,0.813,0.084
9600,0.103,0.811,0.086
9700,0.105,0.811,0.084
9800,0.111,0.807,0.082
9900,0.111,0.800,0.089
10000,0.129,0.784,0.087
10100,0.123,0.789,0.089
10200,0.112,0.787,0.101
10300,0.118,0.783,0.098
10400,0.114,0.782,0.103
10500,0.120,0.777,0.103
10600,0.114,0.779,0.106
10700,0.114,0.776,0.109
10800,0.121,0.757,0.123
10900,0.107,0.762,0.131
11000,0.114,0.748,0.138
11100,0.123,0.742,0.136
11200,0.134,0.739,0.128
11300,0.129,0.741,0.131
11400,0.140,0.734,0.126
11500,0.136,0.730,0.134
11600,0.140,0.723,0.137
11700,0.154,0.718,0.128
11800,0.144,0.726,0.130
11900,0.139,0.734,0.127
12000,0.141,0.741,0.118
12100,0.128,0.728,0.144
12200,0.133,0.726,0.141
12300,0.127,0.723,0.150
12400,0.126,0.729,0.145
12500,0.134,0.727,0.139
12600,0.136,0.737,0.127
12700,0.132,0.729,0.139
12800,0.134,0.728,0.138
12900,0.126,0.733,0.141
13000,0.123,0.735,0.142
13100,0.115,0.735,0.149
13200,0.118,0.746,0.136
13300,0.118,0.763,0.118
13400,0.121,0.759,0.121
13500,0.121,0.760,0.120
13600,0.120,0.755,0.126
13700,0.113,0.756,0.131
13800,0.116,0.749,0.135
13900,0.120,0.750,0.131
14000,0.117,0.759,0.124
14100,0.115,0.763,0.122
14200,0.117,0.748,0.135
14300,0.128,0.735,0.137
14400,0.139,0.726,0.135
14500,0.153,0.717,0.130
14600,0.160,0.718,0.122
14700,0.158,0.708,0.134
14800,0.149,0.708,0.143
14900,0.164,0.707,0.129
15000,0.166,0.697,0.137
15100,0.158,0.705,0.137
15200,0.159,0.708,0.133
15300,0.157,0.713,0.130
15400,0.158,0.698,0.144
15500,0.161,0.685,0.153
15600,0.169,0.678,0.153
15700,0.168,0.684,0.148
15800,0.170,0.684,0.146
15900,0.163,0.688,0.148
16000,0.161,0.682,0.156
16100,0.163,0.704,0.133
16200,0.155,0.713,0.132
16300,0.160,0.705,0.135
16400,0.159,0.704,0.137
16500,0.143,0.708,0.149
16600,0.145,0.710,0.145
16700,0.134,0.711,0.155
16800,0.146,0.701,0.153
16900,0.149,0.711,0.140
17000,0.149,0.701,0.150
17100,0.144,0.706,0.150
17200,0.141,0.709,0.150
17300,0.134,0.732,0.134
17400,0.133,0.734,0.133
17500,0.143,0.715,0.142
17600,0.144,0.715,0.141
17700,0.145,0.713,0.142
17800,0.139,0.710,0.151
17900,0.132,0.715,0.153
18000,0.130,0.719,0.151
18100,0.126,0.733,0.141
18200,0.144,0.730,0.126
18300,0.143,0.730,0.127
18400,0.141,0.721,0.138
18500,0.145,0.717,0.138
18600,0.155,0.721,0.124
18700,0.147,0.718,0.135
18800,0.150,0.717,0.133
18900,0.149,0.709,0.142
19000,0.148,0.712,0.140
19100,0.151,0.714,0.135
19200,0.168,0.689,0.143
19300,0.170,0.691,0.140
19400,0.172,0.686,0.142
19500,0.175,0.682,0.143
19600,0.182,0.682,0.136
19700,0.174,0.678,0.148
19800,0.152,0.700,0.148
19900,0.136,0.711,0.153
20000,0.136,0.719,0.145
20100,0.129,0.720,0.151
20200,0.126,0.731,0.143
20300,0.128,0.730,0.142
20400,0.135,0.709,0.156
20500,0.165,0.685,0.149
20600,0.170,0.693,0.138
20700,0.175,0.679,0.146
20800,0.180,0.675,0.145
20900,0.180,0.671,0.149
21000,0.178,0.675,0.147
21100,0.165,0.677,0.157
21200,0.163,0.678,0.158
21300,0.158,0.677,0.164
21400,0.166,0.664,0.170
21500,0.171,0.676,0.153
21600,0.168,0.681,0.151
21700,0.171,0.689,0.140
21800,0.176,0.692,0.133
21900,0.170,0.685,0.145
22000,0.165,0.688,0.146
22100,0.174,0.679,0.147
22200,0.183,0.664,0.153
22300,0.185,0.651,0.164
22400,0.191,0.651,0.158
22500,0.189,0.657,0.154
22600,0.190,0.659,0.151
22700,0.208,0.635,0.156
22800,0.204,0.629,0.166
22900,0.215,0.621,0.164
23000,0.219,0.625,0.156
23100,0.216,0.631,0.153
23200,0.218,0.630,0.152
23300,0.209,0.633,0.157
23400,0.197,0.634,0.169
23500,0.193,0.632,0.175
23600,0.198,0.628,0.174
23700,0.220,0.623,0.157
23800,0.208,0.624,0.168
23900,0.202,0.620,0.178
24000,0.208,0.614,0.178
24100,0.196,0.618,0.186
24200,0.203,0.627,0.170
24300,0.203,0.623,0.174
24400,0.205,0.620,0.175
24500,0.212,0.613,0.175
24600,0.208,0.604,0.188
24700,0.221,0.608,0.172
24800,0.211,0.611,0.178
24900,0.207,0.625,0.168
25000,0.192,0.631,0.177
25100,0.180,0.630,0.190
25200,0.180,0.636,0.184
25300,0.182,0.637,0.181
25400,0.185,0.655,0.160
25500,0.192,0.653,0.155
25600,0.190,0.652,0.158
25700,0.191,0.651,0.158
25800,0.188,0.650,0.162
25900,0.195,0.645,0.160
26000,0.189,0.644,0.168
26100,0.222,0.623,0.155
26200,0.231,0.615,0.154
26300,0.226,0.616,0.158
26400,0.221,0.623,0.156
26500,0.217,0.632,0.151
26600,0.226,0.626,0.148
26700,0.228,0.620,0.152
26800,0.234,0.626,0.140
26900,0.230,0.617,0.153
27000,0.237,0.602,0.161
27100,0.244,0.592,0.163
27200,0.219,0.622,0.159
27300,0.217,0.628,0.155
27400,0.223,0.607,0.171
27500,0.230,0.616,0.154
27600,0.228,0.617,0.155
27700,0.212,0.624,0.163
27800,0.215,0.631,0.154
27900,0.216,0.631,0.153
28000,0.208,0.632,0.159
28100,0.206,0.629,0.164
28200,0.209,0.647,0.144
28300,0.201,0.647,0.152
28400,0.207,0.636,0.156
28500,0.208,0.627,0.164
28600,0.209,0.625,0.165
28700,0.204,0.638,0.157
28800,0.228,0.607,0.165
28900,0.228,0.594,0.178
29000,0.240,0.571,0.189
29100,0.238,0.567,0.195
29200,0.242,0.557,0.201
29300,0.238,0.554,0.208
29400,0.223,0.575,0.202
29500,0.224,0.586,0.190
29600,0.228,0.587,0.185
29700,0.223,0.594,0.183
29800,0.219,0.602,0.180
29900,0.231,0.618,0.151
30000,0.229,0.609,0.162
30100,0.228,0.596,0.177
30200,0.230,0.596,0.175
30300,0.228,0.604,0.169
30400,0.233,0.591,0.176
30500,0.222,0.608,0.171
30600,0.227,0.604,0.170
30700,0.204,0.624,0.172
30800,0.197,0.616,0.187
30900,0.188,0.624,0.188
31000,0.194,0.630,0.176
31100,0.208,0.623,0.169
31200,0.209,0.629,0.161
31300,0.229,0.615,0.156
31400,0.226,0.622,0.152
31500,0.226,0.624,0.150
31600,0.218,0.638,0.144
31700,0.223,0.628,0.149
31800,0.225,0.629,0.146
31900,0.219,0.626,0.155
32000,0.222,0.618,0.160
32100,0.219,0.613,0.169
32200,0.225,0.625,0.150
32300,0.231,0.617,0.152
32400,0.210,0.630,0.159
32500,0.201,0.631,0.168
32600,0.224,0.609,0.168
32700,0.226,0.612,0.162
32800,0.237,0.584,0.179
32900,0.235,0.574,0.191
33000,0.252,0.567,0.181
33100,0.246,0.577,0.177
33200,0.241,0.578,0.181
33300,0.251,0.583,0.165
33400,0.261,0.575,0.163
33500,0.267,0.573,0.160
33600,0.280,0.570,0.150
33700,0.282,0.571,0.147
33800,0.278,0.575,0.147
33900,0.273,0.571,0.156
34000,0.267,0.573,0.160
34100,0.283,0.551,0.166
34200,0.286,0.551,0.163
34300,0.289,0.560,0.151
34400,0.276,0.579,0.145
34500,0.286,0.562,0.152
34600,0.290,0.555,0.155
34700,0.288,0.552,0.160
34800,0.285,0.566,0.149
34900,0.282,0.554,0.164
35000,0.269,0.570,0.161
35100,0.270,0.568,0.162
35200,0.264,0.568,0.169
35300,0.261,0.567,0.172
35400,0.254,0.574,0.172
35500,0.248,0.580,0.172
35600,0.265,0.563,0.173
35700,0.263,0.577,0.160
35800,0.253,0.572,0.175
35900,0.238,0.591,0.171
36000,0.244,0.591,0.164
36100,0.245,0.592,0.162
36200,0.235,0.599,0.166
36300,0.229,0.601,0.171
36400,0.229,0.604,0.168
36500,0.226,0.605,0.170
36600,0.245,0.585,0.170
36700,0.242,0.596,0.162
36800,0.263,0.591,0.146
36900,0.266,0.587,0.147
37000,0.264,0.587,0.149
37100,0.271,0.577,0.152
37200,0.269,0.583,0.148
37300,0.267,0.571,0.162
37400,0.263,0.576,0.161
37500,0.263,0.575,0.162
37600,0.278,0.554,0.169
37700,0.269,0.565,0.166
37800,0.267,0.573,0.160
37900,0.270,0.575,0.155
38000,0.270,0.568,0.162
38100,0.266,0.577,0.157
38200,0.261,0.581,0.157
38300,0.268,0.584,0.148
38400,0.272,0.575,0.153
38500,0.272,0.583,0.145
38600,0.276,0.576,0.148
38700,0.254,0.582,0.163
38800,0.252,0.588,0.159
38900,0.253,0.585,0.161
39000,0.245,0.588,0.166
39100,0.249,0.591,0.159
39200,0.243,0.585,0.172
39300,0.238,0.592,0.170
39400,0.224,0.610,0.166
39500,0.211,0.623,0.165
39600,0.208,0.629,0.162
39700,0.208,0.632,0.159
39800,0.211,0.626,0.162
39900,0.217,0.634,0.149
40000,0.208,0.649,0.143
40100,0.206,0.653,0.141
40200,0.199,0.649,0.152
40300,0.217,0.651,0.133
40400,0.206,0.657,0.137
40500,0.217,0.642,0.141
40600,0.224,0.623,0.153
40700,0.213,0.626,0.160
40800,0.220,0.617,0.163
40900,0.220,0.627,0.153
41000,0.219,0.624,0.157
41100,0.239,0.616,0.145
41200,0.235,0.610,0.155
41300,0.232,0.607,0.161
41400,0.249,0.587,0.163
41500,0.250,0.587,0.162
41600,0.247,0.586,0.166
41700,0.246,0.597,0.157
41800,0.254,0.596,0.150
41900,0.241,0.599,0.160
42000,0.243,0.599,0.158
42100,0.235,0.609,0.156
42200,0.235,0.603,0.162
42300,0.248,0.598,0.154
42400,0.256,0.580,0.163
42500,0.250,0.583,0.166
42600,0.255,0.587,0.157
42700,0.258,0.586,0.155
42800,0.258,0.573,0.169
42900,0.261,0.574,0.164
43000,0.277,0.562,0.161
43100,0.281,0.564,0.155
43200,0.250,0.559,0.191
43300,0.241,0.567,0.192
43400,0.255,0.567,0.178
43500,0.250,0.564,0.186
43600,0.242,0.578,0.180
43700,0.235,0.576,0.189
43800,0.235,0.578,0.187
43900,0.243,0.577,0.180
44000,0.246,0.575,0.179
44100,0.252,0.572,0.176
44200,0.252,0.576,0.172
44300,0.254,0.580,0.165
44400,0.257,0.573,0.170
44500,0.258,0.579,0.162
44600,0.259,0.574,0.166
44700,0.258,0.579,0.162
44800,0.240,0.594,0.165
44900,0.242,0.593,0.164
45000,0.228,0.592,0.180
45100,0.240,0.587,0.173
45200,0.239,0.592,0.169
45300,0.238,0.598,0.164
45400,0.228,0.611,0.161
45500,0.225,0.599,0.177
45600,0.221,0.604,0.176
45700,0.213,0.596,0.191
45800,0.219,0.608,0.174
45900,0.213,0.603,0.184
46000,0.224,0.604,0.173
46100,0.226,0.612,0.162
46200,0.222,0.620,0.158
46300,0.224,0.623,0.153
46400,0.212,0.622,0.165
46500,0.209,0.647,0.144
46600,0.210,0.650,0.140
46700,0.205,0.645,0.150
46800,0.208,0.644,0.148
46900,0.208,0.635,0.156
47000,0.212,0.620,0.168
47100,0.220,0.608,0.173
47200,0.222,0.598,0.181
47300,0.217,0.609,0.175
47400,0.225,0.603,0.173
47500,0.226,0.606,0.169
47600,0.219,0.612,0.170
47700,0.218,0.619,0.163
47800,0.219,0.619,0.162
47900,0.218,0.617,0.165
48000,0.225,0.605,0.171
48100,0.225,0.614,0.161
48200,0.220,0.608,0.173
48300,0.215,0.618,0.168
48400,0.215,0.611,0.175
48500,0.210,0.609,0.181
48600,0.213,0.596,0.191
48700,0.228,0.579,0.193
48800,0.239,0.580,0.181
48900,0.238,0.581,0.181
49000,0.252,0.553,0.195
49100,0.269,0.543,0.188
49200,0.272,0.540,0.188
49300,0.276,0.533,0.191
49400,0.264,0.529,0.207
49500,0.288,0.530,0.182
49600,0.291,0.537,0.172
49700,0.284,0.533,0.183
49800,0.289,0.540,0.171
49900,0.281,0.538,0.181
50000,0.279,0.544,0.177
50100,0.278,0.546,0.176
50200,0.269,0.540,0.191
50300,0.285,0.535,0.180
50400,0.293,0.539,0.168
50500,0.307,0.531,0.161
50600,0.300,0.539,0.160
50700,0.299,0.523,0.178
50800,0.309,0.511,0.180
50900,0.308,0.520,0.172
51000,0.313,0.521,0.166
51100,0.315,0.512,0.174
51200,0.343,0.492,0.164
51300,0.349,0.482,0.169
51400,0.348,0.487,0.164
51500,0.340,0.490,0.170
51600,0.370,0.466,0.164
51700,0.368,0.463,0.170
51800,0.366,0.443,0.191
51900,0.369,0.459,0.173
52000,0.371,0.454,0.176
52100,0.381,0.449,0.170
52200,0.398,0.437,0.164
52300,0.389,0.436,0.175
52400,0.392,0.428,0.180
52500,0.396,0.424,0.180
52600,0.402,0.412,0.186
52700,0.408,0.409,0.184
52800,0.413,0.412,0.176
52900,0.425,0.404,0.171
53000,0.432,0.400,0.168
53100,0.436,0.402,0.161
53200,0.441,0.401,0.157
53300,0.457,0.377,0.166
53400,0.446,0.391,0.162
53500,0.461,0.375,0.164
53600,0.488,0.353,0.158
53700,0.491,0.351,0.157
53800,0.492,0.353,0.154
53900,0.496,0.347,0.156
54000,0.491,0.361,0.148
54100,0.492,0.355,0.152
54200,0.498,0.345,0.156
54300,0.504,0.336,0.160
54400,0.512,0.339,0.149
54500,0.504,0.345,0.151
54600,0.503,0.338,0.159
54700,0.507,0.328,0.165
54800,0.510,0.329,0.161
54900,0.515,0.325,0.160
55000,0.532,0.315,0.153
55100,0.542,0.311,0.147
55200,0.542,0.299,0.158
55300,0.551,0.293,0.156
55400,0.561,0.293,0.146
55500,0.567,0.289,0.144
55600,0.570,0.284,0.146
55700,0.567,0.285,0.148
55800,0.575,0.287,0.138
55900,0.582,0.279,0.139
56000,0.585,0.271,0.144
56100,0.573,0.273,0.154
56200,0.583,0.269,0.148
56300,0.585,0.267,0.148
56400,0.596,0.266,0.139
56500,0.598,0.261,0.141
56600,0.600,0.256,0.144
56700,0.608,0.256,0.136
56800,0.621,0.257,0.122
56900,0.628,0.260,0.111
57000,0.623,0.257,0.120
57100,0.601,0.279,0.121
57200,0.596,0.274,0.131
57300,0.601,0.278,0.122
57400,0.601,0.281,0.118
57500,0.601,0.272,0.128
57600,0.596,0.275,0.130
57700,0.593,0.284,0.123
57800,0.591,0.285,0.124
57900,0.597,0.277,0.127
58000,0.596,0.272,0.133
58100,0.600,0.268,0.133
58200,0.601,0.267,0.133
58300,0.602,0.266,0.133
58400,0.591,0.268,0.141
58500,0.599,0.267,0.135
58600,0.596,0.274,0.131
58700,0.600,0.272,0.129
58800,0.590,0.285,0.125
58900,0.593,0.282,0.125
59000,0.599,0.277,0.125
59100,0.607,0.274,0.120
59200,0.611,0.273,0.116
59300,0.604,0.268,0.129
59400,0.605,0.266,0.130
59500,0.611,0.266,0.124
59600,0.617,0.265,0.118
59700,0.620,0.272,0.108
59800,0.630,0.258,0.111
59900,0.627,0.261,0.111
60000,0.629,0.251,0.120
60100,0.629,0.255,0.115
60200,0.630,0.251,0.118
60300,0.631,0.249,0.120
60400,0.634,0.251,0.114
60500,0.638,0.249,0.112
60600,0.633,0.245,0.122
60700,0.646,0.232,0.123
60800,0.653,0.235,0.112
60900,0.657,0.234,0.109
61000,0.653,0.246,0.101
61100,0.655,0.243,0.102
61200,0.658,0.240,0.102
61300,0.656,0.238,0.106
61400,0.651,0.241,0.108
61500,0.655,0.240,0.105
61600,0.653,0.238,0.109
61700,0.657,0.239,0.104
61800,0.658,0.236,0.106
61900,0.660,0.229,0.111
62000,0.658,0.224,0.118
62100,0.664,0.223,0.113
62200,0.663,0.221,0.116
62300,0.641,0.242,0.116
62400,0.639,0.235,0.126
62500,0.663,0.221,0.116
62600,0.673,0.218,0.109
62700,0.666,0.220,0.114
62800,0.664,0.218,0.118
62900,0.663,0.227,0.110
63000,0.662,0.224,0.114
63100,0.647,0.232,0.122
63200,0.652,0.228,0.121
63300,0.678,0.208,0.113
63400,0.678,0.206,0.115
63500,0.686,0.206,0.107
63600,0.695,0.201,0.104
63700,0.708,0.197,0.095
63800,0.708,0.196,0.096
63900,0.709,0.195,0.096
64000,0.708,0.193,0.099
64100,0.712,0.192,0.096
64200,0.713,0.189,0.098
64300,0.707,0.190,0.103
64400,0.697,0.204,0.099
64500,0.694,0.203,0.103
64600,0.692,0.206,0.102
64700,0.695,0.206,0.099
64800,0.695,0.205,0.100
64900,0.700,0.203,0.097
65000,0.700,0.200,0.100
65100,0.698,0.200,0.102
65200,0.689,0.207,0.103
65300,0.691,0.206,0.103
65400,0.701,0.207,0.092
65500,0.695,0.207,0.098
65600,0.692,0.209,0.099
65700,0.694,0.208,0.098
65800,0.697,0.207,0.096
65900,0.693,0.205,0.102
66000,0.699,0.204,0.097
66100,0.709,0.198,0.093
66200,0.711,0.194,0.095
66300,0.707,0.192,0.101
66400,0.713,0.192,0.095
66500,0.723,0.187,0.090
66600,0.726,0.183,0.091
66700,0.723,0.183,0.094
66800,0.728,0.182,0.090
66900,0.729,0.180,0.091
67000,0.732,0.183,0.085
67100,0.734,0.183,0.083
67200,0.736,0.183,0.081
67300,0.736,0.183,0.081
67400,0.739,0.181,0.081
67500,0.735,0.182,0.083
67600,0.735,0.180,0.085
67700,0.735,0.178,0.087
67800,0.733,0.177,0.090
67900,0.733,0.175,0.092
68000,0.732,0.177,0.091
68100,0.734,0.178,0.088
68200,0.734,0.182,0.084
68300,0.733,0.181,0.086
68400,0.731,0.181,0.088
68500,0.729,0.183,0.088
68600,0.724,0.182,0.094
68700,0.725,0.181,0.094
68800,0.720,0.185,0.095
68900,0.723,0.184,0.093
69000,0.722,0.183,0.095
69100,0.726,0.184,0.090
69200,0.727,0.183,0.090
69300,0.728,0.182,0.090
69400,0.729,0.182,0.089
69500,0.729,0.183,0.088
69600,0.729,0.181,0.090
69700,0.730,0.180,0.090
69800,0.731,0.177,0.092
69900,0.734,0.177,0.089
70000,0.737,0.176,0.087
70100,0.741,0.173,0.087
70200,0.743,0.171,0.087
70300,0.744,0.172,0.085
70400,0.742,0.172,0.087
70500,0.745,0.172,0.084
70600,0.745,0.171,0.085
70700,0.746,0.171,0.084
70800,0.746,0.170,0.085
70900,0.727,0.188,0.085
71000,0.744,0.171,0.086
71100,0.746,0.174,0.081
71200,0.750,0.174,0.077
71300,0.754,0.172,0.075
71400,0.753,0.170,0.078
71500,0.753,0.166,0.081
71600,0.754,0.165,0.081
71700,0.756,0.165,0.079
71800,0.759,0.165,0.076
71900,0.759,0.165,0.076
72000,0.762,0.163,0.075
72100,0.761,0.163,0.076
72200,0.749,0.163,0.088
72300,0.751,0.162,0.087
72400,0.749,0.177,0.075
72500,0.748,0.181,0.072
72600,0.745,0.178,0.078
72700,0.739,0.181,0.081
72800,0.740,0.180,0.081
72900,0.745,0.177,0.079
73000,0.737,0.175,0.088
73100,0.741,0.175,0.085
73200,0.743,0.174,0.084
73300,0.737,0.172,0.091
73400,0.734,0.172,0.094
73500,0.736,0.173,0.091
73600,0.745,0.170,0.086
73700,0.748,0.170,0.083
73800,0.756,0.171,0.074
73900,0.758,0.171,0.072
74000,0.762,0.168,0.070
74100,0.765,0.166,0.068
74200,0.767,0.166,0.066
74300,0.766,0.164,0.069
74400,0.766,0.161,0.073
74500,0.767,0.165,0.067
74600,0.764,0.166,0.069
74700,0.765,0.166,0.068
74800,0.755,0.174,0.072
74900,0.757,0.176,0.067
75000,0.755,0.172,0.074
75100,0.753,0.171,0.077
75200,0.761,0.166,0.073
75300,0.760,0.166,0.074
75400,0.749,0.178,0.074
75500,0.749,0.176,0.076
75600,0.752,0.172,0.077
75700,0.750,0.172,0.079
75800,0.751,0.170,0.080
75900,0.749,0.171,0.081
76000,0.750,0.171,0.080
76100,0.755,0.170,0.076
76200,0.754,0.169,0.078
76300,0.755,0.168,0.078
76400,0.758,0.168,0.075
76500,0.766,0.164,0.069
76600,0.767,0.164,0.068
76700,0.770,0.162,0.067
76800,0.769,0.161,0.069
76900,0.771,0.159,0.069
77000,0.772,0.159,0.068
77100,0.772,0.159,0.068
77200,0.768,0.159,0.073
77300,0.769,0.159,0.072
77400,0.770,0.158,0.072
77500,0.767,0.158,0.075
77600,0.765,0.157,0.078
77700,0.769,0.155,0.076
77800,0.770,0.155,0.075
77900,0.768,0.153,0.079
78000,0.772,0.154,0.074
78100,0.770,0.152,0.078
78200,0.770,0.151,0.079
78300,0.768,0.150,0.082
78400,0.769,0.148,0.083
78500,0.773,0.146,0.081
78600,0.776,0.146,0.078
78700,0.775,0.146,0.079
78800,0.777,0.146,0.077
78900,0.777,0.148,0.075
79000,0.781,0.147,0.072
79100,0.777,0.146,0.077
79200,0.777,0.143,0.080
79300,0.779,0.141,0.080
79400,0.780,0.141,0.079
79500,0.780,0.141,0.079
79600,0.781,0.141,0.078
79700,0.781,0.141,0.078
79800,0.784,0.141,0.075
79900,0.783,0.141,0.076
80000,0.788,0.141,0.072
80100,0.790,0.141,0.069
80200,0.791,0.139,0.070
80300,0.793,0.138,0.069
80400,0.795,0.137,0.068
80500,0.797,0.137,0.066
80600,0.798,0.137,0.065
80700,0.800,0.137,0.063
80800,0.800,0.137,0.063
80900,0.801,0.137,0.062
81000,0.800,0.137,0.063
81100,0.801,0.137,0.062
81200,0.802,0.137,0.061
81300,0.803,0.137,0.060
81400,0.804,0.136,0.060
81500,0.805,0.135,0.060
81600,0.805,0.135,0.060
81700,0.806,0.135,0.059
81800,0.806,0.135,0.059
81900,0.806,0.135,0.059
82000,0.805,0.135,0.060
82100,0.806,0.135,0.059
82200,0.806,0.135,0.059
82300,0.806,0.135,0.059
82400,0.806,0.135,0.059
82500,0.806,0.134,0.060
82600,0.807,0.134,0.059
82700,0.807,0.134,0.059
82800,0.808,0.133,0.059
82900,0.810,0.133,0.057
83000,0.810,0.133,0.057
83100,0.810,0.133,0.057
83200,0.809,0.133,0.058
83300,0.810,0.133,0.057
83400,0.811,0.133,0.056
83500,0.806,0.133,0.061
83600,0.807,0.133,0.060
83700,0.806,0.133,0.061
83800,0.806,0.133,0.061
83900,0.805,0.135,0.060
84000,0.803,0.138,0.059
84100,0.801,0.137,0.062
84200,0.805,0.134,0.061
84300,0.805,0.134,0.061
84400,0.806,0.134,0.060
84500,0.807,0.134,0.059
84600,0.808,0.134,0.058
84700,0.808,0.134,0.058
84800,0.808,0.134,0.058
84900,0.810,0.134,0.056
85000,0.810,0.134,0.056
85100,0.808,0.133,0.059
85200,0.808,0.133,0.059
85300,0.809,0.133,0.058
85400,0.811,0.133,0.056
85500,0.810,0.133,0.057
85600,0.810,0.133,0.057
85700,0.812,0.132,0.056
85800,0.811,0.132,0.057
85900,0.810,0.132,0.058
86000,0.807,0.131,0.062
86100,0.809,0.128,0.063
86200,0.811,0.128,0.061
86300,0.810,0.127,0.063
86400,0.813,0.127,0.060
86500,0.813,0.127,0.060
86600,0.815,0.127,0.058
86700,0.815,0.127,0.058
86800,0.814,0.127,0.059
86900,0.815,0.127,0.058
87000,0.815,0.127,0.058
87100,0.815,0.127,0.058
87200,0.816,0.127,0.057
87300,0.816,0.127,0.057
87400,0.816,0.127,0.057
87500,0.815,0.129,0.056
87600,0.816,0.129,0.055
87700,0.816,0.128,0.056
87800,0.816,0.128,0.056
87900,0.815,0.128,0.057
88000,0.814,0.127,0.059
88100,0.814,0.127,0.059
88200,0.814,0.127,0.059
88300,0.814,0.127,0.059
88400,0.815,0.127,0.058
88500,0.815,0.127,0.058
88600,0.815,0.127,0.058
88700,0.815,0.127,0.058
88800,0.815,0.127,0.058
88900,0.815,0.127,0.058
89000,0.816,0.127,0.057
89100,0.817,0.126,0.057
89200,0.817,0.126,0.057
89300,0.817,0.126,0.057
89400,0.817,0.126,0.057
89500,0.818,0.125,0.057
89600,0.818,0.125,0.057
89700,0.818,0.125,0.057
89800,0.818,0.123,0.059
89900,0.820,0.122,0.058
90000,0.820,0.122,0.058
90100,0.820,0.122,0.058
90200,0.813,0.122,0.065
90300,0.813,0.122,0.065
90400,0.814,0.122,0.064
90500,0.814,0.122,0.064
90600,0.813,0.122,0.065
90700,0.814,0.122,0.064
90800,0.812,0.122,0.066
90900,0.813,0.122,0.065
91000,0.814,0.122,0.064
91100,0.814,0.122,0.064
91200,0.815,0.122,0.063
91300,0.814,0.122,0.064
91400,0.815,0.122,0.063
91500,0.816,0.122,0.062
91600,0.817,0.120,0.063
91700,0.820,0.117,0.062
91800,0.822,0.117,0.060
91900,0.822,0.117,0.060
92000,0.821,0.117,0.061
92100,0.822,0.117,0.060
92200,0.822,0.117,0.060
92300,0.824,0.117,0.058
92400,0.825,0.117,0.057
92500,0.826,0.117,0.056
92600,0.826,0.117,0.056
92700,0.821,0.117,0.061
92800,0.822,0.117,0.060
92900,0.823,0.117,0.059
93000,0.823,0.117,0.059
93100,0.825,0.116,0.058
93200,0.825,0.116,0.058
93300,0.825,0.116,0.058
93400,0.826,0.116,0.057
93500,0.826,0.116,0.057
93600,0.827,0.116,0.056
93700,0.826,0.116,0.057
93800,0.828,0.116,0.055
93900,0.828,0.116,0.055
94000,0.828,0.116,0.055
94100,0.828,0.116,0.055
94200,0.828,0.116,0.055
94300,0.828,0.116,0.055
94400,0.828,0.116,0.055
94500,0.828,0.116,0.055
94600,0.828,0.116,0.055
94700,0.829,0.115,0.055
94800,0.829,0.115,0.055
94900,0.829,0.115,0.055
95000,0.829,0.115,0.055
95100,0.830,0.115,0.054
95200,0.830,0.115,0.054
95300,0.829,0.115,0.055
95400,0.829,0.115,0.055
95500,0.829,0.115,0.055
95600,0.830,0.115,0.054
95700,0.831,0.115,0.053
95800,0.831,0.115,0.053
95900,0.831,0.115,0.053
96000,0.831,0.115,0.053
96100,0.832,0.115,0.052
96200,0.832,0.114,0.053
96300,0.832,0.114,0.053
96400,0.832,0.114,0.053
96500,0.831,0.114,0.054
96600,0.831,0.114,0.054
96700,0.832,0.114,0.053
96800,0.832,0.114,0.053
96900,0.832,0.114,0.053
97000,0.832,0.113,0.054
97100,0.832,0.113,0.054
97200,0.832,0.113,0.054
97300,0.834,0.113,0.053
97400,0.834,0.113,0.053
97500,0.834,0.113,0.053
97600,0.834,0.113,0.053
97700,0.834,0.113,0.053
97800,0.835,0.113,0.052
97900,0.835,0.113,0.052
98000,0.835,0.113,0.052
98100,0.835,0.113,0.052
98200,0.835,0.113,0.052
98300,0.835,0.113,0.052
98400,0.835,0.113,0.052
98500,0.837,0.113,0.050
98600,0.837,0.113,0.050
98700,0.837,0.113,0.050
98800,0.837,0.113,0.050
98900,0.837,0.113,0.050
99000,0.837,0.113,0.050
99100,0.837,0.113,0.050
99200,0.837,0.113,0.050
99300,0.837,0.113,0.050
99400,0.837,0.113,0.050
99500,0.838,0.112,0.050
99600,0.838,0.112,0.050
99700,0.839,0.112,0.049
99800,0.839,0.112,0.049
99900,0.839,0.112,0.049
100000,0.840,0.112,0.048
