time,n_A+p,n_B,n_AB
500,0.050,0.868,0.082
1000,0.050,0.874,0.076
1500,0.050,0.825,0.125
2000,0.050,0.843,0.107
2500,0.050,0.833,0.117
3000,0.050,0.798,0.152
3500,0.050,0.836,0.114
4000,0.050,0.819,0.131
4500,0.051,0.810,0.139
5000,0.052,0.809,0.139
5500,0.051,0.791,0.158
6000,0.051,0.819,0.130
6500,0.051,0.807,0.142
7000,0.051,0.830,0.119
7500,0.050,0.812,0.138
8000,0.050,0.798,0.152
8500,0.050,0.785,0.165
9000,0.050,0.790,0.160
9500,0.050,0.802,0.148
10000,0.050,0.813,0.137
10500,0.050,0.819,0.131
11000,0.053,0.775,0.172
11500,0.050,0.760,0.190
12000,0.050,0.788,0.162
12500,0.050,0.798,0.152
13000,0.050,0.788,0.162
13500,0.051,0.803,0.146
14000,0.054,0.827,0.119
14500,0.053,0.835,0.112
15000,0.050,0.844,0.106
15500,0.050,0.833,0.117
16000,0.050,0.813,0.137
16500,0.052,0.834,0.114
17000,0.050,0.808,0.142
17500,0.050,0.812,0.138
18000,0.050,0.806,0.144
18500,0.050,0.815,0.135
19000,0.053,0.812,0.135
19500,0.050,0.797,0.153
20000,0.050,0.806,0.144
20500,0.050,0.798,0.152
21000,0.051,0.805,0.144
21500,0.050,0.817,0.133
22000,0.050,0.829,0.121
22500,0.050,0.828,0.122
23000,0.050,0.796,0.154
23500,0.050,0.814,0.136
24000,0.050,0.834,0.116
24500,0.050,0.842,0.108
25000,0.051,0.805,0.144
25500,0.050,0.843,0.107
26000,0.050,0.822,0.128
26500,0.052,0.831,0.117
27000,0.051,0.841,0.108
27500,0.050,0.823,0.127
28000,0.052,0.812,0.136
28500,0.051,0.819,0.130
29000,0.050,0.827,0.123
29500,0.050,0.801,0.149
30000,0.050,0.861,0.089
30500,0.050,0.817,0.133
31000,0.050,0.838,0.112
31500,0.052,0.838,0.110
32000,0.051,0.795,0.154
32500,0.050,0.816,0.134
33000,0.050,0.771,0.179
33500,0.050,0.798,0.152
34000,0.050,0.797,0.153
34500,0.050,0.800,0.150
35000,0.050,0.805,0.145
35500,0.050,0.789,0.161
36000,0.050,0.776,0.174
36500,0.050,0.802,0.148
37000,0.050,0.811,0.139
37500,0.050,0.821,0.129
38000,0.050,0.829,0.121
38500,0.050,0.838,0.112
39000,0.050,0.809,0.141
39500,0.050,0.848,0.102
40000,0.050,0.823,0.127
40500,0.050,0.833,0.117
41000,0.050,0.822,0.128
41500,0.050,0.849,0.101
42000,0.051,0.826,0.123
42500,0.050,0.842,0.108
43000,0.050,0.799,0.151
43500,0.050,0.813,0.137
44000,0.050,0.807,0.143
44500,0.050,0.817,0.133
45000,0.050,0.808,0.142
45500,0.051,0.803,0.146
46000,0.050,0.825,0.125
46500,0.050,0.816,0.134
47000,0.050,0.822,0.128
47500,0.051,0.833,0.116
48000,0.050,0.820,0.130
48500,0.052,0.824,0.124
49000,0.050,0.795,0.155
49500,0.050,0.749,0.201
50000,0.052,0.778,0.170
50500,0.050,0.753,0.197
51000,0.050,0.804,0.146
51500,0.050,0.822,0.128
52000,0.050,0.815,0.135
52500,0.051,0.864,0.085
53000,0.050,0.841,0.109
53500,0.050,0.822,0.128
54000,0.052,0.820,0.128
54500,0.053,0.818,0.129
55000,0.053,0.804,0.143
55500,0.051,0.825,0.124
56000,0.051,0.822,0.127
56500,0.050,0.808,0.142
57000,0.050,0.829,0.121
57500,0.051,0.819,0.130
58000,0.050,0.808,0.142
58500,0.050,0.801,0.149
59000,0.051,0.804,0.145
59500,0.051,0.825,0.124
60000,0.050,0.832,0.118
60500,0.050,0.815,0.135
61000,0.050,0.824,0.126
61500,0.050,0.805,0.145
62000,0.052,0.823,0.125
62500,0.050,0.824,0.126
63000,0.052,0.828,0.120
63500,0.053,0.830,0.117
64000,0.051,0.819,0.130
64500,0.051,0.814,0.135
65000,0.050,0.807,0.143
65500,0.050,0.766,0.184
66000,0.050,0.790,0.160
66500,0.050,0.769,0.181
67000,0.052,0.768,0.180
67500,0.054,0.788,0.158
68000,0.051,0.796,0.153
68500,0.050,0.773,0.177
69000,0.050,0.806,0.144
69500,0.050,0.785,0.165
70000,0.050,0.833,0.117
70500,0.050,0.823,0.127
71000,0.051,0.813,0.136
71500,0.050,0.837,0.113
72000,0.050,0.823,0.127
72500,0.050,0.816,0.134
73000,0.050,0.835,0.115
73500,0.051,0.843,0.106
74000,0.050,0.831,0.119
74500,0.050,0.812,0.138
75000,0.050,0.818,0.132
75500,0.050,0.804,0.146
76000,0.050,0.803,0.147
76500,0.050,0.828,0.122
77000,0.050,0.804,0.146
77500,0.050,0.810,0.140
78000,0.050,0.837,0.113
78500,0.051,0.842,0.107
79000,0.052,0.823,0.125
79500,0.051,0.802,0.147
80000,0.054,0.782,0.164
80500,0.052,0.817,0.131
81000,0.050,0.832,0.118
81500,0.051,0.808,0.141
82000,0.050,0.776,0.174
82500,0.050,0.784,0.166
83000,0.050,0.794,0.156
83500,0.050,0.848,0.102
84000,0.051,0.812,0.137
84500,0.050,0.871,0.079
85000,0.050,0.843,0.107
85500,0.050,0.819,0.131
86000,0.050,0.836,0.114
86500,0.050,0.833,0.117
87000,0.050,0.790,0.160
87500,0.050,0.831,0.119
88000,0.050,0.802,0.148
88500,0.050,0.810,0.140
89000,0.050,0.804,0.146
89500,0.051,0.779,0.170
90000,0.050,0.790,0.160
90500,0.050,0.793,0.157
91000,0.050,0.820,0.130
91500,0.050,0.823,0.127
92000,0.050,0.803,0.147
92500,0.050,0.797,0.153
93000,0.050,0.782,0.168
93500,0.050,0.817,0.133
94000,0.050,0.817,0.133
94500,0.050,0.776,0.174
95000,0.050,0.798,0.152
95500,0.053,0.794,0.153
96000,0.052,0.807,0.141
96500,0.050,0.837,0.113
97000,0.050,0.830,0.120
97500,0.050,0.822,0.128
98000,0.052,0.813,0.135
98500,0.051,0.811,0.138
99000,0.051,0.784,0.165
99500,0.050,0.787,0.163
100000,0.050,0.775,0.175
100500,0.052,0.787,0.161
101000,0.051,0.773,0.176
101500,0.050,0.743,0.207
102000,0.050,0.782,0.168
102500,0.050,0.798,0.152
103000,0.050,0.837,0.113
103500,0.050,0.821,0.129
104000,0.050,0.855,0.095
104500,0.050,0.823,0.127
105000,0.050,0.815,0.135
105500,0.050,0.803,0.147
106000,0.052,0.800,0.148
106500,0.053,0.785,0.162
107000,0.050,0.791,0.159
107500,0.050,0.813,0.137
108000,0.050,0.788,0.162
108500,0.050,0.788,0.162
109000,0.050,0.814,0.136
109500,0.050,0.777,0.173
110000,0.051,0.801,0.148
110500,0.050,0.782,0.168
111000,0.052,0.770,0.178
111500,0.051,0.782,0.167
112000,0.053,0.768,0.179
112500,0.051,0.823,0.126
113000,0.050,0.859,0.091
113500,0.052,0.801,0.147
114000,0.051,0.801,0.148
114500,0.050,0.752,0.198
115000,0.050,0.816,0.134
115500,0.050,0.817,0.133
116000,0.050,0.792,0.158
116500,0.050,0.767,0.183
117000,0.050,0.768,0.182
117500,0.056,0.782,0.162
118000,0.052,0.784,0.164
118500,0.050,0.808,0.142
119000,0.050,0.801,0.149
119500,0.050,0.777,0.173
120000,0.051,0.782,0.167
120500,0.050,0.800,0.150
121000,0.050,0.817,0.133
121500,0.050,0.842,0.108
122000,0.050,0.831,0.119
122500,0.050,0.849,0.101
123000,0.050,0.827,0.123
123500,0.050,0.833,0.117
124000,0.050,0.851,0.099
124500,0.052,0.837,0.111
125000,0.050,0.854,0.096
125500,0.050,0.832,0.118
126000,0.050,0.851,0.099
126500,0.050,0.840,0.110
127000,0.050,0.787,0.163
127500,0.052,0.767,0.181
128000,0.054,0.813,0.133
128500,0.050,0.807,0.143
129000,0.052,0.815,0.133
129500,0.054,0.833,0.113
130000,0.052,0.775,0.173
130500,0.054,0.750,0.196
131000,0.051,0.749,0.200
131500,0.050,0.767,0.183
132000,0.050,0.779,0.171
132500,0.050,0.781,0.169
133000,0.050,0.769,0.181
133500,0.050,0.767,0.183
134000,0.050,0.780,0.170
134500,0.050,0.799,0.151
135000,0.051,0.777,0.172
135500,0.050,0.791,0.159
136000,0.050,0.811,0.139
136500,0.050,0.794,0.156
137000,0.050,0.777,0.173
137500,0.050,0.819,0.131
138000,0.050,0.800,0.150
138500,0.050,0.819,0.131
139000,0.050,0.806,0.144
139500,0.050,0.798,0.152
140000,0.053,0.807,0.140
140500,0.051,0.792,0.157
141000,0.050,0.799,0.151
141500,0.050,0.819,0.131
142000,0.050,0.836,0.114
142500,0.050,0.826,0.124
143000,0.050,0.833,0.117
143500,0.050,0.859,0.091
144000,0.051,0.832,0.117
144500,0.053,0.813,0.134
145000,0.051,0.828,0.121
145500,0.050,0.837,0.113
146000,0.050,0.836,0.114
146500,0.051,0.839,0.110
147000,0.052,0.826,0.122
147500,0.050,0.824,0.126
148000,0.053,0.821,0.126
148500,0.051,0.812,0.137
149000,0.053,0.816,0.131
149500,0.051,0.811,0.138
150000,0.050,0.813,0.137
150500,0.050,0.816,0.134
151000,0.051,0.848,0.101
151500,0.051,0.820,0.129
152000,0.050,0.832,0.118
152500,0.050,0.844,0.106
153000,0.050,0.841,0.109
153500,0.050,0.818,0.132
154000,0.050,0.832,0.118
154500,0.050,0.810,0.140
155000,0.050,0.786,0.164
155500,0.052,0.784,0.164
156000,0.051,0.793,0.156
156500,0.051,0.816,0.133
157000,0.054,0.800,0.146
157500,0.051,0.777,0.172
158000,0.052,0.786,0.162
158500,0.051,0.795,0.154
159000,0.053,0.750,0.197
159500,0.053,0.822,0.125
160000,0.050,0.810,0.140
160500,0.050,0.807,0.143
161000,0.050,0.798,0.152
161500,0.050,0.847,0.103
162000,0.054,0.810,0.136
162500,0.054,0.814,0.132
163000,0.053,0.788,0.159
163500,0.052,0.788,0.160
164000,0.050,0.810,0.140
164500,0.052,0.832,0.116
165000,0.052,0.838,0.110
165500,0.051,0.808,0.141
166000,0.050,0.824,0.126
166500,0.050,0.799,0.151
167000,0.050,0.807,0.143
167500,0.051,0.801,0.148
168000,0.050,0.813,0.137
168500,0.050,0.807,0.143
169000,0.050,0.797,0.153
169500,0.051,0.810,0.139
170000,0.050,0.779,0.171
170500,0.050,0.750,0.200
171000,0.052,0.792,0.156
171500,0.053,0.829,0.118
172000,0.053,0.845,0.102
172500,0.050,0.817,0.133
173000,0.050,0.802,0.148
173500,0.051,0.793,0.156
174000,0.050,0.818,0.132
174500,0.050,0.793,0.157
175000,0.050,0.836,0.114
175500,0.054,0.801,0.145
176000,0.051,0.811,0.138
176500,0.050,0.778,0.172
177000,0.050,0.796,0.154
177500,0.055,0.781,0.164
178000,0.054,0.780,0.166
178500,0.053,0.777,0.170
179000,0.052,0.794,0.154
179500,0.050,0.801,0.149
180000,0.052,0.807,0.141
180500,0.050,0.851,0.099
181000,0.050,0.832,0.118
181500,0.050,0.810,0.140
182000,0.051,0.825,0.124
182500,0.052,0.835,0.113
183000,0.050,0.805,0.145
183500,0.050,0.812,0.138
184000,0.051,0.773,0.176
184500,0.051,0.775,0.174
185000,0.051,0.787,0.162
185500,0.050,0.817,0.133
186000,0.050,0.828,0.122
186500,0.051,0.821,0.128
187000,0.050,0.798,0.152
187500,0.056,0.767,0.177
188000,0.050,0.815,0.135
188500,0.050,0.830,0.120
189000,0.050,0.817,0.133
189500,0.050,0.829,0.121
190000,0.050,0.835,0.115
190500,0.050,0.831,0.119
191000,0.050,0.864,0.086
191500,0.050,0.822,0.128
192000,0.050,0.831,0.119
192500,0.050,0.821,0.129
193000,0.050,0.826,0.124
193500,0.052,0.818,0.130
194000,0.050,0.850,0.100
194500,0.050,0.827,0.123
195000,0.051,0.809,0.140
195500,0.050,0.817,0.133
196000,0.052,0.778,0.170
196500,0.051,0.822,0.127
197000,0.050,0.806,0.144
197500,0.050,0.787,0.163
198000,0.052,0.777,0.171
198500,0.052,0.788,0.160
199000,0.050,0.780,0.170
199500,0.050,0.812,0.138
200000,0.050,0.795,0.155
200500,0.050,0.805,0.145
201000,0.051,0.803,0.146
201500,0.051,0.786,0.163
202000,0.050,0.781,0.169
202500,0.050,0.767,0.183
203000,0.055,0.777,0.168
203500,0.052,0.805,0.143
204000,0.050,0.803,0.147
204500,0.050,0.818,0.132
205000,0.050,0.808,0.142
205500,0.050,0.784,0.166
206000,0.050,0.776,0.174
206500,0.050,0.792,0.158
207000,0.050,0.819,0.131
207500,0.051,0.823,0.126
208000,0.052,0.844,0.104
208500,0.050,0.829,0.121
209000,0.053,0.822,0.125
209500,0.050,0.770,0.180
210000,0.054,0.780,0.166
210500,0.054,0.790,0.156
211000,0.051,0.758,0.191
211500,0.050,0.788,0.162
212000,0.053,0.795,0.152
212500,0.051,0.775,0.174
213000,0.053,0.792,0.155
213500,0.051,0.827,0.122
214000,0.050,0.814,0.136
214500,0.050,0.797,0.153
215000,0.053,0.812,0.135
215500,0.050,0.813,0.137
216000,0.050,0.832,0.118
216500,0.050,0.843,0.107
217000,0.050,0.826,0.124
217500,0.053,0.789,0.158
218000,0.051,0.791,0.158
218500,0.050,0.762,0.188
219000,0.050,0.807,0.143
219500,0.050,0.819,0.131
220000,0.050,0.831,0.119
220500,0.052,0.811,0.137
221000,0.053,0.816,0.131
221500,0.051,0.805,0.144
222000,0.050,0.766,0.184
222500,0.050,0.787,0.163
223000,0.052,0.805,0.143
223500,0.052,0.805,0.143
224000,0.050,0.805,0.145
224500,0.050,0.781,0.169
225000,0.050,0.779,0.171
225500,0.050,0.780,0.170
226000,0.050,0.800,0.150
226500,0.050,0.843,0.107
227000,0.050,0.829,0.121
227500,0.050,0.817,0.133
228000,0.050,0.778,0.172
228500,0.050,0.774,0.176
229000,0.050,0.802,0.148
229500,0.053,0.797,0.150
230000,0.050,0.796,0.154
230500,0.050,0.772,0.178
231000,0.050,0.784,0.166
231500,0.050,0.787,0.163
232000,0.052,0.815,0.133
232500,0.050,0.834,0.116
233000,0.050,0.816,0.134
233500,0.050,0.845,0.105
234000,0.050,0.833,0.117
234500,0.050,0.848,0.102
235000,0.050,0.855,0.095
235500,0.050,0.842,0.108
236000,0.050,0.839,0.111
236500,0.050,0.839,0.111
237000,0.053,0.808,0.139
237500,0.050,0.811,0.139
238000,0.053,0.782,0.165
238500,0.057,0.781,0.162
239000,0.053,0.786,0.161
239500,0.051,0.776,0.173
240000,0.054,0.796,0.150
240500,0.053,0.807,0.140
241000,0.050,0.825,0.125
241500,0.050,0.803,0.147
242000,0.051,0.820,0.129
242500,0.050,0.828,0.122
243000,0.050,0.806,0.144
243500,0.050,0.806,0.144
244000,0.051,0.810,0.139
244500,0.051,0.784,0.165
245000,0.050,0.828,0.122
245500,0.050,0.868,0.082
246000,0.050,0.847,0.103
246500,0.050,0.833,0.117
247000,0.050,0.849,0.101
247500,0.050,0.806,0.144
248000,0.053,0.783,0.164
248500,0.050,0.766,0.184
249000,0.050,0.797,0.153
249500,0.050,0.802,0.148
250000,0.051,0.757,0.192
250500,0.050,0.806,0.144
251000,0.050,0.815,0.135
251500,0.050,0.792,0.158
252000,0.053,0.789,0.158
252500,0.050,0.810,0.140
253000,0.050,0.807,0.143
253500,0.055,0.844,0.101
254000,0.052,0.834,0.114
254500,0.050,0.828,0.122
255000,0.050,0.831,0.119
255500,0.050,0.804,0.146
256000,0.050,0.802,0.148
256500,0.050,0.823,0.127
257000,0.050,0.795,0.155
257500,0.050,0.798,0.152
258000,0.050,0.803,0.147
258500,0.053,0.759,0.188
259000,0.051,0.806,0.143
259500,0.050,0.827,0.123
260000,0.052,0.829,0.119
260500,0.051,0.850,0.099
261000,0.050,0.797,0.153
261500,0.052,0.809,0.139
262000,0.053,0.803,0.144
262500,0.053,0.770,0.177
263000,0.051,0.784,0.165
263500,0.050,0.812,0.138
264000,0.052,0.801,0.147
264500,0.050,0.803,0.147
265000,0.050,0.818,0.132
265500,0.050,0.807,0.143
266000,0.050,0.791,0.159
266500,0.050,0.795,0.155
267000,0.050,0.834,0.116
267500,0.052,0.829,0.119
268000,0.050,0.839,0.111
268500,0.051,0.827,0.122
269000,0.051,0.825,0.124
269500,0.050,0.795,0.155
270000,0.051,0.834,0.115
270500,0.050,0.850,0.100
271000,0.050,0.829,0.121
271500,0.050,0.802,0.148
272000,0.050,0.819,0.131
272500,0.050,0.772,0.178
273000,0.052,0.788,0.160
273500,0.053,0.790,0.157
274000,0.051,0.797,0.152
274500,0.054,0.786,0.160
275000,0.052,0.816,0.132
275500,0.050,0.801,0.149
276000,0.050,0.763,0.187
276500,0.050,0.792,0.158
277000,0.050,0.771,0.179
277500,0.050,0.792,0.158
278000,0.050,0.821,0.129
278500,0.050,0.796,0.154
279000,0.052,0.810,0.138
279500,0.050,0.806,0.144
280000,0.050,0.792,0.158
280500,0.050,0.808,0.142
281000,0.050,0.801,0.149
281500,0.050,0.835,0.115
282000,0.050,0.859,0.091
282500,0.053,0.818,0.129
283000,0.051,0.803,0.146
283500,0.051,0.814,0.135
284000,0.056,0.784,0.160
284500,0.052,0.790,0.158
285000,0.051,0.822,0.127
285500,0.052,0.836,0.112
286000,0.052,0.831,0.117
286500,0.051,0.804,0.145
287000,0.053,0.807,0.140
287500,0.054,0.772,0.174
288000,0.051,0.781,0.168
288500,0.052,0.778,0.170
289000,0.051,0.751,0.198
289500,0.052,0.814,0.134
290000,0.050,0.811,0.139
290500,0.050,0.813,0.137
291000,0.050,0.781,0.169
291500,0.050,0.816,0.134
292000,0.050,0.772,0.178
292500,0.052,0.794,0.154
293000,0.051,0.797,0.152
293500,0.051,0.819,0.130
294000,0.051,0.821,0.128
294500,0.050,0.799,0.151
295000,0.050,0.824,0.126
295500,0.050,0.810,0.140
296000,0.050,0.821,0.129
296500,0.053,0.815,0.132
297000,0.052,0.849,0.099
297500,0.051,0.830,0.119
298000,0.051,0.840,0.109
298500,0.050,0.826,0.124
299000,0.052,0.801,0.147
299500,0.050,0.788,0.162
300000,0.052,0.779,0.169
300500,0.053,0.771,0.176
301000,0.052,0.802,0.146
301500,0.051,0.783,0.166
302000,0.050,0.795,0.155
302500,0.050,0.804,0.146
303000,0.050,0.817,0.133
303500,0.050,0.817,0.133
304000,0.050,0.792,0.158
304500,0.050,0.819,0.131
305000,0.050,0.833,0.117
305500,0.050,0.798,0.152
306000,0.054,0.785,0.161
306500,0.051,0.766,0.183
307000,0.051,0.795,0.154
307500,0.051,0.813,0.136
308000,0.053,0.806,0.141
308500,0.050,0.793,0.157
309000,0.050,0.787,0.163
309500,0.050,0.760,0.190
310000,0.050,0.790,0.160
310500,0.052,0.784,0.164
311000,0.052,0.782,0.166
311500,0.050,0.801,0.149
312000,0.050,0.818,0.132
312500,0.050,0.822,0.128
313000,0.050,0.857,0.093
313500,0.050,0.845,0.105
314000,0.050,0.811,0.139
314500,0.050,0.833,0.117
315000,0.050,0.817,0.133
315500,0.050,0.839,0.111
316000,0.050,0.827,0.123
316500,0.052,0.818,0.130
317000,0.051,0.756,0.193
317500,0.052,0.741,0.207
318000,0.050,0.788,0.162
318500,0.050,0.793,0.157
319000,0.055,0.779,0.166
319500,0.052,0.795,0.153
320000,0.050,0.786,0.164
320500,0.050,0.773,0.177
321000,0.050,0.801,0.149
321500,0.051,0.761,0.188
322000,0.050,0.792,0.158
322500,0.054,0.795,0.151
323000,0.051,0.759,0.190
323500,0.053,0.786,0.161
324000,0.050,0.807,0.143
324500,0.050,0.798,0.152
325000,0.052,0.784,0.164
325500,0.050,0.801,0.149
326000,0.050,0.846,0.104
326500,0.050,0.842,0.108
327000,0.050,0.836,0.114
327500,0.050,0.804,0.146
328000,0.050,0.814,0.136
328500,0.050,0.824,0.126
329000,0.052,0.824,0.124
329500,0.051,0.811,0.138
330000,0.050,0.797,0.153
330500,0.050,0.778,0.172
331000,0.050,0.817,0.133
331500,0.050,0.818,0.132
332000,0.050,0.796,0.154
332500,0.050,0.812,0.138
333000,0.050,0.793,0.157
333500,0.051,0.790,0.159
334000,0.050,0.808,0.142
334500,0.050,0.787,0.163
335000,0.054,0.816,0.130
335500,0.053,0.808,0.139
336000,0.054,0.802,0.144
336500,0.052,0.797,0.151
337000,0.051,0.847,0.102
337500,0.051,0.816,0.133
338000,0.051,0.812,0.137
338500,0.050,0.825,0.125
339000,0.050,0.830,0.120
339500,0.050,0.810,0.140
340000,0.050,0.827,0.123
340500,0.054,0.849,0.097
341000,0.052,0.817,0.131
341500,0.051,0.776,0.173
342000,0.050,0.771,0.179
342500,0.053,0.829,0.118
343000,0.053,0.807,0.140
343500,0.053,0.791,0.156
344000,0.050,0.758,0.192
344500,0.056,0.735,0.209
345000,0.051,0.752,0.197
345500,0.054,0.742,0.204
346000,0.050,0.756,0.194
346500,0.050,0.804,0.146
347000,0.050,0.792,0.158
347500,0.050,0.802,0.148
348000,0.050,0.799,0.151
348500,0.052,0.811,0.137
349000,0.052,0.812,0.136
349500,0.050,0.797,0.153
350000,0.050,0.797,0.153
350500,0.052,0.812,0.136
351000,0.050,0.789,0.161
351500,0.050,0.810,0.140
352000,0.050,0.780,0.170
352500,0.053,0.758,0.189
353000,0.052,0.789,0.159
353500,0.051,0.797,0.152
354000,0.050,0.814,0.136
354500,0.050,0.837,0.113
355000,0.050,0.814,0.136
355500,0.050,0.807,0.143
356000,0.052,0.825,0.123
356500,0.050,0.801,0.149
357000,0.050,0.812,0.138
357500,0.050,0.803,0.147
358000,0.052,0.805,0.143
358500,0.051,0.741,0.208
359000,0.050,0.795,0.155
359500,0.050,0.806,0.144
360000,0.052,0.771,0.177
360500,0.050,0.785,0.165
361000,0.053,0.783,0.164
361500,0.051,0.794,0.155
362000,0.052,0.806,0.142
362500,0.050,0.827,0.123
363000,0.050,0.856,0.094
363500,0.050,0.845,0.105
364000,0.050,0.824,0.126
364500,0.050,0.830,0.120
365000,0.050,0.824,0.126
365500,0.050,0.811,0.139
366000,0.051,0.771,0.178
366500,0.054,0.740,0.206
367000,0.050,0.753,0.197
367500,0.053,0.825,0.122
368000,0.052,0.818,0.130
368500,0.051,0.814,0.135
369000,0.050,0.810,0.140
369500,0.050,0.835,0.115
370000,0.050,0.881,0.069
370500,0.050,0.850,0.100
371000,0.050,0.862,0.088
371500,0.050,0.868,0.082
372000,0.050,0.848,0.102
372500,0.050,0.831,0.119
373000,0.050,0.807,0.143
373500,0.050,0.782,0.168
374000,0.051,0.797,0.152
374500,0.051,0.767,0.182
375000,0.050,0.787,0.163
375500,0.050,0.795,0.155
376000,0.050,0.836,0.114
376500,0.050,0.820,0.130
377000,0.050,0.824,0.126
377500,0.050,0.825,0.125
378000,0.050,0.847,0.103
378500,0.050,0.839,0.111
379000,0.050,0.826,0.124
379500,0.050,0.798,0.152
380000,0.050,0.804,0.146
380500,0.050,0.813,0.137
381000,0.050,0.825,0.125
381500,0.050,0.822,0.128
382000,0.050,0.778,0.172
382500,0.050,0.776,0.174
383000,0.050,0.790,0.160
383500,0.050,0.842,0.108
384000,0.050,0.824,0.126
384500,0.052,0.805,0.143
385000,0.051,0.808,0.141
385500,0.053,0.819,0.128
386000,0.051,0.819,0.130
386500,0.050,0.821,0.129
387000,0.054,0.775,0.171
387500,0.053,0.773,0.174
388000,0.051,0.804,0.145
388500,0.051,0.788,0.161
389000,0.051,0.792,0.157
389500,0.052,0.816,0.132
390000,0.050,0.844,0.106
390500,0.050,0.800,0.150
391000,0.050,0.809,0.141
391500,0.050,0.795,0.155
392000,0.050,0.819,0.131
392500,0.050,0.821,0.129
393000,0.051,0.824,0.125
393500,0.050,0.783,0.167
394000,0.057,0.779,0.164
394500,0.051,0.803,0.146
395000,0.051,0.778,0.171
395500,0.051,0.751,0.198
396000,0.052,0.775,0.173
396500,0.052,0.766,0.182
397000,0.054,0.784,0.162
397500,0.050,0.827,0.123
398000,0.050,0.842,0.108
398500,0.050,0.837,0.113
399000,0.050,0.830,0.120
399500,0.050,0.798,0.152
400000,0.050,0.797,0.153
400500,0.053,0.798,0.149
401000,0.051,0.795,0.154
401500,0.050,0.812,0.138
402000,0.051,0.867,0.082
402500,0.053,0.858,0.089
403000,0.050,0.787,0.163
403500,0.050,0.798,0.152
404000,0.052,0.790,0.158
404500,0.051,0.804,0.145
405000,0.050,0.800,0.150
405500,0.053,0.755,0.192
406000,0.051,0.807,0.142
406500,0.050,0.816,0.134
407000,0.050,0.837,0.113
407500,0.050,0.827,0.123
408000,0.050,0.846,0.104
408500,0.050,0.853,0.097
409000,0.050,0.830,0.120
409500,0.050,0.821,0.129
410000,0.051,0.814,0.135
410500,0.051,0.797,0.152
411000,0.052,0.788,0.160
411500,0.051,0.789,0.160
412000,0.050,0.806,0.144
412500,0.053,0.828,0.119
413000,0.050,0.812,0.138
413500,0.050,0.824,0.126
414000,0.050,0.797,0.153
414500,0.050,0.769,0.181
415000,0.050,0.775,0.175
415500,0.051,0.780,0.169
416000,0.051,0.762,0.187
416500,0.054,0.793,0.153
417000,0.050,0.757,0.193
417500,0.050,0.801,0.149
418000,0.050,0.763,0.187
418500,0.050,0.805,0.145
419000,0.050,0.804,0.146
419500,0.050,0.773,0.177
420000,0.050,0.826,0.124
420500,0.050,0.828,0.122
421000,0.050,0.802,0.148
421500,0.050,0.783,0.167
422000,0.050,0.795,0.155
422500,0.054,0.787,0.159
423000,0.057,0.789,0.154
423500,0.051,0.841,0.108
424000,0.051,0.848,0.101
424500,0.052,0.824,0.124
425000,0.050,0.806,0.144
425500,0.051,0.821,0.128
426000,0.050,0.842,0.108
426500,0.050,0.813,0.137
427000,0.050,0.832,0.118
427500,0.050,0.826,0.124
428000,0.050,0.806,0.144
428500,0.050,0.790,0.160
429000,0.050,0.790,0.160
429500,0.051,0.787,0.162
430000,0.051,0.810,0.139
430500,0.050,0.770,0.180
431000,0.054,0.759,0.187
431500,0.056,0.769,0.175
432000,0.053,0.768,0.179
432500,0.051,0.814,0.135
433000,0.050,0.846,0.104
433500,0.050,0.844,0.106
434000,0.050,0.856,0.094
434500,0.052,0.829,0.119
435000,0.050,0.812,0.138
435500,0.050,0.839,0.111
436000,0.050,0.847,0.103
436500,0.050,0.848,0.102
437000,0.052,0.826,0.122
437500,0.050,0.811,0.139
438000,0.050,0.778,0.172
438500,0.050,0.789,0.161
439000,0.050,0.796,0.154
439500,0.050,0.784,0.166
440000,0.053,0.782,0.165
440500,0.053,0.782,0.165
441000,0.051,0.771,0.178
441500,0.053,0.786,0.161
442000,0.055,0.760,0.185
442500,0.052,0.779,0.169
443000,0.050,0.779,0.171
443500,0.050,0.780,0.170
444000,0.050,0.761,0.189
444500,0.053,0.786,0.161
445000,0.051,0.831,0.118
445500,0.050,0.803,0.147
446000,0.050,0.792,0.158
446500,0.053,0.762,0.185
447000,0.053,0.765,0.182
447500,0.050,0.786,0.164
448000,0.051,0.777,0.172
448500,0.050,0.829,0.121
449000,0.050,0.831,0.119
449500,0.050,0.842,0.108
450000,0.050,0.813,0.137
450500,0.050,0.843,0.107
451000,0.050,0.843,0.107
451500,0.050,0.867,0.083
452000,0.050,0.832,0.118
452500,0.050,0.794,0.156
453000,0.051,0.779,0.170
453500,0.052,0.786,0.162
454000,0.050,0.787,0.163
454500,0.050,0.833,0.117
455000,0.050,0.832,0.118
455500,0.050,0.837,0.113
456000,0.050,0.819,0.131
456500,0.050,0.818,0.132
457000,0.050,0.794,0.156
457500,0.050,0.804,0.146
458000,0.052,0.824,0.124
458500,0.053,0.804,0.143
459000,0.052,0.780,0.168
459500,0.055,0.756,0.189
460000,0.050,0.783,0.167
460500,0.052,0.766,0.182
461000,0.051,0.792,0.157
461500,0.050,0.810,0.140
462000,0.050,0.830,0.120
462500,0.050,0.858,0.092
463000,0.050,0.851,0.099
463500,0.050,0.838,0.112
464000,0.050,0.846,0.104
464500,0.050,0.811,0.139
465000,0.050,0.823,0.127
465500,0.050,0.839,0.111
466000,0.050,0.830,0.120
466500,0.051,0.811,0.138
467000,0.051,0.831,0.118
467500,0.050,0.819,0.131
468000,0.050,0.783,0.167
468500,0.055,0.805,0.140
469000,0.052,0.795,0.153
469500,0.052,0.793,0.155
470000,0.052,0.790,0.158
470500,0.052,0.737,0.211
471000,0.050,0.779,0.171
471500,0.050,0.774,0.176
472000,0.055,0.770,0.175
472500,0.053,0.799,0.148
473000,0.050,0.835,0.115
473500,0.054,0.832,0.114
474000,0.050,0.838,0.112
474500,0.050,0.810,0.140
475000,0.051,0.830,0.119
475500,0.050,0.813,0.137
476000,0.050,0.816,0.134
476500,0.050,0.822,0.128
477000,0.050,0.820,0.130
477500,0.052,0.812,0.136
478000,0.051,0.809,0.140
478500,0.050,0.831,0.119
479000,0.050,0.829,0.121
479500,0.050,0.790,0.160
480000,0.052,0.793,0.155
480500,0.051,0.781,0.168
481000,0.051,0.790,0.159
481500,0.053,0.793,0.154
482000,0.055,0.787,0.158
482500,0.051,0.761,0.188
483000,0.050,0.761,0.189
483500,0.050,0.815,0.135
484000,0.050,0.829,0.121
484500,0.050,0.810,0.140
485000,0.050,0.802,0.148
485500,0.050,0.789,0.161
486000,0.050,0.799,0.151
486500,0.050,0.781,0.169
487000,0.050,0.825,0.125
487500,0.050,0.828,0.122
488000,0.050,0.805,0.145
488500,0.054,0.784,0.162
489000,0.052,0.796,0.152
489500,0.050,0.822,0.128
490000,0.050,0.803,0.147
490500,0.053,0.806,0.141
491000,0.052,0.792,0.156
491500,0.051,0.803,0.146
492000,0.050,0.812,0.138
492500,0.050,0.831,0.119
493000,0.050,0.798,0.152
493500,0.050,0.798,0.152
494000,0.051,0.794,0.155
494500,0.051,0.830,0.119
495000,0.050,0.846,0.104
495500,0.051,0.783,0.166
496000,0.055,0.758,0.187
496500,0.052,0.768,0.180
497000,0.052,0.791,0.157
497500,0.050,0.800,0.150
498000,0.051,0.819,0.130
498500,0.050,0.812,0.138
499000,0.050,0.819,0.131
499500,0.050,0.819,0.131
500000,0.050,0.808,0.142
500500,0.053,0.832,0.115
501000,0.050,0.818,0.132
501500,0.050,0.803,0.147
502000,0.050,0.810,0.140
502500,0.050,0.810,0.140
503000,0.050,0.827,0.123
503500,0.050,0.833,0.117
504000,0.050,0.809,0.141
504500,0.050,0.827,0.123
505000,0.050,0.820,0.130
505500,0.050,0.800,0.150
506000,0.050,0.824,0.126
506500,0.050,0.806,0.144
507000,0.050,0.768,0.182
507500,0.050,0.783,0.167
508000,0.050,0.804,0.146
508500,0.050,0.822,0.128
509000,0.052,0.828,0.120
509500,0.050,0.794,0.156
510000,0.050,0.778,0.172
510500,0.050,0.788,0.162
511000,0.050,0.792,0.158
511500,0.050,0.802,0.148
512000,0.050,0.811,0.139
512500,0.050,0.784,0.166
513000,0.053,0.789,0.158
513500,0.050,0.796,0.154
514000,0.050,0.814,0.136
514500,0.050,0.786,0.164
515000,0.050,0.788,0.162
515500,0.051,0.824,0.125
516000,0.050,0.826,0.124
516500,0.050,0.824,0.126
517000,0.050,0.827,0.123
517500,0.050,0.834,0.116
518000,0.050,0.840,0.110
518500,0.050,0.826,0.124
519000,0.051,0.848,0.101
519500,0.051,0.826,0.123
520000,0.050,0.810,0.140
520500,0.050,0.797,0.153
521000,0.050,0.806,0.144
521500,0.050,0.798,0.152
522000,0.052,0.805,0.143
522500,0.052,0.809,0.139
523000,0.052,0.758,0.190
523500,0.050,0.784,0.166
524000,0.050,0.790,0.160
524500,0.050,0.801,0.149
525000,0.051,0.786,0.163
525500,0.050,0.793,0.157
526000,0.050,0.803,0.147
526500,0.050,0.814,0.136
527000,0.050,0.808,0.142
527500,0.050,0.823,0.127
528000,0.050,0.786,0.164
528500,0.051,0.783,0.166
529000,0.050,0.804,0.146
529500,0.050,0.763,0.187
530000,0.053,0.770,0.177
530500,0.050,0.771,0.179
531000,0.051,0.781,0.168
531500,0.050,0.800,0.150
532000,0.050,0.802,0.148
532500,0.050,0.774,0.176
533000,0.054,0.776,0.170
533500,0.052,0.786,0.162
534000,0.051,0.783,0.166
534500,0.051,0.795,0.154
535000,0.053,0.791,0.156
535500,0.052,0.785,0.163
536000,0.052,0.805,0.143
536500,0.052,0.800,0.148
537000,0.054,0.804,0.142
537500,0.054,0.788,0.158
538000,0.055,0.793,0.152
538500,0.050,0.758,0.192
539000,0.054,0.719,0.227
539500,0.056,0.728,0.216
540000,0.053,0.764,0.183
540500,0.052,0.759,0.189
541000,0.051,0.776,0.173
541500,0.053,0.820,0.127
542000,0.051,0.825,0.124
542500,0.050,0.810,0.140
543000,0.054,0.785,0.161
543500,0.053,0.783,0.164
544000,0.051,0.796,0.153
544500,0.050,0.803,0.147
545000,0.050,0.809,0.141
545500,0.050,0.799,0.151
546000,0.050,0.768,0.182
546500,0.050,0.764,0.186
547000,0.050,0.792,0.158
547500,0.050,0.807,0.143
548000,0.052,0.792,0.156
548500,0.051,0.809,0.140
549000,0.051,0.808,0.141
549500,0.051,0.784,0.165
550000,0.051,0.816,0.133
550500,0.050,0.809,0.141
551000,0.050,0.802,0.148
551500,0.050,0.794,0.156
552000,0.050,0.806,0.144
552500,0.051,0.807,0.142
553000,0.053,0.775,0.172
553500,0.050,0.787,0.163
554000,0.051,0.810,0.139
554500,0.050,0.787,0.163
555000,0.050,0.781,0.169
555500,0.050,0.786,0.164
556000,0.050,0.769,0.181
556500,0.061,0.748,0.191
557000,0.052,0.776,0.172
557500,0.053,0.779,0.168
558000,0.050,0.773,0.177
558500,0.051,0.777,0.172
559000,0.054,0.774,0.172
559500,0.052,0.780,0.168
560000,0.051,0.789,0.160
560500,0.051,0.799,0.150
561000,0.050,0.762,0.188
561500,0.051,0.763,0.186
562000,0.051,0.800,0.149
562500,0.050,0.785,0.165
563000,0.052,0.815,0.133
563500,0.050,0.837,0.113
564000,0.050,0.822,0.128
564500,0.050,0.819,0.131
565000,0.055,0.815,0.130
565500,0.051,0.819,0.130
566000,0.050,0.838,0.112
566500,0.050,0.848,0.102
567000,0.050,0.831,0.119
567500,0.050,0.788,0.162
568000,0.050,0.786,0.164
568500,0.050,0.779,0.171
569000,0.054,0.793,0.153
569500,0.052,0.787,0.161
570000,0.051,0.798,0.151
570500,0.051,0.811,0.138
571000,0.053,0.774,0.173
571500,0.053,0.812,0.135
572000,0.051,0.818,0.131
572500,0.050,0.828,0.122
573000,0.050,0.752,0.198
573500,0.050,0.765,0.185
574000,0.050,0.816,0.134
574500,0.050,0.792,0.158
575000,0.050,0.800,0.150
575500,0.051,0.821,0.128
576000,0.050,0.811,0.139
576500,0.051,0.757,0.192
577000,0.050,0.810,0.140
577500,0.052,0.816,0.132
578000,0.054,0.783,0.163
578500,0.053,0.809,0.138
579000,0.051,0.773,0.176
579500,0.050,0.775,0.175
580000,0.050,0.793,0.157
580500,0.050,0.773,0.177
581000,0.053,0.786,0.161
581500,0.053,0.786,0.161
582000,0.051,0.806,0.143
582500,0.050,0.791,0.159
583000,0.050,0.801,0.149
583500,0.050,0.819,0.131
584000,0.050,0.796,0.154
584500,0.050,0.811,0.139
585000,0.050,0.783,0.167
585500,0.052,0.775,0.173
586000,0.053,0.773,0.174
586500,0.050,0.784,0.166
587000,0.050,0.806,0.144
587500,0.053,0.802,0.145
588000,0.050,0.806,0.144
588500,0.052,0.816,0.132
589000,0.050,0.783,0.167
589500,0.050,0.765,0.185
590000,0.050,0.769,0.181
590500,0.050,0.770,0.180
591000,0.053,0.788,0.159
591500,0.051,0.772,0.177
592000,0.058,0.796,0.146
592500,0.054,0.807,0.139
593000,0.052,0.789,0.159
593500,0.052,0.784,0.164
594000,0.052,0.802,0.146
594500,0.050,0.806,0.144
595000,0.050,0.792,0.158
595500,0.052,0.791,0.157
596000,0.053,0.792,0.155
596500,0.052,0.806,0.142
597000,0.052,0.813,0.135
597500,0.051,0.824,0.125
598000,0.050,0.839,0.111
598500,0.050,0.842,0.108
599000,0.050,0.836,0.114
599500,0.052,0.792,0.156
600000,0.050,0.801,0.149
600500,0.050,0.787,0.163
601000,0.050,0.807,0.143
601500,0.050,0.799,0.151
602000,0.055,0.797,0.148
602500,0.051,0.803,0.146
603000,0.050,0.811,0.139
603500,0.050,0.809,0.141
604000,0.053,0.807,0.140
604500,0.051,0.801,0.148
605000,0.051,0.813,0.136
605500,0.050,0.797,0.153
606000,0.050,0.803,0.147
606500,0.050,0.790,0.160
607000,0.050,0.816,0.134
607500,0.051,0.804,0.145
608000,0.050,0.808,0.142
608500,0.050,0.834,0.116
609000,0.050,0.826,0.124
609500,0.050,0.810,0.140
610000,0.050,0.842,0.108
610500,0.050,0.847,0.103
611000,0.052,0.820,0.128
611500,0.053,0.808,0.139
612000,0.051,0.819,0.130
612500,0.050,0.802,0.148
613000,0.050,0.808,0.142
613500,0.051,0.810,0.139
614000,0.050,0.821,0.129
614500,0.050,0.813,0.137
615000,0.053,0.832,0.115
615500,0.052,0.808,0.140
616000,0.051,0.758,0.191
616500,0.051,0.782,0.167
617000,0.051,0.809,0.140
617500,0.053,0.787,0.160
618000,0.050,0.778,0.172
618500,0.050,0.806,0.144
619000,0.050,0.821,0.129
619500,0.050,0.820,0.130
620000,0.050,0.835,0.115
620500,0.050,0.843,0.107
621000,0.051,0.803,0.146
621500,0.050,0.776,0.174
622000,0.050,0.821,0.129
622500,0.050,0.803,0.147
623000,0.050,0.782,0.168
623500,0.050,0.792,0.158
624000,0.050,0.808,0.142
624500,0.050,0.864,0.086
625000,0.050,0.868,0.082
625500,0.050,0.867,0.083
626000,0.050,0.856,0.094
626500,0.050,0.840,0.110
627000,0.050,0.815,0.135
627500,0.050,0.825,0.125
628000,0.050,0.813,0.137
628500,0.052,0.806,0.142
629000,0.057,0.797,0.146
629500,0.052,0.774,0.174
630000,0.050,0.799,0.151
630500,0.050,0.810,0.140
631000,0.050,0.801,0.149
631500,0.050,0.816,0.134
632000,0.050,0.812,0.138
632500,0.050,0.792,0.158
633000,0.050,0.781,0.169
633500,0.050,0.795,0.155
634000,0.050,0.793,0.157
634500,0.050,0.797,0.153
635000,0.052,0.769,0.179
635500,0.052,0.768,0.180
636000,0.052,0.770,0.178
636500,0.051,0.766,0.183
637000,0.050,0.803,0.147
637500,0.050,0.826,0.124
638000,0.050,0.828,0.122
638500,0.050,0.824,0.126
639000,0.050,0.814,0.136
639500,0.050,0.793,0.157
640000,0.050,0.789,0.161
640500,0.050,0.805,0.145
641000,0.050,0.799,0.151
641500,0.052,0.790,0.158
642000,0.050,0.811,0.139
642500,0.050,0.834,0.116
643000,0.050,0.808,0.142
643500,0.050,0.786,0.164
644000,0.050,0.772,0.178
644500,0.050,0.810,0.140
645000,0.050,0.783,0.167
645500,0.051,0.786,0.163
646000,0.051,0.825,0.124
646500,0.051,0.826,0.123
647000,0.050,0.816,0.134
647500,0.050,0.812,0.138
648000,0.050,0.810,0.140
648500,0.050,0.765,0.185
649000,0.050,0.762,0.188
649500,0.050,0.802,0.148
650000,0.050,0.820,0.130
650500,0.053,0.795,0.152
651000,0.051,0.781,0.168
651500,0.050,0.788,0.162
652000,0.052,0.751,0.197
652500,0.052,0.792,0.156
653000,0.051,0.801,0.148
653500,0.053,0.795,0.152
654000,0.051,0.813,0.136
654500,0.052,0.819,0.129
655000,0.050,0.857,0.093
655500,0.050,0.832,0.118
656000,0.050,0.816,0.134
656500,0.050,0.761,0.189
657000,0.051,0.813,0.136
657500,0.050,0.788,0.162
658000,0.050,0.821,0.129
658500,0.050,0.787,0.163
659000,0.050,0.788,0.162
659500,0.052,0.791,0.157
660000,0.053,0.726,0.221
660500,0.051,0.769,0.180
661000,0.050,0.810,0.140
661500,0.050,0.800,0.150
662000,0.050,0.821,0.129
662500,0.050,0.793,0.157
663000,0.050,0.762,0.188
663500,0.052,0.778,0.170
664000,0.051,0.756,0.193
664500,0.053,0.755,0.192
665000,0.050,0.773,0.177
665500,0.057,0.801,0.142
666000,0.056,0.781,0.163
666500,0.053,0.768,0.179
667000,0.050,0.816,0.134
667500,0.051,0.806,0.143
668000,0.050,0.799,0.151
668500,0.050,0.809,0.141
669000,0.052,0.767,0.181
669500,0.051,0.784,0.165
670000,0.051,0.807,0.142
670500,0.051,0.810,0.139
671000,0.051,0.803,0.146
671500,0.051,0.815,0.134
672000,0.051,0.830,0.119
672500,0.051,0.807,0.142
673000,0.050,0.779,0.171
673500,0.050,0.804,0.146
674000,0.050,0.786,0.164
674500,0.050,0.814,0.136
675000,0.050,0.800,0.150
675500,0.050,0.816,0.134
676000,0.050,0.793,0.157
676500,0.053,0.793,0.154
677000,0.052,0.821,0.127
677500,0.050,0.864,0.086
678000,0.050,0.858,0.092
678500,0.050,0.864,0.086
679000,0.050,0.860,0.090
679500,0.050,0.856,0.094
680000,0.050,0.823,0.127
680500,0.050,0.840,0.110
681000,0.050,0.847,0.103
681500,0.050,0.841,0.109
682000,0.050,0.814,0.136
682500,0.051,0.824,0.125
683000,0.051,0.836,0.113
683500,0.051,0.818,0.131
684000,0.050,0.813,0.137
684500,0.050,0.807,0.143
685000,0.050,0.823,0.127
685500,0.050,0.791,0.159
686000,0.050,0.825,0.125
686500,0.050,0.805,0.145
687000,0.050,0.784,0.166
687500,0.050,0.801,0.149
688000,0.050,0.804,0.146
688500,0.051,0.802,0.147
689000,0.050,0.797,0.153
689500,0.050,0.799,0.151
690000,0.050,0.814,0.136
690500,0.050,0.808,0.142
691000,0.052,0.812,0.136
691500,0.050,0.796,0.154
692000,0.050,0.822,0.128
692500,0.051,0.804,0.145
693000,0.050,0.791,0.159
693500,0.050,0.783,0.167
694000,0.052,0.808,0.140
694500,0.051,0.801,0.148
695000,0.050,0.815,0.135
695500,0.050,0.779,0.171
696000,0.050,0.738,0.212
696500,0.054,0.738,0.208
697000,0.050,0.791,0.159
697500,0.050,0.798,0.152
698000,0.050,0.834,0.116
698500,0.052,0.824,0.124
699000,0.052,0.792,0.156
699500,0.056,0.775,0.169
700000,0.053,0.771,0.176
700500,0.050,0.791,0.159
701000,0.054,0.785,0.161
701500,0.053,0.788,0.159
702000,0.052,0.804,0.144
702500,0.052,0.831,0.117
703000,0.050,0.785,0.165
703500,0.053,0.806,0.141
704000,0.050,0.782,0.168
704500,0.050,0.772,0.178
705000,0.053,0.761,0.186
705500,0.051,0.792,0.157
706000,0.050,0.777,0.173
706500,0.050,0.800,0.150
707000,0.050,0.833,0.117
707500,0.050,0.846,0.104
708000,0.050,0.865,0.085
708500,0.050,0.845,0.105
709000,0.050,0.802,0.148
709500,0.050,0.813,0.137
710000,0.050,0.802,0.148
710500,0.050,0.795,0.155
711000,0.054,0.807,0.139
711500,0.051,0.787,0.162
712000,0.051,0.787,0.162
712500,0.052,0.793,0.155
713000,0.050,0.770,0.180
713500,0.050,0.811,0.139
714000,0.050,0.840,0.110
714500,0.050,0.827,0.123
715000,0.050,0.826,0.124
715500,0.050,0.834,0.116
716000,0.053,0.799,0.148
716500,0.050,0.798,0.152
717000,0.050,0.765,0.185
717500,0.051,0.809,0.140
718000,0.052,0.810,0.138
718500,0.051,0.819,0.130
719000,0.051,0.821,0.128
719500,0.050,0.823,0.127
720000,0.053,0.799,0.148
720500,0.051,0.804,0.145
721000,0.051,0.801,0.148
721500,0.050,0.762,0.188
722000,0.054,0.775,0.171
722500,0.051,0.823,0.126
723000,0.053,0.798,0.149
723500,0.051,0.807,0.142
724000,0.051,0.799,0.150
724500,0.050,0.801,0.149
725000,0.050,0.841,0.109
725500,0.052,0.804,0.144
726000,0.052,0.850,0.098
726500,0.051,0.806,0.143
727000,0.051,0.838,0.111
727500,0.050,0.826,0.124
728000,0.050,0.814,0.136
728500,0.052,0.797,0.151
729000,0.053,0.788,0.159
729500,0.052,0.800,0.148
730000,0.051,0.769,0.180
730500,0.050,0.791,0.159
731000,0.050,0.831,0.119
731500,0.050,0.845,0.105
732000,0.050,0.829,0.121
732500,0.050,0.824,0.126
733000,0.050,0.802,0.148
733500,0.050,0.801,0.149
734000,0.050,0.833,0.117
734500,0.050,0.827,0.123
735000,0.052,0.826,0.122
735500,0.051,0.841,0.108
736000,0.050,0.826,0.124
736500,0.050,0.838,0.112
737000,0.050,0.814,0.136
737500,0.050,0.808,0.142
738000,0.050,0.798,0.152
738500,0.050,0.785,0.165
739000,0.050,0.781,0.169
739500,0.050,0.796,0.154
740000,0.052,0.836,0.112
740500,0.050,0.820,0.130
741000,0.050,0.808,0.142
741500,0.051,0.820,0.129
742000,0.050,0.831,0.119
742500,0.050,0.804,0.146
743000,0.050,0.828,0.122
743500,0.052,0.824,0.124
744000,0.050,0.813,0.137
744500,0.050,0.814,0.136
745000,0.051,0.795,0.154
745500,0.050,0.819,0.131
746000,0.052,0.819,0.129
746500,0.051,0.827,0.122
747000,0.050,0.813,0.137
747500,0.050,0.787,0.163
748000,0.050,0.805,0.145
748500,0.050,0.808,0.142
749000,0.050,0.833,0.117
749500,0.050,0.840,0.110
750000,0.051,0.841,0.108
750500,0.050,0.850,0.100
751000,0.050,0.827,0.123
751500,0.050,0.823,0.127
752000,0.050,0.809,0.141
752500,0.050,0.831,0.119
753000,0.050,0.803,0.147
753500,0.050,0.847,0.103
754000,0.050,0.803,0.147
754500,0.050,0.844,0.106
755000,0.050,0.829,0.121
755500,0.050,0.820,0.130
756000,0.051,0.769,0.180
756500,0.055,0.749,0.196
757000,0.050,0.752,0.198
757500,0.053,0.788,0.159
758000,0.052,0.813,0.135
758500,0.052,0.804,0.144
759000,0.053,0.783,0.164
759500,0.051,0.766,0.183
760000,0.050,0.770,0.180
760500,0.050,0.774,0.176
761000,0.050,0.818,0.132
761500,0.050,0.783,0.167
762000,0.050,0.781,0.169
762500,0.052,0.786,0.162
763000,0.054,0.765,0.181
763500,0.050,0.804,0.146
764000,0.050,0.782,0.168
764500,0.050,0.784,0.166
765000,0.050,0.782,0.168
765500,0.050,0.820,0.130
766000,0.050,0.805,0.145
766500,0.052,0.815,0.133
767000,0.050,0.832,0.118
767500,0.050,0.828,0.122
768000,0.050,0.853,0.097
768500,0.050,0.846,0.104
769000,0.051,0.790,0.159
769500,0.051,0.729,0.220
770000,0.051,0.763,0.186
770500,0.050,0.788,0.162
771000,0.050,0.810,0.140
771500,0.050,0.795,0.155
772000,0.050,0.791,0.159
772500,0.053,0.751,0.196
773000,0.053,0.756,0.191
773500,0.054,0.807,0.139
774000,0.051,0.806,0.143
774500,0.051,0.808,0.141
775000,0.054,0.787,0.159
775500,0.053,0.814,0.133
776000,0.050,0.839,0.111
776500,0.050,0.838,0.112
777000,0.054,0.837,0.109
777500,0.052,0.823,0.125
778000,0.050,0.831,0.119
778500,0.050,0.809,0.141
779000,0.050,0.802,0.148
779500,0.050,0.786,0.164
780000,0.054,0.788,0.158
780500,0.050,0.797,0.153
781000,0.050,0.825,0.125
781500,0.050,0.815,0.135
782000,0.050,0.813,0.137
782500,0.050,0.812,0.138
783000,0.050,0.817,0.133
783500,0.050,0.860,0.090
784000,0.050,0.837,0.113
784500,0.050,0.840,0.110
785000,0.050,0.836,0.114
785500,0.050,0.810,0.140
786000,0.050,0.820,0.130
786500,0.050,0.810,0.140
787000,0.050,0.828,0.122
787500,0.050,0.813,0.137
788000,0.050,0.834,0.116
788500,0.050,0.798,0.152
789000,0.051,0.799,0.150
789500,0.050,0.812,0.138
790000,0.050,0.814,0.136
790500,0.050,0.775,0.175
791000,0.050,0.814,0.136
791500,0.050,0.761,0.189
792000,0.053,0.741,0.206
792500,0.055,0.785,0.160
793000,0.050,0.804,0.146
793500,0.050,0.824,0.126
794000,0.050,0.831,0.119
794500,0.050,0.841,0.109
795000,0.050,0.821,0.129
795500,0.050,0.796,0.154
796000,0.051,0.790,0.159
796500,0.051,0.819,0.130
797000,0.051,0.828,0.121
797500,0.051,0.813,0.136
798000,0.050,0.815,0.135
798500,0.052,0.789,0.159
799000,0.052,0.787,0.161
799500,0.050,0.804,0.146
800000,0.052,0.803,0.145
800500,0.050,0.805,0.145
801000,0.051,0.785,0.164
801500,0.052,0.759,0.189
802000,0.050,0.759,0.191
802500,0.052,0.762,0.186
803000,0.050,0.766,0.184
803500,0.051,0.815,0.134
804000,0.051,0.822,0.127
804500,0.050,0.827,0.123
805000,0.050,0.829,0.121
805500,0.050,0.857,0.093
806000,0.051,0.833,0.116
806500,0.051,0.795,0.154
807000,0.050,0.796,0.154
807500,0.053,0.782,0.165
808000,0.052,0.796,0.152
808500,0.051,0.793,0.156
809000,0.053,0.789,0.158
809500,0.051,0.813,0.136
810000,0.050,0.832,0.118
810500,0.050,0.836,0.114
811000,0.050,0.814,0.136
811500,0.050,0.822,0.128
812000,0.050,0.828,0.122
812500,0.050,0.844,0.106
813000,0.050,0.822,0.128
813500,0.050,0.828,0.122
814000,0.050,0.828,0.122
814500,0.050,0.826,0.124
815000,0.050,0.850,0.100
815500,0.051,0.818,0.131
816000,0.050,0.837,0.113
816500,0.051,0.818,0.131
817000,0.057,0.815,0.128
817500,0.052,0.843,0.105
818000,0.050,0.811,0.139
818500,0.050,0.835,0.115
819000,0.050,0.850,0.100
819500,0.050,0.846,0.104
820000,0.050,0.825,0.125
820500,0.052,0.802,0.146
821000,0.050,0.805,0.145
821500,0.050,0.797,0.153
822000,0.050,0.793,0.157
822500,0.050,0.775,0.175
823000,0.050,0.806,0.144
823500,0.050,0.799,0.151
824000,0.051,0.807,0.142
824500,0.050,0.839,0.111
825000,0.050,0.833,0.117
825500,0.053,0.825,0.122
826000,0.050,0.855,0.095
826500,0.050,0.847,0.103
827000,0.050,0.827,0.123
827500,0.050,0.837,0.113
828000,0.050,0.826,0.124
828500,0.050,0.805,0.145
829000,0.050,0.788,0.162
829500,0.050,0.778,0.172
830000,0.053,0.772,0.175
830500,0.054,0.785,0.161
831000,0.051,0.831,0.118
831500,0.052,0.832,0.116
832000,0.050,0.825,0.125
832500,0.050,0.838,0.112
833000,0.050,0.793,0.157
833500,0.050,0.809,0.141
834000,0.055,0.813,0.132
834500,0.055,0.776,0.169
835000,0.052,0.810,0.138
835500,0.050,0.795,0.155
836000,0.050,0.808,0.142
836500,0.055,0.776,0.169
837000,0.055,0.796,0.149
837500,0.051,0.790,0.159
838000,0.050,0.778,0.172
838500,0.050,0.802,0.148
839000,0.053,0.804,0.143
839500,0.051,0.787,0.162
840000,0.050,0.797,0.153
840500,0.051,0.804,0.145
841000,0.050,0.806,0.144
841500,0.050,0.828,0.122
842000,0.052,0.808,0.140
842500,0.053,0.815,0.132
843000,0.050,0.817,0.133
843500,0.050,0.801,0.149
844000,0.050,0.796,0.154
844500,0.052,0.803,0.145
845000,0.051,0.785,0.164
845500,0.051,0.779,0.170
846000,0.050,0.798,0.152
846500,0.051,0.807,0.142
847000,0.050,0.816,0.134
847500,0.050,0.797,0.153
848000,0.050,0.794,0.156
848500,0.050,0.825,0.125
849000,0.050,0.816,0.134
849500,0.050,0.815,0.135
850000,0.050,0.846,0.104
850500,0.050,0.858,0.092
851000,0.050,0.829,0.121
851500,0.052,0.799,0.149
852000,0.053,0.788,0.159
852500,0.052,0.809,0.139
853000,0.052,0.811,0.137
853500,0.054,0.813,0.133
854000,0.051,0.799,0.150
854500,0.054,0.802,0.144
855000,0.052,0.797,0.151
855500,0.051,0.776,0.173
856000,0.050,0.787,0.163
856500,0.051,0.769,0.180
857000,0.051,0.788,0.161
857500,0.051,0.800,0.149
858000,0.050,0.836,0.114
858500,0.051,0.839,0.110
859000,0.050,0.817,0.133
859500,0.052,0.833,0.115
860000,0.050,0.832,0.118
860500,0.053,0.827,0.120
861000,0.050,0.819,0.131
861500,0.050,0.839,0.111
862000,0.050,0.826,0.124
862500,0.050,0.819,0.131
863000,0.050,0.826,0.124
863500,0.050,0.803,0.147
864000,0.050,0.786,0.164
864500,0.050,0.786,0.164
865000,0.053,0.766,0.181
865500,0.050,0.800,0.150
866000,0.050,0.856,0.094
866500,0.050,0.843,0.107
867000,0.050,0.797,0.153
867500,0.050,0.812,0.138
868000,0.050,0.832,0.118
868500,0.050,0.829,0.121
869000,0.051,0.834,0.115
869500,0.050,0.847,0.103
870000,0.050,0.815,0.135
870500,0.050,0.803,0.147
871000,0.050,0.797,0.153
871500,0.050,0.818,0.132
872000,0.050,0.824,0.126
872500,0.050,0.785,0.165
873000,0.050,0.828,0.122
873500,0.050,0.840,0.110
874000,0.050,0.829,0.121
874500,0.053,0.819,0.128
875000,0.053,0.828,0.119
875500,0.050,0.821,0.129
876000,0.050,0.805,0.145
876500,0.050,0.797,0.153
877000,0.050,0.821,0.129
877500,0.050,0.808,0.142
878000,0.051,0.779,0.170
878500,0.053,0.759,0.188
879000,0.052,0.751,0.197
879500,0.050,0.783,0.167
880000,0.052,0.816,0.132
880500,0.050,0.790,0.160
881000,0.050,0.767,0.183
881500,0.053,0.777,0.170
882000,0.054,0.758,0.188
882500,0.050,0.789,0.161
883000,0.053,0.799,0.148
883500,0.051,0.804,0.145
884000,0.050,0.826,0.124
884500,0.050,0.817,0.133
885000,0.050,0.839,0.111
885500,0.050,0.821,0.129
886000,0.051,0.809,0.140
886500,0.050,0.810,0.140
887000,0.050,0.817,0.133
887500,0.051,0.842,0.107
888000,0.051,0.852,0.097
888500,0.051,0.829,0.120
889000,0.050,0.826,0.124
889500,0.050,0.819,0.131
890000,0.050,0.810,0.140
890500,0.050,0.820,0.130
891000,0.050,0.837,0.113
891500,0.050,0.850,0.100
892000,0.050,0.822,0.128
892500,0.050,0.824,0.126
893000,0.050,0.818,0.132
893500,0.050,0.808,0.142
894000,0.050,0.815,0.135
894500,0.050,0.824,0.126
895000,0.050,0.799,0.151
895500,0.052,0.795,0.153
896000,0.054,0.799,0.147
896500,0.051,0.794,0.155
897000,0.050,0.831,0.119
897500,0.050,0.835,0.115
898000,0.050,0.844,0.106
898500,0.050,0.828,0.122
899000,0.050,0.791,0.159
899500,0.050,0.785,0.165
900000,0.050,0.753,0.197
900500,0.050,0.774,0.176
901000,0.052,0.790,0.158
901500,0.050,0.780,0.170
902000,0.050,0.799,0.151
902500,0.050,0.774,0.176
903000,0.050,0.760,0.190
903500,0.050,0.757,0.193
904000,0.050,0.760,0.190
904500,0.050,0.787,0.163
905000,0.050,0.815,0.135
905500,0.050,0.826,0.124
906000,0.051,0.807,0.142
906500,0.050,0.834,0.116
907000,0.050,0.813,0.137
907500,0.050,0.821,0.129
908000,0.050,0.807,0.143
908500,0.050,0.820,0.130
909000,0.050,0.777,0.173
909500,0.050,0.794,0.156
910000,0.050,0.783,0.167
910500,0.050,0.797,0.153
911000,0.050,0.768,0.182
911500,0.050,0.772,0.178
912000,0.050,0.727,0.223
912500,0.052,0.781,0.167
913000,0.051,0.792,0.157
913500,0.050,0.795,0.155
914000,0.050,0.830,0.120
914500,0.050,0.821,0.129
915000,0.053,0.812,0.135
915500,0.052,0.802,0.146
916000,0.052,0.776,0.172
916500,0.050,0.790,0.160
917000,0.050,0.817,0.133
917500,0.053,0.797,0.150
918000,0.051,0.799,0.150
918500,0.050,0.819,0.131
919000,0.053,0.814,0.133
919500,0.050,0.774,0.176
920000,0.050,0.785,0.165
920500,0.050,0.791,0.159
921000,0.050,0.807,0.143
921500,0.050,0.785,0.165
922000,0.050,0.820,0.130
922500,0.055,0.815,0.130
923000,0.052,0.807,0.141
923500,0.050,0.833,0.117
924000,0.052,0.854,0.094
924500,0.051,0.827,0.122
925000,0.050,0.804,0.146
925500,0.053,0.795,0.152
926000,0.052,0.805,0.143
926500,0.050,0.792,0.158
927000,0.050,0.789,0.161
927500,0.054,0.773,0.173
928000,0.050,0.796,0.154
928500,0.050,0.823,0.127
929000,0.050,0.794,0.156
929500,0.050,0.805,0.145
930000,0.050,0.797,0.153
930500,0.050,0.806,0.144
931000,0.052,0.789,0.159
931500,0.051,0.776,0.173
932000,0.050,0.781,0.169
932500,0.053,0.772,0.175
933000,0.054,0.782,0.164
933500,0.051,0.787,0.162
934000,0.051,0.797,0.152
934500,0.050,0.762,0.188
935000,0.054,0.777,0.169
935500,0.052,0.773,0.175
936000,0.050,0.827,0.123
936500,0.050,0.835,0.115
937000,0.050,0.844,0.106
937500,0.050,0.851,0.099
938000,0.050,0.850,0.100
938500,0.051,0.844,0.105
939000,0.050,0.844,0.106
939500,0.050,0.843,0.107
940000,0.050,0.789,0.161
940500,0.052,0.791,0.157
941000,0.052,0.817,0.131
941500,0.051,0.824,0.125
942000,0.057,0.792,0.151
942500,0.053,0.820,0.127
943000,0.051,0.781,0.168
943500,0.050,0.794,0.156
944000,0.051,0.804,0.145
944500,0.051,0.830,0.119
945000,0.050,0.826,0.124
945500,0.050,0.787,0.163
946000,0.050,0.790,0.160
946500,0.052,0.803,0.145
947000,0.052,0.822,0.126
947500,0.050,0.840,0.110
948000,0.050,0.816,0.134
948500,0.053,0.823,0.124
949000,0.051,0.822,0.127
949500,0.050,0.809,0.141
950000,0.050,0.826,0.124
950500,0.053,0.786,0.161
951000,0.051,0.779,0.170
951500,0.056,0.805,0.139
952000,0.055,0.807,0.138
952500,0.052,0.818,0.130
953000,0.050,0.809,0.141
953500,0.051,0.800,0.149
954000,0.051,0.794,0.155
954500,0.051,0.791,0.158
955000,0.051,0.801,0.148
955500,0.050,0.810,0.140
956000,0.052,0.816,0.132
956500,0.052,0.816,0.132
957000,0.050,0.827,0.123
957500,0.050,0.825,0.125
958000,0.050,0.802,0.148
958500,0.050,0.837,0.113
959000,0.050,0.833,0.117
959500,0.050,0.834,0.116
960000,0.050,0.810,0.140
960500,0.050,0.805,0.145
961000,0.050,0.776,0.174
961500,0.051,0.765,0.184
962000,0.050,0.782,0.168
962500,0.050,0.773,0.177
963000,0.053,0.763,0.184
963500,0.052,0.771,0.177
964000,0.050,0.790,0.160
964500,0.050,0.797,0.153
965000,0.050,0.793,0.157
965500,0.050,0.828,0.122
966000,0.053,0.841,0.106
966500,0.050,0.828,0.122
967000,0.050,0.786,0.164
967500,0.050,0.784,0.166
968000,0.050,0.787,0.163
968500,0.050,0.794,0.156
969000,0.052,0.768,0.180
969500,0.050,0.796,0.154
970000,0.050,0.845,0.105
970500,0.050,0.809,0.141
971000,0.052,0.805,0.143
971500,0.050,0.803,0.147
972000,0.052,0.802,0.146
972500,0.050,0.785,0.165
973000,0.050,0.826,0.124
973500,0.050,0.818,0.132
974000,0.050,0.806,0.144
974500,0.050,0.803,0.147
975000,0.050,0.807,0.143
975500,0.050,0.800,0.150
976000,0.050,0.779,0.171
976500,0.050,0.817,0.133
977000,0.054,0.818,0.128
977500,0.050,0.845,0.105
978000,0.050,0.829,0.121
978500,0.054,0.852,0.094
979000,0.050,0.839,0.111
979500,0.050,0.835,0.115
980000,0.050,0.818,0.132
980500,0.050,0.827,0.123
981000,0.050,0.788,0.162
981500,0.052,0.815,0.133
982000,0.053,0.777,0.170
982500,0.052,0.801,0.147
983000,0.050,0.790,0.160
983500,0.050,0.790,0.160
984000,0.054,0.806,0.140
984500,0.050,0.788,0.162
985000,0.050,0.791,0.159
985500,0.050,0.825,0.125
986000,0.050,0.833,0.117
986500,0.051,0.835,0.114
987000,0.050,0.827,0.123
987500,0.050,0.836,0.114
988000,0.050,0.831,0.119
988500,0.050,0.852,0.098
989000,0.050,0.835,0.115
989500,0.050,0.825,0.125
990000,0.050,0.815,0.135
990500,0.050,0.817,0.133
991000,0.050,0.790,0.160
991500,0.052,0.800,0.148
992000,0.050,0.794,0.156
992500,0.053,0.776,0.171
993000,0.051,0.775,0.174
993500,0.050,0.770,0.180
994000,0.050,0.758,0.192
994500,0.050,0.757,0.193
995000,0.050,0.743,0.207
995500,0.050,0.811,0.139
996000,0.050,0.811,0.139
996500,0.051,0.797,0.152
997000,0.050,0.816,0.134
997500,0.050,0.806,0.144
998000,0.050,0.840,0.110
998500,0.051,0.825,0.124
999000,0.050,0.825,0.125
999500,0.050,0.815,0.135
1000000,0.050,0.812,0.138
