time,n_A+p,n_B,n_AB
500,0.030,0.345,0.625
1000,0.030,0.303,0.667
1500,0.030,0.277,0.693
2000,0.031,0.294,0.675
2500,0.030,0.245,0.725
3000,0.030,0.307,0.663
3500,0.030,0.313,0.657
4000,0.030,0.360,0.610
4500,0.030,0.311,0.659
5000,0.030,0.301,0.669
5500,0.030,0.332,0.638
6000,0.030,0.192,0.778
6500,0.030,0.282,0.688
7000,0.030,0.239,0.731
7500,0.779,0.001,0.220
8000,0.992,0.000,0.008
8500,1.000,0.000,0.000
