time,n_A+p,n_B,n_AB
500,0.050,0.922,0.028
1000,0.050,0.913,0.037
1500,0.050,0.894,0.056
2000,0.054,0.875,0.071
2500,0.053,0.868,0.079
3000,0.055,0.847,0.098
3500,0.057,0.832,0.111
4000,0.054,0.819,0.127
4500,0.059,0.805,0.136
5000,0.058,0.790,0.152
5500,0.061,0.776,0.163
6000,0.062,0.758,0.180
6500,0.067,0.770,0.163
7000,0.069,0.762,0.169
7500,0.075,0.758,0.167
8000,0.082,0.741,0.177
8500,0.071,0.728,0.201
9000,0.066,0.727,0.207
9500,0.068,0.726,0.206
10000,0.075,0.749,0.176
10500,0.075,0.731,0.194
11000,0.069,0.712,0.219
11500,0.074,0.699,0.227
12000,0.094,0.695,0.211
12500,0.094,0.681,0.225
13000,0.098,0.683,0.219
13500,0.096,0.665,0.239
14000,0.096,0.653,0.251
14500,0.096,0.663,0.241
15000,0.099,0.654,0.247
15500,0.107,0.636,0.257
16000,0.115,0.626,0.259
16500,0.115,0.606,0.279
17000,0.110,0.600,0.290
17500,0.126,0.613,0.261
18000,0.127,0.601,0.272
18500,0.128,0.593,0.279
19000,0.126,0.584,0.290
19500,0.122,0.555,0.323
20000,0.129,0.561,0.310
20500,0.117,0.553,0.330
21000,0.127,0.582,0.291
21500,0.140,0.559,0.301
22000,0.123,0.545,0.332
22500,0.154,0.550,0.296
23000,0.153,0.558,0.289
23500,0.140,0.537,0.323
24000,0.141,0.531,0.328
24500,0.152,0.523,0.325
25000,0.154,0.524,0.322
25500,0.147,0.514,0.339
26000,0.158,0.495,0.347
26500,0.164,0.501,0.335
27000,0.167,0.506,0.327
27500,0.166,0.489,0.345
28000,0.182,0.481,0.337
28500,0.174,0.497,0.329
29000,0.167,0.489,0.344
29500,0.171,0.514,0.315
30000,0.186,0.494,0.320
30500,0.184,0.489,0.327
31000,0.181,0.483,0.336
31500,0.177,0.498,0.325
32000,0.176,0.496,0.328
32500,0.176,0.498,0.326
33000,0.181,0.475,0.344
33500,0.187,0.448,0.365
34000,0.202,0.432,0.366
34500,0.188,0.439,0.373
35000,0.197,0.409,0.394
35500,0.201,0.426,0.373
36000,0.193,0.440,0.367
36500,0.215,0.405,0.380
37000,0.217,0.421,0.362
37500,0.202,0.428,0.370
38000,0.214,0.434,0.352
38500,0.210,0.407,0.383
39000,0.225,0.404,0.371
39500,0.238,0.379,0.383
40000,0.233,0.367,0.400
40500,0.250,0.382,0.368
41000,0.255,0.375,0.370
41500,0.244,0.370,0.386
42000,0.270,0.351,0.379
42500,0.267,0.359,0.374
43000,0.277,0.353,0.370
43500,0.278,0.347,0.375
44000,0.281,0.353,0.366
44500,0.280,0.346,0.374
45000,0.275,0.343,0.382
45500,0.289,0.328,0.383
46000,0.299,0.314,0.387
46500,0.317,0.305,0.378
47000,0.324,0.296,0.380
47500,0.326,0.279,0.395
48000,0.331,0.285,0.384
48500,0.354,0.290,0.356
49000,0.333,0.263,0.404
49500,0.340,0.251,0.409
50000,0.357,0.250,0.393
50500,0.351,0.250,0.399
51000,0.371,0.253,0.376
51500,0.380,0.237,0.383
52000,0.398,0.228,0.374
52500,0.412,0.221,0.367
53000,0.414,0.211,0.375
53500,0.417,0.186,0.397
54000,0.440,0.198,0.362
54500,0.452,0.181,0.367
55000,0.445,0.183,0.372
55500,0.458,0.188,0.354
56000,0.469,0.194,0.337
56500,0.460,0.182,0.358
57000,0.474,0.158,0.368
57500,0.483,0.153,0.364
58000,0.515,0.156,0.329
58500,0.516,0.145,0.339
59000,0.519,0.147,0.334
59500,0.534,0.134,0.332
60000,0.549,0.114,0.337
60500,0.550,0.113,0.337
61000,0.562,0.116,0.322
61500,0.588,0.107,0.305
62000,0.603,0.087,0.310
62500,0.631,0.070,0.299
63000,0.614,0.069,0.317
63500,0.639,0.063,0.298
64000,0.670,0.064,0.266
64500,0.679,0.058,0.263
65000,0.697,0.048,0.255
65500,0.725,0.052,0.223
66000,0.749,0.037,0.214
66500,0.761,0.037,0.202
67000,0.765,0.036,0.199
67500,0.773,0.043,0.184
68000,0.764,0.035,0.201
68500,0.763,0.037,0.200
69000,0.772,0.036,0.192
69500,0.777,0.036,0.187
70000,0.780,0.035,0.185
70500,0.779,0.033,0.188
71000,0.811,0.025,0.164
71500,0.823,0.020,0.157
72000,0.836,0.019,0.145
72500,0.843,0.015,0.142
73000,0.856,0.012,0.132
73500,0.870,0.010,0.120
74000,0.878,0.008,0.114
74500,0.882,0.008,0.110
75000,0.886,0.005,0.109
75500,0.875,0.007,0.118
76000,0.873,0.007,0.120
76500,0.868,0.010,0.122
77000,0.883,0.012,0.105
77500,0.889,0.010,0.101
78000,0.893,0.008,0.099
78500,0.890,0.006,0.104
79000,0.902,0.007,0.091
79500,0.914,0.004,0.082
80000,0.916,0.002,0.082
80500,0.929,0.005,0.066
81000,0.935,0.001,0.064
81500,0.947,0.000,0.053
82000,0.950,0.000,0.050
82500,0.948,0.000,0.052
83000,0.951,0.000,0.049
83500,0.951,0.002,0.047
84000,0.960,0.002,0.038
84500,0.963,0.001,0.036
85000,0.966,0.000,0.034
85500,0.970,0.000,0.030
86000,0.974,0.000,0.026
86500,0.978,0.000,0.022
87000,0.981,0.000,0.019
87500,0.982,0.000,0.018
88000,0.980,0.000,0.020
88500,0.982,0.000,0.018
89000,0.975,0.002,0.023
89500,0.973,0.002,0.025
90000,0.979,0.000,0.021
90500,0.981,0.000,0.019
91000,0.984,0.000,0.016
91500,0.980,0.000,0.020
92000,0.982,0.000,0.018
92500,0.979,0.000,0.021
93000,0.978,0.000,0.022
93500,0.982,0.000,0.018
94000,0.981,0.000,0.019
94500,0.978,0.000,0.022
95000,0.985,0.000,0.015
95500,0.986,0.000,0.014
96000,0.991,0.000,0.009
96500,0.991,0.000,0.009
97000,0.993,0.000,0.007
97500,0.992,0.000,0.008
98000,0.993,0.000,0.007
98500,0.994,0.000,0.006
99000,0.997,0.000,0.003
99500,0.998,0.000,0.002
100000,0.996,0.000,0.004
100500,0.995,0.000,0.005
101000,0.996,0.000,0.004
101500,0.996,0.000,0.004
102000,0.995,0.000,0.005
102500,0.992,0.000,0.008
103000,0.988,0.000,0.012
103500,0.991,0.000,0.009
104000,0.994,0.000,0.006
104500,0.992,0.000,0.008
105000,0.995,0.000,0.005
105500,0.996,0.000,0.004
106000,0.994,0.000,0.006
106500,0.994,0.000,0.006
107000,0.995,0.000,0.005
107500,0.996,0.000,0.004
108000,0.997,0.000,0.003
108500,0.995,0.000,0.005
109000,0.997,0.000,0.003
109500,0.998,0.000,0.002
110000,0.998,0.000,0.002
110500,0.999,0.000,0.001
111000,0.999,0.000,0.001
111500,0.998,0.000,0.002
112000,0.997,0.000,0.003
112500,0.997,0.000,0.003
113000,0.998,0.000,0.002
113500,0.998,0.000,0.002
114000,0.999,0.000,0.001
114500,0.999,0.000,0.001
115000,1.000,0.000,0.000
