time,n_A+p,n_B,n_AB
500,0.050,0.114,0.836
1000,0.185,0.027,0.788
1500,0.593,0.000,0.407
2000,0.718,0.000,0.282
2500,0.745,0.000,0.255
3000,0.758,0.000,0.242
3500,0.807,0.000,0.193
4000,0.668,0.000,0.332
4500,0.904,0.000,0.096
5000,0.775,0.000,0.225
5500,0.907,0.000,0.093
6000,0.784,0.000,0.216
6500,0.720,0.000,0.280
7000,0.783,0.000,0.217
7500,0.746,0.000,0.254
8000,0.840,0.000,0.160
8500,0.857,0.000,0.143
9000,0.632,0.000,0.368
9500,0.596,0.000,0.404
10000,0.762,0.000,0.238
10500,0.883,0.000,0.117
11000,0.748,0.000,0.252
11500,0.749,0.000,0.251
12000,0.845,0.000,0.155
12500,0.748,0.000,0.252
13000,0.706,0.000,0.294
13500,0.812,0.000,0.188
14000,0.881,0.000,0.119
14500,1.000,0.000,0.000
