time,n_A+p,n_B,n_AB
100,0.030,0.966,0.004
200,0.030,0.961,0.009
300,0.030,0.953,0.017
400,0.030,0.947,0.023
500,0.030,0.944,0.026
600,0.030,0.936,0.034
700,0.030,0.933,0.037
800,0.030,0.920,0.050
900,0.030,0.918,0.052
1000,0.030,0.912,0.058
1100,0.030,0.904,0.066
1200,0.030,0.897,0.073
1300,0.030,0.890,0.080
1400,0.030,0.878,0.092
1500,0.030,0.868,0.102
1600,0.030,0.856,0.114
1700,0.030,0.846,0.124
1800,0.030,0.834,0.136
1900,0.030,0.822,0.148
2000,0.030,0.813,0.157
2100,0.030,0.799,0.171
2200,0.035,0.802,0.163
2300,0.034,0.785,0.181
2400,0.033,0.770,0.197
2500,0.032,0.745,0.223
2600,0.038,0.727,0.235
2700,0.038,0.716,0.246
2800,0.044,0.698,0.258
2900,0.047,0.679,0.274
3000,0.047,0.663,0.290
3100,0.046,0.633,0.321
3200,0.046,0.618,0.336
3300,0.043,0.602,0.355
3400,0.046,0.597,0.357
3500,0.049,0.585,0.366
3600,0.055,0.578,0.367
3700,0.060,0.566,0.374
3800,0.056,0.550,0.394
3900,0.057,0.541,0.402
4000,0.061,0.526,0.413
4100,0.057,0.520,0.423
4200,0.053,0.514,0.433
4300,0.053,0.501,0.446
4400,0.051,0.488,0.461
4500,0.053,0.473,0.474
4600,0.061,0.462,0.477
4700,0.064,0.451,0.485
4800,0.074,0.435,0.491
4900,0.078,0.416,0.506
5000,0.079,0.400,0.521
5100,0.084,0.388,0.528
5200,0.082,0.373,0.545
5300,0.078,0.347,0.575
5400,0.077,0.338,0.585
5500,0.076,0.331,0.593
5600,0.087,0.320,0.593
5700,0.095,0.312,0.593
5800,0.092,0.302,0.606
5900,0.089,0.295,0.616
6000,0.090,0.282,0.628
6100,0.093,0.273,0.634
6200,0.093,0.264,0.643
6300,0.095,0.249,0.656
6400,0.105,0.234,0.661
6500,0.105,0.243,0.652
6600,0.108,0.239,0.653
6700,0.114,0.232,0.654
6800,0.124,0.232,0.644
6900,0.125,0.220,0.655
7000,0.131,0.205,0.664
7100,0.133,0.199,0.668
7200,0.130,0.206,0.664
7300,0.128,0.193,0.679
7400,0.129,0.182,0.689
7500,0.132,0.175,0.693
7600,0.128,0.179,0.693
7700,0.133,0.173,0.694
7800,0.138,0.178,0.684
7900,0.136,0.175,0.689
8000,0.132,0.169,0.699
8100,0.128,0.174,0.698
8200,0.121,0.174,0.705
8300,0.123,0.170,0.707
8400,0.130,0.173,0.697
8500,0.134,0.174,0.692
8600,0.143,0.164,0.693
8700,0.147,0.153,0.700
8800,0.140,0.155,0.705
8900,0.137,0.149,0.714
9000,0.137,0.138,0.725
9100,0.146,0.135,0.719
9200,0.142,0.138,0.720
9300,0.141,0.142,0.717
9400,0.141,0.138,0.721
9500,0.135,0.144,0.721
9600,0.136,0.139,0.725
9700,0.153,0.137,0.710
9800,0.156,0.130,0.714
9900,0.151,0.149,0.700
10000,0.145,0.162,0.693
10100,0.145,0.158,0.697
10200,0.141,0.153,0.706
10300,0.147,0.153,0.700
10400,0.140,0.143,0.717
10500,0.141,0.150,0.709
10600,0.137,0.157,0.706
10700,0.145,0.151,0.704
10800,0.150,0.148,0.702
10900,0.150,0.157,0.693
11000,0.147,0.158,0.695
11100,0.143,0.156,0.701
11200,0.138,0.162,0.700
11300,0.131,0.151,0.718
11400,0.138,0.147,0.715
11500,0.140,0.146,0.714
11600,0.142,0.150,0.708
11700,0.139,0.147,0.714
11800,0.146,0.139,0.715
11900,0.153,0.136,0.711
12000,0.158,0.142,0.700
12100,0.163,0.141,0.696
12200,0.161,0.148,0.691
12300,0.157,0.139,0.704
12400,0.158,0.133,0.709
12500,0.158,0.137,0.705
12600,0.150,0.135,0.715
12700,0.151,0.131,0.718
12800,0.143,0.124,0.733
12900,0.140,0.117,0.743
13000,0.139,0.121,0.740
13100,0.137,0.122,0.741
13200,0.135,0.120,0.745
13300,0.142,0.121,0.737
13400,0.141,0.116,0.743
13500,0.153,0.118,0.729
13600,0.148,0.124,0.728
13700,0.148,0.124,0.728
13800,0.160,0.116,0.724
13900,0.170,0.113,0.717
14000,0.174,0.109,0.717
14100,0.175,0.109,0.716
14200,0.179,0.099,0.722
14300,0.183,0.098,0.719
14400,0.183,0.097,0.720
14500,0.181,0.107,0.712
14600,0.176,0.103,0.721
14700,0.182,0.115,0.703
14800,0.188,0.112,0.700
14900,0.185,0.113,0.702
15000,0.183,0.111,0.706
15100,0.187,0.113,0.700
15200,0.187,0.118,0.695
15300,0.187,0.118,0.695
15400,0.179,0.121,0.700
15500,0.192,0.117,0.691
15600,0.200,0.117,0.683
15700,0.195,0.126,0.679
15800,0.189,0.122,0.689
15900,0.185,0.123,0.692
16000,0.184,0.125,0.691
16100,0.177,0.124,0.699
16200,0.175,0.126,0.699
16300,0.175,0.133,0.692
16400,0.173,0.136,0.691
16500,0.173,0.136,0.691
16600,0.168,0.142,0.690
16700,0.169,0.138,0.693
16800,0.165,0.142,0.693
16900,0.166,0.139,0.695
17000,0.166,0.135,0.699
17100,0.161,0.137,0.702
17200,0.165,0.135,0.700
17300,0.153,0.138,0.709
17400,0.153,0.131,0.716
17500,0.160,0.138,0.702
17600,0.158,0.130,0.712
17700,0.161,0.129,0.710
17800,0.170,0.123,0.707
17900,0.171,0.113,0.716
18000,0.179,0.113,0.708
18100,0.183,0.111,0.706
18200,0.177,0.112,0.711
18300,0.178,0.111,0.711
18400,0.179,0.108,0.713
18500,0.189,0.112,0.699
18600,0.186,0.108,0.706
18700,0.185,0.111,0.704
18800,0.186,0.109,0.705
18900,0.195,0.106,0.699
19000,0.180,0.108,0.712
19100,0.183,0.108,0.709
19200,0.187,0.105,0.708
19300,0.179,0.101,0.720
19400,0.186,0.116,0.698
19500,0.188,0.098,0.714
19600,0.189,0.096,0.715
19700,0.195,0.088,0.717
19800,0.194,0.079,0.727
19900,0.194,0.084,0.722
20000,0.188,0.078,0.734
20100,0.184,0.072,0.744
20200,0.187,0.081,0.732
20300,0.192,0.084,0.724
20400,0.185,0.078,0.737
20500,0.189,0.075,0.736
20600,0.184,0.073,0.743
20700,0.181,0.070,0.749
20800,0.174,0.074,0.752
20900,0.185,0.083,0.732
21000,0.182,0.097,0.721
21100,0.186,0.101,0.713
21200,0.183,0.098,0.719
21300,0.178,0.095,0.727
21400,0.169,0.097,0.734
21500,0.167,0.111,0.722
21600,0.166,0.113,0.721
21700,0.162,0.115,0.723
21800,0.157,0.109,0.734
21900,0.162,0.111,0.727
22000,0.156,0.104,0.740
22100,0.159,0.108,0.733
22200,0.172,0.105,0.723
22300,0.170,0.102,0.728
22400,0.164,0.103,0.733
22500,0.184,0.089,0.727
22600,0.181,0.089,0.730
22700,0.184,0.092,0.724
22800,0.188,0.098,0.714
22900,0.180,0.099,0.721
23000,0.188,0.095,0.717
23100,0.185,0.095,0.720
23200,0.182,0.097,0.721
23300,0.177,0.087,0.736
23400,0.175,0.088,0.737
23500,0.176,0.091,0.733
23600,0.179,0.094,0.727
23700,0.169,0.092,0.739
23800,0.166,0.092,0.742
23900,0.163,0.099,0.738
24000,0.158,0.104,0.738
24100,0.155,0.102,0.743
24200,0.161,0.099,0.740
24300,0.154,0.105,0.741
24400,0.157,0.110,0.733
24500,0.152,0.118,0.730
24600,0.157,0.121,0.722
24700,0.159,0.112,0.729
24800,0.154,0.108,0.738
24900,0.157,0.115,0.728
25000,0.149,0.127,0.724
25100,0.144,0.131,0.725
25200,0.140,0.138,0.722
25300,0.132,0.133,0.735
25400,0.138,0.123,0.739
25500,0.126,0.121,0.753
25600,0.130,0.119,0.751
25700,0.124,0.117,0.759
25800,0.127,0.126,0.747
25900,0.134,0.127,0.739
26000,0.127,0.131,0.742
26100,0.130,0.135,0.735
26200,0.125,0.133,0.742
26300,0.130,0.123,0.747
26400,0.129,0.123,0.748
26500,0.130,0.120,0.750
26600,0.131,0.116,0.753
26700,0.129,0.124,0.747
26800,0.140,0.129,0.731
26900,0.149,0.125,0.726
27000,0.149,0.132,0.719
27100,0.153,0.135,0.712
27200,0.153,0.131,0.716
27300,0.145,0.134,0.721
27400,0.155,0.135,0.710
27500,0.159,0.140,0.701
27600,0.151,0.141,0.708
27700,0.149,0.136,0.715
27800,0.151,0.133,0.716
27900,0.150,0.131,0.719
28000,0.145,0.129,0.726
28100,0.156,0.127,0.717
28200,0.151,0.120,0.729
28300,0.148,0.121,0.731
28400,0.154,0.119,0.727
28500,0.151,0.124,0.725
28600,0.146,0.125,0.729
28700,0.157,0.124,0.719
28800,0.161,0.129,0.710
28900,0.162,0.125,0.713
29000,0.162,0.126,0.712
29100,0.161,0.124,0.715
29200,0.150,0.136,0.714
29300,0.153,0.138,0.709
29400,0.153,0.129,0.718
29500,0.153,0.135,0.712
29600,0.168,0.126,0.706
29700,0.174,0.127,0.699
29800,0.170,0.127,0.703
29900,0.173,0.132,0.695
30000,0.166,0.136,0.698
30100,0.170,0.133,0.697
30200,0.164,0.126,0.710
30300,0.163,0.127,0.710
30400,0.161,0.129,0.710
30500,0.175,0.126,0.699
30600,0.174,0.119,0.707
30700,0.167,0.108,0.725
30800,0.175,0.116,0.709
30900,0.187,0.110,0.703
31000,0.188,0.112,0.700
31100,0.185,0.108,0.707
31200,0.185,0.111,0.704
31300,0.185,0.123,0.692
31400,0.181,0.123,0.696
31500,0.190,0.127,0.683
31600,0.186,0.128,0.686
31700,0.181,0.129,0.690
31800,0.180,0.119,0.701
31900,0.185,0.119,0.696
32000,0.179,0.112,0.709
32100,0.177,0.118,0.705
32200,0.170,0.123,0.707
32300,0.161,0.125,0.714
32400,0.164,0.118,0.718
32500,0.161,0.115,0.724
32600,0.156,0.112,0.732
32700,0.155,0.107,0.738
32800,0.165,0.106,0.729
32900,0.163,0.107,0.730
33000,0.167,0.110,0.723
33100,0.170,0.114,0.716
33200,0.174,0.114,0.712
33300,0.170,0.114,0.716
33400,0.172,0.110,0.718
33500,0.177,0.098,0.725
33600,0.188,0.096,0.716
33700,0.179,0.094,0.727
33800,0.181,0.085,0.734
33900,0.186,0.090,0.724
34000,0.187,0.095,0.718
34100,0.177,0.093,0.730
34200,0.178,0.100,0.722
34300,0.172,0.104,0.724
34400,0.176,0.102,0.722
34500,0.178,0.101,0.721
34600,0.182,0.100,0.718
34700,0.181,0.093,0.726
34800,0.175,0.108,0.717
34900,0.171,0.100,0.729
35000,0.164,0.104,0.732
35100,0.168,0.102,0.730
35200,0.166,0.100,0.734
35300,0.174,0.098,0.728
35400,0.170,0.091,0.739
35500,0.179,0.092,0.729
35600,0.177,0.094,0.729
35700,0.177,0.095,0.728
35800,0.184,0.088,0.728
35900,0.182,0.089,0.729
36000,0.181,0.081,0.738
36100,0.173,0.076,0.751
36200,0.172,0.076,0.752
36300,0.177,0.077,0.746
36400,0.175,0.079,0.746
36500,0.178,0.083,0.739
36600,0.178,0.080,0.742
36700,0.190,0.088,0.722
36800,0.196,0.090,0.714
36900,0.197,0.090,0.713
37000,0.203,0.091,0.706
37100,0.203,0.090,0.707
37200,0.208,0.097,0.695
37300,0.214,0.093,0.693
37400,0.213,0.092,0.695
37500,0.211,0.094,0.695
37600,0.208,0.099,0.693
37700,0.203,0.098,0.699
37800,0.202,0.099,0.699
37900,0.201,0.097,0.702
38000,0.203,0.090,0.707
38100,0.204,0.095,0.701
38200,0.210,0.096,0.694
38300,0.203,0.088,0.709
38400,0.187,0.095,0.718
38500,0.183,0.084,0.733
38600,0.193,0.085,0.722
38700,0.185,0.084,0.731
38800,0.191,0.080,0.729
38900,0.188,0.078,0.734
39000,0.178,0.085,0.737
39100,0.171,0.078,0.751
39200,0.176,0.084,0.740
39300,0.177,0.088,0.735
39400,0.170,0.091,0.739
39500,0.170,0.089,0.741
39600,0.179,0.091,0.730
39700,0.179,0.098,0.723
39800,0.181,0.104,0.715
39900,0.182,0.099,0.719
40000,0.181,0.096,0.723
40100,0.180,0.090,0.730
40200,0.182,0.100,0.718
40300,0.177,0.101,0.722
40400,0.182,0.101,0.717
40500,0.173,0.101,0.726
40600,0.173,0.096,0.731
40700,0.181,0.091,0.728
40800,0.187,0.090,0.723
40900,0.185,0.091,0.724
41000,0.197,0.091,0.712
41100,0.197,0.090,0.713
41200,0.199,0.094,0.707
41300,0.189,0.095,0.716
41400,0.190,0.102,0.708
41500,0.188,0.097,0.715
41600,0.199,0.090,0.711
41700,0.189,0.091,0.720
41800,0.192,0.098,0.710
41900,0.185,0.102,0.713
42000,0.178,0.100,0.722
42100,0.179,0.093,0.728
42200,0.191,0.087,0.722
42300,0.189,0.090,0.721
42400,0.197,0.094,0.709
42500,0.201,0.088,0.711
42600,0.204,0.086,0.710
42700,0.200,0.089,0.711
42800,0.195,0.086,0.719
42900,0.202,0.085,0.713
43000,0.201,0.085,0.714
43100,0.197,0.077,0.726
43200,0.204,0.077,0.719
43300,0.203,0.078,0.719
43400,0.197,0.082,0.721
43500,0.194,0.088,0.718
43600,0.198,0.086,0.716
43700,0.198,0.093,0.709
43800,0.201,0.093,0.706
43900,0.200,0.089,0.711
44000,0.203,0.083,0.714
44100,0.201,0.088,0.711
44200,0.201,0.093,0.706
44300,0.189,0.093,0.718
44400,0.182,0.087,0.731
44500,0.183,0.081,0.736
44600,0.185,0.085,0.730
44700,0.182,0.087,0.731
44800,0.187,0.084,0.729
44900,0.188,0.083,0.729
45000,0.177,0.090,0.733
45100,0.165,0.095,0.740
45200,0.175,0.097,0.728
45300,0.179,0.092,0.729
45400,0.181,0.102,0.717
45500,0.183,0.104,0.713
45600,0.188,0.109,0.703
45700,0.194,0.102,0.704
45800,0.192,0.093,0.715
45900,0.191,0.096,0.713
46000,0.189,0.099,0.712
46100,0.191,0.110,0.699
46200,0.186,0.116,0.698
46300,0.181,0.124,0.695
46400,0.182,0.117,0.701
46500,0.182,0.120,0.698
46600,0.172,0.115,0.713
46700,0.165,0.123,0.712
46800,0.175,0.123,0.702
46900,0.168,0.119,0.713
47000,0.167,0.121,0.712
47100,0.166,0.116,0.718
47200,0.170,0.111,0.719
47300,0.176,0.121,0.703
47400,0.174,0.108,0.718
47500,0.167,0.112,0.721
47600,0.166,0.113,0.721
47700,0.169,0.114,0.717
47800,0.169,0.107,0.724
47900,0.163,0.110,0.727
48000,0.163,0.117,0.720
48100,0.168,0.107,0.725
48200,0.164,0.114,0.722
48300,0.167,0.109,0.724
48400,0.165,0.113,0.722
48500,0.156,0.112,0.732
48600,0.157,0.112,0.731
48700,0.151,0.113,0.736
48800,0.147,0.105,0.748
48900,0.167,0.098,0.735
49000,0.161,0.108,0.731
49100,0.155,0.113,0.732
49200,0.160,0.109,0.731
49300,0.154,0.108,0.738
49400,0.159,0.113,0.728
49500,0.174,0.114,0.712
49600,0.184,0.108,0.708
49700,0.178,0.113,0.709
49800,0.181,0.114,0.705
49900,0.179,0.119,0.702
50000,0.176,0.118,0.706
50100,0.179,0.112,0.709
50200,0.171,0.108,0.721
50300,0.182,0.101,0.717
50400,0.189,0.101,0.710
50500,0.194,0.102,0.704
50600,0.189,0.092,0.719
50700,0.194,0.086,0.720
50800,0.202,0.092,0.706
50900,0.194,0.094,0.712
51000,0.196,0.092,0.712
51100,0.186,0.090,0.724
51200,0.188,0.093,0.719
51300,0.185,0.092,0.723
51400,0.183,0.102,0.715
51500,0.181,0.101,0.718
51600,0.186,0.096,0.718
51700,0.176,0.107,0.717
51800,0.185,0.113,0.702
51900,0.178,0.106,0.716
52000,0.178,0.104,0.718
52100,0.187,0.104,0.709
52200,0.192,0.102,0.706
52300,0.180,0.112,0.708
52400,0.183,0.110,0.707
52500,0.184,0.108,0.708
52600,0.185,0.104,0.711
52700,0.185,0.107,0.708
52800,0.185,0.102,0.713
52900,0.195,0.095,0.710
53000,0.190,0.100,0.710
53100,0.186,0.114,0.700
53200,0.193,0.112,0.695
53300,0.197,0.119,0.684
53400,0.182,0.116,0.702
53500,0.175,0.114,0.711
53600,0.170,0.121,0.709
53700,0.174,0.118,0.708
53800,0.177,0.122,0.701
53900,0.168,0.117,0.715
54000,0.169,0.121,0.710
54100,0.169,0.117,0.714
54200,0.171,0.117,0.712
54300,0.175,0.118,0.707
54400,0.184,0.109,0.707
54500,0.199,0.112,0.689
54600,0.190,0.104,0.706
54700,0.182,0.115,0.703
54800,0.191,0.121,0.688
54900,0.195,0.123,0.682
55000,0.187,0.119,0.694
55100,0.183,0.111,0.706
55200,0.180,0.098,0.722
55300,0.178,0.099,0.723
55400,0.176,0.109,0.715
55500,0.180,0.104,0.716
55600,0.169,0.102,0.729
55700,0.173,0.109,0.718
55800,0.171,0.110,0.719
55900,0.174,0.112,0.714
56000,0.170,0.111,0.719
56100,0.173,0.118,0.709
56200,0.171,0.116,0.713
56300,0.171,0.113,0.716
56400,0.177,0.121,0.702
56500,0.175,0.122,0.703
56600,0.168,0.117,0.715
56700,0.170,0.114,0.716
56800,0.175,0.116,0.709
56900,0.175,0.117,0.708
57000,0.179,0.117,0.704
57100,0.177,0.112,0.711
57200,0.176,0.106,0.718
57300,0.171,0.117,0.712
57400,0.177,0.126,0.697
57500,0.167,0.127,0.706
57600,0.163,0.127,0.710
57700,0.171,0.131,0.698
57800,0.175,0.126,0.699
57900,0.184,0.131,0.685
58000,0.190,0.127,0.683
58100,0.186,0.129,0.685
58200,0.188,0.120,0.692
58300,0.180,0.115,0.705
58400,0.180,0.111,0.709
58500,0.188,0.108,0.704
58600,0.181,0.114,0.705
58700,0.187,0.105,0.708
58800,0.191,0.110,0.699
58900,0.194,0.104,0.702
59000,0.185,0.107,0.708
59100,0.182,0.106,0.712
59200,0.172,0.109,0.719
59300,0.166,0.115,0.719
59400,0.165,0.109,0.726
59500,0.176,0.109,0.715
59600,0.185,0.107,0.708
59700,0.188,0.107,0.705
59800,0.187,0.108,0.705
59900,0.188,0.106,0.706
60000,0.183,0.102,0.715
60100,0.185,0.102,0.713
60200,0.182,0.108,0.710
60300,0.183,0.104,0.713
60400,0.182,0.102,0.716
60500,0.188,0.094,0.718
60600,0.180,0.096,0.724
60700,0.179,0.087,0.734
60800,0.185,0.096,0.719
60900,0.185,0.102,0.713
61000,0.190,0.094,0.716
61100,0.194,0.084,0.722
61200,0.189,0.092,0.719
61300,0.176,0.096,0.728
61400,0.167,0.104,0.729
61500,0.173,0.101,0.726
61600,0.178,0.109,0.713
61700,0.180,0.108,0.712
61800,0.178,0.112,0.710
61900,0.173,0.111,0.716
62000,0.179,0.105,0.716
62100,0.170,0.110,0.720
62200,0.176,0.120,0.704
62300,0.171,0.122,0.707
62400,0.173,0.125,0.702
62500,0.185,0.120,0.695
62600,0.183,0.118,0.699
62700,0.186,0.120,0.694
62800,0.184,0.108,0.708
62900,0.189,0.103,0.708
63000,0.184,0.095,0.721
63100,0.191,0.094,0.715
63200,0.195,0.091,0.714
63300,0.197,0.092,0.711
63400,0.200,0.088,0.712
63500,0.188,0.090,0.722
63600,0.188,0.091,0.721
63700,0.182,0.095,0.723
63800,0.189,0.085,0.726
63900,0.187,0.088,0.725
64000,0.184,0.088,0.728
64100,0.189,0.083,0.728
64200,0.189,0.080,0.731
64300,0.183,0.084,0.733
64400,0.183,0.079,0.738
64500,0.188,0.085,0.727
64600,0.189,0.092,0.719
64700,0.195,0.092,0.713
64800,0.200,0.093,0.707
64900,0.192,0.090,0.718
65000,0.195,0.082,0.723
65100,0.188,0.097,0.715
65200,0.186,0.100,0.714
65300,0.183,0.100,0.717
65400,0.190,0.101,0.709
65500,0.187,0.111,0.702
65600,0.180,0.113,0.707
65700,0.176,0.124,0.700
65800,0.169,0.123,0.708
65900,0.161,0.123,0.716
66000,0.162,0.122,0.716
66100,0.158,0.117,0.725
66200,0.153,0.126,0.721
66300,0.157,0.126,0.717
66400,0.160,0.123,0.717
66500,0.171,0.127,0.702
66600,0.176,0.123,0.701
66700,0.168,0.122,0.710
66800,0.164,0.113,0.723
66900,0.160,0.117,0.723
67000,0.150,0.106,0.744
67100,0.160,0.112,0.728
67200,0.158,0.103,0.739
67300,0.159,0.102,0.739
67400,0.161,0.107,0.732
67500,0.162,0.099,0.739
67600,0.173,0.098,0.729
67700,0.173,0.098,0.729
67800,0.175,0.095,0.730
67900,0.173,0.090,0.737
68000,0.176,0.090,0.734
68100,0.176,0.096,0.728
68200,0.177,0.096,0.727
68300,0.175,0.094,0.731
68400,0.178,0.101,0.721
68500,0.174,0.101,0.725
68600,0.169,0.101,0.730
68700,0.177,0.100,0.723
68800,0.169,0.102,0.729
68900,0.171,0.104,0.725
69000,0.168,0.104,0.728
69100,0.166,0.105,0.729
69200,0.161,0.105,0.734
69300,0.170,0.105,0.725
69400,0.173,0.117,0.710
69500,0.176,0.118,0.706
69600,0.169,0.112,0.719
69700,0.169,0.116,0.715
69800,0.180,0.114,0.706
69900,0.173,0.108,0.719
70000,0.169,0.113,0.718
70100,0.166,0.112,0.722
70200,0.167,0.109,0.724
70300,0.166,0.106,0.728
70400,0.160,0.113,0.727
70500,0.168,0.111,0.721
70600,0.171,0.107,0.722
70700,0.177,0.115,0.708
70800,0.174,0.116,0.710
70900,0.175,0.115,0.710
71000,0.178,0.114,0.708
71100,0.175,0.104,0.721
71200,0.170,0.108,0.722
71300,0.168,0.115,0.717
71400,0.162,0.116,0.722
71500,0.158,0.116,0.726
71600,0.154,0.116,0.730
71700,0.151,0.123,0.726
71800,0.144,0.123,0.733
71900,0.149,0.122,0.729
72000,0.149,0.117,0.734
72100,0.157,0.121,0.722
72200,0.157,0.118,0.725
72300,0.150,0.119,0.731
72400,0.159,0.120,0.721
72500,0.162,0.124,0.714
72600,0.161,0.131,0.708
72700,0.158,0.129,0.713
72800,0.162,0.127,0.711
72900,0.167,0.121,0.712
73000,0.167,0.124,0.709
73100,0.159,0.119,0.722
73200,0.161,0.121,0.718
73300,0.161,0.127,0.712
73400,0.155,0.131,0.714
73500,0.158,0.130,0.712
73600,0.158,0.133,0.709
73700,0.150,0.130,0.720
73800,0.145,0.123,0.732
73900,0.142,0.115,0.743
74000,0.144,0.112,0.744
74100,0.145,0.113,0.742
74200,0.153,0.113,0.734
74300,0.157,0.108,0.735
74400,0.157,0.113,0.730
74500,0.151,0.117,0.732
74600,0.154,0.123,0.723
74700,0.148,0.127,0.725
74800,0.138,0.123,0.739
74900,0.128,0.132,0.740
75000,0.133,0.139,0.728
75100,0.124,0.134,0.742
75200,0.119,0.142,0.739
75300,0.118,0.136,0.746
75400,0.127,0.151,0.722
75500,0.128,0.147,0.725
75600,0.139,0.139,0.722
75700,0.140,0.137,0.723
75800,0.156,0.133,0.711
75900,0.154,0.135,0.711
76000,0.161,0.120,0.719
76100,0.158,0.117,0.725
76200,0.156,0.116,0.728
76300,0.153,0.119,0.728
76400,0.154,0.113,0.733
76500,0.151,0.115,0.734
76600,0.146,0.119,0.735
76700,0.143,0.122,0.735
76800,0.140,0.116,0.744
76900,0.145,0.118,0.737
77000,0.146,0.121,0.733
77100,0.153,0.125,0.722
77200,0.173,0.118,0.709
77300,0.172,0.126,0.702
77400,0.165,0.129,0.706
77500,0.157,0.126,0.717
77600,0.159,0.131,0.710
77700,0.158,0.121,0.721
77800,0.158,0.119,0.723
77900,0.151,0.119,0.730
78000,0.156,0.116,0.728
78100,0.142,0.109,0.749
78200,0.145,0.105,0.750
78300,0.142,0.110,0.748
78400,0.135,0.109,0.756
78500,0.134,0.110,0.756
78600,0.141,0.107,0.752
78700,0.151,0.113,0.736
78800,0.149,0.107,0.744
78900,0.153,0.104,0.743
79000,0.167,0.100,0.733
79100,0.165,0.097,0.738
79200,0.159,0.106,0.735
79300,0.164,0.102,0.734
79400,0.171,0.104,0.725
79500,0.159,0.107,0.734
79600,0.154,0.114,0.732
79700,0.147,0.114,0.739
79800,0.150,0.116,0.734
79900,0.159,0.111,0.730
80000,0.156,0.125,0.719
80100,0.156,0.123,0.721
80200,0.153,0.128,0.719
80300,0.156,0.128,0.716
80400,0.152,0.120,0.728
80500,0.150,0.127,0.723
80600,0.139,0.127,0.734
80700,0.138,0.131,0.731
80800,0.137,0.121,0.742
80900,0.145,0.121,0.734
81000,0.155,0.121,0.724
81100,0.157,0.116,0.727
81200,0.157,0.117,0.726
81300,0.150,0.112,0.738
81400,0.149,0.120,0.731
81500,0.155,0.125,0.720
81600,0.156,0.129,0.715
81700,0.162,0.133,0.705
81800,0.158,0.135,0.707
81900,0.161,0.142,0.697
82000,0.157,0.135,0.708
82100,0.149,0.128,0.723
82200,0.148,0.127,0.725
82300,0.143,0.127,0.730
82400,0.151,0.123,0.726
82500,0.153,0.113,0.734
82600,0.154,0.110,0.736
82700,0.148,0.114,0.738
82800,0.140,0.108,0.752
82900,0.134,0.108,0.758
83000,0.137,0.107,0.756
83100,0.139,0.105,0.756
83200,0.140,0.103,0.757
83300,0.147,0.093,0.760
83400,0.156,0.096,0.748
83500,0.156,0.097,0.747
83600,0.168,0.094,0.738
83700,0.164,0.104,0.732
83800,0.168,0.103,0.729
83900,0.162,0.103,0.735
84000,0.160,0.105,0.735
84100,0.144,0.106,0.750
84200,0.147,0.108,0.745
84300,0.150,0.106,0.744
84400,0.147,0.107,0.746
84500,0.150,0.104,0.746
84600,0.155,0.107,0.738
84700,0.149,0.109,0.742
84800,0.142,0.115,0.743
84900,0.143,0.116,0.741
85000,0.148,0.121,0.731
85100,0.159,0.125,0.716
85200,0.158,0.118,0.724
85300,0.162,0.116,0.722
85400,0.169,0.114,0.717
85500,0.169,0.112,0.719
85600,0.167,0.119,0.714
85700,0.167,0.114,0.719
85800,0.164,0.118,0.718
85900,0.167,0.115,0.718
86000,0.168,0.116,0.716
86100,0.167,0.115,0.718
86200,0.169,0.120,0.711
86300,0.170,0.111,0.719
86400,0.173,0.114,0.713
86500,0.171,0.110,0.719
86600,0.165,0.115,0.720
86700,0.163,0.109,0.728
86800,0.160,0.113,0.727
86900,0.166,0.106,0.728
87000,0.164,0.108,0.728
87100,0.166,0.109,0.725
87200,0.161,0.102,0.737
87300,0.167,0.102,0.731
87400,0.166,0.096,0.738
87500,0.178,0.104,0.718
87600,0.187,0.107,0.706
87700,0.179,0.109,0.712
87800,0.183,0.109,0.708
87900,0.188,0.117,0.695
88000,0.184,0.115,0.701
88100,0.181,0.130,0.689
88200,0.197,0.136,0.667
88300,0.199,0.135,0.666
88400,0.202,0.130,0.668
88500,0.201,0.134,0.665
88600,0.193,0.125,0.682
88700,0.200,0.128,0.672
88800,0.198,0.117,0.685
88900,0.179,0.110,0.711
89000,0.175,0.105,0.720
89100,0.173,0.107,0.720
89200,0.178,0.112,0.710
89300,0.173,0.117,0.710
89400,0.179,0.120,0.701
89500,0.176,0.112,0.712
89600,0.177,0.095,0.728
89700,0.175,0.107,0.718
89800,0.167,0.115,0.718
89900,0.160,0.106,0.734
90000,0.156,0.100,0.744
90100,0.159,0.097,0.744
90200,0.157,0.099,0.744
90300,0.162,0.106,0.732
90400,0.148,0.116,0.736
90500,0.158,0.118,0.724
90600,0.160,0.118,0.722
90700,0.160,0.108,0.732
90800,0.161,0.104,0.735
90900,0.163,0.106,0.731
91000,0.170,0.124,0.706
91100,0.167,0.137,0.696
91200,0.163,0.140,0.697
91300,0.169,0.143,0.688
91400,0.170,0.135,0.695
91500,0.157,0.124,0.719
91600,0.157,0.124,0.719
91700,0.152,0.120,0.728
91800,0.147,0.110,0.743
91900,0.138,0.119,0.743
92000,0.143,0.108,0.749
92100,0.146,0.102,0.752
92200,0.150,0.108,0.742
92300,0.149,0.101,0.750
92400,0.157,0.108,0.735
92500,0.159,0.107,0.734
92600,0.177,0.110,0.713
92700,0.179,0.109,0.712
92800,0.169,0.108,0.723
92900,0.167,0.105,0.728
93000,0.161,0.120,0.719
93100,0.170,0.124,0.706
93200,0.162,0.123,0.715
93300,0.160,0.130,0.710
93400,0.156,0.131,0.713
93500,0.151,0.128,0.721
93600,0.155,0.128,0.717
93700,0.156,0.131,0.713
93800,0.152,0.125,0.723
93900,0.159,0.133,0.708
94000,0.163,0.127,0.710
94100,0.173,0.138,0.689
94200,0.184,0.128,0.688
94300,0.188,0.125,0.687
94400,0.181,0.116,0.703
94500,0.176,0.112,0.712
94600,0.172,0.108,0.720
94700,0.165,0.110,0.725
94800,0.166,0.116,0.718
94900,0.167,0.117,0.716
95000,0.159,0.120,0.721
95100,0.162,0.120,0.718
95200,0.167,0.118,0.715
95300,0.179,0.119,0.702
95400,0.188,0.128,0.684
95500,0.184,0.128,0.688
95600,0.172,0.123,0.705
95700,0.176,0.123,0.701
95800,0.171,0.120,0.709
95900,0.166,0.112,0.722
96000,0.174,0.114,0.712
96100,0.171,0.108,0.721
96200,0.171,0.107,0.722
96300,0.162,0.109,0.729
96400,0.165,0.110,0.725
96500,0.165,0.113,0.722
96600,0.160,0.107,0.733
96700,0.166,0.115,0.719
96800,0.172,0.116,0.712
96900,0.176,0.115,0.709
97000,0.170,0.117,0.713
97100,0.168,0.112,0.720
97200,0.162,0.114,0.724
97300,0.163,0.112,0.725
97400,0.161,0.109,0.730
97500,0.155,0.106,0.739
97600,0.155,0.103,0.742
97700,0.169,0.106,0.725
97800,0.166,0.111,0.723
97900,0.150,0.106,0.744
98000,0.143,0.106,0.751
98100,0.144,0.111,0.745
98200,0.148,0.113,0.739
98300,0.148,0.103,0.749
98400,0.152,0.103,0.745
98500,0.152,0.108,0.740
98600,0.150,0.109,0.741
98700,0.156,0.105,0.739
98800,0.168,0.106,0.726
98900,0.178,0.109,0.713
99000,0.180,0.113,0.707
99100,0.184,0.112,0.704
99200,0.190,0.110,0.700
99300,0.191,0.106,0.703
99400,0.189,0.107,0.704
99500,0.186,0.102,0.712
99600,0.187,0.108,0.705
99700,0.172,0.098,0.730
99800,0.179,0.090,0.731
99900,0.184,0.092,0.724
100000,0.183,0.082,0.735
