time,n_A+p,n_B,n_AB
100,0.030,0.965,0.005
200,0.030,0.961,0.009
300,0.030,0.957,0.013
400,0.030,0.954,0.016
500,0.034,0.948,0.018
600,0.032,0.946,0.022
700,0.031,0.938,0.032
800,0.031,0.932,0.038
900,0.030,0.925,0.045
1000,0.030,0.917,0.053
1100,0.032,0.918,0.050
1200,0.032,0.915,0.053
1300,0.034,0.908,0.058
1400,0.037,0.900,0.063
1500,0.036,0.879,0.085
1600,0.038,0.858,0.104
1700,0.041,0.858,0.101
1800,0.039,0.861,0.100
1900,0.040,0.853,0.107
2000,0.037,0.838,0.126
2100,0.058,0.823,0.118
2200,0.048,0.829,0.123
2300,0.056,0.803,0.141
2400,0.066,0.783,0.150
2500,0.079,0.780,0.141
2600,0.073,0.775,0.152
2700,0.068,0.757,0.175
2800,0.073,0.745,0.183
2900,0.067,0.741,0.192
3000,0.075,0.735,0.190
3100,0.065,0.727,0.207
3200,0.072,0.704,0.225
3300,0.076,0.691,0.234
3400,0.080,0.668,0.252
3500,0.076,0.672,0.252
3600,0.078,0.671,0.251
3700,0.082,0.662,0.256
3800,0.081,0.664,0.255
3900,0.084,0.651,0.266
4000,0.086,0.652,0.263
4100,0.088,0.648,0.265
4200,0.105,0.640,0.254
4300,0.112,0.636,0.251
4400,0.138,0.624,0.238
4500,0.134,0.608,0.258
4600,0.125,0.607,0.269
4700,0.116,0.613,0.271
4800,0.116,0.613,0.271
4900,0.127,0.597,0.277
5000,0.121,0.590,0.289
5100,0.133,0.584,0.283
5200,0.145,0.580,0.275
5300,0.139,0.559,0.302
5400,0.150,0.549,0.301
5500,0.156,0.542,0.301
5600,0.163,0.552,0.285
5700,0.157,0.558,0.285
5800,0.149,0.556,0.295
5900,0.158,0.549,0.293
6000,0.157,0.528,0.315
6100,0.154,0.524,0.322
6200,0.158,0.521,0.321
6300,0.165,0.513,0.322
6400,0.173,0.510,0.318
6500,0.169,0.526,0.305
6600,0.176,0.522,0.302
6700,0.174,0.516,0.311
6800,0.181,0.511,0.308
6900,0.183,0.499,0.318
7000,0.186,0.480,0.334
7100,0.189,0.471,0.340
7200,0.195,0.476,0.329
7300,0.196,0.468,0.336
7400,0.190,0.459,0.351
7500,0.190,0.455,0.355
7600,0.188,0.455,0.358
7700,0.218,0.450,0.332
7800,0.232,0.457,0.312
7900,0.215,0.451,0.334
8000,0.225,0.446,0.329
8100,0.232,0.444,0.324
8200,0.229,0.435,0.336
8300,0.226,0.434,0.340
8400,0.224,0.430,0.346
8500,0.216,0.431,0.353
8600,0.219,0.428,0.353
8700,0.215,0.421,0.365
8800,0.215,0.423,0.363
8900,0.215,0.423,0.363
9000,0.221,0.420,0.360
9100,0.222,0.424,0.354
9200,0.220,0.435,0.345
9300,0.227,0.429,0.344
9400,0.229,0.418,0.353
9500,0.236,0.413,0.351
9600,0.237,0.404,0.359
9700,0.248,0.406,0.346
9800,0.253,0.400,0.346
9900,0.258,0.397,0.344
10000,0.252,0.402,0.345
10100,0.244,0.423,0.333
10200,0.237,0.441,0.322
10300,0.229,0.432,0.339
10400,0.232,0.432,0.336
10500,0.220,0.429,0.351
10600,0.210,0.439,0.350
10700,0.208,0.439,0.352
10800,0.211,0.440,0.348
10900,0.210,0.435,0.354
11000,0.217,0.436,0.347
11100,0.217,0.448,0.335
11200,0.217,0.444,0.339
11300,0.203,0.433,0.364
11400,0.203,0.430,0.367
11500,0.202,0.439,0.359
11600,0.198,0.423,0.379
11700,0.189,0.422,0.389
11800,0.193,0.422,0.385
11900,0.194,0.422,0.384
12000,0.193,0.420,0.387
12100,0.195,0.420,0.385
12200,0.190,0.433,0.377
12300,0.193,0.435,0.372
12400,0.197,0.425,0.378
12500,0.189,0.434,0.377
12600,0.175,0.434,0.391
12700,0.172,0.449,0.379
12800,0.168,0.447,0.385
12900,0.178,0.445,0.377
13000,0.168,0.462,0.371
13100,0.163,0.465,0.372
13200,0.155,0.468,0.377
13300,0.175,0.460,0.366
13400,0.175,0.472,0.353
13500,0.177,0.465,0.359
13600,0.168,0.467,0.366
13700,0.176,0.465,0.360
13800,0.176,0.464,0.361
13900,0.177,0.454,0.370
14000,0.190,0.442,0.368
14100,0.186,0.437,0.377
14200,0.189,0.440,0.371
14300,0.187,0.440,0.373
14400,0.186,0.436,0.378
14500,0.184,0.441,0.375
14600,0.177,0.453,0.371
14700,0.172,0.454,0.375
14800,0.168,0.455,0.378
14900,0.156,0.455,0.389
15000,0.162,0.456,0.382
15100,0.151,0.454,0.395
15200,0.166,0.458,0.376
15300,0.174,0.455,0.372
15400,0.178,0.441,0.381
15500,0.165,0.435,0.399
15600,0.173,0.418,0.410
15700,0.169,0.411,0.421
15800,0.170,0.410,0.421
15900,0.170,0.422,0.409
16000,0.172,0.427,0.401
16100,0.181,0.421,0.398
16200,0.188,0.435,0.377
16300,0.195,0.433,0.372
16400,0.195,0.439,0.366
16500,0.196,0.438,0.366
16600,0.200,0.436,0.364
16700,0.197,0.437,0.366
16800,0.187,0.434,0.379
16900,0.181,0.435,0.384
17000,0.187,0.435,0.378
17100,0.191,0.427,0.382
17200,0.190,0.424,0.386
17300,0.195,0.418,0.387
17400,0.198,0.416,0.386
17500,0.198,0.411,0.391
17600,0.194,0.406,0.400
17700,0.195,0.411,0.394
17800,0.188,0.420,0.392
17900,0.182,0.423,0.395
18000,0.183,0.420,0.397
18100,0.184,0.418,0.398
18200,0.179,0.421,0.400
18300,0.181,0.421,0.398
18400,0.185,0.419,0.396
18500,0.198,0.414,0.388
18600,0.203,0.420,0.377
18700,0.224,0.408,0.369
18800,0.227,0.399,0.374
18900,0.220,0.396,0.384
19000,0.230,0.387,0.383
19100,0.224,0.409,0.368
19200,0.222,0.408,0.371
19300,0.221,0.411,0.369
19400,0.231,0.413,0.356
19500,0.225,0.413,0.363
19600,0.227,0.403,0.370
19700,0.221,0.409,0.371
19800,0.212,0.403,0.384
19900,0.213,0.392,0.394
20000,0.212,0.381,0.407
20100,0.212,0.392,0.395
20200,0.222,0.378,0.400
20300,0.217,0.372,0.412
20400,0.225,0.371,0.404
20500,0.221,0.363,0.417
20600,0.231,0.381,0.388
20700,0.232,0.380,0.388
20800,0.221,0.379,0.400
20900,0.220,0.386,0.394
21000,0.219,0.390,0.391
21100,0.219,0.393,0.388
21200,0.219,0.393,0.388
21300,0.210,0.406,0.384
21400,0.202,0.402,0.395
21500,0.208,0.390,0.401
21600,0.210,0.382,0.408
21700,0.199,0.385,0.416
21800,0.195,0.382,0.423
21900,0.198,0.387,0.415
22000,0.210,0.383,0.407
22100,0.221,0.377,0.402
22200,0.213,0.370,0.417
22300,0.243,0.360,0.397
22400,0.237,0.362,0.401
22500,0.231,0.365,0.404
22600,0.229,0.376,0.395
22700,0.222,0.371,0.408
22800,0.217,0.375,0.409
22900,0.222,0.377,0.401
23000,0.245,0.378,0.377
23100,0.243,0.385,0.372
23200,0.224,0.387,0.389
23300,0.222,0.391,0.387
23400,0.215,0.389,0.396
23500,0.209,0.390,0.400
23600,0.221,0.379,0.400
23700,0.208,0.387,0.404
23800,0.205,0.384,0.411
23900,0.221,0.368,0.412
24000,0.221,0.363,0.417
24100,0.219,0.360,0.422
24200,0.216,0.361,0.424
24300,0.210,0.355,0.434
24400,0.219,0.350,0.431
24500,0.219,0.352,0.429
24600,0.221,0.351,0.428
24700,0.220,0.355,0.425
24800,0.228,0.362,0.411
24900,0.224,0.351,0.425
25000,0.223,0.354,0.423
25100,0.211,0.353,0.435
25200,0.216,0.340,0.444
25300,0.245,0.340,0.415
25400,0.246,0.358,0.396
25500,0.247,0.365,0.388
25600,0.248,0.371,0.381
25700,0.234,0.372,0.394
25800,0.232,0.365,0.403
25900,0.232,0.364,0.404
26000,0.241,0.361,0.398
26100,0.248,0.365,0.387
26200,0.253,0.374,0.373
26300,0.243,0.368,0.389
26400,0.245,0.378,0.377
26500,0.237,0.372,0.391
26600,0.253,0.369,0.378
26700,0.232,0.364,0.404
26800,0.237,0.361,0.402
26900,0.241,0.359,0.400
27000,0.251,0.368,0.381
27100,0.248,0.364,0.388
27200,0.252,0.365,0.383
27300,0.255,0.364,0.381
27400,0.247,0.361,0.392
27500,0.243,0.359,0.398
27600,0.232,0.362,0.407
27700,0.224,0.369,0.408
27800,0.221,0.370,0.410
27900,0.225,0.363,0.413
28000,0.235,0.362,0.403
28100,0.239,0.360,0.401
28200,0.239,0.351,0.410
28300,0.236,0.348,0.416
28400,0.234,0.350,0.416
28500,0.236,0.351,0.413
28600,0.238,0.340,0.422
28700,0.245,0.340,0.415
28800,0.246,0.332,0.422
28900,0.245,0.335,0.420
29000,0.246,0.333,0.421
29100,0.248,0.327,0.425
29200,0.266,0.326,0.409
29300,0.269,0.315,0.417
29400,0.289,0.305,0.406
29500,0.281,0.299,0.420
29600,0.291,0.302,0.407
29700,0.283,0.300,0.417
29800,0.283,0.298,0.419
29900,0.276,0.289,0.435
30000,0.279,0.281,0.440
30100,0.277,0.285,0.438
30200,0.290,0.283,0.427
30300,0.281,0.290,0.429
30400,0.280,0.297,0.423
30500,0.276,0.292,0.432
30600,0.265,0.304,0.431
30700,0.264,0.306,0.430
30800,0.251,0.301,0.447
30900,0.256,0.325,0.419
31000,0.239,0.326,0.435
31100,0.246,0.323,0.431
31200,0.248,0.326,0.426
31300,0.252,0.321,0.427
31400,0.242,0.325,0.433
31500,0.247,0.321,0.432
31600,0.241,0.317,0.442
31700,0.254,0.314,0.432
31800,0.250,0.337,0.413
31900,0.242,0.336,0.422
32000,0.234,0.347,0.419
32100,0.231,0.354,0.415
32200,0.230,0.352,0.418
32300,0.250,0.346,0.403
32400,0.248,0.337,0.415
32500,0.246,0.333,0.421
32600,0.242,0.321,0.437
32700,0.251,0.314,0.435
32800,0.265,0.312,0.424
32900,0.275,0.309,0.416
33000,0.261,0.305,0.433
33100,0.252,0.301,0.446
33200,0.246,0.303,0.450
33300,0.258,0.304,0.437
33400,0.258,0.314,0.428
33500,0.256,0.311,0.433
33600,0.239,0.319,0.442
33700,0.243,0.311,0.446
33800,0.242,0.300,0.458
33900,0.236,0.303,0.461
34000,0.241,0.302,0.457
34100,0.239,0.309,0.451
34200,0.240,0.307,0.453
34300,0.236,0.307,0.457
34400,0.235,0.304,0.461
34500,0.236,0.307,0.457
34600,0.238,0.300,0.462
34700,0.237,0.296,0.467
34800,0.234,0.291,0.475
34900,0.223,0.299,0.478
35000,0.235,0.299,0.466
35100,0.236,0.306,0.458
35200,0.243,0.314,0.443
35300,0.233,0.318,0.449
35400,0.231,0.313,0.457
35500,0.225,0.316,0.460
35600,0.225,0.313,0.463
35700,0.232,0.306,0.462
35800,0.247,0.306,0.446
35900,0.253,0.308,0.438
36000,0.264,0.304,0.432
36100,0.258,0.311,0.431
36200,0.268,0.296,0.436
36300,0.261,0.297,0.441
36400,0.265,0.289,0.446
36500,0.252,0.287,0.461
36600,0.250,0.290,0.460
36700,0.243,0.283,0.474
36800,0.247,0.291,0.462
36900,0.265,0.300,0.435
37000,0.264,0.298,0.438
37100,0.250,0.304,0.445
37200,0.249,0.303,0.447
37300,0.248,0.297,0.455
37400,0.244,0.297,0.459
37500,0.243,0.296,0.461
37600,0.243,0.296,0.461
37700,0.238,0.300,0.462
37800,0.254,0.309,0.436
37900,0.265,0.319,0.417
38000,0.269,0.319,0.413
38100,0.266,0.318,0.417
38200,0.287,0.315,0.398
38300,0.299,0.307,0.393
38400,0.292,0.300,0.408
38500,0.298,0.308,0.393
38600,0.301,0.300,0.398
38700,0.304,0.307,0.388
38800,0.303,0.316,0.381
38900,0.299,0.311,0.390
39000,0.286,0.335,0.379
39100,0.296,0.325,0.379
39200,0.288,0.323,0.389
39300,0.287,0.322,0.391
39400,0.280,0.325,0.395
39500,0.286,0.322,0.392
39600,0.288,0.311,0.401
39700,0.295,0.304,0.400
39800,0.292,0.298,0.410
39900,0.298,0.289,0.413
40000,0.291,0.295,0.414
40100,0.291,0.291,0.418
40200,0.294,0.290,0.416
40300,0.298,0.297,0.404
40400,0.305,0.294,0.400
40500,0.311,0.295,0.394
40600,0.304,0.287,0.409
40700,0.295,0.287,0.418
40800,0.296,0.289,0.415
40900,0.298,0.296,0.406
41000,0.289,0.286,0.425
41100,0.289,0.290,0.421
41200,0.285,0.294,0.421
41300,0.274,0.296,0.430
41400,0.283,0.305,0.412
41500,0.273,0.307,0.420
41600,0.273,0.299,0.428
41700,0.276,0.292,0.432
41800,0.285,0.290,0.425
41900,0.283,0.291,0.426
42000,0.268,0.292,0.440
42100,0.275,0.286,0.439
42200,0.284,0.292,0.424
42300,0.287,0.293,0.420
42400,0.283,0.285,0.432
42500,0.277,0.277,0.446
42600,0.272,0.273,0.456
42700,0.275,0.282,0.443
42800,0.268,0.282,0.450
42900,0.266,0.284,0.450
43000,0.273,0.290,0.437
43100,0.271,0.289,0.440
43200,0.272,0.291,0.437
43300,0.274,0.291,0.435
43400,0.275,0.293,0.432
43500,0.273,0.293,0.434
43600,0.256,0.290,0.454
43700,0.248,0.290,0.462
43800,0.227,0.297,0.476
43900,0.226,0.306,0.468
44000,0.245,0.296,0.459
44100,0.240,0.300,0.460
44200,0.240,0.301,0.459
44300,0.231,0.293,0.476
44400,0.232,0.299,0.469
44500,0.232,0.297,0.471
44600,0.228,0.300,0.472
44700,0.229,0.294,0.477
44800,0.229,0.294,0.477
44900,0.239,0.285,0.476
45000,0.238,0.301,0.461
45100,0.233,0.312,0.456
45200,0.244,0.319,0.437
45300,0.236,0.314,0.450
45400,0.228,0.305,0.467
45500,0.226,0.303,0.471
45600,0.235,0.303,0.462
45700,0.247,0.301,0.451
45800,0.266,0.300,0.434
45900,0.270,0.303,0.427
46000,0.261,0.293,0.445
46100,0.285,0.295,0.420
46200,0.294,0.291,0.415
46300,0.292,0.296,0.412
46400,0.292,0.299,0.409
46500,0.281,0.291,0.428
46600,0.271,0.294,0.435
46700,0.275,0.283,0.442
46800,0.303,0.284,0.413
46900,0.302,0.273,0.425
47000,0.292,0.274,0.434
47100,0.285,0.270,0.445
47200,0.286,0.270,0.444
47300,0.293,0.274,0.433
47400,0.295,0.282,0.423
47500,0.294,0.290,0.416
47600,0.303,0.291,0.406
47700,0.296,0.292,0.412
47800,0.299,0.289,0.412
47900,0.296,0.289,0.415
48000,0.283,0.288,0.429
48100,0.284,0.297,0.419
48200,0.285,0.300,0.415
48300,0.289,0.290,0.421
48400,0.312,0.279,0.410
48500,0.302,0.285,0.413
48600,0.306,0.278,0.416
48700,0.307,0.277,0.416
48800,0.313,0.278,0.410
48900,0.308,0.282,0.410
49000,0.309,0.279,0.412
49100,0.315,0.278,0.408
49200,0.312,0.289,0.399
49300,0.307,0.286,0.407
49400,0.317,0.278,0.406
49500,0.309,0.283,0.408
49600,0.304,0.284,0.412
49700,0.313,0.274,0.414
49800,0.308,0.282,0.410
49900,0.306,0.287,0.407
50000,0.308,0.285,0.407
50100,0.299,0.285,0.416
50200,0.307,0.281,0.412
50300,0.313,0.275,0.413
50400,0.305,0.273,0.422
50500,0.309,0.273,0.418
50600,0.298,0.281,0.421
50700,0.290,0.277,0.433
50800,0.290,0.278,0.432
50900,0.297,0.274,0.429
51000,0.297,0.275,0.428
51100,0.294,0.296,0.410
51200,0.290,0.305,0.404
51300,0.289,0.299,0.412
51400,0.270,0.314,0.417
51500,0.281,0.303,0.416
51600,0.270,0.295,0.435
51700,0.277,0.280,0.443
51800,0.268,0.283,0.449
51900,0.275,0.294,0.431
52000,0.280,0.283,0.437
52100,0.283,0.285,0.432
52200,0.282,0.293,0.425
52300,0.270,0.304,0.426
52400,0.264,0.300,0.436
52500,0.256,0.306,0.437
52600,0.257,0.299,0.443
52700,0.248,0.303,0.448
52800,0.254,0.304,0.441
52900,0.266,0.301,0.433
53000,0.261,0.296,0.442
53100,0.261,0.294,0.444
53200,0.256,0.296,0.447
53300,0.249,0.300,0.450
53400,0.243,0.309,0.447
53500,0.242,0.301,0.457
53600,0.242,0.305,0.453
53700,0.241,0.301,0.458
53800,0.245,0.302,0.453
53900,0.238,0.307,0.455
54000,0.230,0.301,0.469
54100,0.227,0.307,0.466
54200,0.237,0.302,0.461
54300,0.235,0.303,0.462
54400,0.233,0.309,0.458
54500,0.241,0.314,0.445
54600,0.235,0.311,0.455
54700,0.235,0.308,0.457
54800,0.246,0.303,0.450
54900,0.267,0.290,0.443
55000,0.274,0.286,0.440
55100,0.275,0.286,0.439
55200,0.275,0.289,0.436
55300,0.267,0.290,0.443
55400,0.273,0.296,0.431
55500,0.263,0.289,0.448
55600,0.266,0.283,0.451
55700,0.268,0.282,0.450
55800,0.269,0.286,0.445
55900,0.255,0.299,0.445
56000,0.252,0.300,0.447
56100,0.247,0.293,0.460
56200,0.252,0.289,0.459
56300,0.260,0.287,0.453
56400,0.260,0.290,0.449
56500,0.255,0.293,0.451
56600,0.269,0.293,0.438
56700,0.275,0.290,0.435
56800,0.260,0.304,0.435
56900,0.265,0.300,0.435
57000,0.259,0.312,0.429
57100,0.257,0.311,0.432
57200,0.258,0.314,0.428
57300,0.249,0.305,0.445
57400,0.244,0.297,0.459
57500,0.236,0.300,0.464
57600,0.248,0.297,0.455
57700,0.258,0.288,0.454
57800,0.256,0.291,0.453
57900,0.257,0.273,0.470
58000,0.252,0.279,0.469
58100,0.242,0.300,0.458
58200,0.258,0.286,0.456
58300,0.269,0.284,0.447
58400,0.272,0.277,0.451
58500,0.264,0.273,0.464
58600,0.274,0.278,0.448
58700,0.263,0.294,0.443
58800,0.270,0.285,0.445
58900,0.261,0.276,0.463
59000,0.265,0.277,0.459
59100,0.267,0.265,0.469
59200,0.276,0.265,0.460
59300,0.281,0.263,0.457
59400,0.278,0.268,0.455
59500,0.271,0.272,0.458
59600,0.258,0.282,0.460
59700,0.252,0.289,0.459
59800,0.252,0.275,0.473
59900,0.250,0.283,0.467
60000,0.255,0.276,0.469
60100,0.254,0.277,0.469
60200,0.256,0.276,0.468
60300,0.254,0.279,0.467
60400,0.258,0.281,0.461
60500,0.257,0.286,0.457
60600,0.251,0.286,0.463
60700,0.282,0.282,0.436
60800,0.287,0.285,0.428
60900,0.271,0.281,0.448
61000,0.264,0.279,0.458
61100,0.263,0.279,0.459
61200,0.273,0.280,0.447
61300,0.272,0.288,0.440
61400,0.268,0.282,0.450
61500,0.263,0.277,0.461
61600,0.289,0.270,0.441
61700,0.287,0.268,0.445
61800,0.286,0.270,0.444
61900,0.281,0.282,0.437
62000,0.272,0.283,0.445
62100,0.275,0.280,0.445
62200,0.281,0.279,0.440
62300,0.286,0.277,0.437
62400,0.296,0.283,0.421
62500,0.286,0.280,0.434
62600,0.294,0.281,0.425
62700,0.284,0.283,0.433
62800,0.291,0.279,0.430
62900,0.287,0.277,0.436
63000,0.283,0.288,0.429
63100,0.281,0.285,0.434
63200,0.287,0.286,0.427
63300,0.292,0.285,0.423
63400,0.289,0.297,0.414
63500,0.274,0.294,0.432
63600,0.271,0.291,0.438
63700,0.280,0.295,0.425
63800,0.266,0.291,0.443
63900,0.270,0.285,0.445
64000,0.272,0.289,0.439
64100,0.264,0.286,0.450
64200,0.256,0.292,0.451
64300,0.252,0.298,0.449
64400,0.242,0.292,0.466
64500,0.243,0.297,0.460
64600,0.254,0.296,0.449
64700,0.257,0.301,0.441
64800,0.259,0.306,0.434
64900,0.251,0.311,0.438
65000,0.247,0.309,0.443
65100,0.241,0.303,0.456
65200,0.238,0.298,0.464
65300,0.238,0.295,0.467
65400,0.242,0.297,0.461
65500,0.248,0.295,0.457
65600,0.250,0.288,0.462
65700,0.257,0.285,0.458
65800,0.254,0.300,0.445
65900,0.281,0.286,0.433
66000,0.276,0.289,0.435
66100,0.281,0.283,0.436
66200,0.274,0.289,0.437
66300,0.274,0.290,0.436
66400,0.281,0.287,0.432
66500,0.273,0.296,0.431
66600,0.264,0.314,0.423
66700,0.253,0.315,0.432
66800,0.264,0.308,0.428
66900,0.255,0.301,0.443
67000,0.259,0.304,0.436
67100,0.243,0.311,0.446
67200,0.242,0.305,0.453
67300,0.231,0.302,0.467
67400,0.235,0.291,0.474
67500,0.252,0.281,0.467
67600,0.246,0.291,0.463
67700,0.249,0.296,0.455
67800,0.242,0.291,0.467
67900,0.240,0.293,0.467
68000,0.246,0.288,0.466
68100,0.261,0.284,0.455
68200,0.256,0.296,0.447
68300,0.270,0.287,0.443
68400,0.281,0.269,0.450
68500,0.283,0.278,0.439
68600,0.281,0.282,0.437
68700,0.275,0.283,0.442
68800,0.261,0.287,0.451
68900,0.253,0.283,0.464
69000,0.261,0.281,0.458
69100,0.257,0.274,0.469
69200,0.267,0.267,0.467
69300,0.278,0.268,0.455
69400,0.282,0.257,0.461
69500,0.282,0.254,0.464
69600,0.285,0.265,0.450
69700,0.272,0.270,0.459
69800,0.264,0.270,0.467
69900,0.289,0.268,0.443
70000,0.292,0.254,0.454
70100,0.287,0.263,0.450
70200,0.280,0.265,0.456
70300,0.287,0.271,0.442
70400,0.292,0.264,0.444
70500,0.290,0.264,0.446
70600,0.294,0.259,0.446
70700,0.295,0.250,0.455
70800,0.304,0.248,0.447
70900,0.297,0.245,0.458
71000,0.291,0.253,0.456
71100,0.293,0.256,0.450
71200,0.275,0.252,0.473
71300,0.279,0.250,0.471
71400,0.282,0.253,0.465
71500,0.281,0.254,0.465
71600,0.281,0.256,0.463
71700,0.284,0.250,0.466
71800,0.275,0.258,0.467
71900,0.269,0.256,0.475
72000,0.261,0.256,0.482
72100,0.268,0.251,0.481
72200,0.277,0.253,0.470
72300,0.275,0.265,0.461
72400,0.271,0.263,0.467
72500,0.270,0.247,0.483
72600,0.257,0.249,0.493
72700,0.257,0.246,0.496
72800,0.258,0.254,0.487
72900,0.252,0.252,0.495
73000,0.253,0.250,0.496
73100,0.252,0.253,0.494
73200,0.248,0.256,0.495
73300,0.260,0.249,0.490
73400,0.277,0.250,0.473
73500,0.265,0.250,0.485
73600,0.267,0.248,0.485
73700,0.269,0.250,0.481
73800,0.259,0.253,0.487
73900,0.263,0.255,0.482
74000,0.272,0.247,0.481
74100,0.283,0.247,0.470
74200,0.288,0.245,0.467
74300,0.297,0.244,0.459
74400,0.303,0.244,0.453
74500,0.299,0.247,0.454
74600,0.300,0.244,0.456
74700,0.298,0.242,0.460
74800,0.299,0.245,0.456
74900,0.293,0.244,0.463
75000,0.299,0.249,0.451
75100,0.298,0.252,0.449
75200,0.298,0.248,0.454
75300,0.304,0.250,0.445
75400,0.304,0.247,0.448
75500,0.309,0.247,0.443
75600,0.322,0.247,0.431
75700,0.329,0.252,0.419
75800,0.332,0.245,0.423
75900,0.326,0.237,0.437
76000,0.342,0.232,0.426
76100,0.330,0.231,0.439
76200,0.331,0.225,0.444
76300,0.321,0.229,0.450
76400,0.318,0.227,0.456
76500,0.311,0.224,0.466
76600,0.307,0.226,0.467
76700,0.305,0.232,0.463
76800,0.297,0.227,0.476
76900,0.294,0.234,0.472
77000,0.288,0.236,0.476
77100,0.288,0.246,0.466
77200,0.289,0.234,0.477
77300,0.296,0.234,0.470
77400,0.279,0.242,0.479
77500,0.284,0.240,0.476
77600,0.281,0.238,0.481
77700,0.286,0.236,0.478
77800,0.275,0.242,0.483
77900,0.265,0.258,0.477
78000,0.264,0.253,0.483
78100,0.272,0.256,0.472
78200,0.273,0.252,0.475
78300,0.280,0.243,0.477
78400,0.275,0.248,0.477
78500,0.281,0.245,0.474
78600,0.280,0.247,0.473
78700,0.270,0.283,0.447
78800,0.253,0.274,0.473
78900,0.254,0.286,0.460
79000,0.265,0.283,0.453
79100,0.272,0.279,0.449
79200,0.270,0.286,0.444
79300,0.251,0.288,0.461
79400,0.259,0.283,0.458
79500,0.271,0.288,0.441
79600,0.276,0.283,0.441
79700,0.284,0.275,0.441
79800,0.286,0.276,0.438
79900,0.286,0.259,0.455
80000,0.288,0.261,0.450
80100,0.286,0.261,0.453
80200,0.302,0.260,0.437
80300,0.306,0.263,0.431
80400,0.297,0.256,0.446
80500,0.286,0.261,0.453
80600,0.287,0.259,0.454
80700,0.291,0.265,0.444
80800,0.293,0.259,0.447
80900,0.295,0.258,0.446
81000,0.284,0.252,0.464
81100,0.286,0.245,0.469
81200,0.278,0.260,0.462
81300,0.275,0.270,0.456
81400,0.267,0.279,0.455
81500,0.265,0.281,0.455
81600,0.270,0.279,0.451
81700,0.271,0.282,0.447
81800,0.261,0.284,0.455
81900,0.251,0.287,0.462
82000,0.252,0.292,0.456
82100,0.251,0.285,0.464
82200,0.248,0.286,0.466
82300,0.256,0.294,0.449
82400,0.252,0.278,0.470
82500,0.264,0.258,0.478
82600,0.284,0.256,0.460
82700,0.296,0.254,0.449
82800,0.300,0.258,0.441
82900,0.304,0.254,0.441
83000,0.299,0.261,0.439
83100,0.300,0.254,0.445
83200,0.302,0.267,0.431
83300,0.298,0.261,0.440
83400,0.296,0.253,0.450
83500,0.290,0.248,0.462
83600,0.289,0.252,0.459
83700,0.295,0.254,0.450
83800,0.302,0.246,0.451
83900,0.312,0.244,0.444
84000,0.302,0.256,0.441
84100,0.304,0.256,0.439
84200,0.299,0.251,0.449
84300,0.293,0.245,0.462
84400,0.297,0.257,0.445
84500,0.290,0.251,0.459
84600,0.282,0.247,0.471
84700,0.282,0.249,0.469
84800,0.266,0.252,0.482
84900,0.260,0.257,0.482
85000,0.271,0.257,0.472
85100,0.270,0.269,0.462
85200,0.271,0.268,0.462
85300,0.270,0.271,0.460
85400,0.261,0.276,0.463
85500,0.246,0.280,0.474
85600,0.251,0.283,0.466
85700,0.254,0.280,0.466
85800,0.248,0.269,0.483
85900,0.260,0.258,0.481
86000,0.260,0.253,0.486
86100,0.252,0.259,0.488
86200,0.244,0.257,0.498
86300,0.251,0.253,0.495
86400,0.245,0.252,0.503
86500,0.248,0.252,0.499
86600,0.245,0.259,0.495
86700,0.241,0.256,0.503
86800,0.240,0.258,0.502
86900,0.244,0.266,0.490
87000,0.242,0.258,0.499
87100,0.246,0.251,0.503
87200,0.249,0.252,0.498
87300,0.245,0.250,0.505
87400,0.257,0.251,0.491
87500,0.261,0.248,0.490
87600,0.254,0.251,0.494
87700,0.240,0.266,0.494
87800,0.242,0.263,0.495
87900,0.242,0.263,0.495
88000,0.243,0.254,0.503
88100,0.266,0.245,0.489
88200,0.268,0.247,0.485
88300,0.261,0.254,0.484
88400,0.257,0.256,0.486
88500,0.279,0.242,0.479
88600,0.282,0.245,0.473
88700,0.274,0.248,0.478
88800,0.277,0.255,0.468
88900,0.270,0.251,0.479
89000,0.268,0.247,0.485
89100,0.271,0.243,0.486
89200,0.279,0.240,0.481
89300,0.273,0.245,0.482
89400,0.270,0.241,0.489
89500,0.252,0.238,0.510
89600,0.248,0.244,0.508
89700,0.243,0.238,0.519
89800,0.244,0.236,0.520
89900,0.242,0.240,0.518
90000,0.243,0.233,0.524
90100,0.253,0.227,0.520
90200,0.244,0.236,0.520
90300,0.256,0.240,0.504
90400,0.253,0.255,0.491
90500,0.251,0.253,0.495
90600,0.247,0.258,0.494
90700,0.255,0.252,0.492
90800,0.257,0.244,0.498
90900,0.255,0.239,0.506
91000,0.258,0.239,0.503
91100,0.272,0.252,0.476
91200,0.269,0.253,0.478
91300,0.275,0.256,0.469
91400,0.274,0.248,0.478
91500,0.280,0.252,0.468
91600,0.280,0.261,0.459
91700,0.276,0.265,0.460
91800,0.269,0.266,0.466
91900,0.258,0.263,0.479
92000,0.258,0.268,0.474
92100,0.249,0.272,0.479
92200,0.248,0.270,0.482
92300,0.246,0.265,0.489
92400,0.250,0.273,0.477
92500,0.244,0.274,0.482
92600,0.252,0.263,0.485
92700,0.259,0.253,0.487
92800,0.264,0.259,0.477
92900,0.263,0.263,0.475
93000,0.258,0.269,0.473
93100,0.270,0.263,0.468
93200,0.261,0.257,0.481
93300,0.255,0.261,0.483
93400,0.260,0.261,0.478
93500,0.263,0.258,0.479
93600,0.255,0.258,0.486
93700,0.269,0.267,0.465
93800,0.258,0.256,0.485
93900,0.261,0.277,0.462
94000,0.259,0.282,0.459
94100,0.269,0.254,0.477
94200,0.272,0.241,0.487
94300,0.267,0.239,0.494
94400,0.290,0.231,0.479
94500,0.287,0.234,0.479
94600,0.293,0.238,0.469
94700,0.296,0.241,0.463
94800,0.294,0.249,0.457
94900,0.294,0.245,0.461
95000,0.298,0.244,0.458
95100,0.319,0.250,0.431
95200,0.320,0.243,0.437
95300,0.315,0.240,0.445
95400,0.316,0.247,0.437
95500,0.304,0.248,0.447
95600,0.309,0.250,0.440
95700,0.315,0.245,0.440
95800,0.309,0.246,0.444
95900,0.298,0.247,0.455
96000,0.299,0.248,0.453
96100,0.297,0.246,0.457
96200,0.311,0.243,0.446
96300,0.314,0.246,0.440
96400,0.302,0.244,0.454
96500,0.284,0.245,0.471
96600,0.284,0.238,0.478
96700,0.296,0.231,0.473
96800,0.292,0.237,0.471
96900,0.307,0.230,0.463
97000,0.312,0.227,0.462
97100,0.317,0.233,0.450
97200,0.325,0.228,0.447
97300,0.328,0.220,0.453
97400,0.315,0.221,0.465
97500,0.325,0.218,0.458
97600,0.309,0.227,0.464
97700,0.315,0.227,0.459
97800,0.324,0.223,0.454
97900,0.331,0.222,0.447
98000,0.323,0.232,0.445
98100,0.330,0.225,0.445
98200,0.324,0.227,0.449
98300,0.319,0.241,0.440
98400,0.311,0.243,0.446
98500,0.302,0.241,0.457
98600,0.311,0.233,0.457
98700,0.319,0.224,0.458
98800,0.320,0.224,0.457
98900,0.323,0.222,0.456
99000,0.320,0.236,0.444
99100,0.308,0.237,0.455
99200,0.307,0.236,0.457
99300,0.302,0.246,0.451
99400,0.303,0.241,0.456
99500,0.298,0.241,0.461
99600,0.289,0.245,0.466
99700,0.275,0.246,0.479
99800,0.276,0.246,0.478
99900,0.279,0.239,0.482
100000,0.304,0.237,0.459
