time,n_A+p,n_B,n_AB
100,0.030,0.964,0.006
200,0.030,0.959,0.011
300,0.030,0.954,0.016
400,0.030,0.948,0.022
500,0.030,0.948,0.022
600,0.030,0.943,0.027
700,0.030,0.946,0.024
800,0.030,0.946,0.024
900,0.030,0.945,0.025
1000,0.030,0.943,0.027
1100,0.030,0.937,0.033
1200,0.030,0.939,0.031
1300,0.030,0.918,0.052
1400,0.030,0.919,0.051
1500,0.030,0.922,0.048
1600,0.030,0.926,0.044
1700,0.030,0.929,0.041
1800,0.030,0.930,0.040
1900,0.030,0.932,0.038
2000,0.030,0.932,0.038
2100,0.032,0.905,0.063
2200,0.032,0.911,0.057
2300,0.032,0.910,0.058
2400,0.031,0.912,0.057
2500,0.032,0.902,0.066
2600,0.032,0.901,0.067
2700,0.034,0.903,0.063
2800,0.033,0.907,0.060
2900,0.031,0.912,0.057
3000,0.032,0.913,0.055
3100,0.032,0.910,0.058
3200,0.034,0.913,0.053
3300,0.033,0.906,0.061
3400,0.032,0.907,0.061
3500,0.032,0.892,0.076
3600,0.034,0.884,0.082
3700,0.033,0.883,0.084
3800,0.034,0.870,0.096
3900,0.034,0.876,0.090
4000,0.034,0.866,0.100
4100,0.033,0.869,0.098
4200,0.036,0.865,0.099
4300,0.040,0.856,0.104
4400,0.040,0.858,0.102
4500,0.037,0.867,0.096
4600,0.036,0.866,0.098
4700,0.037,0.867,0.096
4800,0.037,0.870,0.093
4900,0.049,0.858,0.093
5000,0.047,0.861,0.092
5100,0.046,0.849,0.105
5200,0.043,0.839,0.118
5300,0.040,0.832,0.128
5400,0.040,0.838,0.122
5500,0.040,0.844,0.116
5600,0.040,0.832,0.128
5700,0.040,0.825,0.135
5800,0.037,0.824,0.139
5900,0.037,0.828,0.135
6000,0.037,0.833,0.130
6100,0.036,0.836,0.128
6200,0.037,0.830,0.133
6300,0.042,0.823,0.135
6400,0.039,0.829,0.132
6500,0.051,0.816,0.133
6600,0.049,0.823,0.128
6700,0.046,0.828,0.126
6800,0.046,0.830,0.124
6900,0.046,0.820,0.134
7000,0.046,0.827,0.127
7100,0.048,0.831,0.121
7200,0.047,0.825,0.128
7300,0.046,0.817,0.137
7400,0.045,0.822,0.133
7500,0.054,0.813,0.133
7600,0.055,0.809,0.136
7700,0.059,0.809,0.132
7800,0.057,0.808,0.135
7900,0.054,0.789,0.157
8000,0.054,0.765,0.181
8100,0.049,0.771,0.180
8200,0.072,0.769,0.159
8300,0.065,0.765,0.170
8400,0.063,0.761,0.176
8500,0.063,0.763,0.174
8600,0.063,0.765,0.172
8700,0.061,0.770,0.169
8800,0.056,0.775,0.169
8900,0.050,0.775,0.175
9000,0.055,0.778,0.167
9100,0.056,0.789,0.155
9200,0.057,0.781,0.162
9300,0.057,0.782,0.161
9400,0.058,0.776,0.166
9500,0.059,0.785,0.156
9600,0.063,0.784,0.153
9700,0.057,0.790,0.153
9800,0.060,0.795,0.145
9900,0.055,0.802,0.143
10000,0.053,0.808,0.139
10100,0.050,0.802,0.148
10200,0.055,0.795,0.150
10300,0.054,0.795,0.151
10400,0.054,0.793,0.153
10500,0.052,0.793,0.155
10600,0.051,0.795,0.154
10700,0.057,0.790,0.153
10800,0.056,0.791,0.153
10900,0.057,0.788,0.155
11000,0.055,0.794,0.151
11100,0.057,0.799,0.144
11200,0.071,0.797,0.132
11300,0.068,0.790,0.142
11400,0.065,0.781,0.154
11500,0.066,0.771,0.163
11600,0.065,0.770,0.165
11700,0.064,0.762,0.174
11800,0.063,0.763,0.174
11900,0.062,0.774,0.164
12000,0.055,0.788,0.157
12100,0.052,0.780,0.168
12200,0.056,0.776,0.168
12300,0.052,0.786,0.162
12400,0.053,0.788,0.159
12500,0.056,0.778,0.166
12600,0.088,0.753,0.159
12700,0.088,0.755,0.157
12800,0.085,0.765,0.150
12900,0.084,0.767,0.149
13000,0.084,0.761,0.155
13100,0.081,0.771,0.148
13200,0.078,0.768,0.154
13300,0.077,0.766,0.157
13400,0.104,0.730,0.166
13500,0.094,0.722,0.184
13600,0.087,0.719,0.194
13700,0.087,0.712,0.201
13800,0.084,0.722,0.194
13900,0.081,0.717,0.202
14000,0.089,0.721,0.190
14100,0.087,0.714,0.199
14200,0.085,0.725,0.190
14300,0.079,0.718,0.203
14400,0.074,0.715,0.211
14500,0.072,0.709,0.219
14600,0.078,0.698,0.224
14700,0.071,0.701,0.228
14800,0.078,0.700,0.222
14900,0.083,0.698,0.219
15000,0.087,0.685,0.228
15100,0.093,0.688,0.219
15200,0.090,0.680,0.230
15300,0.089,0.678,0.233
15400,0.094,0.688,0.218
15500,0.091,0.684,0.225
15600,0.095,0.673,0.232
15700,0.090,0.666,0.244
15800,0.093,0.665,0.242
15900,0.088,0.663,0.249
16000,0.091,0.653,0.256
16100,0.090,0.652,0.258
16200,0.086,0.654,0.260
16300,0.104,0.646,0.250
16400,0.105,0.621,0.274
16500,0.114,0.602,0.284
16600,0.133,0.597,0.270
16700,0.136,0.602,0.262
16800,0.137,0.604,0.259
16900,0.145,0.588,0.267
17000,0.148,0.588,0.264
17100,0.140,0.598,0.262
17200,0.140,0.600,0.260
17300,0.143,0.606,0.251
17400,0.135,0.597,0.268
17500,0.127,0.586,0.287
17600,0.139,0.581,0.280
17700,0.137,0.572,0.291
17800,0.127,0.583,0.290
17900,0.126,0.601,0.273
18000,0.146,0.594,0.260
18100,0.150,0.594,0.256
18200,0.149,0.589,0.262
18300,0.151,0.573,0.276
18400,0.150,0.577,0.273
18500,0.164,0.583,0.253
18600,0.160,0.571,0.269
18700,0.163,0.570,0.267
18800,0.148,0.598,0.254
18900,0.151,0.598,0.251
19000,0.143,0.619,0.238
19100,0.159,0.583,0.258
19200,0.160,0.574,0.266
19300,0.154,0.580,0.266
19400,0.149,0.602,0.249
19500,0.139,0.621,0.240
19600,0.138,0.616,0.246
19700,0.136,0.614,0.250
19800,0.145,0.613,0.242
19900,0.138,0.603,0.259
20000,0.136,0.607,0.257
20100,0.146,0.607,0.247
20200,0.155,0.593,0.252
20300,0.140,0.602,0.258
20400,0.152,0.597,0.251
20500,0.139,0.613,0.248
20600,0.132,0.618,0.250
20700,0.128,0.618,0.254
20800,0.134,0.624,0.242
20900,0.132,0.615,0.253
21000,0.110,0.642,0.248
21100,0.106,0.635,0.259
21200,0.099,0.635,0.266
21300,0.096,0.638,0.266
21400,0.097,0.641,0.262
21500,0.089,0.635,0.276
21600,0.089,0.621,0.290
21700,0.091,0.618,0.291
21800,0.088,0.614,0.298
21900,0.091,0.616,0.293
22000,0.096,0.623,0.281
22100,0.102,0.633,0.265
22200,0.104,0.635,0.261
22300,0.103,0.657,0.240
22400,0.098,0.668,0.234
22500,0.091,0.660,0.249
22600,0.089,0.661,0.250
22700,0.088,0.657,0.255
22800,0.086,0.658,0.256
22900,0.091,0.672,0.237
23000,0.089,0.667,0.244
23100,0.102,0.649,0.249
23200,0.099,0.644,0.257
23300,0.108,0.644,0.248
23400,0.107,0.643,0.250
23500,0.106,0.663,0.231
23600,0.125,0.655,0.220
23700,0.128,0.647,0.225
23800,0.136,0.648,0.216
23900,0.135,0.640,0.225
24000,0.136,0.635,0.229
24100,0.147,0.611,0.242
24200,0.154,0.606,0.240
24300,0.151,0.591,0.258
24400,0.153,0.601,0.246
24500,0.148,0.597,0.255
24600,0.143,0.583,0.274
24700,0.143,0.573,0.284
24800,0.132,0.590,0.278
24900,0.135,0.593,0.272
25000,0.135,0.600,0.265
25100,0.146,0.588,0.266
25200,0.136,0.590,0.274
25300,0.136,0.587,0.277
25400,0.134,0.594,0.272
25500,0.153,0.565,0.282
25600,0.159,0.539,0.302
25700,0.157,0.523,0.320
25800,0.178,0.515,0.307
25900,0.180,0.521,0.299
26000,0.190,0.508,0.302
26100,0.186,0.510,0.304
26200,0.205,0.501,0.294
26300,0.199,0.502,0.299
26400,0.194,0.487,0.319
26500,0.187,0.494,0.319
26600,0.188,0.509,0.303
26700,0.199,0.496,0.305
26800,0.205,0.518,0.277
26900,0.195,0.502,0.303
27000,0.206,0.494,0.300
27100,0.211,0.499,0.290
27200,0.229,0.488,0.283
27300,0.232,0.473,0.295
27400,0.230,0.474,0.296
27500,0.222,0.483,0.295
27600,0.217,0.475,0.308
27700,0.212,0.466,0.322
27800,0.205,0.466,0.329
27900,0.210,0.468,0.322
28000,0.223,0.459,0.318
28100,0.225,0.452,0.323
28200,0.229,0.458,0.313
28300,0.233,0.447,0.320
28400,0.233,0.463,0.304
28500,0.231,0.468,0.301
28600,0.226,0.464,0.310
28700,0.228,0.471,0.301
28800,0.250,0.451,0.299
28900,0.243,0.434,0.323
29000,0.235,0.444,0.321
29100,0.245,0.434,0.321
29200,0.239,0.451,0.310
29300,0.254,0.432,0.314
29400,0.257,0.442,0.301
29500,0.253,0.453,0.294
29600,0.239,0.451,0.310
29700,0.239,0.436,0.325
29800,0.234,0.444,0.322
29900,0.224,0.447,0.329
30000,0.220,0.461,0.319
30100,0.219,0.459,0.322
30200,0.219,0.453,0.328
30300,0.240,0.446,0.314
30400,0.248,0.430,0.322
30500,0.237,0.425,0.338
30600,0.226,0.419,0.355
30700,0.250,0.421,0.329
30800,0.256,0.435,0.309
30900,0.254,0.422,0.324
31000,0.255,0.407,0.338
31100,0.252,0.402,0.346
31200,0.255,0.392,0.353
31300,0.258,0.383,0.359
31400,0.267,0.385,0.348
31500,0.285,0.378,0.337
31600,0.286,0.370,0.344
31700,0.287,0.376,0.337
31800,0.272,0.395,0.333
31900,0.281,0.399,0.320
32000,0.287,0.405,0.308
32100,0.284,0.398,0.318
32200,0.279,0.412,0.309
32300,0.262,0.413,0.325
32400,0.251,0.406,0.343
32500,0.270,0.401,0.329
32600,0.268,0.401,0.331
32700,0.239,0.409,0.352
32800,0.249,0.415,0.336
32900,0.267,0.413,0.320
33000,0.269,0.416,0.315
33100,0.285,0.423,0.292
33200,0.275,0.411,0.314
33300,0.271,0.409,0.320
33400,0.260,0.413,0.327
33500,0.263,0.406,0.331
33600,0.257,0.408,0.335
33700,0.262,0.410,0.328
33800,0.292,0.403,0.305
33900,0.293,0.408,0.299
34000,0.298,0.396,0.306
34100,0.291,0.391,0.318
34200,0.305,0.370,0.325
34300,0.311,0.352,0.337
34400,0.306,0.340,0.354
34500,0.304,0.344,0.352
34600,0.310,0.350,0.340
34700,0.316,0.339,0.345
34800,0.332,0.327,0.341
34900,0.345,0.313,0.342
35000,0.351,0.314,0.335
35100,0.357,0.304,0.339
35200,0.360,0.302,0.338
35300,0.370,0.301,0.329
35400,0.369,0.307,0.324
35500,0.379,0.301,0.320
35600,0.376,0.299,0.325
35700,0.381,0.288,0.331
35800,0.376,0.291,0.333
35900,0.373,0.282,0.345
36000,0.387,0.276,0.337
36100,0.377,0.269,0.354
36200,0.360,0.291,0.349
36300,0.366,0.274,0.360
36400,0.359,0.280,0.361
36500,0.362,0.288,0.350
36600,0.375,0.287,0.338
36700,0.365,0.279,0.356
36800,0.367,0.264,0.369
36900,0.384,0.253,0.363
37000,0.396,0.270,0.334
37100,0.394,0.282,0.324
37200,0.387,0.284,0.329
37300,0.371,0.290,0.339
37400,0.372,0.285,0.343
37500,0.378,0.297,0.325
37600,0.387,0.301,0.312
37700,0.368,0.326,0.306
37800,0.365,0.337,0.298
37900,0.353,0.327,0.320
38000,0.351,0.320,0.329
38100,0.360,0.313,0.327
38200,0.357,0.303,0.340
38300,0.367,0.293,0.340
38400,0.380,0.271,0.349
38500,0.374,0.260,0.366
38600,0.364,0.268,0.368
38700,0.365,0.255,0.380
38800,0.372,0.257,0.371
38900,0.380,0.250,0.370
39000,0.388,0.243,0.369
39100,0.405,0.241,0.354
39200,0.415,0.238,0.347
39300,0.399,0.241,0.360
39400,0.412,0.236,0.352
39500,0.423,0.229,0.348
39600,0.415,0.229,0.356
39700,0.409,0.244,0.347
39800,0.406,0.260,0.334
39900,0.422,0.254,0.324
40000,0.418,0.251,0.331
40100,0.438,0.245,0.317
40200,0.453,0.248,0.299
40300,0.477,0.227,0.296
40400,0.474,0.223,0.303
40500,0.462,0.239,0.299
40600,0.455,0.233,0.312
40700,0.454,0.235,0.311
40800,0.467,0.231,0.302
40900,0.453,0.233,0.314
41000,0.433,0.243,0.324
41100,0.429,0.239,0.332
41200,0.426,0.245,0.329
41300,0.424,0.237,0.339
41400,0.413,0.249,0.338
41500,0.432,0.236,0.332
41600,0.445,0.240,0.315
41700,0.437,0.239,0.324
41800,0.446,0.218,0.336
41900,0.457,0.218,0.325
42000,0.467,0.206,0.327
42100,0.470,0.194,0.336
42200,0.481,0.192,0.327
42300,0.484,0.199,0.317
42400,0.485,0.210,0.305
42500,0.491,0.209,0.300
42600,0.488,0.211,0.301
42700,0.486,0.203,0.311
42800,0.493,0.198,0.309
42900,0.480,0.208,0.312
43000,0.484,0.208,0.308
43100,0.477,0.219,0.304
43200,0.485,0.228,0.287
43300,0.490,0.217,0.293
43400,0.499,0.205,0.296
43500,0.482,0.200,0.318
43600,0.483,0.208,0.309
43700,0.499,0.192,0.309
43800,0.490,0.191,0.319
43900,0.485,0.206,0.309
44000,0.477,0.211,0.312
44100,0.480,0.212,0.308
44200,0.478,0.206,0.316
44300,0.464,0.226,0.310
44400,0.451,0.244,0.305
44500,0.433,0.245,0.322
44600,0.450,0.233,0.317
44700,0.454,0.228,0.318
44800,0.442,0.220,0.338
44900,0.421,0.213,0.366
45000,0.434,0.213,0.353
45100,0.431,0.211,0.358
45200,0.440,0.199,0.361
45300,0.447,0.201,0.352
45400,0.456,0.204,0.340
45500,0.467,0.199,0.334
45600,0.453,0.193,0.354
45700,0.448,0.184,0.368
45800,0.437,0.185,0.378
45900,0.445,0.178,0.377
46000,0.446,0.177,0.377
46100,0.420,0.194,0.386
46200,0.425,0.197,0.378
46300,0.429,0.198,0.373
46400,0.421,0.190,0.389
46500,0.447,0.186,0.367
46600,0.456,0.176,0.368
46700,0.452,0.170,0.378
46800,0.485,0.162,0.353
46900,0.487,0.161,0.352
47000,0.498,0.163,0.339
47100,0.500,0.150,0.350
47200,0.473,0.171,0.356
47300,0.467,0.191,0.342
47400,0.463,0.202,0.335
47500,0.481,0.191,0.328
47600,0.497,0.182,0.321
47700,0.512,0.171,0.317
47800,0.527,0.156,0.317
47900,0.526,0.163,0.311
48000,0.519,0.159,0.322
48100,0.514,0.167,0.319
48200,0.499,0.184,0.317
48300,0.514,0.183,0.303
48400,0.528,0.178,0.294
48500,0.532,0.186,0.282
48600,0.538,0.184,0.278
48700,0.561,0.166,0.273
48800,0.551,0.172,0.277
48900,0.545,0.184,0.271
49000,0.557,0.176,0.267
49100,0.558,0.168,0.274
49200,0.556,0.153,0.291
49300,0.560,0.140,0.300
49400,0.559,0.141,0.300
49500,0.553,0.140,0.307
49600,0.560,0.143,0.297
49700,0.551,0.151,0.298
49800,0.553,0.162,0.285
49900,0.543,0.168,0.289
50000,0.538,0.158,0.304
50100,0.567,0.146,0.287
50200,0.576,0.141,0.283
50300,0.581,0.132,0.287
50400,0.585,0.133,0.282
50500,0.590,0.126,0.284
50600,0.593,0.131,0.276
50700,0.592,0.121,0.287
50800,0.576,0.126,0.298
50900,0.592,0.110,0.298
51000,0.608,0.100,0.292
51100,0.631,0.090,0.279
51200,0.636,0.082,0.282
51300,0.634,0.080,0.286
51400,0.638,0.079,0.283
51500,0.651,0.084,0.265
51600,0.673,0.073,0.254
51700,0.673,0.070,0.257
51800,0.668,0.067,0.265
51900,0.675,0.067,0.258
52000,0.693,0.063,0.244
52100,0.699,0.060,0.241
52200,0.690,0.063,0.247
52300,0.693,0.065,0.242
52400,0.679,0.078,0.243
52500,0.693,0.073,0.234
52600,0.698,0.073,0.229
52700,0.714,0.067,0.219
52800,0.725,0.057,0.218
52900,0.731,0.054,0.215
53000,0.727,0.063,0.210
53100,0.743,0.063,0.194
53200,0.727,0.058,0.215
53300,0.727,0.063,0.210
53400,0.734,0.057,0.209
53500,0.754,0.055,0.191
53600,0.751,0.059,0.190
53700,0.751,0.064,0.185
53800,0.724,0.073,0.203
53900,0.723,0.074,0.203
54000,0.724,0.073,0.203
54100,0.720,0.069,0.211
54200,0.725,0.069,0.206
54300,0.729,0.063,0.208
54400,0.720,0.063,0.217
54500,0.729,0.059,0.212
54600,0.737,0.057,0.206
54700,0.728,0.053,0.219
54800,0.748,0.053,0.199
54900,0.753,0.047,0.200
55000,0.745,0.054,0.201
55100,0.750,0.048,0.202
55200,0.745,0.047,0.208
55300,0.739,0.048,0.213
55400,0.736,0.053,0.211
55500,0.744,0.046,0.210
55600,0.745,0.040,0.215
55700,0.749,0.038,0.213
55800,0.754,0.038,0.208
55900,0.749,0.050,0.201
56000,0.751,0.046,0.203
56100,0.743,0.043,0.214
56200,0.741,0.051,0.208
56300,0.749,0.044,0.207
56400,0.743,0.055,0.202
56500,0.752,0.055,0.193
56600,0.756,0.048,0.196
56700,0.764,0.049,0.187
56800,0.766,0.045,0.189
56900,0.773,0.043,0.184
57000,0.779,0.039,0.182
57100,0.764,0.041,0.195
57200,0.763,0.049,0.188
57300,0.774,0.046,0.180
57400,0.772,0.037,0.191
57500,0.781,0.041,0.178
57600,0.768,0.051,0.181
57700,0.767,0.048,0.185
57800,0.760,0.052,0.188
57900,0.747,0.062,0.191
58000,0.752,0.058,0.190
58100,0.761,0.053,0.186
58200,0.759,0.050,0.191
58300,0.772,0.044,0.184
58400,0.777,0.040,0.183
58500,0.785,0.037,0.178
58600,0.785,0.029,0.186
58700,0.790,0.030,0.180
58800,0.787,0.034,0.179
58900,0.789,0.032,0.179
59000,0.790,0.032,0.178
59100,0.782,0.036,0.182
59200,0.787,0.036,0.177
59300,0.794,0.030,0.176
59400,0.798,0.026,0.176
59500,0.799,0.028,0.173
59600,0.798,0.025,0.177
59700,0.802,0.025,0.173
59800,0.812,0.023,0.165
59900,0.815,0.018,0.167
60000,0.821,0.021,0.158
60100,0.813,0.036,0.151
60200,0.808,0.032,0.160
60300,0.809,0.030,0.161
60400,0.812,0.029,0.159
60500,0.808,0.036,0.156
60600,0.815,0.030,0.155
60700,0.826,0.029,0.145
60800,0.833,0.028,0.139
60900,0.833,0.028,0.139
61000,0.840,0.027,0.133
61100,0.836,0.027,0.137
61200,0.840,0.028,0.132
61300,0.827,0.026,0.147
61400,0.820,0.023,0.157
61500,0.839,0.019,0.142
61600,0.844,0.017,0.139
61700,0.850,0.015,0.135
61800,0.860,0.015,0.125
61900,0.867,0.015,0.118
62000,0.868,0.014,0.118
62100,0.867,0.014,0.119
62200,0.873,0.012,0.115
62300,0.874,0.013,0.113
62400,0.875,0.014,0.111
62500,0.881,0.010,0.109
62600,0.887,0.010,0.103
62700,0.884,0.009,0.107
62800,0.884,0.008,0.108
62900,0.875,0.008,0.117
63000,0.871,0.013,0.116
63100,0.871,0.012,0.117
63200,0.869,0.011,0.120
63300,0.866,0.016,0.118
63400,0.870,0.018,0.112
63500,0.871,0.023,0.106
63600,0.875,0.022,0.103
63700,0.880,0.022,0.098
63800,0.886,0.017,0.097
63900,0.890,0.014,0.096
64000,0.893,0.011,0.096
64100,0.895,0.007,0.098
64200,0.898,0.006,0.096
64300,0.902,0.005,0.093
64400,0.899,0.009,0.092
64500,0.897,0.011,0.092
64600,0.898,0.011,0.091
64700,0.903,0.009,0.088
64800,0.897,0.008,0.095
64900,0.897,0.008,0.095
65000,0.901,0.007,0.092
65100,0.903,0.006,0.091
65200,0.907,0.005,0.088
65300,0.903,0.008,0.089
65400,0.906,0.008,0.086
65500,0.909,0.005,0.086
65600,0.907,0.004,0.089
65700,0.914,0.003,0.083
65800,0.916,0.004,0.080
65900,0.920,0.006,0.074
66000,0.906,0.006,0.088
66100,0.901,0.012,0.087
66200,0.882,0.011,0.107
66300,0.874,0.021,0.105
66400,0.868,0.020,0.112
66500,0.867,0.019,0.114
66600,0.869,0.019,0.112
66700,0.876,0.014,0.110
66800,0.879,0.012,0.109
66900,0.886,0.011,0.103
67000,0.891,0.010,0.099
67100,0.894,0.009,0.097
67200,0.898,0.008,0.094
67300,0.899,0.008,0.093
67400,0.899,0.007,0.094
67500,0.905,0.007,0.088
67600,0.905,0.008,0.087
67700,0.905,0.008,0.087
67800,0.902,0.008,0.090
67900,0.896,0.015,0.089
68000,0.905,0.013,0.082
68100,0.911,0.013,0.076
68200,0.916,0.011,0.073
68300,0.911,0.010,0.079
68400,0.918,0.009,0.073
68500,0.914,0.019,0.067
68600,0.912,0.018,0.070
68700,0.916,0.019,0.065
68800,0.917,0.017,0.066
68900,0.911,0.015,0.074
69000,0.909,0.014,0.077
69100,0.913,0.012,0.075
69200,0.910,0.012,0.078
69300,0.914,0.010,0.076
69400,0.912,0.010,0.078
69500,0.912,0.010,0.078
69600,0.920,0.007,0.073
69700,0.923,0.006,0.071
69800,0.926,0.006,0.068
69900,0.929,0.008,0.063
70000,0.927,0.007,0.066
70100,0.933,0.004,0.063
70200,0.933,0.004,0.063
70300,0.932,0.003,0.065
70400,0.939,0.003,0.058
70500,0.933,0.003,0.064
70600,0.936,0.003,0.061
70700,0.932,0.002,0.066
70800,0.939,0.002,0.059
70900,0.917,0.002,0.081
71000,0.907,0.002,0.091
71100,0.911,0.001,0.088
71200,0.919,0.001,0.080
71300,0.924,0.002,0.074
71400,0.926,0.002,0.072
71500,0.933,0.004,0.063
71600,0.937,0.003,0.060
71700,0.939,0.003,0.058
71800,0.943,0.003,0.054
71900,0.946,0.003,0.051
72000,0.950,0.003,0.047
72100,0.950,0.003,0.047
72200,0.945,0.002,0.053
72300,0.947,0.002,0.051
72400,0.949,0.001,0.050
72500,0.948,0.001,0.051
72600,0.946,0.001,0.053
72700,0.945,0.001,0.054
72800,0.947,0.001,0.052
72900,0.949,0.001,0.050
73000,0.948,0.001,0.051
73100,0.945,0.001,0.054
73200,0.950,0.001,0.049
73300,0.952,0.001,0.047
73400,0.957,0.003,0.040
73500,0.962,0.003,0.035
73600,0.966,0.003,0.031
73700,0.967,0.003,0.030
73800,0.969,0.003,0.028
73900,0.970,0.002,0.028
74000,0.971,0.002,0.027
74100,0.973,0.002,0.025
74200,0.973,0.002,0.025
74300,0.975,0.002,0.023
74400,0.977,0.002,0.021
74500,0.977,0.002,0.021
74600,0.976,0.002,0.022
74700,0.980,0.002,0.018
74800,0.981,0.002,0.017
74900,0.979,0.002,0.019
75000,0.977,0.002,0.021
75100,0.981,0.002,0.017
75200,0.981,0.002,0.017
75300,0.981,0.002,0.017
75400,0.985,0.002,0.013
75500,0.986,0.002,0.012
75600,0.988,0.002,0.010
75700,0.988,0.002,0.010
75800,0.989,0.001,0.010
75900,0.990,0.001,0.009
76000,0.991,0.001,0.008
76100,0.990,0.001,0.009
76200,0.992,0.001,0.007
76300,0.993,0.001,0.006
76400,0.994,0.001,0.005
76500,0.993,0.001,0.006
76600,0.995,0.001,0.004
76700,0.995,0.001,0.004
76800,0.995,0.001,0.004
76900,0.995,0.001,0.004
77000,0.996,0.001,0.003
77100,0.996,0.001,0.003
77200,0.996,0.001,0.003
77300,0.996,0.001,0.003
77400,0.996,0.001,0.003
77500,0.996,0.001,0.003
77600,0.996,0.001,0.003
77700,0.996,0.000,0.004
77800,0.996,0.000,0.004
77900,0.995,0.000,0.005
78000,0.995,0.000,0.005
78100,0.996,0.000,0.004
78200,0.982,0.000,0.018
78300,0.979,0.000,0.021
78400,0.979,0.000,0.021
78500,0.979,0.000,0.021
78600,0.978,0.000,0.022
78700,0.980,0.000,0.020
78800,0.983,0.000,0.017
78900,0.983,0.000,0.017
79000,0.983,0.000,0.017
79100,0.983,0.000,0.017
79200,0.985,0.000,0.015
79300,0.987,0.000,0.013
79400,0.987,0.000,0.013
79500,0.986,0.000,0.014
79600,0.988,0.000,0.012
79700,0.989,0.000,0.011
79800,0.989,0.000,0.011
79900,0.989,0.000,0.011
80000,0.990,0.000,0.010
80100,0.992,0.000,0.008
80200,0.993,0.000,0.007
80300,0.995,0.000,0.005
80400,0.996,0.000,0.004
80500,0.994,0.000,0.006
80600,0.994,0.000,0.006
80700,0.993,0.000,0.007
80800,0.993,0.000,0.007
80900,0.986,0.000,0.014
81000,0.987,0.000,0.013
81100,0.989,0.000,0.011
81200,0.992,0.000,0.008
81300,0.993,0.000,0.007
81400,0.994,0.000,0.006
81500,0.994,0.000,0.006
81600,0.995,0.000,0.005
81700,0.995,0.000,0.005
81800,0.996,0.000,0.004
81900,0.997,0.000,0.003
82000,0.998,0.000,0.002
82100,0.997,0.000,0.003
82200,0.997,0.000,0.003
82300,0.998,0.000,0.002
82400,0.998,0.000,0.002
82500,0.997,0.000,0.003
82600,0.996,0.000,0.004
82700,0.996,0.000,0.004
82800,0.995,0.000,0.005
82900,0.995,0.000,0.005
83000,0.997,0.000,0.003
83100,0.997,0.000,0.003
83200,0.997,0.000,0.003
83300,0.997,0.000,0.003
83400,0.995,0.000,0.005
83500,0.995,0.000,0.005
83600,0.993,0.000,0.007
83700,0.994,0.000,0.006
83800,0.991,0.000,0.009
83900,0.992,0.000,0.008
84000,0.991,0.000,0.009
84100,0.991,0.000,0.009
84200,0.989,0.000,0.011
84300,0.989,0.000,0.011
84400,0.990,0.000,0.010
84500,0.990,0.000,0.010
84600,0.992,0.000,0.008
84700,0.992,0.000,0.008
84800,0.993,0.000,0.007
84900,0.994,0.000,0.006
85000,0.996,0.000,0.004
85100,0.996,0.000,0.004
85200,0.996,0.000,0.004
85300,0.996,0.000,0.004
85400,0.995,0.000,0.005
85500,0.995,0.000,0.005
85600,0.995,0.000,0.005
85700,0.995,0.000,0.005
85800,0.996,0.000,0.004
85900,0.995,0.000,0.005
86000,0.995,0.000,0.005
86100,0.995,0.000,0.005
86200,0.995,0.000,0.005
86300,0.995,0.000,0.005
86400,0.995,0.000,0.005
86500,0.996,0.000,0.004
86600,0.995,0.000,0.005
86700,0.995,0.000,0.005
86800,0.995,0.000,0.005
86900,0.995,0.000,0.005
87000,0.995,0.000,0.005
87100,0.996,0.000,0.004
87200,0.995,0.000,0.005
87300,0.995,0.000,0.005
87400,0.996,0.000,0.004
87500,0.996,0.000,0.004
87600,0.996,0.000,0.004
87700,0.996,0.000,0.004
87800,0.996,0.000,0.004
87900,0.997,0.000,0.003
88000,0.997,0.000,0.003
88100,0.997,0.000,0.003
88200,0.997,0.000,0.003
88300,0.997,0.000,0.003
88400,0.997,0.000,0.003
88500,0.997,0.000,0.003
88600,0.996,0.000,0.004
88700,0.998,0.000,0.002
88800,0.997,0.000,0.003
88900,0.997,0.000,0.003
89000,0.997,0.000,0.003
89100,0.997,0.000,0.003
89200,0.997,0.000,0.003
89300,0.998,0.000,0.002
89400,0.998,0.000,0.002
89500,0.998,0.000,0.002
89600,0.998,0.000,0.002
89700,0.998,0.000,0.002
89800,0.998,0.000,0.002
89900,0.999,0.000,0.001
90000,0.999,0.000,0.001
90100,1.000,0.000,0.000
