time,n_A+p,n_B,n_AB
100,0.030,0.967,0.003
200,0.030,0.964,0.006
300,0.030,0.954,0.016
400,0.030,0.939,0.031
500,0.030,0.918,0.052
600,0.030,0.924,0.046
700,0.030,0.919,0.052
800,0.031,0.910,0.059
900,0.030,0.896,0.073
1000,0.030,0.904,0.066
1100,0.030,0.896,0.073
1200,0.031,0.890,0.079
1300,0.030,0.891,0.079
1400,0.030,0.885,0.084
1500,0.030,0.883,0.087
1600,0.030,0.856,0.114
1700,0.031,0.864,0.105
1800,0.031,0.881,0.088
1900,0.030,0.878,0.092
2000,0.030,0.893,0.076
2100,0.031,0.887,0.082
2200,0.031,0.892,0.077
2300,0.030,0.896,0.073
2400,0.030,0.898,0.072
2500,0.030,0.863,0.107
2600,0.030,0.878,0.092
2700,0.030,0.836,0.133
2800,0.030,0.853,0.117
2900,0.031,0.841,0.129
3000,0.031,0.831,0.138
3100,0.037,0.815,0.148
3200,0.036,0.825,0.139
3300,0.031,0.839,0.130
3400,0.031,0.849,0.120
3500,0.035,0.837,0.128
3600,0.035,0.824,0.141
3700,0.033,0.821,0.146
3800,0.033,0.793,0.174
3900,0.033,0.789,0.178
4000,0.033,0.777,0.190
4100,0.033,0.765,0.201
4200,0.033,0.779,0.187
4300,0.033,0.793,0.174
4400,0.031,0.767,0.203
4500,0.031,0.770,0.199
4600,0.030,0.768,0.201
4700,0.030,0.753,0.218
4800,0.030,0.718,0.253
4900,0.030,0.712,0.258
5000,0.030,0.717,0.253
5100,0.030,0.701,0.268
5200,0.031,0.724,0.245
5300,0.031,0.741,0.228
5400,0.030,0.765,0.205
5500,0.031,0.768,0.201
5600,0.030,0.779,0.190
5700,0.030,0.783,0.187
5800,0.030,0.790,0.180
5900,0.030,0.790,0.180
6000,0.030,0.783,0.186
6100,0.030,0.772,0.197
6200,0.030,0.775,0.195
6300,0.030,0.754,0.216
6400,0.030,0.768,0.201
6500,0.030,0.767,0.204
6600,0.031,0.769,0.200
6700,0.030,0.773,0.197
6800,0.031,0.769,0.200
6900,0.034,0.741,0.225
7000,0.033,0.729,0.239
7100,0.032,0.753,0.215
7200,0.032,0.744,0.224
7300,0.032,0.735,0.233
7400,0.031,0.752,0.217
7500,0.031,0.762,0.207
7600,0.031,0.760,0.210
7700,0.031,0.775,0.194
7800,0.031,0.742,0.227
7900,0.033,0.764,0.203
8000,0.033,0.765,0.203
8100,0.034,0.769,0.196
8200,0.032,0.768,0.200
8300,0.033,0.748,0.219
8400,0.032,0.775,0.193
8500,0.032,0.794,0.174
8600,0.031,0.779,0.190
8700,0.030,0.780,0.190
8800,0.031,0.791,0.178
8900,0.032,0.796,0.172
9000,0.032,0.781,0.187
9100,0.031,0.776,0.192
9200,0.031,0.774,0.194
9300,0.031,0.778,0.190
9400,0.031,0.771,0.198
9500,0.030,0.788,0.182
9600,0.030,0.788,0.182
9700,0.033,0.792,0.176
9800,0.033,0.787,0.180
9900,0.032,0.789,0.179
10000,0.034,0.793,0.173
10100,0.035,0.789,0.176
10200,0.033,0.790,0.177
10300,0.031,0.770,0.198
10400,0.031,0.768,0.201
10500,0.030,0.783,0.187
10600,0.030,0.789,0.181
10700,0.030,0.775,0.195
10800,0.031,0.782,0.187
10900,0.031,0.759,0.210
11000,0.033,0.771,0.197
11100,0.032,0.760,0.208
11200,0.032,0.767,0.201
11300,0.031,0.755,0.214
11400,0.031,0.749,0.220
11500,0.032,0.745,0.223
11600,0.031,0.765,0.203
11700,0.032,0.736,0.232
11800,0.031,0.739,0.229
11900,0.031,0.761,0.208
12000,0.030,0.754,0.215
12100,0.030,0.757,0.213
12200,0.030,0.757,0.213
12300,0.030,0.731,0.239
12400,0.030,0.752,0.218
12500,0.033,0.754,0.213
12600,0.032,0.770,0.198
12700,0.033,0.753,0.215
12800,0.033,0.750,0.218
12900,0.033,0.755,0.212
13000,0.032,0.750,0.218
13100,0.031,0.763,0.206
13200,0.031,0.754,0.215
13300,0.031,0.763,0.205
13400,0.031,0.744,0.225
13500,0.031,0.768,0.201
13600,0.032,0.757,0.211
13700,0.031,0.729,0.240
13800,0.033,0.728,0.240
13900,0.033,0.740,0.227
14000,0.033,0.719,0.248
14100,0.034,0.710,0.256
14200,0.035,0.712,0.253
14300,0.034,0.725,0.240
14400,0.037,0.733,0.230
14500,0.034,0.725,0.241
14600,0.033,0.728,0.239
14700,0.034,0.697,0.269
14800,0.033,0.710,0.257
14900,0.032,0.691,0.277
15000,0.033,0.692,0.275
15100,0.031,0.722,0.246
15200,0.031,0.728,0.242
15300,0.035,0.713,0.252
15400,0.033,0.733,0.233
15500,0.032,0.737,0.231
15600,0.034,0.721,0.245
15700,0.032,0.725,0.243
15800,0.031,0.723,0.246
15900,0.031,0.746,0.223
16000,0.030,0.754,0.215
16100,0.030,0.771,0.199
16200,0.031,0.782,0.187
16300,0.031,0.780,0.189
16400,0.031,0.758,0.211
16500,0.031,0.761,0.208
16600,0.033,0.739,0.228
16700,0.031,0.733,0.236
16800,0.032,0.726,0.242
16900,0.033,0.700,0.268
17000,0.032,0.666,0.302
17100,0.031,0.703,0.265
17200,0.031,0.724,0.245
17300,0.031,0.730,0.239
17400,0.034,0.713,0.253
17500,0.034,0.693,0.272
17600,0.034,0.724,0.243
17700,0.033,0.707,0.260
17800,0.031,0.712,0.256
17900,0.032,0.741,0.227
18000,0.032,0.734,0.234
18100,0.031,0.733,0.235
18200,0.033,0.724,0.243
18300,0.033,0.732,0.235
18400,0.033,0.741,0.226
18500,0.034,0.731,0.235
18600,0.033,0.721,0.247
18700,0.032,0.735,0.233
18800,0.033,0.726,0.240
18900,0.033,0.742,0.225
19000,0.032,0.732,0.236
19100,0.033,0.736,0.232
19200,0.033,0.720,0.247
19300,0.033,0.749,0.218
19400,0.032,0.769,0.199
19500,0.031,0.763,0.206
19600,0.030,0.775,0.194
19700,0.030,0.788,0.182
19800,0.030,0.781,0.189
19900,0.032,0.781,0.187
20000,0.032,0.797,0.171
20100,0.031,0.787,0.182
20200,0.030,0.773,0.197
20300,0.031,0.757,0.212
20400,0.034,0.741,0.225
20500,0.036,0.706,0.258
20600,0.035,0.730,0.235
20700,0.032,0.729,0.239
20800,0.031,0.732,0.237
20900,0.031,0.750,0.219
21000,0.031,0.768,0.200
21100,0.031,0.750,0.219
21200,0.031,0.733,0.235
21300,0.031,0.721,0.248
21400,0.031,0.707,0.261
21500,0.031,0.719,0.249
21600,0.031,0.722,0.246
21700,0.032,0.738,0.230
21800,0.033,0.737,0.229
21900,0.031,0.744,0.225
22000,0.031,0.737,0.232
22100,0.031,0.742,0.227
22200,0.030,0.750,0.219
22300,0.030,0.758,0.212
22400,0.030,0.760,0.210
22500,0.030,0.726,0.243
22600,0.031,0.708,0.261
22700,0.031,0.718,0.251
22800,0.031,0.710,0.259
22900,0.035,0.673,0.292
23000,0.037,0.671,0.292
23100,0.035,0.659,0.306
23200,0.034,0.626,0.340
23300,0.036,0.615,0.349
23400,0.037,0.615,0.347
23500,0.037,0.607,0.356
23600,0.036,0.629,0.335
23700,0.039,0.612,0.349
23800,0.037,0.629,0.334
23900,0.037,0.602,0.361
24000,0.036,0.619,0.346
24100,0.038,0.662,0.300
24200,0.036,0.689,0.275
24300,0.036,0.675,0.289
24400,0.036,0.655,0.310
24500,0.034,0.678,0.288
24600,0.033,0.684,0.283
24700,0.033,0.686,0.282
24800,0.033,0.645,0.322
24900,0.035,0.647,0.318
25000,0.034,0.659,0.306
25100,0.036,0.626,0.338
25200,0.036,0.640,0.325
25300,0.035,0.661,0.304
25400,0.035,0.668,0.297
25500,0.033,0.616,0.351
25600,0.034,0.641,0.325
25700,0.036,0.640,0.325
25800,0.034,0.657,0.310
25900,0.034,0.692,0.274
26000,0.034,0.697,0.268
26100,0.036,0.697,0.267
26200,0.035,0.682,0.283
26300,0.036,0.708,0.256
26400,0.035,0.697,0.268
26500,0.034,0.696,0.270
26600,0.033,0.718,0.249
26700,0.034,0.718,0.248
26800,0.034,0.725,0.241
26900,0.033,0.707,0.260
27000,0.035,0.714,0.251
27100,0.034,0.699,0.267
27200,0.034,0.695,0.271
27300,0.033,0.708,0.259
27400,0.034,0.698,0.268
27500,0.033,0.717,0.250
27600,0.032,0.729,0.239
27700,0.033,0.752,0.215
27800,0.032,0.769,0.199
27900,0.032,0.771,0.197
28000,0.034,0.783,0.183
28100,0.035,0.753,0.212
28200,0.034,0.761,0.205
28300,0.033,0.779,0.187
28400,0.033,0.774,0.193
28500,0.034,0.772,0.194
28600,0.034,0.761,0.205
28700,0.034,0.776,0.190
28800,0.032,0.742,0.226
28900,0.033,0.747,0.219
29000,0.031,0.735,0.234
29100,0.031,0.727,0.242
29200,0.032,0.717,0.251
29300,0.033,0.733,0.235
29400,0.031,0.705,0.264
29500,0.031,0.685,0.283
29600,0.031,0.702,0.267
29700,0.031,0.668,0.300
29800,0.031,0.694,0.275
29900,0.031,0.682,0.287
30000,0.033,0.660,0.307
30100,0.033,0.632,0.335
30200,0.033,0.655,0.312
30300,0.032,0.638,0.330
30400,0.035,0.680,0.285
30500,0.034,0.634,0.331
30600,0.034,0.643,0.323
30700,0.034,0.648,0.318
30800,0.034,0.633,0.334
30900,0.039,0.648,0.313
31000,0.037,0.634,0.329
31100,0.037,0.659,0.303
31200,0.037,0.662,0.300
31300,0.036,0.671,0.293
31400,0.034,0.679,0.287
31500,0.033,0.681,0.286
31600,0.032,0.694,0.274
31700,0.032,0.688,0.280
31800,0.033,0.695,0.272
31900,0.033,0.707,0.261
32000,0.033,0.722,0.245
32100,0.031,0.733,0.236
32200,0.031,0.725,0.244
32300,0.030,0.735,0.235
32400,0.032,0.708,0.260
32500,0.030,0.712,0.258
32600,0.031,0.687,0.282
32700,0.030,0.728,0.242
32800,0.030,0.736,0.233
32900,0.031,0.731,0.238
33000,0.030,0.728,0.242
33100,0.032,0.731,0.237
33200,0.030,0.724,0.246
33300,0.034,0.698,0.268
33400,0.034,0.698,0.268
33500,0.034,0.686,0.280
33600,0.033,0.693,0.274
33700,0.031,0.680,0.289
33800,0.033,0.644,0.324
33900,0.036,0.647,0.317
34000,0.038,0.648,0.314
34100,0.034,0.683,0.283
34200,0.033,0.702,0.265
34300,0.033,0.721,0.247
34400,0.032,0.717,0.251
34500,0.031,0.740,0.229
34600,0.031,0.735,0.233
34700,0.030,0.755,0.215
34800,0.030,0.739,0.231
34900,0.031,0.719,0.250
35000,0.033,0.742,0.225
35100,0.034,0.726,0.240
35200,0.033,0.719,0.249
35300,0.033,0.700,0.267
35400,0.032,0.698,0.269
35500,0.031,0.689,0.280
35600,0.032,0.697,0.271
35700,0.031,0.683,0.286
35800,0.031,0.675,0.293
35900,0.032,0.665,0.303
36000,0.031,0.659,0.310
36100,0.030,0.659,0.310
36200,0.032,0.675,0.293
36300,0.033,0.671,0.296
36400,0.035,0.621,0.344
36500,0.036,0.606,0.358
36600,0.037,0.580,0.382
36700,0.040,0.577,0.384
36800,0.040,0.584,0.376
36900,0.041,0.590,0.369
37000,0.040,0.588,0.373
37100,0.037,0.615,0.348
37200,0.036,0.625,0.339
37300,0.035,0.637,0.328
37400,0.034,0.665,0.302
37500,0.032,0.656,0.312
37600,0.034,0.657,0.309
37700,0.033,0.665,0.303
37800,0.033,0.664,0.304
37900,0.033,0.677,0.290
38000,0.033,0.665,0.302
38100,0.034,0.688,0.278
38200,0.035,0.669,0.296
38300,0.034,0.657,0.308
38400,0.033,0.646,0.321
38500,0.033,0.635,0.332
38600,0.033,0.650,0.318
38700,0.035,0.660,0.305
38800,0.034,0.651,0.315
38900,0.035,0.630,0.335
39000,0.034,0.660,0.306
39100,0.036,0.645,0.320
39200,0.036,0.630,0.334
39300,0.036,0.638,0.327
39400,0.033,0.671,0.296
39500,0.033,0.681,0.286
39600,0.034,0.653,0.313
39700,0.033,0.672,0.295
39800,0.034,0.665,0.302
39900,0.034,0.666,0.300
40000,0.034,0.687,0.279
40100,0.032,0.700,0.268
40200,0.032,0.685,0.283
40300,0.032,0.703,0.265
40400,0.031,0.711,0.257
40500,0.031,0.694,0.274
40600,0.032,0.708,0.260
40700,0.031,0.730,0.239
40800,0.031,0.752,0.217
40900,0.030,0.737,0.233
41000,0.031,0.701,0.268
41100,0.032,0.695,0.273
41200,0.033,0.666,0.300
41300,0.032,0.656,0.312
41400,0.031,0.651,0.317
41500,0.032,0.637,0.331
41600,0.033,0.637,0.329
41700,0.033,0.647,0.320
41800,0.033,0.668,0.300
41900,0.033,0.664,0.304
42000,0.034,0.671,0.295
42100,0.034,0.683,0.283
42200,0.033,0.678,0.290
42300,0.032,0.668,0.300
42400,0.033,0.685,0.282
42500,0.034,0.680,0.286
42600,0.035,0.665,0.300
42700,0.035,0.643,0.322
42800,0.035,0.669,0.296
42900,0.034,0.683,0.283
43000,0.035,0.705,0.260
43100,0.034,0.706,0.260
43200,0.033,0.691,0.276
43300,0.032,0.680,0.288
43400,0.033,0.681,0.286
43500,0.035,0.679,0.286
43600,0.035,0.694,0.271
43700,0.036,0.700,0.265
43800,0.033,0.691,0.276
43900,0.034,0.690,0.276
44000,0.034,0.659,0.307
44100,0.033,0.670,0.297
44200,0.033,0.668,0.299
44300,0.033,0.674,0.293
44400,0.033,0.674,0.293
44500,0.033,0.666,0.301
44600,0.033,0.668,0.300
44700,0.033,0.671,0.296
44800,0.034,0.657,0.308
44900,0.033,0.665,0.302
45000,0.035,0.669,0.296
45100,0.033,0.687,0.280
45200,0.032,0.672,0.296
45300,0.031,0.715,0.254
45400,0.031,0.719,0.249
45500,0.035,0.724,0.241
45600,0.034,0.710,0.256
45700,0.033,0.707,0.260
45800,0.034,0.736,0.230
45900,0.033,0.755,0.212
46000,0.033,0.750,0.217
46100,0.033,0.756,0.211
46200,0.031,0.765,0.203
46300,0.032,0.770,0.198
46400,0.031,0.782,0.186
46500,0.031,0.775,0.194
46600,0.031,0.795,0.175
46700,0.031,0.803,0.166
46800,0.031,0.810,0.159
46900,0.031,0.816,0.153
47000,0.030,0.815,0.155
47100,0.030,0.814,0.156
47200,0.030,0.829,0.141
47300,0.030,0.806,0.164
47400,0.030,0.803,0.168
47500,0.030,0.797,0.173
47600,0.030,0.798,0.172
47700,0.030,0.788,0.182
47800,0.030,0.790,0.180
47900,0.030,0.771,0.199
48000,0.030,0.790,0.180
48100,0.030,0.789,0.182
48200,0.030,0.753,0.217
48300,0.031,0.774,0.194
48400,0.031,0.764,0.204
48500,0.031,0.749,0.220
48600,0.031,0.729,0.240
48700,0.031,0.708,0.261
48800,0.030,0.696,0.274
48900,0.033,0.697,0.270
49000,0.032,0.682,0.286
49100,0.033,0.668,0.300
49200,0.033,0.658,0.309
49300,0.033,0.671,0.296
49400,0.035,0.658,0.307
49500,0.034,0.644,0.322
49600,0.033,0.613,0.354
49700,0.034,0.604,0.361
49800,0.033,0.584,0.383
49900,0.035,0.600,0.365
50000,0.032,0.615,0.353
50100,0.033,0.613,0.354
50200,0.033,0.580,0.387
50300,0.033,0.595,0.371
50400,0.032,0.604,0.364
50500,0.033,0.583,0.384
50600,0.036,0.599,0.366
50700,0.037,0.592,0.371
50800,0.037,0.590,0.374
50900,0.038,0.611,0.351
51000,0.038,0.595,0.366
51100,0.038,0.595,0.367
51200,0.036,0.611,0.353
51300,0.035,0.626,0.339
51400,0.034,0.622,0.344
51500,0.034,0.621,0.345
51600,0.037,0.665,0.299
51700,0.037,0.633,0.329
51800,0.036,0.649,0.315
51900,0.036,0.593,0.371
52000,0.035,0.576,0.389
52100,0.036,0.549,0.414
52200,0.036,0.554,0.410
52300,0.037,0.544,0.419
52400,0.038,0.563,0.399
52500,0.038,0.577,0.385
52600,0.037,0.587,0.377
52700,0.036,0.597,0.368
52800,0.034,0.601,0.365
52900,0.036,0.609,0.354
53000,0.035,0.609,0.356
53100,0.038,0.623,0.339
53200,0.036,0.601,0.363
53300,0.035,0.594,0.371
53400,0.034,0.615,0.350
53500,0.031,0.611,0.358
53600,0.031,0.607,0.361
53700,0.033,0.620,0.347
53800,0.035,0.612,0.353
53900,0.040,0.622,0.338
54000,0.037,0.612,0.351
54100,0.036,0.619,0.345
54200,0.033,0.648,0.318
54300,0.033,0.669,0.299
54400,0.033,0.684,0.283
54500,0.033,0.702,0.265
54600,0.032,0.704,0.264
54700,0.032,0.708,0.260
54800,0.031,0.719,0.250
54900,0.031,0.719,0.250
55000,0.031,0.724,0.245
55100,0.032,0.716,0.252
55200,0.035,0.697,0.268
55300,0.033,0.668,0.299
55400,0.034,0.673,0.293
55500,0.033,0.679,0.288
55600,0.034,0.668,0.298
55700,0.034,0.683,0.282
55800,0.034,0.687,0.278
55900,0.033,0.662,0.305
56000,0.034,0.661,0.306
56100,0.034,0.620,0.345
56200,0.035,0.621,0.344
56300,0.033,0.646,0.321
56400,0.036,0.653,0.311
56500,0.034,0.659,0.306
56600,0.033,0.656,0.311
56700,0.031,0.647,0.322
56800,0.031,0.664,0.305
56900,0.034,0.701,0.265
57000,0.033,0.689,0.278
57100,0.033,0.673,0.295
57200,0.032,0.658,0.310
57300,0.032,0.664,0.304
57400,0.033,0.662,0.304
57500,0.036,0.680,0.284
57600,0.034,0.694,0.272
57700,0.031,0.680,0.289
57800,0.031,0.668,0.301
57900,0.032,0.676,0.292
58000,0.031,0.670,0.299
58100,0.031,0.695,0.274
58200,0.031,0.711,0.258
58300,0.032,0.720,0.248
58400,0.031,0.720,0.249
58500,0.033,0.731,0.236
58600,0.031,0.711,0.257
58700,0.031,0.683,0.286
58800,0.031,0.672,0.297
58900,0.033,0.703,0.265
59000,0.032,0.671,0.297
59100,0.032,0.697,0.271
59200,0.034,0.697,0.269
59300,0.033,0.704,0.264
59400,0.034,0.715,0.251
59500,0.033,0.701,0.266
59600,0.031,0.689,0.279
59700,0.031,0.732,0.236
59800,0.031,0.744,0.225
59900,0.031,0.721,0.249
60000,0.031,0.739,0.230
60100,0.030,0.714,0.256
60200,0.030,0.721,0.249
60300,0.030,0.726,0.244
60400,0.030,0.742,0.228
60500,0.030,0.748,0.222
60600,0.030,0.771,0.199
60700,0.032,0.756,0.212
60800,0.033,0.739,0.228
60900,0.033,0.772,0.196
61000,0.030,0.776,0.193
61100,0.032,0.784,0.184
61200,0.032,0.778,0.190
61300,0.031,0.754,0.215
61400,0.031,0.752,0.217
61500,0.032,0.761,0.207
61600,0.031,0.761,0.208
61700,0.032,0.772,0.196
61800,0.031,0.785,0.184
61900,0.033,0.761,0.207
62000,0.031,0.790,0.178
62100,0.031,0.794,0.175
62200,0.031,0.800,0.169
62300,0.030,0.790,0.179
62400,0.030,0.788,0.182
62500,0.031,0.791,0.178
62600,0.031,0.806,0.162
62700,0.030,0.805,0.165
62800,0.030,0.812,0.158
62900,0.030,0.829,0.141
63000,0.031,0.815,0.154
63100,0.030,0.796,0.174
63200,0.031,0.808,0.161
63300,0.031,0.797,0.171
63400,0.031,0.796,0.173
63500,0.031,0.774,0.195
63600,0.031,0.777,0.192
63700,0.031,0.776,0.193
63800,0.031,0.766,0.203
63900,0.030,0.764,0.205
64000,0.030,0.785,0.185
64100,0.030,0.793,0.177
64200,0.031,0.774,0.195
64300,0.031,0.769,0.200
64400,0.031,0.766,0.203
64500,0.032,0.749,0.219
64600,0.031,0.769,0.199
64700,0.031,0.757,0.212
64800,0.032,0.787,0.181
64900,0.031,0.770,0.199
65000,0.031,0.775,0.194
65100,0.033,0.774,0.193
65200,0.033,0.768,0.199
65300,0.032,0.760,0.208
65400,0.032,0.733,0.235
65500,0.035,0.753,0.212
65600,0.032,0.749,0.219
65700,0.031,0.730,0.239
65800,0.032,0.758,0.210
65900,0.033,0.749,0.218
66000,0.033,0.743,0.224
66100,0.032,0.746,0.222
66200,0.033,0.759,0.208
66300,0.033,0.771,0.196
66400,0.033,0.765,0.202
66500,0.033,0.751,0.216
66600,0.032,0.752,0.216
66700,0.032,0.749,0.219
66800,0.033,0.736,0.231
66900,0.031,0.722,0.247
67000,0.031,0.735,0.234
67100,0.033,0.703,0.264
67200,0.031,0.735,0.233
67300,0.030,0.733,0.236
67400,0.031,0.687,0.282
67500,0.033,0.693,0.274
67600,0.032,0.713,0.255
67700,0.034,0.729,0.237
67800,0.036,0.722,0.242
67900,0.035,0.731,0.235
68000,0.035,0.721,0.244
68100,0.034,0.701,0.265
68200,0.035,0.675,0.290
68300,0.035,0.673,0.292
68400,0.033,0.680,0.286
68500,0.031,0.679,0.290
68600,0.030,0.704,0.266
68700,0.031,0.717,0.251
68800,0.036,0.733,0.232
68900,0.037,0.707,0.257
69000,0.032,0.698,0.269
69100,0.031,0.715,0.254
69200,0.033,0.705,0.263
69300,0.032,0.731,0.237
69400,0.031,0.741,0.228
69500,0.033,0.724,0.243
69600,0.032,0.724,0.244
69700,0.031,0.726,0.242
69800,0.035,0.715,0.250
69900,0.035,0.699,0.266
70000,0.036,0.700,0.264
70100,0.034,0.659,0.306
70200,0.033,0.639,0.328
70300,0.033,0.701,0.265
70400,0.034,0.699,0.267
70500,0.036,0.704,0.260
70600,0.037,0.666,0.296
70700,0.036,0.698,0.267
70800,0.036,0.696,0.268
70900,0.033,0.689,0.278
71000,0.034,0.664,0.302
71100,0.031,0.693,0.276
71200,0.031,0.711,0.258
71300,0.033,0.708,0.258
71400,0.032,0.699,0.269
71500,0.031,0.703,0.266
71600,0.032,0.717,0.251
71700,0.031,0.717,0.252
71800,0.031,0.722,0.246
71900,0.032,0.718,0.250
72000,0.033,0.708,0.260
72100,0.032,0.691,0.277
72200,0.035,0.717,0.248
72300,0.034,0.737,0.229
72400,0.033,0.711,0.256
72500,0.033,0.701,0.266
72600,0.033,0.728,0.239
72700,0.032,0.739,0.229
72800,0.031,0.726,0.243
72900,0.030,0.733,0.236
73000,0.030,0.732,0.237
73100,0.031,0.723,0.246
73200,0.031,0.728,0.241
73300,0.031,0.735,0.235
73400,0.031,0.747,0.222
73500,0.031,0.749,0.220
73600,0.030,0.755,0.215
73700,0.030,0.762,0.208
73800,0.031,0.768,0.201
73900,0.031,0.764,0.205
74000,0.030,0.781,0.189
74100,0.030,0.785,0.185
74200,0.030,0.795,0.175
74300,0.030,0.758,0.211
74400,0.030,0.751,0.218
74500,0.030,0.758,0.212
74600,0.030,0.777,0.193
74700,0.030,0.771,0.200
74800,0.030,0.780,0.190
74900,0.030,0.782,0.188
75000,0.030,0.769,0.201
75100,0.030,0.760,0.210
75200,0.032,0.763,0.205
75300,0.031,0.759,0.210
75400,0.032,0.760,0.208
75500,0.033,0.731,0.237
75600,0.031,0.746,0.223
75700,0.031,0.759,0.210
75800,0.030,0.749,0.221
75900,0.030,0.750,0.220
76000,0.031,0.741,0.228
76100,0.030,0.731,0.239
76200,0.030,0.727,0.243
76300,0.031,0.733,0.236
76400,0.031,0.722,0.247
76500,0.031,0.735,0.234
76600,0.031,0.727,0.242
76700,0.033,0.742,0.225
76800,0.033,0.724,0.244
76900,0.034,0.707,0.260
77000,0.034,0.708,0.258
77100,0.034,0.712,0.253
77200,0.034,0.696,0.269
77300,0.034,0.694,0.271
77400,0.035,0.679,0.286
77500,0.035,0.671,0.295
77600,0.035,0.665,0.300
77700,0.034,0.671,0.295
77800,0.037,0.673,0.290
77900,0.037,0.675,0.288
78000,0.037,0.664,0.299
78100,0.035,0.659,0.306
78200,0.037,0.652,0.311
78300,0.036,0.680,0.284
78400,0.037,0.691,0.272
78500,0.036,0.670,0.294
78600,0.037,0.657,0.306
78700,0.037,0.666,0.297
78800,0.035,0.658,0.307
78900,0.034,0.657,0.309
79000,0.034,0.669,0.297
79100,0.034,0.667,0.299
79200,0.033,0.677,0.290
79300,0.033,0.669,0.297
79400,0.033,0.687,0.279
79500,0.034,0.664,0.302
79600,0.034,0.646,0.320
79700,0.035,0.649,0.316
79800,0.036,0.680,0.284
79900,0.034,0.690,0.276
80000,0.034,0.697,0.269
80100,0.033,0.698,0.269
80200,0.034,0.712,0.254
80300,0.031,0.701,0.268
80400,0.031,0.697,0.272
80500,0.031,0.681,0.288
80600,0.033,0.685,0.282
80700,0.031,0.689,0.280
80800,0.032,0.678,0.290
80900,0.031,0.680,0.289
81000,0.033,0.701,0.266
81100,0.035,0.673,0.292
81200,0.033,0.674,0.293
81300,0.032,0.694,0.274
81400,0.032,0.711,0.257
81500,0.031,0.743,0.226
81600,0.031,0.733,0.236
81700,0.031,0.747,0.222
81800,0.031,0.757,0.212
81900,0.031,0.761,0.208
82000,0.031,0.769,0.200
82100,0.032,0.756,0.212
82200,0.030,0.744,0.225
82300,0.030,0.772,0.197
82400,0.030,0.761,0.208
82500,0.031,0.743,0.226
82600,0.031,0.710,0.259
82700,0.033,0.692,0.275
82800,0.033,0.680,0.287
82900,0.032,0.685,0.283
83000,0.031,0.687,0.281
83100,0.031,0.714,0.255
83200,0.034,0.712,0.254
83300,0.032,0.714,0.254
83400,0.033,0.735,0.232
83500,0.032,0.736,0.232
83600,0.031,0.736,0.233
83700,0.030,0.729,0.241
83800,0.030,0.742,0.228
83900,0.030,0.761,0.209
84000,0.031,0.785,0.185
84100,0.031,0.774,0.195
84200,0.033,0.760,0.207
84300,0.030,0.754,0.216
84400,0.030,0.752,0.218
84500,0.030,0.745,0.225
84600,0.031,0.693,0.276
84700,0.032,0.693,0.275
84800,0.031,0.696,0.273
84900,0.031,0.704,0.265
85000,0.034,0.715,0.250
85100,0.033,0.708,0.259
85200,0.034,0.692,0.274
85300,0.032,0.700,0.268
85400,0.033,0.731,0.236
85500,0.033,0.752,0.215
85600,0.033,0.742,0.225
85700,0.033,0.744,0.224
85800,0.031,0.732,0.237
85900,0.032,0.734,0.234
86000,0.032,0.739,0.229
86100,0.033,0.737,0.231
86200,0.032,0.732,0.236
86300,0.031,0.737,0.232
86400,0.030,0.718,0.252
86500,0.031,0.700,0.268
86600,0.031,0.695,0.274
86700,0.031,0.682,0.287
86800,0.031,0.667,0.302
86900,0.032,0.656,0.312
87000,0.033,0.668,0.299
87100,0.033,0.694,0.274
87200,0.030,0.705,0.264
87300,0.030,0.718,0.251
87400,0.031,0.763,0.207
87500,0.030,0.756,0.214
87600,0.030,0.774,0.196
87700,0.030,0.765,0.204
87800,0.030,0.758,0.212
87900,0.031,0.717,0.252
88000,0.030,0.722,0.248
88100,0.030,0.709,0.261
88200,0.030,0.710,0.260
88300,0.030,0.730,0.240
88400,0.030,0.750,0.221
88500,0.030,0.718,0.253
88600,0.030,0.750,0.221
88700,0.030,0.770,0.200
88800,0.033,0.769,0.198
88900,0.032,0.774,0.194
89000,0.031,0.783,0.186
89100,0.030,0.753,0.217
89200,0.030,0.751,0.218
89300,0.030,0.740,0.229
89400,0.031,0.738,0.231
89500,0.031,0.698,0.270
89600,0.030,0.729,0.241
89700,0.032,0.754,0.214
89800,0.031,0.729,0.239
89900,0.032,0.714,0.254
90000,0.030,0.721,0.249
90100,0.030,0.756,0.214
90200,0.031,0.760,0.208
90300,0.031,0.768,0.201
90400,0.031,0.742,0.228
90500,0.031,0.756,0.213
90600,0.031,0.761,0.208
90700,0.032,0.746,0.222
90800,0.031,0.744,0.225
90900,0.032,0.753,0.215
91000,0.033,0.775,0.193
91100,0.033,0.785,0.182
91200,0.034,0.778,0.188
91300,0.034,0.753,0.212
91400,0.034,0.758,0.208
91500,0.032,0.747,0.221
91600,0.032,0.750,0.218
91700,0.033,0.762,0.205
91800,0.032,0.753,0.215
91900,0.033,0.757,0.210
92000,0.032,0.752,0.216
92100,0.031,0.754,0.214
92200,0.031,0.757,0.211
92300,0.031,0.756,0.212
92400,0.033,0.747,0.221
92500,0.031,0.749,0.221
92600,0.032,0.753,0.215
92700,0.032,0.765,0.203
92800,0.031,0.774,0.195
92900,0.031,0.791,0.178
93000,0.033,0.799,0.169
93100,0.031,0.822,0.147
93200,0.031,0.824,0.145
93300,0.030,0.836,0.133
93400,0.030,0.843,0.126
93500,0.030,0.855,0.115
93600,0.030,0.842,0.127
93700,0.030,0.854,0.116
93800,0.030,0.860,0.110
93900,0.031,0.856,0.113
94000,0.031,0.852,0.116
94100,0.031,0.842,0.126
94200,0.031,0.825,0.144
94300,0.031,0.843,0.126
94400,0.031,0.820,0.150
94500,0.032,0.818,0.150
94600,0.032,0.791,0.177
94700,0.033,0.762,0.205
94800,0.032,0.761,0.207
94900,0.032,0.772,0.196
95000,0.032,0.796,0.172
95100,0.033,0.778,0.189
95200,0.032,0.763,0.205
95300,0.031,0.745,0.224
95400,0.032,0.765,0.203
95500,0.031,0.751,0.218
95600,0.031,0.758,0.211
95700,0.031,0.783,0.185
95800,0.032,0.776,0.192
95900,0.031,0.773,0.196
96000,0.036,0.754,0.211
96100,0.034,0.764,0.202
96200,0.031,0.768,0.201
96300,0.031,0.771,0.198
96400,0.033,0.757,0.210
96500,0.031,0.776,0.193
96600,0.031,0.786,0.182
96700,0.033,0.779,0.189
96800,0.031,0.788,0.181
96900,0.031,0.788,0.180
97000,0.031,0.793,0.176
97100,0.031,0.772,0.197
97200,0.031,0.761,0.207
97300,0.032,0.763,0.205
97400,0.033,0.765,0.202
97500,0.031,0.780,0.189
97600,0.031,0.770,0.198
97700,0.031,0.778,0.191
97800,0.032,0.782,0.186
97900,0.032,0.795,0.173
98000,0.034,0.770,0.196
98100,0.031,0.792,0.176
98200,0.031,0.774,0.196
98300,0.032,0.780,0.188
98400,0.031,0.785,0.184
98500,0.031,0.786,0.182
98600,0.031,0.747,0.221
98700,0.031,0.752,0.217
98800,0.032,0.738,0.230
98900,0.033,0.739,0.229
99000,0.033,0.717,0.251
99100,0.034,0.708,0.258
99200,0.035,0.705,0.260
99300,0.035,0.683,0.282
99400,0.035,0.642,0.323
99500,0.034,0.636,0.330
99600,0.036,0.625,0.340
99700,0.037,0.637,0.326
99800,0.036,0.605,0.359
99900,0.036,0.607,0.357
100000,0.035,0.611,0.354
