time,n_A+p,n_B,n_AB
500,0.050,0.636,0.314
1000,0.050,0.466,0.484
1500,0.050,0.337,0.613
2000,0.050,0.360,0.589
2500,0.050,0.249,0.700
3000,0.050,0.245,0.705
3500,0.058,0.215,0.727
4000,0.050,0.270,0.680
4500,0.050,0.234,0.716
5000,0.054,0.194,0.752
5500,0.052,0.234,0.713
6000,0.065,0.202,0.734
6500,0.061,0.165,0.774
7000,0.057,0.168,0.775
7500,0.067,0.183,0.750
8000,0.088,0.089,0.823
8500,0.184,0.041,0.776
9000,0.538,0.003,0.459
9500,0.805,0.000,0.195
10000,0.881,0.000,0.119
10500,0.904,0.000,0.096
11000,0.926,0.000,0.074
11500,0.930,0.000,0.070
12000,0.918,0.000,0.082
12500,0.931,0.000,0.069
13000,0.967,0.000,0.033
13500,0.979,0.000,0.021
14000,0.999,0.000,0.001
14500,1.000,0.000,0.000
