time,n_A+p,n_B,n_AB
500,0.050,0.926,0.024
1000,0.050,0.893,0.057
1500,0.051,0.865,0.084
2000,0.053,0.848,0.099
2500,0.053,0.816,0.131
3000,0.053,0.792,0.155
3500,0.056,0.787,0.157
4000,0.059,0.762,0.179
4500,0.061,0.754,0.185
5000,0.069,0.738,0.193
5500,0.080,0.727,0.193
6000,0.077,0.702,0.221
6500,0.080,0.678,0.242
7000,0.087,0.644,0.269
7500,0.085,0.625,0.290
8000,0.085,0.611,0.304
8500,0.088,0.577,0.335
9000,0.107,0.575,0.318
9500,0.106,0.568,0.326
10000,0.118,0.552,0.330
10500,0.125,0.534,0.341
11000,0.135,0.537,0.328
11500,0.147,0.514,0.339
12000,0.152,0.495,0.353
12500,0.163,0.476,0.361
13000,0.155,0.450,0.395
13500,0.180,0.450,0.370
14000,0.195,0.424,0.381
14500,0.203,0.386,0.411
15000,0.198,0.387,0.415
15500,0.189,0.372,0.439
16000,0.197,0.377,0.426
16500,0.194,0.387,0.419
17000,0.211,0.365,0.424
17500,0.220,0.360,0.420
18000,0.229,0.349,0.422
18500,0.233,0.338,0.429
19000,0.231,0.318,0.451
19500,0.232,0.319,0.449
20000,0.236,0.331,0.433
20500,0.245,0.331,0.424
21000,0.257,0.316,0.427
21500,0.282,0.308,0.410
22000,0.279,0.291,0.430
22500,0.300,0.270,0.430
23000,0.302,0.263,0.435
23500,0.322,0.249,0.429
24000,0.339,0.248,0.413
24500,0.335,0.236,0.429
25000,0.333,0.230,0.437
25500,0.341,0.223,0.436
26000,0.344,0.206,0.450
26500,0.358,0.198,0.444
27000,0.362,0.229,0.409
27500,0.395,0.222,0.383
28000,0.402,0.200,0.398
28500,0.391,0.185,0.424
29000,0.372,0.185,0.443
29500,0.403,0.188,0.409
30000,0.405,0.172,0.423
30500,0.422,0.186,0.392
31000,0.409,0.165,0.426
31500,0.417,0.169,0.414
32000,0.434,0.162,0.404
32500,0.455,0.142,0.403
33000,0.475,0.151,0.374
33500,0.475,0.131,0.394
34000,0.513,0.112,0.375
34500,0.518,0.100,0.382
35000,0.551,0.088,0.361
35500,0.561,0.094,0.345
36000,0.569,0.085,0.346
36500,0.572,0.083,0.345
37000,0.584,0.092,0.324
37500,0.597,0.081,0.322
38000,0.602,0.077,0.321
38500,0.599,0.069,0.332
39000,0.608,0.069,0.323
39500,0.631,0.067,0.302
40000,0.626,0.070,0.304
40500,0.640,0.065,0.295
41000,0.612,0.062,0.326
41500,0.635,0.054,0.311
42000,0.660,0.051,0.289
42500,0.658,0.043,0.299
43000,0.672,0.048,0.280
43500,0.678,0.053,0.269
44000,0.678,0.053,0.269
44500,0.683,0.054,0.263
45000,0.687,0.057,0.256
45500,0.698,0.060,0.242
46000,0.691,0.046,0.263
46500,0.682,0.040,0.278
47000,0.695,0.053,0.252
47500,0.692,0.042,0.266
48000,0.695,0.038,0.267
48500,0.691,0.043,0.266
49000,0.697,0.037,0.266
49500,0.694,0.033,0.273
50000,0.697,0.037,0.266
50500,0.716,0.028,0.256
51000,0.718,0.035,0.247
51500,0.738,0.023,0.239
52000,0.755,0.019,0.226
52500,0.762,0.020,0.218
53000,0.763,0.021,0.216
53500,0.758,0.027,0.215
54000,0.750,0.027,0.223
54500,0.746,0.025,0.229
55000,0.757,0.019,0.224
55500,0.753,0.017,0.230
56000,0.769,0.020,0.211
56500,0.778,0.013,0.209
57000,0.775,0.013,0.212
57500,0.785,0.010,0.205
58000,0.791,0.011,0.198
58500,0.791,0.014,0.195
59000,0.800,0.013,0.187
59500,0.791,0.015,0.194
60000,0.795,0.018,0.187
60500,0.812,0.017,0.171
61000,0.809,0.014,0.177
61500,0.801,0.012,0.187
62000,0.808,0.009,0.183
62500,0.822,0.010,0.168
63000,0.824,0.017,0.159
63500,0.816,0.016,0.168
64000,0.813,0.011,0.176
64500,0.813,0.015,0.172
65000,0.813,0.012,0.175
65500,0.798,0.012,0.190
66000,0.788,0.024,0.188
66500,0.771,0.027,0.202
67000,0.760,0.019,0.221
67500,0.761,0.018,0.221
68000,0.760,0.014,0.226
68500,0.773,0.021,0.206
69000,0.773,0.020,0.207
69500,0.781,0.023,0.196
70000,0.780,0.023,0.197
70500,0.784,0.025,0.191
71000,0.785,0.027,0.188
71500,0.791,0.023,0.186
72000,0.788,0.019,0.193
72500,0.787,0.022,0.191
73000,0.801,0.018,0.181
73500,0.798,0.021,0.181
74000,0.798,0.022,0.180
74500,0.791,0.022,0.187
75000,0.795,0.013,0.192
75500,0.804,0.016,0.180
76000,0.807,0.014,0.179
76500,0.818,0.013,0.169
77000,0.830,0.008,0.162
77500,0.833,0.004,0.163
78000,0.834,0.005,0.161
78500,0.851,0.005,0.144
79000,0.857,0.012,0.131
79500,0.865,0.011,0.124
80000,0.861,0.009,0.130
80500,0.870,0.008,0.122
81000,0.878,0.006,0.116
81500,0.880,0.003,0.117
82000,0.886,0.005,0.109
82500,0.898,0.006,0.096
83000,0.901,0.007,0.092
83500,0.899,0.006,0.095
84000,0.904,0.005,0.091
84500,0.915,0.004,0.081
85000,0.919,0.003,0.078
85500,0.935,0.003,0.062
86000,0.929,0.002,0.069
86500,0.930,0.001,0.069
87000,0.930,0.000,0.070
87500,0.928,0.001,0.071
88000,0.916,0.001,0.083
88500,0.927,0.001,0.072
89000,0.922,0.001,0.077
89500,0.919,0.002,0.079
90000,0.917,0.002,0.081
90500,0.919,0.004,0.077
91000,0.909,0.002,0.089
91500,0.892,0.001,0.107
92000,0.877,0.001,0.122
92500,0.885,0.005,0.110
93000,0.892,0.004,0.104
93500,0.890,0.002,0.108
94000,0.887,0.001,0.112
94500,0.900,0.003,0.097
95000,0.897,0.004,0.099
95500,0.898,0.003,0.099
96000,0.889,0.006,0.105
96500,0.892,0.008,0.100
97000,0.891,0.004,0.105
97500,0.888,0.003,0.109
98000,0.899,0.006,0.095
98500,0.906,0.003,0.091
99000,0.911,0.001,0.088
99500,0.897,0.001,0.102
100000,0.911,0.002,0.087
100500,0.919,0.002,0.079
101000,0.923,0.003,0.074
101500,0.925,0.002,0.073
102000,0.928,0.000,0.072
102500,0.923,0.000,0.077
103000,0.916,0.004,0.080
103500,0.909,0.006,0.085
104000,0.923,0.004,0.073
104500,0.929,0.004,0.067
105000,0.930,0.002,0.068
105500,0.932,0.002,0.066
106000,0.943,0.004,0.053
106500,0.941,0.002,0.057
107000,0.944,0.001,0.055
107500,0.943,0.000,0.057
108000,0.943,0.000,0.057
108500,0.949,0.000,0.051
109000,0.950,0.000,0.050
109500,0.948,0.000,0.052
110000,0.955,0.000,0.045
110500,0.955,0.004,0.041
111000,0.952,0.001,0.047
111500,0.946,0.000,0.054
112000,0.958,0.000,0.042
112500,0.957,0.000,0.043
113000,0.956,0.000,0.044
113500,0.955,0.000,0.045
114000,0.957,0.000,0.043
114500,0.958,0.000,0.042
115000,0.958,0.000,0.042
115500,0.957,0.000,0.043
116000,0.953,0.000,0.047
116500,0.955,0.000,0.045
117000,0.953,0.002,0.045
117500,0.952,0.002,0.046
118000,0.951,0.002,0.047
118500,0.939,0.001,0.060
119000,0.938,0.002,0.060
119500,0.945,0.004,0.051
120000,0.947,0.002,0.051
120500,0.952,0.001,0.047
121000,0.955,0.001,0.044
121500,0.951,0.001,0.048
122000,0.953,0.001,0.046
122500,0.952,0.003,0.045
123000,0.951,0.003,0.046
123500,0.951,0.003,0.046
124000,0.945,0.000,0.055
124500,0.947,0.000,0.053
125000,0.944,0.000,0.056
125500,0.949,0.000,0.051
126000,0.951,0.000,0.049
126500,0.954,0.000,0.046
127000,0.961,0.001,0.038
127500,0.960,0.003,0.037
128000,0.963,0.003,0.034
128500,0.957,0.002,0.041
129000,0.958,0.000,0.042
129500,0.955,0.001,0.044
130000,0.956,0.000,0.044
130500,0.964,0.000,0.036
131000,0.972,0.000,0.028
131500,0.974,0.000,0.026
132000,0.973,0.000,0.027
132500,0.975,0.000,0.025
133000,0.977,0.000,0.023
133500,0.979,0.000,0.021
134000,0.975,0.000,0.025
134500,0.974,0.000,0.026
135000,0.977,0.000,0.023
135500,0.976,0.000,0.024
136000,0.978,0.000,0.022
136500,0.974,0.000,0.026
137000,0.979,0.000,0.021
137500,0.985,0.000,0.015
138000,0.983,0.000,0.017
138500,0.983,0.000,0.017
139000,0.989,0.000,0.011
139500,0.991,0.000,0.009
140000,0.988,0.000,0.012
140500,0.988,0.000,0.012
141000,0.985,0.000,0.015
141500,0.984,0.000,0.016
142000,0.985,0.000,0.015
142500,0.983,0.000,0.017
143000,0.985,0.000,0.015
143500,0.985,0.000,0.015
144000,0.985,0.000,0.015
144500,0.984,0.000,0.016
145000,0.980,0.000,0.020
145500,0.973,0.000,0.027
146000,0.972,0.000,0.028
146500,0.974,0.000,0.026
147000,0.977,0.000,0.023
147500,0.979,0.000,0.021
148000,0.983,0.000,0.017
148500,0.984,0.000,0.016
149000,0.989,0.000,0.011
149500,0.990,0.000,0.010
150000,0.986,0.000,0.014
150500,0.985,0.000,0.015
151000,0.983,0.000,0.017
151500,0.985,0.000,0.015
152000,0.982,0.000,0.018
152500,0.985,0.000,0.015
153000,0.980,0.000,0.020
153500,0.977,0.000,0.023
154000,0.974,0.000,0.026
154500,0.973,0.000,0.027
155000,0.972,0.000,0.028
155500,0.974,0.000,0.026
156000,0.977,0.000,0.023
156500,0.976,0.000,0.024
157000,0.980,0.000,0.020
157500,0.982,0.000,0.018
158000,0.984,0.000,0.016
158500,0.985,0.000,0.015
159000,0.981,0.000,0.019
159500,0.984,0.000,0.016
160000,0.988,0.000,0.012
160500,0.990,0.000,0.010
161000,0.988,0.000,0.012
161500,0.993,0.000,0.007
162000,0.988,0.000,0.012
162500,0.990,0.000,0.010
163000,0.988,0.000,0.012
163500,0.991,0.000,0.009
164000,0.990,0.000,0.010
164500,0.992,0.000,0.008
165000,0.994,0.000,0.006
165500,0.996,0.000,0.004
166000,0.996,0.000,0.004
166500,0.993,0.000,0.007
167000,0.991,0.000,0.009
167500,0.993,0.000,0.007
168000,0.993,0.000,0.007
168500,0.996,0.000,0.004
169000,0.997,0.000,0.003
169500,0.999,0.000,0.001
170000,0.999,0.000,0.001
170500,1.000,0.000,0.000
