time,n_A+p,n_B,n_AB
100,0.030,0.965,0.005
200,0.031,0.960,0.009
300,0.031,0.949,0.020
400,0.031,0.947,0.022
500,0.030,0.941,0.030
600,0.030,0.938,0.033
700,0.030,0.931,0.040
800,0.030,0.931,0.040
900,0.032,0.921,0.047
1000,0.031,0.919,0.050
1100,0.031,0.915,0.054
1200,0.031,0.919,0.050
1300,0.031,0.915,0.054
1400,0.032,0.911,0.057
1500,0.032,0.904,0.064
1600,0.031,0.899,0.070
1700,0.033,0.893,0.075
1800,0.033,0.879,0.088
1900,0.033,0.885,0.083
2000,0.034,0.886,0.081
2100,0.036,0.875,0.089
2200,0.034,0.864,0.102
2300,0.035,0.849,0.116
2400,0.043,0.848,0.109
2500,0.043,0.850,0.107
2600,0.040,0.845,0.115
2700,0.039,0.846,0.115
2800,0.039,0.842,0.120
2900,0.040,0.811,0.149
3000,0.041,0.812,0.147
3100,0.048,0.824,0.128
3200,0.045,0.816,0.139
3300,0.046,0.816,0.138
3400,0.045,0.804,0.151
3500,0.044,0.797,0.159
3600,0.047,0.785,0.168
3700,0.047,0.774,0.179
3800,0.048,0.757,0.195
3900,0.052,0.761,0.187
4000,0.056,0.760,0.184
4100,0.057,0.746,0.197
4200,0.060,0.725,0.215
4300,0.063,0.722,0.215
4400,0.066,0.708,0.226
4500,0.066,0.691,0.243
4600,0.066,0.673,0.260
4700,0.070,0.669,0.260
4800,0.073,0.657,0.271
4900,0.074,0.651,0.276
5000,0.074,0.642,0.284
5100,0.074,0.647,0.280
5200,0.076,0.651,0.274
5300,0.076,0.650,0.275
5400,0.075,0.661,0.265
5500,0.067,0.670,0.263
5600,0.073,0.659,0.269
5700,0.070,0.647,0.283
5800,0.073,0.635,0.292
5900,0.070,0.636,0.293
6000,0.077,0.632,0.291
6100,0.065,0.637,0.297
6200,0.070,0.635,0.294
6300,0.080,0.631,0.289
6400,0.081,0.617,0.302
6500,0.075,0.620,0.305
6600,0.083,0.631,0.286
6700,0.081,0.619,0.300
6800,0.085,0.624,0.291
6900,0.082,0.608,0.311
7000,0.080,0.609,0.312
7100,0.079,0.624,0.297
7200,0.079,0.622,0.299
7300,0.085,0.612,0.303
7400,0.090,0.624,0.286
7500,0.089,0.621,0.290
7600,0.090,0.610,0.300
7700,0.081,0.599,0.321
7800,0.090,0.594,0.316
7900,0.090,0.590,0.320
8000,0.094,0.594,0.312
8100,0.100,0.585,0.315
8200,0.105,0.574,0.321
8300,0.100,0.564,0.336
8400,0.100,0.560,0.340
8500,0.103,0.573,0.324
8600,0.104,0.580,0.316
8700,0.102,0.571,0.327
8800,0.103,0.562,0.335
8900,0.098,0.564,0.338
9000,0.110,0.573,0.317
9100,0.112,0.566,0.322
9200,0.107,0.568,0.325
9300,0.097,0.556,0.347
9400,0.102,0.555,0.343
9500,0.101,0.558,0.341
9600,0.103,0.553,0.344
9700,0.099,0.547,0.353
9800,0.098,0.541,0.361
9900,0.103,0.527,0.370
10000,0.110,0.524,0.366
10100,0.112,0.530,0.358
10200,0.106,0.530,0.364
10300,0.107,0.521,0.372
10400,0.113,0.512,0.375
10500,0.115,0.512,0.373
10600,0.111,0.505,0.384
10700,0.116,0.506,0.378
10800,0.116,0.501,0.383
10900,0.122,0.494,0.384
11000,0.117,0.483,0.399
11100,0.122,0.487,0.391
11200,0.115,0.484,0.400
11300,0.123,0.492,0.385
11400,0.126,0.494,0.380
11500,0.140,0.495,0.365
11600,0.131,0.495,0.374
11700,0.123,0.511,0.367
11800,0.123,0.508,0.370
11900,0.126,0.515,0.360
12000,0.129,0.512,0.360
12100,0.135,0.501,0.365
12200,0.143,0.493,0.364
12300,0.139,0.496,0.365
12400,0.139,0.479,0.382
12500,0.138,0.479,0.383
12600,0.138,0.462,0.400
12700,0.143,0.469,0.388
12800,0.139,0.466,0.395
12900,0.139,0.477,0.384
13000,0.138,0.481,0.381
13100,0.134,0.476,0.390
13200,0.133,0.468,0.399
13300,0.144,0.469,0.387
13400,0.142,0.466,0.392
13500,0.134,0.464,0.402
13600,0.141,0.464,0.395
13700,0.138,0.457,0.406
13800,0.147,0.470,0.383
13900,0.146,0.463,0.391
14000,0.136,0.468,0.396
14100,0.139,0.468,0.393
14200,0.141,0.459,0.400
14300,0.149,0.448,0.402
14400,0.148,0.454,0.398
14500,0.156,0.446,0.397
14600,0.157,0.455,0.388
14700,0.156,0.448,0.395
14800,0.169,0.443,0.388
14900,0.173,0.433,0.394
15000,0.162,0.441,0.396
15100,0.155,0.451,0.393
15200,0.153,0.451,0.395
15300,0.153,0.448,0.398
15400,0.152,0.435,0.413
15500,0.146,0.436,0.418
15600,0.149,0.446,0.404
15700,0.154,0.440,0.406
15800,0.156,0.429,0.415
15900,0.151,0.428,0.421
16000,0.168,0.440,0.392
16100,0.169,0.436,0.395
16200,0.157,0.436,0.407
16300,0.152,0.435,0.413
16400,0.170,0.445,0.385
16500,0.170,0.435,0.395
16600,0.165,0.430,0.404
16700,0.168,0.438,0.394
16800,0.159,0.437,0.403
16900,0.158,0.429,0.413
17000,0.147,0.426,0.427
17100,0.133,0.431,0.436
17200,0.138,0.434,0.428
17300,0.137,0.428,0.435
17400,0.141,0.429,0.430
17500,0.144,0.433,0.423
17600,0.147,0.434,0.419
17700,0.140,0.429,0.431
17800,0.135,0.429,0.436
17900,0.142,0.433,0.425
18000,0.140,0.438,0.422
18100,0.142,0.444,0.414
18200,0.132,0.433,0.435
18300,0.131,0.438,0.431
18400,0.135,0.439,0.426
18500,0.135,0.432,0.433
18600,0.142,0.429,0.429
18700,0.149,0.427,0.424
18800,0.148,0.426,0.426
18900,0.152,0.436,0.412
19000,0.145,0.431,0.424
19100,0.147,0.440,0.413
19200,0.144,0.436,0.420
19300,0.144,0.440,0.416
19400,0.150,0.439,0.411
19500,0.150,0.435,0.415
19600,0.147,0.430,0.423
19700,0.149,0.423,0.428
19800,0.148,0.426,0.426
19900,0.155,0.428,0.417
20000,0.153,0.438,0.409
20100,0.150,0.436,0.414
20200,0.146,0.440,0.414
20300,0.150,0.428,0.422
20400,0.144,0.441,0.415
20500,0.141,0.439,0.420
20600,0.143,0.437,0.420
20700,0.139,0.441,0.420
20800,0.152,0.439,0.409
20900,0.149,0.431,0.420
21000,0.148,0.429,0.423
21100,0.152,0.435,0.413
21200,0.151,0.433,0.416
21300,0.153,0.440,0.407
21400,0.157,0.444,0.398
21500,0.161,0.445,0.393
21600,0.157,0.436,0.407
21700,0.158,0.430,0.412
21800,0.163,0.424,0.413
21900,0.168,0.434,0.398
22000,0.165,0.428,0.407
22100,0.164,0.420,0.416
22200,0.161,0.420,0.419
22300,0.164,0.418,0.418
22400,0.166,0.417,0.417
22500,0.154,0.410,0.436
22600,0.160,0.409,0.431
22700,0.166,0.408,0.426
22800,0.171,0.393,0.436
22900,0.172,0.396,0.432
23000,0.164,0.406,0.430
23100,0.166,0.408,0.426
23200,0.159,0.412,0.429
23300,0.152,0.407,0.441
23400,0.153,0.413,0.434
23500,0.158,0.429,0.413
23600,0.164,0.433,0.402
23700,0.165,0.421,0.414
23800,0.174,0.410,0.417
23900,0.179,0.412,0.410
24000,0.187,0.400,0.413
24100,0.185,0.393,0.422
24200,0.179,0.393,0.428
24300,0.177,0.380,0.443
24400,0.174,0.379,0.447
24500,0.164,0.378,0.458
24600,0.163,0.381,0.456
24700,0.174,0.380,0.446
24800,0.171,0.376,0.454
24900,0.176,0.375,0.449
25000,0.176,0.376,0.448
25100,0.178,0.382,0.440
25200,0.189,0.393,0.418
25300,0.176,0.390,0.434
25400,0.172,0.391,0.437
25500,0.170,0.387,0.443
25600,0.172,0.395,0.433
25700,0.175,0.393,0.432
25800,0.183,0.389,0.428
25900,0.183,0.386,0.431
26000,0.180,0.377,0.443
26100,0.189,0.377,0.434
26200,0.190,0.365,0.445
26300,0.188,0.370,0.442
26400,0.197,0.361,0.442
26500,0.202,0.360,0.438
26600,0.202,0.363,0.435
26700,0.204,0.367,0.429
26800,0.197,0.377,0.426
26900,0.200,0.372,0.428
27000,0.198,0.377,0.425
27100,0.204,0.381,0.415
27200,0.210,0.372,0.418
27300,0.223,0.366,0.412
27400,0.219,0.362,0.420
27500,0.220,0.365,0.416
27600,0.216,0.355,0.429
27700,0.219,0.353,0.428
27800,0.224,0.369,0.408
27900,0.216,0.365,0.420
28000,0.203,0.352,0.444
28100,0.207,0.363,0.430
28200,0.209,0.358,0.433
28300,0.207,0.359,0.434
28400,0.204,0.353,0.442
28500,0.205,0.358,0.437
28600,0.201,0.356,0.442
28700,0.197,0.356,0.446
28800,0.207,0.355,0.437
28900,0.213,0.350,0.436
29000,0.222,0.360,0.419
29100,0.227,0.360,0.414
29200,0.218,0.362,0.421
29300,0.225,0.359,0.417
29400,0.211,0.349,0.439
29500,0.197,0.355,0.447
29600,0.202,0.356,0.441
29700,0.213,0.356,0.430
29800,0.211,0.349,0.439
29900,0.209,0.350,0.440
30000,0.195,0.350,0.455
30100,0.200,0.348,0.451
30200,0.190,0.351,0.459
30300,0.191,0.360,0.449
30400,0.190,0.358,0.453
30500,0.174,0.344,0.482
30600,0.178,0.343,0.479
30700,0.183,0.336,0.481
30800,0.185,0.341,0.474
30900,0.177,0.342,0.481
31000,0.166,0.346,0.487
31100,0.166,0.354,0.479
31200,0.170,0.362,0.469
31300,0.158,0.366,0.476
31400,0.169,0.371,0.461
31500,0.177,0.383,0.440
31600,0.176,0.369,0.456
31700,0.182,0.370,0.448
31800,0.178,0.362,0.461
31900,0.170,0.367,0.464
32000,0.182,0.381,0.437
32100,0.174,0.377,0.449
32200,0.172,0.367,0.462
32300,0.160,0.366,0.474
32400,0.165,0.373,0.462
32500,0.177,0.369,0.455
32600,0.174,0.369,0.458
32700,0.182,0.366,0.453
32800,0.189,0.362,0.449
32900,0.191,0.349,0.460
33000,0.200,0.347,0.453
33100,0.206,0.347,0.446
33200,0.204,0.346,0.449
33300,0.213,0.340,0.446
33400,0.223,0.346,0.431
33500,0.227,0.337,0.436
33600,0.230,0.334,0.436
33700,0.227,0.330,0.443
33800,0.221,0.323,0.457
33900,0.221,0.322,0.458
34000,0.217,0.330,0.454
34100,0.213,0.327,0.460
34200,0.232,0.327,0.441
34300,0.249,0.326,0.425
34400,0.248,0.333,0.419
34500,0.245,0.338,0.417
34600,0.247,0.347,0.406
34700,0.233,0.338,0.429
34800,0.225,0.332,0.443
34900,0.242,0.329,0.429
35000,0.240,0.322,0.438
35100,0.248,0.322,0.430
35200,0.245,0.317,0.438
35300,0.246,0.313,0.441
35400,0.248,0.307,0.444
35500,0.257,0.320,0.423
35600,0.254,0.319,0.427
35700,0.257,0.320,0.423
35800,0.244,0.319,0.437
35900,0.243,0.327,0.430
36000,0.252,0.331,0.417
36100,0.242,0.324,0.434
36200,0.239,0.317,0.444
36300,0.234,0.309,0.457
36400,0.238,0.304,0.458
36500,0.250,0.299,0.450
36600,0.261,0.301,0.437
36700,0.259,0.304,0.436
36800,0.256,0.304,0.439
36900,0.261,0.304,0.434
37000,0.265,0.305,0.430
37100,0.266,0.306,0.428
37200,0.272,0.317,0.412
37300,0.266,0.304,0.430
37400,0.273,0.304,0.423
37500,0.277,0.298,0.425
37600,0.279,0.301,0.420
37700,0.257,0.300,0.442
37800,0.255,0.297,0.447
37900,0.263,0.295,0.442
38000,0.274,0.302,0.424
38100,0.266,0.306,0.428
38200,0.276,0.297,0.427
38300,0.285,0.303,0.412
38400,0.273,0.300,0.427
38500,0.277,0.295,0.428
38600,0.279,0.295,0.426
38700,0.268,0.295,0.437
38800,0.256,0.297,0.446
38900,0.255,0.305,0.439
39000,0.253,0.307,0.439
39100,0.266,0.315,0.420
39200,0.265,0.315,0.421
39300,0.264,0.317,0.420
39400,0.253,0.317,0.430
39500,0.258,0.309,0.432
39600,0.261,0.313,0.426
39700,0.263,0.317,0.421
39800,0.255,0.319,0.426
39900,0.252,0.321,0.427
40000,0.248,0.329,0.423
40100,0.256,0.324,0.420
40200,0.254,0.320,0.426
40300,0.250,0.307,0.442
40400,0.258,0.311,0.431
40500,0.264,0.314,0.423
40600,0.250,0.320,0.430
40700,0.245,0.322,0.433
40800,0.238,0.331,0.431
40900,0.234,0.318,0.448
41000,0.226,0.314,0.461
41100,0.226,0.317,0.458
41200,0.228,0.314,0.459
41300,0.225,0.307,0.468
41400,0.223,0.311,0.467
41500,0.220,0.318,0.463
41600,0.222,0.312,0.467
41700,0.237,0.315,0.448
41800,0.228,0.308,0.464
41900,0.232,0.311,0.458
42000,0.231,0.309,0.460
42100,0.228,0.316,0.457
42200,0.231,0.321,0.448
42300,0.218,0.311,0.472
42400,0.218,0.306,0.476
42500,0.224,0.308,0.468
42600,0.223,0.307,0.470
42700,0.225,0.312,0.464
42800,0.227,0.309,0.464
42900,0.223,0.322,0.456
43000,0.221,0.322,0.458
43100,0.218,0.317,0.466
43200,0.209,0.315,0.476
43300,0.210,0.315,0.475
43400,0.202,0.320,0.478
43500,0.204,0.320,0.476
43600,0.210,0.320,0.470
43700,0.206,0.323,0.471
43800,0.210,0.321,0.469
43900,0.203,0.318,0.479
44000,0.212,0.314,0.474
44100,0.210,0.301,0.488
44200,0.220,0.298,0.482
44300,0.232,0.294,0.474
44400,0.239,0.286,0.475
44500,0.245,0.291,0.464
44600,0.242,0.295,0.463
44700,0.249,0.292,0.459
44800,0.254,0.292,0.454
44900,0.259,0.285,0.456
45000,0.245,0.285,0.470
45100,0.250,0.281,0.469
45200,0.247,0.287,0.466
45300,0.248,0.283,0.469
45400,0.256,0.285,0.459
45500,0.257,0.287,0.456
45600,0.257,0.284,0.459
45700,0.258,0.284,0.458
45800,0.259,0.287,0.454
45900,0.261,0.288,0.450
46000,0.275,0.292,0.433
46100,0.282,0.291,0.427
46200,0.281,0.289,0.430
46300,0.268,0.294,0.438
46400,0.276,0.280,0.444
46500,0.281,0.281,0.438
46600,0.281,0.276,0.443
46700,0.288,0.280,0.432
46800,0.285,0.281,0.434
46900,0.279,0.287,0.434
47000,0.279,0.285,0.436
47100,0.271,0.281,0.448
47200,0.276,0.275,0.449
47300,0.267,0.272,0.462
47400,0.263,0.276,0.462
47500,0.272,0.280,0.448
47600,0.270,0.276,0.455
47700,0.282,0.269,0.449
47800,0.285,0.272,0.443
47900,0.282,0.273,0.445
48000,0.281,0.278,0.441
48100,0.285,0.276,0.439
48200,0.286,0.276,0.438
48300,0.291,0.273,0.436
48400,0.293,0.274,0.433
48500,0.295,0.271,0.434
48600,0.297,0.268,0.435
48700,0.303,0.269,0.428
48800,0.302,0.268,0.430
48900,0.320,0.266,0.415
49000,0.321,0.268,0.412
49100,0.319,0.267,0.415
49200,0.325,0.268,0.408
49300,0.326,0.270,0.404
49400,0.336,0.269,0.395
49500,0.329,0.273,0.398
49600,0.316,0.268,0.417
49700,0.296,0.270,0.434
49800,0.291,0.267,0.442
49900,0.286,0.273,0.441
50000,0.279,0.269,0.453
50100,0.287,0.270,0.443
50200,0.275,0.266,0.460
50300,0.277,0.274,0.449
50400,0.288,0.271,0.441
50500,0.288,0.270,0.442
50600,0.287,0.270,0.443
50700,0.274,0.270,0.457
50800,0.271,0.274,0.456
50900,0.281,0.273,0.446
51000,0.298,0.271,0.431
51100,0.307,0.263,0.430
51200,0.294,0.266,0.440
51300,0.292,0.269,0.439
51400,0.292,0.266,0.442
51500,0.284,0.268,0.448
51600,0.302,0.278,0.420
51700,0.299,0.278,0.423
51800,0.299,0.276,0.425
51900,0.291,0.267,0.442
52000,0.297,0.264,0.439
52100,0.297,0.264,0.439
52200,0.318,0.261,0.421
52300,0.318,0.259,0.423
52400,0.324,0.261,0.415
52500,0.320,0.258,0.422
52600,0.303,0.267,0.430
52700,0.306,0.268,0.426
52800,0.293,0.266,0.441
52900,0.295,0.267,0.438
53000,0.292,0.265,0.443
53100,0.293,0.266,0.441
53200,0.299,0.263,0.438
53300,0.300,0.263,0.437
53400,0.286,0.260,0.454
53500,0.280,0.264,0.457
53600,0.291,0.267,0.442
53700,0.285,0.263,0.453
53800,0.276,0.264,0.461
53900,0.272,0.253,0.475
54000,0.263,0.261,0.476
54100,0.251,0.257,0.491
54200,0.242,0.254,0.504
54300,0.237,0.259,0.504
54400,0.242,0.268,0.490
54500,0.244,0.269,0.487
54600,0.242,0.265,0.493
54700,0.237,0.260,0.503
54800,0.236,0.253,0.511
54900,0.240,0.259,0.501
55000,0.248,0.256,0.495
55100,0.253,0.261,0.485
55200,0.263,0.248,0.489
55300,0.268,0.246,0.486
55400,0.268,0.246,0.486
55500,0.269,0.244,0.487
55600,0.272,0.246,0.482
55700,0.272,0.246,0.482
55800,0.269,0.253,0.478
55900,0.272,0.257,0.471
56000,0.273,0.264,0.464
56100,0.266,0.264,0.471
56200,0.259,0.269,0.472
56300,0.249,0.263,0.488
56400,0.251,0.259,0.489
56500,0.263,0.260,0.477
56600,0.247,0.261,0.491
56700,0.239,0.258,0.503
56800,0.242,0.265,0.493
56900,0.238,0.265,0.497
57000,0.244,0.260,0.495
57100,0.242,0.257,0.501
57200,0.251,0.249,0.499
57300,0.247,0.254,0.498
57400,0.258,0.250,0.491
57500,0.266,0.251,0.483
57600,0.265,0.249,0.486
57700,0.265,0.246,0.489
57800,0.272,0.245,0.483
57900,0.265,0.259,0.476
58000,0.272,0.248,0.480
58100,0.270,0.249,0.481
58200,0.265,0.258,0.477
58300,0.263,0.263,0.475
58400,0.258,0.263,0.479
58500,0.257,0.251,0.491
58600,0.265,0.254,0.481
58700,0.277,0.251,0.472
58800,0.277,0.250,0.473
58900,0.254,0.263,0.483
59000,0.256,0.257,0.486
59100,0.250,0.265,0.485
59200,0.264,0.273,0.464
59300,0.277,0.274,0.449
59400,0.271,0.272,0.458
59500,0.260,0.265,0.475
59600,0.264,0.265,0.472
59700,0.268,0.273,0.460
59800,0.257,0.266,0.477
59900,0.250,0.260,0.489
60000,0.251,0.273,0.476
60100,0.251,0.278,0.471
60200,0.243,0.279,0.478
60300,0.249,0.273,0.478
60400,0.256,0.269,0.475
60500,0.255,0.274,0.471
60600,0.258,0.268,0.474
60700,0.258,0.271,0.471
60800,0.257,0.275,0.468
60900,0.261,0.273,0.466
61000,0.259,0.273,0.468
61100,0.259,0.269,0.472
61200,0.270,0.277,0.454
61300,0.256,0.283,0.461
61400,0.254,0.276,0.470
61500,0.255,0.282,0.463
61600,0.250,0.272,0.478
61700,0.254,0.261,0.484
61800,0.243,0.261,0.495
61900,0.246,0.258,0.495
62000,0.251,0.256,0.492
62100,0.253,0.258,0.488
62200,0.245,0.255,0.499
62300,0.251,0.257,0.491
62400,0.246,0.271,0.483
62500,0.241,0.264,0.495
62600,0.242,0.259,0.498
62700,0.241,0.272,0.487
62800,0.237,0.273,0.490
62900,0.240,0.261,0.498
63000,0.247,0.261,0.491
63100,0.236,0.266,0.498
63200,0.235,0.274,0.491
63300,0.244,0.268,0.488
63400,0.254,0.267,0.479
63500,0.264,0.259,0.477
63600,0.259,0.266,0.475
63700,0.265,0.258,0.477
63800,0.272,0.254,0.474
63900,0.266,0.253,0.481
64000,0.265,0.253,0.482
64100,0.265,0.260,0.475
64200,0.263,0.256,0.481
64300,0.265,0.254,0.481
64400,0.264,0.251,0.485
64500,0.280,0.243,0.477
64600,0.277,0.253,0.470
64700,0.261,0.244,0.494
64800,0.260,0.246,0.493
64900,0.273,0.248,0.479
65000,0.268,0.254,0.478
65100,0.268,0.255,0.477
65200,0.278,0.264,0.459
65300,0.271,0.266,0.464
65400,0.276,0.275,0.449
65500,0.276,0.269,0.456
65600,0.274,0.266,0.461
65700,0.284,0.258,0.458
65800,0.271,0.251,0.478
65900,0.274,0.257,0.469
66000,0.279,0.257,0.464
66100,0.270,0.259,0.471
66200,0.263,0.258,0.479
66300,0.248,0.255,0.496
66400,0.245,0.256,0.498
66500,0.244,0.269,0.487
66600,0.244,0.280,0.476
66700,0.246,0.289,0.465
66800,0.246,0.285,0.469
66900,0.251,0.284,0.465
67000,0.267,0.277,0.457
67100,0.259,0.274,0.467
67200,0.263,0.272,0.466
67300,0.260,0.266,0.474
67400,0.263,0.261,0.476
67500,0.251,0.260,0.488
67600,0.251,0.265,0.484
67700,0.233,0.276,0.491
67800,0.223,0.272,0.506
67900,0.227,0.274,0.499
68000,0.225,0.291,0.484
68100,0.235,0.292,0.473
68200,0.235,0.289,0.476
68300,0.235,0.288,0.477
68400,0.231,0.283,0.486
68500,0.230,0.283,0.487
68600,0.240,0.284,0.476
68700,0.247,0.287,0.466
68800,0.241,0.289,0.470
68900,0.232,0.286,0.482
69000,0.226,0.285,0.489
69100,0.217,0.287,0.496
69200,0.217,0.279,0.505
69300,0.218,0.295,0.487
69400,0.211,0.296,0.492
69500,0.201,0.300,0.498
69600,0.201,0.297,0.502
69700,0.203,0.303,0.493
69800,0.204,0.300,0.495
69900,0.203,0.301,0.495
70000,0.209,0.307,0.483
70100,0.205,0.303,0.491
70200,0.213,0.318,0.469
70300,0.212,0.316,0.472
70400,0.216,0.295,0.489
70500,0.216,0.297,0.487
70600,0.213,0.312,0.475
70700,0.203,0.312,0.485
70800,0.199,0.315,0.486
70900,0.197,0.309,0.493
71000,0.197,0.302,0.501
71100,0.197,0.299,0.504
71200,0.205,0.313,0.482
71300,0.205,0.311,0.484
71400,0.207,0.300,0.492
71500,0.208,0.300,0.491
71600,0.204,0.293,0.503
71700,0.197,0.279,0.524
71800,0.193,0.279,0.528
71900,0.195,0.277,0.528
72000,0.191,0.280,0.529
72100,0.190,0.274,0.536
72200,0.193,0.272,0.535
72300,0.215,0.273,0.513
72400,0.202,0.276,0.522
72500,0.218,0.279,0.504
72600,0.212,0.283,0.505
72700,0.220,0.283,0.497
72800,0.219,0.282,0.499
72900,0.219,0.284,0.497
73000,0.222,0.282,0.496
73100,0.219,0.291,0.490
73200,0.224,0.286,0.490
73300,0.225,0.285,0.490
73400,0.226,0.277,0.497
73500,0.227,0.285,0.488
73600,0.224,0.276,0.501
73700,0.223,0.285,0.492
73800,0.211,0.285,0.504
73900,0.216,0.288,0.496
74000,0.218,0.285,0.497
74100,0.213,0.286,0.501
74200,0.218,0.287,0.495
74300,0.232,0.281,0.487
74400,0.219,0.282,0.499
74500,0.219,0.272,0.510
74600,0.208,0.274,0.518
74700,0.212,0.279,0.509
74800,0.213,0.276,0.511
74900,0.210,0.286,0.504
75000,0.207,0.272,0.521
75100,0.206,0.273,0.521
75200,0.212,0.272,0.516
75300,0.203,0.284,0.513
75400,0.208,0.289,0.503
75500,0.208,0.292,0.499
75600,0.209,0.300,0.490
75700,0.208,0.296,0.495
75800,0.210,0.296,0.493
75900,0.204,0.286,0.510
76000,0.206,0.288,0.506
76100,0.201,0.279,0.520
76200,0.203,0.291,0.506
76300,0.196,0.283,0.521
76400,0.207,0.281,0.512
76500,0.212,0.276,0.512
76600,0.211,0.276,0.513
76700,0.217,0.273,0.511
76800,0.224,0.268,0.509
76900,0.216,0.268,0.517
77000,0.223,0.275,0.503
77100,0.219,0.283,0.498
77200,0.212,0.272,0.516
77300,0.224,0.272,0.505
77400,0.225,0.265,0.511
77500,0.224,0.267,0.510
77600,0.224,0.268,0.509
77700,0.212,0.280,0.508
77800,0.206,0.276,0.518
77900,0.215,0.271,0.515
78000,0.219,0.276,0.506
78100,0.227,0.275,0.498
78200,0.225,0.273,0.503
78300,0.232,0.271,0.497
78400,0.228,0.273,0.499
78500,0.228,0.270,0.503
78600,0.237,0.255,0.508
78700,0.237,0.254,0.509
78800,0.235,0.256,0.509
78900,0.242,0.257,0.501
79000,0.236,0.258,0.506
79100,0.240,0.247,0.513
79200,0.249,0.244,0.507
79300,0.257,0.243,0.499
79400,0.259,0.237,0.504
79500,0.248,0.230,0.522
79600,0.247,0.227,0.526
79700,0.246,0.231,0.523
79800,0.257,0.230,0.513
79900,0.263,0.231,0.507
80000,0.254,0.229,0.517
80100,0.250,0.234,0.516
80200,0.269,0.235,0.496
80300,0.272,0.232,0.496
80400,0.265,0.237,0.498
80500,0.267,0.246,0.487
80600,0.248,0.249,0.503
80700,0.236,0.250,0.514
80800,0.228,0.243,0.529
80900,0.226,0.239,0.535
81000,0.234,0.240,0.526
81100,0.237,0.242,0.521
81200,0.237,0.238,0.525
81300,0.264,0.243,0.493
81400,0.261,0.242,0.496
81500,0.270,0.248,0.482
81600,0.267,0.250,0.483
81700,0.274,0.246,0.480
81800,0.261,0.255,0.483
81900,0.259,0.258,0.482
82000,0.252,0.250,0.497
82100,0.254,0.246,0.499
82200,0.256,0.252,0.491
82300,0.256,0.248,0.495
82400,0.255,0.246,0.498
82500,0.269,0.246,0.485
82600,0.272,0.254,0.474
82700,0.261,0.252,0.486
82800,0.266,0.250,0.484
82900,0.268,0.244,0.488
83000,0.274,0.235,0.491
83100,0.272,0.234,0.494
83200,0.280,0.232,0.488
83300,0.284,0.232,0.484
83400,0.282,0.232,0.486
83500,0.280,0.233,0.487
83600,0.278,0.233,0.489
83700,0.270,0.235,0.495
83800,0.275,0.244,0.481
83900,0.263,0.241,0.496
84000,0.264,0.242,0.494
84100,0.258,0.245,0.496
84200,0.272,0.249,0.479
84300,0.260,0.241,0.498
84400,0.257,0.240,0.503
84500,0.268,0.243,0.489
84600,0.274,0.244,0.482
84700,0.263,0.249,0.488
84800,0.257,0.250,0.492
84900,0.259,0.251,0.489
85000,0.238,0.246,0.516
85100,0.237,0.246,0.517
85200,0.223,0.247,0.530
85300,0.221,0.246,0.533
85400,0.233,0.248,0.519
85500,0.229,0.247,0.524
85600,0.234,0.247,0.519
85700,0.231,0.251,0.518
85800,0.220,0.249,0.531
85900,0.220,0.251,0.529
86000,0.215,0.260,0.525
86100,0.220,0.258,0.522
86200,0.212,0.264,0.524
86300,0.211,0.251,0.537
86400,0.218,0.252,0.530
86500,0.226,0.255,0.519
86600,0.229,0.251,0.520
86700,0.226,0.246,0.528
86800,0.205,0.246,0.549
86900,0.211,0.242,0.546
87000,0.200,0.242,0.558
87100,0.211,0.249,0.539
87200,0.210,0.252,0.537
87300,0.202,0.257,0.540
87400,0.212,0.256,0.531
87500,0.213,0.269,0.518
87600,0.202,0.257,0.540
87700,0.199,0.260,0.540
87800,0.198,0.259,0.542
87900,0.199,0.249,0.552
88000,0.204,0.245,0.551
88100,0.198,0.245,0.557
88200,0.195,0.249,0.556
88300,0.196,0.252,0.552
88400,0.192,0.252,0.556
88500,0.201,0.263,0.536
88600,0.198,0.276,0.526
88700,0.207,0.274,0.519
88800,0.210,0.269,0.521
88900,0.208,0.265,0.527
89000,0.206,0.261,0.532
89100,0.204,0.269,0.527
89200,0.191,0.276,0.533
89300,0.210,0.272,0.518
89400,0.205,0.276,0.519
89500,0.194,0.282,0.524
89600,0.199,0.273,0.528
89700,0.194,0.270,0.536
89800,0.191,0.269,0.540
89900,0.200,0.258,0.541
90000,0.201,0.261,0.537
90100,0.211,0.257,0.531
90200,0.220,0.252,0.528
90300,0.225,0.249,0.526
90400,0.212,0.250,0.537
90500,0.225,0.241,0.534
90600,0.231,0.240,0.529
90700,0.223,0.246,0.531
90800,0.220,0.241,0.539
90900,0.219,0.239,0.542
91000,0.218,0.236,0.546
91100,0.212,0.238,0.550
91200,0.219,0.237,0.544
91300,0.212,0.235,0.553
91400,0.223,0.241,0.536
91500,0.229,0.249,0.522
91600,0.231,0.257,0.512
91700,0.237,0.255,0.508
91800,0.246,0.257,0.496
91900,0.246,0.257,0.496
92000,0.250,0.250,0.499
92100,0.258,0.252,0.489
92200,0.255,0.249,0.495
92300,0.261,0.247,0.491
92400,0.254,0.242,0.504
92500,0.254,0.239,0.507
92600,0.242,0.238,0.520
92700,0.242,0.251,0.507
92800,0.242,0.255,0.503
92900,0.248,0.249,0.503
93000,0.246,0.243,0.511
93100,0.240,0.245,0.515
93200,0.241,0.240,0.519
93300,0.246,0.245,0.509
93400,0.241,0.239,0.520
93500,0.237,0.237,0.526
93600,0.233,0.239,0.528
93700,0.242,0.241,0.517
93800,0.240,0.245,0.515
93900,0.225,0.243,0.532
94000,0.231,0.242,0.527
94100,0.236,0.238,0.526
94200,0.239,0.242,0.519
94300,0.241,0.247,0.512
94400,0.256,0.234,0.510
94500,0.249,0.236,0.515
94600,0.258,0.243,0.498
94700,0.255,0.244,0.501
94800,0.253,0.245,0.502
94900,0.265,0.241,0.494
95000,0.272,0.232,0.496
95100,0.253,0.234,0.513
95200,0.244,0.238,0.518
95300,0.240,0.240,0.520
95400,0.248,0.249,0.503
95500,0.251,0.243,0.506
95600,0.259,0.236,0.505
95700,0.263,0.240,0.497
95800,0.254,0.232,0.514
95900,0.254,0.230,0.516
96000,0.257,0.233,0.510
96100,0.257,0.228,0.515
96200,0.251,0.228,0.521
96300,0.250,0.227,0.523
96400,0.254,0.229,0.517
96500,0.250,0.233,0.517
96600,0.244,0.244,0.512
96700,0.241,0.238,0.521
96800,0.237,0.238,0.525
96900,0.241,0.241,0.518
97000,0.234,0.236,0.530
97100,0.236,0.237,0.527
97200,0.228,0.241,0.531
97300,0.223,0.218,0.560
97400,0.233,0.218,0.550
97500,0.235,0.218,0.547
97600,0.241,0.220,0.539
97700,0.233,0.221,0.546
97800,0.223,0.229,0.549
97900,0.236,0.231,0.533
98000,0.248,0.228,0.524
98100,0.254,0.233,0.513
98200,0.263,0.230,0.508
98300,0.250,0.228,0.522
98400,0.246,0.235,0.519
98500,0.257,0.229,0.514
98600,0.259,0.234,0.507
98700,0.250,0.233,0.517
98800,0.261,0.236,0.503
98900,0.266,0.237,0.497
99000,0.264,0.239,0.497
99100,0.260,0.234,0.506
99200,0.256,0.236,0.508
99300,0.255,0.232,0.513
99400,0.257,0.238,0.505
99500,0.264,0.233,0.504
99600,0.268,0.232,0.501
99700,0.269,0.237,0.494
99800,0.257,0.237,0.506
99900,0.260,0.244,0.495
100000,0.263,0.245,0.492
