time,n_A+p,n_B,n_AB
500,0.010,0.272,0.718
1000,0.010,0.306,0.684
1500,0.010,0.215,0.775
2000,0.010,0.293,0.697
2500,0.010,0.298,0.692
3000,0.010,0.250,0.740
3500,0.010,0.464,0.526
4000,0.010,0.349,0.641
4500,0.010,0.292,0.698
5000,0.010,0.225,0.765
5500,0.010,0.299,0.691
6000,0.010,0.196,0.794
6500,0.010,0.303,0.687
7000,0.010,0.337,0.653
7500,0.010,0.299,0.691
8000,0.010,0.333,0.657
8500,0.010,0.369,0.621
9000,0.010,0.277,0.713
9500,0.010,0.369,0.621
10000,0.010,0.209,0.781
10500,0.010,0.169,0.821
11000,0.010,0.225,0.765
11500,0.010,0.264,0.726
12000,0.010,0.339,0.651
12500,0.010,0.510,0.480
13000,0.010,0.292,0.698
13500,0.010,0.306,0.684
14000,0.010,0.283,0.707
14500,0.010,0.312,0.678
15000,0.010,0.389,0.601
15500,0.010,0.485,0.505
16000,0.010,0.352,0.638
16500,0.010,0.207,0.783
17000,0.010,0.525,0.465
17500,0.010,0.239,0.751
18000,0.010,0.184,0.806
18500,0.010,0.311,0.679
19000,0.010,0.219,0.771
19500,0.010,0.179,0.811
20000,0.010,0.219,0.771
20500,0.010,0.297,0.693
21000,0.010,0.192,0.798
21500,0.010,0.184,0.806
22000,0.010,0.196,0.794
22500,0.010,0.296,0.694
23000,0.010,0.288,0.702
23500,0.010,0.289,0.701
24000,0.010,0.406,0.584
24500,0.010,0.415,0.575
25000,0.010,0.294,0.696
25500,0.010,0.357,0.633
26000,0.010,0.238,0.752
26500,0.010,0.187,0.803
27000,0.010,0.305,0.685
27500,0.010,0.277,0.713
28000,0.010,0.250,0.740
28500,0.010,0.174,0.816
29000,0.010,0.292,0.698
29500,0.010,0.186,0.804
30000,0.010,0.266,0.724
30500,0.010,0.143,0.847
31000,0.010,0.254,0.736
31500,0.010,0.275,0.715
32000,0.010,0.395,0.595
32500,0.010,0.232,0.758
33000,0.010,0.183,0.807
33500,0.010,0.472,0.518
34000,0.010,0.268,0.722
34500,0.010,0.393,0.597
35000,0.010,0.312,0.678
35500,0.010,0.421,0.569
36000,0.010,0.232,0.758
36500,0.010,0.547,0.443
37000,0.010,0.321,0.669
37500,0.010,0.373,0.617
38000,0.010,0.263,0.727
38500,0.010,0.171,0.819
39000,0.010,0.281,0.709
39500,0.033,0.094,0.873
40000,0.010,0.299,0.691
40500,0.010,0.282,0.708
41000,0.010,0.306,0.684
41500,0.010,0.201,0.789
42000,0.010,0.351,0.639
42500,0.010,0.311,0.679
43000,0.010,0.208,0.782
43500,0.010,0.274,0.716
44000,0.010,0.249,0.741
44500,0.010,0.238,0.752
45000,0.010,0.282,0.708
45500,0.010,0.266,0.724
46000,0.010,0.217,0.773
46500,0.010,0.403,0.587
47000,0.010,0.286,0.704
47500,0.010,0.390,0.600
48000,0.024,0.166,0.810
48500,0.010,0.524,0.466
49000,0.010,0.441,0.549
49500,0.010,0.404,0.586
50000,0.010,0.208,0.782
50500,0.010,0.212,0.778
51000,0.010,0.261,0.729
51500,0.010,0.251,0.739
52000,0.010,0.350,0.640
52500,0.010,0.251,0.739
53000,0.010,0.268,0.722
53500,0.010,0.192,0.798
54000,0.010,0.441,0.549
54500,0.010,0.280,0.710
55000,0.010,0.425,0.565
55500,0.010,0.198,0.792
56000,0.010,0.239,0.751
56500,0.010,0.166,0.824
57000,0.038,0.041,0.921
57500,0.655,0.000,0.345
58000,0.747,0.000,0.253
58500,0.795,0.000,0.205
59000,0.492,0.000,0.508
59500,0.502,0.000,0.498
60000,0.383,0.000,0.617
60500,0.553,0.000,0.447
61000,0.762,0.000,0.238
61500,0.426,0.000,0.574
62000,0.536,0.000,0.464
62500,0.649,0.000,0.351
63000,0.538,0.000,0.462
63500,0.486,0.000,0.514
64000,0.289,0.000,0.711
64500,0.601,0.000,0.399
65000,0.650,0.000,0.350
65500,0.692,0.000,0.308
66000,0.870,0.000,0.130
66500,0.558,0.000,0.442
67000,0.455,0.000,0.545
67500,0.461,0.000,0.539
68000,0.415,0.000,0.585
68500,0.492,0.000,0.508
69000,0.355,0.000,0.645
69500,0.405,0.000,0.595
70000,0.514,0.000,0.486
70500,0.377,0.000,0.623
71000,0.601,0.000,0.399
71500,0.368,0.000,0.632
72000,0.427,0.000,0.573
72500,0.502,0.000,0.498
73000,0.390,0.000,0.610
73500,0.407,0.000,0.593
74000,0.684,0.000,0.316
74500,0.584,0.000,0.416
75000,0.706,0.000,0.294
75500,0.925,0.000,0.075
76000,0.994,0.000,0.006
76500,1.000,0.000,0.000
