time,n_A+p,n_B,n_AB
500,0.030,0.836,0.134
1000,0.030,0.671,0.299
1500,0.030,0.547,0.423
2000,0.038,0.412,0.550
2500,0.034,0.302,0.664
3000,0.080,0.212,0.708
3500,0.124,0.127,0.749
4000,0.133,0.122,0.745
4500,0.205,0.090,0.705
5000,0.206,0.063,0.731
5500,0.222,0.051,0.727
6000,0.252,0.044,0.704
6500,0.278,0.030,0.692
7000,0.290,0.043,0.667
7500,0.310,0.019,0.671
8000,0.299,0.016,0.685
8500,0.350,0.010,0.640
9000,0.316,0.011,0.673
9500,0.354,0.012,0.634
10000,0.362,0.006,0.632
10500,0.352,0.017,0.631
11000,0.382,0.017,0.601
11500,0.392,0.009,0.599
12000,0.386,0.001,0.613
12500,0.398,0.006,0.596
13000,0.449,0.002,0.549
13500,0.519,0.000,0.481
14000,0.453,0.002,0.545
14500,0.366,0.011,0.623
15000,0.306,0.001,0.693
15500,0.432,0.000,0.568
16000,0.423,0.007,0.570
16500,0.472,0.002,0.526
17000,0.410,0.006,0.584
17500,0.452,0.002,0.546
18000,0.513,0.002,0.485
18500,0.439,0.000,0.561
19000,0.440,0.000,0.560
19500,0.400,0.001,0.599
20000,0.332,0.001,0.667
20500,0.409,0.007,0.584
21000,0.409,0.005,0.586
21500,0.417,0.000,0.583
22000,0.475,0.000,0.525
22500,0.490,0.001,0.509
23000,0.480,0.001,0.519
23500,0.412,0.000,0.588
24000,0.324,0.008,0.668
24500,0.388,0.003,0.609
25000,0.459,0.000,0.541
25500,0.381,0.004,0.615
26000,0.395,0.010,0.595
26500,0.324,0.003,0.673
27000,0.352,0.019,0.629
27500,0.351,0.015,0.634
28000,0.306,0.017,0.677
28500,0.363,0.010,0.627
29000,0.450,0.002,0.548
29500,0.436,0.006,0.558
30000,0.391,0.005,0.604
30500,0.390,0.006,0.604
31000,0.388,0.003,0.609
31500,0.456,0.005,0.539
32000,0.449,0.000,0.551
32500,0.473,0.000,0.527
33000,0.495,0.000,0.505
33500,0.474,0.001,0.525
34000,0.426,0.006,0.568
34500,0.401,0.001,0.598
35000,0.381,0.001,0.618
35500,0.388,0.006,0.606
36000,0.390,0.020,0.590
36500,0.399,0.011,0.590
37000,0.389,0.003,0.608
37500,0.381,0.021,0.598
38000,0.356,0.011,0.633
38500,0.353,0.003,0.644
39000,0.283,0.015,0.702
39500,0.360,0.008,0.632
40000,0.350,0.018,0.632
40500,0.391,0.001,0.608
41000,0.384,0.009,0.607
41500,0.429,0.007,0.564
42000,0.420,0.018,0.562
42500,0.427,0.001,0.572
43000,0.461,0.002,0.537
43500,0.434,0.014,0.552
44000,0.374,0.001,0.625
44500,0.422,0.004,0.574
45000,0.429,0.007,0.564
45500,0.423,0.006,0.571
46000,0.499,0.006,0.495
46500,0.418,0.005,0.577
47000,0.440,0.001,0.559
47500,0.493,0.001,0.506
48000,0.457,0.000,0.543
48500,0.453,0.001,0.546
49000,0.469,0.005,0.526
49500,0.343,0.004,0.653
50000,0.340,0.003,0.657
50500,0.470,0.005,0.525
51000,0.415,0.010,0.575
51500,0.406,0.000,0.594
52000,0.431,0.000,0.569
52500,0.416,0.002,0.582
53000,0.377,0.007,0.616
53500,0.395,0.006,0.599
54000,0.469,0.001,0.530
54500,0.541,0.000,0.459
55000,0.429,0.004,0.567
55500,0.345,0.007,0.648
56000,0.476,0.001,0.523
56500,0.406,0.000,0.594
57000,0.467,0.000,0.533
57500,0.399,0.006,0.595
58000,0.410,0.009,0.581
58500,0.401,0.008,0.591
59000,0.414,0.010,0.576
59500,0.374,0.013,0.613
60000,0.352,0.009,0.639
60500,0.462,0.002,0.536
61000,0.370,0.003,0.627
61500,0.461,0.007,0.532
62000,0.403,0.003,0.594
62500,0.366,0.000,0.634
63000,0.396,0.009,0.595
63500,0.380,0.002,0.618
64000,0.356,0.000,0.644
64500,0.370,0.004,0.626
65000,0.380,0.004,0.616
65500,0.384,0.011,0.605
66000,0.346,0.001,0.653
66500,0.358,0.002,0.640
67000,0.373,0.007,0.620
67500,0.419,0.006,0.575
68000,0.462,0.001,0.537
68500,0.379,0.002,0.619
69000,0.387,0.007,0.606
69500,0.307,0.017,0.676
70000,0.329,0.009,0.662
70500,0.291,0.015,0.694
71000,0.321,0.020,0.659
71500,0.369,0.012,0.619
72000,0.365,0.018,0.617
72500,0.361,0.007,0.632
73000,0.380,0.015,0.605
73500,0.353,0.025,0.622
74000,0.393,0.017,0.590
74500,0.358,0.008,0.634
75000,0.321,0.011,0.668
75500,0.368,0.010,0.622
76000,0.407,0.006,0.587
76500,0.345,0.013,0.642
77000,0.309,0.017,0.674
77500,0.312,0.012,0.676
78000,0.300,0.033,0.667
78500,0.335,0.023,0.642
79000,0.324,0.044,0.632
79500,0.345,0.022,0.633
80000,0.374,0.004,0.622
80500,0.350,0.010,0.640
81000,0.362,0.001,0.637
81500,0.367,0.005,0.628
82000,0.404,0.003,0.593
82500,0.385,0.004,0.611
83000,0.400,0.018,0.582
83500,0.404,0.004,0.592
84000,0.408,0.010,0.582
84500,0.369,0.002,0.629
85000,0.343,0.000,0.657
85500,0.340,0.011,0.649
86000,0.365,0.012,0.623
86500,0.328,0.013,0.659
87000,0.299,0.011,0.690
87500,0.330,0.018,0.652
88000,0.370,0.018,0.612
88500,0.333,0.019,0.648
89000,0.331,0.017,0.652
89500,0.350,0.004,0.646
90000,0.350,0.005,0.645
90500,0.396,0.000,0.604
91000,0.328,0.008,0.664
91500,0.372,0.008,0.620
92000,0.397,0.003,0.600
92500,0.340,0.019,0.641
93000,0.355,0.011,0.634
93500,0.383,0.002,0.615
94000,0.460,0.000,0.540
94500,0.444,0.000,0.556
95000,0.466,0.007,0.527
95500,0.463,0.004,0.533
96000,0.466,0.008,0.526
96500,0.435,0.002,0.563
97000,0.420,0.001,0.579
97500,0.512,0.000,0.488
98000,0.442,0.001,0.557
98500,0.386,0.003,0.611
99000,0.347,0.014,0.639
99500,0.280,0.019,0.701
100000,0.312,0.008,0.680
100500,0.337,0.003,0.660
101000,0.331,0.012,0.657
101500,0.345,0.012,0.643
102000,0.400,0.007,0.593
102500,0.417,0.009,0.574
103000,0.479,0.001,0.520
103500,0.379,0.001,0.620
104000,0.378,0.016,0.606
104500,0.343,0.007,0.650
105000,0.370,0.014,0.616
105500,0.392,0.005,0.603
106000,0.373,0.002,0.625
106500,0.378,0.007,0.615
107000,0.401,0.006,0.593
107500,0.424,0.000,0.576
108000,0.363,0.008,0.629
108500,0.393,0.004,0.603
109000,0.431,0.007,0.562
109500,0.377,0.006,0.617
110000,0.376,0.007,0.617
110500,0.379,0.006,0.615
111000,0.410,0.009,0.581
111500,0.357,0.000,0.643
112000,0.390,0.002,0.608
112500,0.402,0.000,0.598
113000,0.373,0.002,0.625
113500,0.408,0.000,0.592
114000,0.437,0.000,0.563
114500,0.394,0.006,0.600
115000,0.320,0.027,0.653
115500,0.356,0.009,0.635
116000,0.298,0.015,0.687
116500,0.365,0.016,0.619
117000,0.371,0.006,0.623
117500,0.339,0.012,0.649
118000,0.409,0.007,0.584
118500,0.421,0.006,0.573
119000,0.366,0.011,0.623
119500,0.412,0.000,0.588
120000,0.411,0.000,0.589
120500,0.404,0.005,0.591
121000,0.349,0.001,0.650
121500,0.357,0.013,0.630
122000,0.325,0.014,0.661
122500,0.278,0.013,0.709
123000,0.293,0.028,0.679
123500,0.335,0.026,0.639
124000,0.264,0.021,0.715
124500,0.338,0.026,0.636
125000,0.337,0.009,0.654
125500,0.344,0.021,0.635
126000,0.330,0.018,0.652
126500,0.367,0.020,0.613
127000,0.340,0.008,0.652
127500,0.314,0.007,0.679
128000,0.340,0.016,0.644
128500,0.327,0.016,0.657
129000,0.357,0.005,0.638
129500,0.375,0.005,0.620
130000,0.359,0.003,0.638
130500,0.367,0.015,0.618
131000,0.365,0.013,0.622
131500,0.365,0.005,0.630
132000,0.375,0.017,0.608
132500,0.360,0.005,0.635
133000,0.337,0.012,0.651
133500,0.362,0.004,0.634
134000,0.338,0.014,0.648
134500,0.353,0.005,0.642
135000,0.362,0.004,0.634
135500,0.345,0.002,0.653
136000,0.322,0.008,0.670
136500,0.374,0.011,0.615
137000,0.471,0.002,0.527
137500,0.416,0.007,0.577
138000,0.393,0.006,0.601
138500,0.434,0.004,0.562
139000,0.406,0.001,0.593
139500,0.417,0.001,0.582
140000,0.494,0.000,0.506
140500,0.530,0.001,0.469
141000,0.536,0.000,0.464
141500,0.494,0.001,0.505
142000,0.419,0.005,0.576
142500,0.425,0.000,0.575
143000,0.420,0.000,0.580
143500,0.411,0.000,0.589
144000,0.419,0.000,0.581
144500,0.399,0.006,0.595
145000,0.375,0.005,0.620
145500,0.406,0.006,0.588
146000,0.390,0.003,0.607
146500,0.388,0.010,0.602
147000,0.314,0.010,0.676
147500,0.378,0.013,0.609
148000,0.387,0.004,0.609
148500,0.346,0.006,0.648
149000,0.351,0.013,0.636
149500,0.363,0.004,0.633
150000,0.361,0.012,0.627
150500,0.359,0.006,0.635
151000,0.437,0.005,0.558
151500,0.421,0.007,0.572
152000,0.397,0.009,0.594
152500,0.391,0.001,0.608
153000,0.327,0.000,0.673
153500,0.357,0.005,0.638
154000,0.375,0.001,0.624
154500,0.419,0.004,0.577
155000,0.419,0.009,0.572
155500,0.401,0.002,0.597
156000,0.384,0.001,0.615
156500,0.350,0.006,0.644
157000,0.345,0.010,0.645
157500,0.323,0.029,0.648
158000,0.319,0.021,0.660
158500,0.326,0.012,0.662
159000,0.386,0.004,0.610
159500,0.394,0.004,0.602
160000,0.372,0.005,0.623
160500,0.420,0.004,0.576
161000,0.445,0.006,0.549
161500,0.415,0.008,0.577
162000,0.343,0.011,0.646
162500,0.370,0.004,0.626
163000,0.374,0.005,0.621
163500,0.408,0.007,0.585
164000,0.390,0.001,0.609
164500,0.346,0.014,0.640
165000,0.371,0.009,0.620
165500,0.410,0.003,0.587
166000,0.345,0.004,0.651
166500,0.386,0.007,0.607
167000,0.385,0.016,0.599
167500,0.341,0.008,0.651
168000,0.354,0.014,0.632
168500,0.298,0.023,0.679
169000,0.286,0.040,0.674
169500,0.396,0.021,0.583
170000,0.429,0.021,0.550
170500,0.364,0.004,0.632
171000,0.413,0.001,0.586
171500,0.405,0.006,0.589
172000,0.379,0.012,0.609
172500,0.391,0.016,0.593
173000,0.314,0.016,0.670
173500,0.308,0.024,0.668
174000,0.305,0.014,0.681
174500,0.302,0.020,0.678
175000,0.352,0.030,0.618
175500,0.340,0.016,0.644
176000,0.316,0.010,0.674
176500,0.303,0.020,0.677
177000,0.273,0.030,0.697
177500,0.330,0.020,0.650
178000,0.399,0.011,0.590
178500,0.394,0.010,0.596
179000,0.365,0.010,0.625
179500,0.402,0.011,0.587
180000,0.390,0.001,0.609
180500,0.442,0.002,0.556
181000,0.442,0.000,0.558
181500,0.360,0.005,0.635
182000,0.351,0.006,0.643
182500,0.409,0.007,0.584
183000,0.398,0.004,0.598
183500,0.458,0.006,0.536
184000,0.452,0.002,0.546
184500,0.494,0.002,0.504
185000,0.440,0.000,0.560
185500,0.380,0.000,0.620
186000,0.360,0.007,0.633
186500,0.344,0.012,0.644
187000,0.391,0.018,0.591
187500,0.440,0.002,0.558
188000,0.414,0.001,0.585
188500,0.464,0.005,0.531
189000,0.383,0.000,0.617
189500,0.398,0.005,0.597
190000,0.335,0.006,0.659
190500,0.361,0.010,0.629
191000,0.402,0.000,0.598
191500,0.402,0.009,0.589
192000,0.431,0.001,0.568
192500,0.397,0.013,0.590
193000,0.383,0.015,0.602
193500,0.448,0.003,0.549
194000,0.485,0.006,0.509
194500,0.444,0.000,0.556
195000,0.353,0.004,0.643
195500,0.392,0.004,0.604
196000,0.398,0.020,0.582
196500,0.411,0.009,0.580
197000,0.388,0.000,0.612
197500,0.413,0.001,0.586
198000,0.473,0.000,0.527
198500,0.457,0.000,0.543
199000,0.420,0.012,0.568
199500,0.421,0.003,0.576
200000,0.417,0.010,0.573
200500,0.415,0.011,0.574
201000,0.399,0.000,0.601
201500,0.361,0.020,0.619
202000,0.336,0.014,0.650
202500,0.316,0.013,0.671
203000,0.354,0.004,0.642
203500,0.387,0.007,0.606
204000,0.439,0.013,0.548
204500,0.423,0.008,0.569
205000,0.355,0.005,0.640
205500,0.374,0.001,0.625
206000,0.398,0.000,0.602
206500,0.408,0.005,0.587
207000,0.398,0.000,0.602
207500,0.446,0.003,0.551
208000,0.419,0.004,0.577
208500,0.333,0.004,0.663
209000,0.327,0.010,0.663
209500,0.297,0.010,0.693
210000,0.339,0.008,0.653
210500,0.362,0.015,0.623
211000,0.373,0.016,0.611
211500,0.371,0.009,0.620
212000,0.408,0.008,0.584
212500,0.380,0.006,0.614
213000,0.429,0.006,0.565
213500,0.438,0.009,0.553
214000,0.413,0.009,0.578
214500,0.404,0.004,0.592
215000,0.370,0.003,0.627
215500,0.352,0.000,0.648
216000,0.369,0.007,0.624
216500,0.395,0.009,0.596
217000,0.386,0.000,0.614
217500,0.453,0.000,0.547
218000,0.495,0.001,0.504
218500,0.421,0.018,0.561
219000,0.410,0.005,0.585
219500,0.444,0.004,0.552
220000,0.412,0.006,0.582
220500,0.384,0.007,0.609
221000,0.400,0.005,0.595
221500,0.473,0.001,0.526
222000,0.470,0.000,0.530
222500,0.453,0.000,0.547
223000,0.463,0.002,0.535
223500,0.466,0.000,0.534
224000,0.423,0.000,0.577
224500,0.346,0.000,0.654
225000,0.418,0.002,0.580
225500,0.363,0.008,0.629
226000,0.342,0.012,0.646
226500,0.393,0.019,0.588
227000,0.412,0.004,0.584
227500,0.424,0.008,0.568
228000,0.458,0.000,0.542
228500,0.452,0.009,0.539
229000,0.431,0.002,0.567
229500,0.303,0.013,0.684
230000,0.297,0.006,0.697
230500,0.312,0.013,0.675
231000,0.411,0.014,0.575
231500,0.403,0.001,0.596
232000,0.414,0.011,0.575
232500,0.342,0.010,0.648
233000,0.364,0.013,0.623
233500,0.333,0.030,0.637
234000,0.411,0.010,0.579
234500,0.392,0.006,0.602
235000,0.402,0.008,0.590
235500,0.407,0.000,0.593
236000,0.431,0.000,0.569
236500,0.397,0.004,0.599
237000,0.432,0.002,0.566
237500,0.389,0.008,0.603
238000,0.381,0.005,0.614
238500,0.340,0.001,0.659
239000,0.320,0.010,0.670
239500,0.350,0.029,0.621
240000,0.336,0.012,0.652
240500,0.330,0.004,0.666
241000,0.306,0.009,0.685
241500,0.325,0.014,0.661
242000,0.366,0.005,0.629
242500,0.342,0.008,0.650
243000,0.320,0.022,0.658
243500,0.352,0.011,0.637
244000,0.331,0.009,0.660
244500,0.375,0.021,0.604
245000,0.322,0.006,0.672
245500,0.376,0.002,0.622
246000,0.459,0.000,0.541
246500,0.422,0.005,0.573
247000,0.401,0.002,0.597
247500,0.418,0.005,0.577
248000,0.460,0.004,0.536
248500,0.403,0.005,0.592
249000,0.389,0.009,0.602
249500,0.352,0.011,0.637
250000,0.395,0.005,0.600
250500,0.439,0.002,0.559
251000,0.451,0.000,0.549
251500,0.403,0.014,0.583
252000,0.425,0.002,0.573
252500,0.428,0.000,0.572
253000,0.467,0.000,0.533
253500,0.446,0.003,0.551
254000,0.443,0.000,0.557
254500,0.457,0.000,0.543
255000,0.436,0.016,0.548
255500,0.386,0.005,0.609
256000,0.415,0.004,0.581
256500,0.408,0.000,0.592
257000,0.427,0.000,0.573
257500,0.464,0.000,0.536
258000,0.497,0.001,0.502
258500,0.446,0.004,0.550
259000,0.437,0.002,0.561
259500,0.396,0.001,0.603
260000,0.390,0.002,0.608
260500,0.386,0.004,0.610
261000,0.373,0.005,0.622
261500,0.387,0.000,0.613
262000,0.437,0.006,0.557
262500,0.389,0.009,0.602
263000,0.344,0.004,0.652
263500,0.331,0.016,0.653
264000,0.333,0.014,0.653
264500,0.329,0.021,0.650
265000,0.381,0.002,0.617
265500,0.398,0.006,0.596
266000,0.441,0.002,0.557
266500,0.398,0.001,0.601
267000,0.346,0.016,0.638
267500,0.345,0.008,0.647
268000,0.395,0.006,0.599
268500,0.330,0.017,0.653
269000,0.366,0.001,0.633
269500,0.425,0.002,0.573
270000,0.459,0.000,0.541
270500,0.345,0.002,0.653
271000,0.409,0.010,0.581
271500,0.354,0.011,0.635
272000,0.356,0.014,0.630
272500,0.399,0.003,0.598
273000,0.386,0.002,0.612
273500,0.429,0.002,0.569
274000,0.387,0.011,0.602
274500,0.399,0.008,0.593
275000,0.377,0.004,0.619
275500,0.379,0.022,0.599
276000,0.354,0.016,0.630
276500,0.380,0.013,0.607
277000,0.393,0.010,0.597
277500,0.418,0.007,0.575
278000,0.420,0.007,0.573
278500,0.431,0.011,0.558
279000,0.444,0.003,0.553
279500,0.388,0.002,0.610
280000,0.388,0.007,0.605
280500,0.420,0.007,0.573
281000,0.402,0.002,0.596
281500,0.418,0.002,0.580
282000,0.410,0.000,0.590
282500,0.418,0.000,0.582
283000,0.358,0.002,0.640
283500,0.347,0.014,0.639
284000,0.376,0.002,0.622
284500,0.496,0.001,0.503
285000,0.575,0.000,0.425
285500,0.559,0.001,0.440
286000,0.574,0.000,0.426
286500,0.535,0.000,0.465
287000,0.485,0.003,0.512
287500,0.423,0.000,0.577
288000,0.408,0.003,0.589
288500,0.375,0.005,0.620
289000,0.404,0.000,0.596
289500,0.354,0.011,0.635
290000,0.360,0.013,0.627
290500,0.389,0.001,0.610
291000,0.365,0.004,0.631
291500,0.364,0.022,0.614
292000,0.389,0.003,0.608
292500,0.449,0.008,0.543
293000,0.444,0.000,0.556
293500,0.431,0.002,0.567
294000,0.448,0.000,0.552
294500,0.428,0.005,0.567
295000,0.429,0.007,0.564
295500,0.408,0.004,0.588
296000,0.378,0.005,0.617
296500,0.384,0.010,0.606
297000,0.395,0.010,0.595
297500,0.410,0.006,0.584
298000,0.393,0.020,0.587
298500,0.464,0.003,0.533
299000,0.469,0.000,0.531
299500,0.471,0.006,0.523
300000,0.441,0.001,0.558
300500,0.481,0.000,0.519
301000,0.505,0.000,0.495
301500,0.486,0.000,0.514
302000,0.460,0.000,0.540
302500,0.432,0.007,0.561
303000,0.369,0.012,0.619
303500,0.426,0.005,0.569
304000,0.397,0.000,0.603
304500,0.425,0.006,0.569
305000,0.506,0.001,0.493
305500,0.471,0.000,0.529
306000,0.382,0.001,0.617
306500,0.412,0.008,0.580
307000,0.380,0.005,0.615
307500,0.382,0.007,0.611
308000,0.413,0.002,0.585
308500,0.437,0.001,0.562
309000,0.371,0.006,0.623
309500,0.361,0.008,0.631
310000,0.373,0.000,0.627
310500,0.357,0.007,0.636
311000,0.361,0.008,0.631
311500,0.392,0.006,0.602
312000,0.435,0.012,0.553
312500,0.286,0.017,0.697
313000,0.369,0.008,0.623
313500,0.373,0.001,0.626
314000,0.327,0.008,0.665
314500,0.359,0.012,0.629
315000,0.357,0.007,0.636
315500,0.390,0.004,0.606
316000,0.413,0.009,0.578
316500,0.344,0.012,0.644
317000,0.391,0.002,0.607
317500,0.423,0.006,0.571
318000,0.469,0.000,0.531
318500,0.465,0.000,0.535
319000,0.398,0.000,0.602
319500,0.392,0.002,0.606
320000,0.326,0.001,0.673
320500,0.404,0.006,0.590
321000,0.357,0.004,0.639
321500,0.360,0.006,0.634
322000,0.323,0.017,0.660
322500,0.365,0.013,0.622
323000,0.383,0.003,0.614
323500,0.473,0.000,0.527
324000,0.462,0.002,0.536
324500,0.435,0.005,0.560
325000,0.428,0.013,0.559
325500,0.353,0.006,0.641
326000,0.372,0.021,0.607
326500,0.346,0.005,0.649
327000,0.334,0.020,0.646
327500,0.358,0.002,0.640
328000,0.432,0.000,0.568
328500,0.401,0.003,0.596
329000,0.362,0.002,0.636
329500,0.332,0.011,0.657
330000,0.330,0.003,0.667
330500,0.376,0.000,0.624
331000,0.416,0.003,0.581
331500,0.444,0.002,0.554
332000,0.416,0.004,0.580
332500,0.420,0.007,0.573
333000,0.440,0.000,0.560
333500,0.429,0.000,0.571
334000,0.353,0.008,0.639
334500,0.335,0.019,0.646
335000,0.301,0.003,0.696
335500,0.316,0.023,0.661
336000,0.282,0.013,0.705
336500,0.236,0.021,0.743
337000,0.264,0.012,0.724
337500,0.304,0.024,0.672
338000,0.319,0.007,0.674
338500,0.352,0.012,0.636
339000,0.375,0.001,0.624
339500,0.485,0.000,0.515
340000,0.504,0.000,0.496
340500,0.413,0.012,0.575
341000,0.390,0.006,0.604
341500,0.416,0.002,0.582
342000,0.401,0.009,0.590
342500,0.428,0.006,0.566
343000,0.437,0.008,0.555
343500,0.467,0.000,0.533
344000,0.460,0.000,0.540
344500,0.390,0.009,0.601
345000,0.428,0.004,0.568
345500,0.458,0.007,0.535
346000,0.391,0.000,0.609
346500,0.385,0.001,0.614
347000,0.414,0.000,0.586
347500,0.434,0.004,0.562
348000,0.426,0.002,0.572
348500,0.489,0.007,0.504
349000,0.502,0.014,0.484
349500,0.364,0.004,0.632
350000,0.367,0.006,0.627
350500,0.408,0.004,0.588
351000,0.334,0.010,0.656
351500,0.349,0.009,0.642
352000,0.345,0.010,0.645
352500,0.296,0.017,0.687
353000,0.268,0.018,0.714
353500,0.337,0.013,0.650
354000,0.363,0.016,0.621
354500,0.384,0.003,0.613
355000,0.485,0.001,0.514
355500,0.407,0.007,0.586
356000,0.461,0.003,0.536
356500,0.418,0.004,0.578
357000,0.375,0.011,0.614
357500,0.372,0.001,0.627
358000,0.395,0.004,0.601
358500,0.476,0.007,0.517
359000,0.430,0.001,0.569
359500,0.447,0.000,0.553
360000,0.457,0.000,0.543
360500,0.436,0.002,0.562
361000,0.379,0.002,0.619
361500,0.387,0.003,0.610
362000,0.415,0.000,0.585
362500,0.334,0.014,0.652
363000,0.402,0.007,0.591
363500,0.377,0.015,0.608
364000,0.381,0.019,0.600
364500,0.338,0.018,0.644
365000,0.341,0.012,0.647
365500,0.337,0.002,0.661
366000,0.396,0.003,0.601
366500,0.346,0.000,0.654
367000,0.381,0.005,0.614
367500,0.405,0.002,0.593
368000,0.446,0.004,0.550
368500,0.431,0.003,0.566
369000,0.454,0.006,0.540
369500,0.511,0.002,0.487
370000,0.451,0.000,0.549
370500,0.378,0.012,0.610
371000,0.370,0.009,0.621
371500,0.413,0.017,0.570
372000,0.370,0.001,0.629
372500,0.353,0.012,0.635
373000,0.363,0.008,0.629
373500,0.328,0.013,0.659
374000,0.439,0.003,0.558
374500,0.371,0.007,0.622
375000,0.354,0.003,0.643
375500,0.376,0.001,0.623
376000,0.395,0.008,0.597
376500,0.428,0.016,0.556
377000,0.426,0.017,0.557
377500,0.441,0.004,0.555
378000,0.463,0.001,0.536
378500,0.421,0.004,0.575
379000,0.456,0.000,0.544
379500,0.406,0.000,0.594
380000,0.381,0.005,0.614
380500,0.366,0.000,0.634
381000,0.417,0.006,0.577
381500,0.422,0.005,0.573
382000,0.375,0.002,0.623
382500,0.357,0.014,0.629
383000,0.339,0.002,0.659
383500,0.370,0.014,0.616
384000,0.365,0.011,0.624
384500,0.312,0.011,0.677
385000,0.301,0.008,0.691
385500,0.344,0.010,0.646
386000,0.351,0.006,0.643
386500,0.343,0.001,0.656
387000,0.412,0.004,0.584
387500,0.382,0.005,0.613
388000,0.429,0.006,0.565
388500,0.406,0.001,0.593
389000,0.417,0.003,0.580
389500,0.490,0.000,0.510
390000,0.402,0.005,0.593
390500,0.385,0.010,0.605
391000,0.416,0.000,0.584
391500,0.362,0.004,0.634
392000,0.437,0.006,0.557
392500,0.444,0.011,0.545
393000,0.433,0.001,0.566
393500,0.400,0.004,0.596
394000,0.371,0.013,0.616
394500,0.375,0.014,0.611
395000,0.411,0.011,0.578
395500,0.444,0.003,0.553
396000,0.451,0.003,0.546
396500,0.491,0.002,0.507
397000,0.501,0.001,0.498
397500,0.466,0.012,0.522
398000,0.424,0.002,0.574
398500,0.415,0.002,0.583
399000,0.399,0.005,0.596
399500,0.422,0.003,0.575
400000,0.412,0.000,0.588
400500,0.439,0.000,0.561
401000,0.382,0.010,0.608
401500,0.331,0.021,0.648
402000,0.302,0.015,0.683
402500,0.372,0.008,0.620
403000,0.420,0.006,0.574
403500,0.308,0.017,0.675
404000,0.385,0.010,0.605
404500,0.424,0.003,0.573
405000,0.428,0.007,0.565
405500,0.411,0.012,0.577
406000,0.492,0.003,0.505
406500,0.426,0.000,0.574
407000,0.412,0.007,0.581
407500,0.441,0.008,0.551
408000,0.441,0.000,0.559
408500,0.409,0.000,0.591
409000,0.338,0.000,0.662
409500,0.389,0.016,0.595
410000,0.321,0.011,0.668
410500,0.329,0.003,0.668
411000,0.403,0.007,0.590
411500,0.438,0.000,0.562
412000,0.408,0.002,0.590
412500,0.423,0.000,0.577
413000,0.415,0.004,0.581
413500,0.420,0.004,0.576
414000,0.433,0.008,0.559
414500,0.441,0.003,0.556
415000,0.384,0.010,0.606
415500,0.351,0.009,0.640
416000,0.349,0.008,0.643
416500,0.371,0.019,0.610
417000,0.420,0.001,0.579
417500,0.408,0.007,0.585
418000,0.415,0.000,0.585
418500,0.423,0.000,0.577
419000,0.389,0.000,0.611
419500,0.409,0.011,0.580
420000,0.511,0.001,0.488
420500,0.439,0.002,0.559
421000,0.370,0.000,0.630
421500,0.402,0.000,0.598
422000,0.334,0.004,0.662
422500,0.347,0.021,0.632
423000,0.329,0.006,0.665
423500,0.383,0.007,0.610
424000,0.367,0.007,0.626
424500,0.277,0.014,0.709
425000,0.333,0.023,0.644
425500,0.312,0.026,0.662
426000,0.388,0.009,0.603
426500,0.400,0.006,0.594
427000,0.450,0.008,0.542
427500,0.445,0.000,0.555
428000,0.464,0.000,0.536
428500,0.436,0.000,0.564
429000,0.441,0.000,0.559
429500,0.395,0.000,0.605
430000,0.376,0.004,0.620
430500,0.362,0.007,0.631
431000,0.406,0.014,0.580
431500,0.405,0.005,0.590
432000,0.384,0.001,0.615
432500,0.373,0.004,0.623
433000,0.297,0.008,0.695
433500,0.443,0.001,0.556
434000,0.531,0.000,0.469
434500,0.541,0.000,0.459
435000,0.434,0.000,0.566
435500,0.398,0.000,0.602
436000,0.418,0.000,0.582
436500,0.377,0.006,0.617
437000,0.405,0.001,0.594
437500,0.479,0.000,0.521
438000,0.516,0.006,0.478
438500,0.491,0.001,0.508
439000,0.460,0.001,0.539
439500,0.405,0.000,0.595
440000,0.413,0.000,0.587
440500,0.476,0.000,0.524
441000,0.492,0.000,0.508
441500,0.455,0.002,0.543
442000,0.449,0.000,0.551
442500,0.383,0.003,0.614
443000,0.423,0.006,0.571
443500,0.494,0.000,0.506
444000,0.414,0.000,0.586
444500,0.361,0.007,0.632
445000,0.404,0.006,0.590
445500,0.417,0.002,0.581
446000,0.419,0.000,0.581
446500,0.391,0.015,0.594
447000,0.423,0.010,0.567
447500,0.397,0.000,0.603
448000,0.391,0.008,0.601
448500,0.365,0.014,0.621
449000,0.460,0.002,0.538
449500,0.403,0.010,0.587
450000,0.408,0.012,0.580
450500,0.344,0.006,0.650
451000,0.324,0.028,0.648
451500,0.340,0.028,0.632
452000,0.370,0.026,0.604
452500,0.425,0.009,0.566
453000,0.402,0.001,0.597
453500,0.445,0.004,0.551
454000,0.470,0.000,0.530
454500,0.440,0.002,0.558
455000,0.365,0.001,0.634
455500,0.369,0.006,0.625
456000,0.417,0.001,0.582
456500,0.386,0.007,0.607
457000,0.354,0.007,0.639
457500,0.449,0.001,0.550
458000,0.431,0.006,0.563
458500,0.458,0.000,0.542
459000,0.401,0.001,0.598
459500,0.406,0.001,0.593
460000,0.350,0.003,0.647
460500,0.383,0.011,0.606
461000,0.409,0.000,0.591
461500,0.354,0.001,0.645
462000,0.388,0.002,0.610
462500,0.314,0.006,0.680
463000,0.344,0.010,0.646
463500,0.331,0.008,0.661
464000,0.364,0.002,0.634
464500,0.373,0.009,0.618
465000,0.365,0.005,0.630
465500,0.365,0.010,0.625
466000,0.391,0.013,0.596
466500,0.391,0.004,0.605
467000,0.345,0.012,0.643
467500,0.277,0.022,0.701
468000,0.344,0.009,0.647
468500,0.303,0.003,0.694
469000,0.277,0.018,0.705
469500,0.302,0.014,0.684
470000,0.319,0.008,0.673
470500,0.360,0.019,0.621
471000,0.334,0.009,0.657
471500,0.336,0.005,0.659
472000,0.306,0.007,0.687
472500,0.334,0.008,0.658
473000,0.306,0.007,0.687
473500,0.328,0.028,0.644
474000,0.336,0.016,0.648
474500,0.293,0.031,0.676
475000,0.324,0.020,0.656
475500,0.319,0.016,0.665
476000,0.352,0.024,0.624
476500,0.385,0.018,0.597
477000,0.439,0.006,0.555
477500,0.368,0.001,0.631
478000,0.381,0.014,0.605
478500,0.430,0.010,0.560
479000,0.392,0.004,0.604
479500,0.388,0.001,0.611
480000,0.376,0.006,0.618
480500,0.401,0.019,0.580
481000,0.381,0.005,0.614
481500,0.334,0.006,0.660
482000,0.387,0.008,0.605
482500,0.400,0.005,0.595
483000,0.389,0.018,0.593
483500,0.328,0.015,0.657
484000,0.320,0.006,0.674
484500,0.361,0.006,0.633
485000,0.346,0.004,0.650
485500,0.423,0.003,0.574
486000,0.406,0.000,0.594
486500,0.423,0.000,0.577
487000,0.410,0.010,0.580
487500,0.412,0.011,0.577
488000,0.363,0.007,0.630
488500,0.383,0.005,0.612
489000,0.463,0.000,0.537
489500,0.395,0.011,0.594
490000,0.368,0.001,0.631
490500,0.344,0.006,0.650
491000,0.331,0.010,0.659
491500,0.350,0.003,0.647
492000,0.345,0.004,0.651
492500,0.340,0.025,0.635
493000,0.265,0.018,0.717
493500,0.329,0.019,0.652
494000,0.316,0.012,0.672
494500,0.368,0.002,0.630
495000,0.348,0.003,0.649
495500,0.428,0.005,0.567
496000,0.438,0.008,0.554
496500,0.344,0.014,0.642
497000,0.330,0.012,0.658
497500,0.318,0.018,0.664
498000,0.311,0.012,0.677
498500,0.337,0.021,0.642
499000,0.389,0.005,0.606
499500,0.429,0.000,0.571
500000,0.427,0.000,0.573
500500,0.405,0.005,0.590
501000,0.457,0.002,0.541
501500,0.447,0.003,0.550
502000,0.460,0.000,0.540
502500,0.404,0.000,0.596
503000,0.402,0.002,0.596
503500,0.436,0.000,0.564
504000,0.433,0.000,0.567
504500,0.427,0.000,0.573
505000,0.462,0.006,0.532
505500,0.461,0.001,0.538
506000,0.473,0.000,0.527
506500,0.446,0.000,0.554
507000,0.386,0.008,0.606
507500,0.417,0.000,0.583
508000,0.365,0.006,0.629
508500,0.360,0.015,0.625
509000,0.386,0.004,0.610
509500,0.367,0.005,0.628
510000,0.340,0.014,0.646
510500,0.325,0.009,0.666
511000,0.284,0.023,0.693
511500,0.251,0.030,0.719
512000,0.349,0.020,0.631
512500,0.361,0.004,0.635
513000,0.361,0.003,0.636
513500,0.360,0.012,0.628
514000,0.331,0.027,0.642
514500,0.405,0.016,0.579
515000,0.324,0.016,0.660
515500,0.395,0.007,0.598
516000,0.397,0.009,0.594
516500,0.451,0.010,0.539
517000,0.340,0.006,0.654
517500,0.380,0.007,0.613
518000,0.408,0.004,0.588
518500,0.374,0.000,0.626
519000,0.405,0.005,0.590
519500,0.361,0.006,0.633
520000,0.405,0.017,0.578
520500,0.365,0.000,0.635
521000,0.321,0.006,0.673
521500,0.385,0.005,0.610
522000,0.433,0.003,0.564
522500,0.459,0.005,0.536
523000,0.506,0.009,0.485
523500,0.463,0.002,0.535
524000,0.489,0.007,0.504
524500,0.467,0.005,0.528
525000,0.471,0.004,0.525
525500,0.478,0.003,0.519
526000,0.508,0.001,0.491
526500,0.465,0.001,0.534
527000,0.360,0.008,0.632
527500,0.376,0.001,0.623
528000,0.461,0.001,0.538
528500,0.422,0.002,0.576
529000,0.286,0.026,0.688
529500,0.234,0.023,0.743
530000,0.335,0.017,0.648
530500,0.307,0.009,0.684
531000,0.302,0.038,0.660
531500,0.308,0.016,0.676
532000,0.376,0.019,0.605
532500,0.412,0.006,0.582
533000,0.379,0.008,0.613
533500,0.339,0.022,0.639
534000,0.354,0.011,0.635
534500,0.349,0.004,0.647
535000,0.306,0.009,0.685
535500,0.375,0.006,0.619
536000,0.393,0.011,0.596
536500,0.450,0.001,0.549
537000,0.442,0.008,0.550
537500,0.445,0.002,0.553
538000,0.378,0.001,0.621
538500,0.356,0.017,0.627
539000,0.417,0.001,0.582
539500,0.414,0.000,0.586
540000,0.433,0.006,0.561
540500,0.367,0.018,0.615
541000,0.370,0.009,0.621
541500,0.337,0.006,0.657
542000,0.329,0.004,0.667
542500,0.383,0.005,0.612
543000,0.415,0.000,0.585
543500,0.423,0.000,0.577
544000,0.402,0.005,0.593
544500,0.410,0.012,0.578
545000,0.421,0.006,0.573
545500,0.450,0.000,0.550
546000,0.452,0.002,0.546
546500,0.437,0.001,0.562
547000,0.354,0.003,0.643
547500,0.369,0.005,0.626
548000,0.353,0.007,0.640
548500,0.375,0.003,0.622
549000,0.323,0.011,0.666
549500,0.278,0.008,0.714
550000,0.314,0.004,0.682
550500,0.321,0.004,0.675
551000,0.298,0.013,0.689
551500,0.327,0.009,0.664
552000,0.318,0.009,0.673
552500,0.323,0.009,0.668
553000,0.351,0.005,0.644
553500,0.325,0.020,0.655
554000,0.359,0.020,0.621
554500,0.393,0.023,0.584
555000,0.403,0.006,0.591
555500,0.413,0.002,0.585
556000,0.414,0.002,0.584
556500,0.412,0.003,0.585
557000,0.374,0.002,0.624
557500,0.406,0.000,0.594
558000,0.434,0.000,0.566
558500,0.420,0.000,0.580
559000,0.384,0.002,0.614
559500,0.401,0.003,0.596
560000,0.482,0.000,0.518
560500,0.458,0.000,0.542
561000,0.432,0.000,0.568
561500,0.491,0.000,0.509
562000,0.401,0.003,0.596
562500,0.450,0.003,0.547
563000,0.427,0.000,0.573
563500,0.455,0.000,0.545
564000,0.392,0.000,0.608
564500,0.343,0.009,0.648
565000,0.348,0.005,0.647
565500,0.367,0.019,0.614
566000,0.344,0.012,0.644
566500,0.388,0.012,0.600
567000,0.407,0.004,0.589
567500,0.398,0.002,0.600
568000,0.364,0.000,0.636
568500,0.413,0.011,0.576
569000,0.407,0.012,0.581
569500,0.429,0.004,0.567
570000,0.464,0.000,0.536
570500,0.388,0.012,0.600
571000,0.400,0.004,0.596
571500,0.442,0.009,0.549
572000,0.470,0.002,0.528
572500,0.433,0.002,0.565
573000,0.507,0.001,0.492
573500,0.423,0.001,0.576
574000,0.389,0.005,0.606
574500,0.419,0.001,0.580
575000,0.446,0.000,0.554
575500,0.364,0.015,0.621
576000,0.363,0.012,0.625
576500,0.376,0.007,0.617
577000,0.378,0.008,0.614
577500,0.388,0.000,0.612
578000,0.347,0.006,0.647
578500,0.342,0.016,0.642
579000,0.341,0.013,0.646
579500,0.317,0.007,0.676
580000,0.381,0.002,0.617
580500,0.427,0.001,0.572
581000,0.479,0.000,0.521
581500,0.457,0.007,0.536
582000,0.397,0.008,0.595
582500,0.355,0.008,0.637
583000,0.372,0.008,0.620
583500,0.454,0.003,0.543
584000,0.415,0.003,0.582
584500,0.501,0.001,0.498
585000,0.391,0.003,0.606
585500,0.371,0.001,0.628
586000,0.462,0.001,0.537
586500,0.461,0.001,0.538
587000,0.475,0.000,0.525
587500,0.531,0.000,0.469
588000,0.516,0.003,0.481
588500,0.459,0.000,0.541
589000,0.422,0.005,0.573
589500,0.424,0.000,0.576
590000,0.415,0.008,0.577
590500,0.427,0.001,0.572
591000,0.374,0.007,0.619
591500,0.452,0.007,0.541
592000,0.429,0.004,0.567
592500,0.424,0.010,0.566
593000,0.399,0.004,0.597
593500,0.375,0.001,0.624
594000,0.416,0.006,0.578
594500,0.367,0.014,0.619
595000,0.339,0.017,0.644
595500,0.358,0.015,0.627
596000,0.332,0.015,0.653
596500,0.369,0.008,0.623
597000,0.388,0.005,0.607
597500,0.429,0.001,0.570
598000,0.447,0.000,0.553
598500,0.413,0.000,0.587
599000,0.415,0.005,0.580
599500,0.302,0.009,0.689
600000,0.305,0.027,0.668
600500,0.309,0.044,0.647
601000,0.296,0.017,0.687
601500,0.337,0.007,0.656
602000,0.321,0.014,0.665
602500,0.384,0.011,0.605
603000,0.307,0.005,0.688
603500,0.372,0.008,0.620
604000,0.399,0.006,0.595
604500,0.455,0.003,0.542
605000,0.464,0.003,0.533
605500,0.442,0.002,0.556
606000,0.454,0.001,0.545
606500,0.422,0.003,0.575
607000,0.445,0.000,0.555
607500,0.430,0.007,0.563
608000,0.408,0.003,0.589
608500,0.321,0.002,0.677
609000,0.398,0.003,0.599
609500,0.356,0.018,0.626
610000,0.372,0.008,0.620
610500,0.441,0.000,0.559
611000,0.416,0.010,0.574
611500,0.373,0.007,0.620
612000,0.404,0.007,0.589
612500,0.364,0.008,0.628
613000,0.370,0.009,0.621
613500,0.404,0.007,0.589
614000,0.405,0.011,0.584
614500,0.408,0.005,0.587
615000,0.381,0.007,0.612
615500,0.345,0.004,0.651
616000,0.348,0.007,0.645
616500,0.420,0.005,0.575
617000,0.498,0.005,0.497
617500,0.460,0.005,0.535
618000,0.458,0.000,0.542
618500,0.365,0.000,0.635
619000,0.402,0.008,0.590
619500,0.411,0.004,0.585
620000,0.374,0.011,0.615
620500,0.406,0.001,0.593
621000,0.387,0.003,0.610
621500,0.371,0.008,0.621
622000,0.256,0.029,0.715
622500,0.363,0.009,0.628
623000,0.444,0.001,0.555
623500,0.417,0.003,0.580
624000,0.370,0.012,0.618
624500,0.368,0.021,0.611
625000,0.343,0.020,0.637
625500,0.330,0.022,0.648
626000,0.326,0.022,0.652
626500,0.377,0.008,0.615
627000,0.358,0.014,0.628
627500,0.418,0.007,0.575
628000,0.454,0.004,0.542
628500,0.448,0.005,0.547
629000,0.491,0.000,0.509
629500,0.409,0.000,0.591
630000,0.377,0.010,0.613
630500,0.299,0.013,0.688
631000,0.315,0.019,0.666
631500,0.274,0.020,0.706
632000,0.358,0.005,0.637
632500,0.377,0.006,0.617
633000,0.386,0.008,0.606
633500,0.404,0.002,0.594
634000,0.418,0.000,0.582
634500,0.401,0.008,0.591
635000,0.434,0.007,0.559
635500,0.408,0.005,0.587
636000,0.460,0.005,0.535
636500,0.355,0.015,0.630
637000,0.383,0.009,0.608
637500,0.404,0.007,0.589
638000,0.414,0.004,0.582
638500,0.481,0.002,0.517
639000,0.503,0.001,0.496
639500,0.447,0.008,0.545
640000,0.377,0.003,0.620
640500,0.396,0.007,0.597
641000,0.423,0.002,0.575
641500,0.431,0.005,0.564
642000,0.445,0.002,0.553
642500,0.393,0.006,0.601
643000,0.414,0.008,0.578
643500,0.432,0.004,0.564
644000,0.427,0.001,0.572
644500,0.400,0.009,0.591
645000,0.406,0.014,0.580
645500,0.362,0.018,0.620
646000,0.368,0.009,0.623
646500,0.311,0.018,0.671
647000,0.348,0.004,0.648
647500,0.345,0.005,0.650
648000,0.380,0.011,0.609
648500,0.320,0.003,0.677
649000,0.355,0.009,0.636
649500,0.364,0.010,0.626
650000,0.318,0.026,0.656
650500,0.301,0.034,0.665
651000,0.259,0.027,0.714
651500,0.254,0.026,0.720
652000,0.313,0.011,0.676
652500,0.310,0.011,0.679
653000,0.302,0.009,0.689
653500,0.331,0.012,0.657
654000,0.400,0.007,0.593
654500,0.343,0.018,0.639
655000,0.374,0.023,0.603
655500,0.442,0.022,0.536
656000,0.384,0.002,0.614
656500,0.401,0.000,0.599
657000,0.404,0.005,0.591
657500,0.387,0.005,0.608
658000,0.373,0.005,0.622
658500,0.392,0.004,0.604
659000,0.424,0.004,0.572
659500,0.443,0.000,0.557
660000,0.428,0.007,0.565
660500,0.407,0.000,0.593
661000,0.449,0.000,0.551
661500,0.430,0.000,0.570
662000,0.476,0.002,0.522
662500,0.500,0.000,0.500
663000,0.528,0.000,0.472
663500,0.523,0.001,0.476
664000,0.465,0.003,0.532
664500,0.417,0.001,0.582
665000,0.433,0.008,0.559
665500,0.489,0.000,0.511
666000,0.503,0.000,0.497
666500,0.462,0.000,0.538
667000,0.488,0.007,0.505
667500,0.440,0.005,0.555
668000,0.394,0.007,0.599
668500,0.389,0.001,0.610
669000,0.386,0.011,0.603
669500,0.372,0.003,0.625
670000,0.441,0.000,0.559
670500,0.445,0.000,0.555
671000,0.423,0.000,0.577
671500,0.401,0.003,0.596
672000,0.388,0.000,0.612
672500,0.309,0.003,0.688
673000,0.361,0.002,0.637
673500,0.348,0.026,0.626
674000,0.349,0.019,0.632
674500,0.356,0.005,0.639
675000,0.375,0.002,0.623
675500,0.373,0.009,0.618
676000,0.392,0.000,0.608
676500,0.402,0.009,0.589
677000,0.463,0.000,0.537
677500,0.385,0.000,0.615
678000,0.359,0.005,0.636
678500,0.341,0.008,0.651
679000,0.363,0.017,0.620
679500,0.419,0.003,0.578
680000,0.423,0.000,0.577
680500,0.381,0.005,0.614
681000,0.454,0.005,0.541
681500,0.455,0.010,0.535
682000,0.450,0.003,0.547
682500,0.456,0.000,0.544
683000,0.458,0.007,0.535
683500,0.429,0.001,0.570
684000,0.410,0.001,0.589
684500,0.348,0.009,0.643
685000,0.343,0.008,0.649
685500,0.323,0.035,0.642
686000,0.317,0.027,0.656
686500,0.342,0.011,0.647
687000,0.418,0.004,0.578
687500,0.372,0.011,0.617
688000,0.312,0.002,0.686
688500,0.356,0.009,0.635
689000,0.408,0.003,0.589
689500,0.416,0.003,0.581
690000,0.410,0.007,0.583
690500,0.411,0.001,0.588
691000,0.428,0.000,0.572
691500,0.461,0.000,0.539
692000,0.474,0.000,0.526
692500,0.464,0.000,0.536
693000,0.417,0.003,0.580
693500,0.395,0.007,0.598
694000,0.470,0.007,0.523
694500,0.424,0.006,0.570
695000,0.408,0.006,0.586
695500,0.366,0.003,0.631
696000,0.402,0.002,0.596
696500,0.417,0.007,0.576
697000,0.452,0.008,0.540
697500,0.404,0.005,0.591
698000,0.379,0.007,0.614
698500,0.346,0.001,0.653
699000,0.388,0.006,0.606
699500,0.325,0.014,0.661
700000,0.290,0.019,0.691
700500,0.366,0.011,0.623
701000,0.387,0.006,0.607
701500,0.383,0.004,0.613
702000,0.402,0.000,0.598
702500,0.426,0.006,0.568
703000,0.412,0.013,0.575
703500,0.412,0.005,0.583
704000,0.375,0.001,0.624
704500,0.429,0.000,0.571
705000,0.399,0.000,0.601
705500,0.438,0.000,0.562
706000,0.462,0.000,0.538
706500,0.366,0.010,0.624
707000,0.403,0.011,0.586
707500,0.444,0.006,0.550
708000,0.437,0.001,0.562
708500,0.461,0.000,0.539
709000,0.396,0.008,0.596
709500,0.350,0.012,0.638
710000,0.335,0.019,0.646
710500,0.402,0.017,0.581
711000,0.381,0.012,0.607
711500,0.395,0.011,0.594
712000,0.429,0.006,0.565
712500,0.341,0.005,0.654
713000,0.310,0.023,0.667
713500,0.283,0.020,0.697
714000,0.368,0.001,0.631
714500,0.429,0.005,0.566
715000,0.423,0.002,0.575
715500,0.434,0.003,0.563
716000,0.522,0.000,0.478
716500,0.543,0.011,0.446
717000,0.482,0.001,0.517
717500,0.400,0.007,0.593
718000,0.399,0.000,0.601
718500,0.377,0.006,0.617
719000,0.365,0.009,0.626
719500,0.367,0.008,0.625
720000,0.392,0.001,0.607
720500,0.373,0.002,0.625
721000,0.401,0.000,0.599
721500,0.355,0.004,0.641
722000,0.414,0.015,0.571
722500,0.341,0.014,0.645
723000,0.340,0.003,0.657
723500,0.366,0.006,0.628
724000,0.410,0.000,0.590
724500,0.509,0.000,0.491
725000,0.459,0.005,0.536
725500,0.418,0.000,0.582
726000,0.405,0.005,0.590
726500,0.386,0.005,0.609
727000,0.431,0.002,0.567
727500,0.436,0.000,0.564
728000,0.414,0.010,0.576
728500,0.391,0.015,0.594
729000,0.420,0.002,0.578
729500,0.403,0.001,0.596
730000,0.318,0.015,0.667
730500,0.373,0.017,0.610
731000,0.388,0.003,0.609
731500,0.436,0.000,0.564
732000,0.446,0.012,0.542
732500,0.419,0.006,0.575
733000,0.355,0.004,0.641
733500,0.365,0.001,0.634
734000,0.397,0.000,0.603
734500,0.446,0.011,0.543
735000,0.415,0.001,0.584
735500,0.413,0.003,0.584
736000,0.384,0.005,0.611
736500,0.352,0.011,0.637
737000,0.370,0.003,0.627
737500,0.373,0.013,0.614
738000,0.410,0.000,0.590
738500,0.395,0.000,0.605
739000,0.390,0.002,0.608
739500,0.384,0.010,0.606
740000,0.373,0.001,0.626
740500,0.347,0.009,0.644
741000,0.389,0.001,0.610
741500,0.440,0.000,0.560
742000,0.437,0.002,0.561
742500,0.408,0.001,0.591
743000,0.477,0.000,0.523
743500,0.420,0.000,0.580
744000,0.458,0.010,0.532
744500,0.387,0.001,0.612
745000,0.386,0.012,0.602
745500,0.361,0.010,0.629
746000,0.394,0.006,0.600
746500,0.360,0.017,0.623
747000,0.382,0.021,0.597
747500,0.400,0.003,0.597
748000,0.410,0.002,0.588
748500,0.361,0.010,0.629
749000,0.420,0.006,0.574
749500,0.498,0.000,0.502
750000,0.471,0.000,0.529
750500,0.407,0.006,0.587
751000,0.307,0.022,0.671
751500,0.355,0.008,0.637
752000,0.397,0.002,0.601
752500,0.369,0.021,0.610
753000,0.365,0.004,0.631
753500,0.415,0.004,0.581
754000,0.339,0.005,0.656
754500,0.384,0.014,0.602
755000,0.351,0.017,0.632
755500,0.390,0.004,0.606
756000,0.399,0.008,0.593
756500,0.369,0.006,0.625
757000,0.354,0.003,0.643
757500,0.393,0.014,0.593
758000,0.413,0.007,0.580
758500,0.452,0.001,0.547
759000,0.416,0.001,0.583
759500,0.383,0.015,0.602
760000,0.410,0.006,0.584
760500,0.410,0.003,0.587
761000,0.362,0.007,0.631
761500,0.440,0.002,0.558
762000,0.375,0.009,0.616
762500,0.368,0.002,0.630
763000,0.384,0.007,0.609
763500,0.395,0.008,0.597
764000,0.318,0.023,0.659
764500,0.302,0.018,0.680
765000,0.426,0.001,0.573
765500,0.384,0.003,0.613
766000,0.449,0.000,0.551
766500,0.424,0.008,0.568
767000,0.436,0.009,0.555
767500,0.451,0.000,0.549
768000,0.461,0.000,0.539
768500,0.473,0.000,0.527
769000,0.483,0.000,0.517
769500,0.460,0.002,0.538
770000,0.430,0.004,0.566
770500,0.348,0.022,0.630
771000,0.356,0.006,0.638
771500,0.364,0.002,0.634
772000,0.386,0.004,0.610
772500,0.386,0.012,0.602
773000,0.449,0.003,0.548
773500,0.421,0.006,0.573
774000,0.405,0.004,0.591
774500,0.442,0.001,0.557
775000,0.468,0.005,0.527
775500,0.420,0.000,0.580
776000,0.427,0.000,0.573
776500,0.460,0.003,0.537
777000,0.439,0.006,0.555
777500,0.448,0.003,0.549
778000,0.493,0.001,0.506
778500,0.417,0.000,0.583
779000,0.400,0.000,0.600
779500,0.421,0.010,0.569
780000,0.388,0.003,0.609
780500,0.407,0.003,0.590
781000,0.372,0.000,0.628
781500,0.393,0.005,0.602
782000,0.450,0.011,0.539
782500,0.450,0.001,0.549
783000,0.401,0.007,0.592
783500,0.468,0.000,0.532
784000,0.445,0.000,0.555
784500,0.417,0.002,0.581
785000,0.396,0.000,0.604
785500,0.409,0.008,0.583
786000,0.398,0.013,0.589
786500,0.359,0.010,0.631
787000,0.342,0.019,0.639
787500,0.433,0.002,0.565
788000,0.462,0.008,0.530
788500,0.498,0.002,0.500
789000,0.408,0.008,0.584
789500,0.369,0.007,0.624
790000,0.372,0.016,0.612
790500,0.291,0.017,0.692
791000,0.308,0.027,0.665
791500,0.348,0.015,0.637
792000,0.329,0.014,0.657
792500,0.425,0.003,0.572
793000,0.356,0.002,0.642
793500,0.363,0.007,0.630
794000,0.352,0.002,0.646
794500,0.352,0.006,0.642
795000,0.330,0.002,0.668
795500,0.337,0.017,0.646
796000,0.320,0.001,0.679
796500,0.293,0.024,0.683
797000,0.326,0.033,0.641
797500,0.325,0.014,0.661
798000,0.338,0.010,0.652
798500,0.348,0.011,0.641
799000,0.321,0.023,0.656
799500,0.393,0.020,0.587
800000,0.400,0.005,0.595
800500,0.384,0.005,0.611
801000,0.377,0.006,0.617
801500,0.352,0.005,0.643
802000,0.373,0.017,0.610
802500,0.323,0.017,0.660
803000,0.381,0.010,0.609
803500,0.406,0.012,0.582
