time,n_A+p,n_B,n_AB
100,0.369,0.476,0.155
200,0.322,0.430,0.247
300,0.296,0.377,0.328
400,0.257,0.341,0.402
500,0.251,0.332,0.417
600,0.240,0.308,0.451
700,0.226,0.269,0.505
800,0.211,0.255,0.534
900,0.216,0.227,0.557
1000,0.190,0.229,0.581
1100,0.187,0.229,0.584
1200,0.165,0.225,0.610
1300,0.160,0.201,0.639
1400,0.169,0.194,0.637
1500,0.158,0.179,0.663
1600,0.155,0.181,0.664
1700,0.161,0.182,0.658
1800,0.155,0.185,0.661
1900,0.146,0.187,0.667
2000,0.138,0.183,0.679
2100,0.137,0.170,0.693
2200,0.126,0.176,0.698
2300,0.124,0.158,0.718
2400,0.109,0.161,0.731
2500,0.098,0.152,0.750
2600,0.105,0.161,0.735
2700,0.102,0.171,0.726
2800,0.100,0.161,0.739
2900,0.101,0.150,0.749
3000,0.091,0.150,0.758
3100,0.091,0.134,0.775
3200,0.120,0.127,0.753
3300,0.114,0.122,0.765
3400,0.114,0.120,0.766
3500,0.136,0.125,0.739
3600,0.117,0.104,0.779
3700,0.124,0.098,0.778
3800,0.126,0.096,0.778
3900,0.132,0.097,0.771
4000,0.118,0.098,0.785
4100,0.109,0.090,0.801
4200,0.125,0.089,0.786
4300,0.146,0.087,0.767
4400,0.140,0.097,0.763
4500,0.129,0.112,0.758
4600,0.120,0.099,0.781
4700,0.128,0.088,0.784
4800,0.115,0.104,0.782
4900,0.122,0.102,0.776
5000,0.118,0.090,0.792
5100,0.134,0.081,0.785
5200,0.121,0.087,0.792
5300,0.126,0.091,0.783
5400,0.127,0.082,0.790
5500,0.121,0.073,0.806
5600,0.118,0.075,0.808
5700,0.114,0.072,0.815
5800,0.102,0.076,0.822
5900,0.093,0.090,0.817
6000,0.095,0.109,0.796
6100,0.088,0.111,0.802
6200,0.087,0.108,0.805
6300,0.077,0.111,0.811
6400,0.083,0.100,0.817
6500,0.094,0.101,0.805
6600,0.090,0.101,0.810
6700,0.078,0.087,0.835
6800,0.119,0.077,0.804
6900,0.115,0.075,0.810
7000,0.118,0.084,0.798
7100,0.100,0.075,0.826
7200,0.094,0.078,0.828
7300,0.109,0.083,0.807
7400,0.101,0.084,0.815
7500,0.112,0.075,0.813
7600,0.118,0.063,0.820
7700,0.102,0.072,0.825
7800,0.108,0.074,0.818
7900,0.098,0.082,0.820
8000,0.097,0.072,0.831
8100,0.106,0.068,0.827
8200,0.097,0.067,0.836
8300,0.090,0.062,0.848
8400,0.114,0.058,0.828
8500,0.101,0.061,0.839
8600,0.090,0.069,0.841
8700,0.087,0.067,0.846
8800,0.080,0.070,0.850
8900,0.080,0.097,0.824
9000,0.083,0.084,0.833
9100,0.089,0.086,0.825
9200,0.079,0.087,0.835
9300,0.093,0.085,0.822
9400,0.077,0.094,0.829
9500,0.087,0.084,0.829
9600,0.087,0.075,0.838
9700,0.091,0.073,0.836
9800,0.102,0.090,0.808
9900,0.095,0.079,0.826
10000,0.080,0.084,0.836
10100,0.068,0.083,0.849
10200,0.065,0.073,0.863
10300,0.064,0.088,0.847
10400,0.066,0.098,0.836
10500,0.054,0.091,0.856
10600,0.049,0.093,0.858
10700,0.055,0.091,0.854
10800,0.052,0.102,0.846
10900,0.080,0.093,0.828
11000,0.072,0.086,0.842
11100,0.087,0.084,0.829
11200,0.091,0.080,0.829
11300,0.096,0.068,0.836
11400,0.099,0.071,0.830
11500,0.088,0.077,0.835
11600,0.082,0.073,0.845
11700,0.075,0.065,0.860
11800,0.097,0.071,0.832
11900,0.098,0.070,0.832
12000,0.095,0.084,0.820
12100,0.083,0.086,0.831
12200,0.101,0.079,0.820
12300,0.088,0.080,0.832
12400,0.087,0.067,0.846
12500,0.080,0.070,0.849
12600,0.069,0.087,0.844
12700,0.078,0.077,0.845
12800,0.092,0.079,0.829
12900,0.119,0.071,0.810
13000,0.107,0.096,0.797
13100,0.104,0.107,0.790
13200,0.093,0.096,0.811
13300,0.104,0.088,0.808
13400,0.087,0.085,0.828
13500,0.100,0.075,0.825
13600,0.102,0.089,0.808
13700,0.087,0.076,0.837
13800,0.086,0.079,0.835
13900,0.087,0.093,0.820
14000,0.085,0.088,0.827
14100,0.075,0.102,0.823
14200,0.091,0.109,0.800
14300,0.081,0.113,0.806
14400,0.071,0.110,0.819
14500,0.069,0.128,0.803
14600,0.061,0.123,0.815
14700,0.067,0.133,0.800
14800,0.056,0.122,0.822
14900,0.073,0.122,0.805
15000,0.058,0.133,0.810
15100,0.068,0.123,0.808
15200,0.077,0.128,0.795
15300,0.072,0.122,0.806
15400,0.077,0.115,0.808
15500,0.071,0.114,0.815
15600,0.066,0.104,0.829
15700,0.072,0.093,0.835
15800,0.079,0.091,0.830
15900,0.078,0.081,0.841
16000,0.070,0.093,0.836
16100,0.078,0.083,0.839
16200,0.068,0.086,0.846
16300,0.069,0.098,0.832
16400,0.066,0.096,0.838
16500,0.077,0.094,0.828
16600,0.096,0.081,0.823
16700,0.078,0.077,0.845
16800,0.077,0.080,0.843
16900,0.075,0.080,0.845
17000,0.071,0.080,0.849
17100,0.062,0.091,0.846
17200,0.062,0.101,0.837
17300,0.056,0.105,0.839
17400,0.064,0.097,0.839
17500,0.079,0.083,0.838
17600,0.069,0.120,0.811
17700,0.062,0.111,0.827
17800,0.065,0.100,0.835
17900,0.060,0.103,0.837
18000,0.072,0.093,0.835
18100,0.075,0.097,0.829
18200,0.058,0.071,0.871
18300,0.080,0.068,0.853
18400,0.074,0.068,0.859
18500,0.066,0.066,0.868
18600,0.059,0.055,0.885
18700,0.069,0.078,0.853
18800,0.072,0.084,0.844
18900,0.066,0.098,0.836
19000,0.062,0.102,0.835
19100,0.062,0.090,0.849
19200,0.055,0.086,0.859
19300,0.066,0.090,0.845
19400,0.065,0.081,0.853
19500,0.061,0.098,0.842
19600,0.054,0.088,0.857
19700,0.063,0.094,0.842
19800,0.064,0.101,0.835
19900,0.077,0.085,0.838
20000,0.075,0.116,0.810
20100,0.069,0.106,0.825
20200,0.057,0.100,0.843
20300,0.054,0.112,0.834
20400,0.054,0.111,0.836
20500,0.056,0.097,0.847
20600,0.058,0.090,0.852
20700,0.069,0.080,0.852
20800,0.070,0.075,0.856
20900,0.073,0.084,0.843
21000,0.062,0.074,0.864
21100,0.055,0.077,0.868
21200,0.069,0.083,0.849
21300,0.090,0.076,0.835
21400,0.103,0.075,0.822
21500,0.095,0.066,0.839
21600,0.093,0.064,0.843
21700,0.092,0.075,0.834
21800,0.087,0.085,0.828
21900,0.080,0.073,0.847
22000,0.086,0.090,0.825
22100,0.084,0.097,0.819
22200,0.078,0.108,0.814
22300,0.081,0.101,0.817
22400,0.074,0.096,0.830
22500,0.073,0.115,0.812
22600,0.068,0.108,0.824
22700,0.067,0.108,0.825
22800,0.065,0.100,0.835
22900,0.075,0.102,0.823
23000,0.059,0.101,0.841
23100,0.073,0.113,0.814
23200,0.060,0.118,0.822
23300,0.054,0.114,0.832
23400,0.062,0.108,0.830
23500,0.059,0.099,0.842
23600,0.062,0.107,0.831
23700,0.069,0.107,0.825
23800,0.069,0.100,0.831
23900,0.070,0.094,0.836
24000,0.077,0.096,0.827
24100,0.081,0.091,0.828
24200,0.069,0.095,0.836
24300,0.069,0.105,0.826
24400,0.071,0.093,0.836
24500,0.077,0.090,0.834
24600,0.076,0.087,0.837
24700,0.065,0.082,0.853
24800,0.061,0.082,0.857
24900,0.052,0.093,0.855
25000,0.049,0.087,0.864
25100,0.055,0.084,0.860
25200,0.059,0.072,0.868
25300,0.049,0.090,0.860
25400,0.047,0.102,0.851
25500,0.055,0.089,0.856
25600,0.048,0.086,0.866
25700,0.042,0.079,0.878
25800,0.054,0.076,0.870
25900,0.057,0.072,0.871
26000,0.054,0.081,0.865
26100,0.052,0.079,0.868
26200,0.053,0.086,0.861
26300,0.049,0.094,0.856
26400,0.050,0.098,0.852
26500,0.063,0.087,0.850
26600,0.059,0.094,0.847
26700,0.064,0.093,0.843
26800,0.051,0.111,0.838
26900,0.056,0.116,0.828
27000,0.056,0.111,0.832
27100,0.059,0.107,0.834
27200,0.072,0.108,0.820
27300,0.080,0.098,0.822
27400,0.070,0.114,0.816
27500,0.070,0.110,0.820
27600,0.070,0.112,0.817
27700,0.061,0.123,0.816
27800,0.052,0.133,0.815
27900,0.061,0.126,0.813
28000,0.069,0.109,0.822
28100,0.065,0.100,0.835
28200,0.050,0.095,0.854
28300,0.056,0.115,0.828
28400,0.074,0.100,0.827
28500,0.081,0.093,0.827
28600,0.097,0.094,0.809
28700,0.095,0.090,0.814
28800,0.084,0.108,0.807
28900,0.080,0.094,0.825
29000,0.062,0.090,0.849
29100,0.060,0.077,0.863
29200,0.054,0.087,0.859
29300,0.053,0.123,0.824
29400,0.059,0.109,0.832
29500,0.066,0.108,0.827
29600,0.073,0.120,0.807
29700,0.073,0.108,0.818
29800,0.065,0.103,0.832
29900,0.058,0.095,0.847
30000,0.064,0.102,0.834
30100,0.068,0.088,0.844
30200,0.053,0.080,0.867
30300,0.042,0.077,0.881
30400,0.042,0.080,0.878
30500,0.041,0.083,0.876
30600,0.041,0.083,0.876
30700,0.040,0.083,0.877
30800,0.049,0.070,0.881
30900,0.050,0.084,0.866
31000,0.047,0.091,0.862
31100,0.054,0.098,0.848
31200,0.070,0.104,0.825
31300,0.091,0.095,0.814
31400,0.112,0.084,0.803
31500,0.098,0.094,0.808
31600,0.093,0.086,0.822
31700,0.112,0.073,0.815
31800,0.122,0.065,0.813
31900,0.105,0.073,0.822
32000,0.106,0.074,0.820
32100,0.105,0.065,0.830
32200,0.090,0.056,0.854
32300,0.079,0.063,0.857
32400,0.093,0.055,0.852
32500,0.084,0.058,0.857
32600,0.086,0.068,0.846
32700,0.098,0.074,0.828
32800,0.095,0.075,0.831
32900,0.086,0.063,0.851
33000,0.075,0.058,0.867
33100,0.098,0.059,0.842
33200,0.095,0.059,0.846
33300,0.083,0.114,0.804
33400,0.069,0.114,0.817
33500,0.084,0.105,0.811
33600,0.069,0.098,0.832
33700,0.066,0.139,0.795
33800,0.051,0.158,0.791
33900,0.048,0.150,0.802
34000,0.071,0.132,0.797
34100,0.058,0.112,0.829
34200,0.066,0.101,0.832
34300,0.081,0.110,0.808
34400,0.065,0.109,0.826
34500,0.058,0.108,0.834
34600,0.046,0.106,0.848
34700,0.042,0.098,0.860
34800,0.042,0.106,0.852
34900,0.041,0.098,0.861
35000,0.064,0.084,0.852
35100,0.063,0.088,0.849
35200,0.065,0.087,0.848
35300,0.063,0.084,0.853
35400,0.067,0.078,0.855
35500,0.072,0.078,0.850
35600,0.068,0.069,0.864
35700,0.064,0.084,0.852
35800,0.062,0.076,0.861
35900,0.073,0.077,0.850
36000,0.068,0.065,0.867
36100,0.084,0.083,0.832
36200,0.081,0.081,0.838
36300,0.072,0.102,0.827
36400,0.058,0.097,0.845
36500,0.049,0.101,0.850
36600,0.047,0.091,0.861
36700,0.056,0.114,0.830
36800,0.053,0.114,0.834
36900,0.045,0.101,0.854
37000,0.039,0.098,0.863
37100,0.043,0.083,0.874
37200,0.046,0.084,0.870
37300,0.042,0.078,0.880
37400,0.037,0.075,0.888
37500,0.051,0.068,0.881
37600,0.045,0.076,0.878
37700,0.055,0.072,0.874
37800,0.065,0.075,0.860
37900,0.055,0.083,0.862
38000,0.062,0.073,0.865
38100,0.077,0.070,0.853
38200,0.068,0.072,0.860
38300,0.080,0.096,0.824
38400,0.080,0.094,0.826
38500,0.071,0.076,0.853
38600,0.063,0.068,0.868
38700,0.058,0.061,0.881
38800,0.053,0.075,0.872
38900,0.053,0.079,0.868
39000,0.051,0.097,0.852
39100,0.045,0.094,0.861
39200,0.044,0.077,0.878
39300,0.040,0.107,0.853
39400,0.050,0.087,0.863
39500,0.056,0.100,0.844
39600,0.044,0.098,0.859
39700,0.064,0.079,0.857
39800,0.090,0.100,0.810
39900,0.070,0.087,0.843
40000,0.075,0.081,0.843
40100,0.077,0.084,0.839
40200,0.066,0.083,0.852
40300,0.083,0.075,0.843
40400,0.095,0.078,0.827
40500,0.083,0.080,0.836
40600,0.073,0.088,0.839
40700,0.079,0.087,0.834
40800,0.090,0.095,0.814
40900,0.087,0.082,0.831
41000,0.095,0.079,0.826
41100,0.103,0.071,0.826
41200,0.094,0.063,0.843
41300,0.091,0.055,0.853
41400,0.095,0.051,0.854
41500,0.102,0.056,0.842
41600,0.081,0.058,0.860
41700,0.089,0.075,0.836
41800,0.079,0.076,0.845
41900,0.073,0.067,0.860
42000,0.070,0.057,0.873
42100,0.067,0.073,0.860
42200,0.068,0.075,0.858
42300,0.062,0.074,0.864
42400,0.066,0.086,0.849
42500,0.058,0.091,0.851
42600,0.051,0.087,0.861
42700,0.063,0.090,0.847
42800,0.072,0.084,0.843
42900,0.090,0.090,0.820
43000,0.098,0.079,0.824
43100,0.079,0.072,0.849
43200,0.088,0.066,0.846
43300,0.088,0.063,0.848
43400,0.093,0.064,0.843
43500,0.100,0.098,0.802
43600,0.116,0.088,0.796
43700,0.104,0.083,0.813
43800,0.090,0.083,0.827
43900,0.084,0.086,0.831
44000,0.088,0.079,0.832
44100,0.079,0.102,0.818
44200,0.071,0.098,0.831
44300,0.064,0.084,0.852
44400,0.060,0.118,0.822
44500,0.056,0.118,0.825
44600,0.065,0.122,0.813
44700,0.063,0.126,0.811
44800,0.052,0.109,0.839
44900,0.049,0.116,0.834
45000,0.053,0.123,0.824
45100,0.054,0.108,0.838
45200,0.051,0.129,0.820
45300,0.063,0.134,0.803
45400,0.062,0.132,0.806
45500,0.075,0.110,0.815
45600,0.061,0.119,0.820
45700,0.053,0.111,0.836
45800,0.043,0.106,0.851
45900,0.075,0.100,0.825
46000,0.072,0.104,0.825
46100,0.072,0.107,0.821
46200,0.062,0.099,0.839
46300,0.066,0.089,0.845
46400,0.080,0.090,0.831
46500,0.070,0.082,0.848
46600,0.084,0.093,0.822
46700,0.081,0.091,0.827
46800,0.095,0.083,0.822
46900,0.091,0.081,0.827
47000,0.083,0.080,0.838
47100,0.075,0.095,0.830
47200,0.091,0.081,0.828
47300,0.085,0.080,0.835
47400,0.093,0.069,0.838
47500,0.095,0.090,0.815
47600,0.100,0.091,0.809
47700,0.100,0.097,0.804
47800,0.091,0.090,0.819
47900,0.084,0.100,0.816
48000,0.073,0.101,0.827
48100,0.062,0.090,0.848
48200,0.064,0.105,0.831
48300,0.056,0.130,0.814
48400,0.066,0.122,0.813
48500,0.077,0.105,0.817
48600,0.075,0.086,0.840
48700,0.067,0.088,0.845
48800,0.064,0.102,0.834
48900,0.069,0.096,0.835
49000,0.066,0.083,0.852
49100,0.075,0.091,0.834
49200,0.067,0.090,0.843
49300,0.055,0.083,0.862
49400,0.047,0.076,0.877
49500,0.039,0.089,0.872
49600,0.040,0.095,0.865
49700,0.036,0.085,0.880
49800,0.072,0.084,0.844
49900,0.069,0.102,0.829
50000,0.060,0.097,0.843
50100,0.075,0.098,0.827
50200,0.063,0.105,0.832
50300,0.053,0.111,0.836
50400,0.044,0.136,0.820
50500,0.071,0.146,0.783
50600,0.062,0.133,0.806
50700,0.057,0.143,0.800
50800,0.065,0.129,0.806
50900,0.058,0.141,0.801
51000,0.053,0.125,0.822
51100,0.072,0.120,0.808
51200,0.071,0.111,0.818
51300,0.053,0.111,0.836
51400,0.048,0.111,0.841
51500,0.045,0.140,0.815
51600,0.041,0.123,0.836
51700,0.035,0.118,0.847
51800,0.036,0.134,0.829
51900,0.034,0.135,0.831
52000,0.031,0.132,0.837
52100,0.044,0.139,0.817
52200,0.046,0.130,0.824
52300,0.052,0.110,0.838
52400,0.061,0.104,0.835
52500,0.056,0.109,0.835
52600,0.049,0.101,0.850
52700,0.051,0.102,0.847
52800,0.064,0.106,0.830
52900,0.062,0.126,0.811
53000,0.057,0.120,0.823
53100,0.050,0.125,0.825
53200,0.046,0.137,0.817
53300,0.065,0.120,0.815
53400,0.079,0.118,0.803
53500,0.090,0.101,0.809
53600,0.076,0.101,0.824
53700,0.080,0.101,0.819
53800,0.079,0.094,0.827
53900,0.069,0.097,0.834
54000,0.058,0.107,0.836
54100,0.053,0.102,0.845
54200,0.047,0.101,0.852
54300,0.047,0.095,0.857
54400,0.047,0.095,0.858
54500,0.045,0.090,0.864
54600,0.048,0.098,0.854
54700,0.059,0.131,0.810
54800,0.050,0.136,0.814
54900,0.041,0.118,0.841
55000,0.040,0.109,0.851
55100,0.069,0.093,0.839
55200,0.055,0.117,0.828
55300,0.072,0.104,0.824
55400,0.076,0.123,0.801
55500,0.090,0.116,0.794
55600,0.080,0.104,0.816
55700,0.076,0.092,0.832
55800,0.068,0.095,0.837
55900,0.088,0.109,0.803
56000,0.083,0.109,0.808
56100,0.068,0.116,0.816
56200,0.063,0.123,0.813
56300,0.072,0.114,0.815
56400,0.063,0.126,0.811
56500,0.072,0.124,0.804
56600,0.061,0.126,0.813
56700,0.079,0.129,0.792
56800,0.068,0.126,0.806
56900,0.072,0.111,0.817
57000,0.066,0.100,0.834
57100,0.058,0.093,0.849
57200,0.060,0.109,0.831
57300,0.060,0.099,0.841
57400,0.052,0.091,0.857
57500,0.045,0.080,0.875
57600,0.048,0.071,0.881
57700,0.075,0.063,0.862
57800,0.072,0.063,0.864
57900,0.081,0.070,0.849
58000,0.074,0.088,0.838
58100,0.074,0.084,0.842
58200,0.094,0.075,0.831
58300,0.081,0.077,0.842
58400,0.093,0.073,0.834
58500,0.101,0.080,0.819
58600,0.100,0.092,0.808
58700,0.076,0.090,0.834
58800,0.062,0.077,0.860
58900,0.069,0.085,0.846
59000,0.088,0.076,0.835
59100,0.083,0.094,0.822
59200,0.086,0.101,0.813
59300,0.082,0.089,0.829
59400,0.073,0.084,0.843
59500,0.067,0.087,0.846
59600,0.076,0.073,0.852
59700,0.086,0.078,0.836
59800,0.073,0.087,0.840
59900,0.070,0.099,0.831
60000,0.069,0.077,0.854
60100,0.075,0.071,0.854
60200,0.087,0.058,0.855
60300,0.081,0.055,0.864
60400,0.087,0.060,0.853
60500,0.086,0.094,0.820
60600,0.094,0.087,0.819
60700,0.099,0.081,0.820
60800,0.091,0.065,0.843
60900,0.097,0.068,0.836
61000,0.094,0.080,0.827
61100,0.099,0.076,0.825
61200,0.087,0.092,0.821
61300,0.083,0.083,0.834
61400,0.079,0.090,0.832
61500,0.064,0.089,0.847
61600,0.061,0.095,0.845
61700,0.061,0.109,0.831
61800,0.055,0.097,0.848
61900,0.050,0.096,0.854
62000,0.050,0.099,0.851
62100,0.062,0.093,0.845
62200,0.060,0.108,0.832
62300,0.052,0.125,0.822
62400,0.046,0.116,0.838
62500,0.036,0.126,0.838
62600,0.036,0.116,0.849
62700,0.064,0.104,0.832
62800,0.082,0.101,0.817
62900,0.076,0.089,0.835
63000,0.072,0.094,0.835
63100,0.099,0.080,0.821
63200,0.094,0.081,0.825
63300,0.074,0.079,0.847
63400,0.083,0.079,0.839
63500,0.077,0.070,0.852
63600,0.079,0.085,0.836
63700,0.070,0.113,0.817
63800,0.072,0.100,0.829
63900,0.066,0.092,0.842
64000,0.058,0.101,0.841
64100,0.056,0.105,0.839
64200,0.060,0.094,0.846
64300,0.066,0.099,0.835
64400,0.062,0.083,0.855
64500,0.084,0.072,0.845
64600,0.069,0.080,0.851
64700,0.066,0.065,0.869
64800,0.079,0.061,0.860
64900,0.075,0.057,0.868
65000,0.065,0.056,0.879
65100,0.058,0.066,0.877
65200,0.055,0.079,0.866
65300,0.062,0.073,0.865
65400,0.057,0.061,0.882
65500,0.072,0.069,0.859
65600,0.065,0.061,0.874
65700,0.079,0.054,0.868
65800,0.068,0.062,0.871
65900,0.075,0.061,0.865
66000,0.068,0.075,0.858
66100,0.071,0.083,0.846
66200,0.070,0.069,0.861
66300,0.065,0.062,0.873
66400,0.079,0.054,0.867
66500,0.083,0.048,0.868
66600,0.096,0.060,0.844
66700,0.084,0.047,0.870
66800,0.076,0.046,0.878
66900,0.097,0.041,0.862
67000,0.090,0.052,0.857
67100,0.072,0.062,0.866
67200,0.066,0.059,0.875
67300,0.076,0.063,0.861
67400,0.065,0.061,0.875
67500,0.065,0.069,0.867
67600,0.070,0.080,0.850
67700,0.065,0.079,0.857
67800,0.068,0.072,0.861
67900,0.061,0.079,0.860
68000,0.068,0.072,0.860
68100,0.059,0.073,0.868
68200,0.080,0.063,0.857
68300,0.096,0.060,0.844
68400,0.091,0.064,0.845
68500,0.087,0.063,0.849
68600,0.086,0.063,0.851
68700,0.074,0.056,0.870
68800,0.095,0.050,0.854
68900,0.087,0.060,0.853
69000,0.091,0.057,0.852
69100,0.080,0.067,0.853
69200,0.070,0.061,0.870
69300,0.079,0.056,0.865
69400,0.062,0.066,0.873
69500,0.052,0.077,0.870
69600,0.070,0.066,0.864
69700,0.065,0.067,0.868
69800,0.065,0.055,0.880
69900,0.058,0.058,0.885
70000,0.084,0.055,0.860
70100,0.072,0.059,0.870
70200,0.087,0.075,0.838
70300,0.075,0.066,0.859
70400,0.073,0.072,0.856
70500,0.074,0.063,0.863
70600,0.067,0.062,0.871
70700,0.075,0.072,0.854
70800,0.073,0.064,0.863
70900,0.066,0.065,0.868
71000,0.074,0.065,0.861
71100,0.063,0.062,0.875
71200,0.057,0.057,0.886
71300,0.066,0.044,0.889
71400,0.064,0.049,0.886
71500,0.056,0.054,0.889
71600,0.046,0.048,0.906
71700,0.066,0.039,0.895
71800,0.078,0.045,0.877
71900,0.088,0.049,0.862
72000,0.090,0.054,0.856
72100,0.094,0.067,0.839
72200,0.080,0.087,0.833
72300,0.077,0.081,0.842
72400,0.079,0.087,0.835
72500,0.072,0.115,0.813
72600,0.091,0.094,0.815
72700,0.079,0.089,0.832
72800,0.076,0.081,0.843
72900,0.088,0.083,0.829
73000,0.087,0.069,0.843
73100,0.084,0.080,0.836
73200,0.100,0.072,0.829
73300,0.090,0.065,0.845
73400,0.084,0.059,0.857
73500,0.102,0.052,0.846
73600,0.091,0.044,0.865
73700,0.090,0.045,0.865
73800,0.117,0.045,0.838
73900,0.134,0.051,0.815
74000,0.143,0.046,0.811
74100,0.122,0.065,0.813
74200,0.118,0.058,0.824
74300,0.115,0.067,0.818
74400,0.120,0.059,0.821
74500,0.114,0.086,0.800
74600,0.111,0.075,0.814
74700,0.132,0.075,0.793
74800,0.115,0.072,0.813
74900,0.116,0.068,0.817
75000,0.105,0.075,0.820
75100,0.100,0.070,0.829
75200,0.096,0.069,0.835
75300,0.086,0.071,0.843
75400,0.095,0.063,0.842
75500,0.094,0.051,0.856
75600,0.101,0.047,0.852
75700,0.086,0.054,0.860
75800,0.085,0.061,0.854
75900,0.090,0.045,0.866
76000,0.079,0.045,0.876
76100,0.076,0.047,0.877
76200,0.083,0.054,0.863
76300,0.072,0.051,0.877
76400,0.077,0.055,0.868
76500,0.076,0.049,0.875
76600,0.062,0.047,0.891
76700,0.065,0.047,0.888
76800,0.061,0.076,0.863
76900,0.052,0.081,0.866
77000,0.069,0.071,0.860
77100,0.059,0.062,0.879
77200,0.062,0.065,0.873
77300,0.052,0.081,0.866
77400,0.055,0.096,0.849
77500,0.068,0.070,0.862
77600,0.063,0.101,0.836
77700,0.082,0.094,0.824
77800,0.084,0.088,0.828
77900,0.080,0.079,0.841
78000,0.071,0.083,0.846
78100,0.064,0.092,0.844
78200,0.068,0.098,0.834
78300,0.063,0.093,0.843
78400,0.063,0.083,0.853
78500,0.073,0.095,0.832
78600,0.067,0.108,0.825
78700,0.081,0.109,0.810
78800,0.076,0.110,0.814
78900,0.088,0.100,0.811
79000,0.086,0.093,0.822
79100,0.084,0.074,0.842
79200,0.070,0.067,0.863
79300,0.075,0.082,0.843
79400,0.078,0.081,0.841
79500,0.075,0.103,0.822
79600,0.073,0.112,0.815
79700,0.074,0.101,0.825
79800,0.072,0.094,0.834
79900,0.072,0.098,0.831
80000,0.066,0.093,0.841
80100,0.074,0.094,0.832
80200,0.065,0.094,0.841
80300,0.063,0.087,0.850
80400,0.090,0.087,0.823
80500,0.075,0.115,0.810
80600,0.094,0.102,0.804
80700,0.089,0.105,0.806
80800,0.097,0.109,0.794
80900,0.091,0.091,0.818
81000,0.077,0.093,0.830
81100,0.072,0.106,0.822
81200,0.066,0.092,0.842
81300,0.075,0.102,0.824
81400,0.081,0.090,0.829
81500,0.071,0.082,0.847
81600,0.076,0.091,0.832
81700,0.090,0.107,0.803
81800,0.079,0.114,0.807
81900,0.076,0.109,0.814
82000,0.081,0.118,0.801
82100,0.080,0.115,0.805
82200,0.093,0.099,0.808
82300,0.075,0.105,0.821
82400,0.068,0.104,0.829
82500,0.086,0.109,0.805
82600,0.070,0.111,0.820
82700,0.084,0.104,0.811
82800,0.078,0.116,0.806
82900,0.068,0.129,0.803
83000,0.069,0.123,0.808
83100,0.089,0.115,0.796
83200,0.102,0.095,0.803
83300,0.097,0.091,0.811
83400,0.093,0.112,0.796
83500,0.100,0.110,0.790
83600,0.112,0.104,0.784
83700,0.106,0.102,0.792
83800,0.105,0.107,0.789
83900,0.115,0.114,0.771
84000,0.112,0.116,0.772
84100,0.109,0.118,0.774
84200,0.092,0.148,0.760
84300,0.083,0.140,0.778
84400,0.092,0.136,0.772
84500,0.083,0.112,0.804
84600,0.095,0.107,0.798
84700,0.082,0.104,0.814
84800,0.072,0.112,0.816
84900,0.076,0.106,0.818
85000,0.084,0.106,0.810
85100,0.080,0.098,0.822
85200,0.081,0.092,0.827
85300,0.104,0.087,0.809
85400,0.093,0.083,0.824
85500,0.114,0.094,0.792
85600,0.102,0.108,0.789
85700,0.093,0.104,0.803
85800,0.090,0.105,0.804
85900,0.081,0.091,0.828
86000,0.080,0.090,0.830
86100,0.073,0.083,0.845
86200,0.061,0.081,0.857
86300,0.051,0.077,0.871
86400,0.058,0.086,0.856
86500,0.061,0.092,0.847
86600,0.051,0.093,0.856
86700,0.048,0.108,0.844
86800,0.048,0.123,0.829
86900,0.044,0.132,0.824
87000,0.046,0.148,0.806
87100,0.043,0.130,0.827
87200,0.046,0.115,0.839
87300,0.045,0.097,0.858
87400,0.044,0.088,0.868
87500,0.065,0.076,0.860
87600,0.068,0.076,0.857
87700,0.062,0.073,0.865
87800,0.056,0.076,0.868
87900,0.065,0.075,0.860
88000,0.058,0.065,0.877
88100,0.080,0.062,0.859
88200,0.081,0.085,0.834
88300,0.084,0.083,0.832
88400,0.074,0.101,0.825
88500,0.090,0.094,0.816
88600,0.091,0.095,0.814
88700,0.092,0.089,0.819
88800,0.080,0.079,0.841
88900,0.090,0.088,0.822
89000,0.087,0.084,0.828
89100,0.073,0.075,0.852
89200,0.068,0.068,0.864
89300,0.075,0.059,0.866
89400,0.080,0.082,0.838
89500,0.083,0.082,0.835
89600,0.102,0.087,0.811
89700,0.090,0.081,0.829
89800,0.083,0.085,0.832
89900,0.076,0.076,0.849
90000,0.063,0.066,0.871
90100,0.072,0.061,0.867
90200,0.080,0.061,0.859
90300,0.073,0.061,0.866
90400,0.094,0.084,0.822
90500,0.085,0.097,0.818
90600,0.091,0.097,0.813
90700,0.096,0.098,0.806
90800,0.114,0.097,0.789
90900,0.107,0.083,0.811
91000,0.111,0.079,0.810
91100,0.105,0.069,0.825
91200,0.102,0.077,0.821
91300,0.087,0.080,0.833
91400,0.083,0.088,0.829
91500,0.074,0.091,0.835
91600,0.105,0.097,0.797
91700,0.093,0.104,0.804
91800,0.090,0.107,0.804
91900,0.089,0.102,0.809
92000,0.094,0.105,0.800
92100,0.080,0.087,0.833
92200,0.074,0.121,0.805
92300,0.077,0.108,0.815
92400,0.080,0.102,0.818
92500,0.070,0.087,0.843
92600,0.061,0.086,0.853
92700,0.069,0.082,0.849
92800,0.072,0.073,0.856
92900,0.072,0.078,0.850
93000,0.061,0.073,0.867
93100,0.078,0.070,0.852
93200,0.069,0.078,0.853
93300,0.068,0.077,0.855
93400,0.067,0.069,0.864
93500,0.056,0.077,0.866
93600,0.064,0.068,0.868
93700,0.071,0.069,0.860
93800,0.060,0.095,0.845
93900,0.055,0.087,0.859
94000,0.058,0.087,0.854
94100,0.068,0.112,0.820
94200,0.059,0.095,0.845
94300,0.059,0.096,0.845
94400,0.051,0.086,0.863
94500,0.055,0.076,0.869
94600,0.059,0.075,0.866
94700,0.054,0.067,0.879
94800,0.047,0.055,0.898
94900,0.044,0.054,0.903
95000,0.051,0.050,0.899
95100,0.042,0.050,0.907
95200,0.045,0.069,0.886
95300,0.049,0.073,0.878
95400,0.059,0.075,0.866
95500,0.076,0.077,0.846
95600,0.072,0.086,0.843
95700,0.066,0.083,0.851
95800,0.063,0.069,0.867
95900,0.056,0.069,0.874
96000,0.061,0.059,0.880
96100,0.054,0.051,0.895
96200,0.063,0.045,0.892
96300,0.067,0.076,0.857
96400,0.055,0.075,0.870
96500,0.066,0.075,0.860
96600,0.070,0.079,0.850
96700,0.061,0.090,0.849
96800,0.054,0.102,0.845
96900,0.049,0.095,0.855
97000,0.061,0.084,0.856
97100,0.059,0.086,0.856
97200,0.047,0.076,0.877
97300,0.044,0.080,0.875
97400,0.045,0.081,0.874
97500,0.055,0.085,0.860
97600,0.048,0.090,0.862
97700,0.040,0.096,0.864
97800,0.037,0.078,0.885
97900,0.059,0.068,0.873
98000,0.055,0.084,0.860
98100,0.050,0.079,0.871
98200,0.049,0.080,0.870
98300,0.054,0.091,0.856
98400,0.079,0.077,0.843
98500,0.076,0.073,0.852
98600,0.063,0.087,0.849
98700,0.077,0.077,0.846
98800,0.079,0.070,0.850
98900,0.083,0.057,0.860
99000,0.071,0.058,0.871
99100,0.074,0.060,0.866
99200,0.074,0.059,0.867
99300,0.065,0.061,0.874
99400,0.062,0.077,0.861
99500,0.065,0.072,0.863
99600,0.051,0.080,0.868
99700,0.051,0.075,0.874
99800,0.044,0.069,0.887
99900,0.047,0.076,0.877
100000,0.044,0.070,0.886
