time,n_A+p,n_B,n_AB
100,0.351,0.512,0.136
200,0.314,0.438,0.248
300,0.322,0.417,0.260
400,0.289,0.397,0.314
500,0.277,0.475,0.248
600,0.289,0.459,0.252
700,0.285,0.421,0.293
800,0.248,0.471,0.281
900,0.248,0.417,0.335
1000,0.248,0.459,0.293
1100,0.302,0.434,0.264
1200,0.306,0.401,0.293
1300,0.318,0.413,0.269
1400,0.326,0.446,0.227
1500,0.252,0.450,0.298
1600,0.236,0.488,0.277
1700,0.240,0.455,0.306
1800,0.231,0.467,0.302
1900,0.256,0.442,0.302
2000,0.281,0.471,0.248
2100,0.244,0.496,0.260
2200,0.198,0.550,0.252
2300,0.231,0.492,0.277
2400,0.289,0.421,0.289
2500,0.285,0.426,0.289
2600,0.289,0.442,0.269
2700,0.281,0.434,0.285
2800,0.269,0.475,0.256
2900,0.215,0.533,0.252
3000,0.207,0.529,0.264
3100,0.236,0.521,0.244
3200,0.178,0.624,0.198
3300,0.190,0.599,0.211
3400,0.161,0.620,0.219
3500,0.190,0.640,0.169
3600,0.215,0.624,0.161
3700,0.202,0.591,0.207
3800,0.190,0.566,0.244
3900,0.157,0.583,0.260
4000,0.157,0.620,0.223
4100,0.149,0.628,0.223
4200,0.140,0.653,0.207
4300,0.145,0.620,0.236
4400,0.178,0.583,0.240
4500,0.136,0.624,0.240
4600,0.107,0.682,0.211
4700,0.107,0.698,0.194
4800,0.091,0.707,0.202
4900,0.087,0.719,0.194
5000,0.128,0.640,0.231
5100,0.091,0.678,0.231
5200,0.079,0.661,0.260
5300,0.087,0.678,0.236
5400,0.074,0.727,0.198
5500,0.045,0.764,0.190
5600,0.008,0.810,0.182
5700,0.029,0.839,0.132
5800,0.008,0.884,0.107
5900,0.000,0.897,0.103
6000,0.000,0.926,0.074
6100,0.017,0.938,0.045
6200,0.017,0.942,0.041
6300,0.017,0.950,0.033
6400,0.004,0.971,0.025
6500,0.008,0.975,0.017
6600,0.000,0.983,0.017
6700,0.000,0.983,0.017
6800,0.000,0.983,0.017
6900,0.000,0.988,0.012
7000,0.000,0.992,0.008
7100,0.000,0.992,0.008
7200,0.000,0.992,0.008
7300,0.000,0.988,0.012
7400,0.000,0.988,0.012
7500,0.000,0.988,0.012
7600,0.000,0.996,0.004
7700,0.000,0.996,0.004
7800,0.000,0.996,0.004
7900,0.000,0.996,0.004
8000,0.000,0.992,0.008
8100,0.000,0.996,0.004
8200,0.000,0.996,0.004
8300,0.000,0.996,0.004
8400,0.000,1.000,0.000
