time,n_A+p,n_B,n_AB
500,0.030,0.206,0.764
1000,0.030,0.273,0.697
1500,0.030,0.189,0.781
2000,0.030,0.194,0.776
2500,0.030,0.323,0.647
3000,0.030,0.134,0.836
3500,0.030,0.408,0.562
4000,0.030,0.198,0.772
4500,0.030,0.346,0.624
5000,0.030,0.310,0.660
5500,0.030,0.205,0.765
6000,0.030,0.441,0.529
6500,0.030,0.245,0.725
7000,0.030,0.311,0.659
7500,0.030,0.278,0.692
8000,0.030,0.353,0.617
8500,0.030,0.225,0.745
9000,0.030,0.228,0.742
9500,0.030,0.323,0.647
10000,0.030,0.314,0.656
10500,0.030,0.203,0.767
11000,0.030,0.438,0.532
11500,0.030,0.335,0.635
12000,0.030,0.351,0.619
12500,0.030,0.299,0.671
13000,0.030,0.260,0.710
13500,0.052,0.076,0.872
14000,0.976,0.000,0.024
14500,1.000,0.000,0.000
