time,n_A+p,n_B,n_AB
500,0.030,0.140,0.830
1000,0.117,0.028,0.855
1500,0.458,0.000,0.542
2000,0.859,0.000,0.141
2500,0.852,0.000,0.148
3000,0.771,0.000,0.229
3500,0.844,0.000,0.156
4000,0.495,0.000,0.505
4500,0.642,0.000,0.358
5000,0.629,0.000,0.371
5500,0.607,0.000,0.393
6000,0.626,0.000,0.374
6500,0.716,0.000,0.284
7000,0.773,0.000,0.227
7500,0.526,0.000,0.474
8000,0.553,0.000,0.447
8500,0.689,0.000,0.311
9000,0.717,0.000,0.283
9500,0.630,0.000,0.370
10000,0.667,0.000,0.333
10500,0.544,0.000,0.456
11000,0.677,0.000,0.323
11500,0.700,0.000,0.300
12000,0.825,0.000,0.175
12500,0.511,0.000,0.489
13000,0.642,0.000,0.358
13500,0.567,0.000,0.433
14000,0.595,0.000,0.405
14500,0.543,0.000,0.457
15000,0.571,0.000,0.429
15500,0.722,0.000,0.278
16000,0.667,0.000,0.333
16500,0.600,0.000,0.400
17000,0.663,0.000,0.337
17500,0.795,0.000,0.205
18000,0.569,0.000,0.431
18500,0.611,0.000,0.389
19000,0.419,0.000,0.581
19500,0.665,0.000,0.335
20000,0.738,0.000,0.262
20500,0.746,0.000,0.254
21000,0.562,0.000,0.438
21500,0.855,0.000,0.145
22000,0.874,0.000,0.126
22500,0.573,0.000,0.427
23000,0.636,0.000,0.364
23500,0.642,0.000,0.358
24000,0.824,0.000,0.176
24500,0.643,0.000,0.357
25000,0.493,0.000,0.507
25500,0.887,0.000,0.113
26000,0.768,0.000,0.232
26500,0.655,0.000,0.345
27000,0.592,0.000,0.408
27500,0.677,0.000,0.323
28000,0.783,0.000,0.217
28500,0.881,0.000,0.119
29000,0.950,0.000,0.050
29500,0.976,0.000,0.024
30000,0.783,0.000,0.217
30500,0.684,0.000,0.316
31000,0.702,0.000,0.298
31500,0.851,0.000,0.149
32000,0.765,0.000,0.235
32500,0.820,0.000,0.180
33000,0.866,0.000,0.134
33500,0.867,0.000,0.133
34000,0.869,0.000,0.131
34500,0.633,0.000,0.367
35000,0.709,0.000,0.291
35500,0.933,0.000,0.067
36000,0.976,0.000,0.024
36500,1.000,0.000,0.000
