time,n_A+p,n_B,n_AB
100,0.030,0.966,0.004
200,0.030,0.961,0.009
300,0.030,0.956,0.014
400,0.030,0.954,0.016
500,0.030,0.953,0.017
600,0.030,0.953,0.017
700,0.030,0.955,0.015
800,0.030,0.955,0.015
900,0.030,0.943,0.027
1000,0.030,0.937,0.033
1100,0.030,0.926,0.044
1200,0.030,0.928,0.042
1300,0.030,0.927,0.043
1400,0.030,0.925,0.045
1500,0.030,0.921,0.049
1600,0.030,0.916,0.054
1700,0.030,0.918,0.052
1800,0.030,0.916,0.054
1900,0.030,0.908,0.062
2000,0.031,0.908,0.061
2100,0.031,0.903,0.066
2200,0.031,0.900,0.069
2300,0.031,0.892,0.077
2400,0.031,0.882,0.087
2500,0.030,0.868,0.102
2600,0.030,0.872,0.098
2700,0.030,0.862,0.108
2800,0.030,0.859,0.111
2900,0.032,0.847,0.121
3000,0.032,0.831,0.137
3100,0.032,0.832,0.136
3200,0.031,0.838,0.131
3300,0.031,0.825,0.144
3400,0.031,0.817,0.152
3500,0.031,0.801,0.168
3600,0.031,0.794,0.175
3700,0.031,0.786,0.183
3800,0.031,0.780,0.189
3900,0.031,0.784,0.185
4000,0.031,0.783,0.186
4100,0.032,0.779,0.189
4200,0.031,0.765,0.204
4300,0.031,0.764,0.205
4400,0.033,0.763,0.204
4500,0.036,0.757,0.207
4600,0.036,0.749,0.215
4700,0.038,0.747,0.215
4800,0.035,0.734,0.231
4900,0.035,0.725,0.240
5000,0.034,0.725,0.241
5100,0.034,0.726,0.240
5200,0.034,0.726,0.240
5300,0.034,0.716,0.250
5400,0.034,0.719,0.247
5500,0.036,0.716,0.248
5600,0.037,0.712,0.251
5700,0.041,0.717,0.242
5800,0.042,0.704,0.254
5900,0.045,0.702,0.253
6000,0.047,0.702,0.251
6100,0.044,0.692,0.264
6200,0.045,0.686,0.269
6300,0.044,0.683,0.273
6400,0.047,0.677,0.276
6500,0.045,0.679,0.276
6600,0.044,0.668,0.288
6700,0.044,0.672,0.284
6800,0.050,0.669,0.281
6900,0.051,0.671,0.278
7000,0.051,0.670,0.279
7100,0.053,0.669,0.278
7200,0.057,0.666,0.277
7300,0.055,0.649,0.296
7400,0.056,0.657,0.287
7500,0.055,0.658,0.287
7600,0.052,0.659,0.289
7700,0.055,0.652,0.293
7800,0.052,0.641,0.307
7900,0.051,0.649,0.300
8000,0.049,0.638,0.313
8100,0.052,0.623,0.325
8200,0.059,0.620,0.321
8300,0.062,0.621,0.317
8400,0.061,0.617,0.322
8500,0.063,0.610,0.327
8600,0.066,0.599,0.335
8700,0.061,0.599,0.340
8800,0.063,0.593,0.344
8900,0.065,0.588,0.347
9000,0.064,0.596,0.340
9100,0.060,0.605,0.335
9200,0.058,0.608,0.334
9300,0.061,0.613,0.326
9400,0.062,0.612,0.326
9500,0.063,0.615,0.322
9600,0.065,0.604,0.331
9700,0.068,0.605,0.327
9800,0.070,0.600,0.330
9900,0.070,0.597,0.333
10000,0.071,0.599,0.330
10100,0.074,0.587,0.339
10200,0.074,0.584,0.342
10300,0.074,0.574,0.352
10400,0.075,0.564,0.361
10500,0.076,0.569,0.355
10600,0.078,0.556,0.366
10700,0.076,0.558,0.366
10800,0.068,0.562,0.370
10900,0.066,0.557,0.377
11000,0.066,0.562,0.372
11100,0.068,0.564,0.368
11200,0.071,0.553,0.376
11300,0.069,0.550,0.381
11400,0.067,0.550,0.383
11500,0.066,0.539,0.395
11600,0.069,0.536,0.395
11700,0.074,0.528,0.398
11800,0.070,0.523,0.407
11900,0.068,0.530,0.402
12000,0.068,0.544,0.388
12100,0.070,0.547,0.383
12200,0.070,0.542,0.388
12300,0.069,0.531,0.400
12400,0.075,0.516,0.409
12500,0.074,0.505,0.421
12600,0.077,0.517,0.406
12700,0.080,0.517,0.403
12800,0.078,0.514,0.408
12900,0.082,0.516,0.402
13000,0.079,0.513,0.408
13100,0.075,0.508,0.417
13200,0.079,0.519,0.402
13300,0.075,0.516,0.409
13400,0.076,0.522,0.402
13500,0.082,0.511,0.407
13600,0.080,0.506,0.414
13700,0.080,0.512,0.408
13800,0.077,0.508,0.415
13900,0.079,0.512,0.409
14000,0.082,0.521,0.397
14100,0.086,0.524,0.390
14200,0.091,0.520,0.389
14300,0.096,0.504,0.400
14400,0.093,0.516,0.391
14500,0.095,0.520,0.385
14600,0.103,0.518,0.379
14700,0.097,0.513,0.390
14800,0.089,0.517,0.394
14900,0.092,0.507,0.401
15000,0.098,0.492,0.410
15100,0.095,0.497,0.408
15200,0.096,0.496,0.408
15300,0.100,0.476,0.424
15400,0.112,0.466,0.422
15500,0.119,0.474,0.407
15600,0.113,0.466,0.421
15700,0.111,0.467,0.422
15800,0.109,0.468,0.423
15900,0.108,0.461,0.431
16000,0.103,0.459,0.438
16100,0.094,0.457,0.449
16200,0.094,0.451,0.455
16300,0.093,0.465,0.442
16400,0.101,0.459,0.440
16500,0.099,0.455,0.446
16600,0.114,0.461,0.425
16700,0.111,0.449,0.440
16800,0.107,0.433,0.460
16900,0.103,0.429,0.468
17000,0.104,0.437,0.459
17100,0.103,0.454,0.443
17200,0.109,0.450,0.441
17300,0.103,0.445,0.452
17400,0.109,0.438,0.453
17500,0.112,0.433,0.455
17600,0.111,0.438,0.451
17700,0.107,0.424,0.469
17800,0.119,0.419,0.462
17900,0.114,0.414,0.472
18000,0.111,0.397,0.492
18100,0.109,0.404,0.487
18200,0.106,0.402,0.492
18300,0.113,0.406,0.481
18400,0.125,0.404,0.471
18500,0.130,0.404,0.466
18600,0.139,0.385,0.476
18700,0.135,0.384,0.481
18800,0.136,0.385,0.479
18900,0.137,0.388,0.475
19000,0.129,0.383,0.488
19100,0.136,0.383,0.481
19200,0.145,0.373,0.482
19300,0.140,0.374,0.486
19400,0.138,0.363,0.499
19500,0.149,0.355,0.496
19600,0.162,0.353,0.485
19700,0.170,0.351,0.479
19800,0.168,0.351,0.481
19900,0.168,0.339,0.493
20000,0.158,0.337,0.505
20100,0.157,0.340,0.503
20200,0.152,0.334,0.514
20300,0.142,0.354,0.504
20400,0.135,0.347,0.518
20500,0.132,0.346,0.522
20600,0.138,0.349,0.513
20700,0.143,0.357,0.500
20800,0.147,0.353,0.500
20900,0.158,0.346,0.496
21000,0.164,0.339,0.497
21100,0.159,0.344,0.497
21200,0.158,0.349,0.493
21300,0.158,0.346,0.496
21400,0.156,0.347,0.497
21500,0.159,0.353,0.488
21600,0.142,0.365,0.493
21700,0.139,0.365,0.496
21800,0.142,0.364,0.494
21900,0.139,0.364,0.497
22000,0.146,0.361,0.493
22100,0.155,0.364,0.481
22200,0.151,0.356,0.493
22300,0.154,0.365,0.481
22400,0.159,0.364,0.477
22500,0.160,0.367,0.473
22600,0.167,0.362,0.471
22700,0.161,0.361,0.478
22800,0.162,0.368,0.470
22900,0.160,0.368,0.472
23000,0.153,0.372,0.475
23100,0.145,0.365,0.490
23200,0.141,0.356,0.503
23300,0.146,0.361,0.493
23400,0.144,0.355,0.501
23500,0.142,0.363,0.495
23600,0.152,0.363,0.485
23700,0.155,0.352,0.493
23800,0.159,0.363,0.478
23900,0.145,0.367,0.488
24000,0.155,0.367,0.478
24100,0.158,0.355,0.487
24200,0.156,0.361,0.483
24300,0.157,0.358,0.485
24400,0.154,0.354,0.492
24500,0.157,0.335,0.508
24600,0.153,0.330,0.517
24700,0.159,0.325,0.516
24800,0.160,0.319,0.521
24900,0.167,0.320,0.513
25000,0.186,0.318,0.496
25100,0.190,0.317,0.493
25200,0.202,0.313,0.485
25300,0.210,0.300,0.490
25400,0.215,0.295,0.490
25500,0.216,0.295,0.489
25600,0.217,0.284,0.499
25700,0.212,0.279,0.509
25800,0.209,0.282,0.509
25900,0.209,0.286,0.505
26000,0.220,0.278,0.502
26100,0.211,0.283,0.506
26200,0.226,0.265,0.509
26300,0.225,0.251,0.524
26400,0.224,0.247,0.529
26500,0.232,0.251,0.517
26600,0.227,0.255,0.518
26700,0.229,0.265,0.506
26800,0.226,0.257,0.517
26900,0.232,0.256,0.512
27000,0.227,0.235,0.538
27100,0.232,0.238,0.530
27200,0.237,0.233,0.530
27300,0.226,0.243,0.531
27400,0.235,0.237,0.528
27500,0.235,0.238,0.527
27600,0.234,0.224,0.542
27700,0.235,0.235,0.530
27800,0.238,0.235,0.527
27900,0.244,0.225,0.531
28000,0.246,0.229,0.525
28100,0.247,0.223,0.530
28200,0.259,0.219,0.522
28300,0.261,0.223,0.516
28400,0.269,0.210,0.521
28500,0.280,0.210,0.510
28600,0.274,0.209,0.517
28700,0.261,0.207,0.532
28800,0.252,0.217,0.531
28900,0.246,0.223,0.531
29000,0.263,0.234,0.503
29100,0.260,0.220,0.520
29200,0.264,0.215,0.521
29300,0.265,0.218,0.517
29400,0.263,0.228,0.509
29500,0.264,0.229,0.507
29600,0.267,0.238,0.495
29700,0.269,0.225,0.506
29800,0.261,0.226,0.513
29900,0.269,0.228,0.503
30000,0.277,0.236,0.487
30100,0.268,0.232,0.500
30200,0.257,0.220,0.523
30300,0.253,0.227,0.520
30400,0.265,0.225,0.510
30500,0.260,0.210,0.530
30600,0.262,0.216,0.522
30700,0.262,0.225,0.513
30800,0.265,0.229,0.506
30900,0.257,0.238,0.505
31000,0.254,0.243,0.503
31100,0.256,0.239,0.505
31200,0.259,0.235,0.506
31300,0.248,0.238,0.514
31400,0.250,0.240,0.510
31500,0.240,0.247,0.513
31600,0.234,0.249,0.517
31700,0.239,0.256,0.505
31800,0.228,0.248,0.524
31900,0.229,0.239,0.532
32000,0.231,0.235,0.534
32100,0.234,0.249,0.517
32200,0.231,0.245,0.524
32300,0.230,0.241,0.529
32400,0.228,0.241,0.531
32500,0.229,0.254,0.517
32600,0.234,0.250,0.516
32700,0.224,0.253,0.523
32800,0.236,0.240,0.524
32900,0.229,0.240,0.531
33000,0.232,0.243,0.525
33100,0.221,0.242,0.537
33200,0.240,0.241,0.519
33300,0.233,0.237,0.530
33400,0.235,0.243,0.522
33500,0.228,0.245,0.527
33600,0.234,0.227,0.539
33700,0.233,0.229,0.538
33800,0.242,0.244,0.514
33900,0.229,0.228,0.543
34000,0.228,0.213,0.559
34100,0.221,0.215,0.564
34200,0.226,0.208,0.566
34300,0.228,0.224,0.548
34400,0.236,0.225,0.539
34500,0.246,0.207,0.547
34600,0.240,0.215,0.545
34700,0.229,0.205,0.566
34800,0.239,0.209,0.552
34900,0.235,0.214,0.551
35000,0.237,0.217,0.546
35100,0.243,0.214,0.543
35200,0.244,0.206,0.550
35300,0.258,0.206,0.536
35400,0.260,0.214,0.526
35500,0.273,0.214,0.513
35600,0.291,0.205,0.504
35700,0.293,0.205,0.502
35800,0.296,0.199,0.505
35900,0.292,0.194,0.514
36000,0.299,0.211,0.490
36100,0.308,0.211,0.481
36200,0.295,0.227,0.478
36300,0.303,0.217,0.480
36400,0.294,0.209,0.497
36500,0.281,0.212,0.507
36600,0.275,0.205,0.520
36700,0.286,0.201,0.513
36800,0.285,0.195,0.520
36900,0.290,0.192,0.518
37000,0.294,0.191,0.515
37100,0.289,0.200,0.511
37200,0.281,0.197,0.522
37300,0.281,0.190,0.529
37400,0.276,0.197,0.527
37500,0.281,0.203,0.516
37600,0.275,0.206,0.519
37700,0.266,0.201,0.533
37800,0.276,0.204,0.520
37900,0.271,0.207,0.522
38000,0.263,0.208,0.529
38100,0.266,0.211,0.523
38200,0.283,0.202,0.515
38300,0.274,0.188,0.538
38400,0.279,0.191,0.530
38500,0.286,0.191,0.523
38600,0.286,0.190,0.524
38700,0.286,0.191,0.523
38800,0.297,0.192,0.511
38900,0.305,0.186,0.509
39000,0.311,0.187,0.502
39100,0.318,0.178,0.504
39200,0.319,0.176,0.505
39300,0.316,0.163,0.521
39400,0.319,0.165,0.516
39500,0.313,0.159,0.528
39600,0.318,0.164,0.518
39700,0.315,0.167,0.518
39800,0.313,0.176,0.511
39900,0.323,0.174,0.503
40000,0.325,0.164,0.511
40100,0.322,0.167,0.511
40200,0.320,0.165,0.515
40300,0.316,0.155,0.529
40400,0.315,0.160,0.525
40500,0.325,0.170,0.505
40600,0.315,0.166,0.519
40700,0.314,0.170,0.516
40800,0.317,0.170,0.513
40900,0.302,0.173,0.525
41000,0.312,0.171,0.517
41100,0.316,0.158,0.526
41200,0.322,0.159,0.519
41300,0.309,0.156,0.535
41400,0.304,0.153,0.543
41500,0.310,0.138,0.552
41600,0.320,0.140,0.540
41700,0.322,0.136,0.542
41800,0.330,0.139,0.531
41900,0.331,0.149,0.520
42000,0.327,0.150,0.523
42100,0.334,0.152,0.514
42200,0.331,0.140,0.529
42300,0.319,0.145,0.536
42400,0.324,0.137,0.539
42500,0.337,0.134,0.529
42600,0.351,0.137,0.512
42700,0.359,0.132,0.509
42800,0.363,0.135,0.502
42900,0.365,0.148,0.487
43000,0.358,0.147,0.495
43100,0.366,0.148,0.486
43200,0.372,0.150,0.478
43300,0.377,0.156,0.467
43400,0.380,0.147,0.473
43500,0.371,0.139,0.490
43600,0.359,0.133,0.508
43700,0.364,0.125,0.511
43800,0.368,0.125,0.507
43900,0.374,0.120,0.506
44000,0.366,0.128,0.506
44100,0.356,0.147,0.497
44200,0.359,0.137,0.504
44300,0.346,0.131,0.523
44400,0.348,0.132,0.520
44500,0.349,0.132,0.519
44600,0.349,0.138,0.513
44700,0.350,0.135,0.515
44800,0.367,0.128,0.505
44900,0.375,0.124,0.501
45000,0.381,0.119,0.500
45100,0.386,0.130,0.484
45200,0.382,0.127,0.491
45300,0.379,0.135,0.486
45400,0.387,0.136,0.477
45500,0.391,0.126,0.483
45600,0.397,0.129,0.474
45700,0.386,0.128,0.486
45800,0.388,0.118,0.494
45900,0.380,0.115,0.505
46000,0.376,0.110,0.514
46100,0.390,0.114,0.496
46200,0.396,0.126,0.478
46300,0.397,0.120,0.483
46400,0.400,0.123,0.477
46500,0.396,0.120,0.484
46600,0.390,0.111,0.499
46700,0.391,0.108,0.501
46800,0.398,0.116,0.486
46900,0.400,0.114,0.486
47000,0.410,0.107,0.483
47100,0.421,0.107,0.472
47200,0.426,0.098,0.476
47300,0.408,0.095,0.497
47400,0.397,0.118,0.485
47500,0.398,0.121,0.481
47600,0.403,0.127,0.470
47700,0.415,0.134,0.451
47800,0.399,0.136,0.465
47900,0.387,0.131,0.482
48000,0.381,0.128,0.491
48100,0.402,0.127,0.471
48200,0.390,0.123,0.487
48300,0.393,0.120,0.487
48400,0.393,0.112,0.495
48500,0.384,0.109,0.507
48600,0.383,0.106,0.511
48700,0.382,0.114,0.504
48800,0.379,0.116,0.505
48900,0.374,0.113,0.513
49000,0.394,0.115,0.491
49100,0.394,0.112,0.494
49200,0.393,0.109,0.498
49300,0.392,0.108,0.500
49400,0.397,0.114,0.489
49500,0.404,0.124,0.472
49600,0.412,0.126,0.462
49700,0.413,0.123,0.464
49800,0.412,0.124,0.464
49900,0.414,0.121,0.465
50000,0.415,0.119,0.466
50100,0.397,0.131,0.472
50200,0.387,0.126,0.487
50300,0.391,0.130,0.479
50400,0.381,0.125,0.494
50500,0.370,0.123,0.507
50600,0.379,0.130,0.491
50700,0.373,0.132,0.495
50800,0.359,0.134,0.507
50900,0.350,0.135,0.515
51000,0.364,0.136,0.500
51100,0.371,0.122,0.507
51200,0.378,0.124,0.498
51300,0.373,0.124,0.503
51400,0.381,0.120,0.499
51500,0.382,0.120,0.498
51600,0.393,0.119,0.488
51700,0.391,0.109,0.500
51800,0.386,0.105,0.509
51900,0.394,0.101,0.505
52000,0.388,0.114,0.498
52100,0.384,0.116,0.500
52200,0.388,0.107,0.505
52300,0.380,0.111,0.509
52400,0.377,0.111,0.512
52500,0.382,0.112,0.506
52600,0.384,0.106,0.510
52700,0.392,0.107,0.501
52800,0.389,0.113,0.498
52900,0.401,0.113,0.486
53000,0.394,0.102,0.504
53100,0.404,0.100,0.496
53200,0.401,0.107,0.492
53300,0.390,0.107,0.503
53400,0.388,0.100,0.512
53500,0.388,0.099,0.513
53600,0.391,0.095,0.514
53700,0.405,0.094,0.501
53800,0.415,0.092,0.493
53900,0.409,0.090,0.501
54000,0.394,0.096,0.510
54100,0.388,0.105,0.507
54200,0.373,0.114,0.513
54300,0.371,0.114,0.515
54400,0.380,0.117,0.503
54500,0.387,0.120,0.493
54600,0.393,0.128,0.479
54700,0.395,0.129,0.476
54800,0.394,0.125,0.481
54900,0.382,0.128,0.490
55000,0.393,0.125,0.482
55100,0.410,0.117,0.473
55200,0.405,0.109,0.486
55300,0.409,0.109,0.482
55400,0.413,0.099,0.488
55500,0.410,0.106,0.484
55600,0.403,0.110,0.487
55700,0.408,0.114,0.478
55800,0.404,0.109,0.487
55900,0.389,0.111,0.500
56000,0.392,0.101,0.507
56100,0.391,0.101,0.508
56200,0.399,0.088,0.513
56300,0.403,0.088,0.509
56400,0.406,0.085,0.509
56500,0.416,0.090,0.494
56600,0.399,0.087,0.514
56700,0.405,0.099,0.496
56800,0.403,0.100,0.497
56900,0.408,0.100,0.492
57000,0.420,0.098,0.482
57100,0.427,0.094,0.479
57200,0.427,0.101,0.472
57300,0.423,0.095,0.482
57400,0.428,0.088,0.484
57500,0.432,0.098,0.470
57600,0.427,0.099,0.474
57700,0.436,0.093,0.471
57800,0.442,0.093,0.465
57900,0.435,0.093,0.472
58000,0.443,0.089,0.468
58100,0.435,0.085,0.480
58200,0.438,0.082,0.480
58300,0.432,0.089,0.479
58400,0.445,0.087,0.468
58500,0.466,0.093,0.441
58600,0.454,0.091,0.455
58700,0.444,0.088,0.468
58800,0.436,0.087,0.477
58900,0.440,0.087,0.473
59000,0.441,0.090,0.469
59100,0.444,0.089,0.467
59200,0.423,0.080,0.497
59300,0.428,0.092,0.480
59400,0.425,0.095,0.480
59500,0.440,0.097,0.463
59600,0.438,0.090,0.472
59700,0.441,0.089,0.470
59800,0.443,0.085,0.472
59900,0.447,0.079,0.474
60000,0.457,0.085,0.458
60100,0.461,0.088,0.451
60200,0.475,0.083,0.442
60300,0.464,0.084,0.452
60400,0.460,0.082,0.458
60500,0.473,0.089,0.438
60600,0.475,0.092,0.433
60700,0.471,0.087,0.442
60800,0.467,0.085,0.448
60900,0.482,0.083,0.435
61000,0.493,0.089,0.418
61100,0.494,0.082,0.424
61200,0.500,0.078,0.422
61300,0.517,0.075,0.408
61400,0.530,0.066,0.404
61500,0.523,0.063,0.414
61600,0.532,0.064,0.404
61700,0.550,0.061,0.389
61800,0.549,0.059,0.392
61900,0.553,0.066,0.381
62000,0.544,0.060,0.396
62100,0.557,0.058,0.385
62200,0.562,0.056,0.382
62300,0.568,0.054,0.378
62400,0.582,0.046,0.372
62500,0.580,0.041,0.379
62600,0.571,0.039,0.390
62700,0.563,0.038,0.399
62800,0.573,0.036,0.391
62900,0.589,0.037,0.374
63000,0.600,0.042,0.358
63100,0.608,0.040,0.352
63200,0.614,0.043,0.343
63300,0.610,0.042,0.348
63400,0.597,0.041,0.362
63500,0.594,0.041,0.365
63600,0.584,0.037,0.379
63700,0.586,0.031,0.383
63800,0.584,0.030,0.386
63900,0.588,0.030,0.382
64000,0.584,0.026,0.390
64100,0.599,0.025,0.376
64200,0.592,0.033,0.375
64300,0.601,0.031,0.368
64400,0.609,0.031,0.360
64500,0.598,0.029,0.373
64600,0.598,0.032,0.370
64700,0.609,0.035,0.356
64800,0.616,0.037,0.347
64900,0.610,0.032,0.358
65000,0.614,0.029,0.357
65100,0.617,0.030,0.353
65200,0.628,0.032,0.340
65300,0.627,0.027,0.346
65400,0.636,0.027,0.337
65500,0.637,0.031,0.332
65600,0.631,0.035,0.334
65700,0.623,0.035,0.342
65800,0.620,0.034,0.346
65900,0.621,0.029,0.350
66000,0.616,0.031,0.353
66100,0.623,0.035,0.342
66200,0.618,0.031,0.351
66300,0.620,0.032,0.348
66400,0.630,0.031,0.339
66500,0.651,0.031,0.318
66600,0.646,0.030,0.324
66700,0.653,0.031,0.316
66800,0.658,0.035,0.307
66900,0.650,0.033,0.317
67000,0.654,0.027,0.319
67100,0.657,0.028,0.315
67200,0.661,0.030,0.309
67300,0.666,0.028,0.306
67400,0.676,0.028,0.296
67500,0.673,0.031,0.296
67600,0.671,0.027,0.302
67700,0.667,0.027,0.306
67800,0.670,0.024,0.306
67900,0.669,0.019,0.312
68000,0.658,0.021,0.321
68100,0.653,0.022,0.325
68200,0.649,0.020,0.331
68300,0.649,0.021,0.330
68400,0.645,0.024,0.331
68500,0.639,0.025,0.336
68600,0.639,0.022,0.339
68700,0.647,0.029,0.324
68800,0.643,0.024,0.333
68900,0.634,0.020,0.346
69000,0.631,0.028,0.341
69100,0.629,0.026,0.345
69200,0.636,0.030,0.334
69300,0.631,0.027,0.342
69400,0.645,0.034,0.321
69500,0.652,0.030,0.318
69600,0.653,0.030,0.317
69700,0.641,0.031,0.328
69800,0.639,0.025,0.336
69900,0.635,0.024,0.341
70000,0.638,0.025,0.337
70100,0.628,0.029,0.343
70200,0.626,0.032,0.342
70300,0.623,0.034,0.343
70400,0.627,0.029,0.344
70500,0.626,0.022,0.352
70600,0.625,0.016,0.359
70700,0.622,0.020,0.358
70800,0.626,0.018,0.356
70900,0.623,0.020,0.357
71000,0.626,0.025,0.349
71100,0.622,0.023,0.355
71200,0.617,0.028,0.355
71300,0.612,0.029,0.359
71400,0.615,0.024,0.361
71500,0.618,0.023,0.359
71600,0.613,0.026,0.361
71700,0.606,0.027,0.367
71800,0.613,0.038,0.349
71900,0.605,0.036,0.359
72000,0.609,0.034,0.357
72100,0.602,0.035,0.363
72200,0.608,0.036,0.356
72300,0.602,0.033,0.365
72400,0.601,0.033,0.366
72500,0.598,0.034,0.368
72600,0.599,0.035,0.366
72700,0.606,0.032,0.362
72800,0.612,0.032,0.356
72900,0.616,0.033,0.351
73000,0.621,0.034,0.345
73100,0.609,0.033,0.358
73200,0.608,0.034,0.358
73300,0.611,0.034,0.355
73400,0.611,0.033,0.356
73500,0.602,0.036,0.362
73600,0.607,0.033,0.360
73700,0.620,0.033,0.347
73800,0.616,0.029,0.355
73900,0.621,0.019,0.360
74000,0.627,0.019,0.354
74100,0.618,0.017,0.365
74200,0.614,0.015,0.371
74300,0.625,0.018,0.357
74400,0.637,0.019,0.344
74500,0.635,0.019,0.346
74600,0.635,0.021,0.344
74700,0.637,0.022,0.341
74800,0.643,0.024,0.333
74900,0.643,0.023,0.334
75000,0.658,0.019,0.323
75100,0.654,0.017,0.329
75200,0.668,0.016,0.316
75300,0.691,0.018,0.291
75400,0.696,0.016,0.288
75500,0.688,0.012,0.300
75600,0.695,0.014,0.291
75700,0.700,0.016,0.284
75800,0.695,0.014,0.291
75900,0.696,0.010,0.294
76000,0.696,0.013,0.291
76100,0.693,0.015,0.292
76200,0.696,0.008,0.296
76300,0.696,0.009,0.295
76400,0.696,0.010,0.294
76500,0.699,0.010,0.291
76600,0.706,0.009,0.285
76700,0.716,0.012,0.272
76800,0.713,0.012,0.275
76900,0.707,0.017,0.276
77000,0.696,0.017,0.287
77100,0.693,0.016,0.291
77200,0.691,0.015,0.294
77300,0.702,0.015,0.283
77400,0.700,0.013,0.287
77500,0.710,0.011,0.279
77600,0.710,0.009,0.281
77700,0.718,0.007,0.275
77800,0.714,0.007,0.279
77900,0.720,0.007,0.273
78000,0.714,0.007,0.279
78100,0.714,0.007,0.279
78200,0.714,0.006,0.280
78300,0.714,0.005,0.281
78400,0.717,0.008,0.275
78500,0.705,0.005,0.290
78600,0.713,0.005,0.282
78700,0.718,0.005,0.277
78800,0.709,0.007,0.284
78900,0.716,0.009,0.275
79000,0.724,0.012,0.264
79100,0.730,0.010,0.260
79200,0.730,0.009,0.261
79300,0.721,0.009,0.270
79400,0.722,0.014,0.264
79500,0.732,0.013,0.255
79600,0.737,0.020,0.243
79700,0.733,0.021,0.246
79800,0.717,0.022,0.261
79900,0.720,0.021,0.259
80000,0.724,0.019,0.257
80100,0.720,0.019,0.261
80200,0.730,0.018,0.252
80300,0.730,0.018,0.252
80400,0.731,0.015,0.254
80500,0.737,0.012,0.251
80600,0.740,0.009,0.251
80700,0.743,0.016,0.241
80800,0.751,0.014,0.235
80900,0.753,0.013,0.234
81000,0.746,0.012,0.242
81100,0.737,0.012,0.251
81200,0.744,0.012,0.244
81300,0.751,0.011,0.238
81400,0.752,0.015,0.233
81500,0.751,0.014,0.235
81600,0.760,0.014,0.226
81700,0.749,0.016,0.235
81800,0.740,0.013,0.247
81900,0.742,0.014,0.244
82000,0.746,0.011,0.243
82100,0.753,0.010,0.237
82200,0.743,0.012,0.245
82300,0.745,0.015,0.240
82400,0.753,0.013,0.234
82500,0.746,0.013,0.241
82600,0.741,0.011,0.248
82700,0.736,0.010,0.254
82800,0.741,0.010,0.249
82900,0.748,0.013,0.239
83000,0.750,0.011,0.239
83100,0.749,0.011,0.240
83200,0.755,0.010,0.235
83300,0.752,0.014,0.234
83400,0.766,0.012,0.222
83500,0.769,0.014,0.217
83600,0.767,0.011,0.222
83700,0.763,0.009,0.228
83800,0.770,0.008,0.222
83900,0.765,0.007,0.228
84000,0.767,0.007,0.226
84100,0.777,0.005,0.218
84200,0.778,0.008,0.214
84300,0.770,0.008,0.222
84400,0.782,0.011,0.207
84500,0.774,0.010,0.216
84600,0.767,0.008,0.225
84700,0.774,0.011,0.215
84800,0.774,0.009,0.217
84900,0.777,0.010,0.213
85000,0.776,0.013,0.211
85100,0.775,0.011,0.214
85200,0.770,0.009,0.221
85300,0.763,0.007,0.230
85400,0.754,0.007,0.239
85500,0.759,0.010,0.231
85600,0.762,0.014,0.224
85700,0.764,0.015,0.221
85800,0.769,0.016,0.215
85900,0.748,0.013,0.239
86000,0.745,0.012,0.243
86100,0.735,0.010,0.255
86200,0.743,0.011,0.246
86300,0.751,0.010,0.239
86400,0.745,0.011,0.244
86500,0.756,0.009,0.235
86600,0.751,0.009,0.240
86700,0.753,0.011,0.236
86800,0.755,0.010,0.235
86900,0.761,0.009,0.230
87000,0.748,0.009,0.243
87100,0.749,0.009,0.242
87200,0.762,0.006,0.232
87300,0.764,0.004,0.232
87400,0.768,0.006,0.226
87500,0.764,0.006,0.230
87600,0.758,0.008,0.234
87700,0.761,0.007,0.232
87800,0.754,0.006,0.240
87900,0.761,0.005,0.234
88000,0.761,0.005,0.234
88100,0.772,0.003,0.225
88200,0.769,0.002,0.229
88300,0.773,0.002,0.225
88400,0.777,0.001,0.222
88500,0.778,0.000,0.222
88600,0.776,0.002,0.222
88700,0.785,0.001,0.214
88800,0.786,0.001,0.213
88900,0.788,0.001,0.211
89000,0.787,0.003,0.210
89100,0.789,0.003,0.208
89200,0.789,0.004,0.207
89300,0.790,0.004,0.206
89400,0.783,0.003,0.214
89500,0.787,0.006,0.207
89600,0.781,0.006,0.213
89700,0.788,0.010,0.202
89800,0.790,0.009,0.201
89900,0.792,0.009,0.199
90000,0.791,0.008,0.201
90100,0.792,0.007,0.201
90200,0.784,0.007,0.209
90300,0.782,0.009,0.209
90400,0.783,0.009,0.208
90500,0.777,0.012,0.211
90600,0.779,0.011,0.210
90700,0.790,0.010,0.200
90800,0.781,0.006,0.213
90900,0.782,0.008,0.210
91000,0.784,0.009,0.207
91100,0.779,0.008,0.213
91200,0.781,0.006,0.213
91300,0.770,0.006,0.224
91400,0.761,0.005,0.234
91500,0.764,0.004,0.232
91600,0.773,0.004,0.223
91700,0.769,0.005,0.226
91800,0.768,0.004,0.228
91900,0.770,0.005,0.225
92000,0.772,0.010,0.218
92100,0.777,0.012,0.211
92200,0.783,0.014,0.203
92300,0.772,0.010,0.218
92400,0.779,0.009,0.212
92500,0.780,0.010,0.210
92600,0.786,0.009,0.205
92700,0.786,0.008,0.206
92800,0.795,0.007,0.198
92900,0.791,0.007,0.202
93000,0.785,0.010,0.205
93100,0.785,0.009,0.206
93200,0.792,0.008,0.200
93300,0.800,0.008,0.192
93400,0.801,0.010,0.189
93500,0.805,0.010,0.185
93600,0.801,0.007,0.192
93700,0.809,0.006,0.185
93800,0.809,0.006,0.185
93900,0.812,0.006,0.182
94000,0.817,0.004,0.179
94100,0.814,0.003,0.183
94200,0.812,0.004,0.184
94300,0.820,0.003,0.177
94400,0.815,0.004,0.181
94500,0.821,0.003,0.176
94600,0.823,0.002,0.175
94700,0.825,0.002,0.173
94800,0.835,0.000,0.165
94900,0.842,0.000,0.158
95000,0.849,0.000,0.151
95100,0.843,0.000,0.157
95200,0.839,0.000,0.161
95300,0.836,0.001,0.163
95400,0.843,0.003,0.154
95500,0.847,0.002,0.151
95600,0.850,0.002,0.148
95700,0.849,0.002,0.149
95800,0.842,0.004,0.154
95900,0.838,0.003,0.159
96000,0.830,0.003,0.167
96100,0.833,0.002,0.165
96200,0.833,0.002,0.165
96300,0.837,0.003,0.160
96400,0.831,0.002,0.167
96500,0.838,0.001,0.161
96600,0.842,0.001,0.157
96700,0.846,0.001,0.153
96800,0.846,0.001,0.153
96900,0.849,0.001,0.150
97000,0.858,0.003,0.139
97100,0.868,0.004,0.128
97200,0.872,0.003,0.125
97300,0.876,0.003,0.121
97400,0.872,0.002,0.126
97500,0.868,0.002,0.130
97600,0.869,0.001,0.130
97700,0.867,0.001,0.132
97800,0.868,0.001,0.131
97900,0.870,0.001,0.129
98000,0.862,0.001,0.137
98100,0.870,0.001,0.129
98200,0.872,0.001,0.127
98300,0.867,0.001,0.132
98400,0.864,0.001,0.135
98500,0.853,0.000,0.147
98600,0.856,0.000,0.144
98700,0.854,0.000,0.146
98800,0.846,0.000,0.154
98900,0.853,0.000,0.147
99000,0.858,0.000,0.142
99100,0.857,0.000,0.143
99200,0.854,0.000,0.146
99300,0.857,0.000,0.143
99400,0.860,0.000,0.140
99500,0.854,0.000,0.146
99600,0.860,0.000,0.140
99700,0.860,0.000,0.140
99800,0.872,0.002,0.126
99900,0.868,0.001,0.131
100000,0.867,0.001,0.132
