time,n_A+p,n_B,n_AB,avg_entropy_simp
500,0.037,0.862,0.101,0.179705
1000,0.032,0.788,0.180,0.249466
1500,0.028,0.733,0.240,0.293966
2000,0.065,0.548,0.387,0.402112
2500,0.092,0.558,0.350,0.420371
3000,0.065,0.581,0.355,0.396820
3500,0.115,0.470,0.415,0.442634
4000,0.111,0.415,0.475,0.425470
4500,0.092,0.369,0.539,0.393168
5000,0.157,0.286,0.558,0.421134
5500,0.175,0.300,0.525,0.459025
6000,0.161,0.355,0.484,0.463072
6500,0.336,0.258,0.406,0.470446
7000,0.221,0.240,0.539,0.463314
7500,0.203,0.244,0.553,0.435740
8000,0.184,0.263,0.553,0.434931
8500,0.272,0.244,0.484,0.460678
9000,0.295,0.212,0.493,0.456821
9500,0.300,0.194,0.507,0.452573
10000,0.290,0.207,0.502,0.453642
10500,0.263,0.235,0.502,0.462505
11000,0.300,0.217,0.484,0.465081
11500,0.318,0.189,0.493,0.464134
12000,0.332,0.175,0.493,0.457688
12500,0.346,0.115,0.539,0.418866
13000,0.300,0.189,0.512,0.450990
13500,0.235,0.184,0.581,0.419619
14000,0.355,0.143,0.502,0.448014
14500,0.313,0.138,0.548,0.441109
15000,0.332,0.138,0.530,0.431932
15500,0.327,0.129,0.544,0.427239
16000,0.304,0.194,0.502,0.464987
16500,0.267,0.147,0.585,0.433168
17000,0.323,0.194,0.484,0.473385
17500,0.336,0.157,0.507,0.462665
18000,0.396,0.101,0.502,0.434958
18500,0.419,0.134,0.447,0.457863
19000,0.401,0.152,0.447,0.471082
19500,0.396,0.106,0.498,0.438162
20000,0.470,0.078,0.452,0.428797
20500,0.456,0.060,0.484,0.404632
21000,0.484,0.111,0.406,0.423390
21500,0.567,0.065,0.369,0.385458
22000,0.512,0.055,0.433,0.397947
22500,0.525,0.051,0.424,0.385836
23000,0.636,0.032,0.332,0.339357
23500,0.562,0.032,0.406,0.370439
24000,0.498,0.078,0.424,0.418245
24500,0.429,0.074,0.498,0.413996
25000,0.507,0.046,0.447,0.409918
25500,0.516,0.037,0.447,0.394639
26000,0.502,0.028,0.470,0.377393
26500,0.424,0.074,0.502,0.412456
27000,0.484,0.101,0.415,0.429701
27500,0.548,0.074,0.378,0.398267
28000,0.544,0.060,0.396,0.397046
28500,0.461,0.111,0.429,0.440570
29000,0.410,0.134,0.456,0.448730
29500,0.406,0.152,0.442,0.462394
30000,0.346,0.147,0.507,0.461134
30500,0.364,0.124,0.512,0.438771
31000,0.461,0.078,0.461,0.425710
31500,0.373,0.101,0.525,0.421108
32000,0.535,0.069,0.396,0.405372
32500,0.438,0.134,0.429,0.465756
33000,0.369,0.147,0.484,0.445019
33500,0.364,0.166,0.470,0.459261
34000,0.267,0.194,0.539,0.442711
34500,0.240,0.221,0.539,0.451688
35000,0.221,0.272,0.507,0.460929
35500,0.300,0.263,0.438,0.491452
36000,0.290,0.184,0.525,0.450713
36500,0.276,0.198,0.525,0.448826
37000,0.300,0.175,0.525,0.448929
37500,0.350,0.166,0.484,0.449669
38000,0.433,0.088,0.479,0.427140
38500,0.452,0.055,0.493,0.406643
39000,0.447,0.124,0.429,0.457456
39500,0.373,0.152,0.475,0.464280
40000,0.309,0.161,0.530,0.455399
40500,0.295,0.184,0.521,0.458603
41000,0.318,0.203,0.479,0.475659
41500,0.341,0.230,0.429,0.481923
42000,0.281,0.212,0.507,0.447215
42500,0.263,0.217,0.521,0.445816
43000,0.249,0.249,0.502,0.462442
43500,0.267,0.189,0.544,0.438796
44000,0.359,0.171,0.470,0.467768
44500,0.373,0.166,0.461,0.461403
45000,0.341,0.194,0.465,0.471567
45500,0.341,0.115,0.544,0.406170
46000,0.387,0.147,0.465,0.455996
46500,0.295,0.217,0.488,0.457685
47000,0.290,0.253,0.456,0.478728
47500,0.286,0.198,0.516,0.445338
48000,0.313,0.194,0.493,0.463296
48500,0.323,0.189,0.488,0.462498
49000,0.286,0.212,0.502,0.465905
49500,0.387,0.092,0.521,0.410352
50000,0.461,0.138,0.401,0.446901
50500,0.465,0.106,0.429,0.413997
51000,0.433,0.134,0.433,0.441385
51500,0.304,0.134,0.562,0.405287
52000,0.336,0.184,0.479,0.454099
52500,0.373,0.120,0.507,0.441829
53000,0.438,0.097,0.465,0.421103
53500,0.498,0.078,0.424,0.400649
54000,0.576,0.051,0.373,0.381205
54500,0.530,0.092,0.378,0.405345
55000,0.465,0.078,0.456,0.420814
55500,0.456,0.101,0.442,0.445281
56000,0.544,0.046,0.410,0.387226
56500,0.677,0.041,0.281,0.327219
57000,0.618,0.037,0.346,0.363582
57500,0.636,0.028,0.336,0.357289
58000,0.677,0.028,0.295,0.328870
58500,0.641,0.060,0.300,0.387460
59000,0.631,0.023,0.346,0.360122
59500,0.553,0.078,0.369,0.393962
60000,0.470,0.143,0.387,0.455686
60500,0.419,0.101,0.479,0.433538
61000,0.461,0.088,0.452,0.428530
61500,0.502,0.028,0.470,0.385256
62000,0.493,0.041,0.465,0.400340
62500,0.502,0.069,0.429,0.426610
63000,0.493,0.069,0.438,0.414032
63500,0.452,0.074,0.475,0.405832
64000,0.553,0.074,0.373,0.388050
64500,0.613,0.023,0.364,0.368481
65000,0.553,0.041,0.406,0.390352
65500,0.571,0.041,0.387,0.381234
66000,0.442,0.078,0.479,0.405749
66500,0.470,0.129,0.401,0.441087
67000,0.502,0.078,0.419,0.415839
67500,0.493,0.097,0.410,0.434536
68000,0.447,0.101,0.452,0.442344
68500,0.406,0.152,0.442,0.452919
69000,0.433,0.129,0.438,0.443632
69500,0.438,0.078,0.484,0.417062
70000,0.406,0.152,0.442,0.456233
70500,0.433,0.143,0.424,0.456574
71000,0.465,0.074,0.461,0.427774
71500,0.442,0.111,0.447,0.449297
72000,0.396,0.106,0.498,0.437209
72500,0.276,0.203,0.521,0.446703
73000,0.253,0.212,0.535,0.430921
73500,0.309,0.143,0.548,0.433084
74000,0.373,0.180,0.447,0.471797
74500,0.364,0.134,0.502,0.449915
75000,0.364,0.138,0.498,0.436301
75500,0.364,0.189,0.447,0.470667
76000,0.304,0.124,0.571,0.415356
76500,0.364,0.166,0.470,0.453923
77000,0.300,0.120,0.581,0.425463
77500,0.263,0.166,0.571,0.444678
78000,0.258,0.263,0.479,0.484061
78500,0.244,0.249,0.507,0.460704
79000,0.217,0.249,0.535,0.439564
79500,0.258,0.212,0.530,0.450659
80000,0.263,0.212,0.525,0.457566
80500,0.286,0.253,0.461,0.474583
81000,0.290,0.175,0.535,0.432056
81500,0.350,0.171,0.479,0.460574
82000,0.300,0.138,0.562,0.419058
82500,0.286,0.166,0.548,0.430215
83000,0.226,0.235,0.539,0.440259
83500,0.359,0.166,0.475,0.459530
84000,0.392,0.134,0.475,0.447985
84500,0.470,0.111,0.419,0.434402
85000,0.498,0.065,0.438,0.400706
85500,0.419,0.078,0.502,0.411084
86000,0.479,0.115,0.406,0.440089
86500,0.336,0.097,0.567,0.413112
87000,0.369,0.147,0.484,0.435766
87500,0.350,0.152,0.498,0.443932
88000,0.309,0.184,0.507,0.461345
88500,0.355,0.157,0.488,0.462261
89000,0.364,0.184,0.452,0.464620
89500,0.373,0.161,0.465,0.466259
90000,0.355,0.161,0.484,0.460072
90500,0.304,0.166,0.530,0.429476
91000,0.263,0.207,0.530,0.448994
91500,0.253,0.235,0.512,0.458366
92000,0.346,0.166,0.488,0.463692
92500,0.350,0.129,0.521,0.433597
93000,0.346,0.189,0.465,0.467050
93500,0.290,0.129,0.581,0.430766
94000,0.249,0.203,0.548,0.434244
94500,0.263,0.249,0.488,0.454679
95000,0.332,0.166,0.502,0.449423
95500,0.327,0.161,0.512,0.460999
96000,0.346,0.198,0.456,0.469242
96500,0.364,0.111,0.525,0.433681
97000,0.369,0.120,0.512,0.444791
97500,0.438,0.175,0.387,0.469523
98000,0.447,0.124,0.429,0.428814
98500,0.438,0.078,0.484,0.428310
99000,0.406,0.115,0.479,0.428460
99500,0.382,0.189,0.429,0.468329
100000,0.410,0.129,0.461,0.454771
