time,n_A+p,n_B,n_AB
0,0.028,0.972,0.000
500,0.041,0.880,0.078
1000,0.051,0.724,0.226
1500,0.069,0.493,0.438
2000,0.092,0.479,0.429
2500,0.120,0.341,0.539
3000,0.184,0.253,0.562
3500,0.134,0.263,0.604
4000,0.166,0.207,0.627
4500,0.189,0.221,0.590
5000,0.180,0.217,0.604
5500,0.221,0.263,0.516
6000,0.189,0.207,0.604
6500,0.244,0.198,0.558
7000,0.253,0.147,0.599
7500,0.249,0.212,0.539
8000,0.267,0.180,0.553
8500,0.290,0.120,0.590
9000,0.253,0.147,0.599
9500,0.258,0.175,0.567
10000,0.290,0.175,0.535
10500,0.253,0.129,0.618
11000,0.253,0.212,0.535
11500,0.258,0.157,0.585
12000,0.267,0.203,0.530
12500,0.244,0.203,0.553
13000,0.276,0.180,0.544
13500,0.230,0.180,0.590
14000,0.249,0.166,0.585
14500,0.240,0.180,0.581
15000,0.221,0.166,0.613
15500,0.230,0.166,0.604
16000,0.276,0.175,0.548
16500,0.217,0.175,0.608
17000,0.226,0.147,0.627
17500,0.212,0.194,0.594
18000,0.226,0.129,0.645
18500,0.300,0.166,0.535
19000,0.300,0.111,0.590
19500,0.276,0.138,0.585
20000,0.263,0.124,0.613
20500,0.240,0.120,0.641
21000,0.203,0.152,0.645
21500,0.198,0.180,0.622
22000,0.226,0.161,0.613
22500,0.226,0.166,0.608
23000,0.281,0.106,0.613
23500,0.281,0.157,0.562
24000,0.217,0.161,0.622
24500,0.244,0.134,0.622
25000,0.221,0.198,0.581
25500,0.249,0.147,0.604
26000,0.276,0.129,0.594
26500,0.175,0.161,0.664
27000,0.111,0.240,0.650
27500,0.143,0.221,0.636
28000,0.161,0.207,0.631
28500,0.152,0.212,0.636
29000,0.212,0.147,0.641
29500,0.263,0.157,0.581
30000,0.304,0.161,0.535
30500,0.221,0.143,0.636
31000,0.230,0.198,0.571
31500,0.230,0.147,0.622
32000,0.226,0.115,0.659
32500,0.235,0.189,0.576
33000,0.313,0.124,0.562
33500,0.355,0.097,0.548
34000,0.364,0.129,0.507
34500,0.341,0.092,0.567
35000,0.300,0.157,0.544
35500,0.276,0.143,0.581
36000,0.258,0.152,0.590
36500,0.240,0.194,0.567
37000,0.244,0.184,0.571
37500,0.272,0.138,0.590
38000,0.309,0.166,0.525
38500,0.217,0.120,0.664
39000,0.194,0.226,0.581
39500,0.184,0.230,0.585
40000,0.184,0.240,0.576
40500,0.217,0.235,0.548
41000,0.304,0.161,0.535
41500,0.272,0.134,0.594
42000,0.217,0.212,0.571
42500,0.258,0.124,0.618
43000,0.217,0.120,0.664
43500,0.207,0.147,0.645
44000,0.189,0.189,0.622
44500,0.263,0.189,0.548
45000,0.226,0.194,0.581
45500,0.194,0.226,0.581
46000,0.253,0.166,0.581
46500,0.258,0.138,0.604
47000,0.286,0.143,0.571
47500,0.230,0.129,0.641
48000,0.240,0.189,0.571
48500,0.189,0.221,0.590
49000,0.240,0.189,0.571
49500,0.221,0.175,0.604
50000,0.263,0.157,0.581
50500,0.318,0.161,0.521
51000,0.267,0.207,0.525
51500,0.194,0.184,0.622
52000,0.180,0.189,0.631
52500,0.263,0.180,0.558
53000,0.180,0.180,0.641
53500,0.286,0.124,0.590
54000,0.332,0.171,0.498
54500,0.272,0.175,0.553
55000,0.240,0.115,0.645
55500,0.230,0.180,0.590
56000,0.230,0.184,0.585
56500,0.207,0.166,0.627
57000,0.212,0.180,0.608
57500,0.235,0.184,0.581
58000,0.290,0.175,0.535
58500,0.226,0.194,0.581
59000,0.194,0.226,0.581
59500,0.276,0.129,0.594
60000,0.263,0.124,0.613
60500,0.263,0.129,0.608
61000,0.212,0.207,0.581
61500,0.194,0.143,0.664
62000,0.258,0.207,0.535
62500,0.323,0.124,0.553
63000,0.281,0.161,0.558
63500,0.249,0.152,0.599
64000,0.230,0.166,0.604
64500,0.203,0.194,0.604
65000,0.184,0.221,0.594
65500,0.207,0.221,0.571
66000,0.267,0.180,0.553
66500,0.226,0.171,0.604
67000,0.327,0.101,0.571
67500,0.304,0.074,0.622
68000,0.318,0.097,0.585
68500,0.456,0.092,0.452
69000,0.410,0.074,0.516
69500,0.346,0.106,0.548
70000,0.276,0.129,0.594
70500,0.258,0.161,0.581
71000,0.355,0.115,0.530
71500,0.281,0.106,0.613
72000,0.369,0.088,0.544
72500,0.346,0.106,0.548
73000,0.323,0.106,0.571
73500,0.387,0.097,0.516
74000,0.392,0.088,0.521
74500,0.295,0.097,0.608
75000,0.318,0.115,0.567
75500,0.309,0.171,0.521
76000,0.272,0.120,0.608
76500,0.226,0.207,0.567
77000,0.258,0.157,0.585
77500,0.258,0.138,0.604
78000,0.240,0.138,0.622
78500,0.281,0.111,0.608
79000,0.290,0.143,0.567
79500,0.313,0.106,0.581
80000,0.346,0.083,0.571
80500,0.281,0.143,0.576
81000,0.318,0.111,0.571
81500,0.235,0.157,0.608
82000,0.244,0.161,0.594
82500,0.309,0.129,0.562
83000,0.364,0.055,0.581
83500,0.295,0.124,0.581
84000,0.258,0.138,0.604
84500,0.244,0.175,0.581
85000,0.396,0.083,0.521
85500,0.318,0.097,0.585
86000,0.304,0.101,0.594
86500,0.313,0.124,0.562
87000,0.235,0.129,0.636
87500,0.221,0.157,0.622
88000,0.240,0.184,0.576
88500,0.189,0.180,0.631
89000,0.194,0.166,0.641
89500,0.272,0.106,0.622
90000,0.244,0.189,0.567
90500,0.253,0.203,0.544
91000,0.276,0.129,0.594
91500,0.313,0.124,0.562
92000,0.253,0.152,0.594
92500,0.230,0.166,0.604
93000,0.272,0.111,0.618
93500,0.378,0.092,0.530
94000,0.313,0.092,0.594
94500,0.346,0.083,0.571
95000,0.336,0.060,0.604
95500,0.276,0.124,0.599
96000,0.212,0.138,0.650
96500,0.253,0.152,0.594
97000,0.300,0.106,0.594
97500,0.300,0.124,0.576
98000,0.295,0.120,0.585
98500,0.295,0.161,0.544
99000,0.235,0.129,0.636
99500,0.313,0.166,0.521
100000,0.369,0.083,0.548
100500,0.364,0.078,0.558
101000,0.276,0.124,0.599
101500,0.240,0.106,0.654
102000,0.396,0.078,0.525
102500,0.382,0.124,0.493
103000,0.318,0.171,0.512
103500,0.244,0.198,0.558
104000,0.226,0.240,0.535
104500,0.235,0.171,0.594
105000,0.207,0.138,0.654
105500,0.304,0.129,0.567
106000,0.281,0.101,0.618
106500,0.313,0.120,0.567
107000,0.318,0.166,0.516
107500,0.281,0.124,0.594
108000,0.221,0.134,0.645
108500,0.272,0.171,0.558
109000,0.323,0.134,0.544
109500,0.336,0.134,0.530
110000,0.263,0.101,0.636
110500,0.286,0.161,0.553
111000,0.300,0.111,0.590
111500,0.272,0.157,0.571
112000,0.235,0.101,0.664
112500,0.244,0.157,0.599
113000,0.267,0.161,0.571
113500,0.189,0.217,0.594
114000,0.253,0.143,0.604
114500,0.313,0.134,0.553
115000,0.203,0.175,0.622
115500,0.184,0.138,0.677
116000,0.226,0.157,0.618
116500,0.272,0.143,0.585
117000,0.276,0.097,0.627
117500,0.332,0.152,0.516
118000,0.221,0.194,0.585
118500,0.244,0.171,0.585
119000,0.235,0.171,0.594
119500,0.323,0.115,0.562
120000,0.300,0.060,0.641
120500,0.244,0.124,0.631
121000,0.318,0.147,0.535
121500,0.286,0.143,0.571
122000,0.258,0.134,0.608
122500,0.355,0.106,0.539
123000,0.198,0.184,0.618
123500,0.166,0.184,0.650
124000,0.198,0.198,0.604
124500,0.180,0.217,0.604
125000,0.244,0.161,0.594
125500,0.267,0.161,0.571
126000,0.198,0.217,0.585
126500,0.244,0.147,0.608
127000,0.189,0.230,0.581
127500,0.272,0.194,0.535
128000,0.272,0.147,0.581
128500,0.396,0.124,0.479
129000,0.304,0.115,0.581
129500,0.327,0.097,0.576
130000,0.244,0.124,0.631
130500,0.276,0.143,0.581
131000,0.336,0.138,0.525
131500,0.244,0.143,0.613
132000,0.175,0.221,0.604
132500,0.230,0.194,0.576
133000,0.258,0.217,0.525
133500,0.157,0.152,0.691
134000,0.207,0.198,0.594
134500,0.189,0.230,0.581
135000,0.152,0.230,0.618
135500,0.189,0.207,0.604
136000,0.207,0.175,0.618
136500,0.138,0.198,0.664
137000,0.157,0.203,0.641
137500,0.272,0.171,0.558
138000,0.226,0.171,0.604
138500,0.235,0.157,0.608
139000,0.235,0.120,0.645
139500,0.253,0.189,0.558
140000,0.258,0.147,0.594
140500,0.226,0.124,0.650
141000,0.230,0.240,0.530
141500,0.226,0.217,0.558
142000,0.230,0.175,0.594
142500,0.263,0.129,0.608
143000,0.217,0.180,0.604
143500,0.253,0.212,0.535
144000,0.332,0.101,0.567
144500,0.276,0.115,0.608
145000,0.221,0.147,0.631
145500,0.327,0.129,0.544
146000,0.230,0.124,0.645
146500,0.272,0.124,0.604
147000,0.180,0.175,0.645
147500,0.180,0.157,0.664
148000,0.217,0.240,0.544
148500,0.171,0.175,0.654
149000,0.161,0.207,0.631
149500,0.221,0.175,0.604
150000,0.253,0.138,0.608
150500,0.253,0.180,0.567
151000,0.323,0.143,0.535
151500,0.290,0.083,0.627
152000,0.253,0.143,0.604
152500,0.263,0.115,0.622
153000,0.253,0.166,0.581
153500,0.258,0.175,0.567
154000,0.212,0.184,0.604
154500,0.207,0.267,0.525
155000,0.235,0.189,0.576
155500,0.157,0.184,0.659
156000,0.230,0.157,0.613
156500,0.253,0.120,0.627
157000,0.203,0.157,0.641
157500,0.217,0.226,0.558
158000,0.207,0.212,0.581
158500,0.249,0.203,0.548
159000,0.189,0.198,0.613
159500,0.244,0.212,0.544
160000,0.272,0.171,0.558
160500,0.286,0.152,0.562
161000,0.194,0.194,0.613
161500,0.235,0.203,0.562
162000,0.258,0.217,0.525
162500,0.253,0.184,0.562
163000,0.295,0.147,0.558
163500,0.198,0.120,0.682
164000,0.189,0.120,0.691
164500,0.258,0.194,0.548
165000,0.258,0.143,0.599
165500,0.290,0.106,0.604
166000,0.198,0.147,0.654
166500,0.286,0.147,0.567
167000,0.300,0.088,0.613
167500,0.318,0.138,0.544
168000,0.240,0.180,0.581
168500,0.217,0.175,0.608
169000,0.244,0.198,0.558
169500,0.171,0.244,0.585
170000,0.180,0.217,0.604
170500,0.166,0.272,0.562
171000,0.230,0.235,0.535
171500,0.258,0.161,0.581
172000,0.272,0.152,0.576
172500,0.235,0.184,0.581
173000,0.355,0.115,0.530
173500,0.295,0.124,0.581
174000,0.290,0.124,0.585
174500,0.157,0.198,0.645
175000,0.157,0.235,0.608
175500,0.184,0.244,0.571
176000,0.226,0.180,0.594
176500,0.240,0.138,0.622
177000,0.221,0.157,0.622
177500,0.290,0.097,0.613
178000,0.226,0.161,0.613
178500,0.258,0.157,0.585
179000,0.253,0.124,0.622
179500,0.263,0.101,0.636
180000,0.253,0.129,0.618
180500,0.226,0.161,0.613
181000,0.189,0.194,0.618
181500,0.272,0.143,0.585
182000,0.290,0.124,0.585
182500,0.281,0.189,0.530
183000,0.267,0.175,0.558
183500,0.341,0.134,0.525
184000,0.318,0.111,0.571
184500,0.323,0.083,0.594
185000,0.300,0.129,0.571
185500,0.295,0.138,0.567
186000,0.249,0.147,0.604
186500,0.249,0.111,0.641
187000,0.240,0.129,0.631
187500,0.249,0.147,0.604
188000,0.207,0.189,0.604
188500,0.203,0.147,0.650
189000,0.212,0.152,0.636
189500,0.240,0.166,0.594
190000,0.240,0.171,0.590
190500,0.194,0.203,0.604
191000,0.258,0.152,0.590
191500,0.235,0.152,0.613
192000,0.281,0.111,0.608
192500,0.263,0.138,0.599
193000,0.304,0.115,0.581
193500,0.230,0.189,0.581
194000,0.203,0.207,0.590
194500,0.221,0.106,0.673
195000,0.258,0.134,0.608
195500,0.194,0.249,0.558
196000,0.244,0.143,0.613
196500,0.258,0.166,0.576
197000,0.276,0.203,0.521
197500,0.240,0.175,0.585
198000,0.235,0.166,0.599
198500,0.221,0.194,0.585
199000,0.171,0.217,0.613
199500,0.226,0.217,0.558
200000,0.230,0.180,0.590
200500,0.226,0.221,0.553
201000,0.212,0.253,0.535
201500,0.175,0.171,0.654
202000,0.189,0.166,0.645
202500,0.198,0.147,0.654
203000,0.180,0.240,0.581
203500,0.212,0.207,0.581
204000,0.235,0.180,0.585
204500,0.253,0.106,0.641
205000,0.350,0.106,0.544
205500,0.258,0.180,0.562
206000,0.359,0.101,0.539
206500,0.235,0.166,0.599
207000,0.217,0.184,0.599
207500,0.212,0.189,0.599
208000,0.217,0.212,0.571
208500,0.157,0.180,0.664
209000,0.157,0.221,0.622
209500,0.180,0.184,0.636
210000,0.134,0.207,0.659
210500,0.143,0.217,0.641
211000,0.194,0.230,0.576
211500,0.147,0.221,0.631
212000,0.226,0.124,0.650
212500,0.286,0.166,0.548
213000,0.318,0.147,0.535
213500,0.336,0.106,0.558
214000,0.258,0.161,0.581
214500,0.244,0.124,0.631
215000,0.286,0.111,0.604
215500,0.226,0.244,0.530
216000,0.207,0.184,0.608
216500,0.184,0.184,0.631
217000,0.244,0.198,0.558
217500,0.184,0.129,0.687
218000,0.180,0.194,0.627
218500,0.175,0.161,0.664
219000,0.290,0.184,0.525
219500,0.184,0.143,0.673
220000,0.309,0.101,0.590
220500,0.281,0.147,0.571
221000,0.286,0.166,0.548
221500,0.217,0.180,0.604
222000,0.235,0.217,0.548
222500,0.203,0.198,0.599
223000,0.258,0.166,0.576
223500,0.235,0.207,0.558
224000,0.286,0.189,0.525
224500,0.267,0.147,0.585
225000,0.258,0.147,0.594
225500,0.253,0.161,0.585
226000,0.267,0.171,0.562
226500,0.244,0.226,0.530
227000,0.235,0.226,0.539
227500,0.198,0.198,0.604
228000,0.203,0.221,0.576
228500,0.147,0.240,0.613
229000,0.253,0.124,0.622
229500,0.332,0.106,0.562
230000,0.327,0.111,0.562
230500,0.258,0.157,0.585
231000,0.323,0.078,0.599
231500,0.290,0.129,0.581
232000,0.300,0.129,0.571
232500,0.276,0.092,0.631
233000,0.230,0.129,0.641
233500,0.249,0.152,0.599
234000,0.327,0.115,0.558
234500,0.300,0.106,0.594
235000,0.355,0.083,0.562
235500,0.295,0.124,0.581
236000,0.272,0.106,0.622
236500,0.240,0.111,0.650
237000,0.212,0.129,0.659
237500,0.304,0.120,0.576
238000,0.267,0.175,0.558
238500,0.300,0.166,0.535
239000,0.240,0.161,0.599
239500,0.249,0.184,0.567
240000,0.235,0.244,0.521
240500,0.249,0.203,0.548
241000,0.249,0.198,0.553
241500,0.295,0.152,0.553
242000,0.267,0.152,0.581
242500,0.221,0.175,0.604
243000,0.240,0.161,0.599
243500,0.207,0.101,0.691
244000,0.217,0.180,0.604
244500,0.267,0.157,0.576
245000,0.332,0.120,0.548
245500,0.272,0.143,0.585
246000,0.263,0.115,0.622
246500,0.350,0.106,0.544
247000,0.341,0.129,0.530
247500,0.226,0.115,0.659
248000,0.267,0.143,0.590
248500,0.272,0.147,0.581
249000,0.336,0.147,0.516
249500,0.290,0.134,0.576
250000,0.309,0.134,0.558
250500,0.240,0.134,0.627
251000,0.226,0.157,0.618
251500,0.221,0.180,0.599
252000,0.230,0.180,0.590
252500,0.143,0.258,0.599
253000,0.212,0.240,0.548
253500,0.161,0.180,0.659
254000,0.171,0.244,0.585
254500,0.124,0.318,0.558
255000,0.134,0.281,0.585
255500,0.189,0.258,0.553
256000,0.230,0.152,0.618
256500,0.290,0.115,0.594
257000,0.304,0.124,0.571
257500,0.281,0.143,0.576
258000,0.194,0.166,0.641
258500,0.203,0.161,0.636
259000,0.253,0.124,0.622
259500,0.318,0.088,0.594
260000,0.290,0.097,0.613
260500,0.313,0.134,0.553
261000,0.295,0.111,0.594
261500,0.263,0.138,0.599
262000,0.253,0.157,0.590
262500,0.194,0.161,0.645
263000,0.184,0.221,0.594
263500,0.175,0.166,0.659
264000,0.258,0.115,0.627
264500,0.253,0.134,0.613
265000,0.175,0.161,0.664
265500,0.180,0.249,0.571
266000,0.226,0.161,0.613
266500,0.286,0.143,0.571
267000,0.267,0.184,0.548
267500,0.263,0.171,0.567
268000,0.217,0.207,0.576
268500,0.221,0.212,0.567
269000,0.226,0.212,0.562
269500,0.230,0.184,0.585
270000,0.263,0.152,0.585
270500,0.276,0.129,0.594
271000,0.180,0.157,0.664
271500,0.253,0.244,0.502
272000,0.189,0.198,0.613
272500,0.290,0.120,0.590
273000,0.217,0.161,0.622
273500,0.332,0.161,0.507
274000,0.203,0.161,0.636
274500,0.189,0.212,0.599
275000,0.221,0.184,0.594
275500,0.258,0.147,0.594
276000,0.263,0.175,0.562
276500,0.175,0.106,0.719
277000,0.258,0.138,0.604
277500,0.290,0.115,0.594
278000,0.290,0.143,0.567
278500,0.161,0.253,0.585
279000,0.203,0.240,0.558
279500,0.207,0.217,0.576
280000,0.226,0.203,0.571
280500,0.244,0.161,0.594
281000,0.207,0.166,0.627
281500,0.244,0.184,0.571
282000,0.313,0.120,0.567
282500,0.295,0.129,0.576
283000,0.253,0.175,0.571
283500,0.249,0.138,0.613
284000,0.263,0.120,0.618
284500,0.355,0.083,0.562
285000,0.244,0.120,0.636
285500,0.295,0.124,0.581
286000,0.235,0.143,0.622
286500,0.281,0.111,0.608
287000,0.281,0.129,0.590
287500,0.221,0.166,0.613
288000,0.258,0.161,0.581
288500,0.235,0.152,0.613
289000,0.217,0.171,0.613
289500,0.207,0.184,0.608
290000,0.212,0.157,0.631
290500,0.267,0.180,0.553
291000,0.253,0.226,0.521
291500,0.258,0.152,0.590
292000,0.300,0.171,0.530
292500,0.253,0.171,0.576
293000,0.171,0.217,0.613
293500,0.184,0.217,0.599
294000,0.221,0.180,0.599
294500,0.221,0.189,0.590
295000,0.194,0.221,0.585
295500,0.226,0.143,0.631
296000,0.249,0.198,0.553
296500,0.226,0.203,0.571
297000,0.286,0.184,0.530
297500,0.300,0.161,0.539
298000,0.300,0.134,0.567
298500,0.240,0.207,0.553
299000,0.203,0.175,0.622
299500,0.263,0.134,0.604
300000,0.253,0.171,0.576
300500,0.217,0.166,0.618
301000,0.267,0.115,0.618
301500,0.212,0.171,0.618
302000,0.281,0.138,0.581
302500,0.300,0.092,0.608
303000,0.221,0.124,0.654
303500,0.221,0.147,0.631
304000,0.272,0.171,0.558
304500,0.346,0.115,0.539
305000,0.341,0.115,0.544
305500,0.235,0.101,0.664
306000,0.318,0.092,0.590
306500,0.341,0.074,0.585
307000,0.263,0.120,0.618
307500,0.286,0.120,0.594
308000,0.300,0.120,0.581
308500,0.327,0.120,0.553
309000,0.253,0.124,0.622
309500,0.207,0.207,0.585
310000,0.253,0.207,0.539
310500,0.184,0.184,0.631
311000,0.184,0.198,0.618
311500,0.226,0.157,0.618
312000,0.313,0.134,0.553
312500,0.230,0.166,0.604
313000,0.276,0.221,0.502
313500,0.263,0.180,0.558
314000,0.267,0.134,0.599
314500,0.318,0.115,0.567
315000,0.313,0.138,0.548
315500,0.276,0.184,0.539
316000,0.226,0.143,0.631
316500,0.189,0.166,0.645
317000,0.212,0.147,0.641
317500,0.244,0.198,0.558
318000,0.226,0.217,0.558
318500,0.276,0.157,0.567
319000,0.226,0.147,0.627
319500,0.267,0.235,0.498
320000,0.286,0.184,0.530
320500,0.240,0.175,0.585
321000,0.327,0.124,0.548
321500,0.276,0.120,0.604
322000,0.263,0.138,0.599
322500,0.336,0.115,0.548
323000,0.286,0.157,0.558
323500,0.258,0.161,0.581
324000,0.221,0.134,0.645
324500,0.267,0.171,0.562
325000,0.272,0.147,0.581
325500,0.267,0.171,0.562
326000,0.226,0.180,0.594
326500,0.276,0.184,0.539
327000,0.240,0.226,0.535
327500,0.147,0.180,0.673
328000,0.184,0.207,0.608
328500,0.147,0.263,0.590
329000,0.258,0.166,0.576
329500,0.240,0.249,0.512
330000,0.272,0.120,0.608
330500,0.272,0.097,0.631
331000,0.323,0.111,0.567
331500,0.240,0.147,0.613
332000,0.253,0.147,0.599
332500,0.249,0.171,0.581
333000,0.281,0.134,0.585
333500,0.249,0.203,0.548
334000,0.253,0.120,0.627
334500,0.304,0.161,0.535
335000,0.336,0.171,0.493
335500,0.286,0.171,0.544
336000,0.373,0.106,0.521
336500,0.341,0.083,0.576
337000,0.327,0.069,0.604
337500,0.267,0.120,0.613
338000,0.309,0.124,0.567
338500,0.240,0.152,0.608
339000,0.281,0.161,0.558
339500,0.272,0.171,0.558
340000,0.240,0.115,0.645
340500,0.230,0.212,0.558
341000,0.235,0.184,0.581
341500,0.207,0.147,0.645
342000,0.203,0.152,0.645
342500,0.175,0.207,0.618
343000,0.203,0.240,0.558
343500,0.189,0.244,0.567
344000,0.189,0.295,0.516
344500,0.161,0.304,0.535
345000,0.138,0.281,0.581
345500,0.180,0.194,0.627
346000,0.249,0.152,0.599
346500,0.258,0.184,0.558
347000,0.300,0.138,0.562
347500,0.267,0.115,0.618
348000,0.276,0.111,0.613
348500,0.258,0.138,0.604
349000,0.267,0.134,0.599
349500,0.171,0.226,0.604
350000,0.184,0.212,0.604
350500,0.157,0.203,0.641
351000,0.194,0.175,0.631
351500,0.295,0.115,0.590
352000,0.240,0.124,0.636
352500,0.240,0.184,0.576
353000,0.203,0.161,0.636
353500,0.180,0.203,0.618
354000,0.230,0.184,0.585
354500,0.212,0.253,0.535
355000,0.171,0.207,0.622
355500,0.203,0.175,0.622
356000,0.281,0.194,0.525
356500,0.272,0.184,0.544
357000,0.253,0.180,0.567
357500,0.189,0.244,0.567
358000,0.175,0.276,0.548
358500,0.157,0.267,0.576
359000,0.198,0.189,0.613
359500,0.166,0.198,0.636
360000,0.235,0.217,0.548
360500,0.230,0.194,0.576
361000,0.235,0.194,0.571
361500,0.240,0.180,0.581
362000,0.221,0.189,0.590
362500,0.244,0.184,0.571
363000,0.217,0.175,0.608
363500,0.286,0.152,0.562
364000,0.263,0.106,0.631
364500,0.286,0.120,0.594
365000,0.244,0.217,0.539
365500,0.212,0.230,0.558
366000,0.235,0.207,0.558
366500,0.180,0.161,0.659
367000,0.235,0.161,0.604
367500,0.194,0.230,0.576
368000,0.217,0.244,0.539
368500,0.161,0.212,0.627
369000,0.147,0.230,0.622
369500,0.194,0.138,0.668
370000,0.249,0.138,0.613
370500,0.258,0.180,0.562
371000,0.203,0.175,0.622
371500,0.226,0.175,0.599
372000,0.332,0.171,0.498
372500,0.253,0.120,0.627
373000,0.203,0.217,0.581
373500,0.138,0.235,0.627
374000,0.161,0.230,0.608
374500,0.134,0.332,0.535
375000,0.124,0.313,0.562
375500,0.258,0.184,0.558
376000,0.341,0.129,0.530
376500,0.318,0.134,0.548
377000,0.272,0.147,0.581
377500,0.244,0.184,0.571
378000,0.267,0.189,0.544
378500,0.230,0.138,0.631
379000,0.226,0.203,0.571
379500,0.207,0.226,0.567
380000,0.276,0.138,0.585
380500,0.240,0.157,0.604
381000,0.230,0.207,0.562
381500,0.184,0.217,0.599
382000,0.263,0.143,0.594
382500,0.258,0.124,0.618
383000,0.240,0.184,0.576
383500,0.327,0.120,0.553
384000,0.309,0.092,0.599
384500,0.272,0.120,0.608
385000,0.253,0.147,0.599
385500,0.272,0.143,0.585
386000,0.189,0.180,0.631
386500,0.226,0.152,0.622
387000,0.198,0.175,0.627
387500,0.207,0.226,0.567
388000,0.166,0.230,0.604
388500,0.221,0.198,0.581
389000,0.180,0.138,0.682
389500,0.258,0.129,0.613
390000,0.276,0.115,0.608
390500,0.212,0.157,0.631
391000,0.226,0.189,0.585
391500,0.175,0.244,0.581
392000,0.166,0.244,0.590
392500,0.161,0.221,0.618
393000,0.194,0.207,0.599
393500,0.147,0.244,0.608
394000,0.235,0.230,0.535
394500,0.226,0.221,0.553
395000,0.180,0.194,0.627
395500,0.226,0.240,0.535
396000,0.226,0.207,0.567
396500,0.272,0.175,0.553
397000,0.244,0.147,0.608
397500,0.249,0.203,0.548
398000,0.175,0.240,0.585
398500,0.180,0.286,0.535
399000,0.161,0.230,0.608
399500,0.217,0.180,0.604
400000,0.184,0.175,0.641
400500,0.171,0.175,0.654
401000,0.180,0.235,0.585
401500,0.198,0.226,0.576
402000,0.152,0.152,0.696
402500,0.212,0.221,0.567
403000,0.212,0.161,0.627
403500,0.253,0.184,0.562
404000,0.244,0.189,0.567
404500,0.300,0.138,0.562
405000,0.290,0.152,0.558
405500,0.286,0.152,0.562
406000,0.300,0.194,0.507
406500,0.235,0.161,0.604
407000,0.258,0.198,0.544
407500,0.244,0.180,0.576
408000,0.249,0.166,0.585
408500,0.189,0.207,0.604
409000,0.290,0.138,0.571
409500,0.382,0.101,0.516
410000,0.249,0.124,0.627
410500,0.226,0.129,0.645
411000,0.189,0.207,0.604
411500,0.189,0.198,0.613
412000,0.189,0.203,0.608
412500,0.226,0.212,0.562
413000,0.194,0.207,0.599
413500,0.272,0.143,0.585
414000,0.295,0.147,0.558
414500,0.217,0.221,0.562
415000,0.249,0.143,0.608
415500,0.258,0.203,0.539
416000,0.194,0.161,0.645
416500,0.244,0.203,0.553
417000,0.171,0.235,0.594
417500,0.161,0.281,0.558
418000,0.194,0.217,0.590
418500,0.157,0.189,0.654
419000,0.147,0.300,0.553
419500,0.207,0.180,0.613
420000,0.221,0.143,0.636
420500,0.166,0.203,0.631
421000,0.166,0.212,0.622
421500,0.189,0.217,0.594
422000,0.221,0.221,0.558
422500,0.249,0.240,0.512
423000,0.198,0.138,0.664
423500,0.244,0.157,0.599
424000,0.198,0.203,0.599
424500,0.249,0.134,0.618
425000,0.272,0.152,0.576
425500,0.244,0.207,0.548
426000,0.198,0.171,0.631
426500,0.184,0.212,0.604
427000,0.230,0.180,0.590
427500,0.194,0.184,0.622
428000,0.217,0.217,0.567
428500,0.175,0.267,0.558
429000,0.258,0.221,0.521
429500,0.189,0.152,0.659
430000,0.240,0.166,0.594
430500,0.276,0.138,0.585
431000,0.286,0.120,0.594
431500,0.276,0.120,0.604
432000,0.267,0.166,0.567
432500,0.276,0.198,0.525
433000,0.249,0.166,0.585
433500,0.198,0.217,0.585
434000,0.249,0.198,0.553
434500,0.212,0.161,0.627
435000,0.184,0.203,0.613
435500,0.221,0.129,0.650
436000,0.244,0.129,0.627
436500,0.194,0.212,0.594
437000,0.226,0.171,0.604
437500,0.212,0.161,0.627
438000,0.332,0.115,0.553
438500,0.341,0.115,0.544
439000,0.295,0.083,0.622
439500,0.309,0.097,0.594
440000,0.295,0.138,0.567
440500,0.359,0.171,0.470
441000,0.290,0.147,0.562
441500,0.253,0.166,0.581
442000,0.304,0.111,0.585
442500,0.240,0.161,0.599
443000,0.226,0.198,0.576
443500,0.221,0.097,0.682
444000,0.226,0.134,0.641
444500,0.203,0.189,0.608
445000,0.286,0.124,0.590
445500,0.249,0.111,0.641
446000,0.290,0.120,0.590
446500,0.244,0.194,0.562
447000,0.240,0.157,0.604
447500,0.332,0.134,0.535
448000,0.309,0.101,0.590
448500,0.249,0.106,0.645
449000,0.300,0.106,0.594
449500,0.290,0.129,0.581
450000,0.286,0.120,0.594
450500,0.295,0.106,0.599
451000,0.240,0.189,0.571
451500,0.276,0.147,0.576
452000,0.207,0.217,0.576
452500,0.194,0.120,0.687
453000,0.300,0.147,0.553
453500,0.253,0.184,0.562
454000,0.263,0.161,0.576
454500,0.198,0.175,0.627
455000,0.258,0.171,0.571
455500,0.194,0.226,0.581
456000,0.272,0.138,0.590
456500,0.309,0.143,0.548
457000,0.336,0.083,0.581
457500,0.300,0.101,0.599
458000,0.244,0.124,0.631
458500,0.235,0.189,0.576
459000,0.198,0.198,0.604
459500,0.189,0.143,0.668
460000,0.263,0.152,0.585
460500,0.226,0.171,0.604
461000,0.230,0.184,0.585
461500,0.226,0.240,0.535
462000,0.235,0.101,0.664
462500,0.276,0.111,0.613
463000,0.304,0.129,0.567
463500,0.295,0.083,0.622
464000,0.281,0.134,0.585
464500,0.249,0.129,0.622
465000,0.212,0.166,0.622
465500,0.147,0.207,0.645
466000,0.171,0.203,0.627
466500,0.203,0.184,0.613
467000,0.212,0.230,0.558
467500,0.198,0.217,0.585
468000,0.207,0.175,0.618
468500,0.300,0.120,0.581
469000,0.267,0.115,0.618
469500,0.332,0.097,0.571
470000,0.253,0.175,0.571
470500,0.272,0.194,0.535
471000,0.355,0.134,0.512
471500,0.272,0.244,0.484
472000,0.217,0.171,0.613
472500,0.230,0.106,0.664
473000,0.253,0.134,0.613
473500,0.217,0.161,0.622
474000,0.194,0.175,0.631
474500,0.175,0.203,0.622
475000,0.212,0.203,0.585
475500,0.240,0.230,0.530
476000,0.212,0.189,0.599
476500,0.267,0.217,0.516
477000,0.217,0.217,0.567
477500,0.313,0.120,0.567
478000,0.318,0.134,0.548
478500,0.346,0.106,0.548
479000,0.276,0.115,0.608
479500,0.318,0.138,0.544
480000,0.313,0.111,0.576
480500,0.230,0.147,0.622
481000,0.258,0.180,0.562
481500,0.276,0.152,0.571
482000,0.336,0.106,0.558
482500,0.309,0.088,0.604
483000,0.258,0.129,0.613
483500,0.230,0.166,0.604
484000,0.198,0.207,0.594
484500,0.327,0.124,0.548
485000,0.290,0.111,0.599
485500,0.276,0.101,0.622
486000,0.272,0.124,0.604
486500,0.230,0.175,0.594
487000,0.244,0.147,0.608
487500,0.240,0.171,0.590
488000,0.207,0.171,0.622
488500,0.230,0.212,0.558
489000,0.207,0.184,0.608
489500,0.152,0.184,0.664
490000,0.171,0.258,0.571
490500,0.175,0.249,0.576
491000,0.143,0.295,0.562
491500,0.124,0.198,0.677
492000,0.212,0.180,0.608
492500,0.221,0.157,0.622
493000,0.258,0.171,0.571
493500,0.240,0.129,0.631
494000,0.286,0.138,0.576
494500,0.276,0.106,0.618
495000,0.295,0.111,0.594
495500,0.373,0.097,0.530
496000,0.230,0.212,0.558
496500,0.180,0.235,0.585
497000,0.198,0.226,0.576
497500,0.157,0.161,0.682
498000,0.217,0.194,0.590
498500,0.235,0.194,0.571
499000,0.309,0.134,0.558
499500,0.235,0.203,0.562
500000,0.240,0.221,0.539
500500,0.161,0.217,0.622
501000,0.198,0.194,0.608
501500,0.272,0.221,0.507
502000,0.281,0.147,0.571
502500,0.272,0.147,0.581
503000,0.267,0.157,0.576
503500,0.244,0.184,0.571
504000,0.281,0.180,0.539
504500,0.240,0.157,0.604
505000,0.244,0.161,0.594
505500,0.230,0.129,0.641
506000,0.286,0.101,0.613
506500,0.263,0.138,0.599
507000,0.203,0.171,0.627
507500,0.198,0.226,0.576
508000,0.244,0.129,0.627
508500,0.313,0.106,0.581
509000,0.300,0.143,0.558
509500,0.304,0.115,0.581
510000,0.286,0.115,0.599
510500,0.240,0.152,0.608
511000,0.249,0.203,0.548
511500,0.281,0.129,0.590
512000,0.281,0.171,0.548
512500,0.244,0.166,0.590
513000,0.226,0.152,0.622
513500,0.295,0.184,0.521
514000,0.281,0.115,0.604
514500,0.359,0.129,0.512
515000,0.346,0.134,0.521
515500,0.327,0.129,0.544
516000,0.309,0.092,0.599
516500,0.267,0.134,0.599
517000,0.276,0.115,0.608
517500,0.226,0.171,0.604
518000,0.226,0.171,0.604
518500,0.240,0.152,0.608
519000,0.207,0.171,0.622
519500,0.240,0.198,0.562
520000,0.194,0.194,0.613
520500,0.267,0.134,0.599
521000,0.249,0.111,0.641
521500,0.184,0.161,0.654
522000,0.217,0.207,0.576
522500,0.217,0.207,0.576
523000,0.253,0.184,0.562
523500,0.249,0.157,0.594
524000,0.309,0.134,0.558
524500,0.230,0.175,0.594
525000,0.235,0.194,0.571
525500,0.240,0.198,0.562
526000,0.184,0.143,0.673
526500,0.184,0.129,0.687
527000,0.207,0.161,0.631
527500,0.147,0.175,0.677
528000,0.230,0.101,0.668
528500,0.281,0.106,0.613
529000,0.309,0.120,0.571
529500,0.355,0.157,0.488
530000,0.300,0.106,0.594
530500,0.295,0.124,0.581
531000,0.281,0.166,0.553
531500,0.207,0.189,0.604
532000,0.212,0.207,0.581
532500,0.217,0.235,0.548
533000,0.198,0.207,0.594
533500,0.147,0.230,0.622
534000,0.157,0.221,0.622
534500,0.276,0.184,0.539
535000,0.295,0.184,0.521
535500,0.290,0.147,0.562
536000,0.244,0.115,0.641
536500,0.304,0.115,0.581
537000,0.235,0.115,0.650
537500,0.203,0.175,0.622
538000,0.180,0.249,0.571
538500,0.235,0.189,0.576
539000,0.207,0.189,0.604
539500,0.171,0.212,0.618
540000,0.175,0.272,0.553
540500,0.175,0.253,0.571
541000,0.152,0.263,0.585
541500,0.207,0.235,0.558
542000,0.198,0.189,0.613
542500,0.235,0.184,0.581
543000,0.253,0.129,0.618
543500,0.212,0.101,0.687
544000,0.235,0.143,0.622
544500,0.276,0.115,0.608
545000,0.295,0.078,0.627
545500,0.332,0.115,0.553
546000,0.382,0.143,0.475
546500,0.350,0.115,0.535
547000,0.281,0.097,0.622
547500,0.212,0.217,0.571
548000,0.203,0.198,0.599
548500,0.267,0.175,0.558
549000,0.184,0.198,0.618
549500,0.189,0.171,0.641
550000,0.235,0.161,0.604
550500,0.221,0.157,0.622
551000,0.194,0.217,0.590
551500,0.230,0.147,0.622
552000,0.272,0.129,0.599
552500,0.244,0.184,0.571
553000,0.189,0.138,0.673
553500,0.300,0.088,0.613
554000,0.295,0.097,0.608
554500,0.341,0.138,0.521
555000,0.350,0.115,0.535
555500,0.313,0.143,0.544
556000,0.226,0.147,0.627
556500,0.244,0.129,0.627
557000,0.286,0.143,0.571
557500,0.336,0.092,0.571
558000,0.290,0.074,0.636
558500,0.276,0.143,0.581
559000,0.194,0.166,0.641
559500,0.286,0.134,0.581
560000,0.286,0.097,0.618
560500,0.272,0.111,0.618
561000,0.323,0.161,0.516
561500,0.313,0.120,0.567
562000,0.309,0.120,0.571
562500,0.290,0.129,0.581
563000,0.327,0.230,0.442
563500,0.189,0.147,0.664
564000,0.203,0.152,0.645
564500,0.244,0.111,0.645
565000,0.327,0.134,0.539
565500,0.244,0.088,0.668
566000,0.286,0.101,0.613
566500,0.221,0.124,0.654
567000,0.253,0.161,0.585
567500,0.249,0.129,0.622
568000,0.341,0.115,0.544
568500,0.336,0.097,0.567
569000,0.346,0.111,0.544
569500,0.318,0.115,0.567
570000,0.267,0.157,0.576
570500,0.286,0.180,0.535
571000,0.230,0.184,0.585
571500,0.258,0.171,0.571
572000,0.263,0.115,0.622
572500,0.230,0.134,0.636
573000,0.336,0.097,0.567
573500,0.323,0.092,0.585
574000,0.346,0.111,0.544
574500,0.355,0.088,0.558
575000,0.341,0.083,0.576
575500,0.207,0.166,0.627
576000,0.212,0.198,0.590
576500,0.217,0.217,0.567
577000,0.235,0.244,0.521
577500,0.180,0.203,0.618
578000,0.203,0.180,0.618
578500,0.290,0.175,0.535
579000,0.281,0.175,0.544
579500,0.235,0.194,0.571
580000,0.212,0.166,0.622
580500,0.258,0.189,0.553
581000,0.253,0.147,0.599
581500,0.249,0.111,0.641
582000,0.253,0.138,0.608
582500,0.253,0.180,0.567
583000,0.194,0.180,0.627
583500,0.258,0.175,0.567
584000,0.272,0.147,0.581
584500,0.207,0.138,0.654
585000,0.161,0.175,0.664
585500,0.180,0.203,0.618
586000,0.138,0.217,0.645
586500,0.203,0.152,0.645
587000,0.249,0.203,0.548
587500,0.207,0.184,0.608
588000,0.203,0.194,0.604
588500,0.157,0.157,0.687
589000,0.203,0.175,0.622
589500,0.230,0.180,0.590
590000,0.235,0.180,0.585
590500,0.267,0.189,0.544
591000,0.267,0.120,0.613
591500,0.221,0.161,0.618
592000,0.244,0.189,0.567
592500,0.318,0.143,0.539
593000,0.221,0.175,0.604
593500,0.253,0.147,0.599
594000,0.272,0.134,0.594
594500,0.267,0.083,0.650
595000,0.276,0.134,0.590
595500,0.240,0.152,0.608
596000,0.249,0.194,0.558
596500,0.235,0.129,0.636
597000,0.313,0.111,0.576
597500,0.286,0.152,0.562
598000,0.263,0.069,0.668
598500,0.286,0.161,0.553
599000,0.290,0.055,0.654
599500,0.323,0.124,0.553
600000,0.230,0.203,0.567
600500,0.217,0.194,0.590
601000,0.194,0.194,0.613
601500,0.171,0.198,0.631
602000,0.235,0.138,0.627
602500,0.240,0.157,0.604
603000,0.207,0.194,0.599
603500,0.166,0.212,0.622
604000,0.180,0.226,0.594
604500,0.184,0.300,0.516
605000,0.235,0.249,0.516
605500,0.263,0.180,0.558
606000,0.217,0.143,0.641
606500,0.207,0.147,0.645
607000,0.194,0.207,0.599
607500,0.171,0.203,0.627
608000,0.198,0.166,0.636
608500,0.240,0.147,0.613
609000,0.249,0.194,0.558
609500,0.253,0.147,0.599
610000,0.332,0.143,0.525
610500,0.332,0.124,0.544
611000,0.359,0.097,0.544
611500,0.313,0.092,0.594
612000,0.332,0.124,0.544
612500,0.180,0.143,0.677
613000,0.263,0.184,0.553
613500,0.263,0.120,0.618
614000,0.267,0.138,0.594
614500,0.180,0.143,0.677
615000,0.217,0.166,0.618
615500,0.180,0.171,0.650
616000,0.194,0.226,0.581
616500,0.217,0.221,0.562
617000,0.212,0.212,0.576
617500,0.212,0.111,0.677
618000,0.272,0.189,0.539
618500,0.258,0.111,0.631
619000,0.336,0.097,0.567
619500,0.203,0.166,0.631
620000,0.171,0.175,0.654
620500,0.198,0.166,0.636
621000,0.203,0.226,0.571
621500,0.230,0.189,0.581
622000,0.194,0.161,0.645
622500,0.207,0.226,0.567
623000,0.221,0.198,0.581
623500,0.267,0.184,0.548
624000,0.189,0.207,0.604
624500,0.203,0.230,0.567
625000,0.203,0.152,0.645
625500,0.161,0.230,0.608
626000,0.180,0.272,0.548
626500,0.226,0.166,0.608
627000,0.221,0.157,0.622
627500,0.281,0.147,0.571
628000,0.332,0.101,0.567
628500,0.327,0.115,0.558
629000,0.253,0.115,0.631
629500,0.276,0.152,0.571
630000,0.203,0.184,0.613
630500,0.184,0.189,0.627
631000,0.194,0.230,0.576
631500,0.207,0.249,0.544
632000,0.235,0.161,0.604
632500,0.304,0.180,0.516
633000,0.272,0.175,0.553
633500,0.226,0.203,0.571
634000,0.267,0.157,0.576
634500,0.332,0.115,0.553
635000,0.258,0.175,0.567
635500,0.267,0.194,0.539
636000,0.235,0.198,0.567
636500,0.189,0.226,0.585
637000,0.249,0.115,0.636
637500,0.327,0.101,0.571
638000,0.309,0.147,0.544
638500,0.217,0.171,0.613
639000,0.221,0.175,0.604
639500,0.230,0.221,0.548
640000,0.207,0.281,0.512
640500,0.171,0.226,0.604
641000,0.203,0.161,0.636
641500,0.263,0.253,0.484
642000,0.138,0.207,0.654
642500,0.171,0.263,0.567
643000,0.203,0.194,0.604
643500,0.244,0.152,0.604
644000,0.267,0.124,0.608
644500,0.286,0.152,0.562
645000,0.226,0.207,0.567
645500,0.198,0.194,0.608
646000,0.189,0.258,0.553
646500,0.143,0.249,0.608
647000,0.166,0.300,0.535
647500,0.152,0.253,0.594
648000,0.230,0.244,0.525
648500,0.147,0.240,0.613
649000,0.207,0.226,0.567
649500,0.184,0.198,0.618
650000,0.189,0.152,0.659
650500,0.286,0.152,0.562
651000,0.226,0.184,0.590
651500,0.161,0.226,0.613
652000,0.212,0.157,0.631
652500,0.198,0.221,0.581
653000,0.203,0.189,0.608
653500,0.203,0.166,0.631
654000,0.240,0.217,0.544
654500,0.249,0.184,0.567
655000,0.290,0.106,0.604
655500,0.318,0.120,0.562
656000,0.281,0.161,0.558
656500,0.207,0.194,0.599
657000,0.217,0.230,0.553
657500,0.194,0.235,0.571
658000,0.184,0.240,0.576
658500,0.198,0.212,0.590
659000,0.157,0.171,0.673
659500,0.203,0.134,0.664
660000,0.226,0.207,0.567
660500,0.207,0.189,0.604
661000,0.212,0.198,0.590
661500,0.244,0.157,0.599
662000,0.272,0.129,0.599
662500,0.226,0.171,0.604
663000,0.253,0.088,0.659
663500,0.295,0.120,0.585
664000,0.286,0.101,0.613
664500,0.276,0.065,0.659
665000,0.295,0.115,0.590
665500,0.235,0.166,0.599
666000,0.263,0.166,0.571
666500,0.267,0.124,0.608
667000,0.276,0.124,0.599
667500,0.253,0.147,0.599
668000,0.203,0.212,0.585
668500,0.198,0.198,0.604
669000,0.189,0.152,0.659
669500,0.157,0.217,0.627
670000,0.207,0.175,0.618
670500,0.203,0.184,0.613
671000,0.276,0.212,0.512
671500,0.175,0.180,0.645
672000,0.171,0.207,0.622
672500,0.217,0.244,0.539
673000,0.166,0.221,0.613
673500,0.267,0.203,0.530
674000,0.180,0.184,0.636
674500,0.198,0.157,0.645
675000,0.272,0.138,0.590
675500,0.217,0.217,0.567
676000,0.184,0.203,0.613
676500,0.184,0.217,0.599
677000,0.198,0.194,0.608
677500,0.253,0.152,0.594
678000,0.226,0.157,0.618
678500,0.272,0.138,0.590
679000,0.221,0.157,0.622
679500,0.198,0.207,0.594
680000,0.198,0.203,0.599
680500,0.212,0.244,0.544
681000,0.249,0.221,0.530
681500,0.230,0.138,0.631
682000,0.267,0.143,0.590
682500,0.318,0.138,0.544
683000,0.382,0.083,0.535
683500,0.392,0.124,0.484
684000,0.323,0.143,0.535
684500,0.263,0.161,0.576
685000,0.244,0.152,0.604
685500,0.235,0.226,0.539
686000,0.249,0.203,0.548
686500,0.226,0.276,0.498
687000,0.157,0.198,0.645
687500,0.212,0.161,0.627
688000,0.230,0.143,0.627
688500,0.286,0.184,0.530
689000,0.281,0.166,0.553
689500,0.313,0.138,0.548
690000,0.336,0.115,0.548
690500,0.355,0.101,0.544
691000,0.364,0.101,0.535
691500,0.304,0.147,0.548
692000,0.249,0.115,0.636
692500,0.267,0.143,0.590
693000,0.244,0.106,0.650
693500,0.359,0.115,0.525
694000,0.341,0.147,0.512
694500,0.364,0.065,0.571
695000,0.318,0.078,0.604
695500,0.300,0.101,0.599
696000,0.240,0.157,0.604
696500,0.272,0.138,0.590
697000,0.147,0.212,0.641
697500,0.180,0.147,0.673
698000,0.180,0.263,0.558
698500,0.230,0.235,0.535
699000,0.295,0.129,0.576
699500,0.295,0.092,0.613
700000,0.313,0.161,0.525
700500,0.240,0.097,0.664
701000,0.295,0.124,0.581
701500,0.332,0.157,0.512
702000,0.281,0.157,0.562
702500,0.198,0.152,0.650
703000,0.212,0.175,0.613
703500,0.147,0.212,0.641
704000,0.180,0.240,0.581
704500,0.217,0.253,0.530
705000,0.235,0.184,0.581
705500,0.286,0.147,0.567
706000,0.240,0.161,0.599
706500,0.217,0.175,0.608
707000,0.166,0.244,0.590
707500,0.230,0.207,0.562
708000,0.235,0.226,0.539
708500,0.235,0.134,0.631
709000,0.276,0.152,0.571
709500,0.300,0.138,0.562
710000,0.281,0.198,0.521
710500,0.171,0.189,0.641
711000,0.249,0.189,0.562
711500,0.276,0.138,0.585
712000,0.249,0.134,0.618
712500,0.272,0.152,0.576
713000,0.295,0.152,0.553
713500,0.244,0.226,0.530
714000,0.249,0.180,0.571
714500,0.171,0.184,0.645
715000,0.221,0.286,0.493
715500,0.253,0.194,0.553
716000,0.212,0.198,0.590
716500,0.258,0.194,0.548
717000,0.290,0.143,0.567
717500,0.258,0.189,0.553
718000,0.304,0.189,0.507
718500,0.226,0.101,0.673
719000,0.258,0.157,0.585
719500,0.267,0.143,0.590
720000,0.267,0.161,0.571
720500,0.313,0.147,0.539
721000,0.327,0.115,0.558
721500,0.327,0.138,0.535
722000,0.369,0.147,0.484
722500,0.258,0.180,0.562
723000,0.189,0.221,0.590
723500,0.203,0.217,0.581
724000,0.230,0.240,0.530
724500,0.198,0.217,0.585
725000,0.157,0.203,0.641
725500,0.207,0.161,0.631
726000,0.249,0.203,0.548
726500,0.194,0.212,0.594
727000,0.203,0.198,0.599
727500,0.235,0.189,0.576
728000,0.221,0.212,0.567
728500,0.194,0.203,0.604
729000,0.235,0.152,0.613
729500,0.304,0.152,0.544
730000,0.217,0.143,0.641
730500,0.194,0.171,0.636
731000,0.180,0.111,0.710
731500,0.203,0.207,0.590
732000,0.240,0.166,0.594
732500,0.267,0.161,0.571
733000,0.276,0.147,0.576
733500,0.281,0.180,0.539
734000,0.253,0.175,0.571
734500,0.253,0.207,0.539
735000,0.263,0.147,0.590
735500,0.249,0.152,0.599
736000,0.207,0.194,0.599
736500,0.290,0.143,0.567
737000,0.253,0.157,0.590
737500,0.286,0.134,0.581
738000,0.258,0.106,0.636
738500,0.253,0.115,0.631
739000,0.249,0.198,0.553
739500,0.281,0.161,0.558
740000,0.258,0.180,0.562
740500,0.221,0.207,0.571
741000,0.253,0.184,0.562
741500,0.258,0.115,0.627
742000,0.240,0.134,0.627
742500,0.263,0.138,0.599
743000,0.276,0.157,0.567
743500,0.189,0.166,0.645
744000,0.410,0.074,0.516
744500,0.373,0.147,0.479
745000,0.336,0.111,0.553
745500,0.244,0.106,0.650
746000,0.217,0.138,0.645
746500,0.249,0.124,0.627
747000,0.253,0.134,0.613
747500,0.244,0.088,0.668
748000,0.226,0.101,0.673
748500,0.253,0.166,0.581
749000,0.240,0.161,0.599
749500,0.184,0.203,0.613
750000,0.134,0.253,0.613
750500,0.184,0.217,0.599
751000,0.226,0.194,0.581
751500,0.240,0.157,0.604
752000,0.166,0.226,0.608
752500,0.171,0.346,0.484
753000,0.175,0.189,0.636
753500,0.161,0.267,0.571
754000,0.203,0.217,0.581
754500,0.240,0.180,0.581
755000,0.203,0.157,0.641
755500,0.235,0.143,0.622
756000,0.217,0.124,0.659
756500,0.244,0.152,0.604
757000,0.281,0.157,0.562
757500,0.272,0.134,0.594
758000,0.249,0.189,0.562
758500,0.244,0.138,0.618
759000,0.290,0.143,0.567
759500,0.221,0.207,0.571
760000,0.263,0.147,0.590
760500,0.304,0.115,0.581
761000,0.272,0.134,0.594
761500,0.286,0.124,0.590
762000,0.249,0.157,0.594
762500,0.240,0.194,0.567
763000,0.212,0.203,0.585
763500,0.180,0.166,0.654
764000,0.217,0.189,0.594
764500,0.258,0.198,0.544
765000,0.194,0.203,0.604
765500,0.290,0.194,0.516
766000,0.318,0.189,0.493
766500,0.304,0.217,0.479
767000,0.244,0.180,0.576
767500,0.290,0.143,0.567
768000,0.290,0.120,0.590
768500,0.253,0.184,0.562
769000,0.240,0.143,0.618
769500,0.235,0.198,0.567
770000,0.295,0.194,0.512
770500,0.230,0.207,0.562
771000,0.253,0.161,0.585
771500,0.244,0.152,0.604
772000,0.203,0.180,0.618
772500,0.286,0.143,0.571
773000,0.346,0.120,0.535
773500,0.341,0.115,0.544
774000,0.267,0.180,0.553
774500,0.198,0.221,0.581
775000,0.235,0.161,0.604
775500,0.267,0.111,0.622
776000,0.152,0.212,0.636
776500,0.198,0.217,0.585
777000,0.221,0.212,0.567
777500,0.235,0.207,0.558
778000,0.309,0.157,0.535
778500,0.309,0.147,0.544
779000,0.300,0.157,0.544
779500,0.240,0.143,0.618
780000,0.221,0.203,0.576
780500,0.171,0.244,0.585
781000,0.161,0.217,0.622
781500,0.180,0.230,0.590
782000,0.184,0.157,0.659
782500,0.157,0.226,0.618
783000,0.189,0.180,0.631
783500,0.221,0.152,0.627
784000,0.258,0.166,0.576
784500,0.207,0.171,0.622
785000,0.230,0.138,0.631
785500,0.235,0.152,0.613
786000,0.272,0.157,0.571
786500,0.230,0.138,0.631
787000,0.198,0.249,0.553
787500,0.249,0.161,0.590
788000,0.194,0.175,0.631
788500,0.171,0.194,0.636
789000,0.184,0.207,0.608
789500,0.263,0.161,0.576
790000,0.276,0.138,0.585
790500,0.350,0.189,0.461
791000,0.272,0.124,0.604
791500,0.258,0.120,0.622
792000,0.281,0.217,0.502
792500,0.203,0.189,0.608
793000,0.263,0.147,0.590
793500,0.267,0.157,0.576
794000,0.267,0.124,0.608
794500,0.327,0.101,0.571
795000,0.309,0.115,0.576
795500,0.276,0.166,0.558
796000,0.217,0.166,0.618
796500,0.189,0.221,0.590
797000,0.235,0.161,0.604
797500,0.240,0.120,0.641
798000,0.309,0.161,0.530
798500,0.281,0.129,0.590
799000,0.217,0.147,0.636
799500,0.276,0.106,0.618
800000,0.300,0.134,0.567
800500,0.240,0.230,0.530
801000,0.272,0.143,0.585
801500,0.249,0.157,0.594
802000,0.207,0.184,0.608
802500,0.171,0.221,0.608
803000,0.230,0.217,0.553
803500,0.249,0.157,0.594
804000,0.203,0.152,0.645
804500,0.300,0.147,0.553
805000,0.230,0.161,0.608
805500,0.235,0.152,0.613
806000,0.281,0.120,0.599
806500,0.290,0.124,0.585
807000,0.286,0.147,0.567
807500,0.207,0.147,0.645
808000,0.263,0.143,0.594
808500,0.332,0.129,0.539
809000,0.212,0.161,0.627
809500,0.249,0.111,0.641
810000,0.272,0.134,0.594
810500,0.258,0.088,0.654
811000,0.253,0.138,0.608
811500,0.198,0.203,0.599
812000,0.207,0.221,0.571
812500,0.184,0.203,0.613
813000,0.194,0.230,0.576
813500,0.203,0.184,0.613
814000,0.263,0.198,0.539
814500,0.253,0.184,0.562
815000,0.290,0.171,0.539
815500,0.240,0.203,0.558
816000,0.226,0.166,0.608
816500,0.207,0.180,0.613
817000,0.244,0.120,0.636
817500,0.309,0.074,0.618
818000,0.281,0.120,0.599
818500,0.253,0.069,0.677
819000,0.212,0.124,0.664
819500,0.171,0.235,0.594
820000,0.240,0.166,0.594
820500,0.258,0.189,0.553
821000,0.263,0.161,0.576
821500,0.263,0.138,0.599
822000,0.272,0.124,0.604
822500,0.240,0.143,0.618
823000,0.198,0.207,0.594
823500,0.198,0.152,0.650
824000,0.175,0.124,0.700
824500,0.230,0.138,0.631
825000,0.180,0.171,0.650
825500,0.221,0.189,0.590
826000,0.217,0.194,0.590
826500,0.249,0.152,0.599
827000,0.230,0.161,0.608
827500,0.240,0.161,0.599
828000,0.235,0.111,0.654
828500,0.276,0.129,0.594
829000,0.244,0.171,0.585
829500,0.240,0.134,0.627
830000,0.171,0.212,0.618
830500,0.161,0.184,0.654
831000,0.230,0.180,0.590
831500,0.207,0.189,0.604
832000,0.203,0.217,0.581
832500,0.203,0.175,0.622
833000,0.194,0.198,0.608
833500,0.189,0.272,0.539
834000,0.138,0.276,0.585
834500,0.124,0.276,0.599
835000,0.175,0.235,0.590
835500,0.175,0.244,0.581
836000,0.189,0.180,0.631
836500,0.198,0.226,0.576
837000,0.249,0.235,0.516
837500,0.230,0.180,0.590
838000,0.166,0.235,0.599
838500,0.184,0.212,0.604
839000,0.258,0.147,0.594
839500,0.300,0.143,0.558
840000,0.313,0.101,0.585
840500,0.309,0.120,0.571
841000,0.300,0.106,0.594
841500,0.323,0.120,0.558
842000,0.272,0.120,0.608
842500,0.226,0.161,0.613
843000,0.276,0.161,0.562
843500,0.396,0.069,0.535
844000,0.304,0.157,0.539
844500,0.235,0.198,0.567
845000,0.207,0.212,0.581
845500,0.235,0.166,0.599
846000,0.221,0.138,0.641
846500,0.221,0.124,0.654
847000,0.272,0.120,0.608
847500,0.230,0.180,0.590
848000,0.267,0.166,0.567
848500,0.230,0.166,0.604
849000,0.226,0.175,0.599
849500,0.272,0.138,0.590
850000,0.263,0.134,0.604
850500,0.263,0.106,0.631
851000,0.263,0.120,0.618
851500,0.244,0.161,0.594
852000,0.175,0.134,0.691
852500,0.157,0.157,0.687
853000,0.253,0.194,0.553
853500,0.189,0.221,0.590
854000,0.157,0.212,0.631
854500,0.175,0.226,0.599
855000,0.194,0.157,0.650
855500,0.171,0.194,0.636
856000,0.207,0.184,0.608
856500,0.171,0.157,0.673
857000,0.198,0.180,0.622
857500,0.244,0.217,0.539
858000,0.180,0.226,0.594
858500,0.276,0.175,0.548
859000,0.304,0.138,0.558
859500,0.166,0.175,0.659
860000,0.230,0.138,0.631
860500,0.180,0.189,0.631
861000,0.221,0.212,0.567
861500,0.226,0.221,0.553
862000,0.249,0.147,0.604
862500,0.240,0.194,0.567
863000,0.240,0.143,0.618
863500,0.263,0.180,0.558
864000,0.350,0.106,0.544
864500,0.244,0.111,0.645
865000,0.272,0.175,0.553
865500,0.180,0.244,0.576
866000,0.207,0.253,0.539
866500,0.281,0.184,0.535
867000,0.207,0.175,0.618
867500,0.272,0.152,0.576
868000,0.267,0.097,0.636
868500,0.323,0.074,0.604
869000,0.336,0.088,0.576
869500,0.276,0.120,0.604
870000,0.332,0.143,0.525
870500,0.230,0.207,0.562
871000,0.258,0.138,0.604
871500,0.203,0.147,0.650
872000,0.207,0.226,0.567
872500,0.212,0.138,0.650
873000,0.244,0.134,0.622
873500,0.221,0.194,0.585
874000,0.161,0.221,0.618
874500,0.143,0.207,0.650
875000,0.157,0.267,0.576
875500,0.189,0.272,0.539
876000,0.230,0.235,0.535
876500,0.286,0.171,0.544
877000,0.341,0.157,0.502
877500,0.267,0.157,0.576
878000,0.300,0.120,0.581
878500,0.272,0.092,0.636
879000,0.253,0.124,0.622
879500,0.244,0.198,0.558
880000,0.258,0.207,0.535
880500,0.194,0.161,0.645
881000,0.217,0.286,0.498
881500,0.263,0.143,0.594
882000,0.309,0.175,0.516
882500,0.240,0.143,0.618
883000,0.267,0.161,0.571
883500,0.267,0.143,0.590
884000,0.244,0.157,0.599
884500,0.235,0.171,0.594
885000,0.240,0.194,0.567
885500,0.267,0.143,0.590
886000,0.313,0.120,0.567
886500,0.290,0.194,0.516
887000,0.300,0.184,0.516
887500,0.267,0.166,0.567
888000,0.290,0.147,0.562
888500,0.313,0.129,0.558
889000,0.263,0.161,0.576
889500,0.263,0.203,0.535
890000,0.309,0.147,0.544
890500,0.286,0.171,0.544
891000,0.281,0.115,0.604
891500,0.378,0.120,0.502
892000,0.332,0.143,0.525
892500,0.309,0.115,0.576
893000,0.253,0.166,0.581
893500,0.267,0.175,0.558
894000,0.318,0.083,0.599
894500,0.341,0.152,0.507
895000,0.304,0.129,0.567
895500,0.313,0.157,0.530
896000,0.332,0.138,0.530
896500,0.258,0.120,0.622
897000,0.304,0.097,0.599
897500,0.295,0.138,0.567
898000,0.300,0.074,0.627
898500,0.281,0.101,0.618
899000,0.244,0.134,0.622
899500,0.207,0.147,0.645
900000,0.309,0.111,0.581
900500,0.304,0.083,0.613
901000,0.295,0.129,0.576
901500,0.272,0.129,0.599
902000,0.263,0.147,0.590
902500,0.313,0.111,0.576
903000,0.235,0.166,0.599
903500,0.226,0.065,0.710
904000,0.207,0.198,0.594
904500,0.272,0.147,0.581
905000,0.217,0.138,0.645
905500,0.221,0.161,0.618
906000,0.304,0.161,0.535
906500,0.309,0.180,0.512
907000,0.230,0.235,0.535
907500,0.198,0.207,0.594
908000,0.253,0.143,0.604
908500,0.281,0.161,0.558
909000,0.313,0.152,0.535
909500,0.276,0.184,0.539
910000,0.226,0.161,0.613
910500,0.249,0.157,0.594
911000,0.217,0.198,0.585
911500,0.230,0.180,0.590
912000,0.295,0.161,0.544
912500,0.276,0.194,0.530
913000,0.295,0.152,0.553
913500,0.253,0.198,0.548
914000,0.221,0.147,0.631
914500,0.263,0.120,0.618
915000,0.207,0.152,0.641
915500,0.235,0.198,0.567
916000,0.263,0.184,0.553
916500,0.230,0.166,0.604
917000,0.341,0.134,0.525
917500,0.313,0.092,0.594
918000,0.350,0.083,0.567
918500,0.373,0.120,0.507
919000,0.382,0.065,0.553
919500,0.336,0.092,0.571
920000,0.281,0.124,0.594
920500,0.249,0.120,0.631
921000,0.309,0.083,0.608
921500,0.272,0.134,0.594
922000,0.286,0.171,0.544
922500,0.244,0.147,0.608
923000,0.166,0.198,0.636
923500,0.249,0.124,0.627
924000,0.235,0.207,0.558
924500,0.249,0.198,0.553
925000,0.267,0.189,0.544
925500,0.198,0.212,0.590
926000,0.157,0.276,0.567
926500,0.124,0.281,0.594
927000,0.120,0.272,0.608
927500,0.175,0.244,0.581
928000,0.138,0.304,0.558
928500,0.115,0.272,0.613
929000,0.124,0.253,0.622
929500,0.203,0.253,0.544
930000,0.244,0.152,0.604
930500,0.249,0.189,0.562
931000,0.240,0.157,0.604
931500,0.203,0.115,0.682
932000,0.180,0.134,0.687
932500,0.217,0.217,0.567
933000,0.281,0.207,0.512
933500,0.300,0.115,0.585
934000,0.226,0.180,0.594
934500,0.230,0.184,0.585
935000,0.263,0.157,0.581
935500,0.221,0.171,0.608
936000,0.217,0.212,0.571
936500,0.198,0.258,0.544
937000,0.198,0.235,0.567
937500,0.263,0.157,0.581
938000,0.203,0.226,0.571
938500,0.207,0.207,0.585
939000,0.235,0.194,0.571
939500,0.235,0.184,0.581
940000,0.194,0.184,0.622
940500,0.203,0.217,0.581
941000,0.207,0.194,0.599
941500,0.143,0.180,0.677
942000,0.147,0.226,0.627
942500,0.221,0.198,0.581
943000,0.272,0.147,0.581
943500,0.295,0.157,0.548
944000,0.221,0.083,0.696
944500,0.235,0.180,0.585
945000,0.286,0.175,0.539
945500,0.253,0.212,0.535
946000,0.226,0.217,0.558
946500,0.230,0.203,0.567
947000,0.212,0.281,0.507
947500,0.143,0.346,0.512
948000,0.189,0.272,0.539
948500,0.198,0.207,0.594
949000,0.207,0.217,0.576
949500,0.253,0.157,0.590
950000,0.295,0.111,0.594
950500,0.221,0.175,0.604
951000,0.226,0.138,0.636
951500,0.249,0.129,0.622
952000,0.203,0.175,0.622
952500,0.276,0.230,0.493
953000,0.235,0.161,0.604
953500,0.226,0.230,0.544
954000,0.276,0.184,0.539
954500,0.258,0.189,0.553
955000,0.258,0.175,0.567
955500,0.276,0.175,0.548
956000,0.244,0.129,0.627
956500,0.253,0.120,0.627
957000,0.267,0.161,0.571
957500,0.235,0.171,0.594
958000,0.207,0.157,0.636
958500,0.281,0.175,0.544
959000,0.313,0.138,0.548
959500,0.452,0.065,0.484
960000,0.392,0.078,0.530
960500,0.341,0.055,0.604
961000,0.318,0.115,0.567
961500,0.267,0.129,0.604
962000,0.346,0.189,0.465
962500,0.221,0.194,0.585
963000,0.184,0.263,0.553
963500,0.207,0.189,0.604
964000,0.272,0.124,0.604
964500,0.286,0.147,0.567
965000,0.286,0.143,0.571
965500,0.272,0.134,0.594
966000,0.240,0.092,0.668
966500,0.189,0.184,0.627
967000,0.180,0.198,0.622
967500,0.207,0.161,0.631
968000,0.212,0.207,0.581
968500,0.217,0.161,0.622
969000,0.184,0.194,0.622
969500,0.217,0.189,0.594
970000,0.217,0.212,0.571
970500,0.290,0.111,0.599
971000,0.180,0.189,0.631
971500,0.217,0.189,0.594
972000,0.217,0.166,0.618
972500,0.235,0.157,0.608
973000,0.286,0.143,0.571
973500,0.318,0.124,0.558
974000,0.230,0.157,0.613
974500,0.313,0.152,0.535
975000,0.235,0.134,0.631
975500,0.230,0.166,0.604
976000,0.207,0.189,0.604
976500,0.143,0.253,0.604
977000,0.129,0.281,0.590
977500,0.180,0.217,0.604
978000,0.212,0.161,0.627
978500,0.235,0.157,0.608
979000,0.272,0.106,0.622
979500,0.267,0.134,0.599
980000,0.253,0.157,0.590
980500,0.217,0.207,0.576
981000,0.244,0.189,0.567
981500,0.212,0.189,0.599
982000,0.180,0.180,0.641
982500,0.249,0.194,0.558
983000,0.171,0.180,0.650
983500,0.166,0.276,0.558
984000,0.175,0.226,0.599
984500,0.129,0.221,0.650
985000,0.161,0.166,0.673
985500,0.244,0.152,0.604
986000,0.175,0.138,0.687
986500,0.189,0.161,0.650
987000,0.198,0.184,0.618
987500,0.221,0.166,0.613
988000,0.217,0.157,0.627
988500,0.235,0.152,0.613
989000,0.253,0.189,0.558
989500,0.235,0.152,0.613
990000,0.276,0.166,0.558
990500,0.272,0.143,0.585
991000,0.221,0.161,0.618
991500,0.304,0.157,0.539
992000,0.221,0.147,0.631
992500,0.226,0.161,0.613
993000,0.226,0.138,0.636
993500,0.198,0.175,0.627
994000,0.263,0.189,0.548
994500,0.281,0.138,0.581
995000,0.221,0.230,0.548
995500,0.253,0.184,0.562
996000,0.217,0.212,0.571
996500,0.304,0.175,0.521
997000,0.327,0.138,0.535
997500,0.276,0.101,0.622
998000,0.304,0.078,0.618
998500,0.240,0.074,0.687
999000,0.249,0.134,0.618
999500,0.212,0.111,0.677
1000000,0.207,0.161,0.631
