time,n_A+p,n_B,n_AB
1000,0.185,0.285,0.530
2000,0.121,0.267,0.612
3000,0.166,0.259,0.575
4000,0.115,0.301,0.584
5000,0.074,0.414,0.512
6000,0.039,0.478,0.483
7000,0.019,0.568,0.413
8000,0.005,0.647,0.348
9000,0.006,0.685,0.309
10000,0.013,0.676,0.311
11000,0.003,0.736,0.261
12000,0.001,0.718,0.281
13000,0.003,0.777,0.220
14000,0.000,0.810,0.190
15000,0.000,0.802,0.198
16000,0.000,0.822,0.178
17000,0.000,0.844,0.156
18000,0.000,0.845,0.155
19000,0.000,0.856,0.144
20000,0.000,0.850,0.150
21000,0.000,0.834,0.166
22000,0.000,0.805,0.195
23000,0.000,0.747,0.253
24000,0.000,0.758,0.242
25000,0.000,0.817,0.183
26000,0.000,0.860,0.140
27000,0.000,0.824,0.176
28000,0.000,0.847,0.153
29000,0.000,0.857,0.143
30000,0.000,0.866,0.134
31000,0.000,0.920,0.080
32000,0.000,0.887,0.113
33000,0.000,0.852,0.148
34000,0.000,0.870,0.130
35000,0.000,0.888,0.112
36000,0.000,0.904,0.096
37000,0.000,0.931,0.069
38000,0.000,0.900,0.100
39000,0.000,0.872,0.128
40000,0.000,0.915,0.085
41000,0.000,0.951,0.049
42000,0.000,0.961,0.039
43000,0.000,0.966,0.034
44000,0.000,0.982,0.018
45000,0.000,0.995,0.005
46000,0.000,0.991,0.009
47000,0.000,0.995,0.005
48000,0.000,0.990,0.010
49000,0.000,0.998,0.002
50000,0.000,0.999,0.001
51000,0.000,1.000,0.000
