time,n_A+p,n_B,n_AB
100,0.397,0.430,0.174
200,0.360,0.376,0.264
300,0.339,0.343,0.318
400,0.405,0.302,0.293
500,0.434,0.273,0.293
600,0.442,0.260,0.298
700,0.475,0.231,0.293
800,0.554,0.182,0.264
900,0.616,0.157,0.227
1000,0.698,0.112,0.190
1100,0.740,0.074,0.186
1200,0.802,0.058,0.140
1300,0.822,0.045,0.132
1400,0.806,0.037,0.157
1500,0.826,0.033,0.140
1600,0.897,0.021,0.083
1700,0.942,0.021,0.037
1800,0.938,0.012,0.050
1900,0.950,0.004,0.045
2000,0.959,0.000,0.041
2100,0.979,0.000,0.021
2200,0.988,0.000,0.012
2300,0.988,0.000,0.012
2400,0.992,0.000,0.008
2500,0.992,0.000,0.008
2600,0.988,0.000,0.012
2700,1.000,0.000,0.000
