time,n_A+p,n_B,n_AB
500,0.080,0.547,0.373
1000,0.080,0.321,0.599
1500,0.084,0.257,0.659
2000,0.128,0.162,0.710
2500,0.241,0.051,0.708
3000,0.419,0.010,0.571
3500,0.637,0.000,0.363
4000,0.730,0.000,0.270
4500,0.731,0.000,0.269
5000,0.852,0.000,0.148
5500,0.863,0.000,0.137
6000,0.831,0.000,0.169
6500,0.824,0.000,0.176
7000,0.759,0.000,0.241
7500,0.803,0.000,0.197
8000,0.853,0.000,0.147
8500,0.820,0.000,0.180
9000,0.818,0.000,0.182
9500,0.806,0.000,0.194
10000,0.813,0.000,0.187
10500,0.898,0.000,0.102
11000,0.927,0.000,0.073
11500,0.945,0.000,0.055
12000,0.877,0.000,0.123
12500,0.929,0.000,0.071
13000,0.901,0.000,0.099
13500,0.893,0.000,0.107
14000,0.859,0.000,0.141
14500,0.866,0.000,0.134
15000,0.919,0.000,0.081
15500,0.924,0.000,0.076
16000,0.919,0.000,0.081
16500,0.944,0.000,0.056
17000,0.941,0.000,0.059
17500,0.875,0.000,0.125
18000,0.898,0.000,0.102
18500,0.933,0.000,0.067
19000,0.918,0.000,0.082
19500,0.985,0.000,0.015
20000,0.997,0.000,0.003
20500,0.999,0.000,0.001
21000,1.000,0.000,0.000
