time,n_A+p,n_B,n_AB
500,0.080,0.781,0.139
1000,0.080,0.657,0.263
1500,0.080,0.513,0.407
2000,0.080,0.407,0.513
2500,0.088,0.371,0.540
3000,0.095,0.305,0.600
3500,0.106,0.228,0.665
4000,0.110,0.222,0.668
4500,0.136,0.220,0.644
5000,0.148,0.162,0.690
5500,0.197,0.116,0.687
6000,0.314,0.060,0.625
6500,0.455,0.020,0.525
7000,0.635,0.004,0.361
7500,0.753,0.000,0.247
8000,0.806,0.000,0.194
8500,0.840,0.000,0.160
9000,0.881,0.000,0.119
9500,0.921,0.000,0.079
10000,0.936,0.000,0.064
10500,0.953,0.000,0.047
11000,0.959,0.000,0.041
11500,0.983,0.000,0.017
12000,0.972,0.000,0.028
12500,0.981,0.000,0.019
13000,0.988,0.000,0.012
13500,0.996,0.000,0.004
14000,0.993,0.000,0.007
14500,0.998,0.000,0.002
15000,0.999,0.000,0.001
15500,1.000,0.000,0.000
16000,1.000,0.000,0.000
