time,n_A+p,n_B,n_AB
100,0.417,0.519,0.064
200,0.388,0.499,0.112
300,0.373,0.474,0.153
400,0.362,0.441,0.197
500,0.346,0.429,0.225
600,0.337,0.421,0.242
700,0.328,0.409,0.264
800,0.316,0.397,0.287
900,0.313,0.392,0.295
1000,0.304,0.385,0.311
1100,0.302,0.375,0.323
1200,0.292,0.367,0.341
1300,0.281,0.354,0.365
1400,0.273,0.354,0.373
1500,0.268,0.351,0.381
1600,0.264,0.342,0.394
1700,0.259,0.335,0.406
1800,0.253,0.321,0.426
1900,0.254,0.318,0.428
2000,0.246,0.315,0.439
2100,0.244,0.307,0.448
2200,0.242,0.301,0.457
2300,0.240,0.291,0.469
2400,0.240,0.285,0.475
2500,0.237,0.284,0.479
2600,0.236,0.286,0.478
2700,0.225,0.284,0.491
2800,0.221,0.282,0.497
2900,0.217,0.274,0.510
3000,0.216,0.274,0.511
3100,0.211,0.271,0.518
3200,0.207,0.268,0.525
3300,0.205,0.261,0.533
3400,0.202,0.259,0.538
3500,0.199,0.260,0.540
3600,0.196,0.257,0.546
3700,0.199,0.252,0.549
3800,0.203,0.251,0.545
3900,0.200,0.245,0.555
4000,0.205,0.245,0.550
4100,0.199,0.245,0.556
4200,0.200,0.243,0.557
4300,0.204,0.236,0.560
4400,0.198,0.235,0.567
4500,0.193,0.233,0.574
4600,0.190,0.235,0.575
4700,0.194,0.233,0.573
4800,0.196,0.226,0.578
4900,0.193,0.223,0.584
5000,0.189,0.221,0.590
5100,0.187,0.222,0.591
5200,0.185,0.217,0.599
5300,0.185,0.212,0.603
5400,0.188,0.212,0.600
5500,0.190,0.213,0.597
5600,0.194,0.212,0.593
5700,0.188,0.210,0.602
5800,0.186,0.210,0.604
5900,0.187,0.211,0.602
6000,0.186,0.211,0.603
6100,0.181,0.210,0.609
6200,0.180,0.213,0.607
6300,0.179,0.209,0.612
6400,0.179,0.211,0.610
6500,0.182,0.212,0.606
6600,0.186,0.212,0.602
6700,0.187,0.209,0.604
6800,0.184,0.209,0.607
6900,0.186,0.208,0.606
7000,0.183,0.204,0.613
7100,0.180,0.204,0.616
7200,0.177,0.204,0.619
7300,0.179,0.204,0.617
7400,0.174,0.204,0.622
7500,0.177,0.201,0.622
7600,0.173,0.201,0.626
7700,0.178,0.201,0.621
7800,0.178,0.200,0.622
7900,0.178,0.199,0.623
8000,0.178,0.200,0.622
8100,0.178,0.198,0.624
8200,0.176,0.194,0.630
8300,0.172,0.192,0.636
8400,0.187,0.186,0.627
8500,0.188,0.185,0.627
8600,0.187,0.190,0.623
8700,0.188,0.188,0.624
8800,0.189,0.186,0.625
8900,0.190,0.185,0.625
9000,0.190,0.183,0.627
9100,0.188,0.183,0.629
9200,0.186,0.180,0.634
9300,0.182,0.178,0.640
9400,0.180,0.182,0.638
9500,0.182,0.183,0.635
9600,0.181,0.182,0.637
9700,0.178,0.183,0.639
9800,0.176,0.191,0.633
9900,0.177,0.188,0.635
10000,0.174,0.191,0.635
10100,0.176,0.188,0.636
10200,0.190,0.189,0.621
10300,0.187,0.191,0.622
10400,0.181,0.188,0.631
10500,0.178,0.179,0.644
10600,0.177,0.176,0.648
10700,0.175,0.173,0.653
10800,0.172,0.178,0.651
10900,0.170,0.173,0.658
11000,0.178,0.176,0.647
11100,0.180,0.177,0.644
11200,0.177,0.176,0.648
11300,0.177,0.175,0.649
11400,0.177,0.174,0.650
11500,0.173,0.175,0.653
11600,0.172,0.175,0.654
11700,0.170,0.178,0.653
11800,0.166,0.177,0.657
11900,0.168,0.177,0.656
12000,0.166,0.174,0.660
12100,0.162,0.174,0.664
12200,0.163,0.175,0.662
12300,0.165,0.173,0.662
12400,0.155,0.172,0.673
12500,0.154,0.171,0.675
12600,0.151,0.168,0.681
12700,0.144,0.166,0.689
12800,0.147,0.166,0.686
12900,0.147,0.171,0.682
13000,0.146,0.175,0.679
13100,0.170,0.177,0.654
13200,0.170,0.179,0.652
13300,0.168,0.179,0.654
13400,0.166,0.178,0.656
13500,0.168,0.175,0.658
13600,0.165,0.172,0.663
13700,0.162,0.170,0.668
13800,0.156,0.170,0.674
13900,0.164,0.166,0.669
14000,0.170,0.170,0.661
14100,0.170,0.172,0.659
14200,0.165,0.170,0.665
14300,0.160,0.175,0.665
14400,0.159,0.174,0.667
14500,0.159,0.174,0.667
14600,0.154,0.174,0.672
14700,0.153,0.172,0.675
14800,0.154,0.170,0.676
14900,0.155,0.166,0.678
15000,0.152,0.169,0.679
15100,0.150,0.163,0.686
15200,0.147,0.162,0.691
15300,0.149,0.160,0.691
15400,0.148,0.158,0.694
15500,0.145,0.158,0.697
15600,0.148,0.156,0.696
15700,0.144,0.156,0.700
15800,0.146,0.152,0.702
15900,0.157,0.152,0.691
16000,0.157,0.153,0.689
16100,0.156,0.154,0.689
16200,0.156,0.152,0.692
16300,0.156,0.154,0.689
16400,0.153,0.156,0.691
16500,0.151,0.152,0.697
16600,0.148,0.155,0.697
16700,0.149,0.153,0.698
16800,0.149,0.165,0.685
16900,0.152,0.166,0.681
17000,0.148,0.158,0.694
17100,0.150,0.153,0.697
17200,0.148,0.150,0.702
17300,0.149,0.152,0.699
17400,0.148,0.152,0.700
17500,0.147,0.144,0.709
17600,0.149,0.146,0.705
17700,0.146,0.143,0.711
17800,0.146,0.140,0.714
17900,0.146,0.143,0.711
18000,0.144,0.141,0.715
18100,0.149,0.142,0.709
18200,0.150,0.141,0.709
18300,0.148,0.146,0.706
18400,0.144,0.147,0.709
18500,0.139,0.144,0.717
18600,0.137,0.139,0.724
18700,0.137,0.137,0.726
18800,0.135,0.137,0.728
18900,0.135,0.140,0.725
19000,0.147,0.140,0.713
19100,0.150,0.142,0.708
19200,0.152,0.139,0.709
19300,0.153,0.141,0.706
19400,0.154,0.138,0.708
19500,0.155,0.141,0.704
19600,0.152,0.138,0.710
19700,0.148,0.136,0.716
19800,0.146,0.136,0.718
19900,0.152,0.138,0.710
20000,0.154,0.135,0.711
20100,0.153,0.135,0.712
20200,0.155,0.135,0.710
20300,0.158,0.135,0.707
20400,0.153,0.153,0.694
20500,0.152,0.151,0.697
20600,0.147,0.155,0.698
20700,0.150,0.159,0.691
20800,0.149,0.156,0.695
20900,0.153,0.154,0.693
21000,0.154,0.150,0.696
21100,0.155,0.153,0.692
21200,0.154,0.155,0.691
21300,0.157,0.152,0.691
21400,0.154,0.148,0.698
21500,0.150,0.145,0.705
21600,0.149,0.146,0.705
21700,0.146,0.144,0.710
21800,0.145,0.137,0.718
21900,0.147,0.137,0.716
22000,0.147,0.138,0.715
22100,0.150,0.139,0.711
22200,0.149,0.139,0.712
22300,0.148,0.135,0.717
22400,0.144,0.133,0.723
22500,0.140,0.134,0.726
22600,0.138,0.136,0.726
22700,0.139,0.132,0.729
22800,0.137,0.135,0.728
22900,0.135,0.137,0.728
23000,0.135,0.135,0.730
23100,0.138,0.139,0.723
23200,0.140,0.137,0.723
23300,0.135,0.134,0.731
23400,0.136,0.132,0.732
23500,0.136,0.136,0.728
23600,0.135,0.146,0.719
23700,0.133,0.146,0.721
23800,0.132,0.143,0.725
23900,0.130,0.148,0.722
24000,0.127,0.147,0.726
24100,0.128,0.145,0.727
24200,0.130,0.141,0.729
24300,0.128,0.142,0.730
24400,0.128,0.142,0.730
24500,0.127,0.142,0.731
24600,0.129,0.140,0.731
24700,0.127,0.136,0.737
24800,0.146,0.135,0.719
24900,0.143,0.137,0.720
25000,0.140,0.137,0.723
25100,0.136,0.140,0.724
25200,0.133,0.142,0.725
25300,0.133,0.137,0.730
25400,0.131,0.134,0.735
25500,0.134,0.131,0.735
25600,0.134,0.132,0.734
25700,0.132,0.129,0.740
25800,0.132,0.126,0.743
25900,0.130,0.127,0.744
26000,0.131,0.134,0.735
26100,0.134,0.131,0.735
26200,0.134,0.129,0.737
26300,0.134,0.130,0.736
26400,0.130,0.130,0.741
26500,0.125,0.130,0.746
26600,0.127,0.127,0.747
26700,0.129,0.134,0.737
26800,0.128,0.133,0.740
26900,0.130,0.132,0.739
27000,0.133,0.132,0.735
27100,0.131,0.130,0.740
27200,0.125,0.131,0.745
27300,0.127,0.129,0.745
27400,0.126,0.128,0.747
27500,0.124,0.132,0.745
27600,0.122,0.131,0.748
27700,0.118,0.132,0.750
27800,0.123,0.131,0.747
27900,0.121,0.133,0.747
28000,0.123,0.136,0.742
28100,0.122,0.131,0.748
28200,0.124,0.130,0.747
28300,0.124,0.125,0.752
28400,0.129,0.138,0.733
28500,0.131,0.136,0.733
28600,0.130,0.137,0.733
28700,0.139,0.134,0.727
28800,0.139,0.139,0.722
28900,0.137,0.139,0.724
29000,0.136,0.140,0.724
29100,0.136,0.143,0.721
29200,0.134,0.151,0.715
29300,0.132,0.143,0.725
29400,0.129,0.145,0.726
29500,0.125,0.143,0.732
29600,0.127,0.136,0.737
29700,0.126,0.133,0.742
29800,0.127,0.131,0.743
29900,0.128,0.136,0.736
30000,0.130,0.133,0.737
30100,0.131,0.135,0.734
30200,0.128,0.139,0.733
30300,0.129,0.131,0.741
30400,0.125,0.132,0.744
30500,0.127,0.135,0.739
30600,0.126,0.135,0.740
30700,0.125,0.134,0.742
30800,0.147,0.131,0.722
30900,0.143,0.131,0.726
31000,0.138,0.127,0.735
31100,0.137,0.127,0.736
31200,0.138,0.128,0.734
31300,0.136,0.132,0.732
31400,0.133,0.134,0.733
31500,0.136,0.130,0.734
31600,0.134,0.131,0.735
31700,0.136,0.125,0.740
31800,0.134,0.124,0.743
31900,0.134,0.124,0.743
32000,0.130,0.123,0.748
32100,0.128,0.121,0.752
32200,0.128,0.124,0.749
32300,0.133,0.123,0.745
32400,0.132,0.125,0.744
32500,0.136,0.121,0.744
32600,0.134,0.122,0.745
32700,0.136,0.120,0.745
32800,0.138,0.121,0.742
32900,0.139,0.121,0.741
33000,0.136,0.122,0.743
33100,0.135,0.123,0.743
33200,0.148,0.123,0.729
33300,0.144,0.123,0.733
33400,0.142,0.120,0.739
33500,0.140,0.120,0.741
33600,0.139,0.121,0.741
33700,0.136,0.123,0.742
33800,0.134,0.122,0.745
33900,0.136,0.123,0.742
34000,0.134,0.123,0.744
34100,0.135,0.121,0.745
34200,0.134,0.124,0.743
34300,0.134,0.123,0.744
34400,0.130,0.122,0.749
34500,0.127,0.122,0.752
34600,0.132,0.118,0.750
34700,0.129,0.123,0.749
34800,0.130,0.123,0.748
34900,0.128,0.120,0.753
35000,0.130,0.117,0.753
35100,0.129,0.116,0.755
35200,0.127,0.114,0.759
35300,0.126,0.118,0.756
35400,0.125,0.116,0.759
35500,0.123,0.117,0.760
35600,0.127,0.117,0.756
35700,0.123,0.120,0.758
35800,0.117,0.120,0.763
35900,0.118,0.120,0.762
36000,0.118,0.118,0.763
36100,0.115,0.118,0.766
36200,0.112,0.115,0.772
36300,0.109,0.114,0.776
36400,0.111,0.113,0.775
36500,0.122,0.116,0.762
36600,0.120,0.114,0.766
36700,0.116,0.120,0.764
36800,0.120,0.124,0.757
36900,0.124,0.127,0.750
37000,0.138,0.123,0.740
37100,0.139,0.126,0.735
37200,0.138,0.123,0.740
37300,0.136,0.118,0.746
37400,0.134,0.115,0.751
37500,0.132,0.116,0.752
37600,0.131,0.120,0.750
37700,0.129,0.138,0.733
37800,0.127,0.133,0.741
37900,0.129,0.130,0.742
38000,0.130,0.127,0.744
38100,0.129,0.129,0.743
38200,0.126,0.128,0.747
38300,0.126,0.126,0.749
38400,0.126,0.125,0.750
38500,0.125,0.125,0.751
38600,0.124,0.126,0.751
38700,0.125,0.128,0.748
38800,0.125,0.125,0.751
38900,0.123,0.124,0.754
39000,0.120,0.124,0.757
39100,0.124,0.126,0.751
39200,0.122,0.123,0.756
39300,0.131,0.122,0.748
39400,0.127,0.121,0.753
39500,0.128,0.118,0.754
39600,0.126,0.116,0.758
39700,0.123,0.116,0.761
39800,0.117,0.120,0.763
39900,0.117,0.115,0.767
40000,0.117,0.117,0.765
40100,0.118,0.116,0.765
40200,0.122,0.115,0.763
40300,0.122,0.116,0.762
40400,0.120,0.117,0.763
40500,0.122,0.117,0.761
40600,0.120,0.120,0.761
40700,0.121,0.117,0.762
40800,0.118,0.116,0.765
40900,0.121,0.113,0.766
41000,0.118,0.117,0.764
41100,0.118,0.137,0.745
41200,0.118,0.133,0.749
41300,0.123,0.130,0.748
41400,0.128,0.124,0.749
41500,0.125,0.122,0.754
41600,0.127,0.126,0.748
41700,0.125,0.132,0.744
41800,0.121,0.131,0.749
41900,0.122,0.123,0.756
42000,0.122,0.126,0.753
42100,0.120,0.127,0.754
42200,0.121,0.127,0.753
42300,0.120,0.130,0.751
42400,0.116,0.131,0.753
42500,0.114,0.134,0.752
42600,0.114,0.131,0.755
42700,0.114,0.128,0.758
42800,0.116,0.127,0.757
42900,0.118,0.126,0.756
43000,0.124,0.124,0.753
43100,0.118,0.122,0.760
43200,0.115,0.114,0.770
43300,0.112,0.117,0.770
43400,0.108,0.115,0.776
43500,0.108,0.117,0.774
43600,0.105,0.120,0.775
43700,0.106,0.118,0.775
43800,0.104,0.118,0.777
43900,0.106,0.115,0.778
44000,0.104,0.113,0.782
44100,0.109,0.111,0.779
44200,0.108,0.112,0.779
44300,0.108,0.111,0.780
44400,0.107,0.111,0.781
44500,0.106,0.109,0.784
44600,0.110,0.112,0.777
44700,0.109,0.112,0.778
44800,0.109,0.117,0.773
44900,0.108,0.111,0.780
45000,0.111,0.110,0.778
45100,0.113,0.111,0.775
45200,0.113,0.110,0.776
45300,0.111,0.104,0.784
45400,0.111,0.103,0.785
45500,0.112,0.103,0.784
45600,0.111,0.102,0.787
45700,0.109,0.107,0.783
45800,0.108,0.107,0.784
45900,0.110,0.108,0.781
46000,0.109,0.106,0.784
46100,0.110,0.103,0.787
46200,0.108,0.104,0.788
46300,0.108,0.108,0.783
46400,0.107,0.110,0.782
46500,0.104,0.108,0.788
46600,0.105,0.106,0.789
46700,0.105,0.104,0.791
46800,0.108,0.107,0.784
46900,0.107,0.107,0.785
47000,0.104,0.114,0.781
47100,0.106,0.115,0.778
47200,0.107,0.116,0.776
47300,0.102,0.120,0.778
47400,0.101,0.114,0.784
47500,0.098,0.111,0.791
47600,0.101,0.107,0.792
47700,0.099,0.104,0.797
47800,0.101,0.103,0.796
47900,0.128,0.101,0.771
48000,0.124,0.105,0.771
48100,0.126,0.105,0.769
48200,0.128,0.110,0.762
48300,0.141,0.110,0.749
48400,0.138,0.111,0.751
48500,0.133,0.112,0.755
48600,0.130,0.109,0.761
48700,0.129,0.107,0.764
48800,0.133,0.111,0.756
48900,0.128,0.111,0.761
49000,0.127,0.110,0.763
49100,0.132,0.113,0.755
49200,0.130,0.108,0.762
49300,0.129,0.115,0.756
49400,0.129,0.114,0.757
49500,0.133,0.115,0.752
49600,0.133,0.117,0.750
49700,0.132,0.114,0.754
49800,0.137,0.111,0.752
49900,0.130,0.111,0.759
50000,0.132,0.112,0.756
50100,0.126,0.106,0.768
50200,0.124,0.107,0.769
50300,0.124,0.108,0.768
50400,0.121,0.106,0.773
50500,0.115,0.113,0.771
50600,0.112,0.113,0.774
50700,0.111,0.113,0.775
50800,0.115,0.116,0.768
50900,0.112,0.114,0.773
51000,0.107,0.112,0.780
51100,0.106,0.109,0.784
51200,0.106,0.108,0.785
51300,0.108,0.110,0.781
51400,0.112,0.111,0.776
51500,0.116,0.108,0.775
51600,0.116,0.107,0.776
51700,0.115,0.106,0.778
51800,0.112,0.101,0.787
51900,0.110,0.099,0.791
52000,0.116,0.102,0.781
52100,0.116,0.101,0.782
52200,0.112,0.105,0.782
52300,0.110,0.104,0.785
52400,0.107,0.103,0.790
52500,0.108,0.102,0.790
52600,0.110,0.106,0.783
52700,0.113,0.105,0.781
52800,0.113,0.103,0.783
52900,0.111,0.102,0.787
53000,0.109,0.103,0.788
53100,0.107,0.102,0.791
53200,0.105,0.103,0.792
53300,0.103,0.101,0.796
53400,0.106,0.108,0.785
53500,0.105,0.109,0.785
53600,0.104,0.112,0.783
53700,0.103,0.111,0.785
53800,0.104,0.111,0.784
53900,0.107,0.115,0.777
54000,0.112,0.112,0.775
54100,0.108,0.109,0.782
54200,0.104,0.106,0.790
54300,0.105,0.107,0.788
54400,0.106,0.104,0.790
54500,0.107,0.102,0.791
54600,0.106,0.102,0.792
54700,0.102,0.105,0.793
54800,0.102,0.103,0.795
54900,0.099,0.103,0.798
55000,0.101,0.103,0.796
55100,0.098,0.103,0.799
55200,0.094,0.104,0.802
55300,0.094,0.103,0.803
55400,0.096,0.102,0.802
55500,0.097,0.103,0.800
55600,0.098,0.104,0.798
55700,0.102,0.105,0.793
55800,0.103,0.101,0.796
55900,0.101,0.100,0.799
56000,0.102,0.102,0.796
56100,0.101,0.099,0.800
56200,0.101,0.100,0.799
56300,0.105,0.098,0.797
56400,0.104,0.096,0.800
56500,0.105,0.100,0.795
56600,0.101,0.099,0.800
56700,0.103,0.098,0.799
56800,0.107,0.095,0.798
56900,0.105,0.094,0.801
57000,0.106,0.091,0.803
57100,0.105,0.091,0.804
57200,0.114,0.091,0.795
57300,0.117,0.093,0.790
57400,0.112,0.091,0.797
57500,0.112,0.096,0.792
57600,0.118,0.098,0.783
57700,0.117,0.095,0.788
57800,0.116,0.095,0.789
57900,0.117,0.095,0.788
58000,0.116,0.094,0.790
58100,0.115,0.096,0.789
58200,0.113,0.095,0.792
58300,0.113,0.093,0.794
58400,0.113,0.095,0.792
58500,0.116,0.094,0.790
58600,0.117,0.098,0.784
58700,0.120,0.100,0.780
58800,0.114,0.097,0.789
58900,0.120,0.103,0.777
59000,0.118,0.109,0.772
59100,0.110,0.107,0.782
59200,0.109,0.107,0.783
59300,0.106,0.109,0.784
59400,0.111,0.110,0.778
59500,0.109,0.104,0.787
59600,0.112,0.102,0.785
59700,0.106,0.104,0.790
59800,0.108,0.105,0.787
59900,0.110,0.106,0.783
60000,0.110,0.103,0.787
60100,0.110,0.102,0.788
60200,0.106,0.102,0.792
60300,0.107,0.100,0.793
60400,0.108,0.100,0.792
60500,0.108,0.101,0.791
60600,0.104,0.103,0.793
60700,0.102,0.102,0.796
60800,0.112,0.106,0.781
60900,0.109,0.103,0.788
61000,0.109,0.116,0.774
61100,0.107,0.115,0.777
61200,0.105,0.114,0.780
61300,0.104,0.112,0.783
61400,0.103,0.113,0.783
61500,0.103,0.114,0.782
61600,0.101,0.112,0.787
61700,0.104,0.116,0.779
61800,0.104,0.111,0.784
61900,0.102,0.114,0.783
62000,0.103,0.112,0.784
62100,0.103,0.112,0.784
62200,0.104,0.114,0.781
62300,0.111,0.112,0.776
62400,0.107,0.114,0.778
62500,0.107,0.112,0.780
62600,0.115,0.109,0.775
62700,0.111,0.109,0.779
62800,0.107,0.108,0.784
62900,0.105,0.104,0.791
63000,0.105,0.105,0.790
63100,0.101,0.101,0.798
63200,0.101,0.099,0.800
63300,0.100,0.109,0.791
63400,0.099,0.113,0.788
63500,0.096,0.109,0.795
63600,0.104,0.106,0.790
63700,0.102,0.107,0.791
63800,0.106,0.103,0.791
63900,0.106,0.100,0.794
64000,0.105,0.100,0.795
64100,0.105,0.100,0.795
64200,0.104,0.100,0.796
64300,0.105,0.097,0.798
64400,0.105,0.098,0.797
64500,0.108,0.098,0.794
64600,0.109,0.100,0.791
64700,0.111,0.111,0.777
64800,0.113,0.106,0.780
64900,0.108,0.106,0.785
65000,0.106,0.104,0.790
65100,0.106,0.104,0.790
65200,0.102,0.104,0.794
65300,0.105,0.102,0.793
65400,0.102,0.100,0.798
65500,0.104,0.098,0.798
65600,0.102,0.097,0.801
65700,0.100,0.096,0.804
65800,0.100,0.098,0.802
65900,0.096,0.100,0.804
66000,0.098,0.101,0.801
66100,0.098,0.098,0.804
66200,0.100,0.095,0.805
66300,0.100,0.093,0.807
66400,0.097,0.096,0.807
66500,0.098,0.098,0.804
66600,0.096,0.098,0.806
66700,0.109,0.098,0.793
66800,0.112,0.103,0.784
66900,0.112,0.103,0.784
67000,0.110,0.101,0.789
67100,0.109,0.102,0.789
67200,0.108,0.104,0.788
67300,0.108,0.106,0.785
67400,0.107,0.102,0.791
67500,0.110,0.101,0.789
67600,0.114,0.101,0.784
67700,0.113,0.104,0.782
67800,0.110,0.104,0.785
67900,0.109,0.101,0.790
68000,0.106,0.103,0.791
68100,0.105,0.105,0.790
68200,0.104,0.102,0.794
68300,0.102,0.101,0.797
68400,0.102,0.103,0.795
68500,0.103,0.106,0.791
68600,0.102,0.105,0.793
68700,0.099,0.111,0.790
68800,0.098,0.110,0.792
68900,0.102,0.107,0.791
69000,0.104,0.101,0.795
69100,0.103,0.099,0.798
69200,0.105,0.096,0.799
69300,0.103,0.095,0.802
69400,0.102,0.095,0.803
69500,0.108,0.096,0.796
69600,0.113,0.097,0.790
69700,0.109,0.101,0.790
69800,0.106,0.100,0.794
69900,0.109,0.098,0.793
70000,0.110,0.103,0.787
70100,0.111,0.099,0.790
70200,0.113,0.098,0.789
70300,0.112,0.097,0.791
70400,0.112,0.098,0.790
70500,0.113,0.096,0.791
70600,0.121,0.094,0.785
70700,0.118,0.094,0.788
70800,0.115,0.093,0.792
70900,0.116,0.093,0.791
71000,0.112,0.089,0.799
71100,0.115,0.089,0.796
71200,0.113,0.090,0.797
71300,0.112,0.089,0.799
71400,0.112,0.097,0.791
71500,0.109,0.097,0.794
71600,0.109,0.101,0.790
71700,0.107,0.111,0.781
71800,0.108,0.113,0.778
71900,0.109,0.107,0.783
72000,0.110,0.109,0.780
72100,0.108,0.101,0.791
72200,0.107,0.098,0.795
72300,0.108,0.102,0.790
72400,0.110,0.099,0.791
72500,0.108,0.096,0.796
72600,0.110,0.093,0.797
72700,0.110,0.109,0.780
72800,0.108,0.106,0.785
72900,0.107,0.104,0.789
73000,0.107,0.102,0.791
73100,0.108,0.097,0.795
73200,0.107,0.097,0.796
73300,0.104,0.098,0.798
73400,0.108,0.096,0.796
73500,0.108,0.094,0.798
73600,0.105,0.095,0.800
73700,0.109,0.093,0.798
73800,0.111,0.093,0.796
73900,0.108,0.099,0.793
74000,0.110,0.103,0.787
74100,0.111,0.105,0.783
74200,0.108,0.103,0.789
74300,0.105,0.103,0.792
74400,0.107,0.101,0.792
74500,0.106,0.102,0.792
74600,0.106,0.099,0.795
74700,0.107,0.098,0.795
74800,0.108,0.096,0.796
74900,0.112,0.100,0.788
75000,0.109,0.099,0.792
75100,0.108,0.097,0.795
75200,0.107,0.095,0.798
75300,0.108,0.094,0.798
75400,0.106,0.096,0.798
75500,0.107,0.098,0.795
75600,0.106,0.096,0.798
75700,0.107,0.103,0.790
75800,0.105,0.104,0.791
75900,0.106,0.105,0.789
76000,0.104,0.091,0.805
76100,0.108,0.092,0.800
76200,0.111,0.088,0.801
76300,0.108,0.090,0.802
76400,0.107,0.090,0.803
76500,0.105,0.090,0.805
76600,0.101,0.092,0.807
76700,0.104,0.088,0.808
76800,0.121,0.090,0.790
76900,0.120,0.089,0.792
77000,0.118,0.094,0.788
77100,0.115,0.092,0.793
77200,0.109,0.097,0.794
77300,0.115,0.096,0.789
77400,0.113,0.093,0.794
77500,0.107,0.091,0.802
77600,0.107,0.092,0.801
77700,0.127,0.093,0.780
77800,0.135,0.092,0.773
77900,0.139,0.091,0.770
78000,0.135,0.093,0.772
78100,0.137,0.091,0.772
78200,0.130,0.088,0.782
78300,0.127,0.086,0.788
78400,0.128,0.084,0.789
78500,0.124,0.086,0.791
78600,0.123,0.085,0.793
78700,0.121,0.086,0.794
78800,0.121,0.084,0.796
78900,0.114,0.081,0.805
79000,0.112,0.081,0.807
79100,0.111,0.081,0.808
79200,0.107,0.082,0.811
79300,0.105,0.079,0.816
79400,0.109,0.080,0.811
79500,0.109,0.083,0.808
79600,0.111,0.083,0.806
79700,0.109,0.081,0.810
79800,0.104,0.085,0.811
79900,0.105,0.086,0.809
80000,0.101,0.095,0.804
80100,0.099,0.091,0.810
80200,0.102,0.085,0.813
80300,0.094,0.088,0.818
80400,0.094,0.085,0.821
80500,0.094,0.085,0.821
80600,0.092,0.082,0.826
80700,0.092,0.084,0.824
80800,0.092,0.084,0.824
80900,0.092,0.084,0.824
81000,0.093,0.083,0.824
81100,0.088,0.081,0.831
81200,0.088,0.084,0.828
81300,0.093,0.084,0.823
81400,0.094,0.082,0.824
81500,0.101,0.082,0.817
81600,0.103,0.084,0.813
81700,0.100,0.080,0.820
81800,0.097,0.082,0.821
81900,0.101,0.083,0.816
82000,0.096,0.081,0.823
82100,0.098,0.084,0.818
82200,0.100,0.079,0.821
82300,0.103,0.087,0.810
82400,0.102,0.086,0.812
82500,0.106,0.087,0.807
82600,0.102,0.092,0.806
82700,0.104,0.090,0.806
82800,0.104,0.089,0.807
82900,0.100,0.090,0.810
83000,0.106,0.091,0.803
83100,0.108,0.091,0.801
83200,0.106,0.090,0.804
83300,0.104,0.094,0.802
83400,0.101,0.096,0.803
83500,0.106,0.096,0.798
83600,0.101,0.098,0.801
83700,0.114,0.096,0.790
83800,0.117,0.091,0.792
83900,0.117,0.091,0.792
84000,0.114,0.091,0.795
84100,0.114,0.091,0.795
84200,0.114,0.096,0.790
84300,0.107,0.098,0.795
84400,0.102,0.096,0.802
84500,0.098,0.094,0.808
84600,0.100,0.091,0.809
84700,0.093,0.093,0.814
84800,0.096,0.093,0.811
84900,0.095,0.090,0.815
85000,0.097,0.091,0.812
85100,0.100,0.090,0.810
85200,0.097,0.088,0.815
85300,0.093,0.088,0.819
85400,0.092,0.086,0.822
85500,0.094,0.086,0.820
85600,0.088,0.086,0.826
85700,0.087,0.087,0.826
85800,0.086,0.087,0.827
85900,0.088,0.087,0.825
86000,0.087,0.091,0.822
86100,0.087,0.089,0.824
86200,0.086,0.087,0.827
86300,0.087,0.087,0.826
86400,0.087,0.089,0.824
86500,0.084,0.092,0.824
86600,0.097,0.091,0.812
86700,0.096,0.094,0.810
86800,0.096,0.098,0.806
86900,0.097,0.097,0.806
87000,0.090,0.098,0.812
87100,0.088,0.094,0.818
87200,0.088,0.092,0.820
87300,0.084,0.091,0.825
87400,0.085,0.091,0.824
87500,0.087,0.095,0.818
87600,0.086,0.097,0.817
87700,0.084,0.099,0.817
87800,0.084,0.097,0.819
87900,0.082,0.092,0.826
88000,0.080,0.092,0.828
88100,0.080,0.100,0.820
88200,0.079,0.103,0.818
88300,0.080,0.102,0.818
88400,0.089,0.099,0.812
88500,0.087,0.095,0.818
88600,0.090,0.091,0.819
88700,0.091,0.090,0.819
88800,0.089,0.090,0.821
88900,0.092,0.097,0.811
89000,0.090,0.096,0.814
89100,0.089,0.099,0.812
89200,0.089,0.096,0.815
89300,0.085,0.094,0.821
89400,0.083,0.094,0.823
89500,0.084,0.098,0.818
89600,0.082,0.096,0.822
89700,0.082,0.093,0.825
89800,0.081,0.095,0.824
89900,0.083,0.098,0.819
90000,0.086,0.096,0.818
90100,0.082,0.093,0.825
90200,0.083,0.096,0.821
90300,0.081,0.093,0.826
90400,0.080,0.089,0.831
90500,0.081,0.088,0.831
90600,0.080,0.088,0.832
90700,0.081,0.094,0.825
90800,0.081,0.093,0.826
90900,0.081,0.096,0.823
91000,0.079,0.095,0.826
91100,0.081,0.097,0.822
91200,0.080,0.095,0.825
91300,0.078,0.100,0.822
91400,0.079,0.098,0.823
91500,0.081,0.096,0.823
91600,0.082,0.094,0.824
91700,0.083,0.094,0.823
91800,0.084,0.095,0.821
91900,0.086,0.091,0.823
92000,0.087,0.088,0.825
92100,0.088,0.086,0.826
92200,0.092,0.083,0.825
92300,0.092,0.106,0.802
92400,0.089,0.101,0.810
92500,0.088,0.101,0.811
92600,0.091,0.099,0.810
92700,0.089,0.093,0.818
92800,0.092,0.091,0.817
92900,0.098,0.088,0.814
93000,0.099,0.083,0.818
93100,0.097,0.085,0.818
93200,0.097,0.084,0.819
93300,0.096,0.083,0.821
93400,0.095,0.081,0.824
93500,0.096,0.085,0.819
93600,0.091,0.088,0.821
93700,0.091,0.086,0.823
93800,0.091,0.085,0.824
93900,0.091,0.086,0.823
94000,0.090,0.086,0.824
94100,0.088,0.086,0.826
94200,0.092,0.089,0.819
94300,0.094,0.088,0.818
94400,0.095,0.090,0.815
94500,0.091,0.092,0.817
94600,0.092,0.090,0.818
94700,0.097,0.087,0.816
94800,0.093,0.092,0.815
94900,0.092,0.087,0.821
95000,0.089,0.088,0.823
95100,0.088,0.086,0.826
95200,0.088,0.085,0.827
95300,0.088,0.089,0.823
95400,0.088,0.089,0.823
95500,0.090,0.086,0.824
95600,0.087,0.085,0.828
95700,0.087,0.086,0.827
95800,0.088,0.084,0.828
95900,0.087,0.082,0.831
96000,0.088,0.083,0.829
96100,0.094,0.083,0.823
96200,0.097,0.083,0.820
96300,0.095,0.082,0.823
96400,0.099,0.082,0.819
96500,0.096,0.084,0.820
96600,0.095,0.084,0.821
96700,0.093,0.080,0.827
96800,0.096,0.078,0.826
96900,0.095,0.080,0.825
97000,0.097,0.079,0.824
97100,0.094,0.078,0.828
97200,0.090,0.078,0.832
97300,0.089,0.079,0.832
97400,0.094,0.081,0.825
97500,0.092,0.081,0.827
97600,0.091,0.079,0.830
97700,0.089,0.076,0.836
97800,0.088,0.076,0.837
97900,0.088,0.100,0.812
98000,0.090,0.105,0.805
98100,0.090,0.105,0.805
98200,0.088,0.102,0.810
98300,0.086,0.097,0.817
98400,0.085,0.095,0.820
98500,0.089,0.090,0.821
98600,0.089,0.089,0.822
98700,0.088,0.094,0.818
98800,0.086,0.097,0.817
98900,0.085,0.099,0.816
99000,0.084,0.095,0.821
99100,0.080,0.093,0.827
99200,0.080,0.095,0.825
99300,0.082,0.095,0.823
99400,0.082,0.092,0.826
99500,0.086,0.088,0.826
99600,0.084,0.089,0.827
99700,0.083,0.091,0.826
99800,0.081,0.091,0.828
99900,0.080,0.098,0.822
100000,0.082,0.096,0.822
100100,0.083,0.096,0.821
100200,0.082,0.092,0.826
100300,0.082,0.095,0.823
100400,0.082,0.096,0.822
100500,0.081,0.095,0.824
100600,0.083,0.093,0.824
100700,0.084,0.091,0.825
100800,0.083,0.087,0.830
100900,0.082,0.085,0.834
101000,0.093,0.089,0.818
101100,0.097,0.085,0.818
101200,0.092,0.085,0.823
101300,0.092,0.084,0.824
101400,0.085,0.082,0.834
101500,0.085,0.082,0.834
101600,0.086,0.083,0.831
101700,0.087,0.083,0.830
101800,0.087,0.080,0.834
101900,0.088,0.078,0.835
102000,0.085,0.083,0.832
102100,0.085,0.081,0.835
102200,0.086,0.081,0.834
102300,0.085,0.079,0.837
102400,0.085,0.086,0.829
102500,0.084,0.094,0.822
102600,0.082,0.095,0.823
102700,0.081,0.092,0.827
102800,0.079,0.091,0.830
102900,0.081,0.085,0.835
103000,0.082,0.087,0.831
103100,0.081,0.087,0.832
103200,0.086,0.085,0.829
103300,0.084,0.082,0.835
103400,0.082,0.094,0.824
103500,0.089,0.099,0.812
103600,0.088,0.096,0.816
103700,0.094,0.091,0.815
103800,0.093,0.093,0.814
103900,0.093,0.087,0.820
104000,0.093,0.087,0.820
104100,0.087,0.088,0.825
104200,0.088,0.086,0.826
104300,0.087,0.084,0.829
104400,0.086,0.095,0.819
104500,0.088,0.091,0.821
104600,0.089,0.087,0.824
104700,0.086,0.086,0.828
104800,0.093,0.086,0.821
104900,0.092,0.083,0.825
105000,0.097,0.088,0.815
105100,0.097,0.083,0.820
105200,0.098,0.078,0.824
105300,0.101,0.074,0.825
105400,0.097,0.069,0.834
105500,0.102,0.073,0.825
105600,0.106,0.073,0.821
105700,0.103,0.075,0.822
105800,0.103,0.078,0.819
105900,0.102,0.082,0.816
106000,0.102,0.080,0.818
106100,0.098,0.080,0.822
106200,0.093,0.092,0.815
106300,0.090,0.094,0.816
106400,0.092,0.090,0.818
106500,0.090,0.088,0.822
106600,0.090,0.087,0.823
106700,0.091,0.087,0.822
106800,0.091,0.086,0.823
106900,0.091,0.087,0.822
107000,0.086,0.086,0.828
107100,0.082,0.104,0.814
107200,0.084,0.105,0.811
107300,0.087,0.107,0.806
107400,0.086,0.104,0.810
107500,0.085,0.103,0.812
107600,0.089,0.102,0.809
107700,0.089,0.102,0.809
107800,0.089,0.087,0.824
107900,0.085,0.083,0.832
108000,0.080,0.092,0.828
108100,0.077,0.094,0.829
108200,0.076,0.090,0.835
108300,0.079,0.110,0.811
108400,0.079,0.108,0.813
108500,0.082,0.105,0.813
108600,0.086,0.105,0.809
108700,0.086,0.104,0.810
108800,0.084,0.100,0.816
108900,0.086,0.095,0.819
109000,0.084,0.090,0.826
109100,0.082,0.089,0.829
109200,0.081,0.092,0.827
109300,0.085,0.089,0.826
109400,0.088,0.089,0.823
109500,0.089,0.089,0.822
109600,0.088,0.090,0.822
109700,0.090,0.092,0.818
109800,0.087,0.093,0.820
109900,0.087,0.094,0.819
110000,0.085,0.092,0.823
110100,0.084,0.095,0.821
110200,0.082,0.095,0.823
110300,0.080,0.093,0.827
110400,0.084,0.091,0.825
110500,0.081,0.095,0.824
110600,0.081,0.088,0.831
110700,0.083,0.093,0.824
110800,0.079,0.091,0.830
110900,0.084,0.090,0.826
111000,0.081,0.108,0.811
111100,0.078,0.110,0.812
111200,0.082,0.108,0.810
111300,0.087,0.109,0.804
111400,0.086,0.108,0.806
111500,0.081,0.107,0.812
111600,0.084,0.112,0.804
111700,0.087,0.111,0.802
111800,0.083,0.109,0.808
111900,0.086,0.105,0.809
112000,0.085,0.106,0.809
112100,0.079,0.104,0.817
112200,0.081,0.106,0.813
112300,0.081,0.108,0.811
112400,0.080,0.108,0.812
112500,0.079,0.106,0.815
112600,0.081,0.105,0.814
112700,0.080,0.102,0.818
112800,0.089,0.101,0.810
112900,0.089,0.100,0.811
113000,0.087,0.099,0.814
113100,0.089,0.116,0.795
113200,0.081,0.114,0.805
113300,0.085,0.118,0.797
113400,0.085,0.123,0.793
113500,0.083,0.118,0.799
113600,0.080,0.111,0.809
113700,0.082,0.109,0.809
113800,0.081,0.108,0.811
113900,0.082,0.105,0.813
114000,0.088,0.105,0.807
114100,0.088,0.101,0.811
114200,0.096,0.103,0.801
114300,0.094,0.099,0.807
114400,0.092,0.098,0.810
114500,0.089,0.099,0.812
114600,0.087,0.099,0.814
114700,0.088,0.098,0.814
114800,0.086,0.095,0.819
114900,0.087,0.094,0.819
115000,0.088,0.092,0.820
115100,0.084,0.094,0.822
115200,0.083,0.093,0.824
115300,0.081,0.092,0.827
115400,0.084,0.091,0.825
115500,0.081,0.097,0.822
115600,0.080,0.097,0.823
115700,0.084,0.100,0.816
115800,0.086,0.101,0.813
115900,0.089,0.099,0.812
116000,0.092,0.095,0.813
116100,0.091,0.096,0.813
116200,0.088,0.093,0.819
116300,0.086,0.095,0.819
116400,0.086,0.094,0.820
116500,0.087,0.097,0.816
116600,0.098,0.097,0.805
116700,0.102,0.094,0.804
116800,0.100,0.091,0.809
116900,0.096,0.090,0.814
117000,0.100,0.096,0.804
117100,0.107,0.101,0.792
117200,0.102,0.100,0.798
117300,0.097,0.098,0.805
117400,0.092,0.097,0.811
117500,0.088,0.095,0.817
117600,0.088,0.095,0.817
117700,0.090,0.095,0.815
117800,0.087,0.095,0.818
117900,0.085,0.094,0.821
118000,0.085,0.091,0.824
118100,0.087,0.093,0.820
118200,0.090,0.102,0.808
118300,0.096,0.107,0.797
118400,0.099,0.102,0.799
118500,0.096,0.103,0.801
118600,0.092,0.104,0.804
118700,0.095,0.107,0.798
118800,0.096,0.104,0.800
118900,0.093,0.102,0.805
119000,0.090,0.101,0.809
119100,0.088,0.097,0.815
119200,0.084,0.102,0.814
119300,0.084,0.097,0.819
119400,0.085,0.098,0.817
119500,0.084,0.097,0.819
119600,0.083,0.095,0.822
119700,0.077,0.095,0.828
119800,0.076,0.098,0.826
119900,0.077,0.101,0.822
120000,0.079,0.101,0.820
120100,0.091,0.102,0.807
120200,0.089,0.099,0.812
120300,0.082,0.095,0.823
120400,0.077,0.092,0.831
120500,0.075,0.090,0.836
120600,0.076,0.090,0.835
120700,0.076,0.093,0.831
120800,0.077,0.095,0.828
120900,0.077,0.092,0.831
121000,0.075,0.091,0.835
121100,0.074,0.091,0.836
121200,0.074,0.096,0.830
121300,0.074,0.096,0.830
121400,0.075,0.102,0.823
121500,0.073,0.102,0.825
121600,0.073,0.103,0.824
121700,0.073,0.100,0.827
121800,0.079,0.099,0.822
121900,0.076,0.091,0.834
122000,0.075,0.089,0.837
122100,0.075,0.087,0.839
122200,0.075,0.084,0.842
122300,0.076,0.085,0.840
122400,0.074,0.088,0.839
122500,0.073,0.085,0.843
122600,0.073,0.085,0.843
122700,0.074,0.081,0.846
122800,0.077,0.081,0.843
122900,0.075,0.079,0.847
123000,0.076,0.078,0.847
123100,0.076,0.078,0.847
123200,0.075,0.077,0.849
123300,0.073,0.077,0.851
123400,0.075,0.075,0.851
123500,0.075,0.075,0.851
123600,0.074,0.078,0.849
123700,0.074,0.077,0.850
123800,0.076,0.079,0.846
123900,0.078,0.082,0.841
124000,0.080,0.080,0.841
124100,0.084,0.079,0.838
124200,0.086,0.077,0.838
124300,0.085,0.075,0.841
124400,0.084,0.075,0.842
124500,0.085,0.076,0.840
124600,0.084,0.074,0.843
124700,0.085,0.073,0.843
124800,0.084,0.070,0.846
124900,0.083,0.070,0.847
125000,0.082,0.070,0.848
125100,0.081,0.068,0.851
125200,0.079,0.067,0.854
125300,0.087,0.069,0.844
125400,0.088,0.070,0.842
125500,0.086,0.069,0.845
125600,0.084,0.072,0.845
125700,0.082,0.076,0.843
125800,0.078,0.077,0.846
125900,0.078,0.076,0.847
126000,0.076,0.075,0.850
126100,0.076,0.072,0.853
126200,0.078,0.072,0.851
126300,0.081,0.072,0.848
126400,0.082,0.072,0.847
126500,0.081,0.072,0.848
126600,0.081,0.073,0.847
126700,0.080,0.078,0.843
126800,0.079,0.077,0.845
126900,0.082,0.075,0.844
127000,0.079,0.073,0.849
127100,0.078,0.072,0.851
127200,0.086,0.075,0.840
127300,0.085,0.073,0.843
127400,0.083,0.077,0.841
127500,0.082,0.078,0.841
127600,0.083,0.080,0.838
127700,0.088,0.077,0.836
127800,0.090,0.074,0.837
127900,0.086,0.074,0.841
128000,0.081,0.073,0.847
128100,0.081,0.072,0.848
128200,0.081,0.074,0.846
128300,0.080,0.073,0.848
128400,0.079,0.075,0.847
128500,0.086,0.087,0.827
128600,0.088,0.086,0.826
128700,0.087,0.094,0.819
128800,0.088,0.095,0.817
128900,0.090,0.092,0.818
129000,0.088,0.092,0.820
129100,0.089,0.094,0.817
129200,0.093,0.092,0.815
129300,0.101,0.089,0.810
129400,0.090,0.090,0.820
129500,0.086,0.089,0.825
129600,0.082,0.087,0.831
129700,0.079,0.084,0.838
129800,0.076,0.083,0.842
129900,0.078,0.085,0.838
130000,0.078,0.077,0.846
130100,0.079,0.076,0.846
130200,0.079,0.079,0.843
130300,0.087,0.082,0.831
130400,0.087,0.080,0.834
130500,0.084,0.078,0.839
130600,0.083,0.077,0.841
130700,0.087,0.081,0.832
130800,0.086,0.075,0.840
130900,0.086,0.074,0.841
131000,0.086,0.075,0.840
131100,0.084,0.075,0.842
131200,0.080,0.077,0.844
131300,0.083,0.074,0.844
131400,0.079,0.073,0.849
131500,0.077,0.074,0.850
131600,0.079,0.069,0.852
131700,0.077,0.069,0.854
131800,0.078,0.074,0.849
131900,0.079,0.077,0.845
132000,0.077,0.097,0.826
132100,0.076,0.093,0.831
132200,0.076,0.090,0.835
132300,0.075,0.094,0.831
132400,0.090,0.095,0.815
132500,0.081,0.101,0.818
132600,0.081,0.096,0.823
132700,0.083,0.096,0.821
132800,0.079,0.093,0.828
132900,0.096,0.092,0.812
133000,0.096,0.091,0.813
133100,0.103,0.092,0.805
133200,0.102,0.089,0.809
133300,0.100,0.089,0.811
133400,0.097,0.088,0.815
133500,0.092,0.084,0.824
133600,0.092,0.083,0.825
133700,0.090,0.084,0.826
133800,0.086,0.084,0.830
133900,0.084,0.082,0.835
134000,0.083,0.095,0.822
134100,0.072,0.094,0.835
134200,0.074,0.093,0.834
134300,0.067,0.090,0.843
134400,0.068,0.093,0.839
134500,0.069,0.090,0.841
134600,0.073,0.091,0.837
134700,0.069,0.093,0.838
134800,0.068,0.090,0.842
134900,0.069,0.087,0.844
135000,0.069,0.087,0.844
135100,0.070,0.100,0.829
135200,0.072,0.098,0.830
135300,0.069,0.095,0.836
135400,0.069,0.093,0.838
135500,0.075,0.086,0.840
135600,0.076,0.085,0.840
135700,0.069,0.083,0.848
135800,0.072,0.083,0.846
135900,0.070,0.092,0.838
136000,0.069,0.091,0.840
136100,0.068,0.087,0.845
136200,0.069,0.082,0.849
136300,0.075,0.081,0.845
136400,0.075,0.078,0.848
136500,0.073,0.077,0.851
136600,0.079,0.076,0.846
136700,0.080,0.075,0.846
136800,0.078,0.079,0.844
136900,0.079,0.078,0.844
137000,0.081,0.077,0.843
137100,0.083,0.085,0.832
137200,0.083,0.086,0.831
137300,0.082,0.085,0.834
137400,0.080,0.083,0.838
137500,0.080,0.081,0.840
137600,0.080,0.083,0.838
137700,0.081,0.082,0.838
137800,0.082,0.082,0.837
137900,0.079,0.079,0.843
138000,0.076,0.076,0.849
138100,0.077,0.076,0.848
138200,0.075,0.075,0.851
138300,0.080,0.074,0.847
138400,0.078,0.093,0.829
138500,0.079,0.093,0.828
138600,0.076,0.091,0.834
138700,0.077,0.094,0.829
138800,0.075,0.092,0.834
138900,0.073,0.086,0.842
139000,0.080,0.083,0.838
139100,0.078,0.081,0.842
139200,0.074,0.081,0.846
139300,0.075,0.079,0.847
139400,0.075,0.083,0.843
139500,0.070,0.094,0.836
139600,0.075,0.094,0.831
139700,0.073,0.097,0.830
139800,0.075,0.095,0.830
139900,0.073,0.093,0.835
140000,0.073,0.086,0.842
140100,0.070,0.086,0.844
140200,0.068,0.085,0.847
140300,0.070,0.092,0.838
140400,0.072,0.089,0.840
140500,0.073,0.095,0.832
140600,0.074,0.094,0.832
140700,0.074,0.097,0.829
140800,0.077,0.095,0.828
140900,0.073,0.088,0.840
141000,0.074,0.091,0.836
141100,0.073,0.091,0.837
141200,0.074,0.089,0.838
141300,0.072,0.088,0.841
141400,0.072,0.089,0.840
141500,0.072,0.087,0.842
141600,0.074,0.093,0.834
141700,0.076,0.092,0.832
141800,0.075,0.094,0.831
141900,0.074,0.092,0.835
142000,0.074,0.090,0.837
142100,0.075,0.090,0.836
142200,0.075,0.087,0.839
142300,0.077,0.090,0.834
142400,0.074,0.089,0.838
142500,0.072,0.089,0.840
142600,0.084,0.083,0.834
142700,0.083,0.080,0.838
142800,0.087,0.080,0.834
142900,0.088,0.080,0.832
143000,0.088,0.084,0.828
143100,0.089,0.085,0.826
143200,0.086,0.086,0.828
143300,0.086,0.085,0.829
143400,0.083,0.083,0.835
143500,0.085,0.082,0.834
143600,0.079,0.083,0.839
143700,0.079,0.082,0.840
143800,0.078,0.082,0.841
143900,0.076,0.080,0.845
144000,0.077,0.082,0.842
144100,0.075,0.080,0.846
144200,0.076,0.080,0.845
144300,0.073,0.083,0.845
144400,0.074,0.085,0.842
144500,0.077,0.086,0.838
144600,0.078,0.082,0.841
144700,0.077,0.101,0.822
144800,0.076,0.100,0.824
144900,0.075,0.099,0.826
145000,0.072,0.097,0.831
145100,0.073,0.095,0.832
145200,0.076,0.092,0.832
145300,0.079,0.091,0.830
145400,0.080,0.095,0.825
145500,0.076,0.094,0.830
145600,0.074,0.095,0.831
145700,0.072,0.091,0.838
145800,0.074,0.091,0.836
145900,0.076,0.091,0.834
146000,0.076,0.095,0.829
146100,0.074,0.094,0.832
146200,0.073,0.098,0.829
146300,0.074,0.095,0.831
146400,0.086,0.091,0.823
146500,0.080,0.103,0.817
146600,0.078,0.098,0.824
146700,0.078,0.098,0.824
146800,0.078,0.096,0.826
146900,0.072,0.101,0.827
147000,0.073,0.099,0.828
147100,0.082,0.096,0.822
147200,0.083,0.093,0.824
147300,0.081,0.096,0.823
147400,0.080,0.093,0.827
147500,0.079,0.089,0.832
147600,0.080,0.086,0.835
147700,0.080,0.089,0.831
147800,0.079,0.105,0.816
147900,0.075,0.105,0.820
148000,0.074,0.104,0.822
148100,0.074,0.106,0.820
148200,0.080,0.104,0.816
148300,0.082,0.104,0.814
148400,0.081,0.099,0.820
148500,0.080,0.098,0.822
148600,0.082,0.093,0.825
148700,0.079,0.096,0.825
148800,0.082,0.096,0.822
148900,0.092,0.101,0.807
149000,0.090,0.095,0.815
149100,0.093,0.093,0.814
149200,0.094,0.089,0.817
149300,0.099,0.090,0.811
149400,0.096,0.089,0.815
149500,0.090,0.091,0.819
149600,0.090,0.091,0.819
149700,0.093,0.091,0.816
149800,0.089,0.093,0.818
149900,0.090,0.090,0.820
150000,0.084,0.085,0.831
150100,0.083,0.087,0.830
150200,0.084,0.084,0.832
150300,0.084,0.085,0.831
150400,0.080,0.084,0.837
150500,0.078,0.085,0.838
150600,0.080,0.084,0.837
150700,0.081,0.084,0.836
150800,0.079,0.083,0.839
150900,0.078,0.082,0.841
151000,0.080,0.080,0.841
151100,0.078,0.079,0.844
151200,0.077,0.106,0.817
151300,0.074,0.113,0.813
151400,0.078,0.115,0.807
151500,0.079,0.114,0.807
151600,0.082,0.108,0.810
151700,0.081,0.104,0.815
151800,0.080,0.103,0.817
151900,0.081,0.100,0.819
152000,0.079,0.101,0.820
152100,0.079,0.100,0.821
152200,0.085,0.099,0.816
152300,0.084,0.092,0.824
152400,0.085,0.077,0.839
152500,0.093,0.077,0.830
152600,0.089,0.080,0.831
152700,0.088,0.080,0.832
152800,0.086,0.081,0.834
152900,0.085,0.083,0.832
153000,0.083,0.084,0.834
153100,0.085,0.081,0.835
153200,0.084,0.080,0.837
153300,0.081,0.083,0.837
153400,0.085,0.081,0.835
153500,0.084,0.086,0.830
153600,0.083,0.081,0.837
153700,0.083,0.077,0.841
153800,0.079,0.075,0.847
153900,0.076,0.075,0.850
154000,0.074,0.075,0.852
154100,0.077,0.076,0.848
154200,0.076,0.076,0.849
154300,0.078,0.076,0.847
154400,0.083,0.077,0.841
154500,0.079,0.073,0.849
154600,0.076,0.072,0.853
154700,0.074,0.073,0.854
154800,0.075,0.070,0.855
154900,0.077,0.069,0.854
155000,0.074,0.068,0.858
155100,0.072,0.070,0.858
155200,0.070,0.070,0.859
155300,0.075,0.070,0.855
155400,0.070,0.073,0.857
155500,0.073,0.073,0.855
155600,0.072,0.070,0.858
155700,0.073,0.069,0.858
155800,0.073,0.070,0.857
155900,0.069,0.072,0.859
156000,0.068,0.072,0.860
156100,0.067,0.075,0.858
156200,0.074,0.076,0.851
156300,0.077,0.073,0.851
156400,0.075,0.073,0.853
156500,0.077,0.074,0.850
156600,0.074,0.070,0.856
156700,0.072,0.069,0.859
156800,0.072,0.068,0.860
156900,0.077,0.070,0.853
157000,0.080,0.069,0.851
157100,0.077,0.066,0.857
157200,0.079,0.067,0.854
157300,0.076,0.066,0.858
157400,0.076,0.064,0.860
157500,0.075,0.063,0.862
157600,0.075,0.064,0.861
157700,0.078,0.064,0.858
157800,0.075,0.066,0.859
157900,0.073,0.064,0.863
158000,0.075,0.067,0.858
158100,0.072,0.070,0.858
158200,0.072,0.070,0.858
158300,0.069,0.073,0.858
158400,0.069,0.065,0.865
158500,0.069,0.067,0.863
158600,0.069,0.070,0.860
158700,0.068,0.072,0.860
158800,0.066,0.074,0.860
158900,0.068,0.069,0.862
159000,0.067,0.069,0.863
159100,0.074,0.070,0.856
159200,0.082,0.072,0.847
159300,0.078,0.072,0.851
159400,0.077,0.070,0.853
159500,0.080,0.072,0.849
159600,0.081,0.075,0.845
159700,0.080,0.077,0.844
159800,0.079,0.077,0.845
159900,0.072,0.080,0.849
160000,0.074,0.082,0.845
160100,0.073,0.078,0.850
160200,0.074,0.082,0.845
160300,0.073,0.079,0.849
160400,0.072,0.080,0.849
160500,0.070,0.079,0.851
160600,0.069,0.076,0.855
160700,0.068,0.077,0.855
160800,0.068,0.073,0.859
160900,0.067,0.070,0.862
161000,0.066,0.067,0.866
161100,0.066,0.066,0.867
161200,0.069,0.068,0.862
161300,0.068,0.072,0.860
161400,0.068,0.074,0.858
161500,0.072,0.081,0.848
161600,0.073,0.079,0.849
161700,0.075,0.078,0.848
161800,0.075,0.078,0.848
161900,0.076,0.077,0.848
162000,0.069,0.078,0.853
162100,0.069,0.077,0.854
162200,0.068,0.079,0.853
162300,0.066,0.074,0.860
162400,0.069,0.077,0.854
162500,0.069,0.076,0.855
162600,0.073,0.076,0.852
162700,0.070,0.082,0.848
162800,0.068,0.080,0.852
162900,0.070,0.083,0.847
163000,0.067,0.078,0.855
163100,0.070,0.080,0.850
163200,0.069,0.081,0.850
163300,0.069,0.085,0.846
163400,0.073,0.086,0.842
163500,0.070,0.087,0.843
163600,0.070,0.090,0.840
163700,0.072,0.089,0.840
163800,0.070,0.090,0.840
163900,0.068,0.084,0.848
164000,0.069,0.089,0.842
164100,0.070,0.083,0.847
164200,0.067,0.079,0.854
164300,0.072,0.074,0.855
