time,n_A+p,n_B,n_AB
500,0.031,0.932,0.037
1000,0.030,0.861,0.109
1500,0.033,0.789,0.178
2000,0.035,0.733,0.232
2500,0.033,0.737,0.230
3000,0.040,0.706,0.254
3500,0.035,0.710,0.255
4000,0.031,0.743,0.226
4500,0.030,0.753,0.217
5000,0.031,0.755,0.214
5500,0.032,0.799,0.169
6000,0.031,0.757,0.212
6500,0.032,0.689,0.279
7000,0.034,0.654,0.312
7500,0.035,0.639,0.326
8000,0.032,0.669,0.299
8500,0.030,0.652,0.318
9000,0.031,0.728,0.241
9500,0.035,0.680,0.285
10000,0.032,0.680,0.288
10500,0.032,0.615,0.353
11000,0.038,0.674,0.288
11500,0.040,0.582,0.378
12000,0.031,0.614,0.355
12500,0.039,0.685,0.276
13000,0.035,0.665,0.300
13500,0.033,0.629,0.338
14000,0.039,0.639,0.322
14500,0.034,0.709,0.257
15000,0.034,0.790,0.176
15500,0.035,0.688,0.277
16000,0.035,0.679,0.286
16500,0.032,0.695,0.273
17000,0.030,0.693,0.277
17500,0.032,0.639,0.329
18000,0.036,0.713,0.251
18500,0.032,0.716,0.252
19000,0.032,0.738,0.230
19500,0.035,0.720,0.245
20000,0.032,0.634,0.334
20500,0.037,0.621,0.342
21000,0.037,0.640,0.323
21500,0.037,0.629,0.334
22000,0.036,0.666,0.298
22500,0.038,0.693,0.269
23000,0.031,0.625,0.344
23500,0.035,0.598,0.367
24000,0.045,0.538,0.417
24500,0.038,0.657,0.305
25000,0.036,0.676,0.288
25500,0.033,0.729,0.238
26000,0.034,0.749,0.217
26500,0.030,0.750,0.220
27000,0.033,0.742,0.225
27500,0.039,0.704,0.257
28000,0.032,0.667,0.301
28500,0.041,0.638,0.321
29000,0.030,0.645,0.325
29500,0.033,0.638,0.329
30000,0.033,0.663,0.304
30500,0.034,0.657,0.309
31000,0.034,0.709,0.257
31500,0.037,0.729,0.234
32000,0.030,0.749,0.221
32500,0.039,0.687,0.274
33000,0.037,0.654,0.309
33500,0.034,0.641,0.325
34000,0.032,0.634,0.334
34500,0.034,0.602,0.364
35000,0.032,0.676,0.292
35500,0.032,0.665,0.303
36000,0.035,0.623,0.342
36500,0.034,0.660,0.306
37000,0.032,0.708,0.260
37500,0.033,0.659,0.308
38000,0.032,0.634,0.334
38500,0.036,0.552,0.412
39000,0.036,0.623,0.341
39500,0.033,0.686,0.281
40000,0.038,0.627,0.335
40500,0.034,0.654,0.312
41000,0.033,0.611,0.356
41500,0.036,0.645,0.319
42000,0.043,0.694,0.263
42500,0.033,0.691,0.276
43000,0.032,0.691,0.277
43500,0.032,0.683,0.285
44000,0.033,0.696,0.271
44500,0.032,0.700,0.268
45000,0.031,0.643,0.326
45500,0.031,0.727,0.242
46000,0.034,0.745,0.221
46500,0.032,0.765,0.203
47000,0.036,0.697,0.267
47500,0.034,0.657,0.309
48000,0.036,0.627,0.337
48500,0.037,0.597,0.366
49000,0.038,0.608,0.354
49500,0.042,0.608,0.350
50000,0.042,0.666,0.292
50500,0.036,0.723,0.241
51000,0.035,0.721,0.244
51500,0.031,0.724,0.245
52000,0.032,0.751,0.217
52500,0.033,0.756,0.211
53000,0.034,0.713,0.253
53500,0.032,0.747,0.221
54000,0.032,0.724,0.244
54500,0.032,0.698,0.270
55000,0.032,0.652,0.316
55500,0.030,0.696,0.274
56000,0.038,0.583,0.379
56500,0.037,0.606,0.357
57000,0.036,0.677,0.287
57500,0.035,0.634,0.331
58000,0.034,0.627,0.339
58500,0.040,0.605,0.355
59000,0.036,0.620,0.344
59500,0.033,0.733,0.234
60000,0.034,0.687,0.279
60500,0.031,0.619,0.350
61000,0.034,0.698,0.268
61500,0.038,0.701,0.261
62000,0.035,0.649,0.316
62500,0.039,0.711,0.250
63000,0.034,0.682,0.284
63500,0.036,0.677,0.287
64000,0.032,0.654,0.314
64500,0.034,0.648,0.318
65000,0.038,0.652,0.310
65500,0.035,0.631,0.334
66000,0.044,0.593,0.363
66500,0.034,0.608,0.358
67000,0.037,0.581,0.382
67500,0.037,0.546,0.417
68000,0.036,0.566,0.398
68500,0.043,0.528,0.429
69000,0.046,0.554,0.400
69500,0.038,0.587,0.375
70000,0.040,0.563,0.397
70500,0.039,0.595,0.366
71000,0.042,0.591,0.367
71500,0.039,0.643,0.318
72000,0.033,0.593,0.374
72500,0.040,0.644,0.316
73000,0.038,0.660,0.302
73500,0.033,0.637,0.330
74000,0.036,0.646,0.318
74500,0.033,0.682,0.285
75000,0.030,0.643,0.327
75500,0.031,0.662,0.307
76000,0.043,0.563,0.394
76500,0.045,0.568,0.387
77000,0.041,0.592,0.367
77500,0.040,0.592,0.368
78000,0.037,0.556,0.407
78500,0.032,0.623,0.345
79000,0.034,0.568,0.398
79500,0.039,0.629,0.332
80000,0.037,0.706,0.257
80500,0.032,0.680,0.288
81000,0.039,0.649,0.312
81500,0.033,0.669,0.298
82000,0.032,0.715,0.253
82500,0.033,0.704,0.263
83000,0.030,0.747,0.223
83500,0.031,0.745,0.224
84000,0.032,0.696,0.272
84500,0.032,0.661,0.307
85000,0.034,0.703,0.263
85500,0.034,0.744,0.222
86000,0.031,0.776,0.193
86500,0.032,0.779,0.189
87000,0.032,0.775,0.193
87500,0.031,0.719,0.250
88000,0.031,0.717,0.252
88500,0.033,0.724,0.243
89000,0.031,0.713,0.256
89500,0.033,0.633,0.334
90000,0.030,0.671,0.299
90500,0.032,0.674,0.294
91000,0.035,0.676,0.289
91500,0.042,0.627,0.331
92000,0.037,0.607,0.356
92500,0.037,0.620,0.343
93000,0.041,0.651,0.308
93500,0.034,0.700,0.266
94000,0.035,0.671,0.294
94500,0.032,0.692,0.276
95000,0.036,0.658,0.306
95500,0.040,0.631,0.329
96000,0.036,0.613,0.351
96500,0.035,0.617,0.348
97000,0.036,0.623,0.341
97500,0.047,0.579,0.374
98000,0.034,0.588,0.378
98500,0.049,0.612,0.339
99000,0.036,0.636,0.328
99500,0.033,0.673,0.294
100000,0.030,0.725,0.245
100500,0.031,0.663,0.306
101000,0.031,0.678,0.291
101500,0.035,0.708,0.257
102000,0.038,0.692,0.270
102500,0.035,0.667,0.298
103000,0.035,0.641,0.324
103500,0.037,0.635,0.328
104000,0.034,0.608,0.358
104500,0.034,0.684,0.282
105000,0.042,0.595,0.363
105500,0.041,0.656,0.303
106000,0.032,0.659,0.309
106500,0.031,0.702,0.267
107000,0.031,0.688,0.281
107500,0.035,0.654,0.311
108000,0.041,0.687,0.272
108500,0.033,0.667,0.300
109000,0.032,0.638,0.330
109500,0.034,0.731,0.235
110000,0.031,0.707,0.262
110500,0.035,0.721,0.244
111000,0.033,0.693,0.274
111500,0.033,0.705,0.262
112000,0.034,0.647,0.319
112500,0.033,0.653,0.314
113000,0.034,0.594,0.372
113500,0.032,0.603,0.365
114000,0.038,0.669,0.293
114500,0.039,0.616,0.345
115000,0.036,0.642,0.322
115500,0.032,0.634,0.334
116000,0.036,0.676,0.288
116500,0.033,0.655,0.312
117000,0.033,0.634,0.333
117500,0.039,0.682,0.279
118000,0.034,0.751,0.215
118500,0.033,0.739,0.228
119000,0.032,0.696,0.272
119500,0.036,0.632,0.332
120000,0.031,0.656,0.313
120500,0.032,0.648,0.320
121000,0.032,0.647,0.321
121500,0.038,0.641,0.321
122000,0.034,0.684,0.282
122500,0.040,0.635,0.325
123000,0.033,0.665,0.302
123500,0.033,0.679,0.288
124000,0.039,0.624,0.337
124500,0.036,0.645,0.319
125000,0.035,0.706,0.259
125500,0.038,0.700,0.262
126000,0.035,0.713,0.252
126500,0.034,0.703,0.263
127000,0.032,0.696,0.272
127500,0.030,0.708,0.262
128000,0.030,0.705,0.265
128500,0.039,0.709,0.252
129000,0.035,0.646,0.319
129500,0.035,0.632,0.333
130000,0.032,0.682,0.286
130500,0.038,0.631,0.331
131000,0.037,0.695,0.268
131500,0.035,0.708,0.257
132000,0.033,0.713,0.254
132500,0.034,0.726,0.240
133000,0.035,0.735,0.230
133500,0.033,0.714,0.253
134000,0.034,0.660,0.306
134500,0.040,0.610,0.350
135000,0.036,0.644,0.320
135500,0.031,0.587,0.382
136000,0.036,0.620,0.344
136500,0.040,0.583,0.377
137000,0.036,0.649,0.315
137500,0.033,0.660,0.307
138000,0.034,0.649,0.317
138500,0.031,0.713,0.256
139000,0.032,0.702,0.266
139500,0.031,0.690,0.279
140000,0.035,0.635,0.330
140500,0.033,0.675,0.292
141000,0.034,0.746,0.220
141500,0.030,0.814,0.156
142000,0.031,0.698,0.271
142500,0.039,0.699,0.262
143000,0.033,0.707,0.260
143500,0.034,0.688,0.278
144000,0.034,0.689,0.277
144500,0.032,0.742,0.226
145000,0.034,0.795,0.171
145500,0.030,0.804,0.166
146000,0.033,0.759,0.208
146500,0.032,0.762,0.206
147000,0.033,0.767,0.200
147500,0.033,0.738,0.229
148000,0.035,0.740,0.225
148500,0.034,0.751,0.215
149000,0.036,0.679,0.285
149500,0.035,0.648,0.317
150000,0.033,0.660,0.307
150500,0.036,0.697,0.267
151000,0.031,0.697,0.272
151500,0.031,0.749,0.220
152000,0.033,0.695,0.272
152500,0.033,0.617,0.350
153000,0.044,0.582,0.374
153500,0.043,0.585,0.372
154000,0.038,0.583,0.379
154500,0.045,0.583,0.372
155000,0.048,0.509,0.443
155500,0.041,0.606,0.353
156000,0.033,0.581,0.386
156500,0.033,0.579,0.388
157000,0.038,0.606,0.356
157500,0.033,0.574,0.393
158000,0.037,0.572,0.391
158500,0.041,0.578,0.381
159000,0.037,0.570,0.393
159500,0.034,0.585,0.381
160000,0.034,0.576,0.390
160500,0.042,0.629,0.329
161000,0.037,0.591,0.372
161500,0.036,0.664,0.300
162000,0.032,0.702,0.266
162500,0.032,0.727,0.241
163000,0.031,0.727,0.242
163500,0.030,0.714,0.256
164000,0.033,0.710,0.257
164500,0.031,0.739,0.230
165000,0.030,0.682,0.288
165500,0.037,0.675,0.288
166000,0.036,0.636,0.328
166500,0.039,0.624,0.337
167000,0.030,0.720,0.250
167500,0.033,0.718,0.249
168000,0.032,0.768,0.200
168500,0.031,0.638,0.331
169000,0.032,0.694,0.274
169500,0.032,0.740,0.228
170000,0.035,0.656,0.309
170500,0.047,0.591,0.362
171000,0.039,0.610,0.351
171500,0.041,0.654,0.305
172000,0.040,0.657,0.303
172500,0.034,0.601,0.365
173000,0.034,0.633,0.333
173500,0.041,0.553,0.406
174000,0.040,0.609,0.351
174500,0.038,0.616,0.346
175000,0.030,0.578,0.392
175500,0.035,0.590,0.375
176000,0.041,0.674,0.285
176500,0.038,0.696,0.266
177000,0.037,0.591,0.372
177500,0.040,0.540,0.420
178000,0.037,0.667,0.296
178500,0.034,0.636,0.330
179000,0.037,0.644,0.319
179500,0.041,0.662,0.297
180000,0.041,0.611,0.348
180500,0.038,0.684,0.278
181000,0.038,0.697,0.265
181500,0.036,0.657,0.307
182000,0.031,0.701,0.268
182500,0.037,0.625,0.338
183000,0.037,0.630,0.333
183500,0.033,0.673,0.294
184000,0.043,0.575,0.382
184500,0.035,0.662,0.303
185000,0.037,0.690,0.273
185500,0.038,0.681,0.281
186000,0.034,0.681,0.285
186500,0.034,0.693,0.273
187000,0.033,0.591,0.376
187500,0.032,0.660,0.308
188000,0.032,0.626,0.342
188500,0.044,0.632,0.324
189000,0.037,0.617,0.346
189500,0.035,0.610,0.355
190000,0.039,0.638,0.323
190500,0.042,0.675,0.283
191000,0.036,0.673,0.291
191500,0.033,0.604,0.363
192000,0.034,0.624,0.342
192500,0.037,0.706,0.257
193000,0.033,0.706,0.261
193500,0.032,0.727,0.241
194000,0.035,0.709,0.256
194500,0.037,0.759,0.204
195000,0.034,0.737,0.229
195500,0.032,0.711,0.257
196000,0.030,0.760,0.210
196500,0.037,0.712,0.251
197000,0.036,0.700,0.264
197500,0.036,0.643,0.321
198000,0.036,0.668,0.296
198500,0.032,0.654,0.314
199000,0.036,0.638,0.326
199500,0.034,0.689,0.277
200000,0.040,0.702,0.258
200500,0.031,0.766,0.203
201000,0.034,0.683,0.283
201500,0.034,0.690,0.276
202000,0.033,0.682,0.285
202500,0.033,0.712,0.255
203000,0.031,0.721,0.248
203500,0.031,0.746,0.223
204000,0.030,0.761,0.209
204500,0.032,0.779,0.189
205000,0.038,0.761,0.201
205500,0.031,0.727,0.242
206000,0.033,0.801,0.166
206500,0.031,0.770,0.199
207000,0.032,0.737,0.231
207500,0.035,0.727,0.238
208000,0.035,0.649,0.316
208500,0.037,0.646,0.317
209000,0.033,0.644,0.323
209500,0.039,0.607,0.354
210000,0.036,0.639,0.325
210500,0.034,0.657,0.309
211000,0.038,0.675,0.287
211500,0.032,0.708,0.260
212000,0.030,0.717,0.253
212500,0.035,0.677,0.288
213000,0.037,0.712,0.251
213500,0.037,0.639,0.324
214000,0.035,0.639,0.326
214500,0.031,0.671,0.298
215000,0.036,0.667,0.297
215500,0.031,0.643,0.326
216000,0.038,0.665,0.297
216500,0.031,0.650,0.319
217000,0.032,0.691,0.277
217500,0.034,0.724,0.242
218000,0.031,0.764,0.205
218500,0.036,0.740,0.224
219000,0.034,0.746,0.220
219500,0.032,0.720,0.248
220000,0.034,0.764,0.202
220500,0.033,0.729,0.238
221000,0.034,0.726,0.240
221500,0.031,0.645,0.324
222000,0.033,0.642,0.325
222500,0.036,0.668,0.296
223000,0.033,0.667,0.300
223500,0.032,0.679,0.289
224000,0.036,0.637,0.327
224500,0.033,0.672,0.295
225000,0.032,0.666,0.302
225500,0.033,0.691,0.276
226000,0.036,0.626,0.338
226500,0.039,0.655,0.306
227000,0.037,0.709,0.254
227500,0.035,0.675,0.290
228000,0.035,0.663,0.302
228500,0.040,0.652,0.308
229000,0.034,0.691,0.275
229500,0.038,0.659,0.303
230000,0.035,0.665,0.300
230500,0.034,0.642,0.324
231000,0.034,0.633,0.333
231500,0.032,0.617,0.351
232000,0.034,0.632,0.334
232500,0.034,0.663,0.303
233000,0.038,0.626,0.336
233500,0.031,0.694,0.275
234000,0.033,0.627,0.340
234500,0.032,0.692,0.276
235000,0.032,0.676,0.292
235500,0.034,0.750,0.216
236000,0.033,0.655,0.312
236500,0.033,0.705,0.262
237000,0.035,0.689,0.276
237500,0.037,0.676,0.287
238000,0.032,0.721,0.247
238500,0.034,0.722,0.244
239000,0.031,0.733,0.236
239500,0.034,0.771,0.195
240000,0.031,0.747,0.222
240500,0.034,0.687,0.279
241000,0.036,0.675,0.289
241500,0.034,0.700,0.266
242000,0.031,0.682,0.287
242500,0.033,0.640,0.327
243000,0.031,0.706,0.263
243500,0.036,0.708,0.256
244000,0.031,0.682,0.287
244500,0.031,0.674,0.295
245000,0.034,0.678,0.288
245500,0.033,0.669,0.298
246000,0.036,0.674,0.290
246500,0.036,0.757,0.207
247000,0.032,0.720,0.248
247500,0.036,0.654,0.310
248000,0.034,0.684,0.282
248500,0.032,0.727,0.241
249000,0.030,0.758,0.212
249500,0.036,0.713,0.251
250000,0.034,0.695,0.271
250500,0.037,0.655,0.308
251000,0.038,0.603,0.359
251500,0.035,0.616,0.349
252000,0.039,0.563,0.398
252500,0.044,0.642,0.314
253000,0.038,0.601,0.361
253500,0.033,0.701,0.266
254000,0.034,0.582,0.384
254500,0.034,0.655,0.311
255000,0.033,0.651,0.316
255500,0.035,0.664,0.301
256000,0.030,0.763,0.207
256500,0.031,0.723,0.246
257000,0.038,0.604,0.358
257500,0.035,0.686,0.279
258000,0.038,0.638,0.324
258500,0.036,0.666,0.298
259000,0.036,0.695,0.269
259500,0.032,0.702,0.266
260000,0.030,0.713,0.257
260500,0.032,0.701,0.267
261000,0.035,0.735,0.230
261500,0.030,0.742,0.228
262000,0.036,0.695,0.269
262500,0.032,0.737,0.231
263000,0.032,0.686,0.282
263500,0.034,0.694,0.272
264000,0.034,0.702,0.264
264500,0.033,0.663,0.304
265000,0.036,0.712,0.252
265500,0.032,0.713,0.255
266000,0.033,0.677,0.290
266500,0.038,0.618,0.344
267000,0.040,0.588,0.372
267500,0.034,0.591,0.375
268000,0.036,0.627,0.337
268500,0.037,0.630,0.333
269000,0.038,0.615,0.347
269500,0.035,0.654,0.311
270000,0.034,0.657,0.309
270500,0.035,0.626,0.339
271000,0.035,0.620,0.345
271500,0.035,0.762,0.203
272000,0.030,0.702,0.268
272500,0.030,0.655,0.315
273000,0.032,0.688,0.280
273500,0.035,0.670,0.295
274000,0.038,0.632,0.330
274500,0.031,0.688,0.281
275000,0.033,0.763,0.204
275500,0.033,0.756,0.211
276000,0.030,0.717,0.253
276500,0.035,0.626,0.339
277000,0.035,0.604,0.361
277500,0.034,0.644,0.322
278000,0.037,0.582,0.381
278500,0.038,0.677,0.285
279000,0.038,0.675,0.287
279500,0.042,0.597,0.361
280000,0.041,0.690,0.269
280500,0.036,0.657,0.307
281000,0.037,0.718,0.245
281500,0.034,0.617,0.349
282000,0.037,0.621,0.342
282500,0.039,0.595,0.366
283000,0.036,0.647,0.317
283500,0.034,0.690,0.276
284000,0.032,0.718,0.250
284500,0.038,0.695,0.267
285000,0.033,0.715,0.252
285500,0.032,0.722,0.246
286000,0.034,0.696,0.270
286500,0.036,0.705,0.259
287000,0.032,0.654,0.314
287500,0.035,0.695,0.270
288000,0.036,0.680,0.284
288500,0.037,0.708,0.255
289000,0.034,0.668,0.298
289500,0.033,0.651,0.316
290000,0.036,0.623,0.341
290500,0.036,0.642,0.322
291000,0.037,0.593,0.370
291500,0.040,0.603,0.357
292000,0.041,0.612,0.347
292500,0.033,0.636,0.331
293000,0.036,0.648,0.316
293500,0.041,0.568,0.391
294000,0.033,0.542,0.425
294500,0.035,0.630,0.335
295000,0.037,0.673,0.290
295500,0.032,0.729,0.239
296000,0.033,0.739,0.228
296500,0.033,0.724,0.243
297000,0.035,0.723,0.242
297500,0.035,0.717,0.248
298000,0.038,0.622,0.340
298500,0.043,0.579,0.378
299000,0.043,0.563,0.394
299500,0.037,0.619,0.344
300000,0.035,0.650,0.315
300500,0.032,0.650,0.318
301000,0.033,0.653,0.314
301500,0.037,0.626,0.337
302000,0.044,0.574,0.382
302500,0.040,0.651,0.309
303000,0.038,0.632,0.330
303500,0.036,0.639,0.325
304000,0.034,0.621,0.345
304500,0.037,0.645,0.318
305000,0.037,0.644,0.319
305500,0.032,0.684,0.284
306000,0.030,0.687,0.283
306500,0.033,0.653,0.314
307000,0.030,0.705,0.265
307500,0.031,0.779,0.190
308000,0.031,0.675,0.294
308500,0.038,0.553,0.409
309000,0.033,0.594,0.373
309500,0.042,0.592,0.366
310000,0.038,0.568,0.394
310500,0.037,0.602,0.361
311000,0.037,0.614,0.349
311500,0.037,0.705,0.258
312000,0.033,0.645,0.322
312500,0.038,0.707,0.255
313000,0.032,0.669,0.299
313500,0.030,0.687,0.283
314000,0.036,0.676,0.288
314500,0.038,0.614,0.348
315000,0.042,0.611,0.347
315500,0.040,0.636,0.324
316000,0.032,0.670,0.298
316500,0.034,0.617,0.349
317000,0.043,0.581,0.376
317500,0.037,0.607,0.356
318000,0.033,0.631,0.336
318500,0.040,0.665,0.295
319000,0.036,0.675,0.289
319500,0.036,0.645,0.319
320000,0.036,0.602,0.362
320500,0.033,0.658,0.309
321000,0.032,0.658,0.310
321500,0.041,0.660,0.299
322000,0.041,0.629,0.330
322500,0.036,0.597,0.367
323000,0.041,0.612,0.347
323500,0.034,0.634,0.332
324000,0.032,0.678,0.290
324500,0.030,0.700,0.270
325000,0.035,0.692,0.273
325500,0.035,0.676,0.289
326000,0.035,0.635,0.330
326500,0.032,0.708,0.260
327000,0.031,0.656,0.313
327500,0.036,0.633,0.331
328000,0.033,0.656,0.311
328500,0.034,0.614,0.352
329000,0.038,0.616,0.346
329500,0.032,0.628,0.340
330000,0.042,0.588,0.370
330500,0.038,0.595,0.367
331000,0.039,0.635,0.326
331500,0.036,0.599,0.365
332000,0.037,0.663,0.300
332500,0.035,0.645,0.320
333000,0.032,0.650,0.318
333500,0.037,0.660,0.303
334000,0.034,0.678,0.288
334500,0.039,0.591,0.370
335000,0.032,0.635,0.333
335500,0.032,0.608,0.360
336000,0.031,0.649,0.320
336500,0.034,0.694,0.272
337000,0.033,0.719,0.248
337500,0.035,0.683,0.282
338000,0.045,0.658,0.297
338500,0.038,0.667,0.295
339000,0.031,0.727,0.242
339500,0.034,0.730,0.236
340000,0.036,0.753,0.211
340500,0.030,0.776,0.194
341000,0.033,0.749,0.218
341500,0.031,0.725,0.244
342000,0.033,0.746,0.221
342500,0.034,0.717,0.249
343000,0.034,0.662,0.304
343500,0.036,0.723,0.241
344000,0.036,0.598,0.366
344500,0.034,0.675,0.291
345000,0.034,0.700,0.266
345500,0.033,0.712,0.255
346000,0.032,0.666,0.302
346500,0.035,0.669,0.296
347000,0.039,0.655,0.306
347500,0.034,0.682,0.284
348000,0.034,0.670,0.296
348500,0.042,0.679,0.279
349000,0.034,0.639,0.327
349500,0.032,0.636,0.332
350000,0.032,0.706,0.262
350500,0.035,0.732,0.233
351000,0.035,0.707,0.258
351500,0.035,0.678,0.287
352000,0.033,0.652,0.315
352500,0.030,0.704,0.266
353000,0.036,0.653,0.311
353500,0.034,0.644,0.322
354000,0.035,0.585,0.380
354500,0.032,0.634,0.334
355000,0.033,0.684,0.283
355500,0.040,0.659,0.301
356000,0.037,0.720,0.243
356500,0.030,0.729,0.241
357000,0.030,0.738,0.232
357500,0.030,0.761,0.209
358000,0.030,0.765,0.205
358500,0.034,0.708,0.258
359000,0.037,0.691,0.272
359500,0.033,0.712,0.255
360000,0.033,0.712,0.255
360500,0.032,0.758,0.210
361000,0.035,0.775,0.190
361500,0.033,0.750,0.217
362000,0.032,0.700,0.268
362500,0.031,0.699,0.270
363000,0.039,0.721,0.240
363500,0.031,0.718,0.251
364000,0.034,0.709,0.257
364500,0.031,0.713,0.256
365000,0.033,0.602,0.365
365500,0.038,0.620,0.342
366000,0.037,0.605,0.358
366500,0.039,0.662,0.299
367000,0.035,0.718,0.247
367500,0.031,0.668,0.301
368000,0.038,0.664,0.298
368500,0.036,0.630,0.334
369000,0.036,0.621,0.343
369500,0.033,0.664,0.303
370000,0.031,0.681,0.288
370500,0.041,0.680,0.279
371000,0.038,0.576,0.386
371500,0.035,0.621,0.344
372000,0.034,0.669,0.297
372500,0.038,0.630,0.332
373000,0.033,0.628,0.339
373500,0.038,0.546,0.416
374000,0.043,0.561,0.396
374500,0.040,0.599,0.361
375000,0.039,0.562,0.399
375500,0.040,0.547,0.413
376000,0.036,0.683,0.281
376500,0.036,0.705,0.259
377000,0.034,0.652,0.314
377500,0.033,0.639,0.328
378000,0.033,0.638,0.329
378500,0.048,0.517,0.435
379000,0.039,0.565,0.396
379500,0.047,0.600,0.353
380000,0.042,0.602,0.356
380500,0.036,0.546,0.418
381000,0.048,0.572,0.380
381500,0.035,0.610,0.355
382000,0.044,0.664,0.292
382500,0.038,0.593,0.369
383000,0.036,0.608,0.356
383500,0.038,0.604,0.358
384000,0.033,0.605,0.362
384500,0.047,0.612,0.341
385000,0.042,0.669,0.289
385500,0.037,0.708,0.255
386000,0.036,0.678,0.286
386500,0.035,0.650,0.315
387000,0.037,0.666,0.297
387500,0.030,0.702,0.268
388000,0.033,0.673,0.294
388500,0.032,0.575,0.393
389000,0.032,0.555,0.413
389500,0.036,0.660,0.304
390000,0.035,0.649,0.316
390500,0.033,0.658,0.309
391000,0.041,0.709,0.250
391500,0.035,0.690,0.275
392000,0.038,0.677,0.285
392500,0.040,0.681,0.279
393000,0.034,0.646,0.320
393500,0.035,0.674,0.291
394000,0.035,0.700,0.265
394500,0.039,0.672,0.289
395000,0.036,0.651,0.313
395500,0.035,0.681,0.284
396000,0.036,0.686,0.278
396500,0.033,0.734,0.233
397000,0.033,0.703,0.264
397500,0.037,0.686,0.277
398000,0.035,0.716,0.249
398500,0.030,0.763,0.207
399000,0.034,0.743,0.223
399500,0.033,0.762,0.205
400000,0.033,0.761,0.206
400500,0.033,0.745,0.222
401000,0.037,0.703,0.260
401500,0.031,0.694,0.275
402000,0.033,0.732,0.235
402500,0.037,0.671,0.292
403000,0.036,0.688,0.276
403500,0.034,0.669,0.297
404000,0.035,0.708,0.257
404500,0.030,0.679,0.291
405000,0.032,0.748,0.220
405500,0.038,0.712,0.250
406000,0.040,0.650,0.310
406500,0.035,0.666,0.299
407000,0.035,0.696,0.269
407500,0.042,0.638,0.320
408000,0.045,0.556,0.399
408500,0.037,0.633,0.330
409000,0.037,0.699,0.264
409500,0.031,0.719,0.250
410000,0.031,0.766,0.203
410500,0.033,0.715,0.252
411000,0.031,0.693,0.276
411500,0.034,0.651,0.315
412000,0.035,0.626,0.339
412500,0.033,0.609,0.358
413000,0.037,0.652,0.311
413500,0.039,0.696,0.265
414000,0.030,0.732,0.238
414500,0.031,0.735,0.234
415000,0.033,0.686,0.281
415500,0.032,0.672,0.296
416000,0.033,0.673,0.294
416500,0.041,0.645,0.314
417000,0.036,0.624,0.340
417500,0.036,0.694,0.270
418000,0.035,0.648,0.317
418500,0.031,0.610,0.359
419000,0.037,0.633,0.330
419500,0.042,0.600,0.358
420000,0.036,0.607,0.357
420500,0.036,0.631,0.333
421000,0.039,0.648,0.313
421500,0.039,0.633,0.328
422000,0.034,0.696,0.270
422500,0.033,0.637,0.330
423000,0.038,0.649,0.313
423500,0.036,0.654,0.310
424000,0.032,0.702,0.266
424500,0.033,0.705,0.262
425000,0.032,0.704,0.264
425500,0.030,0.664,0.306
426000,0.032,0.695,0.273
426500,0.033,0.683,0.284
427000,0.037,0.668,0.295
427500,0.032,0.719,0.249
428000,0.033,0.617,0.350
428500,0.031,0.688,0.281
429000,0.031,0.675,0.294
429500,0.034,0.740,0.226
430000,0.032,0.703,0.265
430500,0.035,0.681,0.284
431000,0.031,0.656,0.313
431500,0.035,0.631,0.334
432000,0.040,0.581,0.379
432500,0.040,0.607,0.353
433000,0.034,0.622,0.344
433500,0.035,0.626,0.339
434000,0.038,0.666,0.296
434500,0.036,0.667,0.297
435000,0.036,0.614,0.350
435500,0.034,0.672,0.294
436000,0.037,0.635,0.328
436500,0.038,0.653,0.309
437000,0.035,0.631,0.334
437500,0.033,0.589,0.378
438000,0.037,0.671,0.292
438500,0.035,0.617,0.348
439000,0.032,0.699,0.269
439500,0.037,0.635,0.328
440000,0.035,0.701,0.264
440500,0.032,0.682,0.286
441000,0.033,0.698,0.269
441500,0.042,0.737,0.221
442000,0.033,0.641,0.326
442500,0.036,0.743,0.221
443000,0.033,0.754,0.213
443500,0.032,0.704,0.264
444000,0.035,0.716,0.249
444500,0.040,0.688,0.272
445000,0.031,0.742,0.227
445500,0.035,0.736,0.229
446000,0.033,0.752,0.215
446500,0.031,0.753,0.216
447000,0.033,0.671,0.296
447500,0.035,0.711,0.254
448000,0.038,0.695,0.267
448500,0.036,0.648,0.316
449000,0.040,0.689,0.271
449500,0.034,0.661,0.305
450000,0.035,0.664,0.301
450500,0.035,0.648,0.317
451000,0.036,0.689,0.275
451500,0.034,0.724,0.242
452000,0.034,0.704,0.262
452500,0.039,0.663,0.298
453000,0.040,0.638,0.322
453500,0.035,0.683,0.282
454000,0.033,0.636,0.331
454500,0.037,0.617,0.346
455000,0.042,0.583,0.375
455500,0.035,0.628,0.337
456000,0.036,0.685,0.279
456500,0.038,0.638,0.324
457000,0.034,0.674,0.292
457500,0.036,0.690,0.274
458000,0.033,0.739,0.228
458500,0.033,0.746,0.221
459000,0.032,0.722,0.246
459500,0.033,0.685,0.282
460000,0.035,0.667,0.298
460500,0.037,0.744,0.219
461000,0.031,0.676,0.293
461500,0.033,0.665,0.302
462000,0.036,0.614,0.350
462500,0.040,0.545,0.415
463000,0.040,0.557,0.403
463500,0.037,0.591,0.372
464000,0.036,0.660,0.304
464500,0.034,0.696,0.270
465000,0.035,0.647,0.318
465500,0.032,0.723,0.245
466000,0.039,0.706,0.255
466500,0.039,0.675,0.286
467000,0.035,0.690,0.275
467500,0.031,0.668,0.301
468000,0.031,0.712,0.257
468500,0.035,0.724,0.241
469000,0.033,0.704,0.263
469500,0.034,0.632,0.334
470000,0.034,0.643,0.323
470500,0.036,0.618,0.346
471000,0.046,0.612,0.342
471500,0.041,0.588,0.371
472000,0.038,0.594,0.368
472500,0.032,0.599,0.369
473000,0.034,0.707,0.259
473500,0.034,0.682,0.284
474000,0.034,0.541,0.425
474500,0.034,0.599,0.367
475000,0.041,0.623,0.336
475500,0.039,0.699,0.262
476000,0.038,0.599,0.363
476500,0.039,0.600,0.361
477000,0.044,0.539,0.417
477500,0.043,0.564,0.393
478000,0.036,0.577,0.387
478500,0.042,0.522,0.436
479000,0.038,0.542,0.420
479500,0.043,0.574,0.383
480000,0.044,0.588,0.368
480500,0.036,0.640,0.324
481000,0.035,0.719,0.246
481500,0.033,0.744,0.223
482000,0.034,0.751,0.215
482500,0.032,0.659,0.309
483000,0.031,0.724,0.245
483500,0.034,0.690,0.276
484000,0.036,0.566,0.398
484500,0.037,0.583,0.380
485000,0.036,0.606,0.358
485500,0.037,0.638,0.325
486000,0.036,0.645,0.319
486500,0.036,0.662,0.302
487000,0.036,0.646,0.318
487500,0.036,0.667,0.297
488000,0.033,0.619,0.348
488500,0.032,0.617,0.351
489000,0.034,0.590,0.376
489500,0.033,0.577,0.390
490000,0.036,0.582,0.382
490500,0.031,0.641,0.328
491000,0.034,0.618,0.348
491500,0.036,0.703,0.261
492000,0.032,0.648,0.320
492500,0.039,0.591,0.370
493000,0.040,0.611,0.349
493500,0.036,0.631,0.333
494000,0.034,0.632,0.334
494500,0.033,0.652,0.315
495000,0.038,0.609,0.353
495500,0.044,0.660,0.296
496000,0.039,0.677,0.284
496500,0.037,0.650,0.313
497000,0.031,0.707,0.262
497500,0.032,0.717,0.251
498000,0.033,0.704,0.263
498500,0.034,0.693,0.273
499000,0.032,0.658,0.310
499500,0.033,0.618,0.349
500000,0.037,0.603,0.360
500500,0.034,0.653,0.313
501000,0.036,0.632,0.332
501500,0.036,0.640,0.324
502000,0.038,0.658,0.304
502500,0.036,0.685,0.279
503000,0.039,0.635,0.326
503500,0.042,0.674,0.284
504000,0.035,0.668,0.297
504500,0.036,0.700,0.264
505000,0.037,0.702,0.261
505500,0.033,0.762,0.205
506000,0.031,0.748,0.221
506500,0.032,0.704,0.264
507000,0.034,0.671,0.295
507500,0.034,0.694,0.272
508000,0.034,0.656,0.310
508500,0.034,0.649,0.317
509000,0.036,0.585,0.379
509500,0.049,0.611,0.340
510000,0.044,0.632,0.324
510500,0.041,0.622,0.337
511000,0.039,0.592,0.369
511500,0.034,0.647,0.319
512000,0.031,0.629,0.340
512500,0.034,0.626,0.340
513000,0.035,0.722,0.243
513500,0.033,0.700,0.267
514000,0.035,0.710,0.255
514500,0.033,0.677,0.290
515000,0.031,0.767,0.202
515500,0.032,0.736,0.232
516000,0.030,0.796,0.174
516500,0.030,0.774,0.196
517000,0.033,0.774,0.193
517500,0.030,0.689,0.281
518000,0.038,0.616,0.346
518500,0.033,0.685,0.282
519000,0.031,0.664,0.305
519500,0.036,0.680,0.284
520000,0.032,0.676,0.292
520500,0.039,0.693,0.268
521000,0.034,0.748,0.218
521500,0.033,0.667,0.300
522000,0.033,0.636,0.331
522500,0.037,0.650,0.313
523000,0.032,0.638,0.330
523500,0.033,0.670,0.297
524000,0.035,0.634,0.331
524500,0.037,0.684,0.279
525000,0.034,0.715,0.251
525500,0.033,0.667,0.300
526000,0.034,0.712,0.254
526500,0.036,0.713,0.251
527000,0.036,0.641,0.323
527500,0.034,0.661,0.305
528000,0.034,0.656,0.310
528500,0.031,0.725,0.244
529000,0.033,0.638,0.329
529500,0.032,0.675,0.293
530000,0.034,0.712,0.254
530500,0.032,0.718,0.250
531000,0.031,0.728,0.241
531500,0.035,0.604,0.361
532000,0.042,0.624,0.334
532500,0.038,0.586,0.376
533000,0.040,0.608,0.352
533500,0.036,0.570,0.394
534000,0.037,0.559,0.404
534500,0.041,0.658,0.301
535000,0.040,0.617,0.343
535500,0.036,0.667,0.297
536000,0.035,0.700,0.265
536500,0.032,0.699,0.269
537000,0.037,0.633,0.330
537500,0.037,0.642,0.321
538000,0.038,0.634,0.328
538500,0.037,0.590,0.373
539000,0.036,0.533,0.431
539500,0.041,0.606,0.353
540000,0.035,0.611,0.354
540500,0.039,0.652,0.309
541000,0.034,0.600,0.366
541500,0.035,0.621,0.344
542000,0.033,0.616,0.351
542500,0.045,0.600,0.355
543000,0.040,0.658,0.302
543500,0.033,0.660,0.307
544000,0.035,0.608,0.357
544500,0.035,0.659,0.306
545000,0.032,0.660,0.308
545500,0.037,0.642,0.321
546000,0.038,0.670,0.292
546500,0.034,0.695,0.271
547000,0.039,0.651,0.310
547500,0.036,0.666,0.298
548000,0.033,0.646,0.321
548500,0.044,0.629,0.327
549000,0.040,0.693,0.267
549500,0.034,0.669,0.297
550000,0.033,0.680,0.287
550500,0.035,0.696,0.269
551000,0.030,0.704,0.266
551500,0.032,0.740,0.228
552000,0.035,0.699,0.266
552500,0.031,0.677,0.292
553000,0.031,0.627,0.342
553500,0.032,0.719,0.249
554000,0.033,0.744,0.223
554500,0.033,0.726,0.241
555000,0.034,0.707,0.259
555500,0.031,0.683,0.286
556000,0.031,0.668,0.301
556500,0.033,0.668,0.299
557000,0.035,0.607,0.358
557500,0.041,0.589,0.370
558000,0.044,0.567,0.389
558500,0.041,0.602,0.357
559000,0.034,0.609,0.357
559500,0.038,0.649,0.313
560000,0.034,0.696,0.270
560500,0.036,0.673,0.291
561000,0.035,0.689,0.276
561500,0.035,0.663,0.302
562000,0.038,0.679,0.283
562500,0.031,0.673,0.296
563000,0.039,0.639,0.322
563500,0.033,0.619,0.348
564000,0.033,0.646,0.321
564500,0.033,0.716,0.251
565000,0.035,0.721,0.244
565500,0.035,0.659,0.306
566000,0.033,0.665,0.302
566500,0.031,0.741,0.228
567000,0.031,0.718,0.251
567500,0.031,0.728,0.241
568000,0.031,0.713,0.256
568500,0.033,0.741,0.226
569000,0.034,0.713,0.253
569500,0.035,0.633,0.332
570000,0.036,0.670,0.294
570500,0.036,0.604,0.360
571000,0.033,0.569,0.398
571500,0.034,0.599,0.367
572000,0.040,0.639,0.321
572500,0.039,0.673,0.288
573000,0.036,0.592,0.372
573500,0.036,0.606,0.358
574000,0.039,0.618,0.343
574500,0.037,0.640,0.323
575000,0.032,0.630,0.338
575500,0.035,0.638,0.327
576000,0.034,0.702,0.264
576500,0.034,0.742,0.224
577000,0.033,0.718,0.249
577500,0.033,0.757,0.210
578000,0.032,0.794,0.174
578500,0.031,0.799,0.170
579000,0.030,0.791,0.179
579500,0.031,0.705,0.264
580000,0.034,0.746,0.220
580500,0.033,0.701,0.266
581000,0.034,0.781,0.185
581500,0.034,0.766,0.200
582000,0.030,0.761,0.209
582500,0.034,0.736,0.230
583000,0.034,0.708,0.258
583500,0.041,0.640,0.319
584000,0.039,0.614,0.347
584500,0.039,0.608,0.353
585000,0.038,0.628,0.334
585500,0.035,0.701,0.264
586000,0.035,0.705,0.260
586500,0.032,0.664,0.304
587000,0.032,0.626,0.342
587500,0.035,0.648,0.317
588000,0.035,0.636,0.329
588500,0.034,0.620,0.346
589000,0.037,0.665,0.298
589500,0.042,0.675,0.283
590000,0.034,0.638,0.328
590500,0.034,0.757,0.209
591000,0.033,0.735,0.232
591500,0.031,0.693,0.276
592000,0.036,0.706,0.258
592500,0.031,0.673,0.296
593000,0.037,0.692,0.271
593500,0.042,0.669,0.289
594000,0.039,0.621,0.340
594500,0.034,0.656,0.310
595000,0.031,0.728,0.241
595500,0.037,0.715,0.248
596000,0.038,0.620,0.342
596500,0.033,0.625,0.342
597000,0.036,0.603,0.361
597500,0.034,0.652,0.314
598000,0.033,0.680,0.287
598500,0.034,0.637,0.329
599000,0.035,0.717,0.248
599500,0.032,0.723,0.245
600000,0.033,0.762,0.205
600500,0.033,0.727,0.240
601000,0.035,0.745,0.220
601500,0.035,0.592,0.373
602000,0.047,0.587,0.366
602500,0.041,0.601,0.358
603000,0.045,0.642,0.313
603500,0.039,0.581,0.380
604000,0.038,0.595,0.367
604500,0.041,0.684,0.275
605000,0.031,0.621,0.348
605500,0.040,0.652,0.308
606000,0.034,0.685,0.281
606500,0.035,0.665,0.300
607000,0.032,0.711,0.257
607500,0.032,0.658,0.310
608000,0.032,0.700,0.268
608500,0.034,0.655,0.311
609000,0.036,0.604,0.360
609500,0.037,0.652,0.311
610000,0.034,0.677,0.289
610500,0.031,0.698,0.271
611000,0.032,0.676,0.292
611500,0.030,0.751,0.219
612000,0.036,0.706,0.258
612500,0.033,0.720,0.247
613000,0.035,0.699,0.266
613500,0.034,0.695,0.271
614000,0.035,0.659,0.306
614500,0.035,0.694,0.271
615000,0.036,0.626,0.338
615500,0.042,0.572,0.386
616000,0.048,0.531,0.421
616500,0.045,0.574,0.381
617000,0.052,0.554,0.394
617500,0.038,0.522,0.440
618000,0.043,0.462,0.495
618500,0.041,0.599,0.360
619000,0.039,0.625,0.336
619500,0.048,0.581,0.371
620000,0.040,0.658,0.302
620500,0.036,0.677,0.287
621000,0.034,0.675,0.291
621500,0.032,0.660,0.308
622000,0.036,0.668,0.296
622500,0.034,0.709,0.257
623000,0.033,0.655,0.312
623500,0.033,0.584,0.383
624000,0.036,0.637,0.327
624500,0.031,0.727,0.242
625000,0.030,0.709,0.261
625500,0.036,0.714,0.250
626000,0.037,0.666,0.297
626500,0.035,0.637,0.328
627000,0.033,0.702,0.265
627500,0.033,0.731,0.236
628000,0.032,0.739,0.229
628500,0.031,0.701,0.268
629000,0.031,0.721,0.248
629500,0.038,0.719,0.243
630000,0.035,0.696,0.269
630500,0.033,0.704,0.263
631000,0.031,0.662,0.307
631500,0.034,0.682,0.284
632000,0.036,0.722,0.242
632500,0.037,0.737,0.226
633000,0.032,0.807,0.161
633500,0.034,0.743,0.223
634000,0.033,0.756,0.211
634500,0.034,0.702,0.264
635000,0.035,0.716,0.249
635500,0.035,0.651,0.314
636000,0.035,0.724,0.241
636500,0.037,0.744,0.219
637000,0.035,0.654,0.311
637500,0.039,0.656,0.305
638000,0.041,0.626,0.333
638500,0.041,0.601,0.358
639000,0.037,0.640,0.323
639500,0.032,0.635,0.333
640000,0.036,0.660,0.304
640500,0.041,0.636,0.323
641000,0.034,0.656,0.310
641500,0.033,0.763,0.204
642000,0.033,0.747,0.220
642500,0.031,0.754,0.215
643000,0.033,0.712,0.255
643500,0.038,0.735,0.227
644000,0.033,0.646,0.321
644500,0.033,0.654,0.313
645000,0.032,0.663,0.305
645500,0.031,0.674,0.295
646000,0.033,0.699,0.268
646500,0.042,0.651,0.307
647000,0.033,0.582,0.385
647500,0.038,0.527,0.435
648000,0.033,0.660,0.307
648500,0.032,0.673,0.295
649000,0.034,0.676,0.290
649500,0.038,0.709,0.253
650000,0.034,0.708,0.258
650500,0.038,0.683,0.279
651000,0.039,0.671,0.290
651500,0.036,0.664,0.300
652000,0.034,0.637,0.329
652500,0.036,0.652,0.312
653000,0.038,0.617,0.345
653500,0.035,0.600,0.365
654000,0.038,0.659,0.303
654500,0.041,0.608,0.351
655000,0.034,0.597,0.369
655500,0.035,0.574,0.391
656000,0.040,0.631,0.329
656500,0.036,0.577,0.387
657000,0.039,0.615,0.346
657500,0.033,0.710,0.257
658000,0.035,0.644,0.321
658500,0.035,0.646,0.319
659000,0.036,0.621,0.343
659500,0.037,0.696,0.267
660000,0.037,0.636,0.327
660500,0.039,0.639,0.322
661000,0.036,0.641,0.323
661500,0.036,0.636,0.328
662000,0.037,0.594,0.369
662500,0.032,0.616,0.352
663000,0.038,0.613,0.349
663500,0.040,0.626,0.334
664000,0.032,0.690,0.278
664500,0.031,0.625,0.344
665000,0.033,0.670,0.297
665500,0.032,0.600,0.368
666000,0.034,0.652,0.314
666500,0.034,0.726,0.240
667000,0.032,0.764,0.204
667500,0.031,0.756,0.213
668000,0.033,0.670,0.297
668500,0.032,0.747,0.221
669000,0.034,0.749,0.217
669500,0.034,0.726,0.240
670000,0.034,0.646,0.320
670500,0.034,0.640,0.326
671000,0.036,0.731,0.233
671500,0.035,0.771,0.194
672000,0.034,0.704,0.262
672500,0.031,0.649,0.320
673000,0.034,0.631,0.335
673500,0.034,0.657,0.309
674000,0.040,0.673,0.287
674500,0.042,0.643,0.315
675000,0.031,0.699,0.270
675500,0.033,0.723,0.244
676000,0.032,0.753,0.215
676500,0.033,0.715,0.252
677000,0.035,0.678,0.287
677500,0.032,0.624,0.344
678000,0.040,0.621,0.339
678500,0.036,0.641,0.323
679000,0.035,0.622,0.343
679500,0.032,0.663,0.305
680000,0.033,0.704,0.263
680500,0.031,0.733,0.236
681000,0.033,0.733,0.234
681500,0.031,0.731,0.238
682000,0.033,0.715,0.252
682500,0.030,0.677,0.293
683000,0.032,0.627,0.341
683500,0.042,0.634,0.324
684000,0.047,0.546,0.407
684500,0.042,0.544,0.414
685000,0.041,0.533,0.426
685500,0.043,0.506,0.451
686000,0.039,0.539,0.422
686500,0.039,0.584,0.377
687000,0.039,0.551,0.410
687500,0.035,0.662,0.303
688000,0.037,0.635,0.328
688500,0.036,0.698,0.266
689000,0.032,0.675,0.293
689500,0.033,0.628,0.339
690000,0.032,0.662,0.306
690500,0.037,0.693,0.270
691000,0.038,0.672,0.290
691500,0.038,0.672,0.290
692000,0.038,0.605,0.357
692500,0.036,0.603,0.361
693000,0.040,0.601,0.359
693500,0.034,0.587,0.379
694000,0.038,0.656,0.306
694500,0.033,0.663,0.304
695000,0.036,0.705,0.259
695500,0.034,0.752,0.214
696000,0.034,0.739,0.227
696500,0.031,0.756,0.213
697000,0.033,0.626,0.341
697500,0.036,0.712,0.252
698000,0.031,0.729,0.240
698500,0.035,0.683,0.282
699000,0.035,0.682,0.283
699500,0.034,0.667,0.299
700000,0.035,0.670,0.295
700500,0.035,0.636,0.329
701000,0.039,0.617,0.344
701500,0.037,0.668,0.295
702000,0.032,0.748,0.220
702500,0.040,0.662,0.298
703000,0.038,0.595,0.367
703500,0.034,0.666,0.300
704000,0.042,0.541,0.417
704500,0.033,0.619,0.348
705000,0.034,0.684,0.282
705500,0.035,0.737,0.228
706000,0.037,0.714,0.249
706500,0.035,0.656,0.309
707000,0.032,0.705,0.263
707500,0.040,0.695,0.265
708000,0.038,0.633,0.329
708500,0.037,0.613,0.350
709000,0.036,0.669,0.295
709500,0.035,0.680,0.285
710000,0.036,0.722,0.242
710500,0.036,0.636,0.328
711000,0.037,0.631,0.332
711500,0.038,0.649,0.313
712000,0.045,0.691,0.264
712500,0.035,0.726,0.239
713000,0.033,0.752,0.215
713500,0.030,0.816,0.154
714000,0.036,0.724,0.240
714500,0.035,0.709,0.256
715000,0.032,0.753,0.215
715500,0.037,0.686,0.277
716000,0.032,0.670,0.298
716500,0.039,0.649,0.312
717000,0.034,0.681,0.285
717500,0.034,0.760,0.206
718000,0.033,0.808,0.159
718500,0.033,0.738,0.229
719000,0.030,0.746,0.224
719500,0.034,0.759,0.207
720000,0.032,0.683,0.285
720500,0.031,0.736,0.233
721000,0.033,0.780,0.187
721500,0.030,0.791,0.179
722000,0.033,0.717,0.250
722500,0.031,0.726,0.243
723000,0.031,0.677,0.292
723500,0.037,0.656,0.307
724000,0.034,0.634,0.332
724500,0.031,0.659,0.310
725000,0.036,0.643,0.321
725500,0.042,0.605,0.353
726000,0.046,0.609,0.345
726500,0.034,0.628,0.338
727000,0.036,0.668,0.296
727500,0.031,0.739,0.230
728000,0.030,0.769,0.201
728500,0.033,0.774,0.193
729000,0.031,0.758,0.211
729500,0.032,0.770,0.198
730000,0.031,0.790,0.179
730500,0.037,0.768,0.195
731000,0.036,0.708,0.256
731500,0.031,0.678,0.291
732000,0.035,0.628,0.337
732500,0.041,0.594,0.365
733000,0.038,0.536,0.426
733500,0.038,0.646,0.316
734000,0.036,0.634,0.330
734500,0.041,0.643,0.316
735000,0.043,0.572,0.385
735500,0.037,0.641,0.322
736000,0.033,0.605,0.362
736500,0.042,0.607,0.351
737000,0.038,0.560,0.402
737500,0.034,0.621,0.345
738000,0.034,0.627,0.339
738500,0.039,0.642,0.319
739000,0.037,0.622,0.341
739500,0.035,0.584,0.381
740000,0.033,0.651,0.316
740500,0.034,0.674,0.292
741000,0.034,0.627,0.339
741500,0.033,0.688,0.279
742000,0.031,0.754,0.215
742500,0.030,0.780,0.190
743000,0.033,0.762,0.205
743500,0.031,0.726,0.243
744000,0.036,0.698,0.266
744500,0.036,0.659,0.305
745000,0.032,0.730,0.238
745500,0.030,0.768,0.202
746000,0.034,0.782,0.184
746500,0.031,0.710,0.259
747000,0.042,0.564,0.394
747500,0.037,0.579,0.384
748000,0.032,0.673,0.295
748500,0.037,0.661,0.302
749000,0.033,0.643,0.324
749500,0.036,0.628,0.336
750000,0.032,0.703,0.265
750500,0.034,0.658,0.308
751000,0.038,0.654,0.308
751500,0.033,0.671,0.296
752000,0.034,0.640,0.326
752500,0.037,0.672,0.291
753000,0.035,0.678,0.287
753500,0.033,0.661,0.306
754000,0.037,0.673,0.290
754500,0.038,0.602,0.360
755000,0.034,0.593,0.373
755500,0.040,0.586,0.374
756000,0.038,0.610,0.352
756500,0.039,0.544,0.417
757000,0.036,0.594,0.370
757500,0.037,0.575,0.388
758000,0.041,0.589,0.370
758500,0.044,0.628,0.328
759000,0.039,0.632,0.329
759500,0.034,0.694,0.272
760000,0.034,0.648,0.318
760500,0.044,0.666,0.290
761000,0.037,0.703,0.260
761500,0.034,0.734,0.232
762000,0.036,0.750,0.214
762500,0.031,0.655,0.314
763000,0.034,0.627,0.339
763500,0.031,0.689,0.280
764000,0.035,0.671,0.294
764500,0.036,0.696,0.268
765000,0.034,0.721,0.245
765500,0.037,0.627,0.336
766000,0.032,0.639,0.329
766500,0.041,0.588,0.371
767000,0.039,0.595,0.366
767500,0.036,0.652,0.312
768000,0.036,0.680,0.284
768500,0.035,0.727,0.238
769000,0.031,0.777,0.192
769500,0.032,0.760,0.208
770000,0.031,0.746,0.223
770500,0.030,0.788,0.182
771000,0.030,0.823,0.147
771500,0.031,0.830,0.139
772000,0.033,0.807,0.160
772500,0.031,0.737,0.232
773000,0.032,0.719,0.249
773500,0.034,0.734,0.232
774000,0.032,0.722,0.246
774500,0.030,0.714,0.256
775000,0.032,0.750,0.218
775500,0.033,0.705,0.262
776000,0.030,0.724,0.246
776500,0.033,0.765,0.202
777000,0.034,0.695,0.271
777500,0.037,0.622,0.341
778000,0.036,0.575,0.389
778500,0.032,0.639,0.329
779000,0.036,0.630,0.334
779500,0.035,0.652,0.313
780000,0.037,0.631,0.332
780500,0.030,0.679,0.291
781000,0.030,0.734,0.236
781500,0.034,0.761,0.205
782000,0.030,0.727,0.243
782500,0.039,0.650,0.311
783000,0.035,0.666,0.299
783500,0.035,0.691,0.274
784000,0.033,0.685,0.282
784500,0.031,0.714,0.255
785000,0.038,0.592,0.370
785500,0.033,0.695,0.272
786000,0.030,0.782,0.188
786500,0.031,0.700,0.269
787000,0.034,0.705,0.261
787500,0.037,0.711,0.252
788000,0.030,0.795,0.175
788500,0.033,0.733,0.234
789000,0.033,0.691,0.276
789500,0.032,0.713,0.255
790000,0.031,0.659,0.310
790500,0.032,0.667,0.301
791000,0.032,0.692,0.276
791500,0.036,0.682,0.282
792000,0.032,0.682,0.286
792500,0.034,0.726,0.240
793000,0.031,0.706,0.263
793500,0.032,0.683,0.285
794000,0.032,0.736,0.232
794500,0.031,0.768,0.201
795000,0.030,0.710,0.260
795500,0.032,0.698,0.270
796000,0.036,0.655,0.309
796500,0.035,0.650,0.315
797000,0.033,0.707,0.260
797500,0.034,0.643,0.323
798000,0.037,0.715,0.248
798500,0.035,0.704,0.261
799000,0.036,0.684,0.280
799500,0.034,0.680,0.286
800000,0.031,0.759,0.210
800500,0.031,0.771,0.198
801000,0.030,0.799,0.171
801500,0.035,0.715,0.250
802000,0.034,0.711,0.255
802500,0.034,0.793,0.173
803000,0.030,0.735,0.235
803500,0.036,0.686,0.278
