time,n_A+p,n_B,n_AB
500,0.030,0.298,0.672
1000,0.030,0.196,0.774
1500,0.030,0.336,0.634
2000,0.030,0.333,0.637
2500,0.030,0.234,0.736
3000,0.030,0.307,0.663
3500,0.030,0.252,0.718
4000,0.030,0.309,0.661
4500,0.030,0.147,0.823
5000,0.030,0.174,0.796
5500,0.030,0.229,0.741
6000,0.030,0.363,0.607
6500,0.030,0.333,0.637
7000,0.030,0.257,0.713
7500,0.030,0.250,0.720
8000,0.030,0.416,0.554
8500,0.030,0.219,0.751
9000,0.030,0.179,0.791
9500,0.030,0.190,0.780
10000,0.030,0.176,0.794
10500,0.030,0.269,0.701
11000,0.030,0.268,0.702
11500,0.030,0.262,0.708
12000,0.030,0.294,0.676
12500,0.030,0.373,0.597
13000,0.030,0.139,0.831
13500,0.030,0.380,0.590
14000,0.030,0.268,0.702
14500,0.030,0.344,0.626
15000,0.030,0.129,0.841
15500,0.030,0.274,0.696
16000,0.030,0.161,0.809
16500,0.030,0.238,0.732
17000,0.030,0.551,0.419
17500,0.030,0.115,0.855
18000,0.030,0.223,0.747
18500,0.030,0.379,0.591
19000,0.030,0.319,0.651
19500,0.030,0.136,0.834
20000,0.030,0.388,0.582
20500,0.030,0.165,0.805
21000,0.030,0.218,0.752
21500,0.030,0.254,0.716
22000,0.030,0.126,0.844
22500,0.030,0.399,0.571
23000,0.030,0.285,0.685
23500,0.030,0.206,0.764
24000,0.030,0.310,0.660
24500,0.030,0.212,0.758
25000,0.030,0.202,0.768
25500,0.030,0.092,0.878
26000,0.030,0.166,0.804
26500,0.030,0.357,0.613
27000,0.030,0.423,0.547
27500,0.030,0.505,0.465
28000,0.030,0.185,0.785
28500,0.030,0.353,0.617
29000,0.030,0.312,0.658
29500,0.030,0.184,0.786
30000,0.030,0.231,0.739
30500,0.030,0.119,0.851
31000,0.999,0.000,0.001
31500,1.000,0.000,0.000
