time,n_A+p,n_B,n_AB
500,0.080,0.616,0.304
1000,0.086,0.412,0.502
1500,0.080,0.408,0.512
2000,0.080,0.357,0.563
2500,0.080,0.354,0.566
3000,0.084,0.388,0.528
3500,0.080,0.364,0.556
4000,0.091,0.260,0.649
4500,0.099,0.229,0.672
5000,0.088,0.283,0.629
5500,0.088,0.294,0.618
6000,0.111,0.266,0.623
6500,0.083,0.245,0.672
7000,0.105,0.256,0.639
7500,0.152,0.148,0.700
8000,0.656,0.007,0.337
8500,0.915,0.000,0.085
9000,0.993,0.000,0.007
9500,0.994,0.000,0.006
10000,1.000,0.000,0.000
