time,n_A+p,n_B,n_AB
500,0.050,0.763,0.186
1000,0.050,0.502,0.448
1500,0.050,0.333,0.617
2000,0.050,0.247,0.702
2500,0.053,0.258,0.690
3000,0.055,0.243,0.702
3500,0.056,0.136,0.808
4000,0.108,0.090,0.802
4500,0.239,0.017,0.744
5000,0.472,0.001,0.527
5500,0.592,0.000,0.408
6000,0.613,0.000,0.387
6500,0.652,0.000,0.348
7000,0.750,0.000,0.250
7500,0.788,0.000,0.212
8000,0.819,0.000,0.181
8500,0.844,0.000,0.156
9000,0.846,0.000,0.154
9500,0.842,0.000,0.158
10000,0.855,0.000,0.145
10500,0.895,0.000,0.105
11000,0.893,0.000,0.107
11500,0.890,0.000,0.110
12000,0.836,0.000,0.164
12500,0.831,0.000,0.169
13000,0.818,0.000,0.182
13500,0.821,0.000,0.179
14000,0.756,0.000,0.244
14500,0.740,0.000,0.260
15000,0.750,0.000,0.250
15500,0.783,0.000,0.217
16000,0.810,0.000,0.190
16500,0.775,0.000,0.225
17000,0.788,0.000,0.212
17500,0.775,0.000,0.225
18000,0.717,0.000,0.283
18500,0.700,0.000,0.300
19000,0.690,0.000,0.310
19500,0.749,0.000,0.251
20000,0.744,0.000,0.256
20500,0.765,0.000,0.235
21000,0.755,0.000,0.245
21500,0.724,0.000,0.276
22000,0.827,0.000,0.173
22500,0.754,0.000,0.246
23000,0.847,0.000,0.153
23500,0.810,0.000,0.190
24000,0.792,0.000,0.208
24500,0.733,0.000,0.267
25000,0.790,0.000,0.210
25500,0.708,0.000,0.292
26000,0.698,0.000,0.302
26500,0.719,0.000,0.281
27000,0.811,0.000,0.189
27500,0.818,0.000,0.182
28000,0.770,0.000,0.230
28500,0.764,0.000,0.236
29000,0.727,0.000,0.273
29500,0.720,0.000,0.280
30000,0.737,0.000,0.263
30500,0.760,0.000,0.240
31000,0.799,0.000,0.201
31500,0.820,0.000,0.180
32000,0.827,0.000,0.173
32500,0.864,0.000,0.136
33000,0.840,0.000,0.160
33500,0.818,0.000,0.182
34000,0.826,0.000,0.174
34500,0.854,0.000,0.146
35000,0.779,0.000,0.221
35500,0.808,0.000,0.192
36000,0.908,0.000,0.092
36500,0.938,0.000,0.062
37000,0.962,0.000,0.038
37500,0.941,0.000,0.059
38000,0.956,0.000,0.044
38500,0.986,0.000,0.014
39000,0.998,0.000,0.002
39500,1.000,0.000,0.000
