time,n_A+p,n_B,n_AB
1000,0.193,0.194,0.613
2000,0.258,0.160,0.582
3000,0.317,0.075,0.608
4000,0.406,0.075,0.519
5000,0.507,0.051,0.442
6000,0.650,0.001,0.349
7000,0.734,0.000,0.266
8000,0.816,0.000,0.184
9000,0.899,0.000,0.101
10000,0.877,0.000,0.123
11000,0.844,0.000,0.156
12000,0.881,0.000,0.119
13000,0.912,0.000,0.088
14000,0.910,0.000,0.090
15000,0.923,0.000,0.077
16000,0.891,0.000,0.109
17000,0.922,0.000,0.078
18000,0.854,0.000,0.146
19000,0.848,0.000,0.152
20000,0.848,0.000,0.152
21000,0.873,0.000,0.127
22000,0.924,0.000,0.076
23000,0.963,0.000,0.037
24000,0.977,0.000,0.023
25000,0.990,0.000,0.010
26000,0.971,0.000,0.029
27000,0.980,0.000,0.020
28000,0.974,0.000,0.026
29000,0.963,0.000,0.037
30000,0.968,0.000,0.032
31000,0.974,0.000,0.026
32000,0.951,0.000,0.049
33000,0.938,0.000,0.062
34000,0.958,0.000,0.042
35000,0.979,0.000,0.021
36000,0.982,0.000,0.018
37000,0.982,0.000,0.018
38000,0.956,0.000,0.044
39000,0.961,0.000,0.039
40000,0.963,0.000,0.037
41000,0.969,0.000,0.031
42000,0.955,0.000,0.045
43000,0.934,0.000,0.066
44000,0.903,0.000,0.097
45000,0.888,0.000,0.112
46000,0.911,0.000,0.089
47000,0.942,0.000,0.058
48000,0.967,0.000,0.033
49000,0.989,0.000,0.011
50000,0.968,0.000,0.032
51000,0.956,0.000,0.044
52000,0.959,0.000,0.041
53000,0.983,0.000,0.017
54000,0.983,0.000,0.017
55000,0.995,0.000,0.005
56000,1.000,0.000,0.000
