time,n_A+p,n_B,n_AB
0,0.028,0.972,0.000
500,0.028,0.945,0.028
1000,0.028,0.940,0.032
1500,0.028,0.949,0.023
2000,0.032,0.945,0.023
2500,0.028,0.922,0.051
3000,0.028,0.940,0.032
3500,0.028,0.931,0.041
4000,0.028,0.949,0.023
4500,0.028,0.954,0.018
5000,0.028,0.926,0.046
5500,0.037,0.926,0.037
6000,0.032,0.903,0.065
6500,0.028,0.926,0.046
7000,0.028,0.922,0.051
7500,0.032,0.945,0.023
8000,0.028,0.917,0.055
8500,0.037,0.899,0.065
9000,0.041,0.899,0.060
9500,0.037,0.917,0.046
10000,0.032,0.959,0.009
10500,0.032,0.945,0.023
11000,0.037,0.931,0.032
11500,0.028,0.949,0.023
12000,0.028,0.959,0.014
12500,0.032,0.954,0.014
13000,0.028,0.963,0.009
13500,0.028,0.917,0.055
14000,0.037,0.922,0.041
14500,0.028,0.945,0.028
15000,0.032,0.894,0.074
15500,0.032,0.908,0.060
16000,0.032,0.931,0.037
16500,0.032,0.922,0.046
17000,0.032,0.949,0.018
17500,0.028,0.959,0.014
18000,0.032,0.926,0.041
18500,0.028,0.949,0.023
19000,0.037,0.926,0.037
19500,0.037,0.931,0.032
20000,0.028,0.968,0.005
20500,0.028,0.949,0.023
21000,0.028,0.949,0.023
21500,0.028,0.949,0.023
22000,0.028,0.949,0.023
22500,0.032,0.931,0.037
23000,0.032,0.949,0.018
23500,0.032,0.940,0.028
24000,0.028,0.945,0.028
24500,0.032,0.940,0.028
25000,0.046,0.922,0.032
25500,0.028,0.945,0.028
26000,0.028,0.963,0.009
26500,0.037,0.935,0.028
27000,0.028,0.935,0.037
27500,0.032,0.922,0.046
28000,0.032,0.940,0.028
28500,0.032,0.935,0.032
29000,0.028,0.931,0.041
29500,0.028,0.959,0.014
30000,0.028,0.954,0.018
30500,0.028,0.954,0.018
31000,0.028,0.935,0.037
31500,0.028,0.949,0.023
32000,0.028,0.954,0.018
32500,0.028,0.922,0.051
33000,0.028,0.959,0.014
33500,0.028,0.954,0.018
34000,0.037,0.926,0.037
34500,0.028,0.912,0.060
35000,0.037,0.949,0.014
35500,0.028,0.922,0.051
36000,0.028,0.931,0.041
36500,0.028,0.954,0.018
37000,0.046,0.908,0.046
37500,0.037,0.954,0.009
38000,0.041,0.940,0.018
38500,0.028,0.954,0.018
39000,0.032,0.959,0.009
39500,0.032,0.931,0.037
40000,0.028,0.959,0.014
40500,0.028,0.945,0.028
41000,0.028,0.949,0.023
41500,0.028,0.954,0.018
42000,0.028,0.968,0.005
42500,0.032,0.959,0.009
43000,0.032,0.926,0.041
43500,0.028,0.917,0.055
44000,0.028,0.959,0.014
44500,0.028,0.949,0.023
45000,0.032,0.945,0.023
45500,0.028,0.949,0.023
46000,0.037,0.912,0.051
46500,0.028,0.922,0.051
47000,0.028,0.949,0.023
47500,0.028,0.945,0.028
48000,0.028,0.959,0.014
48500,0.028,0.959,0.014
49000,0.028,0.917,0.055
49500,0.032,0.926,0.041
50000,0.028,0.945,0.028
50500,0.028,0.972,0.000
51000,0.028,0.935,0.037
51500,0.032,0.959,0.009
52000,0.032,0.945,0.023
52500,0.032,0.922,0.046
53000,0.037,0.945,0.018
53500,0.028,0.922,0.051
54000,0.032,0.912,0.055
54500,0.032,0.931,0.037
55000,0.037,0.903,0.060
55500,0.028,0.931,0.041
56000,0.028,0.940,0.032
56500,0.032,0.931,0.037
57000,0.032,0.954,0.014
57500,0.028,0.949,0.023
58000,0.028,0.945,0.028
58500,0.028,0.935,0.037
59000,0.037,0.949,0.014
59500,0.032,0.940,0.028
60000,0.028,0.949,0.023
60500,0.032,0.940,0.028
61000,0.028,0.917,0.055
61500,0.028,0.954,0.018
62000,0.028,0.945,0.028
62500,0.028,0.963,0.009
63000,0.028,0.954,0.018
63500,0.028,0.959,0.014
64000,0.028,0.935,0.037
64500,0.028,0.959,0.014
65000,0.028,0.963,0.009
65500,0.028,0.949,0.023
66000,0.028,0.963,0.009
66500,0.032,0.959,0.009
67000,0.028,0.959,0.014
67500,0.032,0.954,0.014
68000,0.028,0.935,0.037
68500,0.028,0.963,0.009
69000,0.032,0.954,0.014
69500,0.028,0.959,0.014
70000,0.028,0.940,0.032
70500,0.028,0.954,0.018
71000,0.037,0.949,0.014
71500,0.032,0.922,0.046
72000,0.037,0.954,0.009
72500,0.032,0.931,0.037
73000,0.028,0.945,0.028
73500,0.028,0.945,0.028
74000,0.028,0.931,0.041
74500,0.041,0.926,0.032
75000,0.032,0.922,0.046
75500,0.046,0.917,0.037
76000,0.028,0.922,0.051
76500,0.032,0.945,0.023
77000,0.037,0.945,0.018
77500,0.032,0.959,0.009
78000,0.037,0.926,0.037
78500,0.037,0.926,0.037
79000,0.041,0.931,0.028
79500,0.032,0.954,0.014
80000,0.041,0.940,0.018
80500,0.032,0.954,0.014
81000,0.032,0.954,0.014
81500,0.028,0.926,0.046
82000,0.028,0.949,0.023
82500,0.028,0.945,0.028
83000,0.032,0.935,0.032
83500,0.028,0.959,0.014
84000,0.028,0.949,0.023
84500,0.028,0.954,0.018
85000,0.032,0.885,0.083
85500,0.032,0.959,0.009
86000,0.028,0.945,0.028
86500,0.028,0.954,0.018
87000,0.028,0.949,0.023
87500,0.028,0.954,0.018
88000,0.032,0.954,0.014
88500,0.032,0.926,0.041
89000,0.028,0.954,0.018
89500,0.041,0.931,0.028
90000,0.032,0.931,0.037
90500,0.028,0.931,0.041
91000,0.032,0.931,0.037
91500,0.032,0.949,0.018
92000,0.032,0.912,0.055
92500,0.032,0.885,0.083
93000,0.037,0.935,0.028
93500,0.028,0.949,0.023
94000,0.028,0.949,0.023
94500,0.028,0.963,0.009
95000,0.028,0.949,0.023
95500,0.028,0.959,0.014
96000,0.028,0.954,0.018
96500,0.032,0.935,0.032
97000,0.032,0.949,0.018
97500,0.032,0.954,0.014
98000,0.041,0.917,0.041
98500,0.032,0.935,0.032
99000,0.028,0.931,0.041
99500,0.028,0.954,0.018
100000,0.028,0.940,0.032
100500,0.037,0.917,0.046
101000,0.037,0.894,0.069
101500,0.028,0.935,0.037
102000,0.037,0.935,0.028
102500,0.041,0.912,0.046
103000,0.032,0.945,0.023
103500,0.028,0.935,0.037
104000,0.037,0.940,0.023
104500,0.028,0.959,0.014
105000,0.028,0.959,0.014
105500,0.028,0.935,0.037
106000,0.032,0.935,0.032
106500,0.037,0.912,0.051
107000,0.046,0.917,0.037
107500,0.032,0.894,0.074
108000,0.032,0.935,0.032
108500,0.041,0.926,0.032
109000,0.032,0.954,0.014
109500,0.028,0.959,0.014
110000,0.028,0.959,0.014
110500,0.028,0.949,0.023
111000,0.028,0.954,0.018
111500,0.032,0.935,0.032
112000,0.032,0.899,0.069
112500,0.046,0.912,0.041
113000,0.032,0.949,0.018
113500,0.032,0.959,0.009
114000,0.028,0.954,0.018
114500,0.028,0.926,0.046
115000,0.032,0.931,0.037
115500,0.028,0.940,0.032
116000,0.028,0.945,0.028
116500,0.032,0.926,0.041
117000,0.032,0.912,0.055
117500,0.028,0.931,0.041
118000,0.032,0.926,0.041
118500,0.032,0.931,0.037
119000,0.037,0.917,0.046
119500,0.028,0.949,0.023
120000,0.041,0.922,0.037
120500,0.028,0.935,0.037
121000,0.032,0.949,0.018
121500,0.032,0.949,0.018
122000,0.032,0.940,0.028
122500,0.028,0.963,0.009
123000,0.028,0.963,0.009
123500,0.028,0.940,0.032
124000,0.028,0.945,0.028
124500,0.028,0.949,0.023
125000,0.028,0.959,0.014
125500,0.028,0.917,0.055
126000,0.028,0.949,0.023
126500,0.028,0.940,0.032
127000,0.028,0.954,0.018
127500,0.028,0.968,0.005
128000,0.028,0.968,0.005
128500,0.037,0.922,0.041
129000,0.028,0.931,0.041
129500,0.041,0.926,0.032
130000,0.032,0.922,0.046
130500,0.028,0.945,0.028
131000,0.041,0.899,0.060
131500,0.032,0.945,0.023
132000,0.037,0.926,0.037
132500,0.032,0.922,0.046
133000,0.032,0.949,0.018
133500,0.032,0.954,0.014
134000,0.032,0.931,0.037
134500,0.032,0.940,0.028
135000,0.046,0.945,0.009
135500,0.046,0.908,0.046
136000,0.032,0.940,0.028
136500,0.028,0.959,0.014
137000,0.028,0.963,0.009
137500,0.028,0.959,0.014
138000,0.028,0.954,0.018
138500,0.028,0.963,0.009
139000,0.037,0.908,0.055
139500,0.032,0.935,0.032
140000,0.028,0.940,0.032
140500,0.028,0.959,0.014
141000,0.028,0.954,0.018
141500,0.032,0.912,0.055
142000,0.028,0.954,0.018
142500,0.028,0.940,0.032
143000,0.032,0.926,0.041
143500,0.028,0.922,0.051
144000,0.028,0.949,0.023
144500,0.028,0.959,0.014
145000,0.028,0.963,0.009
145500,0.028,0.959,0.014
146000,0.028,0.954,0.018
146500,0.041,0.931,0.028
147000,0.032,0.945,0.023
147500,0.028,0.959,0.014
148000,0.032,0.945,0.023
148500,0.028,0.940,0.032
149000,0.037,0.931,0.032
149500,0.041,0.912,0.046
150000,0.028,0.945,0.028
150500,0.028,0.945,0.028
151000,0.028,0.949,0.023
151500,0.028,0.940,0.032
152000,0.028,0.954,0.018
152500,0.028,0.963,0.009
153000,0.028,0.959,0.014
153500,0.032,0.931,0.037
154000,0.037,0.949,0.014
154500,0.037,0.945,0.018
155000,0.028,0.945,0.028
155500,0.032,0.945,0.023
156000,0.032,0.959,0.009
156500,0.032,0.963,0.005
157000,0.032,0.945,0.023
157500,0.028,0.949,0.023
158000,0.028,0.963,0.009
158500,0.028,0.954,0.018
159000,0.041,0.908,0.051
159500,0.041,0.885,0.074
160000,0.028,0.940,0.032
160500,0.028,0.954,0.018
161000,0.032,0.922,0.046
161500,0.037,0.917,0.046
162000,0.028,0.954,0.018
162500,0.041,0.935,0.023
163000,0.028,0.931,0.041
163500,0.032,0.935,0.032
164000,0.032,0.926,0.041
164500,0.041,0.908,0.051
165000,0.037,0.931,0.032
165500,0.032,0.926,0.041
166000,0.032,0.926,0.041
166500,0.041,0.903,0.055
167000,0.028,0.949,0.023
167500,0.037,0.940,0.023
168000,0.032,0.940,0.028
168500,0.028,0.940,0.032
169000,0.028,0.949,0.023
169500,0.032,0.926,0.041
170000,0.028,0.954,0.018
170500,0.041,0.940,0.018
171000,0.028,0.963,0.009
171500,0.028,0.931,0.041
172000,0.037,0.931,0.032
172500,0.032,0.926,0.041
173000,0.032,0.949,0.018
173500,0.037,0.931,0.032
174000,0.028,0.959,0.014
174500,0.028,0.963,0.009
175000,0.032,0.963,0.005
175500,0.028,0.949,0.023
176000,0.028,0.959,0.014
176500,0.037,0.917,0.046
177000,0.032,0.935,0.032
177500,0.028,0.935,0.037
178000,0.028,0.945,0.028
178500,0.028,0.949,0.023
179000,0.028,0.931,0.041
179500,0.032,0.954,0.014
180000,0.037,0.903,0.060
180500,0.028,0.963,0.009
181000,0.028,0.935,0.037
181500,0.028,0.949,0.023
182000,0.028,0.931,0.041
182500,0.028,0.926,0.046
183000,0.037,0.917,0.046
183500,0.032,0.940,0.028
184000,0.028,0.935,0.037
184500,0.028,0.945,0.028
185000,0.032,0.949,0.018
185500,0.028,0.931,0.041
186000,0.032,0.954,0.014
186500,0.028,0.922,0.051
187000,0.032,0.945,0.023
187500,0.028,0.940,0.032
188000,0.032,0.963,0.005
188500,0.028,0.945,0.028
189000,0.028,0.935,0.037
189500,0.032,0.949,0.018
190000,0.028,0.949,0.023
190500,0.037,0.926,0.037
191000,0.028,0.954,0.018
191500,0.028,0.949,0.023
192000,0.032,0.945,0.023
192500,0.032,0.931,0.037
193000,0.028,0.940,0.032
193500,0.028,0.959,0.014
194000,0.028,0.954,0.018
194500,0.028,0.940,0.032
195000,0.032,0.945,0.023
195500,0.028,0.945,0.028
196000,0.028,0.931,0.041
196500,0.028,0.908,0.065
197000,0.032,0.926,0.041
197500,0.028,0.894,0.078
198000,0.032,0.940,0.028
198500,0.028,0.945,0.028
199000,0.037,0.917,0.046
199500,0.037,0.894,0.069
200000,0.028,0.926,0.046
200500,0.028,0.959,0.014
201000,0.028,0.945,0.028
201500,0.041,0.945,0.014
202000,0.028,0.949,0.023
202500,0.032,0.959,0.009
203000,0.032,0.935,0.032
203500,0.032,0.903,0.065
204000,0.041,0.940,0.018
204500,0.037,0.917,0.046
205000,0.028,0.935,0.037
205500,0.028,0.935,0.037
206000,0.028,0.940,0.032
206500,0.028,0.959,0.014
207000,0.028,0.959,0.014
207500,0.028,0.917,0.055
208000,0.028,0.963,0.009
208500,0.028,0.945,0.028
209000,0.028,0.949,0.023
209500,0.028,0.945,0.028
210000,0.032,0.912,0.055
210500,0.037,0.917,0.046
211000,0.028,0.940,0.032
211500,0.055,0.899,0.046
212000,0.051,0.908,0.041
212500,0.037,0.926,0.037
213000,0.037,0.926,0.037
213500,0.032,0.935,0.032
214000,0.032,0.945,0.023
214500,0.028,0.949,0.023
215000,0.028,0.931,0.041
215500,0.028,0.968,0.005
216000,0.028,0.940,0.032
216500,0.028,0.917,0.055
217000,0.028,0.959,0.014
217500,0.032,0.945,0.023
218000,0.028,0.954,0.018
218500,0.028,0.945,0.028
219000,0.028,0.949,0.023
219500,0.028,0.945,0.028
220000,0.028,0.945,0.028
220500,0.037,0.935,0.028
221000,0.037,0.940,0.023
221500,0.028,0.949,0.023
222000,0.028,0.949,0.023
222500,0.037,0.935,0.028
223000,0.028,0.949,0.023
223500,0.028,0.949,0.023
224000,0.032,0.945,0.023
224500,0.028,0.972,0.000
225000,0.032,0.940,0.028
225500,0.028,0.968,0.005
226000,0.032,0.945,0.023
226500,0.028,0.945,0.028
227000,0.032,0.949,0.018
227500,0.028,0.945,0.028
228000,0.032,0.926,0.041
228500,0.028,0.945,0.028
229000,0.028,0.940,0.032
229500,0.032,0.917,0.051
230000,0.028,0.968,0.005
230500,0.028,0.959,0.014
231000,0.032,0.963,0.005
231500,0.028,0.959,0.014
232000,0.028,0.968,0.005
232500,0.028,0.949,0.023
233000,0.032,0.949,0.018
233500,0.037,0.945,0.018
234000,0.051,0.899,0.051
234500,0.041,0.922,0.037
235000,0.046,0.935,0.018
235500,0.037,0.912,0.051
236000,0.028,0.922,0.051
236500,0.032,0.931,0.037
237000,0.028,0.940,0.032
237500,0.032,0.949,0.018
238000,0.028,0.963,0.009
238500,0.028,0.935,0.037
239000,0.028,0.931,0.041
239500,0.028,0.963,0.009
240000,0.032,0.935,0.032
240500,0.028,0.917,0.055
241000,0.028,0.959,0.014
241500,0.032,0.931,0.037
242000,0.028,0.949,0.023
242500,0.028,0.949,0.023
243000,0.028,0.945,0.028
243500,0.028,0.931,0.041
244000,0.028,0.949,0.023
244500,0.032,0.949,0.018
245000,0.046,0.922,0.032
245500,0.037,0.917,0.046
246000,0.032,0.935,0.032
246500,0.032,0.954,0.014
247000,0.028,0.959,0.014
247500,0.037,0.926,0.037
248000,0.028,0.949,0.023
248500,0.028,0.963,0.009
249000,0.028,0.922,0.051
249500,0.028,0.963,0.009
250000,0.028,0.954,0.018
250500,0.028,0.949,0.023
251000,0.028,0.959,0.014
251500,0.032,0.959,0.009
252000,0.032,0.949,0.018
252500,0.032,0.945,0.023
253000,0.037,0.922,0.041
253500,0.041,0.940,0.018
254000,0.032,0.945,0.023
254500,0.032,0.954,0.014
255000,0.028,0.949,0.023
255500,0.032,0.940,0.028
256000,0.037,0.926,0.037
256500,0.028,0.935,0.037
257000,0.032,0.940,0.028
257500,0.041,0.917,0.041
258000,0.032,0.926,0.041
258500,0.032,0.931,0.037
259000,0.028,0.912,0.060
259500,0.032,0.931,0.037
260000,0.037,0.940,0.023
260500,0.028,0.945,0.028
261000,0.028,0.931,0.041
261500,0.028,0.954,0.018
262000,0.028,0.945,0.028
262500,0.028,0.945,0.028
263000,0.028,0.940,0.032
263500,0.032,0.931,0.037
264000,0.028,0.922,0.051
264500,0.028,0.945,0.028
265000,0.037,0.922,0.041
265500,0.028,0.949,0.023
266000,0.028,0.945,0.028
266500,0.028,0.917,0.055
267000,0.051,0.885,0.065
267500,0.041,0.908,0.051
268000,0.028,0.903,0.069
268500,0.037,0.903,0.060
269000,0.032,0.908,0.060
269500,0.032,0.954,0.014
270000,0.028,0.954,0.018
270500,0.032,0.945,0.023
271000,0.028,0.959,0.014
271500,0.032,0.945,0.023
272000,0.032,0.926,0.041
272500,0.037,0.945,0.018
273000,0.032,0.912,0.055
273500,0.028,0.935,0.037
274000,0.028,0.940,0.032
274500,0.028,0.954,0.018
275000,0.028,0.926,0.046
275500,0.032,0.889,0.078
276000,0.037,0.908,0.055
276500,0.051,0.935,0.014
277000,0.046,0.931,0.023
277500,0.032,0.954,0.014
278000,0.032,0.940,0.028
278500,0.028,0.926,0.046
279000,0.028,0.954,0.018
279500,0.032,0.926,0.041
280000,0.032,0.940,0.028
280500,0.028,0.945,0.028
281000,0.028,0.954,0.018
281500,0.028,0.963,0.009
282000,0.028,0.954,0.018
282500,0.032,0.954,0.014
283000,0.028,0.963,0.009
283500,0.028,0.940,0.032
284000,0.028,0.922,0.051
284500,0.041,0.880,0.078
285000,0.028,0.912,0.060
285500,0.028,0.917,0.055
286000,0.037,0.917,0.046
286500,0.046,0.903,0.051
287000,0.037,0.903,0.060
287500,0.032,0.922,0.046
288000,0.028,0.949,0.023
288500,0.032,0.949,0.018
289000,0.037,0.945,0.018
289500,0.032,0.949,0.018
290000,0.028,0.954,0.018
290500,0.028,0.963,0.009
291000,0.028,0.926,0.046
291500,0.028,0.935,0.037
292000,0.028,0.945,0.028
292500,0.037,0.945,0.018
293000,0.037,0.912,0.051
293500,0.028,0.945,0.028
294000,0.028,0.954,0.018
294500,0.028,0.949,0.023
295000,0.041,0.931,0.028
295500,0.032,0.935,0.032
296000,0.028,0.940,0.032
296500,0.028,0.894,0.078
297000,0.032,0.912,0.055
297500,0.032,0.935,0.032
298000,0.037,0.926,0.037
298500,0.028,0.931,0.041
299000,0.037,0.945,0.018
299500,0.028,0.959,0.014
300000,0.032,0.945,0.023
300500,0.028,0.945,0.028
301000,0.028,0.912,0.060
301500,0.032,0.899,0.069
302000,0.037,0.917,0.046
302500,0.032,0.931,0.037
303000,0.028,0.949,0.023
303500,0.028,0.945,0.028
304000,0.028,0.949,0.023
304500,0.028,0.940,0.032
305000,0.028,0.922,0.051
305500,0.032,0.917,0.051
306000,0.032,0.926,0.041
306500,0.028,0.940,0.032
307000,0.028,0.945,0.028
307500,0.032,0.935,0.032
308000,0.028,0.959,0.014
308500,0.032,0.949,0.018
309000,0.032,0.954,0.014
309500,0.037,0.917,0.046
310000,0.028,0.949,0.023
310500,0.028,0.935,0.037
311000,0.032,0.949,0.018
311500,0.028,0.945,0.028
312000,0.028,0.954,0.018
312500,0.028,0.945,0.028
313000,0.028,0.954,0.018
313500,0.028,0.949,0.023
314000,0.028,0.945,0.028
314500,0.028,0.959,0.014
315000,0.037,0.926,0.037
315500,0.032,0.949,0.018
316000,0.041,0.926,0.032
316500,0.041,0.926,0.032
317000,0.037,0.940,0.023
317500,0.032,0.912,0.055
318000,0.032,0.922,0.046
318500,0.028,0.945,0.028
319000,0.028,0.931,0.041
319500,0.032,0.954,0.014
320000,0.032,0.963,0.005
320500,0.032,0.954,0.014
321000,0.041,0.940,0.018
321500,0.041,0.931,0.028
322000,0.046,0.903,0.051
322500,0.037,0.926,0.037
323000,0.028,0.931,0.041
323500,0.032,0.945,0.023
324000,0.032,0.945,0.023
324500,0.028,0.959,0.014
325000,0.028,0.959,0.014
325500,0.028,0.959,0.014
326000,0.028,0.968,0.005
326500,0.032,0.935,0.032
327000,0.032,0.959,0.009
327500,0.032,0.945,0.023
328000,0.028,0.968,0.005
328500,0.028,0.959,0.014
329000,0.028,0.940,0.032
329500,0.028,0.949,0.023
330000,0.028,0.949,0.023
330500,0.037,0.949,0.014
331000,0.028,0.949,0.023
331500,0.037,0.926,0.037
332000,0.028,0.926,0.046
332500,0.028,0.949,0.023
333000,0.028,0.945,0.028
333500,0.028,0.931,0.041
334000,0.028,0.940,0.032
334500,0.028,0.922,0.051
335000,0.028,0.949,0.023
335500,0.028,0.954,0.018
336000,0.028,0.912,0.060
336500,0.032,0.922,0.046
337000,0.028,0.954,0.018
337500,0.028,0.945,0.028
338000,0.028,0.949,0.023
338500,0.028,0.949,0.023
339000,0.041,0.940,0.018
339500,0.037,0.926,0.037
340000,0.032,0.954,0.014
340500,0.028,0.945,0.028
341000,0.028,0.945,0.028
341500,0.032,0.926,0.041
342000,0.037,0.876,0.088
342500,0.028,0.935,0.037
343000,0.032,0.935,0.032
343500,0.028,0.959,0.014
344000,0.032,0.945,0.023
344500,0.028,0.949,0.023
345000,0.028,0.935,0.037
345500,0.032,0.940,0.028
346000,0.028,0.954,0.018
346500,0.028,0.935,0.037
347000,0.028,0.959,0.014
347500,0.037,0.922,0.041
348000,0.028,0.945,0.028
348500,0.028,0.949,0.023
349000,0.028,0.959,0.014
349500,0.028,0.968,0.005
350000,0.028,0.940,0.032
350500,0.028,0.945,0.028
351000,0.028,0.917,0.055
351500,0.032,0.926,0.041
352000,0.028,0.931,0.041
352500,0.046,0.912,0.041
353000,0.032,0.945,0.023
353500,0.032,0.926,0.041
354000,0.032,0.926,0.041
354500,0.028,0.935,0.037
355000,0.041,0.908,0.051
355500,0.032,0.926,0.041
356000,0.041,0.940,0.018
356500,0.041,0.926,0.032
357000,0.037,0.922,0.041
357500,0.032,0.954,0.014
358000,0.028,0.949,0.023
358500,0.032,0.935,0.032
359000,0.028,0.954,0.018
359500,0.037,0.917,0.046
360000,0.041,0.940,0.018
360500,0.032,0.917,0.051
361000,0.037,0.922,0.041
361500,0.037,0.926,0.037
362000,0.032,0.917,0.051
362500,0.032,0.945,0.023
363000,0.028,0.963,0.009
363500,0.028,0.959,0.014
364000,0.028,0.935,0.037
364500,0.028,0.954,0.018
365000,0.032,0.917,0.051
365500,0.037,0.917,0.046
366000,0.032,0.931,0.037
366500,0.028,0.945,0.028
367000,0.032,0.922,0.046
367500,0.028,0.949,0.023
368000,0.028,0.908,0.065
368500,0.028,0.935,0.037
369000,0.028,0.949,0.023
369500,0.028,0.935,0.037
370000,0.028,0.949,0.023
370500,0.032,0.926,0.041
371000,0.046,0.885,0.069
371500,0.032,0.945,0.023
372000,0.028,0.963,0.009
372500,0.041,0.922,0.037
373000,0.037,0.917,0.046
373500,0.041,0.926,0.032
374000,0.028,0.954,0.018
374500,0.028,0.968,0.005
375000,0.028,0.949,0.023
375500,0.032,0.935,0.032
376000,0.028,0.949,0.023
376500,0.028,0.922,0.051
377000,0.037,0.940,0.023
377500,0.028,0.945,0.028
378000,0.032,0.954,0.014
378500,0.028,0.963,0.009
379000,0.028,0.949,0.023
379500,0.032,0.908,0.060
380000,0.028,0.917,0.055
380500,0.032,0.926,0.041
381000,0.028,0.926,0.046
381500,0.028,0.949,0.023
382000,0.028,0.949,0.023
382500,0.028,0.968,0.005
383000,0.028,0.940,0.032
383500,0.028,0.949,0.023
384000,0.028,0.959,0.014
384500,0.028,0.959,0.014
385000,0.028,0.940,0.032
385500,0.032,0.912,0.055
386000,0.032,0.935,0.032
386500,0.032,0.940,0.028
387000,0.032,0.949,0.018
387500,0.028,0.954,0.018
388000,0.037,0.935,0.028
388500,0.041,0.917,0.041
389000,0.032,0.954,0.014
389500,0.032,0.945,0.023
390000,0.028,0.963,0.009
390500,0.028,0.959,0.014
391000,0.028,0.968,0.005
391500,0.028,0.935,0.037
392000,0.028,0.954,0.018
392500,0.028,0.954,0.018
393000,0.028,0.949,0.023
393500,0.032,0.940,0.028
394000,0.028,0.931,0.041
394500,0.028,0.954,0.018
395000,0.028,0.935,0.037
395500,0.028,0.931,0.041
396000,0.032,0.931,0.037
396500,0.032,0.899,0.069
397000,0.041,0.917,0.041
397500,0.028,0.949,0.023
398000,0.041,0.922,0.037
398500,0.037,0.945,0.018
399000,0.032,0.926,0.041
399500,0.028,0.931,0.041
400000,0.032,0.954,0.014
400500,0.028,0.931,0.041
401000,0.028,0.945,0.028
401500,0.028,0.954,0.018
402000,0.032,0.954,0.014
402500,0.032,0.949,0.018
403000,0.032,0.945,0.023
403500,0.028,0.945,0.028
404000,0.028,0.931,0.041
404500,0.028,0.940,0.032
405000,0.037,0.908,0.055
405500,0.032,0.903,0.065
406000,0.028,0.949,0.023
406500,0.028,0.954,0.018
407000,0.028,0.963,0.009
407500,0.032,0.940,0.028
408000,0.028,0.922,0.051
408500,0.028,0.940,0.032
409000,0.028,0.949,0.023
409500,0.032,0.935,0.032
410000,0.028,0.968,0.005
410500,0.028,0.949,0.023
411000,0.028,0.917,0.055
411500,0.032,0.940,0.028
412000,0.028,0.949,0.023
412500,0.028,0.945,0.028
413000,0.028,0.899,0.074
413500,0.028,0.931,0.041
414000,0.032,0.940,0.028
414500,0.028,0.945,0.028
415000,0.028,0.912,0.060
415500,0.028,0.912,0.060
416000,0.037,0.922,0.041
416500,0.032,0.949,0.018
417000,0.032,0.931,0.037
417500,0.028,0.949,0.023
418000,0.028,0.949,0.023
418500,0.028,0.940,0.032
419000,0.032,0.935,0.032
419500,0.028,0.931,0.041
420000,0.032,0.935,0.032
420500,0.028,0.949,0.023
421000,0.028,0.899,0.074
421500,0.028,0.972,0.000
422000,0.028,0.922,0.051
422500,0.032,0.949,0.018
423000,0.028,0.931,0.041
423500,0.046,0.917,0.037
424000,0.041,0.899,0.060
424500,0.028,0.922,0.051
425000,0.028,0.926,0.046
425500,0.028,0.949,0.023
426000,0.028,0.972,0.000
426500,0.028,0.959,0.014
427000,0.032,0.959,0.009
427500,0.028,0.959,0.014
428000,0.028,0.954,0.018
428500,0.028,0.935,0.037
429000,0.037,0.931,0.032
429500,0.028,0.949,0.023
430000,0.028,0.922,0.051
430500,0.032,0.954,0.014
431000,0.032,0.903,0.065
431500,0.028,0.949,0.023
432000,0.032,0.954,0.014
432500,0.028,0.949,0.023
433000,0.028,0.972,0.000
433500,0.032,0.949,0.018
434000,0.028,0.954,0.018
434500,0.028,0.949,0.023
435000,0.028,0.935,0.037
435500,0.028,0.949,0.023
436000,0.028,0.940,0.032
436500,0.028,0.903,0.069
437000,0.032,0.945,0.023
437500,0.028,0.963,0.009
438000,0.032,0.894,0.074
438500,0.032,0.935,0.032
439000,0.032,0.949,0.018
439500,0.028,0.949,0.023
440000,0.032,0.945,0.023
440500,0.032,0.949,0.018
441000,0.028,0.940,0.032
441500,0.028,0.912,0.060
442000,0.028,0.926,0.046
442500,0.028,0.949,0.023
443000,0.028,0.968,0.005
443500,0.028,0.963,0.009
444000,0.032,0.945,0.023
444500,0.028,0.954,0.018
445000,0.028,0.935,0.037
445500,0.037,0.949,0.014
446000,0.028,0.912,0.060
446500,0.028,0.954,0.018
447000,0.028,0.949,0.023
447500,0.028,0.922,0.051
448000,0.028,0.945,0.028
448500,0.028,0.940,0.032
449000,0.028,0.968,0.005
449500,0.032,0.945,0.023
450000,0.028,0.954,0.018
450500,0.037,0.889,0.074
451000,0.032,0.926,0.041
451500,0.032,0.954,0.014
452000,0.032,0.945,0.023
452500,0.028,0.931,0.041
453000,0.032,0.922,0.046
453500,0.037,0.954,0.009
454000,0.037,0.954,0.009
454500,0.032,0.945,0.023
455000,0.032,0.945,0.023
455500,0.028,0.945,0.028
456000,0.032,0.912,0.055
456500,0.041,0.926,0.032
457000,0.028,0.926,0.046
457500,0.032,0.954,0.014
458000,0.032,0.912,0.055
458500,0.032,0.945,0.023
459000,0.028,0.972,0.000
459500,0.032,0.935,0.032
460000,0.032,0.954,0.014
460500,0.037,0.949,0.014
461000,0.032,0.935,0.032
461500,0.028,0.949,0.023
462000,0.028,0.949,0.023
462500,0.028,0.959,0.014
463000,0.028,0.954,0.018
463500,0.032,0.949,0.018
464000,0.032,0.917,0.051
464500,0.037,0.926,0.037
465000,0.028,0.949,0.023
465500,0.028,0.945,0.028
466000,0.028,0.959,0.014
466500,0.028,0.945,0.028
467000,0.028,0.954,0.018
467500,0.028,0.963,0.009
468000,0.041,0.940,0.018
468500,0.032,0.931,0.037
469000,0.032,0.940,0.028
469500,0.037,0.922,0.041
470000,0.028,0.959,0.014
470500,0.032,0.922,0.046
471000,0.028,0.954,0.018
471500,0.028,0.931,0.041
472000,0.028,0.931,0.041
472500,0.028,0.949,0.023
473000,0.028,0.935,0.037
473500,0.028,0.926,0.046
474000,0.028,0.949,0.023
474500,0.028,0.959,0.014
475000,0.037,0.935,0.028
475500,0.046,0.917,0.037
476000,0.037,0.940,0.023
476500,0.032,0.903,0.065
477000,0.037,0.931,0.032
477500,0.028,0.940,0.032
478000,0.028,0.945,0.028
478500,0.028,0.954,0.018
479000,0.028,0.926,0.046
479500,0.041,0.935,0.023
480000,0.032,0.908,0.060
480500,0.028,0.935,0.037
481000,0.032,0.959,0.009
481500,0.032,0.926,0.041
482000,0.028,0.926,0.046
482500,0.028,0.945,0.028
483000,0.028,0.968,0.005
483500,0.028,0.949,0.023
484000,0.037,0.912,0.051
484500,0.028,0.949,0.023
485000,0.028,0.954,0.018
485500,0.037,0.926,0.037
486000,0.037,0.954,0.009
486500,0.028,0.912,0.060
487000,0.028,0.945,0.028
487500,0.028,0.935,0.037
488000,0.037,0.945,0.018
488500,0.041,0.931,0.028
489000,0.028,0.926,0.046
489500,0.037,0.926,0.037
490000,0.028,0.963,0.009
490500,0.032,0.949,0.018
491000,0.041,0.940,0.018
491500,0.032,0.959,0.009
492000,0.028,0.949,0.023
492500,0.028,0.949,0.023
493000,0.028,0.954,0.018
493500,0.028,0.931,0.041
494000,0.028,0.922,0.051
494500,0.032,0.940,0.028
495000,0.032,0.931,0.037
495500,0.028,0.926,0.046
496000,0.032,0.876,0.092
496500,0.032,0.945,0.023
497000,0.028,0.963,0.009
497500,0.028,0.954,0.018
498000,0.028,0.949,0.023
498500,0.028,0.959,0.014
499000,0.051,0.912,0.037
499500,0.041,0.903,0.055
500000,0.032,0.949,0.018
500500,0.032,0.926,0.041
501000,0.037,0.903,0.060
501500,0.037,0.917,0.046
502000,0.041,0.894,0.065
502500,0.032,0.940,0.028
503000,0.032,0.945,0.023
503500,0.028,0.963,0.009
504000,0.028,0.954,0.018
504500,0.028,0.959,0.014
505000,0.028,0.926,0.046
505500,0.028,0.940,0.032
506000,0.028,0.949,0.023
506500,0.028,0.931,0.041
507000,0.037,0.945,0.018
507500,0.032,0.940,0.028
508000,0.032,0.935,0.032
508500,0.037,0.949,0.014
509000,0.028,0.931,0.041
509500,0.037,0.912,0.051
510000,0.037,0.922,0.041
510500,0.032,0.908,0.060
511000,0.028,0.972,0.000
511500,0.028,0.945,0.028
512000,0.028,0.949,0.023
512500,0.032,0.935,0.032
513000,0.032,0.963,0.005
513500,0.028,0.954,0.018
514000,0.032,0.949,0.018
514500,0.032,0.949,0.018
515000,0.028,0.945,0.028
515500,0.028,0.926,0.046
516000,0.037,0.935,0.028
516500,0.032,0.945,0.023
517000,0.028,0.954,0.018
517500,0.037,0.931,0.032
518000,0.028,0.949,0.023
518500,0.028,0.935,0.037
519000,0.032,0.940,0.028
519500,0.028,0.949,0.023
520000,0.032,0.954,0.014
520500,0.032,0.940,0.028
521000,0.028,0.949,0.023
521500,0.032,0.954,0.014
522000,0.037,0.917,0.046
522500,0.041,0.935,0.023
523000,0.041,0.903,0.055
523500,0.046,0.912,0.041
524000,0.037,0.903,0.060
524500,0.041,0.926,0.032
525000,0.032,0.931,0.037
525500,0.037,0.935,0.028
526000,0.037,0.903,0.060
526500,0.046,0.880,0.074
527000,0.037,0.885,0.078
527500,0.032,0.912,0.055
528000,0.037,0.862,0.101
528500,0.051,0.908,0.041
529000,0.028,0.931,0.041
529500,0.028,0.963,0.009
530000,0.032,0.949,0.018
530500,0.028,0.922,0.051
531000,0.028,0.945,0.028
531500,0.028,0.940,0.032
532000,0.037,0.945,0.018
532500,0.028,0.945,0.028
533000,0.028,0.945,0.028
533500,0.032,0.931,0.037
534000,0.032,0.931,0.037
534500,0.032,0.917,0.051
535000,0.032,0.940,0.028
535500,0.032,0.931,0.037
536000,0.041,0.903,0.055
536500,0.037,0.931,0.032
537000,0.032,0.931,0.037
537500,0.028,0.935,0.037
538000,0.028,0.940,0.032
538500,0.046,0.908,0.046
539000,0.046,0.926,0.028
539500,0.028,0.949,0.023
540000,0.028,0.945,0.028
540500,0.032,0.949,0.018
541000,0.032,0.949,0.018
541500,0.028,0.940,0.032
542000,0.037,0.954,0.009
542500,0.028,0.972,0.000
543000,0.028,0.945,0.028
543500,0.028,0.945,0.028
544000,0.032,0.945,0.023
544500,0.037,0.922,0.041
545000,0.028,0.940,0.032
545500,0.032,0.949,0.018
546000,0.041,0.903,0.055
546500,0.032,0.940,0.028
547000,0.032,0.945,0.023
547500,0.028,0.972,0.000
548000,0.028,0.899,0.074
548500,0.037,0.912,0.051
549000,0.028,0.959,0.014
549500,0.028,0.931,0.041
550000,0.028,0.959,0.014
550500,0.028,0.959,0.014
551000,0.028,0.949,0.023
551500,0.028,0.963,0.009
552000,0.028,0.940,0.032
552500,0.028,0.945,0.028
553000,0.032,0.963,0.005
553500,0.028,0.949,0.023
554000,0.037,0.949,0.014
554500,0.032,0.945,0.023
555000,0.032,0.949,0.018
555500,0.032,0.945,0.023
556000,0.041,0.940,0.018
556500,0.028,0.940,0.032
557000,0.028,0.903,0.069
557500,0.028,0.931,0.041
558000,0.032,0.931,0.037
558500,0.028,0.931,0.041
559000,0.028,0.963,0.009
559500,0.032,0.949,0.018
560000,0.028,0.940,0.032
560500,0.032,0.959,0.009
561000,0.028,0.931,0.041
561500,0.041,0.917,0.041
562000,0.041,0.908,0.051
562500,0.032,0.931,0.037
563000,0.028,0.949,0.023
563500,0.028,0.935,0.037
564000,0.037,0.945,0.018
564500,0.028,0.959,0.014
565000,0.028,0.949,0.023
565500,0.032,0.894,0.074
566000,0.032,0.899,0.069
566500,0.028,0.889,0.083
567000,0.041,0.945,0.014
567500,0.032,0.949,0.018
568000,0.037,0.935,0.028
568500,0.028,0.954,0.018
569000,0.028,0.959,0.014
569500,0.037,0.959,0.005
570000,0.028,0.926,0.046
570500,0.041,0.912,0.046
571000,0.028,0.959,0.014
571500,0.032,0.926,0.041
572000,0.037,0.940,0.023
572500,0.028,0.954,0.018
573000,0.028,0.931,0.041
573500,0.028,0.954,0.018
574000,0.032,0.926,0.041
574500,0.037,0.945,0.018
575000,0.041,0.922,0.037
575500,0.037,0.935,0.028
576000,0.028,0.963,0.009
576500,0.028,0.959,0.014
577000,0.028,0.949,0.023
577500,0.028,0.949,0.023
578000,0.032,0.931,0.037
578500,0.028,0.959,0.014
579000,0.032,0.949,0.018
579500,0.028,0.935,0.037
580000,0.028,0.954,0.018
580500,0.032,0.949,0.018
581000,0.028,0.931,0.041
581500,0.028,0.945,0.028
582000,0.028,0.922,0.051
582500,0.032,0.954,0.014
583000,0.028,0.954,0.018
583500,0.028,0.949,0.023
584000,0.032,0.935,0.032
584500,0.046,0.926,0.028
585000,0.028,0.922,0.051
585500,0.028,0.949,0.023
586000,0.028,0.954,0.018
586500,0.028,0.959,0.014
587000,0.037,0.954,0.009
587500,0.032,0.945,0.023
588000,0.028,0.931,0.041
588500,0.032,0.940,0.028
589000,0.032,0.945,0.023
589500,0.032,0.945,0.023
590000,0.028,0.926,0.046
590500,0.028,0.963,0.009
591000,0.028,0.959,0.014
591500,0.028,0.935,0.037
592000,0.032,0.945,0.023
592500,0.028,0.959,0.014
593000,0.028,0.949,0.023
593500,0.037,0.922,0.041
594000,0.032,0.931,0.037
594500,0.032,0.940,0.028
595000,0.028,0.959,0.014
595500,0.028,0.940,0.032
596000,0.032,0.903,0.065
596500,0.032,0.945,0.023
597000,0.028,0.945,0.028
597500,0.028,0.959,0.014
598000,0.028,0.959,0.014
598500,0.028,0.954,0.018
599000,0.028,0.935,0.037
599500,0.028,0.963,0.009
600000,0.032,0.959,0.009
600500,0.028,0.917,0.055
601000,0.032,0.912,0.055
601500,0.028,0.940,0.032
602000,0.028,0.959,0.014
602500,0.032,0.935,0.032
603000,0.032,0.922,0.046
603500,0.046,0.903,0.051
604000,0.032,0.949,0.018
604500,0.028,0.945,0.028
605000,0.032,0.963,0.005
605500,0.032,0.940,0.028
606000,0.028,0.931,0.041
606500,0.028,0.949,0.023
607000,0.028,0.949,0.023
607500,0.028,0.954,0.018
608000,0.037,0.963,0.000
608500,0.028,0.935,0.037
609000,0.028,0.949,0.023
609500,0.028,0.940,0.032
610000,0.032,0.926,0.041
610500,0.041,0.912,0.046
611000,0.028,0.935,0.037
611500,0.028,0.912,0.060
612000,0.037,0.912,0.051
612500,0.028,0.959,0.014
613000,0.032,0.935,0.032
613500,0.028,0.917,0.055
614000,0.028,0.945,0.028
614500,0.037,0.949,0.014
615000,0.028,0.968,0.005
615500,0.028,0.949,0.023
616000,0.032,0.922,0.046
616500,0.041,0.912,0.046
617000,0.046,0.926,0.028
617500,0.032,0.940,0.028
618000,0.032,0.963,0.005
618500,0.028,0.949,0.023
619000,0.046,0.908,0.046
619500,0.032,0.935,0.032
620000,0.032,0.926,0.041
620500,0.032,0.945,0.023
621000,0.032,0.926,0.041
621500,0.028,0.949,0.023
622000,0.032,0.931,0.037
622500,0.046,0.889,0.065
623000,0.032,0.894,0.074
623500,0.041,0.917,0.041
624000,0.037,0.949,0.014
624500,0.037,0.945,0.018
625000,0.037,0.935,0.028
625500,0.032,0.935,0.032
626000,0.041,0.926,0.032
626500,0.032,0.935,0.032
627000,0.032,0.949,0.018
627500,0.032,0.935,0.032
628000,0.032,0.912,0.055
628500,0.037,0.949,0.014
629000,0.032,0.935,0.032
629500,0.032,0.954,0.014
630000,0.032,0.945,0.023
630500,0.032,0.935,0.032
631000,0.032,0.954,0.014
631500,0.032,0.954,0.014
632000,0.037,0.903,0.060
632500,0.046,0.931,0.023
633000,0.041,0.912,0.046
633500,0.032,0.912,0.055
634000,0.037,0.945,0.018
634500,0.032,0.922,0.046
635000,0.046,0.885,0.069
635500,0.041,0.903,0.055
636000,0.041,0.903,0.055
636500,0.028,0.945,0.028
637000,0.037,0.926,0.037
637500,0.032,0.963,0.005
638000,0.032,0.917,0.051
638500,0.041,0.912,0.046
639000,0.051,0.885,0.065
639500,0.046,0.908,0.046
640000,0.037,0.926,0.037
640500,0.032,0.931,0.037
641000,0.032,0.931,0.037
641500,0.028,0.940,0.032
642000,0.028,0.954,0.018
642500,0.028,0.954,0.018
643000,0.032,0.931,0.037
643500,0.037,0.917,0.046
644000,0.028,0.945,0.028
644500,0.028,0.954,0.018
645000,0.028,0.954,0.018
645500,0.032,0.926,0.041
646000,0.028,0.931,0.041
646500,0.028,0.945,0.028
647000,0.028,0.949,0.023
647500,0.032,0.940,0.028
648000,0.032,0.949,0.018
648500,0.032,0.935,0.032
649000,0.032,0.912,0.055
649500,0.028,0.949,0.023
650000,0.037,0.926,0.037
650500,0.032,0.899,0.069
651000,0.032,0.903,0.065
651500,0.028,0.935,0.037
652000,0.028,0.949,0.023
652500,0.037,0.917,0.046
653000,0.028,0.894,0.078
653500,0.041,0.889,0.069
654000,0.032,0.949,0.018
654500,0.032,0.940,0.028
655000,0.032,0.931,0.037
655500,0.032,0.931,0.037
656000,0.028,0.949,0.023
656500,0.028,0.940,0.032
657000,0.028,0.968,0.005
657500,0.028,0.922,0.051
658000,0.032,0.935,0.032
658500,0.032,0.935,0.032
659000,0.037,0.959,0.005
659500,0.032,0.963,0.005
660000,0.037,0.949,0.014
660500,0.041,0.912,0.046
661000,0.032,0.945,0.023
661500,0.028,0.949,0.023
662000,0.028,0.940,0.032
662500,0.028,0.949,0.023
663000,0.032,0.917,0.051
663500,0.032,0.949,0.018
664000,0.041,0.894,0.065
664500,0.032,0.926,0.041
665000,0.028,0.935,0.037
665500,0.032,0.940,0.028
666000,0.032,0.931,0.037
666500,0.032,0.954,0.014
667000,0.032,0.963,0.005
667500,0.028,0.959,0.014
668000,0.032,0.945,0.023
668500,0.037,0.945,0.018
669000,0.032,0.931,0.037
669500,0.028,0.949,0.023
670000,0.028,0.935,0.037
670500,0.028,0.926,0.046
671000,0.032,0.949,0.018
671500,0.032,0.931,0.037
672000,0.032,0.926,0.041
672500,0.032,0.926,0.041
673000,0.028,0.912,0.060
673500,0.028,0.945,0.028
674000,0.032,0.926,0.041
674500,0.032,0.935,0.032
675000,0.032,0.922,0.046
675500,0.028,0.931,0.041
676000,0.032,0.912,0.055
676500,0.028,0.912,0.060
677000,0.028,0.949,0.023
677500,0.028,0.926,0.046
678000,0.028,0.954,0.018
678500,0.028,0.959,0.014
679000,0.028,0.954,0.018
679500,0.028,0.935,0.037
680000,0.028,0.922,0.051
680500,0.028,0.963,0.009
681000,0.037,0.931,0.032
681500,0.032,0.949,0.018
682000,0.032,0.931,0.037
682500,0.032,0.935,0.032
683000,0.032,0.949,0.018
683500,0.028,0.954,0.018
684000,0.032,0.954,0.014
684500,0.028,0.968,0.005
685000,0.032,0.917,0.051
685500,0.028,0.945,0.028
686000,0.028,0.935,0.037
686500,0.032,0.945,0.023
687000,0.032,0.949,0.018
687500,0.032,0.931,0.037
688000,0.032,0.940,0.028
688500,0.032,0.940,0.028
689000,0.028,0.949,0.023
689500,0.028,0.959,0.014
690000,0.028,0.935,0.037
690500,0.032,0.949,0.018
691000,0.028,0.968,0.005
691500,0.032,0.926,0.041
692000,0.032,0.931,0.037
692500,0.028,0.940,0.032
693000,0.028,0.954,0.018
693500,0.028,0.935,0.037
694000,0.028,0.917,0.055
694500,0.037,0.935,0.028
695000,0.032,0.926,0.041
695500,0.037,0.922,0.041
696000,0.028,0.954,0.018
696500,0.028,0.949,0.023
697000,0.028,0.940,0.032
697500,0.032,0.931,0.037
698000,0.028,0.968,0.005
698500,0.028,0.963,0.009
699000,0.037,0.922,0.041
699500,0.032,0.935,0.032
700000,0.028,0.972,0.000
700500,0.032,0.940,0.028
701000,0.028,0.963,0.009
701500,0.037,0.949,0.014
702000,0.032,0.963,0.005
702500,0.028,0.935,0.037
703000,0.028,0.885,0.088
703500,0.037,0.922,0.041
704000,0.037,0.926,0.037
704500,0.028,0.917,0.055
705000,0.032,0.935,0.032
705500,0.028,0.959,0.014
706000,0.028,0.935,0.037
706500,0.032,0.954,0.014
707000,0.037,0.954,0.009
707500,0.032,0.935,0.032
708000,0.028,0.922,0.051
708500,0.028,0.945,0.028
709000,0.028,0.963,0.009
709500,0.032,0.945,0.023
710000,0.032,0.940,0.028
710500,0.032,0.940,0.028
711000,0.028,0.912,0.060
711500,0.041,0.931,0.028
712000,0.028,0.949,0.023
712500,0.041,0.931,0.028
713000,0.032,0.917,0.051
713500,0.028,0.954,0.018
714000,0.028,0.945,0.028
714500,0.028,0.949,0.023
715000,0.028,0.917,0.055
715500,0.032,0.949,0.018
716000,0.032,0.917,0.051
716500,0.028,0.949,0.023
717000,0.028,0.954,0.018
717500,0.028,0.959,0.014
718000,0.028,0.949,0.023
718500,0.037,0.935,0.028
719000,0.037,0.917,0.046
719500,0.032,0.949,0.018
720000,0.028,0.959,0.014
720500,0.028,0.949,0.023
721000,0.037,0.935,0.028
721500,0.037,0.931,0.032
722000,0.028,0.963,0.009
722500,0.028,0.922,0.051
723000,0.032,0.959,0.009
723500,0.028,0.949,0.023
724000,0.037,0.926,0.037
724500,0.028,0.963,0.009
725000,0.028,0.959,0.014
725500,0.028,0.935,0.037
726000,0.028,0.949,0.023
726500,0.028,0.954,0.018
727000,0.028,0.959,0.014
727500,0.032,0.926,0.041
728000,0.032,0.940,0.028
728500,0.032,0.935,0.032
729000,0.041,0.889,0.069
729500,0.032,0.912,0.055
730000,0.037,0.926,0.037
730500,0.032,0.959,0.009
731000,0.032,0.935,0.032
731500,0.032,0.949,0.018
732000,0.032,0.931,0.037
732500,0.028,0.963,0.009
733000,0.041,0.949,0.009
733500,0.028,0.949,0.023
734000,0.028,0.922,0.051
734500,0.028,0.968,0.005
735000,0.037,0.954,0.009
735500,0.028,0.949,0.023
736000,0.028,0.940,0.032
736500,0.037,0.940,0.023
737000,0.051,0.922,0.028
737500,0.028,0.931,0.041
738000,0.028,0.940,0.032
738500,0.028,0.954,0.018
739000,0.037,0.940,0.023
739500,0.032,0.931,0.037
740000,0.032,0.949,0.018
740500,0.032,0.949,0.018
741000,0.032,0.940,0.028
741500,0.037,0.926,0.037
742000,0.028,0.959,0.014
742500,0.032,0.945,0.023
743000,0.032,0.940,0.028
743500,0.028,0.935,0.037
744000,0.037,0.935,0.028
744500,0.037,0.931,0.032
745000,0.028,0.940,0.032
745500,0.028,0.949,0.023
746000,0.032,0.954,0.014
746500,0.028,0.935,0.037
747000,0.028,0.968,0.005
747500,0.028,0.959,0.014
748000,0.028,0.963,0.009
748500,0.028,0.954,0.018
749000,0.028,0.963,0.009
749500,0.028,0.959,0.014
750000,0.028,0.931,0.041
750500,0.028,0.935,0.037
751000,0.028,0.945,0.028
751500,0.028,0.959,0.014
752000,0.028,0.968,0.005
752500,0.032,0.945,0.023
753000,0.032,0.959,0.009
753500,0.032,0.940,0.028
754000,0.028,0.935,0.037
754500,0.028,0.949,0.023
755000,0.028,0.931,0.041
755500,0.028,0.935,0.037
756000,0.032,0.954,0.014
756500,0.032,0.959,0.009
757000,0.028,0.949,0.023
757500,0.046,0.908,0.046
758000,0.055,0.917,0.028
758500,0.032,0.935,0.032
759000,0.032,0.903,0.065
759500,0.037,0.903,0.060
760000,0.028,0.917,0.055
760500,0.032,0.931,0.037
761000,0.046,0.922,0.032
761500,0.037,0.876,0.088
762000,0.032,0.894,0.074
762500,0.032,0.935,0.032
763000,0.028,0.954,0.018
763500,0.028,0.949,0.023
764000,0.028,0.954,0.018
764500,0.028,0.954,0.018
765000,0.028,0.959,0.014
765500,0.037,0.922,0.041
766000,0.028,0.940,0.032
766500,0.028,0.945,0.028
767000,0.046,0.903,0.051
767500,0.028,0.940,0.032
768000,0.028,0.899,0.074
768500,0.028,0.963,0.009
769000,0.028,0.959,0.014
769500,0.041,0.945,0.014
770000,0.028,0.945,0.028
770500,0.028,0.959,0.014
771000,0.028,0.931,0.041
771500,0.028,0.959,0.014
772000,0.028,0.949,0.023
772500,0.028,0.963,0.009
773000,0.028,0.926,0.046
773500,0.028,0.935,0.037
774000,0.032,0.949,0.018
774500,0.028,0.959,0.014
775000,0.032,0.931,0.037
775500,0.046,0.903,0.051
776000,0.032,0.949,0.018
776500,0.032,0.935,0.032
777000,0.032,0.959,0.009
777500,0.028,0.959,0.014
778000,0.028,0.945,0.028
778500,0.028,0.959,0.014
779000,0.041,0.940,0.018
779500,0.037,0.926,0.037
780000,0.046,0.931,0.023
780500,0.032,0.954,0.014
781000,0.032,0.917,0.051
781500,0.037,0.945,0.018
782000,0.032,0.908,0.060
782500,0.037,0.908,0.055
783000,0.041,0.912,0.046
783500,0.028,0.945,0.028
784000,0.028,0.954,0.018
784500,0.028,0.959,0.014
785000,0.028,0.926,0.046
785500,0.037,0.940,0.023
786000,0.037,0.926,0.037
786500,0.032,0.945,0.023
787000,0.028,0.945,0.028
787500,0.032,0.949,0.018
788000,0.037,0.945,0.018
788500,0.032,0.940,0.028
789000,0.032,0.922,0.046
789500,0.032,0.926,0.041
790000,0.032,0.935,0.032
790500,0.028,0.935,0.037
791000,0.032,0.959,0.009
791500,0.028,0.954,0.018
792000,0.028,0.963,0.009
792500,0.032,0.917,0.051
793000,0.028,0.940,0.032
793500,0.028,0.954,0.018
794000,0.028,0.963,0.009
794500,0.028,0.968,0.005
795000,0.032,0.926,0.041
795500,0.032,0.935,0.032
796000,0.028,0.963,0.009
796500,0.028,0.940,0.032
797000,0.028,0.954,0.018
797500,0.028,0.949,0.023
798000,0.032,0.954,0.014
798500,0.037,0.945,0.018
799000,0.037,0.931,0.032
799500,0.037,0.940,0.023
800000,0.028,0.963,0.009
800500,0.032,0.931,0.037
801000,0.028,0.931,0.041
801500,0.028,0.935,0.037
802000,0.028,0.954,0.018
802500,0.028,0.940,0.032
803000,0.028,0.963,0.009
803500,0.028,0.926,0.046
804000,0.032,0.959,0.009
804500,0.028,0.935,0.037
805000,0.041,0.866,0.092
805500,0.032,0.908,0.060
806000,0.028,0.889,0.083
806500,0.028,0.949,0.023
807000,0.028,0.940,0.032
807500,0.028,0.954,0.018
808000,0.032,0.922,0.046
808500,0.032,0.917,0.051
809000,0.028,0.940,0.032
809500,0.032,0.940,0.028
810000,0.028,0.959,0.014
810500,0.032,0.931,0.037
811000,0.028,0.926,0.046
811500,0.032,0.940,0.028
812000,0.037,0.949,0.014
812500,0.028,0.949,0.023
813000,0.032,0.931,0.037
813500,0.032,0.940,0.028
814000,0.028,0.935,0.037
814500,0.028,0.903,0.069
815000,0.037,0.922,0.041
815500,0.037,0.949,0.014
816000,0.032,0.945,0.023
816500,0.028,0.954,0.018
817000,0.032,0.954,0.014
817500,0.028,0.931,0.041
818000,0.028,0.959,0.014
818500,0.028,0.931,0.041
819000,0.028,0.940,0.032
819500,0.028,0.935,0.037
820000,0.041,0.922,0.037
820500,0.037,0.945,0.018
821000,0.037,0.931,0.032
821500,0.032,0.945,0.023
822000,0.028,0.968,0.005
822500,0.032,0.908,0.060
823000,0.041,0.903,0.055
823500,0.032,0.912,0.055
824000,0.028,0.926,0.046
824500,0.028,0.949,0.023
825000,0.028,0.954,0.018
825500,0.032,0.931,0.037
826000,0.032,0.945,0.023
826500,0.028,0.949,0.023
827000,0.028,0.954,0.018
827500,0.028,0.954,0.018
828000,0.041,0.940,0.018
828500,0.028,0.931,0.041
829000,0.028,0.945,0.028
829500,0.028,0.912,0.060
830000,0.051,0.926,0.023
830500,0.041,0.935,0.023
831000,0.028,0.945,0.028
831500,0.028,0.931,0.041
832000,0.028,0.949,0.023
832500,0.028,0.949,0.023
833000,0.028,0.935,0.037
833500,0.028,0.954,0.018
834000,0.032,0.959,0.009
834500,0.032,0.935,0.032
835000,0.028,0.963,0.009
835500,0.032,0.945,0.023
836000,0.032,0.917,0.051
836500,0.032,0.940,0.028
837000,0.028,0.949,0.023
837500,0.028,0.922,0.051
838000,0.037,0.940,0.023
838500,0.037,0.935,0.028
839000,0.032,0.926,0.041
839500,0.028,0.940,0.032
840000,0.028,0.940,0.032
840500,0.037,0.940,0.023
841000,0.028,0.926,0.046
841500,0.028,0.940,0.032
842000,0.028,0.949,0.023
842500,0.032,0.922,0.046
843000,0.028,0.949,0.023
843500,0.037,0.889,0.074
844000,0.032,0.949,0.018
844500,0.028,0.935,0.037
845000,0.028,0.945,0.028
845500,0.028,0.959,0.014
846000,0.028,0.959,0.014
846500,0.032,0.899,0.069
847000,0.028,0.917,0.055
847500,0.028,0.945,0.028
848000,0.028,0.945,0.028
848500,0.028,0.931,0.041
849000,0.028,0.972,0.000
849500,0.028,0.940,0.032
850000,0.028,0.935,0.037
850500,0.028,0.972,0.000
851000,0.032,0.945,0.023
851500,0.037,0.940,0.023
852000,0.028,0.954,0.018
852500,0.028,0.963,0.009
853000,0.028,0.968,0.005
853500,0.028,0.949,0.023
854000,0.028,0.972,0.000
854500,0.028,0.926,0.046
855000,0.028,0.926,0.046
855500,0.032,0.935,0.032
856000,0.028,0.945,0.028
856500,0.028,0.954,0.018
857000,0.032,0.945,0.023
857500,0.028,0.963,0.009
858000,0.032,0.926,0.041
858500,0.037,0.922,0.041
859000,0.032,0.931,0.037
859500,0.028,0.959,0.014
860000,0.028,0.935,0.037
860500,0.032,0.959,0.009
861000,0.028,0.954,0.018
861500,0.028,0.959,0.014
862000,0.028,0.954,0.018
862500,0.028,0.949,0.023
863000,0.037,0.954,0.009
863500,0.028,0.954,0.018
864000,0.028,0.949,0.023
864500,0.028,0.972,0.000
865000,0.037,0.931,0.032
865500,0.028,0.940,0.032
866000,0.028,0.931,0.041
866500,0.037,0.922,0.041
867000,0.032,0.889,0.078
867500,0.041,0.908,0.051
868000,0.041,0.945,0.014
868500,0.032,0.954,0.014
869000,0.041,0.917,0.041
869500,0.037,0.912,0.051
870000,0.028,0.931,0.041
870500,0.037,0.894,0.069
871000,0.037,0.912,0.051
871500,0.032,0.903,0.065
872000,0.032,0.940,0.028
872500,0.032,0.940,0.028
873000,0.037,0.903,0.060
873500,0.028,0.959,0.014
874000,0.032,0.959,0.009
874500,0.028,0.954,0.018
875000,0.032,0.903,0.065
875500,0.037,0.912,0.051
876000,0.032,0.945,0.023
876500,0.032,0.922,0.046
877000,0.028,0.940,0.032
877500,0.028,0.945,0.028
878000,0.028,0.935,0.037
878500,0.037,0.880,0.083
879000,0.032,0.926,0.041
879500,0.028,0.940,0.032
880000,0.028,0.945,0.028
880500,0.028,0.954,0.018
881000,0.032,0.922,0.046
881500,0.028,0.954,0.018
882000,0.028,0.935,0.037
882500,0.032,0.940,0.028
883000,0.037,0.954,0.009
883500,0.032,0.968,0.000
884000,0.032,0.935,0.032
884500,0.028,0.926,0.046
885000,0.028,0.940,0.032
885500,0.028,0.959,0.014
886000,0.028,0.959,0.014
886500,0.028,0.963,0.009
887000,0.028,0.940,0.032
887500,0.028,0.949,0.023
888000,0.041,0.926,0.032
888500,0.037,0.935,0.028
889000,0.028,0.945,0.028
889500,0.037,0.917,0.046
890000,0.032,0.945,0.023
890500,0.041,0.931,0.028
891000,0.037,0.935,0.028
891500,0.028,0.954,0.018
892000,0.032,0.935,0.032
892500,0.055,0.880,0.065
893000,0.032,0.926,0.041
893500,0.032,0.917,0.051
894000,0.028,0.926,0.046
894500,0.032,0.931,0.037
895000,0.041,0.945,0.014
895500,0.037,0.908,0.055
896000,0.037,0.931,0.032
896500,0.028,0.949,0.023
897000,0.037,0.931,0.032
897500,0.046,0.926,0.028
898000,0.028,0.935,0.037
898500,0.032,0.949,0.018
899000,0.028,0.954,0.018
899500,0.028,0.959,0.014
900000,0.028,0.959,0.014
900500,0.028,0.972,0.000
901000,0.028,0.935,0.037
901500,0.028,0.963,0.009
902000,0.028,0.931,0.041
902500,0.028,0.945,0.028
903000,0.032,0.935,0.032
903500,0.032,0.940,0.028
904000,0.037,0.935,0.028
904500,0.028,0.935,0.037
905000,0.032,0.945,0.023
905500,0.028,0.972,0.000
906000,0.028,0.949,0.023
906500,0.028,0.963,0.009
907000,0.046,0.917,0.037
907500,0.028,0.926,0.046
908000,0.028,0.945,0.028
908500,0.028,0.940,0.032
909000,0.037,0.922,0.041
909500,0.046,0.917,0.037
910000,0.037,0.926,0.037
910500,0.032,0.903,0.065
911000,0.032,0.926,0.041
911500,0.028,0.954,0.018
912000,0.028,0.935,0.037
912500,0.041,0.926,0.032
913000,0.028,0.940,0.032
913500,0.028,0.945,0.028
914000,0.028,0.945,0.028
914500,0.028,0.949,0.023
915000,0.037,0.945,0.018
915500,0.032,0.922,0.046
916000,0.032,0.945,0.023
916500,0.028,0.940,0.032
917000,0.028,0.945,0.028
917500,0.028,0.954,0.018
918000,0.028,0.949,0.023
918500,0.037,0.931,0.032
919000,0.032,0.926,0.041
919500,0.041,0.945,0.014
920000,0.032,0.935,0.032
920500,0.028,0.954,0.018
921000,0.028,0.949,0.023
921500,0.032,0.940,0.028
922000,0.028,0.949,0.023
922500,0.037,0.912,0.051
923000,0.028,0.912,0.060
923500,0.032,0.922,0.046
924000,0.037,0.908,0.055
924500,0.028,0.940,0.032
925000,0.028,0.949,0.023
925500,0.028,0.945,0.028
926000,0.046,0.899,0.055
926500,0.037,0.903,0.060
927000,0.037,0.935,0.028
927500,0.032,0.945,0.023
928000,0.032,0.935,0.032
928500,0.037,0.949,0.014
929000,0.028,0.963,0.009
929500,0.032,0.963,0.005
930000,0.028,0.968,0.005
930500,0.028,0.963,0.009
931000,0.028,0.949,0.023
931500,0.028,0.949,0.023
932000,0.028,0.949,0.023
932500,0.032,0.940,0.028
933000,0.028,0.926,0.046
933500,0.028,0.949,0.023
934000,0.028,0.968,0.005
934500,0.028,0.968,0.005
935000,0.028,0.963,0.009
935500,0.028,0.959,0.014
936000,0.037,0.931,0.032
936500,0.032,0.949,0.018
937000,0.028,0.959,0.014
937500,0.032,0.940,0.028
938000,0.032,0.940,0.028
938500,0.028,0.945,0.028
939000,0.037,0.935,0.028
939500,0.028,0.931,0.041
940000,0.028,0.949,0.023
940500,0.028,0.949,0.023
941000,0.028,0.940,0.032
941500,0.037,0.954,0.009
942000,0.028,0.917,0.055
942500,0.028,0.954,0.018
943000,0.032,0.949,0.018
943500,0.028,0.945,0.028
944000,0.028,0.963,0.009
944500,0.037,0.935,0.028
945000,0.028,0.931,0.041
945500,0.028,0.940,0.032
946000,0.037,0.926,0.037
946500,0.028,0.935,0.037
947000,0.041,0.935,0.023
947500,0.028,0.949,0.023
948000,0.028,0.959,0.014
948500,0.032,0.963,0.005
949000,0.032,0.954,0.014
949500,0.032,0.949,0.018
950000,0.032,0.931,0.037
950500,0.028,0.949,0.023
951000,0.028,0.945,0.028
951500,0.028,0.931,0.041
952000,0.028,0.968,0.005
952500,0.028,0.931,0.041
953000,0.032,0.917,0.051
953500,0.028,0.945,0.028
954000,0.028,0.903,0.069
954500,0.028,0.935,0.037
955000,0.028,0.968,0.005
955500,0.028,0.963,0.009
956000,0.028,0.954,0.018
956500,0.028,0.959,0.014
957000,0.028,0.949,0.023
957500,0.028,0.949,0.023
958000,0.032,0.940,0.028
958500,0.028,0.945,0.028
959000,0.032,0.899,0.069
959500,0.041,0.926,0.032
960000,0.032,0.959,0.009
960500,0.028,0.959,0.014
961000,0.028,0.959,0.014
961500,0.028,0.949,0.023
962000,0.032,0.922,0.046
962500,0.032,0.945,0.023
963000,0.032,0.935,0.032
963500,0.028,0.931,0.041
964000,0.028,0.940,0.032
964500,0.028,0.959,0.014
965000,0.028,0.945,0.028
965500,0.028,0.959,0.014
966000,0.028,0.963,0.009
966500,0.032,0.945,0.023
967000,0.041,0.945,0.014
967500,0.028,0.972,0.000
968000,0.028,0.968,0.005
968500,0.032,0.949,0.018
969000,0.032,0.935,0.032
969500,0.032,0.935,0.032
970000,0.028,0.949,0.023
970500,0.037,0.922,0.041
971000,0.037,0.931,0.032
971500,0.032,0.940,0.028
972000,0.032,0.922,0.046
972500,0.032,0.949,0.018
973000,0.028,0.940,0.032
973500,0.028,0.954,0.018
974000,0.032,0.935,0.032
974500,0.037,0.912,0.051
975000,0.028,0.940,0.032
975500,0.037,0.949,0.014
976000,0.028,0.959,0.014
976500,0.028,0.963,0.009
977000,0.028,0.949,0.023
977500,0.028,0.963,0.009
978000,0.028,0.963,0.009
978500,0.028,0.954,0.018
979000,0.028,0.940,0.032
979500,0.028,0.954,0.018
980000,0.032,0.963,0.005
980500,0.028,0.954,0.018
981000,0.032,0.940,0.028
981500,0.028,0.949,0.023
982000,0.037,0.935,0.028
982500,0.028,0.935,0.037
983000,0.028,0.954,0.018
983500,0.032,0.954,0.014
984000,0.037,0.899,0.065
984500,0.037,0.926,0.037
985000,0.028,0.940,0.032
985500,0.028,0.954,0.018
986000,0.028,0.949,0.023
986500,0.028,0.945,0.028
987000,0.028,0.935,0.037
987500,0.028,0.935,0.037
988000,0.028,0.945,0.028
988500,0.028,0.949,0.023
989000,0.032,0.959,0.009
989500,0.032,0.949,0.018
990000,0.041,0.894,0.065
990500,0.037,0.908,0.055
991000,0.028,0.899,0.074
991500,0.032,0.912,0.055
992000,0.037,0.954,0.009
992500,0.028,0.908,0.065
993000,0.028,0.931,0.041
993500,0.028,0.949,0.023
994000,0.032,0.959,0.009
994500,0.041,0.922,0.037
995000,0.028,0.959,0.014
995500,0.028,0.949,0.023
996000,0.041,0.912,0.046
996500,0.028,0.963,0.009
997000,0.032,0.949,0.018
997500,0.028,0.926,0.046
998000,0.028,0.926,0.046
998500,0.032,0.940,0.028
999000,0.028,0.954,0.018
999500,0.028,0.935,0.037
1000000,0.028,0.935,0.037
