time,n_A+p,n_B,n_AB
0,0.009,0.991,0.000
500,0.009,0.989,0.002
1000,0.009,0.990,0.001
1500,0.009,0.989,0.002
2000,0.009,0.988,0.003
2500,0.009,0.982,0.009
3000,0.009,0.985,0.006
3500,0.009,0.986,0.005
4000,0.009,0.987,0.004
4500,0.009,0.987,0.004
5000,0.009,0.982,0.009
5500,0.012,0.981,0.007
6000,0.009,0.980,0.011
6500,0.009,0.983,0.008
7000,0.011,0.982,0.007
7500,0.013,0.972,0.014
8000,0.013,0.979,0.008
8500,0.013,0.973,0.013
9000,0.013,0.969,0.017
9500,0.015,0.970,0.014
10000,0.011,0.979,0.010
10500,0.014,0.962,0.023
11000,0.014,0.967,0.018
11500,0.013,0.977,0.010
12000,0.014,0.973,0.012
12500,0.009,0.979,0.012
13000,0.010,0.980,0.010
13500,0.009,0.985,0.006
14000,0.009,0.985,0.006
14500,0.009,0.986,0.005
15000,0.009,0.990,0.001
15500,0.009,0.988,0.003
16000,0.009,0.986,0.005
16500,0.009,0.987,0.004
17000,0.010,0.987,0.003
17500,0.009,0.986,0.005
18000,0.009,0.984,0.007
18500,0.009,0.982,0.009
19000,0.009,0.986,0.005
19500,0.009,0.972,0.018
20000,0.009,0.977,0.014
20500,0.009,0.982,0.009
21000,0.009,0.982,0.009
21500,0.009,0.982,0.009
22000,0.009,0.983,0.008
22500,0.009,0.979,0.012
23000,0.009,0.983,0.008
23500,0.009,0.981,0.010
24000,0.009,0.979,0.012
24500,0.009,0.979,0.012
25000,0.009,0.980,0.011
25500,0.009,0.982,0.009
26000,0.009,0.959,0.032
26500,0.013,0.957,0.030
27000,0.011,0.968,0.020
27500,0.009,0.974,0.016
28000,0.010,0.980,0.010
28500,0.009,0.983,0.008
29000,0.009,0.988,0.003
29500,0.009,0.986,0.005
30000,0.009,0.982,0.009
30500,0.012,0.979,0.009
31000,0.011,0.980,0.009
31500,0.010,0.981,0.009
32000,0.009,0.982,0.009
32500,0.009,0.983,0.008
33000,0.009,0.984,0.007
33500,0.009,0.980,0.011
34000,0.009,0.982,0.009
34500,0.010,0.979,0.011
35000,0.009,0.972,0.018
35500,0.013,0.951,0.036
36000,0.011,0.954,0.035
36500,0.011,0.965,0.023
37000,0.010,0.973,0.016
37500,0.010,0.978,0.012
38000,0.010,0.979,0.011
38500,0.009,0.980,0.011
39000,0.009,0.972,0.018
39500,0.010,0.975,0.014
40000,0.009,0.980,0.011
40500,0.010,0.973,0.016
41000,0.010,0.979,0.011
41500,0.009,0.980,0.011
42000,0.009,0.985,0.006
42500,0.009,0.980,0.011
43000,0.009,0.977,0.014
43500,0.010,0.978,0.012
44000,0.009,0.984,0.007
44500,0.010,0.985,0.005
45000,0.010,0.982,0.008
45500,0.010,0.988,0.002
46000,0.010,0.987,0.003
46500,0.009,0.985,0.006
47000,0.011,0.982,0.007
47500,0.009,0.986,0.005
48000,0.009,0.982,0.009
48500,0.009,0.982,0.009
49000,0.009,0.985,0.006
49500,0.009,0.975,0.015
50000,0.009,0.982,0.009
50500,0.009,0.984,0.007
51000,0.009,0.983,0.008
51500,0.009,0.981,0.010
52000,0.010,0.982,0.008
52500,0.010,0.965,0.025
53000,0.013,0.972,0.014
53500,0.011,0.970,0.018
54000,0.009,0.950,0.041
54500,0.015,0.941,0.044
55000,0.019,0.918,0.062
55500,0.014,0.944,0.042
56000,0.013,0.941,0.046
56500,0.017,0.939,0.044
57000,0.013,0.943,0.044
57500,0.011,0.928,0.060
58000,0.019,0.927,0.053
58500,0.033,0.926,0.041
59000,0.026,0.924,0.050
59500,0.026,0.920,0.054
60000,0.025,0.932,0.044
60500,0.022,0.936,0.042
61000,0.028,0.940,0.033
61500,0.015,0.955,0.030
62000,0.019,0.933,0.048
62500,0.029,0.940,0.032
63000,0.020,0.944,0.036
63500,0.016,0.930,0.054
64000,0.017,0.932,0.051
64500,0.012,0.958,0.030
65000,0.012,0.962,0.026
65500,0.009,0.972,0.018
66000,0.009,0.979,0.012
66500,0.009,0.978,0.013
67000,0.009,0.972,0.018
67500,0.010,0.979,0.011
68000,0.010,0.980,0.010
68500,0.011,0.966,0.022
69000,0.012,0.971,0.016
69500,0.011,0.960,0.029
70000,0.010,0.962,0.028
70500,0.012,0.964,0.023
71000,0.012,0.964,0.023
71500,0.012,0.955,0.033
72000,0.013,0.961,0.026
72500,0.016,0.958,0.026
73000,0.014,0.955,0.031
73500,0.012,0.957,0.031
74000,0.014,0.958,0.028
74500,0.011,0.957,0.032
75000,0.011,0.963,0.026
75500,0.012,0.965,0.022
76000,0.011,0.966,0.022
76500,0.010,0.977,0.013
77000,0.010,0.973,0.016
77500,0.010,0.975,0.014
78000,0.010,0.974,0.015
78500,0.010,0.980,0.010
79000,0.010,0.979,0.011
79500,0.010,0.974,0.015
80000,0.011,0.974,0.014
80500,0.011,0.971,0.017
81000,0.011,0.970,0.018
81500,0.010,0.978,0.012
82000,0.010,0.978,0.012
82500,0.010,0.975,0.014
83000,0.010,0.977,0.013
83500,0.010,0.980,0.010
84000,0.010,0.981,0.009
84500,0.010,0.978,0.012
85000,0.010,0.972,0.017
85500,0.010,0.977,0.013
86000,0.010,0.956,0.034
86500,0.011,0.975,0.013
87000,0.011,0.983,0.006
87500,0.009,0.979,0.012
88000,0.009,0.978,0.013
88500,0.012,0.971,0.016
89000,0.010,0.979,0.011
89500,0.011,0.974,0.014
90000,0.010,0.980,0.010
90500,0.010,0.983,0.007
91000,0.010,0.983,0.007
91500,0.010,0.977,0.013
92000,0.010,0.983,0.007
92500,0.010,0.975,0.014
93000,0.010,0.982,0.008
93500,0.010,0.987,0.003
94000,0.010,0.987,0.003
94500,0.010,0.987,0.003
95000,0.010,0.983,0.007
95500,0.010,0.985,0.005
96000,0.010,0.985,0.005
96500,0.010,0.982,0.008
97000,0.009,0.978,0.013
97500,0.009,0.982,0.009
98000,0.009,0.980,0.011
98500,0.011,0.979,0.010
99000,0.009,0.983,0.008
99500,0.009,0.982,0.009
100000,0.011,0.975,0.013
100500,0.011,0.978,0.011
101000,0.011,0.982,0.007
101500,0.010,0.979,0.011
102000,0.012,0.969,0.018
102500,0.010,0.979,0.011
103000,0.010,0.986,0.004
103500,0.009,0.985,0.006
104000,0.009,0.977,0.014
104500,0.012,0.972,0.015
105000,0.011,0.961,0.028
105500,0.011,0.968,0.020
106000,0.010,0.977,0.013
106500,0.010,0.977,0.013
107000,0.010,0.975,0.014
107500,0.010,0.978,0.012
108000,0.012,0.975,0.012
108500,0.010,0.985,0.005
109000,0.009,0.986,0.005
109500,0.009,0.986,0.005
110000,0.009,0.986,0.005
110500,0.009,0.986,0.005
111000,0.009,0.980,0.011
111500,0.009,0.978,0.013
112000,0.009,0.982,0.009
112500,0.009,0.983,0.008
113000,0.010,0.981,0.009
113500,0.010,0.982,0.008
114000,0.009,0.984,0.007
114500,0.009,0.978,0.013
115000,0.009,0.984,0.007
115500,0.009,0.983,0.008
116000,0.009,0.984,0.007
116500,0.009,0.978,0.013
117000,0.009,0.984,0.007
117500,0.009,0.984,0.007
118000,0.014,0.968,0.017
118500,0.011,0.979,0.010
119000,0.010,0.983,0.007
119500,0.010,0.980,0.010
120000,0.009,0.983,0.008
120500,0.009,0.982,0.009
121000,0.010,0.980,0.010
121500,0.011,0.981,0.008
122000,0.013,0.979,0.008
122500,0.011,0.979,0.010
123000,0.011,0.984,0.005
123500,0.009,0.984,0.007
124000,0.009,0.960,0.031
124500,0.009,0.960,0.031
125000,0.010,0.974,0.015
125500,0.013,0.974,0.012
126000,0.013,0.977,0.010
126500,0.013,0.971,0.015
127000,0.012,0.978,0.010
127500,0.010,0.978,0.012
128000,0.010,0.981,0.009
128500,0.010,0.978,0.012
129000,0.009,0.980,0.011
129500,0.009,0.979,0.012
130000,0.010,0.968,0.021
130500,0.012,0.968,0.019
131000,0.010,0.958,0.032
131500,0.010,0.967,0.022
132000,0.009,0.973,0.017
132500,0.009,0.979,0.012
133000,0.009,0.982,0.009
133500,0.009,0.983,0.008
134000,0.009,0.984,0.007
134500,0.009,0.977,0.014
135000,0.009,0.984,0.007
135500,0.009,0.980,0.011
136000,0.009,0.982,0.009
136500,0.009,0.987,0.004
137000,0.009,0.985,0.006
137500,0.010,0.986,0.004
138000,0.010,0.964,0.026
138500,0.012,0.961,0.027
139000,0.010,0.970,0.019
139500,0.013,0.951,0.036
140000,0.013,0.955,0.032
140500,0.012,0.949,0.039
141000,0.011,0.964,0.025
141500,0.014,0.947,0.039
142000,0.014,0.956,0.030
142500,0.016,0.956,0.028
143000,0.010,0.958,0.032
143500,0.010,0.963,0.027
144000,0.016,0.960,0.023
144500,0.013,0.972,0.014
145000,0.010,0.974,0.015
145500,0.010,0.971,0.018
146000,0.010,0.974,0.015
146500,0.010,0.971,0.018
147000,0.010,0.973,0.016
147500,0.010,0.972,0.017
148000,0.011,0.975,0.013
148500,0.013,0.968,0.018
149000,0.012,0.966,0.021
149500,0.011,0.967,0.021
150000,0.011,0.973,0.015
150500,0.011,0.977,0.012
151000,0.013,0.979,0.008
151500,0.012,0.978,0.010
152000,0.013,0.981,0.006
152500,0.012,0.980,0.008
153000,0.014,0.977,0.009
153500,0.017,0.975,0.007
154000,0.014,0.969,0.016
154500,0.011,0.978,0.011
155000,0.012,0.981,0.007
155500,0.012,0.969,0.018
156000,0.012,0.967,0.020
156500,0.011,0.977,0.012
157000,0.012,0.972,0.015
157500,0.011,0.981,0.008
158000,0.011,0.984,0.005
158500,0.011,0.986,0.003
159000,0.011,0.985,0.004
159500,0.011,0.985,0.004
160000,0.011,0.986,0.003
160500,0.011,0.987,0.002
161000,0.011,0.987,0.002
161500,0.011,0.973,0.015
162000,0.012,0.965,0.022
162500,0.012,0.975,0.012
163000,0.011,0.959,0.030
163500,0.012,0.962,0.026
164000,0.012,0.975,0.012
164500,0.012,0.978,0.010
165000,0.012,0.979,0.009
165500,0.011,0.978,0.011
166000,0.011,0.982,0.007
166500,0.011,0.982,0.007
167000,0.011,0.984,0.005
167500,0.011,0.979,0.010
168000,0.013,0.981,0.006
168500,0.011,0.986,0.003
169000,0.011,0.986,0.003
169500,0.011,0.983,0.006
170000,0.011,0.984,0.005
170500,0.010,0.982,0.008
171000,0.010,0.982,0.008
171500,0.010,0.984,0.006
172000,0.010,0.982,0.008
172500,0.010,0.985,0.005
173000,0.010,0.985,0.005
173500,0.010,0.981,0.009
174000,0.012,0.968,0.019
174500,0.011,0.955,0.034
175000,0.014,0.953,0.033
175500,0.016,0.975,0.008
176000,0.015,0.977,0.008
176500,0.014,0.971,0.014
177000,0.011,0.961,0.028
177500,0.010,0.970,0.019
178000,0.010,0.974,0.015
178500,0.010,0.950,0.040
179000,0.012,0.968,0.019
179500,0.016,0.950,0.034
180000,0.014,0.961,0.025
180500,0.012,0.971,0.016
181000,0.010,0.960,0.030
181500,0.011,0.970,0.018
182000,0.011,0.969,0.019
182500,0.011,0.970,0.018
183000,0.012,0.969,0.018
183500,0.012,0.973,0.014
184000,0.013,0.974,0.012
184500,0.011,0.974,0.014
185000,0.011,0.975,0.013
185500,0.011,0.977,0.012
186000,0.013,0.971,0.015
186500,0.012,0.974,0.013
187000,0.013,0.971,0.015
187500,0.011,0.968,0.020
188000,0.012,0.974,0.013
188500,0.010,0.979,0.011
189000,0.010,0.981,0.009
189500,0.011,0.972,0.016
190000,0.010,0.954,0.036
190500,0.012,0.947,0.041
191000,0.015,0.956,0.029
191500,0.015,0.955,0.030
192000,0.013,0.961,0.026
192500,0.013,0.960,0.027
193000,0.011,0.967,0.021
193500,0.010,0.966,0.023
194000,0.012,0.967,0.020
194500,0.012,0.970,0.017
195000,0.011,0.971,0.017
195500,0.012,0.966,0.021
196000,0.010,0.961,0.029
196500,0.010,0.957,0.033
197000,0.011,0.965,0.023
197500,0.010,0.969,0.020
198000,0.010,0.972,0.017
198500,0.010,0.971,0.018
199000,0.010,0.974,0.015
199500,0.010,0.974,0.015
200000,0.011,0.974,0.014
200500,0.011,0.973,0.015
201000,0.013,0.969,0.017
201500,0.011,0.974,0.014
202000,0.011,0.977,0.012
202500,0.011,0.977,0.012
203000,0.012,0.977,0.011
203500,0.012,0.979,0.009
204000,0.012,0.979,0.009
204500,0.011,0.980,0.009
205000,0.011,0.979,0.010
205500,0.013,0.956,0.031
206000,0.017,0.935,0.048
206500,0.018,0.953,0.029
207000,0.011,0.957,0.032
207500,0.011,0.963,0.026
208000,0.011,0.969,0.019
208500,0.010,0.974,0.015
209000,0.010,0.972,0.017
209500,0.010,0.975,0.014
210000,0.010,0.977,0.013
210500,0.010,0.977,0.013
211000,0.010,0.983,0.007
211500,0.010,0.981,0.009
212000,0.011,0.968,0.020
212500,0.011,0.967,0.021
213000,0.011,0.962,0.027
213500,0.013,0.956,0.031
214000,0.012,0.960,0.028
214500,0.012,0.964,0.023
215000,0.012,0.975,0.012
215500,0.011,0.972,0.016
216000,0.010,0.977,0.013
216500,0.010,0.975,0.014
217000,0.010,0.978,0.012
217500,0.010,0.978,0.012
218000,0.010,0.975,0.014
218500,0.012,0.978,0.010
219000,0.012,0.973,0.014
219500,0.012,0.977,0.011
220000,0.011,0.967,0.021
220500,0.011,0.967,0.021
221000,0.019,0.944,0.037
221500,0.020,0.935,0.045
222000,0.016,0.937,0.047
222500,0.011,0.955,0.034
223000,0.010,0.968,0.021
223500,0.011,0.953,0.036
224000,0.011,0.955,0.034
224500,0.011,0.960,0.029
225000,0.011,0.964,0.025
225500,0.010,0.975,0.014
226000,0.012,0.962,0.026
226500,0.020,0.941,0.039
227000,0.021,0.947,0.032
227500,0.021,0.948,0.031
228000,0.018,0.947,0.035
228500,0.017,0.947,0.036
229000,0.019,0.952,0.029
229500,0.014,0.961,0.025
230000,0.013,0.974,0.012
230500,0.013,0.951,0.036
231000,0.013,0.959,0.028
231500,0.013,0.969,0.017
232000,0.014,0.971,0.014
232500,0.015,0.964,0.020
233000,0.013,0.961,0.026
233500,0.013,0.960,0.027
234000,0.013,0.969,0.017
234500,0.010,0.971,0.018
235000,0.011,0.975,0.013
235500,0.009,0.972,0.018
236000,0.009,0.973,0.017
236500,0.009,0.968,0.022
237000,0.012,0.968,0.019
237500,0.013,0.972,0.014
238000,0.010,0.975,0.014
238500,0.010,0.978,0.012
239000,0.010,0.965,0.025
239500,0.009,0.974,0.016
240000,0.011,0.974,0.014
240500,0.011,0.978,0.011
241000,0.009,0.977,0.014
241500,0.009,0.977,0.014
242000,0.009,0.974,0.016
242500,0.009,0.971,0.019
243000,0.011,0.977,0.012
243500,0.010,0.974,0.015
244000,0.009,0.978,0.013
244500,0.009,0.982,0.009
245000,0.009,0.983,0.008
245500,0.009,0.982,0.009
246000,0.010,0.979,0.011
246500,0.012,0.979,0.009
247000,0.013,0.971,0.015
247500,0.013,0.969,0.017
248000,0.009,0.978,0.013
248500,0.009,0.979,0.012
249000,0.011,0.954,0.035
249500,0.019,0.948,0.033
250000,0.014,0.958,0.028
250500,0.011,0.963,0.026
251000,0.010,0.960,0.030
251500,0.010,0.970,0.019
252000,0.010,0.973,0.016
252500,0.010,0.967,0.022
253000,0.011,0.963,0.026
253500,0.009,0.975,0.015
254000,0.010,0.973,0.016
254500,0.010,0.979,0.011
255000,0.009,0.975,0.015
255500,0.010,0.977,0.013
256000,0.011,0.978,0.011
256500,0.010,0.980,0.010
257000,0.010,0.979,0.011
257500,0.010,0.979,0.011
258000,0.010,0.963,0.027
258500,0.012,0.938,0.050
259000,0.011,0.949,0.040
259500,0.013,0.951,0.036
260000,0.019,0.932,0.049
260500,0.018,0.955,0.027
261000,0.019,0.961,0.019
261500,0.014,0.962,0.023
262000,0.012,0.973,0.014
262500,0.015,0.973,0.011
263000,0.016,0.962,0.021
263500,0.015,0.967,0.017
264000,0.015,0.963,0.021
264500,0.014,0.965,0.020
265000,0.011,0.967,0.021
265500,0.011,0.959,0.030
266000,0.012,0.956,0.032
266500,0.011,0.968,0.020
267000,0.012,0.943,0.045
267500,0.018,0.956,0.026
268000,0.017,0.957,0.026
268500,0.014,0.961,0.025
269000,0.015,0.962,0.022
269500,0.014,0.968,0.017
270000,0.013,0.969,0.017
270500,0.015,0.965,0.019
271000,0.013,0.969,0.017
271500,0.012,0.968,0.019
272000,0.012,0.969,0.018
272500,0.012,0.964,0.023
273000,0.012,0.967,0.020
273500,0.015,0.952,0.033
274000,0.019,0.945,0.036
274500,0.023,0.950,0.027
275000,0.016,0.952,0.032
275500,0.020,0.951,0.029
276000,0.013,0.956,0.031
276500,0.012,0.965,0.022
277000,0.012,0.960,0.028
277500,0.011,0.961,0.028
278000,0.014,0.965,0.020
278500,0.013,0.965,0.021
279000,0.013,0.949,0.038
279500,0.015,0.951,0.034
280000,0.017,0.953,0.030
280500,0.016,0.951,0.033
281000,0.017,0.955,0.028
281500,0.019,0.949,0.032
282000,0.018,0.959,0.022
282500,0.014,0.964,0.021
283000,0.012,0.967,0.020
283500,0.013,0.969,0.017
284000,0.011,0.973,0.015
284500,0.011,0.972,0.016
285000,0.013,0.973,0.013
285500,0.012,0.971,0.016
286000,0.013,0.975,0.011
286500,0.013,0.977,0.010
287000,0.013,0.974,0.012
287500,0.017,0.950,0.033
288000,0.014,0.965,0.020
288500,0.016,0.960,0.023
289000,0.014,0.975,0.010
289500,0.014,0.971,0.014
290000,0.013,0.972,0.014
290500,0.012,0.977,0.011
291000,0.012,0.952,0.036
291500,0.012,0.962,0.026
292000,0.012,0.980,0.008
292500,0.012,0.981,0.007
293000,0.012,0.972,0.015
293500,0.012,0.979,0.009
294000,0.011,0.977,0.012
294500,0.011,0.977,0.012
295000,0.012,0.970,0.017
295500,0.013,0.956,0.031
296000,0.017,0.961,0.021
296500,0.017,0.965,0.017
297000,0.014,0.964,0.021
297500,0.012,0.962,0.026
298000,0.011,0.970,0.018
298500,0.010,0.974,0.015
299000,0.009,0.964,0.027
299500,0.009,0.968,0.022
300000,0.009,0.974,0.016
300500,0.009,0.969,0.021
301000,0.009,0.979,0.012
301500,0.009,0.977,0.014
302000,0.009,0.980,0.011
302500,0.009,0.977,0.014
303000,0.009,0.981,0.010
303500,0.011,0.979,0.010
304000,0.010,0.980,0.010
304500,0.009,0.982,0.009
305000,0.009,0.981,0.010
305500,0.009,0.984,0.007
306000,0.009,0.982,0.009
306500,0.009,0.984,0.007
307000,0.009,0.984,0.007
307500,0.009,0.985,0.006
308000,0.009,0.983,0.008
308500,0.011,0.967,0.021
309000,0.011,0.972,0.016
309500,0.009,0.979,0.012
310000,0.009,0.973,0.017
310500,0.009,0.981,0.010
311000,0.010,0.982,0.008
311500,0.010,0.979,0.011
312000,0.010,0.975,0.014
312500,0.011,0.978,0.011
313000,0.009,0.978,0.013
313500,0.009,0.982,0.009
314000,0.009,0.982,0.009
314500,0.009,0.977,0.014
315000,0.009,0.980,0.011
315500,0.009,0.974,0.016
316000,0.009,0.979,0.012
316500,0.009,0.980,0.011
317000,0.009,0.983,0.008
317500,0.009,0.979,0.012
318000,0.009,0.981,0.010
318500,0.009,0.983,0.008
319000,0.014,0.967,0.018
319500,0.018,0.964,0.017
320000,0.017,0.964,0.018
320500,0.016,0.949,0.035
321000,0.014,0.953,0.033
321500,0.014,0.954,0.032
322000,0.017,0.960,0.022
322500,0.010,0.968,0.021
323000,0.009,0.977,0.014
323500,0.010,0.974,0.015
324000,0.009,0.978,0.013
324500,0.009,0.973,0.017
325000,0.011,0.977,0.012
325500,0.009,0.973,0.017
326000,0.009,0.980,0.011
326500,0.009,0.982,0.009
327000,0.009,0.983,0.008
327500,0.009,0.985,0.006
328000,0.009,0.985,0.006
328500,0.009,0.980,0.011
329000,0.011,0.978,0.011
329500,0.010,0.982,0.008
330000,0.011,0.980,0.009
330500,0.011,0.961,0.028
331000,0.011,0.968,0.020
331500,0.011,0.973,0.015
332000,0.011,0.958,0.031
332500,0.015,0.952,0.033
333000,0.016,0.955,0.029
333500,0.013,0.960,0.027
334000,0.012,0.962,0.026
334500,0.012,0.966,0.021
335000,0.013,0.969,0.017
335500,0.010,0.967,0.022
336000,0.010,0.968,0.021
336500,0.011,0.972,0.016
337000,0.010,0.979,0.011
337500,0.010,0.980,0.010
338000,0.010,0.981,0.009
338500,0.010,0.980,0.010
339000,0.010,0.977,0.013
339500,0.010,0.981,0.009
340000,0.010,0.969,0.020
340500,0.011,0.969,0.019
341000,0.011,0.974,0.014
341500,0.011,0.970,0.018
342000,0.011,0.975,0.013
342500,0.010,0.979,0.011
343000,0.012,0.971,0.016
343500,0.010,0.977,0.013
344000,0.010,0.979,0.011
344500,0.010,0.979,0.011
345000,0.010,0.979,0.011
345500,0.010,0.978,0.012
346000,0.010,0.979,0.011
346500,0.010,0.965,0.025
347000,0.011,0.963,0.026
347500,0.012,0.958,0.030
348000,0.013,0.965,0.021
348500,0.011,0.960,0.029
349000,0.011,0.974,0.014
349500,0.011,0.975,0.013
350000,0.010,0.973,0.016
350500,0.010,0.983,0.007
351000,0.014,0.963,0.022
351500,0.013,0.962,0.025
352000,0.014,0.968,0.017
352500,0.011,0.969,0.019
353000,0.010,0.972,0.017
353500,0.012,0.944,0.044
354000,0.016,0.950,0.034
354500,0.014,0.932,0.054
355000,0.012,0.935,0.053
355500,0.010,0.956,0.034
356000,0.010,0.968,0.021
356500,0.010,0.971,0.018
357000,0.010,0.977,0.013
357500,0.010,0.975,0.014
358000,0.011,0.974,0.014
358500,0.011,0.971,0.017
359000,0.010,0.975,0.014
359500,0.013,0.972,0.014
360000,0.012,0.970,0.017
360500,0.011,0.966,0.022
361000,0.012,0.957,0.031
361500,0.012,0.975,0.012
362000,0.011,0.972,0.016
362500,0.010,0.975,0.014
363000,0.011,0.978,0.011
363500,0.010,0.964,0.026
364000,0.010,0.974,0.015
364500,0.010,0.980,0.010
365000,0.011,0.982,0.007
365500,0.010,0.980,0.010
366000,0.010,0.969,0.020
366500,0.011,0.967,0.021
367000,0.012,0.975,0.012
367500,0.011,0.979,0.010
368000,0.011,0.982,0.007
368500,0.011,0.981,0.008
369000,0.011,0.978,0.011
369500,0.011,0.982,0.007
370000,0.011,0.985,0.004
370500,0.011,0.985,0.004
371000,0.011,0.980,0.009
371500,0.011,0.975,0.013
372000,0.011,0.984,0.005
372500,0.010,0.983,0.007
373000,0.010,0.980,0.010
373500,0.010,0.986,0.004
374000,0.010,0.980,0.010
374500,0.012,0.977,0.011
375000,0.011,0.974,0.014
375500,0.011,0.973,0.015
376000,0.011,0.975,0.013
376500,0.012,0.960,0.028
377000,0.011,0.962,0.027
377500,0.018,0.965,0.016
378000,0.020,0.950,0.030
378500,0.018,0.952,0.030
379000,0.011,0.960,0.029
379500,0.010,0.961,0.029
380000,0.011,0.963,0.026
380500,0.013,0.956,0.031
381000,0.015,0.953,0.032
381500,0.013,0.960,0.027
382000,0.013,0.969,0.017
382500,0.013,0.968,0.018
383000,0.012,0.971,0.016
383500,0.012,0.975,0.012
384000,0.010,0.974,0.015
384500,0.010,0.977,0.013
385000,0.010,0.972,0.017
385500,0.010,0.977,0.013
386000,0.010,0.980,0.010
386500,0.010,0.979,0.011
387000,0.010,0.982,0.008
387500,0.010,0.977,0.013
388000,0.010,0.972,0.017
388500,0.010,0.980,0.010
389000,0.010,0.978,0.012
389500,0.010,0.975,0.014
390000,0.010,0.980,0.010
390500,0.010,0.979,0.011
391000,0.010,0.980,0.010
391500,0.012,0.975,0.012
392000,0.011,0.979,0.010
392500,0.012,0.978,0.010
393000,0.011,0.970,0.018
393500,0.010,0.970,0.019
394000,0.012,0.973,0.014
394500,0.010,0.972,0.017
395000,0.010,0.972,0.017
395500,0.010,0.973,0.016
396000,0.010,0.968,0.021
396500,0.012,0.974,0.013
397000,0.010,0.982,0.008
397500,0.010,0.981,0.009
398000,0.010,0.982,0.008
398500,0.010,0.982,0.008
399000,0.010,0.980,0.010
399500,0.010,0.979,0.011
400000,0.010,0.978,0.012
400500,0.017,0.957,0.026
401000,0.020,0.954,0.026
401500,0.015,0.959,0.026
402000,0.013,0.959,0.028
402500,0.012,0.961,0.027
403000,0.013,0.972,0.014
403500,0.012,0.972,0.015
404000,0.012,0.973,0.014
404500,0.012,0.963,0.025
405000,0.011,0.970,0.018
405500,0.012,0.964,0.023
406000,0.013,0.967,0.019
406500,0.012,0.969,0.018
407000,0.012,0.971,0.016
407500,0.012,0.967,0.020
408000,0.011,0.970,0.018
408500,0.012,0.973,0.014
409000,0.012,0.975,0.012
409500,0.011,0.977,0.012
410000,0.011,0.974,0.014
410500,0.011,0.978,0.011
411000,0.011,0.979,0.010
411500,0.012,0.977,0.011
412000,0.011,0.977,0.012
412500,0.011,0.979,0.010
413000,0.012,0.979,0.009
413500,0.013,0.978,0.009
414000,0.014,0.979,0.007
414500,0.013,0.979,0.008
415000,0.013,0.972,0.014
415500,0.012,0.975,0.012
416000,0.012,0.971,0.016
416500,0.012,0.977,0.011
417000,0.012,0.979,0.009
417500,0.012,0.971,0.016
418000,0.015,0.968,0.016
418500,0.012,0.966,0.021
419000,0.012,0.979,0.009
419500,0.012,0.980,0.008
420000,0.015,0.966,0.018
420500,0.018,0.959,0.022
421000,0.014,0.970,0.015
421500,0.014,0.971,0.014
422000,0.013,0.972,0.014
422500,0.010,0.979,0.011
423000,0.010,0.978,0.012
423500,0.011,0.980,0.009
424000,0.011,0.977,0.012
424500,0.010,0.978,0.012
425000,0.010,0.984,0.006
425500,0.010,0.984,0.006
426000,0.010,0.984,0.006
426500,0.010,0.970,0.019
427000,0.010,0.966,0.023
427500,0.011,0.964,0.025
428000,0.011,0.971,0.017
428500,0.011,0.977,0.012
429000,0.010,0.981,0.009
429500,0.010,0.982,0.008
430000,0.012,0.977,0.011
430500,0.011,0.975,0.013
431000,0.010,0.978,0.012
431500,0.012,0.964,0.023
432000,0.010,0.972,0.017
432500,0.011,0.971,0.017
433000,0.011,0.974,0.014
433500,0.010,0.970,0.019
434000,0.011,0.977,0.012
434500,0.011,0.977,0.012
435000,0.015,0.948,0.037
435500,0.013,0.938,0.049
436000,0.015,0.951,0.034
436500,0.013,0.960,0.027
437000,0.011,0.946,0.043
437500,0.012,0.962,0.026
438000,0.010,0.965,0.025
438500,0.011,0.953,0.036
439000,0.010,0.964,0.026
439500,0.010,0.975,0.014
440000,0.011,0.975,0.013
440500,0.011,0.979,0.010
441000,0.011,0.981,0.008
441500,0.011,0.981,0.008
442000,0.011,0.982,0.007
442500,0.011,0.983,0.006
443000,0.011,0.983,0.006
443500,0.011,0.983,0.006
444000,0.011,0.978,0.011
444500,0.011,0.979,0.010
445000,0.011,0.975,0.013
445500,0.011,0.981,0.008
446000,0.011,0.979,0.010
446500,0.011,0.977,0.012
447000,0.011,0.980,0.009
447500,0.011,0.983,0.006
448000,0.011,0.983,0.006
448500,0.011,0.985,0.004
449000,0.011,0.984,0.005
449500,0.011,0.977,0.012
450000,0.011,0.983,0.006
450500,0.011,0.975,0.013
451000,0.011,0.972,0.016
451500,0.014,0.960,0.026
452000,0.013,0.971,0.015
452500,0.012,0.974,0.013
453000,0.012,0.974,0.013
453500,0.011,0.971,0.017
454000,0.011,0.973,0.015
454500,0.011,0.975,0.013
455000,0.011,0.969,0.019
455500,0.011,0.970,0.018
456000,0.018,0.943,0.039
456500,0.021,0.951,0.028
457000,0.011,0.961,0.028
457500,0.013,0.963,0.023
458000,0.013,0.968,0.018
458500,0.015,0.963,0.021
459000,0.012,0.971,0.016
459500,0.012,0.974,0.013
460000,0.012,0.968,0.019
460500,0.016,0.947,0.037
461000,0.017,0.960,0.022
461500,0.012,0.964,0.023
462000,0.013,0.967,0.019
462500,0.013,0.967,0.019
463000,0.013,0.968,0.018
463500,0.013,0.970,0.016
464000,0.011,0.974,0.014
464500,0.011,0.983,0.006
465000,0.011,0.983,0.006
465500,0.011,0.982,0.007
466000,0.011,0.982,0.007
466500,0.011,0.983,0.006
467000,0.011,0.984,0.005
467500,0.011,0.981,0.008
468000,0.012,0.984,0.004
468500,0.011,0.980,0.009
469000,0.011,0.982,0.007
469500,0.013,0.980,0.007
470000,0.012,0.983,0.005
470500,0.012,0.979,0.009
471000,0.011,0.981,0.008
471500,0.012,0.963,0.025
472000,0.013,0.936,0.051
472500,0.020,0.938,0.042
473000,0.018,0.949,0.033
473500,0.012,0.967,0.020
474000,0.012,0.961,0.027
474500,0.012,0.966,0.021
475000,0.011,0.974,0.014
475500,0.011,0.958,0.031
476000,0.011,0.978,0.011
476500,0.011,0.978,0.011
477000,0.011,0.982,0.007
477500,0.012,0.975,0.012
478000,0.013,0.973,0.013
478500,0.013,0.971,0.015
479000,0.011,0.980,0.009
479500,0.011,0.978,0.011
480000,0.011,0.974,0.014
480500,0.011,0.980,0.009
481000,0.010,0.979,0.011
481500,0.010,0.984,0.006
482000,0.010,0.985,0.005
482500,0.010,0.983,0.007
483000,0.012,0.964,0.023
483500,0.010,0.973,0.016
484000,0.010,0.973,0.016
484500,0.010,0.972,0.017
485000,0.010,0.968,0.021
485500,0.010,0.968,0.021
486000,0.014,0.946,0.040
486500,0.012,0.960,0.028
487000,0.013,0.970,0.016
487500,0.012,0.966,0.021
488000,0.016,0.960,0.023
488500,0.013,0.960,0.027
489000,0.011,0.966,0.022
489500,0.010,0.972,0.017
490000,0.010,0.971,0.018
490500,0.010,0.975,0.014
491000,0.010,0.980,0.010
491500,0.010,0.980,0.010
492000,0.012,0.977,0.011
492500,0.011,0.982,0.007
493000,0.010,0.983,0.007
493500,0.010,0.981,0.009
494000,0.010,0.974,0.015
494500,0.011,0.980,0.009
495000,0.012,0.975,0.012
495500,0.010,0.979,0.011
496000,0.011,0.975,0.013
496500,0.011,0.973,0.015
497000,0.010,0.979,0.011
497500,0.010,0.981,0.009
498000,0.010,0.983,0.007
498500,0.010,0.983,0.007
499000,0.010,0.981,0.009
499500,0.010,0.975,0.014
500000,0.010,0.977,0.013
500500,0.012,0.958,0.030
501000,0.012,0.970,0.017
501500,0.012,0.974,0.013
502000,0.011,0.974,0.014
502500,0.011,0.970,0.018
503000,0.011,0.971,0.017
503500,0.012,0.975,0.012
504000,0.010,0.979,0.011
504500,0.012,0.973,0.014
505000,0.010,0.970,0.019
505500,0.012,0.962,0.026
506000,0.015,0.960,0.025
506500,0.014,0.966,0.019
507000,0.012,0.966,0.021
507500,0.014,0.961,0.025
508000,0.013,0.962,0.025
508500,0.013,0.966,0.020
509000,0.011,0.971,0.017
509500,0.011,0.974,0.014
510000,0.015,0.969,0.015
510500,0.010,0.967,0.022
511000,0.010,0.968,0.021
511500,0.011,0.959,0.030
512000,0.010,0.969,0.020
512500,0.010,0.971,0.018
513000,0.010,0.977,0.013
513500,0.010,0.980,0.010
514000,0.010,0.980,0.010
514500,0.010,0.975,0.014
515000,0.011,0.972,0.016
515500,0.011,0.975,0.013
516000,0.011,0.975,0.013
516500,0.011,0.982,0.007
517000,0.011,0.981,0.008
517500,0.011,0.982,0.007
518000,0.011,0.981,0.008
518500,0.013,0.951,0.036
519000,0.015,0.948,0.037
519500,0.015,0.958,0.027
520000,0.011,0.950,0.039
520500,0.015,0.960,0.025
521000,0.014,0.965,0.020
521500,0.015,0.965,0.019
522000,0.015,0.972,0.012
522500,0.015,0.950,0.035
523000,0.016,0.959,0.025
523500,0.016,0.943,0.041
524000,0.019,0.958,0.022
524500,0.020,0.960,0.019
525000,0.013,0.961,0.026
525500,0.014,0.965,0.020
526000,0.015,0.970,0.014
526500,0.011,0.966,0.022
527000,0.011,0.975,0.013
527500,0.011,0.980,0.009
528000,0.011,0.971,0.017
528500,0.012,0.977,0.011
529000,0.012,0.977,0.011
529500,0.010,0.977,0.013
530000,0.010,0.977,0.013
530500,0.010,0.979,0.011
531000,0.010,0.977,0.013
531500,0.010,0.983,0.007
532000,0.010,0.983,0.007
532500,0.010,0.982,0.008
533000,0.010,0.981,0.009
533500,0.010,0.982,0.008
534000,0.012,0.978,0.010
534500,0.011,0.981,0.008
535000,0.012,0.959,0.029
535500,0.010,0.968,0.021
536000,0.010,0.969,0.020
536500,0.010,0.972,0.017
537000,0.010,0.977,0.013
537500,0.011,0.974,0.014
538000,0.011,0.975,0.013
538500,0.010,0.975,0.014
539000,0.010,0.979,0.011
539500,0.010,0.979,0.011
540000,0.010,0.974,0.015
540500,0.013,0.966,0.020
541000,0.010,0.964,0.026
541500,0.010,0.968,0.021
542000,0.012,0.956,0.032
542500,0.016,0.964,0.019
543000,0.016,0.961,0.022
543500,0.011,0.970,0.018
544000,0.010,0.982,0.008
544500,0.010,0.980,0.010
545000,0.010,0.980,0.010
545500,0.010,0.978,0.012
546000,0.010,0.970,0.019
546500,0.010,0.977,0.013
547000,0.011,0.968,0.020
547500,0.012,0.969,0.018
548000,0.012,0.971,0.016
548500,0.012,0.973,0.014
549000,0.011,0.978,0.011
549500,0.011,0.980,0.009
550000,0.011,0.981,0.008
550500,0.011,0.971,0.017
551000,0.010,0.967,0.022
551500,0.010,0.975,0.014
552000,0.010,0.975,0.014
552500,0.010,0.975,0.014
553000,0.010,0.974,0.015
553500,0.011,0.972,0.016
554000,0.012,0.972,0.015
554500,0.011,0.963,0.026
555000,0.010,0.971,0.018
555500,0.012,0.961,0.027
556000,0.014,0.957,0.029
556500,0.013,0.961,0.026
557000,0.010,0.969,0.020
557500,0.010,0.967,0.022
558000,0.010,0.962,0.028
558500,0.010,0.968,0.021
559000,0.011,0.967,0.021
559500,0.010,0.956,0.034
560000,0.010,0.960,0.030
560500,0.011,0.967,0.021
561000,0.011,0.972,0.016
561500,0.010,0.979,0.011
562000,0.010,0.979,0.011
562500,0.014,0.955,0.031
563000,0.011,0.944,0.045
563500,0.013,0.951,0.036
564000,0.015,0.958,0.027
564500,0.014,0.944,0.042
565000,0.019,0.934,0.047
565500,0.015,0.947,0.038
566000,0.015,0.943,0.042
566500,0.014,0.949,0.037
567000,0.013,0.953,0.034
567500,0.013,0.965,0.021
568000,0.011,0.941,0.048
568500,0.015,0.949,0.036
569000,0.019,0.916,0.064
569500,0.021,0.932,0.047
570000,0.014,0.955,0.031
570500,0.012,0.969,0.018
571000,0.012,0.974,0.013
571500,0.011,0.977,0.012
572000,0.014,0.962,0.023
572500,0.011,0.969,0.019
573000,0.011,0.970,0.018
573500,0.011,0.968,0.020
574000,0.012,0.970,0.017
574500,0.012,0.972,0.015
575000,0.012,0.975,0.012
575500,0.010,0.977,0.013
576000,0.010,0.979,0.011
576500,0.010,0.980,0.010
577000,0.010,0.979,0.011
577500,0.010,0.974,0.015
578000,0.010,0.978,0.012
578500,0.011,0.963,0.026
579000,0.013,0.966,0.020
579500,0.014,0.969,0.016
580000,0.010,0.961,0.029
580500,0.012,0.934,0.054
581000,0.011,0.947,0.042
581500,0.013,0.956,0.031
582000,0.018,0.953,0.029
582500,0.012,0.961,0.027
583000,0.011,0.960,0.029
583500,0.012,0.964,0.023
584000,0.010,0.974,0.015
584500,0.010,0.978,0.012
585000,0.011,0.966,0.022
585500,0.014,0.971,0.014
586000,0.010,0.945,0.045
586500,0.012,0.950,0.038
587000,0.012,0.946,0.042
587500,0.020,0.920,0.059
588000,0.019,0.942,0.039
588500,0.020,0.952,0.028
589000,0.017,0.953,0.030
589500,0.018,0.945,0.037
590000,0.021,0.951,0.028
590500,0.014,0.951,0.035
591000,0.013,0.958,0.029
591500,0.012,0.950,0.038
592000,0.012,0.959,0.029
592500,0.010,0.959,0.031
593000,0.010,0.968,0.021
593500,0.010,0.953,0.037
594000,0.012,0.962,0.026
594500,0.011,0.965,0.023
595000,0.011,0.964,0.025
595500,0.013,0.964,0.022
596000,0.010,0.972,0.017
596500,0.010,0.970,0.019
597000,0.010,0.972,0.017
597500,0.010,0.971,0.018
598000,0.011,0.969,0.019
598500,0.012,0.972,0.015
599000,0.010,0.978,0.012
599500,0.010,0.979,0.011
600000,0.012,0.960,0.028
600500,0.013,0.961,0.026
601000,0.012,0.955,0.033
601500,0.011,0.956,0.033
602000,0.012,0.969,0.018
602500,0.010,0.969,0.020
603000,0.010,0.969,0.020
603500,0.010,0.971,0.018
604000,0.012,0.965,0.022
604500,0.012,0.972,0.015
605000,0.011,0.958,0.031
605500,0.012,0.969,0.018
606000,0.011,0.975,0.013
606500,0.010,0.971,0.018
607000,0.010,0.970,0.019
607500,0.010,0.978,0.012
608000,0.010,0.974,0.015
608500,0.010,0.975,0.014
609000,0.010,0.972,0.017
609500,0.010,0.978,0.012
610000,0.010,0.978,0.012
610500,0.010,0.975,0.014
611000,0.010,0.980,0.010
611500,0.010,0.978,0.012
612000,0.010,0.977,0.013
612500,0.010,0.978,0.012
613000,0.010,0.977,0.013
613500,0.010,0.978,0.012
614000,0.010,0.982,0.008
614500,0.011,0.981,0.008
615000,0.011,0.983,0.006
615500,0.010,0.983,0.007
616000,0.010,0.983,0.007
616500,0.011,0.980,0.009
617000,0.012,0.974,0.013
617500,0.011,0.972,0.016
618000,0.010,0.975,0.014
618500,0.010,0.978,0.012
619000,0.010,0.981,0.009
619500,0.010,0.978,0.012
620000,0.010,0.969,0.020
620500,0.011,0.969,0.019
621000,0.010,0.974,0.015
621500,0.011,0.972,0.016
622000,0.010,0.977,0.013
622500,0.010,0.977,0.013
623000,0.010,0.980,0.010
623500,0.010,0.977,0.013
624000,0.010,0.973,0.016
624500,0.013,0.961,0.026
625000,0.015,0.955,0.030
625500,0.011,0.964,0.025
626000,0.011,0.970,0.018
626500,0.010,0.970,0.019
627000,0.010,0.970,0.019
627500,0.010,0.971,0.018
628000,0.013,0.973,0.013
628500,0.014,0.969,0.016
629000,0.013,0.965,0.021
629500,0.014,0.969,0.016
630000,0.012,0.962,0.026
630500,0.011,0.961,0.028
631000,0.011,0.959,0.030
631500,0.011,0.965,0.023
632000,0.011,0.975,0.013
632500,0.010,0.974,0.015
633000,0.010,0.977,0.013
633500,0.010,0.973,0.016
634000,0.010,0.972,0.017
634500,0.010,0.974,0.015
635000,0.010,0.974,0.015
635500,0.014,0.959,0.027
636000,0.019,0.954,0.027
636500,0.019,0.948,0.033
637000,0.013,0.954,0.033
637500,0.011,0.971,0.017
638000,0.011,0.974,0.014
638500,0.011,0.971,0.017
639000,0.010,0.967,0.022
639500,0.011,0.964,0.025
640000,0.010,0.963,0.027
640500,0.011,0.963,0.026
641000,0.011,0.966,0.022
641500,0.014,0.962,0.023
642000,0.012,0.966,0.021
642500,0.010,0.967,0.022
643000,0.010,0.972,0.017
643500,0.012,0.963,0.025
644000,0.010,0.971,0.018
644500,0.012,0.965,0.022
645000,0.014,0.962,0.023
645500,0.015,0.961,0.023
646000,0.011,0.967,0.021
646500,0.011,0.973,0.015
647000,0.010,0.977,0.013
647500,0.010,0.979,0.011
648000,0.013,0.966,0.020
648500,0.010,0.972,0.017
649000,0.010,0.977,0.013
649500,0.010,0.978,0.012
650000,0.010,0.978,0.012
650500,0.010,0.979,0.011
651000,0.010,0.974,0.015
651500,0.010,0.974,0.015
652000,0.010,0.978,0.012
652500,0.010,0.979,0.011
653000,0.010,0.981,0.009
653500,0.012,0.975,0.012
654000,0.011,0.978,0.011
654500,0.011,0.978,0.011
655000,0.011,0.978,0.011
655500,0.014,0.972,0.013
656000,0.015,0.962,0.022
656500,0.011,0.964,0.025
657000,0.012,0.971,0.016
657500,0.013,0.973,0.013
658000,0.012,0.973,0.014
658500,0.011,0.977,0.012
659000,0.011,0.978,0.011
659500,0.011,0.975,0.013
660000,0.011,0.972,0.016
660500,0.011,0.975,0.013
661000,0.010,0.977,0.013
661500,0.010,0.963,0.027
662000,0.009,0.965,0.026
662500,0.009,0.966,0.025
663000,0.012,0.961,0.027
663500,0.009,0.966,0.025
664000,0.009,0.973,0.017
664500,0.010,0.951,0.039
665000,0.011,0.946,0.043
665500,0.016,0.946,0.038
666000,0.010,0.972,0.017
666500,0.011,0.971,0.017
667000,0.010,0.958,0.032
667500,0.011,0.954,0.035
668000,0.016,0.956,0.028
668500,0.012,0.953,0.035
669000,0.012,0.965,0.022
669500,0.012,0.968,0.019
670000,0.011,0.965,0.023
670500,0.010,0.970,0.019
671000,0.012,0.969,0.018
671500,0.013,0.965,0.021
672000,0.011,0.971,0.017
672500,0.011,0.972,0.016
673000,0.010,0.971,0.018
673500,0.010,0.970,0.019
674000,0.010,0.973,0.016
674500,0.011,0.973,0.015
675000,0.011,0.972,0.016
675500,0.011,0.973,0.015
676000,0.012,0.974,0.013
676500,0.011,0.977,0.012
677000,0.012,0.956,0.032
677500,0.015,0.957,0.028
678000,0.016,0.957,0.027
678500,0.015,0.961,0.023
679000,0.016,0.962,0.021
679500,0.017,0.957,0.026
680000,0.010,0.968,0.021
680500,0.010,0.973,0.016
681000,0.011,0.974,0.014
681500,0.010,0.978,0.012
682000,0.010,0.974,0.015
682500,0.010,0.977,0.013
683000,0.011,0.962,0.027
683500,0.009,0.965,0.026
684000,0.009,0.972,0.018
684500,0.009,0.975,0.015
685000,0.009,0.971,0.019
685500,0.009,0.973,0.017
686000,0.009,0.978,0.013
686500,0.009,0.978,0.013
687000,0.010,0.965,0.025
687500,0.009,0.974,0.016
688000,0.011,0.965,0.023
688500,0.010,0.970,0.019
689000,0.010,0.971,0.018
689500,0.010,0.975,0.014
690000,0.010,0.974,0.015
690500,0.013,0.950,0.037
691000,0.010,0.974,0.015
691500,0.010,0.974,0.015
692000,0.010,0.972,0.017
692500,0.011,0.972,0.016
693000,0.010,0.978,0.012
693500,0.010,0.975,0.014
694000,0.010,0.974,0.015
694500,0.010,0.977,0.013
695000,0.010,0.978,0.012
695500,0.009,0.974,0.016
696000,0.009,0.977,0.014
696500,0.011,0.953,0.036
697000,0.011,0.964,0.025
697500,0.011,0.966,0.022
698000,0.010,0.955,0.035
698500,0.010,0.969,0.020
699000,0.010,0.966,0.023
699500,0.009,0.975,0.015
700000,0.009,0.978,0.013
700500,0.009,0.978,0.013
701000,0.009,0.979,0.012
701500,0.009,0.978,0.013
702000,0.009,0.971,0.019
702500,0.009,0.972,0.018
703000,0.009,0.977,0.014
703500,0.009,0.978,0.013
704000,0.009,0.981,0.010
704500,0.015,0.955,0.030
705000,0.022,0.953,0.025
705500,0.021,0.956,0.022
706000,0.009,0.962,0.029
706500,0.013,0.965,0.021
707000,0.014,0.957,0.029
707500,0.012,0.961,0.027
708000,0.012,0.963,0.025
708500,0.011,0.966,0.022
709000,0.012,0.968,0.019
709500,0.011,0.971,0.017
710000,0.011,0.971,0.017
710500,0.011,0.977,0.012
711000,0.011,0.972,0.016
711500,0.010,0.974,0.015
712000,0.009,0.975,0.015
712500,0.009,0.978,0.013
713000,0.009,0.979,0.012
713500,0.009,0.970,0.020
714000,0.009,0.972,0.018
714500,0.009,0.973,0.017
715000,0.009,0.973,0.017
715500,0.009,0.977,0.014
716000,0.010,0.978,0.012
716500,0.013,0.978,0.009
717000,0.014,0.966,0.019
717500,0.013,0.969,0.017
718000,0.012,0.965,0.022
718500,0.013,0.966,0.020
719000,0.012,0.975,0.012
719500,0.009,0.972,0.018
720000,0.014,0.956,0.030
720500,0.009,0.941,0.050
721000,0.010,0.950,0.040
721500,0.010,0.955,0.035
722000,0.012,0.959,0.029
722500,0.014,0.954,0.032
723000,0.014,0.960,0.026
723500,0.015,0.959,0.026
724000,0.011,0.963,0.026
724500,0.015,0.953,0.032
725000,0.014,0.964,0.021
725500,0.012,0.958,0.030
726000,0.010,0.970,0.019
726500,0.010,0.971,0.018
727000,0.011,0.972,0.016
727500,0.011,0.972,0.016
728000,0.011,0.975,0.013
728500,0.011,0.965,0.023
729000,0.010,0.967,0.022
729500,0.010,0.973,0.016
730000,0.011,0.966,0.022
730500,0.010,0.974,0.015
731000,0.010,0.974,0.015
731500,0.009,0.979,0.012
732000,0.012,0.967,0.020
732500,0.020,0.957,0.022
733000,0.016,0.963,0.020
733500,0.015,0.965,0.019
734000,0.013,0.968,0.018
734500,0.012,0.960,0.028
735000,0.014,0.964,0.021
735500,0.012,0.964,0.023
736000,0.013,0.962,0.025
736500,0.014,0.967,0.018
737000,0.013,0.963,0.023
737500,0.012,0.966,0.021
738000,0.013,0.962,0.025
738500,0.014,0.970,0.015
739000,0.011,0.967,0.021
739500,0.010,0.971,0.018
740000,0.013,0.970,0.016
740500,0.012,0.974,0.013
741000,0.012,0.977,0.011
741500,0.012,0.964,0.023
742000,0.011,0.969,0.019
742500,0.010,0.970,0.019
743000,0.011,0.975,0.013
743500,0.009,0.972,0.018
744000,0.009,0.975,0.015
744500,0.009,0.973,0.017
745000,0.009,0.977,0.014
745500,0.009,0.971,0.019
746000,0.011,0.971,0.017
746500,0.009,0.969,0.021
747000,0.009,0.962,0.029
747500,0.010,0.972,0.017
748000,0.009,0.977,0.014
748500,0.009,0.977,0.014
749000,0.009,0.958,0.033
749500,0.009,0.964,0.027
750000,0.009,0.972,0.018
750500,0.009,0.970,0.020
751000,0.009,0.970,0.020
751500,0.010,0.966,0.023
752000,0.010,0.961,0.029
752500,0.014,0.960,0.026
753000,0.014,0.958,0.028
753500,0.010,0.963,0.027
754000,0.011,0.967,0.021
754500,0.010,0.971,0.018
755000,0.011,0.970,0.018
755500,0.010,0.945,0.045
756000,0.014,0.957,0.029
756500,0.014,0.958,0.028
757000,0.015,0.949,0.036
757500,0.014,0.955,0.031
758000,0.013,0.957,0.030
758500,0.016,0.951,0.033
759000,0.015,0.956,0.029
759500,0.016,0.961,0.022
760000,0.016,0.963,0.020
760500,0.014,0.965,0.020
761000,0.013,0.964,0.022
761500,0.012,0.969,0.018
762000,0.013,0.950,0.037
762500,0.012,0.943,0.045
763000,0.014,0.960,0.026
763500,0.018,0.951,0.031
764000,0.017,0.952,0.031
764500,0.013,0.953,0.034
765000,0.017,0.956,0.027
765500,0.016,0.962,0.021
766000,0.018,0.946,0.036
766500,0.019,0.936,0.045
767000,0.017,0.946,0.037
767500,0.021,0.954,0.025
768000,0.016,0.951,0.033
768500,0.014,0.954,0.032
769000,0.019,0.954,0.027
769500,0.014,0.960,0.026
770000,0.014,0.955,0.031
770500,0.014,0.958,0.028
771000,0.012,0.966,0.021
771500,0.012,0.970,0.017
772000,0.012,0.974,0.013
772500,0.012,0.971,0.016
773000,0.012,0.973,0.014
773500,0.012,0.974,0.013
774000,0.012,0.974,0.013
774500,0.011,0.971,0.017
775000,0.010,0.965,0.025
775500,0.009,0.969,0.021
776000,0.009,0.974,0.016
776500,0.009,0.977,0.014
777000,0.009,0.977,0.014
777500,0.010,0.979,0.011
778000,0.009,0.972,0.018
778500,0.009,0.978,0.013
779000,0.009,0.974,0.016
779500,0.009,0.979,0.012
780000,0.009,0.980,0.011
780500,0.009,0.975,0.015
781000,0.009,0.973,0.017
781500,0.009,0.980,0.011
782000,0.009,0.974,0.016
782500,0.010,0.977,0.013
783000,0.011,0.968,0.020
783500,0.010,0.972,0.017
784000,0.010,0.969,0.020
784500,0.010,0.977,0.013
785000,0.009,0.970,0.020
785500,0.013,0.963,0.023
786000,0.017,0.951,0.032
786500,0.013,0.962,0.025
787000,0.009,0.946,0.045
787500,0.009,0.951,0.040
788000,0.018,0.930,0.052
788500,0.021,0.934,0.045
789000,0.019,0.941,0.040
789500,0.015,0.952,0.033
790000,0.014,0.945,0.041
790500,0.016,0.940,0.044
791000,0.013,0.948,0.039
791500,0.016,0.952,0.032
792000,0.019,0.954,0.027
792500,0.016,0.959,0.025
793000,0.020,0.934,0.046
793500,0.017,0.952,0.031
794000,0.021,0.943,0.036
794500,0.017,0.947,0.036
795000,0.013,0.936,0.051
795500,0.019,0.944,0.037
796000,0.017,0.953,0.030
796500,0.014,0.959,0.027
797000,0.011,0.962,0.027
797500,0.011,0.961,0.028
798000,0.012,0.964,0.023
798500,0.012,0.966,0.021
799000,0.010,0.965,0.025
799500,0.009,0.966,0.025
800000,0.009,0.959,0.032
800500,0.012,0.963,0.025
801000,0.012,0.967,0.020
801500,0.011,0.971,0.017
802000,0.009,0.974,0.016
802500,0.009,0.977,0.014
803000,0.009,0.973,0.017
803500,0.009,0.970,0.020
804000,0.010,0.960,0.030
804500,0.010,0.967,0.022
805000,0.012,0.967,0.020
805500,0.010,0.966,0.023
806000,0.011,0.964,0.025
806500,0.009,0.963,0.028
807000,0.009,0.970,0.020
807500,0.009,0.974,0.016
808000,0.009,0.971,0.019
808500,0.009,0.965,0.026
809000,0.011,0.964,0.025
809500,0.010,0.961,0.029
810000,0.011,0.964,0.025
810500,0.010,0.966,0.023
811000,0.011,0.964,0.025
811500,0.009,0.964,0.027
812000,0.009,0.965,0.026
812500,0.011,0.963,0.026
813000,0.010,0.965,0.025
813500,0.009,0.964,0.027
814000,0.009,0.963,0.028
814500,0.009,0.968,0.022
815000,0.010,0.970,0.019
815500,0.010,0.970,0.019
816000,0.011,0.958,0.031
816500,0.015,0.948,0.037
817000,0.010,0.959,0.031
817500,0.010,0.959,0.031
818000,0.013,0.957,0.030
818500,0.013,0.951,0.036
819000,0.015,0.955,0.030
819500,0.013,0.955,0.032
820000,0.013,0.960,0.027
820500,0.012,0.970,0.017
821000,0.009,0.966,0.025
821500,0.010,0.970,0.019
822000,0.009,0.966,0.025
822500,0.009,0.962,0.029
823000,0.012,0.958,0.030
823500,0.010,0.951,0.039
824000,0.010,0.961,0.029
824500,0.010,0.959,0.031
825000,0.009,0.956,0.035
825500,0.009,0.968,0.022
826000,0.010,0.966,0.023
826500,0.009,0.972,0.018
827000,0.013,0.967,0.019
827500,0.012,0.957,0.031
828000,0.010,0.968,0.021
828500,0.010,0.974,0.015
829000,0.009,0.970,0.020
829500,0.009,0.971,0.019
830000,0.012,0.966,0.021
830500,0.013,0.948,0.039
831000,0.013,0.955,0.032
831500,0.011,0.963,0.026
832000,0.011,0.940,0.049
832500,0.012,0.962,0.026
833000,0.012,0.962,0.026
833500,0.012,0.964,0.023
834000,0.012,0.969,0.018
834500,0.011,0.971,0.017
835000,0.010,0.970,0.019
835500,0.010,0.977,0.013
836000,0.011,0.968,0.020
836500,0.011,0.965,0.023
837000,0.011,0.957,0.032
837500,0.010,0.970,0.019
838000,0.010,0.971,0.018
838500,0.010,0.971,0.018
839000,0.010,0.970,0.019
839500,0.010,0.973,0.016
840000,0.010,0.973,0.016
840500,0.010,0.974,0.015
841000,0.010,0.974,0.015
841500,0.010,0.972,0.017
842000,0.010,0.972,0.017
842500,0.016,0.944,0.040
843000,0.016,0.941,0.043
843500,0.011,0.962,0.027
844000,0.012,0.956,0.032
844500,0.012,0.954,0.034
845000,0.012,0.944,0.044
845500,0.011,0.954,0.035
846000,0.016,0.951,0.033
846500,0.013,0.959,0.028
847000,0.011,0.963,0.026
847500,0.011,0.967,0.021
848000,0.013,0.967,0.019
848500,0.010,0.964,0.026
849000,0.015,0.954,0.031
849500,0.016,0.961,0.022
850000,0.010,0.964,0.026
850500,0.011,0.964,0.025
851000,0.010,0.966,0.023
851500,0.010,0.969,0.020
852000,0.010,0.968,0.021
852500,0.010,0.972,0.017
853000,0.010,0.972,0.017
853500,0.010,0.975,0.014
854000,0.010,0.978,0.012
854500,0.011,0.963,0.026
855000,0.011,0.971,0.017
855500,0.011,0.972,0.016
856000,0.010,0.974,0.015
856500,0.010,0.977,0.013
857000,0.010,0.974,0.015
857500,0.010,0.974,0.015
858000,0.010,0.974,0.015
858500,0.012,0.948,0.040
859000,0.020,0.949,0.031
859500,0.029,0.940,0.032
860000,0.026,0.940,0.035
860500,0.032,0.933,0.036
861000,0.027,0.936,0.038
861500,0.018,0.938,0.044
862000,0.018,0.949,0.033
862500,0.014,0.947,0.039
863000,0.016,0.942,0.042
863500,0.019,0.943,0.038
864000,0.017,0.949,0.034
864500,0.014,0.947,0.039
865000,0.011,0.964,0.025
865500,0.014,0.953,0.033
866000,0.014,0.964,0.021
866500,0.013,0.965,0.021
867000,0.011,0.970,0.018
867500,0.011,0.966,0.022
868000,0.011,0.961,0.028
868500,0.011,0.963,0.026
869000,0.011,0.962,0.027
869500,0.011,0.966,0.022
870000,0.010,0.970,0.019
870500,0.011,0.967,0.021
871000,0.010,0.969,0.020
871500,0.010,0.968,0.021
872000,0.010,0.972,0.017
872500,0.010,0.969,0.020
873000,0.010,0.969,0.020
873500,0.010,0.968,0.021
874000,0.010,0.967,0.022
874500,0.010,0.972,0.017
875000,0.011,0.971,0.017
875500,0.010,0.969,0.020
876000,0.011,0.972,0.016
876500,0.011,0.974,0.014
877000,0.010,0.978,0.012
877500,0.010,0.975,0.014
878000,0.010,0.977,0.013
878500,0.011,0.977,0.012
879000,0.010,0.977,0.013
879500,0.014,0.963,0.022
880000,0.017,0.943,0.040
880500,0.013,0.947,0.040
881000,0.010,0.956,0.034
881500,0.010,0.966,0.023
882000,0.012,0.952,0.036
882500,0.014,0.957,0.029
883000,0.017,0.950,0.033
883500,0.014,0.957,0.029
884000,0.012,0.962,0.026
884500,0.011,0.958,0.031
885000,0.013,0.963,0.023
885500,0.013,0.964,0.022
886000,0.015,0.959,0.026
886500,0.012,0.963,0.025
887000,0.011,0.967,0.021
887500,0.011,0.968,0.020
888000,0.010,0.967,0.022
888500,0.012,0.945,0.043
889000,0.012,0.959,0.029
889500,0.014,0.948,0.038
890000,0.013,0.961,0.026
890500,0.017,0.932,0.051
891000,0.014,0.940,0.046
891500,0.016,0.947,0.037
892000,0.015,0.960,0.025
892500,0.015,0.957,0.028
893000,0.016,0.957,0.027
893500,0.012,0.964,0.023
894000,0.012,0.971,0.016
894500,0.011,0.973,0.015
895000,0.012,0.962,0.026
895500,0.012,0.964,0.023
896000,0.012,0.970,0.017
896500,0.012,0.968,0.019
897000,0.012,0.969,0.018
897500,0.012,0.972,0.015
898000,0.012,0.972,0.015
898500,0.012,0.978,0.010
899000,0.012,0.962,0.026
899500,0.012,0.962,0.026
900000,0.012,0.970,0.017
900500,0.014,0.964,0.021
901000,0.021,0.956,0.022
901500,0.016,0.935,0.049
902000,0.021,0.949,0.030
902500,0.019,0.956,0.025
903000,0.018,0.957,0.025
903500,0.015,0.959,0.026
904000,0.013,0.963,0.023
904500,0.013,0.964,0.022
905000,0.012,0.963,0.025
905500,0.013,0.962,0.025
906000,0.013,0.972,0.014
906500,0.013,0.971,0.015
907000,0.013,0.974,0.012
907500,0.012,0.965,0.022
908000,0.011,0.970,0.018
908500,0.010,0.974,0.015
909000,0.011,0.960,0.029
909500,0.011,0.962,0.027
910000,0.010,0.967,0.022
910500,0.011,0.969,0.019
911000,0.011,0.966,0.022
911500,0.010,0.965,0.025
912000,0.010,0.971,0.018
912500,0.010,0.973,0.016
913000,0.010,0.971,0.018
913500,0.010,0.971,0.018
914000,0.010,0.970,0.019
914500,0.010,0.973,0.016
915000,0.010,0.974,0.015
915500,0.010,0.975,0.014
916000,0.010,0.977,0.013
916500,0.010,0.977,0.013
917000,0.011,0.977,0.012
917500,0.011,0.978,0.011
918000,0.010,0.974,0.015
918500,0.010,0.977,0.013
919000,0.010,0.974,0.015
919500,0.010,0.979,0.011
920000,0.010,0.972,0.017
920500,0.010,0.975,0.014
921000,0.012,0.974,0.013
921500,0.010,0.975,0.014
922000,0.011,0.974,0.014
922500,0.013,0.975,0.011
923000,0.014,0.974,0.011
923500,0.010,0.968,0.021
924000,0.010,0.969,0.020
924500,0.010,0.972,0.017
925000,0.010,0.974,0.015
925500,0.010,0.975,0.014
926000,0.010,0.975,0.014
926500,0.010,0.983,0.007
927000,0.011,0.979,0.010
927500,0.010,0.980,0.010
928000,0.010,0.982,0.008
928500,0.011,0.979,0.010
929000,0.011,0.978,0.011
929500,0.011,0.978,0.011
930000,0.012,0.974,0.013
930500,0.011,0.973,0.015
931000,0.010,0.973,0.016
931500,0.011,0.971,0.017
932000,0.011,0.977,0.012
932500,0.010,0.977,0.013
933000,0.010,0.982,0.008
933500,0.009,0.980,0.011
934000,0.012,0.963,0.025
934500,0.013,0.968,0.018
935000,0.012,0.965,0.022
935500,0.012,0.970,0.017
936000,0.010,0.974,0.015
936500,0.010,0.968,0.021
937000,0.010,0.974,0.015
937500,0.011,0.959,0.030
938000,0.009,0.961,0.030
938500,0.009,0.969,0.021
939000,0.012,0.956,0.032
939500,0.016,0.960,0.023
940000,0.016,0.958,0.026
940500,0.015,0.965,0.019
941000,0.016,0.961,0.022
941500,0.011,0.970,0.018
942000,0.010,0.974,0.015
942500,0.010,0.975,0.014
943000,0.009,0.977,0.014
943500,0.009,0.974,0.016
944000,0.009,0.974,0.016
944500,0.009,0.975,0.015
945000,0.009,0.977,0.014
945500,0.009,0.971,0.019
946000,0.009,0.975,0.015
946500,0.009,0.966,0.025
947000,0.009,0.966,0.025
947500,0.009,0.972,0.018
948000,0.009,0.979,0.012
948500,0.012,0.975,0.012
949000,0.013,0.973,0.013
949500,0.010,0.972,0.017
950000,0.009,0.972,0.018
950500,0.009,0.975,0.015
951000,0.009,0.977,0.014
951500,0.009,0.974,0.016
952000,0.009,0.972,0.018
952500,0.009,0.973,0.017
953000,0.009,0.980,0.011
953500,0.009,0.981,0.010
954000,0.009,0.978,0.013
954500,0.009,0.979,0.012
955000,0.013,0.965,0.021
955500,0.013,0.961,0.026
956000,0.011,0.957,0.032
956500,0.015,0.956,0.029
957000,0.012,0.961,0.027
957500,0.009,0.973,0.017
958000,0.009,0.977,0.014
958500,0.009,0.975,0.015
959000,0.009,0.973,0.017
959500,0.009,0.971,0.019
960000,0.010,0.969,0.020
960500,0.011,0.967,0.021
961000,0.009,0.973,0.017
961500,0.009,0.970,0.020
962000,0.009,0.975,0.015
962500,0.009,0.972,0.018
963000,0.011,0.964,0.025
963500,0.010,0.968,0.021
964000,0.009,0.956,0.035
964500,0.009,0.972,0.018
965000,0.009,0.968,0.022
965500,0.009,0.968,0.022
966000,0.009,0.971,0.019
966500,0.009,0.961,0.030
967000,0.011,0.961,0.028
967500,0.009,0.967,0.023
968000,0.009,0.970,0.020
968500,0.009,0.964,0.027
969000,0.009,0.964,0.027
969500,0.009,0.968,0.022
970000,0.009,0.973,0.017
970500,0.009,0.968,0.022
971000,0.009,0.959,0.032
971500,0.009,0.967,0.023
972000,0.009,0.970,0.020
972500,0.009,0.966,0.025
973000,0.009,0.956,0.035
973500,0.014,0.950,0.036
974000,0.018,0.947,0.035
974500,0.017,0.959,0.023
975000,0.014,0.949,0.037
975500,0.016,0.948,0.036
976000,0.015,0.950,0.035
976500,0.012,0.953,0.035
977000,0.013,0.950,0.037
977500,0.014,0.962,0.023
978000,0.015,0.966,0.018
978500,0.012,0.969,0.018
979000,0.012,0.970,0.017
979500,0.011,0.971,0.017
980000,0.013,0.971,0.015
980500,0.013,0.967,0.019
981000,0.012,0.972,0.015
981500,0.012,0.958,0.030
982000,0.011,0.962,0.027
982500,0.011,0.966,0.022
983000,0.014,0.965,0.020
983500,0.017,0.954,0.029
984000,0.012,0.964,0.023
984500,0.017,0.941,0.042
985000,0.011,0.952,0.037
985500,0.013,0.962,0.025
986000,0.012,0.963,0.025
986500,0.014,0.963,0.022
987000,0.014,0.963,0.022
987500,0.014,0.960,0.026
988000,0.015,0.966,0.018
988500,0.016,0.972,0.011
989000,0.018,0.961,0.020
989500,0.017,0.957,0.026
990000,0.020,0.953,0.027
990500,0.019,0.955,0.026
991000,0.019,0.950,0.031
991500,0.019,0.959,0.021
992000,0.017,0.959,0.023
992500,0.017,0.961,0.021
993000,0.017,0.965,0.017
993500,0.014,0.970,0.015
994000,0.014,0.973,0.012
994500,0.011,0.969,0.019
995000,0.010,0.970,0.019
995500,0.010,0.973,0.016
996000,0.010,0.971,0.018
996500,0.010,0.972,0.017
997000,0.010,0.975,0.014
997500,0.010,0.975,0.014
998000,0.010,0.974,0.015
998500,0.010,0.972,0.017
999000,0.012,0.972,0.015
999500,0.011,0.968,0.020
1000000,0.009,0.973,0.017
