time,n_A+p,n_B,n_AB
500,0.030,0.925,0.045
1000,0.030,0.918,0.051
1500,0.030,0.879,0.091
2000,0.030,0.853,0.117
2500,0.030,0.876,0.094
3000,0.030,0.867,0.103
3500,0.030,0.862,0.108
4000,0.030,0.847,0.123
4500,0.030,0.875,0.095
5000,0.030,0.878,0.092
5500,0.030,0.877,0.093
6000,0.030,0.808,0.162
6500,0.030,0.808,0.162
7000,0.030,0.795,0.174
7500,0.030,0.815,0.155
8000,0.030,0.803,0.166
8500,0.030,0.851,0.119
9000,0.030,0.840,0.130
9500,0.030,0.829,0.141
10000,0.030,0.797,0.172
10500,0.030,0.776,0.194
11000,0.030,0.790,0.180
11500,0.030,0.817,0.153
12000,0.030,0.816,0.154
12500,0.030,0.833,0.137
13000,0.030,0.869,0.101
13500,0.030,0.852,0.118
14000,0.030,0.851,0.119
14500,0.030,0.866,0.104
15000,0.030,0.862,0.108
15500,0.030,0.822,0.148
16000,0.030,0.801,0.168
16500,0.030,0.835,0.135
17000,0.030,0.808,0.162
17500,0.030,0.829,0.141
18000,0.030,0.851,0.119
18500,0.030,0.851,0.119
19000,0.030,0.871,0.099
19500,0.030,0.850,0.120
20000,0.030,0.813,0.157
20500,0.030,0.827,0.143
21000,0.030,0.837,0.133
21500,0.030,0.857,0.113
22000,0.030,0.836,0.134
22500,0.030,0.815,0.155
23000,0.030,0.833,0.137
23500,0.030,0.859,0.111
24000,0.030,0.832,0.138
24500,0.030,0.804,0.166
25000,0.030,0.845,0.125
25500,0.030,0.848,0.122
26000,0.030,0.862,0.108
26500,0.030,0.850,0.120
27000,0.030,0.851,0.119
27500,0.030,0.851,0.119
28000,0.030,0.849,0.121
28500,0.030,0.830,0.140
29000,0.030,0.815,0.155
29500,0.030,0.832,0.138
30000,0.030,0.816,0.154
30500,0.030,0.773,0.197
31000,0.030,0.768,0.202
31500,0.030,0.799,0.171
32000,0.030,0.821,0.149
32500,0.030,0.844,0.126
33000,0.030,0.850,0.120
33500,0.030,0.847,0.123
34000,0.030,0.836,0.134
34500,0.030,0.850,0.120
35000,0.030,0.841,0.129
35500,0.030,0.831,0.139
36000,0.030,0.819,0.151
36500,0.030,0.846,0.124
37000,0.030,0.859,0.111
37500,0.030,0.859,0.111
38000,0.030,0.844,0.126
38500,0.030,0.828,0.142
39000,0.030,0.817,0.153
39500,0.030,0.859,0.111
40000,0.030,0.856,0.114
40500,0.030,0.872,0.098
41000,0.030,0.876,0.094
41500,0.030,0.837,0.133
42000,0.030,0.837,0.133
42500,0.030,0.827,0.143
43000,0.030,0.827,0.143
43500,0.030,0.854,0.116
44000,0.030,0.814,0.156
44500,0.030,0.843,0.127
45000,0.030,0.847,0.123
45500,0.030,0.847,0.123
46000,0.030,0.849,0.121
46500,0.030,0.823,0.147
47000,0.030,0.836,0.134
47500,0.030,0.818,0.152
48000,0.030,0.804,0.166
48500,0.030,0.820,0.150
49000,0.030,0.811,0.159
49500,0.030,0.817,0.153
50000,0.030,0.837,0.133
50500,0.030,0.873,0.097
51000,0.030,0.887,0.083
51500,0.030,0.876,0.094
52000,0.030,0.858,0.112
52500,0.030,0.874,0.096
53000,0.030,0.851,0.119
53500,0.030,0.865,0.105
54000,0.030,0.854,0.116
54500,0.030,0.836,0.134
55000,0.030,0.837,0.133
55500,0.030,0.817,0.153
56000,0.030,0.837,0.133
56500,0.030,0.819,0.151
57000,0.030,0.839,0.131
57500,0.030,0.832,0.138
58000,0.030,0.802,0.167
58500,0.030,0.798,0.171
59000,0.030,0.803,0.166
59500,0.030,0.801,0.168
60000,0.030,0.820,0.150
60500,0.030,0.823,0.147
61000,0.030,0.855,0.115
61500,0.030,0.860,0.110
62000,0.030,0.859,0.111
62500,0.030,0.835,0.135
63000,0.030,0.838,0.132
63500,0.030,0.819,0.151
64000,0.030,0.872,0.098
64500,0.030,0.865,0.105
65000,0.030,0.868,0.102
65500,0.030,0.832,0.138
66000,0.030,0.858,0.112
66500,0.030,0.852,0.118
67000,0.030,0.824,0.146
67500,0.030,0.816,0.154
68000,0.030,0.805,0.164
68500,0.030,0.831,0.139
69000,0.030,0.858,0.112
69500,0.030,0.841,0.129
70000,0.030,0.865,0.105
70500,0.030,0.889,0.081
71000,0.030,0.878,0.092
71500,0.030,0.852,0.118
72000,0.030,0.842,0.128
72500,0.030,0.837,0.133
73000,0.030,0.826,0.144
73500,0.030,0.879,0.091
74000,0.030,0.854,0.116
74500,0.030,0.852,0.118
75000,0.030,0.868,0.102
75500,0.030,0.865,0.105
76000,0.030,0.820,0.150
76500,0.030,0.798,0.171
77000,0.030,0.826,0.144
77500,0.030,0.842,0.128
78000,0.030,0.849,0.121
78500,0.030,0.856,0.114
79000,0.030,0.827,0.143
79500,0.030,0.857,0.113
80000,0.030,0.864,0.106
80500,0.030,0.843,0.127
81000,0.030,0.854,0.116
81500,0.030,0.863,0.107
82000,0.030,0.861,0.109
82500,0.030,0.863,0.107
83000,0.030,0.859,0.111
83500,0.030,0.858,0.112
84000,0.030,0.863,0.107
84500,0.030,0.838,0.132
85000,0.030,0.861,0.109
85500,0.030,0.855,0.115
86000,0.030,0.851,0.119
86500,0.030,0.845,0.125
87000,0.030,0.852,0.118
87500,0.030,0.855,0.115
88000,0.030,0.852,0.118
88500,0.030,0.853,0.117
89000,0.030,0.874,0.096
89500,0.030,0.888,0.082
90000,0.030,0.914,0.056
90500,0.030,0.885,0.085
91000,0.030,0.855,0.115
91500,0.030,0.869,0.101
92000,0.030,0.822,0.148
92500,0.030,0.836,0.134
93000,0.030,0.850,0.120
93500,0.030,0.853,0.117
94000,0.030,0.875,0.095
94500,0.030,0.895,0.075
95000,0.030,0.876,0.094
95500,0.030,0.886,0.084
96000,0.030,0.870,0.100
96500,0.030,0.817,0.153
97000,0.030,0.846,0.124
97500,0.030,0.845,0.125
98000,0.030,0.857,0.113
98500,0.030,0.834,0.136
99000,0.030,0.852,0.118
99500,0.030,0.858,0.112
100000,0.030,0.873,0.097
100500,0.030,0.837,0.133
101000,0.030,0.827,0.143
101500,0.030,0.819,0.151
102000,0.030,0.841,0.129
102500,0.030,0.849,0.121
103000,0.030,0.828,0.142
103500,0.030,0.792,0.178
104000,0.030,0.806,0.163
104500,0.030,0.824,0.146
105000,0.030,0.854,0.116
105500,0.030,0.829,0.141
106000,0.030,0.841,0.129
106500,0.030,0.841,0.129
107000,0.030,0.850,0.120
107500,0.030,0.855,0.115
108000,0.030,0.854,0.116
108500,0.030,0.847,0.123
109000,0.030,0.873,0.097
109500,0.030,0.875,0.095
110000,0.030,0.857,0.113
110500,0.030,0.817,0.153
111000,0.030,0.806,0.163
111500,0.030,0.823,0.147
112000,0.030,0.839,0.131
112500,0.030,0.846,0.124
113000,0.030,0.817,0.153
113500,0.030,0.848,0.122
114000,0.030,0.830,0.140
114500,0.030,0.840,0.130
115000,0.030,0.848,0.122
115500,0.030,0.848,0.122
116000,0.030,0.868,0.102
116500,0.030,0.824,0.146
117000,0.030,0.800,0.169
117500,0.030,0.836,0.134
118000,0.030,0.865,0.105
118500,0.030,0.873,0.097
119000,0.030,0.864,0.106
119500,0.030,0.847,0.123
120000,0.030,0.832,0.138
120500,0.030,0.839,0.131
121000,0.030,0.847,0.123
121500,0.030,0.838,0.132
122000,0.030,0.797,0.173
122500,0.030,0.832,0.138
123000,0.030,0.820,0.150
123500,0.030,0.823,0.147
124000,0.030,0.825,0.145
124500,0.030,0.778,0.192
125000,0.030,0.759,0.211
125500,0.030,0.798,0.172
126000,0.030,0.859,0.111
126500,0.030,0.875,0.095
127000,0.030,0.854,0.116
127500,0.030,0.865,0.105
128000,0.030,0.842,0.128
128500,0.030,0.809,0.160
129000,0.030,0.837,0.133
129500,0.030,0.830,0.140
130000,0.030,0.859,0.111
130500,0.030,0.867,0.103
131000,0.030,0.880,0.090
131500,0.030,0.846,0.124
132000,0.030,0.891,0.079
132500,0.030,0.878,0.092
133000,0.030,0.854,0.116
133500,0.030,0.862,0.108
134000,0.030,0.852,0.118
134500,0.030,0.837,0.133
135000,0.030,0.821,0.149
135500,0.030,0.833,0.137
136000,0.030,0.864,0.106
136500,0.030,0.852,0.118
137000,0.030,0.844,0.126
137500,0.030,0.823,0.147
138000,0.030,0.856,0.114
138500,0.030,0.857,0.113
139000,0.030,0.836,0.134
139500,0.030,0.842,0.128
140000,0.030,0.838,0.132
140500,0.030,0.853,0.117
141000,0.030,0.849,0.121
141500,0.030,0.869,0.101
142000,0.030,0.838,0.132
142500,0.030,0.838,0.132
143000,0.030,0.872,0.098
143500,0.030,0.856,0.114
144000,0.030,0.815,0.155
144500,0.030,0.789,0.180
145000,0.030,0.824,0.146
145500,0.030,0.832,0.138
146000,0.030,0.817,0.153
146500,0.030,0.830,0.140
147000,0.030,0.847,0.123
147500,0.030,0.854,0.116
148000,0.030,0.843,0.127
148500,0.030,0.811,0.158
149000,0.030,0.820,0.150
149500,0.030,0.815,0.155
150000,0.030,0.814,0.156
150500,0.030,0.808,0.162
151000,0.030,0.827,0.143
151500,0.030,0.835,0.135
152000,0.030,0.850,0.120
152500,0.030,0.866,0.104
153000,0.030,0.867,0.103
153500,0.030,0.829,0.141
154000,0.030,0.831,0.139
154500,0.030,0.810,0.159
155000,0.030,0.809,0.160
155500,0.030,0.836,0.134
156000,0.030,0.826,0.144
156500,0.030,0.855,0.115
157000,0.030,0.858,0.112
157500,0.030,0.854,0.116
158000,0.030,0.836,0.134
158500,0.030,0.838,0.132
159000,0.030,0.835,0.135
159500,0.030,0.842,0.128
160000,0.030,0.824,0.146
160500,0.030,0.836,0.134
161000,0.030,0.839,0.131
161500,0.030,0.863,0.107
162000,0.030,0.861,0.109
162500,0.030,0.831,0.139
163000,0.030,0.854,0.116
163500,0.030,0.854,0.116
164000,0.030,0.864,0.106
164500,0.030,0.857,0.113
165000,0.030,0.874,0.096
165500,0.030,0.879,0.091
166000,0.030,0.855,0.115
166500,0.030,0.861,0.109
167000,0.030,0.863,0.107
167500,0.030,0.858,0.112
168000,0.030,0.866,0.104
168500,0.030,0.834,0.136
169000,0.030,0.808,0.161
169500,0.030,0.840,0.130
170000,0.030,0.803,0.167
170500,0.030,0.793,0.177
171000,0.030,0.835,0.135
171500,0.030,0.843,0.127
172000,0.030,0.830,0.140
172500,0.030,0.833,0.137
173000,0.030,0.810,0.159
173500,0.030,0.821,0.149
174000,0.030,0.857,0.113
174500,0.030,0.795,0.175
175000,0.030,0.826,0.144
175500,0.030,0.799,0.171
176000,0.030,0.830,0.140
176500,0.030,0.825,0.145
177000,0.030,0.851,0.119
177500,0.030,0.843,0.127
178000,0.030,0.843,0.127
178500,0.030,0.796,0.173
179000,0.030,0.786,0.184
179500,0.030,0.819,0.151
180000,0.030,0.801,0.168
180500,0.030,0.843,0.127
181000,0.030,0.821,0.149
181500,0.030,0.838,0.132
182000,0.030,0.826,0.144
182500,0.030,0.833,0.137
183000,0.030,0.840,0.130
183500,0.030,0.858,0.112
184000,0.030,0.861,0.109
184500,0.030,0.818,0.152
185000,0.030,0.816,0.154
185500,0.030,0.833,0.137
186000,0.030,0.850,0.120
186500,0.030,0.848,0.122
187000,0.030,0.835,0.135
187500,0.030,0.830,0.140
188000,0.030,0.843,0.127
188500,0.030,0.851,0.119
189000,0.030,0.865,0.105
189500,0.030,0.873,0.097
190000,0.030,0.865,0.105
190500,0.030,0.829,0.141
191000,0.030,0.858,0.112
191500,0.030,0.881,0.089
192000,0.030,0.870,0.100
192500,0.030,0.850,0.120
193000,0.030,0.848,0.122
193500,0.030,0.852,0.118
194000,0.030,0.860,0.110
194500,0.030,0.830,0.140
195000,0.030,0.848,0.122
195500,0.030,0.819,0.151
196000,0.030,0.818,0.152
196500,0.030,0.837,0.133
197000,0.030,0.821,0.149
197500,0.030,0.833,0.137
198000,0.030,0.857,0.113
198500,0.030,0.853,0.117
199000,0.030,0.832,0.138
199500,0.030,0.811,0.159
200000,0.030,0.790,0.179
200500,0.030,0.785,0.185
201000,0.030,0.816,0.154
201500,0.030,0.813,0.157
202000,0.030,0.822,0.148
202500,0.030,0.836,0.134
203000,0.030,0.875,0.095
203500,0.030,0.855,0.115
204000,0.030,0.841,0.129
204500,0.030,0.833,0.137
205000,0.030,0.861,0.109
205500,0.030,0.848,0.122
206000,0.030,0.854,0.116
206500,0.030,0.842,0.128
207000,0.030,0.828,0.142
207500,0.030,0.796,0.173
208000,0.030,0.812,0.158
208500,0.030,0.808,0.161
209000,0.030,0.836,0.134
209500,0.030,0.830,0.140
210000,0.030,0.806,0.164
210500,0.030,0.832,0.138
211000,0.030,0.816,0.154
211500,0.030,0.851,0.119
212000,0.030,0.835,0.135
212500,0.030,0.830,0.140
213000,0.030,0.807,0.162
213500,0.030,0.803,0.167
214000,0.030,0.823,0.147
214500,0.030,0.809,0.160
215000,0.030,0.809,0.161
215500,0.030,0.819,0.151
216000,0.030,0.778,0.192
216500,0.030,0.760,0.210
217000,0.030,0.791,0.178
217500,0.030,0.860,0.110
218000,0.030,0.832,0.138
218500,0.030,0.837,0.133
219000,0.030,0.833,0.137
219500,0.030,0.843,0.127
220000,0.030,0.818,0.152
220500,0.030,0.819,0.151
221000,0.030,0.820,0.150
221500,0.030,0.847,0.123
222000,0.030,0.834,0.136
222500,0.030,0.843,0.127
223000,0.030,0.848,0.122
223500,0.030,0.846,0.124
224000,0.030,0.840,0.130
224500,0.030,0.876,0.094
225000,0.030,0.861,0.109
225500,0.030,0.844,0.126
226000,0.030,0.861,0.109
226500,0.030,0.858,0.112
227000,0.030,0.866,0.104
227500,0.030,0.833,0.137
228000,0.030,0.804,0.166
228500,0.030,0.814,0.156
229000,0.030,0.814,0.156
229500,0.030,0.841,0.129
230000,0.030,0.850,0.120
230500,0.030,0.858,0.112
231000,0.030,0.848,0.122
231500,0.030,0.807,0.162
232000,0.030,0.801,0.169
232500,0.030,0.776,0.194
233000,0.030,0.778,0.192
233500,0.030,0.830,0.140
234000,0.030,0.872,0.098
234500,0.030,0.836,0.134
235000,0.030,0.867,0.103
235500,0.030,0.866,0.104
236000,0.030,0.849,0.121
236500,0.030,0.849,0.121
237000,0.030,0.812,0.158
237500,0.030,0.785,0.184
238000,0.030,0.789,0.180
238500,0.030,0.813,0.157
239000,0.030,0.810,0.160
239500,0.030,0.827,0.143
240000,0.030,0.854,0.116
240500,0.030,0.865,0.105
241000,0.030,0.855,0.115
241500,0.030,0.836,0.134
242000,0.030,0.825,0.145
242500,0.030,0.807,0.162
243000,0.030,0.826,0.144
243500,0.030,0.833,0.137
244000,0.030,0.860,0.110
244500,0.030,0.807,0.162
245000,0.030,0.834,0.136
245500,0.030,0.844,0.126
246000,0.030,0.858,0.112
246500,0.030,0.832,0.138
247000,0.030,0.848,0.122
247500,0.030,0.866,0.104
248000,0.030,0.860,0.110
248500,0.030,0.818,0.152
249000,0.030,0.850,0.120
249500,0.030,0.855,0.115
250000,0.030,0.863,0.107
250500,0.030,0.845,0.125
251000,0.030,0.842,0.128
251500,0.030,0.839,0.131
252000,0.030,0.855,0.115
252500,0.030,0.861,0.109
253000,0.030,0.872,0.098
253500,0.030,0.862,0.108
254000,0.030,0.854,0.116
254500,0.030,0.875,0.095
255000,0.030,0.834,0.136
255500,0.030,0.848,0.122
256000,0.030,0.833,0.137
256500,0.030,0.854,0.116
257000,0.030,0.863,0.107
257500,0.030,0.826,0.144
258000,0.030,0.830,0.140
258500,0.030,0.833,0.137
259000,0.030,0.811,0.158
259500,0.030,0.835,0.135
260000,0.030,0.849,0.121
260500,0.030,0.830,0.140
261000,0.030,0.849,0.121
261500,0.030,0.840,0.130
262000,0.030,0.815,0.155
262500,0.030,0.802,0.168
263000,0.030,0.833,0.137
263500,0.030,0.829,0.141
264000,0.030,0.823,0.147
264500,0.030,0.795,0.174
265000,0.030,0.808,0.162
265500,0.030,0.845,0.125
266000,0.030,0.858,0.112
266500,0.030,0.863,0.107
267000,0.030,0.806,0.163
267500,0.030,0.766,0.204
268000,0.030,0.788,0.182
268500,0.030,0.837,0.133
269000,0.030,0.868,0.102
269500,0.030,0.858,0.112
270000,0.030,0.891,0.079
270500,0.030,0.876,0.094
271000,0.030,0.856,0.114
271500,0.030,0.845,0.125
272000,0.030,0.834,0.136
272500,0.030,0.825,0.145
273000,0.030,0.773,0.197
273500,0.030,0.788,0.181
274000,0.030,0.811,0.159
274500,0.030,0.823,0.147
275000,0.030,0.788,0.181
275500,0.030,0.818,0.152
276000,0.030,0.811,0.159
276500,0.030,0.820,0.150
277000,0.030,0.833,0.137
277500,0.030,0.864,0.106
278000,0.030,0.861,0.109
278500,0.030,0.835,0.135
279000,0.030,0.822,0.148
279500,0.030,0.850,0.120
280000,0.030,0.868,0.102
280500,0.030,0.869,0.101
281000,0.030,0.880,0.090
281500,0.030,0.866,0.104
282000,0.030,0.863,0.107
282500,0.030,0.845,0.125
283000,0.030,0.801,0.169
283500,0.030,0.799,0.171
284000,0.030,0.813,0.157
284500,0.030,0.829,0.141
285000,0.030,0.846,0.124
285500,0.030,0.847,0.123
286000,0.030,0.837,0.133
286500,0.030,0.850,0.120
287000,0.030,0.868,0.102
287500,0.030,0.865,0.105
288000,0.030,0.853,0.117
288500,0.030,0.802,0.167
289000,0.030,0.800,0.169
289500,0.030,0.805,0.165
290000,0.030,0.784,0.186
290500,0.030,0.817,0.153
291000,0.030,0.793,0.177
291500,0.030,0.850,0.120
292000,0.030,0.836,0.134
292500,0.030,0.830,0.140
293000,0.030,0.809,0.161
293500,0.030,0.832,0.138
294000,0.030,0.850,0.120
294500,0.030,0.838,0.132
295000,0.030,0.813,0.157
295500,0.030,0.848,0.122
296000,0.030,0.860,0.110
296500,0.030,0.854,0.116
297000,0.030,0.844,0.126
297500,0.030,0.843,0.127
298000,0.030,0.865,0.105
298500,0.030,0.877,0.093
299000,0.030,0.870,0.100
299500,0.030,0.851,0.119
300000,0.030,0.858,0.112
300500,0.030,0.838,0.132
301000,0.030,0.824,0.146
301500,0.030,0.854,0.116
302000,0.030,0.808,0.161
302500,0.030,0.850,0.120
303000,0.030,0.816,0.154
303500,0.030,0.809,0.160
304000,0.030,0.808,0.162
304500,0.030,0.830,0.140
305000,0.030,0.834,0.136
305500,0.030,0.814,0.156
306000,0.030,0.804,0.165
306500,0.030,0.798,0.171
307000,0.030,0.767,0.203
307500,0.030,0.796,0.174
308000,0.030,0.795,0.175
308500,0.030,0.833,0.137
309000,0.030,0.829,0.141
309500,0.030,0.844,0.126
310000,0.030,0.819,0.151
310500,0.030,0.814,0.156
311000,0.030,0.797,0.172
311500,0.030,0.789,0.181
312000,0.030,0.811,0.159
312500,0.030,0.789,0.180
313000,0.030,0.825,0.145
313500,0.030,0.834,0.136
314000,0.030,0.801,0.169
314500,0.030,0.808,0.161
315000,0.030,0.823,0.147
315500,0.030,0.833,0.137
316000,0.030,0.840,0.130
316500,0.030,0.841,0.129
317000,0.030,0.847,0.123
317500,0.030,0.869,0.101
318000,0.030,0.874,0.096
318500,0.030,0.839,0.131
319000,0.030,0.819,0.151
319500,0.030,0.819,0.151
320000,0.030,0.806,0.163
320500,0.030,0.750,0.220
321000,0.030,0.779,0.191
321500,0.030,0.787,0.183
322000,0.030,0.808,0.161
322500,0.030,0.831,0.139
323000,0.030,0.822,0.148
323500,0.030,0.826,0.144
324000,0.030,0.828,0.142
324500,0.030,0.861,0.109
325000,0.030,0.856,0.114
325500,0.030,0.841,0.129
326000,0.030,0.828,0.142
326500,0.030,0.747,0.223
327000,0.030,0.759,0.211
327500,0.030,0.777,0.193
328000,0.030,0.798,0.172
328500,0.030,0.814,0.156
329000,0.030,0.788,0.182
329500,0.030,0.804,0.166
330000,0.030,0.858,0.112
330500,0.030,0.840,0.130
331000,0.030,0.859,0.111
331500,0.030,0.852,0.118
332000,0.030,0.869,0.101
332500,0.030,0.829,0.141
333000,0.030,0.858,0.112
333500,0.030,0.842,0.128
334000,0.030,0.833,0.137
334500,0.030,0.855,0.115
335000,0.030,0.869,0.101
335500,0.030,0.849,0.121
336000,0.030,0.844,0.126
336500,0.030,0.864,0.106
337000,0.030,0.815,0.155
337500,0.030,0.856,0.114
338000,0.030,0.866,0.104
338500,0.030,0.851,0.119
339000,0.030,0.841,0.129
339500,0.030,0.835,0.135
340000,0.030,0.850,0.120
340500,0.030,0.816,0.154
341000,0.030,0.821,0.149
341500,0.030,0.819,0.151
342000,0.030,0.815,0.155
342500,0.030,0.801,0.169
343000,0.030,0.829,0.141
343500,0.030,0.814,0.156
344000,0.030,0.814,0.156
344500,0.030,0.792,0.178
345000,0.030,0.811,0.159
345500,0.030,0.827,0.143
346000,0.030,0.842,0.128
346500,0.030,0.849,0.121
347000,0.030,0.866,0.104
347500,0.030,0.824,0.146
348000,0.030,0.806,0.163
348500,0.030,0.810,0.159
349000,0.030,0.786,0.184
349500,0.030,0.811,0.158
350000,0.030,0.829,0.141
350500,0.030,0.876,0.094
351000,0.030,0.880,0.090
351500,0.030,0.883,0.087
352000,0.030,0.872,0.098
352500,0.030,0.860,0.110
353000,0.030,0.847,0.123
353500,0.030,0.853,0.117
354000,0.030,0.852,0.118
354500,0.030,0.890,0.080
355000,0.030,0.869,0.101
355500,0.030,0.869,0.101
356000,0.030,0.848,0.122
356500,0.030,0.837,0.133
357000,0.030,0.839,0.131
357500,0.030,0.837,0.133
358000,0.030,0.830,0.140
358500,0.030,0.848,0.122
359000,0.030,0.846,0.124
359500,0.030,0.850,0.120
360000,0.030,0.843,0.127
360500,0.030,0.831,0.139
361000,0.030,0.859,0.111
361500,0.030,0.859,0.111
362000,0.030,0.825,0.145
362500,0.030,0.854,0.116
363000,0.030,0.838,0.132
363500,0.030,0.859,0.111
364000,0.030,0.851,0.119
364500,0.030,0.866,0.104
365000,0.030,0.830,0.140
365500,0.030,0.831,0.139
366000,0.030,0.820,0.150
366500,0.030,0.842,0.128
367000,0.030,0.831,0.139
367500,0.030,0.815,0.155
368000,0.030,0.811,0.158
368500,0.030,0.837,0.133
369000,0.030,0.859,0.111
369500,0.030,0.856,0.114
370000,0.030,0.842,0.128
370500,0.030,0.876,0.094
371000,0.030,0.839,0.131
371500,0.030,0.887,0.083
372000,0.030,0.886,0.084
372500,0.030,0.867,0.103
373000,0.030,0.867,0.103
373500,0.030,0.863,0.107
374000,0.030,0.841,0.129
374500,0.030,0.838,0.132
375000,0.030,0.875,0.095
375500,0.030,0.855,0.115
376000,0.030,0.836,0.134
376500,0.030,0.834,0.136
377000,0.030,0.829,0.141
377500,0.030,0.858,0.112
378000,0.030,0.833,0.137
378500,0.030,0.850,0.120
379000,0.030,0.847,0.123
379500,0.030,0.821,0.149
380000,0.030,0.807,0.162
380500,0.030,0.814,0.156
381000,0.030,0.835,0.135
381500,0.030,0.830,0.140
382000,0.030,0.803,0.167
382500,0.030,0.796,0.174
383000,0.030,0.807,0.162
383500,0.030,0.817,0.153
384000,0.030,0.808,0.162
384500,0.030,0.826,0.144
385000,0.030,0.811,0.159
385500,0.030,0.800,0.169
386000,0.030,0.841,0.129
386500,0.030,0.848,0.122
387000,0.030,0.808,0.161
387500,0.030,0.833,0.137
388000,0.030,0.819,0.151
388500,0.030,0.848,0.122
389000,0.030,0.838,0.132
389500,0.030,0.837,0.133
390000,0.030,0.800,0.170
390500,0.030,0.806,0.164
391000,0.030,0.812,0.158
391500,0.030,0.815,0.155
392000,0.030,0.806,0.163
392500,0.030,0.771,0.199
393000,0.030,0.770,0.200
393500,0.030,0.771,0.199
394000,0.030,0.783,0.187
394500,0.030,0.798,0.172
395000,0.030,0.790,0.180
395500,0.030,0.799,0.171
396000,0.030,0.799,0.171
396500,0.030,0.813,0.157
397000,0.030,0.829,0.141
397500,0.030,0.823,0.147
398000,0.030,0.844,0.126
398500,0.030,0.842,0.128
399000,0.030,0.776,0.194
399500,0.030,0.828,0.142
400000,0.030,0.842,0.128
400500,0.030,0.852,0.118
401000,0.030,0.779,0.191
401500,0.030,0.800,0.169
402000,0.030,0.829,0.141
402500,0.030,0.836,0.134
403000,0.030,0.813,0.157
403500,0.030,0.791,0.178
404000,0.030,0.783,0.186
404500,0.030,0.803,0.166
405000,0.030,0.821,0.149
405500,0.030,0.829,0.141
406000,0.030,0.843,0.127
406500,0.030,0.827,0.143
407000,0.030,0.810,0.160
407500,0.030,0.825,0.145
408000,0.030,0.846,0.124
408500,0.030,0.838,0.132
409000,0.030,0.833,0.137
409500,0.030,0.837,0.133
410000,0.030,0.819,0.151
410500,0.030,0.845,0.125
411000,0.030,0.857,0.113
411500,0.030,0.853,0.117
412000,0.030,0.851,0.119
412500,0.030,0.849,0.121
413000,0.030,0.843,0.127
413500,0.030,0.825,0.145
414000,0.030,0.848,0.122
414500,0.030,0.839,0.131
415000,0.030,0.870,0.100
415500,0.030,0.883,0.087
416000,0.030,0.862,0.108
416500,0.030,0.867,0.103
417000,0.030,0.861,0.109
417500,0.030,0.879,0.091
418000,0.030,0.836,0.134
418500,0.030,0.862,0.108
419000,0.030,0.857,0.113
419500,0.030,0.845,0.125
420000,0.030,0.872,0.098
420500,0.030,0.832,0.138
421000,0.030,0.833,0.137
421500,0.030,0.851,0.119
422000,0.030,0.864,0.106
422500,0.030,0.872,0.098
423000,0.030,0.878,0.092
423500,0.030,0.864,0.106
424000,0.030,0.865,0.105
424500,0.030,0.889,0.081
425000,0.030,0.874,0.096
425500,0.030,0.848,0.122
426000,0.030,0.849,0.121
426500,0.030,0.809,0.160
427000,0.030,0.864,0.106
427500,0.030,0.868,0.102
428000,0.030,0.865,0.105
428500,0.030,0.832,0.138
429000,0.030,0.829,0.141
429500,0.030,0.845,0.125
430000,0.030,0.852,0.118
430500,0.030,0.851,0.119
431000,0.030,0.806,0.163
431500,0.030,0.806,0.164
432000,0.030,0.837,0.133
432500,0.030,0.835,0.135
433000,0.030,0.848,0.122
433500,0.030,0.833,0.137
434000,0.030,0.848,0.122
434500,0.030,0.841,0.129
435000,0.030,0.827,0.143
435500,0.030,0.803,0.167
436000,0.030,0.851,0.119
436500,0.030,0.826,0.144
437000,0.030,0.789,0.181
437500,0.030,0.801,0.168
438000,0.030,0.843,0.127
438500,0.030,0.803,0.167
439000,0.030,0.839,0.131
439500,0.030,0.844,0.126
440000,0.030,0.850,0.120
440500,0.030,0.854,0.116
441000,0.030,0.853,0.117
441500,0.030,0.801,0.169
442000,0.030,0.803,0.166
442500,0.030,0.835,0.135
443000,0.030,0.812,0.157
443500,0.030,0.859,0.111
444000,0.030,0.858,0.112
444500,0.030,0.785,0.184
445000,0.030,0.793,0.176
445500,0.030,0.830,0.140
446000,0.030,0.832,0.138
446500,0.030,0.836,0.134
447000,0.030,0.818,0.152
447500,0.030,0.842,0.128
448000,0.030,0.851,0.119
448500,0.030,0.831,0.139
449000,0.030,0.864,0.106
449500,0.030,0.849,0.121
450000,0.030,0.851,0.119
450500,0.030,0.822,0.148
451000,0.030,0.854,0.116
451500,0.030,0.824,0.146
452000,0.030,0.813,0.157
452500,0.030,0.839,0.131
453000,0.030,0.836,0.134
453500,0.030,0.844,0.126
454000,0.030,0.833,0.137
454500,0.030,0.835,0.135
455000,0.030,0.809,0.161
455500,0.030,0.815,0.155
456000,0.030,0.796,0.174
456500,0.030,0.824,0.146
457000,0.030,0.835,0.135
457500,0.030,0.833,0.137
458000,0.030,0.861,0.109
458500,0.030,0.864,0.106
459000,0.030,0.848,0.122
459500,0.030,0.846,0.124
460000,0.030,0.851,0.119
460500,0.030,0.847,0.123
461000,0.030,0.818,0.152
461500,0.030,0.808,0.161
462000,0.030,0.804,0.166
462500,0.030,0.795,0.174
463000,0.030,0.801,0.169
463500,0.030,0.823,0.147
464000,0.030,0.782,0.188
464500,0.030,0.782,0.188
465000,0.030,0.829,0.141
465500,0.030,0.819,0.151
466000,0.030,0.861,0.109
466500,0.030,0.808,0.161
467000,0.030,0.810,0.160
467500,0.030,0.850,0.120
468000,0.030,0.857,0.113
468500,0.030,0.857,0.113
469000,0.030,0.822,0.148
469500,0.030,0.822,0.148
470000,0.030,0.816,0.154
470500,0.030,0.842,0.128
471000,0.030,0.800,0.169
471500,0.030,0.773,0.197
472000,0.030,0.816,0.154
472500,0.030,0.829,0.141
473000,0.030,0.801,0.169
473500,0.030,0.827,0.143
474000,0.030,0.795,0.174
474500,0.030,0.832,0.138
475000,0.030,0.842,0.128
475500,0.030,0.825,0.145
476000,0.030,0.850,0.120
476500,0.030,0.842,0.128
477000,0.030,0.887,0.083
477500,0.030,0.867,0.103
478000,0.030,0.844,0.126
478500,0.030,0.783,0.187
479000,0.030,0.805,0.165
479500,0.031,0.822,0.147
480000,0.030,0.813,0.157
480500,0.030,0.821,0.149
481000,0.030,0.821,0.149
481500,0.030,0.815,0.155
482000,0.030,0.800,0.170
482500,0.030,0.798,0.171
483000,0.030,0.810,0.159
483500,0.030,0.843,0.127
484000,0.030,0.873,0.097
484500,0.030,0.828,0.142
485000,0.030,0.824,0.146
485500,0.030,0.858,0.112
486000,0.030,0.870,0.100
486500,0.030,0.842,0.128
487000,0.030,0.860,0.110
487500,0.030,0.868,0.102
488000,0.030,0.854,0.116
488500,0.030,0.859,0.111
489000,0.030,0.883,0.087
489500,0.030,0.866,0.104
490000,0.030,0.889,0.081
490500,0.030,0.874,0.096
491000,0.030,0.884,0.086
491500,0.030,0.880,0.090
492000,0.030,0.854,0.116
492500,0.030,0.856,0.114
493000,0.030,0.848,0.122
493500,0.030,0.848,0.122
494000,0.030,0.862,0.108
494500,0.030,0.827,0.143
495000,0.030,0.827,0.143
495500,0.030,0.833,0.137
496000,0.030,0.847,0.123
496500,0.030,0.867,0.103
497000,0.030,0.848,0.122
497500,0.030,0.835,0.135
498000,0.030,0.823,0.147
498500,0.030,0.849,0.121
499000,0.030,0.883,0.087
499500,0.030,0.864,0.106
500000,0.030,0.845,0.125
500500,0.030,0.818,0.152
501000,0.030,0.845,0.125
501500,0.030,0.836,0.134
502000,0.030,0.852,0.118
502500,0.030,0.855,0.115
503000,0.030,0.857,0.113
503500,0.030,0.827,0.143
504000,0.030,0.826,0.144
504500,0.030,0.816,0.154
505000,0.030,0.843,0.127
505500,0.030,0.871,0.099
506000,0.030,0.855,0.115
506500,0.030,0.861,0.109
507000,0.030,0.869,0.101
507500,0.030,0.835,0.135
508000,0.030,0.801,0.168
508500,0.030,0.811,0.158
509000,0.030,0.797,0.172
509500,0.030,0.830,0.140
510000,0.030,0.820,0.150
510500,0.030,0.820,0.150
511000,0.030,0.842,0.128
511500,0.030,0.844,0.126
512000,0.030,0.876,0.094
512500,0.030,0.862,0.108
513000,0.030,0.818,0.152
513500,0.030,0.816,0.154
514000,0.030,0.795,0.174
514500,0.030,0.824,0.146
515000,0.030,0.850,0.120
515500,0.030,0.834,0.136
516000,0.030,0.838,0.132
516500,0.030,0.823,0.147
517000,0.030,0.816,0.154
517500,0.030,0.843,0.127
518000,0.030,0.853,0.117
518500,0.030,0.837,0.133
519000,0.030,0.833,0.137
519500,0.030,0.794,0.176
520000,0.030,0.834,0.136
520500,0.030,0.815,0.155
521000,0.030,0.816,0.154
521500,0.030,0.844,0.126
522000,0.030,0.829,0.141
522500,0.030,0.821,0.149
523000,0.030,0.844,0.126
523500,0.030,0.820,0.150
524000,0.030,0.845,0.125
524500,0.030,0.862,0.108
525000,0.030,0.831,0.139
525500,0.030,0.830,0.140
526000,0.030,0.834,0.136
526500,0.030,0.850,0.120
527000,0.030,0.829,0.141
527500,0.030,0.837,0.133
528000,0.030,0.879,0.091
528500,0.030,0.844,0.126
529000,0.030,0.866,0.104
529500,0.030,0.829,0.141
530000,0.030,0.810,0.159
530500,0.030,0.828,0.142
531000,0.030,0.832,0.138
531500,0.030,0.810,0.159
532000,0.030,0.837,0.133
532500,0.030,0.831,0.139
533000,0.030,0.845,0.125
533500,0.030,0.833,0.137
534000,0.030,0.869,0.101
534500,0.030,0.853,0.117
535000,0.030,0.834,0.136
535500,0.030,0.822,0.148
536000,0.030,0.823,0.147
536500,0.030,0.837,0.133
537000,0.030,0.838,0.132
537500,0.030,0.844,0.126
538000,0.030,0.843,0.127
538500,0.030,0.794,0.176
539000,0.030,0.806,0.163
539500,0.030,0.834,0.136
540000,0.030,0.841,0.129
540500,0.030,0.824,0.146
541000,0.030,0.823,0.147
541500,0.030,0.822,0.148
542000,0.030,0.802,0.168
542500,0.030,0.833,0.137
543000,0.030,0.860,0.110
543500,0.030,0.859,0.111
544000,0.030,0.854,0.116
544500,0.030,0.835,0.135
545000,0.030,0.833,0.137
545500,0.030,0.825,0.145
546000,0.030,0.835,0.135
546500,0.030,0.803,0.166
547000,0.030,0.792,0.178
547500,0.030,0.816,0.154
548000,0.030,0.822,0.148
548500,0.030,0.791,0.178
549000,0.030,0.833,0.137
549500,0.030,0.834,0.136
550000,0.030,0.864,0.106
550500,0.030,0.867,0.103
551000,0.030,0.849,0.121
551500,0.030,0.816,0.154
552000,0.030,0.811,0.159
552500,0.030,0.832,0.138
553000,0.030,0.809,0.161
553500,0.030,0.838,0.132
554000,0.030,0.845,0.125
554500,0.030,0.820,0.150
555000,0.030,0.788,0.181
555500,0.030,0.800,0.169
556000,0.030,0.838,0.132
556500,0.030,0.826,0.144
557000,0.030,0.801,0.169
557500,0.030,0.798,0.171
558000,0.030,0.791,0.179
558500,0.030,0.814,0.156
559000,0.030,0.850,0.120
559500,0.030,0.836,0.134
560000,0.030,0.830,0.140
560500,0.030,0.807,0.163
561000,0.030,0.824,0.146
561500,0.030,0.840,0.130
562000,0.030,0.823,0.147
562500,0.030,0.802,0.168
563000,0.030,0.836,0.134
563500,0.030,0.851,0.119
564000,0.030,0.844,0.126
564500,0.030,0.825,0.145
565000,0.030,0.842,0.128
565500,0.030,0.812,0.157
566000,0.030,0.804,0.166
566500,0.030,0.822,0.148
567000,0.030,0.865,0.105
567500,0.030,0.844,0.126
568000,0.030,0.830,0.140
568500,0.030,0.837,0.133
569000,0.030,0.852,0.118
569500,0.030,0.870,0.100
570000,0.030,0.863,0.107
570500,0.030,0.870,0.100
571000,0.030,0.852,0.118
571500,0.030,0.848,0.122
572000,0.030,0.823,0.147
572500,0.030,0.844,0.126
573000,0.030,0.798,0.171
573500,0.030,0.842,0.128
574000,0.030,0.838,0.132
574500,0.030,0.852,0.118
575000,0.030,0.842,0.128
575500,0.030,0.856,0.114
576000,0.030,0.853,0.117
576500,0.030,0.848,0.122
577000,0.030,0.797,0.173
577500,0.030,0.839,0.131
578000,0.030,0.821,0.149
578500,0.030,0.790,0.180
579000,0.030,0.811,0.158
579500,0.030,0.810,0.160
580000,0.030,0.836,0.134
580500,0.030,0.829,0.141
581000,0.030,0.840,0.130
581500,0.030,0.840,0.130
582000,0.030,0.837,0.133
582500,0.030,0.860,0.110
583000,0.030,0.880,0.090
583500,0.030,0.845,0.125
584000,0.030,0.845,0.125
584500,0.030,0.856,0.114
585000,0.030,0.831,0.139
585500,0.030,0.806,0.164
586000,0.030,0.816,0.154
586500,0.030,0.838,0.132
587000,0.030,0.838,0.132
587500,0.030,0.833,0.137
588000,0.030,0.811,0.159
588500,0.030,0.821,0.149
589000,0.030,0.822,0.148
589500,0.030,0.805,0.164
590000,0.030,0.853,0.117
590500,0.030,0.840,0.130
591000,0.030,0.829,0.141
591500,0.030,0.833,0.137
592000,0.030,0.856,0.114
592500,0.030,0.834,0.136
593000,0.030,0.861,0.109
593500,0.030,0.841,0.129
594000,0.030,0.826,0.144
594500,0.030,0.816,0.154
595000,0.030,0.824,0.146
595500,0.030,0.820,0.150
596000,0.030,0.833,0.137
596500,0.030,0.853,0.117
597000,0.030,0.845,0.125
597500,0.030,0.877,0.093
598000,0.030,0.877,0.093
598500,0.030,0.834,0.136
599000,0.030,0.841,0.129
599500,0.030,0.833,0.137
600000,0.030,0.844,0.126
600500,0.030,0.843,0.127
601000,0.030,0.858,0.112
601500,0.030,0.866,0.104
602000,0.030,0.854,0.116
602500,0.030,0.843,0.127
603000,0.030,0.843,0.127
603500,0.030,0.847,0.123
604000,0.030,0.875,0.095
604500,0.030,0.819,0.151
605000,0.030,0.817,0.153
605500,0.030,0.808,0.161
606000,0.030,0.842,0.128
606500,0.030,0.837,0.133
607000,0.030,0.837,0.133
607500,0.030,0.841,0.129
608000,0.030,0.822,0.148
608500,0.030,0.789,0.181
609000,0.030,0.751,0.219
609500,0.030,0.753,0.217
610000,0.030,0.736,0.234
610500,0.030,0.801,0.169
611000,0.030,0.818,0.152
611500,0.030,0.810,0.160
612000,0.030,0.838,0.132
612500,0.030,0.847,0.123
613000,0.030,0.851,0.119
613500,0.030,0.879,0.091
614000,0.030,0.875,0.095
614500,0.030,0.895,0.075
615000,0.030,0.861,0.109
615500,0.030,0.877,0.093
616000,0.030,0.851,0.119
616500,0.030,0.847,0.123
617000,0.030,0.846,0.124
617500,0.030,0.897,0.073
618000,0.030,0.891,0.079
618500,0.030,0.874,0.096
619000,0.030,0.848,0.122
619500,0.030,0.804,0.166
620000,0.030,0.830,0.140
620500,0.030,0.834,0.136
621000,0.030,0.883,0.087
621500,0.030,0.888,0.082
622000,0.030,0.850,0.120
622500,0.030,0.850,0.120
623000,0.030,0.862,0.108
623500,0.030,0.857,0.113
624000,0.030,0.885,0.085
624500,0.030,0.856,0.114
625000,0.030,0.881,0.089
625500,0.030,0.874,0.096
626000,0.030,0.872,0.098
626500,0.030,0.871,0.099
627000,0.030,0.881,0.089
627500,0.030,0.854,0.116
628000,0.030,0.816,0.154
628500,0.030,0.826,0.144
629000,0.030,0.853,0.117
629500,0.030,0.867,0.103
630000,0.030,0.872,0.098
630500,0.030,0.866,0.104
631000,0.030,0.874,0.096
631500,0.030,0.862,0.108
632000,0.030,0.807,0.163
632500,0.030,0.781,0.189
633000,0.030,0.791,0.179
633500,0.030,0.832,0.138
634000,0.030,0.848,0.122
634500,0.030,0.856,0.114
635000,0.030,0.846,0.124
635500,0.030,0.834,0.136
636000,0.030,0.851,0.119
636500,0.030,0.851,0.119
637000,0.030,0.827,0.143
637500,0.030,0.783,0.187
638000,0.030,0.783,0.187
638500,0.030,0.773,0.197
639000,0.030,0.824,0.146
639500,0.030,0.834,0.136
640000,0.030,0.785,0.185
640500,0.030,0.792,0.177
641000,0.030,0.827,0.143
641500,0.030,0.826,0.144
642000,0.030,0.782,0.188
642500,0.030,0.796,0.174
643000,0.030,0.776,0.194
643500,0.030,0.761,0.209
644000,0.030,0.811,0.158
644500,0.030,0.825,0.145
645000,0.030,0.796,0.174
645500,0.030,0.786,0.183
646000,0.030,0.759,0.211
646500,0.030,0.774,0.196
647000,0.030,0.811,0.158
647500,0.030,0.777,0.193
648000,0.030,0.788,0.182
648500,0.030,0.776,0.194
649000,0.030,0.837,0.133
649500,0.030,0.838,0.132
650000,0.030,0.842,0.128
650500,0.030,0.850,0.120
651000,0.030,0.867,0.103
651500,0.030,0.842,0.128
652000,0.030,0.849,0.121
652500,0.030,0.871,0.099
653000,0.030,0.836,0.134
653500,0.030,0.839,0.131
654000,0.030,0.844,0.126
654500,0.030,0.825,0.145
655000,0.030,0.817,0.153
655500,0.030,0.838,0.132
656000,0.030,0.847,0.123
656500,0.030,0.869,0.101
657000,0.030,0.838,0.132
657500,0.030,0.837,0.133
658000,0.030,0.846,0.124
658500,0.030,0.812,0.158
659000,0.030,0.829,0.141
659500,0.030,0.821,0.149
660000,0.030,0.790,0.179
660500,0.030,0.813,0.157
661000,0.030,0.827,0.143
661500,0.030,0.824,0.146
662000,0.030,0.822,0.148
662500,0.030,0.850,0.120
663000,0.030,0.856,0.114
663500,0.030,0.874,0.096
664000,0.030,0.872,0.098
664500,0.030,0.858,0.112
665000,0.030,0.843,0.127
665500,0.030,0.847,0.123
666000,0.030,0.852,0.118
666500,0.030,0.881,0.089
667000,0.030,0.861,0.109
667500,0.030,0.837,0.133
668000,0.030,0.845,0.125
668500,0.030,0.835,0.135
669000,0.030,0.831,0.139
669500,0.030,0.828,0.142
670000,0.030,0.800,0.169
670500,0.030,0.829,0.141
671000,0.030,0.850,0.120
671500,0.030,0.865,0.105
672000,0.030,0.854,0.116
672500,0.030,0.828,0.142
673000,0.030,0.842,0.128
673500,0.030,0.855,0.115
674000,0.030,0.817,0.153
674500,0.030,0.826,0.144
675000,0.030,0.839,0.131
675500,0.030,0.840,0.130
676000,0.030,0.841,0.129
676500,0.030,0.855,0.115
677000,0.030,0.838,0.132
677500,0.030,0.829,0.141
678000,0.030,0.803,0.166
678500,0.030,0.837,0.133
679000,0.030,0.822,0.148
679500,0.030,0.818,0.152
680000,0.030,0.814,0.156
680500,0.030,0.810,0.160
681000,0.030,0.828,0.142
681500,0.030,0.837,0.133
682000,0.030,0.871,0.099
682500,0.030,0.860,0.110
683000,0.030,0.832,0.138
683500,0.030,0.834,0.136
684000,0.030,0.859,0.111
684500,0.030,0.875,0.095
685000,0.030,0.898,0.072
685500,0.030,0.891,0.079
686000,0.030,0.867,0.103
686500,0.030,0.865,0.105
687000,0.030,0.856,0.114
687500,0.030,0.843,0.127
688000,0.030,0.846,0.124
688500,0.030,0.842,0.128
689000,0.030,0.821,0.149
689500,0.030,0.816,0.154
690000,0.030,0.796,0.173
690500,0.030,0.788,0.181
691000,0.030,0.819,0.151
691500,0.030,0.820,0.150
692000,0.030,0.815,0.155
692500,0.030,0.845,0.125
693000,0.030,0.829,0.141
693500,0.030,0.822,0.148
694000,0.030,0.821,0.149
694500,0.030,0.768,0.202
695000,0.030,0.811,0.159
695500,0.030,0.837,0.133
696000,0.030,0.813,0.157
696500,0.030,0.848,0.122
697000,0.030,0.842,0.128
697500,0.030,0.836,0.134
698000,0.030,0.840,0.130
698500,0.030,0.796,0.174
699000,0.030,0.843,0.127
699500,0.030,0.837,0.133
700000,0.030,0.844,0.126
700500,0.030,0.832,0.138
701000,0.030,0.798,0.171
701500,0.030,0.811,0.158
702000,0.030,0.840,0.130
702500,0.030,0.871,0.099
703000,0.030,0.886,0.084
703500,0.030,0.886,0.084
704000,0.030,0.855,0.115
704500,0.030,0.854,0.116
705000,0.030,0.873,0.097
705500,0.030,0.856,0.114
706000,0.030,0.852,0.118
706500,0.030,0.877,0.093
707000,0.030,0.859,0.111
707500,0.030,0.897,0.073
708000,0.030,0.891,0.079
708500,0.030,0.848,0.122
709000,0.030,0.848,0.122
709500,0.030,0.861,0.109
710000,0.030,0.828,0.142
710500,0.030,0.821,0.149
711000,0.030,0.833,0.137
711500,0.030,0.847,0.123
712000,0.030,0.826,0.144
712500,0.030,0.823,0.147
713000,0.030,0.833,0.137
713500,0.030,0.843,0.127
714000,0.030,0.869,0.101
714500,0.030,0.845,0.125
715000,0.030,0.859,0.111
715500,0.030,0.830,0.140
716000,0.030,0.805,0.165
716500,0.030,0.787,0.182
717000,0.030,0.824,0.146
717500,0.030,0.796,0.173
718000,0.030,0.842,0.128
718500,0.030,0.842,0.128
719000,0.030,0.846,0.124
719500,0.030,0.833,0.137
720000,0.030,0.861,0.109
720500,0.030,0.848,0.122
721000,0.030,0.843,0.127
721500,0.030,0.795,0.175
722000,0.030,0.844,0.126
722500,0.030,0.836,0.134
723000,0.030,0.831,0.139
723500,0.030,0.798,0.171
724000,0.030,0.804,0.165
724500,0.030,0.819,0.151
725000,0.030,0.831,0.139
725500,0.030,0.812,0.157
726000,0.030,0.843,0.127
726500,0.030,0.865,0.105
727000,0.030,0.843,0.127
727500,0.030,0.817,0.153
728000,0.030,0.856,0.114
728500,0.030,0.840,0.130
729000,0.030,0.861,0.109
729500,0.030,0.872,0.098
730000,0.030,0.875,0.095
730500,0.030,0.849,0.121
731000,0.030,0.851,0.119
731500,0.030,0.840,0.130
732000,0.030,0.797,0.173
732500,0.030,0.836,0.134
733000,0.030,0.811,0.159
733500,0.030,0.831,0.139
734000,0.030,0.832,0.138
734500,0.030,0.818,0.152
735000,0.030,0.830,0.140
735500,0.030,0.838,0.132
736000,0.030,0.837,0.133
736500,0.030,0.866,0.104
737000,0.030,0.835,0.135
737500,0.030,0.834,0.136
738000,0.030,0.854,0.116
738500,0.030,0.872,0.098
739000,0.030,0.832,0.138
739500,0.030,0.808,0.161
740000,0.030,0.817,0.153
740500,0.030,0.807,0.162
741000,0.030,0.834,0.136
741500,0.030,0.834,0.136
742000,0.030,0.816,0.154
742500,0.030,0.842,0.128
743000,0.030,0.863,0.107
743500,0.030,0.878,0.092
744000,0.030,0.810,0.159
744500,0.030,0.845,0.125
745000,0.030,0.869,0.101
745500,0.030,0.855,0.115
746000,0.030,0.825,0.145
746500,0.030,0.826,0.144
747000,0.030,0.824,0.146
747500,0.030,0.810,0.159
748000,0.030,0.833,0.137
748500,0.030,0.866,0.104
749000,0.030,0.866,0.104
749500,0.030,0.867,0.103
750000,0.030,0.833,0.137
750500,0.030,0.824,0.146
751000,0.030,0.848,0.122
751500,0.030,0.863,0.107
752000,0.030,0.852,0.118
752500,0.030,0.820,0.150
753000,0.030,0.818,0.152
753500,0.030,0.835,0.135
754000,0.030,0.853,0.117
754500,0.030,0.864,0.106
755000,0.030,0.832,0.138
755500,0.030,0.846,0.124
756000,0.030,0.852,0.118
756500,0.030,0.867,0.103
757000,0.030,0.845,0.125
757500,0.030,0.840,0.130
758000,0.030,0.843,0.127
758500,0.030,0.849,0.121
759000,0.030,0.875,0.095
759500,0.030,0.842,0.128
760000,0.030,0.836,0.134
760500,0.030,0.825,0.145
761000,0.030,0.809,0.160
761500,0.030,0.841,0.129
762000,0.030,0.820,0.150
762500,0.030,0.817,0.153
763000,0.030,0.810,0.159
763500,0.030,0.828,0.142
764000,0.030,0.821,0.149
764500,0.030,0.827,0.143
765000,0.030,0.843,0.127
765500,0.030,0.852,0.118
766000,0.030,0.857,0.113
766500,0.030,0.871,0.099
767000,0.030,0.877,0.093
767500,0.030,0.827,0.143
768000,0.030,0.868,0.102
768500,0.030,0.819,0.151
769000,0.030,0.890,0.080
769500,0.030,0.900,0.070
770000,0.030,0.882,0.088
770500,0.030,0.865,0.105
771000,0.030,0.854,0.116
771500,0.030,0.864,0.106
772000,0.030,0.839,0.131
772500,0.030,0.842,0.128
773000,0.030,0.846,0.124
773500,0.030,0.818,0.152
774000,0.030,0.832,0.138
774500,0.030,0.835,0.135
775000,0.030,0.868,0.102
775500,0.030,0.846,0.124
776000,0.030,0.837,0.133
776500,0.030,0.850,0.120
777000,0.030,0.819,0.151
777500,0.030,0.830,0.140
778000,0.030,0.855,0.115
778500,0.030,0.862,0.108
779000,0.030,0.829,0.141
779500,0.030,0.849,0.121
780000,0.030,0.795,0.174
780500,0.030,0.788,0.182
781000,0.030,0.806,0.164
781500,0.030,0.829,0.141
782000,0.030,0.847,0.123
782500,0.030,0.898,0.072
783000,0.030,0.888,0.082
783500,0.030,0.849,0.121
784000,0.030,0.836,0.134
784500,0.030,0.831,0.139
785000,0.030,0.844,0.126
785500,0.030,0.846,0.124
786000,0.030,0.844,0.126
786500,0.030,0.838,0.132
787000,0.030,0.832,0.138
787500,0.030,0.830,0.140
788000,0.030,0.848,0.122
788500,0.030,0.806,0.163
789000,0.030,0.821,0.149
789500,0.030,0.793,0.177
790000,0.030,0.816,0.154
790500,0.030,0.784,0.185
791000,0.030,0.768,0.202
791500,0.030,0.826,0.144
792000,0.030,0.854,0.116
792500,0.030,0.860,0.110
793000,0.030,0.824,0.146
793500,0.030,0.799,0.171
794000,0.030,0.833,0.137
794500,0.030,0.799,0.170
795000,0.030,0.814,0.156
795500,0.030,0.820,0.150
796000,0.030,0.852,0.118
796500,0.030,0.855,0.115
797000,0.030,0.845,0.125
797500,0.030,0.870,0.100
798000,0.030,0.842,0.128
798500,0.030,0.828,0.142
799000,0.030,0.861,0.109
799500,0.030,0.855,0.115
800000,0.030,0.848,0.122
800500,0.030,0.823,0.147
801000,0.030,0.828,0.142
801500,0.030,0.838,0.132
802000,0.030,0.854,0.116
802500,0.030,0.821,0.149
803000,0.030,0.823,0.147
803500,0.030,0.806,0.163
804000,0.030,0.758,0.212
804500,0.030,0.768,0.202
805000,0.030,0.787,0.183
805500,0.030,0.809,0.161
806000,0.030,0.806,0.163
806500,0.030,0.825,0.145
807000,0.030,0.802,0.167
807500,0.030,0.782,0.188
808000,0.030,0.826,0.144
808500,0.030,0.848,0.122
809000,0.030,0.876,0.094
809500,0.030,0.865,0.105
810000,0.030,0.858,0.112
810500,0.030,0.856,0.114
811000,0.030,0.812,0.158
811500,0.030,0.838,0.132
812000,0.030,0.808,0.162
812500,0.030,0.808,0.162
813000,0.030,0.835,0.135
813500,0.030,0.841,0.129
814000,0.030,0.839,0.131
814500,0.030,0.799,0.170
815000,0.030,0.800,0.170
815500,0.030,0.821,0.149
816000,0.030,0.819,0.151
816500,0.030,0.828,0.142
817000,0.030,0.786,0.183
817500,0.030,0.790,0.180
818000,0.030,0.790,0.179
818500,0.030,0.806,0.164
819000,0.030,0.847,0.123
819500,0.030,0.809,0.161
820000,0.030,0.795,0.175
820500,0.030,0.846,0.124
821000,0.030,0.799,0.171
821500,0.030,0.799,0.171
822000,0.030,0.823,0.147
822500,0.030,0.807,0.162
823000,0.030,0.761,0.209
823500,0.030,0.784,0.186
824000,0.030,0.832,0.138
824500,0.030,0.815,0.155
825000,0.030,0.810,0.159
825500,0.030,0.809,0.161
826000,0.030,0.835,0.135
826500,0.030,0.786,0.184
827000,0.030,0.799,0.171
827500,0.030,0.816,0.154
828000,0.030,0.822,0.148
828500,0.030,0.845,0.125
829000,0.030,0.848,0.122
829500,0.030,0.845,0.125
830000,0.030,0.824,0.146
830500,0.030,0.825,0.145
831000,0.030,0.831,0.139
831500,0.030,0.822,0.148
832000,0.030,0.829,0.141
832500,0.030,0.831,0.139
833000,0.030,0.833,0.137
833500,0.030,0.852,0.118
834000,0.030,0.861,0.109
834500,0.030,0.839,0.131
835000,0.030,0.839,0.131
835500,0.030,0.812,0.157
836000,0.030,0.822,0.148
836500,0.030,0.841,0.129
837000,0.030,0.871,0.099
837500,0.030,0.840,0.130
838000,0.030,0.836,0.134
838500,0.030,0.816,0.154
839000,0.030,0.821,0.149
839500,0.030,0.826,0.144
840000,0.030,0.850,0.120
840500,0.030,0.843,0.127
841000,0.030,0.844,0.126
841500,0.030,0.840,0.130
842000,0.030,0.839,0.131
842500,0.030,0.826,0.144
843000,0.030,0.869,0.101
843500,0.030,0.803,0.167
844000,0.030,0.800,0.169
844500,0.030,0.831,0.139
845000,0.030,0.852,0.118
845500,0.030,0.828,0.142
846000,0.030,0.810,0.159
846500,0.030,0.777,0.193
847000,0.030,0.781,0.189
847500,0.030,0.772,0.198
848000,0.030,0.761,0.209
848500,0.030,0.783,0.187
849000,0.030,0.815,0.155
849500,0.030,0.779,0.191
850000,0.030,0.748,0.222
850500,0.030,0.793,0.176
851000,0.030,0.798,0.171
851500,0.030,0.767,0.203
852000,0.030,0.766,0.204
852500,0.030,0.772,0.198
853000,0.030,0.771,0.199
853500,0.030,0.831,0.139
854000,0.030,0.847,0.123
854500,0.030,0.840,0.130
855000,0.030,0.838,0.132
855500,0.030,0.861,0.109
856000,0.030,0.856,0.114
856500,0.030,0.835,0.135
857000,0.030,0.822,0.148
857500,0.030,0.841,0.129
858000,0.030,0.851,0.119
858500,0.030,0.858,0.112
859000,0.030,0.843,0.127
859500,0.030,0.860,0.110
860000,0.030,0.822,0.148
860500,0.030,0.839,0.131
861000,0.030,0.848,0.122
861500,0.030,0.849,0.121
862000,0.030,0.828,0.142
862500,0.030,0.811,0.158
863000,0.030,0.802,0.167
863500,0.030,0.797,0.172
864000,0.030,0.808,0.162
864500,0.030,0.810,0.160
865000,0.030,0.814,0.156
865500,0.030,0.790,0.180
866000,0.030,0.765,0.205
866500,0.030,0.794,0.176
867000,0.030,0.810,0.159
867500,0.030,0.804,0.166
868000,0.030,0.795,0.174
868500,0.030,0.830,0.140
869000,0.030,0.825,0.145
869500,0.030,0.839,0.131
870000,0.030,0.861,0.109
870500,0.030,0.875,0.095
871000,0.030,0.868,0.102
871500,0.030,0.883,0.087
872000,0.030,0.884,0.086
872500,0.030,0.875,0.095
873000,0.030,0.893,0.077
873500,0.030,0.855,0.115
874000,0.030,0.874,0.096
874500,0.030,0.862,0.108
875000,0.030,0.865,0.105
875500,0.030,0.861,0.109
876000,0.030,0.831,0.139
876500,0.030,0.806,0.163
877000,0.030,0.844,0.126
877500,0.030,0.848,0.122
878000,0.030,0.865,0.105
878500,0.030,0.850,0.120
879000,0.030,0.829,0.141
879500,0.030,0.824,0.146
880000,0.030,0.833,0.137
880500,0.030,0.827,0.143
881000,0.030,0.819,0.151
881500,0.030,0.855,0.115
882000,0.030,0.843,0.127
882500,0.030,0.848,0.122
883000,0.030,0.819,0.151
883500,0.030,0.830,0.140
884000,0.030,0.832,0.138
884500,0.030,0.812,0.157
885000,0.030,0.841,0.129
885500,0.030,0.840,0.130
886000,0.030,0.801,0.168
886500,0.030,0.825,0.145
887000,0.030,0.851,0.119
887500,0.030,0.845,0.125
888000,0.030,0.841,0.129
888500,0.030,0.825,0.145
889000,0.030,0.841,0.129
889500,0.030,0.839,0.131
890000,0.030,0.847,0.123
890500,0.030,0.839,0.131
891000,0.030,0.859,0.111
891500,0.030,0.869,0.101
892000,0.030,0.851,0.119
892500,0.030,0.834,0.136
893000,0.030,0.812,0.157
893500,0.030,0.833,0.137
894000,0.030,0.830,0.140
894500,0.030,0.833,0.137
895000,0.030,0.851,0.119
895500,0.030,0.874,0.096
896000,0.030,0.857,0.113
896500,0.030,0.841,0.129
897000,0.030,0.854,0.116
897500,0.030,0.850,0.120
898000,0.030,0.871,0.099
898500,0.030,0.863,0.107
899000,0.030,0.863,0.107
899500,0.030,0.842,0.128
900000,0.030,0.861,0.109
900500,0.030,0.821,0.149
901000,0.030,0.804,0.166
901500,0.030,0.799,0.170
902000,0.030,0.828,0.142
902500,0.030,0.805,0.164
903000,0.030,0.795,0.174
903500,0.030,0.787,0.182
904000,0.030,0.838,0.132
904500,0.030,0.814,0.156
905000,0.030,0.825,0.145
905500,0.030,0.839,0.131
906000,0.030,0.842,0.128
906500,0.030,0.872,0.098
907000,0.030,0.855,0.115
907500,0.030,0.841,0.129
908000,0.030,0.764,0.206
908500,0.031,0.748,0.221
909000,0.030,0.796,0.174
909500,0.030,0.796,0.173
910000,0.030,0.764,0.206
910500,0.030,0.770,0.200
911000,0.030,0.774,0.196
911500,0.030,0.801,0.168
912000,0.030,0.835,0.135
912500,0.030,0.839,0.131
913000,0.030,0.849,0.121
913500,0.030,0.849,0.121
914000,0.030,0.808,0.161
914500,0.030,0.811,0.159
915000,0.030,0.830,0.140
915500,0.030,0.808,0.161
916000,0.030,0.828,0.142
916500,0.030,0.878,0.092
917000,0.030,0.827,0.143
917500,0.030,0.792,0.178
918000,0.030,0.812,0.158
918500,0.030,0.776,0.194
919000,0.030,0.791,0.179
919500,0.030,0.824,0.146
920000,0.030,0.831,0.139
920500,0.030,0.834,0.136
921000,0.030,0.814,0.156
921500,0.030,0.801,0.169
922000,0.030,0.814,0.156
922500,0.030,0.812,0.158
923000,0.030,0.792,0.177
923500,0.030,0.808,0.161
924000,0.030,0.850,0.120
924500,0.030,0.880,0.090
925000,0.030,0.823,0.147
925500,0.030,0.835,0.135
926000,0.030,0.791,0.178
926500,0.030,0.790,0.180
927000,0.030,0.778,0.192
927500,0.030,0.829,0.141
928000,0.030,0.856,0.114
928500,0.030,0.850,0.120
929000,0.030,0.849,0.121
929500,0.030,0.881,0.089
930000,0.030,0.818,0.152
930500,0.030,0.844,0.126
931000,0.030,0.812,0.158
931500,0.030,0.829,0.141
932000,0.030,0.826,0.144
932500,0.030,0.845,0.125
933000,0.030,0.840,0.130
933500,0.030,0.845,0.125
934000,0.030,0.809,0.160
934500,0.030,0.836,0.134
935000,0.030,0.857,0.113
935500,0.030,0.867,0.103
936000,0.030,0.867,0.103
936500,0.030,0.856,0.114
937000,0.030,0.847,0.123
937500,0.030,0.845,0.125
938000,0.030,0.867,0.103
938500,0.030,0.854,0.116
939000,0.030,0.847,0.123
939500,0.030,0.838,0.132
940000,0.030,0.794,0.176
940500,0.030,0.802,0.167
941000,0.030,0.823,0.147
941500,0.030,0.795,0.174
942000,0.030,0.781,0.189
942500,0.030,0.797,0.173
943000,0.030,0.790,0.179
943500,0.030,0.818,0.152
944000,0.030,0.834,0.136
944500,0.030,0.850,0.120
945000,0.030,0.855,0.115
945500,0.030,0.851,0.119
946000,0.030,0.818,0.152
946500,0.030,0.875,0.095
947000,0.030,0.852,0.118
947500,0.030,0.810,0.160
948000,0.030,0.822,0.148
948500,0.030,0.825,0.145
949000,0.030,0.843,0.127
949500,0.030,0.847,0.123
950000,0.030,0.821,0.149
950500,0.030,0.839,0.131
951000,0.030,0.854,0.116
951500,0.030,0.839,0.131
952000,0.030,0.840,0.130
952500,0.030,0.840,0.130
953000,0.030,0.836,0.134
953500,0.030,0.862,0.108
954000,0.030,0.840,0.130
954500,0.030,0.834,0.136
955000,0.030,0.879,0.091
955500,0.030,0.855,0.115
956000,0.030,0.828,0.142
956500,0.030,0.828,0.142
957000,0.030,0.817,0.153
957500,0.030,0.835,0.135
958000,0.030,0.855,0.115
958500,0.030,0.867,0.103
959000,0.030,0.885,0.085
959500,0.030,0.837,0.133
960000,0.030,0.843,0.127
960500,0.030,0.799,0.170
961000,0.030,0.830,0.140
961500,0.030,0.831,0.139
962000,0.030,0.858,0.112
962500,0.030,0.847,0.123
963000,0.030,0.839,0.131
963500,0.030,0.828,0.142
964000,0.030,0.824,0.146
964500,0.030,0.861,0.109
965000,0.030,0.852,0.118
965500,0.030,0.875,0.095
966000,0.030,0.890,0.080
966500,0.030,0.857,0.113
967000,0.030,0.827,0.143
967500,0.030,0.826,0.144
968000,0.030,0.808,0.161
968500,0.030,0.829,0.141
969000,0.030,0.834,0.136
969500,0.030,0.841,0.129
970000,0.030,0.834,0.136
970500,0.030,0.838,0.132
971000,0.030,0.849,0.121
971500,0.030,0.832,0.138
972000,0.030,0.839,0.131
972500,0.030,0.866,0.104
973000,0.030,0.862,0.108
973500,0.030,0.851,0.119
974000,0.030,0.830,0.140
974500,0.030,0.837,0.133
975000,0.030,0.844,0.126
975500,0.030,0.842,0.128
976000,0.030,0.841,0.129
976500,0.030,0.840,0.130
977000,0.030,0.832,0.138
977500,0.030,0.855,0.115
978000,0.030,0.852,0.118
978500,0.030,0.840,0.130
979000,0.030,0.824,0.146
979500,0.030,0.832,0.138
980000,0.030,0.837,0.133
980500,0.030,0.838,0.132
981000,0.030,0.853,0.117
981500,0.030,0.864,0.106
982000,0.030,0.872,0.098
982500,0.030,0.838,0.132
983000,0.030,0.847,0.123
983500,0.030,0.875,0.095
984000,0.030,0.852,0.118
984500,0.030,0.860,0.110
985000,0.030,0.853,0.117
985500,0.030,0.821,0.149
986000,0.030,0.795,0.174
986500,0.030,0.805,0.165
987000,0.030,0.805,0.164
987500,0.030,0.823,0.147
988000,0.030,0.823,0.147
988500,0.030,0.816,0.154
989000,0.030,0.834,0.136
989500,0.030,0.807,0.162
990000,0.030,0.816,0.154
990500,0.030,0.808,0.162
991000,0.030,0.756,0.214
991500,0.030,0.780,0.190
992000,0.030,0.835,0.135
992500,0.030,0.844,0.126
993000,0.030,0.818,0.152
993500,0.030,0.825,0.145
994000,0.030,0.815,0.155
994500,0.030,0.841,0.129
995000,0.030,0.833,0.137
995500,0.030,0.841,0.129
996000,0.030,0.814,0.156
996500,0.030,0.814,0.156
997000,0.030,0.811,0.159
997500,0.030,0.802,0.168
998000,0.030,0.794,0.176
998500,0.030,0.852,0.118
999000,0.030,0.864,0.106
999500,0.030,0.859,0.111
1000000,0.030,0.862,0.108
