time,n_A+p,n_B,n_AB
100,0.030,0.966,0.004
200,0.030,0.959,0.011
300,0.030,0.955,0.015
400,0.030,0.952,0.018
500,0.030,0.943,0.027
600,0.030,0.937,0.033
700,0.030,0.928,0.042
800,0.030,0.930,0.040
900,0.030,0.924,0.046
1000,0.030,0.904,0.066
1100,0.030,0.900,0.070
1200,0.030,0.897,0.073
1300,0.030,0.889,0.081
1400,0.031,0.881,0.088
1500,0.030,0.873,0.097
1600,0.030,0.869,0.101
1700,0.030,0.853,0.117
1800,0.033,0.844,0.123
1900,0.034,0.841,0.125
2000,0.034,0.842,0.124
2100,0.034,0.841,0.125
2200,0.035,0.842,0.123
2300,0.033,0.834,0.133
2400,0.035,0.829,0.136
2500,0.037,0.817,0.146
2600,0.037,0.821,0.142
2700,0.040,0.813,0.147
2800,0.039,0.811,0.150
2900,0.039,0.802,0.159
3000,0.041,0.800,0.159
3100,0.039,0.799,0.162
3200,0.035,0.803,0.162
3300,0.034,0.788,0.178
3400,0.036,0.787,0.177
3500,0.040,0.791,0.169
3600,0.040,0.780,0.180
3700,0.040,0.789,0.171
3800,0.037,0.779,0.184
3900,0.040,0.769,0.191
4000,0.040,0.761,0.199
4100,0.042,0.750,0.208
4200,0.048,0.741,0.211
4300,0.054,0.736,0.210
4400,0.052,0.722,0.226
4500,0.052,0.719,0.229
4600,0.057,0.718,0.225
4700,0.056,0.711,0.233
4800,0.054,0.697,0.249
4900,0.056,0.693,0.251
5000,0.061,0.689,0.250
5100,0.062,0.687,0.251
5200,0.066,0.673,0.261
5300,0.063,0.678,0.259
5400,0.063,0.664,0.273
5500,0.063,0.670,0.267
5600,0.068,0.649,0.283
5700,0.071,0.646,0.283
5800,0.077,0.652,0.271
5900,0.076,0.645,0.279
6000,0.075,0.659,0.266
6100,0.069,0.655,0.276
6200,0.068,0.659,0.273
6300,0.067,0.646,0.287
6400,0.066,0.655,0.279
6500,0.071,0.653,0.276
6600,0.071,0.644,0.285
6700,0.068,0.654,0.278
6800,0.067,0.649,0.284
6900,0.066,0.644,0.290
7000,0.064,0.641,0.295
7100,0.065,0.641,0.294
7200,0.075,0.630,0.295
7300,0.074,0.619,0.307
7400,0.082,0.612,0.306
7500,0.086,0.616,0.298
7600,0.083,0.628,0.289
7700,0.082,0.622,0.296
7800,0.081,0.620,0.299
7900,0.085,0.619,0.296
8000,0.089,0.614,0.297
8100,0.089,0.594,0.317
8200,0.095,0.583,0.322
8300,0.100,0.583,0.317
8400,0.100,0.569,0.331
8500,0.106,0.563,0.331
8600,0.112,0.556,0.332
8700,0.109,0.555,0.336
8800,0.107,0.550,0.343
8900,0.114,0.543,0.343
9000,0.126,0.536,0.338
9100,0.115,0.536,0.349
9200,0.123,0.534,0.343
9300,0.124,0.539,0.337
9400,0.122,0.524,0.354
9500,0.124,0.514,0.362
9600,0.126,0.509,0.365
9700,0.124,0.500,0.376
9800,0.137,0.502,0.361
9900,0.133,0.518,0.349
10000,0.132,0.513,0.355
10100,0.126,0.510,0.364
10200,0.126,0.501,0.373
10300,0.121,0.502,0.377
10400,0.129,0.502,0.369
10500,0.131,0.502,0.367
10600,0.133,0.501,0.366
10700,0.131,0.499,0.370
10800,0.137,0.488,0.375
10900,0.153,0.479,0.368
11000,0.170,0.469,0.361
11100,0.167,0.464,0.369
11200,0.162,0.455,0.383
11300,0.165,0.440,0.395
11400,0.169,0.449,0.382
11500,0.172,0.441,0.387
11600,0.175,0.434,0.391
11700,0.180,0.423,0.397
11800,0.179,0.425,0.396
11900,0.176,0.418,0.406
12000,0.177,0.412,0.411
12100,0.185,0.402,0.413
12200,0.193,0.395,0.412
12300,0.211,0.384,0.405
12400,0.208,0.382,0.410
12500,0.214,0.374,0.412
12600,0.202,0.371,0.427
12700,0.213,0.366,0.421
12800,0.204,0.374,0.422
12900,0.210,0.361,0.429
13000,0.222,0.366,0.412
13100,0.221,0.364,0.415
13200,0.228,0.358,0.414
13300,0.251,0.361,0.388
13400,0.253,0.342,0.405
13500,0.246,0.338,0.416
13600,0.252,0.332,0.416
13700,0.254,0.347,0.399
13800,0.262,0.329,0.409
13900,0.270,0.313,0.417
14000,0.267,0.314,0.419
14100,0.260,0.324,0.416
14200,0.260,0.309,0.431
14300,0.262,0.308,0.430
14400,0.270,0.303,0.427
14500,0.276,0.293,0.431
14600,0.288,0.281,0.431
14700,0.297,0.283,0.420
14800,0.305,0.272,0.423
14900,0.312,0.270,0.418
15000,0.305,0.263,0.432
15100,0.302,0.266,0.432
15200,0.305,0.248,0.447
15300,0.311,0.260,0.429
15400,0.313,0.249,0.438
15500,0.311,0.240,0.449
15600,0.325,0.232,0.443
15700,0.324,0.245,0.431
15800,0.328,0.238,0.434
15900,0.326,0.242,0.432
16000,0.336,0.251,0.413
16100,0.334,0.263,0.403
16200,0.325,0.262,0.413
16300,0.329,0.250,0.421
16400,0.338,0.239,0.423
16500,0.347,0.239,0.414
16600,0.343,0.241,0.416
16700,0.334,0.235,0.431
16800,0.332,0.235,0.433
16900,0.333,0.244,0.423
17000,0.337,0.244,0.419
17100,0.338,0.245,0.417
17200,0.337,0.260,0.403
17300,0.341,0.260,0.399
17400,0.335,0.256,0.409
17500,0.332,0.255,0.413
17600,0.335,0.246,0.419
17700,0.333,0.250,0.417
17800,0.319,0.259,0.422
17900,0.323,0.247,0.430
18000,0.314,0.237,0.449
18100,0.312,0.245,0.443
18200,0.332,0.236,0.432
18300,0.313,0.232,0.455
18400,0.324,0.249,0.427
18500,0.338,0.236,0.426
18600,0.334,0.253,0.413
18700,0.334,0.250,0.416
18800,0.333,0.256,0.411
18900,0.344,0.254,0.402
19000,0.339,0.264,0.397
19100,0.338,0.270,0.392
19200,0.325,0.269,0.406
19300,0.317,0.260,0.423
19400,0.327,0.261,0.412
19500,0.343,0.253,0.404
19600,0.340,0.257,0.403
19700,0.343,0.251,0.406
19800,0.339,0.247,0.414
19900,0.337,0.247,0.416
20000,0.334,0.250,0.416
20100,0.329,0.239,0.432
20200,0.314,0.233,0.453
20300,0.304,0.243,0.453
20400,0.313,0.244,0.443
20500,0.311,0.241,0.448
20600,0.328,0.236,0.436
20700,0.323,0.236,0.441
20800,0.316,0.250,0.434
20900,0.315,0.242,0.443
21000,0.328,0.242,0.430
21100,0.336,0.232,0.432
21200,0.325,0.234,0.441
21300,0.349,0.235,0.416
21400,0.350,0.225,0.425
21500,0.333,0.228,0.439
21600,0.325,0.229,0.446
21700,0.343,0.225,0.432
21800,0.360,0.222,0.418
21900,0.359,0.228,0.413
22000,0.358,0.226,0.416
22100,0.364,0.222,0.414
22200,0.370,0.242,0.388
22300,0.368,0.227,0.405
22400,0.362,0.241,0.397
22500,0.365,0.238,0.397
22600,0.365,0.244,0.391
22700,0.357,0.243,0.400
22800,0.347,0.247,0.406
22900,0.330,0.250,0.420
23000,0.332,0.241,0.427
23100,0.323,0.233,0.444
23200,0.323,0.216,0.461
23300,0.320,0.213,0.467
23400,0.317,0.226,0.457
23500,0.319,0.225,0.456
23600,0.322,0.233,0.445
23700,0.338,0.233,0.429
23800,0.345,0.238,0.417
23900,0.372,0.224,0.404
24000,0.382,0.224,0.394
24100,0.379,0.239,0.382
24200,0.378,0.235,0.387
24300,0.364,0.224,0.412
24400,0.356,0.218,0.426
24500,0.348,0.232,0.420
24600,0.362,0.234,0.404
24700,0.364,0.234,0.402
24800,0.364,0.233,0.403
24900,0.367,0.227,0.406
25000,0.351,0.228,0.421
25100,0.346,0.229,0.425
25200,0.343,0.242,0.415
25300,0.348,0.248,0.404
25400,0.343,0.243,0.414
25500,0.342,0.243,0.415
25600,0.342,0.234,0.424
25700,0.335,0.240,0.425
25800,0.334,0.231,0.435
25900,0.345,0.233,0.422
26000,0.340,0.229,0.431
26100,0.335,0.236,0.429
26200,0.346,0.236,0.418
26300,0.351,0.245,0.404
26400,0.350,0.234,0.416
26500,0.363,0.226,0.411
26600,0.359,0.213,0.428
26700,0.352,0.218,0.430
26800,0.361,0.212,0.427
26900,0.359,0.222,0.419
27000,0.371,0.208,0.421
27100,0.375,0.205,0.420
27200,0.377,0.215,0.408
27300,0.372,0.211,0.417
27400,0.360,0.208,0.432
27500,0.377,0.215,0.408
27600,0.363,0.229,0.408
27700,0.375,0.224,0.401
27800,0.384,0.213,0.403
27900,0.382,0.211,0.407
28000,0.381,0.199,0.420
28100,0.388,0.201,0.411
28200,0.391,0.200,0.409
28300,0.401,0.189,0.410
28400,0.388,0.196,0.416
28500,0.392,0.201,0.407
28600,0.399,0.185,0.416
28700,0.407,0.185,0.408
28800,0.420,0.187,0.393
28900,0.427,0.193,0.380
29000,0.416,0.205,0.379
29100,0.422,0.200,0.378
29200,0.436,0.200,0.364
29300,0.453,0.183,0.364
29400,0.453,0.183,0.364
29500,0.441,0.195,0.364
29600,0.455,0.184,0.361
29700,0.438,0.190,0.372
29800,0.436,0.181,0.383
29900,0.451,0.173,0.376
30000,0.433,0.174,0.393
30100,0.436,0.168,0.396
30200,0.425,0.168,0.407
30300,0.424,0.175,0.401
30400,0.411,0.165,0.424
30500,0.418,0.159,0.423
30600,0.422,0.160,0.418
30700,0.405,0.157,0.438
30800,0.393,0.165,0.442
30900,0.395,0.161,0.444
31000,0.389,0.163,0.448
31100,0.403,0.150,0.447
31200,0.406,0.141,0.453
31300,0.426,0.146,0.428
31400,0.440,0.138,0.422
31500,0.458,0.152,0.390
31600,0.466,0.139,0.395
31700,0.470,0.123,0.407
31800,0.486,0.123,0.391
31900,0.503,0.114,0.383
32000,0.487,0.130,0.383
32100,0.489,0.135,0.376
32200,0.472,0.135,0.393
32300,0.463,0.131,0.406
32400,0.465,0.136,0.399
32500,0.459,0.151,0.390
32600,0.456,0.162,0.382
32700,0.451,0.160,0.389
32800,0.456,0.162,0.382
32900,0.453,0.161,0.386
33000,0.443,0.172,0.385
33100,0.438,0.184,0.378
33200,0.440,0.178,0.382
33300,0.436,0.173,0.391
33400,0.422,0.189,0.389
33500,0.421,0.186,0.393
33600,0.410,0.193,0.397
33700,0.421,0.191,0.388
33800,0.406,0.184,0.410
33900,0.412,0.186,0.402
34000,0.402,0.183,0.415
34100,0.402,0.171,0.427
34200,0.393,0.161,0.446
34300,0.395,0.154,0.451
34400,0.410,0.149,0.441
34500,0.411,0.156,0.433
34600,0.411,0.169,0.420
34700,0.414,0.156,0.430
34800,0.417,0.151,0.432
34900,0.427,0.151,0.422
35000,0.434,0.152,0.414
35100,0.442,0.165,0.393
35200,0.447,0.155,0.398
35300,0.444,0.161,0.395
35400,0.445,0.156,0.399
35500,0.432,0.161,0.407
35600,0.426,0.165,0.409
35700,0.442,0.154,0.404
35800,0.446,0.138,0.416
35900,0.460,0.135,0.405
36000,0.465,0.124,0.411
36100,0.463,0.131,0.406
36200,0.461,0.140,0.399
36300,0.459,0.135,0.406
36400,0.465,0.124,0.411
36500,0.467,0.135,0.398
36600,0.460,0.141,0.399
36700,0.452,0.149,0.399
36800,0.437,0.150,0.413
36900,0.441,0.138,0.421
37000,0.451,0.133,0.416
37100,0.435,0.138,0.427
37200,0.437,0.140,0.423
37300,0.444,0.140,0.416
37400,0.452,0.139,0.409
37500,0.442,0.143,0.415
37600,0.418,0.150,0.432
37700,0.423,0.153,0.424
37800,0.445,0.151,0.404
37900,0.439,0.147,0.414
38000,0.454,0.152,0.394
38100,0.454,0.153,0.393
38200,0.467,0.148,0.385
38300,0.471,0.159,0.370
38400,0.483,0.150,0.367
38500,0.494,0.147,0.359
38600,0.488,0.141,0.371
38700,0.488,0.129,0.383
38800,0.485,0.123,0.392
38900,0.475,0.121,0.404
39000,0.472,0.112,0.416
39100,0.479,0.115,0.406
39200,0.473,0.130,0.397
39300,0.472,0.122,0.406
39400,0.485,0.115,0.400
39500,0.496,0.119,0.385
39600,0.497,0.125,0.378
39700,0.497,0.112,0.391
39800,0.495,0.107,0.398
39900,0.485,0.108,0.407
40000,0.490,0.109,0.401
40100,0.484,0.125,0.391
40200,0.494,0.109,0.397
40300,0.493,0.107,0.400
40400,0.503,0.104,0.393
40500,0.503,0.105,0.392
40600,0.493,0.110,0.397
40700,0.490,0.111,0.399
40800,0.486,0.112,0.402
40900,0.475,0.108,0.417
41000,0.493,0.105,0.402
41100,0.481,0.119,0.400
41200,0.482,0.118,0.400
41300,0.482,0.123,0.395
41400,0.471,0.139,0.390
41500,0.475,0.152,0.373
41600,0.462,0.136,0.402
41700,0.456,0.135,0.409
41800,0.448,0.140,0.412
41900,0.444,0.141,0.415
42000,0.447,0.143,0.410
42100,0.435,0.150,0.415
42200,0.423,0.148,0.429
42300,0.426,0.148,0.426
42400,0.423,0.165,0.412
42500,0.423,0.163,0.414
42600,0.430,0.167,0.403
42700,0.439,0.163,0.398
42800,0.425,0.158,0.417
42900,0.422,0.155,0.423
43000,0.423,0.156,0.421
43100,0.413,0.166,0.421
43200,0.408,0.173,0.419
43300,0.413,0.179,0.408
43400,0.405,0.185,0.410
43500,0.399,0.184,0.417
43600,0.385,0.197,0.418
43700,0.401,0.186,0.413
43800,0.405,0.202,0.393
43900,0.398,0.195,0.407
44000,0.393,0.207,0.400
44100,0.400,0.207,0.393
44200,0.411,0.197,0.392
44300,0.419,0.192,0.389
44400,0.422,0.190,0.388
44500,0.410,0.198,0.392
44600,0.405,0.209,0.386
44700,0.395,0.200,0.405
44800,0.385,0.189,0.426
44900,0.391,0.204,0.405
45000,0.382,0.203,0.415
45100,0.380,0.206,0.414
45200,0.390,0.187,0.423
45300,0.404,0.182,0.414
45400,0.393,0.189,0.418
45500,0.392,0.191,0.417
45600,0.384,0.202,0.414
45700,0.398,0.195,0.407
45800,0.410,0.195,0.395
45900,0.411,0.188,0.401
46000,0.417,0.189,0.394
46100,0.407,0.197,0.396
46200,0.400,0.191,0.409
46300,0.381,0.194,0.425
46400,0.380,0.193,0.427
46500,0.399,0.191,0.410
46600,0.399,0.199,0.402
46700,0.405,0.190,0.405
46800,0.396,0.189,0.415
46900,0.408,0.182,0.410
47000,0.411,0.175,0.414
47100,0.419,0.168,0.413
47200,0.436,0.161,0.403
47300,0.441,0.156,0.403
47400,0.444,0.160,0.396
47500,0.450,0.164,0.386
47600,0.451,0.162,0.387
47700,0.457,0.156,0.387
47800,0.454,0.153,0.393
47900,0.458,0.166,0.376
48000,0.479,0.165,0.356
48100,0.475,0.157,0.368
48200,0.471,0.145,0.384
48300,0.480,0.135,0.385
48400,0.481,0.127,0.392
48500,0.496,0.119,0.385
48600,0.507,0.122,0.371
48700,0.496,0.124,0.380
48800,0.488,0.116,0.396
48900,0.491,0.117,0.392
49000,0.498,0.111,0.391
49100,0.506,0.101,0.393
49200,0.505,0.102,0.393
49300,0.523,0.108,0.369
49400,0.521,0.109,0.370
49500,0.519,0.106,0.375
49600,0.517,0.101,0.382
49700,0.517,0.103,0.380
49800,0.513,0.111,0.376
49900,0.498,0.105,0.397
50000,0.505,0.093,0.402
50100,0.516,0.094,0.390
50200,0.510,0.100,0.390
50300,0.522,0.100,0.378
50400,0.507,0.103,0.390
50500,0.517,0.103,0.380
50600,0.518,0.106,0.376
50700,0.521,0.107,0.372
50800,0.513,0.104,0.383
50900,0.519,0.108,0.373
51000,0.523,0.116,0.361
51100,0.533,0.115,0.352
51200,0.523,0.130,0.347
51300,0.536,0.132,0.332
51400,0.535,0.128,0.337
51500,0.534,0.121,0.345
51600,0.531,0.112,0.357
51700,0.509,0.119,0.372
51800,0.517,0.117,0.366
51900,0.519,0.115,0.366
52000,0.528,0.116,0.356
52100,0.517,0.123,0.360
52200,0.526,0.125,0.349
52300,0.519,0.123,0.358
52400,0.514,0.125,0.361
52500,0.510,0.138,0.352
52600,0.497,0.139,0.364
52700,0.494,0.135,0.371
52800,0.487,0.133,0.380
52900,0.468,0.137,0.395
53000,0.466,0.141,0.393
53100,0.468,0.146,0.386
53200,0.459,0.147,0.394
53300,0.448,0.164,0.388
53400,0.434,0.162,0.404
53500,0.443,0.166,0.391
53600,0.447,0.162,0.391
53700,0.444,0.165,0.391
53800,0.455,0.152,0.393
53900,0.442,0.156,0.402
54000,0.441,0.159,0.400
54100,0.446,0.159,0.395
54200,0.451,0.166,0.383
54300,0.465,0.153,0.382
54400,0.454,0.153,0.393
54500,0.451,0.154,0.395
54600,0.449,0.139,0.412
54700,0.433,0.155,0.412
54800,0.448,0.149,0.403
54900,0.458,0.145,0.397
55000,0.447,0.150,0.403
55100,0.443,0.169,0.388
55200,0.443,0.169,0.388
55300,0.433,0.170,0.397
55400,0.442,0.161,0.397
55500,0.444,0.169,0.387
55600,0.436,0.167,0.397
55700,0.427,0.167,0.406
55800,0.425,0.169,0.406
55900,0.424,0.156,0.420
56000,0.415,0.163,0.422
56100,0.406,0.163,0.431
56200,0.407,0.163,0.430
56300,0.396,0.160,0.444
56400,0.405,0.162,0.433
56500,0.413,0.165,0.422
56600,0.415,0.177,0.408
56700,0.410,0.175,0.415
56800,0.411,0.180,0.409
56900,0.417,0.185,0.398
57000,0.421,0.198,0.381
57100,0.427,0.195,0.378
57200,0.423,0.189,0.388
57300,0.419,0.187,0.394
57400,0.414,0.185,0.401
57500,0.411,0.190,0.399
57600,0.410,0.187,0.403
57700,0.403,0.188,0.409
57800,0.395,0.184,0.421
57900,0.384,0.175,0.441
58000,0.380,0.160,0.460
58100,0.372,0.165,0.463
58200,0.382,0.171,0.447
58300,0.371,0.173,0.456
58400,0.379,0.184,0.437
58500,0.375,0.197,0.428
58600,0.370,0.194,0.436
58700,0.382,0.189,0.429
58800,0.384,0.187,0.429
58900,0.383,0.181,0.436
59000,0.392,0.194,0.414
59100,0.376,0.203,0.421
59200,0.374,0.195,0.431
59300,0.378,0.171,0.451
59400,0.393,0.178,0.429
59500,0.393,0.189,0.418
59600,0.383,0.185,0.432
59700,0.383,0.183,0.434
59800,0.376,0.189,0.435
59900,0.379,0.182,0.439
60000,0.401,0.177,0.422
60100,0.386,0.173,0.441
60200,0.385,0.173,0.442
60300,0.384,0.187,0.429
60400,0.389,0.190,0.421
60500,0.398,0.181,0.421
60600,0.389,0.170,0.441
60700,0.393,0.171,0.436
60800,0.402,0.163,0.435
60900,0.402,0.167,0.431
61000,0.404,0.156,0.440
61100,0.405,0.167,0.428
61200,0.399,0.158,0.443
61300,0.402,0.164,0.434
61400,0.409,0.172,0.419
61500,0.412,0.177,0.411
61600,0.400,0.176,0.424
61700,0.416,0.178,0.406
61800,0.408,0.199,0.393
61900,0.403,0.192,0.405
62000,0.396,0.187,0.417
62100,0.394,0.187,0.419
62200,0.391,0.187,0.422
62300,0.403,0.197,0.400
62400,0.410,0.183,0.407
62500,0.425,0.186,0.389
62600,0.426,0.181,0.393
62700,0.417,0.177,0.406
62800,0.429,0.167,0.404
62900,0.428,0.177,0.395
63000,0.439,0.174,0.387
63100,0.439,0.172,0.389
63200,0.436,0.167,0.397
63300,0.438,0.171,0.391
63400,0.452,0.162,0.386
63500,0.463,0.144,0.393
63600,0.466,0.145,0.389
63700,0.474,0.135,0.391
63800,0.463,0.149,0.388
63900,0.462,0.136,0.402
64000,0.460,0.134,0.406
64100,0.449,0.144,0.407
64200,0.457,0.140,0.403
64300,0.461,0.134,0.405
64400,0.448,0.128,0.424
64500,0.458,0.123,0.419
64600,0.443,0.136,0.421
64700,0.441,0.144,0.415
64800,0.448,0.139,0.413
64900,0.449,0.132,0.419
65000,0.445,0.140,0.415
65100,0.455,0.141,0.404
65200,0.457,0.143,0.400
65300,0.456,0.149,0.395
65400,0.465,0.144,0.391
65500,0.472,0.146,0.382
65600,0.463,0.141,0.396
65700,0.468,0.136,0.396
65800,0.448,0.142,0.410
65900,0.454,0.143,0.403
66000,0.476,0.136,0.388
66100,0.481,0.132,0.387
66200,0.493,0.125,0.382
66300,0.488,0.124,0.388
66400,0.494,0.122,0.384
66500,0.485,0.125,0.390
66600,0.480,0.113,0.407
66700,0.480,0.121,0.399
66800,0.494,0.127,0.379
66900,0.478,0.138,0.384
67000,0.478,0.140,0.382
67100,0.475,0.134,0.391
67200,0.476,0.132,0.392
67300,0.482,0.138,0.380
67400,0.490,0.132,0.378
67500,0.488,0.131,0.381
67600,0.497,0.129,0.374
67700,0.501,0.128,0.371
67800,0.494,0.129,0.377
67900,0.493,0.128,0.379
68000,0.485,0.133,0.382
68100,0.475,0.150,0.375
68200,0.468,0.146,0.386
68300,0.452,0.141,0.407
68400,0.443,0.143,0.414
68500,0.459,0.147,0.394
68600,0.448,0.158,0.394
68700,0.446,0.167,0.387
68800,0.458,0.159,0.383
68900,0.451,0.169,0.380
69000,0.456,0.176,0.368
69100,0.462,0.180,0.358
69200,0.450,0.185,0.365
69300,0.438,0.180,0.382
69400,0.442,0.184,0.374
69500,0.451,0.181,0.368
69600,0.450,0.170,0.380
69700,0.434,0.184,0.382
69800,0.426,0.199,0.375
69900,0.422,0.197,0.381
70000,0.418,0.183,0.399
70100,0.426,0.187,0.387
70200,0.432,0.194,0.374
70300,0.430,0.194,0.376
70400,0.439,0.200,0.361
70500,0.435,0.202,0.363
70600,0.438,0.196,0.366
70700,0.433,0.196,0.371
70800,0.428,0.199,0.373
70900,0.431,0.194,0.375
71000,0.432,0.188,0.380
71100,0.446,0.192,0.362
71200,0.434,0.180,0.386
71300,0.430,0.171,0.399
71400,0.434,0.172,0.394
71500,0.443,0.153,0.404
71600,0.445,0.156,0.399
71700,0.442,0.156,0.402
71800,0.427,0.161,0.412
71900,0.421,0.164,0.415
72000,0.430,0.167,0.403
72100,0.437,0.152,0.411
72200,0.443,0.138,0.419
72300,0.448,0.148,0.404
72400,0.448,0.143,0.409
72500,0.446,0.131,0.423
72600,0.451,0.131,0.418
72700,0.478,0.139,0.383
72800,0.481,0.143,0.376
72900,0.480,0.133,0.387
73000,0.471,0.127,0.402
73100,0.473,0.130,0.397
73200,0.479,0.139,0.382
73300,0.493,0.138,0.369
73400,0.492,0.129,0.379
73500,0.493,0.124,0.383
73600,0.486,0.130,0.384
73700,0.495,0.130,0.375
73800,0.499,0.135,0.366
73900,0.499,0.136,0.365
74000,0.518,0.135,0.347
74100,0.512,0.136,0.352
74200,0.520,0.137,0.343
74300,0.510,0.135,0.355
74400,0.514,0.127,0.359
74500,0.505,0.128,0.367
74600,0.504,0.138,0.358
74700,0.492,0.153,0.355
74800,0.492,0.144,0.364
74900,0.490,0.145,0.365
75000,0.505,0.136,0.359
75100,0.483,0.141,0.376
75200,0.483,0.132,0.385
75300,0.478,0.123,0.399
75400,0.479,0.128,0.393
75500,0.491,0.129,0.380
75600,0.487,0.125,0.388
75700,0.495,0.123,0.382
75800,0.512,0.123,0.365
75900,0.509,0.115,0.376
76000,0.523,0.111,0.366
76100,0.508,0.108,0.384
76200,0.507,0.112,0.381
76300,0.505,0.113,0.382
76400,0.496,0.114,0.390
76500,0.503,0.107,0.390
76600,0.503,0.118,0.379
76700,0.512,0.118,0.370
76800,0.497,0.109,0.394
76900,0.509,0.113,0.378
77000,0.502,0.109,0.389
77100,0.497,0.117,0.386
77200,0.493,0.118,0.389
77300,0.495,0.112,0.393
77400,0.508,0.111,0.381
77500,0.514,0.119,0.367
77600,0.521,0.110,0.369
77700,0.509,0.105,0.386
77800,0.491,0.102,0.407
77900,0.493,0.100,0.407
78000,0.495,0.109,0.396
78100,0.491,0.114,0.395
78200,0.489,0.110,0.401
78300,0.496,0.113,0.391
78400,0.494,0.106,0.400
78500,0.495,0.113,0.392
78600,0.500,0.106,0.394
78700,0.502,0.101,0.397
78800,0.519,0.094,0.387
78900,0.516,0.090,0.394
79000,0.522,0.089,0.389
79100,0.525,0.093,0.382
79200,0.526,0.095,0.379
79300,0.518,0.099,0.383
79400,0.508,0.107,0.385
79500,0.498,0.099,0.403
79600,0.495,0.114,0.391
79700,0.503,0.120,0.377
79800,0.491,0.125,0.384
79900,0.483,0.123,0.394
80000,0.484,0.124,0.392
80100,0.471,0.131,0.398
80200,0.469,0.137,0.394
80300,0.470,0.129,0.401
80400,0.476,0.127,0.397
80500,0.479,0.125,0.396
80600,0.472,0.127,0.401
80700,0.464,0.138,0.398
80800,0.462,0.148,0.390
80900,0.472,0.150,0.378
81000,0.476,0.159,0.365
81100,0.457,0.161,0.382
81200,0.459,0.163,0.378
81300,0.451,0.160,0.389
81400,0.462,0.158,0.380
81500,0.456,0.166,0.378
81600,0.461,0.170,0.369
81700,0.453,0.161,0.386
81800,0.450,0.161,0.389
81900,0.459,0.155,0.386
82000,0.465,0.157,0.378
82100,0.468,0.155,0.377
82200,0.467,0.160,0.373
82300,0.480,0.148,0.372
82400,0.492,0.151,0.357
82500,0.475,0.153,0.372
82600,0.477,0.143,0.380
82700,0.468,0.128,0.404
82800,0.463,0.116,0.421
82900,0.459,0.118,0.423
83000,0.461,0.125,0.414
83100,0.463,0.127,0.410
83200,0.469,0.122,0.409
83300,0.467,0.120,0.413
83400,0.472,0.126,0.402
83500,0.469,0.121,0.410
83600,0.479,0.113,0.408
83700,0.490,0.116,0.394
83800,0.491,0.117,0.392
83900,0.497,0.114,0.389
84000,0.488,0.124,0.388
84100,0.471,0.122,0.407
84200,0.479,0.124,0.397
84300,0.472,0.123,0.405
84400,0.480,0.117,0.403
84500,0.481,0.105,0.414
84600,0.487,0.115,0.398
84700,0.485,0.119,0.396
84800,0.477,0.123,0.400
84900,0.477,0.129,0.394
85000,0.487,0.129,0.384
85100,0.507,0.130,0.363
85200,0.513,0.126,0.361
85300,0.512,0.128,0.360
85400,0.510,0.119,0.371
85500,0.523,0.120,0.357
85600,0.506,0.125,0.369
85700,0.513,0.119,0.368
85800,0.512,0.113,0.375
85900,0.522,0.107,0.371
86000,0.511,0.103,0.386
86100,0.528,0.092,0.380
86200,0.531,0.087,0.382
86300,0.532,0.084,0.384
86400,0.534,0.087,0.379
86500,0.530,0.093,0.377
86600,0.533,0.097,0.370
86700,0.537,0.096,0.367
86800,0.530,0.108,0.362
86900,0.519,0.106,0.375
87000,0.524,0.114,0.362
87100,0.528,0.110,0.362
87200,0.517,0.111,0.372
87300,0.512,0.111,0.377
87400,0.505,0.118,0.377
87500,0.505,0.119,0.376
87600,0.498,0.133,0.369
87700,0.501,0.124,0.375
87800,0.497,0.130,0.373
87900,0.499,0.127,0.374
88000,0.495,0.123,0.382
88100,0.505,0.119,0.376
88200,0.496,0.123,0.381
88300,0.494,0.127,0.379
88400,0.486,0.123,0.391
88500,0.477,0.116,0.407
88600,0.463,0.122,0.415
88700,0.470,0.118,0.412
88800,0.476,0.114,0.410
88900,0.468,0.117,0.415
89000,0.472,0.128,0.400
89100,0.474,0.124,0.402
89200,0.481,0.133,0.386
89300,0.495,0.131,0.374
89400,0.490,0.124,0.386
89500,0.498,0.130,0.372
89600,0.486,0.138,0.376
89700,0.491,0.140,0.369
89800,0.482,0.137,0.381
89900,0.482,0.130,0.388
90000,0.484,0.128,0.388
90100,0.471,0.139,0.390
90200,0.460,0.146,0.394
90300,0.474,0.134,0.392
90400,0.475,0.137,0.388
90500,0.484,0.134,0.382
90600,0.485,0.131,0.384
90700,0.494,0.129,0.377
90800,0.483,0.115,0.402
90900,0.487,0.106,0.407
91000,0.490,0.118,0.392
91100,0.481,0.124,0.395
91200,0.487,0.121,0.392
91300,0.496,0.117,0.387
91400,0.493,0.117,0.390
91500,0.503,0.135,0.362
91600,0.501,0.135,0.364
91700,0.497,0.134,0.369
91800,0.507,0.135,0.358
91900,0.505,0.135,0.360
92000,0.496,0.127,0.377
92100,0.495,0.121,0.384
92200,0.492,0.121,0.387
92300,0.485,0.126,0.389
92400,0.482,0.119,0.399
92500,0.484,0.122,0.394
92600,0.489,0.111,0.400
92700,0.497,0.121,0.382
92800,0.503,0.126,0.371
92900,0.508,0.126,0.366
93000,0.502,0.128,0.370
93100,0.511,0.114,0.375
93200,0.506,0.108,0.386
93300,0.521,0.108,0.371
93400,0.521,0.112,0.367
93500,0.511,0.109,0.380
93600,0.522,0.114,0.364
93700,0.519,0.115,0.366
93800,0.540,0.103,0.357
93900,0.539,0.108,0.353
94000,0.538,0.116,0.346
94100,0.526,0.120,0.354
94200,0.518,0.122,0.360
94300,0.520,0.115,0.365
94400,0.520,0.124,0.356
94500,0.526,0.126,0.348
94600,0.539,0.128,0.333
94700,0.546,0.126,0.328
94800,0.548,0.124,0.328
94900,0.551,0.112,0.337
95000,0.551,0.110,0.339
95100,0.552,0.113,0.335
95200,0.556,0.101,0.343
95300,0.539,0.098,0.363
95400,0.542,0.097,0.361
95500,0.544,0.107,0.349
95600,0.540,0.108,0.352
95700,0.534,0.115,0.351
95800,0.530,0.113,0.357
95900,0.538,0.101,0.361
96000,0.532,0.101,0.367
96100,0.529,0.099,0.372
96200,0.528,0.099,0.373
96300,0.523,0.114,0.363
96400,0.551,0.105,0.344
96500,0.543,0.109,0.348
96600,0.543,0.102,0.355
96700,0.544,0.100,0.356
96800,0.538,0.101,0.361
96900,0.531,0.102,0.367
97000,0.543,0.091,0.366
97100,0.549,0.094,0.357
97200,0.545,0.102,0.353
97300,0.544,0.110,0.346
97400,0.545,0.106,0.349
97500,0.537,0.105,0.358
97600,0.541,0.092,0.367
97700,0.530,0.095,0.375
97800,0.533,0.090,0.377
97900,0.526,0.088,0.386
98000,0.510,0.098,0.392
98100,0.511,0.101,0.388
98200,0.530,0.104,0.366
98300,0.540,0.098,0.362
98400,0.539,0.099,0.362
98500,0.543,0.103,0.354
98600,0.554,0.099,0.347
98700,0.553,0.102,0.345
98800,0.555,0.103,0.342
98900,0.559,0.088,0.353
99000,0.543,0.085,0.372
99100,0.543,0.087,0.370
99200,0.544,0.089,0.367
99300,0.552,0.087,0.361
99400,0.555,0.086,0.359
99500,0.538,0.086,0.376
99600,0.531,0.082,0.387
99700,0.532,0.084,0.384
99800,0.542,0.084,0.374
99900,0.536,0.086,0.378
100000,0.540,0.089,0.371
