time,n_A+p,n_B,n_AB
500,0.256,0.016,0.728
1000,0.477,0.000,0.523
1500,0.791,0.000,0.209
2000,0.750,0.000,0.250
2500,0.633,0.000,0.367
3000,0.548,0.000,0.452
3500,0.713,0.000,0.287
4000,0.710,0.000,0.290
4500,0.579,0.000,0.421
5000,0.674,0.000,0.326
5500,0.700,0.000,0.300
6000,0.698,0.000,0.302
6500,0.737,0.000,0.263
7000,0.617,0.000,0.383
7500,0.724,0.000,0.276
8000,0.780,0.000,0.220
8500,0.698,0.000,0.302
9000,0.780,0.000,0.220
9500,0.618,0.000,0.382
10000,0.696,0.000,0.304
10500,0.725,0.000,0.275
11000,0.629,0.000,0.371
11500,0.741,0.000,0.259
12000,0.829,0.000,0.171
12500,0.557,0.000,0.443
13000,0.770,0.000,0.230
13500,0.747,0.000,0.253
14000,0.645,0.000,0.355
14500,0.994,0.000,0.006
15000,1.000,0.000,0.000
