time,n_A+p,n_B,n_AB
500,0.080,0.863,0.057
1000,0.080,0.829,0.091
1500,0.080,0.771,0.149
2000,0.080,0.733,0.187
2500,0.085,0.692,0.224
3000,0.084,0.665,0.251
3500,0.081,0.644,0.275
4000,0.081,0.631,0.288
4500,0.082,0.610,0.308
5000,0.088,0.575,0.337
5500,0.093,0.557,0.350
6000,0.090,0.535,0.375
6500,0.097,0.526,0.377
7000,0.097,0.508,0.395
7500,0.094,0.510,0.396
8000,0.096,0.498,0.406
8500,0.105,0.489,0.405
9000,0.110,0.481,0.409
9500,0.109,0.459,0.432
10000,0.114,0.435,0.451
10500,0.124,0.431,0.444
11000,0.121,0.416,0.462
11500,0.133,0.413,0.454
12000,0.139,0.386,0.475
12500,0.131,0.383,0.486
13000,0.130,0.392,0.478
13500,0.151,0.379,0.470
14000,0.160,0.347,0.493
14500,0.150,0.362,0.487
15000,0.163,0.338,0.499
15500,0.170,0.316,0.514
16000,0.187,0.285,0.528
16500,0.185,0.272,0.543
17000,0.200,0.259,0.542
17500,0.196,0.268,0.536
18000,0.208,0.264,0.528
18500,0.220,0.251,0.530
19000,0.234,0.240,0.526
19500,0.265,0.195,0.540
20000,0.295,0.180,0.525
20500,0.328,0.152,0.520
21000,0.345,0.145,0.510
21500,0.351,0.130,0.519
22000,0.354,0.127,0.519
22500,0.378,0.110,0.512
23000,0.384,0.098,0.518
23500,0.428,0.082,0.489
24000,0.452,0.070,0.478
24500,0.499,0.050,0.451
25000,0.547,0.034,0.419
25500,0.578,0.029,0.393
26000,0.596,0.019,0.385
26500,0.625,0.017,0.358
27000,0.643,0.015,0.341
27500,0.700,0.006,0.294
28000,0.731,0.003,0.266
28500,0.750,0.003,0.247
29000,0.781,0.001,0.218
29500,0.804,0.001,0.195
30000,0.822,0.000,0.178
30500,0.839,0.000,0.161
31000,0.851,0.000,0.149
31500,0.849,0.000,0.151
32000,0.855,0.000,0.145
32500,0.860,0.000,0.140
33000,0.885,0.000,0.115
33500,0.903,0.000,0.097
34000,0.907,0.000,0.093
34500,0.919,0.000,0.081
35000,0.918,0.000,0.082
35500,0.933,0.000,0.067
36000,0.941,0.000,0.059
36500,0.946,0.000,0.054
37000,0.956,0.000,0.044
37500,0.970,0.000,0.030
38000,0.973,0.000,0.027
38500,0.979,0.000,0.021
39000,0.982,0.000,0.018
39500,0.985,0.000,0.015
40000,0.990,0.000,0.010
40500,0.994,0.000,0.006
41000,0.995,0.000,0.005
41500,0.997,0.000,0.003
42000,0.995,0.000,0.005
42500,0.995,0.000,0.005
43000,0.996,0.000,0.004
43500,0.997,0.000,0.003
44000,0.993,0.000,0.007
44500,0.993,0.000,0.007
45000,0.994,0.000,0.006
45500,0.995,0.000,0.005
46000,0.997,0.000,0.003
46500,0.995,0.000,0.005
47000,0.997,0.000,0.003
47500,0.997,0.000,0.003
48000,0.998,0.000,0.002
48500,0.999,0.000,0.001
49000,0.997,0.000,0.003
49500,0.999,0.000,0.001
50000,0.999,0.000,0.001
50500,1.000,0.000,0.000
51000,1.000,0.000,0.000
