time,n_A+p,n_B,n_AB
100,0.385,0.486,0.128
200,0.346,0.443,0.211
300,0.260,0.446,0.294
400,0.318,0.407,0.275
500,0.303,0.416,0.281
600,0.281,0.391,0.327
700,0.284,0.367,0.349
800,0.281,0.404,0.315
900,0.260,0.431,0.309
1000,0.266,0.446,0.287
1100,0.272,0.456,0.272
1200,0.281,0.416,0.303
1300,0.260,0.428,0.312
1400,0.294,0.443,0.263
1500,0.333,0.471,0.196
1600,0.309,0.477,0.214
1700,0.281,0.508,0.211
1800,0.300,0.502,0.199
1900,0.324,0.450,0.226
2000,0.349,0.474,0.177
2100,0.343,0.453,0.205
2200,0.339,0.459,0.202
2300,0.361,0.413,0.226
2400,0.367,0.404,0.229
2500,0.352,0.434,0.214
2600,0.343,0.413,0.245
2700,0.352,0.440,0.208
2800,0.361,0.437,0.202
2900,0.388,0.410,0.202
3000,0.401,0.425,0.174
3100,0.379,0.413,0.208
3200,0.382,0.388,0.229
3300,0.404,0.437,0.159
3400,0.391,0.413,0.196
3500,0.370,0.446,0.183
3600,0.370,0.440,0.190
3700,0.364,0.422,0.214
3800,0.358,0.446,0.196
3900,0.361,0.443,0.196
4000,0.370,0.446,0.183
4100,0.364,0.446,0.190
4200,0.373,0.434,0.193
4300,0.376,0.394,0.229
4400,0.379,0.398,0.223
4500,0.391,0.394,0.214
4600,0.422,0.370,0.208
4700,0.450,0.382,0.168
4800,0.468,0.370,0.162
4900,0.437,0.382,0.180
5000,0.462,0.373,0.165
5100,0.480,0.343,0.177
5200,0.489,0.339,0.171
5300,0.489,0.355,0.156
5400,0.492,0.358,0.150
5500,0.468,0.339,0.193
5600,0.456,0.355,0.190
5700,0.434,0.355,0.211
5800,0.407,0.333,0.260
5900,0.431,0.336,0.232
6000,0.428,0.346,0.226
6100,0.425,0.358,0.217
6200,0.413,0.352,0.235
6300,0.404,0.361,0.235
6400,0.398,0.370,0.232
6500,0.413,0.385,0.202
6600,0.413,0.382,0.205
6700,0.401,0.382,0.217
6800,0.428,0.358,0.214
6900,0.443,0.346,0.211
7000,0.468,0.315,0.217
7100,0.434,0.315,0.251
7200,0.440,0.318,0.242
7300,0.440,0.339,0.220
7400,0.440,0.324,0.235
7500,0.480,0.315,0.205
7600,0.474,0.312,0.214
7700,0.523,0.336,0.141
7800,0.514,0.333,0.153
7900,0.483,0.315,0.202
8000,0.502,0.315,0.183
8100,0.492,0.309,0.199
8200,0.483,0.300,0.217
8300,0.505,0.284,0.211
8400,0.523,0.306,0.171
8500,0.517,0.324,0.159
8600,0.508,0.321,0.171
8700,0.511,0.321,0.168
8800,0.538,0.318,0.144
8900,0.523,0.315,0.162
9000,0.557,0.330,0.113
9100,0.544,0.297,0.159
9200,0.544,0.281,0.174
9300,0.532,0.291,0.177
9400,0.532,0.294,0.174
9500,0.550,0.287,0.162
9600,0.578,0.291,0.131
9700,0.590,0.269,0.141
9800,0.615,0.257,0.128
9900,0.606,0.251,0.144
10000,0.602,0.248,0.150
10100,0.618,0.245,0.138
10200,0.624,0.229,0.147
10300,0.621,0.257,0.122
10400,0.627,0.242,0.131
10500,0.621,0.220,0.159
10600,0.642,0.211,0.147
10700,0.636,0.214,0.150
10800,0.636,0.223,0.141
10900,0.612,0.220,0.168
11000,0.633,0.226,0.141
11100,0.651,0.217,0.131
11200,0.645,0.235,0.119
11300,0.651,0.226,0.122
11400,0.667,0.226,0.107
11500,0.661,0.232,0.107
11600,0.676,0.217,0.107
11700,0.688,0.217,0.095
11800,0.691,0.208,0.101
11900,0.664,0.202,0.135
12000,0.673,0.202,0.125
12100,0.664,0.193,0.144
12200,0.670,0.168,0.162
12300,0.667,0.177,0.156
12400,0.679,0.205,0.116
12500,0.676,0.180,0.144
12600,0.676,0.202,0.122
12700,0.667,0.199,0.135
12800,0.667,0.223,0.110
12900,0.670,0.214,0.116
13000,0.673,0.229,0.098
13100,0.657,0.263,0.080
13200,0.657,0.272,0.070
13300,0.651,0.254,0.095
13400,0.657,0.248,0.095
13500,0.651,0.251,0.098
13600,0.664,0.229,0.107
13700,0.676,0.232,0.092
13800,0.673,0.220,0.107
13900,0.685,0.208,0.107
14000,0.673,0.193,0.135
14100,0.688,0.196,0.116
14200,0.673,0.205,0.122
14300,0.688,0.180,0.131
14400,0.688,0.180,0.131
14500,0.688,0.168,0.144
14600,0.676,0.202,0.122
14700,0.661,0.211,0.128
14800,0.664,0.226,0.110
14900,0.673,0.239,0.089
15000,0.682,0.245,0.073
15100,0.670,0.260,0.070
15200,0.661,0.248,0.092
15300,0.670,0.217,0.113
15400,0.667,0.217,0.116
15500,0.673,0.211,0.116
15600,0.664,0.226,0.110
15700,0.679,0.214,0.107
15800,0.682,0.202,0.116
15900,0.664,0.223,0.113
16000,0.657,0.245,0.098
16100,0.661,0.235,0.104
16200,0.657,0.251,0.092
16300,0.645,0.260,0.095
16400,0.639,0.251,0.110
16500,0.627,0.254,0.119
16600,0.633,0.281,0.086
16700,0.633,0.272,0.095
16800,0.615,0.272,0.113
16900,0.621,0.257,0.122
17000,0.630,0.266,0.104
17100,0.633,0.260,0.107
17200,0.648,0.251,0.101
17300,0.642,0.257,0.101
17400,0.648,0.232,0.119
17500,0.664,0.232,0.104
17600,0.676,0.220,0.104
17700,0.667,0.251,0.083
17800,0.664,0.232,0.104
17900,0.679,0.229,0.092
18000,0.676,0.226,0.098
18100,0.676,0.211,0.113
18200,0.676,0.208,0.116
18300,0.667,0.217,0.116
18400,0.667,0.223,0.110
18500,0.664,0.214,0.122
18600,0.661,0.217,0.122
18700,0.679,0.217,0.104
18800,0.670,0.226,0.104
18900,0.685,0.223,0.092
19000,0.691,0.217,0.092
19100,0.667,0.211,0.122
19200,0.654,0.214,0.131
19300,0.654,0.214,0.131
19400,0.667,0.211,0.122
19500,0.685,0.205,0.110
19600,0.664,0.202,0.135
19700,0.667,0.199,0.135
19800,0.667,0.211,0.122
19900,0.654,0.208,0.138
20000,0.664,0.211,0.125
20100,0.670,0.217,0.113
20200,0.682,0.180,0.138
20300,0.685,0.168,0.147
20400,0.682,0.180,0.138
20500,0.679,0.162,0.159
20600,0.694,0.174,0.131
20700,0.709,0.156,0.135
20800,0.716,0.150,0.135
20900,0.725,0.144,0.131
21000,0.737,0.159,0.104
21100,0.731,0.144,0.125
21200,0.749,0.147,0.104
21300,0.731,0.144,0.125
21400,0.700,0.113,0.187
21500,0.752,0.086,0.162
21600,0.780,0.119,0.101
21700,0.749,0.119,0.131
21800,0.771,0.110,0.119
21900,0.801,0.101,0.098
22000,0.826,0.092,0.083
22100,0.832,0.083,0.086
22200,0.844,0.058,0.098
22300,0.826,0.043,0.131
22400,0.829,0.040,0.131
22500,0.832,0.037,0.131
22600,0.850,0.031,0.119
22700,0.859,0.028,0.113
22800,0.887,0.024,0.089
22900,0.887,0.024,0.089
23000,0.884,0.021,0.095
23100,0.920,0.015,0.064
23200,0.908,0.012,0.080
23300,0.924,0.006,0.070
23400,0.939,0.006,0.055
23500,0.948,0.006,0.046
23600,0.966,0.003,0.031
23700,0.963,0.003,0.034
23800,0.963,0.003,0.034
23900,0.976,0.003,0.021
24000,0.979,0.003,0.018
24100,0.969,0.003,0.028
24200,0.972,0.003,0.024
24300,0.976,0.003,0.021
24400,0.982,0.003,0.015
24500,0.982,0.003,0.015
24600,0.988,0.003,0.009
24700,0.985,0.003,0.012
24800,0.985,0.003,0.012
24900,0.982,0.003,0.015
25000,0.982,0.003,0.015
25100,0.985,0.003,0.012
25200,0.985,0.003,0.012
25300,0.988,0.003,0.009
25400,0.988,0.003,0.009
25500,0.994,0.003,0.003
25600,0.997,0.003,0.000
25700,0.997,0.003,0.000
25800,0.994,0.003,0.003
25900,0.994,0.003,0.003
26000,0.994,0.003,0.003
26100,0.994,0.003,0.003
26200,0.994,0.003,0.003
26300,0.994,0.003,0.003
26400,0.994,0.003,0.003
26500,0.994,0.003,0.003
26600,0.994,0.003,0.003
26700,0.994,0.003,0.003
26800,0.994,0.000,0.006
26900,0.997,0.000,0.003
27000,0.997,0.000,0.003
27100,0.997,0.000,0.003
27200,1.000,0.000,0.000
