time,n_A+p,n_B,n_AB
100,0.373,0.471,0.156
200,0.315,0.407,0.278
300,0.297,0.407,0.297
400,0.257,0.385,0.358
500,0.251,0.385,0.364
600,0.254,0.407,0.339
700,0.251,0.398,0.352
800,0.229,0.422,0.349
900,0.211,0.413,0.376
1000,0.196,0.477,0.327
1100,0.183,0.437,0.379
1200,0.177,0.437,0.385
1300,0.202,0.462,0.336
1400,0.199,0.477,0.324
1500,0.199,0.465,0.336
1600,0.183,0.468,0.349
1700,0.180,0.495,0.324
1800,0.180,0.520,0.300
1900,0.183,0.511,0.306
2000,0.183,0.550,0.266
2100,0.202,0.532,0.266
2200,0.199,0.511,0.291
2300,0.229,0.468,0.303
2400,0.223,0.483,0.294
2500,0.229,0.474,0.297
2600,0.208,0.471,0.321
2700,0.202,0.477,0.321
2800,0.168,0.483,0.349
2900,0.168,0.489,0.343
3000,0.208,0.477,0.315
3100,0.193,0.498,0.309
3200,0.190,0.498,0.312
3300,0.193,0.523,0.284
3400,0.196,0.554,0.251
3500,0.174,0.587,0.239
3600,0.150,0.587,0.263
3700,0.168,0.621,0.211
3800,0.150,0.621,0.229
3900,0.153,0.618,0.229
4000,0.159,0.633,0.208
4100,0.171,0.621,0.208
4200,0.174,0.609,0.217
4300,0.147,0.596,0.257
4400,0.141,0.590,0.269
4500,0.135,0.602,0.263
4600,0.144,0.615,0.242
4700,0.147,0.630,0.223
4800,0.156,0.639,0.205
4900,0.156,0.615,0.229
5000,0.131,0.618,0.251
5100,0.141,0.633,0.226
5200,0.131,0.639,0.229
5300,0.122,0.621,0.257
5400,0.141,0.648,0.211
5500,0.135,0.661,0.205
5600,0.131,0.661,0.208
5700,0.128,0.679,0.193
5800,0.125,0.679,0.196
5900,0.110,0.651,0.239
6000,0.095,0.657,0.248
6100,0.076,0.673,0.251
6200,0.086,0.676,0.239
6300,0.076,0.685,0.239
6400,0.058,0.688,0.254
6500,0.046,0.709,0.245
6600,0.058,0.740,0.202
6700,0.064,0.761,0.174
6800,0.055,0.746,0.199
6900,0.055,0.755,0.190
7000,0.061,0.783,0.156
7100,0.055,0.774,0.171
7200,0.058,0.792,0.150
7300,0.040,0.777,0.183
7400,0.037,0.798,0.165
7500,0.031,0.813,0.156
7600,0.028,0.813,0.159
7700,0.018,0.829,0.153
7800,0.018,0.832,0.150
7900,0.018,0.853,0.128
8000,0.021,0.853,0.125
8100,0.015,0.869,0.116
8200,0.006,0.872,0.122
8300,0.003,0.890,0.107
8400,0.006,0.908,0.086
8500,0.006,0.927,0.067
8600,0.000,0.911,0.089
8700,0.006,0.927,0.067
8800,0.006,0.945,0.049
8900,0.003,0.954,0.043
9000,0.003,0.945,0.052
9100,0.003,0.969,0.028
9200,0.003,0.966,0.031
9300,0.000,0.969,0.031
9400,0.000,0.979,0.021
9500,0.000,0.976,0.024
9600,0.000,0.976,0.024
9700,0.000,0.976,0.024
9800,0.000,0.982,0.018
9900,0.000,0.991,0.009
10000,0.000,0.994,0.006
10100,0.000,0.994,0.006
10200,0.000,0.997,0.003
10300,0.000,0.997,0.003
10400,0.000,1.000,0.000
