time,n_A+p,n_B,n_AB
500,0.080,0.344,0.576
1000,0.102,0.082,0.816
1500,0.368,0.002,0.630
2000,0.671,0.000,0.329
2500,0.700,0.000,0.300
3000,0.687,0.000,0.313
3500,0.774,0.000,0.226
4000,0.753,0.000,0.247
4500,0.793,0.000,0.207
5000,0.805,0.000,0.195
5500,0.875,0.000,0.125
6000,0.830,0.000,0.170
6500,0.835,0.000,0.165
7000,0.887,0.000,0.113
7500,0.935,0.000,0.065
8000,0.977,0.000,0.023
8500,0.965,0.000,0.035
9000,0.953,0.000,0.047
9500,0.925,0.000,0.075
10000,0.963,0.000,0.037
10500,0.952,0.000,0.048
11000,0.986,0.000,0.014
11500,0.998,0.000,0.002
12000,1.000,0.000,0.000
