time,n_A+p,n_B,n_AB
500,0.050,0.869,0.081
1000,0.050,0.751,0.199
1500,0.050,0.611,0.339
2000,0.050,0.425,0.524
2500,0.050,0.273,0.677
3000,0.058,0.161,0.781
3500,0.071,0.113,0.816
4000,0.073,0.079,0.849
4500,0.070,0.050,0.880
5000,0.070,0.033,0.897
5500,0.079,0.031,0.890
6000,0.082,0.029,0.889
6500,0.091,0.027,0.881
7000,0.087,0.025,0.888
7500,0.082,0.025,0.893
8000,0.081,0.025,0.894
8500,0.074,0.022,0.904
9000,0.072,0.015,0.912
9500,0.079,0.021,0.901
10000,0.079,0.023,0.898
10500,0.086,0.017,0.898
11000,0.086,0.022,0.891
11500,0.085,0.019,0.896
12000,0.087,0.021,0.892
12500,0.072,0.020,0.907
13000,0.075,0.022,0.902
13500,0.073,0.029,0.898
14000,0.084,0.015,0.901
14500,0.083,0.019,0.898
15000,0.077,0.026,0.897
15500,0.080,0.029,0.892
16000,0.076,0.018,0.906
16500,0.094,0.018,0.889
17000,0.097,0.023,0.880
17500,0.085,0.012,0.903
18000,0.076,0.015,0.908
18500,0.084,0.016,0.900
19000,0.081,0.021,0.899
19500,0.080,0.024,0.896
20000,0.081,0.026,0.893
20500,0.079,0.021,0.900
21000,0.074,0.025,0.901
21500,0.070,0.026,0.904
22000,0.086,0.019,0.895
22500,0.086,0.021,0.893
23000,0.090,0.012,0.898
23500,0.098,0.015,0.888
24000,0.101,0.024,0.875
24500,0.093,0.033,0.874
25000,0.087,0.021,0.891
25500,0.086,0.026,0.888
26000,0.085,0.015,0.900
26500,0.087,0.018,0.895
27000,0.075,0.033,0.891
27500,0.079,0.027,0.894
28000,0.082,0.020,0.898
28500,0.090,0.023,0.886
29000,0.093,0.012,0.894
29500,0.094,0.026,0.880
30000,0.091,0.024,0.886
30500,0.082,0.024,0.895
31000,0.079,0.025,0.896
31500,0.087,0.025,0.888
32000,0.083,0.015,0.902
32500,0.074,0.025,0.902
33000,0.097,0.022,0.881
33500,0.097,0.024,0.879
34000,0.084,0.022,0.894
34500,0.087,0.018,0.895
35000,0.088,0.021,0.891
35500,0.092,0.017,0.891
36000,0.083,0.016,0.901
36500,0.090,0.014,0.895
37000,0.093,0.017,0.891
37500,0.079,0.022,0.899
38000,0.077,0.019,0.904
38500,0.084,0.009,0.907
39000,0.097,0.007,0.896
39500,0.095,0.011,0.895
40000,0.095,0.018,0.887
40500,0.098,0.018,0.885
41000,0.106,0.020,0.873
41500,0.095,0.018,0.887
42000,0.106,0.014,0.879
42500,0.095,0.016,0.889
43000,0.086,0.029,0.885
43500,0.069,0.031,0.900
44000,0.069,0.032,0.899
44500,0.084,0.024,0.893
45000,0.081,0.026,0.893
45500,0.087,0.015,0.898
46000,0.093,0.018,0.889
46500,0.089,0.017,0.895
47000,0.085,0.023,0.892
47500,0.077,0.028,0.894
48000,0.072,0.027,0.900
48500,0.081,0.028,0.891
49000,0.087,0.024,0.890
49500,0.083,0.021,0.896
50000,0.092,0.033,0.875
50500,0.084,0.035,0.881
51000,0.088,0.030,0.882
51500,0.079,0.036,0.885
52000,0.073,0.027,0.899
52500,0.077,0.026,0.897
53000,0.081,0.024,0.895
53500,0.084,0.013,0.903
54000,0.084,0.018,0.898
54500,0.091,0.019,0.890
55000,0.089,0.020,0.890
55500,0.086,0.028,0.885
56000,0.072,0.019,0.908
56500,0.068,0.023,0.909
57000,0.075,0.037,0.888
57500,0.075,0.035,0.890
58000,0.078,0.032,0.890
58500,0.089,0.026,0.885
59000,0.086,0.026,0.887
59500,0.099,0.029,0.872
60000,0.089,0.023,0.888
60500,0.088,0.016,0.895
61000,0.077,0.026,0.896
61500,0.078,0.021,0.902
62000,0.089,0.022,0.888
62500,0.088,0.022,0.890
63000,0.086,0.023,0.890
63500,0.087,0.020,0.893
64000,0.088,0.025,0.886
64500,0.097,0.028,0.876
65000,0.106,0.026,0.868
65500,0.091,0.025,0.884
66000,0.077,0.032,0.891
66500,0.079,0.033,0.888
67000,0.083,0.027,0.890
67500,0.077,0.021,0.903
68000,0.088,0.015,0.897
68500,0.081,0.032,0.887
69000,0.087,0.028,0.885
69500,0.080,0.027,0.893
70000,0.085,0.025,0.890
70500,0.084,0.026,0.890
71000,0.082,0.023,0.895
71500,0.102,0.028,0.870
72000,0.098,0.037,0.865
72500,0.101,0.030,0.869
73000,0.101,0.026,0.873
73500,0.090,0.019,0.890
74000,0.090,0.017,0.893
74500,0.078,0.025,0.897
75000,0.078,0.013,0.909
75500,0.094,0.020,0.886
76000,0.089,0.017,0.894
76500,0.083,0.020,0.897
77000,0.092,0.015,0.893
77500,0.091,0.015,0.894
78000,0.086,0.026,0.888
78500,0.098,0.022,0.880
79000,0.086,0.024,0.890
79500,0.092,0.025,0.883
80000,0.099,0.026,0.875
80500,0.088,0.018,0.893
81000,0.098,0.022,0.880
81500,0.089,0.023,0.888
82000,0.082,0.015,0.904
82500,0.102,0.018,0.881
83000,0.100,0.022,0.878
83500,0.088,0.020,0.892
84000,0.080,0.021,0.899
84500,0.070,0.018,0.911
85000,0.073,0.024,0.903
85500,0.079,0.022,0.899
86000,0.075,0.033,0.891
86500,0.071,0.025,0.903
87000,0.080,0.013,0.907
87500,0.086,0.018,0.895
88000,0.088,0.025,0.887
88500,0.093,0.017,0.890
89000,0.092,0.021,0.887
89500,0.089,0.026,0.885
90000,0.099,0.039,0.862
90500,0.090,0.040,0.870
91000,0.095,0.029,0.877
91500,0.087,0.028,0.885
92000,0.082,0.023,0.895
92500,0.093,0.018,0.889
93000,0.090,0.009,0.901
93500,0.095,0.014,0.891
94000,0.098,0.022,0.880
94500,0.106,0.033,0.861
95000,0.100,0.026,0.874
95500,0.081,0.020,0.899
96000,0.089,0.016,0.895
96500,0.092,0.024,0.884
97000,0.094,0.021,0.885
97500,0.083,0.021,0.897
98000,0.091,0.015,0.894
98500,0.092,0.021,0.888
99000,0.087,0.018,0.894
99500,0.079,0.014,0.907
100000,0.083,0.024,0.893
100500,0.090,0.025,0.886
101000,0.085,0.019,0.896
101500,0.083,0.021,0.896
102000,0.083,0.028,0.890
102500,0.080,0.026,0.894
103000,0.077,0.026,0.896
103500,0.084,0.034,0.883
104000,0.079,0.033,0.889
104500,0.093,0.032,0.875
105000,0.085,0.040,0.876
105500,0.099,0.034,0.868
106000,0.093,0.022,0.885
106500,0.084,0.021,0.895
107000,0.077,0.030,0.892
107500,0.082,0.029,0.890
108000,0.084,0.019,0.897
108500,0.086,0.019,0.895
109000,0.088,0.016,0.896
109500,0.082,0.013,0.906
110000,0.075,0.018,0.907
110500,0.082,0.016,0.902
111000,0.089,0.025,0.886
111500,0.076,0.025,0.900
112000,0.086,0.025,0.888
112500,0.086,0.024,0.890
113000,0.080,0.022,0.898
113500,0.081,0.026,0.893
114000,0.083,0.025,0.892
114500,0.079,0.018,0.903
115000,0.070,0.022,0.908
115500,0.080,0.022,0.898
116000,0.085,0.022,0.893
116500,0.086,0.033,0.881
117000,0.089,0.023,0.887
117500,0.090,0.019,0.891
118000,0.085,0.017,0.898
118500,0.088,0.018,0.894
119000,0.092,0.013,0.894
119500,0.097,0.017,0.887
120000,0.098,0.021,0.881
120500,0.098,0.028,0.874
121000,0.110,0.028,0.863
121500,0.110,0.018,0.872
122000,0.098,0.018,0.884
122500,0.095,0.019,0.886
123000,0.089,0.013,0.898
123500,0.089,0.019,0.891
124000,0.085,0.017,0.899
124500,0.090,0.017,0.893
125000,0.086,0.015,0.898
125500,0.081,0.011,0.908
126000,0.093,0.018,0.889
126500,0.098,0.019,0.883
127000,0.106,0.013,0.881
127500,0.090,0.017,0.892
128000,0.080,0.025,0.895
128500,0.085,0.022,0.893
129000,0.084,0.018,0.898
129500,0.091,0.019,0.889
130000,0.103,0.014,0.882
130500,0.091,0.018,0.891
131000,0.096,0.024,0.880
131500,0.083,0.029,0.888
132000,0.086,0.034,0.881
132500,0.080,0.023,0.897
133000,0.070,0.023,0.907
133500,0.075,0.021,0.903
134000,0.083,0.024,0.894
134500,0.082,0.024,0.895
135000,0.087,0.020,0.893
135500,0.087,0.012,0.901
136000,0.101,0.017,0.883
136500,0.092,0.013,0.894
137000,0.095,0.018,0.887
137500,0.092,0.016,0.891
138000,0.091,0.019,0.890
138500,0.088,0.021,0.890
139000,0.084,0.012,0.904
139500,0.077,0.011,0.912
140000,0.088,0.010,0.901
140500,0.083,0.018,0.899
141000,0.087,0.026,0.886
141500,0.079,0.031,0.890
142000,0.085,0.026,0.889
142500,0.082,0.025,0.894
143000,0.082,0.017,0.901
143500,0.085,0.013,0.902
144000,0.099,0.016,0.885
144500,0.088,0.016,0.895
145000,0.085,0.022,0.893
145500,0.085,0.015,0.900
146000,0.085,0.018,0.898
146500,0.087,0.020,0.893
147000,0.087,0.024,0.889
147500,0.093,0.027,0.879
148000,0.089,0.017,0.894
148500,0.093,0.018,0.889
149000,0.089,0.013,0.898
149500,0.081,0.011,0.909
150000,0.092,0.024,0.884
150500,0.084,0.019,0.897
151000,0.089,0.032,0.880
151500,0.088,0.032,0.879
152000,0.086,0.029,0.886
152500,0.095,0.030,0.875
153000,0.087,0.040,0.873
153500,0.080,0.024,0.896
154000,0.083,0.025,0.892
154500,0.093,0.018,0.889
155000,0.094,0.022,0.884
155500,0.078,0.018,0.904
156000,0.083,0.015,0.902
156500,0.082,0.013,0.905
157000,0.084,0.028,0.889
157500,0.081,0.029,0.890
158000,0.079,0.029,0.893
158500,0.077,0.021,0.902
159000,0.081,0.020,0.899
159500,0.084,0.011,0.905
160000,0.080,0.015,0.905
160500,0.084,0.018,0.898
161000,0.081,0.018,0.902
161500,0.077,0.017,0.907
162000,0.084,0.026,0.890
162500,0.088,0.029,0.883
163000,0.080,0.042,0.879
163500,0.074,0.042,0.884
164000,0.077,0.041,0.881
164500,0.082,0.025,0.893
165000,0.076,0.017,0.907
165500,0.099,0.011,0.890
166000,0.088,0.008,0.903
166500,0.088,0.025,0.887
167000,0.080,0.028,0.893
167500,0.080,0.023,0.897
168000,0.076,0.024,0.901
168500,0.071,0.023,0.905
169000,0.066,0.022,0.912
169500,0.080,0.019,0.901
170000,0.084,0.029,0.887
170500,0.075,0.038,0.886
171000,0.081,0.026,0.893
171500,0.079,0.026,0.895
172000,0.091,0.021,0.888
172500,0.090,0.019,0.891
173000,0.090,0.024,0.886
173500,0.088,0.026,0.885
174000,0.088,0.017,0.895
174500,0.092,0.018,0.890
175000,0.096,0.018,0.886
175500,0.097,0.018,0.885
176000,0.086,0.018,0.896
176500,0.086,0.016,0.897
177000,0.084,0.018,0.898
177500,0.091,0.017,0.893
178000,0.090,0.022,0.887
178500,0.086,0.028,0.886
179000,0.091,0.034,0.876
179500,0.082,0.035,0.884
180000,0.074,0.032,0.895
180500,0.081,0.025,0.895
181000,0.085,0.022,0.893
181500,0.087,0.026,0.887
182000,0.086,0.025,0.889
182500,0.093,0.023,0.883
183000,0.102,0.018,0.880
183500,0.099,0.009,0.893
184000,0.089,0.013,0.897
184500,0.095,0.018,0.887
185000,0.087,0.026,0.887
185500,0.098,0.015,0.887
186000,0.091,0.022,0.887
186500,0.097,0.025,0.878
187000,0.086,0.025,0.889
187500,0.091,0.029,0.880
188000,0.079,0.034,0.888
188500,0.077,0.030,0.893
189000,0.073,0.019,0.908
189500,0.078,0.035,0.887
190000,0.083,0.025,0.893
190500,0.081,0.020,0.899
191000,0.081,0.025,0.895
191500,0.072,0.025,0.903
192000,0.083,0.023,0.894
192500,0.078,0.026,0.896
193000,0.084,0.017,0.900
193500,0.094,0.018,0.889
194000,0.091,0.019,0.889
194500,0.102,0.018,0.880
195000,0.108,0.012,0.879
195500,0.096,0.011,0.893
196000,0.096,0.013,0.891
196500,0.101,0.024,0.876
197000,0.099,0.024,0.877
197500,0.098,0.029,0.873
198000,0.098,0.029,0.874
198500,0.092,0.024,0.884
199000,0.085,0.025,0.890
199500,0.081,0.029,0.890
200000,0.086,0.029,0.885
200500,0.079,0.034,0.888
201000,0.087,0.026,0.886
201500,0.093,0.020,0.886
202000,0.102,0.021,0.877
202500,0.085,0.021,0.894
203000,0.089,0.022,0.888
203500,0.088,0.022,0.889
204000,0.087,0.023,0.889
204500,0.087,0.032,0.880
205000,0.083,0.028,0.889
205500,0.093,0.021,0.886
206000,0.087,0.028,0.885
206500,0.086,0.020,0.894
207000,0.083,0.024,0.894
207500,0.083,0.014,0.903
208000,0.077,0.023,0.899
208500,0.095,0.021,0.884
209000,0.092,0.022,0.885
209500,0.083,0.018,0.899
210000,0.071,0.029,0.899
210500,0.071,0.027,0.901
211000,0.089,0.025,0.885
211500,0.092,0.017,0.890
212000,0.077,0.021,0.903
212500,0.073,0.014,0.913
213000,0.077,0.015,0.908
213500,0.082,0.019,0.899
214000,0.076,0.013,0.910
214500,0.074,0.021,0.904
215000,0.077,0.018,0.905
215500,0.073,0.017,0.911
216000,0.080,0.015,0.906
216500,0.084,0.017,0.899
217000,0.093,0.025,0.882
217500,0.087,0.024,0.888
218000,0.082,0.025,0.893
218500,0.075,0.019,0.905
219000,0.097,0.017,0.886
219500,0.095,0.019,0.886
220000,0.079,0.022,0.899
220500,0.092,0.025,0.882
221000,0.073,0.018,0.910
221500,0.075,0.018,0.907
222000,0.082,0.019,0.899
222500,0.086,0.012,0.901
223000,0.088,0.018,0.893
223500,0.095,0.017,0.888
224000,0.099,0.011,0.890
224500,0.102,0.015,0.884
225000,0.100,0.012,0.888
225500,0.103,0.015,0.882
226000,0.106,0.026,0.868
226500,0.100,0.018,0.882
227000,0.100,0.022,0.878
227500,0.088,0.021,0.892
228000,0.084,0.022,0.894
228500,0.098,0.028,0.875
229000,0.107,0.018,0.874
229500,0.102,0.013,0.885
230000,0.086,0.019,0.895
230500,0.090,0.032,0.879
231000,0.098,0.034,0.869
231500,0.096,0.024,0.880
232000,0.087,0.025,0.887
232500,0.089,0.025,0.886
233000,0.119,0.018,0.862
233500,0.098,0.030,0.872
234000,0.108,0.028,0.865
234500,0.096,0.017,0.888
235000,0.086,0.018,0.896
235500,0.093,0.024,0.883
236000,0.086,0.018,0.895
236500,0.084,0.017,0.900
237000,0.081,0.017,0.903
237500,0.085,0.022,0.893
238000,0.096,0.015,0.890
238500,0.086,0.011,0.903
239000,0.087,0.012,0.900
239500,0.088,0.014,0.898
240000,0.086,0.013,0.901
240500,0.084,0.015,0.901
241000,0.076,0.027,0.897
241500,0.090,0.018,0.893
242000,0.082,0.014,0.904
242500,0.081,0.014,0.905
243000,0.076,0.021,0.903
243500,0.084,0.025,0.892
244000,0.080,0.035,0.885
244500,0.096,0.022,0.882
245000,0.112,0.021,0.867
245500,0.110,0.017,0.873
246000,0.112,0.018,0.871
246500,0.104,0.017,0.880
247000,0.090,0.016,0.894
247500,0.085,0.018,0.897
248000,0.082,0.018,0.900
248500,0.084,0.017,0.900
249000,0.086,0.022,0.891
249500,0.081,0.013,0.906
250000,0.085,0.011,0.905
250500,0.089,0.011,0.899
251000,0.084,0.014,0.902
251500,0.077,0.015,0.908
252000,0.074,0.035,0.891
252500,0.067,0.035,0.899
253000,0.065,0.021,0.914
253500,0.072,0.026,0.902
254000,0.076,0.018,0.906
254500,0.086,0.017,0.897
255000,0.087,0.028,0.884
255500,0.085,0.023,0.892
256000,0.097,0.024,0.879
256500,0.092,0.026,0.881
257000,0.098,0.018,0.884
257500,0.092,0.019,0.888
258000,0.091,0.020,0.888
258500,0.083,0.018,0.900
259000,0.093,0.018,0.888
259500,0.089,0.015,0.896
260000,0.082,0.033,0.885
260500,0.095,0.021,0.884
261000,0.091,0.029,0.881
261500,0.086,0.027,0.887
262000,0.074,0.031,0.895
262500,0.076,0.032,0.892
263000,0.075,0.027,0.897
263500,0.075,0.024,0.901
264000,0.076,0.022,0.902
264500,0.075,0.029,0.896
265000,0.072,0.025,0.904
265500,0.070,0.025,0.905
266000,0.078,0.014,0.908
266500,0.073,0.029,0.897
267000,0.076,0.025,0.899
267500,0.086,0.025,0.888
268000,0.086,0.017,0.896
268500,0.091,0.022,0.887
269000,0.092,0.021,0.887
269500,0.083,0.019,0.898
270000,0.092,0.017,0.892
270500,0.087,0.018,0.895
271000,0.097,0.017,0.886
271500,0.099,0.016,0.885
272000,0.092,0.022,0.885
272500,0.090,0.024,0.887
273000,0.089,0.024,0.886
273500,0.090,0.020,0.889
274000,0.086,0.029,0.885
274500,0.105,0.022,0.872
275000,0.096,0.019,0.885
275500,0.081,0.018,0.902
276000,0.093,0.025,0.882
276500,0.101,0.025,0.875
277000,0.096,0.019,0.885
277500,0.106,0.025,0.870
278000,0.092,0.024,0.884
278500,0.095,0.039,0.866
279000,0.086,0.026,0.888
279500,0.095,0.022,0.883
280000,0.090,0.018,0.891
280500,0.090,0.018,0.893
281000,0.091,0.018,0.891
281500,0.088,0.013,0.899
282000,0.090,0.024,0.886
282500,0.089,0.031,0.880
283000,0.090,0.016,0.893
283500,0.092,0.029,0.878
284000,0.093,0.018,0.889
284500,0.093,0.016,0.890
285000,0.098,0.015,0.887
285500,0.083,0.020,0.897
286000,0.083,0.028,0.889
286500,0.085,0.023,0.892
287000,0.098,0.035,0.867
287500,0.099,0.018,0.883
288000,0.104,0.017,0.879
288500,0.098,0.021,0.881
289000,0.094,0.030,0.876
289500,0.101,0.027,0.872
290000,0.115,0.025,0.860
290500,0.094,0.025,0.881
291000,0.097,0.021,0.882
291500,0.089,0.027,0.883
292000,0.091,0.026,0.882
292500,0.083,0.030,0.887
293000,0.081,0.022,0.897
293500,0.086,0.015,0.900
294000,0.089,0.015,0.895
294500,0.081,0.009,0.910
295000,0.082,0.021,0.898
295500,0.077,0.013,0.909
296000,0.075,0.021,0.903
296500,0.083,0.018,0.899
297000,0.083,0.015,0.903
297500,0.098,0.009,0.894
298000,0.099,0.008,0.893
298500,0.115,0.018,0.867
299000,0.106,0.013,0.881
299500,0.099,0.012,0.889
300000,0.091,0.015,0.893
300500,0.083,0.021,0.896
301000,0.081,0.034,0.886
301500,0.080,0.022,0.898
302000,0.081,0.021,0.898
302500,0.081,0.025,0.894
303000,0.080,0.019,0.901
303500,0.074,0.018,0.907
304000,0.075,0.026,0.898
304500,0.079,0.021,0.901
305000,0.082,0.011,0.907
305500,0.085,0.015,0.901
306000,0.084,0.018,0.899
306500,0.087,0.019,0.893
307000,0.089,0.021,0.890
307500,0.089,0.022,0.889
308000,0.090,0.025,0.886
308500,0.096,0.027,0.877
309000,0.088,0.019,0.893
309500,0.080,0.013,0.907
310000,0.081,0.021,0.899
310500,0.081,0.016,0.903
311000,0.081,0.029,0.890
311500,0.084,0.020,0.896
312000,0.089,0.024,0.887
312500,0.099,0.016,0.885
313000,0.091,0.015,0.894
313500,0.091,0.021,0.887
314000,0.087,0.018,0.895
314500,0.081,0.013,0.906
315000,0.080,0.022,0.898
315500,0.076,0.025,0.900
316000,0.090,0.026,0.883
316500,0.090,0.028,0.883
317000,0.086,0.015,0.898
317500,0.084,0.018,0.899
318000,0.093,0.012,0.894
318500,0.096,0.013,0.891
319000,0.089,0.018,0.894
319500,0.080,0.024,0.897
320000,0.088,0.017,0.896
320500,0.082,0.029,0.889
321000,0.080,0.031,0.889
321500,0.072,0.034,0.895
322000,0.077,0.020,0.902
322500,0.082,0.023,0.895
323000,0.085,0.024,0.892
323500,0.085,0.019,0.896
324000,0.080,0.021,0.900
324500,0.077,0.021,0.901
325000,0.089,0.026,0.884
325500,0.091,0.014,0.894
326000,0.092,0.018,0.890
326500,0.089,0.013,0.898
327000,0.090,0.024,0.886
327500,0.095,0.022,0.883
328000,0.098,0.014,0.888
328500,0.095,0.017,0.888
329000,0.095,0.018,0.887
329500,0.095,0.016,0.889
330000,0.081,0.021,0.899
330500,0.086,0.029,0.885
331000,0.098,0.033,0.869
331500,0.090,0.025,0.884
332000,0.084,0.019,0.897
332500,0.074,0.018,0.907
333000,0.077,0.032,0.891
333500,0.085,0.022,0.893
334000,0.087,0.026,0.886
334500,0.083,0.023,0.894
335000,0.080,0.014,0.906
335500,0.102,0.013,0.886
336000,0.093,0.026,0.881
336500,0.086,0.022,0.892
337000,0.083,0.035,0.883
337500,0.087,0.030,0.882
338000,0.083,0.028,0.890
338500,0.084,0.020,0.896
339000,0.076,0.025,0.900
339500,0.077,0.025,0.897
340000,0.082,0.025,0.893
340500,0.089,0.034,0.878
341000,0.099,0.024,0.878
341500,0.116,0.017,0.868
342000,0.117,0.023,0.860
342500,0.103,0.019,0.878
343000,0.102,0.014,0.884
343500,0.095,0.015,0.890
344000,0.077,0.021,0.901
344500,0.080,0.013,0.908
345000,0.084,0.014,0.902
345500,0.095,0.017,0.889
346000,0.094,0.015,0.891
346500,0.091,0.011,0.898
347000,0.092,0.021,0.887
347500,0.095,0.016,0.889
348000,0.098,0.020,0.882
348500,0.083,0.019,0.898
349000,0.080,0.021,0.900
349500,0.082,0.018,0.901
350000,0.095,0.024,0.882
350500,0.086,0.022,0.891
351000,0.082,0.022,0.896
351500,0.089,0.018,0.892
352000,0.083,0.018,0.899
352500,0.097,0.015,0.888
353000,0.084,0.020,0.896
353500,0.087,0.018,0.896
354000,0.083,0.021,0.896
354500,0.084,0.035,0.881
355000,0.073,0.026,0.901
355500,0.071,0.018,0.910
356000,0.075,0.025,0.900
356500,0.070,0.032,0.898
357000,0.069,0.033,0.898
357500,0.074,0.040,0.887
358000,0.083,0.021,0.896
358500,0.096,0.021,0.884
359000,0.094,0.022,0.884
359500,0.084,0.018,0.898
360000,0.074,0.024,0.903
360500,0.077,0.029,0.895
361000,0.087,0.018,0.894
361500,0.097,0.025,0.878
362000,0.087,0.025,0.887
362500,0.088,0.026,0.886
363000,0.087,0.019,0.894
363500,0.086,0.014,0.899
364000,0.086,0.024,0.890
364500,0.083,0.021,0.896
365000,0.086,0.028,0.885
365500,0.082,0.031,0.887
366000,0.084,0.029,0.887
366500,0.088,0.040,0.872
367000,0.083,0.030,0.887
367500,0.088,0.036,0.876
368000,0.086,0.042,0.873
368500,0.099,0.038,0.863
369000,0.093,0.028,0.878
369500,0.088,0.017,0.895
370000,0.086,0.015,0.899
370500,0.102,0.015,0.883
371000,0.092,0.009,0.898
371500,0.091,0.020,0.889
372000,0.104,0.021,0.875
372500,0.098,0.030,0.872
373000,0.101,0.031,0.868
373500,0.108,0.015,0.876
374000,0.122,0.024,0.854
374500,0.114,0.016,0.870
375000,0.095,0.028,0.878
375500,0.095,0.018,0.887
376000,0.086,0.017,0.897
376500,0.086,0.021,0.892
377000,0.094,0.019,0.887
377500,0.094,0.022,0.884
378000,0.084,0.018,0.898
378500,0.088,0.019,0.893
379000,0.084,0.023,0.893
379500,0.090,0.017,0.892
380000,0.081,0.028,0.891
380500,0.077,0.023,0.900
381000,0.080,0.018,0.903
381500,0.089,0.013,0.898
382000,0.095,0.013,0.893
382500,0.090,0.015,0.896
383000,0.090,0.016,0.893
383500,0.093,0.011,0.896
384000,0.093,0.012,0.894
384500,0.092,0.015,0.893
385000,0.085,0.022,0.893
385500,0.083,0.022,0.895
386000,0.079,0.024,0.897
386500,0.072,0.029,0.898
387000,0.080,0.035,0.885
387500,0.077,0.025,0.898
388000,0.084,0.024,0.892
388500,0.095,0.021,0.884
389000,0.095,0.013,0.892
389500,0.089,0.024,0.888
390000,0.081,0.018,0.902
390500,0.099,0.015,0.886
391000,0.086,0.029,0.884
391500,0.095,0.030,0.875
392000,0.085,0.032,0.884
392500,0.083,0.026,0.891
393000,0.077,0.028,0.895
393500,0.085,0.030,0.885
394000,0.086,0.028,0.887
394500,0.095,0.020,0.885
395000,0.090,0.018,0.892
395500,0.093,0.018,0.889
396000,0.095,0.020,0.885
396500,0.099,0.015,0.887
397000,0.102,0.024,0.875
397500,0.096,0.021,0.884
398000,0.087,0.022,0.891
398500,0.086,0.034,0.880
399000,0.084,0.028,0.888
399500,0.074,0.030,0.896
400000,0.080,0.025,0.895
400500,0.083,0.029,0.889
401000,0.085,0.025,0.891
401500,0.084,0.025,0.891
402000,0.081,0.025,0.894
402500,0.076,0.025,0.899
403000,0.086,0.028,0.887
403500,0.085,0.018,0.897
404000,0.086,0.036,0.878
404500,0.083,0.034,0.883
405000,0.086,0.034,0.880
405500,0.088,0.024,0.887
406000,0.087,0.026,0.887
406500,0.086,0.025,0.888
407000,0.096,0.029,0.875
407500,0.105,0.034,0.861
408000,0.084,0.033,0.884
408500,0.077,0.025,0.898
409000,0.076,0.021,0.904
409500,0.093,0.021,0.885
410000,0.090,0.028,0.882
410500,0.090,0.030,0.880
411000,0.094,0.017,0.889
411500,0.099,0.020,0.881
412000,0.106,0.010,0.884
412500,0.091,0.012,0.897
413000,0.093,0.017,0.889
413500,0.082,0.009,0.909
414000,0.090,0.015,0.895
414500,0.093,0.015,0.892
415000,0.091,0.017,0.891
415500,0.103,0.020,0.876
416000,0.120,0.021,0.860
416500,0.113,0.015,0.873
417000,0.114,0.025,0.861
417500,0.114,0.029,0.857
418000,0.095,0.022,0.883
418500,0.101,0.017,0.882
419000,0.098,0.025,0.877
419500,0.097,0.017,0.887
420000,0.084,0.025,0.892
420500,0.082,0.018,0.900
421000,0.088,0.016,0.896
421500,0.111,0.015,0.874
422000,0.091,0.007,0.901
422500,0.091,0.015,0.894
423000,0.097,0.021,0.882
423500,0.089,0.018,0.892
424000,0.085,0.011,0.905
424500,0.093,0.019,0.888
425000,0.099,0.028,0.873
425500,0.089,0.028,0.882
426000,0.086,0.026,0.887
426500,0.081,0.021,0.899
427000,0.084,0.013,0.903
427500,0.087,0.015,0.898
428000,0.084,0.015,0.901
428500,0.092,0.013,0.896
429000,0.091,0.011,0.898
429500,0.089,0.013,0.899
430000,0.083,0.015,0.902
430500,0.092,0.021,0.887
431000,0.083,0.015,0.902
431500,0.084,0.009,0.907
432000,0.075,0.015,0.909
432500,0.095,0.018,0.887
433000,0.093,0.032,0.874
433500,0.089,0.019,0.892
434000,0.086,0.022,0.892
434500,0.088,0.022,0.890
435000,0.088,0.024,0.887
435500,0.084,0.022,0.894
436000,0.091,0.017,0.891
436500,0.090,0.020,0.889
437000,0.088,0.028,0.883
437500,0.096,0.019,0.885
438000,0.088,0.017,0.895
438500,0.104,0.018,0.878
439000,0.095,0.020,0.885
439500,0.099,0.022,0.879
440000,0.092,0.018,0.891
440500,0.091,0.019,0.890
441000,0.083,0.021,0.896
441500,0.077,0.025,0.897
442000,0.086,0.030,0.884
442500,0.090,0.025,0.884
443000,0.091,0.030,0.879
443500,0.090,0.021,0.888
444000,0.104,0.021,0.874
444500,0.110,0.019,0.871
445000,0.088,0.018,0.894
445500,0.084,0.036,0.880
446000,0.085,0.035,0.880
446500,0.084,0.024,0.892
447000,0.083,0.022,0.895
447500,0.104,0.030,0.865
448000,0.098,0.019,0.883
448500,0.084,0.021,0.895
449000,0.087,0.017,0.896
449500,0.086,0.026,0.888
450000,0.084,0.017,0.900
450500,0.085,0.024,0.892
451000,0.090,0.028,0.883
451500,0.089,0.021,0.890
452000,0.086,0.025,0.890
452500,0.085,0.023,0.892
453000,0.089,0.024,0.886
453500,0.092,0.013,0.895
454000,0.088,0.018,0.893
454500,0.079,0.023,0.898
455000,0.086,0.018,0.896
455500,0.095,0.031,0.874
456000,0.088,0.029,0.882
456500,0.088,0.019,0.893
457000,0.085,0.018,0.897
457500,0.085,0.014,0.901
458000,0.084,0.019,0.897
458500,0.085,0.019,0.896
459000,0.099,0.025,0.876
459500,0.079,0.025,0.896
460000,0.072,0.033,0.894
460500,0.077,0.033,0.891
461000,0.088,0.032,0.880
461500,0.089,0.030,0.880
462000,0.098,0.027,0.875
462500,0.084,0.042,0.874
463000,0.079,0.025,0.896
463500,0.077,0.029,0.894
464000,0.074,0.028,0.897
464500,0.078,0.029,0.893
465000,0.082,0.030,0.888
465500,0.082,0.025,0.893
466000,0.077,0.039,0.884
466500,0.076,0.036,0.887
467000,0.086,0.034,0.880
467500,0.088,0.022,0.890
468000,0.093,0.022,0.885
468500,0.080,0.016,0.904
469000,0.082,0.024,0.895
469500,0.087,0.021,0.892
470000,0.073,0.013,0.915
470500,0.072,0.018,0.911
471000,0.073,0.034,0.894
471500,0.094,0.017,0.890
472000,0.083,0.018,0.899
472500,0.094,0.018,0.888
473000,0.093,0.020,0.886
473500,0.086,0.019,0.895
474000,0.081,0.024,0.896
474500,0.094,0.024,0.882
475000,0.094,0.016,0.890
475500,0.086,0.018,0.896
476000,0.092,0.017,0.891
476500,0.091,0.016,0.892
477000,0.086,0.020,0.893
477500,0.093,0.021,0.886
478000,0.101,0.014,0.885
478500,0.092,0.013,0.895
479000,0.093,0.013,0.893
479500,0.083,0.021,0.896
480000,0.091,0.020,0.889
480500,0.087,0.017,0.896
481000,0.092,0.029,0.879
481500,0.084,0.022,0.894
482000,0.089,0.026,0.885
482500,0.092,0.015,0.892
483000,0.083,0.013,0.904
483500,0.083,0.029,0.889
484000,0.075,0.035,0.889
484500,0.085,0.028,0.888
485000,0.078,0.034,0.888
485500,0.077,0.025,0.898
486000,0.075,0.018,0.907
486500,0.088,0.018,0.894
487000,0.085,0.013,0.902
487500,0.083,0.015,0.903
488000,0.084,0.022,0.894
488500,0.089,0.026,0.884
489000,0.095,0.029,0.876
489500,0.091,0.023,0.886
490000,0.083,0.022,0.895
490500,0.085,0.029,0.886
491000,0.081,0.022,0.897
491500,0.090,0.035,0.875
492000,0.089,0.024,0.886
492500,0.083,0.018,0.899
493000,0.077,0.024,0.899
493500,0.091,0.021,0.887
494000,0.094,0.025,0.881
494500,0.077,0.015,0.907
495000,0.071,0.019,0.910
495500,0.085,0.028,0.887
496000,0.079,0.029,0.892
496500,0.080,0.034,0.887
497000,0.085,0.028,0.888
497500,0.086,0.021,0.894
498000,0.082,0.018,0.900
498500,0.084,0.028,0.888
499000,0.084,0.029,0.887
499500,0.082,0.024,0.895
500000,0.080,0.032,0.888
500500,0.078,0.033,0.890
501000,0.075,0.032,0.893
501500,0.074,0.034,0.892
502000,0.087,0.028,0.884
502500,0.077,0.021,0.901
503000,0.086,0.012,0.901
503500,0.086,0.009,0.905
504000,0.091,0.018,0.891
504500,0.104,0.015,0.881
505000,0.092,0.013,0.894
505500,0.090,0.021,0.889
506000,0.082,0.018,0.901
506500,0.086,0.033,0.882
507000,0.093,0.029,0.878
507500,0.088,0.035,0.877
508000,0.083,0.020,0.897
508500,0.086,0.021,0.894
509000,0.075,0.018,0.907
509500,0.085,0.014,0.901
510000,0.091,0.024,0.884
510500,0.096,0.021,0.883
511000,0.075,0.016,0.908
511500,0.082,0.019,0.899
512000,0.086,0.019,0.895
512500,0.089,0.015,0.895
513000,0.086,0.016,0.898
513500,0.088,0.013,0.899
514000,0.091,0.011,0.899
514500,0.098,0.015,0.888
515000,0.095,0.019,0.886
515500,0.095,0.025,0.880
516000,0.090,0.022,0.887
516500,0.091,0.033,0.876
517000,0.088,0.025,0.887
517500,0.090,0.019,0.891
518000,0.086,0.021,0.893
518500,0.082,0.025,0.893
519000,0.084,0.027,0.889
519500,0.099,0.024,0.878
520000,0.094,0.024,0.882
520500,0.081,0.021,0.899
521000,0.087,0.018,0.895
521500,0.092,0.010,0.898
522000,0.100,0.009,0.892
522500,0.096,0.013,0.891
523000,0.088,0.027,0.884
523500,0.103,0.019,0.878
524000,0.102,0.020,0.878
524500,0.091,0.024,0.886
525000,0.088,0.027,0.884
525500,0.087,0.018,0.894
526000,0.097,0.017,0.886
526500,0.091,0.015,0.894
527000,0.095,0.019,0.886
527500,0.082,0.015,0.903
528000,0.076,0.029,0.894
528500,0.078,0.018,0.904
529000,0.077,0.034,0.890
529500,0.074,0.032,0.894
530000,0.075,0.027,0.897
530500,0.076,0.029,0.894
531000,0.076,0.033,0.892
531500,0.078,0.025,0.898
532000,0.071,0.037,0.891
532500,0.081,0.026,0.893
533000,0.076,0.022,0.902
533500,0.069,0.025,0.907
534000,0.074,0.032,0.894
534500,0.079,0.020,0.901
535000,0.084,0.018,0.898
535500,0.108,0.014,0.877
536000,0.097,0.013,0.890
536500,0.091,0.015,0.893
537000,0.077,0.017,0.906
537500,0.073,0.025,0.902
538000,0.080,0.025,0.895
538500,0.084,0.019,0.897
539000,0.092,0.019,0.888
539500,0.093,0.029,0.879
540000,0.079,0.029,0.893
540500,0.090,0.027,0.883
541000,0.093,0.018,0.889
541500,0.088,0.018,0.894
542000,0.089,0.013,0.897
542500,0.086,0.013,0.902
543000,0.080,0.013,0.907
543500,0.084,0.025,0.892
544000,0.090,0.018,0.892
544500,0.095,0.015,0.891
545000,0.088,0.019,0.893
545500,0.086,0.021,0.893
546000,0.098,0.024,0.878
546500,0.091,0.019,0.889
547000,0.089,0.021,0.891
547500,0.091,0.029,0.879
548000,0.095,0.026,0.879
548500,0.104,0.025,0.871
549000,0.100,0.012,0.888
549500,0.100,0.014,0.886
550000,0.091,0.021,0.888
550500,0.096,0.017,0.888
551000,0.085,0.018,0.897
551500,0.089,0.017,0.894
552000,0.087,0.013,0.900
552500,0.084,0.014,0.902
553000,0.088,0.012,0.900
553500,0.083,0.016,0.901
554000,0.081,0.032,0.887
554500,0.091,0.034,0.876
555000,0.082,0.034,0.884
555500,0.099,0.037,0.864
556000,0.089,0.033,0.879
556500,0.090,0.022,0.887
557000,0.080,0.021,0.899
557500,0.085,0.018,0.897
558000,0.086,0.013,0.901
558500,0.104,0.013,0.883
559000,0.098,0.013,0.889
559500,0.088,0.019,0.892
560000,0.084,0.024,0.892
560500,0.084,0.030,0.886
561000,0.088,0.022,0.889
561500,0.079,0.027,0.894
562000,0.076,0.028,0.895
562500,0.077,0.028,0.895
563000,0.074,0.022,0.903
563500,0.084,0.035,0.881
564000,0.088,0.031,0.881
564500,0.087,0.027,0.886
565000,0.087,0.022,0.891
565500,0.088,0.022,0.889
566000,0.091,0.031,0.878
566500,0.089,0.018,0.893
567000,0.096,0.021,0.883
567500,0.104,0.015,0.881
568000,0.082,0.013,0.905
568500,0.086,0.014,0.899
569000,0.097,0.013,0.891
569500,0.092,0.020,0.887
570000,0.085,0.018,0.897
570500,0.091,0.017,0.893
571000,0.091,0.011,0.898
571500,0.095,0.021,0.885
572000,0.088,0.023,0.889
572500,0.088,0.027,0.884
573000,0.084,0.032,0.884
573500,0.079,0.022,0.899
574000,0.083,0.034,0.884
574500,0.081,0.033,0.887
575000,0.081,0.025,0.895
575500,0.077,0.026,0.896
576000,0.090,0.023,0.886
576500,0.092,0.021,0.887
577000,0.087,0.020,0.892
577500,0.081,0.022,0.897
578000,0.086,0.022,0.891
578500,0.084,0.021,0.895
579000,0.083,0.025,0.892
579500,0.087,0.025,0.887
580000,0.084,0.021,0.895
580500,0.086,0.021,0.892
581000,0.080,0.024,0.897
581500,0.082,0.020,0.898
582000,0.095,0.028,0.878
582500,0.085,0.025,0.891
583000,0.090,0.018,0.892
583500,0.100,0.019,0.881
584000,0.090,0.017,0.892
584500,0.088,0.029,0.883
585000,0.089,0.022,0.888
585500,0.094,0.025,0.882
586000,0.102,0.022,0.876
586500,0.091,0.029,0.881
587000,0.087,0.019,0.894
587500,0.079,0.025,0.896
588000,0.083,0.017,0.900
588500,0.085,0.014,0.901
589000,0.081,0.014,0.905
589500,0.092,0.021,0.887
590000,0.089,0.018,0.893
590500,0.099,0.017,0.885
591000,0.096,0.029,0.875
591500,0.090,0.026,0.883
592000,0.082,0.032,0.887
592500,0.074,0.032,0.894
593000,0.072,0.027,0.900
593500,0.097,0.033,0.870
594000,0.097,0.023,0.880
594500,0.090,0.024,0.886
595000,0.087,0.024,0.889
595500,0.088,0.029,0.883
596000,0.089,0.024,0.887
596500,0.084,0.024,0.893
597000,0.095,0.021,0.885
597500,0.096,0.015,0.889
598000,0.102,0.022,0.875
598500,0.096,0.019,0.885
599000,0.085,0.019,0.896
599500,0.086,0.019,0.895
600000,0.085,0.017,0.899
600500,0.080,0.015,0.906
601000,0.088,0.013,0.898
601500,0.075,0.018,0.907
602000,0.074,0.023,0.902
602500,0.083,0.032,0.885
603000,0.083,0.021,0.896
603500,0.082,0.029,0.889
604000,0.092,0.040,0.869
604500,0.083,0.030,0.887
605000,0.088,0.024,0.888
605500,0.094,0.020,0.886
606000,0.103,0.013,0.884
606500,0.089,0.009,0.901
607000,0.083,0.026,0.891
607500,0.080,0.024,0.897
608000,0.097,0.028,0.875
608500,0.085,0.029,0.887
609000,0.078,0.029,0.894
609500,0.084,0.015,0.901
610000,0.089,0.023,0.888
610500,0.084,0.023,0.893
611000,0.085,0.025,0.890
611500,0.091,0.025,0.883
612000,0.086,0.033,0.881
612500,0.086,0.036,0.878
613000,0.088,0.021,0.891
613500,0.090,0.017,0.892
614000,0.089,0.019,0.892
614500,0.092,0.025,0.883
615000,0.086,0.019,0.895
615500,0.085,0.019,0.896
616000,0.086,0.022,0.892
616500,0.091,0.014,0.894
617000,0.081,0.013,0.906
617500,0.075,0.018,0.907
618000,0.081,0.021,0.898
618500,0.079,0.014,0.907
619000,0.081,0.021,0.898
619500,0.096,0.034,0.870
620000,0.091,0.027,0.881
620500,0.089,0.026,0.884
621000,0.100,0.019,0.881
621500,0.096,0.022,0.882
622000,0.086,0.026,0.887
622500,0.085,0.029,0.886
623000,0.076,0.029,0.895
623500,0.077,0.028,0.895
624000,0.092,0.019,0.888
624500,0.087,0.019,0.894
625000,0.090,0.019,0.891
625500,0.094,0.021,0.885
626000,0.099,0.029,0.873
626500,0.100,0.022,0.878
627000,0.083,0.018,0.900
627500,0.085,0.018,0.897
628000,0.081,0.018,0.901
628500,0.090,0.022,0.888
629000,0.095,0.021,0.884
629500,0.092,0.015,0.893
630000,0.091,0.024,0.884
630500,0.088,0.015,0.897
631000,0.089,0.028,0.883
631500,0.091,0.028,0.882
632000,0.087,0.015,0.897
632500,0.087,0.022,0.890
633000,0.088,0.021,0.891
633500,0.100,0.022,0.878
634000,0.110,0.011,0.879
634500,0.094,0.015,0.892
635000,0.087,0.025,0.887
635500,0.096,0.024,0.881
636000,0.085,0.019,0.896
636500,0.086,0.019,0.895
637000,0.105,0.018,0.877
637500,0.100,0.017,0.883
638000,0.098,0.026,0.876
638500,0.076,0.028,0.896
639000,0.085,0.025,0.890
639500,0.077,0.028,0.895
640000,0.074,0.036,0.890
640500,0.089,0.019,0.891
641000,0.092,0.021,0.886
641500,0.086,0.023,0.891
642000,0.080,0.025,0.895
642500,0.081,0.023,0.896
643000,0.079,0.026,0.895
643500,0.089,0.019,0.892
644000,0.096,0.014,0.890
644500,0.095,0.017,0.888
645000,0.092,0.024,0.883
645500,0.091,0.018,0.891
646000,0.093,0.018,0.889
646500,0.099,0.021,0.881
647000,0.084,0.025,0.891
647500,0.073,0.025,0.901
648000,0.080,0.030,0.890
648500,0.086,0.030,0.884
649000,0.091,0.033,0.877
649500,0.093,0.025,0.881
650000,0.086,0.028,0.886
650500,0.096,0.022,0.882
651000,0.100,0.025,0.875
651500,0.101,0.026,0.873
652000,0.089,0.025,0.885
652500,0.101,0.026,0.873
653000,0.088,0.017,0.896
653500,0.085,0.019,0.896
654000,0.088,0.029,0.882
654500,0.092,0.032,0.875
655000,0.084,0.036,0.880
655500,0.086,0.020,0.894
656000,0.089,0.029,0.881
656500,0.088,0.023,0.889
657000,0.085,0.035,0.881
657500,0.086,0.025,0.889
658000,0.084,0.029,0.887
658500,0.090,0.025,0.885
659000,0.090,0.028,0.882
659500,0.081,0.019,0.900
660000,0.077,0.022,0.900
660500,0.072,0.022,0.906
661000,0.078,0.015,0.907
661500,0.078,0.011,0.911
662000,0.077,0.013,0.910
662500,0.070,0.011,0.919
663000,0.086,0.013,0.902
663500,0.090,0.019,0.890
664000,0.078,0.013,0.909
664500,0.091,0.014,0.895
665000,0.083,0.011,0.906
665500,0.087,0.024,0.889
666000,0.089,0.014,0.896
666500,0.079,0.025,0.897
667000,0.074,0.031,0.895
667500,0.086,0.025,0.889
668000,0.092,0.032,0.876
668500,0.085,0.018,0.897
669000,0.081,0.025,0.894
669500,0.086,0.018,0.896
670000,0.082,0.018,0.900
670500,0.079,0.021,0.900
671000,0.097,0.019,0.884
671500,0.088,0.015,0.897
672000,0.095,0.019,0.886
672500,0.094,0.018,0.889
673000,0.092,0.021,0.887
673500,0.095,0.024,0.881
674000,0.080,0.019,0.901
674500,0.087,0.017,0.895
675000,0.084,0.018,0.898
675500,0.094,0.021,0.885
676000,0.085,0.027,0.888
676500,0.086,0.020,0.894
677000,0.086,0.016,0.897
677500,0.095,0.014,0.891
678000,0.083,0.013,0.904
678500,0.089,0.015,0.895
679000,0.080,0.017,0.904
679500,0.082,0.009,0.910
680000,0.077,0.024,0.899
680500,0.081,0.019,0.900
681000,0.091,0.025,0.884
681500,0.091,0.023,0.885
682000,0.086,0.018,0.896
682500,0.082,0.018,0.901
683000,0.078,0.018,0.905
683500,0.088,0.017,0.894
684000,0.098,0.024,0.879
684500,0.088,0.016,0.895
685000,0.093,0.015,0.892
685500,0.079,0.013,0.909
686000,0.098,0.009,0.893
686500,0.093,0.018,0.888
687000,0.093,0.015,0.893
687500,0.085,0.024,0.892
688000,0.095,0.025,0.880
688500,0.091,0.025,0.885
689000,0.084,0.019,0.897
689500,0.081,0.020,0.899
690000,0.087,0.029,0.883
690500,0.095,0.029,0.877
691000,0.095,0.026,0.879
691500,0.083,0.026,0.891
692000,0.073,0.018,0.908
692500,0.086,0.032,0.883
693000,0.080,0.022,0.898
693500,0.097,0.021,0.882
694000,0.083,0.024,0.893
694500,0.081,0.018,0.901
695000,0.082,0.012,0.906
695500,0.080,0.015,0.905
696000,0.071,0.017,0.912
696500,0.081,0.022,0.897
697000,0.079,0.022,0.899
697500,0.079,0.025,0.896
698000,0.087,0.025,0.887
698500,0.080,0.024,0.896
699000,0.087,0.026,0.887
699500,0.089,0.013,0.898
700000,0.079,0.013,0.908
700500,0.092,0.018,0.891
701000,0.085,0.011,0.904
701500,0.087,0.004,0.908
702000,0.106,0.009,0.884
702500,0.096,0.010,0.894
703000,0.090,0.013,0.897
703500,0.098,0.025,0.878
704000,0.081,0.030,0.889
704500,0.072,0.021,0.906
705000,0.072,0.023,0.905
705500,0.073,0.024,0.902
706000,0.076,0.028,0.896
706500,0.082,0.023,0.895
707000,0.076,0.014,0.909
707500,0.089,0.014,0.896
708000,0.096,0.023,0.881
708500,0.100,0.013,0.887
709000,0.098,0.015,0.887
709500,0.104,0.015,0.881
710000,0.104,0.020,0.876
710500,0.090,0.015,0.894
711000,0.086,0.018,0.895
711500,0.091,0.018,0.891
712000,0.083,0.020,0.897
712500,0.089,0.020,0.891
713000,0.101,0.028,0.871
713500,0.106,0.024,0.870
714000,0.102,0.022,0.876
714500,0.104,0.019,0.876
715000,0.107,0.013,0.879
715500,0.098,0.014,0.888
716000,0.090,0.022,0.887
716500,0.094,0.021,0.886
717000,0.089,0.021,0.890
717500,0.096,0.025,0.879
718000,0.095,0.031,0.874
718500,0.081,0.032,0.887
719000,0.091,0.027,0.882
719500,0.076,0.028,0.896
720000,0.084,0.028,0.888
720500,0.076,0.040,0.883
721000,0.087,0.030,0.883
721500,0.086,0.028,0.887
722000,0.088,0.021,0.891
722500,0.091,0.028,0.882
723000,0.082,0.025,0.893
723500,0.077,0.029,0.893
724000,0.081,0.022,0.897
724500,0.083,0.038,0.879
725000,0.073,0.024,0.903
725500,0.081,0.028,0.892
726000,0.083,0.022,0.895
726500,0.084,0.021,0.895
727000,0.092,0.021,0.887
727500,0.087,0.018,0.895
728000,0.077,0.025,0.899
728500,0.085,0.027,0.888
729000,0.079,0.026,0.895
729500,0.077,0.022,0.900
730000,0.077,0.012,0.910
730500,0.082,0.018,0.900
731000,0.078,0.014,0.908
731500,0.078,0.014,0.908
732000,0.083,0.018,0.900
732500,0.085,0.031,0.884
733000,0.072,0.041,0.888
733500,0.072,0.035,0.892
734000,0.087,0.024,0.889
734500,0.095,0.026,0.879
735000,0.096,0.021,0.883
735500,0.098,0.019,0.883
736000,0.100,0.018,0.882
736500,0.092,0.019,0.888
737000,0.087,0.030,0.882
737500,0.081,0.021,0.899
738000,0.084,0.020,0.896
738500,0.086,0.019,0.894
739000,0.088,0.019,0.893
739500,0.085,0.022,0.893
740000,0.081,0.019,0.900
740500,0.079,0.021,0.900
741000,0.089,0.029,0.883
741500,0.086,0.025,0.888
742000,0.082,0.021,0.897
742500,0.081,0.018,0.901
743000,0.079,0.021,0.900
743500,0.082,0.018,0.900
744000,0.082,0.018,0.900
744500,0.094,0.017,0.889
745000,0.096,0.021,0.884
745500,0.100,0.016,0.884
746000,0.107,0.015,0.877
746500,0.108,0.015,0.877
747000,0.111,0.015,0.874
747500,0.101,0.022,0.877
748000,0.103,0.021,0.876
748500,0.105,0.017,0.878
749000,0.099,0.018,0.884
749500,0.101,0.021,0.879
750000,0.096,0.017,0.887
750500,0.089,0.018,0.892
751000,0.091,0.019,0.889
751500,0.092,0.019,0.889
752000,0.080,0.015,0.905
752500,0.083,0.010,0.907
753000,0.084,0.015,0.901
753500,0.087,0.012,0.901
754000,0.083,0.017,0.901
754500,0.081,0.021,0.899
755000,0.088,0.017,0.895
755500,0.086,0.025,0.889
756000,0.082,0.031,0.887
756500,0.087,0.030,0.882
757000,0.089,0.018,0.894
757500,0.096,0.029,0.876
758000,0.094,0.018,0.889
758500,0.088,0.019,0.893
759000,0.076,0.028,0.895
759500,0.083,0.034,0.884
760000,0.087,0.031,0.882
760500,0.079,0.035,0.886
761000,0.070,0.027,0.902
761500,0.077,0.025,0.897
762000,0.106,0.023,0.870
762500,0.091,0.029,0.879
763000,0.085,0.035,0.880
763500,0.081,0.030,0.889
764000,0.086,0.026,0.888
764500,0.091,0.022,0.886
765000,0.090,0.020,0.890
765500,0.076,0.013,0.910
766000,0.089,0.011,0.900
766500,0.098,0.026,0.876
767000,0.103,0.018,0.880
767500,0.088,0.017,0.894
768000,0.084,0.021,0.895
768500,0.089,0.019,0.892
769000,0.092,0.021,0.886
769500,0.094,0.017,0.890
770000,0.092,0.018,0.889
770500,0.106,0.021,0.872
771000,0.103,0.022,0.874
771500,0.091,0.019,0.889
772000,0.097,0.021,0.882
772500,0.091,0.024,0.884
773000,0.077,0.024,0.898
773500,0.087,0.027,0.886
774000,0.088,0.017,0.895
774500,0.091,0.022,0.887
775000,0.093,0.018,0.889
775500,0.092,0.011,0.896
776000,0.095,0.017,0.888
776500,0.089,0.029,0.882
777000,0.087,0.030,0.882
777500,0.078,0.032,0.890
778000,0.077,0.033,0.891
778500,0.084,0.026,0.890
779000,0.091,0.025,0.884
779500,0.083,0.026,0.891
780000,0.092,0.015,0.892
780500,0.091,0.017,0.893
781000,0.092,0.017,0.891
781500,0.105,0.013,0.882
782000,0.106,0.011,0.882
782500,0.087,0.021,0.892
783000,0.077,0.019,0.903
783500,0.078,0.025,0.897
784000,0.077,0.026,0.897
784500,0.079,0.026,0.895
785000,0.078,0.021,0.901
785500,0.074,0.027,0.899
786000,0.074,0.024,0.903
786500,0.086,0.019,0.895
787000,0.091,0.016,0.893
787500,0.084,0.015,0.902
788000,0.081,0.019,0.900
788500,0.075,0.037,0.888
789000,0.072,0.031,0.896
789500,0.085,0.037,0.878
790000,0.084,0.030,0.886
790500,0.083,0.029,0.888
791000,0.083,0.022,0.895
791500,0.079,0.028,0.893
792000,0.084,0.025,0.892
792500,0.076,0.022,0.902
793000,0.075,0.024,0.900
793500,0.078,0.026,0.896
794000,0.080,0.022,0.898
794500,0.086,0.022,0.892
795000,0.079,0.021,0.900
795500,0.085,0.024,0.891
796000,0.091,0.028,0.880
796500,0.081,0.026,0.893
797000,0.089,0.030,0.880
797500,0.090,0.027,0.883
798000,0.080,0.030,0.890
798500,0.069,0.016,0.915
799000,0.091,0.009,0.899
799500,0.082,0.018,0.901
800000,0.082,0.032,0.886
800500,0.090,0.032,0.879
801000,0.083,0.028,0.889
801500,0.085,0.032,0.884
802000,0.086,0.021,0.894
802500,0.079,0.017,0.905
803000,0.093,0.021,0.886
803500,0.087,0.022,0.890
804000,0.081,0.021,0.898
804500,0.093,0.017,0.890
805000,0.092,0.015,0.894
805500,0.086,0.011,0.902
806000,0.076,0.015,0.909
806500,0.076,0.026,0.897
807000,0.083,0.025,0.893
807500,0.080,0.021,0.900
808000,0.084,0.018,0.899
808500,0.097,0.011,0.892
809000,0.088,0.012,0.900
809500,0.092,0.015,0.892
810000,0.090,0.017,0.893
810500,0.083,0.010,0.907
811000,0.083,0.015,0.902
811500,0.083,0.029,0.888
812000,0.083,0.034,0.884
812500,0.085,0.022,0.893
813000,0.082,0.021,0.897
813500,0.081,0.022,0.897
814000,0.080,0.025,0.895
814500,0.072,0.026,0.902
815000,0.076,0.025,0.899
815500,0.069,0.027,0.904
816000,0.094,0.026,0.880
816500,0.091,0.025,0.885
817000,0.089,0.035,0.876
817500,0.077,0.019,0.903
818000,0.079,0.040,0.882
818500,0.083,0.022,0.895
819000,0.085,0.025,0.891
819500,0.083,0.015,0.902
820000,0.090,0.022,0.888
820500,0.085,0.019,0.896
821000,0.103,0.025,0.871
821500,0.088,0.021,0.890
822000,0.096,0.018,0.886
822500,0.086,0.013,0.900
823000,0.092,0.015,0.892
823500,0.090,0.023,0.886
824000,0.092,0.013,0.895
824500,0.086,0.011,0.903
825000,0.086,0.015,0.899
825500,0.087,0.029,0.884
826000,0.089,0.018,0.892
826500,0.089,0.015,0.896
827000,0.093,0.021,0.887
827500,0.094,0.015,0.891
828000,0.088,0.009,0.903
828500,0.084,0.023,0.893
829000,0.084,0.016,0.900
829500,0.088,0.011,0.901
830000,0.093,0.013,0.893
830500,0.083,0.013,0.905
831000,0.086,0.021,0.893
831500,0.094,0.015,0.891
832000,0.088,0.024,0.888
832500,0.093,0.024,0.882
833000,0.087,0.018,0.895
833500,0.093,0.024,0.883
834000,0.092,0.019,0.889
834500,0.102,0.014,0.884
835000,0.089,0.011,0.899
835500,0.083,0.019,0.898
836000,0.092,0.018,0.890
836500,0.086,0.018,0.896
837000,0.095,0.032,0.873
837500,0.099,0.021,0.881
838000,0.090,0.025,0.885
838500,0.082,0.023,0.895
839000,0.089,0.017,0.895
839500,0.093,0.011,0.896
840000,0.086,0.008,0.905
840500,0.087,0.011,0.901
841000,0.088,0.011,0.900
841500,0.089,0.013,0.898
842000,0.082,0.021,0.898
842500,0.087,0.020,0.893
843000,0.086,0.021,0.893
843500,0.089,0.015,0.897
844000,0.102,0.011,0.886
844500,0.086,0.017,0.897
845000,0.086,0.021,0.893
845500,0.077,0.024,0.900
846000,0.080,0.028,0.892
846500,0.090,0.026,0.884
847000,0.086,0.028,0.886
847500,0.074,0.025,0.901
848000,0.083,0.014,0.903
848500,0.078,0.024,0.899
849000,0.080,0.030,0.890
849500,0.080,0.035,0.886
850000,0.080,0.033,0.887
850500,0.076,0.024,0.901
851000,0.082,0.030,0.888
851500,0.095,0.019,0.886
852000,0.085,0.028,0.888
852500,0.090,0.033,0.877
853000,0.081,0.034,0.885
853500,0.076,0.025,0.898
854000,0.077,0.025,0.898
854500,0.088,0.017,0.895
855000,0.089,0.013,0.899
855500,0.090,0.021,0.889
856000,0.087,0.022,0.891
856500,0.086,0.017,0.897
857000,0.083,0.018,0.899
857500,0.085,0.025,0.891
858000,0.084,0.030,0.886
858500,0.080,0.028,0.892
859000,0.082,0.029,0.889
859500,0.083,0.026,0.891
860000,0.085,0.033,0.882
860500,0.100,0.029,0.871
861000,0.091,0.022,0.886
861500,0.091,0.034,0.874
862000,0.084,0.031,0.885
862500,0.091,0.025,0.885
863000,0.104,0.018,0.877
863500,0.103,0.024,0.872
864000,0.104,0.019,0.876
864500,0.103,0.028,0.868
865000,0.108,0.028,0.863
865500,0.095,0.025,0.880
866000,0.106,0.021,0.873
866500,0.100,0.022,0.878
867000,0.099,0.007,0.894
867500,0.094,0.015,0.891
868000,0.089,0.015,0.896
868500,0.088,0.017,0.895
869000,0.087,0.021,0.891
869500,0.097,0.022,0.881
870000,0.098,0.023,0.879
870500,0.095,0.028,0.878
871000,0.090,0.028,0.882
871500,0.088,0.016,0.896
872000,0.087,0.018,0.895
872500,0.095,0.019,0.886
873000,0.081,0.030,0.889
873500,0.089,0.030,0.881
874000,0.080,0.029,0.892
874500,0.082,0.025,0.893
875000,0.091,0.028,0.882
875500,0.085,0.017,0.899
876000,0.082,0.021,0.898
876500,0.080,0.018,0.902
877000,0.075,0.024,0.901
877500,0.076,0.024,0.900
878000,0.077,0.018,0.904
878500,0.070,0.022,0.907
879000,0.083,0.025,0.892
879500,0.086,0.018,0.896
880000,0.085,0.016,0.899
880500,0.080,0.020,0.900
881000,0.085,0.018,0.898
881500,0.087,0.018,0.894
882000,0.092,0.018,0.890
882500,0.089,0.014,0.897
883000,0.085,0.009,0.906
883500,0.081,0.010,0.909
884000,0.094,0.020,0.886
884500,0.101,0.016,0.883
885000,0.086,0.011,0.903
885500,0.096,0.024,0.881
886000,0.084,0.018,0.898
886500,0.092,0.019,0.888
887000,0.082,0.022,0.896
887500,0.084,0.030,0.886
888000,0.096,0.028,0.877
888500,0.080,0.022,0.898
889000,0.081,0.024,0.896
889500,0.079,0.028,0.893
890000,0.079,0.028,0.893
890500,0.081,0.026,0.893
891000,0.088,0.021,0.891
891500,0.086,0.021,0.893
892000,0.097,0.021,0.882
892500,0.102,0.032,0.866
893000,0.085,0.032,0.883
893500,0.087,0.026,0.887
894000,0.079,0.015,0.906
894500,0.085,0.019,0.896
895000,0.093,0.018,0.889
895500,0.090,0.027,0.882
896000,0.090,0.024,0.885
896500,0.089,0.021,0.889
897000,0.097,0.022,0.881
897500,0.089,0.032,0.879
898000,0.094,0.035,0.871
898500,0.096,0.025,0.879
899000,0.102,0.028,0.870
899500,0.092,0.022,0.886
900000,0.082,0.033,0.886
900500,0.075,0.026,0.898
901000,0.084,0.028,0.889
901500,0.082,0.022,0.896
902000,0.086,0.019,0.895
902500,0.100,0.024,0.876
903000,0.096,0.026,0.878
903500,0.086,0.032,0.883
904000,0.087,0.029,0.884
904500,0.086,0.025,0.890
905000,0.086,0.024,0.891
905500,0.087,0.021,0.891
906000,0.107,0.021,0.872
906500,0.097,0.014,0.889
907000,0.098,0.013,0.889
907500,0.098,0.025,0.878
908000,0.096,0.023,0.881
908500,0.080,0.021,0.900
909000,0.084,0.022,0.894
909500,0.077,0.025,0.898
910000,0.075,0.024,0.900
910500,0.082,0.020,0.898
911000,0.088,0.021,0.890
911500,0.098,0.025,0.877
912000,0.083,0.026,0.891
912500,0.083,0.018,0.899
913000,0.090,0.019,0.891
913500,0.095,0.021,0.884
914000,0.086,0.019,0.894
914500,0.087,0.017,0.895
915000,0.082,0.017,0.901
915500,0.086,0.018,0.896
916000,0.085,0.020,0.895
916500,0.085,0.026,0.889
917000,0.091,0.024,0.884
917500,0.092,0.030,0.877
918000,0.086,0.021,0.892
918500,0.089,0.022,0.888
919000,0.098,0.013,0.890
919500,0.095,0.013,0.893
920000,0.095,0.010,0.895
920500,0.104,0.019,0.876
921000,0.110,0.017,0.873
921500,0.101,0.023,0.876
922000,0.089,0.017,0.894
922500,0.082,0.019,0.899
923000,0.080,0.029,0.891
923500,0.085,0.033,0.883
924000,0.084,0.025,0.891
924500,0.083,0.023,0.894
925000,0.099,0.017,0.885
925500,0.082,0.021,0.897
926000,0.082,0.021,0.897
926500,0.090,0.017,0.893
927000,0.100,0.019,0.881
927500,0.095,0.021,0.884
928000,0.088,0.018,0.894
928500,0.077,0.029,0.893
929000,0.077,0.024,0.900
929500,0.089,0.021,0.890
930000,0.087,0.025,0.888
930500,0.079,0.034,0.888
931000,0.074,0.037,0.889
931500,0.068,0.026,0.906
932000,0.072,0.024,0.904
932500,0.074,0.017,0.909
933000,0.089,0.021,0.890
933500,0.086,0.022,0.891
934000,0.082,0.019,0.899
934500,0.080,0.018,0.903
935000,0.082,0.020,0.898
935500,0.080,0.029,0.891
936000,0.081,0.026,0.893
936500,0.080,0.030,0.890
937000,0.089,0.026,0.884
937500,0.093,0.022,0.884
938000,0.091,0.026,0.883
938500,0.091,0.034,0.876
939000,0.095,0.028,0.877
939500,0.094,0.030,0.876
940000,0.079,0.023,0.898
940500,0.093,0.013,0.894
941000,0.097,0.018,0.886
941500,0.101,0.022,0.877
942000,0.091,0.021,0.888
942500,0.079,0.021,0.900
943000,0.070,0.031,0.898
943500,0.086,0.018,0.896
944000,0.079,0.031,0.890
944500,0.093,0.027,0.880
945000,0.086,0.021,0.893
945500,0.087,0.028,0.885
946000,0.081,0.029,0.890
946500,0.078,0.034,0.888
947000,0.087,0.029,0.885
947500,0.085,0.021,0.895
948000,0.087,0.025,0.888
948500,0.084,0.021,0.895
949000,0.072,0.030,0.898
949500,0.068,0.022,0.910
950000,0.078,0.022,0.900
950500,0.082,0.032,0.887
951000,0.087,0.033,0.880
951500,0.090,0.026,0.884
952000,0.088,0.030,0.882
952500,0.098,0.031,0.871
953000,0.100,0.024,0.876
953500,0.092,0.018,0.889
954000,0.095,0.021,0.885
954500,0.086,0.015,0.898
955000,0.090,0.018,0.892
955500,0.097,0.025,0.879
956000,0.094,0.021,0.885
956500,0.092,0.015,0.892
957000,0.087,0.018,0.895
957500,0.090,0.011,0.899
958000,0.091,0.021,0.887
958500,0.085,0.016,0.899
959000,0.094,0.018,0.888
959500,0.091,0.024,0.886
960000,0.086,0.015,0.899
960500,0.086,0.021,0.893
961000,0.077,0.017,0.906
961500,0.074,0.017,0.910
962000,0.077,0.028,0.895
962500,0.074,0.029,0.898
963000,0.091,0.022,0.887
963500,0.073,0.021,0.906
964000,0.073,0.028,0.899
964500,0.087,0.025,0.888
965000,0.084,0.024,0.892
965500,0.081,0.036,0.883
966000,0.075,0.032,0.893
966500,0.076,0.028,0.897
967000,0.086,0.022,0.891
967500,0.096,0.019,0.885
968000,0.104,0.018,0.878
968500,0.112,0.016,0.872
969000,0.092,0.016,0.892
969500,0.087,0.015,0.897
970000,0.091,0.016,0.892
970500,0.097,0.016,0.887
971000,0.085,0.021,0.894
971500,0.084,0.017,0.900
972000,0.079,0.021,0.900
972500,0.077,0.026,0.897
973000,0.080,0.023,0.897
973500,0.077,0.009,0.913
974000,0.072,0.018,0.910
974500,0.079,0.021,0.900
975000,0.073,0.015,0.911
975500,0.074,0.023,0.902
976000,0.080,0.022,0.898
976500,0.076,0.022,0.901
977000,0.101,0.019,0.880
977500,0.094,0.021,0.886
978000,0.089,0.017,0.895
978500,0.085,0.021,0.895
979000,0.089,0.024,0.887
979500,0.097,0.026,0.877
980000,0.084,0.025,0.891
980500,0.074,0.016,0.910
981000,0.100,0.016,0.884
981500,0.104,0.018,0.877
982000,0.103,0.021,0.876
982500,0.092,0.012,0.895
983000,0.093,0.009,0.899
983500,0.095,0.013,0.892
984000,0.096,0.013,0.891
984500,0.092,0.018,0.891
985000,0.091,0.022,0.887
985500,0.092,0.034,0.874
986000,0.088,0.035,0.877
986500,0.087,0.022,0.891
987000,0.090,0.022,0.887
987500,0.097,0.019,0.884
988000,0.088,0.021,0.890
988500,0.086,0.025,0.889
989000,0.084,0.021,0.895
989500,0.087,0.026,0.887
990000,0.080,0.018,0.903
990500,0.080,0.030,0.890
991000,0.083,0.036,0.881
991500,0.088,0.024,0.888
992000,0.091,0.025,0.884
992500,0.090,0.021,0.889
993000,0.094,0.044,0.862
993500,0.088,0.035,0.877
994000,0.088,0.041,0.870
994500,0.090,0.030,0.879
995000,0.100,0.028,0.872
995500,0.098,0.023,0.879
996000,0.089,0.025,0.887
996500,0.099,0.033,0.869
997000,0.099,0.030,0.871
997500,0.091,0.032,0.877
998000,0.083,0.030,0.887
998500,0.083,0.021,0.896
999000,0.078,0.018,0.905
999500,0.076,0.021,0.903
1000000,0.075,0.018,0.907
