time,n_A+p,n_B,n_AB
500,0.050,0.804,0.146
1000,0.050,0.666,0.284
1500,0.050,0.539,0.411
2000,0.054,0.531,0.415
2500,0.051,0.558,0.391
3000,0.052,0.500,0.448
3500,0.054,0.478,0.468
4000,0.053,0.475,0.472
4500,0.051,0.497,0.452
5000,0.051,0.475,0.474
5500,0.051,0.504,0.445
6000,0.059,0.518,0.423
6500,0.050,0.486,0.464
7000,0.072,0.440,0.488
7500,0.069,0.459,0.472
8000,0.100,0.353,0.547
8500,0.068,0.366,0.566
9000,0.074,0.372,0.554
9500,0.120,0.305,0.575
10000,0.089,0.332,0.579
10500,0.107,0.304,0.589
11000,0.109,0.255,0.636
11500,0.132,0.284,0.584
12000,0.103,0.234,0.663
12500,0.113,0.316,0.571
13000,0.094,0.300,0.606
13500,0.089,0.324,0.587
14000,0.079,0.348,0.573
14500,0.093,0.338,0.569
15000,0.072,0.385,0.543
15500,0.078,0.432,0.490
16000,0.072,0.413,0.515
16500,0.059,0.479,0.462
17000,0.059,0.460,0.481
17500,0.070,0.435,0.495
18000,0.063,0.436,0.501
18500,0.068,0.417,0.515
19000,0.069,0.385,0.546
19500,0.071,0.348,0.581
20000,0.086,0.371,0.543
20500,0.073,0.411,0.516
21000,0.072,0.407,0.521
21500,0.057,0.474,0.469
22000,0.053,0.481,0.466
22500,0.064,0.445,0.491
23000,0.063,0.400,0.537
23500,0.065,0.364,0.571
24000,0.063,0.442,0.495
24500,0.059,0.361,0.580
25000,0.087,0.352,0.561
25500,0.080,0.361,0.559
26000,0.068,0.402,0.530
26500,0.087,0.302,0.611
27000,0.101,0.326,0.573
27500,0.107,0.302,0.591
28000,0.096,0.259,0.645
28500,0.111,0.287,0.602
29000,0.095,0.298,0.607
29500,0.103,0.359,0.538
30000,0.109,0.311,0.580
30500,0.124,0.285,0.591
31000,0.078,0.388,0.534
31500,0.066,0.397,0.537
32000,0.058,0.436,0.506
32500,0.090,0.373,0.537
33000,0.063,0.383,0.554
33500,0.061,0.429,0.510
34000,0.058,0.492,0.450
34500,0.061,0.441,0.498
35000,0.061,0.442,0.497
35500,0.056,0.437,0.507
36000,0.058,0.437,0.505
36500,0.058,0.420,0.522
37000,0.063,0.453,0.484
37500,0.064,0.475,0.461
38000,0.055,0.445,0.500
38500,0.069,0.410,0.521
39000,0.063,0.390,0.547
39500,0.069,0.395,0.536
40000,0.053,0.490,0.457
40500,0.059,0.496,0.445
41000,0.051,0.466,0.483
41500,0.051,0.483,0.466
42000,0.057,0.461,0.482
42500,0.059,0.484,0.457
43000,0.050,0.520,0.430
43500,0.050,0.461,0.489
44000,0.064,0.429,0.507
44500,0.057,0.501,0.442
45000,0.058,0.526,0.416
45500,0.066,0.492,0.442
46000,0.060,0.471,0.469
46500,0.055,0.476,0.469
47000,0.060,0.453,0.487
47500,0.055,0.454,0.491
48000,0.058,0.450,0.492
48500,0.062,0.454,0.484
49000,0.087,0.432,0.481
49500,0.060,0.440,0.500
50000,0.072,0.355,0.573
50500,0.068,0.377,0.555
51000,0.075,0.394,0.531
51500,0.079,0.470,0.451
52000,0.064,0.504,0.432
52500,0.063,0.473,0.464
53000,0.064,0.465,0.471
53500,0.056,0.481,0.463
54000,0.054,0.447,0.499
54500,0.066,0.376,0.558
55000,0.078,0.343,0.579
55500,0.075,0.454,0.471
56000,0.058,0.422,0.520
56500,0.056,0.472,0.472
57000,0.053,0.517,0.430
57500,0.060,0.510,0.430
58000,0.054,0.524,0.422
58500,0.051,0.513,0.436
59000,0.058,0.488,0.454
59500,0.061,0.492,0.447
60000,0.058,0.524,0.418
60500,0.051,0.522,0.427
61000,0.060,0.449,0.491
61500,0.057,0.416,0.527
62000,0.057,0.401,0.542
62500,0.072,0.367,0.561
63000,0.056,0.464,0.480
63500,0.059,0.469,0.472
64000,0.051,0.474,0.475
64500,0.064,0.518,0.418
65000,0.052,0.466,0.482
65500,0.055,0.541,0.404
66000,0.056,0.614,0.330
66500,0.050,0.584,0.366
67000,0.051,0.553,0.396
67500,0.053,0.537,0.410
68000,0.054,0.544,0.402
68500,0.053,0.476,0.471
69000,0.051,0.465,0.484
69500,0.063,0.448,0.489
70000,0.058,0.449,0.493
70500,0.059,0.469,0.472
71000,0.077,0.441,0.482
71500,0.081,0.419,0.500
72000,0.058,0.435,0.507
72500,0.057,0.455,0.488
73000,0.050,0.502,0.448
73500,0.064,0.445,0.491
74000,0.062,0.407,0.531
74500,0.086,0.346,0.568
75000,0.097,0.282,0.621
75500,0.131,0.221,0.648
76000,0.183,0.190,0.627
76500,0.214,0.117,0.669
77000,0.408,0.053,0.539
77500,0.502,0.016,0.482
78000,0.595,0.001,0.404
78500,0.669,0.000,0.331
79000,0.759,0.000,0.241
79500,0.793,0.000,0.207
80000,0.812,0.000,0.188
80500,0.853,0.000,0.147
81000,0.907,0.000,0.093
81500,0.910,0.000,0.090
82000,0.872,0.000,0.128
82500,0.925,0.000,0.075
83000,0.912,0.000,0.088
83500,0.902,0.000,0.098
84000,0.925,0.000,0.075
84500,0.868,0.000,0.132
85000,0.893,0.000,0.107
85500,0.949,0.000,0.051
86000,0.954,0.000,0.046
86500,0.955,0.000,0.045
87000,0.963,0.000,0.037
87500,0.950,0.000,0.050
88000,0.969,0.000,0.031
88500,0.964,0.000,0.036
89000,0.976,0.000,0.024
89500,0.990,0.000,0.010
90000,0.994,0.000,0.006
90500,0.998,0.000,0.002
91000,0.998,0.000,0.002
91500,0.986,0.000,0.014
92000,0.989,0.000,0.011
92500,0.993,0.000,0.007
93000,0.991,0.000,0.009
93500,0.995,0.000,0.005
94000,0.998,0.000,0.002
94500,1.000,0.000,0.000
