time,n_A+p,n_B,n_AB
500,0.050,0.928,0.022
1000,0.053,0.908,0.039
1500,0.051,0.886,0.063
2000,0.054,0.869,0.077
2500,0.055,0.854,0.091
3000,0.055,0.840,0.105
3500,0.055,0.819,0.126
4000,0.056,0.811,0.133
4500,0.058,0.795,0.147
5000,0.056,0.777,0.167
5500,0.059,0.765,0.176
6000,0.061,0.744,0.195
6500,0.067,0.723,0.210
7000,0.076,0.691,0.233
7500,0.081,0.677,0.242
8000,0.082,0.672,0.246
8500,0.090,0.664,0.246
9000,0.097,0.652,0.251
9500,0.100,0.652,0.248
10000,0.098,0.642,0.260
10500,0.100,0.646,0.254
11000,0.103,0.630,0.267
11500,0.108,0.640,0.252
12000,0.101,0.640,0.259
12500,0.118,0.616,0.266
13000,0.107,0.629,0.264
13500,0.118,0.599,0.283
14000,0.116,0.585,0.299
14500,0.129,0.581,0.290
15000,0.129,0.564,0.307
15500,0.125,0.555,0.320
16000,0.134,0.546,0.320
16500,0.130,0.570,0.300
17000,0.128,0.562,0.310
17500,0.140,0.546,0.314
18000,0.147,0.531,0.322
18500,0.137,0.519,0.344
19000,0.146,0.525,0.329
19500,0.151,0.518,0.331
20000,0.157,0.508,0.335
20500,0.155,0.507,0.338
21000,0.156,0.505,0.339
21500,0.154,0.512,0.334
22000,0.163,0.508,0.329
22500,0.155,0.497,0.348
23000,0.161,0.495,0.344
23500,0.182,0.486,0.332
24000,0.186,0.480,0.334
24500,0.189,0.490,0.321
25000,0.205,0.463,0.332
25500,0.190,0.464,0.346
26000,0.211,0.444,0.345
26500,0.194,0.424,0.382
27000,0.196,0.453,0.351
27500,0.191,0.440,0.369
28000,0.202,0.415,0.383
28500,0.208,0.395,0.397
29000,0.206,0.407,0.387
29500,0.217,0.392,0.391
30000,0.211,0.400,0.389
30500,0.227,0.381,0.392
31000,0.234,0.390,0.376
31500,0.243,0.387,0.370
32000,0.230,0.373,0.397
32500,0.235,0.367,0.398
33000,0.238,0.363,0.399
33500,0.243,0.344,0.413
34000,0.258,0.349,0.393
34500,0.262,0.344,0.394
35000,0.261,0.334,0.405
35500,0.274,0.330,0.396
36000,0.286,0.312,0.402
36500,0.272,0.316,0.412
37000,0.284,0.308,0.408
37500,0.293,0.304,0.403
38000,0.310,0.292,0.398
38500,0.297,0.278,0.425
39000,0.293,0.281,0.426
39500,0.308,0.271,0.421
40000,0.313,0.269,0.418
40500,0.320,0.271,0.409
41000,0.329,0.247,0.424
41500,0.333,0.244,0.423
42000,0.338,0.241,0.421
42500,0.335,0.246,0.419
43000,0.334,0.248,0.418
43500,0.350,0.258,0.392
44000,0.375,0.238,0.387
44500,0.381,0.231,0.388
45000,0.390,0.228,0.382
45500,0.394,0.229,0.377
46000,0.373,0.207,0.420
46500,0.379,0.218,0.403
47000,0.392,0.204,0.404
47500,0.408,0.192,0.400
48000,0.421,0.179,0.400
48500,0.425,0.188,0.387
49000,0.446,0.181,0.373
49500,0.446,0.169,0.385
50000,0.444,0.172,0.384
50500,0.473,0.182,0.345
51000,0.471,0.173,0.356
51500,0.453,0.164,0.383
52000,0.487,0.153,0.360
52500,0.501,0.149,0.350
53000,0.506,0.135,0.359
53500,0.518,0.113,0.369
54000,0.536,0.108,0.356
54500,0.554,0.112,0.334
55000,0.555,0.109,0.336
55500,0.559,0.110,0.331
56000,0.562,0.109,0.329
56500,0.558,0.111,0.331
57000,0.578,0.095,0.327
57500,0.574,0.099,0.327
58000,0.566,0.093,0.341
58500,0.574,0.078,0.348
59000,0.593,0.083,0.324
59500,0.594,0.065,0.341
60000,0.622,0.076,0.302
60500,0.624,0.076,0.300
61000,0.608,0.078,0.314
61500,0.606,0.083,0.311
62000,0.628,0.081,0.291
62500,0.644,0.065,0.291
63000,0.647,0.070,0.283
63500,0.660,0.061,0.279
64000,0.671,0.051,0.278
64500,0.684,0.051,0.265
65000,0.707,0.037,0.256
65500,0.722,0.040,0.238
66000,0.746,0.036,0.218
66500,0.751,0.039,0.210
67000,0.758,0.040,0.202
67500,0.772,0.024,0.204
68000,0.785,0.022,0.193
68500,0.801,0.018,0.181
69000,0.813,0.017,0.170
69500,0.816,0.010,0.174
70000,0.833,0.012,0.155
70500,0.843,0.010,0.147
71000,0.842,0.007,0.151
71500,0.861,0.008,0.131
72000,0.855,0.007,0.138
72500,0.862,0.012,0.126
73000,0.871,0.005,0.124
73500,0.875,0.004,0.121
74000,0.881,0.004,0.115
74500,0.889,0.003,0.108
75000,0.897,0.003,0.100
75500,0.903,0.003,0.094
76000,0.909,0.002,0.089
76500,0.921,0.003,0.076
77000,0.932,0.002,0.066
77500,0.935,0.002,0.063
78000,0.939,0.002,0.059
78500,0.938,0.002,0.060
79000,0.947,0.003,0.050
79500,0.946,0.003,0.051
80000,0.949,0.001,0.050
80500,0.957,0.001,0.042
81000,0.959,0.001,0.040
81500,0.958,0.001,0.041
82000,0.971,0.002,0.027
82500,0.969,0.000,0.031
83000,0.968,0.000,0.032
83500,0.972,0.000,0.028
84000,0.978,0.001,0.021
84500,0.977,0.001,0.022
85000,0.982,0.001,0.017
85500,0.984,0.000,0.016
86000,0.986,0.000,0.014
86500,0.982,0.000,0.018
87000,0.985,0.000,0.015
87500,0.987,0.000,0.013
88000,0.990,0.000,0.010
88500,0.990,0.000,0.010
89000,0.991,0.000,0.009
89500,0.992,0.000,0.008
90000,0.995,0.000,0.005
90500,0.996,0.000,0.004
91000,0.994,0.000,0.006
91500,0.996,0.000,0.004
92000,0.997,0.000,0.003
92500,0.999,0.000,0.001
93000,0.999,0.000,0.001
93500,1.000,0.000,0.000
