time,n_A+p,n_B,n_AB
500,0.080,0.617,0.303
1000,0.080,0.427,0.493
1500,0.086,0.295,0.619
2000,0.101,0.229,0.671
2500,0.105,0.189,0.706
3000,0.089,0.231,0.679
3500,0.099,0.211,0.690
4000,0.084,0.298,0.618
4500,0.096,0.244,0.659
5000,0.097,0.185,0.718
5500,0.132,0.154,0.714
6000,0.203,0.057,0.740
6500,0.717,0.004,0.279
7000,0.919,0.000,0.081
7500,0.971,0.000,0.029
8000,0.994,0.000,0.006
8500,1.000,0.000,0.000
9000,1.000,0.000,0.000
