time,n_A+p,n_B,n_AB
500,0.010,0.815,0.175
1000,0.010,0.229,0.761
1500,0.010,0.418,0.572
2000,0.010,0.361,0.629
2500,0.010,0.281,0.709
3000,0.010,0.374,0.616
3500,0.010,0.300,0.690
4000,0.010,0.230,0.760
4500,0.010,0.367,0.623
5000,0.010,0.163,0.827
5500,0.010,0.316,0.674
6000,0.010,0.392,0.598
6500,0.010,0.214,0.776
7000,0.010,0.256,0.734
7500,0.010,0.218,0.772
8000,0.010,0.259,0.731
8500,0.010,0.326,0.664
9000,0.010,0.140,0.850
9500,0.010,0.172,0.818
10000,0.010,0.239,0.751
10500,0.010,0.310,0.680
11000,0.010,0.298,0.692
11500,0.010,0.256,0.734
12000,0.010,0.422,0.568
12500,0.010,0.385,0.605
13000,0.010,0.298,0.692
13500,0.010,0.400,0.590
14000,0.010,0.334,0.656
14500,0.010,0.240,0.750
15000,0.010,0.171,0.819
15500,0.010,0.371,0.619
16000,0.010,0.318,0.672
16500,0.010,0.329,0.661
17000,0.010,0.265,0.725
17500,0.010,0.355,0.635
18000,0.010,0.222,0.768
18500,0.010,0.274,0.716
19000,0.010,0.426,0.564
19500,0.010,0.432,0.558
20000,0.010,0.441,0.549
20500,0.010,0.243,0.747
21000,0.017,0.159,0.824
21500,0.010,0.233,0.757
22000,0.010,0.301,0.689
22500,0.010,0.267,0.723
23000,0.010,0.188,0.802
23500,0.010,0.358,0.632
24000,0.010,0.364,0.626
24500,0.010,0.304,0.686
25000,0.010,0.280,0.710
25500,0.010,0.314,0.676
26000,0.010,0.241,0.749
26500,0.010,0.355,0.635
27000,0.010,0.238,0.752
27500,0.010,0.278,0.712
28000,0.010,0.457,0.533
28500,0.010,0.287,0.703
29000,0.010,0.273,0.717
29500,0.010,0.123,0.867
30000,0.010,0.186,0.804
30500,0.010,0.113,0.877
31000,0.010,0.176,0.814
31500,0.010,0.300,0.690
32000,0.010,0.270,0.720
32500,0.010,0.316,0.674
33000,0.010,0.250,0.740
33500,0.010,0.276,0.714
34000,0.010,0.389,0.601
34500,0.010,0.133,0.857
35000,0.010,0.377,0.613
35500,0.010,0.224,0.766
36000,0.010,0.174,0.816
36500,0.010,0.411,0.579
37000,0.010,0.294,0.696
37500,0.010,0.413,0.577
38000,0.010,0.249,0.741
38500,0.010,0.425,0.565
39000,0.010,0.272,0.718
39500,0.010,0.317,0.673
40000,0.010,0.271,0.719
40500,0.010,0.533,0.457
41000,0.010,0.270,0.720
41500,0.010,0.227,0.763
42000,0.010,0.298,0.692
42500,0.010,0.329,0.661
43000,0.010,0.333,0.657
43500,0.010,0.412,0.578
44000,0.010,0.412,0.578
44500,0.010,0.169,0.821
45000,0.010,0.358,0.632
45500,0.010,0.300,0.690
46000,0.010,0.393,0.597
46500,0.010,0.444,0.546
47000,0.010,0.376,0.614
47500,0.010,0.440,0.550
48000,0.010,0.409,0.581
48500,0.010,0.359,0.631
49000,0.010,0.302,0.688
49500,0.010,0.183,0.807
50000,0.010,0.380,0.610
50500,0.010,0.362,0.628
51000,0.010,0.351,0.639
51500,0.010,0.166,0.824
52000,0.010,0.272,0.718
52500,0.010,0.280,0.710
53000,0.010,0.346,0.644
53500,0.010,0.228,0.762
54000,0.010,0.279,0.711
54500,0.010,0.190,0.800
55000,0.010,0.378,0.612
55500,0.010,0.413,0.577
56000,0.010,0.286,0.704
56500,0.010,0.238,0.752
57000,0.010,0.271,0.719
57500,0.010,0.271,0.719
58000,0.010,0.296,0.694
58500,0.010,0.423,0.567
59000,0.010,0.467,0.523
59500,0.010,0.297,0.693
60000,0.010,0.441,0.549
60500,0.010,0.319,0.671
61000,0.010,0.253,0.737
61500,0.010,0.354,0.636
62000,0.010,0.192,0.798
62500,0.010,0.394,0.596
63000,0.010,0.216,0.774
63500,0.010,0.415,0.575
64000,0.010,0.269,0.721
64500,0.010,0.354,0.636
65000,0.010,0.246,0.744
65500,0.010,0.378,0.612
66000,0.010,0.387,0.603
66500,0.010,0.182,0.808
67000,0.010,0.236,0.754
67500,0.010,0.432,0.558
68000,0.010,0.444,0.546
68500,0.010,0.131,0.859
69000,0.010,0.305,0.685
69500,0.010,0.177,0.813
70000,0.010,0.350,0.640
70500,0.010,0.352,0.638
71000,0.010,0.143,0.847
71500,0.010,0.303,0.687
72000,0.010,0.265,0.725
72500,0.010,0.236,0.754
73000,0.010,0.400,0.590
73500,0.010,0.257,0.733
74000,0.010,0.299,0.691
74500,0.010,0.402,0.588
75000,0.010,0.305,0.685
75500,0.010,0.358,0.632
76000,0.010,0.324,0.666
76500,0.010,0.262,0.728
77000,0.010,0.307,0.683
77500,0.010,0.248,0.742
78000,0.010,0.221,0.769
78500,0.010,0.363,0.627
79000,0.010,0.412,0.578
79500,0.010,0.472,0.518
80000,0.010,0.389,0.601
80500,0.010,0.311,0.679
81000,0.010,0.300,0.690
81500,0.010,0.310,0.680
82000,0.010,0.166,0.824
82500,0.010,0.251,0.739
83000,0.010,0.219,0.771
83500,0.010,0.229,0.761
84000,0.010,0.293,0.697
84500,0.010,0.156,0.834
85000,0.010,0.268,0.722
85500,0.010,0.225,0.765
86000,0.010,0.417,0.573
86500,0.010,0.233,0.757
87000,0.010,0.300,0.690
87500,0.010,0.242,0.748
88000,0.010,0.276,0.714
88500,0.010,0.480,0.510
89000,0.010,0.341,0.649
89500,0.010,0.160,0.830
90000,0.010,0.251,0.739
90500,0.010,0.205,0.785
91000,0.010,0.404,0.586
91500,0.010,0.255,0.735
92000,0.010,0.227,0.763
92500,0.010,0.236,0.754
93000,0.010,0.141,0.849
93500,0.010,0.354,0.636
94000,0.010,0.244,0.746
94500,0.010,0.255,0.735
95000,0.010,0.337,0.653
95500,0.010,0.302,0.688
96000,0.010,0.314,0.676
96500,0.010,0.342,0.648
97000,0.010,0.302,0.688
97500,0.010,0.234,0.756
98000,0.010,0.246,0.744
98500,0.010,0.334,0.656
99000,0.010,0.305,0.685
99500,0.010,0.351,0.639
100000,0.010,0.365,0.625
100500,0.010,0.225,0.765
101000,0.010,0.313,0.677
101500,0.010,0.249,0.741
102000,0.010,0.230,0.760
102500,0.010,0.263,0.727
103000,0.010,0.259,0.731
103500,0.010,0.268,0.722
104000,0.010,0.382,0.608
104500,0.010,0.203,0.787
105000,0.010,0.267,0.723
105500,0.010,0.367,0.623
106000,0.010,0.309,0.681
106500,0.010,0.238,0.752
107000,0.010,0.193,0.797
107500,0.010,0.241,0.749
108000,0.010,0.255,0.735
108500,0.010,0.260,0.730
109000,0.010,0.278,0.712
109500,0.013,0.133,0.854
110000,0.010,0.363,0.627
110500,0.010,0.280,0.710
111000,0.010,0.390,0.600
111500,0.010,0.352,0.638
112000,0.010,0.165,0.825
112500,0.010,0.201,0.789
113000,0.010,0.196,0.794
113500,0.010,0.187,0.803
114000,0.264,0.003,0.733
114500,0.423,0.000,0.577
115000,0.498,0.000,0.502
115500,0.336,0.000,0.664
116000,0.604,0.000,0.396
116500,0.559,0.000,0.441
117000,0.410,0.000,0.590
117500,0.657,0.000,0.343
118000,0.733,0.000,0.267
118500,0.546,0.000,0.454
119000,0.408,0.000,0.592
119500,0.510,0.000,0.490
120000,0.491,0.000,0.509
120500,0.517,0.000,0.483
121000,0.608,0.000,0.392
121500,0.647,0.000,0.353
122000,0.563,0.000,0.437
122500,0.415,0.000,0.585
123000,0.613,0.000,0.387
123500,0.723,0.000,0.277
124000,0.469,0.000,0.531
124500,0.602,0.000,0.398
125000,0.486,0.000,0.514
125500,0.527,0.000,0.473
126000,0.518,0.000,0.482
126500,0.461,0.000,0.539
127000,0.327,0.000,0.673
127500,0.773,0.000,0.227
128000,0.598,0.000,0.402
128500,0.440,0.000,0.560
129000,0.556,0.000,0.444
129500,0.596,0.000,0.404
130000,0.507,0.000,0.493
130500,0.548,0.000,0.452
131000,0.415,0.000,0.585
131500,0.563,0.000,0.437
132000,0.500,0.000,0.500
132500,0.584,0.000,0.416
133000,0.756,0.000,0.244
133500,0.529,0.000,0.471
134000,0.261,0.000,0.739
134500,0.739,0.000,0.261
135000,0.607,0.000,0.393
135500,0.547,0.000,0.453
136000,0.599,0.000,0.401
136500,0.450,0.000,0.550
137000,0.478,0.000,0.522
137500,0.594,0.000,0.406
138000,0.583,0.000,0.417
138500,0.784,0.000,0.216
139000,0.529,0.000,0.471
139500,0.424,0.000,0.576
140000,0.600,0.000,0.400
140500,0.482,0.000,0.518
141000,0.744,0.000,0.256
141500,0.659,0.000,0.341
142000,0.815,0.000,0.185
142500,0.437,0.000,0.563
143000,0.466,0.000,0.534
143500,0.662,0.000,0.338
144000,0.469,0.000,0.531
144500,0.557,0.000,0.443
145000,0.438,0.000,0.562
145500,0.400,0.000,0.600
146000,0.373,0.000,0.627
146500,0.314,0.000,0.686
147000,0.560,0.000,0.440
147500,0.326,0.000,0.674
148000,0.645,0.000,0.355
148500,0.506,0.000,0.494
149000,0.632,0.000,0.368
149500,0.587,0.000,0.413
150000,0.585,0.000,0.415
150500,0.734,0.000,0.266
151000,0.644,0.000,0.356
151500,0.670,0.000,0.330
152000,0.561,0.000,0.439
152500,0.447,0.000,0.553
153000,0.546,0.000,0.454
153500,0.364,0.000,0.636
154000,0.542,0.000,0.458
154500,0.325,0.000,0.675
155000,0.243,0.000,0.757
155500,0.494,0.000,0.506
156000,0.641,0.000,0.359
156500,0.415,0.000,0.585
157000,0.602,0.000,0.398
157500,0.526,0.000,0.474
158000,0.621,0.000,0.379
158500,0.588,0.000,0.412
159000,0.372,0.000,0.628
159500,0.517,0.000,0.483
160000,0.428,0.000,0.572
160500,0.768,0.000,0.232
161000,0.821,0.000,0.179
161500,0.392,0.000,0.608
162000,0.397,0.000,0.603
162500,0.620,0.000,0.380
163000,0.714,0.000,0.286
163500,0.563,0.000,0.437
164000,0.505,0.000,0.495
164500,0.641,0.000,0.359
165000,0.618,0.000,0.382
165500,0.602,0.000,0.398
166000,0.379,0.000,0.621
166500,0.684,0.000,0.316
167000,0.664,0.000,0.336
167500,0.575,0.000,0.425
168000,0.219,0.000,0.781
168500,0.481,0.000,0.519
169000,0.528,0.000,0.472
169500,0.569,0.000,0.431
170000,0.424,0.000,0.576
170500,0.521,0.000,0.479
171000,0.532,0.000,0.468
171500,0.633,0.000,0.367
172000,0.602,0.000,0.398
172500,0.465,0.000,0.535
173000,0.266,0.000,0.734
173500,0.456,0.000,0.544
174000,0.458,0.000,0.542
174500,0.529,0.000,0.471
175000,0.616,0.000,0.384
175500,0.440,0.000,0.560
176000,0.393,0.000,0.607
176500,0.536,0.000,0.464
177000,0.706,0.000,0.294
177500,0.609,0.000,0.391
178000,0.610,0.000,0.390
178500,0.506,0.000,0.494
179000,0.612,0.000,0.388
179500,0.670,0.000,0.330
180000,0.442,0.000,0.558
180500,0.416,0.000,0.584
181000,0.731,0.000,0.269
181500,0.598,0.000,0.402
182000,0.704,0.000,0.296
182500,0.523,0.000,0.477
183000,0.708,0.000,0.292
183500,0.540,0.000,0.460
184000,0.419,0.000,0.581
184500,0.475,0.000,0.525
185000,0.417,0.000,0.583
185500,0.512,0.000,0.488
186000,0.501,0.000,0.499
186500,0.634,0.000,0.366
187000,0.659,0.000,0.341
187500,0.402,0.000,0.598
188000,0.564,0.000,0.436
188500,0.394,0.000,0.606
189000,0.728,0.000,0.272
189500,0.599,0.000,0.401
190000,0.635,0.000,0.365
190500,0.759,0.000,0.241
191000,0.654,0.000,0.346
191500,0.381,0.000,0.619
192000,0.352,0.000,0.648
192500,0.488,0.000,0.512
193000,0.529,0.000,0.471
193500,0.566,0.000,0.434
194000,0.625,0.000,0.375
194500,0.323,0.000,0.677
195000,0.516,0.000,0.484
195500,0.649,0.000,0.351
196000,0.420,0.000,0.580
196500,0.515,0.000,0.485
197000,0.525,0.000,0.475
197500,0.299,0.000,0.701
198000,0.473,0.000,0.527
198500,0.526,0.000,0.474
199000,0.383,0.000,0.617
199500,0.274,0.000,0.726
200000,0.686,0.000,0.314
200500,0.575,0.000,0.425
201000,0.356,0.000,0.644
201500,0.537,0.000,0.463
202000,0.632,0.000,0.368
202500,0.633,0.000,0.367
203000,0.621,0.000,0.379
203500,0.332,0.000,0.668
204000,0.501,0.000,0.499
204500,0.568,0.000,0.432
205000,0.962,0.000,0.038
205500,0.668,0.000,0.332
206000,0.318,0.000,0.682
206500,0.510,0.000,0.490
207000,0.483,0.000,0.517
207500,0.328,0.000,0.672
208000,0.530,0.000,0.470
208500,0.655,0.000,0.345
209000,0.504,0.000,0.496
209500,0.629,0.000,0.371
210000,0.652,0.000,0.348
210500,0.411,0.000,0.589
211000,0.559,0.000,0.441
211500,0.614,0.000,0.386
212000,0.682,0.000,0.318
212500,0.400,0.000,0.600
213000,0.310,0.000,0.690
213500,0.500,0.000,0.500
214000,0.602,0.000,0.398
214500,0.503,0.000,0.497
215000,0.652,0.000,0.348
215500,0.529,0.000,0.471
216000,0.725,0.000,0.275
216500,0.462,0.000,0.538
217000,0.607,0.000,0.393
217500,0.373,0.000,0.627
218000,0.623,0.000,0.377
218500,0.807,0.000,0.193
219000,0.772,0.000,0.228
219500,0.339,0.000,0.661
220000,0.652,0.000,0.348
220500,0.428,0.000,0.572
221000,0.606,0.000,0.394
221500,0.464,0.000,0.536
222000,0.498,0.000,0.502
222500,0.519,0.000,0.481
223000,0.473,0.000,0.527
223500,0.763,0.000,0.237
224000,0.568,0.000,0.432
224500,0.346,0.000,0.654
225000,0.400,0.000,0.600
225500,0.390,0.000,0.610
226000,0.682,0.000,0.318
226500,0.425,0.000,0.575
227000,0.697,0.000,0.303
227500,0.512,0.000,0.488
228000,0.633,0.000,0.367
228500,0.548,0.000,0.452
229000,0.769,0.000,0.231
229500,0.559,0.000,0.441
230000,0.654,0.000,0.346
230500,0.477,0.000,0.523
231000,0.549,0.000,0.451
231500,0.647,0.000,0.353
232000,0.761,0.000,0.239
232500,0.898,0.000,0.102
233000,0.603,0.000,0.397
233500,0.477,0.000,0.523
234000,0.362,0.000,0.638
234500,0.455,0.000,0.545
235000,0.504,0.000,0.496
235500,0.543,0.000,0.457
236000,0.344,0.000,0.656
236500,0.414,0.000,0.586
237000,0.555,0.000,0.445
237500,0.508,0.000,0.492
238000,0.443,0.000,0.557
238500,0.849,0.000,0.151
239000,0.499,0.000,0.501
239500,0.572,0.000,0.428
240000,0.599,0.000,0.401
240500,0.750,0.000,0.250
241000,0.435,0.000,0.565
241500,0.735,0.000,0.265
242000,0.517,0.000,0.483
242500,0.528,0.000,0.472
243000,0.558,0.000,0.442
243500,0.687,0.000,0.313
244000,0.503,0.000,0.497
244500,0.594,0.000,0.406
245000,0.606,0.000,0.394
245500,0.486,0.000,0.514
246000,0.336,0.000,0.664
246500,0.480,0.000,0.520
247000,0.296,0.000,0.704
247500,0.413,0.000,0.587
248000,0.433,0.000,0.567
248500,0.526,0.000,0.474
249000,0.513,0.000,0.487
249500,0.312,0.000,0.688
250000,0.490,0.000,0.510
250500,0.620,0.000,0.380
251000,0.728,0.000,0.272
251500,0.540,0.000,0.460
252000,0.418,0.000,0.582
252500,0.435,0.000,0.565
253000,0.522,0.000,0.478
253500,0.774,0.000,0.226
254000,0.650,0.000,0.350
254500,0.564,0.000,0.436
255000,0.339,0.000,0.661
255500,0.517,0.000,0.483
256000,0.460,0.000,0.540
256500,0.525,0.000,0.475
257000,0.567,0.000,0.433
257500,0.508,0.000,0.492
258000,0.467,0.000,0.533
258500,0.543,0.000,0.457
259000,0.503,0.000,0.497
259500,0.530,0.000,0.470
260000,0.452,0.000,0.548
260500,0.810,0.000,0.190
261000,0.539,0.000,0.461
261500,0.268,0.000,0.732
262000,0.794,0.000,0.206
262500,0.475,0.000,0.525
263000,0.378,0.000,0.622
263500,0.544,0.000,0.456
264000,0.335,0.000,0.665
264500,0.419,0.000,0.581
265000,0.366,0.000,0.634
265500,0.411,0.000,0.589
266000,0.716,0.000,0.284
266500,0.623,0.000,0.377
267000,0.648,0.000,0.352
267500,0.401,0.000,0.599
268000,0.814,0.000,0.186
268500,0.459,0.000,0.541
269000,0.438,0.000,0.562
269500,0.448,0.000,0.552
270000,0.633,0.000,0.367
270500,0.426,0.000,0.574
271000,0.535,0.000,0.465
271500,0.330,0.000,0.670
272000,0.415,0.000,0.585
272500,0.774,0.000,0.226
273000,0.661,0.000,0.339
273500,0.656,0.000,0.344
274000,0.369,0.000,0.631
274500,0.546,0.000,0.454
275000,0.660,0.000,0.340
275500,0.522,0.000,0.478
276000,0.608,0.000,0.392
276500,0.305,0.000,0.695
277000,0.458,0.000,0.542
277500,0.586,0.000,0.414
278000,0.619,0.000,0.381
278500,0.558,0.000,0.442
279000,0.490,0.000,0.510
279500,0.432,0.000,0.568
280000,0.559,0.000,0.441
280500,0.448,0.000,0.552
281000,0.353,0.000,0.647
281500,0.365,0.000,0.635
282000,0.338,0.000,0.662
282500,0.387,0.000,0.613
283000,0.483,0.000,0.517
283500,0.471,0.000,0.529
284000,0.611,0.000,0.389
284500,0.470,0.000,0.530
285000,0.414,0.000,0.586
285500,0.388,0.000,0.612
286000,0.445,0.000,0.555
286500,0.723,0.000,0.277
287000,0.633,0.000,0.367
287500,0.683,0.000,0.317
288000,0.683,0.000,0.317
288500,0.584,0.000,0.416
289000,0.554,0.000,0.446
289500,0.342,0.000,0.658
290000,0.494,0.000,0.506
290500,0.529,0.000,0.471
291000,0.500,0.000,0.500
291500,0.287,0.000,0.713
292000,0.709,0.000,0.291
292500,0.575,0.000,0.425
293000,0.339,0.000,0.661
293500,0.553,0.000,0.447
294000,0.362,0.000,0.638
294500,0.721,0.000,0.279
295000,0.405,0.000,0.595
295500,0.419,0.000,0.581
296000,0.463,0.000,0.537
296500,0.485,0.000,0.515
297000,0.601,0.000,0.399
297500,0.455,0.000,0.545
298000,0.468,0.000,0.532
298500,0.576,0.000,0.424
299000,0.995,0.000,0.005
299500,1.000,0.000,0.000
