time,n_A+p,n_B,n_AB
500,0.080,0.848,0.072
1000,0.083,0.775,0.142
1500,0.082,0.734,0.184
2000,0.087,0.694,0.219
2500,0.089,0.644,0.267
3000,0.103,0.607,0.290
3500,0.114,0.575,0.311
4000,0.107,0.539,0.354
4500,0.133,0.527,0.340
5000,0.136,0.496,0.368
5500,0.120,0.497,0.383
6000,0.131,0.502,0.367
6500,0.130,0.488,0.382
7000,0.145,0.453,0.402
7500,0.152,0.395,0.453
8000,0.150,0.422,0.428
8500,0.153,0.405,0.442
9000,0.173,0.380,0.447
9500,0.184,0.393,0.423
10000,0.173,0.353,0.474
10500,0.203,0.314,0.483
11000,0.224,0.279,0.497
11500,0.231,0.266,0.503
12000,0.220,0.245,0.535
12500,0.215,0.255,0.530
13000,0.223,0.266,0.511
13500,0.241,0.216,0.543
14000,0.260,0.201,0.539
14500,0.263,0.188,0.549
15000,0.298,0.210,0.492
15500,0.339,0.195,0.466
16000,0.363,0.186,0.451
16500,0.371,0.141,0.488
17000,0.410,0.140,0.450
17500,0.447,0.104,0.449
18000,0.473,0.079,0.448
18500,0.541,0.077,0.382
19000,0.562,0.056,0.382
19500,0.584,0.042,0.374
20000,0.620,0.027,0.353
20500,0.627,0.021,0.352
21000,0.678,0.013,0.309
21500,0.728,0.017,0.255
22000,0.761,0.019,0.220
22500,0.796,0.007,0.197
23000,0.812,0.002,0.186
23500,0.828,0.000,0.172
24000,0.870,0.000,0.130
24500,0.886,0.000,0.114
25000,0.883,0.000,0.117
25500,0.897,0.000,0.103
26000,0.918,0.000,0.082
26500,0.928,0.000,0.072
27000,0.945,0.000,0.055
27500,0.945,0.000,0.055
28000,0.937,0.000,0.063
28500,0.938,0.000,0.062
29000,0.938,0.000,0.062
29500,0.936,0.000,0.064
30000,0.937,0.000,0.063
30500,0.920,0.000,0.080
31000,0.927,0.000,0.073
31500,0.929,0.000,0.071
32000,0.929,0.000,0.071
32500,0.929,0.000,0.071
33000,0.928,0.000,0.072
33500,0.954,0.000,0.046
34000,0.968,0.000,0.032
34500,0.964,0.000,0.036
35000,0.967,0.000,0.033
35500,0.974,0.000,0.026
36000,0.985,0.000,0.015
36500,0.981,0.000,0.019
37000,0.989,0.000,0.011
37500,0.985,0.000,0.015
38000,0.986,0.000,0.014
38500,0.983,0.000,0.017
39000,0.979,0.000,0.021
39500,0.986,0.000,0.014
40000,0.993,0.000,0.007
40500,0.996,0.000,0.004
41000,0.998,0.000,0.002
41500,0.998,0.000,0.002
42000,0.999,0.000,0.001
42500,0.999,0.000,0.001
43000,0.999,0.000,0.001
43500,1.000,0.000,0.000
