time,n_A+p,n_B,n_AB
500,0.030,0.653,0.317
1000,0.030,0.638,0.332
1500,0.030,0.574,0.396
2000,0.030,0.666,0.304
2500,0.030,0.690,0.280
3000,0.030,0.729,0.241
3500,0.030,0.586,0.384
4000,0.030,0.586,0.384
4500,0.030,0.545,0.425
5000,0.030,0.612,0.358
5500,0.030,0.691,0.279
6000,0.030,0.675,0.295
6500,0.030,0.566,0.404
7000,0.030,0.610,0.360
7500,0.030,0.646,0.324
8000,0.030,0.669,0.301
8500,0.030,0.475,0.495
9000,0.030,0.574,0.396
9500,0.030,0.715,0.255
10000,0.030,0.528,0.442
10500,0.030,0.706,0.264
11000,0.030,0.586,0.384
11500,0.030,0.707,0.263
12000,0.030,0.756,0.214
12500,0.030,0.612,0.358
13000,0.030,0.654,0.316
13500,0.030,0.689,0.281
14000,0.030,0.757,0.213
14500,0.030,0.809,0.161
15000,0.030,0.684,0.286
15500,0.030,0.741,0.229
16000,0.030,0.469,0.501
16500,0.030,0.702,0.268
17000,0.030,0.612,0.358
17500,0.030,0.530,0.440
18000,0.030,0.718,0.252
18500,0.030,0.512,0.458
19000,0.030,0.626,0.344
19500,0.030,0.637,0.333
20000,0.030,0.692,0.278
20500,0.030,0.651,0.319
21000,0.030,0.649,0.321
21500,0.030,0.588,0.382
22000,0.030,0.706,0.264
22500,0.030,0.725,0.245
23000,0.030,0.700,0.270
23500,0.030,0.671,0.299
24000,0.030,0.673,0.297
24500,0.030,0.639,0.331
25000,0.030,0.706,0.264
25500,0.030,0.636,0.334
26000,0.030,0.731,0.239
26500,0.030,0.659,0.311
27000,0.030,0.552,0.418
27500,0.030,0.577,0.393
28000,0.030,0.589,0.381
28500,0.030,0.653,0.317
29000,0.030,0.654,0.316
29500,0.030,0.596,0.374
30000,0.030,0.634,0.336
30500,0.030,0.665,0.305
31000,0.030,0.650,0.320
31500,0.030,0.796,0.174
32000,0.030,0.599,0.371
32500,0.030,0.710,0.260
33000,0.030,0.697,0.273
33500,0.030,0.737,0.233
34000,0.030,0.648,0.322
34500,0.030,0.582,0.388
35000,0.030,0.648,0.322
35500,0.030,0.697,0.273
36000,0.030,0.711,0.259
36500,0.030,0.648,0.322
37000,0.030,0.572,0.398
37500,0.030,0.501,0.469
38000,0.030,0.698,0.272
38500,0.030,0.594,0.376
39000,0.030,0.542,0.428
39500,0.030,0.793,0.177
40000,0.030,0.714,0.256
40500,0.030,0.700,0.270
41000,0.030,0.709,0.261
41500,0.030,0.615,0.355
42000,0.030,0.621,0.349
42500,0.030,0.697,0.273
43000,0.030,0.592,0.378
43500,0.030,0.740,0.230
44000,0.030,0.819,0.151
44500,0.030,0.739,0.231
45000,0.030,0.618,0.352
45500,0.030,0.726,0.244
46000,0.030,0.591,0.379
46500,0.030,0.552,0.418
47000,0.030,0.624,0.346
47500,0.030,0.562,0.408
48000,0.030,0.604,0.366
48500,0.030,0.600,0.370
49000,0.030,0.631,0.339
49500,0.030,0.529,0.441
50000,0.030,0.548,0.422
50500,0.030,0.609,0.361
51000,0.030,0.613,0.357
51500,0.030,0.593,0.377
52000,0.030,0.578,0.392
52500,0.030,0.447,0.523
53000,0.030,0.634,0.336
53500,0.030,0.472,0.498
54000,0.030,0.492,0.478
54500,0.030,0.485,0.485
55000,0.030,0.670,0.300
55500,0.030,0.648,0.322
56000,0.030,0.508,0.462
56500,0.030,0.684,0.286
57000,0.030,0.759,0.211
57500,0.030,0.652,0.318
58000,0.030,0.725,0.245
58500,0.030,0.684,0.286
59000,0.030,0.580,0.390
59500,0.030,0.615,0.355
60000,0.030,0.524,0.446
60500,0.030,0.643,0.327
61000,0.030,0.666,0.304
61500,0.030,0.634,0.336
62000,0.030,0.630,0.340
62500,0.030,0.545,0.425
63000,0.030,0.574,0.396
63500,0.030,0.686,0.284
64000,0.030,0.518,0.452
64500,0.030,0.726,0.244
65000,0.030,0.635,0.335
65500,0.030,0.690,0.280
66000,0.030,0.658,0.312
66500,0.030,0.585,0.385
67000,0.030,0.652,0.318
67500,0.030,0.743,0.227
68000,0.030,0.581,0.389
68500,0.030,0.572,0.398
69000,0.030,0.729,0.241
69500,0.030,0.597,0.373
70000,0.030,0.503,0.467
70500,0.030,0.517,0.453
71000,0.030,0.635,0.335
71500,0.030,0.715,0.255
72000,0.030,0.559,0.411
72500,0.030,0.757,0.213
73000,0.030,0.643,0.327
73500,0.030,0.534,0.436
74000,0.030,0.624,0.346
74500,0.030,0.700,0.270
75000,0.030,0.727,0.243
75500,0.030,0.626,0.344
76000,0.030,0.576,0.394
76500,0.030,0.536,0.434
77000,0.030,0.666,0.304
77500,0.030,0.613,0.357
78000,0.030,0.427,0.543
78500,0.030,0.498,0.472
79000,0.030,0.638,0.332
79500,0.030,0.592,0.378
80000,0.030,0.719,0.251
80500,0.030,0.702,0.268
81000,0.030,0.808,0.162
81500,0.030,0.696,0.274
82000,0.030,0.587,0.383
82500,0.030,0.657,0.313
83000,0.030,0.681,0.289
83500,0.030,0.655,0.315
84000,0.030,0.776,0.194
84500,0.030,0.685,0.285
85000,0.030,0.680,0.290
85500,0.030,0.610,0.360
86000,0.030,0.670,0.300
86500,0.030,0.654,0.316
87000,0.030,0.494,0.476
87500,0.030,0.716,0.254
88000,0.030,0.798,0.172
88500,0.030,0.816,0.154
89000,0.030,0.831,0.139
89500,0.030,0.755,0.215
90000,0.030,0.658,0.312
90500,0.030,0.593,0.377
91000,0.030,0.777,0.193
91500,0.030,0.726,0.244
92000,0.030,0.559,0.411
92500,0.030,0.643,0.327
93000,0.030,0.790,0.180
93500,0.030,0.629,0.341
94000,0.030,0.556,0.414
94500,0.030,0.636,0.334
95000,0.030,0.743,0.227
95500,0.030,0.619,0.351
96000,0.030,0.603,0.367
96500,0.030,0.612,0.358
97000,0.030,0.744,0.226
97500,0.030,0.617,0.353
98000,0.030,0.599,0.371
98500,0.030,0.653,0.317
99000,0.030,0.698,0.272
99500,0.030,0.802,0.168
100000,0.030,0.726,0.244
100500,0.030,0.818,0.152
101000,0.030,0.685,0.285
101500,0.030,0.458,0.512
102000,0.030,0.599,0.371
102500,0.030,0.690,0.280
103000,0.030,0.605,0.365
103500,0.030,0.537,0.433
104000,0.030,0.624,0.346
104500,0.030,0.655,0.315
105000,0.030,0.720,0.250
105500,0.030,0.679,0.291
106000,0.030,0.531,0.439
106500,0.030,0.773,0.197
107000,0.030,0.610,0.360
107500,0.030,0.494,0.476
108000,0.030,0.628,0.342
108500,0.030,0.690,0.280
109000,0.030,0.572,0.398
109500,0.030,0.608,0.362
110000,0.030,0.622,0.348
110500,0.030,0.621,0.349
111000,0.030,0.680,0.290
111500,0.030,0.780,0.190
112000,0.030,0.661,0.309
112500,0.030,0.650,0.320
113000,0.030,0.632,0.338
113500,0.030,0.552,0.418
114000,0.030,0.650,0.320
114500,0.030,0.703,0.267
115000,0.030,0.659,0.311
115500,0.030,0.688,0.282
116000,0.030,0.567,0.403
116500,0.030,0.632,0.338
117000,0.030,0.666,0.304
117500,0.030,0.685,0.285
118000,0.030,0.780,0.190
118500,0.030,0.703,0.267
119000,0.030,0.698,0.272
119500,0.030,0.812,0.158
120000,0.030,0.804,0.166
120500,0.030,0.650,0.320
121000,0.030,0.626,0.344
121500,0.030,0.713,0.257
122000,0.030,0.716,0.254
122500,0.030,0.774,0.196
123000,0.030,0.820,0.150
123500,0.030,0.666,0.304
124000,0.030,0.748,0.222
124500,0.030,0.691,0.279
125000,0.030,0.686,0.284
125500,0.030,0.617,0.353
126000,0.030,0.755,0.215
126500,0.030,0.686,0.284
127000,0.030,0.778,0.192
127500,0.030,0.662,0.308
128000,0.030,0.663,0.307
128500,0.030,0.563,0.407
129000,0.030,0.499,0.471
129500,0.030,0.709,0.261
130000,0.030,0.578,0.392
130500,0.030,0.596,0.374
131000,0.030,0.604,0.366
131500,0.030,0.677,0.293
132000,0.030,0.482,0.488
132500,0.030,0.528,0.442
133000,0.030,0.549,0.421
133500,0.030,0.736,0.234
134000,0.030,0.610,0.360
134500,0.030,0.650,0.320
135000,0.030,0.672,0.298
135500,0.030,0.646,0.324
136000,0.030,0.678,0.292
136500,0.030,0.749,0.221
137000,0.030,0.610,0.360
137500,0.030,0.689,0.281
138000,0.030,0.836,0.134
138500,0.030,0.780,0.190
139000,0.030,0.597,0.373
139500,0.030,0.579,0.391
140000,0.030,0.675,0.295
140500,0.030,0.679,0.291
141000,0.030,0.736,0.234
141500,0.030,0.619,0.351
142000,0.030,0.719,0.251
142500,0.030,0.566,0.404
143000,0.030,0.678,0.292
143500,0.030,0.705,0.265
144000,0.030,0.636,0.334
144500,0.030,0.604,0.366
145000,0.030,0.670,0.300
145500,0.030,0.448,0.522
146000,0.030,0.536,0.434
146500,0.030,0.487,0.483
147000,0.030,0.489,0.481
147500,0.030,0.586,0.384
148000,0.030,0.685,0.285
148500,0.030,0.577,0.393
149000,0.030,0.519,0.451
149500,0.030,0.500,0.470
150000,0.030,0.628,0.342
150500,0.030,0.534,0.436
151000,0.030,0.636,0.334
151500,0.030,0.746,0.224
152000,0.030,0.852,0.118
152500,0.030,0.730,0.240
153000,0.030,0.602,0.368
153500,0.030,0.774,0.196
154000,0.030,0.812,0.158
154500,0.030,0.762,0.208
155000,0.030,0.632,0.338
155500,0.030,0.757,0.213
156000,0.030,0.584,0.386
156500,0.030,0.632,0.338
157000,0.030,0.677,0.293
157500,0.030,0.645,0.325
158000,0.030,0.597,0.373
158500,0.030,0.641,0.329
159000,0.030,0.510,0.460
159500,0.030,0.553,0.417
160000,0.030,0.743,0.227
160500,0.030,0.575,0.395
161000,0.030,0.470,0.500
161500,0.030,0.765,0.205
162000,0.030,0.477,0.493
162500,0.030,0.611,0.359
163000,0.030,0.706,0.264
163500,0.030,0.813,0.157
164000,0.030,0.752,0.218
164500,0.030,0.648,0.322
165000,0.030,0.770,0.200
165500,0.030,0.714,0.256
166000,0.030,0.696,0.274
166500,0.030,0.730,0.240
167000,0.030,0.710,0.260
167500,0.030,0.643,0.327
168000,0.030,0.598,0.372
168500,0.030,0.608,0.362
169000,0.030,0.675,0.295
169500,0.030,0.723,0.247
170000,0.030,0.489,0.481
170500,0.030,0.731,0.239
171000,0.030,0.732,0.238
171500,0.030,0.661,0.309
172000,0.030,0.664,0.306
172500,0.030,0.607,0.363
173000,0.030,0.512,0.458
173500,0.030,0.659,0.311
174000,0.030,0.626,0.344
174500,0.030,0.583,0.387
175000,0.030,0.704,0.266
175500,0.030,0.829,0.141
176000,0.030,0.741,0.229
176500,0.030,0.699,0.271
177000,0.030,0.693,0.277
177500,0.030,0.579,0.391
178000,0.030,0.599,0.371
178500,0.030,0.691,0.279
179000,0.030,0.713,0.257
179500,0.030,0.684,0.286
180000,0.030,0.711,0.259
180500,0.030,0.711,0.259
181000,0.030,0.591,0.379
181500,0.030,0.605,0.365
182000,0.030,0.559,0.411
182500,0.030,0.504,0.466
183000,0.030,0.613,0.357
183500,0.030,0.621,0.349
184000,0.030,0.657,0.313
184500,0.030,0.616,0.354
185000,0.030,0.639,0.331
185500,0.030,0.623,0.347
186000,0.030,0.656,0.314
186500,0.030,0.629,0.341
187000,0.030,0.575,0.395
187500,0.030,0.578,0.392
188000,0.030,0.701,0.269
188500,0.030,0.632,0.338
189000,0.030,0.397,0.573
189500,0.030,0.626,0.344
190000,0.030,0.642,0.328
190500,0.030,0.672,0.298
191000,0.030,0.618,0.352
191500,0.030,0.498,0.472
192000,0.030,0.476,0.494
192500,0.030,0.636,0.334
193000,0.030,0.505,0.465
193500,0.030,0.562,0.408
194000,0.030,0.618,0.352
194500,0.030,0.680,0.290
195000,0.030,0.650,0.320
195500,0.030,0.622,0.348
196000,0.030,0.710,0.260
196500,0.030,0.659,0.311
197000,0.030,0.444,0.526
197500,0.030,0.716,0.254
198000,0.030,0.631,0.339
198500,0.030,0.613,0.357
199000,0.030,0.871,0.099
199500,0.030,0.552,0.418
200000,0.030,0.665,0.305
200500,0.030,0.692,0.278
201000,0.030,0.572,0.398
201500,0.030,0.606,0.364
202000,0.030,0.735,0.235
202500,0.030,0.590,0.380
203000,0.030,0.641,0.329
203500,0.030,0.540,0.430
204000,0.030,0.502,0.468
204500,0.030,0.682,0.288
205000,0.030,0.666,0.304
205500,0.030,0.745,0.225
206000,0.030,0.682,0.288
206500,0.030,0.799,0.171
207000,0.030,0.613,0.357
207500,0.030,0.743,0.227
208000,0.030,0.635,0.335
208500,0.030,0.783,0.187
209000,0.030,0.682,0.288
209500,0.030,0.624,0.346
210000,0.030,0.636,0.334
210500,0.030,0.682,0.288
211000,0.030,0.626,0.344
211500,0.030,0.606,0.364
212000,0.030,0.669,0.301
212500,0.030,0.482,0.488
213000,0.030,0.789,0.181
213500,0.030,0.662,0.308
214000,0.030,0.618,0.352
214500,0.030,0.725,0.245
215000,0.030,0.664,0.306
215500,0.030,0.737,0.233
216000,0.030,0.768,0.202
216500,0.030,0.432,0.538
217000,0.030,0.614,0.356
217500,0.030,0.689,0.281
218000,0.030,0.681,0.289
218500,0.030,0.564,0.406
219000,0.030,0.724,0.246
219500,0.030,0.752,0.218
220000,0.030,0.600,0.370
220500,0.030,0.549,0.421
221000,0.030,0.643,0.327
221500,0.030,0.697,0.273
222000,0.030,0.722,0.248
222500,0.030,0.641,0.329
223000,0.030,0.660,0.310
223500,0.030,0.789,0.181
224000,0.030,0.567,0.403
224500,0.030,0.640,0.330
225000,0.030,0.772,0.198
225500,0.030,0.704,0.266
226000,0.030,0.662,0.308
226500,0.030,0.657,0.313
227000,0.030,0.662,0.308
227500,0.030,0.540,0.430
228000,0.030,0.683,0.287
228500,0.030,0.624,0.346
229000,0.030,0.686,0.284
229500,0.030,0.710,0.260
230000,0.030,0.639,0.331
230500,0.030,0.636,0.334
231000,0.030,0.595,0.375
231500,0.030,0.701,0.269
232000,0.030,0.580,0.390
232500,0.030,0.693,0.277
233000,0.030,0.689,0.281
233500,0.030,0.604,0.366
234000,0.030,0.629,0.341
234500,0.030,0.525,0.445
235000,0.030,0.752,0.218
235500,0.030,0.546,0.424
236000,0.030,0.586,0.384
236500,0.030,0.726,0.244
237000,0.030,0.710,0.260
237500,0.030,0.526,0.444
238000,0.030,0.613,0.357
238500,0.030,0.568,0.402
239000,0.030,0.581,0.389
239500,0.030,0.607,0.363
240000,0.030,0.759,0.211
240500,0.030,0.619,0.351
241000,0.030,0.591,0.379
241500,0.030,0.585,0.385
242000,0.030,0.695,0.275
242500,0.030,0.771,0.199
243000,0.030,0.584,0.386
243500,0.030,0.723,0.247
244000,0.030,0.681,0.289
244500,0.030,0.792,0.178
245000,0.030,0.636,0.334
245500,0.030,0.743,0.227
246000,0.030,0.773,0.197
246500,0.030,0.640,0.330
247000,0.030,0.843,0.127
247500,0.030,0.822,0.148
248000,0.030,0.743,0.227
248500,0.030,0.755,0.215
249000,0.030,0.700,0.270
249500,0.030,0.722,0.248
250000,0.030,0.734,0.236
250500,0.030,0.665,0.305
251000,0.030,0.716,0.254
251500,0.030,0.633,0.337
252000,0.030,0.618,0.352
252500,0.030,0.676,0.294
253000,0.030,0.663,0.307
253500,0.030,0.548,0.422
254000,0.030,0.606,0.364
254500,0.030,0.575,0.395
255000,0.030,0.626,0.344
255500,0.030,0.727,0.243
256000,0.030,0.702,0.268
256500,0.030,0.729,0.241
257000,0.030,0.735,0.235
257500,0.030,0.544,0.426
258000,0.030,0.579,0.391
258500,0.030,0.658,0.312
259000,0.030,0.675,0.295
259500,0.030,0.701,0.269
260000,0.030,0.630,0.340
260500,0.030,0.638,0.332
261000,0.030,0.542,0.428
261500,0.030,0.697,0.273
262000,0.030,0.613,0.357
262500,0.030,0.662,0.308
263000,0.030,0.718,0.252
263500,0.030,0.615,0.355
264000,0.030,0.674,0.296
264500,0.030,0.762,0.208
265000,0.030,0.675,0.295
265500,0.030,0.624,0.346
266000,0.030,0.627,0.343
266500,0.030,0.538,0.432
267000,0.030,0.591,0.379
267500,0.030,0.617,0.353
268000,0.030,0.664,0.306
268500,0.030,0.764,0.206
269000,0.030,0.604,0.366
269500,0.030,0.616,0.354
270000,0.030,0.550,0.420
270500,0.030,0.623,0.347
271000,0.030,0.635,0.335
271500,0.030,0.574,0.396
272000,0.030,0.667,0.303
272500,0.030,0.561,0.409
273000,0.030,0.758,0.212
273500,0.030,0.733,0.237
274000,0.030,0.740,0.230
274500,0.030,0.753,0.217
275000,0.030,0.745,0.225
275500,0.030,0.767,0.203
276000,0.030,0.632,0.338
276500,0.030,0.530,0.440
277000,0.030,0.665,0.305
277500,0.030,0.692,0.278
278000,0.030,0.646,0.324
278500,0.030,0.696,0.274
279000,0.030,0.715,0.255
279500,0.030,0.620,0.350
280000,0.030,0.551,0.419
280500,0.030,0.642,0.328
281000,0.030,0.655,0.315
281500,0.030,0.568,0.402
282000,0.030,0.538,0.432
282500,0.030,0.402,0.568
283000,0.030,0.645,0.325
283500,0.030,0.597,0.373
284000,0.030,0.638,0.332
284500,0.030,0.661,0.309
285000,0.030,0.636,0.334
285500,0.030,0.694,0.276
286000,0.030,0.710,0.260
286500,0.030,0.637,0.333
287000,0.030,0.645,0.325
287500,0.030,0.573,0.397
288000,0.030,0.401,0.569
288500,0.030,0.695,0.275
289000,0.030,0.730,0.240
289500,0.030,0.603,0.367
290000,0.030,0.588,0.382
290500,0.030,0.694,0.276
291000,0.030,0.635,0.335
291500,0.030,0.545,0.425
292000,0.030,0.623,0.347
292500,0.030,0.600,0.370
293000,0.030,0.666,0.304
293500,0.030,0.734,0.236
294000,0.030,0.552,0.418
294500,0.030,0.666,0.304
295000,0.030,0.762,0.208
295500,0.030,0.673,0.297
296000,0.030,0.583,0.387
296500,0.030,0.629,0.341
297000,0.030,0.650,0.320
297500,0.030,0.787,0.183
298000,0.030,0.609,0.361
298500,0.030,0.470,0.500
299000,0.030,0.617,0.353
299500,0.030,0.690,0.280
300000,0.030,0.740,0.230
300500,0.030,0.728,0.242
301000,0.030,0.852,0.118
301500,0.030,0.706,0.264
302000,0.030,0.648,0.322
302500,0.030,0.495,0.475
303000,0.030,0.594,0.376
303500,0.030,0.745,0.225
304000,0.030,0.698,0.272
304500,0.030,0.682,0.288
305000,0.030,0.605,0.365
305500,0.030,0.684,0.286
306000,0.030,0.520,0.450
306500,0.030,0.589,0.381
307000,0.030,0.589,0.381
307500,0.030,0.521,0.449
308000,0.030,0.665,0.305
308500,0.030,0.674,0.296
309000,0.030,0.553,0.417
309500,0.030,0.697,0.273
310000,0.030,0.678,0.292
310500,0.030,0.678,0.292
311000,0.030,0.584,0.386
311500,0.030,0.696,0.274
312000,0.030,0.680,0.290
312500,0.030,0.723,0.247
313000,0.030,0.665,0.305
313500,0.030,0.627,0.343
314000,0.030,0.731,0.239
314500,0.030,0.696,0.274
315000,0.030,0.649,0.321
315500,0.030,0.583,0.387
316000,0.030,0.605,0.365
316500,0.030,0.681,0.289
317000,0.030,0.596,0.374
317500,0.030,0.701,0.269
318000,0.030,0.704,0.266
318500,0.030,0.505,0.465
319000,0.030,0.534,0.436
319500,0.030,0.620,0.350
320000,0.030,0.552,0.418
320500,0.030,0.606,0.364
321000,0.030,0.569,0.401
321500,0.030,0.678,0.292
322000,0.030,0.715,0.255
322500,0.030,0.683,0.287
323000,0.030,0.678,0.292
323500,0.030,0.653,0.317
324000,0.030,0.621,0.349
324500,0.030,0.679,0.291
325000,0.030,0.747,0.223
325500,0.030,0.711,0.259
326000,0.030,0.690,0.280
326500,0.030,0.820,0.150
327000,0.030,0.545,0.425
327500,0.030,0.666,0.304
328000,0.030,0.615,0.355
328500,0.030,0.698,0.272
329000,0.030,0.658,0.312
329500,0.030,0.792,0.178
330000,0.030,0.652,0.318
330500,0.030,0.625,0.345
331000,0.030,0.510,0.460
331500,0.030,0.551,0.419
332000,0.030,0.662,0.308
332500,0.030,0.607,0.363
333000,0.030,0.594,0.376
333500,0.030,0.531,0.439
334000,0.030,0.467,0.503
334500,0.030,0.629,0.341
335000,0.030,0.691,0.279
335500,0.030,0.647,0.323
336000,0.030,0.698,0.272
336500,0.030,0.703,0.267
337000,0.030,0.680,0.290
337500,0.030,0.666,0.304
338000,0.030,0.549,0.421
338500,0.030,0.637,0.333
339000,0.030,0.767,0.203
339500,0.030,0.672,0.298
340000,0.030,0.690,0.280
340500,0.030,0.569,0.401
341000,0.030,0.508,0.462
341500,0.030,0.518,0.452
342000,0.030,0.687,0.283
342500,0.030,0.613,0.357
343000,0.030,0.586,0.384
343500,0.030,0.661,0.309
344000,0.030,0.842,0.128
344500,0.030,0.750,0.220
345000,0.030,0.589,0.381
345500,0.030,0.636,0.334
346000,0.030,0.625,0.345
346500,0.030,0.771,0.199
347000,0.030,0.812,0.158
347500,0.030,0.692,0.278
348000,0.030,0.772,0.198
348500,0.030,0.525,0.445
349000,0.030,0.570,0.400
349500,0.030,0.623,0.347
350000,0.030,0.480,0.490
350500,0.030,0.556,0.414
351000,0.030,0.764,0.206
351500,0.030,0.732,0.238
352000,0.030,0.748,0.222
352500,0.030,0.610,0.360
353000,0.030,0.603,0.367
353500,0.030,0.848,0.122
354000,0.030,0.552,0.418
354500,0.030,0.578,0.392
355000,0.030,0.689,0.281
355500,0.030,0.645,0.325
356000,0.030,0.800,0.170
356500,0.030,0.614,0.356
357000,0.030,0.543,0.427
357500,0.030,0.637,0.333
358000,0.030,0.689,0.281
358500,0.030,0.656,0.314
359000,0.030,0.562,0.408
359500,0.030,0.706,0.264
360000,0.030,0.728,0.242
360500,0.030,0.557,0.413
361000,0.030,0.574,0.396
361500,0.030,0.599,0.371
362000,0.030,0.728,0.242
362500,0.030,0.722,0.248
363000,0.030,0.588,0.382
363500,0.030,0.373,0.597
364000,0.030,0.501,0.469
364500,0.030,0.705,0.265
365000,0.030,0.714,0.256
365500,0.030,0.711,0.259
366000,0.030,0.707,0.263
366500,0.030,0.498,0.472
367000,0.030,0.610,0.360
367500,0.030,0.673,0.297
368000,0.030,0.620,0.350
368500,0.030,0.707,0.263
369000,0.030,0.542,0.428
369500,0.030,0.531,0.439
370000,0.030,0.671,0.299
370500,0.030,0.552,0.418
371000,0.030,0.489,0.481
371500,0.030,0.561,0.409
372000,0.030,0.515,0.455
372500,0.030,0.691,0.279
373000,0.030,0.634,0.336
373500,0.030,0.661,0.309
374000,0.030,0.566,0.404
374500,0.030,0.597,0.373
375000,0.030,0.766,0.204
375500,0.030,0.643,0.327
376000,0.030,0.573,0.397
376500,0.030,0.671,0.299
377000,0.030,0.752,0.218
377500,0.030,0.620,0.350
378000,0.030,0.594,0.376
378500,0.030,0.708,0.262
379000,0.030,0.708,0.262
379500,0.030,0.661,0.309
380000,0.030,0.618,0.352
380500,0.030,0.608,0.362
381000,0.030,0.501,0.469
381500,0.030,0.606,0.364
382000,0.030,0.548,0.422
382500,0.030,0.660,0.310
383000,0.030,0.660,0.310
383500,0.030,0.524,0.446
384000,0.030,0.721,0.249
384500,0.030,0.605,0.365
385000,0.030,0.658,0.312
385500,0.030,0.618,0.352
386000,0.030,0.674,0.296
386500,0.030,0.775,0.195
387000,0.030,0.781,0.189
387500,0.030,0.503,0.467
388000,0.030,0.634,0.336
388500,0.030,0.662,0.308
389000,0.030,0.592,0.378
389500,0.030,0.616,0.354
390000,0.030,0.637,0.333
390500,0.030,0.562,0.408
391000,0.030,0.603,0.367
391500,0.030,0.666,0.304
392000,0.030,0.747,0.223
392500,0.030,0.758,0.212
393000,0.030,0.596,0.374
393500,0.030,0.661,0.309
394000,0.030,0.538,0.432
394500,0.030,0.640,0.330
395000,0.030,0.655,0.315
395500,0.030,0.684,0.286
396000,0.030,0.522,0.448
396500,0.030,0.621,0.349
397000,0.030,0.564,0.406
397500,0.030,0.616,0.354
398000,0.030,0.675,0.295
398500,0.030,0.681,0.289
399000,0.030,0.630,0.340
399500,0.030,0.651,0.319
400000,0.030,0.739,0.231
400500,0.030,0.577,0.393
401000,0.030,0.639,0.331
401500,0.030,0.715,0.255
402000,0.030,0.661,0.309
402500,0.030,0.639,0.331
403000,0.030,0.725,0.245
403500,0.030,0.555,0.415
404000,0.030,0.687,0.283
404500,0.030,0.512,0.458
405000,0.030,0.662,0.308
405500,0.030,0.646,0.324
406000,0.030,0.749,0.221
406500,0.030,0.620,0.350
407000,0.030,0.681,0.289
407500,0.030,0.612,0.358
408000,0.030,0.729,0.241
408500,0.030,0.716,0.254
409000,0.030,0.559,0.411
409500,0.030,0.635,0.335
410000,0.030,0.611,0.359
410500,0.030,0.583,0.387
411000,0.030,0.585,0.385
411500,0.030,0.602,0.368
412000,0.030,0.574,0.396
412500,0.030,0.600,0.370
413000,0.030,0.486,0.484
413500,0.030,0.573,0.397
414000,0.030,0.678,0.292
414500,0.030,0.532,0.438
415000,0.030,0.682,0.288
415500,0.030,0.597,0.373
416000,0.030,0.613,0.357
416500,0.030,0.685,0.285
417000,0.030,0.818,0.152
417500,0.030,0.706,0.264
418000,0.030,0.662,0.308
418500,0.030,0.609,0.361
419000,0.030,0.562,0.408
419500,0.030,0.556,0.414
420000,0.030,0.479,0.491
420500,0.030,0.565,0.405
421000,0.030,0.793,0.177
421500,0.030,0.840,0.130
422000,0.030,0.590,0.380
422500,0.030,0.619,0.351
423000,0.030,0.613,0.357
423500,0.030,0.680,0.290
424000,0.030,0.563,0.407
424500,0.030,0.731,0.239
425000,0.030,0.635,0.335
425500,0.030,0.575,0.395
426000,0.030,0.608,0.362
426500,0.030,0.744,0.226
427000,0.030,0.670,0.300
427500,0.030,0.687,0.283
428000,0.030,0.646,0.324
428500,0.030,0.641,0.329
429000,0.030,0.664,0.306
429500,0.030,0.707,0.263
430000,0.030,0.765,0.205
430500,0.030,0.621,0.349
431000,0.030,0.676,0.294
431500,0.030,0.607,0.363
432000,0.030,0.535,0.435
432500,0.030,0.701,0.269
433000,0.030,0.719,0.251
433500,0.030,0.616,0.354
434000,0.030,0.524,0.446
434500,0.030,0.574,0.396
435000,0.030,0.606,0.364
435500,0.030,0.627,0.343
436000,0.030,0.529,0.441
436500,0.030,0.561,0.409
437000,0.030,0.497,0.473
437500,0.030,0.643,0.327
438000,0.030,0.624,0.346
438500,0.030,0.690,0.280
439000,0.030,0.690,0.280
439500,0.030,0.668,0.302
440000,0.030,0.749,0.221
440500,0.030,0.629,0.341
441000,0.030,0.580,0.390
441500,0.030,0.579,0.391
442000,0.030,0.668,0.302
442500,0.030,0.641,0.329
443000,0.030,0.692,0.278
443500,0.030,0.815,0.155
444000,0.030,0.637,0.333
444500,0.030,0.637,0.333
445000,0.030,0.785,0.185
445500,0.030,0.641,0.329
446000,0.030,0.583,0.387
446500,0.030,0.804,0.166
447000,0.030,0.741,0.229
447500,0.030,0.664,0.306
448000,0.030,0.546,0.424
448500,0.030,0.684,0.286
449000,0.030,0.631,0.339
449500,0.030,0.647,0.323
450000,0.030,0.660,0.310
450500,0.030,0.658,0.312
451000,0.030,0.615,0.355
451500,0.030,0.745,0.225
452000,0.030,0.740,0.230
452500,0.030,0.780,0.190
453000,0.030,0.671,0.299
453500,0.030,0.696,0.274
454000,0.030,0.698,0.272
454500,0.030,0.620,0.350
455000,0.030,0.639,0.331
455500,0.030,0.682,0.288
456000,0.030,0.623,0.347
456500,0.030,0.679,0.291
457000,0.030,0.586,0.384
457500,0.030,0.656,0.314
458000,0.030,0.662,0.308
458500,0.030,0.550,0.420
459000,0.030,0.737,0.233
459500,0.030,0.745,0.225
460000,0.030,0.777,0.193
460500,0.030,0.766,0.204
461000,0.030,0.749,0.221
461500,0.030,0.668,0.302
462000,0.030,0.640,0.330
462500,0.030,0.543,0.427
463000,0.030,0.533,0.437
463500,0.030,0.647,0.323
464000,0.030,0.546,0.424
464500,0.030,0.615,0.355
465000,0.030,0.520,0.450
465500,0.030,0.572,0.398
466000,0.030,0.474,0.496
466500,0.030,0.617,0.353
467000,0.030,0.726,0.244
467500,0.030,0.570,0.400
468000,0.030,0.588,0.382
468500,0.030,0.639,0.331
469000,0.030,0.730,0.240
469500,0.030,0.725,0.245
470000,0.030,0.683,0.287
470500,0.030,0.659,0.311
471000,0.030,0.651,0.319
471500,0.030,0.650,0.320
472000,0.030,0.725,0.245
472500,0.030,0.684,0.286
473000,0.030,0.476,0.494
473500,0.030,0.668,0.302
474000,0.030,0.851,0.119
474500,0.030,0.708,0.262
475000,0.030,0.716,0.254
475500,0.030,0.633,0.337
476000,0.030,0.561,0.409
476500,0.030,0.633,0.337
477000,0.030,0.762,0.208
477500,0.030,0.828,0.142
478000,0.030,0.578,0.392
478500,0.030,0.648,0.322
479000,0.030,0.553,0.417
479500,0.030,0.591,0.379
480000,0.030,0.691,0.279
480500,0.030,0.777,0.193
481000,0.030,0.748,0.222
481500,0.030,0.595,0.375
482000,0.030,0.651,0.319
482500,0.030,0.644,0.326
483000,0.030,0.542,0.428
483500,0.030,0.510,0.460
484000,0.030,0.625,0.345
484500,0.030,0.692,0.278
485000,0.030,0.706,0.264
485500,0.030,0.729,0.241
486000,0.030,0.661,0.309
486500,0.030,0.729,0.241
487000,0.030,0.649,0.321
487500,0.030,0.697,0.273
488000,0.030,0.637,0.333
488500,0.030,0.690,0.280
489000,0.030,0.540,0.430
489500,0.030,0.694,0.276
490000,0.030,0.741,0.229
490500,0.030,0.716,0.254
491000,0.030,0.713,0.257
491500,0.030,0.618,0.352
492000,0.030,0.611,0.359
492500,0.030,0.527,0.443
493000,0.030,0.605,0.365
493500,0.030,0.583,0.387
494000,0.030,0.758,0.212
494500,0.030,0.592,0.378
495000,0.030,0.626,0.344
495500,0.030,0.680,0.290
496000,0.030,0.537,0.433
496500,0.030,0.640,0.330
497000,0.030,0.692,0.278
497500,0.030,0.640,0.330
498000,0.030,0.734,0.236
498500,0.030,0.705,0.265
499000,0.030,0.496,0.474
499500,0.030,0.613,0.357
500000,0.030,0.462,0.508
500500,0.030,0.586,0.384
501000,0.030,0.730,0.240
501500,0.030,0.586,0.384
502000,0.030,0.708,0.262
502500,0.030,0.534,0.436
503000,0.030,0.684,0.286
503500,0.030,0.682,0.288
504000,0.030,0.578,0.392
504500,0.030,0.617,0.353
505000,0.030,0.662,0.308
505500,0.030,0.566,0.404
506000,0.030,0.535,0.435
506500,0.030,0.638,0.332
507000,0.030,0.669,0.301
507500,0.030,0.707,0.263
508000,0.030,0.588,0.382
508500,0.030,0.674,0.296
509000,0.030,0.714,0.256
509500,0.030,0.676,0.294
510000,0.030,0.697,0.273
510500,0.030,0.547,0.423
511000,0.030,0.606,0.364
511500,0.030,0.659,0.311
512000,0.030,0.800,0.170
512500,0.030,0.810,0.160
513000,0.030,0.696,0.274
513500,0.030,0.697,0.273
514000,0.030,0.660,0.310
514500,0.030,0.597,0.373
515000,0.030,0.648,0.322
515500,0.030,0.600,0.370
516000,0.030,0.731,0.239
516500,0.030,0.543,0.427
517000,0.030,0.640,0.330
517500,0.030,0.613,0.357
518000,0.030,0.776,0.194
518500,0.030,0.787,0.183
519000,0.030,0.645,0.325
519500,0.030,0.646,0.324
520000,0.030,0.525,0.445
520500,0.030,0.597,0.373
521000,0.030,0.634,0.336
521500,0.030,0.676,0.294
522000,0.030,0.661,0.309
522500,0.030,0.738,0.232
523000,0.030,0.771,0.199
523500,0.030,0.764,0.206
524000,0.030,0.658,0.312
524500,0.030,0.679,0.291
525000,0.030,0.755,0.215
525500,0.030,0.731,0.239
526000,0.030,0.692,0.278
526500,0.030,0.626,0.344
527000,0.030,0.714,0.256
527500,0.030,0.818,0.152
528000,0.030,0.627,0.343
528500,0.030,0.615,0.355
529000,0.030,0.751,0.219
529500,0.030,0.727,0.243
530000,0.030,0.869,0.101
530500,0.030,0.668,0.302
531000,0.030,0.691,0.279
531500,0.030,0.727,0.243
532000,0.030,0.648,0.322
532500,0.030,0.710,0.260
533000,0.030,0.655,0.315
533500,0.030,0.666,0.304
534000,0.030,0.575,0.395
534500,0.030,0.616,0.354
535000,0.030,0.587,0.383
535500,0.030,0.689,0.281
536000,0.030,0.573,0.397
536500,0.030,0.667,0.303
537000,0.030,0.606,0.364
537500,0.030,0.659,0.311
538000,0.030,0.587,0.383
538500,0.030,0.594,0.376
539000,0.030,0.661,0.309
539500,0.030,0.580,0.390
540000,0.030,0.714,0.256
540500,0.030,0.564,0.406
541000,0.030,0.621,0.349
541500,0.030,0.613,0.357
542000,0.030,0.667,0.303
542500,0.030,0.711,0.259
543000,0.030,0.735,0.235
543500,0.030,0.667,0.303
544000,0.030,0.618,0.352
544500,0.030,0.594,0.376
545000,0.030,0.498,0.472
545500,0.030,0.607,0.363
546000,0.030,0.541,0.429
546500,0.030,0.653,0.317
547000,0.030,0.606,0.364
547500,0.030,0.704,0.266
548000,0.030,0.675,0.295
548500,0.030,0.647,0.323
549000,0.030,0.614,0.356
549500,0.030,0.661,0.309
550000,0.030,0.549,0.421
550500,0.030,0.648,0.322
551000,0.030,0.518,0.452
551500,0.030,0.627,0.343
552000,0.030,0.586,0.384
552500,0.030,0.604,0.366
553000,0.030,0.568,0.402
553500,0.030,0.652,0.318
554000,0.030,0.737,0.233
554500,0.030,0.651,0.319
555000,0.030,0.605,0.365
555500,0.030,0.582,0.388
556000,0.030,0.592,0.378
556500,0.030,0.676,0.294
557000,0.030,0.798,0.172
557500,0.030,0.609,0.361
558000,0.030,0.746,0.224
558500,0.030,0.696,0.274
559000,0.030,0.609,0.361
559500,0.030,0.652,0.318
560000,0.030,0.679,0.291
560500,0.030,0.590,0.380
561000,0.030,0.708,0.262
561500,0.030,0.559,0.411
562000,0.030,0.623,0.347
562500,0.030,0.587,0.383
563000,0.030,0.585,0.385
563500,0.030,0.660,0.310
564000,0.030,0.759,0.211
564500,0.030,0.626,0.344
565000,0.030,0.681,0.289
565500,0.030,0.756,0.214
566000,0.030,0.591,0.379
566500,0.030,0.562,0.408
567000,0.030,0.541,0.429
567500,0.030,0.626,0.344
568000,0.030,0.709,0.261
568500,0.030,0.619,0.351
569000,0.030,0.676,0.294
569500,0.030,0.680,0.290
570000,0.030,0.727,0.243
570500,0.030,0.567,0.403
571000,0.030,0.535,0.435
571500,0.030,0.572,0.398
572000,0.030,0.584,0.386
572500,0.030,0.704,0.266
573000,0.030,0.779,0.191
573500,0.030,0.606,0.364
574000,0.030,0.700,0.270
574500,0.030,0.556,0.414
575000,0.030,0.663,0.307
575500,0.030,0.677,0.293
576000,0.030,0.689,0.281
576500,0.030,0.669,0.301
577000,0.030,0.724,0.246
577500,0.030,0.611,0.359
578000,0.030,0.615,0.355
578500,0.030,0.629,0.341
579000,0.030,0.664,0.306
579500,0.030,0.585,0.385
580000,0.030,0.592,0.378
580500,0.030,0.512,0.458
581000,0.030,0.568,0.402
581500,0.030,0.595,0.375
582000,0.030,0.618,0.352
582500,0.030,0.720,0.250
583000,0.030,0.712,0.258
583500,0.030,0.741,0.229
584000,0.030,0.678,0.292
584500,0.030,0.579,0.391
585000,0.030,0.612,0.358
585500,0.030,0.563,0.407
586000,0.030,0.605,0.365
586500,0.030,0.667,0.303
587000,0.030,0.607,0.363
587500,0.030,0.666,0.304
588000,0.030,0.662,0.308
588500,0.030,0.751,0.219
589000,0.030,0.721,0.249
589500,0.030,0.663,0.307
590000,0.030,0.696,0.274
590500,0.030,0.527,0.443
591000,0.030,0.697,0.273
591500,0.030,0.605,0.365
592000,0.030,0.578,0.392
592500,0.030,0.642,0.328
593000,0.030,0.657,0.313
593500,0.030,0.548,0.422
594000,0.030,0.579,0.391
594500,0.030,0.572,0.398
595000,0.030,0.639,0.331
595500,0.030,0.530,0.440
596000,0.030,0.557,0.413
596500,0.030,0.627,0.343
597000,0.030,0.707,0.263
597500,0.030,0.597,0.373
598000,0.030,0.702,0.268
598500,0.030,0.697,0.273
599000,0.030,0.754,0.216
599500,0.030,0.715,0.255
600000,0.030,0.611,0.359
600500,0.030,0.607,0.363
601000,0.030,0.529,0.441
601500,0.030,0.695,0.275
602000,0.030,0.659,0.311
602500,0.030,0.626,0.344
603000,0.030,0.601,0.369
603500,0.030,0.498,0.472
604000,0.030,0.782,0.188
604500,0.030,0.827,0.143
605000,0.030,0.770,0.200
605500,0.030,0.730,0.240
606000,0.030,0.582,0.388
606500,0.030,0.617,0.353
607000,0.030,0.488,0.482
607500,0.030,0.630,0.340
608000,0.030,0.582,0.388
608500,0.030,0.461,0.509
609000,0.030,0.632,0.338
609500,0.030,0.632,0.338
610000,0.030,0.648,0.322
610500,0.030,0.665,0.305
611000,0.030,0.648,0.322
611500,0.030,0.768,0.202
612000,0.030,0.640,0.330
612500,0.030,0.727,0.243
613000,0.030,0.627,0.343
613500,0.030,0.556,0.414
614000,0.030,0.727,0.243
614500,0.030,0.747,0.223
615000,0.030,0.635,0.335
615500,0.030,0.743,0.227
616000,0.030,0.627,0.343
616500,0.030,0.623,0.347
617000,0.030,0.684,0.286
617500,0.030,0.649,0.321
618000,0.030,0.617,0.353
618500,0.030,0.705,0.265
619000,0.030,0.618,0.352
619500,0.030,0.502,0.468
620000,0.030,0.554,0.416
620500,0.030,0.504,0.466
621000,0.030,0.512,0.458
621500,0.030,0.682,0.288
622000,0.030,0.682,0.288
622500,0.030,0.564,0.406
623000,0.030,0.600,0.370
623500,0.030,0.729,0.241
624000,0.030,0.689,0.281
624500,0.030,0.578,0.392
625000,0.030,0.558,0.412
625500,0.030,0.631,0.339
626000,0.030,0.571,0.399
626500,0.030,0.582,0.388
627000,0.030,0.627,0.343
627500,0.030,0.609,0.361
628000,0.030,0.579,0.391
628500,0.030,0.636,0.334
629000,0.030,0.731,0.239
629500,0.030,0.681,0.289
630000,0.030,0.661,0.309
630500,0.030,0.617,0.353
631000,0.030,0.582,0.388
631500,0.030,0.576,0.394
632000,0.030,0.512,0.458
632500,0.030,0.653,0.317
633000,0.030,0.533,0.437
633500,0.030,0.674,0.296
634000,0.030,0.607,0.363
634500,0.030,0.544,0.426
635000,0.030,0.650,0.320
635500,0.030,0.682,0.288
636000,0.030,0.687,0.283
636500,0.030,0.598,0.372
637000,0.030,0.596,0.374
637500,0.030,0.643,0.327
638000,0.030,0.663,0.307
638500,0.030,0.648,0.322
639000,0.030,0.773,0.197
639500,0.030,0.754,0.216
640000,0.030,0.816,0.154
640500,0.030,0.870,0.100
641000,0.030,0.721,0.249
641500,0.030,0.722,0.248
642000,0.030,0.702,0.268
642500,0.030,0.455,0.515
643000,0.030,0.650,0.320
643500,0.030,0.655,0.315
644000,0.030,0.582,0.388
644500,0.030,0.688,0.282
645000,0.030,0.751,0.219
645500,0.030,0.669,0.301
646000,0.030,0.575,0.395
646500,0.030,0.550,0.420
647000,0.030,0.679,0.291
647500,0.030,0.688,0.282
648000,0.030,0.731,0.239
648500,0.030,0.609,0.361
649000,0.030,0.674,0.296
649500,0.030,0.551,0.419
650000,0.030,0.667,0.303
650500,0.030,0.699,0.271
651000,0.030,0.667,0.303
651500,0.030,0.745,0.225
652000,0.030,0.610,0.360
652500,0.030,0.614,0.356
653000,0.030,0.787,0.183
653500,0.030,0.652,0.318
654000,0.030,0.663,0.307
654500,0.030,0.638,0.332
655000,0.030,0.639,0.331
655500,0.030,0.718,0.252
656000,0.030,0.554,0.416
656500,0.030,0.624,0.346
657000,0.030,0.638,0.332
657500,0.030,0.558,0.412
658000,0.030,0.575,0.395
658500,0.030,0.667,0.303
659000,0.030,0.744,0.226
659500,0.030,0.725,0.245
660000,0.030,0.686,0.284
660500,0.030,0.660,0.310
661000,0.030,0.574,0.396
661500,0.030,0.616,0.354
662000,0.030,0.774,0.196
662500,0.030,0.704,0.266
663000,0.030,0.649,0.321
663500,0.030,0.649,0.321
664000,0.030,0.711,0.259
664500,0.030,0.527,0.443
665000,0.030,0.597,0.373
665500,0.030,0.641,0.329
666000,0.030,0.537,0.433
666500,0.030,0.629,0.341
667000,0.030,0.709,0.261
667500,0.030,0.623,0.347
668000,0.030,0.584,0.386
668500,0.030,0.492,0.478
669000,0.030,0.531,0.439
669500,0.030,0.524,0.446
670000,0.030,0.660,0.310
670500,0.030,0.544,0.426
671000,0.030,0.558,0.412
671500,0.030,0.659,0.311
672000,0.030,0.732,0.238
672500,0.030,0.717,0.253
673000,0.030,0.698,0.272
673500,0.030,0.668,0.302
674000,0.030,0.702,0.268
674500,0.030,0.624,0.346
675000,0.030,0.632,0.338
675500,0.030,0.704,0.266
676000,0.030,0.643,0.327
676500,0.030,0.714,0.256
677000,0.030,0.522,0.448
677500,0.030,0.787,0.183
678000,0.030,0.691,0.279
678500,0.030,0.562,0.408
679000,0.030,0.604,0.366
679500,0.030,0.748,0.222
680000,0.030,0.839,0.131
680500,0.030,0.707,0.263
681000,0.030,0.586,0.384
681500,0.030,0.694,0.276
682000,0.030,0.525,0.445
682500,0.030,0.529,0.441
683000,0.030,0.482,0.488
683500,0.030,0.534,0.436
684000,0.030,0.590,0.380
684500,0.030,0.595,0.375
685000,0.030,0.651,0.319
685500,0.030,0.601,0.369
686000,0.030,0.630,0.340
686500,0.030,0.705,0.265
687000,0.030,0.598,0.372
687500,0.030,0.676,0.294
688000,0.030,0.722,0.248
688500,0.030,0.759,0.211
689000,0.030,0.659,0.311
689500,0.030,0.518,0.452
690000,0.030,0.661,0.309
690500,0.030,0.674,0.296
691000,0.030,0.804,0.166
691500,0.030,0.776,0.194
692000,0.030,0.547,0.423
692500,0.030,0.659,0.311
693000,0.030,0.621,0.349
693500,0.030,0.600,0.370
694000,0.030,0.676,0.294
694500,0.030,0.811,0.159
695000,0.030,0.547,0.423
695500,0.030,0.658,0.312
696000,0.030,0.727,0.243
696500,0.030,0.558,0.412
697000,0.030,0.547,0.423
697500,0.030,0.602,0.368
698000,0.030,0.704,0.266
698500,0.030,0.640,0.330
699000,0.030,0.587,0.383
699500,0.030,0.564,0.406
700000,0.030,0.562,0.408
700500,0.030,0.684,0.286
701000,0.030,0.591,0.379
701500,0.030,0.573,0.397
702000,0.030,0.704,0.266
702500,0.030,0.587,0.383
703000,0.030,0.627,0.343
703500,0.030,0.745,0.225
704000,0.030,0.716,0.254
704500,0.030,0.730,0.240
705000,0.030,0.779,0.191
705500,0.030,0.695,0.275
706000,0.030,0.589,0.381
706500,0.030,0.683,0.287
707000,0.030,0.524,0.446
707500,0.030,0.660,0.310
708000,0.030,0.638,0.332
708500,0.030,0.736,0.234
709000,0.030,0.683,0.287
709500,0.030,0.756,0.214
710000,0.030,0.572,0.398
710500,0.030,0.512,0.458
711000,0.030,0.550,0.420
711500,0.030,0.732,0.238
712000,0.030,0.680,0.290
712500,0.030,0.643,0.327
713000,0.030,0.548,0.422
713500,0.030,0.442,0.528
714000,0.030,0.597,0.373
714500,0.030,0.565,0.405
715000,0.030,0.689,0.281
715500,0.030,0.734,0.236
716000,0.030,0.580,0.390
716500,0.030,0.717,0.253
717000,0.030,0.713,0.257
717500,0.030,0.637,0.333
718000,0.030,0.641,0.329
718500,0.030,0.635,0.335
719000,0.030,0.586,0.384
719500,0.030,0.612,0.358
720000,0.030,0.756,0.214
720500,0.030,0.736,0.234
721000,0.030,0.692,0.278
721500,0.030,0.532,0.438
722000,0.030,0.496,0.474
722500,0.030,0.654,0.316
723000,0.030,0.771,0.199
723500,0.030,0.533,0.437
724000,0.030,0.615,0.355
724500,0.030,0.691,0.279
725000,0.030,0.628,0.342
725500,0.030,0.577,0.393
726000,0.030,0.525,0.445
726500,0.030,0.536,0.434
727000,0.030,0.679,0.291
727500,0.030,0.670,0.300
728000,0.030,0.722,0.248
728500,0.030,0.649,0.321
729000,0.030,0.803,0.167
729500,0.030,0.578,0.392
730000,0.030,0.622,0.348
730500,0.030,0.570,0.400
731000,0.030,0.650,0.320
731500,0.030,0.573,0.397
732000,0.030,0.532,0.438
732500,0.030,0.501,0.469
733000,0.030,0.627,0.343
733500,0.030,0.731,0.239
734000,0.030,0.526,0.444
734500,0.030,0.628,0.342
735000,0.030,0.716,0.254
735500,0.030,0.547,0.423
736000,0.030,0.456,0.514
736500,0.030,0.559,0.411
737000,0.030,0.627,0.343
737500,0.030,0.576,0.394
738000,0.030,0.612,0.358
738500,0.030,0.706,0.264
739000,0.030,0.602,0.368
739500,0.030,0.722,0.248
740000,0.030,0.591,0.379
740500,0.030,0.579,0.391
741000,0.030,0.665,0.305
741500,0.030,0.733,0.237
742000,0.030,0.683,0.287
742500,0.030,0.759,0.211
743000,0.030,0.670,0.300
743500,0.030,0.564,0.406
744000,0.030,0.612,0.358
744500,0.030,0.722,0.248
745000,0.030,0.687,0.283
745500,0.030,0.558,0.412
746000,0.030,0.703,0.267
746500,0.030,0.698,0.272
747000,0.030,0.631,0.339
747500,0.030,0.510,0.460
748000,0.030,0.699,0.271
748500,0.030,0.680,0.290
749000,0.030,0.567,0.403
749500,0.030,0.670,0.300
750000,0.030,0.661,0.309
750500,0.030,0.584,0.386
751000,0.030,0.558,0.412
751500,0.030,0.604,0.366
752000,0.030,0.737,0.233
752500,0.030,0.783,0.187
753000,0.030,0.623,0.347
753500,0.030,0.557,0.413
754000,0.030,0.662,0.308
754500,0.030,0.517,0.453
755000,0.030,0.635,0.335
755500,0.030,0.550,0.420
756000,0.030,0.607,0.363
756500,0.030,0.731,0.239
757000,0.030,0.665,0.305
757500,0.030,0.607,0.363
758000,0.030,0.745,0.225
758500,0.030,0.670,0.300
759000,0.030,0.582,0.388
759500,0.030,0.568,0.402
760000,0.030,0.570,0.400
760500,0.030,0.601,0.369
761000,0.030,0.741,0.229
761500,0.030,0.605,0.365
762000,0.030,0.660,0.310
762500,0.030,0.737,0.233
763000,0.030,0.771,0.199
763500,0.030,0.606,0.364
764000,0.030,0.702,0.268
764500,0.030,0.725,0.245
765000,0.030,0.775,0.195
765500,0.030,0.815,0.155
766000,0.030,0.769,0.201
766500,0.030,0.645,0.325
767000,0.030,0.713,0.257
767500,0.030,0.581,0.389
768000,0.030,0.637,0.333
768500,0.030,0.786,0.184
769000,0.030,0.673,0.297
769500,0.030,0.499,0.471
770000,0.030,0.515,0.455
770500,0.030,0.599,0.371
771000,0.030,0.714,0.256
771500,0.030,0.647,0.323
772000,0.030,0.699,0.271
772500,0.030,0.514,0.456
773000,0.030,0.561,0.409
773500,0.030,0.710,0.260
774000,0.030,0.734,0.236
774500,0.030,0.702,0.268
775000,0.030,0.710,0.260
775500,0.030,0.735,0.235
776000,0.030,0.693,0.277
776500,0.030,0.524,0.446
777000,0.030,0.626,0.344
777500,0.030,0.713,0.257
778000,0.030,0.711,0.259
778500,0.030,0.707,0.263
779000,0.030,0.721,0.249
779500,0.030,0.629,0.341
780000,0.030,0.518,0.452
780500,0.030,0.583,0.387
781000,0.030,0.711,0.259
781500,0.030,0.805,0.165
782000,0.030,0.676,0.294
782500,0.030,0.685,0.285
783000,0.030,0.664,0.306
783500,0.030,0.567,0.403
784000,0.030,0.710,0.260
784500,0.030,0.641,0.329
785000,0.030,0.639,0.331
785500,0.030,0.684,0.286
786000,0.030,0.679,0.291
786500,0.030,0.792,0.178
787000,0.030,0.623,0.347
787500,0.030,0.612,0.358
788000,0.030,0.730,0.240
788500,0.030,0.678,0.292
789000,0.030,0.670,0.300
789500,0.030,0.647,0.323
790000,0.030,0.620,0.350
790500,0.030,0.623,0.347
791000,0.030,0.688,0.282
791500,0.030,0.672,0.298
792000,0.030,0.591,0.379
792500,0.030,0.679,0.291
793000,0.030,0.645,0.325
793500,0.030,0.621,0.349
794000,0.030,0.665,0.305
794500,0.030,0.536,0.434
795000,0.030,0.621,0.349
795500,0.030,0.778,0.192
796000,0.030,0.856,0.114
796500,0.030,0.719,0.251
797000,0.030,0.745,0.225
797500,0.030,0.752,0.218
798000,0.030,0.698,0.272
798500,0.030,0.634,0.336
799000,0.030,0.700,0.270
799500,0.030,0.722,0.248
800000,0.030,0.458,0.512
800500,0.030,0.710,0.260
801000,0.030,0.819,0.151
801500,0.030,0.672,0.298
802000,0.030,0.635,0.335
802500,0.030,0.675,0.295
803000,0.030,0.684,0.286
803500,0.030,0.568,0.402
804000,0.030,0.538,0.432
804500,0.030,0.645,0.325
805000,0.030,0.538,0.432
805500,0.030,0.631,0.339
806000,0.030,0.615,0.355
806500,0.030,0.640,0.330
807000,0.030,0.641,0.329
807500,0.030,0.588,0.382
808000,0.030,0.646,0.324
808500,0.030,0.676,0.294
809000,0.030,0.670,0.300
809500,0.030,0.600,0.370
810000,0.030,0.622,0.348
810500,0.030,0.584,0.386
811000,0.030,0.578,0.392
811500,0.030,0.514,0.456
812000,0.030,0.636,0.334
812500,0.030,0.656,0.314
813000,0.030,0.644,0.326
813500,0.030,0.734,0.236
814000,0.030,0.600,0.370
814500,0.030,0.794,0.176
815000,0.030,0.688,0.282
815500,0.030,0.607,0.363
816000,0.030,0.548,0.422
816500,0.030,0.720,0.250
817000,0.030,0.687,0.283
817500,0.030,0.613,0.357
818000,0.030,0.716,0.254
818500,0.030,0.745,0.225
819000,0.030,0.658,0.312
819500,0.030,0.510,0.460
820000,0.030,0.613,0.357
820500,0.030,0.492,0.478
821000,0.030,0.449,0.521
821500,0.030,0.568,0.402
822000,0.030,0.837,0.133
822500,0.030,0.638,0.332
823000,0.030,0.650,0.320
823500,0.030,0.555,0.415
824000,0.030,0.712,0.258
824500,0.030,0.622,0.348
825000,0.030,0.609,0.361
825500,0.030,0.607,0.363
826000,0.030,0.624,0.346
826500,0.030,0.707,0.263
827000,0.030,0.691,0.279
827500,0.030,0.785,0.185
828000,0.030,0.643,0.327
828500,0.030,0.437,0.533
829000,0.030,0.751,0.219
829500,0.030,0.823,0.147
830000,0.030,0.602,0.368
830500,0.030,0.625,0.345
831000,0.030,0.580,0.390
831500,0.030,0.679,0.291
832000,0.030,0.708,0.262
832500,0.030,0.587,0.383
833000,0.030,0.621,0.349
833500,0.030,0.666,0.304
834000,0.030,0.662,0.308
834500,0.030,0.491,0.479
835000,0.030,0.597,0.373
835500,0.030,0.619,0.351
836000,0.030,0.758,0.212
836500,0.030,0.781,0.189
837000,0.030,0.625,0.345
837500,0.030,0.587,0.383
838000,0.030,0.705,0.265
838500,0.030,0.647,0.323
839000,0.030,0.721,0.249
839500,0.030,0.664,0.306
840000,0.030,0.625,0.345
840500,0.030,0.545,0.425
841000,0.030,0.545,0.425
841500,0.030,0.641,0.329
842000,0.030,0.559,0.411
842500,0.030,0.582,0.388
843000,0.030,0.722,0.248
843500,0.030,0.590,0.380
844000,0.030,0.612,0.358
844500,0.030,0.424,0.546
845000,0.030,0.615,0.355
845500,0.030,0.763,0.207
846000,0.030,0.648,0.322
846500,0.030,0.576,0.394
847000,0.030,0.715,0.255
847500,0.030,0.702,0.268
848000,0.030,0.694,0.276
848500,0.030,0.772,0.198
849000,0.030,0.723,0.247
849500,0.030,0.594,0.376
850000,0.030,0.592,0.378
850500,0.030,0.761,0.209
851000,0.030,0.757,0.213
851500,0.030,0.856,0.114
852000,0.030,0.649,0.321
852500,0.030,0.709,0.261
853000,0.030,0.770,0.200
853500,0.030,0.771,0.199
854000,0.030,0.783,0.187
854500,0.030,0.692,0.278
855000,0.030,0.637,0.333
855500,0.030,0.706,0.264
856000,0.030,0.488,0.482
856500,0.030,0.714,0.256
857000,0.030,0.675,0.295
857500,0.030,0.558,0.412
858000,0.030,0.528,0.442
858500,0.030,0.649,0.321
859000,0.030,0.590,0.380
859500,0.030,0.629,0.341
860000,0.030,0.703,0.267
860500,0.030,0.705,0.265
861000,0.030,0.747,0.223
861500,0.030,0.668,0.302
862000,0.030,0.697,0.273
862500,0.030,0.694,0.276
863000,0.030,0.678,0.292
863500,0.030,0.624,0.346
864000,0.030,0.449,0.521
864500,0.030,0.575,0.395
865000,0.030,0.825,0.145
865500,0.030,0.739,0.231
866000,0.030,0.677,0.293
866500,0.030,0.702,0.268
867000,0.030,0.683,0.287
867500,0.030,0.721,0.249
868000,0.030,0.513,0.457
868500,0.030,0.567,0.403
869000,0.030,0.619,0.351
869500,0.030,0.796,0.174
870000,0.030,0.717,0.253
870500,0.030,0.588,0.382
871000,0.030,0.738,0.232
871500,0.030,0.690,0.280
872000,0.030,0.811,0.159
872500,0.030,0.671,0.299
873000,0.030,0.799,0.171
873500,0.030,0.663,0.307
874000,0.030,0.740,0.230
874500,0.030,0.805,0.165
875000,0.030,0.638,0.332
875500,0.030,0.780,0.190
876000,0.030,0.712,0.258
876500,0.030,0.583,0.387
877000,0.030,0.530,0.440
877500,0.030,0.718,0.252
878000,0.030,0.744,0.226
878500,0.030,0.778,0.192
879000,0.030,0.703,0.267
879500,0.030,0.670,0.300
880000,0.030,0.631,0.339
880500,0.030,0.609,0.361
881000,0.030,0.550,0.420
881500,0.030,0.545,0.425
882000,0.030,0.727,0.243
882500,0.030,0.654,0.316
883000,0.030,0.622,0.348
883500,0.030,0.678,0.292
884000,0.030,0.653,0.317
884500,0.030,0.639,0.331
885000,0.030,0.581,0.389
885500,0.030,0.623,0.347
886000,0.030,0.643,0.327
886500,0.030,0.667,0.303
887000,0.030,0.706,0.264
887500,0.030,0.589,0.381
888000,0.030,0.685,0.285
888500,0.030,0.672,0.298
889000,0.030,0.467,0.503
889500,0.030,0.770,0.200
890000,0.030,0.810,0.160
890500,0.030,0.716,0.254
891000,0.030,0.563,0.407
891500,0.030,0.776,0.194
892000,0.030,0.798,0.172
892500,0.030,0.761,0.209
893000,0.030,0.661,0.309
893500,0.030,0.618,0.352
894000,0.030,0.653,0.317
894500,0.030,0.496,0.474
895000,0.030,0.771,0.199
895500,0.030,0.628,0.342
896000,0.030,0.719,0.251
896500,0.030,0.586,0.384
897000,0.030,0.587,0.383
897500,0.030,0.617,0.353
898000,0.030,0.584,0.386
898500,0.030,0.599,0.371
899000,0.030,0.548,0.422
899500,0.030,0.693,0.277
900000,0.030,0.632,0.338
900500,0.030,0.539,0.431
901000,0.030,0.575,0.395
901500,0.030,0.655,0.315
902000,0.030,0.690,0.280
902500,0.030,0.641,0.329
903000,0.030,0.677,0.293
903500,0.030,0.672,0.298
904000,0.030,0.800,0.170
904500,0.030,0.695,0.275
905000,0.030,0.607,0.363
905500,0.030,0.531,0.439
906000,0.030,0.643,0.327
906500,0.030,0.577,0.393
907000,0.030,0.666,0.304
907500,0.030,0.620,0.350
908000,0.030,0.538,0.432
908500,0.030,0.724,0.246
909000,0.030,0.732,0.238
909500,0.030,0.758,0.212
910000,0.030,0.671,0.299
910500,0.030,0.680,0.290
911000,0.030,0.605,0.365
911500,0.030,0.592,0.378
912000,0.030,0.636,0.334
912500,0.030,0.570,0.400
913000,0.030,0.616,0.354
913500,0.030,0.533,0.437
914000,0.030,0.708,0.262
914500,0.030,0.608,0.362
915000,0.030,0.704,0.266
915500,0.030,0.706,0.264
916000,0.030,0.653,0.317
916500,0.030,0.734,0.236
917000,0.030,0.617,0.353
917500,0.030,0.662,0.308
918000,0.030,0.541,0.429
918500,0.030,0.670,0.300
919000,0.030,0.706,0.264
919500,0.030,0.617,0.353
920000,0.030,0.579,0.391
920500,0.030,0.646,0.324
921000,0.030,0.649,0.321
921500,0.030,0.626,0.344
922000,0.030,0.729,0.241
922500,0.030,0.726,0.244
923000,0.030,0.689,0.281
923500,0.030,0.612,0.358
924000,0.030,0.534,0.436
924500,0.030,0.697,0.273
925000,0.030,0.569,0.401
925500,0.030,0.660,0.310
926000,0.030,0.650,0.320
926500,0.030,0.634,0.336
927000,0.030,0.694,0.276
927500,0.030,0.477,0.493
928000,0.030,0.499,0.471
928500,0.030,0.665,0.305
929000,0.030,0.615,0.355
929500,0.030,0.562,0.408
930000,0.030,0.453,0.517
930500,0.030,0.711,0.259
931000,0.030,0.583,0.387
931500,0.030,0.685,0.285
932000,0.030,0.640,0.330
932500,0.030,0.681,0.289
933000,0.030,0.649,0.321
933500,0.030,0.469,0.501
934000,0.030,0.583,0.387
934500,0.030,0.673,0.297
935000,0.030,0.616,0.354
935500,0.030,0.588,0.382
936000,0.030,0.537,0.433
936500,0.030,0.613,0.357
937000,0.030,0.564,0.406
937500,0.030,0.576,0.394
938000,0.030,0.753,0.217
938500,0.030,0.681,0.289
939000,0.030,0.560,0.410
939500,0.030,0.633,0.337
940000,0.030,0.705,0.265
940500,0.030,0.679,0.291
941000,0.030,0.773,0.197
941500,0.030,0.807,0.163
942000,0.030,0.548,0.422
942500,0.030,0.636,0.334
943000,0.030,0.614,0.356
943500,0.030,0.543,0.427
944000,0.030,0.706,0.264
944500,0.030,0.597,0.373
945000,0.030,0.529,0.441
945500,0.030,0.654,0.316
946000,0.030,0.566,0.404
946500,0.030,0.592,0.378
947000,0.030,0.613,0.357
947500,0.030,0.549,0.421
948000,0.030,0.731,0.239
948500,0.030,0.564,0.406
949000,0.030,0.654,0.316
949500,0.030,0.611,0.359
950000,0.030,0.735,0.235
950500,0.030,0.744,0.226
951000,0.030,0.566,0.404
951500,0.030,0.663,0.307
952000,0.030,0.646,0.324
952500,0.030,0.652,0.318
953000,0.030,0.636,0.334
953500,0.030,0.685,0.285
954000,0.030,0.584,0.386
954500,0.030,0.602,0.368
955000,0.030,0.569,0.401
955500,0.030,0.565,0.405
956000,0.030,0.507,0.463
956500,0.030,0.642,0.328
957000,0.030,0.573,0.397
957500,0.030,0.587,0.383
958000,0.030,0.608,0.362
958500,0.030,0.808,0.162
959000,0.030,0.684,0.286
959500,0.030,0.720,0.250
960000,0.030,0.753,0.217
960500,0.030,0.630,0.340
961000,0.030,0.719,0.251
961500,0.030,0.788,0.182
962000,0.030,0.838,0.132
962500,0.030,0.678,0.292
963000,0.030,0.753,0.217
963500,0.030,0.610,0.360
964000,0.030,0.592,0.378
964500,0.030,0.673,0.297
965000,0.030,0.602,0.368
965500,0.030,0.583,0.387
966000,0.030,0.571,0.399
966500,0.030,0.608,0.362
967000,0.030,0.552,0.418
967500,0.030,0.685,0.285
968000,0.030,0.625,0.345
968500,0.030,0.649,0.321
969000,0.030,0.755,0.215
969500,0.030,0.806,0.164
970000,0.030,0.700,0.270
970500,0.030,0.713,0.257
971000,0.030,0.625,0.345
971500,0.030,0.638,0.332
972000,0.030,0.527,0.443
972500,0.030,0.668,0.302
973000,0.030,0.461,0.509
973500,0.030,0.499,0.471
974000,0.030,0.748,0.222
974500,0.030,0.738,0.232
975000,0.030,0.792,0.178
975500,0.030,0.689,0.281
976000,0.030,0.645,0.325
976500,0.030,0.483,0.487
977000,0.030,0.588,0.382
977500,0.030,0.596,0.374
978000,0.030,0.598,0.372
978500,0.030,0.507,0.463
979000,0.030,0.596,0.374
979500,0.030,0.672,0.298
980000,0.030,0.756,0.214
980500,0.030,0.717,0.253
981000,0.030,0.587,0.383
981500,0.030,0.560,0.410
982000,0.030,0.632,0.338
982500,0.030,0.595,0.375
983000,0.030,0.625,0.345
983500,0.030,0.860,0.110
984000,0.030,0.729,0.241
984500,0.030,0.769,0.201
985000,0.030,0.593,0.377
985500,0.030,0.652,0.318
986000,0.030,0.546,0.424
986500,0.030,0.652,0.318
987000,0.030,0.686,0.284
987500,0.030,0.641,0.329
988000,0.030,0.651,0.319
988500,0.030,0.598,0.372
989000,0.030,0.603,0.367
989500,0.030,0.689,0.281
990000,0.030,0.753,0.217
990500,0.030,0.646,0.324
991000,0.030,0.496,0.474
991500,0.030,0.604,0.366
992000,0.030,0.479,0.491
992500,0.030,0.647,0.323
993000,0.030,0.612,0.358
993500,0.030,0.795,0.175
994000,0.030,0.632,0.338
994500,0.030,0.656,0.314
995000,0.030,0.581,0.389
995500,0.030,0.613,0.357
996000,0.030,0.677,0.293
996500,0.030,0.630,0.340
997000,0.030,0.594,0.376
997500,0.030,0.637,0.333
998000,0.030,0.692,0.278
998500,0.030,0.742,0.228
999000,0.030,0.730,0.240
999500,0.030,0.769,0.201
1000000,0.030,0.745,0.225
