time,n_A+p,n_B,n_AB
500,0.080,0.730,0.190
1000,0.080,0.636,0.284
1500,0.080,0.571,0.349
2000,0.080,0.543,0.377
2500,0.080,0.556,0.364
3000,0.084,0.486,0.430
3500,0.098,0.448,0.454
4000,0.109,0.363,0.528
4500,0.091,0.395,0.514
5000,0.090,0.452,0.458
5500,0.087,0.497,0.416
6000,0.081,0.435,0.484
6500,0.080,0.494,0.426
7000,0.088,0.456,0.456
7500,0.097,0.475,0.428
8000,0.081,0.478,0.441
8500,0.083,0.460,0.457
9000,0.082,0.415,0.503
9500,0.084,0.460,0.456
10000,0.093,0.501,0.406
10500,0.088,0.525,0.387
11000,0.087,0.506,0.407
11500,0.105,0.362,0.533
12000,0.095,0.382,0.523
12500,0.094,0.347,0.559
13000,0.107,0.407,0.486
13500,0.101,0.369,0.530
14000,0.087,0.402,0.511
14500,0.102,0.435,0.463
15000,0.091,0.432,0.477
15500,0.084,0.404,0.512
16000,0.101,0.378,0.521
16500,0.091,0.399,0.510
17000,0.091,0.412,0.497
17500,0.091,0.441,0.468
18000,0.085,0.442,0.473
18500,0.083,0.466,0.451
19000,0.081,0.477,0.442
19500,0.080,0.525,0.395
20000,0.080,0.521,0.399
20500,0.080,0.564,0.356
21000,0.087,0.539,0.374
21500,0.081,0.504,0.415
22000,0.084,0.498,0.418
22500,0.081,0.450,0.469
23000,0.109,0.387,0.504
23500,0.099,0.390,0.511
24000,0.090,0.492,0.418
24500,0.080,0.452,0.468
25000,0.080,0.513,0.407
25500,0.081,0.545,0.374
26000,0.087,0.544,0.369
26500,0.081,0.486,0.433
27000,0.080,0.465,0.455
27500,0.089,0.493,0.418
28000,0.090,0.463,0.447
28500,0.098,0.428,0.474
29000,0.103,0.361,0.536
29500,0.109,0.345,0.546
30000,0.102,0.421,0.477
30500,0.085,0.452,0.463
31000,0.098,0.443,0.459
31500,0.095,0.439,0.466
32000,0.097,0.461,0.442
32500,0.098,0.434,0.468
33000,0.093,0.385,0.522
33500,0.091,0.507,0.402
34000,0.101,0.415,0.484
34500,0.104,0.369,0.527
35000,0.086,0.474,0.440
35500,0.089,0.442,0.469
36000,0.093,0.409,0.498
36500,0.107,0.338,0.555
37000,0.094,0.417,0.489
37500,0.088,0.468,0.444
38000,0.085,0.475,0.440
38500,0.086,0.432,0.482
39000,0.080,0.496,0.424
39500,0.094,0.484,0.422
40000,0.083,0.463,0.454
40500,0.090,0.462,0.448
41000,0.084,0.430,0.486
41500,0.095,0.429,0.476
42000,0.108,0.362,0.530
42500,0.095,0.349,0.556
43000,0.126,0.367,0.507
43500,0.102,0.373,0.525
44000,0.122,0.309,0.569
44500,0.107,0.385,0.508
45000,0.092,0.404,0.504
45500,0.088,0.435,0.477
46000,0.089,0.408,0.503
46500,0.090,0.458,0.452
47000,0.093,0.422,0.485
47500,0.090,0.434,0.476
48000,0.084,0.419,0.497
48500,0.096,0.384,0.520
49000,0.122,0.344,0.534
49500,0.094,0.353,0.553
50000,0.087,0.444,0.469
50500,0.084,0.447,0.469
51000,0.080,0.510,0.410
51500,0.082,0.478,0.440
52000,0.080,0.439,0.481
52500,0.081,0.485,0.434
53000,0.082,0.484,0.434
53500,0.086,0.462,0.452
54000,0.081,0.435,0.484
54500,0.081,0.512,0.407
55000,0.085,0.454,0.461
55500,0.080,0.460,0.460
56000,0.093,0.447,0.460
56500,0.094,0.421,0.485
57000,0.088,0.452,0.460
57500,0.100,0.374,0.526
58000,0.096,0.439,0.465
58500,0.083,0.436,0.481
59000,0.091,0.474,0.435
59500,0.111,0.372,0.517
60000,0.107,0.354,0.539
60500,0.118,0.348,0.534
61000,0.143,0.270,0.587
61500,0.125,0.322,0.553
62000,0.116,0.332,0.552
62500,0.122,0.345,0.533
63000,0.115,0.290,0.595
63500,0.120,0.317,0.563
64000,0.125,0.295,0.580
64500,0.131,0.265,0.604
65000,0.222,0.192,0.586
65500,0.362,0.067,0.571
66000,0.644,0.006,0.350
66500,0.853,0.000,0.147
67000,0.962,0.000,0.038
67500,0.967,0.000,0.033
68000,0.991,0.000,0.009
68500,1.000,0.000,0.000
