time,n_A+p,n_B,n_AB
100,0.030,0.970,0.000
200,0.030,0.964,0.006
300,0.030,0.966,0.005
400,0.030,0.948,0.023
500,0.030,0.916,0.055
600,0.030,0.904,0.066
700,0.030,0.906,0.065
800,0.030,0.889,0.081
900,0.030,0.831,0.140
1000,0.030,0.827,0.143
1100,0.030,0.824,0.146
1200,0.030,0.774,0.197
1300,0.030,0.742,0.228
1400,0.030,0.735,0.235
1500,0.031,0.720,0.249
1600,0.030,0.694,0.276
1700,0.033,0.705,0.263
1800,0.031,0.714,0.254
1900,0.032,0.697,0.271
2000,0.031,0.669,0.300
2100,0.033,0.672,0.295
2200,0.031,0.673,0.296
2300,0.033,0.634,0.333
2400,0.031,0.635,0.334
2500,0.031,0.631,0.338
2600,0.031,0.622,0.347
2700,0.032,0.622,0.346
2800,0.033,0.611,0.356
2900,0.032,0.579,0.389
3000,0.031,0.555,0.413
3100,0.030,0.530,0.440
3200,0.030,0.552,0.417
3300,0.032,0.561,0.407
3400,0.031,0.533,0.437
3500,0.031,0.523,0.445
3600,0.033,0.515,0.453
3700,0.034,0.499,0.467
3800,0.042,0.494,0.464
3900,0.038,0.454,0.508
4000,0.045,0.441,0.515
4100,0.040,0.446,0.514
4200,0.045,0.420,0.535
4300,0.047,0.391,0.562
4400,0.054,0.366,0.580
4500,0.055,0.343,0.602
4600,0.054,0.334,0.612
4700,0.061,0.346,0.593
4800,0.063,0.342,0.595
4900,0.072,0.318,0.611
5000,0.068,0.305,0.627
5100,0.072,0.298,0.630
5200,0.081,0.284,0.634
5300,0.088,0.267,0.645
5400,0.082,0.293,0.625
5500,0.075,0.283,0.641
5600,0.074,0.285,0.641
5700,0.079,0.277,0.644
5800,0.072,0.288,0.640
5900,0.075,0.285,0.640
6000,0.066,0.287,0.647
6100,0.065,0.267,0.669
6200,0.054,0.278,0.668
6300,0.058,0.276,0.666
6400,0.061,0.274,0.666
6500,0.056,0.267,0.677
6600,0.059,0.244,0.697
6700,0.075,0.234,0.691
6800,0.075,0.250,0.676
6900,0.075,0.236,0.690
7000,0.088,0.229,0.683
7100,0.081,0.220,0.699
7200,0.069,0.216,0.715
7300,0.075,0.210,0.715
7400,0.080,0.217,0.703
7500,0.076,0.221,0.703
7600,0.080,0.241,0.679
7700,0.077,0.237,0.685
7800,0.082,0.235,0.683
7900,0.081,0.263,0.656
8000,0.070,0.261,0.669
8100,0.065,0.239,0.696
8200,0.066,0.227,0.707
8300,0.068,0.222,0.710
8400,0.069,0.244,0.687
8500,0.070,0.253,0.676
8600,0.069,0.282,0.649
8700,0.070,0.272,0.657
8800,0.075,0.247,0.678
8900,0.075,0.240,0.685
9000,0.070,0.237,0.692
9100,0.064,0.244,0.692
9200,0.068,0.244,0.688
9300,0.070,0.267,0.663
9400,0.061,0.264,0.675
9500,0.065,0.248,0.687
9600,0.072,0.246,0.683
9700,0.072,0.249,0.679
9800,0.082,0.228,0.690
9900,0.082,0.233,0.685
10000,0.081,0.218,0.701
10100,0.095,0.218,0.686
10200,0.090,0.216,0.694
10300,0.090,0.204,0.707
10400,0.086,0.186,0.729
10500,0.080,0.188,0.732
10600,0.081,0.193,0.725
10700,0.088,0.168,0.744
10800,0.118,0.150,0.733
10900,0.121,0.158,0.721
11000,0.113,0.179,0.708
11100,0.118,0.187,0.695
11200,0.116,0.175,0.709
11300,0.123,0.163,0.714
11400,0.128,0.158,0.714
11500,0.132,0.161,0.708
11600,0.110,0.173,0.717
11700,0.110,0.169,0.721
11800,0.102,0.164,0.734
11900,0.101,0.157,0.742
12000,0.118,0.164,0.718
12100,0.119,0.159,0.721
12200,0.122,0.144,0.734
12300,0.111,0.130,0.758
12400,0.112,0.130,0.758
12500,0.109,0.121,0.769
12600,0.115,0.117,0.768
12700,0.126,0.123,0.751
12800,0.122,0.121,0.757
12900,0.134,0.118,0.748
13000,0.135,0.112,0.753
13100,0.144,0.110,0.746
13200,0.139,0.117,0.744
13300,0.151,0.133,0.717
13400,0.143,0.133,0.725
13500,0.139,0.123,0.737
13600,0.140,0.114,0.746
13700,0.136,0.118,0.747
13800,0.129,0.111,0.760
13900,0.141,0.099,0.760
14000,0.153,0.098,0.749
14100,0.168,0.088,0.744
14200,0.189,0.083,0.729
14300,0.207,0.076,0.717
14400,0.213,0.077,0.710
14500,0.231,0.079,0.690
14600,0.232,0.075,0.693
14700,0.264,0.075,0.661
14800,0.258,0.066,0.676
14900,0.254,0.068,0.678
15000,0.290,0.068,0.642
15100,0.279,0.068,0.653
15200,0.283,0.064,0.653
15300,0.265,0.065,0.670
15400,0.279,0.063,0.658
15500,0.260,0.062,0.678
15600,0.286,0.051,0.662
15700,0.286,0.057,0.657
15800,0.286,0.056,0.658
15900,0.300,0.059,0.640
16000,0.302,0.079,0.619
16100,0.317,0.068,0.615
16200,0.310,0.076,0.614
16300,0.327,0.073,0.600
16400,0.339,0.067,0.594
16500,0.335,0.066,0.599
16600,0.322,0.057,0.621
16700,0.329,0.070,0.601
16800,0.302,0.065,0.633
16900,0.285,0.071,0.644
17000,0.298,0.067,0.635
17100,0.279,0.064,0.657
17200,0.285,0.065,0.651
17300,0.264,0.056,0.680
17400,0.264,0.058,0.678
17500,0.286,0.053,0.661
17600,0.306,0.055,0.639
17700,0.335,0.051,0.614
17800,0.342,0.044,0.614
17900,0.337,0.045,0.618
18000,0.331,0.045,0.624
18100,0.347,0.044,0.609
18200,0.357,0.038,0.605
18300,0.356,0.034,0.610
18400,0.418,0.034,0.548
18500,0.414,0.037,0.548
18600,0.404,0.043,0.553
18700,0.400,0.040,0.559
18800,0.402,0.040,0.558
18900,0.368,0.034,0.597
19000,0.350,0.033,0.616
19100,0.340,0.045,0.615
19200,0.327,0.036,0.637
19300,0.334,0.040,0.626
19400,0.342,0.036,0.622
19500,0.356,0.036,0.608
19600,0.359,0.034,0.608
19700,0.382,0.033,0.586
19800,0.401,0.031,0.568
19900,0.392,0.032,0.576
20000,0.395,0.033,0.573
20100,0.401,0.029,0.570
20200,0.410,0.026,0.563
20300,0.413,0.023,0.564
20400,0.386,0.026,0.588
20500,0.396,0.026,0.579
20600,0.427,0.024,0.549
20700,0.437,0.024,0.540
20800,0.449,0.025,0.526
20900,0.428,0.024,0.548
21000,0.420,0.025,0.555
21100,0.431,0.026,0.543
21200,0.441,0.027,0.531
21300,0.433,0.024,0.543
21400,0.410,0.026,0.563
21500,0.406,0.025,0.569
21600,0.371,0.024,0.604
21700,0.414,0.030,0.555
21800,0.385,0.028,0.587
21900,0.393,0.025,0.582
22000,0.392,0.025,0.583
22100,0.414,0.024,0.561
22200,0.363,0.023,0.615
22300,0.378,0.024,0.598
22400,0.398,0.024,0.578
22500,0.436,0.021,0.543
22600,0.413,0.018,0.569
22700,0.423,0.017,0.559
22800,0.408,0.029,0.563
22900,0.431,0.030,0.538
23000,0.433,0.024,0.542
23100,0.430,0.024,0.546
23200,0.402,0.026,0.572
23300,0.451,0.024,0.526
23400,0.444,0.022,0.534
23500,0.428,0.019,0.554
23600,0.465,0.019,0.516
23700,0.461,0.020,0.519
23800,0.463,0.019,0.517
23900,0.443,0.019,0.538
24000,0.452,0.017,0.531
24100,0.447,0.018,0.535
24200,0.468,0.019,0.513
24300,0.455,0.020,0.525
24400,0.464,0.019,0.517
24500,0.436,0.017,0.547
24600,0.420,0.030,0.550
24700,0.406,0.029,0.566
24800,0.444,0.024,0.532
24900,0.398,0.024,0.577
25000,0.405,0.029,0.566
25100,0.421,0.026,0.552
25200,0.381,0.023,0.595
25300,0.353,0.026,0.620
25400,0.374,0.026,0.601
25500,0.404,0.026,0.570
25600,0.412,0.027,0.561
25700,0.416,0.024,0.561
25800,0.414,0.024,0.562
25900,0.411,0.024,0.565
26000,0.406,0.023,0.572
26100,0.388,0.020,0.592
26200,0.400,0.019,0.581
26300,0.421,0.020,0.559
26400,0.429,0.025,0.546
26500,0.434,0.027,0.539
26600,0.431,0.026,0.543
26700,0.448,0.024,0.528
26800,0.435,0.026,0.540
26900,0.428,0.027,0.544
27000,0.432,0.030,0.538
27100,0.437,0.027,0.536
27200,0.441,0.025,0.534
27300,0.423,0.028,0.549
27400,0.437,0.023,0.540
27500,0.445,0.017,0.538
27600,0.431,0.028,0.541
27700,0.437,0.025,0.538
27800,0.466,0.024,0.510
27900,0.455,0.024,0.521
28000,0.445,0.022,0.533
28100,0.435,0.025,0.540
28200,0.434,0.021,0.545
28300,0.452,0.022,0.526
28400,0.411,0.021,0.568
28500,0.425,0.023,0.552
28600,0.416,0.018,0.566
28700,0.422,0.020,0.558
28800,0.417,0.019,0.565
28900,0.401,0.019,0.580
29000,0.382,0.019,0.599
29100,0.372,0.017,0.611
29200,0.369,0.017,0.614
29300,0.371,0.019,0.611
29400,0.433,0.026,0.541
29500,0.417,0.026,0.558
29600,0.416,0.029,0.555
29700,0.437,0.033,0.530
29800,0.510,0.027,0.463
29900,0.469,0.023,0.509
30000,0.498,0.022,0.480
30100,0.510,0.027,0.463
30200,0.497,0.022,0.481
30300,0.503,0.024,0.473
30400,0.479,0.022,0.499
30500,0.483,0.021,0.496
30600,0.505,0.019,0.477
30700,0.502,0.022,0.476
30800,0.497,0.021,0.483
30900,0.501,0.019,0.480
31000,0.498,0.016,0.486
31100,0.489,0.017,0.494
31200,0.506,0.018,0.476
31300,0.485,0.017,0.498
31400,0.503,0.016,0.481
31500,0.490,0.015,0.496
31600,0.487,0.018,0.495
31700,0.459,0.023,0.517
31800,0.455,0.021,0.524
31900,0.469,0.017,0.513
32000,0.488,0.014,0.498
32100,0.510,0.012,0.477
32200,0.519,0.012,0.469
32300,0.534,0.011,0.455
32400,0.531,0.012,0.457
32500,0.529,0.010,0.460
32600,0.515,0.011,0.474
32700,0.507,0.013,0.480
32800,0.458,0.013,0.530
32900,0.434,0.017,0.549
33000,0.431,0.014,0.555
33100,0.437,0.015,0.548
33200,0.428,0.017,0.554
33300,0.423,0.013,0.564
33400,0.453,0.011,0.536
33500,0.478,0.010,0.511
33600,0.462,0.017,0.521
33700,0.494,0.020,0.486
33800,0.481,0.021,0.498
33900,0.495,0.015,0.491
34000,0.511,0.016,0.473
34100,0.519,0.018,0.463
34200,0.521,0.016,0.463
34300,0.532,0.013,0.455
34400,0.538,0.016,0.446
34500,0.497,0.014,0.490
34600,0.485,0.012,0.503
34700,0.474,0.011,0.515
34800,0.460,0.015,0.524
34900,0.456,0.014,0.530
35000,0.474,0.011,0.515
35100,0.470,0.010,0.520
35200,0.471,0.009,0.520
35300,0.488,0.010,0.502
35400,0.498,0.009,0.493
35500,0.455,0.012,0.534
35600,0.483,0.013,0.503
35700,0.458,0.015,0.527
35800,0.473,0.017,0.510
35900,0.469,0.019,0.513
36000,0.492,0.019,0.489
36100,0.495,0.019,0.485
36200,0.478,0.017,0.504
36300,0.471,0.019,0.510
36400,0.458,0.018,0.524
36500,0.471,0.019,0.510
36600,0.480,0.016,0.503
36700,0.500,0.016,0.484
36800,0.487,0.015,0.499
36900,0.472,0.013,0.515
37000,0.478,0.013,0.509
37100,0.470,0.016,0.515
37200,0.467,0.015,0.518
37300,0.448,0.017,0.534
37400,0.411,0.018,0.571
37500,0.417,0.016,0.567
37600,0.431,0.016,0.553
37700,0.472,0.015,0.513
37800,0.462,0.017,0.522
37900,0.472,0.017,0.511
38000,0.409,0.018,0.573
38100,0.426,0.017,0.556
38200,0.462,0.015,0.523
38300,0.476,0.016,0.508
38400,0.487,0.017,0.497
38500,0.470,0.016,0.513
38600,0.495,0.014,0.491
38700,0.510,0.012,0.477
38800,0.520,0.012,0.468
38900,0.502,0.011,0.487
39000,0.474,0.012,0.514
39100,0.475,0.011,0.514
39200,0.456,0.012,0.533
39300,0.473,0.015,0.512
39400,0.477,0.015,0.508
39500,0.483,0.017,0.499
39600,0.485,0.020,0.495
39700,0.442,0.018,0.540
39800,0.439,0.017,0.544
39900,0.456,0.016,0.527
40000,0.447,0.019,0.534
40100,0.480,0.020,0.500
40200,0.506,0.019,0.475
40300,0.495,0.015,0.490
40400,0.517,0.015,0.469
40500,0.499,0.015,0.486
40600,0.514,0.015,0.471
40700,0.484,0.016,0.500
40800,0.497,0.016,0.488
40900,0.499,0.014,0.487
41000,0.492,0.013,0.494
41100,0.492,0.013,0.494
41200,0.501,0.015,0.485
41300,0.507,0.013,0.480
41400,0.491,0.013,0.496
41500,0.491,0.010,0.499
41600,0.501,0.008,0.492
41700,0.491,0.014,0.495
41800,0.491,0.013,0.496
41900,0.481,0.010,0.509
42000,0.518,0.012,0.470
42100,0.563,0.012,0.425
42200,0.531,0.012,0.458
42300,0.549,0.012,0.439
42400,0.547,0.009,0.445
42500,0.561,0.012,0.427
42600,0.576,0.015,0.409
42700,0.612,0.012,0.376
42800,0.624,0.011,0.365
42900,0.643,0.010,0.347
43000,0.654,0.011,0.335
43100,0.653,0.011,0.336
43200,0.637,0.009,0.353
43300,0.646,0.008,0.346
43400,0.629,0.008,0.363
43500,0.633,0.006,0.360
43600,0.646,0.006,0.348
43700,0.618,0.005,0.377
43800,0.622,0.005,0.373
43900,0.626,0.005,0.369
44000,0.658,0.007,0.335
44100,0.658,0.006,0.335
44200,0.656,0.006,0.338
44300,0.661,0.005,0.334
44400,0.673,0.005,0.322
44500,0.668,0.006,0.326
44600,0.667,0.006,0.327
44700,0.671,0.008,0.321
44800,0.662,0.008,0.330
44900,0.664,0.007,0.329
45000,0.673,0.006,0.321
45100,0.685,0.006,0.310
45200,0.648,0.008,0.343
45300,0.659,0.006,0.335
45400,0.693,0.003,0.304
45500,0.693,0.005,0.302
45600,0.722,0.005,0.273
45700,0.729,0.004,0.267
45800,0.730,0.003,0.267
45900,0.718,0.003,0.278
46000,0.728,0.004,0.268
46100,0.722,0.005,0.273
46200,0.737,0.006,0.257
46300,0.716,0.005,0.279
46400,0.714,0.005,0.281
46500,0.730,0.003,0.267
46600,0.740,0.003,0.257
46700,0.721,0.003,0.276
46800,0.715,0.003,0.281
46900,0.751,0.005,0.244
47000,0.750,0.005,0.246
47100,0.751,0.005,0.244
47200,0.742,0.005,0.253
47300,0.735,0.005,0.260
47400,0.722,0.005,0.273
47500,0.714,0.005,0.281
47600,0.702,0.005,0.293
47700,0.691,0.005,0.304
47800,0.715,0.004,0.281
47900,0.708,0.003,0.288
48000,0.717,0.003,0.280
48100,0.733,0.003,0.264
48200,0.742,0.003,0.255
48300,0.755,0.003,0.242
48400,0.771,0.003,0.226
48500,0.796,0.003,0.201
48600,0.792,0.003,0.205
48700,0.796,0.003,0.201
48800,0.804,0.003,0.193
48900,0.818,0.003,0.178
49000,0.800,0.003,0.196
49100,0.761,0.003,0.236
49200,0.752,0.004,0.244
49300,0.761,0.003,0.236
49400,0.741,0.003,0.256
49500,0.756,0.003,0.241
49600,0.737,0.003,0.260
49700,0.756,0.003,0.241
49800,0.743,0.004,0.253
49900,0.743,0.004,0.253
50000,0.741,0.005,0.254
50100,0.761,0.005,0.233
50200,0.754,0.005,0.242
50300,0.754,0.005,0.242
50400,0.767,0.005,0.228
50500,0.753,0.004,0.243
50600,0.739,0.004,0.257
50700,0.743,0.003,0.254
50800,0.756,0.003,0.242
50900,0.737,0.003,0.260
51000,0.742,0.003,0.256
51100,0.757,0.003,0.240
51200,0.783,0.003,0.214
51300,0.788,0.005,0.208
51400,0.789,0.005,0.207
51500,0.812,0.005,0.183
51600,0.811,0.006,0.183
51700,0.810,0.005,0.185
51800,0.806,0.005,0.189
51900,0.800,0.004,0.196
52000,0.818,0.004,0.178
52100,0.804,0.004,0.192
52200,0.806,0.004,0.190
52300,0.822,0.004,0.173
52400,0.821,0.003,0.175
52500,0.830,0.003,0.166
52600,0.828,0.003,0.169
52700,0.850,0.003,0.147
52800,0.857,0.003,0.140
52900,0.861,0.003,0.136
53000,0.853,0.003,0.144
53100,0.868,0.003,0.129
53200,0.884,0.003,0.113
53300,0.871,0.003,0.126
53400,0.863,0.003,0.134
53500,0.874,0.002,0.123
53600,0.875,0.002,0.122
53700,0.889,0.002,0.109
53800,0.886,0.002,0.112
53900,0.866,0.002,0.132
54000,0.859,0.002,0.139
54100,0.858,0.002,0.140
54200,0.865,0.002,0.133
54300,0.864,0.002,0.134
54400,0.873,0.003,0.124
54500,0.878,0.003,0.119
54600,0.860,0.003,0.137
54700,0.838,0.003,0.159
54800,0.831,0.003,0.166
54900,0.810,0.003,0.187
55000,0.783,0.003,0.214
55100,0.754,0.004,0.242
55200,0.764,0.002,0.234
55300,0.782,0.002,0.215
55400,0.786,0.002,0.211
55500,0.770,0.002,0.228
55600,0.732,0.002,0.266
55700,0.724,0.002,0.274
55800,0.725,0.002,0.273
55900,0.713,0.002,0.285
56000,0.705,0.002,0.293
56100,0.718,0.002,0.279
56200,0.732,0.003,0.264
56300,0.708,0.003,0.289
56400,0.676,0.008,0.316
56500,0.671,0.005,0.324
56600,0.676,0.003,0.320
56700,0.659,0.005,0.335
56800,0.659,0.004,0.336
56900,0.660,0.006,0.334
57000,0.635,0.006,0.359
57100,0.616,0.009,0.375
57200,0.620,0.012,0.368
57300,0.587,0.012,0.401
57400,0.591,0.020,0.389
57500,0.615,0.016,0.369
57600,0.579,0.016,0.405
57700,0.600,0.008,0.393
57800,0.589,0.005,0.406
57900,0.625,0.005,0.371
58000,0.619,0.005,0.376
58100,0.606,0.006,0.388
58200,0.605,0.005,0.390
58300,0.568,0.008,0.424
58400,0.587,0.008,0.405
58500,0.587,0.008,0.405
58600,0.598,0.008,0.394
58700,0.602,0.005,0.393
58800,0.634,0.003,0.363
58900,0.625,0.004,0.371
59000,0.616,0.003,0.381
59100,0.620,0.003,0.377
59200,0.646,0.003,0.350
59300,0.641,0.004,0.355
59400,0.644,0.003,0.353
59500,0.652,0.004,0.344
59600,0.657,0.005,0.338
59700,0.640,0.005,0.355
59800,0.649,0.003,0.347
59900,0.659,0.002,0.338
60000,0.622,0.003,0.375
60100,0.640,0.002,0.358
60200,0.625,0.002,0.373
60300,0.621,0.005,0.374
60400,0.622,0.005,0.373
60500,0.622,0.005,0.373
60600,0.590,0.006,0.404
60700,0.602,0.007,0.391
60800,0.601,0.005,0.393
60900,0.586,0.007,0.407
61000,0.587,0.007,0.406
61100,0.605,0.005,0.389
61200,0.604,0.004,0.392
61300,0.612,0.009,0.380
61400,0.573,0.008,0.419
61500,0.606,0.005,0.389
61600,0.636,0.005,0.359
61700,0.661,0.005,0.334
61800,0.651,0.004,0.345
61900,0.650,0.004,0.346
62000,0.629,0.006,0.365
62100,0.629,0.006,0.365
62200,0.645,0.006,0.349
62300,0.651,0.007,0.342
62400,0.678,0.005,0.317
62500,0.676,0.006,0.318
62600,0.679,0.004,0.317
62700,0.712,0.005,0.283
62800,0.692,0.002,0.306
62900,0.690,0.005,0.304
63000,0.704,0.003,0.292
63100,0.720,0.003,0.277
63200,0.714,0.005,0.281
63300,0.708,0.005,0.287
63400,0.717,0.005,0.278
63500,0.722,0.003,0.275
63600,0.701,0.005,0.295
63700,0.687,0.004,0.308
63800,0.676,0.004,0.320
63900,0.636,0.006,0.358
64000,0.652,0.007,0.341
64100,0.641,0.008,0.350
64200,0.657,0.007,0.336
64300,0.611,0.008,0.382
64400,0.605,0.013,0.382
64500,0.583,0.011,0.406
64600,0.590,0.008,0.402
64700,0.593,0.006,0.401
64800,0.608,0.004,0.388
64900,0.623,0.004,0.373
65000,0.608,0.004,0.388
65100,0.565,0.003,0.432
65200,0.614,0.004,0.382
65300,0.610,0.003,0.386
65400,0.614,0.006,0.381
65500,0.608,0.005,0.388
65600,0.593,0.004,0.403
65700,0.605,0.004,0.391
65800,0.619,0.005,0.377
65900,0.623,0.007,0.370
66000,0.636,0.008,0.356
66100,0.629,0.006,0.364
66200,0.642,0.005,0.353
66300,0.634,0.008,0.358
66400,0.622,0.008,0.370
66500,0.608,0.006,0.386
66600,0.634,0.005,0.361
66700,0.637,0.005,0.357
66800,0.650,0.006,0.343
66900,0.646,0.006,0.347
67000,0.660,0.006,0.334
67100,0.661,0.005,0.334
67200,0.646,0.006,0.349
67300,0.637,0.009,0.354
67400,0.607,0.009,0.384
67500,0.590,0.010,0.400
67600,0.602,0.007,0.391
67700,0.619,0.007,0.374
67800,0.612,0.006,0.382
67900,0.629,0.006,0.366
68000,0.640,0.004,0.356
68100,0.600,0.005,0.395
68200,0.632,0.006,0.363
68300,0.622,0.006,0.371
68400,0.624,0.006,0.370
68500,0.644,0.005,0.352
68600,0.605,0.006,0.389
68700,0.636,0.007,0.357
68800,0.655,0.006,0.339
68900,0.640,0.004,0.356
69000,0.665,0.004,0.331
69100,0.678,0.003,0.319
69200,0.641,0.005,0.354
69300,0.633,0.003,0.364
69400,0.649,0.003,0.348
69500,0.644,0.003,0.353
69600,0.621,0.003,0.375
69700,0.588,0.003,0.409
69800,0.630,0.003,0.367
69900,0.613,0.002,0.385
70000,0.608,0.003,0.388
70100,0.639,0.003,0.359
70200,0.627,0.005,0.368
70300,0.635,0.005,0.360
70400,0.601,0.008,0.392
70500,0.605,0.007,0.388
70600,0.629,0.008,0.363
70700,0.609,0.006,0.384
70800,0.618,0.006,0.375
70900,0.630,0.005,0.365
71000,0.656,0.005,0.339
71100,0.657,0.003,0.339
71200,0.648,0.003,0.349
71300,0.623,0.003,0.374
71400,0.600,0.006,0.394
71500,0.625,0.005,0.370
71600,0.647,0.006,0.347
71700,0.655,0.006,0.339
71800,0.628,0.006,0.366
71900,0.637,0.005,0.358
72000,0.649,0.008,0.343
72100,0.648,0.008,0.345
72200,0.664,0.008,0.329
72300,0.675,0.005,0.320
72400,0.657,0.006,0.336
72500,0.635,0.005,0.360
72600,0.639,0.006,0.355
72700,0.609,0.005,0.386
72800,0.592,0.005,0.403
72900,0.539,0.007,0.454
73000,0.533,0.003,0.464
73100,0.521,0.003,0.476
73200,0.527,0.005,0.467
73300,0.534,0.005,0.461
73400,0.563,0.003,0.433
73500,0.591,0.004,0.405
73600,0.577,0.003,0.420
73700,0.558,0.003,0.438
73800,0.572,0.002,0.426
73900,0.549,0.006,0.445
74000,0.554,0.006,0.439
74100,0.519,0.005,0.476
74200,0.500,0.006,0.494
74300,0.516,0.005,0.480
74400,0.542,0.004,0.454
74500,0.559,0.003,0.438
74600,0.601,0.002,0.397
74700,0.583,0.002,0.414
74800,0.625,0.002,0.374
74900,0.605,0.005,0.390
75000,0.602,0.004,0.393
75100,0.579,0.005,0.416
75200,0.544,0.006,0.451
75300,0.545,0.004,0.451
75400,0.573,0.004,0.423
75500,0.578,0.004,0.418
75600,0.588,0.005,0.406
75700,0.605,0.005,0.391
75800,0.597,0.003,0.400
75900,0.595,0.002,0.403
76000,0.620,0.002,0.377
76100,0.643,0.003,0.354
76200,0.650,0.006,0.345
76300,0.644,0.005,0.352
76400,0.637,0.005,0.357
76500,0.637,0.004,0.359
76600,0.645,0.003,0.352
76700,0.644,0.004,0.352
76800,0.633,0.005,0.362
76900,0.637,0.005,0.358
77000,0.613,0.003,0.384
77100,0.597,0.003,0.400
77200,0.586,0.005,0.409
77300,0.607,0.004,0.389
77400,0.604,0.008,0.388
77500,0.584,0.009,0.407
77600,0.578,0.008,0.414
77700,0.591,0.008,0.401
77800,0.604,0.006,0.389
77900,0.584,0.005,0.410
78000,0.558,0.005,0.437
78100,0.583,0.006,0.411
78200,0.610,0.004,0.386
78300,0.612,0.004,0.384
78400,0.619,0.005,0.376
78500,0.617,0.003,0.380
78600,0.627,0.003,0.369
78700,0.630,0.006,0.364
78800,0.645,0.003,0.352
78900,0.659,0.003,0.338
79000,0.661,0.005,0.335
79100,0.661,0.003,0.336
79200,0.671,0.003,0.327
79300,0.687,0.003,0.310
79400,0.690,0.002,0.308
79500,0.673,0.002,0.325
79600,0.697,0.002,0.300
79700,0.656,0.004,0.340
79800,0.676,0.005,0.320
79900,0.697,0.003,0.300
80000,0.680,0.003,0.317
80100,0.671,0.002,0.327
80200,0.687,0.005,0.307
80300,0.691,0.003,0.306
80400,0.691,0.003,0.306
80500,0.654,0.005,0.341
80600,0.671,0.004,0.325
80700,0.644,0.003,0.353
80800,0.669,0.002,0.329
80900,0.682,0.002,0.315
81000,0.682,0.003,0.315
81100,0.705,0.002,0.293
81200,0.695,0.003,0.302
81300,0.715,0.004,0.281
81400,0.721,0.004,0.275
81500,0.731,0.003,0.266
81600,0.742,0.002,0.256
81700,0.749,0.002,0.249
81800,0.767,0.002,0.231
81900,0.767,0.002,0.231
82000,0.785,0.002,0.214
82100,0.782,0.002,0.217
82200,0.792,0.002,0.207
82300,0.770,0.001,0.229
82400,0.756,0.001,0.243
82500,0.747,0.001,0.251
82600,0.734,0.001,0.265
82700,0.739,0.001,0.260
82800,0.747,0.001,0.251
82900,0.735,0.001,0.264
83000,0.730,0.001,0.269
83100,0.725,0.002,0.273
83200,0.719,0.001,0.280
83300,0.732,0.001,0.267
83400,0.721,0.002,0.277
83500,0.714,0.004,0.282
83600,0.697,0.002,0.302
83700,0.717,0.001,0.282
83800,0.715,0.001,0.284
83900,0.722,0.002,0.276
84000,0.698,0.002,0.300
84100,0.701,0.002,0.297
84200,0.698,0.002,0.300
84300,0.717,0.002,0.281
84400,0.710,0.002,0.289
84500,0.722,0.002,0.276
84600,0.735,0.003,0.262
84700,0.742,0.003,0.254
84800,0.746,0.003,0.250
84900,0.728,0.005,0.267
85000,0.717,0.005,0.278
85100,0.703,0.004,0.293
85200,0.705,0.003,0.292
85300,0.710,0.003,0.287
85400,0.703,0.002,0.295
85500,0.717,0.002,0.281
85600,0.698,0.002,0.299
85700,0.700,0.002,0.298
85800,0.674,0.003,0.322
85900,0.668,0.002,0.329
86000,0.650,0.003,0.346
86100,0.636,0.003,0.361
86200,0.622,0.003,0.375
86300,0.633,0.003,0.363
86400,0.614,0.008,0.379
86500,0.619,0.004,0.377
86600,0.629,0.004,0.367
86700,0.638,0.008,0.354
86800,0.638,0.008,0.354
86900,0.640,0.005,0.355
87000,0.609,0.003,0.388
87100,0.633,0.002,0.364
87200,0.622,0.004,0.374
87300,0.644,0.003,0.353
87400,0.644,0.003,0.353
87500,0.659,0.004,0.337
87600,0.652,0.004,0.344
87700,0.601,0.005,0.393
87800,0.594,0.009,0.397
87900,0.583,0.005,0.412
88000,0.559,0.004,0.437
88100,0.543,0.006,0.451
88200,0.533,0.005,0.463
88300,0.524,0.006,0.470
88400,0.549,0.001,0.450
88500,0.545,0.008,0.446
88600,0.531,0.014,0.455
88700,0.493,0.013,0.494
88800,0.498,0.012,0.490
88900,0.522,0.008,0.470
89000,0.513,0.008,0.480
89100,0.501,0.009,0.490
89200,0.507,0.010,0.483
89300,0.527,0.009,0.464
89400,0.515,0.008,0.477
89500,0.529,0.010,0.461
89600,0.527,0.010,0.462
89700,0.547,0.010,0.443
89800,0.545,0.010,0.445
89900,0.566,0.009,0.424
90000,0.579,0.006,0.414
90100,0.582,0.005,0.413
90200,0.563,0.004,0.432
90300,0.562,0.005,0.433
90400,0.570,0.003,0.427
90500,0.587,0.003,0.410
90600,0.612,0.004,0.384
90700,0.609,0.003,0.388
90800,0.615,0.004,0.381
90900,0.632,0.004,0.364
91000,0.657,0.004,0.339
91100,0.672,0.003,0.325
91200,0.669,0.003,0.328
91300,0.680,0.004,0.316
91400,0.693,0.004,0.303
91500,0.682,0.004,0.314
91600,0.683,0.003,0.314
91700,0.696,0.002,0.303
91800,0.686,0.003,0.311
91900,0.697,0.003,0.300
92000,0.707,0.003,0.290
92100,0.692,0.003,0.306
92200,0.707,0.002,0.291
92300,0.718,0.002,0.281
92400,0.710,0.002,0.289
92500,0.716,0.002,0.282
92600,0.680,0.003,0.317
92700,0.678,0.005,0.317
92800,0.688,0.005,0.307
92900,0.689,0.006,0.305
93000,0.665,0.005,0.330
93100,0.668,0.003,0.329
93200,0.700,0.003,0.297
93300,0.686,0.002,0.311
93400,0.700,0.003,0.297
93500,0.683,0.003,0.314
93600,0.665,0.003,0.332
93700,0.657,0.003,0.341
93800,0.667,0.003,0.330
93900,0.666,0.003,0.331
94000,0.671,0.003,0.326
94100,0.668,0.004,0.328
94200,0.657,0.005,0.338
94300,0.620,0.003,0.377
94400,0.619,0.003,0.377
94500,0.615,0.005,0.380
94600,0.619,0.006,0.375
94700,0.642,0.003,0.354
94800,0.635,0.004,0.361
94900,0.648,0.003,0.349
95000,0.612,0.003,0.385
95100,0.576,0.003,0.421
95200,0.568,0.008,0.424
95300,0.591,0.005,0.403
95400,0.588,0.006,0.406
95500,0.595,0.004,0.400
95600,0.630,0.005,0.364
95700,0.627,0.003,0.369
95800,0.628,0.003,0.369
95900,0.655,0.002,0.342
96000,0.649,0.002,0.349
96100,0.646,0.002,0.353
96200,0.648,0.002,0.350
96300,0.651,0.003,0.345
96400,0.650,0.003,0.347
96500,0.622,0.003,0.375
96600,0.643,0.003,0.353
96700,0.636,0.006,0.357
96800,0.611,0.003,0.386
96900,0.616,0.003,0.381
97000,0.649,0.003,0.348
97100,0.661,0.004,0.335
97200,0.652,0.003,0.345
97300,0.637,0.002,0.361
97400,0.630,0.002,0.368
97500,0.612,0.003,0.385
97600,0.630,0.004,0.366
97700,0.648,0.005,0.346
97800,0.638,0.003,0.359
97900,0.654,0.004,0.342
98000,0.650,0.003,0.346
98100,0.658,0.003,0.339
98200,0.640,0.006,0.353
98300,0.645,0.004,0.351
98400,0.634,0.003,0.362
98500,0.621,0.006,0.373
98600,0.600,0.008,0.393
98700,0.600,0.005,0.395
98800,0.586,0.006,0.407
98900,0.614,0.006,0.380
99000,0.649,0.005,0.346
99100,0.626,0.006,0.368
99200,0.639,0.006,0.355
99300,0.612,0.005,0.382
99400,0.621,0.006,0.373
99500,0.603,0.004,0.393
99600,0.590,0.005,0.405
99700,0.579,0.003,0.418
99800,0.577,0.006,0.417
99900,0.591,0.005,0.403
100000,0.579,0.005,0.417
