time,n_A+p,n_B,n_AB
100,0.304,0.402,0.293
200,0.283,0.391,0.326
300,0.250,0.380,0.370
400,0.359,0.315,0.326
500,0.283,0.315,0.402
600,0.326,0.337,0.337
700,0.272,0.337,0.391
800,0.293,0.370,0.337
900,0.304,0.359,0.337
1000,0.391,0.348,0.261
1100,0.272,0.348,0.380
1200,0.217,0.457,0.326
1300,0.283,0.402,0.315
1400,0.250,0.500,0.250
1500,0.261,0.457,0.283
1600,0.261,0.467,0.272
1700,0.261,0.500,0.239
1800,0.196,0.478,0.326
1900,0.207,0.565,0.228
2000,0.304,0.457,0.239
2100,0.348,0.359,0.293
2200,0.304,0.424,0.272
2300,0.239,0.478,0.283
2400,0.217,0.413,0.370
2500,0.239,0.533,0.228
2600,0.152,0.565,0.283
2700,0.098,0.620,0.283
2800,0.087,0.728,0.185
2900,0.065,0.772,0.163
3000,0.054,0.761,0.185
3100,0.065,0.772,0.163
3200,0.054,0.793,0.152
3300,0.065,0.815,0.120
3400,0.033,0.837,0.130
3500,0.011,0.848,0.141
3600,0.043,0.870,0.087
3700,0.022,0.913,0.065
3800,0.022,0.880,0.098
3900,0.054,0.870,0.076
4000,0.022,0.837,0.141
4100,0.022,0.902,0.076
4200,0.011,0.924,0.065
4300,0.033,0.946,0.022
4400,0.022,0.946,0.033
4500,0.011,0.957,0.033
4600,0.011,0.957,0.033
4700,0.011,0.967,0.022
4800,0.011,0.967,0.022
4900,0.011,0.978,0.011
5000,0.011,0.989,0.000
5100,0.000,0.989,0.011
5200,0.000,1.000,0.000
