time,n_A+p,n_B,n_AB
500,0.050,0.801,0.149
1000,0.050,0.668,0.282
1500,0.050,0.520,0.430
2000,0.050,0.458,0.492
2500,0.050,0.418,0.531
3000,0.050,0.433,0.517
3500,0.050,0.463,0.487
4000,0.050,0.406,0.544
4500,0.051,0.384,0.565
5000,0.050,0.396,0.554
5500,0.050,0.457,0.493
6000,0.050,0.451,0.499
6500,0.050,0.461,0.489
7000,0.050,0.453,0.497
7500,0.050,0.447,0.503
8000,0.050,0.461,0.489
8500,0.050,0.381,0.569
9000,0.050,0.411,0.539
9500,0.050,0.409,0.541
10000,0.050,0.410,0.540
10500,0.050,0.388,0.562
11000,0.050,0.424,0.525
11500,0.059,0.349,0.592
12000,0.052,0.392,0.556
12500,0.056,0.374,0.570
13000,0.051,0.423,0.525
13500,0.051,0.434,0.515
14000,0.051,0.460,0.489
14500,0.052,0.434,0.514
15000,0.050,0.440,0.510
15500,0.051,0.423,0.526
16000,0.051,0.403,0.547
16500,0.050,0.414,0.536
17000,0.050,0.412,0.537
17500,0.052,0.411,0.537
18000,0.050,0.371,0.579
18500,0.050,0.406,0.543
19000,0.050,0.396,0.554
19500,0.050,0.458,0.492
20000,0.050,0.455,0.495
20500,0.050,0.480,0.470
21000,0.050,0.491,0.458
21500,0.050,0.417,0.533
22000,0.050,0.412,0.537
22500,0.050,0.407,0.542
23000,0.050,0.480,0.470
23500,0.050,0.427,0.522
24000,0.050,0.434,0.516
24500,0.050,0.408,0.542
25000,0.050,0.425,0.524
25500,0.050,0.397,0.553
26000,0.055,0.401,0.544
26500,0.056,0.396,0.549
27000,0.052,0.418,0.529
27500,0.051,0.396,0.553
28000,0.050,0.405,0.545
28500,0.050,0.383,0.567
29000,0.050,0.354,0.595
29500,0.050,0.387,0.563
30000,0.050,0.393,0.557
30500,0.051,0.336,0.613
31000,0.060,0.310,0.629
31500,0.054,0.342,0.604
32000,0.054,0.392,0.554
32500,0.051,0.390,0.559
33000,0.050,0.438,0.512
33500,0.057,0.377,0.567
34000,0.052,0.352,0.595
34500,0.050,0.416,0.533
35000,0.050,0.435,0.515
35500,0.050,0.474,0.476
36000,0.050,0.461,0.489
36500,0.050,0.476,0.474
37000,0.050,0.425,0.524
37500,0.050,0.410,0.539
38000,0.050,0.397,0.553
38500,0.050,0.409,0.541
39000,0.051,0.359,0.590
39500,0.052,0.358,0.590
40000,0.051,0.332,0.617
40500,0.051,0.384,0.566
41000,0.050,0.440,0.510
41500,0.050,0.390,0.560
42000,0.051,0.403,0.546
42500,0.050,0.449,0.501
43000,0.050,0.403,0.547
43500,0.050,0.531,0.418
44000,0.054,0.452,0.494
44500,0.052,0.460,0.488
45000,0.050,0.414,0.535
45500,0.051,0.402,0.547
46000,0.050,0.341,0.609
46500,0.050,0.397,0.553
47000,0.050,0.395,0.555
47500,0.050,0.411,0.538
48000,0.050,0.398,0.552
48500,0.052,0.382,0.566
49000,0.052,0.417,0.530
49500,0.050,0.378,0.572
50000,0.050,0.407,0.542
50500,0.050,0.433,0.517
51000,0.050,0.448,0.502
51500,0.050,0.384,0.566
52000,0.050,0.444,0.506
52500,0.050,0.456,0.494
53000,0.050,0.516,0.434
53500,0.050,0.427,0.522
54000,0.050,0.418,0.531
54500,0.051,0.374,0.575
55000,0.053,0.427,0.520
55500,0.054,0.394,0.551
56000,0.051,0.410,0.539
56500,0.052,0.376,0.572
57000,0.051,0.449,0.500
57500,0.050,0.448,0.502
58000,0.050,0.379,0.571
58500,0.050,0.450,0.500
59000,0.050,0.410,0.539
59500,0.050,0.459,0.491
60000,0.050,0.445,0.505
60500,0.050,0.499,0.450
61000,0.050,0.428,0.522
61500,0.050,0.368,0.581
62000,0.050,0.357,0.593
62500,0.050,0.361,0.589
63000,0.050,0.363,0.587
63500,0.050,0.311,0.638
64000,0.057,0.384,0.559
64500,0.051,0.423,0.526
65000,0.050,0.441,0.509
65500,0.053,0.423,0.523
66000,0.050,0.479,0.470
66500,0.050,0.479,0.470
67000,0.050,0.413,0.536
67500,0.051,0.423,0.525
68000,0.051,0.374,0.576
68500,0.058,0.362,0.580
69000,0.056,0.358,0.587
69500,0.053,0.346,0.601
70000,0.051,0.402,0.548
70500,0.065,0.339,0.597
71000,0.051,0.392,0.558
71500,0.050,0.418,0.531
72000,0.050,0.503,0.447
72500,0.050,0.462,0.488
73000,0.050,0.423,0.527
73500,0.050,0.381,0.569
74000,0.050,0.420,0.530
74500,0.050,0.432,0.518
75000,0.050,0.396,0.554
75500,0.050,0.426,0.523
76000,0.054,0.413,0.532
76500,0.051,0.354,0.594
77000,0.052,0.395,0.553
77500,0.057,0.361,0.583
78000,0.053,0.382,0.565
78500,0.056,0.453,0.491
79000,0.051,0.443,0.507
79500,0.050,0.420,0.530
80000,0.050,0.394,0.556
80500,0.050,0.366,0.583
81000,0.058,0.409,0.533
81500,0.051,0.383,0.566
82000,0.053,0.386,0.561
82500,0.052,0.403,0.544
83000,0.051,0.403,0.546
83500,0.051,0.392,0.557
84000,0.050,0.419,0.531
84500,0.050,0.424,0.525
85000,0.050,0.483,0.466
85500,0.050,0.431,0.519
86000,0.050,0.431,0.518
86500,0.050,0.468,0.482
87000,0.050,0.430,0.520
87500,0.050,0.465,0.485
88000,0.050,0.504,0.446
88500,0.050,0.469,0.481
89000,0.050,0.393,0.557
89500,0.050,0.388,0.562
90000,0.050,0.519,0.431
90500,0.050,0.499,0.451
91000,0.050,0.517,0.432
91500,0.050,0.474,0.475
92000,0.052,0.390,0.558
92500,0.050,0.401,0.549
93000,0.054,0.377,0.569
93500,0.062,0.354,0.583
94000,0.053,0.348,0.599
94500,0.051,0.366,0.584
95000,0.053,0.383,0.564
95500,0.051,0.441,0.508
96000,0.051,0.428,0.521
96500,0.050,0.424,0.525
97000,0.050,0.472,0.478
97500,0.050,0.448,0.502
98000,0.050,0.475,0.474
98500,0.050,0.449,0.501
99000,0.050,0.435,0.514
99500,0.050,0.413,0.536
100000,0.050,0.416,0.533
100500,0.050,0.430,0.520
101000,0.050,0.448,0.502
101500,0.050,0.455,0.495
102000,0.050,0.453,0.497
102500,0.050,0.451,0.499
103000,0.050,0.465,0.485
103500,0.050,0.481,0.469
104000,0.050,0.432,0.517
104500,0.050,0.355,0.595
105000,0.050,0.374,0.575
105500,0.050,0.390,0.560
106000,0.050,0.399,0.551
106500,0.050,0.396,0.554
107000,0.050,0.382,0.568
107500,0.051,0.409,0.540
108000,0.053,0.381,0.566
108500,0.051,0.390,0.559
109000,0.051,0.383,0.566
109500,0.051,0.399,0.550
110000,0.050,0.379,0.571
110500,0.050,0.413,0.537
111000,0.050,0.440,0.510
111500,0.050,0.407,0.543
112000,0.050,0.371,0.579
112500,0.050,0.462,0.488
113000,0.052,0.402,0.546
113500,0.052,0.404,0.544
114000,0.050,0.411,0.539
114500,0.050,0.358,0.591
115000,0.050,0.421,0.528
115500,0.050,0.410,0.539
116000,0.050,0.406,0.544
116500,0.053,0.401,0.546
117000,0.050,0.446,0.504
117500,0.052,0.390,0.557
118000,0.051,0.381,0.569
118500,0.051,0.440,0.510
119000,0.053,0.396,0.551
119500,0.050,0.423,0.527
120000,0.051,0.339,0.610
120500,0.051,0.372,0.577
121000,0.050,0.383,0.567
121500,0.050,0.384,0.566
122000,0.050,0.361,0.589
122500,0.050,0.361,0.589
123000,0.052,0.348,0.600
123500,0.054,0.373,0.572
124000,0.055,0.429,0.515
124500,0.051,0.417,0.531
125000,0.050,0.396,0.554
125500,0.050,0.407,0.542
126000,0.053,0.412,0.535
126500,0.050,0.341,0.609
127000,0.058,0.367,0.575
127500,0.053,0.392,0.555
128000,0.050,0.446,0.504
128500,0.050,0.450,0.500
129000,0.050,0.448,0.502
129500,0.050,0.404,0.546
130000,0.050,0.417,0.533
130500,0.052,0.438,0.510
131000,0.051,0.425,0.523
131500,0.050,0.454,0.496
132000,0.050,0.511,0.439
132500,0.050,0.485,0.465
133000,0.050,0.419,0.530
133500,0.050,0.451,0.499
134000,0.050,0.406,0.544
134500,0.054,0.369,0.577
135000,0.050,0.395,0.555
135500,0.051,0.417,0.531
136000,0.050,0.382,0.568
136500,0.050,0.417,0.532
137000,0.050,0.407,0.542
137500,0.050,0.454,0.496
138000,0.050,0.479,0.470
138500,0.050,0.449,0.501
139000,0.050,0.433,0.516
139500,0.051,0.454,0.495
140000,0.050,0.476,0.474
140500,0.050,0.404,0.546
141000,0.050,0.475,0.475
141500,0.054,0.420,0.525
142000,0.051,0.428,0.520
142500,0.050,0.411,0.538
143000,0.050,0.447,0.503
143500,0.050,0.455,0.495
144000,0.050,0.468,0.482
144500,0.050,0.424,0.525
145000,0.050,0.435,0.515
145500,0.050,0.420,0.529
146000,0.050,0.372,0.577
146500,0.050,0.411,0.538
147000,0.050,0.392,0.558
147500,0.050,0.370,0.580
148000,0.050,0.439,0.511
148500,0.050,0.430,0.520
149000,0.050,0.468,0.482
149500,0.050,0.431,0.518
150000,0.050,0.460,0.490
150500,0.050,0.417,0.532
151000,0.050,0.410,0.540
151500,0.050,0.424,0.526
152000,0.058,0.404,0.539
152500,0.052,0.345,0.603
153000,0.051,0.446,0.503
153500,0.050,0.387,0.563
154000,0.050,0.427,0.522
154500,0.050,0.423,0.527
155000,0.050,0.476,0.474
155500,0.050,0.504,0.446
156000,0.054,0.462,0.483
156500,0.050,0.459,0.491
157000,0.052,0.434,0.514
157500,0.051,0.404,0.545
158000,0.050,0.385,0.565
158500,0.050,0.378,0.572
159000,0.050,0.429,0.520
159500,0.050,0.456,0.494
160000,0.050,0.431,0.518
160500,0.050,0.444,0.506
161000,0.050,0.408,0.542
161500,0.051,0.422,0.527
162000,0.050,0.472,0.478
162500,0.050,0.504,0.446
163000,0.050,0.512,0.438
163500,0.050,0.479,0.470
164000,0.050,0.477,0.473
164500,0.055,0.428,0.517
165000,0.050,0.443,0.507
165500,0.051,0.403,0.545
166000,0.053,0.441,0.506
166500,0.051,0.409,0.540
167000,0.050,0.452,0.498
167500,0.050,0.494,0.455
168000,0.050,0.463,0.487
168500,0.050,0.543,0.406
169000,0.052,0.417,0.531
169500,0.050,0.366,0.583
170000,0.053,0.394,0.553
170500,0.050,0.427,0.523
171000,0.050,0.447,0.503
171500,0.050,0.431,0.518
172000,0.050,0.373,0.577
172500,0.051,0.406,0.542
173000,0.055,0.386,0.559
173500,0.051,0.433,0.515
174000,0.050,0.445,0.505
174500,0.050,0.448,0.502
175000,0.051,0.410,0.540
175500,0.052,0.389,0.558
176000,0.052,0.448,0.500
176500,0.057,0.406,0.537
177000,0.050,0.398,0.552
177500,0.055,0.362,0.583
178000,0.053,0.394,0.552
178500,0.051,0.361,0.587
179000,0.050,0.448,0.502
179500,0.050,0.448,0.502
180000,0.050,0.460,0.490
180500,0.050,0.500,0.450
181000,0.050,0.457,0.493
181500,0.050,0.416,0.533
182000,0.050,0.369,0.581
182500,0.054,0.325,0.621
183000,0.059,0.337,0.604
183500,0.054,0.370,0.576
184000,0.051,0.384,0.566
184500,0.050,0.378,0.572
185000,0.050,0.387,0.563
185500,0.050,0.331,0.619
186000,0.060,0.330,0.610
186500,0.054,0.331,0.615
187000,0.051,0.414,0.535
187500,0.054,0.420,0.526
188000,0.059,0.347,0.594
188500,0.053,0.377,0.570
189000,0.050,0.397,0.553
189500,0.050,0.465,0.485
190000,0.050,0.407,0.543
190500,0.050,0.446,0.504
191000,0.050,0.456,0.494
191500,0.050,0.435,0.514
192000,0.050,0.380,0.570
192500,0.050,0.373,0.577
193000,0.051,0.393,0.556
193500,0.051,0.418,0.531
194000,0.051,0.456,0.493
194500,0.051,0.385,0.565
195000,0.051,0.395,0.553
195500,0.051,0.414,0.536
196000,0.051,0.375,0.575
196500,0.051,0.362,0.587
197000,0.050,0.405,0.545
197500,0.050,0.379,0.571
198000,0.050,0.385,0.565
198500,0.051,0.394,0.555
199000,0.050,0.398,0.552
199500,0.050,0.415,0.534
200000,0.050,0.418,0.531
200500,0.050,0.398,0.552
201000,0.050,0.349,0.601
201500,0.056,0.374,0.569
202000,0.052,0.416,0.532
202500,0.050,0.338,0.612
203000,0.052,0.373,0.574
203500,0.054,0.368,0.578
204000,0.057,0.356,0.588
204500,0.051,0.411,0.538
205000,0.051,0.411,0.537
205500,0.051,0.403,0.546
206000,0.050,0.385,0.565
206500,0.050,0.397,0.553
207000,0.057,0.369,0.573
207500,0.051,0.378,0.571
208000,0.051,0.421,0.528
208500,0.050,0.445,0.505
209000,0.050,0.464,0.486
209500,0.050,0.329,0.621
210000,0.050,0.401,0.549
210500,0.050,0.427,0.522
211000,0.050,0.433,0.516
211500,0.050,0.405,0.545
212000,0.050,0.407,0.542
212500,0.050,0.460,0.490
213000,0.050,0.419,0.531
213500,0.050,0.454,0.496
214000,0.050,0.420,0.530
214500,0.053,0.410,0.537
215000,0.050,0.406,0.544
215500,0.050,0.469,0.480
216000,0.050,0.432,0.518
216500,0.050,0.413,0.537
217000,0.050,0.421,0.529
217500,0.051,0.351,0.597
218000,0.051,0.377,0.573
218500,0.052,0.392,0.556
219000,0.058,0.363,0.579
219500,0.057,0.363,0.581
220000,0.054,0.321,0.625
220500,0.056,0.326,0.618
221000,0.052,0.310,0.638
221500,0.052,0.383,0.565
222000,0.050,0.296,0.653
222500,0.051,0.382,0.567
223000,0.051,0.401,0.548
223500,0.050,0.443,0.507
224000,0.055,0.399,0.546
224500,0.050,0.410,0.540
225000,0.050,0.421,0.529
225500,0.050,0.433,0.517
226000,0.050,0.424,0.525
226500,0.050,0.440,0.510
227000,0.050,0.492,0.457
227500,0.050,0.457,0.493
228000,0.050,0.495,0.454
228500,0.057,0.473,0.471
229000,0.052,0.435,0.513
229500,0.052,0.389,0.559
230000,0.050,0.463,0.487
230500,0.050,0.476,0.474
231000,0.050,0.428,0.521
231500,0.050,0.449,0.501
232000,0.050,0.428,0.521
232500,0.050,0.450,0.500
233000,0.050,0.373,0.577
233500,0.051,0.470,0.478
234000,0.050,0.428,0.521
234500,0.050,0.414,0.535
235000,0.050,0.423,0.527
235500,0.050,0.400,0.550
236000,0.061,0.361,0.578
236500,0.055,0.395,0.550
237000,0.051,0.397,0.552
237500,0.050,0.389,0.561
238000,0.050,0.364,0.585
238500,0.054,0.337,0.609
239000,0.051,0.348,0.601
239500,0.051,0.371,0.577
240000,0.050,0.421,0.529
240500,0.051,0.468,0.481
241000,0.051,0.474,0.474
241500,0.051,0.518,0.431
242000,0.050,0.481,0.469
242500,0.050,0.474,0.475
243000,0.050,0.410,0.539
243500,0.052,0.358,0.590
244000,0.052,0.389,0.559
244500,0.052,0.401,0.547
245000,0.051,0.459,0.491
245500,0.050,0.435,0.515
246000,0.050,0.454,0.496
246500,0.053,0.453,0.494
247000,0.051,0.386,0.563
247500,0.051,0.426,0.523
248000,0.050,0.423,0.526
248500,0.050,0.383,0.567
249000,0.054,0.429,0.516
249500,0.056,0.410,0.534
250000,0.051,0.424,0.526
250500,0.050,0.411,0.539
251000,0.050,0.395,0.555
251500,0.050,0.452,0.498
252000,0.050,0.403,0.547
252500,0.050,0.419,0.531
253000,0.050,0.487,0.462
253500,0.050,0.438,0.512
254000,0.050,0.478,0.471
254500,0.050,0.443,0.507
255000,0.050,0.432,0.517
255500,0.050,0.441,0.509
256000,0.050,0.434,0.515
256500,0.050,0.414,0.536
257000,0.050,0.428,0.522
257500,0.050,0.458,0.492
258000,0.050,0.449,0.501
258500,0.050,0.477,0.473
259000,0.050,0.479,0.471
259500,0.050,0.462,0.488
260000,0.050,0.460,0.490
260500,0.050,0.510,0.440
261000,0.050,0.535,0.415
261500,0.050,0.475,0.475
262000,0.050,0.475,0.475
262500,0.050,0.452,0.498
263000,0.050,0.436,0.513
263500,0.050,0.478,0.472
264000,0.050,0.491,0.459
264500,0.050,0.397,0.553
265000,0.051,0.393,0.556
265500,0.051,0.408,0.541
266000,0.052,0.490,0.457
266500,0.051,0.413,0.536
267000,0.050,0.393,0.557
267500,0.050,0.432,0.517
268000,0.050,0.423,0.526
268500,0.054,0.385,0.560
269000,0.052,0.395,0.553
269500,0.051,0.396,0.553
270000,0.051,0.385,0.565
270500,0.050,0.334,0.616
271000,0.050,0.347,0.603
271500,0.051,0.419,0.529
272000,0.051,0.416,0.532
272500,0.051,0.355,0.594
273000,0.050,0.429,0.521
273500,0.050,0.492,0.457
274000,0.050,0.523,0.427
274500,0.052,0.392,0.556
275000,0.051,0.400,0.549
275500,0.050,0.414,0.536
276000,0.051,0.380,0.569
276500,0.050,0.425,0.525
277000,0.050,0.391,0.559
277500,0.050,0.399,0.551
278000,0.050,0.442,0.508
278500,0.050,0.412,0.537
279000,0.050,0.443,0.507
279500,0.050,0.457,0.493
280000,0.050,0.476,0.473
280500,0.050,0.435,0.515
281000,0.050,0.459,0.491
281500,0.050,0.438,0.512
282000,0.050,0.438,0.512
282500,0.050,0.476,0.474
283000,0.050,0.466,0.484
283500,0.050,0.442,0.508
284000,0.050,0.478,0.471
284500,0.050,0.456,0.494
285000,0.050,0.388,0.562
285500,0.050,0.395,0.555
286000,0.050,0.438,0.512
286500,0.050,0.457,0.493
287000,0.050,0.453,0.497
287500,0.050,0.474,0.476
288000,0.050,0.425,0.524
288500,0.050,0.426,0.524
289000,0.050,0.450,0.500
289500,0.050,0.458,0.492
290000,0.055,0.501,0.444
290500,0.051,0.409,0.540
291000,0.052,0.410,0.538
291500,0.051,0.384,0.565
292000,0.051,0.369,0.581
292500,0.050,0.357,0.593
293000,0.050,0.384,0.567
293500,0.050,0.370,0.579
294000,0.050,0.356,0.593
294500,0.050,0.406,0.544
295000,0.050,0.411,0.539
295500,0.053,0.381,0.567
296000,0.051,0.401,0.548
296500,0.051,0.366,0.583
297000,0.050,0.350,0.600
297500,0.050,0.435,0.515
298000,0.050,0.452,0.498
298500,0.050,0.474,0.475
299000,0.050,0.428,0.522
299500,0.050,0.434,0.516
300000,0.050,0.372,0.577
300500,0.051,0.430,0.520
301000,0.051,0.437,0.512
301500,0.050,0.436,0.513
302000,0.050,0.406,0.544
302500,0.050,0.387,0.563
303000,0.050,0.386,0.564
303500,0.050,0.446,0.504
304000,0.050,0.440,0.510
304500,0.050,0.427,0.523
305000,0.050,0.447,0.503
305500,0.050,0.451,0.499
306000,0.051,0.458,0.491
306500,0.051,0.448,0.502
307000,0.050,0.418,0.532
307500,0.050,0.470,0.480
308000,0.053,0.399,0.548
308500,0.051,0.394,0.555
309000,0.051,0.424,0.525
309500,0.054,0.371,0.574
310000,0.050,0.377,0.573
310500,0.053,0.347,0.600
311000,0.053,0.331,0.616
311500,0.051,0.400,0.549
312000,0.050,0.428,0.521
312500,0.050,0.385,0.565
313000,0.050,0.371,0.579
313500,0.057,0.343,0.600
314000,0.056,0.355,0.590
314500,0.057,0.345,0.598
315000,0.052,0.304,0.643
315500,0.052,0.350,0.598
316000,0.053,0.367,0.579
316500,0.051,0.399,0.551
317000,0.050,0.454,0.496
317500,0.050,0.449,0.501
318000,0.050,0.452,0.498
318500,0.055,0.415,0.530
319000,0.052,0.420,0.528
319500,0.051,0.442,0.507
320000,0.050,0.417,0.533
320500,0.050,0.442,0.508
321000,0.050,0.456,0.494
321500,0.050,0.505,0.445
322000,0.050,0.443,0.507
322500,0.054,0.474,0.471
323000,0.051,0.458,0.491
323500,0.050,0.467,0.483
324000,0.050,0.452,0.498
324500,0.050,0.495,0.454
325000,0.050,0.442,0.508
325500,0.050,0.417,0.532
326000,0.053,0.378,0.569
326500,0.053,0.387,0.560
327000,0.051,0.335,0.614
327500,0.050,0.391,0.559
328000,0.050,0.372,0.577
328500,0.053,0.373,0.574
329000,0.053,0.411,0.536
329500,0.051,0.440,0.510
330000,0.051,0.400,0.550
330500,0.051,0.388,0.562
331000,0.051,0.383,0.567
331500,0.053,0.379,0.568
332000,0.050,0.405,0.545
332500,0.050,0.441,0.509
333000,0.050,0.450,0.500
333500,0.050,0.435,0.515
334000,0.050,0.503,0.447
334500,0.050,0.494,0.455
335000,0.050,0.486,0.464
335500,0.050,0.427,0.523
336000,0.050,0.469,0.481
336500,0.050,0.405,0.545
337000,0.050,0.387,0.563
337500,0.062,0.344,0.594
338000,0.053,0.380,0.567
338500,0.062,0.301,0.637
339000,0.056,0.370,0.573
339500,0.051,0.404,0.545
340000,0.050,0.397,0.553
340500,0.051,0.386,0.564
341000,0.050,0.397,0.553
341500,0.050,0.426,0.523
342000,0.050,0.432,0.517
342500,0.053,0.436,0.511
343000,0.051,0.455,0.495
343500,0.050,0.404,0.546
344000,0.050,0.449,0.501
344500,0.050,0.414,0.535
345000,0.050,0.489,0.461
345500,0.050,0.454,0.496
346000,0.050,0.491,0.458
346500,0.050,0.490,0.459
347000,0.050,0.461,0.489
347500,0.050,0.415,0.534
348000,0.050,0.473,0.477
348500,0.050,0.491,0.459
349000,0.050,0.496,0.453
349500,0.050,0.416,0.533
350000,0.050,0.501,0.449
350500,0.050,0.525,0.425
351000,0.050,0.508,0.442
351500,0.050,0.468,0.482
352000,0.055,0.404,0.541
352500,0.051,0.392,0.558
353000,0.050,0.406,0.544
353500,0.050,0.425,0.524
354000,0.050,0.449,0.501
354500,0.050,0.432,0.517
355000,0.050,0.507,0.443
355500,0.050,0.500,0.450
356000,0.050,0.442,0.508
356500,0.050,0.407,0.543
357000,0.057,0.404,0.539
357500,0.052,0.395,0.553
358000,0.056,0.379,0.566
358500,0.051,0.406,0.544
359000,0.050,0.473,0.477
359500,0.050,0.455,0.495
360000,0.050,0.472,0.477
360500,0.050,0.442,0.508
361000,0.050,0.486,0.463
361500,0.050,0.449,0.501
362000,0.050,0.438,0.512
362500,0.050,0.405,0.545
363000,0.050,0.407,0.543
363500,0.051,0.406,0.542
364000,0.051,0.392,0.557
364500,0.052,0.451,0.497
365000,0.050,0.438,0.512
365500,0.051,0.408,0.541
366000,0.053,0.374,0.573
366500,0.051,0.361,0.588
367000,0.051,0.331,0.619
367500,0.058,0.356,0.586
368000,0.051,0.354,0.595
368500,0.051,0.374,0.576
369000,0.050,0.529,0.420
369500,0.050,0.517,0.432
370000,0.055,0.396,0.549
370500,0.051,0.396,0.552
371000,0.051,0.357,0.592
371500,0.050,0.388,0.562
372000,0.050,0.398,0.552
372500,0.050,0.414,0.536
373000,0.050,0.345,0.605
373500,0.056,0.403,0.541
374000,0.051,0.405,0.544
374500,0.051,0.401,0.549
375000,0.053,0.406,0.540
375500,0.051,0.405,0.544
376000,0.050,0.396,0.554
376500,0.050,0.385,0.565
377000,0.050,0.454,0.496
377500,0.050,0.429,0.520
378000,0.050,0.439,0.511
378500,0.050,0.449,0.501
379000,0.052,0.398,0.550
379500,0.052,0.361,0.587
380000,0.051,0.338,0.611
380500,0.053,0.421,0.525
381000,0.050,0.453,0.497
381500,0.051,0.399,0.549
382000,0.050,0.446,0.504
382500,0.050,0.459,0.491
383000,0.050,0.424,0.526
383500,0.050,0.387,0.563
384000,0.050,0.418,0.532
384500,0.052,0.432,0.515
385000,0.051,0.425,0.524
385500,0.050,0.430,0.519
386000,0.056,0.423,0.521
386500,0.051,0.356,0.592
387000,0.059,0.319,0.623
387500,0.051,0.340,0.609
388000,0.050,0.393,0.557
388500,0.052,0.357,0.591
389000,0.050,0.351,0.599
389500,0.050,0.385,0.565
390000,0.056,0.387,0.557
390500,0.051,0.395,0.554
391000,0.050,0.452,0.498
391500,0.050,0.402,0.548
392000,0.050,0.410,0.540
392500,0.051,0.406,0.544
393000,0.050,0.415,0.535
393500,0.050,0.393,0.557
394000,0.056,0.361,0.583
394500,0.051,0.370,0.579
395000,0.050,0.340,0.610
395500,0.050,0.375,0.575
396000,0.053,0.373,0.573
396500,0.051,0.413,0.536
397000,0.050,0.455,0.495
397500,0.050,0.452,0.498
398000,0.054,0.445,0.501
398500,0.056,0.447,0.497
399000,0.051,0.369,0.580
399500,0.050,0.407,0.543
400000,0.053,0.402,0.544
400500,0.051,0.438,0.512
401000,0.054,0.404,0.542
401500,0.051,0.377,0.573
402000,0.054,0.352,0.594
402500,0.053,0.360,0.587
403000,0.051,0.384,0.566
403500,0.050,0.459,0.491
404000,0.050,0.506,0.444
404500,0.050,0.490,0.460
405000,0.050,0.469,0.481
405500,0.050,0.432,0.517
406000,0.050,0.457,0.493
406500,0.054,0.382,0.564
407000,0.053,0.331,0.616
407500,0.051,0.350,0.600
408000,0.050,0.366,0.584
408500,0.050,0.379,0.571
409000,0.050,0.433,0.517
409500,0.051,0.469,0.480
410000,0.050,0.455,0.495
410500,0.051,0.447,0.502
411000,0.051,0.410,0.539
411500,0.052,0.389,0.559
412000,0.059,0.351,0.589
412500,0.051,0.340,0.610
413000,0.050,0.419,0.530
413500,0.050,0.442,0.508
414000,0.050,0.468,0.482
414500,0.050,0.550,0.399
415000,0.050,0.485,0.464
415500,0.050,0.410,0.539
416000,0.050,0.345,0.605
416500,0.050,0.399,0.551
417000,0.050,0.393,0.557
417500,0.050,0.397,0.553
418000,0.050,0.402,0.548
418500,0.050,0.414,0.536
419000,0.050,0.414,0.536
419500,0.050,0.424,0.525
420000,0.050,0.438,0.512
420500,0.050,0.430,0.519
421000,0.052,0.423,0.525
421500,0.050,0.402,0.548
422000,0.050,0.416,0.533
422500,0.050,0.418,0.531
423000,0.050,0.329,0.621
423500,0.050,0.397,0.553
424000,0.050,0.435,0.514
424500,0.050,0.467,0.483
425000,0.054,0.460,0.486
425500,0.052,0.394,0.553
426000,0.055,0.419,0.525
426500,0.051,0.425,0.524
427000,0.050,0.472,0.477
427500,0.050,0.435,0.515
428000,0.050,0.412,0.538
428500,0.050,0.444,0.506
429000,0.050,0.449,0.501
429500,0.055,0.406,0.538
430000,0.050,0.389,0.561
430500,0.057,0.418,0.526
431000,0.059,0.454,0.487
431500,0.051,0.379,0.571
432000,0.053,0.361,0.586
432500,0.053,0.298,0.648
433000,0.053,0.377,0.570
433500,0.050,0.367,0.583
434000,0.050,0.415,0.535
434500,0.050,0.379,0.571
435000,0.051,0.369,0.580
435500,0.057,0.348,0.596
436000,0.056,0.367,0.577
436500,0.054,0.412,0.534
437000,0.051,0.410,0.539
437500,0.051,0.405,0.544
438000,0.051,0.396,0.554
438500,0.051,0.427,0.522
439000,0.050,0.448,0.502
439500,0.050,0.425,0.525
440000,0.050,0.408,0.541
440500,0.057,0.322,0.621
441000,0.056,0.354,0.591
441500,0.051,0.435,0.514
442000,0.050,0.418,0.532
442500,0.050,0.464,0.486
443000,0.050,0.443,0.507
443500,0.050,0.445,0.505
444000,0.050,0.443,0.507
444500,0.050,0.432,0.517
445000,0.050,0.464,0.486
445500,0.050,0.466,0.484
446000,0.050,0.495,0.455
446500,0.050,0.490,0.459
447000,0.050,0.477,0.473
447500,0.050,0.426,0.524
448000,0.052,0.457,0.491
448500,0.050,0.464,0.486
449000,0.054,0.407,0.539
449500,0.051,0.407,0.542
450000,0.060,0.349,0.591
450500,0.058,0.363,0.580
451000,0.051,0.366,0.583
451500,0.050,0.414,0.535
452000,0.050,0.441,0.509
452500,0.050,0.417,0.533
453000,0.050,0.366,0.583
453500,0.050,0.414,0.535
454000,0.050,0.450,0.500
454500,0.050,0.435,0.515
455000,0.050,0.427,0.522
455500,0.050,0.378,0.572
456000,0.050,0.346,0.604
456500,0.050,0.402,0.548
457000,0.050,0.408,0.541
457500,0.050,0.424,0.526
458000,0.050,0.376,0.574
458500,0.053,0.391,0.556
459000,0.051,0.406,0.543
459500,0.050,0.403,0.547
460000,0.054,0.401,0.544
460500,0.051,0.403,0.547
461000,0.050,0.390,0.560
461500,0.052,0.393,0.555
462000,0.051,0.404,0.544
462500,0.050,0.432,0.518
463000,0.050,0.435,0.515
463500,0.050,0.471,0.479
464000,0.050,0.431,0.518
464500,0.050,0.443,0.507
465000,0.050,0.391,0.559
465500,0.050,0.425,0.525
466000,0.050,0.369,0.581
466500,0.050,0.391,0.559
467000,0.050,0.416,0.533
467500,0.050,0.412,0.537
468000,0.050,0.402,0.548
468500,0.050,0.502,0.448
469000,0.050,0.504,0.446
469500,0.050,0.456,0.494
470000,0.050,0.452,0.498
470500,0.051,0.428,0.520
471000,0.051,0.429,0.520
471500,0.050,0.427,0.523
472000,0.050,0.432,0.517
472500,0.053,0.424,0.522
473000,0.054,0.380,0.566
473500,0.054,0.318,0.628
474000,0.051,0.374,0.576
474500,0.054,0.401,0.545
475000,0.051,0.406,0.542
475500,0.052,0.386,0.561
476000,0.056,0.369,0.576
476500,0.051,0.444,0.505
477000,0.050,0.356,0.594
477500,0.050,0.410,0.539
478000,0.050,0.392,0.558
478500,0.050,0.417,0.533
479000,0.050,0.414,0.535
479500,0.050,0.393,0.557
480000,0.050,0.409,0.540
480500,0.050,0.324,0.626
481000,0.050,0.429,0.521
481500,0.050,0.422,0.528
482000,0.050,0.451,0.499
482500,0.052,0.432,0.515
483000,0.051,0.383,0.566
483500,0.053,0.426,0.521
484000,0.053,0.438,0.509
484500,0.050,0.369,0.581
485000,0.050,0.411,0.539
485500,0.050,0.428,0.522
486000,0.050,0.432,0.517
486500,0.050,0.427,0.522
487000,0.050,0.502,0.448
487500,0.050,0.486,0.464
488000,0.050,0.489,0.460
488500,0.050,0.376,0.575
489000,0.050,0.394,0.556
489500,0.050,0.404,0.546
490000,0.050,0.421,0.528
490500,0.050,0.432,0.518
491000,0.050,0.466,0.484
491500,0.056,0.458,0.486
492000,0.052,0.374,0.574
492500,0.051,0.416,0.533
493000,0.050,0.455,0.495
493500,0.050,0.453,0.497
494000,0.050,0.442,0.508
494500,0.050,0.431,0.518
495000,0.050,0.425,0.525
495500,0.051,0.425,0.524
496000,0.051,0.440,0.510
496500,0.050,0.453,0.497
497000,0.050,0.488,0.462
497500,0.050,0.474,0.475
498000,0.050,0.377,0.573
498500,0.054,0.387,0.559
499000,0.050,0.413,0.537
499500,0.050,0.373,0.577
500000,0.051,0.361,0.587
500500,0.050,0.386,0.564
501000,0.051,0.349,0.600
501500,0.051,0.428,0.522
502000,0.050,0.455,0.495
502500,0.050,0.450,0.500
503000,0.050,0.465,0.485
503500,0.054,0.447,0.499
504000,0.050,0.446,0.504
504500,0.050,0.372,0.578
505000,0.050,0.379,0.571
505500,0.050,0.445,0.505
506000,0.050,0.377,0.573
506500,0.051,0.405,0.544
507000,0.050,0.407,0.543
507500,0.050,0.386,0.564
508000,0.050,0.424,0.525
508500,0.050,0.395,0.555
509000,0.050,0.381,0.569
509500,0.053,0.391,0.556
510000,0.051,0.438,0.512
510500,0.050,0.407,0.543
511000,0.050,0.375,0.575
511500,0.050,0.310,0.639
512000,0.051,0.433,0.515
512500,0.050,0.379,0.571
513000,0.050,0.351,0.599
513500,0.050,0.406,0.544
514000,0.050,0.394,0.556
514500,0.050,0.411,0.539
515000,0.052,0.419,0.529
515500,0.053,0.402,0.545
516000,0.051,0.444,0.505
516500,0.050,0.406,0.544
517000,0.050,0.497,0.453
517500,0.050,0.507,0.443
518000,0.053,0.465,0.482
518500,0.051,0.424,0.525
519000,0.051,0.375,0.574
519500,0.051,0.431,0.518
520000,0.050,0.447,0.503
520500,0.050,0.401,0.549
521000,0.050,0.494,0.455
521500,0.052,0.450,0.498
522000,0.050,0.462,0.488
522500,0.050,0.452,0.498
523000,0.050,0.440,0.510
523500,0.050,0.457,0.493
524000,0.051,0.422,0.527
524500,0.050,0.398,0.552
525000,0.050,0.385,0.565
525500,0.052,0.496,0.452
526000,0.050,0.495,0.454
526500,0.050,0.485,0.464
527000,0.050,0.510,0.440
527500,0.050,0.426,0.524
528000,0.050,0.425,0.525
528500,0.050,0.409,0.541
529000,0.050,0.382,0.568
529500,0.050,0.431,0.518
530000,0.050,0.485,0.465
530500,0.050,0.534,0.416
531000,0.050,0.510,0.440
531500,0.050,0.532,0.418
532000,0.050,0.440,0.510
532500,0.050,0.402,0.548
533000,0.050,0.432,0.518
533500,0.053,0.379,0.568
534000,0.050,0.387,0.563
534500,0.052,0.379,0.569
535000,0.051,0.393,0.557
535500,0.050,0.380,0.570
536000,0.054,0.363,0.583
536500,0.053,0.418,0.528
537000,0.053,0.398,0.549
537500,0.053,0.369,0.578
538000,0.050,0.424,0.525
538500,0.050,0.367,0.583
539000,0.050,0.447,0.503
539500,0.050,0.363,0.587
540000,0.055,0.402,0.543
540500,0.052,0.409,0.539
541000,0.050,0.405,0.545
541500,0.051,0.462,0.488
542000,0.051,0.456,0.494
542500,0.051,0.365,0.584
543000,0.052,0.370,0.577
543500,0.051,0.452,0.497
544000,0.050,0.496,0.454
544500,0.052,0.439,0.509
545000,0.051,0.483,0.467
545500,0.050,0.481,0.469
546000,0.050,0.479,0.470
546500,0.050,0.388,0.562
547000,0.050,0.405,0.545
547500,0.051,0.398,0.550
548000,0.051,0.411,0.538
548500,0.050,0.441,0.509
549000,0.050,0.424,0.525
549500,0.050,0.402,0.548
550000,0.050,0.384,0.566
550500,0.050,0.401,0.549
551000,0.050,0.453,0.497
551500,0.054,0.357,0.588
552000,0.051,0.435,0.513
552500,0.050,0.436,0.514
553000,0.050,0.521,0.428
553500,0.050,0.471,0.479
554000,0.050,0.505,0.445
554500,0.050,0.427,0.522
555000,0.054,0.469,0.477
555500,0.051,0.465,0.484
556000,0.051,0.498,0.451
556500,0.050,0.480,0.470
557000,0.050,0.446,0.504
557500,0.050,0.379,0.571
558000,0.051,0.433,0.516
558500,0.050,0.482,0.467
559000,0.050,0.512,0.438
559500,0.050,0.460,0.490
560000,0.050,0.433,0.516
560500,0.054,0.389,0.557
561000,0.057,0.388,0.556
561500,0.050,0.395,0.555
562000,0.050,0.405,0.545
562500,0.055,0.395,0.550
563000,0.051,0.333,0.617
563500,0.051,0.372,0.577
564000,0.050,0.401,0.549
564500,0.050,0.459,0.491
565000,0.050,0.396,0.554
565500,0.050,0.380,0.571
566000,0.051,0.371,0.577
566500,0.064,0.312,0.625
567000,0.053,0.342,0.605
567500,0.050,0.356,0.593
568000,0.056,0.362,0.581
568500,0.051,0.349,0.601
569000,0.050,0.439,0.511
569500,0.050,0.434,0.516
570000,0.052,0.433,0.515
570500,0.050,0.437,0.513
571000,0.050,0.403,0.547
571500,0.050,0.377,0.573
572000,0.050,0.389,0.561
572500,0.051,0.379,0.571
573000,0.050,0.447,0.503
573500,0.050,0.468,0.482
574000,0.050,0.477,0.473
574500,0.050,0.408,0.541
575000,0.050,0.392,0.558
575500,0.051,0.423,0.525
576000,0.057,0.373,0.570
576500,0.051,0.327,0.622
577000,0.053,0.390,0.557
577500,0.051,0.369,0.580
578000,0.050,0.433,0.516
578500,0.050,0.458,0.492
579000,0.050,0.459,0.491
579500,0.050,0.504,0.446
580000,0.050,0.492,0.457
580500,0.050,0.499,0.451
581000,0.053,0.425,0.521
581500,0.051,0.395,0.554
582000,0.050,0.364,0.586
582500,0.051,0.382,0.567
583000,0.050,0.383,0.567
583500,0.052,0.404,0.543
584000,0.050,0.367,0.583
584500,0.050,0.411,0.538
585000,0.050,0.425,0.525
585500,0.050,0.373,0.577
586000,0.050,0.388,0.562
586500,0.053,0.315,0.631
587000,0.051,0.406,0.544
587500,0.050,0.409,0.540
588000,0.050,0.407,0.542
588500,0.050,0.379,0.571
589000,0.050,0.404,0.546
589500,0.050,0.455,0.495
590000,0.050,0.442,0.508
590500,0.053,0.403,0.544
591000,0.051,0.394,0.556
591500,0.050,0.432,0.518
592000,0.054,0.415,0.530
592500,0.051,0.445,0.504
593000,0.050,0.409,0.541
593500,0.054,0.402,0.544
594000,0.051,0.468,0.481
594500,0.050,0.503,0.447
595000,0.050,0.450,0.500
595500,0.050,0.449,0.501
596000,0.050,0.457,0.493
596500,0.050,0.464,0.486
597000,0.050,0.440,0.510
597500,0.050,0.464,0.486
598000,0.050,0.481,0.468
598500,0.050,0.455,0.495
599000,0.050,0.419,0.530
599500,0.052,0.376,0.572
600000,0.050,0.376,0.574
600500,0.050,0.427,0.522
601000,0.050,0.429,0.521
601500,0.050,0.435,0.514
602000,0.050,0.323,0.627
602500,0.050,0.379,0.571
603000,0.050,0.368,0.582
603500,0.051,0.385,0.565
604000,0.050,0.322,0.628
604500,0.051,0.360,0.589
605000,0.050,0.409,0.540
605500,0.050,0.422,0.527
606000,0.050,0.381,0.569
606500,0.050,0.422,0.528
607000,0.050,0.390,0.560
607500,0.050,0.364,0.585
608000,0.055,0.325,0.620
608500,0.056,0.317,0.628
609000,0.052,0.340,0.608
609500,0.051,0.356,0.593
610000,0.050,0.369,0.581
610500,0.051,0.422,0.526
611000,0.050,0.394,0.556
611500,0.050,0.373,0.577
612000,0.059,0.308,0.633
612500,0.055,0.321,0.624
613000,0.062,0.280,0.658
613500,0.056,0.325,0.619
614000,0.051,0.380,0.569
614500,0.051,0.460,0.490
615000,0.050,0.420,0.530
615500,0.050,0.510,0.440
616000,0.050,0.442,0.508
616500,0.050,0.412,0.538
617000,0.050,0.484,0.466
617500,0.050,0.480,0.469
618000,0.050,0.441,0.509
618500,0.050,0.403,0.547
619000,0.050,0.461,0.489
619500,0.050,0.420,0.530
620000,0.050,0.394,0.556
620500,0.054,0.411,0.534
621000,0.054,0.321,0.625
621500,0.051,0.387,0.563
622000,0.050,0.409,0.540
622500,0.050,0.401,0.549
623000,0.050,0.490,0.459
623500,0.050,0.428,0.522
624000,0.050,0.450,0.500
624500,0.050,0.452,0.498
625000,0.050,0.430,0.520
625500,0.051,0.406,0.543
626000,0.050,0.459,0.491
626500,0.050,0.455,0.495
627000,0.050,0.465,0.485
627500,0.050,0.479,0.470
628000,0.050,0.462,0.488
628500,0.050,0.491,0.459
629000,0.050,0.486,0.463
629500,0.050,0.461,0.489
630000,0.050,0.497,0.452
630500,0.050,0.449,0.501
631000,0.050,0.352,0.598
631500,0.050,0.423,0.527
632000,0.050,0.431,0.518
632500,0.050,0.422,0.527
633000,0.050,0.501,0.449
633500,0.050,0.511,0.439
634000,0.050,0.481,0.468
634500,0.050,0.481,0.469
635000,0.050,0.477,0.473
635500,0.050,0.402,0.548
636000,0.050,0.461,0.489
636500,0.050,0.446,0.504
637000,0.050,0.411,0.539
637500,0.050,0.388,0.562
638000,0.054,0.368,0.578
638500,0.051,0.387,0.562
639000,0.051,0.412,0.538
639500,0.051,0.347,0.601
640000,0.051,0.430,0.519
640500,0.050,0.466,0.484
641000,0.050,0.434,0.516
641500,0.050,0.419,0.531
642000,0.050,0.411,0.538
642500,0.050,0.414,0.536
643000,0.050,0.433,0.516
643500,0.050,0.403,0.547
644000,0.050,0.404,0.546
644500,0.050,0.348,0.601
645000,0.050,0.430,0.520
645500,0.050,0.419,0.530
646000,0.050,0.449,0.501
646500,0.052,0.389,0.559
647000,0.050,0.459,0.491
647500,0.050,0.484,0.465
648000,0.050,0.483,0.467
648500,0.050,0.456,0.494
649000,0.059,0.363,0.578
649500,0.053,0.347,0.599
650000,0.051,0.396,0.554
650500,0.050,0.458,0.492
651000,0.050,0.438,0.512
651500,0.050,0.431,0.518
652000,0.050,0.397,0.553
652500,0.050,0.402,0.548
653000,0.050,0.453,0.497
653500,0.053,0.439,0.508
654000,0.053,0.406,0.541
654500,0.051,0.440,0.508
655000,0.050,0.407,0.542
655500,0.056,0.390,0.554
656000,0.052,0.396,0.552
656500,0.054,0.350,0.595
657000,0.051,0.404,0.545
657500,0.050,0.419,0.531
658000,0.050,0.456,0.494
658500,0.050,0.406,0.544
659000,0.050,0.423,0.526
659500,0.050,0.434,0.515
660000,0.053,0.452,0.495
660500,0.051,0.446,0.504
661000,0.050,0.498,0.452
661500,0.050,0.460,0.490
662000,0.050,0.435,0.515
662500,0.050,0.403,0.547
663000,0.050,0.404,0.546
663500,0.050,0.444,0.506
664000,0.050,0.489,0.460
664500,0.050,0.433,0.516
665000,0.050,0.476,0.474
665500,0.050,0.483,0.466
666000,0.051,0.500,0.448
666500,0.051,0.426,0.524
667000,0.050,0.415,0.534
667500,0.050,0.428,0.521
668000,0.056,0.406,0.539
668500,0.051,0.443,0.506
669000,0.051,0.450,0.498
669500,0.051,0.376,0.573
670000,0.051,0.398,0.551
670500,0.053,0.361,0.586
671000,0.051,0.393,0.555
671500,0.050,0.416,0.534
672000,0.050,0.406,0.544
672500,0.054,0.402,0.544
673000,0.050,0.410,0.540
673500,0.050,0.444,0.506
674000,0.050,0.429,0.521
674500,0.052,0.449,0.498
675000,0.050,0.431,0.519
675500,0.050,0.442,0.508
676000,0.050,0.424,0.526
676500,0.050,0.427,0.523
677000,0.050,0.381,0.569
677500,0.052,0.407,0.540
678000,0.051,0.416,0.534
678500,0.050,0.436,0.514
679000,0.050,0.434,0.515
679500,0.050,0.451,0.499
680000,0.050,0.414,0.535
680500,0.050,0.447,0.503
681000,0.050,0.413,0.536
681500,0.053,0.402,0.545
682000,0.051,0.399,0.551
682500,0.052,0.429,0.518
683000,0.051,0.425,0.523
683500,0.051,0.436,0.513
684000,0.050,0.475,0.475
684500,0.050,0.428,0.521
685000,0.050,0.369,0.581
685500,0.054,0.374,0.572
686000,0.051,0.429,0.520
686500,0.050,0.407,0.543
687000,0.050,0.403,0.547
687500,0.050,0.392,0.558
688000,0.051,0.421,0.527
688500,0.061,0.344,0.595
689000,0.052,0.360,0.588
689500,0.056,0.352,0.591
690000,0.051,0.385,0.565
690500,0.050,0.401,0.549
691000,0.050,0.440,0.510
691500,0.050,0.440,0.510
692000,0.050,0.514,0.436
692500,0.050,0.491,0.459
693000,0.050,0.472,0.478
693500,0.052,0.399,0.548
694000,0.050,0.369,0.581
694500,0.051,0.414,0.535
695000,0.050,0.404,0.546
695500,0.050,0.414,0.536
696000,0.050,0.374,0.575
696500,0.050,0.447,0.503
697000,0.052,0.471,0.476
697500,0.050,0.489,0.460
698000,0.050,0.484,0.466
698500,0.050,0.453,0.497
699000,0.053,0.420,0.526
699500,0.051,0.443,0.507
700000,0.054,0.431,0.514
700500,0.050,0.408,0.541
701000,0.050,0.394,0.556
701500,0.050,0.400,0.550
702000,0.050,0.392,0.558
702500,0.050,0.430,0.519
703000,0.050,0.422,0.527
703500,0.050,0.446,0.504
704000,0.050,0.436,0.514
704500,0.050,0.460,0.490
705000,0.050,0.476,0.473
705500,0.054,0.427,0.518
706000,0.052,0.432,0.515
706500,0.053,0.395,0.551
707000,0.051,0.414,0.535
707500,0.050,0.443,0.507
708000,0.050,0.437,0.513
708500,0.050,0.370,0.579
709000,0.056,0.373,0.572
709500,0.056,0.352,0.591
710000,0.051,0.325,0.624
710500,0.051,0.387,0.562
711000,0.051,0.370,0.579
711500,0.050,0.385,0.565
712000,0.050,0.429,0.520
712500,0.050,0.442,0.508
713000,0.050,0.464,0.486
713500,0.050,0.416,0.533
714000,0.050,0.338,0.612
714500,0.053,0.351,0.596
715000,0.050,0.390,0.560
715500,0.051,0.403,0.546
716000,0.050,0.397,0.553
716500,0.050,0.426,0.523
717000,0.050,0.432,0.518
717500,0.050,0.471,0.479
718000,0.050,0.475,0.474
718500,0.050,0.444,0.506
719000,0.051,0.385,0.564
719500,0.050,0.470,0.480
720000,0.050,0.417,0.533
720500,0.050,0.414,0.535
721000,0.050,0.438,0.512
721500,0.050,0.480,0.470
722000,0.050,0.426,0.523
722500,0.050,0.458,0.492
723000,0.050,0.424,0.526
723500,0.051,0.421,0.527
724000,0.052,0.398,0.550
724500,0.051,0.468,0.482
725000,0.050,0.431,0.519
725500,0.050,0.495,0.455
726000,0.051,0.498,0.452
726500,0.050,0.484,0.465
727000,0.050,0.504,0.446
727500,0.050,0.443,0.507
728000,0.050,0.388,0.562
728500,0.060,0.364,0.576
729000,0.051,0.406,0.543
729500,0.050,0.432,0.518
730000,0.050,0.391,0.559
730500,0.054,0.394,0.552
731000,0.050,0.403,0.547
731500,0.050,0.415,0.535
732000,0.050,0.390,0.560
732500,0.050,0.414,0.535
733000,0.050,0.432,0.518
733500,0.050,0.475,0.474
734000,0.050,0.462,0.488
734500,0.050,0.433,0.516
735000,0.050,0.463,0.487
735500,0.050,0.435,0.514
736000,0.050,0.482,0.468
736500,0.050,0.481,0.468
737000,0.050,0.408,0.541
737500,0.050,0.427,0.523
738000,0.052,0.382,0.566
738500,0.050,0.383,0.567
739000,0.050,0.426,0.523
739500,0.050,0.406,0.543
740000,0.050,0.357,0.593
740500,0.050,0.453,0.497
741000,0.050,0.470,0.480
741500,0.050,0.487,0.463
742000,0.050,0.491,0.459
742500,0.050,0.473,0.477
743000,0.052,0.427,0.520
743500,0.051,0.451,0.498
744000,0.050,0.448,0.502
744500,0.050,0.440,0.510
745000,0.050,0.421,0.528
745500,0.055,0.417,0.527
746000,0.053,0.410,0.536
746500,0.056,0.371,0.573
747000,0.051,0.415,0.534
747500,0.050,0.409,0.540
748000,0.050,0.457,0.493
748500,0.050,0.450,0.500
749000,0.050,0.413,0.536
749500,0.052,0.381,0.567
750000,0.051,0.381,0.569
750500,0.053,0.377,0.571
751000,0.053,0.444,0.503
751500,0.050,0.371,0.579
752000,0.050,0.426,0.523
752500,0.053,0.456,0.490
753000,0.050,0.456,0.494
753500,0.050,0.455,0.495
754000,0.050,0.479,0.471
754500,0.050,0.431,0.518
755000,0.050,0.423,0.526
755500,0.050,0.463,0.487
756000,0.054,0.412,0.533
756500,0.051,0.425,0.524
757000,0.051,0.369,0.580
757500,0.051,0.409,0.540
758000,0.050,0.412,0.538
758500,0.050,0.410,0.539
759000,0.050,0.447,0.503
759500,0.050,0.412,0.537
760000,0.050,0.456,0.494
760500,0.050,0.450,0.500
761000,0.050,0.386,0.564
761500,0.050,0.452,0.498
762000,0.050,0.401,0.549
762500,0.050,0.431,0.519
763000,0.051,0.413,0.536
763500,0.050,0.403,0.547
764000,0.050,0.497,0.452
764500,0.050,0.454,0.496
765000,0.050,0.450,0.500
765500,0.050,0.425,0.524
766000,0.050,0.358,0.592
766500,0.055,0.373,0.571
767000,0.052,0.376,0.573
767500,0.051,0.426,0.523
768000,0.050,0.421,0.529
768500,0.050,0.454,0.496
769000,0.050,0.432,0.517
769500,0.050,0.429,0.521
770000,0.050,0.453,0.497
770500,0.050,0.449,0.501
771000,0.050,0.432,0.518
771500,0.050,0.468,0.482
772000,0.050,0.453,0.497
772500,0.050,0.489,0.460
773000,0.050,0.453,0.497
773500,0.050,0.356,0.593
774000,0.056,0.401,0.543
774500,0.054,0.422,0.523
775000,0.051,0.366,0.584
775500,0.052,0.389,0.559
776000,0.050,0.419,0.531
776500,0.050,0.398,0.552
777000,0.050,0.434,0.516
777500,0.050,0.421,0.528
778000,0.050,0.374,0.576
778500,0.052,0.392,0.556
779000,0.052,0.371,0.577
779500,0.051,0.423,0.526
780000,0.050,0.465,0.485
780500,0.050,0.382,0.569
781000,0.050,0.441,0.509
781500,0.050,0.441,0.509
782000,0.050,0.490,0.459
782500,0.050,0.403,0.547
783000,0.058,0.323,0.620
783500,0.054,0.380,0.566
784000,0.050,0.395,0.555
784500,0.050,0.407,0.542
785000,0.051,0.433,0.516
785500,0.052,0.448,0.500
786000,0.051,0.447,0.503
786500,0.050,0.422,0.527
787000,0.050,0.488,0.461
787500,0.050,0.478,0.471
788000,0.050,0.394,0.556
788500,0.050,0.463,0.487
789000,0.050,0.511,0.439
789500,0.050,0.458,0.492
790000,0.050,0.456,0.494
790500,0.050,0.497,0.453
791000,0.050,0.474,0.475
791500,0.050,0.393,0.557
792000,0.053,0.434,0.512
792500,0.050,0.461,0.489
793000,0.050,0.419,0.530
793500,0.050,0.431,0.519
794000,0.050,0.441,0.509
794500,0.050,0.442,0.508
795000,0.050,0.416,0.534
795500,0.050,0.491,0.459
796000,0.050,0.393,0.557
796500,0.051,0.394,0.555
797000,0.050,0.374,0.576
797500,0.051,0.402,0.547
798000,0.050,0.362,0.587
798500,0.050,0.358,0.591
799000,0.053,0.406,0.540
799500,0.051,0.467,0.482
800000,0.053,0.448,0.499
800500,0.050,0.400,0.550
801000,0.050,0.388,0.562
801500,0.050,0.418,0.532
802000,0.050,0.486,0.464
802500,0.050,0.432,0.518
803000,0.050,0.430,0.520
803500,0.050,0.449,0.501
804000,0.050,0.482,0.467
804500,0.050,0.471,0.479
805000,0.050,0.435,0.514
805500,0.050,0.423,0.527
806000,0.050,0.435,0.514
806500,0.050,0.421,0.529
807000,0.052,0.397,0.551
807500,0.052,0.409,0.538
808000,0.050,0.357,0.593
808500,0.050,0.356,0.593
809000,0.050,0.451,0.499
809500,0.050,0.454,0.496
810000,0.057,0.391,0.552
810500,0.051,0.439,0.510
811000,0.050,0.458,0.492
811500,0.050,0.490,0.460
812000,0.050,0.471,0.478
812500,0.050,0.450,0.500
813000,0.050,0.387,0.563
813500,0.052,0.403,0.544
814000,0.050,0.451,0.499
814500,0.050,0.444,0.506
815000,0.050,0.380,0.570
815500,0.056,0.368,0.576
816000,0.053,0.391,0.556
816500,0.050,0.361,0.589
817000,0.051,0.405,0.543
817500,0.051,0.404,0.545
818000,0.050,0.390,0.560
818500,0.050,0.435,0.515
819000,0.050,0.434,0.516
819500,0.050,0.337,0.613
820000,0.050,0.357,0.593
820500,0.050,0.327,0.623
821000,0.050,0.403,0.547
821500,0.050,0.414,0.536
822000,0.051,0.398,0.551
822500,0.053,0.367,0.579
823000,0.053,0.362,0.585
823500,0.051,0.361,0.588
824000,0.050,0.352,0.597
824500,0.050,0.340,0.610
825000,0.051,0.360,0.589
825500,0.050,0.405,0.545
826000,0.053,0.423,0.524
826500,0.051,0.399,0.550
827000,0.060,0.334,0.606
827500,0.057,0.361,0.582
828000,0.051,0.397,0.552
828500,0.050,0.443,0.507
829000,0.050,0.454,0.496
829500,0.050,0.406,0.544
830000,0.050,0.366,0.583
830500,0.051,0.383,0.567
831000,0.052,0.344,0.603
831500,0.053,0.345,0.602
832000,0.051,0.387,0.562
832500,0.051,0.401,0.549
833000,0.050,0.408,0.541
833500,0.059,0.357,0.584
834000,0.052,0.415,0.533
834500,0.051,0.391,0.558
835000,0.059,0.365,0.576
835500,0.056,0.354,0.591
836000,0.051,0.392,0.557
836500,0.050,0.495,0.454
837000,0.050,0.485,0.464
837500,0.050,0.497,0.452
838000,0.050,0.430,0.519
838500,0.050,0.454,0.496
839000,0.050,0.495,0.455
839500,0.050,0.398,0.552
840000,0.050,0.421,0.528
840500,0.053,0.417,0.530
841000,0.051,0.375,0.574
841500,0.057,0.349,0.593
842000,0.056,0.330,0.614
842500,0.055,0.340,0.605
843000,0.053,0.386,0.561
843500,0.056,0.426,0.518
844000,0.051,0.438,0.511
844500,0.050,0.414,0.535
845000,0.053,0.368,0.579
845500,0.056,0.414,0.530
846000,0.051,0.427,0.522
846500,0.050,0.437,0.513
847000,0.050,0.408,0.542
847500,0.050,0.516,0.434
848000,0.050,0.494,0.456
848500,0.050,0.499,0.450
849000,0.050,0.424,0.526
849500,0.050,0.406,0.544
850000,0.050,0.404,0.546
850500,0.050,0.390,0.560
851000,0.050,0.393,0.557
851500,0.052,0.367,0.580
852000,0.051,0.419,0.530
852500,0.050,0.418,0.532
853000,0.050,0.399,0.551
853500,0.050,0.410,0.540
854000,0.050,0.345,0.605
854500,0.051,0.407,0.542
855000,0.050,0.433,0.516
855500,0.050,0.528,0.422
856000,0.050,0.550,0.400
856500,0.050,0.464,0.486
857000,0.050,0.422,0.527
857500,0.050,0.390,0.560
858000,0.050,0.397,0.553
858500,0.050,0.368,0.582
859000,0.050,0.361,0.589
859500,0.051,0.449,0.499
860000,0.051,0.428,0.521
860500,0.051,0.417,0.532
861000,0.050,0.444,0.506
861500,0.054,0.431,0.515
862000,0.051,0.418,0.530
862500,0.050,0.414,0.535
863000,0.050,0.417,0.532
863500,0.050,0.454,0.496
864000,0.050,0.434,0.515
864500,0.050,0.446,0.504
865000,0.050,0.407,0.543
865500,0.050,0.407,0.543
866000,0.050,0.420,0.530
866500,0.050,0.373,0.577
867000,0.050,0.393,0.557
867500,0.050,0.475,0.474
868000,0.050,0.437,0.513
868500,0.050,0.476,0.473
869000,0.050,0.440,0.510
869500,0.050,0.445,0.505
870000,0.050,0.452,0.498
870500,0.050,0.445,0.505
871000,0.050,0.388,0.562
871500,0.051,0.417,0.532
872000,0.050,0.449,0.501
872500,0.050,0.349,0.601
873000,0.050,0.404,0.546
873500,0.054,0.414,0.532
874000,0.061,0.316,0.623
874500,0.055,0.306,0.638
875000,0.056,0.331,0.613
875500,0.053,0.336,0.611
876000,0.052,0.382,0.566
876500,0.054,0.446,0.499
877000,0.050,0.406,0.544
877500,0.050,0.417,0.533
878000,0.051,0.426,0.522
878500,0.051,0.445,0.505
879000,0.050,0.425,0.524
879500,0.050,0.465,0.485
880000,0.050,0.430,0.520
880500,0.051,0.351,0.598
881000,0.051,0.441,0.508
881500,0.050,0.429,0.521
882000,0.050,0.443,0.507
882500,0.050,0.379,0.571
883000,0.050,0.408,0.541
883500,0.054,0.402,0.544
884000,0.054,0.400,0.545
884500,0.051,0.427,0.522
885000,0.050,0.456,0.494
885500,0.057,0.384,0.559
886000,0.054,0.389,0.557
886500,0.055,0.379,0.567
887000,0.051,0.413,0.536
887500,0.050,0.418,0.531
888000,0.050,0.441,0.509
888500,0.050,0.465,0.485
889000,0.056,0.403,0.542
889500,0.054,0.425,0.520
890000,0.050,0.438,0.512
890500,0.050,0.409,0.541
891000,0.050,0.378,0.573
891500,0.050,0.447,0.503
892000,0.050,0.373,0.577
892500,0.050,0.403,0.547
893000,0.050,0.428,0.521
893500,0.059,0.364,0.576
894000,0.053,0.363,0.584
894500,0.051,0.365,0.584
895000,0.051,0.398,0.551
895500,0.050,0.404,0.546
896000,0.050,0.445,0.505
896500,0.050,0.458,0.492
897000,0.052,0.419,0.528
897500,0.051,0.418,0.530
898000,0.051,0.456,0.493
898500,0.051,0.449,0.500
899000,0.056,0.415,0.530
899500,0.051,0.433,0.515
900000,0.050,0.437,0.513
900500,0.050,0.497,0.453
901000,0.050,0.491,0.458
901500,0.050,0.456,0.494
902000,0.056,0.352,0.592
902500,0.053,0.376,0.571
903000,0.050,0.395,0.555
903500,0.050,0.399,0.551
904000,0.051,0.408,0.540
904500,0.050,0.443,0.507
905000,0.050,0.390,0.560
905500,0.050,0.367,0.583
906000,0.050,0.399,0.551
906500,0.050,0.374,0.575
907000,0.050,0.428,0.521
907500,0.050,0.421,0.529
908000,0.050,0.385,0.565
908500,0.050,0.383,0.567
909000,0.050,0.412,0.537
909500,0.054,0.424,0.521
910000,0.050,0.429,0.521
910500,0.050,0.405,0.545
911000,0.050,0.366,0.584
911500,0.051,0.404,0.545
912000,0.053,0.355,0.591
912500,0.061,0.325,0.614
913000,0.060,0.330,0.610
913500,0.057,0.373,0.569
914000,0.051,0.396,0.553
914500,0.055,0.407,0.538
915000,0.051,0.349,0.601
915500,0.050,0.397,0.553
916000,0.050,0.404,0.546
916500,0.050,0.373,0.577
917000,0.050,0.449,0.501
917500,0.050,0.422,0.527
918000,0.053,0.392,0.554
918500,0.051,0.446,0.503
919000,0.050,0.442,0.508
919500,0.050,0.428,0.521
920000,0.051,0.364,0.584
920500,0.050,0.383,0.567
921000,0.050,0.420,0.530
921500,0.050,0.358,0.591
922000,0.054,0.379,0.567
922500,0.051,0.451,0.498
923000,0.050,0.502,0.448
923500,0.050,0.409,0.540
924000,0.050,0.485,0.465
924500,0.050,0.438,0.512
925000,0.050,0.419,0.530
925500,0.050,0.464,0.486
926000,0.050,0.385,0.565
926500,0.050,0.365,0.585
927000,0.050,0.337,0.613
927500,0.053,0.360,0.587
928000,0.051,0.403,0.546
928500,0.050,0.543,0.406
929000,0.050,0.461,0.489
929500,0.050,0.448,0.502
930000,0.050,0.477,0.473
930500,0.050,0.481,0.469
931000,0.050,0.442,0.508
931500,0.050,0.451,0.499
932000,0.050,0.429,0.521
932500,0.050,0.420,0.530
933000,0.050,0.474,0.476
933500,0.050,0.487,0.462
934000,0.050,0.480,0.470
934500,0.050,0.425,0.525
935000,0.050,0.459,0.491
935500,0.050,0.405,0.545
936000,0.050,0.409,0.541
936500,0.050,0.457,0.493
937000,0.050,0.453,0.497
937500,0.050,0.425,0.525
938000,0.050,0.421,0.529
938500,0.050,0.441,0.509
939000,0.050,0.489,0.460
939500,0.050,0.494,0.456
940000,0.050,0.405,0.545
940500,0.050,0.342,0.608
941000,0.050,0.396,0.554
941500,0.050,0.378,0.573
942000,0.052,0.399,0.549
942500,0.050,0.420,0.529
943000,0.050,0.426,0.524
943500,0.050,0.402,0.548
944000,0.050,0.404,0.546
944500,0.050,0.391,0.559
945000,0.051,0.402,0.547
945500,0.051,0.430,0.519
946000,0.056,0.402,0.542
946500,0.052,0.370,0.577
947000,0.051,0.415,0.534
947500,0.051,0.440,0.510
948000,0.050,0.400,0.550
948500,0.050,0.439,0.511
949000,0.050,0.468,0.482
949500,0.050,0.447,0.503
950000,0.051,0.432,0.517
950500,0.050,0.444,0.506
951000,0.052,0.455,0.492
951500,0.050,0.407,0.542
952000,0.056,0.427,0.518
952500,0.051,0.451,0.499
953000,0.050,0.476,0.474
953500,0.050,0.425,0.524
954000,0.050,0.428,0.521
954500,0.050,0.461,0.489
955000,0.050,0.414,0.535
955500,0.053,0.386,0.561
956000,0.051,0.369,0.580
956500,0.051,0.378,0.572
957000,0.051,0.430,0.518
957500,0.050,0.425,0.525
958000,0.051,0.435,0.514
958500,0.050,0.433,0.517
959000,0.050,0.369,0.581
959500,0.050,0.391,0.559
960000,0.050,0.383,0.567
960500,0.053,0.319,0.628
961000,0.056,0.308,0.636
961500,0.051,0.405,0.544
962000,0.050,0.455,0.495
962500,0.050,0.434,0.515
963000,0.050,0.462,0.488
963500,0.050,0.472,0.477
964000,0.050,0.467,0.483
964500,0.050,0.374,0.576
965000,0.054,0.385,0.561
965500,0.053,0.344,0.603
966000,0.054,0.349,0.597
966500,0.051,0.374,0.574
967000,0.051,0.446,0.503
967500,0.053,0.419,0.527
968000,0.051,0.390,0.559
968500,0.050,0.450,0.500
969000,0.050,0.457,0.493
969500,0.050,0.406,0.544
970000,0.050,0.400,0.550
970500,0.050,0.416,0.533
971000,0.050,0.366,0.584
971500,0.054,0.402,0.543
972000,0.051,0.404,0.545
972500,0.050,0.434,0.516
973000,0.050,0.382,0.568
973500,0.050,0.408,0.542
974000,0.053,0.404,0.543
974500,0.051,0.435,0.513
975000,0.050,0.383,0.567
975500,0.050,0.431,0.519
976000,0.050,0.400,0.550
976500,0.050,0.388,0.562
977000,0.050,0.365,0.585
977500,0.054,0.456,0.489
978000,0.051,0.404,0.546
978500,0.050,0.441,0.509
979000,0.053,0.429,0.517
979500,0.051,0.332,0.617
980000,0.051,0.356,0.593
980500,0.051,0.406,0.542
981000,0.050,0.415,0.535
981500,0.050,0.480,0.470
982000,0.050,0.451,0.499
982500,0.050,0.426,0.523
983000,0.050,0.447,0.503
983500,0.050,0.417,0.532
984000,0.050,0.425,0.524
984500,0.050,0.438,0.512
985000,0.050,0.435,0.515
985500,0.050,0.430,0.519
986000,0.050,0.392,0.558
986500,0.050,0.446,0.504
987000,0.051,0.445,0.504
987500,0.050,0.438,0.512
988000,0.050,0.415,0.534
988500,0.050,0.426,0.524
989000,0.050,0.382,0.569
989500,0.050,0.414,0.536
990000,0.050,0.448,0.502
990500,0.050,0.473,0.476
991000,0.050,0.495,0.454
991500,0.050,0.479,0.471
992000,0.050,0.484,0.466
992500,0.050,0.499,0.450
993000,0.050,0.437,0.513
993500,0.050,0.423,0.526
994000,0.050,0.452,0.498
994500,0.050,0.385,0.565
995000,0.050,0.371,0.579
995500,0.054,0.344,0.601
996000,0.051,0.357,0.592
996500,0.051,0.398,0.551
997000,0.051,0.410,0.539
997500,0.052,0.405,0.543
998000,0.050,0.417,0.533
998500,0.050,0.418,0.532
999000,0.050,0.448,0.502
999500,0.050,0.457,0.493
1000000,0.050,0.436,0.513
