time,n_A+p,n_B,n_AB
500,0.030,0.878,0.092
1000,0.030,0.705,0.265
1500,0.030,0.596,0.374
2000,0.030,0.558,0.412
2500,0.030,0.664,0.306
3000,0.030,0.530,0.440
3500,0.030,0.551,0.419
4000,0.030,0.640,0.330
4500,0.030,0.566,0.404
5000,0.030,0.656,0.314
5500,0.030,0.773,0.197
6000,0.030,0.599,0.371
6500,0.030,0.674,0.296
7000,0.030,0.687,0.283
7500,0.030,0.707,0.263
8000,0.030,0.686,0.284
8500,0.030,0.813,0.157
9000,0.030,0.777,0.193
9500,0.030,0.495,0.475
10000,0.030,0.566,0.404
10500,0.030,0.489,0.481
11000,0.030,0.600,0.370
11500,0.030,0.556,0.414
12000,0.030,0.541,0.429
12500,0.030,0.765,0.205
13000,0.030,0.656,0.314
13500,0.030,0.536,0.434
14000,0.030,0.477,0.493
14500,0.030,0.598,0.372
15000,0.030,0.413,0.557
15500,0.030,0.584,0.386
16000,0.030,0.715,0.255
16500,0.030,0.550,0.420
17000,0.030,0.570,0.400
17500,0.030,0.423,0.547
18000,0.030,0.412,0.558
18500,0.030,0.528,0.442
19000,0.030,0.549,0.421
19500,0.030,0.719,0.251
20000,0.030,0.684,0.286
20500,0.030,0.556,0.414
21000,0.030,0.472,0.498
21500,0.030,0.567,0.403
22000,0.030,0.743,0.227
22500,0.030,0.689,0.281
23000,0.030,0.731,0.239
23500,0.030,0.568,0.402
24000,0.030,0.647,0.323
24500,0.030,0.569,0.401
25000,0.030,0.697,0.273
25500,0.030,0.595,0.375
26000,0.030,0.521,0.449
26500,0.030,0.488,0.482
27000,0.030,0.805,0.165
27500,0.030,0.765,0.205
28000,0.030,0.566,0.404
28500,0.030,0.532,0.438
29000,0.030,0.587,0.383
29500,0.030,0.614,0.356
30000,0.030,0.651,0.319
30500,0.030,0.528,0.442
31000,0.030,0.434,0.536
31500,0.030,0.525,0.445
32000,0.030,0.652,0.318
32500,0.030,0.503,0.467
33000,0.030,0.722,0.248
33500,0.030,0.518,0.452
34000,0.030,0.464,0.506
34500,0.030,0.652,0.318
35000,0.030,0.707,0.263
35500,0.030,0.682,0.288
36000,0.030,0.515,0.455
36500,0.030,0.648,0.322
37000,0.030,0.747,0.223
37500,0.030,0.827,0.143
38000,0.030,0.485,0.485
38500,0.030,0.444,0.526
39000,0.030,0.723,0.247
39500,0.030,0.563,0.407
40000,0.030,0.761,0.209
40500,0.030,0.694,0.276
41000,0.030,0.679,0.291
41500,0.030,0.550,0.420
42000,0.030,0.696,0.274
42500,0.030,0.718,0.252
43000,0.030,0.685,0.285
43500,0.030,0.457,0.513
44000,0.030,0.504,0.466
44500,0.030,0.501,0.469
45000,0.030,0.270,0.700
45500,0.030,0.544,0.426
46000,0.030,0.579,0.391
46500,0.030,0.651,0.319
47000,0.030,0.761,0.209
47500,0.030,0.611,0.359
48000,0.030,0.524,0.446
48500,0.030,0.591,0.379
49000,0.030,0.517,0.453
49500,0.030,0.605,0.365
50000,0.030,0.692,0.278
50500,0.030,0.637,0.333
51000,0.030,0.614,0.356
51500,0.030,0.474,0.496
52000,0.030,0.696,0.274
52500,0.030,0.569,0.401
53000,0.030,0.428,0.542
53500,0.030,0.537,0.433
54000,0.030,0.637,0.333
54500,0.030,0.550,0.420
55000,0.030,0.609,0.361
55500,0.030,0.633,0.337
56000,0.030,0.616,0.354
56500,0.030,0.620,0.350
57000,0.030,0.606,0.364
57500,0.030,0.769,0.201
58000,0.030,0.595,0.375
58500,0.030,0.575,0.395
59000,0.030,0.633,0.337
59500,0.030,0.438,0.532
60000,0.030,0.641,0.329
60500,0.030,0.670,0.300
61000,0.030,0.481,0.489
61500,0.030,0.641,0.329
62000,0.030,0.612,0.358
62500,0.030,0.522,0.448
63000,0.030,0.590,0.380
63500,0.030,0.742,0.228
64000,0.030,0.565,0.405
64500,0.030,0.555,0.415
65000,0.030,0.626,0.344
65500,0.030,0.657,0.313
66000,0.030,0.518,0.452
66500,0.030,0.428,0.542
67000,0.030,0.696,0.274
67500,0.030,0.671,0.299
68000,0.030,0.407,0.563
68500,0.030,0.545,0.425
69000,0.030,0.619,0.351
69500,0.030,0.747,0.223
70000,0.030,0.549,0.421
70500,0.030,0.619,0.351
71000,0.030,0.614,0.356
71500,0.030,0.649,0.321
72000,0.030,0.570,0.400
72500,0.030,0.589,0.381
73000,0.030,0.791,0.179
73500,0.030,0.617,0.353
74000,0.030,0.664,0.306
74500,0.030,0.628,0.342
75000,0.030,0.590,0.380
75500,0.030,0.516,0.454
76000,0.030,0.496,0.474
76500,0.030,0.647,0.323
77000,0.030,0.835,0.135
77500,0.030,0.637,0.333
78000,0.030,0.499,0.471
78500,0.030,0.560,0.410
79000,0.030,0.660,0.310
79500,0.030,0.789,0.181
80000,0.030,0.700,0.270
80500,0.030,0.371,0.599
81000,0.030,0.703,0.267
81500,0.030,0.534,0.436
82000,0.030,0.663,0.307
82500,0.030,0.706,0.264
83000,0.030,0.721,0.249
83500,0.030,0.540,0.430
84000,0.030,0.690,0.280
84500,0.030,0.666,0.304
85000,0.030,0.686,0.284
85500,0.030,0.632,0.338
86000,0.030,0.541,0.429
86500,0.030,0.436,0.534
87000,0.030,0.519,0.451
87500,0.030,0.705,0.265
88000,0.030,0.714,0.256
88500,0.030,0.764,0.206
89000,0.030,0.646,0.324
89500,0.030,0.542,0.428
90000,0.030,0.626,0.344
90500,0.030,0.620,0.350
91000,0.030,0.443,0.527
91500,0.030,0.347,0.623
92000,0.030,0.604,0.366
92500,0.030,0.598,0.372
93000,0.030,0.818,0.152
93500,0.030,0.471,0.499
94000,0.030,0.458,0.512
94500,0.030,0.654,0.316
95000,0.030,0.623,0.347
95500,0.030,0.445,0.525
96000,0.030,0.515,0.455
96500,0.030,0.627,0.343
97000,0.030,0.635,0.335
97500,0.030,0.641,0.329
98000,0.030,0.499,0.471
98500,0.030,0.608,0.362
99000,0.030,0.370,0.600
99500,0.030,0.584,0.386
100000,0.030,0.751,0.219
100500,0.030,0.530,0.440
101000,0.030,0.624,0.346
101500,0.030,0.498,0.472
102000,0.030,0.587,0.383
102500,0.030,0.748,0.222
103000,0.030,0.603,0.367
103500,0.030,0.706,0.264
104000,0.030,0.555,0.415
104500,0.030,0.398,0.572
105000,0.030,0.629,0.341
105500,0.030,0.367,0.603
106000,0.030,0.737,0.233
106500,0.030,0.642,0.328
107000,0.030,0.659,0.311
107500,0.030,0.536,0.434
108000,0.030,0.674,0.296
108500,0.030,0.593,0.377
109000,0.030,0.682,0.288
109500,0.030,0.537,0.433
110000,0.030,0.513,0.457
110500,0.030,0.693,0.277
111000,0.030,0.620,0.350
111500,0.030,0.641,0.329
112000,0.030,0.696,0.274
112500,0.030,0.814,0.156
113000,0.030,0.679,0.291
113500,0.030,0.760,0.210
114000,0.030,0.744,0.226
114500,0.030,0.473,0.497
115000,0.030,0.746,0.224
115500,0.030,0.591,0.379
116000,0.030,0.419,0.551
116500,0.030,0.523,0.447
117000,0.030,0.521,0.449
117500,0.030,0.617,0.353
118000,0.030,0.507,0.463
118500,0.030,0.577,0.393
119000,0.030,0.564,0.406
119500,0.030,0.586,0.384
120000,0.030,0.551,0.419
120500,0.030,0.827,0.143
121000,0.030,0.532,0.438
121500,0.030,0.696,0.274
122000,0.030,0.519,0.451
122500,0.030,0.735,0.235
123000,0.030,0.595,0.375
123500,0.030,0.533,0.437
124000,0.030,0.707,0.263
124500,0.030,0.512,0.458
125000,0.030,0.595,0.375
125500,0.030,0.569,0.401
126000,0.030,0.569,0.401
126500,0.030,0.686,0.284
127000,0.030,0.763,0.207
127500,0.030,0.536,0.434
128000,0.030,0.601,0.369
128500,0.030,0.470,0.500
129000,0.030,0.567,0.403
129500,0.030,0.705,0.265
130000,0.030,0.572,0.398
130500,0.030,0.414,0.556
131000,0.030,0.608,0.362
131500,0.030,0.480,0.490
132000,0.030,0.522,0.448
132500,0.030,0.630,0.340
133000,0.030,0.565,0.405
133500,0.030,0.564,0.406
134000,0.030,0.828,0.142
134500,0.030,0.614,0.356
135000,0.030,0.534,0.436
135500,0.030,0.572,0.398
136000,0.030,0.684,0.286
136500,0.030,0.500,0.470
137000,0.030,0.481,0.489
137500,0.030,0.587,0.383
138000,0.030,0.474,0.496
138500,0.030,0.644,0.326
139000,0.030,0.682,0.288
139500,0.030,0.568,0.402
140000,0.030,0.358,0.612
140500,0.030,0.483,0.487
141000,0.030,0.576,0.394
141500,0.030,0.791,0.179
142000,0.030,0.588,0.382
142500,0.030,0.615,0.355
143000,0.030,0.743,0.227
143500,0.030,0.619,0.351
144000,0.030,0.537,0.433
144500,0.030,0.732,0.238
145000,0.030,0.708,0.262
145500,0.030,0.489,0.481
146000,0.030,0.324,0.646
146500,0.030,0.620,0.350
147000,0.030,0.707,0.263
147500,0.030,0.630,0.340
148000,0.030,0.465,0.505
148500,0.030,0.701,0.269
149000,0.030,0.617,0.353
149500,0.030,0.467,0.503
150000,0.030,0.681,0.289
150500,0.030,0.543,0.427
151000,0.030,0.793,0.177
151500,0.030,0.613,0.357
152000,0.030,0.292,0.678
152500,0.030,0.580,0.390
153000,0.030,0.649,0.321
153500,0.030,0.642,0.328
154000,0.030,0.679,0.291
154500,0.030,0.728,0.242
155000,0.030,0.645,0.325
155500,0.030,0.687,0.283
156000,0.030,0.585,0.385
156500,0.030,0.298,0.672
157000,0.030,0.743,0.227
157500,0.030,0.717,0.253
158000,0.030,0.492,0.478
158500,0.030,0.595,0.375
159000,0.030,0.534,0.436
159500,0.030,0.610,0.360
160000,0.030,0.567,0.403
160500,0.030,0.495,0.475
161000,0.030,0.654,0.316
161500,0.030,0.652,0.318
162000,0.030,0.764,0.206
162500,0.030,0.535,0.435
163000,0.030,0.554,0.416
163500,0.030,0.452,0.518
164000,0.030,0.634,0.336
164500,0.030,0.562,0.408
165000,0.030,0.691,0.279
165500,0.030,0.880,0.090
166000,0.030,0.738,0.232
166500,0.030,0.758,0.212
167000,0.030,0.678,0.292
167500,0.030,0.643,0.327
168000,0.030,0.540,0.430
168500,0.030,0.692,0.278
169000,0.030,0.637,0.333
169500,0.030,0.623,0.347
170000,0.030,0.681,0.289
170500,0.030,0.698,0.272
171000,0.030,0.836,0.134
171500,0.030,0.447,0.523
172000,0.030,0.538,0.432
172500,0.030,0.629,0.341
173000,0.030,0.459,0.511
173500,0.030,0.587,0.383
174000,0.030,0.742,0.228
174500,0.030,0.690,0.280
175000,0.030,0.538,0.432
175500,0.030,0.478,0.492
176000,0.030,0.525,0.445
176500,0.030,0.576,0.394
177000,0.030,0.571,0.399
177500,0.030,0.704,0.266
178000,0.030,0.715,0.255
178500,0.030,0.694,0.276
179000,0.030,0.589,0.381
179500,0.030,0.402,0.568
180000,0.030,0.593,0.377
180500,0.030,0.640,0.330
181000,0.030,0.504,0.466
181500,0.030,0.626,0.344
182000,0.030,0.591,0.379
182500,0.030,0.578,0.392
183000,0.030,0.332,0.638
183500,0.030,0.661,0.309
184000,0.030,0.457,0.513
184500,0.030,0.597,0.373
185000,0.030,0.472,0.498
185500,0.030,0.407,0.563
186000,0.030,0.544,0.426
186500,0.030,0.505,0.465
187000,0.030,0.546,0.424
187500,0.030,0.413,0.557
188000,0.030,0.755,0.215
188500,0.030,0.498,0.472
189000,0.030,0.626,0.344
189500,0.030,0.652,0.318
190000,0.030,0.796,0.174
190500,0.030,0.731,0.239
191000,0.030,0.614,0.356
191500,0.030,0.798,0.172
192000,0.030,0.583,0.387
192500,0.030,0.677,0.293
193000,0.030,0.757,0.213
193500,0.030,0.528,0.442
194000,0.030,0.607,0.363
194500,0.030,0.514,0.456
195000,0.030,0.697,0.273
195500,0.030,0.462,0.508
196000,0.030,0.532,0.438
196500,0.030,0.666,0.304
197000,0.030,0.704,0.266
197500,0.030,0.723,0.247
198000,0.030,0.608,0.362
198500,0.030,0.457,0.513
199000,0.030,0.623,0.347
199500,0.030,0.550,0.420
200000,0.030,0.612,0.358
200500,0.030,0.458,0.512
201000,0.030,0.582,0.388
201500,0.030,0.687,0.283
202000,0.030,0.560,0.410
202500,0.030,0.784,0.186
203000,0.030,0.690,0.280
203500,0.030,0.580,0.390
204000,0.030,0.709,0.261
204500,0.030,0.597,0.373
205000,0.030,0.680,0.290
205500,0.030,0.620,0.350
206000,0.030,0.485,0.485
206500,0.030,0.436,0.534
207000,0.030,0.532,0.438
207500,0.030,0.540,0.430
208000,0.030,0.687,0.283
208500,0.030,0.776,0.194
209000,0.030,0.576,0.394
209500,0.030,0.546,0.424
210000,0.030,0.671,0.299
210500,0.030,0.513,0.457
211000,0.030,0.548,0.422
211500,0.030,0.752,0.218
212000,0.030,0.736,0.234
212500,0.030,0.551,0.419
213000,0.030,0.621,0.349
213500,0.030,0.525,0.445
214000,0.030,0.629,0.341
214500,0.030,0.617,0.353
215000,0.030,0.521,0.449
215500,0.030,0.700,0.270
216000,0.030,0.499,0.471
216500,0.030,0.582,0.388
217000,0.030,0.590,0.380
217500,0.030,0.621,0.349
218000,0.030,0.666,0.304
218500,0.030,0.621,0.349
219000,0.030,0.598,0.372
219500,0.030,0.333,0.637
220000,0.030,0.506,0.464
220500,0.030,0.709,0.261
221000,0.030,0.652,0.318
221500,0.030,0.669,0.301
222000,0.030,0.504,0.466
222500,0.030,0.555,0.415
223000,0.030,0.511,0.459
223500,0.030,0.533,0.437
224000,0.030,0.472,0.498
224500,0.030,0.751,0.219
225000,0.030,0.578,0.392
225500,0.030,0.653,0.317
226000,0.030,0.611,0.359
226500,0.030,0.727,0.243
227000,0.030,0.520,0.450
227500,0.030,0.666,0.304
228000,0.030,0.614,0.356
228500,0.030,0.499,0.471
229000,0.030,0.645,0.325
229500,0.030,0.606,0.364
230000,0.030,0.575,0.395
230500,0.030,0.646,0.324
231000,0.030,0.668,0.302
231500,0.030,0.546,0.424
232000,0.030,0.426,0.544
232500,0.030,0.471,0.499
233000,0.030,0.561,0.409
233500,0.030,0.476,0.494
234000,0.030,0.477,0.493
234500,0.030,0.624,0.346
235000,0.030,0.602,0.368
235500,0.030,0.423,0.547
236000,0.030,0.484,0.486
236500,0.030,0.526,0.444
237000,0.030,0.589,0.381
237500,0.030,0.775,0.195
238000,0.030,0.542,0.428
238500,0.030,0.533,0.437
239000,0.030,0.612,0.358
239500,0.030,0.441,0.529
240000,0.030,0.679,0.291
240500,0.030,0.529,0.441
241000,0.030,0.570,0.400
241500,0.030,0.572,0.398
242000,0.030,0.707,0.263
242500,0.030,0.630,0.340
243000,0.030,0.479,0.491
243500,0.030,0.576,0.394
244000,0.030,0.601,0.369
244500,0.030,0.641,0.329
245000,0.030,0.659,0.311
245500,0.030,0.522,0.448
246000,0.030,0.524,0.446
246500,0.030,0.383,0.587
247000,0.030,0.503,0.467
247500,0.030,0.667,0.303
248000,0.030,0.665,0.305
248500,0.030,0.667,0.303
249000,0.030,0.632,0.338
249500,0.030,0.695,0.275
250000,0.030,0.513,0.457
250500,0.030,0.515,0.455
251000,0.030,0.622,0.348
251500,0.030,0.601,0.369
252000,0.030,0.532,0.438
252500,0.030,0.614,0.356
253000,0.030,0.543,0.427
253500,0.030,0.455,0.515
254000,0.030,0.491,0.479
254500,0.030,0.561,0.409
255000,0.030,0.501,0.469
255500,0.030,0.648,0.322
256000,0.030,0.466,0.504
256500,0.030,0.639,0.331
257000,0.030,0.574,0.396
257500,0.030,0.888,0.082
258000,0.030,0.371,0.599
258500,0.030,0.619,0.351
259000,0.030,0.647,0.323
259500,0.030,0.537,0.433
260000,0.030,0.562,0.408
260500,0.030,0.594,0.376
261000,0.030,0.710,0.260
261500,0.030,0.629,0.341
262000,0.030,0.570,0.400
262500,0.030,0.616,0.354
263000,0.030,0.635,0.335
263500,0.030,0.702,0.268
264000,0.030,0.611,0.359
264500,0.030,0.740,0.230
265000,0.030,0.714,0.256
265500,0.030,0.656,0.314
266000,0.030,0.419,0.551
266500,0.030,0.523,0.447
267000,0.030,0.501,0.469
267500,0.030,0.840,0.130
268000,0.030,0.607,0.363
268500,0.030,0.549,0.421
269000,0.030,0.692,0.278
269500,0.030,0.378,0.592
270000,0.030,0.746,0.224
270500,0.030,0.621,0.349
271000,0.030,0.623,0.347
271500,0.030,0.397,0.573
272000,0.030,0.730,0.240
272500,0.030,0.719,0.251
273000,0.030,0.611,0.359
273500,0.030,0.532,0.438
274000,0.030,0.622,0.348
274500,0.030,0.578,0.392
275000,0.030,0.593,0.377
275500,0.030,0.604,0.366
276000,0.030,0.599,0.371
276500,0.030,0.803,0.167
277000,0.030,0.620,0.350
277500,0.030,0.776,0.194
278000,0.030,0.540,0.430
278500,0.030,0.767,0.203
279000,0.030,0.480,0.490
279500,0.030,0.668,0.302
280000,0.030,0.665,0.305
280500,0.030,0.714,0.256
281000,0.030,0.707,0.263
281500,0.030,0.439,0.531
282000,0.030,0.462,0.508
282500,0.030,0.407,0.563
283000,0.030,0.635,0.335
283500,0.030,0.575,0.395
284000,0.030,0.574,0.396
284500,0.030,0.496,0.474
285000,0.030,0.449,0.521
285500,0.030,0.536,0.434
286000,0.030,0.620,0.350
286500,0.030,0.479,0.491
287000,0.030,0.718,0.252
287500,0.030,0.563,0.407
288000,0.030,0.630,0.340
288500,0.030,0.409,0.561
289000,0.030,0.665,0.305
289500,0.030,0.439,0.531
290000,0.030,0.562,0.408
290500,0.030,0.391,0.579
291000,0.030,0.525,0.445
291500,0.030,0.535,0.435
292000,0.030,0.739,0.231
292500,0.030,0.581,0.389
293000,0.030,0.802,0.168
293500,0.030,0.606,0.364
294000,0.030,0.639,0.331
294500,0.030,0.600,0.370
295000,0.030,0.608,0.362
295500,0.030,0.565,0.405
296000,0.030,0.531,0.439
296500,0.030,0.660,0.310
297000,0.030,0.578,0.392
297500,0.030,0.589,0.381
298000,0.030,0.656,0.314
298500,0.030,0.610,0.360
299000,0.030,0.769,0.201
299500,0.030,0.673,0.297
300000,0.030,0.515,0.455
300500,0.030,0.592,0.378
301000,0.030,0.695,0.275
301500,0.030,0.608,0.362
302000,0.030,0.444,0.526
302500,0.030,0.595,0.375
303000,0.030,0.536,0.434
303500,0.030,0.586,0.384
304000,0.030,0.642,0.328
304500,0.030,0.510,0.460
305000,0.030,0.661,0.309
305500,0.030,0.631,0.339
306000,0.030,0.689,0.281
306500,0.030,0.648,0.322
307000,0.030,0.588,0.382
307500,0.030,0.533,0.437
308000,0.030,0.531,0.439
308500,0.030,0.410,0.560
309000,0.030,0.703,0.267
309500,0.030,0.629,0.341
310000,0.030,0.476,0.494
310500,0.030,0.504,0.466
311000,0.030,0.601,0.369
311500,0.030,0.590,0.380
312000,0.030,0.630,0.340
312500,0.030,0.802,0.168
313000,0.030,0.726,0.244
313500,0.030,0.453,0.517
314000,0.030,0.483,0.487
314500,0.030,0.478,0.492
315000,0.030,0.537,0.433
315500,0.030,0.713,0.257
316000,0.030,0.437,0.533
316500,0.030,0.551,0.419
317000,0.030,0.653,0.317
317500,0.030,0.612,0.358
318000,0.030,0.646,0.324
318500,0.030,0.496,0.474
319000,0.030,0.521,0.449
319500,0.030,0.593,0.377
320000,0.030,0.575,0.395
320500,0.030,0.468,0.502
321000,0.030,0.643,0.327
321500,0.030,0.748,0.222
322000,0.030,0.673,0.297
322500,0.030,0.631,0.339
323000,0.030,0.536,0.434
323500,0.030,0.688,0.282
324000,0.030,0.436,0.534
324500,0.030,0.564,0.406
325000,0.030,0.774,0.196
325500,0.030,0.792,0.178
326000,0.030,0.742,0.228
326500,0.030,0.468,0.502
327000,0.030,0.861,0.109
327500,0.030,0.652,0.318
328000,0.030,0.518,0.452
328500,0.030,0.699,0.271
329000,0.030,0.607,0.363
329500,0.030,0.465,0.505
330000,0.030,0.327,0.643
330500,0.030,0.377,0.593
331000,0.030,0.516,0.454
331500,0.030,0.638,0.332
332000,0.030,0.502,0.468
332500,0.030,0.690,0.280
333000,0.030,0.441,0.529
333500,0.030,0.567,0.403
334000,0.030,0.541,0.429
334500,0.030,0.573,0.397
335000,0.030,0.693,0.277
335500,0.030,0.541,0.429
336000,0.030,0.554,0.416
336500,0.030,0.736,0.234
337000,0.030,0.578,0.392
337500,0.030,0.627,0.343
338000,0.030,0.620,0.350
338500,0.030,0.517,0.453
339000,0.030,0.711,0.259
339500,0.030,0.697,0.273
340000,0.030,0.797,0.173
340500,0.030,0.473,0.497
341000,0.030,0.595,0.375
341500,0.030,0.709,0.261
342000,0.030,0.529,0.441
342500,0.030,0.605,0.365
343000,0.030,0.434,0.536
343500,0.030,0.373,0.597
344000,0.030,0.685,0.285
344500,0.030,0.555,0.415
345000,0.030,0.773,0.197
345500,0.030,0.513,0.457
346000,0.030,0.541,0.429
346500,0.030,0.544,0.426
347000,0.030,0.462,0.508
347500,0.030,0.637,0.333
348000,0.030,0.536,0.434
348500,0.030,0.641,0.329
349000,0.030,0.621,0.349
349500,0.030,0.721,0.249
350000,0.030,0.646,0.324
350500,0.030,0.636,0.334
351000,0.030,0.461,0.509
351500,0.030,0.561,0.409
352000,0.030,0.802,0.168
352500,0.030,0.504,0.466
353000,0.030,0.419,0.551
353500,0.030,0.695,0.275
354000,0.030,0.656,0.314
354500,0.030,0.617,0.353
355000,0.030,0.506,0.464
355500,0.030,0.667,0.303
356000,0.030,0.501,0.469
356500,0.030,0.430,0.540
357000,0.030,0.492,0.478
357500,0.030,0.676,0.294
358000,0.030,0.586,0.384
358500,0.030,0.566,0.404
359000,0.030,0.603,0.367
359500,0.030,0.484,0.486
360000,0.030,0.594,0.376
360500,0.030,0.678,0.292
361000,0.030,0.476,0.494
361500,0.030,0.553,0.417
362000,0.030,0.603,0.367
362500,0.030,0.578,0.392
363000,0.030,0.689,0.281
363500,0.030,0.589,0.381
364000,0.030,0.739,0.231
364500,0.030,0.692,0.278
365000,0.030,0.439,0.531
365500,0.030,0.814,0.156
366000,0.030,0.670,0.300
366500,0.030,0.723,0.247
367000,0.030,0.651,0.319
367500,0.030,0.722,0.248
368000,0.030,0.630,0.340
368500,0.030,0.593,0.377
369000,0.030,0.567,0.403
369500,0.030,0.600,0.370
370000,0.030,0.622,0.348
370500,0.030,0.549,0.421
371000,0.030,0.507,0.463
371500,0.030,0.579,0.391
372000,0.030,0.714,0.256
372500,0.030,0.706,0.264
373000,0.030,0.758,0.212
373500,0.030,0.771,0.199
374000,0.030,0.620,0.350
374500,0.030,0.529,0.441
375000,0.030,0.462,0.508
375500,0.030,0.580,0.390
376000,0.030,0.685,0.285
376500,0.030,0.585,0.385
377000,0.030,0.647,0.323
377500,0.030,0.671,0.299
378000,0.030,0.558,0.412
378500,0.030,0.509,0.461
379000,0.030,0.565,0.405
379500,0.030,0.769,0.201
380000,0.030,0.672,0.298
380500,0.030,0.478,0.492
381000,0.030,0.473,0.497
381500,0.030,0.545,0.425
382000,0.030,0.654,0.316
382500,0.030,0.736,0.234
383000,0.030,0.616,0.354
383500,0.030,0.567,0.403
384000,0.030,0.670,0.300
384500,0.030,0.411,0.559
385000,0.030,0.465,0.505
385500,0.030,0.523,0.447
386000,0.030,0.453,0.517
386500,0.030,0.668,0.302
387000,0.030,0.747,0.223
387500,0.030,0.673,0.297
388000,0.030,0.456,0.514
388500,0.030,0.440,0.530
389000,0.030,0.574,0.396
389500,0.030,0.474,0.496
390000,0.030,0.656,0.314
390500,0.030,0.509,0.461
391000,0.030,0.402,0.568
391500,0.030,0.633,0.337
392000,0.030,0.720,0.250
392500,0.030,0.683,0.287
393000,0.030,0.578,0.392
393500,0.030,0.698,0.272
394000,0.030,0.542,0.428
394500,0.030,0.612,0.358
395000,0.030,0.628,0.342
395500,0.030,0.530,0.440
396000,0.030,0.553,0.417
396500,0.030,0.640,0.330
397000,0.030,0.506,0.464
397500,0.030,0.464,0.506
398000,0.030,0.556,0.414
398500,0.030,0.449,0.521
399000,0.030,0.669,0.301
399500,0.030,0.530,0.440
400000,0.030,0.710,0.260
400500,0.030,0.648,0.322
401000,0.030,0.559,0.411
401500,0.030,0.660,0.310
402000,0.030,0.579,0.391
402500,0.030,0.726,0.244
403000,0.030,0.614,0.356
403500,0.030,0.710,0.260
404000,0.030,0.582,0.388
404500,0.030,0.644,0.326
405000,0.030,0.712,0.258
405500,0.030,0.631,0.339
406000,0.030,0.716,0.254
406500,0.030,0.633,0.337
407000,0.030,0.672,0.298
407500,0.030,0.715,0.255
408000,0.030,0.571,0.399
408500,0.030,0.756,0.214
409000,0.030,0.587,0.383
409500,0.030,0.673,0.297
410000,0.030,0.627,0.343
410500,0.030,0.384,0.586
411000,0.030,0.441,0.529
411500,0.030,0.474,0.496
412000,0.030,0.683,0.287
412500,0.030,0.499,0.471
413000,0.030,0.632,0.338
413500,0.030,0.504,0.466
414000,0.030,0.620,0.350
414500,0.030,0.642,0.328
415000,0.030,0.642,0.328
415500,0.030,0.812,0.158
416000,0.030,0.621,0.349
416500,0.030,0.577,0.393
417000,0.030,0.570,0.400
417500,0.030,0.414,0.556
418000,0.030,0.628,0.342
418500,0.030,0.604,0.366
419000,0.030,0.589,0.381
419500,0.030,0.591,0.379
420000,0.030,0.481,0.489
420500,0.030,0.607,0.363
421000,0.030,0.745,0.225
421500,0.030,0.592,0.378
422000,0.030,0.563,0.407
422500,0.030,0.663,0.307
423000,0.030,0.616,0.354
423500,0.030,0.429,0.541
424000,0.030,0.674,0.296
424500,0.030,0.538,0.432
425000,0.030,0.571,0.399
425500,0.030,0.461,0.509
426000,0.030,0.539,0.431
426500,0.030,0.389,0.581
427000,0.030,0.681,0.289
427500,0.030,0.491,0.479
428000,0.030,0.643,0.327
428500,0.030,0.577,0.393
429000,0.030,0.564,0.406
429500,0.030,0.545,0.425
430000,0.030,0.555,0.415
430500,0.030,0.474,0.496
431000,0.030,0.702,0.268
431500,0.030,0.576,0.394
432000,0.030,0.339,0.631
432500,0.030,0.777,0.193
433000,0.030,0.448,0.522
433500,0.030,0.642,0.328
434000,0.030,0.801,0.169
434500,0.030,0.707,0.263
435000,0.030,0.801,0.169
435500,0.030,0.612,0.358
436000,0.030,0.550,0.420
436500,0.030,0.584,0.386
437000,0.030,0.658,0.312
437500,0.030,0.655,0.315
438000,0.030,0.715,0.255
438500,0.030,0.636,0.334
439000,0.030,0.507,0.463
439500,0.030,0.470,0.500
440000,0.030,0.695,0.275
440500,0.030,0.541,0.429
441000,0.030,0.623,0.347
441500,0.030,0.726,0.244
442000,0.030,0.646,0.324
442500,0.030,0.389,0.581
443000,0.030,0.682,0.288
443500,0.030,0.481,0.489
444000,0.030,0.699,0.271
444500,0.030,0.644,0.326
445000,0.030,0.576,0.394
445500,0.030,0.522,0.448
446000,0.030,0.715,0.255
446500,0.030,0.652,0.318
447000,0.030,0.547,0.423
447500,0.030,0.787,0.183
448000,0.030,0.697,0.273
448500,0.030,0.556,0.414
449000,0.030,0.651,0.319
449500,0.030,0.620,0.350
450000,0.030,0.680,0.290
450500,0.030,0.348,0.622
451000,0.030,0.472,0.498
451500,0.030,0.628,0.342
452000,0.030,0.569,0.401
452500,0.030,0.789,0.181
453000,0.030,0.551,0.419
453500,0.030,0.697,0.273
454000,0.030,0.445,0.525
454500,0.030,0.466,0.504
455000,0.030,0.618,0.352
455500,0.030,0.561,0.409
456000,0.030,0.768,0.202
456500,0.030,0.596,0.374
457000,0.030,0.586,0.384
457500,0.030,0.461,0.509
458000,0.030,0.660,0.310
458500,0.030,0.433,0.537
459000,0.030,0.445,0.525
459500,0.030,0.642,0.328
460000,0.030,0.559,0.411
460500,0.030,0.563,0.407
461000,0.030,0.639,0.331
461500,0.030,0.622,0.348
462000,0.030,0.544,0.426
462500,0.030,0.457,0.513
463000,0.030,0.483,0.487
463500,0.030,0.371,0.599
464000,0.030,0.685,0.285
464500,0.030,0.641,0.329
465000,0.030,0.537,0.433
465500,0.030,0.545,0.425
466000,0.030,0.736,0.234
466500,0.030,0.588,0.382
467000,0.030,0.745,0.225
467500,0.030,0.592,0.378
468000,0.030,0.639,0.331
468500,0.030,0.568,0.402
469000,0.030,0.576,0.394
469500,0.030,0.546,0.424
470000,0.030,0.477,0.493
470500,0.030,0.570,0.400
471000,0.030,0.541,0.429
471500,0.030,0.492,0.478
472000,0.030,0.408,0.562
472500,0.030,0.792,0.178
473000,0.030,0.846,0.124
473500,0.030,0.722,0.248
474000,0.030,0.646,0.324
474500,0.030,0.810,0.160
475000,0.030,0.564,0.406
475500,0.030,0.576,0.394
476000,0.030,0.543,0.427
476500,0.030,0.533,0.437
477000,0.030,0.613,0.357
477500,0.030,0.417,0.553
478000,0.030,0.421,0.549
478500,0.030,0.646,0.324
479000,0.030,0.346,0.624
479500,0.030,0.795,0.175
480000,0.030,0.747,0.223
480500,0.030,0.469,0.501
481000,0.030,0.528,0.442
481500,0.030,0.506,0.464
482000,0.030,0.478,0.492
482500,0.030,0.551,0.419
483000,0.030,0.636,0.334
483500,0.030,0.368,0.602
484000,0.030,0.570,0.400
484500,0.030,0.543,0.427
485000,0.030,0.624,0.346
485500,0.030,0.415,0.555
486000,0.030,0.440,0.530
486500,0.030,0.594,0.376
487000,0.030,0.699,0.271
487500,0.030,0.505,0.465
488000,0.030,0.622,0.348
488500,0.030,0.658,0.312
489000,0.030,0.590,0.380
489500,0.030,0.527,0.443
490000,0.030,0.688,0.282
490500,0.030,0.457,0.513
491000,0.030,0.834,0.136
491500,0.030,0.465,0.505
492000,0.030,0.474,0.496
492500,0.030,0.650,0.320
493000,0.030,0.531,0.439
493500,0.030,0.503,0.467
494000,0.030,0.711,0.259
494500,0.030,0.554,0.416
495000,0.030,0.544,0.426
495500,0.030,0.625,0.345
496000,0.030,0.761,0.209
496500,0.030,0.522,0.448
497000,0.030,0.529,0.441
497500,0.030,0.526,0.444
498000,0.030,0.594,0.376
498500,0.030,0.662,0.308
499000,0.030,0.650,0.320
499500,0.030,0.482,0.488
500000,0.030,0.456,0.514
500500,0.030,0.487,0.483
501000,0.030,0.577,0.393
501500,0.030,0.619,0.351
502000,0.030,0.518,0.452
502500,0.030,0.841,0.129
503000,0.030,0.728,0.242
503500,0.030,0.656,0.314
504000,0.030,0.598,0.372
504500,0.030,0.604,0.366
505000,0.030,0.543,0.427
505500,0.030,0.672,0.298
506000,0.030,0.654,0.316
506500,0.030,0.726,0.244
507000,0.030,0.706,0.264
507500,0.030,0.605,0.365
508000,0.030,0.604,0.366
508500,0.030,0.501,0.469
509000,0.030,0.505,0.465
509500,0.030,0.593,0.377
510000,0.030,0.467,0.503
510500,0.030,0.688,0.282
511000,0.030,0.682,0.288
511500,0.030,0.695,0.275
512000,0.030,0.431,0.539
512500,0.030,0.815,0.155
513000,0.030,0.561,0.409
513500,0.030,0.792,0.178
514000,0.030,0.685,0.285
514500,0.030,0.544,0.426
515000,0.030,0.603,0.367
515500,0.030,0.588,0.382
516000,0.030,0.590,0.380
516500,0.030,0.627,0.343
517000,0.030,0.568,0.402
517500,0.030,0.639,0.331
518000,0.030,0.586,0.384
518500,0.030,0.613,0.357
519000,0.030,0.521,0.449
519500,0.030,0.392,0.578
520000,0.030,0.751,0.219
520500,0.030,0.654,0.316
521000,0.030,0.602,0.368
521500,0.030,0.631,0.339
522000,0.030,0.550,0.420
522500,0.030,0.647,0.323
523000,0.030,0.326,0.644
523500,0.030,0.531,0.439
524000,0.030,0.655,0.315
524500,0.030,0.716,0.254
525000,0.030,0.425,0.545
525500,0.030,0.840,0.130
526000,0.030,0.671,0.299
526500,0.030,0.687,0.283
527000,0.030,0.485,0.485
527500,0.030,0.386,0.584
528000,0.030,0.492,0.478
528500,0.030,0.540,0.430
529000,0.030,0.517,0.453
529500,0.030,0.668,0.302
530000,0.030,0.847,0.123
530500,0.030,0.754,0.216
531000,0.030,0.565,0.405
531500,0.030,0.517,0.453
532000,0.030,0.493,0.477
532500,0.030,0.675,0.295
533000,0.030,0.632,0.338
533500,0.030,0.651,0.319
534000,0.030,0.675,0.295
534500,0.030,0.592,0.378
535000,0.030,0.430,0.540
535500,0.030,0.663,0.307
536000,0.030,0.580,0.390
536500,0.030,0.478,0.492
537000,0.030,0.335,0.635
537500,0.030,0.770,0.200
538000,0.030,0.637,0.333
538500,0.030,0.569,0.401
539000,0.030,0.523,0.447
539500,0.030,0.610,0.360
540000,0.030,0.463,0.507
540500,0.030,0.525,0.445
541000,0.030,0.603,0.367
541500,0.030,0.621,0.349
542000,0.030,0.702,0.268
542500,0.030,0.679,0.291
543000,0.030,0.787,0.183
543500,0.030,0.678,0.292
544000,0.030,0.643,0.327
544500,0.030,0.532,0.438
545000,0.030,0.609,0.361
545500,0.030,0.537,0.433
546000,0.030,0.704,0.266
546500,0.030,0.652,0.318
547000,0.030,0.582,0.388
547500,0.030,0.481,0.489
548000,0.030,0.522,0.448
548500,0.030,0.624,0.346
549000,0.030,0.753,0.217
549500,0.030,0.733,0.237
550000,0.030,0.661,0.309
550500,0.030,0.422,0.548
551000,0.030,0.715,0.255
551500,0.030,0.566,0.404
552000,0.030,0.416,0.554
552500,0.030,0.618,0.352
553000,0.030,0.522,0.448
553500,0.030,0.495,0.475
554000,0.030,0.567,0.403
554500,0.030,0.443,0.527
555000,0.030,0.559,0.411
555500,0.030,0.524,0.446
556000,0.030,0.631,0.339
556500,0.030,0.636,0.334
557000,0.030,0.486,0.484
557500,0.030,0.498,0.472
558000,0.030,0.569,0.401
558500,0.030,0.621,0.349
559000,0.030,0.680,0.290
559500,0.030,0.526,0.444
560000,0.030,0.480,0.490
560500,0.030,0.432,0.538
561000,0.030,0.636,0.334
561500,0.030,0.528,0.442
562000,0.030,0.797,0.173
562500,0.030,0.532,0.438
563000,0.030,0.667,0.303
563500,0.030,0.584,0.386
564000,0.030,0.775,0.195
564500,0.030,0.459,0.511
565000,0.030,0.629,0.341
565500,0.030,0.642,0.328
566000,0.030,0.551,0.419
566500,0.030,0.692,0.278
567000,0.030,0.665,0.305
567500,0.030,0.730,0.240
568000,0.030,0.453,0.517
568500,0.030,0.581,0.389
569000,0.030,0.622,0.348
569500,0.030,0.602,0.368
570000,0.030,0.515,0.455
570500,0.030,0.466,0.504
571000,0.030,0.641,0.329
571500,0.030,0.587,0.383
572000,0.030,0.615,0.355
572500,0.030,0.575,0.395
573000,0.030,0.575,0.395
573500,0.030,0.659,0.311
574000,0.030,0.726,0.244
574500,0.030,0.558,0.412
575000,0.030,0.452,0.518
575500,0.030,0.528,0.442
576000,0.030,0.538,0.432
576500,0.030,0.654,0.316
577000,0.030,0.751,0.219
577500,0.030,0.591,0.379
578000,0.030,0.647,0.323
578500,0.030,0.510,0.460
579000,0.030,0.540,0.430
579500,0.030,0.671,0.299
580000,0.030,0.530,0.440
580500,0.030,0.610,0.360
581000,0.030,0.687,0.283
581500,0.030,0.757,0.213
582000,0.030,0.778,0.192
582500,0.030,0.468,0.502
583000,0.030,0.653,0.317
583500,0.030,0.615,0.355
584000,0.030,0.524,0.446
584500,0.030,0.593,0.377
585000,0.030,0.674,0.296
585500,0.030,0.637,0.333
586000,0.030,0.576,0.394
586500,0.030,0.520,0.450
587000,0.030,0.617,0.353
587500,0.030,0.473,0.497
588000,0.030,0.551,0.419
588500,0.030,0.517,0.453
589000,0.030,0.451,0.519
589500,0.030,0.660,0.310
590000,0.030,0.558,0.412
590500,0.030,0.543,0.427
591000,0.030,0.508,0.462
591500,0.030,0.781,0.189
592000,0.030,0.545,0.425
592500,0.030,0.519,0.451
593000,0.030,0.507,0.463
593500,0.030,0.556,0.414
594000,0.030,0.537,0.433
594500,0.030,0.633,0.337
595000,0.030,0.569,0.401
595500,0.030,0.608,0.362
596000,0.030,0.604,0.366
596500,0.030,0.703,0.267
597000,0.030,0.740,0.230
597500,0.030,0.488,0.482
598000,0.030,0.547,0.423
598500,0.030,0.596,0.374
599000,0.030,0.477,0.493
599500,0.030,0.431,0.539
600000,0.030,0.710,0.260
600500,0.030,0.440,0.530
601000,0.030,0.527,0.443
601500,0.030,0.639,0.331
602000,0.030,0.716,0.254
602500,0.030,0.635,0.335
603000,0.030,0.827,0.143
603500,0.030,0.696,0.274
604000,0.030,0.439,0.531
604500,0.030,0.692,0.278
605000,0.030,0.619,0.351
605500,0.030,0.630,0.340
606000,0.030,0.620,0.350
606500,0.030,0.503,0.467
607000,0.030,0.491,0.479
607500,0.030,0.605,0.365
608000,0.030,0.701,0.269
608500,0.030,0.654,0.316
609000,0.030,0.682,0.288
609500,0.030,0.569,0.401
610000,0.030,0.472,0.498
610500,0.030,0.550,0.420
611000,0.030,0.509,0.461
611500,0.030,0.599,0.371
612000,0.030,0.726,0.244
612500,0.030,0.788,0.182
613000,0.030,0.678,0.292
613500,0.030,0.588,0.382
614000,0.030,0.740,0.230
614500,0.030,0.666,0.304
615000,0.030,0.625,0.345
615500,0.030,0.461,0.509
616000,0.030,0.706,0.264
616500,0.030,0.533,0.437
617000,0.030,0.431,0.539
617500,0.030,0.669,0.301
618000,0.030,0.669,0.301
618500,0.030,0.513,0.457
619000,0.030,0.541,0.429
619500,0.030,0.527,0.443
620000,0.030,0.591,0.379
620500,0.030,0.558,0.412
621000,0.030,0.557,0.413
621500,0.030,0.592,0.378
622000,0.030,0.632,0.338
622500,0.030,0.523,0.447
623000,0.030,0.437,0.533
623500,0.030,0.560,0.410
624000,0.030,0.582,0.388
624500,0.030,0.673,0.297
625000,0.030,0.707,0.263
625500,0.030,0.597,0.373
626000,0.030,0.407,0.563
626500,0.030,0.616,0.354
627000,0.030,0.659,0.311
627500,0.030,0.657,0.313
628000,0.030,0.769,0.201
628500,0.030,0.656,0.314
629000,0.030,0.614,0.356
629500,0.030,0.531,0.439
630000,0.030,0.727,0.243
630500,0.030,0.704,0.266
631000,0.030,0.456,0.514
631500,0.030,0.428,0.542
632000,0.030,0.776,0.194
632500,0.030,0.408,0.562
633000,0.030,0.626,0.344
633500,0.030,0.791,0.179
634000,0.030,0.883,0.087
634500,0.030,0.507,0.463
635000,0.030,0.457,0.513
635500,0.030,0.619,0.351
636000,0.030,0.516,0.454
636500,0.030,0.495,0.475
637000,0.030,0.520,0.450
637500,0.030,0.474,0.496
638000,0.030,0.567,0.403
638500,0.030,0.564,0.406
639000,0.030,0.667,0.303
639500,0.030,0.582,0.388
640000,0.030,0.400,0.570
640500,0.030,0.586,0.384
641000,0.030,0.546,0.424
641500,0.030,0.570,0.400
642000,0.030,0.440,0.530
642500,0.030,0.585,0.385
643000,0.030,0.586,0.384
643500,0.030,0.477,0.493
644000,0.030,0.674,0.296
644500,0.030,0.490,0.480
645000,0.030,0.556,0.414
645500,0.030,0.482,0.488
646000,0.030,0.707,0.263
646500,0.030,0.652,0.318
647000,0.030,0.654,0.316
647500,0.030,0.661,0.309
648000,0.030,0.497,0.473
648500,0.030,0.354,0.616
649000,0.030,0.580,0.390
649500,0.030,0.487,0.483
650000,0.030,0.507,0.463
650500,0.030,0.604,0.366
651000,0.030,0.597,0.373
651500,0.030,0.527,0.443
652000,0.030,0.459,0.511
652500,0.030,0.698,0.272
653000,0.030,0.636,0.334
653500,0.030,0.535,0.435
654000,0.030,0.663,0.307
654500,0.030,0.779,0.191
655000,0.030,0.678,0.292
655500,0.030,0.572,0.398
656000,0.030,0.647,0.323
656500,0.030,0.774,0.196
657000,0.030,0.693,0.277
657500,0.030,0.628,0.342
658000,0.030,0.675,0.295
658500,0.030,0.735,0.235
659000,0.030,0.598,0.372
659500,0.030,0.618,0.352
660000,0.030,0.495,0.475
660500,0.030,0.683,0.287
661000,0.030,0.608,0.362
661500,0.030,0.439,0.531
662000,0.030,0.661,0.309
662500,0.030,0.562,0.408
663000,0.030,0.455,0.515
663500,0.030,0.513,0.457
664000,0.030,0.331,0.639
664500,0.030,0.613,0.357
665000,0.030,0.478,0.492
665500,0.030,0.719,0.251
666000,0.030,0.645,0.325
666500,0.030,0.387,0.583
667000,0.030,0.500,0.470
667500,0.030,0.651,0.319
668000,0.030,0.750,0.220
668500,0.030,0.677,0.293
669000,0.030,0.463,0.507
669500,0.030,0.570,0.400
670000,0.030,0.593,0.377
670500,0.030,0.691,0.279
671000,0.030,0.433,0.537
671500,0.030,0.512,0.458
672000,0.030,0.429,0.541
672500,0.030,0.592,0.378
673000,0.030,0.482,0.488
673500,0.030,0.640,0.330
674000,0.030,0.688,0.282
674500,0.030,0.694,0.276
675000,0.030,0.688,0.282
675500,0.030,0.429,0.541
676000,0.030,0.740,0.230
676500,0.030,0.596,0.374
677000,0.030,0.405,0.565
677500,0.030,0.486,0.484
678000,0.030,0.674,0.296
678500,0.030,0.680,0.290
679000,0.030,0.545,0.425
679500,0.030,0.740,0.230
680000,0.030,0.721,0.249
680500,0.030,0.464,0.506
681000,0.030,0.641,0.329
681500,0.030,0.646,0.324
682000,0.030,0.586,0.384
682500,0.030,0.674,0.296
683000,0.030,0.708,0.262
683500,0.030,0.551,0.419
684000,0.030,0.564,0.406
684500,0.030,0.777,0.193
685000,0.030,0.627,0.343
685500,0.030,0.629,0.341
686000,0.030,0.609,0.361
686500,0.030,0.514,0.456
687000,0.030,0.648,0.322
687500,0.030,0.692,0.278
688000,0.030,0.422,0.548
688500,0.030,0.482,0.488
689000,0.030,0.587,0.383
689500,0.030,0.710,0.260
690000,0.030,0.716,0.254
690500,0.030,0.705,0.265
691000,0.030,0.698,0.272
691500,0.030,0.551,0.419
692000,0.030,0.451,0.519
692500,0.030,0.509,0.461
693000,0.030,0.714,0.256
693500,0.030,0.425,0.545
694000,0.030,0.578,0.392
694500,0.030,0.667,0.303
695000,0.030,0.612,0.358
695500,0.030,0.604,0.366
696000,0.030,0.546,0.424
696500,0.030,0.642,0.328
697000,0.030,0.713,0.257
697500,0.030,0.668,0.302
698000,0.030,0.645,0.325
698500,0.030,0.469,0.501
699000,0.030,0.726,0.244
699500,0.030,0.767,0.203
700000,0.030,0.579,0.391
700500,0.030,0.779,0.191
701000,0.030,0.557,0.413
701500,0.030,0.497,0.473
702000,0.030,0.558,0.412
702500,0.030,0.666,0.304
703000,0.030,0.737,0.233
703500,0.030,0.545,0.425
704000,0.030,0.517,0.453
704500,0.030,0.518,0.452
705000,0.030,0.571,0.399
705500,0.030,0.632,0.338
706000,0.030,0.490,0.480
706500,0.030,0.421,0.549
707000,0.030,0.587,0.383
707500,0.030,0.792,0.178
708000,0.030,0.603,0.367
708500,0.030,0.403,0.567
709000,0.030,0.643,0.327
709500,0.030,0.565,0.405
710000,0.030,0.699,0.271
710500,0.030,0.684,0.286
711000,0.030,0.624,0.346
711500,0.030,0.544,0.426
712000,0.030,0.496,0.474
712500,0.030,0.640,0.330
713000,0.030,0.485,0.485
713500,0.030,0.452,0.518
714000,0.030,0.576,0.394
714500,0.030,0.479,0.491
715000,0.030,0.485,0.485
715500,0.030,0.606,0.364
716000,0.030,0.761,0.209
716500,0.030,0.581,0.389
717000,0.030,0.688,0.282
717500,0.030,0.596,0.374
718000,0.030,0.648,0.322
718500,0.030,0.583,0.387
719000,0.030,0.668,0.302
719500,0.030,0.507,0.463
720000,0.030,0.770,0.200
720500,0.030,0.575,0.395
721000,0.030,0.633,0.337
721500,0.030,0.776,0.194
722000,0.030,0.664,0.306
722500,0.030,0.435,0.535
723000,0.030,0.710,0.260
723500,0.030,0.663,0.307
724000,0.030,0.561,0.409
724500,0.030,0.458,0.512
725000,0.030,0.570,0.400
725500,0.030,0.680,0.290
726000,0.030,0.659,0.311
726500,0.030,0.619,0.351
727000,0.030,0.474,0.496
727500,0.030,0.505,0.465
728000,0.030,0.710,0.260
728500,0.030,0.640,0.330
729000,0.030,0.554,0.416
729500,0.030,0.457,0.513
730000,0.030,0.659,0.311
730500,0.030,0.667,0.303
731000,0.030,0.752,0.218
731500,0.030,0.573,0.397
732000,0.030,0.544,0.426
732500,0.030,0.657,0.313
733000,0.030,0.469,0.501
733500,0.030,0.713,0.257
734000,0.030,0.460,0.510
734500,0.030,0.716,0.254
735000,0.030,0.277,0.693
735500,0.030,0.462,0.508
736000,0.030,0.568,0.402
736500,0.030,0.506,0.464
737000,0.030,0.562,0.408
737500,0.030,0.754,0.216
738000,0.030,0.567,0.403
738500,0.030,0.407,0.563
739000,0.030,0.615,0.355
739500,0.030,0.634,0.336
740000,0.030,0.667,0.303
740500,0.030,0.359,0.611
741000,0.030,0.740,0.230
741500,0.030,0.606,0.364
742000,0.030,0.597,0.373
742500,0.030,0.693,0.277
743000,0.030,0.692,0.278
743500,0.030,0.813,0.157
744000,0.030,0.565,0.405
744500,0.030,0.733,0.237
745000,0.030,0.653,0.317
745500,0.030,0.704,0.266
746000,0.030,0.694,0.276
746500,0.030,0.677,0.293
747000,0.030,0.462,0.508
747500,0.030,0.631,0.339
748000,0.030,0.562,0.408
748500,0.030,0.687,0.283
749000,0.030,0.520,0.450
749500,0.030,0.564,0.406
750000,0.030,0.602,0.368
750500,0.030,0.710,0.260
751000,0.030,0.802,0.168
751500,0.030,0.764,0.206
752000,0.030,0.591,0.379
752500,0.030,0.423,0.547
753000,0.030,0.653,0.317
753500,0.030,0.522,0.448
754000,0.030,0.548,0.422
754500,0.030,0.543,0.427
755000,0.030,0.709,0.261
755500,0.030,0.529,0.441
756000,0.030,0.510,0.460
756500,0.030,0.561,0.409
757000,0.030,0.602,0.368
757500,0.030,0.550,0.420
758000,0.030,0.564,0.406
758500,0.030,0.493,0.477
759000,0.030,0.598,0.372
759500,0.030,0.619,0.351
760000,0.030,0.610,0.360
760500,0.030,0.510,0.460
761000,0.030,0.523,0.447
761500,0.030,0.530,0.440
762000,0.030,0.617,0.353
762500,0.030,0.584,0.386
763000,0.030,0.650,0.320
763500,0.030,0.511,0.459
764000,0.030,0.569,0.401
764500,0.030,0.462,0.508
765000,0.030,0.616,0.354
765500,0.030,0.557,0.413
766000,0.030,0.707,0.263
766500,0.030,0.559,0.411
767000,0.030,0.520,0.450
767500,0.030,0.734,0.236
768000,0.030,0.719,0.251
768500,0.030,0.592,0.378
769000,0.030,0.799,0.171
769500,0.030,0.645,0.325
770000,0.030,0.677,0.293
770500,0.030,0.479,0.491
771000,0.030,0.429,0.541
771500,0.030,0.662,0.308
772000,0.030,0.666,0.304
772500,0.030,0.763,0.207
773000,0.030,0.692,0.278
773500,0.030,0.485,0.485
774000,0.030,0.485,0.485
774500,0.030,0.610,0.360
775000,0.030,0.666,0.304
775500,0.030,0.504,0.466
776000,0.030,0.654,0.316
776500,0.030,0.616,0.354
777000,0.030,0.708,0.262
777500,0.030,0.511,0.459
778000,0.030,0.584,0.386
778500,0.030,0.656,0.314
779000,0.030,0.583,0.387
779500,0.030,0.701,0.269
780000,0.030,0.656,0.314
780500,0.030,0.681,0.289
781000,0.030,0.529,0.441
781500,0.030,0.485,0.485
782000,0.030,0.684,0.286
782500,0.030,0.639,0.331
783000,0.030,0.534,0.436
783500,0.030,0.516,0.454
784000,0.030,0.580,0.390
784500,0.030,0.822,0.148
785000,0.030,0.754,0.216
785500,0.030,0.712,0.258
786000,0.030,0.692,0.278
786500,0.030,0.604,0.366
787000,0.030,0.755,0.215
787500,0.030,0.672,0.298
788000,0.030,0.756,0.214
788500,0.030,0.585,0.385
789000,0.030,0.572,0.398
789500,0.030,0.496,0.474
790000,0.030,0.599,0.371
790500,0.030,0.566,0.404
791000,0.030,0.503,0.467
791500,0.030,0.693,0.277
792000,0.030,0.515,0.455
792500,0.030,0.575,0.395
793000,0.030,0.661,0.309
793500,0.030,0.729,0.241
794000,0.030,0.636,0.334
794500,0.030,0.601,0.369
795000,0.030,0.696,0.274
795500,0.030,0.613,0.357
796000,0.030,0.664,0.306
796500,0.030,0.706,0.264
797000,0.030,0.756,0.214
797500,0.030,0.488,0.482
798000,0.030,0.452,0.518
798500,0.030,0.585,0.385
799000,0.030,0.567,0.403
799500,0.030,0.480,0.490
800000,0.030,0.589,0.381
800500,0.030,0.564,0.406
801000,0.030,0.673,0.297
801500,0.030,0.434,0.536
802000,0.030,0.669,0.301
802500,0.030,0.612,0.358
803000,0.030,0.568,0.402
803500,0.030,0.564,0.406
804000,0.030,0.613,0.357
804500,0.030,0.627,0.343
805000,0.030,0.464,0.506
805500,0.030,0.651,0.319
806000,0.030,0.588,0.382
806500,0.030,0.606,0.364
807000,0.030,0.831,0.139
807500,0.030,0.587,0.383
808000,0.030,0.580,0.390
808500,0.030,0.480,0.490
809000,0.030,0.459,0.511
809500,0.030,0.545,0.425
810000,0.030,0.652,0.318
810500,0.030,0.637,0.333
811000,0.030,0.530,0.440
811500,0.030,0.515,0.455
812000,0.030,0.674,0.296
812500,0.030,0.530,0.440
813000,0.030,0.677,0.293
813500,0.030,0.633,0.337
814000,0.030,0.749,0.221
814500,0.030,0.610,0.360
815000,0.030,0.486,0.484
815500,0.030,0.592,0.378
816000,0.030,0.590,0.380
816500,0.030,0.733,0.237
817000,0.030,0.772,0.198
817500,0.030,0.631,0.339
818000,0.030,0.650,0.320
818500,0.030,0.529,0.441
819000,0.030,0.587,0.383
819500,0.030,0.642,0.328
820000,0.030,0.493,0.477
820500,0.030,0.590,0.380
821000,0.030,0.832,0.138
821500,0.030,0.615,0.355
822000,0.030,0.531,0.439
822500,0.030,0.644,0.326
823000,0.030,0.639,0.331
823500,0.030,0.599,0.371
824000,0.030,0.549,0.421
824500,0.030,0.744,0.226
825000,0.030,0.761,0.209
825500,0.030,0.573,0.397
826000,0.030,0.415,0.555
826500,0.030,0.608,0.362
827000,0.030,0.523,0.447
827500,0.030,0.443,0.527
828000,0.030,0.613,0.357
828500,0.030,0.584,0.386
829000,0.030,0.639,0.331
829500,0.030,0.800,0.170
830000,0.030,0.653,0.317
830500,0.030,0.500,0.470
831000,0.030,0.691,0.279
831500,0.030,0.614,0.356
832000,0.030,0.513,0.457
832500,0.030,0.739,0.231
833000,0.030,0.677,0.293
833500,0.030,0.567,0.403
834000,0.030,0.646,0.324
834500,0.030,0.733,0.237
835000,0.030,0.614,0.356
835500,0.030,0.569,0.401
836000,0.030,0.638,0.332
836500,0.030,0.531,0.439
837000,0.030,0.483,0.487
837500,0.030,0.398,0.572
838000,0.030,0.621,0.349
838500,0.030,0.404,0.566
839000,0.030,0.499,0.471
839500,0.030,0.569,0.401
840000,0.030,0.638,0.332
840500,0.030,0.738,0.232
841000,0.030,0.709,0.261
841500,0.030,0.642,0.328
842000,0.030,0.669,0.301
842500,0.030,0.681,0.289
843000,0.030,0.808,0.162
843500,0.030,0.713,0.257
844000,0.030,0.484,0.486
844500,0.030,0.698,0.272
845000,0.030,0.486,0.484
845500,0.030,0.546,0.424
846000,0.030,0.514,0.456
846500,0.030,0.707,0.263
847000,0.030,0.535,0.435
847500,0.030,0.413,0.557
848000,0.030,0.577,0.393
848500,0.030,0.606,0.364
849000,0.030,0.708,0.262
849500,0.030,0.642,0.328
850000,0.030,0.572,0.398
850500,0.030,0.892,0.078
851000,0.030,0.758,0.212
851500,0.030,0.713,0.257
852000,0.030,0.615,0.355
852500,0.030,0.591,0.379
853000,0.030,0.654,0.316
853500,0.030,0.727,0.243
854000,0.030,0.637,0.333
854500,0.030,0.441,0.529
855000,0.030,0.524,0.446
855500,0.030,0.502,0.468
856000,0.030,0.659,0.311
856500,0.030,0.487,0.483
857000,0.030,0.617,0.353
857500,0.030,0.566,0.404
858000,0.030,0.643,0.327
858500,0.030,0.488,0.482
859000,0.030,0.773,0.197
859500,0.030,0.500,0.470
860000,0.030,0.443,0.527
860500,0.030,0.573,0.397
861000,0.030,0.694,0.276
861500,0.030,0.635,0.335
862000,0.030,0.663,0.307
862500,0.030,0.326,0.644
863000,0.030,0.645,0.325
863500,0.030,0.600,0.370
864000,0.030,0.653,0.317
864500,0.030,0.566,0.404
865000,0.030,0.442,0.528
865500,0.030,0.666,0.304
866000,0.030,0.512,0.458
866500,0.030,0.468,0.502
867000,0.030,0.596,0.374
867500,0.030,0.589,0.381
868000,0.030,0.481,0.489
868500,0.030,0.581,0.389
869000,0.030,0.667,0.303
869500,0.030,0.669,0.301
870000,0.030,0.441,0.529
870500,0.030,0.637,0.333
871000,0.030,0.593,0.377
871500,0.030,0.580,0.390
872000,0.030,0.604,0.366
872500,0.030,0.661,0.309
873000,0.030,0.714,0.256
873500,0.030,0.715,0.255
874000,0.030,0.448,0.522
874500,0.030,0.638,0.332
875000,0.030,0.509,0.461
875500,0.030,0.696,0.274
876000,0.030,0.658,0.312
876500,0.030,0.418,0.552
877000,0.030,0.584,0.386
877500,0.030,0.595,0.375
878000,0.030,0.580,0.390
878500,0.030,0.565,0.405
879000,0.030,0.710,0.260
879500,0.030,0.485,0.485
880000,0.030,0.561,0.409
880500,0.030,0.602,0.368
881000,0.030,0.575,0.395
881500,0.030,0.618,0.352
882000,0.030,0.556,0.414
882500,0.030,0.605,0.365
883000,0.030,0.666,0.304
883500,0.030,0.626,0.344
884000,0.030,0.537,0.433
884500,0.030,0.567,0.403
885000,0.030,0.502,0.468
885500,0.030,0.648,0.322
886000,0.030,0.600,0.370
886500,0.030,0.626,0.344
887000,0.030,0.642,0.328
887500,0.030,0.554,0.416
888000,0.030,0.779,0.191
888500,0.030,0.817,0.153
889000,0.030,0.650,0.320
889500,0.030,0.540,0.430
890000,0.030,0.710,0.260
890500,0.030,0.598,0.372
891000,0.030,0.631,0.339
891500,0.030,0.664,0.306
892000,0.030,0.495,0.475
892500,0.030,0.712,0.258
893000,0.030,0.778,0.192
893500,0.030,0.534,0.436
894000,0.030,0.605,0.365
894500,0.030,0.591,0.379
895000,0.030,0.648,0.322
895500,0.030,0.477,0.493
896000,0.030,0.612,0.358
896500,0.030,0.649,0.321
897000,0.030,0.631,0.339
897500,0.030,0.665,0.305
898000,0.030,0.622,0.348
898500,0.030,0.672,0.298
899000,0.030,0.434,0.536
899500,0.030,0.668,0.302
900000,0.030,0.546,0.424
900500,0.030,0.646,0.324
901000,0.030,0.577,0.393
901500,0.030,0.580,0.390
902000,0.030,0.537,0.433
902500,0.030,0.565,0.405
903000,0.030,0.705,0.265
903500,0.030,0.726,0.244
904000,0.030,0.626,0.344
904500,0.030,0.743,0.227
905000,0.030,0.563,0.407
905500,0.030,0.724,0.246
906000,0.030,0.539,0.431
906500,0.030,0.584,0.386
907000,0.030,0.550,0.420
907500,0.030,0.541,0.429
908000,0.030,0.562,0.408
908500,0.030,0.413,0.557
909000,0.030,0.712,0.258
909500,0.030,0.537,0.433
910000,0.030,0.522,0.448
910500,0.030,0.555,0.415
911000,0.030,0.643,0.327
911500,0.030,0.561,0.409
912000,0.030,0.618,0.352
912500,0.030,0.699,0.271
913000,0.030,0.693,0.277
913500,0.030,0.580,0.390
914000,0.030,0.653,0.317
914500,0.030,0.771,0.199
915000,0.030,0.691,0.279
915500,0.030,0.667,0.303
916000,0.030,0.637,0.333
916500,0.030,0.686,0.284
917000,0.030,0.518,0.452
917500,0.030,0.637,0.333
918000,0.030,0.905,0.065
918500,0.030,0.585,0.385
919000,0.030,0.603,0.367
919500,0.030,0.705,0.265
920000,0.030,0.722,0.248
920500,0.030,0.650,0.320
921000,0.030,0.566,0.404
921500,0.030,0.518,0.452
922000,0.030,0.657,0.313
922500,0.030,0.699,0.271
923000,0.030,0.602,0.368
923500,0.030,0.614,0.356
924000,0.030,0.718,0.252
924500,0.030,0.637,0.333
925000,0.030,0.512,0.458
925500,0.030,0.576,0.394
926000,0.030,0.474,0.496
926500,0.030,0.595,0.375
927000,0.030,0.444,0.526
927500,0.030,0.439,0.531
928000,0.030,0.531,0.439
928500,0.030,0.633,0.337
929000,0.030,0.731,0.239
929500,0.030,0.486,0.484
930000,0.030,0.665,0.305
930500,0.030,0.687,0.283
931000,0.030,0.709,0.261
931500,0.030,0.701,0.269
932000,0.030,0.754,0.216
932500,0.030,0.472,0.498
933000,0.030,0.525,0.445
933500,0.030,0.618,0.352
934000,0.030,0.539,0.431
934500,0.030,0.616,0.354
935000,0.030,0.616,0.354
935500,0.030,0.703,0.267
936000,0.030,0.359,0.611
936500,0.030,0.665,0.305
937000,0.030,0.740,0.230
937500,0.030,0.786,0.184
938000,0.030,0.608,0.362
938500,0.030,0.666,0.304
939000,0.030,0.489,0.481
939500,0.030,0.500,0.470
940000,0.030,0.412,0.558
940500,0.030,0.477,0.493
941000,0.030,0.408,0.562
941500,0.030,0.455,0.515
942000,0.030,0.562,0.408
942500,0.030,0.526,0.444
943000,0.030,0.627,0.343
943500,0.030,0.677,0.293
944000,0.030,0.743,0.227
944500,0.030,0.762,0.208
945000,0.030,0.714,0.256
945500,0.030,0.469,0.501
946000,0.030,0.696,0.274
946500,0.030,0.702,0.268
947000,0.030,0.727,0.243
947500,0.030,0.821,0.149
948000,0.030,0.690,0.280
948500,0.030,0.713,0.257
949000,0.030,0.658,0.312
949500,0.030,0.638,0.332
950000,0.030,0.474,0.496
950500,0.030,0.470,0.500
951000,0.030,0.530,0.440
951500,0.030,0.569,0.401
952000,0.030,0.646,0.324
952500,0.030,0.833,0.137
953000,0.030,0.619,0.351
953500,0.030,0.525,0.445
954000,0.030,0.631,0.339
954500,0.030,0.810,0.160
955000,0.030,0.454,0.516
955500,0.030,0.631,0.339
956000,0.030,0.475,0.495
956500,0.030,0.782,0.188
957000,0.030,0.577,0.393
957500,0.030,0.510,0.460
958000,0.030,0.520,0.450
958500,0.030,0.729,0.241
959000,0.030,0.720,0.250
959500,0.030,0.504,0.466
960000,0.030,0.715,0.255
960500,0.030,0.560,0.410
961000,0.030,0.609,0.361
961500,0.030,0.468,0.502
962000,0.030,0.577,0.393
962500,0.030,0.637,0.333
963000,0.030,0.660,0.310
963500,0.030,0.446,0.524
964000,0.030,0.543,0.427
964500,0.030,0.688,0.282
965000,0.030,0.568,0.402
965500,0.030,0.800,0.170
966000,0.030,0.543,0.427
966500,0.030,0.606,0.364
967000,0.030,0.784,0.186
967500,0.030,0.522,0.448
968000,0.030,0.665,0.305
968500,0.030,0.726,0.244
969000,0.030,0.667,0.303
969500,0.030,0.354,0.616
970000,0.030,0.563,0.407
970500,0.030,0.586,0.384
971000,0.030,0.594,0.376
971500,0.030,0.525,0.445
972000,0.030,0.660,0.310
972500,0.030,0.754,0.216
973000,0.030,0.676,0.294
973500,0.030,0.667,0.303
974000,0.030,0.454,0.516
974500,0.030,0.756,0.214
975000,0.030,0.701,0.269
975500,0.030,0.630,0.340
976000,0.030,0.572,0.398
976500,0.030,0.591,0.379
977000,0.030,0.486,0.484
977500,0.030,0.644,0.326
978000,0.030,0.527,0.443
978500,0.030,0.588,0.382
979000,0.030,0.588,0.382
979500,0.030,0.726,0.244
980000,0.030,0.797,0.173
980500,0.030,0.751,0.219
981000,0.030,0.729,0.241
981500,0.030,0.472,0.498
982000,0.030,0.501,0.469
982500,0.030,0.809,0.161
983000,0.030,0.794,0.176
983500,0.030,0.590,0.380
984000,0.030,0.664,0.306
984500,0.030,0.629,0.341
985000,0.030,0.470,0.500
985500,0.030,0.623,0.347
986000,0.030,0.588,0.382
986500,0.030,0.572,0.398
987000,0.030,0.762,0.208
987500,0.030,0.474,0.496
988000,0.030,0.585,0.385
988500,0.030,0.549,0.421
989000,0.030,0.632,0.338
989500,0.030,0.605,0.365
990000,0.030,0.663,0.307
990500,0.030,0.595,0.375
991000,0.030,0.520,0.450
991500,0.030,0.622,0.348
992000,0.030,0.605,0.365
992500,0.030,0.609,0.361
993000,0.030,0.695,0.275
993500,0.030,0.488,0.482
994000,0.030,0.506,0.464
994500,0.030,0.552,0.418
995000,0.030,0.509,0.461
995500,0.030,0.465,0.505
996000,0.030,0.629,0.341
996500,0.030,0.510,0.460
997000,0.030,0.680,0.290
997500,0.030,0.622,0.348
998000,0.030,0.697,0.273
998500,0.030,0.626,0.344
999000,0.030,0.548,0.422
999500,0.030,0.545,0.425
1000000,0.030,0.607,0.363
