time,n_A+p,n_B,n_AB
500,0.010,0.339,0.651
1000,0.010,0.200,0.790
1500,0.010,0.361,0.629
2000,0.010,0.194,0.796
2500,0.010,0.268,0.722
3000,0.010,0.380,0.610
3500,0.010,0.292,0.698
4000,0.010,0.224,0.766
4500,0.010,0.294,0.696
5000,0.010,0.300,0.690
5500,0.010,0.288,0.702
6000,0.010,0.384,0.606
6500,0.010,0.143,0.847
7000,0.010,0.381,0.609
7500,0.010,0.277,0.713
8000,0.010,0.213,0.777
8500,0.010,0.166,0.824
9000,0.010,0.282,0.708
9500,0.010,0.334,0.656
10000,0.010,0.207,0.783
10500,0.010,0.154,0.836
11000,0.010,0.313,0.677
11500,0.010,0.225,0.765
12000,0.010,0.194,0.796
12500,0.010,0.313,0.677
13000,0.019,0.152,0.829
13500,0.010,0.233,0.757
14000,0.010,0.394,0.596
14500,0.010,0.329,0.661
15000,0.010,0.361,0.629
15500,0.010,0.346,0.644
16000,0.010,0.289,0.701
16500,0.010,0.356,0.634
17000,0.010,0.310,0.680
17500,0.010,0.245,0.745
18000,0.010,0.248,0.742
18500,0.010,0.325,0.665
19000,0.010,0.268,0.722
19500,0.010,0.316,0.674
20000,0.010,0.258,0.732
20500,0.010,0.258,0.732
21000,0.010,0.292,0.698
21500,0.010,0.242,0.748
22000,0.010,0.223,0.767
22500,0.010,0.170,0.820
23000,0.010,0.393,0.597
23500,0.010,0.203,0.787
24000,0.010,0.420,0.570
24500,0.010,0.602,0.388
25000,0.010,0.357,0.633
25500,0.010,0.395,0.595
26000,0.010,0.339,0.651
26500,0.010,0.293,0.697
27000,0.010,0.338,0.652
27500,0.010,0.466,0.524
28000,0.010,0.275,0.715
28500,0.010,0.202,0.788
29000,0.010,0.290,0.700
29500,0.010,0.180,0.810
30000,0.010,0.368,0.622
30500,0.010,0.354,0.636
31000,0.010,0.331,0.659
31500,0.010,0.181,0.809
32000,0.010,0.524,0.466
32500,0.010,0.223,0.767
33000,0.022,0.237,0.741
33500,0.010,0.245,0.745
34000,0.010,0.327,0.663
34500,0.010,0.202,0.788
35000,0.010,0.226,0.764
35500,0.010,0.375,0.615
36000,0.010,0.295,0.695
36500,0.010,0.193,0.797
37000,0.010,0.440,0.550
37500,0.011,0.244,0.745
38000,0.010,0.428,0.562
38500,0.010,0.248,0.742
39000,0.010,0.308,0.682
39500,0.010,0.128,0.862
40000,0.010,0.336,0.654
40500,0.010,0.422,0.568
41000,0.010,0.401,0.589
41500,0.010,0.339,0.651
42000,0.010,0.259,0.731
42500,0.010,0.385,0.605
43000,0.010,0.359,0.631
43500,0.010,0.450,0.540
44000,0.010,0.137,0.853
44500,0.010,0.285,0.705
45000,0.010,0.308,0.682
45500,0.010,0.365,0.625
46000,0.010,0.282,0.708
46500,0.010,0.189,0.801
47000,0.010,0.463,0.527
47500,0.010,0.385,0.605
48000,0.010,0.286,0.704
48500,0.010,0.163,0.827
49000,0.010,0.261,0.729
49500,0.010,0.171,0.819
50000,0.010,0.642,0.348
50500,0.010,0.467,0.523
51000,0.010,0.414,0.576
51500,0.010,0.227,0.763
52000,0.010,0.317,0.673
52500,0.010,0.364,0.626
53000,0.010,0.307,0.683
53500,0.010,0.268,0.722
54000,0.010,0.287,0.703
54500,0.010,0.267,0.723
55000,0.010,0.345,0.645
55500,0.010,0.235,0.755
56000,0.010,0.202,0.788
56500,0.010,0.365,0.625
57000,0.010,0.285,0.705
57500,0.010,0.385,0.605
58000,0.010,0.406,0.584
58500,0.010,0.387,0.603
59000,0.010,0.329,0.661
59500,0.010,0.414,0.576
60000,0.010,0.382,0.608
60500,0.010,0.258,0.732
61000,0.010,0.398,0.592
61500,0.010,0.257,0.733
62000,0.010,0.347,0.643
62500,0.010,0.437,0.553
63000,0.010,0.368,0.622
63500,0.059,0.078,0.863
64000,0.010,0.258,0.732
64500,0.010,0.424,0.566
65000,0.010,0.247,0.743
65500,0.010,0.263,0.727
66000,0.010,0.337,0.653
66500,0.010,0.220,0.770
67000,0.010,0.298,0.692
67500,0.010,0.360,0.630
68000,0.010,0.227,0.763
68500,0.010,0.375,0.615
69000,0.010,0.289,0.701
69500,0.010,0.200,0.790
70000,0.010,0.296,0.694
70500,0.010,0.354,0.636
71000,0.013,0.096,0.891
71500,0.010,0.247,0.743
72000,0.010,0.364,0.626
72500,0.010,0.320,0.670
73000,0.010,0.266,0.724
73500,0.010,0.473,0.517
74000,0.010,0.183,0.807
74500,0.010,0.263,0.727
75000,0.010,0.265,0.725
75500,0.010,0.223,0.767
76000,0.010,0.372,0.618
76500,0.010,0.187,0.803
77000,0.010,0.247,0.743
77500,0.010,0.264,0.726
78000,0.010,0.279,0.711
78500,0.010,0.522,0.468
79000,0.010,0.263,0.727
79500,0.139,0.006,0.855
80000,0.522,0.000,0.478
80500,0.586,0.000,0.414
81000,0.450,0.000,0.550
81500,0.449,0.000,0.551
82000,0.536,0.000,0.464
82500,0.704,0.000,0.296
83000,0.617,0.000,0.383
83500,0.549,0.000,0.451
84000,0.470,0.000,0.530
84500,0.597,0.000,0.403
85000,0.787,0.000,0.213
85500,0.435,0.000,0.565
86000,0.630,0.000,0.370
86500,0.732,0.000,0.268
87000,0.563,0.000,0.437
87500,0.553,0.000,0.447
88000,0.370,0.000,0.630
88500,0.865,0.000,0.135
89000,0.479,0.000,0.521
89500,0.546,0.000,0.454
90000,0.655,0.000,0.345
90500,0.823,0.000,0.177
91000,0.661,0.000,0.339
91500,0.648,0.000,0.352
92000,0.400,0.000,0.600
92500,0.328,0.000,0.672
93000,0.562,0.000,0.438
93500,0.607,0.000,0.393
94000,0.438,0.000,0.562
94500,0.721,0.000,0.279
95000,0.470,0.000,0.530
95500,0.518,0.000,0.482
96000,0.756,0.000,0.244
96500,0.499,0.000,0.501
97000,0.765,0.000,0.235
97500,0.504,0.000,0.496
98000,0.541,0.000,0.459
98500,0.404,0.000,0.596
99000,0.514,0.000,0.486
99500,0.595,0.000,0.405
100000,0.781,0.000,0.219
100500,0.458,0.000,0.542
101000,0.573,0.000,0.427
101500,0.687,0.000,0.313
102000,0.969,0.000,0.031
102500,0.900,0.000,0.100
103000,1.000,0.000,0.000
