time,n_A+p,n_B,n_AB
500,0.010,0.605,0.385
1000,0.010,0.628,0.362
1500,0.010,0.710,0.280
2000,0.010,0.794,0.196
2500,0.010,0.493,0.497
3000,0.010,0.772,0.218
3500,0.010,0.708,0.282
4000,0.010,0.758,0.232
4500,0.010,0.611,0.379
5000,0.010,0.487,0.503
5500,0.010,0.658,0.332
6000,0.010,0.713,0.277
6500,0.010,0.927,0.063
7000,0.010,0.758,0.232
7500,0.010,0.590,0.400
8000,0.010,0.902,0.088
8500,0.010,0.889,0.101
9000,0.010,0.706,0.284
9500,0.010,0.659,0.331
10000,0.010,0.779,0.211
10500,0.010,0.602,0.388
11000,0.010,0.609,0.381
11500,0.010,0.621,0.369
12000,0.010,0.509,0.481
12500,0.010,0.596,0.394
13000,0.010,0.781,0.209
13500,0.010,0.576,0.414
14000,0.010,0.729,0.261
14500,0.010,0.601,0.389
15000,0.010,0.575,0.415
15500,0.010,0.718,0.272
16000,0.010,0.634,0.356
16500,0.010,0.584,0.406
17000,0.010,0.507,0.483
17500,0.010,0.636,0.354
18000,0.010,0.554,0.436
18500,0.010,0.735,0.255
19000,0.010,0.726,0.264
19500,0.010,0.766,0.224
20000,0.010,0.791,0.199
20500,0.010,0.443,0.547
21000,0.010,0.671,0.319
21500,0.010,0.579,0.411
22000,0.010,0.703,0.287
22500,0.010,0.802,0.188
23000,0.010,0.813,0.177
23500,0.010,0.665,0.325
24000,0.010,0.611,0.379
24500,0.010,0.620,0.370
25000,0.010,0.619,0.371
25500,0.010,0.558,0.432
26000,0.010,0.649,0.341
26500,0.010,0.494,0.496
27000,0.010,0.613,0.377
27500,0.010,0.563,0.427
28000,0.010,0.693,0.297
28500,0.010,0.505,0.485
29000,0.010,0.677,0.313
29500,0.010,0.677,0.313
30000,0.010,0.651,0.339
30500,0.010,0.405,0.585
31000,0.010,0.576,0.414
31500,0.010,0.756,0.234
32000,0.010,0.567,0.423
32500,0.010,0.816,0.174
33000,0.010,0.634,0.356
33500,0.010,0.678,0.312
34000,0.010,0.665,0.325
34500,0.010,0.726,0.264
35000,0.010,0.872,0.118
35500,0.010,0.777,0.213
36000,0.010,0.719,0.271
36500,0.010,0.938,0.052
37000,0.010,0.688,0.302
37500,0.010,0.830,0.160
38000,0.010,0.884,0.106
38500,0.010,0.630,0.360
39000,0.010,0.924,0.066
39500,0.010,0.735,0.255
40000,0.010,0.610,0.380
40500,0.010,0.559,0.431
41000,0.010,0.621,0.369
41500,0.010,0.663,0.327
42000,0.010,0.607,0.383
42500,0.010,0.779,0.211
43000,0.010,0.818,0.172
43500,0.010,0.745,0.245
44000,0.010,0.865,0.125
44500,0.010,0.797,0.193
45000,0.010,0.493,0.497
45500,0.010,0.754,0.236
46000,0.010,0.541,0.449
46500,0.010,0.486,0.504
47000,0.010,0.568,0.422
47500,0.010,0.517,0.473
48000,0.010,0.579,0.411
48500,0.010,0.662,0.328
49000,0.010,0.388,0.602
49500,0.010,0.639,0.351
50000,0.010,0.761,0.229
50500,0.010,0.880,0.110
51000,0.010,0.892,0.098
51500,0.010,0.718,0.272
52000,0.010,0.732,0.258
52500,0.010,0.685,0.305
53000,0.010,0.599,0.391
53500,0.010,0.541,0.449
54000,0.010,0.498,0.492
54500,0.010,0.440,0.550
55000,0.010,0.828,0.162
55500,0.010,0.442,0.548
56000,0.010,0.742,0.248
56500,0.010,0.492,0.498
57000,0.010,0.588,0.402
57500,0.010,0.639,0.351
58000,0.010,0.660,0.330
58500,0.010,0.800,0.190
59000,0.010,0.888,0.102
59500,0.010,0.867,0.123
60000,0.010,0.856,0.134
60500,0.010,0.642,0.348
61000,0.010,0.552,0.438
61500,0.010,0.509,0.481
62000,0.010,0.609,0.381
62500,0.010,0.603,0.387
63000,0.010,0.654,0.336
63500,0.010,0.763,0.227
64000,0.010,0.779,0.211
64500,0.010,0.531,0.459
65000,0.010,0.610,0.380
65500,0.010,0.582,0.408
66000,0.010,0.567,0.423
66500,0.010,0.605,0.385
67000,0.010,0.796,0.194
67500,0.010,0.934,0.056
68000,0.010,0.686,0.304
68500,0.010,0.707,0.283
69000,0.010,0.554,0.436
69500,0.010,0.590,0.400
70000,0.010,0.665,0.325
70500,0.010,0.777,0.213
71000,0.010,0.839,0.151
71500,0.010,0.598,0.392
72000,0.010,0.610,0.380
72500,0.010,0.700,0.290
73000,0.010,0.660,0.330
73500,0.010,0.574,0.416
74000,0.010,0.627,0.363
74500,0.010,0.605,0.385
75000,0.010,0.605,0.385
75500,0.010,0.527,0.463
76000,0.010,0.621,0.369
76500,0.010,0.739,0.251
77000,0.010,0.717,0.273
77500,0.010,0.503,0.487
78000,0.010,0.868,0.122
78500,0.010,0.604,0.386
79000,0.010,0.505,0.485
79500,0.010,0.440,0.550
80000,0.010,0.735,0.255
80500,0.010,0.793,0.197
81000,0.010,0.573,0.417
81500,0.010,0.628,0.362
82000,0.010,0.237,0.753
82500,0.010,0.631,0.359
83000,0.010,0.562,0.428
83500,0.010,0.565,0.425
84000,0.010,0.877,0.113
84500,0.010,0.853,0.137
85000,0.010,0.502,0.488
85500,0.010,0.694,0.296
86000,0.010,0.855,0.135
86500,0.010,0.501,0.489
87000,0.010,0.429,0.561
87500,0.010,0.817,0.173
88000,0.010,0.553,0.437
88500,0.010,0.692,0.298
89000,0.010,0.533,0.457
89500,0.010,0.631,0.359
90000,0.010,0.709,0.281
90500,0.010,0.838,0.152
91000,0.010,0.895,0.095
91500,0.010,0.588,0.402
92000,0.010,0.641,0.349
92500,0.010,0.577,0.413
93000,0.010,0.719,0.271
93500,0.010,0.825,0.165
94000,0.010,0.577,0.413
94500,0.010,0.554,0.436
95000,0.010,0.550,0.440
95500,0.010,0.704,0.286
96000,0.010,0.647,0.343
96500,0.010,0.655,0.335
97000,0.010,0.855,0.135
97500,0.010,0.645,0.345
98000,0.010,0.580,0.410
98500,0.010,0.573,0.417
99000,0.010,0.610,0.380
99500,0.010,0.677,0.313
100000,0.010,0.611,0.379
100500,0.010,0.777,0.213
101000,0.010,0.847,0.143
101500,0.010,0.559,0.431
102000,0.010,0.814,0.176
102500,0.010,0.600,0.390
103000,0.010,0.485,0.505
103500,0.010,0.524,0.466
104000,0.010,0.633,0.357
104500,0.010,0.647,0.343
105000,0.010,0.643,0.347
105500,0.010,0.630,0.360
106000,0.010,0.674,0.316
106500,0.010,0.786,0.204
107000,0.010,0.499,0.491
107500,0.010,0.446,0.544
108000,0.010,0.830,0.160
108500,0.010,0.611,0.379
109000,0.010,0.661,0.329
109500,0.010,0.483,0.507
110000,0.010,0.691,0.299
110500,0.010,0.345,0.645
111000,0.010,0.594,0.396
111500,0.010,0.711,0.279
112000,0.010,0.698,0.292
112500,0.010,0.553,0.437
113000,0.010,0.857,0.133
113500,0.010,0.659,0.331
114000,0.010,0.638,0.352
114500,0.010,0.496,0.494
115000,0.010,0.702,0.288
115500,0.010,0.864,0.126
116000,0.010,0.980,0.010
116500,0.010,0.597,0.393
117000,0.010,0.620,0.370
117500,0.010,0.592,0.398
118000,0.010,0.573,0.417
118500,0.010,0.535,0.455
119000,0.010,0.347,0.643
119500,0.010,0.774,0.216
120000,0.010,0.670,0.320
120500,0.010,0.553,0.437
121000,0.010,0.634,0.356
121500,0.010,0.373,0.617
122000,0.010,0.659,0.331
122500,0.010,0.433,0.557
123000,0.010,0.801,0.189
123500,0.010,0.907,0.083
124000,0.010,0.890,0.100
124500,0.010,0.499,0.491
125000,0.010,0.737,0.253
125500,0.010,0.719,0.271
126000,0.010,0.433,0.557
126500,0.010,0.591,0.399
127000,0.010,0.743,0.247
127500,0.010,0.681,0.309
128000,0.010,0.520,0.470
128500,0.010,0.796,0.194
129000,0.010,0.620,0.370
129500,0.010,0.818,0.172
130000,0.010,0.633,0.357
130500,0.010,0.613,0.377
131000,0.010,0.554,0.436
131500,0.010,0.867,0.123
132000,0.010,0.704,0.286
132500,0.010,0.562,0.428
133000,0.010,0.795,0.195
133500,0.010,0.804,0.186
134000,0.010,0.615,0.375
134500,0.010,0.354,0.636
135000,0.010,0.570,0.420
135500,0.010,0.638,0.352
136000,0.010,0.573,0.417
136500,0.010,0.669,0.321
137000,0.010,0.639,0.351
137500,0.010,0.801,0.189
138000,0.010,0.879,0.111
138500,0.010,0.702,0.288
139000,0.010,0.687,0.303
139500,0.010,0.720,0.270
140000,0.010,0.609,0.381
140500,0.010,0.845,0.145
141000,0.010,0.523,0.467
141500,0.010,0.474,0.516
142000,0.010,0.563,0.427
142500,0.010,0.580,0.410
143000,0.010,0.772,0.218
143500,0.010,0.461,0.529
144000,0.010,0.681,0.309
144500,0.010,0.754,0.236
145000,0.010,0.623,0.367
145500,0.010,0.728,0.262
146000,0.010,0.497,0.493
146500,0.010,0.776,0.214
147000,0.010,0.827,0.163
147500,0.010,0.526,0.464
148000,0.010,0.779,0.211
148500,0.010,0.416,0.574
149000,0.010,0.729,0.261
149500,0.010,0.678,0.312
150000,0.010,0.696,0.294
150500,0.010,0.445,0.545
151000,0.010,0.468,0.522
151500,0.010,0.814,0.176
152000,0.010,0.858,0.132
152500,0.010,0.537,0.453
153000,0.010,0.790,0.200
153500,0.010,0.456,0.534
154000,0.010,0.551,0.439
154500,0.010,0.437,0.553
155000,0.010,0.779,0.211
155500,0.010,0.477,0.513
156000,0.010,0.567,0.423
156500,0.010,0.467,0.523
157000,0.010,0.674,0.316
157500,0.010,0.836,0.154
158000,0.010,0.633,0.357
158500,0.010,0.663,0.327
159000,0.010,0.774,0.216
159500,0.010,0.518,0.472
160000,0.010,0.644,0.346
160500,0.010,0.501,0.489
161000,0.010,0.698,0.292
161500,0.010,0.661,0.329
162000,0.010,0.800,0.190
162500,0.010,0.760,0.230
163000,0.010,0.864,0.126
163500,0.010,0.576,0.414
164000,0.010,0.724,0.266
164500,0.010,0.661,0.329
165000,0.010,0.708,0.282
165500,0.010,0.718,0.272
166000,0.010,0.475,0.515
166500,0.010,0.718,0.272
167000,0.010,0.812,0.178
167500,0.010,0.543,0.447
168000,0.010,0.542,0.448
168500,0.010,0.657,0.333
169000,0.010,0.707,0.283
169500,0.010,0.820,0.170
170000,0.010,0.709,0.281
170500,0.010,0.439,0.551
171000,0.010,0.818,0.172
171500,0.010,0.839,0.151
172000,0.010,0.979,0.011
172500,0.010,0.675,0.315
173000,0.010,0.538,0.452
173500,0.010,0.813,0.177
174000,0.010,0.561,0.429
174500,0.010,0.635,0.355
175000,0.010,0.604,0.386
175500,0.010,0.546,0.444
176000,0.010,0.555,0.435
176500,0.010,0.565,0.425
177000,0.010,0.769,0.221
177500,0.010,0.778,0.212
178000,0.010,0.794,0.196
178500,0.010,0.522,0.468
179000,0.010,0.637,0.353
179500,0.010,0.732,0.258
180000,0.010,0.605,0.385
180500,0.010,0.670,0.320
181000,0.010,0.748,0.242
181500,0.010,0.621,0.369
182000,0.010,0.438,0.552
182500,0.010,0.489,0.501
183000,0.010,0.603,0.387
183500,0.010,0.740,0.250
184000,0.010,0.697,0.293
184500,0.010,0.569,0.421
185000,0.010,0.897,0.093
185500,0.010,0.975,0.015
186000,0.010,0.664,0.326
186500,0.010,0.874,0.116
187000,0.010,0.845,0.145
187500,0.010,0.586,0.404
188000,0.010,0.766,0.224
188500,0.010,0.816,0.174
189000,0.010,0.666,0.324
189500,0.010,0.429,0.561
190000,0.010,0.733,0.257
190500,0.010,0.717,0.273
191000,0.010,0.709,0.281
191500,0.010,0.828,0.162
192000,0.010,0.507,0.483
192500,0.010,0.743,0.247
193000,0.010,0.611,0.379
193500,0.010,0.691,0.299
194000,0.010,0.599,0.391
194500,0.010,0.662,0.328
195000,0.010,0.859,0.131
195500,0.010,0.872,0.118
196000,0.010,0.564,0.426
196500,0.010,0.750,0.240
197000,0.010,0.564,0.426
197500,0.010,0.749,0.241
198000,0.010,0.591,0.399
198500,0.010,0.343,0.647
199000,0.010,0.782,0.208
199500,0.010,0.532,0.458
200000,0.010,0.824,0.166
200500,0.010,0.480,0.510
201000,0.010,0.668,0.322
201500,0.010,0.770,0.220
202000,0.010,0.566,0.424
202500,0.010,0.520,0.470
203000,0.010,0.516,0.474
203500,0.010,0.408,0.582
204000,0.010,0.493,0.497
204500,0.010,0.641,0.349
205000,0.010,0.540,0.450
205500,0.010,0.428,0.562
206000,0.010,0.342,0.648
206500,0.010,0.598,0.392
207000,0.010,0.669,0.321
207500,0.010,0.852,0.138
208000,0.010,0.809,0.181
208500,0.010,0.840,0.150
209000,0.010,0.479,0.511
209500,0.010,0.746,0.244
210000,0.010,0.595,0.395
210500,0.010,0.821,0.169
211000,0.010,0.577,0.413
211500,0.010,0.410,0.580
212000,0.010,0.443,0.547
212500,0.010,0.518,0.472
213000,0.010,0.542,0.448
213500,0.010,0.686,0.304
214000,0.010,0.578,0.412
214500,0.010,0.795,0.195
215000,0.010,0.673,0.317
215500,0.010,0.497,0.493
216000,0.010,0.931,0.059
216500,0.010,0.550,0.440
217000,0.010,0.665,0.325
217500,0.010,0.513,0.477
218000,0.010,0.544,0.446
218500,0.010,0.710,0.280
219000,0.010,0.587,0.403
219500,0.010,0.536,0.454
220000,0.010,0.741,0.249
220500,0.010,0.748,0.242
221000,0.010,0.784,0.206
221500,0.010,0.553,0.437
222000,0.010,0.396,0.594
222500,0.010,0.475,0.515
223000,0.010,0.735,0.255
223500,0.010,0.941,0.049
224000,0.010,0.675,0.315
224500,0.010,0.598,0.392
225000,0.010,0.368,0.622
225500,0.010,0.682,0.308
226000,0.010,0.503,0.487
226500,0.010,0.644,0.346
227000,0.010,0.447,0.543
227500,0.010,0.876,0.114
228000,0.010,0.799,0.191
228500,0.010,0.763,0.227
229000,0.010,0.557,0.433
229500,0.010,0.850,0.140
230000,0.010,0.729,0.261
230500,0.010,0.807,0.183
231000,0.010,0.622,0.368
231500,0.010,0.733,0.257
232000,0.010,0.435,0.555
232500,0.010,0.617,0.373
233000,0.010,0.723,0.267
233500,0.010,0.669,0.321
234000,0.010,0.850,0.140
234500,0.010,0.430,0.560
235000,0.010,0.637,0.353
235500,0.010,0.674,0.316
236000,0.010,0.778,0.212
236500,0.010,0.679,0.311
237000,0.010,0.880,0.110
237500,0.010,0.483,0.507
238000,0.010,0.637,0.353
238500,0.010,0.550,0.440
239000,0.010,0.805,0.185
239500,0.010,0.789,0.201
240000,0.010,0.632,0.358
240500,0.010,0.626,0.364
241000,0.010,0.885,0.105
241500,0.010,0.730,0.260
242000,0.010,0.519,0.471
242500,0.010,0.530,0.460
243000,0.010,0.768,0.222
243500,0.010,0.686,0.304
244000,0.010,0.765,0.225
244500,0.010,0.666,0.324
245000,0.010,0.604,0.386
245500,0.010,0.941,0.049
246000,0.010,0.911,0.079
246500,0.010,0.621,0.369
247000,0.010,0.963,0.027
247500,0.010,0.798,0.192
248000,0.010,0.725,0.265
248500,0.010,0.666,0.324
249000,0.010,0.581,0.409
249500,0.010,0.598,0.392
250000,0.010,0.950,0.040
250500,0.010,0.658,0.332
251000,0.010,0.741,0.249
251500,0.010,0.594,0.396
252000,0.010,0.530,0.460
252500,0.010,0.569,0.421
253000,0.010,0.913,0.077
253500,0.010,0.659,0.331
254000,0.010,0.872,0.118
254500,0.010,0.802,0.188
255000,0.010,0.505,0.485
255500,0.010,0.504,0.486
256000,0.010,0.404,0.586
256500,0.010,0.617,0.373
257000,0.010,0.550,0.440
257500,0.010,0.661,0.329
258000,0.010,0.658,0.332
258500,0.010,0.707,0.283
259000,0.010,0.779,0.211
259500,0.010,0.510,0.480
260000,0.010,0.732,0.258
260500,0.010,0.735,0.255
261000,0.010,0.424,0.566
261500,0.010,0.696,0.294
262000,0.010,0.772,0.218
262500,0.010,0.629,0.361
263000,0.010,0.644,0.346
263500,0.010,0.705,0.285
264000,0.010,0.642,0.348
264500,0.010,0.833,0.157
265000,0.010,0.935,0.055
265500,0.010,0.407,0.583
266000,0.010,0.753,0.237
266500,0.010,0.652,0.338
267000,0.010,0.748,0.242
267500,0.010,0.756,0.234
268000,0.010,0.943,0.047
268500,0.010,0.926,0.064
269000,0.010,0.894,0.096
269500,0.010,0.696,0.294
270000,0.010,0.659,0.331
270500,0.010,0.545,0.445
271000,0.010,0.534,0.456
271500,0.010,0.776,0.214
272000,0.010,0.564,0.426
272500,0.010,0.518,0.472
273000,0.010,0.753,0.237
273500,0.010,0.628,0.362
274000,0.010,0.669,0.321
274500,0.010,0.606,0.384
275000,0.010,0.653,0.337
275500,0.010,0.657,0.333
276000,0.010,0.912,0.078
276500,0.010,0.674,0.316
277000,0.010,0.503,0.487
277500,0.010,0.542,0.448
278000,0.010,0.895,0.095
278500,0.010,0.700,0.290
279000,0.010,0.793,0.197
279500,0.010,0.462,0.528
280000,0.010,0.505,0.485
280500,0.010,0.729,0.261
281000,0.010,0.606,0.384
281500,0.010,0.809,0.181
282000,0.010,0.621,0.369
282500,0.010,0.581,0.409
283000,0.010,0.675,0.315
283500,0.010,0.596,0.394
284000,0.010,0.871,0.119
284500,0.010,0.603,0.387
285000,0.010,0.673,0.317
285500,0.010,0.759,0.231
286000,0.010,0.750,0.240
286500,0.010,0.537,0.453
287000,0.010,0.722,0.268
287500,0.010,0.919,0.071
288000,0.010,0.691,0.299
288500,0.010,0.834,0.156
289000,0.010,0.652,0.338
289500,0.010,0.398,0.592
290000,0.010,0.606,0.384
290500,0.010,0.549,0.441
291000,0.010,0.626,0.364
291500,0.010,0.750,0.240
292000,0.010,0.657,0.333
292500,0.010,0.827,0.163
293000,0.010,0.631,0.359
293500,0.010,0.759,0.231
294000,0.010,0.706,0.284
294500,0.010,0.775,0.215
295000,0.010,0.722,0.268
295500,0.010,0.450,0.540
296000,0.010,0.796,0.194
296500,0.010,0.618,0.372
297000,0.010,0.768,0.222
297500,0.010,0.803,0.187
298000,0.010,0.926,0.064
298500,0.010,0.809,0.181
299000,0.010,0.722,0.268
299500,0.010,0.904,0.086
300000,0.010,0.712,0.278
300500,0.010,0.622,0.368
301000,0.010,0.614,0.376
301500,0.010,0.773,0.217
302000,0.010,0.330,0.660
302500,0.010,0.809,0.181
303000,0.010,0.745,0.245
303500,0.010,0.699,0.291
304000,0.010,0.585,0.405
304500,0.010,0.602,0.388
305000,0.010,0.552,0.438
305500,0.010,0.678,0.312
306000,0.010,0.695,0.295
306500,0.010,0.516,0.474
307000,0.010,0.388,0.602
307500,0.010,0.549,0.441
308000,0.010,0.696,0.294
308500,0.010,0.916,0.074
309000,0.010,0.801,0.189
309500,0.010,0.756,0.234
310000,0.010,0.442,0.548
310500,0.010,0.559,0.431
311000,0.010,0.666,0.324
311500,0.010,0.582,0.408
312000,0.010,0.609,0.381
312500,0.010,0.545,0.445
313000,0.010,0.623,0.367
313500,0.010,0.512,0.478
314000,0.010,0.743,0.247
314500,0.010,0.653,0.337
315000,0.010,0.754,0.236
315500,0.010,0.729,0.261
316000,0.010,0.444,0.546
316500,0.010,0.785,0.205
317000,0.010,0.826,0.164
317500,0.010,0.830,0.160
318000,0.010,0.917,0.073
318500,0.010,0.897,0.093
319000,0.010,0.812,0.178
319500,0.010,0.652,0.338
320000,0.010,0.576,0.414
320500,0.010,0.714,0.276
321000,0.010,0.539,0.451
321500,0.010,0.613,0.377
322000,0.010,0.425,0.565
322500,0.010,0.898,0.092
323000,0.010,0.681,0.309
323500,0.010,0.657,0.333
324000,0.010,0.747,0.243
324500,0.010,0.536,0.454
325000,0.010,0.612,0.378
325500,0.010,0.701,0.289
326000,0.010,0.671,0.319
326500,0.010,0.768,0.222
327000,0.010,0.386,0.604
327500,0.010,0.429,0.561
328000,0.010,0.428,0.562
328500,0.010,0.535,0.455
329000,0.010,0.709,0.281
329500,0.010,0.733,0.257
330000,0.010,0.450,0.540
330500,0.010,0.655,0.335
331000,0.010,0.674,0.316
331500,0.010,0.547,0.443
332000,0.010,0.797,0.193
332500,0.010,0.884,0.106
333000,0.010,0.430,0.560
333500,0.010,0.659,0.331
334000,0.010,0.646,0.344
334500,0.010,0.811,0.179
335000,0.010,0.347,0.643
335500,0.010,0.673,0.317
336000,0.010,0.506,0.484
336500,0.010,0.762,0.228
337000,0.010,0.381,0.609
337500,0.010,0.649,0.341
338000,0.010,0.514,0.476
338500,0.010,0.702,0.288
339000,0.010,0.828,0.162
339500,0.010,0.516,0.474
340000,0.010,0.443,0.547
340500,0.010,0.546,0.444
341000,0.010,0.793,0.197
341500,0.010,0.705,0.285
342000,0.010,0.624,0.366
342500,0.010,0.535,0.455
343000,0.010,0.330,0.660
343500,0.010,0.547,0.443
344000,0.010,0.379,0.611
344500,0.010,0.570,0.420
345000,0.010,0.884,0.106
345500,0.010,0.529,0.461
346000,0.010,0.699,0.291
346500,0.010,0.632,0.358
347000,0.010,0.516,0.474
347500,0.010,0.556,0.434
348000,0.010,0.522,0.468
348500,0.010,0.440,0.550
349000,0.010,0.463,0.527
349500,0.010,0.371,0.619
350000,0.010,0.531,0.459
350500,0.010,0.349,0.641
351000,0.010,0.420,0.570
351500,0.010,0.775,0.215
352000,0.010,0.532,0.458
352500,0.010,0.746,0.244
353000,0.010,0.666,0.324
353500,0.010,0.885,0.105
354000,0.010,0.791,0.199
354500,0.010,0.599,0.391
355000,0.010,0.562,0.428
355500,0.010,0.688,0.302
356000,0.010,0.520,0.470
356500,0.010,0.577,0.413
357000,0.010,0.609,0.381
357500,0.010,0.426,0.564
358000,0.010,0.653,0.337
358500,0.010,0.803,0.187
359000,0.010,0.586,0.404
359500,0.010,0.520,0.470
360000,0.010,0.705,0.285
360500,0.010,0.735,0.255
361000,0.010,0.610,0.380
361500,0.010,0.664,0.326
362000,0.010,0.977,0.013
362500,0.010,0.414,0.576
363000,0.010,0.475,0.515
363500,0.010,0.546,0.444
364000,0.010,0.561,0.429
364500,0.010,0.746,0.244
365000,0.010,0.597,0.393
365500,0.010,0.580,0.410
366000,0.010,0.661,0.329
366500,0.010,0.638,0.352
367000,0.010,0.799,0.191
367500,0.010,0.858,0.132
368000,0.010,0.754,0.236
368500,0.010,0.677,0.313
369000,0.010,0.497,0.493
369500,0.010,0.762,0.228
370000,0.010,0.687,0.303
370500,0.010,0.780,0.210
371000,0.010,0.789,0.201
371500,0.010,0.661,0.329
372000,0.010,0.835,0.155
372500,0.010,0.653,0.337
373000,0.010,0.454,0.536
373500,0.010,0.641,0.349
374000,0.010,0.469,0.521
374500,0.010,0.618,0.372
375000,0.010,0.545,0.445
375500,0.010,0.981,0.009
376000,0.010,0.660,0.330
376500,0.010,0.684,0.306
377000,0.010,0.926,0.064
377500,0.010,0.461,0.529
378000,0.010,0.325,0.665
378500,0.010,0.651,0.339
379000,0.010,0.923,0.067
379500,0.010,0.547,0.443
380000,0.010,0.394,0.596
380500,0.010,0.516,0.474
381000,0.010,0.578,0.412
381500,0.010,0.637,0.353
382000,0.010,0.755,0.235
382500,0.010,0.673,0.317
383000,0.010,0.824,0.166
383500,0.010,0.800,0.190
384000,0.010,0.648,0.342
384500,0.010,0.764,0.226
385000,0.010,0.555,0.435
385500,0.010,0.620,0.370
386000,0.010,0.926,0.064
386500,0.010,0.790,0.200
387000,0.010,0.777,0.213
387500,0.010,0.973,0.017
388000,0.010,0.645,0.345
388500,0.010,0.322,0.668
389000,0.010,0.576,0.414
389500,0.010,0.761,0.229
390000,0.010,0.681,0.309
390500,0.010,0.908,0.082
391000,0.010,0.856,0.134
391500,0.010,0.498,0.492
392000,0.010,0.646,0.344
392500,0.010,0.565,0.425
393000,0.010,0.761,0.229
393500,0.010,0.758,0.232
394000,0.010,0.588,0.402
394500,0.010,0.542,0.448
395000,0.010,0.777,0.213
395500,0.010,0.710,0.280
396000,0.010,0.484,0.506
396500,0.010,0.532,0.458
397000,0.010,0.751,0.239
397500,0.010,0.741,0.249
398000,0.010,0.818,0.172
398500,0.010,0.812,0.178
399000,0.010,0.988,0.002
399500,0.010,0.861,0.129
400000,0.010,0.822,0.168
400500,0.010,0.925,0.065
401000,0.010,0.578,0.412
401500,0.010,0.614,0.376
402000,0.010,0.556,0.434
402500,0.010,0.483,0.507
403000,0.010,0.804,0.186
403500,0.010,0.561,0.429
404000,0.010,0.529,0.461
404500,0.010,0.639,0.351
405000,0.010,0.810,0.180
405500,0.010,0.564,0.426
406000,0.010,0.797,0.193
406500,0.010,0.793,0.197
407000,0.010,0.376,0.614
407500,0.010,0.731,0.259
408000,0.010,0.579,0.411
408500,0.010,0.652,0.338
409000,0.010,0.493,0.497
409500,0.010,0.699,0.291
410000,0.010,0.495,0.495
410500,0.010,0.868,0.122
411000,0.010,0.577,0.413
411500,0.010,0.709,0.281
412000,0.010,0.552,0.438
412500,0.010,0.422,0.568
413000,0.010,0.555,0.435
413500,0.010,0.882,0.108
414000,0.010,0.597,0.393
414500,0.010,0.718,0.272
415000,0.010,0.721,0.269
415500,0.010,0.675,0.315
416000,0.010,0.534,0.456
416500,0.010,0.596,0.394
417000,0.010,0.687,0.303
417500,0.010,0.786,0.204
418000,0.010,0.614,0.376
418500,0.010,0.599,0.391
419000,0.010,0.682,0.308
419500,0.010,0.914,0.076
420000,0.010,0.693,0.297
420500,0.010,0.513,0.477
421000,0.010,0.711,0.279
421500,0.010,0.967,0.023
422000,0.010,0.985,0.005
422500,0.010,0.813,0.177
423000,0.010,0.752,0.238
423500,0.010,0.509,0.481
424000,0.010,0.674,0.316
424500,0.010,0.546,0.444
425000,0.010,0.747,0.243
425500,0.010,0.798,0.192
426000,0.010,0.580,0.410
426500,0.010,0.645,0.345
427000,0.010,0.580,0.410
427500,0.010,0.743,0.247
428000,0.010,0.790,0.200
428500,0.010,0.651,0.339
429000,0.010,0.782,0.208
429500,0.010,0.795,0.195
430000,0.010,0.565,0.425
430500,0.010,0.604,0.386
431000,0.010,0.567,0.423
431500,0.010,0.612,0.378
432000,0.010,0.549,0.441
432500,0.010,0.938,0.052
433000,0.010,0.792,0.198
433500,0.010,0.842,0.148
434000,0.010,0.597,0.393
434500,0.010,0.786,0.204
435000,0.010,0.646,0.344
435500,0.010,0.824,0.166
436000,0.010,0.990,0.000
436500,0.010,0.965,0.025
437000,0.010,0.550,0.440
437500,0.010,0.386,0.604
438000,0.010,0.663,0.327
438500,0.010,0.563,0.427
439000,0.010,0.645,0.345
439500,0.010,0.551,0.439
440000,0.010,0.691,0.299
440500,0.010,0.650,0.340
441000,0.010,0.426,0.564
441500,0.010,0.650,0.340
442000,0.010,0.565,0.425
442500,0.010,0.667,0.323
443000,0.010,0.576,0.414
443500,0.010,0.616,0.374
444000,0.010,0.726,0.264
444500,0.010,0.650,0.340
445000,0.010,0.578,0.412
445500,0.010,0.863,0.127
446000,0.010,0.494,0.496
446500,0.010,0.573,0.417
447000,0.010,0.622,0.368
447500,0.010,0.625,0.365
448000,0.010,0.891,0.099
448500,0.010,0.770,0.220
449000,0.010,0.737,0.253
449500,0.010,0.636,0.354
450000,0.010,0.771,0.219
450500,0.010,0.468,0.522
451000,0.010,0.639,0.351
451500,0.010,0.426,0.564
452000,0.010,0.703,0.287
452500,0.010,0.792,0.198
453000,0.010,0.708,0.282
453500,0.010,0.601,0.389
454000,0.010,0.659,0.331
454500,0.010,0.752,0.238
455000,0.010,0.666,0.324
455500,0.010,0.548,0.442
456000,0.010,0.937,0.053
456500,0.010,0.538,0.452
457000,0.010,0.702,0.288
457500,0.010,0.650,0.340
458000,0.010,0.702,0.288
458500,0.010,0.627,0.363
459000,0.010,0.440,0.550
459500,0.010,0.702,0.288
460000,0.010,0.798,0.192
460500,0.010,0.705,0.285
461000,0.010,0.802,0.188
461500,0.010,0.743,0.247
462000,0.010,0.600,0.390
462500,0.010,0.558,0.432
463000,0.010,0.769,0.221
463500,0.010,0.802,0.188
464000,0.010,0.703,0.287
464500,0.010,0.753,0.237
465000,0.010,0.555,0.435
465500,0.010,0.579,0.411
466000,0.010,0.776,0.214
466500,0.010,0.969,0.021
467000,0.010,0.687,0.303
467500,0.010,0.577,0.413
468000,0.010,0.620,0.370
468500,0.010,0.672,0.318
469000,0.010,0.736,0.254
469500,0.010,0.512,0.478
470000,0.010,0.824,0.166
470500,0.010,0.485,0.505
471000,0.010,0.514,0.476
471500,0.010,0.416,0.574
472000,0.010,0.529,0.461
472500,0.010,0.639,0.351
473000,0.010,0.667,0.323
473500,0.010,0.729,0.261
474000,0.010,0.564,0.426
474500,0.010,0.740,0.250
475000,0.010,0.739,0.251
475500,0.010,0.715,0.275
476000,0.010,0.677,0.313
476500,0.010,0.866,0.124
477000,0.010,0.932,0.058
477500,0.010,0.704,0.286
478000,0.010,0.490,0.500
478500,0.010,0.454,0.536
479000,0.010,0.648,0.342
479500,0.010,0.666,0.324
480000,0.010,0.555,0.435
480500,0.010,0.836,0.154
481000,0.010,0.622,0.368
481500,0.010,0.544,0.446
482000,0.010,0.663,0.327
482500,0.010,0.553,0.437
483000,0.010,0.436,0.554
483500,0.010,0.675,0.315
484000,0.010,0.527,0.463
484500,0.010,0.837,0.153
485000,0.010,0.677,0.313
485500,0.010,0.651,0.339
486000,0.010,0.565,0.425
486500,0.010,0.713,0.277
487000,0.010,0.550,0.440
487500,0.010,0.573,0.417
488000,0.010,0.752,0.238
488500,0.010,0.580,0.410
489000,0.010,0.498,0.492
489500,0.010,0.639,0.351
490000,0.010,0.722,0.268
490500,0.010,0.745,0.245
491000,0.010,0.569,0.421
491500,0.010,0.610,0.380
492000,0.010,0.543,0.447
492500,0.010,0.443,0.547
493000,0.010,0.849,0.141
493500,0.010,0.686,0.304
494000,0.010,0.715,0.275
494500,0.010,0.760,0.230
495000,0.010,0.838,0.152
495500,0.010,0.434,0.556
496000,0.010,0.585,0.405
496500,0.010,0.462,0.528
497000,0.010,0.759,0.231
497500,0.010,0.795,0.195
498000,0.010,0.408,0.582
498500,0.010,0.641,0.349
499000,0.010,0.925,0.065
499500,0.010,0.847,0.143
500000,0.010,0.646,0.344
500500,0.010,0.607,0.383
501000,0.010,0.711,0.279
501500,0.010,0.684,0.306
502000,0.010,0.725,0.265
502500,0.010,0.783,0.207
503000,0.010,0.869,0.121
503500,0.010,0.769,0.221
504000,0.010,0.619,0.371
504500,0.010,0.711,0.279
505000,0.010,0.641,0.349
505500,0.010,0.625,0.365
506000,0.010,0.857,0.133
506500,0.010,0.804,0.186
507000,0.010,0.941,0.049
507500,0.010,0.946,0.044
508000,0.010,0.801,0.189
508500,0.010,0.592,0.398
509000,0.010,0.820,0.170
509500,0.010,0.840,0.150
510000,0.010,0.487,0.503
510500,0.010,0.480,0.510
511000,0.010,0.647,0.343
511500,0.010,0.609,0.381
512000,0.010,0.566,0.424
512500,0.010,0.652,0.338
513000,0.010,0.538,0.452
513500,0.010,0.682,0.308
514000,0.010,0.764,0.226
514500,0.010,0.937,0.053
515000,0.010,0.701,0.289
515500,0.010,0.490,0.500
516000,0.010,0.792,0.198
516500,0.010,0.794,0.196
517000,0.010,0.595,0.395
517500,0.010,0.752,0.238
518000,0.010,0.544,0.446
518500,0.010,0.825,0.165
519000,0.010,0.704,0.286
519500,0.010,0.739,0.251
520000,0.010,0.598,0.392
520500,0.010,0.794,0.196
521000,0.010,0.846,0.144
521500,0.010,0.760,0.230
522000,0.010,0.769,0.221
522500,0.010,0.736,0.254
523000,0.010,0.583,0.407
523500,0.010,0.598,0.392
524000,0.010,0.539,0.451
524500,0.010,0.777,0.213
525000,0.010,0.439,0.551
525500,0.010,0.590,0.400
526000,0.010,0.708,0.282
526500,0.010,0.410,0.580
527000,0.010,0.502,0.488
527500,0.010,0.641,0.349
528000,0.010,0.724,0.266
528500,0.010,0.744,0.246
529000,0.010,0.784,0.206
529500,0.010,0.472,0.518
530000,0.010,0.767,0.223
530500,0.010,0.696,0.294
531000,0.010,0.805,0.185
531500,0.010,0.534,0.456
532000,0.010,0.679,0.311
532500,0.010,0.584,0.406
533000,0.010,0.541,0.449
533500,0.010,0.754,0.236
534000,0.010,0.759,0.231
534500,0.010,0.629,0.361
535000,0.010,0.516,0.474
535500,0.010,0.811,0.179
536000,0.010,0.939,0.051
536500,0.010,0.764,0.226
537000,0.010,0.625,0.365
537500,0.010,0.528,0.462
538000,0.010,0.738,0.252
538500,0.010,0.653,0.337
539000,0.010,0.609,0.381
539500,0.010,0.751,0.239
540000,0.010,0.651,0.339
540500,0.010,0.793,0.197
541000,0.010,0.571,0.419
541500,0.010,0.641,0.349
542000,0.010,0.517,0.473
542500,0.010,0.580,0.410
543000,0.010,0.634,0.356
543500,0.010,0.813,0.177
544000,0.010,0.602,0.388
544500,0.010,0.511,0.479
545000,0.010,0.556,0.434
545500,0.010,0.477,0.513
546000,0.010,0.547,0.443
546500,0.010,0.651,0.339
547000,0.010,0.589,0.401
547500,0.010,0.752,0.238
548000,0.010,0.770,0.220
548500,0.010,0.940,0.050
549000,0.010,0.810,0.180
549500,0.010,0.738,0.252
550000,0.010,0.707,0.283
550500,0.010,0.668,0.322
551000,0.010,0.628,0.362
551500,0.010,0.601,0.389
552000,0.010,0.442,0.548
552500,0.010,0.749,0.241
553000,0.010,0.813,0.177
553500,0.010,0.706,0.284
554000,0.010,0.551,0.439
554500,0.010,0.649,0.341
555000,0.010,0.898,0.092
555500,0.010,0.580,0.410
556000,0.010,0.544,0.446
556500,0.010,0.577,0.413
557000,0.010,0.519,0.471
557500,0.010,0.484,0.506
558000,0.010,0.792,0.198
558500,0.010,0.527,0.463
559000,0.010,0.610,0.380
559500,0.010,0.670,0.320
560000,0.010,0.674,0.316
560500,0.010,0.562,0.428
561000,0.010,0.592,0.398
561500,0.010,0.693,0.297
562000,0.010,0.484,0.506
562500,0.010,0.680,0.310
563000,0.010,0.609,0.381
563500,0.010,0.694,0.296
564000,0.010,0.724,0.266
564500,0.010,0.691,0.299
565000,0.010,0.773,0.217
565500,0.010,0.967,0.023
566000,0.010,0.940,0.050
566500,0.010,0.773,0.217
567000,0.010,0.776,0.214
567500,0.010,0.605,0.385
568000,0.010,0.548,0.442
568500,0.010,0.673,0.317
569000,0.010,0.700,0.290
569500,0.010,0.686,0.304
570000,0.010,0.782,0.208
570500,0.010,0.531,0.459
571000,0.010,0.712,0.278
571500,0.010,0.821,0.169
572000,0.010,0.446,0.544
572500,0.010,0.722,0.268
573000,0.010,0.485,0.505
573500,0.010,0.629,0.361
574000,0.010,0.591,0.399
574500,0.010,0.651,0.339
575000,0.010,0.851,0.139
575500,0.010,0.554,0.436
576000,0.010,0.645,0.345
576500,0.010,0.739,0.251
577000,0.010,0.361,0.629
577500,0.010,0.675,0.315
578000,0.010,0.500,0.490
578500,0.010,0.716,0.274
579000,0.010,0.591,0.399
579500,0.010,0.605,0.385
580000,0.010,0.795,0.195
580500,0.010,0.335,0.655
581000,0.010,0.674,0.316
581500,0.010,0.896,0.094
582000,0.010,0.740,0.250
582500,0.010,0.743,0.247
583000,0.010,0.446,0.544
583500,0.010,0.630,0.360
584000,0.010,0.551,0.439
584500,0.010,0.604,0.386
585000,0.010,0.737,0.253
585500,0.010,0.610,0.380
586000,0.010,0.692,0.298
586500,0.010,0.662,0.328
587000,0.010,0.674,0.316
587500,0.010,0.709,0.281
588000,0.010,0.575,0.415
588500,0.010,0.705,0.285
589000,0.010,0.529,0.461
589500,0.010,0.675,0.315
590000,0.010,0.636,0.354
590500,0.010,0.502,0.488
591000,0.010,0.633,0.357
591500,0.010,0.833,0.157
592000,0.010,0.830,0.160
592500,0.010,0.563,0.427
593000,0.010,0.755,0.235
593500,0.010,0.730,0.260
594000,0.010,0.528,0.462
594500,0.010,0.483,0.507
595000,0.010,0.691,0.299
595500,0.010,0.447,0.543
596000,0.010,0.696,0.294
596500,0.010,0.804,0.186
597000,0.010,0.887,0.103
597500,0.010,0.832,0.158
598000,0.010,0.770,0.220
598500,0.010,0.823,0.167
599000,0.010,0.762,0.228
599500,0.010,0.489,0.501
600000,0.010,0.522,0.468
600500,0.010,0.948,0.042
601000,0.010,0.563,0.427
601500,0.010,0.678,0.312
602000,0.010,0.687,0.303
602500,0.010,0.774,0.216
603000,0.010,0.533,0.457
603500,0.010,0.689,0.301
604000,0.010,0.774,0.216
604500,0.010,0.923,0.067
605000,0.010,0.786,0.204
605500,0.010,0.726,0.264
606000,0.010,0.449,0.541
606500,0.010,0.343,0.647
607000,0.010,0.582,0.408
607500,0.010,0.627,0.363
608000,0.010,0.843,0.147
608500,0.010,0.715,0.275
609000,0.010,0.857,0.133
609500,0.010,0.756,0.234
610000,0.010,0.821,0.169
610500,0.010,0.602,0.388
611000,0.010,0.431,0.559
611500,0.010,0.684,0.306
612000,0.010,0.426,0.564
612500,0.010,0.485,0.505
613000,0.010,0.479,0.511
613500,0.010,0.716,0.274
614000,0.010,0.701,0.289
614500,0.010,0.790,0.200
615000,0.010,0.947,0.043
615500,0.010,0.633,0.357
616000,0.010,0.506,0.484
616500,0.010,0.695,0.295
617000,0.010,0.711,0.279
617500,0.010,0.734,0.256
618000,0.010,0.610,0.380
618500,0.010,0.611,0.379
619000,0.010,0.620,0.370
619500,0.010,0.501,0.489
620000,0.010,0.570,0.420
620500,0.010,0.688,0.302
621000,0.010,0.742,0.248
621500,0.010,0.675,0.315
622000,0.010,0.702,0.288
622500,0.010,0.588,0.402
623000,0.010,0.446,0.544
623500,0.010,0.692,0.298
624000,0.010,0.484,0.506
624500,0.010,0.694,0.296
625000,0.010,0.825,0.165
625500,0.010,0.716,0.274
626000,0.010,0.567,0.423
626500,0.010,0.777,0.213
627000,0.010,0.728,0.262
627500,0.010,0.823,0.167
628000,0.010,0.631,0.359
628500,0.010,0.978,0.012
629000,0.010,0.789,0.201
629500,0.010,0.608,0.382
630000,0.010,0.844,0.146
630500,0.010,0.534,0.456
631000,0.010,0.598,0.392
631500,0.010,0.631,0.359
632000,0.010,0.551,0.439
632500,0.010,0.610,0.380
633000,0.010,0.718,0.272
633500,0.010,0.686,0.304
634000,0.010,0.789,0.201
634500,0.010,0.835,0.155
635000,0.010,0.405,0.585
635500,0.010,0.429,0.561
636000,0.010,0.638,0.352
636500,0.010,0.640,0.350
637000,0.010,0.719,0.271
637500,0.010,0.440,0.550
638000,0.010,0.825,0.165
638500,0.010,0.580,0.410
639000,0.010,0.672,0.318
639500,0.010,0.569,0.421
640000,0.010,0.773,0.217
640500,0.010,0.738,0.252
641000,0.010,0.539,0.451
641500,0.010,0.728,0.262
642000,0.010,0.549,0.441
642500,0.010,0.587,0.403
643000,0.010,0.658,0.332
643500,0.010,0.620,0.370
644000,0.010,0.820,0.170
644500,0.010,0.602,0.388
645000,0.010,0.519,0.471
645500,0.010,0.677,0.313
646000,0.010,0.407,0.583
646500,0.010,0.422,0.568
647000,0.010,0.858,0.132
647500,0.010,0.857,0.133
648000,0.010,0.597,0.393
648500,0.010,0.572,0.418
649000,0.010,0.689,0.301
649500,0.010,0.900,0.090
650000,0.010,0.800,0.190
650500,0.010,0.681,0.309
651000,0.010,0.697,0.293
651500,0.010,0.767,0.223
652000,0.010,0.895,0.095
652500,0.010,0.901,0.089
653000,0.010,0.791,0.199
653500,0.010,0.504,0.486
654000,0.010,0.628,0.362
654500,0.010,0.675,0.315
655000,0.010,0.544,0.446
655500,0.010,0.617,0.373
656000,0.010,0.534,0.456
656500,0.010,0.866,0.124
657000,0.010,0.758,0.232
657500,0.010,0.586,0.404
658000,0.010,0.509,0.481
658500,0.010,0.427,0.563
659000,0.010,0.724,0.266
659500,0.010,0.618,0.372
660000,0.010,0.861,0.129
660500,0.010,0.685,0.305
661000,0.010,0.486,0.504
661500,0.010,0.502,0.488
662000,0.010,0.863,0.127
662500,0.010,0.680,0.310
663000,0.010,0.542,0.448
663500,0.010,0.622,0.368
664000,0.010,0.840,0.150
664500,0.010,0.861,0.129
665000,0.010,0.603,0.387
665500,0.010,0.549,0.441
666000,0.010,0.770,0.220
666500,0.010,0.561,0.429
667000,0.010,0.630,0.360
667500,0.010,0.550,0.440
668000,0.010,0.336,0.654
668500,0.010,0.640,0.350
669000,0.010,0.597,0.393
669500,0.010,0.754,0.236
670000,0.010,0.604,0.386
670500,0.010,0.673,0.317
671000,0.010,0.502,0.488
671500,0.010,0.671,0.319
672000,0.010,0.643,0.347
672500,0.010,0.760,0.230
673000,0.010,0.366,0.624
673500,0.010,0.615,0.375
674000,0.010,0.770,0.220
674500,0.010,0.686,0.304
675000,0.010,0.528,0.462
675500,0.010,0.807,0.183
676000,0.010,0.864,0.126
676500,0.010,0.817,0.173
677000,0.010,0.666,0.324
677500,0.010,0.563,0.427
678000,0.010,0.766,0.224
678500,0.010,0.663,0.327
679000,0.010,0.408,0.582
679500,0.010,0.450,0.540
680000,0.010,0.581,0.409
680500,0.010,0.622,0.368
681000,0.010,0.534,0.456
681500,0.010,0.671,0.319
682000,0.010,0.672,0.318
682500,0.010,0.490,0.500
683000,0.010,0.434,0.556
683500,0.010,0.550,0.440
684000,0.010,0.754,0.236
684500,0.010,0.865,0.125
685000,0.010,0.713,0.277
685500,0.010,0.583,0.407
686000,0.010,0.403,0.587
686500,0.010,0.554,0.436
687000,0.010,0.736,0.254
687500,0.010,0.984,0.006
688000,0.010,0.977,0.013
688500,0.010,0.885,0.105
689000,0.010,0.804,0.186
689500,0.010,0.621,0.369
690000,0.010,0.952,0.038
690500,0.010,0.737,0.253
691000,0.010,0.670,0.320
691500,0.010,0.727,0.263
692000,0.010,0.498,0.492
692500,0.010,0.313,0.677
693000,0.010,0.698,0.292
693500,0.010,0.906,0.084
694000,0.010,0.669,0.321
694500,0.010,0.803,0.187
695000,0.010,0.721,0.269
695500,0.010,0.669,0.321
696000,0.010,0.717,0.273
696500,0.010,0.693,0.297
697000,0.010,0.820,0.170
697500,0.010,0.705,0.285
698000,0.010,0.789,0.201
698500,0.010,0.736,0.254
699000,0.010,0.986,0.004
699500,0.010,0.727,0.263
700000,0.010,0.743,0.247
700500,0.010,0.594,0.396
701000,0.010,0.516,0.474
701500,0.010,0.403,0.587
702000,0.010,0.475,0.515
702500,0.010,0.881,0.109
703000,0.010,0.689,0.301
703500,0.010,0.641,0.349
704000,0.010,0.731,0.259
704500,0.010,0.771,0.219
705000,0.010,0.495,0.495
705500,0.010,0.561,0.429
706000,0.010,0.531,0.459
706500,0.010,0.684,0.306
707000,0.010,0.443,0.547
707500,0.010,0.470,0.520
708000,0.010,0.605,0.385
708500,0.010,0.850,0.140
709000,0.010,0.615,0.375
709500,0.010,0.526,0.464
710000,0.010,0.724,0.266
710500,0.010,0.540,0.450
711000,0.010,0.571,0.419
711500,0.010,0.639,0.351
712000,0.010,0.649,0.341
712500,0.010,0.548,0.442
713000,0.010,0.867,0.123
713500,0.010,0.642,0.348
714000,0.010,0.767,0.223
714500,0.010,0.606,0.384
715000,0.010,0.775,0.215
715500,0.010,0.520,0.470
716000,0.010,0.512,0.478
716500,0.010,0.529,0.461
717000,0.010,0.607,0.383
717500,0.010,0.624,0.366
718000,0.010,0.506,0.484
718500,0.010,0.809,0.181
719000,0.010,0.679,0.311
719500,0.010,0.745,0.245
720000,0.010,0.801,0.189
720500,0.010,0.465,0.525
721000,0.010,0.513,0.477
721500,0.010,0.909,0.081
722000,0.010,0.936,0.054
722500,0.010,0.697,0.293
723000,0.010,0.627,0.363
723500,0.010,0.881,0.109
724000,0.010,0.527,0.463
724500,0.010,0.479,0.511
725000,0.010,0.720,0.270
725500,0.010,0.505,0.485
726000,0.010,0.703,0.287
726500,0.010,0.746,0.244
727000,0.010,0.853,0.137
727500,0.010,0.860,0.130
728000,0.010,0.938,0.052
728500,0.010,0.811,0.179
729000,0.010,0.728,0.262
729500,0.010,0.605,0.385
730000,0.010,0.744,0.246
730500,0.010,0.745,0.245
731000,0.010,0.692,0.298
731500,0.010,0.463,0.527
732000,0.010,0.416,0.574
732500,0.010,0.572,0.418
733000,0.010,0.657,0.333
733500,0.010,0.637,0.353
734000,0.010,0.683,0.307
734500,0.010,0.627,0.363
735000,0.010,0.987,0.003
735500,0.010,0.750,0.240
736000,0.010,0.689,0.301
736500,0.010,0.643,0.347
737000,0.010,0.665,0.325
737500,0.010,0.574,0.416
738000,0.010,0.569,0.421
738500,0.010,0.676,0.314
739000,0.010,0.484,0.506
739500,0.010,0.682,0.308
740000,0.010,0.648,0.342
740500,0.010,0.469,0.521
741000,0.010,0.818,0.172
741500,0.010,0.914,0.076
742000,0.010,0.726,0.264
742500,0.010,0.570,0.420
743000,0.010,0.787,0.203
743500,0.010,0.466,0.524
744000,0.010,0.690,0.300
744500,0.010,0.577,0.413
745000,0.010,0.391,0.599
745500,0.010,0.434,0.556
746000,0.010,0.929,0.061
746500,0.010,0.805,0.185
747000,0.010,0.549,0.441
747500,0.010,0.636,0.354
748000,0.010,0.548,0.442
748500,0.010,0.681,0.309
749000,0.010,0.404,0.586
749500,0.010,0.353,0.637
750000,0.010,0.690,0.300
750500,0.010,0.640,0.350
751000,0.010,0.556,0.434
751500,0.010,0.579,0.411
752000,0.010,0.555,0.435
752500,0.010,0.632,0.358
753000,0.010,0.619,0.371
753500,0.010,0.556,0.434
754000,0.010,0.932,0.058
754500,0.010,0.930,0.060
755000,0.010,0.975,0.015
755500,0.010,0.600,0.390
756000,0.010,0.532,0.458
756500,0.010,0.578,0.412
757000,0.010,0.764,0.226
757500,0.010,0.719,0.271
758000,0.010,0.737,0.253
758500,0.010,0.634,0.356
759000,0.010,0.785,0.205
759500,0.010,0.846,0.144
760000,0.010,0.926,0.064
760500,0.010,0.841,0.149
761000,0.010,0.806,0.184
761500,0.010,0.605,0.385
762000,0.010,0.491,0.499
762500,0.010,0.430,0.560
763000,0.010,0.699,0.291
763500,0.010,0.535,0.455
764000,0.010,0.716,0.274
764500,0.010,0.387,0.603
765000,0.010,0.596,0.394
765500,0.010,0.686,0.304
766000,0.010,0.855,0.135
766500,0.010,0.510,0.480
767000,0.010,0.633,0.357
767500,0.010,0.492,0.498
768000,0.010,0.480,0.510
768500,0.010,0.597,0.393
769000,0.010,0.396,0.594
769500,0.010,0.770,0.220
770000,0.010,0.521,0.469
770500,0.010,0.407,0.583
771000,0.010,0.633,0.357
771500,0.010,0.749,0.241
772000,0.010,0.497,0.493
772500,0.010,0.763,0.227
773000,0.010,0.865,0.125
773500,0.010,0.440,0.550
774000,0.010,0.659,0.331
774500,0.010,0.476,0.514
775000,0.010,0.572,0.418
775500,0.010,0.514,0.476
776000,0.010,0.865,0.125
776500,0.010,0.787,0.203
777000,0.010,0.703,0.287
777500,0.010,0.678,0.312
778000,0.010,0.756,0.234
778500,0.010,0.775,0.215
779000,0.010,0.551,0.439
779500,0.010,0.446,0.544
780000,0.010,0.901,0.089
780500,0.010,0.585,0.405
781000,0.010,0.540,0.450
781500,0.010,0.596,0.394
782000,0.010,0.822,0.168
782500,0.010,0.710,0.280
783000,0.010,0.416,0.574
783500,0.010,0.654,0.336
784000,0.010,0.614,0.376
784500,0.010,0.593,0.397
785000,0.010,0.745,0.245
785500,0.010,0.664,0.326
786000,0.010,0.665,0.325
786500,0.010,0.714,0.276
787000,0.010,0.344,0.646
787500,0.010,0.662,0.328
788000,0.010,0.846,0.144
788500,0.010,0.853,0.137
789000,0.010,0.705,0.285
789500,0.010,0.626,0.364
790000,0.010,0.569,0.421
790500,0.010,0.796,0.194
791000,0.010,0.663,0.327
791500,0.010,0.467,0.523
792000,0.010,0.816,0.174
792500,0.010,0.877,0.113
793000,0.010,0.572,0.418
793500,0.010,0.804,0.186
794000,0.010,0.481,0.509
794500,0.010,0.775,0.215
795000,0.010,0.669,0.321
795500,0.010,0.466,0.524
796000,0.010,0.386,0.604
796500,0.010,0.743,0.247
797000,0.010,0.473,0.517
797500,0.010,0.753,0.237
798000,0.010,0.754,0.236
798500,0.010,0.667,0.323
799000,0.010,0.636,0.354
799500,0.010,0.568,0.422
800000,0.010,0.804,0.186
800500,0.010,0.735,0.255
801000,0.010,0.637,0.353
801500,0.010,0.492,0.498
802000,0.010,0.690,0.300
802500,0.010,0.465,0.525
803000,0.010,0.597,0.393
803500,0.010,0.729,0.261
804000,0.010,0.589,0.401
804500,0.010,0.525,0.465
805000,0.010,0.818,0.172
805500,0.010,0.721,0.269
806000,0.010,0.562,0.428
806500,0.010,0.716,0.274
807000,0.010,0.863,0.127
807500,0.010,0.947,0.043
808000,0.010,0.474,0.516
808500,0.010,0.632,0.358
809000,0.010,0.467,0.523
809500,0.010,0.605,0.385
810000,0.010,0.798,0.192
810500,0.010,0.624,0.366
811000,0.010,0.725,0.265
811500,0.010,0.512,0.478
812000,0.010,0.566,0.424
812500,0.010,0.621,0.369
813000,0.010,0.649,0.341
813500,0.010,0.599,0.391
814000,0.010,0.557,0.433
814500,0.010,0.590,0.400
815000,0.010,0.728,0.262
815500,0.010,0.710,0.280
816000,0.010,0.788,0.202
816500,0.010,0.638,0.352
817000,0.010,0.769,0.221
817500,0.010,0.757,0.233
818000,0.010,0.657,0.333
818500,0.010,0.626,0.364
819000,0.010,0.515,0.475
819500,0.010,0.543,0.447
820000,0.010,0.584,0.406
820500,0.010,0.600,0.390
821000,0.010,0.493,0.497
821500,0.010,0.702,0.288
822000,0.010,0.587,0.403
822500,0.010,0.690,0.300
823000,0.010,0.664,0.326
823500,0.010,0.897,0.093
824000,0.010,0.727,0.263
824500,0.010,0.699,0.291
825000,0.010,0.667,0.323
825500,0.010,0.400,0.590
826000,0.010,0.611,0.379
826500,0.010,0.506,0.484
827000,0.010,0.720,0.270
827500,0.010,0.679,0.311
828000,0.010,0.614,0.376
828500,0.010,0.885,0.105
829000,0.010,0.472,0.518
829500,0.010,0.505,0.485
830000,0.010,0.611,0.379
830500,0.010,0.603,0.387
831000,0.010,0.794,0.196
831500,0.010,0.805,0.185
832000,0.010,0.725,0.265
832500,0.010,0.613,0.377
833000,0.010,0.793,0.197
833500,0.010,0.471,0.519
834000,0.010,0.743,0.247
834500,0.010,0.447,0.543
835000,0.010,0.627,0.363
835500,0.010,0.653,0.337
836000,0.010,0.576,0.414
836500,0.010,0.780,0.210
837000,0.010,0.726,0.264
837500,0.010,0.614,0.376
838000,0.010,0.827,0.163
838500,0.010,0.451,0.539
839000,0.010,0.585,0.405
839500,0.010,0.591,0.399
840000,0.010,0.372,0.618
840500,0.010,0.900,0.090
841000,0.010,0.517,0.473
841500,0.010,0.535,0.455
842000,0.010,0.775,0.215
842500,0.010,0.784,0.206
843000,0.010,0.586,0.404
843500,0.010,0.649,0.341
844000,0.010,0.589,0.401
844500,0.010,0.665,0.325
845000,0.010,0.426,0.564
845500,0.010,0.774,0.216
846000,0.010,0.874,0.116
846500,0.010,0.544,0.446
847000,0.010,0.857,0.133
847500,0.010,0.759,0.231
848000,0.010,0.473,0.517
848500,0.010,0.635,0.355
849000,0.010,0.804,0.186
849500,0.010,0.616,0.374
850000,0.010,0.846,0.144
850500,0.010,0.717,0.273
851000,0.010,0.713,0.277
851500,0.010,0.324,0.666
852000,0.010,0.644,0.346
852500,0.010,0.547,0.443
853000,0.010,0.466,0.524
853500,0.010,0.716,0.274
854000,0.010,0.456,0.534
854500,0.010,0.530,0.460
855000,0.010,0.733,0.257
855500,0.010,0.838,0.152
856000,0.010,0.604,0.386
856500,0.010,0.629,0.361
857000,0.010,0.862,0.128
857500,0.010,0.603,0.387
858000,0.010,0.799,0.191
858500,0.010,0.922,0.068
859000,0.010,0.528,0.462
859500,0.010,0.820,0.170
860000,0.010,0.896,0.094
860500,0.010,0.769,0.221
861000,0.010,0.579,0.411
861500,0.010,0.643,0.347
862000,0.010,0.686,0.304
862500,0.010,0.857,0.133
863000,0.010,0.530,0.460
863500,0.010,0.553,0.437
864000,0.010,0.600,0.390
864500,0.010,0.400,0.590
865000,0.010,0.850,0.140
865500,0.010,0.644,0.346
866000,0.010,0.743,0.247
866500,0.010,0.613,0.377
867000,0.010,0.664,0.326
867500,0.010,0.678,0.312
868000,0.010,0.810,0.180
868500,0.010,0.668,0.322
869000,0.010,0.387,0.603
869500,0.010,0.628,0.362
870000,0.010,0.462,0.528
870500,0.010,0.519,0.471
871000,0.010,0.940,0.050
871500,0.010,0.666,0.324
872000,0.010,0.715,0.275
872500,0.010,0.653,0.337
873000,0.010,0.860,0.130
873500,0.010,0.622,0.368
874000,0.010,0.651,0.339
874500,0.010,0.482,0.508
875000,0.010,0.590,0.400
875500,0.010,0.551,0.439
876000,0.010,0.848,0.142
876500,0.010,0.661,0.329
877000,0.010,0.578,0.412
877500,0.010,0.653,0.337
878000,0.010,0.901,0.089
878500,0.010,0.645,0.345
879000,0.010,0.513,0.477
879500,0.010,0.770,0.220
880000,0.010,0.678,0.312
880500,0.010,0.932,0.058
881000,0.010,0.900,0.090
881500,0.010,0.767,0.223
882000,0.010,0.636,0.354
882500,0.010,0.874,0.116
883000,0.010,0.987,0.003
883500,0.010,0.747,0.243
884000,0.010,0.543,0.447
884500,0.010,0.733,0.257
885000,0.010,0.544,0.446
885500,0.010,0.475,0.515
886000,0.010,0.382,0.608
886500,0.010,0.811,0.179
887000,0.010,0.897,0.093
887500,0.010,0.790,0.200
888000,0.010,0.685,0.305
888500,0.010,0.801,0.189
889000,0.010,0.652,0.338
889500,0.010,0.879,0.111
890000,0.010,0.520,0.470
890500,0.010,0.516,0.474
891000,0.010,0.583,0.407
891500,0.010,0.433,0.557
892000,0.010,0.829,0.161
892500,0.010,0.591,0.399
893000,0.010,0.655,0.335
893500,0.010,0.825,0.165
894000,0.010,0.700,0.290
894500,0.010,0.340,0.650
895000,0.010,0.440,0.550
895500,0.010,0.639,0.351
896000,0.010,0.989,0.001
896500,0.010,0.853,0.137
897000,0.010,0.940,0.050
897500,0.010,0.921,0.069
898000,0.010,0.504,0.486
898500,0.010,0.679,0.311
899000,0.010,0.617,0.373
899500,0.010,0.632,0.358
900000,0.010,0.593,0.397
900500,0.010,0.578,0.412
901000,0.010,0.689,0.301
901500,0.010,0.617,0.373
902000,0.010,0.755,0.235
902500,0.010,0.544,0.446
903000,0.010,0.514,0.476
903500,0.010,0.594,0.396
904000,0.010,0.652,0.338
904500,0.010,0.598,0.392
905000,0.010,0.619,0.371
905500,0.010,0.758,0.232
906000,0.010,0.700,0.290
906500,0.010,0.796,0.194
907000,0.010,0.863,0.127
907500,0.010,0.819,0.171
908000,0.010,0.887,0.103
908500,0.010,0.640,0.350
909000,0.010,0.786,0.204
909500,0.010,0.625,0.365
910000,0.010,0.617,0.373
910500,0.010,0.540,0.450
911000,0.010,0.429,0.561
911500,0.010,0.786,0.204
912000,0.010,0.659,0.331
912500,0.010,0.571,0.419
913000,0.010,0.916,0.074
913500,0.010,0.667,0.323
914000,0.010,0.611,0.379
914500,0.010,0.706,0.284
915000,0.010,0.967,0.023
915500,0.010,0.861,0.129
916000,0.010,0.565,0.425
916500,0.010,0.605,0.385
917000,0.010,0.546,0.444
917500,0.010,0.814,0.176
918000,0.010,0.566,0.424
918500,0.010,0.507,0.483
919000,0.010,0.505,0.485
919500,0.010,0.725,0.265
920000,0.010,0.853,0.137
920500,0.010,0.623,0.367
921000,0.010,0.655,0.335
921500,0.010,0.562,0.428
922000,0.010,0.656,0.334
922500,0.010,0.938,0.052
923000,0.010,0.819,0.171
923500,0.010,0.627,0.363
924000,0.010,0.607,0.383
924500,0.010,0.819,0.171
925000,0.010,0.618,0.372
925500,0.010,0.545,0.445
926000,0.010,0.776,0.214
926500,0.010,0.726,0.264
927000,0.010,0.783,0.207
927500,0.010,0.552,0.438
928000,0.010,0.759,0.231
928500,0.010,0.721,0.269
929000,0.010,0.827,0.163
929500,0.010,0.660,0.330
930000,0.010,0.750,0.240
930500,0.010,0.788,0.202
931000,0.010,0.589,0.401
931500,0.010,0.415,0.575
932000,0.010,0.604,0.386
932500,0.010,0.666,0.324
933000,0.010,0.586,0.404
933500,0.010,0.831,0.159
934000,0.010,0.718,0.272
934500,0.010,0.622,0.368
935000,0.010,0.520,0.470
935500,0.010,0.712,0.278
936000,0.010,0.679,0.311
936500,0.010,0.631,0.359
937000,0.010,0.758,0.232
937500,0.010,0.719,0.271
938000,0.010,0.701,0.289
938500,0.010,0.510,0.480
939000,0.010,0.693,0.297
939500,0.010,0.553,0.437
940000,0.010,0.694,0.296
940500,0.010,0.407,0.583
941000,0.010,0.646,0.344
941500,0.010,0.519,0.471
942000,0.010,0.602,0.388
942500,0.010,0.733,0.257
943000,0.010,0.594,0.396
943500,0.010,0.894,0.096
944000,0.010,0.706,0.284
944500,0.010,0.522,0.468
945000,0.010,0.802,0.188
945500,0.010,0.622,0.368
946000,0.010,0.732,0.258
946500,0.010,0.481,0.509
947000,0.010,0.759,0.231
947500,0.010,0.576,0.414
948000,0.010,0.874,0.116
948500,0.010,0.569,0.421
949000,0.010,0.367,0.623
949500,0.010,0.536,0.454
950000,0.010,0.710,0.280
950500,0.010,0.698,0.292
951000,0.010,0.498,0.492
951500,0.010,0.781,0.209
952000,0.010,0.574,0.416
952500,0.010,0.788,0.202
953000,0.010,0.556,0.434
953500,0.010,0.718,0.272
954000,0.010,0.624,0.366
954500,0.010,0.626,0.364
955000,0.010,0.524,0.466
955500,0.010,0.542,0.448
956000,0.010,0.722,0.268
956500,0.010,0.585,0.405
957000,0.010,0.614,0.376
957500,0.010,0.685,0.305
958000,0.010,0.423,0.567
958500,0.010,0.620,0.370
959000,0.010,0.575,0.415
959500,0.010,0.561,0.429
960000,0.010,0.921,0.069
960500,0.010,0.496,0.494
961000,0.010,0.831,0.159
961500,0.010,0.528,0.462
962000,0.010,0.428,0.562
962500,0.010,0.532,0.458
963000,0.010,0.738,0.252
963500,0.010,0.462,0.528
964000,0.010,0.778,0.212
964500,0.010,0.723,0.267
965000,0.010,0.892,0.098
965500,0.010,0.600,0.390
966000,0.010,0.634,0.356
966500,0.010,0.551,0.439
967000,0.010,0.744,0.246
967500,0.010,0.481,0.509
968000,0.010,0.686,0.304
968500,0.010,0.740,0.250
969000,0.010,0.968,0.022
969500,0.010,0.710,0.280
970000,0.010,0.690,0.300
970500,0.010,0.509,0.481
971000,0.010,0.675,0.315
971500,0.010,0.755,0.235
972000,0.010,0.606,0.384
972500,0.010,0.939,0.051
973000,0.010,0.663,0.327
973500,0.010,0.699,0.291
974000,0.010,0.803,0.187
974500,0.010,0.925,0.065
975000,0.010,0.792,0.198
975500,0.010,0.627,0.363
976000,0.010,0.533,0.457
976500,0.010,0.736,0.254
977000,0.010,0.754,0.236
977500,0.010,0.554,0.436
978000,0.010,0.838,0.152
978500,0.010,0.483,0.507
979000,0.010,0.610,0.380
979500,0.010,0.697,0.293
980000,0.010,0.716,0.274
980500,0.010,0.520,0.470
981000,0.010,0.518,0.472
981500,0.010,0.797,0.193
982000,0.010,0.442,0.548
982500,0.010,0.491,0.499
983000,0.010,0.780,0.210
983500,0.010,0.851,0.139
984000,0.010,0.848,0.142
984500,0.010,0.503,0.487
985000,0.010,0.635,0.355
985500,0.010,0.499,0.491
986000,0.010,0.586,0.404
986500,0.010,0.582,0.408
987000,0.010,0.524,0.466
987500,0.010,0.594,0.396
988000,0.010,0.775,0.215
988500,0.010,0.885,0.105
989000,0.010,0.543,0.447
989500,0.010,0.520,0.470
990000,0.010,0.535,0.455
990500,0.010,0.495,0.495
991000,0.010,0.869,0.121
991500,0.010,0.625,0.365
992000,0.010,0.589,0.401
992500,0.010,0.663,0.327
993000,0.010,0.722,0.268
993500,0.010,0.776,0.214
994000,0.010,0.452,0.538
994500,0.010,0.548,0.442
995000,0.010,0.583,0.407
995500,0.010,0.580,0.410
996000,0.010,0.521,0.469
996500,0.010,0.432,0.558
997000,0.010,0.699,0.291
997500,0.010,0.676,0.314
998000,0.010,0.576,0.414
998500,0.010,0.823,0.167
999000,0.010,0.726,0.264
999500,0.010,0.726,0.264
1000000,0.010,0.654,0.336
