time,n_A+p,n_B,n_AB
500,0.080,0.858,0.062
1000,0.080,0.804,0.116
1500,0.080,0.751,0.169
2000,0.080,0.695,0.225
2500,0.080,0.623,0.297
3000,0.084,0.579,0.338
3500,0.089,0.518,0.392
4000,0.087,0.484,0.428
4500,0.090,0.441,0.468
5000,0.090,0.434,0.476
5500,0.091,0.422,0.487
6000,0.097,0.392,0.512
6500,0.093,0.390,0.517
7000,0.088,0.352,0.559
7500,0.105,0.339,0.555
8000,0.114,0.344,0.542
8500,0.131,0.320,0.549
9000,0.121,0.317,0.562
9500,0.135,0.291,0.574
10000,0.152,0.258,0.591
10500,0.170,0.236,0.594
11000,0.166,0.244,0.590
11500,0.171,0.238,0.591
12000,0.177,0.221,0.602
12500,0.212,0.170,0.618
13000,0.235,0.175,0.590
13500,0.235,0.158,0.608
14000,0.278,0.133,0.589
14500,0.297,0.102,0.601
15000,0.350,0.074,0.575
15500,0.364,0.054,0.582
16000,0.421,0.041,0.538
16500,0.435,0.032,0.533
17000,0.502,0.023,0.475
17500,0.543,0.015,0.442
18000,0.569,0.011,0.420
18500,0.616,0.008,0.376
19000,0.627,0.004,0.368
19500,0.662,0.004,0.334
20000,0.682,0.002,0.316
20500,0.728,0.001,0.271
21000,0.765,0.000,0.235
21500,0.791,0.000,0.209
22000,0.792,0.000,0.208
22500,0.800,0.000,0.200
23000,0.802,0.000,0.198
23500,0.810,0.000,0.190
24000,0.815,0.000,0.185
24500,0.816,0.000,0.184
25000,0.838,0.000,0.162
25500,0.855,0.000,0.145
26000,0.853,0.000,0.147
26500,0.862,0.000,0.138
27000,0.863,0.000,0.137
27500,0.871,0.000,0.129
28000,0.888,0.000,0.112
28500,0.881,0.000,0.119
29000,0.864,0.000,0.136
29500,0.869,0.000,0.131
30000,0.858,0.000,0.142
30500,0.873,0.000,0.127
31000,0.878,0.000,0.122
31500,0.887,0.000,0.113
32000,0.880,0.000,0.120
32500,0.904,0.000,0.096
33000,0.890,0.000,0.110
33500,0.890,0.000,0.110
34000,0.886,0.000,0.114
34500,0.858,0.000,0.142
35000,0.849,0.000,0.151
35500,0.866,0.000,0.134
36000,0.856,0.000,0.144
36500,0.849,0.000,0.151
37000,0.838,0.000,0.162
37500,0.823,0.000,0.177
38000,0.826,0.000,0.174
38500,0.833,0.000,0.167
39000,0.842,0.000,0.158
39500,0.858,0.000,0.142
40000,0.863,0.000,0.137
40500,0.874,0.000,0.126
41000,0.882,0.000,0.118
41500,0.889,0.000,0.111
42000,0.899,0.000,0.101
42500,0.902,0.000,0.098
43000,0.889,0.000,0.111
43500,0.881,0.000,0.119
44000,0.898,0.000,0.102
44500,0.907,0.000,0.093
45000,0.916,0.000,0.084
45500,0.916,0.000,0.084
46000,0.919,0.000,0.081
46500,0.934,0.000,0.066
47000,0.936,0.000,0.064
47500,0.936,0.000,0.064
48000,0.945,0.000,0.055
48500,0.956,0.000,0.044
49000,0.950,0.000,0.050
49500,0.952,0.000,0.048
50000,0.945,0.000,0.055
50500,0.941,0.000,0.059
51000,0.951,0.000,0.049
51500,0.951,0.000,0.049
52000,0.953,0.000,0.047
52500,0.946,0.000,0.054
53000,0.966,0.000,0.034
53500,0.966,0.000,0.034
54000,0.975,0.000,0.025
54500,0.965,0.000,0.035
55000,0.964,0.000,0.036
55500,0.974,0.000,0.026
56000,0.978,0.000,0.022
56500,0.976,0.000,0.024
57000,0.982,0.000,0.018
57500,0.976,0.000,0.024
58000,0.971,0.000,0.029
58500,0.965,0.000,0.035
59000,0.960,0.000,0.040
59500,0.958,0.000,0.042
60000,0.960,0.000,0.040
60500,0.961,0.000,0.039
61000,0.965,0.000,0.035
61500,0.960,0.000,0.040
62000,0.961,0.000,0.039
62500,0.949,0.000,0.051
63000,0.945,0.000,0.055
63500,0.932,0.000,0.068
64000,0.931,0.000,0.069
64500,0.926,0.000,0.074
65000,0.938,0.000,0.062
65500,0.926,0.000,0.074
66000,0.927,0.000,0.073
66500,0.927,0.000,0.073
67000,0.940,0.000,0.060
67500,0.933,0.000,0.067
68000,0.924,0.000,0.076
68500,0.924,0.000,0.076
69000,0.925,0.000,0.075
69500,0.921,0.000,0.079
70000,0.925,0.000,0.075
70500,0.919,0.000,0.081
71000,0.926,0.000,0.074
71500,0.918,0.000,0.082
72000,0.908,0.000,0.092
72500,0.925,0.000,0.075
73000,0.927,0.000,0.073
73500,0.930,0.000,0.070
74000,0.935,0.000,0.065
74500,0.932,0.000,0.068
75000,0.920,0.000,0.080
75500,0.906,0.000,0.094
76000,0.895,0.000,0.105
76500,0.900,0.000,0.100
77000,0.900,0.000,0.100
77500,0.912,0.000,0.088
78000,0.921,0.000,0.079
78500,0.931,0.000,0.069
79000,0.922,0.000,0.078
79500,0.940,0.000,0.060
80000,0.938,0.000,0.062
80500,0.933,0.000,0.067
81000,0.953,0.000,0.047
81500,0.956,0.000,0.044
82000,0.965,0.000,0.035
82500,0.968,0.000,0.032
83000,0.972,0.000,0.028
83500,0.978,0.000,0.022
84000,0.971,0.000,0.029
84500,0.973,0.000,0.027
85000,0.975,0.000,0.025
85500,0.971,0.000,0.029
86000,0.982,0.000,0.018
86500,0.984,0.000,0.016
87000,0.979,0.000,0.021
87500,0.983,0.000,0.017
88000,0.987,0.000,0.013
88500,0.990,0.000,0.010
89000,0.996,0.000,0.004
89500,0.998,0.000,0.002
90000,0.999,0.000,0.001
90500,0.999,0.000,0.001
91000,0.999,0.000,0.001
91500,1.000,0.000,0.000
92000,1.000,0.000,0.000
