time,n_A+p,n_B,n_AB
500,0.080,0.826,0.094
1000,0.080,0.728,0.192
1500,0.083,0.621,0.296
2000,0.085,0.581,0.334
2500,0.088,0.561,0.351
3000,0.091,0.528,0.381
3500,0.103,0.488,0.409
4000,0.109,0.442,0.449
4500,0.103,0.481,0.416
5000,0.103,0.469,0.428
5500,0.110,0.468,0.422
6000,0.104,0.476,0.420
6500,0.103,0.489,0.408
7000,0.100,0.514,0.386
7500,0.096,0.466,0.438
8000,0.100,0.491,0.409
8500,0.093,0.486,0.421
9000,0.105,0.492,0.403
9500,0.098,0.456,0.446
10000,0.120,0.431,0.449
10500,0.110,0.450,0.440
11000,0.109,0.441,0.450
11500,0.120,0.368,0.512
12000,0.142,0.346,0.512
12500,0.148,0.375,0.477
13000,0.160,0.338,0.502
13500,0.162,0.335,0.503
14000,0.133,0.363,0.504
14500,0.114,0.388,0.498
15000,0.138,0.355,0.507
15500,0.145,0.321,0.534
16000,0.167,0.327,0.506
16500,0.175,0.314,0.511
17000,0.189,0.265,0.546
17500,0.247,0.214,0.539
18000,0.318,0.155,0.527
18500,0.424,0.069,0.507
19000,0.588,0.028,0.384
19500,0.698,0.002,0.300
20000,0.814,0.001,0.185
20500,0.924,0.000,0.076
21000,0.951,0.000,0.049
21500,0.981,0.000,0.019
22000,0.984,0.000,0.016
22500,0.995,0.000,0.005
23000,0.998,0.000,0.002
23500,1.000,0.000,0.000
