time,n_A+p,n_B,n_AB
500,0.030,0.897,0.073
1000,0.030,0.836,0.134
1500,0.030,0.798,0.172
2000,0.030,0.720,0.250
2500,0.030,0.714,0.256
3000,0.030,0.624,0.346
3500,0.030,0.635,0.335
4000,0.030,0.611,0.359
4500,0.030,0.610,0.360
5000,0.036,0.592,0.372
5500,0.039,0.589,0.372
6000,0.035,0.580,0.385
6500,0.044,0.511,0.445
7000,0.032,0.493,0.475
7500,0.042,0.484,0.474
8000,0.047,0.469,0.484
8500,0.044,0.527,0.429
9000,0.047,0.486,0.467
9500,0.049,0.473,0.478
10000,0.045,0.467,0.488
10500,0.042,0.472,0.486
11000,0.043,0.482,0.475
11500,0.039,0.465,0.496
12000,0.047,0.503,0.450
12500,0.036,0.497,0.467
13000,0.040,0.480,0.480
13500,0.037,0.462,0.501
14000,0.039,0.536,0.425
14500,0.038,0.575,0.387
15000,0.031,0.625,0.344
15500,0.030,0.578,0.392
16000,0.032,0.576,0.392
16500,0.037,0.577,0.386
17000,0.032,0.565,0.403
17500,0.034,0.532,0.434
18000,0.042,0.505,0.453
18500,0.048,0.484,0.468
19000,0.044,0.446,0.510
19500,0.049,0.514,0.437
20000,0.036,0.492,0.472
20500,0.035,0.508,0.457
21000,0.031,0.497,0.472
21500,0.030,0.551,0.419
22000,0.032,0.568,0.400
22500,0.031,0.539,0.430
23000,0.034,0.512,0.454
23500,0.037,0.548,0.415
24000,0.031,0.493,0.476
24500,0.043,0.539,0.418
25000,0.032,0.565,0.403
25500,0.040,0.505,0.455
26000,0.033,0.529,0.438
26500,0.044,0.552,0.404
27000,0.038,0.544,0.418
27500,0.046,0.504,0.450
28000,0.045,0.479,0.476
28500,0.037,0.491,0.472
29000,0.046,0.514,0.440
29500,0.041,0.553,0.406
30000,0.032,0.545,0.423
30500,0.039,0.565,0.396
31000,0.044,0.578,0.378
31500,0.041,0.547,0.412
32000,0.036,0.542,0.422
32500,0.034,0.536,0.430
33000,0.048,0.543,0.409
33500,0.039,0.503,0.458
34000,0.040,0.512,0.448
34500,0.033,0.481,0.486
35000,0.034,0.515,0.451
35500,0.049,0.484,0.467
36000,0.044,0.446,0.510
36500,0.049,0.493,0.458
37000,0.044,0.522,0.434
37500,0.043,0.542,0.415
38000,0.035,0.567,0.398
38500,0.038,0.597,0.365
39000,0.035,0.578,0.387
39500,0.033,0.646,0.321
40000,0.031,0.595,0.374
40500,0.030,0.532,0.438
41000,0.042,0.508,0.450
41500,0.038,0.481,0.481
42000,0.037,0.469,0.494
42500,0.033,0.499,0.468
43000,0.044,0.497,0.459
43500,0.039,0.517,0.444
44000,0.041,0.469,0.490
44500,0.044,0.456,0.500
45000,0.054,0.424,0.522
45500,0.056,0.417,0.527
46000,0.048,0.414,0.538
46500,0.043,0.449,0.508
47000,0.043,0.467,0.490
47500,0.043,0.514,0.443
48000,0.044,0.517,0.439
48500,0.037,0.508,0.455
49000,0.034,0.555,0.411
49500,0.030,0.599,0.371
50000,0.033,0.597,0.370
50500,0.031,0.606,0.363
51000,0.031,0.557,0.412
51500,0.039,0.575,0.386
52000,0.033,0.549,0.418
52500,0.034,0.521,0.445
53000,0.039,0.479,0.482
53500,0.039,0.521,0.440
54000,0.043,0.543,0.414
54500,0.036,0.541,0.423
55000,0.035,0.529,0.436
55500,0.037,0.558,0.405
56000,0.036,0.571,0.393
56500,0.045,0.555,0.400
57000,0.033,0.511,0.456
57500,0.036,0.532,0.432
58000,0.045,0.499,0.456
58500,0.038,0.537,0.425
59000,0.037,0.551,0.412
59500,0.033,0.579,0.388
60000,0.033,0.578,0.389
60500,0.036,0.522,0.442
61000,0.038,0.531,0.431
61500,0.034,0.509,0.457
62000,0.043,0.589,0.368
62500,0.037,0.536,0.427
63000,0.031,0.522,0.447
63500,0.035,0.575,0.390
64000,0.031,0.610,0.359
64500,0.032,0.625,0.343
65000,0.033,0.601,0.366
65500,0.030,0.628,0.342
66000,0.030,0.592,0.378
66500,0.035,0.591,0.374
67000,0.032,0.544,0.424
67500,0.042,0.472,0.486
68000,0.036,0.503,0.461
68500,0.036,0.491,0.473
69000,0.047,0.468,0.485
69500,0.039,0.498,0.463
70000,0.032,0.557,0.411
70500,0.030,0.610,0.360
71000,0.030,0.695,0.275
71500,0.033,0.667,0.300
72000,0.030,0.628,0.342
72500,0.033,0.584,0.383
73000,0.032,0.627,0.341
73500,0.032,0.586,0.382
74000,0.041,0.565,0.394
74500,0.040,0.561,0.399
75000,0.041,0.512,0.447
75500,0.045,0.504,0.451
76000,0.046,0.508,0.446
76500,0.047,0.491,0.462
77000,0.034,0.504,0.462
77500,0.033,0.544,0.423
78000,0.034,0.517,0.449
78500,0.047,0.486,0.467
79000,0.050,0.494,0.456
79500,0.036,0.504,0.460
80000,0.043,0.524,0.433
80500,0.038,0.460,0.502
81000,0.037,0.540,0.423
81500,0.032,0.540,0.428
82000,0.051,0.536,0.413
82500,0.043,0.557,0.400
83000,0.037,0.589,0.374
83500,0.034,0.513,0.453
84000,0.036,0.501,0.463
84500,0.037,0.505,0.458
85000,0.048,0.451,0.501
85500,0.056,0.457,0.487
86000,0.040,0.460,0.500
86500,0.037,0.458,0.505
87000,0.061,0.464,0.475
87500,0.053,0.427,0.520
88000,0.046,0.450,0.504
88500,0.042,0.468,0.490
89000,0.049,0.478,0.473
89500,0.044,0.499,0.457
90000,0.038,0.537,0.425
90500,0.038,0.496,0.466
91000,0.042,0.497,0.461
91500,0.043,0.478,0.479
92000,0.034,0.513,0.453
92500,0.030,0.566,0.404
93000,0.042,0.587,0.371
93500,0.037,0.594,0.369
94000,0.040,0.500,0.460
94500,0.044,0.459,0.497
95000,0.037,0.441,0.522
95500,0.034,0.483,0.483
96000,0.045,0.460,0.495
96500,0.049,0.472,0.479
97000,0.044,0.479,0.477
97500,0.043,0.508,0.449
98000,0.045,0.486,0.469
98500,0.051,0.501,0.448
99000,0.047,0.525,0.428
99500,0.032,0.518,0.450
100000,0.032,0.518,0.450
100500,0.036,0.514,0.450
101000,0.036,0.532,0.432
101500,0.044,0.543,0.413
102000,0.051,0.522,0.427
102500,0.037,0.524,0.439
103000,0.042,0.534,0.424
103500,0.038,0.518,0.444
104000,0.040,0.527,0.433
104500,0.044,0.452,0.504
105000,0.050,0.461,0.489
105500,0.052,0.460,0.488
106000,0.037,0.538,0.425
106500,0.043,0.608,0.349
107000,0.033,0.600,0.367
107500,0.031,0.555,0.414
108000,0.030,0.537,0.433
108500,0.036,0.549,0.415
109000,0.033,0.557,0.410
109500,0.040,0.494,0.466
110000,0.030,0.529,0.441
110500,0.045,0.555,0.400
111000,0.045,0.497,0.458
111500,0.050,0.503,0.447
112000,0.037,0.532,0.431
112500,0.033,0.568,0.399
113000,0.033,0.578,0.389
113500,0.035,0.518,0.447
114000,0.040,0.445,0.515
114500,0.041,0.433,0.526
115000,0.037,0.506,0.457
115500,0.038,0.513,0.449
116000,0.045,0.451,0.504
116500,0.057,0.440,0.503
117000,0.055,0.479,0.466
117500,0.040,0.457,0.503
118000,0.048,0.517,0.435
118500,0.034,0.498,0.468
119000,0.037,0.522,0.441
119500,0.036,0.601,0.363
120000,0.035,0.569,0.396
120500,0.034,0.518,0.448
121000,0.031,0.560,0.409
121500,0.042,0.524,0.434
122000,0.033,0.562,0.405
122500,0.031,0.543,0.426
123000,0.035,0.586,0.379
123500,0.040,0.508,0.452
124000,0.036,0.506,0.458
124500,0.035,0.511,0.454
125000,0.036,0.482,0.482
125500,0.035,0.523,0.442
126000,0.032,0.571,0.397
126500,0.035,0.566,0.399
127000,0.043,0.540,0.417
127500,0.032,0.532,0.436
128000,0.036,0.525,0.439
128500,0.042,0.494,0.464
129000,0.040,0.534,0.426
129500,0.050,0.543,0.407
130000,0.039,0.531,0.430
130500,0.048,0.517,0.435
131000,0.044,0.455,0.501
131500,0.051,0.467,0.482
132000,0.037,0.467,0.496
132500,0.048,0.450,0.502
133000,0.044,0.468,0.488
133500,0.042,0.493,0.465
134000,0.043,0.481,0.476
134500,0.037,0.525,0.438
135000,0.040,0.532,0.428
135500,0.035,0.514,0.451
136000,0.040,0.553,0.407
136500,0.030,0.563,0.407
137000,0.032,0.568,0.400
137500,0.030,0.630,0.340
138000,0.030,0.589,0.381
138500,0.032,0.560,0.408
139000,0.036,0.600,0.364
139500,0.037,0.598,0.365
140000,0.039,0.578,0.383
140500,0.036,0.526,0.438
141000,0.047,0.584,0.369
141500,0.036,0.550,0.414
142000,0.036,0.601,0.363
142500,0.043,0.560,0.397
143000,0.031,0.540,0.429
143500,0.031,0.566,0.403
144000,0.038,0.520,0.442
144500,0.032,0.552,0.416
145000,0.031,0.562,0.407
145500,0.034,0.559,0.407
146000,0.037,0.513,0.450
146500,0.044,0.508,0.448
147000,0.042,0.516,0.442
147500,0.043,0.520,0.437
148000,0.046,0.525,0.429
148500,0.037,0.533,0.430
149000,0.036,0.539,0.425
149500,0.036,0.564,0.400
150000,0.041,0.554,0.405
150500,0.034,0.465,0.501
151000,0.035,0.529,0.436
151500,0.032,0.566,0.402
152000,0.036,0.583,0.381
152500,0.032,0.547,0.421
153000,0.037,0.520,0.443
153500,0.032,0.546,0.422
154000,0.045,0.454,0.501
154500,0.045,0.471,0.484
155000,0.053,0.464,0.483
155500,0.062,0.402,0.536
156000,0.067,0.397,0.536
156500,0.051,0.402,0.547
157000,0.056,0.465,0.479
157500,0.050,0.423,0.527
158000,0.039,0.428,0.533
158500,0.044,0.459,0.497
159000,0.047,0.509,0.444
159500,0.035,0.500,0.465
160000,0.048,0.504,0.448
160500,0.040,0.486,0.474
161000,0.040,0.533,0.427
161500,0.039,0.542,0.419
162000,0.033,0.575,0.392
162500,0.032,0.594,0.374
163000,0.033,0.508,0.459
163500,0.030,0.546,0.424
164000,0.035,0.550,0.415
164500,0.030,0.571,0.399
165000,0.040,0.540,0.420
165500,0.035,0.545,0.420
166000,0.030,0.537,0.433
166500,0.033,0.536,0.431
167000,0.031,0.579,0.390
167500,0.034,0.509,0.457
168000,0.040,0.527,0.433
168500,0.034,0.529,0.437
169000,0.035,0.547,0.418
169500,0.030,0.516,0.454
170000,0.036,0.539,0.425
170500,0.034,0.513,0.453
171000,0.041,0.459,0.500
171500,0.039,0.448,0.513
172000,0.045,0.455,0.500
172500,0.032,0.468,0.500
173000,0.040,0.510,0.450
173500,0.040,0.586,0.374
174000,0.035,0.585,0.380
174500,0.033,0.558,0.409
175000,0.033,0.573,0.394
175500,0.036,0.563,0.401
176000,0.032,0.533,0.435
176500,0.043,0.450,0.507
177000,0.044,0.492,0.464
177500,0.040,0.533,0.427
178000,0.045,0.511,0.444
178500,0.036,0.502,0.462
179000,0.044,0.492,0.464
179500,0.036,0.526,0.438
180000,0.037,0.492,0.471
180500,0.037,0.472,0.491
181000,0.059,0.496,0.445
181500,0.052,0.486,0.462
182000,0.054,0.439,0.507
182500,0.055,0.444,0.501
183000,0.056,0.420,0.524
183500,0.066,0.373,0.561
184000,0.055,0.399,0.546
184500,0.050,0.439,0.511
185000,0.037,0.490,0.473
185500,0.036,0.490,0.474
186000,0.051,0.506,0.443
186500,0.044,0.523,0.433
187000,0.045,0.471,0.484
187500,0.044,0.443,0.513
188000,0.045,0.441,0.514
188500,0.034,0.480,0.486
189000,0.047,0.523,0.430
189500,0.040,0.539,0.421
190000,0.034,0.541,0.425
190500,0.036,0.540,0.424
191000,0.030,0.585,0.385
191500,0.031,0.545,0.424
192000,0.030,0.534,0.436
192500,0.034,0.523,0.443
193000,0.037,0.506,0.457
193500,0.032,0.573,0.395
194000,0.031,0.588,0.381
194500,0.032,0.606,0.362
195000,0.035,0.565,0.400
195500,0.038,0.501,0.461
196000,0.040,0.507,0.453
196500,0.039,0.537,0.424
197000,0.038,0.566,0.396
197500,0.040,0.581,0.379
198000,0.031,0.626,0.343
198500,0.030,0.602,0.368
199000,0.033,0.610,0.357
199500,0.034,0.613,0.353
200000,0.034,0.610,0.356
200500,0.035,0.553,0.412
201000,0.033,0.569,0.398
201500,0.036,0.536,0.428
202000,0.043,0.512,0.445
202500,0.039,0.562,0.399
203000,0.041,0.479,0.480
203500,0.043,0.484,0.473
204000,0.040,0.493,0.467
204500,0.045,0.475,0.480
205000,0.041,0.487,0.472
205500,0.039,0.502,0.459
206000,0.032,0.572,0.396
206500,0.031,0.520,0.449
207000,0.030,0.518,0.452
207500,0.035,0.517,0.448
208000,0.038,0.484,0.478
208500,0.047,0.519,0.434
209000,0.038,0.508,0.454
209500,0.041,0.529,0.430
210000,0.033,0.518,0.449
210500,0.039,0.543,0.418
211000,0.033,0.578,0.389
211500,0.034,0.608,0.358
212000,0.036,0.569,0.395
212500,0.031,0.583,0.386
213000,0.037,0.601,0.362
213500,0.036,0.638,0.326
214000,0.031,0.634,0.335
214500,0.036,0.583,0.381
215000,0.036,0.552,0.412
215500,0.035,0.556,0.409
216000,0.030,0.520,0.450
216500,0.034,0.526,0.440
217000,0.031,0.507,0.462
217500,0.035,0.571,0.394
218000,0.039,0.501,0.460
218500,0.047,0.519,0.434
219000,0.034,0.500,0.466
219500,0.035,0.529,0.436
220000,0.031,0.512,0.457
220500,0.041,0.544,0.415
221000,0.036,0.529,0.435
221500,0.035,0.504,0.461
222000,0.035,0.504,0.461
222500,0.035,0.524,0.441
223000,0.031,0.514,0.455
223500,0.035,0.510,0.455
224000,0.037,0.544,0.419
224500,0.038,0.526,0.436
225000,0.033,0.551,0.416
225500,0.041,0.488,0.471
226000,0.036,0.533,0.431
226500,0.038,0.554,0.408
227000,0.040,0.517,0.443
227500,0.043,0.496,0.461
228000,0.041,0.491,0.468
228500,0.039,0.449,0.512
229000,0.038,0.479,0.483
229500,0.048,0.433,0.519
230000,0.053,0.457,0.490
230500,0.056,0.441,0.503
231000,0.057,0.427,0.516
231500,0.054,0.487,0.459
232000,0.038,0.513,0.449
232500,0.034,0.503,0.463
233000,0.042,0.509,0.449
233500,0.042,0.520,0.438
234000,0.040,0.541,0.419
234500,0.032,0.579,0.389
235000,0.032,0.573,0.395
235500,0.033,0.561,0.406
236000,0.037,0.492,0.471
236500,0.039,0.502,0.459
237000,0.042,0.515,0.443
237500,0.039,0.554,0.407
238000,0.031,0.537,0.432
238500,0.031,0.522,0.447
239000,0.030,0.545,0.425
239500,0.030,0.578,0.392
240000,0.038,0.521,0.441
240500,0.039,0.510,0.451
241000,0.046,0.524,0.430
241500,0.050,0.514,0.436
242000,0.049,0.512,0.439
242500,0.040,0.520,0.440
243000,0.037,0.496,0.467
243500,0.032,0.502,0.466
244000,0.031,0.565,0.404
244500,0.034,0.510,0.456
245000,0.055,0.477,0.468
245500,0.044,0.495,0.461
246000,0.045,0.492,0.463
246500,0.043,0.489,0.468
247000,0.038,0.526,0.436
247500,0.037,0.526,0.437
248000,0.033,0.524,0.443
248500,0.037,0.499,0.464
249000,0.050,0.502,0.448
249500,0.042,0.493,0.465
250000,0.036,0.506,0.458
250500,0.034,0.480,0.486
251000,0.046,0.480,0.474
251500,0.045,0.412,0.543
252000,0.068,0.408,0.524
252500,0.075,0.350,0.575
253000,0.076,0.368,0.556
253500,0.079,0.339,0.582
254000,0.065,0.371,0.564
254500,0.057,0.375,0.568
255000,0.057,0.440,0.503
255500,0.073,0.428,0.499
256000,0.047,0.438,0.515
256500,0.057,0.405,0.538
257000,0.039,0.474,0.487
257500,0.037,0.507,0.456
258000,0.039,0.473,0.488
258500,0.054,0.479,0.467
259000,0.053,0.496,0.451
259500,0.055,0.457,0.488
260000,0.040,0.456,0.504
260500,0.073,0.397,0.530
261000,0.057,0.432,0.511
261500,0.067,0.442,0.491
262000,0.043,0.427,0.530
262500,0.047,0.450,0.503
263000,0.049,0.469,0.482
263500,0.032,0.514,0.454
264000,0.032,0.525,0.443
264500,0.037,0.542,0.421
265000,0.035,0.569,0.396
265500,0.040,0.540,0.420
266000,0.051,0.490,0.459
266500,0.036,0.485,0.479
267000,0.033,0.450,0.517
267500,0.036,0.444,0.520
268000,0.035,0.485,0.480
268500,0.042,0.539,0.419
269000,0.036,0.535,0.429
269500,0.035,0.491,0.474
270000,0.042,0.515,0.443
270500,0.058,0.526,0.416
271000,0.044,0.505,0.451
271500,0.044,0.508,0.448
272000,0.036,0.487,0.477
272500,0.048,0.405,0.547
273000,0.040,0.468,0.492
273500,0.051,0.463,0.486
274000,0.037,0.503,0.460
274500,0.040,0.522,0.438
275000,0.036,0.491,0.473
275500,0.037,0.576,0.387
276000,0.034,0.528,0.438
276500,0.034,0.545,0.421
277000,0.037,0.574,0.389
277500,0.033,0.562,0.405
278000,0.037,0.537,0.426
278500,0.048,0.484,0.468
279000,0.057,0.508,0.435
279500,0.052,0.488,0.460
280000,0.043,0.470,0.487
280500,0.058,0.472,0.470
281000,0.057,0.444,0.499
281500,0.050,0.485,0.465
282000,0.041,0.519,0.440
282500,0.035,0.513,0.452
283000,0.038,0.555,0.407
283500,0.035,0.542,0.423
284000,0.033,0.530,0.437
284500,0.032,0.550,0.418
285000,0.034,0.563,0.403
285500,0.033,0.605,0.362
286000,0.032,0.596,0.372
286500,0.030,0.591,0.379
287000,0.030,0.581,0.389
287500,0.030,0.585,0.385
288000,0.032,0.572,0.396
288500,0.032,0.570,0.398
289000,0.033,0.557,0.410
289500,0.038,0.515,0.447
290000,0.052,0.515,0.433
290500,0.035,0.488,0.477
291000,0.043,0.495,0.462
291500,0.044,0.481,0.475
292000,0.053,0.522,0.425
292500,0.049,0.517,0.434
293000,0.052,0.449,0.499
293500,0.044,0.498,0.458
294000,0.036,0.535,0.429
294500,0.044,0.500,0.456
295000,0.033,0.548,0.419
295500,0.037,0.521,0.442
296000,0.037,0.501,0.462
296500,0.035,0.477,0.488
297000,0.042,0.538,0.420
297500,0.043,0.509,0.448
298000,0.037,0.452,0.511
298500,0.042,0.474,0.484
299000,0.046,0.488,0.466
299500,0.038,0.489,0.473
300000,0.049,0.490,0.461
300500,0.046,0.483,0.471
301000,0.043,0.506,0.451
301500,0.048,0.478,0.474
302000,0.052,0.464,0.484
302500,0.041,0.489,0.470
303000,0.038,0.494,0.468
303500,0.036,0.505,0.459
304000,0.032,0.534,0.434
304500,0.038,0.533,0.429
305000,0.043,0.514,0.443
305500,0.035,0.568,0.397
306000,0.034,0.584,0.382
306500,0.034,0.570,0.396
307000,0.034,0.565,0.401
307500,0.032,0.572,0.396
308000,0.035,0.564,0.401
308500,0.031,0.561,0.408
309000,0.032,0.553,0.415
309500,0.037,0.552,0.411
310000,0.031,0.542,0.427
310500,0.031,0.604,0.365
311000,0.033,0.554,0.413
311500,0.032,0.570,0.398
312000,0.035,0.534,0.431
312500,0.037,0.537,0.426
313000,0.036,0.543,0.421
313500,0.039,0.534,0.427
314000,0.039,0.499,0.462
314500,0.049,0.521,0.430
315000,0.038,0.579,0.383
315500,0.036,0.560,0.404
316000,0.042,0.522,0.436
316500,0.035,0.523,0.442
317000,0.032,0.494,0.474
317500,0.038,0.479,0.483
318000,0.036,0.527,0.437
318500,0.035,0.503,0.462
319000,0.034,0.530,0.436
319500,0.031,0.515,0.454
320000,0.033,0.547,0.420
320500,0.033,0.535,0.432
321000,0.039,0.500,0.461
321500,0.038,0.521,0.441
322000,0.044,0.525,0.431
322500,0.039,0.570,0.391
323000,0.032,0.560,0.408
323500,0.040,0.543,0.417
324000,0.036,0.536,0.428
324500,0.038,0.570,0.392
325000,0.033,0.532,0.435
325500,0.036,0.518,0.446
326000,0.057,0.495,0.448
326500,0.034,0.494,0.472
327000,0.039,0.503,0.458
327500,0.041,0.532,0.427
328000,0.030,0.577,0.393
328500,0.030,0.551,0.419
329000,0.037,0.530,0.433
329500,0.032,0.582,0.386
330000,0.031,0.516,0.453
330500,0.034,0.492,0.474
331000,0.037,0.514,0.449
331500,0.033,0.527,0.440
332000,0.037,0.543,0.420
332500,0.034,0.583,0.383
333000,0.037,0.498,0.465
333500,0.039,0.474,0.487
334000,0.050,0.465,0.485
334500,0.043,0.491,0.466
335000,0.044,0.480,0.476
335500,0.043,0.494,0.463
336000,0.033,0.474,0.493
336500,0.031,0.499,0.470
337000,0.035,0.506,0.459
337500,0.041,0.512,0.447
338000,0.040,0.474,0.486
338500,0.043,0.503,0.454
339000,0.052,0.489,0.459
339500,0.042,0.478,0.480
340000,0.053,0.401,0.546
340500,0.060,0.375,0.565
341000,0.054,0.458,0.488
341500,0.043,0.503,0.454
342000,0.041,0.550,0.409
342500,0.034,0.558,0.408
343000,0.032,0.578,0.390
343500,0.032,0.599,0.369
344000,0.033,0.594,0.373
344500,0.035,0.574,0.391
345000,0.035,0.580,0.385
345500,0.037,0.588,0.375
346000,0.031,0.622,0.347
346500,0.032,0.633,0.335
347000,0.031,0.612,0.357
347500,0.034,0.562,0.404
348000,0.039,0.551,0.410
348500,0.037,0.581,0.382
349000,0.050,0.517,0.433
349500,0.047,0.498,0.455
350000,0.036,0.483,0.481
350500,0.034,0.536,0.430
351000,0.036,0.511,0.453
351500,0.033,0.539,0.428
352000,0.051,0.512,0.437
352500,0.038,0.451,0.511
353000,0.041,0.494,0.465
353500,0.046,0.536,0.418
354000,0.045,0.480,0.475
354500,0.035,0.539,0.426
355000,0.035,0.545,0.420
355500,0.047,0.512,0.441
356000,0.037,0.573,0.390
356500,0.033,0.544,0.423
357000,0.032,0.588,0.380
357500,0.031,0.525,0.444
358000,0.035,0.538,0.427
358500,0.032,0.588,0.380
359000,0.031,0.596,0.373
359500,0.036,0.569,0.395
360000,0.031,0.578,0.391
360500,0.037,0.582,0.381
361000,0.038,0.529,0.433
361500,0.037,0.551,0.412
362000,0.033,0.567,0.400
362500,0.031,0.597,0.372
363000,0.034,0.616,0.350
363500,0.030,0.567,0.403
364000,0.040,0.573,0.387
364500,0.040,0.565,0.395
365000,0.032,0.599,0.369
365500,0.032,0.620,0.348
366000,0.031,0.547,0.422
366500,0.032,0.549,0.419
367000,0.030,0.560,0.410
367500,0.038,0.546,0.416
368000,0.037,0.596,0.367
368500,0.032,0.550,0.418
369000,0.035,0.539,0.426
369500,0.032,0.518,0.450
370000,0.037,0.494,0.469
370500,0.040,0.503,0.457
371000,0.042,0.503,0.455
371500,0.047,0.547,0.406
372000,0.044,0.580,0.376
372500,0.036,0.593,0.371
373000,0.031,0.591,0.378
373500,0.040,0.498,0.462
374000,0.046,0.513,0.441
374500,0.036,0.517,0.447
375000,0.036,0.514,0.450
375500,0.044,0.509,0.447
376000,0.054,0.498,0.448
376500,0.039,0.513,0.448
377000,0.035,0.513,0.452
377500,0.030,0.511,0.459
378000,0.042,0.493,0.465
378500,0.050,0.445,0.505
379000,0.041,0.486,0.473
379500,0.036,0.521,0.443
380000,0.033,0.500,0.467
380500,0.037,0.473,0.490
381000,0.051,0.421,0.528
381500,0.045,0.480,0.475
382000,0.035,0.529,0.436
382500,0.036,0.500,0.464
383000,0.033,0.540,0.427
383500,0.042,0.525,0.433
384000,0.035,0.547,0.418
384500,0.044,0.542,0.414
385000,0.033,0.564,0.403
385500,0.041,0.554,0.405
386000,0.042,0.480,0.478
386500,0.040,0.492,0.468
387000,0.032,0.553,0.415
387500,0.031,0.619,0.350
388000,0.032,0.581,0.387
388500,0.033,0.584,0.383
389000,0.040,0.523,0.437
389500,0.037,0.540,0.423
390000,0.031,0.549,0.420
390500,0.037,0.520,0.443
391000,0.039,0.481,0.480
391500,0.040,0.499,0.461
392000,0.037,0.558,0.405
392500,0.031,0.634,0.335
393000,0.031,0.628,0.341
393500,0.031,0.633,0.336
394000,0.033,0.570,0.397
394500,0.037,0.558,0.405
395000,0.044,0.496,0.460
395500,0.044,0.490,0.466
396000,0.040,0.517,0.443
396500,0.036,0.511,0.453
397000,0.035,0.516,0.449
397500,0.037,0.565,0.398
398000,0.035,0.520,0.445
398500,0.035,0.517,0.448
399000,0.031,0.514,0.455
399500,0.049,0.459,0.492
400000,0.039,0.487,0.474
400500,0.036,0.523,0.441
401000,0.032,0.525,0.443
401500,0.038,0.564,0.398
402000,0.033,0.608,0.359
402500,0.036,0.577,0.387
403000,0.034,0.530,0.436
403500,0.036,0.499,0.465
404000,0.031,0.494,0.475
404500,0.030,0.549,0.421
405000,0.031,0.506,0.463
405500,0.042,0.526,0.432
406000,0.036,0.504,0.460
406500,0.033,0.493,0.474
407000,0.030,0.543,0.427
407500,0.045,0.507,0.448
408000,0.047,0.447,0.506
408500,0.054,0.465,0.481
409000,0.038,0.481,0.481
409500,0.040,0.488,0.472
410000,0.045,0.453,0.502
410500,0.048,0.458,0.494
411000,0.039,0.487,0.474
411500,0.044,0.502,0.454
412000,0.053,0.461,0.486
412500,0.041,0.454,0.505
413000,0.033,0.527,0.440
413500,0.039,0.547,0.414
414000,0.032,0.544,0.424
414500,0.035,0.556,0.409
415000,0.037,0.598,0.365
415500,0.038,0.608,0.354
416000,0.039,0.595,0.366
416500,0.037,0.576,0.387
417000,0.035,0.563,0.402
417500,0.030,0.578,0.392
418000,0.037,0.583,0.380
418500,0.034,0.585,0.381
419000,0.031,0.511,0.458
419500,0.037,0.477,0.486
420000,0.030,0.534,0.436
420500,0.030,0.580,0.390
421000,0.035,0.509,0.456
421500,0.036,0.477,0.487
422000,0.048,0.425,0.527
422500,0.043,0.484,0.473
423000,0.037,0.499,0.464
423500,0.038,0.511,0.451
424000,0.040,0.513,0.447
424500,0.032,0.516,0.452
425000,0.033,0.513,0.454
425500,0.035,0.557,0.408
426000,0.037,0.539,0.424
426500,0.034,0.540,0.426
427000,0.031,0.557,0.412
427500,0.050,0.503,0.447
428000,0.036,0.470,0.494
428500,0.032,0.512,0.456
429000,0.034,0.545,0.421
429500,0.033,0.581,0.386
430000,0.032,0.544,0.424
430500,0.038,0.546,0.416
431000,0.035,0.575,0.390
431500,0.030,0.573,0.397
432000,0.030,0.616,0.354
432500,0.030,0.588,0.382
433000,0.030,0.548,0.422
433500,0.033,0.557,0.410
434000,0.034,0.540,0.426
434500,0.034,0.523,0.443
435000,0.042,0.503,0.455
435500,0.052,0.478,0.470
436000,0.047,0.517,0.436
436500,0.033,0.547,0.420
437000,0.034,0.509,0.457
437500,0.039,0.541,0.420
438000,0.038,0.527,0.435
438500,0.037,0.559,0.404
439000,0.031,0.548,0.421
439500,0.033,0.523,0.444
440000,0.030,0.509,0.461
440500,0.036,0.499,0.465
441000,0.037,0.505,0.458
441500,0.034,0.523,0.443
442000,0.035,0.532,0.433
442500,0.033,0.519,0.448
443000,0.037,0.572,0.391
443500,0.040,0.532,0.428
444000,0.035,0.542,0.423
444500,0.049,0.445,0.506
445000,0.042,0.459,0.499
445500,0.043,0.517,0.440
446000,0.044,0.503,0.453
446500,0.044,0.495,0.461
447000,0.035,0.503,0.462
447500,0.036,0.536,0.428
448000,0.033,0.560,0.407
448500,0.030,0.571,0.399
449000,0.033,0.573,0.394
449500,0.031,0.613,0.356
450000,0.030,0.593,0.377
450500,0.033,0.579,0.388
451000,0.030,0.603,0.367
451500,0.033,0.590,0.377
452000,0.031,0.569,0.400
452500,0.041,0.573,0.386
453000,0.040,0.593,0.367
453500,0.037,0.547,0.416
454000,0.033,0.565,0.402
454500,0.031,0.542,0.427
455000,0.034,0.562,0.404
455500,0.036,0.552,0.412
456000,0.036,0.528,0.436
456500,0.040,0.508,0.452
457000,0.042,0.502,0.456
457500,0.049,0.520,0.431
458000,0.039,0.488,0.473
458500,0.047,0.471,0.482
459000,0.042,0.511,0.447
459500,0.039,0.451,0.510
460000,0.044,0.484,0.472
460500,0.045,0.487,0.468
461000,0.057,0.470,0.473
461500,0.039,0.487,0.474
462000,0.043,0.492,0.465
462500,0.032,0.530,0.438
463000,0.037,0.558,0.405
463500,0.039,0.547,0.414
464000,0.031,0.478,0.491
464500,0.033,0.524,0.443
465000,0.038,0.521,0.441
465500,0.033,0.561,0.406
466000,0.039,0.509,0.452
466500,0.053,0.474,0.473
467000,0.035,0.526,0.439
467500,0.035,0.527,0.438
468000,0.032,0.505,0.463
468500,0.039,0.491,0.470
469000,0.039,0.505,0.456
469500,0.035,0.556,0.409
470000,0.038,0.536,0.426
470500,0.040,0.541,0.419
471000,0.039,0.560,0.401
471500,0.034,0.590,0.376
472000,0.039,0.573,0.388
472500,0.034,0.524,0.442
473000,0.032,0.531,0.437
473500,0.035,0.510,0.455
474000,0.032,0.504,0.464
474500,0.037,0.509,0.454
475000,0.040,0.536,0.424
475500,0.044,0.536,0.420
476000,0.032,0.579,0.389
476500,0.031,0.544,0.425
477000,0.042,0.527,0.431
477500,0.042,0.453,0.505
478000,0.038,0.440,0.522
478500,0.046,0.471,0.483
479000,0.043,0.488,0.469
479500,0.045,0.496,0.459
480000,0.044,0.534,0.422
480500,0.047,0.548,0.405
481000,0.039,0.509,0.452
481500,0.036,0.562,0.402
482000,0.035,0.520,0.445
482500,0.032,0.582,0.386
483000,0.030,0.562,0.408
483500,0.040,0.548,0.412
484000,0.036,0.536,0.428
484500,0.040,0.507,0.453
485000,0.034,0.588,0.378
485500,0.038,0.559,0.403
486000,0.036,0.601,0.363
486500,0.030,0.563,0.407
487000,0.033,0.580,0.387
487500,0.034,0.569,0.397
488000,0.030,0.614,0.356
488500,0.032,0.567,0.401
489000,0.041,0.546,0.413
489500,0.042,0.492,0.466
490000,0.048,0.473,0.479
490500,0.043,0.515,0.442
491000,0.035,0.571,0.394
491500,0.037,0.582,0.381
492000,0.033,0.505,0.462
492500,0.041,0.467,0.492
493000,0.038,0.553,0.409
493500,0.037,0.527,0.436
494000,0.038,0.542,0.420
494500,0.040,0.525,0.435
495000,0.033,0.502,0.465
495500,0.035,0.508,0.457
496000,0.050,0.454,0.496
496500,0.044,0.481,0.475
497000,0.042,0.490,0.468
497500,0.043,0.468,0.489
498000,0.056,0.493,0.451
498500,0.058,0.411,0.531
499000,0.050,0.425,0.525
499500,0.053,0.456,0.491
500000,0.064,0.490,0.446
500500,0.055,0.436,0.509
501000,0.047,0.514,0.439
501500,0.038,0.529,0.433
502000,0.033,0.538,0.429
502500,0.033,0.542,0.425
503000,0.040,0.552,0.408
503500,0.053,0.513,0.434
504000,0.052,0.496,0.452
504500,0.042,0.457,0.501
505000,0.058,0.517,0.425
505500,0.039,0.508,0.453
506000,0.042,0.466,0.492
506500,0.037,0.468,0.495
507000,0.043,0.494,0.463
507500,0.040,0.467,0.493
508000,0.042,0.512,0.446
508500,0.042,0.533,0.425
509000,0.039,0.462,0.499
509500,0.039,0.492,0.469
510000,0.038,0.464,0.498
510500,0.046,0.478,0.476
511000,0.039,0.457,0.504
511500,0.051,0.423,0.526
512000,0.060,0.425,0.515
512500,0.044,0.446,0.510
513000,0.043,0.562,0.395
513500,0.032,0.599,0.369
514000,0.035,0.557,0.408
514500,0.037,0.517,0.446
515000,0.031,0.562,0.407
515500,0.035,0.581,0.384
516000,0.039,0.599,0.362
516500,0.041,0.589,0.370
517000,0.039,0.505,0.456
517500,0.045,0.438,0.517
518000,0.054,0.459,0.487
518500,0.044,0.476,0.480
519000,0.048,0.450,0.502
519500,0.045,0.417,0.538
520000,0.048,0.436,0.516
520500,0.062,0.350,0.588
521000,0.052,0.375,0.573
521500,0.071,0.415,0.514
522000,0.062,0.424,0.514
522500,0.044,0.458,0.498
523000,0.059,0.450,0.491
523500,0.048,0.424,0.528
524000,0.037,0.505,0.458
524500,0.049,0.464,0.487
525000,0.051,0.438,0.511
525500,0.042,0.444,0.514
526000,0.047,0.442,0.511
526500,0.044,0.415,0.541
527000,0.054,0.408,0.538
527500,0.066,0.425,0.509
528000,0.065,0.409,0.526
528500,0.048,0.426,0.526
529000,0.057,0.469,0.474
529500,0.056,0.456,0.488
530000,0.043,0.448,0.509
530500,0.059,0.454,0.487
531000,0.056,0.448,0.496
531500,0.053,0.444,0.503
532000,0.034,0.438,0.528
532500,0.049,0.403,0.548
533000,0.046,0.451,0.503
533500,0.045,0.418,0.537
534000,0.046,0.468,0.486
534500,0.035,0.466,0.499
535000,0.036,0.532,0.432
535500,0.042,0.546,0.412
536000,0.043,0.502,0.455
536500,0.043,0.538,0.419
537000,0.040,0.530,0.430
537500,0.039,0.536,0.425
538000,0.040,0.567,0.393
538500,0.040,0.538,0.422
539000,0.034,0.542,0.424
539500,0.032,0.578,0.390
540000,0.030,0.562,0.408
540500,0.032,0.582,0.386
541000,0.037,0.567,0.396
541500,0.038,0.580,0.382
542000,0.043,0.522,0.435
542500,0.041,0.482,0.477
543000,0.039,0.470,0.491
543500,0.056,0.493,0.451
544000,0.044,0.438,0.518
544500,0.055,0.410,0.535
545000,0.065,0.405,0.530
545500,0.047,0.422,0.531
546000,0.057,0.436,0.507
546500,0.051,0.448,0.501
547000,0.046,0.489,0.465
547500,0.048,0.502,0.450
548000,0.044,0.507,0.449
548500,0.039,0.525,0.436
549000,0.034,0.541,0.425
549500,0.036,0.537,0.427
550000,0.030,0.548,0.422
550500,0.032,0.536,0.432
551000,0.030,0.561,0.409
551500,0.036,0.585,0.379
552000,0.035,0.556,0.409
552500,0.032,0.501,0.467
553000,0.035,0.547,0.418
553500,0.031,0.632,0.337
554000,0.030,0.633,0.337
554500,0.030,0.656,0.314
555000,0.046,0.550,0.404
555500,0.036,0.501,0.463
556000,0.037,0.504,0.459
556500,0.044,0.509,0.447
557000,0.039,0.519,0.442
557500,0.037,0.616,0.347
558000,0.030,0.645,0.325
558500,0.030,0.644,0.326
559000,0.030,0.629,0.341
559500,0.035,0.624,0.341
560000,0.031,0.628,0.341
560500,0.037,0.614,0.349
561000,0.036,0.576,0.388
561500,0.048,0.543,0.409
562000,0.039,0.491,0.470
562500,0.044,0.443,0.513
563000,0.053,0.459,0.488
563500,0.044,0.408,0.548
564000,0.071,0.330,0.599
564500,0.087,0.381,0.532
565000,0.059,0.383,0.558
565500,0.047,0.448,0.505
566000,0.044,0.491,0.465
566500,0.049,0.466,0.485
567000,0.042,0.443,0.515
567500,0.047,0.476,0.477
568000,0.048,0.453,0.499
568500,0.038,0.444,0.518
569000,0.036,0.512,0.452
569500,0.043,0.548,0.409
570000,0.032,0.552,0.416
570500,0.037,0.516,0.447
571000,0.038,0.477,0.485
571500,0.041,0.516,0.443
572000,0.044,0.453,0.503
572500,0.043,0.477,0.480
573000,0.047,0.450,0.503
573500,0.047,0.406,0.547
574000,0.052,0.482,0.466
574500,0.047,0.437,0.516
575000,0.052,0.424,0.524
575500,0.043,0.427,0.530
576000,0.031,0.455,0.514
576500,0.034,0.486,0.480
577000,0.039,0.517,0.444
577500,0.042,0.472,0.486
578000,0.045,0.534,0.421
578500,0.049,0.522,0.429
579000,0.046,0.524,0.430
579500,0.051,0.514,0.435
580000,0.039,0.552,0.409
580500,0.036,0.519,0.445
581000,0.047,0.485,0.468
581500,0.047,0.490,0.463
582000,0.039,0.522,0.439
582500,0.034,0.525,0.441
583000,0.043,0.487,0.470
583500,0.041,0.513,0.446
584000,0.045,0.533,0.422
584500,0.040,0.524,0.436
585000,0.042,0.475,0.483
585500,0.058,0.426,0.516
586000,0.065,0.428,0.507
586500,0.056,0.446,0.498
587000,0.060,0.445,0.495
587500,0.061,0.401,0.538
588000,0.057,0.403,0.540
588500,0.053,0.381,0.566
589000,0.057,0.392,0.551
589500,0.073,0.359,0.568
590000,0.069,0.357,0.574
590500,0.074,0.358,0.568
591000,0.072,0.338,0.590
591500,0.076,0.339,0.585
592000,0.089,0.341,0.570
592500,0.088,0.303,0.609
593000,0.103,0.312,0.585
593500,0.099,0.284,0.617
594000,0.114,0.258,0.628
594500,0.085,0.298,0.617
595000,0.077,0.320,0.603
595500,0.087,0.341,0.572
596000,0.077,0.332,0.591
596500,0.066,0.344,0.590
597000,0.074,0.406,0.520
597500,0.077,0.377,0.546
598000,0.065,0.401,0.534
598500,0.055,0.410,0.535
599000,0.059,0.432,0.509
599500,0.060,0.361,0.579
600000,0.075,0.365,0.560
600500,0.066,0.420,0.514
601000,0.061,0.420,0.519
601500,0.063,0.390,0.547
602000,0.052,0.438,0.510
602500,0.045,0.461,0.494
603000,0.045,0.440,0.515
603500,0.039,0.480,0.481
604000,0.045,0.463,0.492
604500,0.055,0.422,0.523
605000,0.063,0.411,0.526
605500,0.042,0.362,0.596
606000,0.058,0.457,0.485
606500,0.049,0.479,0.472
607000,0.050,0.446,0.504
607500,0.045,0.438,0.517
608000,0.044,0.451,0.505
608500,0.047,0.430,0.523
609000,0.049,0.417,0.534
609500,0.043,0.488,0.469
610000,0.044,0.530,0.426
610500,0.047,0.526,0.427
611000,0.036,0.537,0.427
611500,0.041,0.558,0.401
612000,0.035,0.551,0.414
612500,0.033,0.519,0.448
613000,0.036,0.533,0.431
613500,0.031,0.558,0.411
614000,0.038,0.560,0.402
614500,0.041,0.551,0.408
615000,0.040,0.580,0.380
615500,0.040,0.592,0.368
616000,0.037,0.561,0.402
616500,0.032,0.574,0.394
617000,0.031,0.599,0.370
617500,0.030,0.566,0.404
618000,0.037,0.490,0.473
618500,0.041,0.481,0.478
619000,0.042,0.478,0.480
619500,0.063,0.459,0.478
620000,0.056,0.445,0.499
620500,0.052,0.401,0.547
621000,0.075,0.408,0.517
621500,0.052,0.389,0.559
622000,0.051,0.429,0.520
622500,0.062,0.412,0.526
623000,0.080,0.339,0.581
623500,0.074,0.405,0.521
624000,0.078,0.380,0.542
624500,0.074,0.381,0.545
625000,0.068,0.389,0.543
625500,0.061,0.369,0.570
626000,0.067,0.398,0.535
626500,0.056,0.410,0.534
627000,0.044,0.454,0.502
627500,0.035,0.479,0.486
628000,0.036,0.472,0.492
628500,0.038,0.493,0.469
629000,0.035,0.495,0.470
629500,0.038,0.520,0.442
630000,0.037,0.476,0.487
630500,0.036,0.540,0.424
631000,0.041,0.543,0.416
631500,0.038,0.504,0.458
632000,0.035,0.504,0.461
632500,0.035,0.524,0.441
633000,0.037,0.508,0.455
633500,0.039,0.523,0.438
634000,0.035,0.498,0.467
634500,0.037,0.505,0.458
635000,0.036,0.489,0.475
635500,0.031,0.547,0.422
636000,0.038,0.529,0.433
636500,0.036,0.529,0.435
637000,0.032,0.561,0.407
637500,0.033,0.540,0.427
638000,0.039,0.479,0.482
638500,0.039,0.541,0.420
639000,0.031,0.533,0.436
639500,0.041,0.549,0.410
640000,0.035,0.527,0.438
640500,0.043,0.470,0.487
641000,0.048,0.480,0.472
641500,0.036,0.539,0.425
642000,0.036,0.554,0.410
642500,0.035,0.535,0.430
643000,0.049,0.482,0.469
643500,0.047,0.436,0.517
644000,0.048,0.509,0.443
644500,0.042,0.499,0.459
645000,0.034,0.511,0.455
645500,0.034,0.550,0.416
646000,0.037,0.521,0.442
646500,0.046,0.498,0.456
647000,0.035,0.445,0.520
647500,0.061,0.446,0.493
648000,0.045,0.407,0.548
648500,0.044,0.391,0.565
649000,0.044,0.482,0.474
649500,0.062,0.406,0.532
650000,0.045,0.427,0.528
650500,0.041,0.416,0.543
651000,0.041,0.472,0.487
651500,0.044,0.461,0.495
652000,0.040,0.498,0.462
652500,0.041,0.495,0.464
653000,0.035,0.519,0.446
653500,0.035,0.547,0.418
654000,0.032,0.514,0.454
654500,0.036,0.542,0.422
655000,0.040,0.510,0.450
655500,0.039,0.506,0.455
656000,0.037,0.490,0.473
656500,0.043,0.523,0.434
657000,0.046,0.455,0.499
657500,0.041,0.441,0.518
658000,0.037,0.464,0.499
658500,0.039,0.541,0.420
659000,0.037,0.541,0.422
659500,0.036,0.510,0.454
660000,0.031,0.577,0.392
660500,0.030,0.545,0.425
661000,0.038,0.555,0.407
661500,0.036,0.569,0.395
662000,0.036,0.585,0.379
662500,0.035,0.561,0.404
663000,0.031,0.567,0.402
663500,0.039,0.488,0.473
664000,0.037,0.472,0.491
664500,0.045,0.490,0.465
665000,0.050,0.523,0.427
665500,0.038,0.557,0.405
666000,0.040,0.519,0.441
666500,0.037,0.499,0.464
667000,0.033,0.512,0.455
667500,0.036,0.538,0.426
668000,0.044,0.520,0.436
668500,0.039,0.535,0.426
669000,0.035,0.576,0.389
669500,0.041,0.536,0.423
670000,0.034,0.570,0.396
670500,0.041,0.574,0.385
671000,0.042,0.478,0.480
671500,0.050,0.520,0.430
672000,0.056,0.501,0.443
672500,0.038,0.535,0.427
673000,0.037,0.565,0.398
673500,0.032,0.555,0.413
674000,0.033,0.582,0.385
674500,0.035,0.606,0.359
675000,0.031,0.635,0.334
675500,0.034,0.630,0.336
676000,0.031,0.599,0.370
676500,0.030,0.643,0.327
677000,0.031,0.623,0.346
677500,0.030,0.569,0.401
678000,0.037,0.541,0.422
678500,0.033,0.575,0.392
679000,0.038,0.592,0.370
679500,0.038,0.538,0.424
680000,0.045,0.490,0.465
680500,0.050,0.485,0.465
681000,0.042,0.477,0.481
681500,0.049,0.452,0.499
682000,0.041,0.455,0.504
682500,0.051,0.501,0.448
683000,0.044,0.500,0.456
683500,0.039,0.503,0.458
684000,0.034,0.524,0.442
684500,0.039,0.508,0.453
685000,0.040,0.508,0.452
685500,0.037,0.463,0.500
686000,0.037,0.520,0.443
686500,0.036,0.553,0.411
687000,0.038,0.496,0.466
687500,0.047,0.508,0.445
688000,0.046,0.522,0.432
688500,0.040,0.567,0.393
689000,0.032,0.584,0.384
689500,0.032,0.537,0.431
690000,0.030,0.512,0.458
690500,0.036,0.511,0.453
691000,0.038,0.500,0.462
691500,0.040,0.442,0.518
692000,0.034,0.488,0.478
692500,0.032,0.514,0.454
693000,0.033,0.594,0.373
693500,0.033,0.617,0.350
694000,0.037,0.612,0.351
694500,0.031,0.576,0.393
695000,0.038,0.558,0.404
695500,0.036,0.559,0.405
696000,0.036,0.518,0.446
696500,0.050,0.456,0.494
697000,0.048,0.496,0.456
697500,0.046,0.537,0.417
698000,0.040,0.559,0.401
698500,0.034,0.562,0.404
699000,0.031,0.580,0.389
699500,0.036,0.575,0.389
700000,0.044,0.519,0.437
700500,0.033,0.518,0.449
701000,0.041,0.544,0.415
701500,0.036,0.508,0.456
702000,0.033,0.561,0.406
702500,0.031,0.591,0.378
703000,0.030,0.616,0.354
703500,0.030,0.639,0.331
704000,0.035,0.607,0.358
704500,0.039,0.568,0.393
705000,0.043,0.528,0.429
705500,0.035,0.517,0.448
706000,0.033,0.527,0.440
706500,0.031,0.583,0.386
707000,0.032,0.577,0.391
707500,0.030,0.596,0.374
708000,0.030,0.588,0.382
708500,0.033,0.619,0.348
709000,0.042,0.568,0.390
709500,0.045,0.544,0.411
710000,0.041,0.505,0.454
710500,0.039,0.486,0.475
711000,0.036,0.512,0.452
711500,0.031,0.569,0.400
712000,0.033,0.576,0.391
712500,0.030,0.565,0.405
713000,0.030,0.565,0.405
713500,0.039,0.580,0.381
714000,0.041,0.524,0.435
714500,0.042,0.531,0.427
715000,0.038,0.580,0.382
715500,0.037,0.595,0.368
716000,0.034,0.543,0.423
716500,0.032,0.538,0.430
717000,0.033,0.500,0.467
717500,0.037,0.494,0.469
718000,0.043,0.528,0.429
718500,0.052,0.477,0.471
719000,0.039,0.505,0.456
719500,0.040,0.518,0.442
720000,0.035,0.542,0.423
720500,0.032,0.570,0.398
721000,0.046,0.554,0.400
721500,0.043,0.432,0.525
722000,0.060,0.438,0.502
722500,0.057,0.389,0.554
723000,0.072,0.365,0.563
723500,0.077,0.350,0.573
724000,0.077,0.333,0.590
724500,0.076,0.329,0.595
725000,0.093,0.342,0.565
725500,0.090,0.302,0.608
726000,0.119,0.257,0.624
726500,0.135,0.220,0.645
727000,0.151,0.186,0.663
727500,0.152,0.178,0.670
728000,0.161,0.195,0.644
728500,0.178,0.154,0.668
729000,0.206,0.117,0.677
729500,0.246,0.123,0.631
730000,0.293,0.114,0.593
730500,0.375,0.059,0.566
731000,0.443,0.041,0.516
731500,0.553,0.018,0.429
732000,0.611,0.005,0.384
732500,0.606,0.002,0.392
733000,0.642,0.011,0.347
733500,0.659,0.007,0.334
734000,0.702,0.002,0.296
734500,0.676,0.000,0.324
735000,0.751,0.000,0.249
735500,0.738,0.000,0.262
736000,0.801,0.000,0.199
736500,0.854,0.000,0.146
737000,0.861,0.000,0.139
737500,0.861,0.000,0.139
738000,0.836,0.000,0.164
738500,0.864,0.000,0.136
739000,0.848,0.000,0.152
739500,0.867,0.000,0.133
740000,0.846,0.000,0.154
740500,0.859,0.000,0.141
741000,0.848,0.000,0.152
741500,0.838,0.000,0.162
742000,0.845,0.000,0.155
742500,0.888,0.000,0.112
743000,0.863,0.000,0.137
743500,0.870,0.000,0.130
744000,0.913,0.000,0.087
744500,0.942,0.000,0.058
745000,0.942,0.000,0.058
745500,0.927,0.000,0.073
746000,0.928,0.000,0.072
746500,0.911,0.000,0.089
747000,0.946,0.000,0.054
747500,0.944,0.000,0.056
748000,0.950,0.000,0.050
748500,0.941,0.000,0.059
749000,0.947,0.000,0.053
749500,0.940,0.000,0.060
750000,0.936,0.000,0.064
750500,0.957,0.000,0.043
751000,0.945,0.000,0.055
751500,0.960,0.000,0.040
752000,0.966,0.000,0.034
752500,0.972,0.000,0.028
753000,0.982,0.000,0.018
753500,0.973,0.000,0.027
754000,0.990,0.000,0.010
754500,0.995,0.000,0.005
755000,0.997,0.000,0.003
755500,0.999,0.000,0.001
756000,1.000,0.000,0.000
