time,n_A+p,n_B,n_AB
100,0.029,0.942,0.029
200,0.029,0.921,0.050
300,0.029,0.888,0.083
400,0.029,0.864,0.107
500,0.029,0.814,0.157
600,0.037,0.802,0.161
700,0.037,0.785,0.178
800,0.033,0.777,0.190
900,0.029,0.793,0.178
1000,0.029,0.810,0.161
1100,0.029,0.818,0.153
1200,0.033,0.810,0.157
1300,0.033,0.831,0.136
1400,0.037,0.822,0.140
1500,0.037,0.855,0.107
1600,0.033,0.818,0.149
1700,0.029,0.826,0.145
1800,0.029,0.851,0.120
1900,0.029,0.864,0.107
2000,0.037,0.806,0.157
2100,0.033,0.806,0.161
2200,0.033,0.769,0.198
2300,0.041,0.773,0.186
2400,0.037,0.781,0.182
2500,0.037,0.785,0.178
2600,0.041,0.806,0.153
2700,0.041,0.736,0.223
2800,0.054,0.744,0.202
2900,0.074,0.690,0.236
3000,0.062,0.723,0.215
3100,0.045,0.744,0.211
3200,0.041,0.740,0.219
3300,0.054,0.731,0.215
3400,0.070,0.715,0.215
3500,0.058,0.674,0.269
3600,0.045,0.715,0.240
3700,0.066,0.702,0.231
3800,0.054,0.694,0.252
3900,0.054,0.669,0.277
4000,0.070,0.678,0.252
4100,0.045,0.645,0.310
4200,0.062,0.645,0.293
4300,0.058,0.612,0.331
4400,0.062,0.669,0.269
4500,0.050,0.694,0.256
4600,0.062,0.723,0.215
4700,0.058,0.698,0.244
4800,0.045,0.694,0.260
4900,0.033,0.727,0.240
5000,0.029,0.736,0.236
5100,0.029,0.748,0.223
5200,0.029,0.748,0.223
5300,0.041,0.748,0.211
5400,0.045,0.740,0.215
5500,0.054,0.723,0.223
5600,0.037,0.698,0.264
5700,0.041,0.640,0.318
5800,0.062,0.649,0.289
5900,0.091,0.595,0.314
6000,0.074,0.587,0.339
6100,0.062,0.616,0.322
6200,0.091,0.607,0.302
6300,0.087,0.612,0.302
6400,0.062,0.624,0.314
6500,0.079,0.591,0.331
6600,0.103,0.628,0.269
6700,0.083,0.632,0.285
6800,0.066,0.599,0.335
6900,0.066,0.603,0.331
7000,0.083,0.545,0.372
7100,0.062,0.545,0.393
7200,0.066,0.558,0.376
7300,0.074,0.545,0.380
7400,0.066,0.566,0.368
7500,0.070,0.616,0.314
7600,0.074,0.649,0.277
7700,0.070,0.653,0.277
7800,0.066,0.624,0.310
7900,0.050,0.624,0.326
8000,0.041,0.636,0.322
8100,0.083,0.632,0.285
8200,0.087,0.645,0.269
8300,0.070,0.653,0.277
8400,0.070,0.624,0.306
8500,0.070,0.628,0.302
8600,0.070,0.665,0.264
8700,0.062,0.661,0.277
8800,0.074,0.640,0.285
8900,0.066,0.628,0.306
9000,0.066,0.661,0.273
9100,0.062,0.698,0.240
9200,0.058,0.686,0.256
9300,0.062,0.636,0.302
9400,0.054,0.628,0.318
9500,0.066,0.570,0.364
9600,0.140,0.537,0.322
9700,0.116,0.496,0.388
9800,0.120,0.459,0.421
9900,0.157,0.471,0.372
10000,0.095,0.488,0.417
10100,0.136,0.463,0.401
10200,0.136,0.430,0.434
10300,0.149,0.417,0.434
10400,0.174,0.405,0.421
10500,0.140,0.355,0.504
10600,0.145,0.351,0.504
10700,0.165,0.314,0.521
10800,0.178,0.355,0.467
10900,0.190,0.368,0.442
11000,0.186,0.360,0.455
11100,0.182,0.326,0.492
11200,0.182,0.360,0.459
11300,0.194,0.376,0.430
11400,0.207,0.372,0.421
11500,0.269,0.343,0.388
11600,0.293,0.289,0.417
11700,0.318,0.231,0.450
11800,0.372,0.194,0.434
11900,0.388,0.190,0.421
12000,0.405,0.194,0.401
12100,0.405,0.165,0.430
12200,0.368,0.145,0.488
12300,0.417,0.161,0.421
12400,0.409,0.157,0.434
12500,0.455,0.145,0.401
12600,0.467,0.112,0.421
12700,0.492,0.120,0.388
12800,0.545,0.103,0.351
12900,0.562,0.070,0.368
13000,0.570,0.066,0.364
13100,0.583,0.066,0.351
13200,0.562,0.083,0.355
13300,0.583,0.083,0.335
13400,0.574,0.079,0.347
13500,0.566,0.074,0.360
13600,0.591,0.058,0.351
13700,0.620,0.062,0.318
13800,0.620,0.066,0.314
13900,0.661,0.074,0.264
14000,0.678,0.058,0.264
14100,0.653,0.058,0.289
14200,0.620,0.033,0.347
14300,0.669,0.025,0.306
14400,0.702,0.021,0.277
14500,0.752,0.025,0.223
14600,0.731,0.029,0.240
14700,0.723,0.033,0.244
14800,0.711,0.025,0.264
14900,0.740,0.017,0.244
15000,0.731,0.012,0.256
15100,0.711,0.004,0.285
15200,0.760,0.012,0.227
15300,0.802,0.017,0.182
15400,0.802,0.012,0.186
15500,0.781,0.008,0.211
15600,0.822,0.017,0.161
15700,0.810,0.012,0.178
15800,0.855,0.012,0.132
15900,0.872,0.004,0.124
16000,0.864,0.000,0.136
16100,0.872,0.000,0.128
16200,0.893,0.000,0.107
16300,0.905,0.004,0.091
16400,0.913,0.004,0.083
16500,0.909,0.004,0.087
16600,0.926,0.004,0.070
16700,0.946,0.000,0.054
16800,0.950,0.000,0.050
16900,0.975,0.000,0.025
17000,0.975,0.000,0.025
17100,0.979,0.000,0.021
17200,0.992,0.000,0.008
17300,0.992,0.000,0.008
17400,1.000,0.000,0.000
