time,n_A+p,n_B,n_AB
500,0.030,0.467,0.503
1000,0.030,0.301,0.669
1500,0.030,0.347,0.623
2000,0.030,0.197,0.773
2500,0.030,0.320,0.650
3000,0.030,0.226,0.744
3500,0.030,0.438,0.532
4000,0.030,0.163,0.807
4500,0.030,0.528,0.442
5000,0.030,0.328,0.642
5500,0.030,0.413,0.557
6000,0.603,0.001,0.396
6500,0.998,0.000,0.002
7000,1.000,0.000,0.000
